bigram_lower,SUM,pos-mirror-R,pos-mirror-L
SUM,1675501,1313154,362347
as_simple,16567,2792,13775
more_important,12725,9123,3602
completely_different,9322,957,8365
more_likely,9179,8997,182
too_easy,7879,7849,30
too_familiar,7533,7498,35
even_better,6959,5678,1281
very_different,6824,2999,3825
even_worse,6687,6050,637
too_small,6670,6581,89
very_important,6646,3351,3295
very_good,6473,6056,417
more_difficult,5518,5153,365
too_common,5423,5402,21
very_special,5141,537,4604
more_interesting,4861,2839,2022
not_right,4688,4509,179
too_much,4437,4390,47
n't_right,4361,4361,0
very_close,4290,2970,1320
more_serious,4273,1063,3210
not_enough,4209,4190,19
too_busy,4076,4050,26
really_good,3840,2903,937
very_difficult,3758,3421,337
very_similar,3748,2025,1723
entirely_different,3747,183,3564
quite_different,3504,997,2507
more_expensive,3438,3210,228
as_good,3302,2484,818
too_little,3267,3260,7
very_wrong,3091,1994,1097
more_powerful,3030,1934,1096
as_important,3007,1521,1486
much_better,2984,2031,953
more_effective,2961,2774,187
really_special,2929,159,2770
not_sure,2922,2906,16
all_right,2900,2878,22
n't_enough,2799,2798,1
very_happy,2780,2726,54
much_bigger,2765,321,2444
not_able,2745,2734,11
more_impressive,2701,2501,200
too_big,2656,2512,144
not_available,2631,2539,92
more_complex,2601,1509,1092
as_young,2593,2164,429
too_real,2588,2579,9
more_sinister,2582,193,2389
very_excited,2567,2536,31
very_interesting,2540,1493,1047
totally_different,2539,364,2175
completely_new,2524,464,2060
as_small,2519,965,1554
even_more,2503,2449,54
so_good,2482,2116,366
too_late,2465,2458,7
so_simple,2431,787,1644
too_aware,2429,2419,10
not_possible,2401,2235,166
very_nice,2400,2248,152
seriously_wrong,2397,1288,1109
more_complicated,2285,1625,660
pretty_good,2265,2130,135
more_valuable,2076,1095,981
so_different,2049,1624,425
more_remarkable,2042,1954,88
as_close,2032,1808,224
as_little,2028,1852,176
not_good,2025,1925,100
so_busy,2009,1982,27
too_expensive,2000,1971,29
very_proud,1996,1852,144
too_low,1991,1984,7
so_excited,1981,1939,42
still_alive,1950,1859,91
too_high,1941,1912,29
not_aware,1937,1931,6
very_simple,1917,1221,696
more_exciting,1901,1063,838
very_helpful,1899,1854,45
terribly_wrong,1878,1268,610
too_cold,1876,1871,5
more_comfortable,1855,1418,437
very_friendly,1850,1830,20
well_aware,1843,1812,31
much_more,1836,1187,649
more_interested,1831,1754,77
so_happy,1773,1723,50
more_substantial,1758,109,1649
very_hard,1757,1604,153
really_important,1755,618,1137
more_special,1746,1223,523
too_happy,1745,1739,6
too_young,1733,1641,92
more_dangerous,1730,1146,584
so_beautiful,1729,908,821
just_fine,1728,1707,21
so_nice,1725,1603,122
much_worse,1715,818,897
entirely_new,1715,177,1538
as_big,1698,882,816
as_many,1689,1647,42
less_expensive,1662,1505,157
readily_available,1647,1558,89
much_larger,1560,382,1178
as_complex,1543,933,610
really_cool,1526,572,954
more_fun,1509,1291,218
not_worth,1500,1442,58
really_bad,1488,784,704
very_easy,1481,1363,118
so_important,1475,681,794
so_small,1473,645,828
too_short,1462,1452,10
too_large,1452,1422,30
too_good,1451,1363,88
even_impossible,1444,1442,2
really_excited,1438,1408,30
very_exciting,1436,1113,323
so_young,1434,428,1006
more_challenging,1428,1018,410
so_close,1425,1030,395
more_specific,1410,577,833
too_old,1407,1372,35
more_meaningful,1404,489,915
more_significant,1393,702,691
very_small,1388,1110,278
truly_special,1378,38,1340
slightly_different,1361,560,801
as_large,1354,984,370
really_nice,1346,994,352
less_likely,1339,1271,68
too_close,1288,1233,55
very_high,1284,1229,55
more_subtle,1273,699,574
very_little,1262,1236,26
very_bad,1256,806,450
too_hard,1254,1238,16
more_efficient,1252,1117,135
too_willing,1245,1240,5
n't_sure,1238,1238,0
so_bad,1217,925,292
so_easy,1215,1047,168
too_clear,1211,1211,0
most_likely,1207,1058,149
very_supportive,1200,1188,12
not_easy,1198,1150,48
much_easier,1193,1098,95
most_important,1193,1152,41
not_true,1189,1150,39
not_interested,1186,1146,40
very_positive,1184,918,266
more_useful,1181,586,595
very_expensive,1179,1131,48
more_accurate,1175,1106,69
too_many,1172,1106,66
very_funny,1165,1080,85
as_basic,1164,87,1077
also_available,1144,1138,6
very_serious,1143,718,425
too_slow,1138,1128,10
not_ready,1138,1128,10
more_appropriate,1136,754,382
too_difficult,1130,1098,32
as_bad,1128,980,148
easily_accessible,1128,1093,35
so_friendly,1124,1108,16
more_enjoyable,1122,1000,122
so_great,1116,876,240
more_personal,1115,316,799
too_eager,1113,1105,8
well_worth,1110,1002,108
just_curious,1105,1103,2
truly_unique,1103,48,1055
more_akin,1103,135,968
now_available,1096,1075,21
very_strange,1088,402,686
quite_good,1083,1042,41
as_easy,1082,825,257
really_hard,1082,1019,63
very_best,1079,1051,28
even_higher,1072,1036,36
mentally_ill,1069,1011,58
very_clear,1067,971,96
more_surprising,1062,986,76
far_worse,1061,359,702
more_successful,1060,1017,43
more_concerned,1059,1028,31
too_hot,1058,1040,18
really_great,1057,612,445
equally_important,1054,941,113
too_tired,1054,1046,8
totally_new,1050,168,882
as_high,1037,973,64
very_specific,1036,371,665
so_special,1032,233,799
only_available,1030,989,41
really_interesting,1027,407,620
n't_able,1016,1016,0
very_low,1002,990,12
too_lazy,997,982,15
more_productive,990,528,462
so_hard,982,956,26
not_happy,975,962,13
very_interested,971,922,49
even_most,970,924,46
more_beautiful,964,622,342
very_familiar,960,704,256
very_busy,954,950,4
not_clear,949,930,19
so_proud,938,915,23
altogether_different,938,36,902
more_profound,934,205,729
very_new,927,540,387
so_big,921,452,469
completely_free,916,891,25
even_possible,914,912,2
more_affordable,908,725,183
not_guilty,898,890,8
not_willing,897,880,17
really_wrong,894,534,360
more_attractive,888,730,158
too_obvious,885,873,12
very_personal,885,434,451
very_useful,884,751,133
very_strong,880,775,105
more_precise,880,818,62
very_old,877,742,135
very_young,877,832,45
very_pleased,876,867,9
so_lucky,874,868,6
fundamentally_wrong,872,193,679
really_big,865,160,705
even_free,855,852,3
very_large,855,725,130
just_interested,852,846,6
very_popular,849,816,33
so_new,849,647,202
more_relevant,832,675,157
just_plain,832,829,3
very_poor,821,815,6
far_better,820,518,302
more_popular,819,765,54
too_afraid,819,813,6
more_severe,815,613,202
more_appealing,808,648,160
more_intense,805,630,175
no_more,805,787,18
very_real,793,473,320
too_rare,789,777,12
very_professional,787,775,12
too_scared,781,774,7
closely_related,779,698,81
too_complicated,771,749,22
even_close,771,731,40
much_greater,767,150,617
directly_related,761,689,72
more_convenient,759,697,62
n't_aware,758,758,0
very_unique,752,233,519
very_concerned,751,697,54
too_weak,749,732,17
so_kind,745,734,11
more_modern,744,189,555
just_right,741,727,14
so_strong,740,574,166
really_happy,740,722,18
more_creative,739,321,418
more_common,737,622,115
more_obvious,736,665,71
far_greater,731,140,591
more_positive,730,174,556
n't_good,724,724,0
more_compelling,722,552,170
more_advanced,719,450,269
even_dangerous,718,705,13
much_deeper,717,57,660
very_sad,716,613,103
extremely_important,712,535,177
even_bigger,712,234,478
too_human,712,706,6
pretty_cool,705,486,219
more_real,700,440,260
very_powerful,698,292,406
even_greater,695,390,305
much_higher,688,613,75
as_few,686,682,4
extremely_difficult,686,637,49
even_lower,686,669,17
more_poignant,682,639,43
more_sophisticated,681,243,438
still_available,678,664,14
more_satisfying,676,536,140
pretty_close,672,528,144
more_fundamental,670,63,607
more_unique,666,165,501
very_beautiful,664,448,216
n't_worth,663,663,0
so_amazing,662,398,264
so_wonderful,661,376,285
very_careful,660,647,13
as_much,658,634,24
very_active,656,643,13
very_big,655,239,416
much_different,654,184,470
more_dramatic,650,320,330
as_serious,646,190,456
too_heavy,645,613,32
more_permanent,645,87,558
too_long,641,639,2
relatively_new,640,443,197
more_familiar,639,357,282
more_urgent,638,537,101
very_rare,636,372,264
too_apparent,632,629,3
very_satisfied,629,624,5
so_supportive,629,618,11
too_tight,627,619,8
most_difficult,622,618,4
more_painful,622,568,54
very_cool,618,393,225
not_familiar,616,459,157
already_familiar,615,554,61
plain_wrong,612,604,8
as_mundane,612,36,576
less_important,609,533,76
n't_available,608,608,0
really_different,608,119,489
as_trivial,607,24,583
just_happy,607,600,7
more_traditional,606,217,389
radically_different,604,197,407
more_precious,603,285,318
as_old,602,479,123
very_effective,601,579,22
really_fun,601,369,232
very_dangerous,599,425,174
so_helpful,599,580,19
very_impressed,598,598,0
not_necessary,593,573,20
too_quick,592,587,5
very_confusing,590,583,7
as_short,590,533,57
very_successful,589,559,30
so_difficult,584,483,101
too_complex,579,564,15
too_soft,578,571,7
more_practical,578,260,318
very_few,577,515,62
quite_difficult,575,537,38
more_willing,572,541,31
most_effective,572,570,2
too_thin,571,570,1
so_obvious,569,323,246
brand_new,568,516,52
more_disturbing,568,381,187
n't_ready,563,562,1
very_aware,560,548,12
more_amazing,560,425,135
more_memorable,556,418,138
even_fatal,555,554,1
more_aggressive,555,437,118
more_suitable,550,269,281
more_vulnerable,545,497,48
so_stupid,545,250,295
most_popular,543,536,7
too_strong,539,521,18
so_sweet,539,389,150
pretty_special,538,85,453
too_true,537,532,5
too_few,537,525,12
so_powerful,536,262,274
not_present,535,496,39
very_kind,535,531,4
more_critical,533,475,58
fully_aware,532,515,17
very_clean,531,496,35
more_realistic,530,315,215
so_perfect,530,389,141
more_shocking,527,456,71
more_tangible,527,81,446
more_rewarding,526,435,91
very_likely,525,514,11
so_familiar,524,366,158
much_harder,522,422,100
much_older,522,269,253
politically_correct,521,483,38
so_old,520,432,88
very_complex,518,463,55
too_ready,516,515,1
so_unique,515,261,254
so_full,514,440,74
very_open,512,504,8
not_satisfied,511,502,9
very_complicated,510,450,60
very_grateful,509,503,6
really_exciting,509,194,315
as_powerful,509,237,272
otherwise_objectionable,508,508,0
more_ambitious,506,137,369
much_closer,506,244,262
more_intriguing,504,411,93
n't_interested,504,504,0
more_necessary,504,487,17
really_stupid,504,156,348
quite_similar,502,341,161
quite_simple,501,389,112
even_third,499,499,0
too_dark,499,490,9
too_stupid,497,482,15
more_active,495,352,143
completely_unrelated,494,140,354
as_complicated,493,395,98
as_beautiful,491,212,279
as_strong,491,354,137
so_personal,485,97,388
so_exciting,484,363,121
quite_special,483,27,456
more_open,483,413,70
just_perfect,482,455,27
not_comfortable,480,470,10
more_intimate,480,119,361
nearly_impossible,479,437,42
more_entertaining,477,362,115
much_smaller,475,316,159
not_important,475,457,18
more_frustrating,473,467,6
really_close,473,378,95
so_large,473,334,139
very_comfortable,470,428,42
more_exotic,470,91,379
not_related,470,299,171
just_better,470,468,2
n't_possible,469,469,0
already_available,467,441,26
very_short,467,453,14
quite_large,466,449,17
more_tragic,462,422,40
pretty_easy,461,445,16
not_appropriate,460,450,10
just_tired,460,459,1
more_secure,460,336,124
even_necessary,459,457,2
very_impressive,456,401,55
already_dead,455,435,20
longer_available,454,452,2
more_equal,453,446,7
more_basic,451,83,368
almost_impossible,449,364,85
so_impressed,449,448,1
too_evident,449,449,0
maybe_more,446,442,4
very_dark,444,358,86
n't_happy,443,443,0
freely_available,441,429,12
more_pleasant,441,204,237
very_sensitive,440,397,43
too_loose,439,437,2
pretty_excited,439,436,3
more_sensitive,439,405,34
so_cute,439,380,59
more_potent,438,302,136
really_innovative,437,393,44
so_grateful,436,431,5
otherwise_unable,436,435,1
quite_interesting,434,278,156
potentially_dangerous,433,371,62
even_good,433,431,2
more_flexible,432,315,117
so_quick,432,425,7
most_vulnerable,432,404,28
so_fun,431,336,95
very_valuable,431,222,209
more_simple,430,161,269
so_concerned,430,406,24
so_high,429,395,34
more_reliable,429,296,133
more_true,428,392,36
not_perfect,427,418,9
more_aware,426,417,9
more_conservative,426,317,109
more_extreme,424,253,171
really_interested,422,399,23
definitely_wrong,422,358,64
not_safe,421,413,8
half_full,419,417,2
very_innovative,419,402,17
super_excited,419,416,3
horribly_wrong,419,277,142
very_passionate,419,402,17
very_unusual,418,104,314
much_simpler,418,167,251
extremely_helpful,418,406,12
really_unique,418,53,365
so_lovely,417,324,93
deeply_wrong,416,163,253
perfectly_legal,416,395,21
so_serious,416,264,152
more_unusual,415,132,283
more_relaxed,415,322,93
very_common,415,272,143
so_cool,413,296,117
more_excited,412,401,11
really_funny,411,273,138
environmentally_friendly,410,378,32
very_welcome,410,398,12
very_pleasant,410,389,21
more_inclined,410,399,11
more_costly,409,388,21
very_satisfying,409,121,288
slightly_higher,408,398,10
too_great,407,402,5
not_suitable,407,398,9
more_helpful,407,359,48
now_live,407,407,0
too_costly,407,403,4
so_expensive,406,356,50
far_more,406,273,133
not_capable,404,395,9
very_odd,404,168,236
much_lower,403,375,28
very_significant,402,152,250
too_dangerous,402,387,15
inherently_wrong,402,53,349
very_cold,401,374,27
too_loud,400,395,5
more_casual,399,144,255
not_bad,399,383,16
very_challenging,399,359,40
so_wrong,398,263,135
more_mature,398,311,87
too_narrow,397,387,10
so_afraid,397,387,10
very_cheap,396,387,9
so_positive,396,306,90
quite_innovative,395,391,4
more_accessible,395,270,125
more_radical,395,128,267
very_quiet,395,376,19
more_apparent,394,386,8
just_easier,393,392,1
much_less,393,351,42
more_adventurous,392,168,224
completely_unique,392,92,300
less_obvious,392,273,119
n't_willing,391,391,0
truly_amazing,391,119,272
so_tired,391,388,3
more_troubling,389,249,140
too_poor,389,377,12
completely_wrong,389,351,38
so_eager,388,365,23
extremely_innovative,388,386,2
really_easy,387,322,65
completely_unexpected,387,54,333
even_negative,386,385,1
even_older,386,358,28
too_similar,386,371,15
even_desirable,386,384,2
so_welcoming,385,378,7
n't_true,385,385,0
very_talented,384,367,17
more_involved,384,251,133
very_welcoming,384,379,5
more_worthwhile,384,234,150
too_dry,384,379,5
more_terrifying,383,227,156
too_simple,383,370,13
more_fascinating,383,325,58
not_visible,383,367,16
not_real,382,357,25
really_difficult,381,308,73
very_hot,380,355,25
so_severe,379,359,20
more_formal,378,172,206
kind_enough,377,376,1
n't_clear,377,377,0
pleasantly_surprised,377,376,1
just_wrong,377,369,8
more_recent,377,204,173
more_experienced,376,178,198
more_insidious,375,110,265
pretty_amazing,374,226,148
very_sweet,373,299,74
more_prone,373,362,11
incredibly_innovative,373,372,1
plain_stupid,373,366,7
so_complex,373,232,141
more_frequent,372,361,11
very_lucky,371,356,15
even_younger,371,351,20
so_worried,371,363,8
pretty_happy,370,367,3
too_shy,369,366,3
prohibitively_expensive,369,365,4
so_interesting,369,316,53
simply_interested,369,362,7
pretty_bad,368,321,47
so_sad,368,313,55
less_effective,368,352,16
very_painful,367,318,49
pretty_sure,366,358,8
as_effective,366,340,26
very_subtle,365,309,56
as_great,364,190,174
totally_free,364,290,74
very_smart,363,300,63
quite_small,363,327,36
very_basic,362,169,193
not_likely,362,322,40
half_empty,361,357,4
most_interesting,361,352,9
quite_funny,360,348,12
even_aware,360,357,3
very_polite,360,356,4
just_enough,360,350,10
really_beautiful,360,130,230
really_proud,359,330,29
very_tender,359,349,10
as_difficult,358,276,82
more_stable,357,186,171
about_more,356,355,1
quite_expensive,356,352,4
very_competitive,355,351,4
too_predictable,355,352,3
more_disappointing,354,351,3
still_active,354,345,9
as_innocuous,351,9,342
really_amazing,351,110,241
perfectly_fine,349,347,2
very_slow,349,342,7
very_attractive,349,245,104
more_beneficial,348,295,53
more_crucial,348,311,37
more_frightening,348,239,109
far_different,347,71,276
more_natural,347,154,193
so_similar,346,294,52
vastly_different,346,240,106
that_bad,346,178,168
much_younger,345,162,183
very_true,345,306,39
really_friendly,344,341,3
much_cheaper,344,320,24
more_elaborate,344,137,207
too_brief,342,341,1
really_simple,342,119,223
deeply_personal,342,198,144
pretty_simple,341,281,60
very_upset,341,337,4
more_clear,341,319,22
more_desirable,340,281,59
more_robust,339,117,222
no_better,339,329,10
aesthetically_pleasing,338,240,98
absolutely_free,337,321,16
so_passionate,336,268,68
most_expensive,336,334,2
too_likely,335,335,0
acutely_aware,334,324,10
not_eligible,334,324,10
very_quick,333,322,11
now_dead,333,312,21
as_minor,333,33,300
even_harmful,332,331,1
so_desperate,331,298,33
so_funny,331,279,52
less_fortunate,330,144,186
too_sick,330,323,7
so_deep,330,254,76
not_sufficient,328,328,0
quite_unique,328,87,241
so_delicious,328,203,125
not_relevant,326,312,14
very_tired,326,324,2
so_satisfying,325,65,260
relatively_easy,325,298,27
too_light,324,318,6
humanly_possible,324,40,284
too_embarrassed,323,320,3
n't_easy,322,322,0
quite_new,322,117,205
more_essential,321,247,74
just_tender,321,321,0
just_crazy,321,315,6
as_happy,319,308,11
really_helpful,319,298,21
incredibly_important,319,204,115
more_qualified,318,174,144
more_detailed,318,219,99
too_early,317,313,4
much_darker,317,48,269
definitely_worth,317,236,81
quite_happy,317,313,4
more_profitable,316,253,63
so_complicated,316,251,65
too_thick,315,310,5
very_disappointed,314,314,0
really_worth,313,214,99
so_much,313,274,39
more_manageable,313,86,227
not_feasible,312,304,8
too_typical,312,310,2
not_effective,309,309,0
so_clear,308,285,23
more_capable,308,223,85
totally_unexpected,308,44,264
pretty_similar,308,256,52
much_stronger,308,186,122
even_harder,307,264,43
highly_skilled,307,298,9
fairly_easy,307,275,32
currently_available,307,275,32
even_larger,307,232,75
as_talented,307,67,240
not_fair,305,302,3
very_keen,305,299,6
otherwise_inappropriate,305,305,0
more_knowledgeable,304,176,128
highly_effective,303,300,3
really_positive,303,185,118
so_terrible,303,99,204
pretty_funny,303,288,15
so_hot,302,255,47
so_angry,302,283,19
more_susceptible,302,281,21
even_able,301,301,0
politically_incorrect,301,251,50
potentially_harmful,301,266,35
really_new,301,68,233
so_fresh,301,227,74
too_tempting,301,300,1
even_hostile,299,299,0
just_stupid,299,299,0
as_common,299,61,238
extremely_proud,298,293,5
terminally_ill,297,285,12
very_dear,297,71,226
more_durable,296,166,130
as_excited,296,293,3
slightly_better,296,252,44
just_fun,296,293,3
still_present,296,292,4
so_intense,296,247,49
so_awesome,296,206,90
very_clever,296,226,70
very_creative,296,271,25
so_sure,296,284,12
very_worried,295,286,9
just_nice,295,290,5
so_trivial,295,26,269
very_curious,294,258,36
so_quiet,294,268,26
relatively_small,293,246,47
pretty_great,293,253,40
fundamentally_different,293,82,211
simply_curious,292,291,1
publicly_available,292,282,10
pretty_awesome,292,210,82
just_different,291,276,15
more_mysterious,291,130,161
sexually_explicit,291,285,6
very_deep,289,136,153
still_open,289,286,3
just_lucky,289,287,2
so_basic,288,50,238
only_possible,288,244,44
more_general,288,151,137
too_sweet,287,269,18
so_horrible,287,79,208
all_good,287,281,6
that_great,287,193,94
mutually_exclusive,286,286,0
better_able,285,273,12
as_silly,284,40,244
most_recent,284,281,3
vitally_important,284,176,108
very_generous,284,273,11
that_good,283,267,16
keenly_aware,283,272,11
just_good,283,277,6
really_useful,282,163,119
seriously_ill,281,273,8
really_weird,281,103,178
very_appealing,281,137,144
quite_beautiful,280,196,84
very_emotional,280,247,33
not_new,280,267,13
very_soft,280,253,27
as_valuable,279,141,138
rather_different,278,41,237
even_deadly,278,275,3
even_angry,277,277,0
clearly_wrong,277,249,28
so_scared,277,268,9
very_confident,276,264,12
extremely_rare,276,211,65
as_dangerous,276,154,122
long_lasting,275,232,43
more_delicious,275,235,40
totally_unique,274,54,220
not_worthy,274,242,32
so_precious,274,74,200
so_ridiculous,274,137,137
more_engaging,274,173,101
truly_remarkable,274,36,238
as_stupid,274,60,214
already_aware,274,273,1
very_angry,273,261,12
morally_wrong,273,202,71
more_intelligent,273,185,88
more_original,272,48,224
too_sensitive,272,269,3
even_smaller,272,219,53
so_overwhelming,271,256,15
not_acceptable,271,258,13
relatively_simple,271,171,100
more_authentic,271,131,140
not_open,270,268,2
very_obvious,270,211,59
more_convincing,270,238,32
too_fast,269,265,4
as_likely,269,262,7
even_painful,269,269,0
very_heavy,269,206,63
most_powerful,269,266,3
very_rich,269,230,39
very_knowledgeable,269,251,18
very_limited,268,258,10
little_more,268,240,28
really_awesome,268,123,145
so_magical,268,68,200
more_nuanced,267,143,124
more_mundane,267,74,193
too_deep,266,255,11
more_confident,266,245,21
so_subtle,265,229,36
more_honest,265,185,80
really_supportive,265,263,2
more_deserving,265,166,99
plain_weird,264,259,5
that_much,264,196,68
not_correct,263,254,9
more_devastating,262,213,49
as_expensive,262,199,63
very_long,261,260,1
very_tasty,261,233,28
as_smart,261,127,134
very_light,261,219,42
too_aggressive,261,259,2
so_upset,261,239,22
so_rare,260,143,117
too_harsh,260,256,4
more_contemporary,260,74,186
very_surprised,260,260,0
more_direct,259,160,99
super_friendly,259,258,1
so_strange,259,162,97
very_tough,259,246,13
less_costly,258,230,28
very_enthusiastic,258,256,2
too_bright,258,249,9
still_intact,257,247,10
very_fine,257,243,14
not_strong,257,252,5
more_solid,257,56,201
just_flat,256,251,5
so_true,256,213,43
all_bad,255,255,0
really_serious,255,114,141
very_costly,255,249,6
just_great,255,249,6
quite_easy,254,242,12
so_confusing,254,246,8
too_serious,254,232,22
as_cool,253,118,135
more_reasonable,253,124,129
more_curious,253,236,17
pretty_interesting,253,183,70
slightly_larger,253,213,40
not_obvious,253,244,9
even_illegal,252,250,2
not_successful,251,251,0
more_ominous,251,68,183
highly_qualified,251,237,14
so_talented,250,192,58
so_willing,250,229,21
more_elegant,250,82,168
too_full,250,245,5
just_bored,250,250,0
n't_perfect,250,250,0
more_confusing,250,241,9
more_worthy,249,154,95
far_bigger,249,28,221
not_free,249,248,1
very_nervous,248,245,3
perfectly_normal,248,226,22
so_awful,248,102,146
too_wet,248,247,1
really_hot,248,171,77
super_nice,248,244,4
more_visible,248,233,15
deeply_concerned,248,242,6
very_involved,247,239,8
easily_available,247,238,9
so_popular,246,205,41
fairly_new,246,187,59
more_vital,246,182,64
as_significant,246,87,159
too_cool,245,237,8
very_sick,245,217,28
as_innocent,245,41,204
too_prevalent,245,245,0
wide_open,245,223,22
too_painful,245,235,10
just_lazy,244,244,0
not_accessible,244,242,2
quite_serious,244,196,48
even_many,244,236,8
extremely_excited,243,242,1
totally_unrelated,243,57,186
extremely_happy,243,241,2
nearly_identical,243,220,23
even_black,243,242,1
so_crazy,242,180,62
very_much,241,202,39
more_dynamic,241,75,166
always_available,241,223,18
too_drunk,241,231,10
so_dark,241,173,68
more_easy,240,224,16
even_non-existent,240,240,0
very_critical,239,208,31
very_affordable,239,229,10
more_careful,239,233,6
longer_pink,239,239,0
just_relaxing,239,239,0
so_glad,239,235,4
nearly_free,239,238,1
very_disturbing,238,133,105
so_obsessed,237,206,31
more_puzzling,237,227,10
just_ready,237,237,0
too_broad,237,234,3
as_elaborate,237,203,34
very_frustrating,237,226,11
so_successful,236,185,51
more_spectacular,236,126,110
more_palatable,236,78,158
not_practical,236,233,3
more_economical,235,202,33
as_tall,235,195,40
super_easy,235,208,27
too_important,235,200,35
more_competitive,234,203,31
more_immediate,234,78,156
not_qualified,234,227,7
so_low,234,219,15
very_respectful,234,233,1
so_real,233,159,74
very_responsive,233,232,1
as_fundamental,233,9,224
more_famous,233,161,72
more_cost-effective,232,227,5
too_warm,232,231,1
not_confident,232,231,1
really_busy,232,230,2
very_stupid,231,168,63
too_frequent,231,231,0
more_modest,231,89,142
very_uncomfortable,231,210,21
simply_wrong,231,229,2
n't_bad,231,231,0
more_damaging,231,181,50
clearly_visible,230,225,5
very_bright,230,213,17
very_thin,230,221,9
pretty_obvious,230,219,11
more_nefarious,230,32,198
more_talented,229,195,34
very_conscious,229,216,13
widely_available,229,216,13
really_small,229,136,93
more_noticeable,228,215,13
critically_important,228,180,48
rather_special,228,11,217
quite_nice,228,186,42
still_relevant,227,223,4
quite_rare,227,144,83
slightly_more,227,208,19
not_ok,227,220,7
pretty_hard,227,219,8
more_extraordinary,227,156,71
not_accurate,227,226,1
as_interesting,226,210,16
quite_old,226,211,15
equally_good,226,203,23
too_vague,226,221,5
painfully_aware,225,220,5
more_problematic,225,191,34
only_interested,225,205,20
as_unique,224,81,143
not_okay,224,223,1
very_negative,224,187,37
longer_able,224,224,0
critically_endangered,224,224,0
more_incredible,224,168,56
more_obscure,224,138,86
quite_hard,223,216,7
just_bad,223,222,1
too_wide,223,223,0
more_constructive,223,27,196
more_cautious,222,215,7
slightly_lower,222,220,2
absolutely_necessary,222,199,23
even_stronger,221,157,64
completely_unaware,221,214,7
so_poor,221,210,11
more_prominent,221,201,20
very_dramatic,221,154,67
so_generous,220,207,13
highly_critical,220,212,8
very_entertaining,220,204,16
quite_familiar,220,181,39
not_helpful,220,219,1
so_cold,220,199,21
very_fast,220,211,9
not_applicable,219,219,0
very_fond,218,211,7
even_less,218,217,1
as_normal,218,169,49
too_bad,218,211,7
very_fresh,218,175,43
so_pleased,218,216,2
as_lucky,218,217,1
more_daring,217,85,132
very_precious,217,36,181
very_thankful,217,213,4
even_dead,217,217,0
very_enjoyable,217,189,28
even_great,216,211,5
as_successful,216,153,63
very_fun,216,176,40
more_human,216,104,112
longer_relevant,216,215,1
less_serious,215,90,125
quite_extraordinary,215,43,172
way_better,214,165,49
very_natural,214,138,76
quite_remarkable,214,64,150
only_able,213,209,4
as_crazy,213,95,118
truly_great,213,38,175
just_amazing,213,204,9
long_overdue,213,143,70
too_excited,212,209,3
just_hard,212,212,0
so_smart,212,158,54
highly_sensitive,212,206,6
more_comprehensive,212,80,132
even_fourth,212,212,0
not_subject,211,203,8
more_generous,211,198,13
not_afraid,211,169,42
already_underway,211,200,11
extremely_dangerous,211,194,17
so_huge,211,98,113
more_worried,211,209,2
less_tangible,210,28,182
more_bizarre,210,139,71
too_risky,210,204,6
fairly_simple,210,158,52
already_present,210,195,15
really_tough,210,183,27
super_cool,209,142,67
so_interested,209,184,25
very_conservative,209,204,5
more_colorful,209,113,96
still_possible,209,206,3
too_nice,209,196,13
more_similar,208,123,85
as_straightforward,208,90,118
incredibly_stupid,208,98,110
just_weird,208,205,3
lightly_golden,208,208,0
sexually_active,208,203,5
very_intense,207,186,21
so_valuable,207,70,137
most_welcome,207,202,5
most_successful,207,203,4
more_emotional,207,151,56
most_comfortable,206,202,4
so_negative,206,133,73
pretty_clear,206,199,7
rather_cheap,206,204,2
more_prevalent,206,194,12
most_fun,206,206,0
even_closer,205,169,36
too_powerful,205,189,16
quite_close,205,166,39
very_vocal,205,205,0
very_eager,205,203,2
so_fortunate,205,202,3
very_weird,204,114,90
very_cautious,204,202,2
very_weak,204,202,2
very_warm,204,167,37
as_subtle,204,107,97
much_happier,204,197,7
more_wonderful,204,115,89
not_much,203,200,3
absolutely_perfect,203,187,16
as_personal,203,24,179
really_pleased,203,201,2
extremely_good,203,182,21
not_great,203,196,7
as_safe,202,185,17
brutally_honest,202,195,7
so_warm,201,173,28
otherwise_subject,201,201,0
very_aggressive,201,190,11
really_wonderful,201,58,143
very_relevant,201,158,43
even_cheaper,201,187,14
far_less,200,141,59
more_substantive,200,26,174
absolutely_amazing,200,147,53
pretty_straightforward,200,190,10
too_fat,200,199,1
n't_fair,199,199,0
altogether_new,199,8,191
drastically_different,199,90,109
too_personal,199,181,18
too_smart,199,192,7
as_special,199,34,165
more_unsettling,198,143,55
even_global,198,198,0
long_enough,198,179,19
very_healthy,198,179,19
really_smart,198,127,71
even_available,198,197,1
more_sweet,197,178,19
much_faster,197,178,19
extremely_friendly,197,196,1
always_better,197,194,3
probably_familiar,197,196,1
more_sustainable,197,78,119
truly_new,197,12,185
incredibly_difficult,197,182,15
as_wonderful,196,56,140
very_patient,196,191,5
pretty_big,196,112,84
otherwise_unavailable,196,193,3
physically_active,196,179,17
more_harmful,195,176,19
very_particular,195,113,82
too_reminiscent,195,195,0
more_magical,195,111,84
truly_beautiful,195,53,142
so_long,194,190,4
very_anxious,194,193,1
so_common,194,87,107
so_clean,194,167,27
quite_unexpected,193,60,133
n't_comfortable,193,193,0
also_present,193,189,4
extremely_valuable,193,120,73
very_honest,193,166,27
really_strange,193,41,152
very_severe,192,186,6
somewhat_important,192,187,5
just_more,192,191,1
more_evident,192,185,7
so_incredible,191,78,113
so_sick,191,170,21
really_powerful,191,48,143
even_willing,191,190,1
less_able,191,182,9
as_popular,191,116,75
n't_necessary,191,191,0
too_proud,190,188,2
not_compatible,190,187,3
else_equal,190,177,13
more_notable,190,176,14
more_violent,190,133,57
n't_familiar,190,190,0
truly_magical,190,7,183
as_specific,190,105,85
so_bright,190,154,36
so_silly,190,72,118
early_next,189,189,0
really_sad,189,157,32
likely_related,189,187,2
so_comfortable,189,152,37
too_comfortable,188,186,2
very_vague,188,176,12
more_enticing,188,150,38
as_clear,188,159,29
really_strong,188,131,57
as_deep,188,161,27
quite_complex,187,173,14
extremely_close,187,155,32
far_deeper,187,15,172
so_short,187,159,28
downright_dangerous,187,184,3
perhaps_better,187,181,6
extremely_hard,187,179,8
so_thankful,187,185,2
really_impressed,187,187,0
not_normal,186,158,28
so_enthusiastic,186,175,11
more_extensive,186,125,61
very_dry,186,183,3
as_obvious,186,81,105
more_professional,186,97,89
visually_appealing,186,132,54
very_rewarding,185,138,47
extremely_high,185,184,1
more_impactful,185,141,44
more_imperative,185,183,2
so_surprised,185,183,2
drastically_wrong,185,114,71
very_scary,184,125,59
more_believable,184,169,15
very_stressful,183,173,10
profoundly_wrong,183,68,115
still_young,183,178,5
more_drastic,183,44,139
even_worth,183,176,7
so_fast,183,180,3
not_serious,183,168,15
too_ill,183,178,5
just_short,183,112,71
totally_wrong,182,157,25
too_quiet,182,176,6
so_loud,182,164,18
only_accessible,182,179,3
more_romantic,182,72,110
even_weekly,182,182,0
too_perfect,182,168,14
more_deadly,181,116,65
even_international,181,180,1
so_comforting,181,39,142
so_weak,181,163,18
so_tiny,181,123,58
more_heartbreaking,181,176,5
simply_unable,181,181,0
otherwise_offensive,181,181,0
more_rare,181,111,70
most_challenging,180,179,1
very_beneficial,180,162,18
significantly_different,180,125,55
too_boring,180,175,5
more_astonishing,180,165,15
really_expensive,180,149,31
more_consistent,180,127,53
plain_bad,180,178,2
highly_unlikely,179,151,28
more_ironic,179,176,3
not_useful,179,176,3
so_fundamental,179,26,153
extremely_popular,178,173,5
more_awesome,178,117,61
plain_silly,178,176,2
absolutely_true,178,174,4
even_interesting,178,176,2
more_strange,177,138,39
obviously_wrong,177,125,52
fully_qualified,177,173,4
very_fortunate,177,171,6
more_innovative,177,106,71
most_memorable,177,175,2
perhaps_worse,177,173,4
just_new,177,171,6
as_perfect,176,127,49
highly_competitive,176,173,3
truly_different,176,10,166
always_welcome,176,175,1
perhaps_more,176,170,6
more_acceptable,176,104,72
so_heavy,175,131,44
significantly_higher,175,171,4
real_good,175,138,37
even_beneficial,175,173,2
incredibly_special,175,25,150
as_insignificant,174,12,162
quite_challenging,174,168,6
significantly_lower,174,172,2
very_detailed,174,166,8
very_cute,174,156,18
really_tired,174,173,1
so_dangerous,174,103,71
very_calm,174,162,12
as_dramatic,174,84,90
completely_absent,174,167,7
so_rich,174,126,48
more_exact,174,166,8
just_sick,174,174,0
so_open,173,147,26
very_human,173,86,87
most_beautiful,173,168,5
more_universal,173,38,135
really_scary,173,77,96
equally_effective,172,168,4
less_severe,172,128,44
so_pleasant,172,151,21
too_overwhelming,172,169,3
too_dumb,172,167,5
more_welcome,172,168,4
too_intense,172,165,7
so_natural,172,82,90
substantially_similar,172,165,7
at_best,171,171,0
more_thrilling,171,111,60
more_complete,171,118,53
more_alarming,171,123,48
relatively_minor,171,128,43
very_capable,171,158,13
so_extreme,171,125,46
deeply_involved,171,156,15
damn_good,171,162,9
more_lasting,171,33,138
quite_common,171,124,47
pretty_tired,170,170,0
more_relaxing,170,67,103
always_ready,170,158,12
actually_good,170,152,18
more_determined,170,160,10
so_pure,169,43,126
even_likely,169,169,0
so_confident,169,154,15
readily_accessible,169,159,10
so_thick,169,167,2
most_interested,169,163,6
really_dumb,169,76,93
quite_useful,169,144,25
grossly_negligent,169,169,0
even_interested,169,168,1
so_shocked,169,165,4
more_liberal,168,133,35
quite_impressive,168,150,18
just_shy,168,142,26
genuinely_interested,168,147,21
less_interesting,168,125,43
still_able,168,164,4
not_equal,168,165,3
quite_high,168,163,5
even_life-threatening,168,168,0
not_valid,168,167,1
more_terrible,168,86,82
still_asleep,168,166,2
completely_random,167,100,67
as_critical,167,67,100
most_dangerous,167,166,1
so_nervous,167,165,2
even_easier,167,150,17
truly_extraordinary,167,18,149
more_clever,167,81,86
even_several,166,165,1
actually_true,166,165,1
as_true,166,104,62
so_cheap,166,134,32
more_perfect,166,119,47
completely_normal,166,129,37
equally_valid,166,164,2
more_horrifying,166,109,57
even_superior,165,165,0
as_nice,165,110,55
even_funny,165,163,2
as_low,165,157,8
chronically_ill,165,160,5
more_motivated,165,160,5
even_criminal,164,164,0
pretty_impressive,164,140,24
dramatically_different,164,80,84
so_slow,164,159,5
quite_young,164,157,7
wildly_different,164,115,49
more_stringent,164,148,16
almost_unheard,164,12,152
socially_acceptable,164,141,23
almost_identical,164,118,46
quite_clear,163,157,6
very_tight,163,156,7
too_tough,163,158,5
very_profound,163,29,134
so_outrageous,163,76,87
perfectly_happy,163,159,4
not_smart,163,161,2
extremely_expensive,163,157,6
far_larger,162,58,104
deeply_disturbing,162,69,93
more_skilled,162,118,44
even_legal,162,161,1
as_fun,162,128,34
more_ridiculous,162,127,35
extremely_busy,161,160,1
probably_true,161,159,2
too_tall,161,160,1
too_new,161,150,11
really_lucky,161,161,0
openly_hostile,161,158,3
mentally_unstable,161,151,10
more_chilling,161,133,28
too_confusing,161,160,1
still_true,161,158,3
more_credible,160,120,40
very_ill,160,150,10
pretty_familiar,160,156,4
quite_amazing,160,75,85
so_boring,160,137,23
too_possible,160,159,1
too_cheap,160,154,6
just_afraid,159,159,0
extremely_talented,159,156,3
too_fragile,159,155,4
quite_important,159,80,79
so_profound,159,45,114
particularly_interesting,159,106,53
almost_free,159,159,0
pretty_new,159,139,20
even_nonexistent,159,159,0
still_visible,159,157,2
very_unlikely,159,141,18
so_keen,159,145,14
socially_awkward,158,154,4
very_straightforward,158,145,13
long_dead,158,124,34
too_weird,158,150,8
as_funny,158,129,29
more_lucrative,158,102,56
so_weird,157,121,36
most_convenient,157,155,2
badly_wrong,157,107,50
so_bizarre,157,91,66
more_noteworthy,157,136,21
not_consistent,156,155,1
more_stunning,156,142,14
very_inspiring,156,130,26
perfectly_clear,156,138,18
relatively_close,156,140,16
very_practical,156,112,44
not_responsible,156,153,3
so_painful,156,110,46
pretty_exciting,155,105,50
particularly_good,155,135,20
as_different,155,91,64
more_apt,155,138,17
as_passionate,155,93,62
very_glad,155,153,2
more_different,155,103,52
so_surreal,154,126,28
very_intelligent,154,136,18
pretty_nice,154,138,16
as_useful,154,118,36
completely_unknown,154,109,45
super_busy,154,153,1
more_controversial,154,118,36
too_rich,154,149,5
very_inexpensive,153,150,3
relatively_young,153,136,17
more_ready,153,146,7
too_visible,153,153,0
too_frightened,153,149,4
as_natural,153,64,89
most_common,153,150,3
very_comforting,153,34,119
so_vague,153,132,21
incredibly_proud,153,151,2
more_upbeat,152,43,109
more_acute,152,140,12
very_attentive,152,152,0
pretty_standard,152,143,9
really_terrible,152,51,101
so_calm,151,134,17
more_annoying,151,120,31
more_progressive,151,103,48
n't_real,151,151,0
so_tight,151,140,11
truly_spectacular,151,28,123
as_sweet,151,85,66
very_safe,151,141,10
super_fun,151,123,28
too_conservative,151,147,4
all_wrong,151,141,10
less_interested,151,141,10
politically_active,151,146,5
completely_original,150,44,106
really_valuable,150,40,110
very_willing,150,148,2
so_refreshing,150,82,68
less_common,150,102,48
even_much,150,150,0
still_unknown,150,138,12
plain_crazy,150,150,0
almost_magical,150,2,148
so_inspiring,150,121,29
not_healthy,150,143,7
pretty_important,150,76,74
as_famous,149,55,94
too_convenient,149,145,4
mentally_retarded,149,136,13
so_anxious,149,143,6
so_compelling,149,61,88
very_silly,149,132,17
more_stylish,149,57,92
not_fun,149,145,4
however_many,149,149,0
highly_successful,149,146,3
n't_great,149,149,0
highly_technical,149,143,6
entirely_unique,149,27,122
crystal_clear,148,139,9
so_critical,148,96,52
even_violent,148,146,2
somehow_related,148,140,8
so_hungry,148,145,3
so_cruel,148,90,58
less_familiar,148,97,51
completely_false,148,134,14
very_efficient,148,145,3
just_wishful,148,148,0
very_normal,148,118,30
more_sensible,148,80,68
rather_interesting,148,48,100
as_severe,147,99,48
so_fascinating,147,107,40
really_cute,147,97,50
so_appealing,147,67,80
more_straightforward,147,95,52
extremely_grateful,147,145,2
just_excited,147,147,0
as_fresh,146,119,27
still_fresh,146,138,8
completely_open,146,143,3
very_sexy,146,66,80
no_worse,146,143,3
just_jealous,145,144,1
just_glad,145,145,0
so_bold,145,89,56
pretty_much,145,126,19
probably_aware,145,145,0
not_funny,145,139,6
most_efficient,145,143,2
so_professional,145,134,11
very_tall,145,125,20
even_useful,144,143,1
so_sensitive,144,119,25
well_enough,144,128,16
more_threatening,144,71,73
more_thoughtful,144,74,70
as_hot,144,85,59
even_true,144,143,1
too_stubborn,144,137,7
physically_unable,143,143,0
more_worth,143,124,19
as_extreme,143,67,76
less_active,143,133,10
more_distant,143,123,20
more_luxurious,143,65,78
less_safe,143,139,4
too_ambitious,143,135,8
very_optimistic,143,134,9
even_bad,143,142,1
less_successful,143,134,9
as_thick,143,132,11
intimately_familiar,143,97,46
relatively_inexpensive,143,123,20
more_elusive,143,53,90
too_timid,143,141,2
just_scared,143,143,0
slightly_smaller,142,116,26
too_commonplace,142,142,0
very_surprising,142,94,48
seriously_amiss,142,105,37
just_wonderful,142,136,6
completely_satisfied,142,140,2
very_shy,142,140,2
that_different,142,100,42
completely_irrelevant,142,107,35
still_good,142,138,4
not_nice,142,106,36
very_hungry,141,140,1
very_sorry,141,137,4
very_unhappy,141,134,7
really_neat,141,60,81
somewhat_likely,141,141,0
fully_functional,141,135,6
always_willing,141,132,9
very_scared,141,139,2
more_startling,141,114,27
extremely_useful,141,120,21
more_galling,141,141,0
reasonably_likely,141,137,4
absolutely_delicious,141,127,14
more_conventional,141,49,92
immediately_available,140,124,16
most_appropriate,140,140,0
completely_dry,140,138,2
far_easier,140,120,20
very_smooth,140,130,10
so_relaxed,140,130,10
fairly_obvious,140,126,14
really_crazy,140,65,75
quite_unusual,140,44,96
as_cheap,140,113,27
more_able,140,126,14
more_inspiring,139,91,48
very_intriguing,139,93,46
so_creative,139,103,36
especially_important,139,83,56
so_peaceful,139,82,57
very_modern,139,98,41
quite_complicated,139,133,6
more_possible,139,132,7
equally_bad,139,119,20
so_horrific,139,26,113
as_amazing,139,39,100
n't_important,139,139,0
very_solid,138,108,30
very_romantic,138,76,62
very_technical,138,129,9
not_pleased,138,137,1
really_sweet,138,73,65
even_capable,138,138,0
very_mild,138,128,10
more_optimistic,138,122,16
so_brilliant,138,84,54
more_vivid,138,117,21
also_possible,138,137,1
as_benign,138,14,124
far_superior,138,106,32
even_offensive,138,138,0
now_ready,138,137,1
even_daily,138,138,0
remarkably_similar,137,90,47
too_polite,137,137,0
so_little,137,76,61
extremely_positive,137,118,19
fairly_close,137,115,22
as_awesome,136,37,99
really_upset,136,130,6
not_close,136,125,11
as_comfortable,136,121,15
very_loud,136,123,13
more_technical,136,70,66
pretty_decent,136,122,14
as_heavy,136,90,46
super_cute,136,115,21
as_detailed,136,115,21
deeply_satisfying,136,21,115
not_complete,136,134,2
even_afraid,136,136,0
more_delicate,136,84,52
very_boring,136,119,17
non_existent,135,135,0
more_classic,135,38,97
even_second,135,135,0
even_wrong,135,132,3
too_extreme,135,133,2
more_eager,135,128,7
highly_complex,135,130,5
more_versatile,135,83,52
very_convenient,135,121,14
very_accommodating,135,135,0
too_different,135,125,10
also_concerned,134,133,1
overly_optimistic,134,133,1
as_accurate,134,122,12
not_ideal,134,129,5
so_tragic,134,32,102
deeply_flawed,134,119,15
very_compelling,134,69,65
so_involved,134,112,22
more_local,134,56,78
incredibly_supportive,134,134,0
even_relevant,134,133,1
more_better,134,130,4
less_formal,134,61,73
still_new,134,128,6
even_national,133,133,0
too_worried,133,133,0
more_endearing,133,123,10
more_unexpected,133,50,83
more_healthy,133,88,45
as_ridiculous,133,23,110
too_keen,133,132,1
more_expansive,133,58,75
even_white,133,133,0
more_diverse,133,103,30
statistically_significant,133,125,8
perhaps_most,132,30,102
very_private,132,80,52
very_amusing,132,119,13
really_passionate,132,122,10
more_physical,132,59,73
overly_aggressive,132,131,1
so_thrilled,132,132,0
very_confused,132,130,2
even_deeper,132,50,82
just_confused,132,132,0
more_alluring,132,113,19
as_intense,132,84,48
not_rosy,132,132,0
extremely_professional,132,130,2
too_nervous,132,132,0
less_stressful,132,97,35
so_thin,132,109,23
more_spiritual,132,71,61
virtually_impossible,132,115,17
not_surprising,132,128,4
highly_unusual,132,55,77
so_polite,132,131,1
pretty_tough,131,129,2
more_restrictive,131,117,14
more_available,131,118,13
more_favorable,131,114,17
as_dark,131,95,36
really_worried,131,123,8
completely_naked,131,129,2
most_valuable,131,123,8
quite_obvious,131,112,19
more_compact,131,69,62
so_ready,131,123,8
too_ashamed,131,128,3
even_faster,131,124,7
really_cheap,131,109,22
more_sympathetic,131,105,26
much_shorter,131,115,16
not_legal,130,127,3
always_wrong,130,128,2
very_appreciative,130,125,5
more_neutral,130,45,85
not_apparent,130,123,7
particularly_important,130,91,39
even_triple,129,129,0
really_old,129,111,18
as_precious,129,13,116
more_primal,129,11,118
also_good,129,127,2
more_amusing,129,106,23
no_bigger,129,101,28
too_skinny,129,129,0
very_strict,129,126,3
extremely_supportive,129,129,0
highly_likely,128,123,5
very_liberal,128,126,2
n't_appropriate,128,128,0
too_cute,128,124,4
too_clever,128,124,4
even_safe,128,128,0
just_silly,128,128,0
quite_specific,128,76,52
more_daunting,128,111,17
less_attractive,128,98,30
more_mainstream,128,56,72
so_confused,128,123,5
very_relaxed,128,125,3
too_emotional,128,124,4
more_demanding,128,87,41
so_minor,127,48,79
seemingly_insignificant,127,79,48
quite_wonderful,127,56,71
very_annoying,127,110,17
even_alive,127,127,0
so_absurd,127,65,62
more_nutritious,127,87,40
only_temporary,127,127,0
previously_unknown,127,85,42
more_easier,127,124,3
so_useful,127,80,47
pretty_solid,127,119,8
pretty_basic,127,102,25
truly_original,127,14,113
pretty_fun,126,121,5
very_skilled,126,113,13
very_general,126,113,13
so_wide,126,121,5
possibly_more,126,126,0
vaguely_familiar,126,49,77
so_worth,126,119,7
so_ugly,126,59,67
so_romantic,126,44,82
more_visceral,126,45,81
heavily_dependent,126,126,0
less_valuable,126,100,26
very_lovely,126,112,14
not_concerned,126,121,5
more_limited,126,104,22
minimally_invasive,126,125,1
quite_successful,126,124,2
not_wrong,126,119,7
more_pleasing,126,87,39
quite_popular,126,121,5
really_sick,125,111,14
instantly_recognizable,125,107,18
more_stressful,125,117,8
painfully_obvious,125,110,15
fairly_similar,125,107,18
not_welcome,125,122,3
incredibly_helpful,125,123,2
particularly_interested,125,120,5
quite_short,125,121,4
always_happy,125,121,4
more_certain,125,97,28
less_concerned,124,114,10
extremely_pleased,124,124,0
not_reliable,124,124,0
more_private,124,62,62
as_vital,124,42,82
not_uncommon,124,85,39
more_moderate,124,92,32
more_conscious,124,116,8
truly_wonderful,124,24,100
less_clear,124,122,2
as_huge,124,25,99
radically_new,124,12,112
quite_surprising,124,93,31
very_least,123,99,24
even_spiritual,123,116,7
intensely_personal,123,97,26
simply_impossible,123,121,2
more_impressed,123,122,1
that_important,123,114,9
as_tough,123,82,41
most_useful,123,122,1
so_intimate,123,27,96
most_helpful,123,122,1
more_plausible,123,109,14
highly_toxic,122,120,2
not_realistic,122,119,3
very_famous,122,93,29
very_accurate,122,118,4
not_certain,122,120,2
most_exciting,122,122,0
very_gracious,122,120,2
extremely_nice,122,119,3
super_simple,122,67,55
physically_present,122,111,11
quite_fun,122,109,13
also_able,122,121,1
completely_useless,122,99,23
really_awful,122,37,85
more_sad,122,115,7
not_fine,122,121,1
downright_scary,122,117,5
so_unexpected,122,48,74
so_gorgeous,122,99,23
completely_foreign,121,47,74
any_better,121,116,5
so_certain,121,117,4
pretty_busy,121,121,0
more_correct,121,116,5
really_satisfying,121,11,110
highly_intelligent,121,116,5
extremely_complex,121,110,11
very_fascinating,121,93,28
very_wealthy,121,109,12
too_concerned,121,114,7
no_less,121,105,16
really_impressive,121,69,52
maybe_worse,121,120,1
very_narrow,121,118,3
even_scary,121,118,3
even_physical,121,121,0
overly_complicated,121,106,15
quite_strong,121,112,9
physically_wrong,121,45,76
so_adorable,120,93,27
even_new,120,118,2
very_informative,120,119,1
so_dramatic,120,79,41
even_positive,120,119,1
eerily_similar,120,88,32
much_broader,120,34,86
less_efficient,120,115,5
significantly_better,120,100,20
less_popular,120,110,10
only_open,120,118,2
super_important,120,68,52
incredibly_excited,120,120,0
more_resistant,120,113,7
even_helpful,120,120,0
otherwise_unenforceable,119,119,0
extremely_low,119,116,3
eternally_grateful,119,117,2
only_good,119,116,3
super_happy,119,117,2
just_beautiful,119,119,0
equally_likely,119,116,3
very_protective,119,116,3
more_grateful,119,118,1
relatively_unknown,119,98,21
maybe_better,119,118,1
very_intimate,119,53,66
not_many,119,86,33
so_fragile,119,73,46
as_impressive,119,75,44
very_mysterious,119,76,43
more_vibrant,119,72,47
even_difficult,119,119,0
really_true,118,115,3
as_familiar,118,61,57
more_explicit,118,86,32
entirely_unrelated,118,34,84
too_plausible,118,118,0
even_permanent,118,118,0
as_bright,118,77,41
not_unique,118,106,12
as_broad,118,75,43
so_specific,118,61,57
very_reluctant,118,114,4
really_necessary,118,105,13
less_painful,118,90,28
n't_safe,118,118,0
very_violent,118,106,12
very_afraid,118,114,4
quite_normal,118,98,20
temporarily_unavailable,118,118,0
so_innocent,117,44,73
fairly_straightforward,117,107,10
perfectly_safe,117,116,1
otherwise_illegal,117,116,1
always_good,117,109,8
downright_bizarre,117,117,0
more_influential,117,99,18
even_contradictory,117,117,0
more_widespread,117,92,25
very_sophisticated,117,98,19
quite_dangerous,117,99,18
as_exciting,117,103,14
genuinely_new,117,9,108
willfully_ignorant,117,117,0
more_senior,117,33,84
as_relevant,117,108,9
too_crowded,116,116,0
n't_likely,116,116,0
too_optimistic,116,115,1
quite_lovely,116,94,22
so_significant,116,40,76
fairly_cheap,116,115,1
not_human,116,72,44
absolutely_beautiful,116,96,20
even_depressed,116,116,0
now_aware,116,115,1
more_gratifying,116,105,11
more_outrageous,116,82,34
overly_sensitive,116,111,5
more_menacing,116,55,61
somewhat_different,116,87,29
very_minor,116,78,38
as_thin,115,97,18
quite_dark,115,98,17
less_dangerous,115,78,37
less_dramatic,115,74,41
very_unpleasant,115,63,52
very_unexpected,115,33,82
rather_difficult,115,100,15
much_aware,115,112,3
as_massive,115,31,84
more_free,115,108,7
less_capable,115,103,12
more_absurd,115,87,28
n't_capable,115,115,0
even_large,115,115,0
less_complicated,114,70,44
all_natural,114,104,10
all_excited,114,109,5
really_concerned,114,103,11
quite_surprised,114,114,0
quite_significant,114,73,41
extremely_easy,114,106,8
still_unsure,114,113,1
not_specific,114,109,5
completely_natural,114,83,31
too_accustomed,114,110,4
otherwise_harmful,114,114,0
more_related,114,85,29
not_cool,114,107,7
as_smooth,114,98,16
strikingly_similar,114,97,17
functionally_obsolete,114,114,0
pretty_high,113,98,15
less_willing,113,107,6
very_reasonable,113,102,11
overly_concerned,113,96,17
otherwise_unlawful,113,113,0
now_able,113,113,0
more_friendly,113,78,35
completely_ridiculous,113,53,60
more_risky,113,91,22
rather_simple,113,80,33
more_negative,113,88,25
very_ugly,113,64,49
very_great,113,80,33
completely_safe,113,107,6
very_magical,113,14,99
incredibly_powerful,113,49,64
extremely_powerful,112,76,36
as_essential,112,39,73
quite_long,112,112,0
as_dumb,112,56,56
so_right,112,97,15
so_sexy,112,43,69
so_soft,112,86,26
as_ordinary,112,9,103
more_timely,112,93,19
as_clean,112,102,10
so_dumb,112,75,37
much_smarter,112,46,66
so_gracious,112,112,0
more_political,112,78,34
too_shallow,112,112,0
more_advantageous,112,108,4
as_fortunate,112,110,2
very_courteous,112,112,0
more_pleasurable,112,93,19
too_subtle,112,109,3
dreadfully_wrong,112,72,40
very_dissatisfied,112,111,1
so_fond,111,107,4
more_passionate,111,79,32
more_promising,111,60,51
more_perplexing,111,102,9
so_shocking,111,53,58
more_responsible,111,90,21
seemingly_impossible,111,79,32
even_simpler,111,70,41
more_baffling,111,110,1
even_absent,111,111,0
just_sad,111,110,1
as_rich,111,67,44
so_green,111,98,13
as_wide,111,100,11
very_suspicious,111,83,28
as_major,111,38,73
not_black,111,106,5
totally_fine,110,109,1
quite_severe,110,104,6
very_skeptical,110,107,3
relatively_cheap,110,99,11
plain_boring,110,110,0
even_counterproductive,110,110,0
more_responsive,110,92,18
more_admirable,110,101,9
critically_ill,110,107,3
more_refreshing,110,69,41
plain_lazy,109,109,0
more_lenient,109,109,0
second_best,109,108,1
just_funny,109,108,1
very_surreal,109,91,18
less_intense,109,63,46
very_minimal,109,100,9
now_open,109,104,5
so_many,109,99,10
so_honest,109,70,39
wholly_different,109,12,97
very_thick,109,106,3
more_resilient,109,94,15
outright_false,109,107,2
more_generic,109,34,75
pretty_unique,109,43,66
blissfully_unaware,109,106,3
still_ongoing,109,108,1
more_interactive,108,33,75
immensely_proud,108,108,0
more_benign,108,40,68
more_bitter,108,97,11
too_believable,108,108,0
just_ignorant,108,108,0
too_rough,108,107,1
more_proud,108,104,4
hugely_important,108,73,35
quite_magical,108,11,97
very_disappointing,108,96,12
very_traditional,108,78,30
less_desirable,108,77,31
commercially_available,108,99,9
more_noble,108,41,67
much_alive,108,98,10
very_peculiar,107,20,87
pretty_awful,107,85,22
more_functional,107,49,58
quite_subtle,107,96,11
distinctly_different,107,48,59
too_salty,107,105,2
more_delightful,107,98,9
so_mundane,107,25,82
very_subjective,107,102,5
even_aggressive,107,106,1
so_fantastic,107,77,30
very_wonderful,107,55,52
very_colorful,107,101,6
as_healthy,107,79,28
not_interesting,107,101,6
just_dumb,107,106,1
just_old,107,105,2
absolutely_new,107,15,92
more_desperate,106,87,19
mutually_beneficial,106,87,19
so_charming,106,59,47
even_religious,106,106,0
barely_able,106,101,5
even_primary,106,106,0
more_pertinent,106,92,14
even_political,106,105,1
very_brief,106,95,11
pretty_normal,106,101,5
too_exhausted,106,105,1
very_accessible,106,96,10
as_sophisticated,106,87,19
just_impossible,106,106,0
disproportionately_large,106,106,0
less_risky,106,79,27
most_famous,106,99,7
really_unusual,106,27,79
uniquely_different,106,65,41
as_boring,106,47,59
slightly_less,106,93,13
even_red,106,106,0
somewhat_satisfied,106,106,0
wholly_new,106,11,95
more_enduring,106,32,74
completely_opposite,106,39,67
so_dear,106,30,76
so_sorry,105,103,2
more_unfortunate,105,102,3
extremely_simple,105,78,27
quite_exciting,105,74,31
less_powerful,105,83,22
too_technical,105,102,3
really_significant,105,14,91
n't_funny,105,105,0
really_creative,105,52,53
very_consistent,105,96,9
more_brutal,105,72,33
extremely_serious,105,90,15
very_fundamental,105,7,98
as_terrible,105,37,68
absolutely_right,105,96,9
as_sensitive,105,22,83
completely_unnecessary,105,92,13
highly_visible,105,100,5
highly_controversial,105,102,3
more_embarrassing,105,86,19
more_jarring,104,96,8
so_frustrated,104,102,2
even_fun,104,102,2
so_vital,104,28,76
plain_dumb,104,103,1
simply_unaware,104,104,0
completely_separate,104,60,44
as_recent,104,79,25
just_ok,104,101,3
so_predictable,104,92,12
very_public,104,97,7
too_specific,104,98,6
too_simplistic,104,100,4
more_current,104,36,68
actually_worth,104,72,32
also_true,104,95,9
particularly_difficult,104,81,23
more_inclusive,104,53,51
radically_wrong,104,49,55
so_tall,104,93,11
more_tolerant,104,102,2
completely_oblivious,104,100,4
extremely_painful,104,99,5
real_nice,104,78,26
otherwise_available,104,104,0
really_high,104,85,19
particularly_special,104,13,91
pretty_terrible,103,89,14
more_offensive,103,64,39
even_small,103,98,5
more_intuitive,103,72,31
just_worried,103,103,0
more_glaring,103,101,2
really_lovely,103,69,34
even_monthly,103,103,0
pretty_serious,103,62,41
not_active,103,102,1
incredibly_friendly,103,103,0
more_enthusiastic,103,99,4
even_medium,103,103,0
more_feminine,103,46,57
almost_certain,103,91,12
so_crowded,103,101,2
so_careful,103,99,4
quite_spectacular,103,54,49
very_promising,103,86,17
really_magical,103,5,98
too_restrictive,102,101,1
still_unaware,102,102,0
pretty_difficult,102,95,7
not_better,102,93,9
directly_responsible,102,95,7
really_obvious,102,52,50
quite_painful,102,96,6
too_anxious,102,101,1
visually_stunning,102,86,16
more_charming,102,89,13
just_random,102,98,4
more_sweeter,102,102,0
super_special,102,20,82
very_frustrated,102,101,1
less_visible,102,86,16
so_obscure,102,70,32
very_tricky,102,91,11
really_challenging,102,67,35
more_happy,102,97,5
more_supportive,102,89,13
sorely_lacking,102,34,68
actually_better,102,101,1
too_rigid,102,99,3
more_vocal,102,100,2
more_anxious,102,101,1
so_mad,102,93,9
highly_entertaining,101,97,4
more_worrisome,101,73,28
deeply_interested,101,83,18
more_glamorous,101,46,55
as_harmless,101,16,85
fully_customizable,101,101,0
so_detailed,101,87,14
so_delicate,101,39,62
more_intricate,101,57,44
too_general,101,100,1
more_patient,101,91,10
truly_important,101,20,81
incredibly_simple,101,70,31
desperately_wrong,101,72,29
totally_worth,101,100,1
almost_ready,101,98,3
too_accurate,101,101,0
so_extraordinary,101,35,66
probably_wrong,101,100,1
historically_accurate,100,93,7
too_severe,100,98,2
very_vulnerable,100,84,16
still_undecided,100,97,3
very_visible,100,92,8
too_scary,100,94,6
pretty_spectacular,100,46,54
relatively_low,100,97,3
even_cold,100,100,0
even_evil,100,92,8
nearly_empty,100,100,0
so_insignificant,100,25,75
super_helpful,100,98,2
extremely_interesting,100,71,29
more_horrific,100,65,35
more_loyal,100,84,16
very_overwhelming,100,99,1
less_healthy,100,78,22
so_attractive,100,60,40
as_ambitious,100,37,63
that_easy,100,77,23
even_regional,100,100,0
as_guilty,100,96,4
just_full,100,99,1
rather_odd,99,39,60
highly_dependent,99,97,2
more_transparent,99,86,13
very_hopeful,99,79,20
pretty_intense,99,88,11
so_unusual,99,45,54
more_unlikely,99,89,10
internationally_excellent,99,99,0
more_fragile,99,80,19
entirely_absent,99,92,7
sexually_suggestive,99,93,6
n't_obvious,99,99,0
downright_hostile,99,99,0
otherwise_unacceptable,99,99,0
really_nasty,99,32,67
more_competent,99,68,31
more_independent,99,88,11
more_cynical,99,64,35
completely_insane,99,79,20
much_slower,99,88,11
more_dependent,99,94,5
quite_tricky,99,94,5
politically_motivated,99,94,5
incredibly_talented,99,94,5
more_receptive,99,93,6
quite_busy,99,99,0
most_rewarding,99,98,1
very_nasty,99,41,58
more_social,99,71,28
deeply_grateful,98,97,1
incredibly_beautiful,98,60,38
more_forgiving,98,81,17
more_uncomfortable,98,77,21
openly_gay,98,83,15
just_awesome,98,96,2
potentially_fatal,98,95,3
more_energetic,98,54,44
as_rare,98,39,59
equally_responsible,98,96,2
as_enthusiastic,98,88,10
truly_awful,98,32,66
not_viable,98,98,0
also_important,98,92,6
wildly_successful,98,92,6
really_scared,98,94,4
highly_personal,98,84,14
only_human,98,98,0
really_angry,98,95,3
just_hungry,98,98,0
more_egregious,98,81,17
not_religious,98,95,3
really_annoying,97,87,10
truly_memorable,97,13,84
still_angry,97,91,6
just_annoying,97,97,0
medically_necessary,97,91,6
visually_interesting,97,62,35
even_scared,97,97,0
also_interested,97,93,4
pretty_quiet,97,97,0
more_relatable,97,58,39
more_destructive,97,58,39
still_skeptical,97,96,1
n't_strong,97,96,1
just_okay,97,95,2
more_grand,97,23,74
even_open,97,97,0
quite_pleased,97,97,0
quite_powerful,97,69,28
very_fragile,97,81,16
very_delicious,97,85,12
simply_tired,97,96,1
too_firm,97,97,0
too_steep,97,97,0
more_hopeful,97,47,50
too_challenging,96,93,3
as_brilliant,96,36,60
pretty_expensive,96,94,2
barely_visible,96,92,4
too_beautiful,96,86,10
very_recent,96,80,16
really_dark,96,54,42
extremely_poor,96,96,0
not_involved,96,37,59
totally_normal,96,78,18
too_silly,96,90,6
quite_excited,96,95,1
very_productive,96,85,11
as_crucial,96,29,67
so_rewarding,96,54,42
so_meaningful,96,30,66
really_young,96,87,9
incredibly_easy,96,83,13
exactly_right,96,95,1
more_toxic,96,78,18
even_toxic,96,96,0
more_evil,96,29,67
more_experimental,96,52,44
nearly_complete,96,95,1
incredibly_valuable,96,51,45
so_effective,96,81,15
as_vague,96,36,60
n't_practical,96,96,0
very_brave,96,67,29
as_tiny,96,42,54
so_famous,96,56,40
downright_silly,96,95,1
aesthetically_significant,96,96,0
so_curious,95,88,7
so_enjoyable,95,59,36
even_boring,95,94,1
fully_operational,95,95,0
far_higher,95,76,19
more_tempting,95,89,6
very_meaningful,95,44,51
technologically_advanced,95,86,9
even_accurate,95,95,0
very_charming,95,69,26
extremely_hot,95,85,10
absolutely_wonderful,95,72,23
very_troubling,95,55,40
pretty_small,95,90,5
quite_aware,95,92,3
as_horrible,95,13,82
as_busy,95,74,21
utterly_different,95,13,82
nearly_full,95,95,0
quite_amusing,95,89,6
as_new,95,55,40
very_casual,94,78,16
less_productive,94,90,4
absolutely_stunning,94,84,10
no_different,94,85,9
very_realistic,94,85,9
exceptionally_good,94,86,8
so_tough,94,74,20
really_cold,94,81,13
very_wise,94,40,54
wholly_unique,94,4,90
even_abusive,94,94,0
pretty_strong,94,79,15
politically_sensitive,94,91,3
less_inclined,94,89,5
very_pleasing,94,60,34
more_eloquent,94,66,28
truly_innovative,94,23,71
as_cold,94,82,12
as_frivolous,94,14,80
quite_effective,94,92,2
pretty_boring,94,92,2
just_boring,94,94,0
not_more,94,93,1
deceptively_simple,94,79,15
too_appropriate,94,93,1
very_neat,94,84,10
very_harsh,94,91,3
not_hard,94,91,3
highly_relevant,94,87,7
absolutely_essential,94,79,15
very_intuitive,93,86,7
pretty_different,93,58,35
more_awkward,93,83,10
extremely_sensitive,93,88,5
so_narrow,93,86,7
morbidly_obese,93,89,4
much_grander,93,5,88
very_crowded,93,93,0
not_conducive,93,90,3
too_stiff,93,89,4
very_controversial,93,77,16
too_ignorant,93,90,3
more_subdued,93,40,53
really_tasty,93,64,29
more_afraid,93,93,0
more_deep,93,61,32
even_acceptable,93,93,0
more_uncertain,93,89,4
more_organic,93,24,69
completely_honest,93,90,3
even_neutral,93,93,0
simply_amazing,93,87,6
really_hungry,93,93,0
not_popular,93,90,3
fairly_good,93,91,2
downright_ugly,92,91,1
just_awful,92,84,8
more_surreal,92,72,20
so_overwhelmed,92,92,0
more_definitive,92,19,73
very_necessary,92,77,15
also_likely,92,92,0
super_sweet,92,70,22
too_impatient,92,92,0
still_better,92,84,8
absolutely_fantastic,92,77,15
more_bold,92,45,47
more_normal,92,46,46
significantly_less,92,83,9
completely_true,92,89,3
most_excited,92,91,1
more_dominant,92,88,4
more_adept,92,77,15
very_tempting,92,82,10
as_memorable,92,72,20
really_boring,92,75,17
equally_delicious,92,76,16
painfully_slow,92,92,0
dangerously_close,92,81,11
particularly_vulnerable,92,88,4
downright_hilarious,92,92,0
as_slow,92,77,15
so_competitive,92,79,13
as_light,92,65,27
quite_fascinating,92,74,18
more_horrible,92,44,48
so_frustrating,91,85,6
quite_dramatic,91,75,16
more_suspicious,91,81,10
extremely_successful,91,89,2
much_richer,91,39,52
easily_identifiable,91,78,13
so_normal,91,54,37
too_present,91,90,1
pretty_weird,91,77,14
much_alike,91,87,4
even_ready,91,90,1
downright_awful,91,90,1
lightly_brown,91,90,1
most_talented,91,90,1
very_flexible,91,90,1
perfectly_acceptable,91,90,1
n't_afraid,91,91,0
more_abstract,91,33,58
too_realistic,91,89,2
just_concerned,91,91,0
even_unique,91,87,4
so_vast,91,35,56
as_drastic,90,13,77
much_lighter,90,39,51
extremely_concerned,90,88,2
darn_good,90,88,2
otherwise_unfit,90,90,0
pretty_incredible,90,56,34
so_ignorant,90,66,24
entirely_unexpected,90,13,77
so_foreign,90,45,45
quite_entertaining,90,88,2
finally_ready,90,89,1
so_vile,90,22,68
totally_unaware,90,85,5
plain_ugly,90,89,1
extremely_satisfied,90,89,1
easily_recognizable,90,75,15
even_real,90,89,1
rather_unusual,90,17,73
more_numerous,90,88,2
very_humble,90,81,9
quite_big,90,67,23
as_intelligent,90,29,61
only_visible,90,88,2
fairly_common,90,68,22
really_complicated,90,64,26
deeply_troubling,90,35,55
very_wet,90,88,2
too_relevant,90,89,1
as_inconsequential,90,11,79
very_elaborate,90,81,9
too_plain,90,89,1
probably_better,90,86,4
so_optimistic,89,82,7
more_nervous,89,86,3
longer_valid,89,87,2
more_volatile,89,79,10
most_productive,89,87,2
even_effective,89,89,0
less_good,89,69,20
too_precious,89,75,14
as_weird,89,40,49
so_massive,89,31,58
so_disappointed,89,89,0
more_scary,89,69,20
pretty_crazy,89,74,15
more_probable,89,87,2
very_reminiscent,89,72,17
more_satisfied,89,89,0
still_unclear,89,85,4
quite_wrong,89,63,26
quite_valuable,89,70,19
more_skeptical,89,85,4
equally_valuable,88,62,26
as_delicate,88,20,68
really_nervous,88,86,2
more_peaceful,88,51,37
even_happy,88,85,3
highly_emotional,88,82,6
less_harmful,88,65,23
all_ready,88,75,13
as_intimate,88,28,60
very_independent,88,84,4
more_playful,88,37,51
really_fast,88,81,7
very_predictable,88,80,8
too_fearful,88,86,2
very_receptive,88,87,1
readily_apparent,88,81,7
very_possible,88,81,7
less_significant,88,60,28
very_fishy,87,28,59
very_physical,87,69,18
very_sinister,87,8,79
really_dangerous,87,39,48
too_strict,87,86,1
as_delicious,87,40,47
too_sad,87,86,1
as_capable,87,65,22
less_secure,87,84,3
completely_ignorant,87,75,12
so_tasty,87,59,28
still_interested,87,84,3
not_desirable,87,70,17
overly_critical,87,86,1
near_enough,87,87,0
far_simpler,87,29,58
very_risky,87,77,10
too_fresh,87,86,1
completely_fine,87,87,0
downright_rude,87,87,0
very_harmful,87,77,10
fast_enough,87,83,4
super_supportive,87,86,1
so_more,87,86,1
as_petty,86,10,76
better_qualified,86,57,29
more_humane,86,42,44
previously_unreleased,86,82,4
qualitatively_different,86,19,67
never_able,86,84,2
tangentially_related,86,56,30
hugely_popular,86,82,4
more_hilarious,86,81,5
more_valid,86,82,4
as_evil,86,44,42
now_free,86,85,1
subtly_different,86,49,37
just_best,86,86,0
vaguely_aware,86,81,5
just_busy,86,86,0
truly_exceptional,86,28,58
too_pleased,86,84,2
not_adequate,86,85,1
patently_false,86,80,6
more_troublesome,86,67,19
downright_impossible,86,86,0
too_noisy,86,86,0
much_cooler,86,44,42
extremely_effective,86,85,1
rather_good,86,73,13
n't_satisfied,86,86,0
so_clever,86,61,25
really_incredible,86,23,63
too_critical,86,86,0
most_concerned,86,86,0
just_peachy,86,86,0
truly_incredible,86,20,66
actually_useful,86,47,39
even_appropriate,85,85,0
very_dirty,85,76,9
more_astounding,85,77,8
as_horrific,85,9,76
any_worse,85,85,0
otherwise_related,85,85,0
less_worthy,85,69,16
less_useful,85,73,12
quite_strange,85,43,42
not_old,85,82,3
less_experienced,85,44,41
rather_large,85,60,25
quite_enjoyable,85,70,15
rather_unique,85,13,72
fast_asleep,85,82,3
still_valid,85,85,0
quite_capable,85,80,5
so_patient,85,80,5
equally_beautiful,85,66,19
very_religious,85,78,7
very_fair,85,83,2
even_related,85,85,0
quite_costly,85,85,0
wildly_inaccurate,85,81,4
very_ambitious,85,66,19
less_appealing,85,48,37
more_tired,85,85,0
quite_tasty,85,80,5
reasonably_foreseeable,85,85,0
so_inclined,84,67,17
as_real,84,61,23
cautiously_optimistic,84,82,2
more_pragmatic,84,58,26
very_precise,84,70,14
just_human,84,82,2
very_early,84,82,2
just_terrible,84,82,2
as_radical,84,20,64
more_expressive,84,58,26
more_glorious,84,56,28
still_afraid,84,84,0
as_open,84,64,20
so_smooth,84,75,9
really_quick,84,55,29
as_grand,84,29,55
perfectly_reasonable,84,70,14
entirely_free,84,80,4
more_cheerful,84,46,38
quite_clever,84,69,15
quite_positive,84,66,18
too_crazy,84,81,3
more_dire,84,38,46
pretty_old,84,84,0
more_upsetting,84,76,8
not_white,84,77,7
more_predictable,84,60,24
so_light,84,56,28
pretty_neat,84,65,19
very_distinct,84,59,25
even_similar,84,82,2
much_nicer,84,60,24
as_vast,84,22,62
as_subjective,84,10,74
quite_low,84,84,0
far_darker,84,3,81
more_imaginative,83,28,55
no_larger,83,76,7
even_identical,83,83,0
so_older,83,83,0
more_distinct,83,66,17
most_obvious,83,81,2
very_loyal,83,79,4
more_intangible,83,10,73
quite_profound,83,18,65
virtually_identical,83,77,6
even_personal,83,83,0
quite_personal,83,66,17
even_human,83,82,1
more_gentle,83,37,46
extremely_different,83,64,19
very_delicate,83,67,16
too_casual,83,79,4
very_right,83,53,30
n't_open,83,83,0
very_elegant,83,56,27
really_heavy,83,38,45
more_festive,83,34,49
as_honest,83,68,15
around_better,83,83,0
as_iconic,83,18,65
environmentally_conscious,83,79,4
actually_wrong,83,69,14
too_flat,83,81,2
really_deep,83,31,52
really_popular,83,71,12
more_informative,83,64,19
more_depressing,83,67,16
very_motivated,83,82,1
really_delicious,83,45,38
really_worthwhile,82,15,67
really_talented,82,76,6
really_personal,82,25,57
historically_significant,82,67,15
completely_independent,82,64,18
still_willing,82,77,5
still_reluctant,82,80,2
more_brilliant,82,65,17
still_single,82,81,1
most_significant,82,79,3
scantily_clad,82,82,0
even_present,82,82,0
very_peaceful,82,60,22
fairly_large,82,67,15
too_cautious,82,80,2
more_reflective,82,41,41
more_welcoming,82,70,12
personally_identifiable,82,81,1
more_higher,82,81,1
more_diligent,82,79,3
longer_alive,82,80,2
pretty_sweet,82,63,19
otherwise_vulnerable,82,82,0
completely_dependent,82,72,10
very_relaxing,82,47,35
more_funny,82,73,9
too_lenient,82,82,0
even_blue,82,82,0
so_jealous,82,78,4
extremely_cold,81,80,1
less_complex,81,52,29
more_upscale,81,27,54
most_creative,81,78,3
even_shorter,81,74,7
more_logical,81,62,19
incredibly_hard,81,76,5
less_reliable,81,72,9
extremely_challenging,81,77,4
simply_unwilling,81,81,0
more_persuasive,81,68,13
incredibly_grateful,81,81,0
quite_disturbing,81,58,23
as_interested,81,78,3
as_influential,81,41,40
as_cute,81,37,44
too_bulky,81,78,3
very_demanding,81,75,6
quite_shocking,81,63,18
as_strange,81,29,52
not_keen,81,79,2
n't_fun,81,81,0
too_conscious,81,81,0
even_fewer,81,80,1
more_confused,81,79,2
too_cumbersome,81,81,0
n't_present,81,81,0
more_epic,81,28,53
not_credible,81,81,0
pretty_silly,81,74,7
relatively_straightforward,81,73,8
not_clean,81,77,4
just_ridiculous,81,80,1
not_affordable,81,79,2
very_experienced,81,68,13
perhaps_many,81,39,42
pretty_cheap,81,78,3
fundamentally_flawed,81,50,31
real_special,81,5,76
so_dependent,80,65,15
even_crazier,80,34,46
as_ugly,80,37,43
just_normal,80,80,0
as_banal,80,4,76
really_horrible,80,30,50
too_honest,80,74,6
more_rational,80,56,24
so_grand,80,24,56
so_mysterious,80,45,35
even_feasible,80,80,0
partially_true,80,79,1
downright_nasty,80,78,2
still_worth,80,64,16
more_compassionate,80,69,11
less_predictable,80,41,39
remotely_close,80,39,41
so_petty,80,23,57
downright_weird,80,78,2
more_fortunate,80,76,4
quite_helpful,80,78,2
so_impressive,80,66,14
so_spectacular,80,28,52
entirely_possible,80,75,5
less_intelligent,80,71,9
very_athletic,80,77,3
really_surprised,80,80,0
very_present,80,64,16
quite_possible,80,77,3
there_ready,80,79,1
very_spiritual,80,38,42
socially_unacceptable,80,72,8
too_liberal,80,75,5
not_dead,80,80,0
deeply_religious,80,75,5
more_lethal,80,47,33
pretty_young,80,79,1
definitely_better,80,80,0
now_possible,80,75,5
as_attractive,79,40,39
most_familiar,79,75,4
so_evil,79,34,45
too_naive,79,78,1
conspicuously_absent,79,65,14
not_high,79,76,3
so_accustomed,79,72,7
so_emotional,79,61,18
completely_legal,79,70,9
even_rude,79,79,0
very_thorough,79,78,1
more_old,79,76,3
so_determined,79,65,14
so_foolish,79,27,52
more_proactive,79,47,32
even_lethal,79,79,0
too_dense,79,76,3
very_thoughtful,79,72,7
as_free,79,74,5
so_appreciative,79,77,2
so_vivid,79,65,14
deeply_suspicious,79,71,8
as_bold,79,44,35
quite_comfortable,79,71,8
more_primitive,78,42,36
more_reluctant,78,77,1
even_cooler,78,25,53
fully_automatic,78,77,1
as_sharp,78,64,14
not_difficult,78,75,3
most_influential,78,76,2
really_extraordinary,78,10,68
quite_famous,78,67,11
very_approachable,78,75,3
more_prosaic,78,25,53
completely_empty,78,76,2
even_frightening,78,78,0
less_offensive,78,31,47
pretty_positive,78,73,5
so_thoughtful,78,65,13
overly_complex,78,71,7
surprisingly_good,78,68,10
completely_innocent,78,60,18
pretty_confident,78,77,1
more_specialized,78,41,37
so_essential,77,19,58
as_awful,77,23,54
stunningly_beautiful,77,74,3
almost_tender,77,74,3
about_ready,77,77,0
so_distant,77,53,24
incredibly_useful,77,61,16
totally_awesome,77,53,24
n't_relevant,77,77,0
very_complimentary,77,74,3
particularly_useful,77,63,14
more_alive,77,57,20
even_hard,77,77,0
completely_silent,77,75,2
now_extinct,77,76,1
so_unfair,77,68,9
really_spectacular,77,10,67
as_loud,77,72,5
too_apt,77,75,2
extremely_special,77,8,69
less_qualified,77,41,36
still_subject,77,76,1
truly_worth,77,28,49
as_creative,77,57,20
rather_important,77,15,62
also_worried,77,76,1
pretty_scary,77,70,7
really_slow,77,75,2
immensely_satisfying,76,11,65
so_shy,76,72,4
overly_broad,76,76,0
so_brave,76,56,20
less_comfortable,76,55,21
even_destructive,76,76,0
as_narrow,76,66,10
quite_confusing,76,74,2
very_social,76,71,5
really_fascinating,76,36,40
even_moderate,76,76,0
quite_elaborate,76,73,3
more_genuine,76,43,33
as_mild,76,42,34
very_rough,76,72,4
just_incredible,76,71,5
directly_relevant,76,66,10
very_depressing,76,68,8
possibly_worse,76,66,10
even_darker,76,25,51
factually_incorrect,76,71,5
so_unhappy,76,72,4
incredibly_nice,76,73,3
even_worst,76,72,4
very_lonely,76,73,3
darn_close,76,69,7
somewhat_familiar,76,74,2
absolutely_fine,76,76,0
so_violent,76,46,30
more_rigorous,76,55,21
even_damaging,76,76,0
so_exhausted,76,76,0
more_good,76,73,3
less_happy,76,74,2
so_neat,76,59,17
very_frightening,75,58,17
so_sudden,75,73,2
still_hard,75,71,4
quite_scary,75,62,13
as_quiet,75,65,10
not_convenient,75,75,0
pretty_proud,75,68,7
extremely_beneficial,75,71,4
more_understandable,75,57,18
more_coherent,75,17,58
very_wary,75,72,3
more_approachable,75,41,34
substantially_different,75,45,30
not_sustainable,75,74,1
less_frequent,75,74,1
spotlessly_clean,75,70,5
even_cruel,75,74,1
slightly_golden,75,75,0
as_absurd,75,22,53
even_unusual,75,74,1
very_own,75,73,2
demonstrably_false,75,71,4
pretty_stupid,75,62,13
so_elegant,75,41,34
very_shocked,75,75,0
more_pernicious,75,35,40
physically_impossible,75,66,9
plain_curious,75,75,0
as_controversial,75,26,49
really_fantastic,75,37,38
even_unknown,75,73,2
much_quicker,75,65,10
more_distressing,75,66,9
more_informal,75,42,33
less_relevant,75,69,6
very_direct,75,64,11
very_determined,75,73,2
very_rude,75,65,10
almost_perfect,74,70,4
more_commercial,74,24,50
very_encouraging,74,68,6
very_gentle,74,67,7
very_innocent,74,55,19
markedly_different,74,47,27
less_deserving,74,52,22
as_efficient,74,67,7
truly_awesome,74,18,56
more_palpable,74,52,22
very_sharp,74,64,10
so_controversial,74,35,39
n't_effective,74,74,0
overly_sweet,74,66,8
very_reliable,74,68,6
more_symbolic,74,48,26
overly_emotional,74,73,1
so_cheerful,74,68,6
highly_desirable,74,68,6
very_caring,74,73,1
overly_cautious,74,74,0
more_descriptive,74,22,52
too_distant,74,68,6
not_christian,74,73,1
as_extravagant,74,52,22
just_average,74,74,0
as_odd,74,52,22
desperately_poor,74,71,3
very_diverse,74,73,1
barely_noticeable,74,71,3
not_awesome,74,70,4
there_more,74,73,1
not_big,74,73,1
so_blind,74,70,4
far_lower,74,67,7
really_welcoming,74,73,1
never_enough,74,74,0
too_uncomfortable,74,73,1
less_crowded,74,67,7
so_loving,74,56,18
downright_painful,74,74,0
totally_open,74,73,1
now_familiar,74,69,5
as_reliable,74,57,17
potentially_hazardous,73,72,1
completely_customizable,73,72,1
so_ordinary,73,30,43
really_specific,73,8,65
extremely_small,73,64,9
somewhat_similar,73,42,31
physically_abusive,73,73,0
so_private,73,20,53
just_cool,73,70,3
otherwise_difficult,73,73,0
even_nuclear,73,73,0
as_deadly,73,49,24
more_insightful,73,45,28
most_proud,73,70,3
very_abstract,73,55,18
so_blessed,73,70,3
very_crucial,73,40,33
as_profound,73,24,49
really_disappointed,73,73,0
just_desperate,73,73,0
downright_wrong,73,70,3
still_concerned,73,71,2
still_confused,73,72,1
very_logical,73,66,7
even_sad,73,73,0
very_noisy,73,69,4
as_enjoyable,73,57,16
less_exciting,73,42,31
really_meaningful,73,8,65
really_clever,73,37,36
even_minor,73,70,3
pretty_comfortable,73,70,3
even_fifth,73,73,0
equally_guilty,73,72,1
more_exclusive,73,26,47
not_alone,73,73,0
still_wrong,73,66,7
always_right,73,71,2
completely_unfamiliar,73,33,40
somewhat_concerned,73,73,0
still_unable,73,70,3
simply_better,73,73,0
as_intricate,72,48,24
so_vulnerable,72,42,30
n't_smart,72,72,0
so_random,72,42,30
more_ambiguous,72,45,27
more_alike,72,71,1
more_recognizable,72,38,34
completely_accurate,72,70,2
absolutely_wrong,72,64,8
simply_ignorant,72,72,0
quite_distinct,72,41,31
highly_questionable,72,68,4
most_visible,72,70,2
more_accommodating,72,61,11
as_ubiquitous,72,15,57
extremely_careful,72,72,0
most_reliable,72,72,0
less_traditional,72,19,53
incredibly_complex,72,61,11
relatively_short,72,66,6
very_influential,72,66,6
even_racist,72,72,0
too_successful,72,70,2
perfectly_capable,72,68,4
more_discreet,72,41,31
as_hard,72,72,0
most_active,72,69,3
just_insane,72,71,1
super_hot,72,63,9
less_enthusiastic,72,70,2
completely_crazy,72,44,28
simply_afraid,72,72,0
so_terrified,71,68,3
overly_dramatic,71,69,2
more_literal,71,47,24
so_heinous,71,13,58
so_amazed,71,71,0
so_dry,71,65,6
more_boring,71,48,23
really_frustrating,71,68,3
very_profitable,71,67,4
extremely_similar,71,55,16
partly_true,71,70,1
extremely_funny,71,66,5
too_tiny,71,68,3
just_angry,71,71,0
genuinely_concerned,71,65,6
even_beautiful,71,63,8
very_original,71,43,28
very_broad,71,65,6
as_painful,71,47,24
more_intimidating,71,57,14
willfully_blind,71,67,4
even_average,71,71,0
more_forceful,71,50,21
only_concerned,71,70,1
simply_ready,71,71,0
so_unnecessary,71,61,10
more_tender,71,50,21
fully_capable,71,66,5
as_concerned,71,65,6
less_ambitious,71,25,46
so_raw,71,39,32
simply_unavailable,71,71,0
simply_false,71,71,0
outright_hostile,71,70,1
less_pleasant,71,37,34
less_confident,71,69,2
even_plastic,71,71,0
even_silly,71,71,0
not_significant,70,69,1
so_surprising,70,50,20
so_radical,70,23,47
inherently_evil,70,52,18
less_difficult,70,63,7
even_green,70,70,0
quite_bizarre,70,53,17
so_disgusting,70,20,50
plain_rude,70,69,1
as_active,70,50,20
quite_sad,70,59,11
rather_strange,70,21,49
too_involved,70,69,1
seemingly_simple,70,9,61
much_sweeter,70,33,37
extremely_impressed,70,70,0
even_purple,70,69,1
quite_heavy,70,65,5
very_tragic,70,40,30
so_dirty,70,51,19
as_skilled,70,26,44
very_refreshing,70,36,34
far_older,70,24,46
totally_irrelevant,70,50,20
very_secretive,70,67,3
more_artistic,70,29,41
just_fancy,70,70,0
so_central,70,12,58
extremely_large,70,61,9
more_heroic,70,51,19
even_healthy,70,70,0
even_scarier,70,35,35
extremely_competitive,70,70,0
socially_responsible,70,61,9
merely_curious,70,69,1
well_underway,70,69,1
more_mindful,70,65,5
quite_delicious,70,56,14
so_abstract,70,45,25
too_hungry,70,70,0
too_vulnerable,70,69,1
well_qualified,70,63,7
more_stimulating,70,20,50
most_unusual,70,46,24
more_edgy,70,12,58
confusingly_similar,70,70,0
rather_exciting,70,44,26
more_extravagant,70,22,48
especially_good,70,54,16
too_spicy,69,66,3
relatively_healthy,69,56,13
very_essential,69,29,40
more_thorough,69,57,12
really_ugly,69,40,29
too_strange,69,57,12
very_embarrassing,69,59,10
so_outlandish,69,35,34
more_uplifting,69,13,56
even_hot,69,69,0
more_conducive,69,54,15
keenly_interested,69,62,7
too_numerous,69,66,3
very_transparent,69,68,1
n't_feasible,69,69,0
too_cowardly,69,67,2
n't_new,69,69,0
so_devastating,69,25,44
too_cynical,69,69,0
far_stronger,69,28,41
also_aware,69,68,1
more_flattering,69,45,24
very_organic,69,61,8
just_unlucky,69,68,1
really_ready,69,66,3
perfectly_healthy,69,67,2
so_terrifying,69,27,42
very_bizarre,69,41,28
so_drunk,69,67,2
so_enamored,69,66,3
nearly_perfect,69,65,4
nearly_new,69,67,2
most_critical,69,63,6
really_short,69,57,12
not_hungry,69,68,1
still_fine,69,68,1
quite_attractive,69,62,7
too_abstract,69,63,6
truly_bizarre,69,32,37
extremely_knowledgeable,69,65,4
very_reassuring,69,41,28
just_fantastic,69,68,1
much_safer,69,60,9
immediately_apparent,69,61,8
more_athletic,69,61,8
more_formidable,69,36,33
longer_necessary,69,69,0
not_impressed,69,68,1
so_human,69,17,52
very_late,69,67,2
not_pleasant,69,68,1
breathtakingly_beautiful,69,63,6
just_temporary,69,68,1
however_small,68,12,56
longer_useful,68,65,3
n't_big,68,68,0
n't_correct,68,68,0
quite_willing,68,65,3
so_colorful,68,60,8
more_haunting,68,51,17
so_challenging,68,47,21
super_exciting,68,47,21
completely_untrue,68,62,6
most_relevant,68,66,2
so_bland,68,51,17
more_portable,68,23,45
so_egregious,68,27,41
totally_false,68,58,10
so_original,68,32,36
mildly_amusing,68,47,21
genuinely_happy,68,65,3
technically_correct,68,66,2
glaringly_obvious,68,50,18
virtually_unknown,68,56,12
ultimately_responsible,68,67,1
as_lovely,68,30,38
half_asleep,68,67,1
so_intriguing,68,31,37
not_secure,68,68,0
as_soft,68,37,31
not_pregnant,68,67,1
very_upsetting,68,57,11
uniquely_special,68,3,65
more_provocative,68,35,33
more_conspicuous,68,68,0
very_traumatic,68,47,21
highly_flammable,68,65,3
too_friendly,68,66,2
too_fleeting,68,68,0
quite_poor,68,68,0
so_fine,68,59,9
very_tangible,68,21,47
more_spacious,68,38,30
relatively_rare,68,51,17
so_tempting,68,57,11
even_immoral,68,65,3
more_distinctive,68,28,40
very_personable,68,66,2
much_worth,68,55,13
most_enjoyable,68,67,1
eerily_familiar,68,34,34
really_open,68,67,1
very_ordinary,68,36,32
more_visual,68,28,40
more_massive,68,46,22
less_aggressive,68,54,14
so_advanced,68,54,14
almost_complete,68,67,1
totally_random,68,36,32
even_uncomfortable,67,66,1
more_fitting,67,36,31
more_sure,67,53,14
mentally_incompetent,67,61,6
very_naughty,67,44,23
not_supportive,67,65,2
more_explosive,67,38,29
really_glad,67,67,0
more_rustic,67,19,48
ridiculously_expensive,67,62,5
very_foolish,67,52,15
just_eager,67,66,1
too_bland,67,67,0
just_willing,67,66,1
even_local,67,67,0
equally_true,67,64,3
as_arbitrary,67,13,54
so_gentle,67,46,21
not_conscious,67,67,0
not_common,67,40,27
even_high,67,67,0
more_comforting,67,48,19
quite_lengthy,67,66,1
so_healthy,67,49,18
as_wrong,67,37,30
really_keen,67,67,0
as_ignorant,67,46,21
super_cheap,67,64,3
more_central,67,47,20
near_impossible,67,67,0
so_uncomfortable,67,54,13
n't_successful,67,67,0
quite_cool,67,43,24
inherently_dangerous,67,43,24
more_bearable,67,55,12
more_vague,67,40,27
really_comfortable,67,61,6
too_arrogant,67,67,0
extremely_passionate,67,67,0
incredibly_different,67,44,23
reasonably_close,67,35,32
more_viable,67,49,18
really_enjoyable,67,44,23
less_controversial,67,23,44
so_broad,67,56,11
not_representative,66,66,0
entirely_dependent,66,61,5
much_fun,66,65,1
that_familiar,66,25,41
even_different,66,66,0
longer_lasting,66,47,19
woefully_inadequate,66,63,3
pretty_consistent,66,63,3
really_quiet,66,61,5
as_weak,66,47,19
very_sensible,66,57,9
very_unfortunate,66,48,18
intrinsically_wrong,66,17,49
more_esoteric,66,26,40
as_solid,66,35,31
most_accurate,66,66,0
absolutely_gorgeous,66,59,7
slightly_worse,66,61,5
so_scary,66,46,20
more_raw,66,18,48
ever_likely,66,64,2
far_closer,66,26,40
too_advanced,66,59,7
incredibly_interesting,66,47,19
even_false,66,66,0
more_appreciative,66,63,3
almost_black,66,66,0
actually_interested,66,61,5
morally_questionable,66,53,13
morally_right,66,61,5
much_heavier,66,43,23
much_interested,66,58,8
absolutely_brilliant,66,58,8
quite_sure,66,53,13
really_fresh,66,33,33
otherwise_inaccessible,66,66,0
even_threatening,66,65,1
previously_uninsured,66,66,0
plain_tired,66,66,0
more_stupid,66,37,29
quite_true,66,65,1
fairly_small,66,54,12
absolutely_delighted,66,66,0
too_dull,66,65,1
immediately_recognizable,66,55,11
too_passive,65,65,0
very_political,65,55,10
more_captivating,65,48,17
commercially_viable,65,46,19
not_jewish,65,55,10
most_complex,65,64,1
so_humble,65,50,15
really_solid,65,47,18
more_persistent,65,54,11
very_distant,65,43,22
truly_terrible,65,20,45
more_stark,65,58,7
seemingly_unrelated,65,38,27
as_gorgeous,65,25,40
roughly_equivalent,65,45,20
quite_boring,65,63,2
as_scary,65,39,26
relatively_harmless,65,52,13
more_full,65,56,9
more_amenable,65,33,32
as_tragic,65,11,54
darkly_funny,65,61,4
as_commonplace,65,4,61
more_innocent,65,35,30
so_vibrant,65,54,11
virtually_unheard,65,11,54
otherwise_dangerous,65,65,0
more_regrettable,65,64,1
just_difficult,65,64,1
so_straightforward,65,37,28
very_damaging,65,50,15
otherwise_undesirable,65,65,0
more_decorative,65,31,34
hysterically_funny,65,63,2
highly_specific,65,60,5
n't_much,65,65,0
so_dense,65,59,6
super_clean,65,62,3
as_valid,65,60,5
otherwise_unsuitable,65,65,0
highly_speculative,65,63,2
less_invasive,65,45,20
very_sympathetic,65,57,8
equally_interesting,65,49,16
so_fearful,65,58,7
on_high,65,65,0
totally_unacceptable,64,42,22
not_hot,64,63,1
too_interested,64,64,0
too_generous,64,64,0
not_legitimate,64,64,0
more_wrong,64,43,21
highly_detailed,64,64,0
too_open,64,64,0
more_infuriating,64,63,1
still_wet,64,64,0
most_impressive,64,64,0
as_superficial,64,5,59
very_local,64,48,16
incredibly_unique,64,30,34
still_green,64,62,2
so_magnificent,64,19,45
more_far-reaching,64,25,39
slightly_bigger,64,46,18
simply_incompetent,64,64,0
truly_happy,64,63,1
quite_bad,64,56,8
genuinely_funny,64,51,13
too_popular,64,62,2
especially_true,64,52,12
too_angry,64,64,0
more_poetic,64,28,36
too_confident,64,64,0
more_feasible,64,51,13
otherwise_problematic,64,64,0
as_devastating,64,26,38
rather_confusing,64,60,4
way_bigger,64,14,50
mostly_true,64,62,2
instantly_available,64,64,0
very_american,64,22,42
really_low,64,60,4
certainly_worth,64,49,15
deeply_shocked,64,64,0
less_bad,64,60,4
more_sexy,64,38,26
fairly_standard,64,59,5
pretty_open,64,64,0
somewhat_difficult,64,63,1
strangely_familiar,64,20,44
truly_valuable,64,5,59
slightly_older,64,51,13
real_excited,64,64,0
as_brutal,64,44,20
grammatically_correct,64,63,1
more_broad,64,29,35
infinitely_better,64,34,30
more_cerebral,64,17,47
not_native,64,61,3
very_loving,63,60,3
completely_fresh,63,16,47
very_loose,63,58,5
quite_charming,63,50,13
fully_satisfied,63,63,0
also_free,63,63,0
not_evident,63,58,5
otherwise_incapable,63,63,0
too_generic,63,61,2
even_fraudulent,63,63,0
around_awesome,63,63,0
very_typical,63,37,26
very_formal,63,53,10
even_complete,63,63,0
so_realistic,63,52,11
halfway_decent,63,23,40
not_genuine,63,62,1
fully_compatible,63,63,0
just_misunderstood,63,63,0
just_mad,63,63,0
not_profitable,63,63,0
extremely_disappointed,63,63,0
quite_humorous,63,62,1
quite_affordable,63,61,2
so_naive,63,47,16
actually_able,63,62,1
quite_impressed,63,63,0
as_usual,63,57,6
much_clearer,63,58,5
as_friendly,63,55,8
blatantly_obvious,63,51,12
longer_active,63,63,0
so_delightful,63,43,20
plain_annoying,63,62,1
possibly_better,63,57,6
more_new,63,52,11
very_handy,63,52,11
just_shocked,63,62,1
very_awkward,63,59,4
too_basic,63,53,10
as_clever,63,31,32
absolutely_incredible,63,41,22
less_skilled,63,43,20
very_steep,63,60,3
truly_impressive,63,23,40
socially_conscious,63,57,6
more_typical,63,29,34
pretty_significant,63,25,38
more_crazy,63,41,22
even_shocking,63,62,1
terribly_important,63,19,44
very_dynamic,63,51,12
most_affordable,63,63,0
too_pricey,63,60,3
very_convincing,63,59,4
n't_accurate,63,63,0
very_cooperative,63,63,0
highly_professional,63,62,1
extremely_complicated,62,52,10
even_ridiculous,62,62,0
so_uncertain,62,54,8
even_obese,62,62,0
so_crucial,62,31,31
slightly_brown,62,62,0
just_unable,62,62,0
more_intensive,62,43,19
truly_inspiring,62,23,39
too_literal,62,59,3
overly_excited,62,62,0
more_selective,62,57,5
relatively_high,62,57,5
just_young,62,60,2
that_simple,62,60,2
too_blind,62,60,2
finally_able,62,62,0
so_rude,62,51,11
incredibly_satisfying,62,15,47
pretty_tasty,62,54,8
pretty_nasty,62,42,20
as_compelling,62,55,7
legally_responsible,62,59,3
even_mediocre,62,62,0
super_fresh,62,58,4
absolutely_sure,62,61,1
very_messy,62,60,2
very_soothing,62,28,34
less_aware,62,59,3
also_great,62,61,1
more_resonant,62,45,17
very_distinctive,62,33,29
more_reminiscent,62,24,38
terribly_amiss,62,50,12
sometimes_more,62,61,1
pretty_common,62,50,12
completely_clueless,62,61,1
as_fragile,62,15,47
so_soothing,62,11,51
not_beautiful,62,60,2
more_present,62,52,10
very_gratifying,62,34,28
as_full,62,57,5
too_formal,62,61,1
really_sexy,62,16,46
more_tricky,62,56,6
quite_ordinary,62,32,30
pretty_shocked,62,62,0
very_sure,62,58,4
all_set,62,61,1
easily_visible,62,58,4
rather_silly,62,46,16
seriously_hurt,62,61,1
so_miserable,62,50,12
less_extreme,62,27,35
particularly_sensitive,62,60,2
indirectly_related,62,58,4
as_plain,62,38,24
most_suitable,62,59,3
so_yummy,62,52,10
very_bitter,62,55,7
socially_conservative,61,60,1
as_confident,61,54,7
even_normal,61,61,0
more_fruitful,61,33,28
even_stupid,61,59,2
very_pure,61,25,36
wildly_popular,61,58,3
deeply_unsettling,61,17,44
utterly_new,61,4,57
rather_obvious,61,40,21
so_convenient,61,53,8
extremely_vulnerable,61,61,0
too_prone,61,61,0
potentially_life-threatening,61,54,7
often_enough,61,54,7
factually_inaccurate,61,56,5
very_prompt,61,61,0
quite_odd,61,29,32
independently_wealthy,61,56,5
pretty_quick,61,60,1
so_dull,61,51,10
inherently_good,61,40,21
still_happy,61,61,0
just_strange,61,59,2
more_strategic,61,34,27
more_pure,61,24,37
as_wild,61,42,19
too_ugly,61,58,3
so_iconic,61,23,38
somehow_different,61,61,0
financially_stable,61,58,3
more_loving,61,52,9
too_glad,61,61,0
more_democratic,61,35,26
most_basic,61,60,1
pretty_dark,61,58,3
more_sturdy,61,13,48
extremely_bad,61,43,18
more_sedate,61,13,48
more_unnerving,61,49,12
really_mad,61,59,2
even_ugly,61,59,2
inherently_bad,61,34,27
simply_beautiful,61,57,4
not_racist,60,58,2
too_obscure,60,57,3
incredibly_rare,60,36,24
really_shocked,60,59,1
too_selfish,60,60,0
all_new,60,39,21
verbally_abusive,60,60,0
downright_funny,60,60,0
not_sensitive,60,60,0
not_attractive,60,60,0
n't_suitable,60,60,0
also_open,60,60,0
too_dim,60,60,0
especially_vulnerable,60,58,2
pretty_vague,60,60,0
very_cruel,60,52,8
even_incorrect,60,60,0
overtly_political,60,54,6
otherwise_injurious,60,60,0
as_random,60,23,37
not_natural,60,48,12
even_yellow,60,60,0
too_detailed,60,59,1
particularly_relevant,60,46,14
too_wild,60,58,2
so_odd,60,32,28
so_upbeat,60,53,7
less_accessible,60,53,7
more_polite,60,51,9
more_readable,60,36,24
more_humble,60,42,18
less_impressive,60,48,12
slightly_wider,60,59,1
so_frightened,60,59,1
so_caring,60,49,11
more_ancient,60,16,44
more_attentive,60,58,2
sharply_critical,60,60,0
more_objective,60,29,31
so_wild,60,41,19
more_abundant,60,56,4
completely_stupid,60,32,28
more_fantastic,60,40,20
less_threatening,60,26,34
just_keen,60,60,0
so_insecure,60,55,5
possibly_higher,59,59,0
very_drunk,59,58,1
absolutely_terrible,59,44,15
equally_capable,59,57,2
so_mild,59,54,5
extremely_beautiful,59,50,9
morally_reprehensible,59,45,14
extremely_active,59,58,1
more_organized,59,38,21
slightly_damp,59,59,0
very_unclear,59,59,0
so_remarkable,59,15,44
even_controversial,59,57,2
so_traumatic,59,12,47
even_unable,59,59,0
incredibly_exciting,59,36,23
less_certain,59,49,10
probably_right,59,58,1
incredibly_busy,59,59,0
almost_empty,59,59,0
more_prosperous,59,55,4
very_individual,59,40,19
more_miraculous,59,45,14
more_fashionable,59,24,35
very_selective,59,56,3
very_raw,59,47,12
very_full,59,59,0
only_fair,59,58,1
so_depressed,59,57,2
about_right,59,59,0
otherwise_unsafe,59,59,0
still_hesitant,59,58,1
together_different,59,34,25
more_major,59,29,30
truly_good,59,23,36
emotionally_unavailable,59,57,2
not_dissimilar,59,26,33
perfectly_natural,59,50,9
far_cheaper,59,55,4
more_flavorful,59,38,21
more_odd,59,56,3
more_rigid,59,43,16
just_paranoid,59,59,0
not_usable,59,59,0
very_favorable,59,58,1
so_active,59,50,9
pretty_calm,59,58,1
clearly_amiss,59,57,2
even_zero,59,59,0
less_demanding,59,26,33
too_embarrassing,59,54,5
really_inspiring,59,33,26
downright_stupid,59,55,4
really_odd,59,16,43
more_tolerable,59,42,17
very_stubborn,59,57,2
still_warm,59,56,3
very_memorable,59,39,20
incredibly_lucky,59,58,1
very_wide,59,58,1
downright_creepy,58,54,4
more_wholesome,58,8,50
very_awesome,58,43,15
not_harmful,58,58,0
rather_small,58,50,8
truly_exciting,58,9,49
as_helpful,58,49,9
even_practical,58,58,0
really_surprising,58,33,25
very_prominent,58,49,9
even_plausible,58,58,0
very_modest,58,50,8
just_drunk,58,57,1
pretty_rare,58,35,23
entirely_wrong,58,50,8
genetically_predisposed,58,52,6
very_advanced,58,55,3
totally_unnecessary,58,50,8
as_optimistic,58,57,1
highly_suspicious,58,48,10
so_offensive,58,23,35
very_cordial,58,57,1
exactly_alike,58,53,5
not_alive,58,53,5
as_brief,58,49,9
as_obscure,58,26,32
more_lighthearted,58,16,42
more_harrowing,58,47,11
heavily_reliant,58,56,2
more_respectable,58,23,35
perhaps_large,58,58,0
extremely_interested,58,57,1
too_funny,58,55,3
otherwise_exempt,58,58,0
so_horny,58,57,1
totally_dependent,58,50,8
so_accessible,58,54,4
as_violent,58,46,12
too_dependent,58,57,1
quite_critical,58,56,2
quite_vocal,58,58,0
so_influential,58,21,37
more_cruel,58,49,9
even_irrelevant,58,58,0
pretty_tight,58,58,0
so_subjective,58,35,23
equally_dangerous,58,51,7
however_much,58,57,1
nearly_black,58,57,1
particularly_strong,58,55,3
so_relevant,58,40,18
always_present,58,55,3
really_silly,58,24,34
incredibly_expensive,58,55,3
as_prominent,58,16,42
more_representative,58,25,33
so_stunning,58,38,20
too_delicate,58,58,0
highly_motivated,58,54,4
so_nasty,58,36,22
so_annoying,58,51,7
so_stubborn,58,54,4
completely_inappropriate,58,37,21
relatively_safe,58,51,7
considerably_less,58,52,6
more_peculiar,58,39,19
completely_impossible,58,47,11
just_uncomfortable,58,58,0
more_evocative,58,35,23
very_plain,58,51,7
now_defunct,58,55,3
as_fine,57,37,20
truly_meaningful,57,8,49
more_concrete,57,16,41
even_important,57,55,2
even_decent,57,57,0
more_pervasive,57,31,26
not_current,57,56,1
n't_sufficient,57,57,0
otherwise_invalid,57,57,0
always_worth,57,50,7
just_natural,57,55,2
significantly_cheaper,57,57,0
equally_impressive,57,38,19
very_graphic,57,52,5
n't_old,57,57,0
overly_sentimental,57,53,4
just_interesting,57,57,0
equally_amazing,57,39,18
quite_open,57,56,1
highly_subjective,57,53,4
fiercely_independent,57,55,2
more_pleased,57,57,0
as_eager,57,54,3
truly_interesting,57,12,45
as_exotic,57,25,32
more_elemental,57,3,54
particularly_concerned,57,52,5
too_bitter,57,56,1
already_full,57,55,2
extremely_lucky,57,57,0
very_flattering,57,53,4
incredibly_smart,57,49,8
plain_funny,57,56,1
so_necessary,57,34,23
more_traumatic,57,37,20
still_hungry,57,56,1
barely_audible,57,52,5
not_worried,57,55,2
more_agile,57,44,13
around_great,57,57,0
most_prominent,57,56,1
more_adult,57,20,37
downright_bad,57,57,0
less_accurate,57,54,3
not_noticeable,57,56,1
as_ready,57,53,4
too_terrified,57,55,2
really_effective,57,45,12
really_afraid,57,54,3
actively_hostile,57,57,0
potentially_damaging,57,49,8
somewhat_serious,57,53,4
very_primal,57,7,50
more_appalling,57,51,6
pretty_heavy,57,48,9
very_depressed,57,56,1
pretty_fantastic,57,44,13
reasonably_necessary,57,54,3
quite_likely,57,52,5
too_modest,56,56,0
very_creepy,56,31,25
too_dirty,56,55,1
even_essential,56,52,4
overwhelmingly_positive,56,53,3
truly_wrong,56,34,22
not_unusual,56,42,14
too_violent,56,54,2
even_vegan,56,56,0
totally_inappropriate,56,37,19
more_ordinary,56,15,41
really_rare,56,25,31
relatively_benign,56,44,12
too_negative,56,56,0
quite_cheap,56,55,1
more_immersive,56,29,27
consistently_good,56,54,2
nearly_dead,56,56,0
more_strict,56,51,5
maybe_most,56,24,32
absolutely_ridiculous,56,43,13
very_competent,56,53,3
pretty_pleased,56,56,0
so_knowledgeable,56,32,24
very_apparent,56,49,7
more_dark,56,18,38
quite_reasonable,56,52,4
very_tense,56,55,1
more_respectful,56,43,13
more_revolutionary,56,14,42
just_nervous,56,56,0
more_delinquent,56,56,0
more_unpredictable,56,39,17
more_inviting,56,48,8
too_valuable,56,47,9
even_worthy,56,55,1
too_depressed,56,56,0
pretty_upset,56,56,0
even_tougher,56,50,6
still_popular,56,56,0
as_diverse,56,37,19
even_misleading,56,56,0
most_severe,56,56,0
highly_creative,56,52,4
quite_overwhelming,56,56,0
more_quiet,56,37,19
longer_interested,56,56,0
more_vigilant,56,56,0
more_fair,56,38,18
seriously_flawed,56,50,6
highly_important,56,44,12
more_random,56,36,20
extremely_personal,56,28,28
darkly_humorous,56,52,4
less_talented,56,40,16
directly_attributable,56,55,1
extremely_satisfying,56,18,38
hugely_successful,56,56,0
otherwise_improper,56,56,0
downright_false,56,56,0
n't_eligible,56,56,0
more_prudent,56,55,1
n't_okay,56,56,0
very_worthwhile,56,39,17
previously_available,56,45,11
extremely_creative,56,53,3
morally_ambiguous,56,52,4
less_prone,56,51,5
really_basic,56,19,37
as_entertaining,56,55,1
plain_ridiculous,56,56,0
more_masculine,56,29,27
hauntingly_beautiful,56,38,18
still_free,56,56,0
more_scared,56,54,2
as_elusive,56,21,35
even_crazy,56,55,1
more_consequential,55,14,41
so_intricate,55,34,21
heavily_armed,55,53,2
absolutely_thrilled,55,55,0
outright_wrong,55,55,0
even_equal,55,55,0
more_accustomed,55,34,21
more_assertive,55,41,14
as_pure,55,30,25
also_useful,55,53,2
fully_present,55,53,2
so_higher,55,55,0
openly_critical,55,54,1
more_applicable,55,44,11
more_damning,55,35,20
more_courageous,55,48,7
very_hostile,55,51,4
more_trustworthy,55,36,19
quite_pleasant,55,52,3
quite_active,55,55,0
as_shallow,55,35,20
more_passive,55,38,17
also_worth,55,48,7
notoriously_difficult,55,51,4
so_free,55,43,12
very_bold,55,37,18
very_remote,55,46,9
pretty_accurate,55,54,1
incredibly_kind,55,53,2
really_disturbing,55,19,36
downright_offensive,55,53,2
very_organized,55,51,4
really_curious,55,50,5
plain_awful,55,54,1
super_expensive,55,51,4
longer_willing,55,52,3
incredibly_fun,55,38,17
n't_interesting,55,55,0
completely_unable,55,49,6
really_bizarre,55,18,37
really_attractive,55,26,29
even_surprising,55,53,2
even_suicidal,55,55,0
too_sharp,55,54,1
as_confused,55,53,2
incredibly_dangerous,55,39,16
vaguely_similar,55,8,47
most_profitable,55,53,2
less_violent,55,34,21
too_raw,55,51,4
less_toxic,55,34,21
rather_expensive,55,53,2
extremely_intelligent,55,49,6
as_bizarre,55,19,36
legally_blind,55,51,4
too_bold,55,55,0
less_sophisticated,55,47,8
practically_impossible,55,52,3
too_bizarre,55,50,5
so_alien,55,25,30
quite_shocked,55,54,1
still_unaccounted,55,50,5
seemingly_contradictory,55,51,4
really_intense,55,39,16
more_irritating,55,46,9
quite_substantial,55,44,11
always_open,55,55,0
more_muscular,55,43,12
too_upset,55,55,0
significantly_more,55,43,12
so_elusive,55,33,22
really_painful,55,40,15
already_sick,55,49,6
relatively_similar,55,45,10
less_scary,54,35,19
plain_ignorant,54,54,0
more_older,54,51,3
completely_invisible,54,51,3
almost_invisible,54,50,4
as_black,54,45,9
pretty_hilarious,54,54,0
very_feminine,54,37,17
slightly_negative,54,49,5
so_black,54,49,5
also_willing,54,52,2
seemingly_small,54,16,38
pretty_powerful,54,32,22
as_sacred,54,7,47
as_pleasant,54,41,13
really_healthy,54,34,20
as_relaxed,54,53,1
incredibly_popular,54,52,2
now_obsolete,54,53,1
very_overweight,54,54,0
crucially_important,54,37,17
more_invasive,54,39,15
pretty_short,54,51,3
now_subject,54,52,2
really_clear,54,48,6
more_agreeable,54,33,21
pretty_ugly,54,51,3
oddly_familiar,54,12,42
quite_friendly,54,52,2
extremely_cautious,54,54,0
completely_black,54,52,2
quite_right,54,44,10
not_lucky,54,50,4
fully_human,54,46,8
so_depressing,54,45,9
already_perfect,54,50,4
even_logical,54,54,0
only_worth,54,52,2
as_elegant,54,29,25
always_busy,54,53,1
profoundly_different,54,14,40
as_fancy,54,48,6
overly_ambitious,54,53,1
still_uncertain,54,53,1
too_oily,54,54,0
overly_simplistic,54,53,1
particularly_fond,54,52,2
so_sophisticated,54,35,19
financially_dependent,54,53,1
still_worried,54,54,0
financially_independent,54,53,1
very_substantial,54,28,26
well_intentioned,54,49,5
as_despicable,54,4,50
just_unsure,54,53,1
more_compatible,54,22,32
not_essential,54,46,8
as_casual,54,34,20
otherwise_disrespectful,54,54,0
extremely_strong,54,49,5
absolutely_certain,54,50,4
likely_familiar,54,53,1
extremely_unlikely,54,46,8
already_pregnant,54,54,0
extremely_violent,54,52,2
extremely_wealthy,54,46,8
really_compelling,53,11,42
too_exciting,53,51,2
equally_powerful,53,34,19
very_unfavorable,53,53,0
so_harsh,53,41,12
very_authentic,53,36,17
very_tiny,53,42,11
quite_stressful,53,52,1
more_legitimate,53,43,10
so_captivating,53,23,30
equally_ridiculous,53,7,46
highly_selective,53,53,0
utterly_unique,53,9,44
not_illegal,53,49,4
much_wider,53,35,18
emotionally_abusive,53,53,0
quite_satisfying,53,11,42
quite_pricey,53,53,0
highly_popular,53,53,0
super_close,53,52,1
n't_normal,53,53,0
n't_free,53,53,0
really_creepy,53,30,23
substantially_lower,53,51,2
not_dependent,53,43,10
so_insane,53,29,24
so_diverse,53,46,7
really_excellent,53,47,6
so_ambitious,53,22,31
more_official,53,9,44
easily_able,53,53,0
deeply_skeptical,53,51,2
n't_ideal,53,53,0
so_integral,53,16,37
entirely_separate,53,13,40
too_dramatic,53,51,2
very_secure,53,50,3
quite_appealing,53,28,25
even_unnecessary,53,52,1
completely_alien,53,17,36
even_absurd,53,52,1
more_overt,53,43,10
extremely_frustrating,53,50,3
extremely_exciting,53,36,17
even_unsafe,53,52,1
strikingly_different,53,33,20
too_pessimistic,53,53,0
even_detrimental,53,52,1
even_sexual,53,52,1
medically_wrong,53,16,37
simply_different,53,53,0
perhaps_impossible,53,51,2
clearly_better,53,48,5
fully_accessible,53,53,0
very_humbling,53,36,17
all_available,53,47,6
otherwise_ineligible,53,53,0
pretty_active,53,53,0
fully_compliant,53,53,0
around_good,53,52,1
so_memorable,53,38,15
as_consistent,53,46,7
as_best,53,41,12
less_glamorous,53,27,26
directly_proportional,53,53,0
considerably_higher,53,52,1
wholly_original,53,16,37
even_hotter,53,31,22
quite_deep,53,36,17
very_engaging,53,37,16
very_flat,53,51,2
more_thankful,53,53,0
truly_revolutionary,53,4,49
less_conventional,53,19,34
as_advanced,52,45,7
far_grander,52,4,48
remotely_similar,52,8,44
so_sacred,52,12,40
more_rugged,52,11,41
more_safe,52,36,16
seemingly_innocuous,52,12,40
very_dull,52,46,6
even_low,52,52,0
pretty_useful,52,46,6
as_knowledgeable,52,29,23
even_concerned,52,51,1
even_worried,52,52,0
very_ancient,52,26,26
truly_horrible,52,11,41
very_extreme,52,39,13
n't_related,52,52,0
so_drastic,52,13,39
just_slow,52,52,0
overtly_sexual,52,41,11
very_green,52,50,2
more_dense,52,38,14
more_scientific,52,25,27
totally_useless,52,47,5
more_deliberate,52,23,29
forever_grateful,52,52,0
more_unpleasant,52,33,19
even_invisible,52,52,0
quite_natural,52,32,20
quite_recent,52,48,4
even_embarrassing,52,51,1
very_pale,52,50,2
most_innovative,52,52,0
even_fearful,52,52,0
absolutely_hilarious,52,46,6
damn_close,52,44,8
too_stressful,52,52,0
even_malicious,52,52,0
else_better,52,2,50
so_destructive,52,16,36
more_protective,52,39,13
even_rarer,52,16,36
really_long,52,51,1
so_accommodating,52,50,2
not_less,52,52,0
as_necessary,52,39,13
rather_unexpected,52,12,40
really_poor,52,50,2
absolutely_clear,52,46,6
pretty_hot,52,45,7
even_romantic,52,43,9
so_cynical,52,46,6
deliberately_misleading,52,51,1
quite_brilliant,52,39,13
rather_similar,52,26,26
not_responsive,52,52,0
too_radical,52,50,2
very_energetic,52,49,3
really_successful,52,37,15
too_controversial,52,44,8
even_old,52,52,0
more_close,52,27,25
even_multiple,52,52,0
more_cool,52,44,8
truly_epic,52,14,38
really_radical,52,11,41
more_american,52,34,18
pretty_smart,52,42,10
terribly_sad,52,30,22
more_eye-catching,52,25,27
otherwise_interesting,52,51,1
too_lax,52,51,1
as_tasty,52,35,17
very_unfair,52,43,9
not_honest,52,50,2
more_colourful,52,33,19
more_cohesive,52,16,36
completely_transparent,52,49,3
more_humorous,52,40,12
less_human,52,37,15
less_sensitive,51,47,4
very_relieved,51,51,0
really_appealing,51,16,35
far_smaller,51,36,15
even_humorous,51,50,1
utterly_ridiculous,51,31,20
economically_viable,51,46,5
less_sweet,51,18,33
remotely_interested,51,30,21
previously_unseen,51,40,11
very_primitive,51,23,28
too_depressing,51,49,2
so_damned,51,45,6
more_mellow,51,27,24
totally_unknown,51,26,25
truly_evil,51,16,35
literally_true,51,51,0
n't_healthy,51,51,0
n't_helpful,51,51,0
so_unbelievable,51,33,18
severely_wrong,51,18,33
more_exhilarating,51,37,14
emotionally_unstable,51,48,3
relatively_quiet,51,47,4
maybe_large,51,51,0
also_related,51,51,0
so_classic,51,16,35
that_difficult,51,31,20
really_rich,51,30,21
very_noticeable,51,41,10
more_awful,51,32,19
absolutely_unique,51,19,32
more_regular,51,27,24
as_magical,51,16,35
very_toxic,51,47,4
really_huge,51,18,33
very_deserving,51,47,4
most_beneficial,51,49,2
more_revealing,51,37,14
especially_interesting,51,32,19
even_disturbing,51,48,3
really_loud,51,38,13
pretty_disappointed,51,51,0
most_athletic,51,51,0
just_black,51,50,1
especially_difficult,51,45,6
pretty_ridiculous,51,48,3
very_unsettling,51,19,32
more_religious,51,45,6
intentionally_misleading,51,50,1
more_tasty,51,33,18
also_necessary,51,51,0
so_secretive,51,46,5
exclusively_available,51,47,4
still_close,51,50,1
fiscally_responsible,51,45,6
remotely_related,51,15,36
also_responsible,51,51,0
gravely_wrong,51,35,16
pretty_low,51,48,3
maybe_several,51,50,1
not_simple,51,49,2
too_horrible,51,35,16
gravely_ill,51,47,4
too_normal,51,50,1
still_worse,51,45,6
highly_vulnerable,51,51,0
really_dramatic,51,10,41
totally_cool,51,34,17
pretty_impressed,51,51,0
truly_useful,51,12,39
even_entertaining,51,51,0
so_selfish,51,43,8
very_mindful,51,47,4
even_enough,51,51,0
also_capable,51,51,0
highly_satisfied,51,51,0
as_unusual,51,17,34
completely_anonymous,51,49,2
extremely_kind,50,50,0
very_problematic,50,45,5
more_low-key,50,12,38
primarily_concerned,50,48,2
very_british,50,24,26
slightly_wavy,50,50,0
downright_crazy,50,50,0
very_likeable,50,41,9
most_simple,50,50,0
even_slow,50,50,0
politically_expedient,50,47,3
really_similar,50,33,17
completely_happy,50,47,3
even_tragic,50,43,7
even_unaware,50,50,0
completely_clear,50,49,1
potentially_deadly,50,43,7
extremely_costly,50,50,0
potentially_embarrassing,50,37,13
totally_crazy,50,33,17
about_equal,50,50,0
plain_odd,50,49,1
previously_unpublished,50,45,5
less_busy,50,43,7
really_kind,50,48,2
rather_wonderful,50,12,38
very_artistic,50,39,11
rather_vague,50,45,5
decidedly_different,50,4,46
not_powerful,50,50,0
as_incredible,50,11,39
quite_sophisticated,50,45,5
highly_addictive,50,48,2
not_large,50,50,0
more_disgusting,50,40,10
quite_intense,50,44,6
deeply_disappointed,50,50,0
even_full,50,50,0
quite_straightforward,50,46,4
surprisingly_easy,50,50,0
as_spectacular,50,19,31
always_nice,50,48,2
even_hazardous,50,50,0
unintentionally_hilarious,50,49,1
quite_technical,50,47,3
unintentionally_funny,50,45,5
really_unexpected,50,7,43
significantly_political,50,50,0
as_positive,50,32,18
so_sanguine,50,50,0
otherwise_sensitive,50,50,0
simply_relaxing,50,50,0
so_genuine,50,29,21
otherwise_necessary,50,50,0
so_pointless,50,27,23
so_pleasing,50,30,20
as_unpredictable,50,28,22
not_cheap,50,49,1
fundamentally_new,50,2,48
so_flat,50,43,7
highly_profitable,50,50,0
quite_proud,50,47,3
quite_radical,50,28,22
significantly_smaller,50,47,3
really_tight,50,42,8
nearly_naked,50,49,1
more_sincere,50,31,19
fairly_clear,50,47,3
as_competitive,50,37,13
still_ok,50,48,2
much_wiser,50,18,32
as_conservative,50,29,21
even_partial,50,50,0
more_gradual,50,40,10
more_fancy,50,11,39
plain_bored,50,50,0
so_uptight,50,48,2
so_lonely,50,44,6
fairly_high,50,42,8
quite_fond,50,50,0
quite_graphic,50,49,1
as_extensive,50,38,12
very_sincere,50,45,5
as_dull,50,28,22
not_transparent,50,48,2
not_satisfactory,50,50,0
not_shy,50,48,2
just_easy,49,46,3
too_vivid,49,49,0
so_precise,49,40,9
quite_extensive,49,47,2
pretty_sad,49,48,1
just_dead,49,49,0
not_sick,49,47,2
now_eligible,49,49,0
genuinely_interesting,49,16,33
as_sick,49,33,16
quite_creative,49,48,1
pretty_rough,49,49,0
exceedingly_rare,49,31,18
too_inexperienced,49,48,1
slightly_warm,49,47,2
just_clueless,49,49,0
so_hectic,49,49,0
not_knowledgeable,49,48,1
around_amazing,49,49,0
as_productive,49,40,9
visually_pleasing,49,38,11
incredibly_strong,49,46,3
about_easy,49,49,0
fully_open,49,49,0
more_harder,49,49,0
very_noble,49,31,18
almost_white,49,49,0
as_aggressive,49,33,16
more_ephemeral,49,11,38
quite_violent,49,47,2
very_shallow,49,47,2
real_bad,49,22,27
more_humiliating,49,40,9
extremely_welcoming,49,49,0
so_delighted,49,49,0
extremely_stressful,49,47,2
too_ordinary,49,47,2
rather_easy,49,42,7
extremely_slow,49,49,0
rather_remarkable,49,14,35
too_ridiculous,49,45,4
completely_ready,49,47,2
even_realistic,49,49,0
so_chic,49,18,31
much_healthier,49,44,5
so_tender,49,25,24
so_embarrassing,49,30,19
fully_conscious,49,49,0
potentially_toxic,49,42,7
quite_other,49,2,47
so_alive,49,34,15
so_alluring,49,12,37
even_correct,49,49,0
predominantly_white,49,45,4
so_remote,49,37,12
really_enthusiastic,49,49,0
really_embarrassing,49,21,28
even_reasonable,49,48,1
fiercely_loyal,49,48,1
even_fair,49,49,0
incredibly_good,49,46,3
more_disconcerting,49,42,7
more_impossible,49,43,6
just_naive,49,49,0
hilariously_funny,49,46,3
as_worthy,49,32,17
so_entertaining,49,37,12
truly_grateful,49,48,1
more_reprehensible,49,46,3
more_magnificent,49,23,26
more_particular,49,30,19
more_tense,49,45,4
more_upset,49,49,0
more_surprised,49,49,0
almost_full,49,49,0
very_jealous,49,47,2
all_different,49,48,1
largely_unknown,48,46,2
less_noticeable,48,40,8
equally_deserving,48,45,3
incredibly_funny,48,36,12
as_dead,48,42,6
less_complete,48,45,3
very_calming,48,11,37
actually_real,48,46,2
harshly_critical,48,45,3
very_unhealthy,48,39,9
probably_more,48,43,5
not_beneficial,48,48,0
even_intimidating,48,48,0
very_outspoken,48,45,3
truly_interested,48,37,11
more_miserable,48,43,5
simply_incorrect,48,48,0
more_small,48,47,1
instantly_recognisable,48,43,5
actually_funny,48,38,10
completely_devoid,48,41,7
still_upset,48,46,2
quite_silly,48,42,6
so_loyal,48,42,6
extremely_tired,48,48,0
truly_shocking,48,28,20
morally_superior,48,45,3
quite_obscure,48,45,3
even_advisable,48,48,0
very_misleading,48,46,2
very_evil,48,14,34
so_awkward,48,40,8
far_enough,48,46,2
so_elaborate,48,32,16
very_preliminary,48,48,0
so_tense,48,45,3
very_poignant,48,21,27
quite_controversial,48,42,6
completely_harmless,48,32,16
only_true,48,47,1
as_vulnerable,48,33,15
as_nebulous,48,7,41
just_confusing,48,48,0
more_affluent,48,45,3
as_professional,48,32,16
even_visible,48,48,0
not_careful,48,48,0
even_guilty,48,48,0
even_comfortable,48,47,1
especially_interested,48,46,2
very_mature,48,46,2
not_competent,48,47,1
more_decisive,48,26,22
so_relaxing,48,17,31
pretty_entertaining,48,46,2
very_upbeat,48,48,0
just_unwilling,48,48,0
less_subtle,48,33,15
very_fit,48,48,0
pretty_nervous,48,45,3
somewhat_worried,48,48,0
very_first,48,47,1
pretty_healthy,48,46,2
rather_new,48,24,24
specifically_related,48,28,20
totally_absent,48,47,1
more_long-term,48,17,31
more_prestigious,48,27,21
too_windy,48,48,0
deeply_offensive,48,38,10
more_hard,48,42,6
more_gruesome,48,34,14
still_bitter,48,46,2
most_unexpected,48,41,7
even_weirder,48,13,35
n't_confident,48,48,0
even_wise,48,48,0
publicly_accessible,48,48,0
so_hopeful,48,40,8
more_right,48,47,1
so_brutal,48,29,19
much_weaker,48,38,10
much_tougher,48,32,16
even_cute,48,47,1
less_dense,48,40,8
almost_new,48,45,3
perfectly_willing,48,47,1
so_convinced,48,46,2
equally_poor,48,47,1
very_responsible,48,43,5
very_remarkable,48,16,32
more_calm,48,38,10
so_motivated,48,41,7
physically_ill,47,47,0
almost_comical,47,31,16
so_blatant,47,32,15
as_clueless,47,39,8
very_genuine,47,30,17
more_public,47,36,11
blatantly_false,47,42,5
as_comprehensive,47,35,12
too_relatable,47,46,1
truly_horrific,47,25,22
uniquely_american,47,8,39
not_productive,47,46,1
more_inventive,47,23,24
so_unpredictable,47,37,10
incredibly_positive,47,33,14
more_joyful,47,35,12
as_destructive,47,24,23
as_ephemeral,47,5,42
completely_unacceptable,47,38,9
more_unbearable,47,45,2
far_short,47,26,21
very_informal,47,44,3
so_lacking,47,31,16
very_appropriate,47,41,6
so_lazy,47,43,4
more_thick,47,45,2
really_wild,47,17,30
absolutely_correct,47,44,3
more_youthful,47,33,14
personally_meaningful,47,17,30
so_superficial,47,21,26
so_younger,47,46,1
incredibly_sad,47,40,7
more_definite,47,6,41
too_messy,47,47,0
too_scarce,47,47,0
plain_strange,47,47,0
counter_productive,47,45,2
just_brilliant,47,45,2
even_social,47,47,0
only_relevant,47,41,6
completely_full,47,46,1
n't_visible,47,47,0
still_awake,47,46,1
commercially_successful,47,45,2
even_ashamed,47,47,0
so_disturbing,47,20,27
very_shocking,47,32,15
so_public,47,31,16
completely_blind,47,44,3
very_selfish,47,43,4
somewhat_confident,47,47,0
potentially_illegal,47,45,2
even_upset,47,47,0
even_double,47,47,0
economically_feasible,47,45,2
so_deadly,47,23,24
very_relatable,47,31,16
significantly_larger,47,42,5
quite_satisfied,47,46,1
more_weird,47,37,10
more_innocuous,47,6,41
pretty_lame,47,45,2
very_superficial,47,43,4
extremely_likely,47,47,0
as_generous,47,39,8
morally_bankrupt,47,46,1
incredibly_welcoming,47,46,1
as_warm,47,36,11
highly_valuable,47,39,8
morally_acceptable,47,44,3
so_meaningless,47,21,26
most_intelligent,47,47,0
also_applicable,47,45,2
definitely_amiss,47,44,3
previously_unheard,47,17,30
actually_willing,47,43,4
incredibly_happy,47,45,2
so_casual,47,32,15
purely_cosmetic,46,44,2
so_respectful,46,45,1
even_commercial,46,46,0
very_vital,46,19,27
as_innovative,46,18,28
even_christian,46,46,0
so_sharp,46,40,6
more_high,46,45,1
as_harmful,46,42,4
certainly_better,46,46,0
as_private,46,27,19
now_worth,46,46,0
considerably_more,46,35,11
very_distracting,46,46,0
fiercely_competitive,46,45,1
deadly_serious,46,37,9
too_inconvenient,46,45,1
well_familiar,46,42,4
also_suitable,46,46,0
more_pessimistic,46,42,4
as_general,46,36,10
as_monumental,46,8,38
so_pervasive,46,32,14
as_minimal,46,22,24
even_emotional,46,46,0
particularly_bad,46,39,7
more_pathetic,46,41,5
seemingly_trivial,46,19,27
as_dynamic,46,22,24
n't_cool,46,46,0
quite_negative,46,37,9
very_same,46,45,1
more_creepy,46,37,9
too_confused,46,46,0
even_useless,46,46,0
most_satisfying,46,46,0
equally_qualified,46,38,8
seemingly_random,46,37,9
completely_aware,46,44,2
too_sticky,46,46,0
not_compliant,46,46,0
even_probable,46,46,0
so_fat,46,44,2
so_energetic,46,38,8
even_rational,46,46,0
extremely_negative,46,37,9
incredibly_sweet,46,27,19
not_caring,46,44,2
however_old,46,44,2
completely_optional,46,44,2
more_contentious,46,38,8
n't_better,46,46,0
extremely_wrong,46,22,24
technically_possible,46,44,2
incredibly_wrong,46,16,30
more_heinous,46,25,21
as_dry,46,35,11
very_evident,46,37,9
nearly_equal,46,44,2
very_unpredictable,46,44,2
more_savory,46,14,32
aesthetically_appealing,46,36,10
longer_possible,46,45,1
equally_useful,46,37,9
nearly_flat,46,46,0
as_surprised,46,46,0
downright_boring,46,46,0
extremely_cheap,46,41,5
even_obsolete,46,46,0
less_direct,46,39,7
pretty_strange,46,39,7
as_costly,46,40,6
more_rich,46,30,16
certainly_true,46,44,2
n't_serious,46,46,0
just_cold,45,44,1
more_enlightened,45,34,11
so_bored,45,44,1
not_positive,45,41,4
simply_untrue,45,45,0
more_indulgent,45,15,30
very_dense,45,41,4
more_exceptional,45,36,9
more_vicious,45,31,14
rather_surprising,45,26,19
too_black,45,43,2
even_coherent,45,45,0
too_awkward,45,44,1
actually_worse,45,43,2
more_hazardous,45,39,6
so_chaotic,45,38,7
already_active,45,45,0
as_keen,45,40,5
even_catastrophic,45,43,2
so_exhausting,45,43,2
so_arrogant,45,42,3
quite_aggressive,45,43,2
currently_unavailable,45,44,1
too_incompetent,45,45,0
most_meaningful,45,44,1
highly_dangerous,45,41,4
inherently_different,45,15,30
not_trustworthy,45,44,1
simply_incapable,45,45,0
highly_amusing,45,41,4
quite_interested,45,43,2
more_truthful,45,31,14
not_most,45,33,12
very_visual,45,30,15
so_ill,45,32,13
not_optimal,45,45,0
not_proud,45,44,1
currently_underway,45,42,3
even_conscious,45,45,0
easily_obtainable,45,43,2
very_sudden,45,43,2
more_outstanding,45,27,18
quite_stunning,45,34,11
intellectually_dishonest,45,42,3
relatively_common,45,33,12
as_poor,45,39,6
very_stylish,45,35,10
real_close,45,34,11
highly_productive,45,44,1
as_useless,45,16,29
not_catholic,45,44,1
highly_skeptical,45,43,2
very_tasteful,45,38,7
morally_repugnant,45,33,12
more_decadent,45,15,30
not_dangerous,45,43,2
more_white,45,43,2
perfectly_good,45,36,9
less_sure,45,42,3
more_sacred,45,30,15
pretty_friendly,45,45,0
so_shallow,45,29,16
really_horny,45,43,2
as_brave,45,24,21
more_questionable,45,38,7
absolutely_false,45,45,0
just_open,45,45,0
truly_terrifying,45,10,35
extremely_rich,45,40,5
very_alluring,45,18,27
financially_responsible,45,43,2
pretty_clever,45,37,8
fairly_certain,45,44,1
even_flat,45,45,0
just_odd,45,45,0
extremely_toxic,45,43,2
totally_ignorant,45,39,6
factually_correct,45,44,1
really_drunk,45,45,0
still_hot,45,45,0
still_important,45,45,0
really_grateful,45,44,1
even_disastrous,45,44,1
slightly_overweight,45,43,2
even_critical,45,45,0
out_loud,45,45,0
all_dead,45,45,0
very_black,45,42,3
too_modern,45,39,6
totally_naked,45,44,1
fairly_short,45,44,1
more_keen,45,45,0
very_firm,45,42,3
really_honest,45,33,12
perhaps_medium,44,44,0
totally_foreign,44,9,35
really_bright,44,33,11
currently_pregnant,44,43,1
very_worthy,44,41,3
so_toxic,44,24,20
not_friendly,44,43,1
deathly_afraid,44,43,1
pretty_surprised,44,44,0
technically_challenging,44,42,2
more_blunt,44,41,3
perfectly_imperfect,44,41,3
as_sexy,44,26,18
highly_efficient,44,41,3
quite_frustrating,44,41,3
quite_intriguing,44,27,17
not_quiet,44,43,1
even_lesser,44,44,0
uniquely_beautiful,44,23,21
not_reasonable,44,43,1
just_upset,44,44,0
inherently_funny,44,9,35
very_temporary,44,36,8
simply_perfect,44,44,0
slightly_shorter,44,41,3
too_sophisticated,44,43,1
so_epic,44,24,20
very_slight,44,43,1
also_active,44,44,0
extremely_generous,44,43,1
plain_old,44,44,0
more_moral,44,42,2
too_enthusiastic,44,43,1
nearly_ready,44,44,0
plain_relaxing,44,44,0
even_sick,44,44,0
sometimes_impossible,44,44,0
even_sympathetic,44,44,0
extremely_detailed,44,41,3
too_shocked,44,44,0
too_desperate,44,40,4
more_digestible,44,12,32
very_touching,44,33,11
more_sensual,44,14,30
super_proud,44,43,1
more_crowded,44,42,2
largely_irrelevant,44,43,1
easily_reachable,44,40,4
not_worthwhile,44,41,3
potentially_offensive,44,36,8
so_white,44,38,6
potentially_lethal,44,41,3
equally_applicable,44,43,1
more_shameful,44,37,7
directly_competitive,44,44,0
completely_comfortable,44,37,7
n't_ok,44,44,0
less_specific,44,21,23
even_right,44,44,0
very_civilized,44,40,4
equally_exciting,44,16,28
just_necessary,44,44,0
quite_daunting,44,43,1
less_educated,44,38,6
as_flexible,44,35,9
as_foolish,44,11,33
always_possible,44,41,3
considerably_lower,44,40,4
even_easy,44,44,0
more_green,44,36,8
more_graphic,44,27,17
even_bizarre,44,43,1
as_gentle,44,29,15
pretty_drunk,44,44,0
as_permanent,44,25,19
much_taller,44,35,9
too_limited,44,42,2
fiercely_protective,44,40,4
pretty_enough,44,44,0
most_generous,44,44,0
terribly_exciting,44,34,10
more_global,44,25,19
very_amazing,44,27,17
strictly_necessary,44,44,0
theoretically_possible,44,41,3
way_worse,44,28,16
more_preferable,44,40,4
super_soft,44,40,4
uncomfortably_close,44,35,9
too_awful,44,29,15
more_insane,44,32,12
still_wary,44,44,0
very_blessed,44,44,0
even_creepy,44,43,1
partially_open,44,44,0
just_incompetent,44,44,0
more_overdue,44,44,0
simply_good,44,44,0
as_complete,43,38,5
intellectually_stimulating,43,34,9
too_repetitive,43,43,0
only_present,43,41,2
downright_embarrassing,43,43,0
downright_strange,43,43,0
pretty_self-explanatory,43,43,0
more_indicative,43,33,10
too_alkaline,43,43,0
even_unpleasant,43,42,1
financially_secure,43,41,2
pretty_relaxed,43,41,2
directly_applicable,43,40,3
even_private,43,43,0
even_vegetarian,43,42,1
so_focused,43,42,1
so_wet,43,40,3
so_ancient,43,21,22
as_volatile,43,13,30
less_favorable,43,37,6
highly_suspect,43,38,5
pretty_wild,43,35,8
too_mature,43,38,5
too_effective,43,43,0
even_short,43,43,0
purely_decorative,43,40,3
mentally_wrong,43,9,34
as_inexpensive,43,25,18
even_serious,43,42,1
quite_steep,43,43,0
strictly_confidential,43,43,0
very_destructive,43,35,8
more_lovely,43,36,7
solely_responsible,43,40,3
very_intimidating,43,35,8
super_awesome,43,28,15
less_competitive,43,41,2
simply_concerned,43,43,0
highly_variable,43,43,0
as_messy,43,25,18
more_subversive,43,17,26
very_hesitant,43,43,0
very_scientific,43,40,3
downright_cruel,43,42,1
really_more,43,42,1
most_attractive,43,42,1
much_brighter,43,26,17
socially_inept,43,41,2
more_mobile,43,26,17
more_hurtful,43,41,2
equally_strong,43,38,5
especially_useful,43,33,10
extremely_tough,43,36,7
especially_helpful,43,39,4
more_balanced,43,18,25
now_willing,43,43,0
particularly_helpful,43,37,6
too_distracting,43,42,1
criminally_negligent,43,42,1
quite_hilarious,43,39,4
perfectly_okay,43,43,0
so_innocuous,43,7,36
severely_ill,43,43,0
obviously_false,43,29,14
n't_certain,43,43,0
almost_clear,43,43,0
fairly_important,43,25,18
more_chaotic,43,27,16
wickedly_funny,43,42,1
immediately_accessible,43,35,8
perhaps_greater,43,40,3
really_clean,43,35,8
unduly_burdensome,43,43,0
so_corrupt,43,36,7
really_careful,43,43,0
consciously_aware,43,43,0
so_joyful,43,25,18
just_stunning,43,42,1
pretty_aware,43,43,0
so_temporary,43,35,8
n't_acceptable,43,43,0
even_inappropriate,43,43,0
very_worst,43,43,0
so_intelligent,43,19,24
not_stable,43,42,1
more_adorable,43,40,3
even_moral,43,43,0
very_sacred,43,5,38
kinda_cool,43,29,14
so_attentive,43,42,1
super_sexy,43,25,18
less_involved,43,37,6
extremely_worried,43,42,1
so_generic,43,31,12
not_gay,43,43,0
still_capable,43,42,1
actually_beneficial,43,40,3
n't_complete,43,43,0
super_talented,43,42,1
very_obscure,43,38,5
still_useful,43,41,2
too_graphic,43,43,0
more_understated,43,10,33
longer_effective,43,43,0
too_complacent,43,42,1
very_alarming,43,28,15
as_substantial,43,11,32
more_virtuous,42,36,6
pretty_tame,42,42,0
rather_nice,42,27,15
more_fresh,42,24,18
deeply_spiritual,42,20,22
politically_difficult,42,42,0
less_fun,42,34,8
potentially_serious,42,37,5
so_convoluted,42,39,3
more_red,42,38,4
rather_dull,42,41,1
pretty_confusing,42,41,1
more_faithful,42,38,4
potentially_violent,42,42,0
rather_complicated,42,39,3
n't_dead,42,42,0
quite_upset,42,42,0
roughly_equal,42,41,1
less_knowledgeable,42,34,8
slightly_alkaline,42,42,0
less_competent,42,33,9
even_warm,42,42,0
n't_compatible,42,42,0
too_daunting,42,41,1
just_gorgeous,42,42,0
more_nimble,42,31,11
more_enchanting,42,34,8
so_thrilling,42,21,21
more_outlandish,42,23,19
as_practical,42,21,21
very_daunting,42,41,1
particularly_memorable,42,36,6
downright_ridiculous,42,42,0
more_precarious,42,40,2
as_fantastic,42,17,25
fairly_young,42,39,3
particularly_challenging,42,34,8
not_valuable,42,41,1
more_angry,42,40,2
quite_excellent,42,41,1
indeed_true,42,42,0
fairly_unique,42,18,24
quite_frightening,42,31,11
not_proper,42,41,1
quite_basic,42,33,9
mildly_interesting,42,25,17
absolutely_fabulous,42,34,8
as_momentous,42,7,35
otherwise_unpleasant,42,42,0
outright_bearish,42,42,0
so_senseless,42,8,34
simply_bored,42,42,0
fundamentally_important,42,10,32
as_modest,42,12,30
so_pathetic,42,28,14
so_silent,42,36,6
even_friendly,42,42,0
just_cheap,42,42,0
even_american,42,41,1
well_pleased,42,42,0
more_overweight,42,41,1
just_awkward,42,42,0
truly_significant,42,1,41
more_streamlined,42,14,28
so_unfamiliar,42,29,13
perfectly_valid,42,41,1
n't_worthy,42,42,0
still_hopeful,42,42,0
physically_strong,42,42,0
definitely_different,42,29,13
plain_creepy,42,42,0
not_bright,42,41,1
more_devious,42,11,31
still_human,42,40,2
quite_sensitive,42,40,2
not_advisable,42,40,2
still_missing,42,27,15
completely_missing,42,41,1
plain_lucky,42,42,0
intellectually_challenging,42,32,10
very_stiff,42,39,3
so_enticing,42,21,21
as_appropriate,42,39,3
still_full,42,39,3
tremendously_important,42,27,15
so_welcome,42,39,3
highly_active,42,42,0
personally_responsible,42,41,1
highly_beneficial,42,40,2
fairly_basic,42,35,7
as_curious,42,35,7
not_functional,42,42,0
not_forthcoming,42,41,1
perilously_close,42,30,12
not_fast,42,42,0
extremely_uncomfortable,42,39,3
still_okay,42,42,0
highly_improbable,42,33,9
too_frail,42,42,0
equally_stupid,42,10,32
likely_aware,42,42,0
more_custom,42,5,37
very_terrible,42,13,29
so_fleeting,42,35,7
even_challenging,42,42,0
as_potent,42,31,11
incredibly_passionate,42,41,1
deeply_meaningful,42,20,22
deeply_human,42,8,34
most_surprising,42,42,0
really_familiar,42,20,22
basically_wrong,42,17,25
most_frustrating,42,42,0
blindingly_obvious,42,29,13
most_unique,42,41,1
most_entertaining,42,41,1
really_bored,42,41,1
more_worse,42,38,4
most_serious,42,41,1
slightly_sweet,42,27,15
really_confused,42,42,0
more_likable,42,33,9
very_pricey,42,42,0
supremely_confident,42,39,3
more_intentional,42,27,15
very_believable,42,40,2
more_intellectual,41,20,21
super_smart,41,38,3
relatively_recent,41,34,7
fiscally_conservative,41,39,2
genuinely_different,41,1,40
so_aware,41,36,5
quite_astonishing,41,20,21
just_lovely,41,41,0
very_handsome,41,38,3
so_stressful,41,35,6
as_prosaic,41,0,41
most_passionate,41,40,1
more_narrow,41,31,10
less_intimidating,41,30,11
just_overwhelming,41,40,1
mobile_friendly,41,39,2
barely_literate,41,38,3
pretty_complicated,41,41,0
incredibly_frustrating,41,37,4
partially_responsible,41,40,1
so_ashamed,41,41,0
really_willing,41,36,5
oddly_comforting,41,4,37
even_funnier,41,27,14
well_short,41,19,22
more_strenuous,41,22,19
painfully_familiar,41,35,6
n't_apparent,41,41,0
too_trivial,41,37,4
more_perilous,41,29,12
more_frustrated,41,41,0
very_liberating,41,9,32
otherwise_questionable,41,41,0
so_calming,41,8,33
already_extinct,41,39,2
so_frivolous,41,9,32
so_frightening,41,22,19
already_famous,41,33,8
even_consistent,41,41,0
more_inexplicable,41,37,4
otherwise_unwanted,41,41,0
incredibly_boring,41,35,6
very_foreign,41,20,21
entirely_true,41,41,0
not_famous,41,38,3
most_profound,41,40,1
quite_memorable,41,30,11
n't_black,41,41,0
more_riveting,41,35,6
very_insightful,41,33,8
easily_preventable,41,37,4
very_deliberate,41,37,4
more_conceptual,41,17,24
very_uncertain,41,40,1
n't_concerned,41,41,0
just_able,41,40,1
actually_helpful,41,34,7
always_fun,41,39,2
deeply_sad,41,22,19
highly_contagious,41,36,5
quite_real,41,30,11
quite_compelling,41,33,8
ever_present,41,35,6
technically_difficult,41,40,1
very_senior,41,16,25
more_hardcore,41,16,25
so_horrifying,41,15,26
so_clueless,41,37,4
pretty_full,41,41,0
not_typical,41,24,17
too_political,41,40,1
more_eclectic,41,16,25
entirely_false,41,40,1
very_naive,41,37,4
more_articulate,41,30,11
too_humid,41,41,0
too_remote,41,40,1
quite_hot,41,38,3
even_orange,41,41,0
factually_wrong,41,33,8
extremely_polite,41,40,1
really_intriguing,41,15,26
so_innovative,41,18,23
as_simplistic,41,17,24
more_blue,41,40,1
very_valid,41,35,6
less_volatile,41,25,16
physically_handicapped,41,41,0
more_equitable,41,18,23
extremely_sad,41,35,6
really_awkward,41,28,13
quite_slow,41,40,1
very_questionable,41,39,2
all_fine,41,41,0
very_fearful,41,40,1
not_aggressive,41,41,0
also_subject,41,41,0
partly_responsible,41,39,2
as_white,41,39,2
so_transparent,41,34,7
quite_sick,41,40,1
very_tolerant,41,41,0
pretty_poor,41,41,0
simply_happy,41,41,0
too_picky,41,41,0
so_skilled,40,26,14
as_corrupt,40,32,8
very_generic,40,30,10
remarkably_different,40,26,14
very_therapeutic,40,15,25
probably_guilty,40,38,2
very_exotic,40,20,20
downright_odd,40,39,1
highly_influential,40,38,2
even_hateful,40,40,0
even_dark,40,39,1
so_wise,40,36,4
totally_original,40,11,29
more_forthcoming,40,37,3
more_usable,40,12,28
really_uncomfortable,40,34,6
downright_depressing,40,39,1
more_strong,40,34,6
even_pleasant,40,40,0
extremely_stupid,40,28,12
incredibly_sexy,40,16,24
wholly_unexpected,40,8,32
too_active,40,40,0
more_standard,40,17,23
really_negative,40,23,17
less_profitable,40,39,1
too_demanding,40,37,3
otherwise_uncomfortable,40,40,0
completely_confidential,40,39,1
equally_concerned,40,39,1
as_visible,40,25,15
medically_unnecessary,40,40,0
not_crazy,40,35,5
partly_right,40,39,1
not_busy,40,39,1
as_harsh,40,30,10
really_memorable,40,12,28
even_slower,40,38,2
always_interested,40,37,3
deeply_worried,40,39,1
equally_happy,40,38,2
perfectly_clean,40,39,1
incredibly_successful,40,38,2
extremely_comfortable,40,37,3
longer_present,40,39,1
just_simple,40,37,3
more_subjective,40,25,15
very_spacious,40,40,0
less_stable,40,34,6
less_available,40,37,3
even_fake,40,39,1
more_vigorous,40,21,19
more_instructive,40,40,0
completely_unavailable,40,40,0
extremely_confident,40,40,0
most_grateful,40,40,0
as_impressed,40,40,0
n't_pleased,40,40,0
plain_bizarre,40,40,0
very_disconcerting,40,27,13
downright_terrible,40,40,0
fairly_recent,40,33,7
absolutely_critical,40,29,11
more_fearful,40,34,6
most_advanced,40,37,3
not_accustomed,40,22,18
very_colourful,40,37,3
much_scarier,40,16,24
rather_hard,40,39,1
too_huge,40,35,5
more_improbable,40,30,10
more_attainable,40,17,23
as_remarkable,40,16,24
quite_advanced,40,37,3
so_hateful,40,23,17
really_profound,40,3,37
as_traumatic,40,3,37
entirely_other,40,8,32
not_fond,40,39,1
not_talented,40,40,0
simply_irrelevant,40,40,0
as_risky,40,16,24
genuinely_excited,40,40,0
not_negative,40,38,2
more_overwhelming,40,40,0
now_complete,40,40,0
incredibly_close,40,29,11
often_true,40,39,1
distantly_related,40,37,3
more_caring,40,35,5
as_predictable,40,24,16
even_best,40,40,0
really_refreshing,40,16,24
so_ludicrous,40,19,21
somewhat_higher,40,40,0
not_mature,40,39,1
absolutely_vital,40,26,14
too_white,40,39,1
pretty_cute,40,39,1
incredibly_detailed,40,37,3
more_hesitant,40,40,0
more_lovable,40,39,1
very_proper,40,38,2
more_risque,40,16,24
intimately_involved,40,29,11
absolutely_worth,40,36,4
so_poignant,40,15,25
too_terrible,40,25,15
more_gripping,40,37,3
very_playful,40,37,3
more_disheartening,39,34,5
plain_impossible,39,39,0
not_local,39,38,1
super_strong,39,38,1
so_ubiquitous,39,18,21
simply_lazy,39,39,0
more_muted,39,23,16
really_remarkable,39,3,36
now_clear,39,39,0
more_ruthless,39,27,12
currently_active,39,36,3
very_doable,39,33,6
deeply_familiar,39,16,23
slightly_warmer,39,34,5
just_pleased,39,39,0
so_stuck,39,38,1
rather_boring,39,34,5
extremely_familiar,39,27,12
rather_sad,39,32,7
truly_outstanding,39,19,20
partly_cloudy,39,39,0
too_green,39,39,0
very_cynical,39,35,4
pretty_remarkable,39,15,24
not_alright,39,39,0
particularly_unique,39,20,19
pretty_dumb,39,36,3
more_mystical,39,7,32
more_addictive,39,29,10
primarily_responsible,39,37,2
completely_worthless,39,36,3
absolutely_crazy,39,25,14
really_real,39,28,11
even_obvious,39,39,0
yet_unknown,39,26,13
quite_tough,39,37,2
very_enlightening,39,35,4
absolutely_crucial,39,26,13
not_skilled,39,37,2
more_large,39,37,2
more_attuned,39,25,14
more_audacious,39,16,23
so_disappointing,39,32,7
physically_able,39,37,2
culturally_relevant,39,31,8
physically_attractive,39,34,5
not_quick,39,39,0
downright_frightening,39,38,1
more_wild,39,16,23
really_rough,39,31,8
mostly_white,39,35,4
really_aware,39,39,0
extremely_nervous,39,39,0
slightly_yellow,39,39,0
really_yummy,39,25,14
less_flashy,39,6,33
very_durable,39,36,3
much_good,39,37,2
intimately_related,39,37,2
very_intricate,39,36,3
less_sinister,39,4,35
very_random,39,34,5
so_fake,39,36,3
more_dubious,39,33,6
very_stable,39,34,5
even_lucky,39,39,0
more_harsh,39,30,9
very_grand,39,25,14
really_tricky,39,39,0
more_irresistible,39,37,2
almost_non-existent,39,38,1
half_naked,39,38,1
n't_nice,39,39,0
equally_awesome,39,27,12
even_military,39,39,0
truly_equal,39,38,1
not_bleak,39,39,0
too_greedy,39,39,0
relatively_affordable,39,36,3
not_full,39,38,1
simply_stunning,39,37,2
just_bigger,39,38,1
relatively_large,39,36,3
very_affectionate,39,38,1
equally_successful,39,37,2
most_vocal,39,38,1
completely_custom,39,22,17
somewhat_favorable,39,39,0
remotely_interesting,39,21,18
equally_worthy,39,35,4
extremely_common,39,34,5
genetically_identical,39,37,2
simply_boring,39,39,0
really_complex,39,23,16
even_enjoyable,39,39,0
completely_absurd,39,24,15
as_involved,39,38,1
immediately_obvious,39,38,1
not_different,39,38,1
less_challenging,39,22,17
more_wide,39,38,1
very_dependent,39,38,1
very_adept,39,38,1
too_clean,39,36,3
generally_available,39,38,1
very_considerate,39,37,2
otherwise_appropriate,39,39,0
even_desperate,39,34,5
even_sweeter,39,17,22
extremely_aggressive,39,38,1
highly_offensive,39,31,8
more_philosophical,39,19,20
strikingly_beautiful,39,33,6
often_lacking,39,20,19
deeply_emotional,39,27,12
structurally_sound,39,38,1
simply_misunderstood,39,39,0
too_competitive,39,38,1
more_outgoing,39,35,4
less_convenient,39,38,1
indeed_wrong,39,39,0
simply_easier,39,39,0
very_orderly,39,37,2
less_intrusive,39,23,16
more_depressed,39,38,1
very_patriotic,39,37,2
particularly_exciting,39,21,18
minimally_conscious,39,39,0
so_reckless,39,21,18
even_clear,39,39,0
more_wary,39,37,2
plain_scared,39,39,0
also_quick,38,38,0
most_accessible,38,38,0
really_active,38,34,4
mentally_handicapped,38,38,0
most_dramatic,38,38,0
very_admirable,38,29,9
actively_involved,38,26,12
very_yummy,38,31,7
just_hilarious,38,37,1
more_user-friendly,38,21,17
even_debilitating,38,38,0
fairly_expensive,38,37,1
very_worth,38,36,2
more_erotic,38,15,23
otherwise_responsible,38,38,0
not_efficient,38,38,0
not_rich,38,37,1
incredibly_delicious,38,27,11
all_alone,38,38,0
not_privy,38,36,2
completely_smooth,38,38,0
even_conservative,38,37,1
too_hasty,38,38,0
n't_useful,38,38,0
as_convenient,38,29,9
really_dead,38,37,1
so_versatile,38,28,10
most_noticeable,38,36,2
not_permanent,38,36,2
fully_transparent,38,38,0
extremely_smart,38,34,4
really_desperate,38,35,3
more_malicious,38,8,30
just_grateful,38,38,0
more_partial,38,38,0
quite_unpleasant,38,28,10
not_flexible,38,37,1
overly_burdensome,38,38,0
truly_worthy,38,8,30
as_outrageous,38,10,28
simply_stupid,38,37,1
truly_inspirational,38,20,18
even_extinct,38,38,0
too_intimidated,38,37,1
financially_successful,38,36,2
so_banal,38,13,25
as_extraordinary,38,6,32
truly_magnificent,38,9,29
inversely_proportional,38,38,0
very_nostalgic,38,19,19
highly_significant,38,27,11
as_realistic,38,29,9
too_faint,38,36,2
basically_good,38,36,2
absolutely_lovely,38,32,6
very_cheerful,38,37,1
maybe_impossible,38,38,0
real_happy,38,35,3
even_grander,38,6,32
considerably_larger,38,33,5
so_available,38,36,2
very_low-cost,38,38,0
as_epic,38,13,25
no_older,38,30,8
quintessentially_american,38,8,30
even_disgusting,38,36,2
perfectly_understandable,38,38,0
overly_confident,38,37,1
so_safe,38,33,5
more_timeless,38,12,26
as_unlikely,38,14,24
highly_political,38,38,0
too_immature,38,35,3
equally_welcome,38,38,0
bitterly_disappointed,38,36,2
very_poetic,38,25,13
more_pricey,38,38,0
too_pervasive,38,38,0
more_unconventional,38,8,30
more_concise,38,18,20
marginally_better,38,28,10
formerly_homeless,38,38,0
absolutely_great,38,34,4
truly_horrifying,38,12,26
quite_dry,38,37,1
relatively_flat,38,33,5
very_dumb,38,33,5
now_accessible,38,36,2
vaguely_interesting,38,12,26
more_blatant,38,37,1
even_richer,38,22,16
pretty_weak,38,38,0
more_ethereal,38,13,25
ridiculously_easy,38,36,2
extremely_attractive,38,27,11
even_quicker,38,33,5
more_foolish,38,33,5
sorely_disappointed,38,37,1
even_severe,38,38,0
instantly_accessible,38,34,4
even_unethical,38,38,0
immensely_popular,38,36,2
less_strong,38,31,7
extremely_affordable,38,35,3
more_minor,38,20,18
totally_true,38,36,2
so_commonplace,38,18,20
less_free,38,35,3
politically_unpopular,38,35,3
so_cozy,38,15,23
clinically_depressed,38,37,1
legally_able,38,37,1
plain_cool,38,37,1
so_creepy,38,24,14
pretty_exhausted,38,38,0
above_normal,38,38,0
pretty_predictable,38,38,0
still_difficult,38,37,1
n't_accessible,38,38,0
physically_violent,38,37,1
slightly_wrong,38,13,25
as_challenging,38,32,6
extremely_heavy,38,31,7
too_wordy,38,36,2
more_momentous,38,13,25
too_corrupt,38,38,0
more_holistic,38,10,28
even_professional,38,38,0
exceedingly_difficult,38,35,3
equally_compelling,38,27,11
slightly_greater,38,35,3
super_fast,37,36,1
just_golden,37,37,0
too_curious,37,37,0
completely_unpredictable,37,25,12
potentially_vulnerable,37,37,0
highly_customizable,37,37,0
profoundly_disturbing,37,17,20
completely_ineffective,37,37,0
as_distant,37,27,10
somewhat_conservative,37,37,0
relatively_unimportant,37,29,8
pretty_shocking,37,32,5
potentially_useful,37,24,13
very_uncommon,37,13,24
so_endearing,37,11,26
as_quick,37,27,10
politically_popular,37,35,2
particularly_effective,37,32,5
very_near,37,34,3
extremely_harmful,37,32,5
not_legible,37,37,0
so_hilarious,37,30,7
as_noble,37,14,23
so_unreal,37,32,5
just_bizarre,37,37,0
still_busy,37,37,0
most_desirable,37,32,5
considerably_smaller,37,32,5
all_inclusive,37,37,0
very_sexual,37,30,7
perfectly_true,37,37,0
very_spicy,37,32,5
very_humorous,37,33,4
very_diligent,37,36,1
so_excellent,37,34,3
as_prolific,37,14,23
absolutely_magical,37,1,36
really_dirty,37,27,10
more_illuminating,37,30,7
not_hopeless,37,37,0
way_different,37,17,20
oddly_satisfying,37,2,35
too_careful,37,37,0
pretty_competitive,37,37,0
more_lightweight,37,9,28
just_unbelievable,37,37,0
perfectly_comfortable,37,35,2
more_spontaneous,37,28,9
completely_lacking,37,29,8
rather_amazing,37,10,27
more_somber,37,12,25
more_distracting,37,30,7
most_intense,37,36,1
rather_funny,37,29,8
very_frightened,37,36,1
very_fancy,37,27,10
rather_bizarre,37,25,12
very_desirable,37,22,15
quite_accurate,37,37,0
not_evil,37,33,4
too_overwhelmed,37,37,0
very_contemporary,37,15,22
as_mysterious,37,27,10
just_quiet,37,36,1
economically_disadvantaged,37,37,0
too_intrusive,37,36,1
completely_necessary,37,32,5
perfectly_legitimate,37,36,1
so_primal,37,3,34
as_versatile,37,16,21
slightly_darker,37,27,10
almost_set,37,37,0
fairly_predictable,37,37,0
so_mean,37,36,1
even_brown,37,37,0
nearly_invisible,37,36,1
even_inaccurate,37,37,0
overly_expensive,37,37,0
always_late,37,37,0
more_ethical,37,35,2
very_rotten,37,18,19
even_original,37,37,0
too_relaxed,37,37,0
very_empowering,37,10,27
extremely_angry,37,36,1
as_colorful,37,29,8
more_whimsical,37,13,24
so_slight,37,20,17
extremely_pleasant,37,35,2
truly_stunning,37,21,16
even_successful,37,36,1
that_helpful,37,37,0
as_heinous,37,1,36
so_hurtful,37,13,24
pretty_gross,37,32,5
as_humble,37,13,24
really_beneficial,37,27,10
incredibly_rewarding,37,21,16
physically_challenging,37,31,6
so_distinctive,37,21,16
more_atmospheric,37,21,16
even_eager,37,37,0
very_tedious,37,37,0
more_onerous,37,28,9
so_seamless,37,32,5
very_upfront,37,37,0
less_palatable,37,20,17
really_entertaining,37,26,11
too_recognizable,37,36,1
always_friendly,37,35,2
n't_close,37,37,0
very_picky,37,37,0
perhaps_unwieldy,37,37,0
quite_incredible,37,16,21
so_distinct,37,29,8
very_elderly,37,35,2
bitterly_cold,37,36,1
more_dead,37,33,4
completely_pointless,37,32,5
more_dependable,37,21,16
over_confident,37,36,1
pretty_popular,37,36,1
still_evident,37,35,2
very_endearing,37,9,28
simply_unsure,37,37,0
highly_sophisticated,37,35,2
really_anxious,37,37,0
even_frustrating,37,37,0
just_horrible,37,37,0
very_musical,37,34,3
all_better,37,37,0
n't_efficient,37,37,0
more_black,37,36,1
significantly_worse,37,32,5
so_incompetent,37,31,6
extremely_responsive,37,37,0
simply_absent,37,37,0
as_sad,37,26,11
longer_eligible,37,36,1
too_sexy,37,34,3
not_practicable,37,37,0
not_deep,37,35,2
more_catastrophic,37,18,19
politically_conservative,37,36,1
more_ideal,37,28,9
distinctly_american,37,13,24
already_illegal,36,28,8
as_adventurous,36,29,7
rather_short,36,33,3
not_appealing,36,35,1
even_sixth,36,36,0
highly_useful,36,34,2
too_lengthy,36,36,0
as_fascinating,36,36,0
so_aggressive,36,31,5
more_systemic,36,16,20
just_smart,36,36,0
quite_ready,36,36,0
only_valid,36,36,0
even_ethical,36,36,0
really_confusing,36,31,5
only_willing,36,35,1
already_good,36,30,6
overly_familiar,36,33,3
purely_political,36,34,2
profoundly_important,36,6,30
more_militant,36,26,10
very_experimental,36,33,3
better_safe,36,36,0
so_fabulous,36,23,13
very_scarce,36,34,2
downright_annoying,36,36,0
mentally_deficient,36,34,2
completely_dead,36,36,0
overly_anxious,36,36,0
so_stiff,36,33,3
very_intentional,36,30,6
totally_opposite,36,14,22
less_positive,36,30,6
very_rigid,36,31,5
more_salient,36,34,2
less_advanced,36,33,3
so_skinny,36,35,1
downright_angry,36,36,0
more_rural,36,29,7
still_unemployed,36,35,1
less_permanent,36,19,17
less_personal,36,16,20
entirely_preventable,36,34,2
so_shorter,36,36,0
well_mannered,36,35,1
more_cumbersome,36,35,1
more_cultural,36,13,23
not_authentic,36,35,1
far_richer,36,10,26
very_theatrical,36,25,11
so_dead,36,33,3
really_warm,36,24,12
even_honest,36,36,0
way_more,36,35,1
as_magnificent,36,4,32
really_original,36,7,29
as_nervous,36,35,1
more_commendable,36,36,0
relatively_trivial,36,12,24
most_notable,36,31,5
n't_wrong,36,36,0
more_classy,36,13,23
even_rare,36,35,1
somewhat_outdated,36,36,0
totally_amazing,36,18,18
very_sensual,36,17,19
so_accurate,36,28,8
less_susceptible,36,35,1
perhaps_unwilling,36,36,0
understandably_concerned,36,36,0
pretty_sick,36,33,3
extremely_loud,36,34,2
more_ornate,36,22,14
pretty_horrible,36,26,10
barely_recognizable,36,27,9
most_skilled,36,36,0
really_comforting,36,2,34
too_uncommon,36,36,0
genuinely_useful,36,14,22
actually_related,36,30,6
perfectly_innocent,36,34,2
as_qualified,36,22,14
so_empty,36,33,3
as_secure,36,32,4
relatively_weak,36,35,1
racially_insensitive,36,24,12
increasingly_rare,36,4,32
more_handsome,36,29,7
very_cognizant,36,34,2
very_unlucky,36,36,0
so_uplifting,36,13,23
completely_understandable,36,30,6
less_flexible,36,35,1
more_educational,36,18,18
more_chic,36,6,30
entirely_appropriate,36,31,5
truly_excellent,36,29,7
directly_involved,36,4,32
pretty_random,36,29,7
not_terrible,36,29,7
truly_fantastic,36,11,25
still_safe,36,35,1
n't_popular,36,36,0
pretty_harsh,36,34,2
surprisingly_simple,36,35,1
technically_feasible,36,35,1
very_committed,36,30,6
more_grandiose,36,6,30
more_heavy,36,28,8
most_responsible,36,25,11
completely_shocked,36,36,0
so_brazen,36,29,7
very_white,36,32,4
so_brief,36,32,4
very_vivid,36,34,2
mildly_entertaining,36,30,6
as_awkward,36,24,12
more_introverted,36,30,6
not_poor,36,34,2
really_tall,36,25,11
much_rarer,36,8,28
quite_healthy,36,34,2
less_restrictive,36,22,14
environmentally_sensitive,36,35,1
that_stupid,36,35,1
deeply_unpopular,36,29,7
less_harsh,36,19,17
simply_uninterested,36,35,1
quite_wealthy,36,36,0
still_excited,36,35,1
culturally_insensitive,36,32,4
historically_important,36,32,4
so_messy,36,25,11
as_pleased,36,36,0
equally_difficult,36,29,7
more_maddening,36,35,1
too_blunt,36,34,2
primarily_interested,36,34,2
usually_available,36,34,2
virtually_certain,35,34,1
not_sexy,35,32,3
culturally_significant,35,24,11
so_impossible,35,16,19
quite_explicit,35,33,2
too_unusual,35,34,1
not_proficient,35,35,0
quite_emotional,35,35,0
rather_more,35,22,13
not_peaceful,35,35,0
rather_peculiar,35,6,29
so_selfless,35,23,12
very_radical,35,15,20
pretty_hungry,35,35,0
most_original,35,34,1
quite_extreme,35,31,4
medically_fragile,35,34,1
so_beneficial,35,23,12
substantially_higher,35,32,3
very_lazy,35,35,0
overly_harsh,35,35,0
really_evil,35,15,20
always_different,35,35,0
even_distant,35,35,0
even_dry,35,35,0
n't_cheap,35,35,0
incredibly_hot,35,26,9
otherwise_unusual,35,34,1
so_horrendous,35,7,28
so_minimal,35,26,9
more_collaborative,35,25,10
very_expressive,35,35,0
actually_available,35,34,1
really_shy,35,33,2
so_gay,35,34,1
slightly_positive,35,34,1
more_convinced,35,34,1
highly_aware,35,35,0
very_extraordinary,35,11,24
slightly_odd,35,11,24
somewhat_good,35,35,0
really_shocking,35,10,25
otherwise_bad,35,35,0
sadly_lacking,35,17,18
too_bored,35,35,0
entirely_predictable,35,34,1
much_poorer,35,30,5
as_transparent,35,28,7
vastly_superior,35,31,4
more_tantalizing,35,29,6
pretty_bizarre,35,34,1
even_anxious,35,35,0
excessively_burdensome,35,35,0
so_noisy,35,32,3
only_applicable,35,34,1
also_helpful,35,35,0
more_historic,35,17,18
already_complete,35,33,2
too_insignificant,35,32,3
quite_keen,35,35,0
not_deserving,35,35,0
even_terrifying,35,33,2
so_reluctant,35,33,2
even_current,35,35,0
immensely_talented,35,31,4
too_baggy,35,34,1
somewhat_positive,35,34,1
quite_curious,35,26,9
too_acidic,35,34,1
really_possible,35,33,2
very_opinionated,35,35,0
incredibly_cool,35,15,20
equally_talented,35,31,4
more_civilized,35,19,16
so_relatable,35,21,14
fully_awake,35,33,2
most_painful,35,33,2
so_recent,35,22,13
very_timely,35,31,4
even_comparable,35,32,3
even_trivial,35,35,0
relatively_calm,35,33,2
so_authentic,35,16,19
pretty_slow,35,35,0
more_fulfilling,35,10,25
most_unlikely,35,32,3
still_more,35,32,3
just_empty,35,32,3
more_privileged,35,33,2
extremely_efficient,35,34,1
completely_outrageous,35,16,19
so_enormous,35,21,14
truly_historic,35,4,31
still_shocked,35,35,0
never_good,35,35,0
perfectly_ok,35,34,1
majorly_wrong,35,16,19
slightly_uncomfortable,35,28,7
just_worth,35,34,1
probably_related,35,29,6
deeply_problematic,35,26,9
really_fine,35,28,7
fairly_inexpensive,35,32,3
longer_true,35,35,0
quite_talented,35,34,1
even_foolish,35,33,2
relatively_obscure,35,24,11
more_sexual,35,14,21
really_much,35,35,0
more_favourable,35,29,6
even_lazy,35,34,1
as_formal,35,28,7
so_technical,35,24,11
bit_different,35,10,25
highly_volatile,35,33,2
more_dignified,35,7,28
as_wealthy,35,18,17
less_real,35,33,2
considerably_cheaper,35,33,2
environmentally_responsible,35,31,4
less_privileged,35,24,11
less_satisfying,35,29,6
even_inspiring,35,28,7
n't_functional,35,35,0
fairly_typical,35,30,5
still_great,35,32,3
more_soothing,35,10,25
so_stylish,35,22,13
even_shocked,35,35,0
relatively_stable,35,33,2
totally_separate,35,18,17
necessarily_good,35,32,3
too_natural,35,35,0
n't_valid,35,35,0
really_famous,35,12,23
significantly_older,35,19,16
more_hostile,35,30,5
perhaps_unable,35,35,0
so_dynamic,35,21,14
quite_vague,35,33,2
even_outdoors,35,35,0
so_fierce,35,25,10
so_urgent,35,31,4
likely_true,35,35,0
instantly_familiar,35,30,5
as_certain,35,31,4
seriously_interested,35,21,14
more_engrossing,35,31,4
so_sincere,35,21,14
more_nebulous,35,13,22
too_academic,35,35,0
less_annoying,35,22,13
more_disruptive,34,24,10
as_impactful,34,16,18
very_crazy,34,29,5
even_safer,34,34,0
even_irrational,34,34,0
even_pink,34,34,0
most_special,34,31,3
less_same,34,34,0
more_comical,34,28,6
so_modern,34,13,21
too_interesting,34,34,0
pretty_stoked,34,34,0
most_compelling,34,34,0
so_inspirational,34,25,9
physically_capable,34,29,5
quite_literal,34,30,4
more_proficient,34,29,5
too_timely,34,34,0
more_seductive,34,22,12
really_ambitious,34,22,12
readily_identifiable,34,29,5
not_public,34,34,0
otherwise_contrary,34,34,0
starkly_different,34,26,8
n't_hard,34,34,0
not_favorable,34,32,2
not_rational,34,33,1
very_trivial,34,17,17
potentially_unsafe,34,33,1
as_nasty,34,20,14
even_annoying,34,34,0
extremely_significant,34,21,13
still_necessary,34,34,0
too_tedious,34,33,1
really_confident,34,31,3
incredibly_high,34,31,3
very_versatile,34,32,2
so_careless,34,28,6
too_kind,34,34,0
just_stubborn,34,34,0
woefully_unprepared,34,33,1
downright_confusing,34,34,0
somewhat_better,34,32,2
really_competitive,34,31,3
too_uncertain,34,34,0
just_unaware,34,34,0
more_grotesque,34,22,12
not_intuitive,34,34,0
truly_fascinating,34,18,16
as_cruel,34,19,15
longer_applicable,34,34,0
refreshingly_different,34,5,29
very_blurry,34,34,0
very_ready,34,34,0
longer_functional,34,34,0
much_hotter,34,22,12
pretty_pricey,34,34,0
more_lax,34,32,2
pretty_equal,34,34,0
so_limited,34,30,4
actually_possible,34,33,1
nearly_extinct,34,33,1
noticeably_absent,34,28,6
most_sensitive,34,33,1
grossly_incompetent,34,34,0
pretty_fast,34,34,0
quite_inspiring,34,27,7
already_asleep,34,34,0
fairly_low,34,31,3
not_intelligent,34,34,0
directly_accessible,34,34,0
very_spontaneous,34,28,6
completely_obsessed,34,33,1
extremely_unusual,34,9,25
more_sensational,34,20,14
completely_white,34,34,0
probably_most,34,11,23
so_cautious,34,31,3
more_open-minded,34,31,3
simply_new,34,34,0
so_despicable,34,5,29
less_easy,34,21,13
uniquely_qualified,34,25,9
incredibly_generous,34,33,1
naturally_beautiful,34,25,9
obviously_better,34,32,2
quite_cold,34,33,1
clearly_aware,34,33,1
n't_lucky,34,34,0
perhaps_several,34,34,0
very_functional,34,29,5
even_major,34,34,0
less_meaningful,34,24,10
so_convincing,34,32,2
too_fine,34,33,1
quite_shy,34,34,0
highly_problematic,34,33,1
quite_nasty,34,30,4
more_savvy,34,30,4
so_flexible,34,29,5
too_special,34,17,17
totally_oblivious,34,34,0
really_frightening,34,16,18
even_unconscious,34,34,0
just_harder,34,34,0
more_holy,34,21,13
quite_peculiar,34,6,28
all_true,34,33,1
less_perfect,34,24,10
less_open,34,32,2
very_insecure,34,32,2
more_rapid,34,32,2
even_casual,34,34,0
too_neat,34,29,5
more_focused,34,29,5
so_secret,34,19,15
even_significant,34,34,0
maybe_small,34,34,0
more_stronger,34,29,5
darkly_comic,34,29,5
equally_relevant,34,30,4
really_sorry,34,33,1
out_sick,34,31,3
too_masculine,34,31,3
completely_cool,34,29,5
even_confusing,34,34,0
even_bisexual,34,34,0
not_expensive,34,30,4
almost_unknown,34,21,13
highly_inappropriate,34,16,18
most_fascinating,34,34,0
infinitely_worse,34,16,18
nearly_white,33,33,0
more_theoretical,33,26,7
quite_detailed,33,32,1
fairly_familiar,33,31,2
extremely_dry,33,33,0
as_blatant,33,14,19
so_risky,33,9,24
as_precise,33,24,9
even_first,33,33,0
more_advisable,33,33,0
very_persuasive,33,30,3
equally_attractive,33,30,3
slightly_askew,33,28,5
extremely_critical,33,26,7
now_online,33,33,0
more_alien,33,14,19
rather_disturbing,33,16,17
as_rewarding,33,30,3
more_newsworthy,33,26,7
very_speculative,33,33,0
somewhat_larger,33,17,16
too_cheesy,33,33,0
incredibly_naive,33,31,2
just_oblivious,33,33,0
even_skeptical,33,33,0
quite_concerned,33,32,1
more_majestic,33,18,15
as_irrelevant,33,15,18
more_exquisite,33,22,11
very_lucrative,33,30,3
too_far-fetched,33,31,2
purely_aesthetic,33,31,2
as_durable,33,26,7
most_precious,33,24,9
very_progressive,33,28,5
quite_thin,33,32,1
damn_cool,33,30,3
perhaps_infamous,33,33,0
not_painful,33,33,0
even_exciting,33,31,2
not_severe,33,33,0
extremely_relevant,33,25,8
physically_dangerous,33,31,2
too_yellow,33,32,1
more_trendy,33,12,21
largely_responsible,33,24,9
even_poisonous,33,33,0
even_poor,33,33,0
even_excellent,33,33,0
as_adorable,33,17,16
less_vulnerable,33,30,3
already_ready,33,32,1
very_discreet,33,32,1
quite_harsh,33,31,2
too_wonderful,33,29,4
more_loose,33,26,7
pretty_large,33,28,5
physically_helpless,33,33,0
completely_secure,33,32,1
too_cluttered,33,33,0
clearly_evident,33,25,8
as_accessible,33,28,5
pretty_magical,33,7,26
dimly_aware,33,33,0
perhaps_small,33,32,1
easily_avoidable,33,30,3
not_wise,33,32,1
significantly_younger,33,22,11
downright_terrifying,33,33,0
even_familiar,33,32,1
highly_resistant,33,30,3
already_tired,33,31,2
completely_tender,33,33,0
super_delicious,33,25,8
really_light,33,20,13
even_raw,33,33,0
more_heartfelt,33,14,19
not_sweet,33,30,3
even_strange,33,33,0
even_radical,33,30,3
also_difficult,33,32,1
much_colder,33,28,5
very_latest,33,33,0
not_stupid,33,30,3
quite_ugly,33,26,7
very_witty,33,28,5
equally_excited,33,33,0
so_addicted,33,32,1
potentially_interesting,33,17,16
now_right,33,33,0
also_welcome,33,33,0
otherwise_qualified,33,30,3
perfectly_appropriate,33,31,2
not_exclusive,33,30,3
not_amenable,33,33,0
always_true,33,31,2
fully_electric,33,33,0
less_compelling,33,26,7
purely_speculative,33,33,0
possibly_dead,33,33,0
more_wondrous,33,23,10
so_protective,33,29,4
more_tame,33,9,24
more_detrimental,33,27,6
far_harder,33,19,14
highly_functional,33,32,1
too_intimidating,33,32,1
so_prominent,33,16,17
even_antagonistic,33,33,0
somewhat_effective,33,33,0
as_wise,33,23,10
too_burdensome,33,33,0
too_runny,33,33,0
rather_extraordinary,33,4,29
more_gorgeous,33,23,10
too_straightforward,33,32,1
even_indifferent,33,33,0
so_grim,33,25,8
often_wrong,33,33,0
most_controversial,33,33,0
extremely_fun,33,29,4
blatantly_wrong,33,24,9
more_intrusive,33,25,8
even_big,33,33,0
profoundly_grateful,33,32,1
even_shy,33,33,0
most_extreme,33,33,0
too_capable,33,33,0
completely_worth,33,32,1
actually_harmful,33,32,1
more_righteous,33,28,5
so_prevalent,33,18,15
so_terrific,33,29,4
just_rude,33,33,0
really_gross,33,15,18
actually_important,33,14,19
so_extensive,33,27,6
as_fierce,33,27,6
completely_dark,33,31,2
particularly_valuable,33,29,4
really_gorgeous,33,23,10
so_timeless,33,15,18
completely_confused,33,32,1
relatively_inexperienced,33,28,5
very_faint,32,30,2
simply_bizarre,32,32,0
less_critical,32,27,5
substantially_equivalent,32,32,0
fairly_accurate,32,31,1
particularly_susceptible,32,32,0
downright_disturbing,32,30,2
wildly_inappropriate,32,15,17
pretty_surprising,32,27,5
generally_interested,32,27,5
so_shiny,32,26,6
even_bored,32,32,0
even_overwhelming,32,32,0
as_careful,32,29,3
only_partial,32,31,1
considerably_better,32,27,5
totally_honest,32,29,3
as_authentic,32,24,8
completely_bizarre,32,17,15
very_bored,32,29,3
not_smooth,32,32,0
culturally_specific,32,25,7
otherwise_interested,32,32,0
wholly_other,32,5,27
more_bittersweet,32,24,8
more_individual,32,10,22
even_european,32,32,0
more_sublime,32,7,25
downright_evil,32,31,1
as_slight,32,8,24
less_beautiful,32,27,5
too_safe,32,30,2
otherwise_defective,32,32,0
extremely_short,32,31,1
even_sensible,32,32,0
so_worthwhile,32,24,8
more_banal,32,11,21
slightly_faster,32,27,5
somehow_able,32,32,0
truly_unusual,32,10,22
too_lacking,32,32,0
even_annual,32,32,0
extremely_upset,32,32,0
incredibly_personal,32,13,19
more_offbeat,32,8,24
relatively_good,32,27,5
pretty_successful,32,32,0
broadly_similar,32,30,2
always_free,32,32,0
still_extant,32,31,1
even_viable,32,32,0
as_inane,32,8,24
even_excited,32,32,0
as_naive,32,19,13
more_apropos,32,27,5
completely_voluntary,32,32,0
less_strenuous,32,7,25
truly_delicious,32,11,21
even_heavier,32,23,9
absolutely_normal,32,27,5
more_tedious,32,30,2
often_absent,32,31,1
so_pleasurable,32,15,17
inherently_uncertain,32,32,0
beyond_excited,32,32,0
extremely_enthusiastic,32,30,2
even_mad,32,31,1
socially_liberal,32,32,0
even_comical,32,32,0
less_equal,32,32,0
quite_angry,32,31,1
outright_dangerous,32,32,0
pretty_certain,32,30,2
rightly_concerned,32,32,0
deeply_impressed,32,32,0
extremely_impressive,32,29,3
somewhat_interested,32,32,0
now_worried,32,31,1
extremely_limited,32,30,2
very_frank,32,30,2
most_intriguing,32,31,1
certainly_aware,32,30,2
severely_lacking,32,15,17
just_phenomenal,32,31,1
so_universal,32,7,25
as_lame,32,10,22
morally_corrupt,32,31,1
most_evident,32,29,3
as_pointless,32,10,22
very_adamant,32,32,0
even_cool,32,32,0
as_angry,32,28,4
criminally_liable,32,31,1
particularly_dangerous,32,25,7
pretty_skeptical,32,32,0
more_academic,32,14,18
more_achievable,32,19,13
pretty_useless,32,32,0
very_hurtful,32,20,12
more_yellow,32,31,1
most_complicated,32,32,0
totally_blind,32,30,2
less_conspicuous,32,15,17
even_informal,32,32,0
otherwise_profane,32,32,0
as_robust,32,20,12
fairly_complex,32,28,4
so_amusing,32,28,4
freely_accessible,32,32,0
only_effective,32,32,0
partially_correct,32,32,0
slightly_pink,32,32,0
more_appetizing,32,18,14
that_interesting,32,29,3
still_eligible,32,32,0
far_right,32,31,1
as_original,32,19,13
woefully_ignorant,32,32,0
even_smart,32,32,0
seemingly_harmless,32,16,16
now_concerned,32,32,0
most_cost-effective,32,32,0
as_dirty,32,23,9
longer_viable,32,30,2
really_offensive,32,14,18
most_crucial,32,29,3
even_smarter,32,26,6
almost_naked,32,32,0
even_intentional,32,32,0
really_rewarding,32,13,19
as_excellent,32,25,7
more_striking,32,22,10
really_professional,32,27,5
very_offensive,32,28,4
just_mediocre,32,32,0
too_shiny,32,30,2
rather_old,32,28,4
really_tiny,32,20,12
mostly_empty,32,32,0
quite_separate,32,22,10
not_american,32,31,1
so_effortless,32,23,9
most_practical,32,32,0
so_efficient,32,25,7
more_cunning,32,23,9
as_stable,32,25,7
so_costly,32,26,6
entirely_original,32,9,23
too_flashy,32,27,5
more_mild,32,18,14
so_damaging,32,17,15
mostly_false,32,32,0
n't_legal,32,32,0
most_susceptible,32,31,1
rather_quiet,32,31,1
much_quieter,32,19,13
necessarily_bad,32,31,1
highly_talented,32,31,1
not_eager,32,31,1
almost_unbearable,32,28,4
too_cozy,32,32,0
utterly_stupid,32,9,23
as_stressful,32,21,11
quite_surreal,32,25,7
quite_visible,32,29,3
very_classic,32,15,17
environmentally_sustainable,32,31,1
too_fancy,32,27,5
rather_fond,32,30,2
so_bitter,32,24,8
entirely_unknown,32,20,12
incredibly_creative,32,28,4
simply_non-existent,32,32,0
too_chaotic,32,32,0
not_best,32,32,0
as_stubborn,32,19,13
slightly_crazy,32,23,9
too_foreign,32,31,1
more_educated,32,27,5
quite_loud,32,31,1
not_competitive,32,31,1
so_glamorous,32,26,6
so_handsome,32,23,9
so_daunting,32,24,8
more_fantastical,32,13,19
also_eligible,32,32,0
rather_complex,32,26,6
too_feminine,32,29,3
incredibly_awesome,32,19,13
n't_equal,32,32,0
very_symbolic,32,20,12
highly_confidential,32,32,0
barely_perceptible,32,30,2
as_willing,32,31,1
very_urgent,32,18,14
very_recognizable,32,23,9
actually_interesting,32,13,19
n't_worried,32,32,0
more_melodic,32,11,21
mostly_black,32,30,2
enormously_important,32,14,18
super_healthy,32,26,6
more_classical,32,13,19
so_gratifying,32,12,20
as_flat,31,28,3
still_underway,31,31,0
strangely_satisfying,31,3,28
so_ethereal,31,5,26
completely_private,31,29,2
actually_happy,31,30,1
pretty_overwhelming,31,30,1
far_fewer,31,28,3
equally_necessary,31,30,1
too_toxic,31,30,1
perfectly_aware,31,31,0
more_racist,31,26,5
so_exceptional,31,12,19
very_constructive,31,22,9
more_superficial,31,20,11
not_understandable,31,31,0
very_pragmatic,31,26,5
even_curious,31,31,0
very_fat,31,30,1
even_cultural,31,31,0
quite_annoying,31,29,2
less_optimistic,31,26,5
still_empty,31,31,0
very_potent,31,22,9
also_easy,31,30,1
as_peaceful,31,27,4
really_eager,31,31,0
virtually_free,31,30,1
very_drastic,31,8,23
somehow_wrong,31,27,4
deeply_upset,31,30,1
very_classy,31,22,9
less_standard,31,31,0
too_sudden,31,30,1
quite_beneficial,31,26,5
somewhat_related,31,23,8
very_inspirational,31,30,1
as_glamorous,31,25,6
significantly_wrong,31,15,16
surprisingly_funny,31,30,1
too_grand,31,26,5
slightly_off-kilter,31,23,8
super_tight,31,28,3
too_mundane,31,29,2
emotionally_vulnerable,31,31,0
more_grim,31,18,13
now_homeless,31,30,1
as_supportive,31,29,2
significantly_inaccurate,31,31,0
emotionally_stable,31,29,2
most_competitive,31,31,0
as_vile,31,9,22
partially_successful,31,31,0
too_feeble,31,30,1
technically_proficient,31,25,6
very_evocative,31,18,13
more_defensive,31,28,3
not_immune,31,31,0
plain_terrible,31,31,0
just_lonely,31,31,0
quite_refreshing,31,14,17
as_human,31,20,11
strangely_beautiful,31,17,14
more_lower,31,31,0
still_fun,31,30,1
so_loose,31,29,2
not_identical,31,31,0
overly_formal,31,28,3
eminently_qualified,31,27,4
rather_amusing,31,26,5
too_transparent,31,31,0
as_vicious,31,16,15
readily_visible,31,31,0
more_unbelievable,31,23,8
as_responsible,31,24,7
visibly_upset,31,31,0
not_loyal,31,31,0
highly_original,31,24,7
too_unique,31,27,4
quite_distant,31,29,2
still_applicable,31,30,1
so_irresistible,31,8,23
best_available,31,29,2
structurally_deficient,31,31,0
more_likeable,31,26,5
truly_powerful,31,3,28
maybe_many,31,26,5
moderately_successful,31,29,2
pretty_average,31,30,1
fatally_flawed,31,30,1
particularly_hard,31,28,3
more_marketable,31,20,11
simply_sick,31,30,1
truly_radical,31,8,23
slightly_tender,31,31,0
all_black,31,27,4
simply_annoying,31,31,0
even_wet,31,31,0
super_interesting,31,18,13
even_valid,31,31,0
equally_fun,31,18,13
most_annoying,31,31,0
most_eager,31,30,1
incredibly_challenging,31,26,5
extra_special,31,12,19
way_easier,31,30,1
vaguely_related,31,8,23
technically_illegal,31,28,3
even_nicer,31,23,8
deceptively_similar,31,31,0
not_permissible,31,30,1
so_practical,31,17,14
so_widespread,31,23,8
pretty_huge,31,21,10
very_volatile,31,28,3
still_strong,31,29,2
quite_nervous,31,30,1
more_cooperative,31,27,4
as_luxurious,31,21,10
so_embarrassed,31,31,0
almost_dead,31,28,3
as_loyal,31,17,14
really_large,31,22,9
not_original,31,29,2
just_evil,31,30,1
as_thoughtful,31,10,21
even_modern,31,30,1
pretty_minor,31,27,4
otherwise_hard,31,31,0
even_occasional,31,31,0
really_rude,31,23,8
more_bewildering,31,29,2
just_comfortable,31,30,1
largely_absent,31,26,5
actually_new,31,21,10
so_paranoid,31,30,1
more_simplistic,31,14,17
incredibly_impressed,31,30,1
too_public,31,30,1
truly_brilliant,31,11,20
quite_uncomfortable,31,28,3
awfully_wrong,31,17,14
deeply_saddened,31,30,1
culturally_sensitive,31,28,3
about_good,31,31,0
emotionally_difficult,31,31,0
very_slick,31,29,2
locally_heavy,31,31,0
so_wealthy,31,19,12
very_uplifting,31,23,8
really_involved,31,29,2
more_systematic,31,6,25
very_laudable,31,28,3
so_pessimistic,31,30,1
actually_necessary,31,31,0
most_embarrassing,31,31,0
pretty_typical,31,30,1
so_plain,31,15,16
less_generous,31,24,7
seemingly_minor,31,20,11
as_obsessed,31,29,2
morally_neutral,31,30,1
simply_bad,31,31,0
fully_editable,31,31,0
not_surprised,31,30,1
simply_interesting,31,31,0
seemingly_innocent,31,14,17
more_opaque,31,24,7
too_recent,31,31,0
very_understandable,31,27,4
strategically_important,31,30,1
very_likable,31,23,8
more_incomprehensible,31,25,6
entirely_foreign,31,11,20
barely_enough,31,31,0
more_excellent,31,18,13
very_unstable,31,29,2
probably_sick,31,31,0
even_profitable,31,31,0
as_lazy,31,17,14
so_qualified,31,5,26
less_flat,31,30,1
even_colder,31,29,2
less_negative,31,28,3
extremely_old,31,28,3
even_missing,31,31,0
more_dry,31,28,3
equally_terrifying,31,28,3
also_high,31,31,0
as_classic,31,11,20
less_boring,31,15,16
totally_okay,31,31,0
simply_unknown,31,30,1
slightly_stronger,31,21,10
so_serene,30,15,15
easily_digestible,30,13,17
otherwise_discriminatory,30,30,0
very_explicit,30,27,3
completely_arbitrary,30,25,5
equally_wrong,30,22,8
as_sure,30,24,6
too_silent,30,29,1
quite_limited,30,26,4
politically_controversial,30,28,2
quite_certain,30,30,0
so_flawed,30,26,4
fully_naked,30,29,1
pretty_brutal,30,29,1
highly_accurate,30,29,1
highly_interested,30,29,1
very_brilliant,30,26,4
even_suspicious,30,29,1
rather_clever,30,17,13
now_unemployed,30,29,1
quite_alarming,30,21,9
as_traditional,30,15,15
even_sinister,30,20,10
even_corrupt,30,30,0
truly_unexpected,30,6,24
highly_contentious,30,30,0
very_troublesome,30,25,5
much_warmer,30,22,8
less_polite,30,20,10
n't_attractive,30,30,0
highly_enjoyable,30,28,2
thoroughly_impressed,30,30,0
even_awkward,30,30,0
technologically_harmful,30,30,0
even_dominant,30,30,0
very_focused,30,25,5
more_satisfactory,30,20,10
very_desperate,30,25,5
extremely_clean,30,30,0
too_pushy,30,30,0
n't_consistent,30,30,0
truly_worthwhile,30,4,26
so_nostalgic,30,4,26
totally_fresh,30,7,23
not_enjoyable,30,29,1
genuinely_good,30,18,12
currently_unemployed,30,28,2
highly_capable,30,29,1
unpleasantly_sharp,30,30,0
all_worth,30,30,0
even_tolerable,30,30,0
inversely_related,30,30,0
even_adequate,30,30,0
rather_embarrassing,30,26,4
otherwise_suitable,30,30,0
even_strong,30,30,0
totally_impossible,30,22,8
more_manly,30,12,18
incredibly_compelling,30,13,17
way_cooler,30,22,8
visually_stimulating,30,14,16
strongly_related,30,28,2
very_resistant,30,30,0
much_softer,30,11,19
musically_inclined,30,26,4
quite_predictable,30,29,1
so_approachable,30,27,3
rather_cool,30,11,19
just_absurd,30,30,0
more_fraught,30,23,7
too_mild,30,29,1
quite_modest,30,27,3
even_underwater,30,29,1
more_superior,30,18,12
genuinely_nice,30,22,8
mutually_contradictory,30,29,1
about_perfect,30,29,1
possibly_illegal,30,26,4
so_preposterous,30,10,20
still_outstanding,30,27,3
even_simple,30,29,1
plain_awesome,30,30,0
very_irritating,30,27,3
as_savvy,30,10,20
almost_unthinkable,30,4,26
less_stringent,30,29,1
not_tired,30,29,1
entirely_fresh,30,4,26
so_humbling,30,20,10
absolutely_adorable,30,28,2
quite_intelligent,30,28,2
so_unlikely,30,19,11
still_mad,30,30,0
simply_inaccurate,30,30,0
really_brave,30,20,10
necessarily_true,30,30,0
fairly_normal,30,28,2
even_magical,30,18,12
so_evident,30,24,6
increasingly_important,30,16,14
even_reckless,30,30,0
simply_human,30,30,0
notably_absent,30,22,8
still_unhappy,30,29,1
grossly_offensive,30,28,2
quite_safe,30,28,2
inherently_flawed,30,19,11
more_diabolical,30,9,21
totally_confused,30,30,0
plain_hard,30,30,0
barely_alive,30,29,1
so_exhilarating,30,9,21
just_special,30,28,2
as_bland,30,12,18
even_inevitable,30,25,5
pretty_extraordinary,30,9,21
entirely_accurate,30,30,0
too_attractive,30,26,4
truly_frightening,30,9,21
more_weighty,30,5,25
very_inappropriate,30,15,15
as_similar,30,18,12
longer_capable,30,30,0
as_damaging,30,30,0
more_empathetic,30,27,3
very_childish,30,21,9
perhaps_worst,30,30,0
not_reflective,30,30,0
hardly_noticeable,30,29,1
infinitely_greater,30,6,24
quite_harmful,30,27,3
very_murky,30,27,3
super_tasty,30,24,6
too_apathetic,30,30,0
extremely_unique,30,13,17
so_capable,30,20,10
near_perfect,30,30,0
still_quiet,30,29,1
fairly_minor,30,23,7
even_newer,30,8,22
really_bold,30,9,21
really_romantic,30,5,25
pretty_grim,30,28,2
less_true,30,28,2
quite_sweet,30,23,7
very_windy,30,30,0
pretty_miserable,30,30,0
even_preferable,30,30,0
as_desperate,30,22,8
totally_alien,30,12,18
very_many,30,23,7
so_elemental,30,1,29
even_natural,30,29,1
more_joyous,30,22,8
truly_disturbing,30,14,16
rather_impressive,30,20,10
even_jewish,30,30,0
more_international,30,20,10
even_secondary,30,30,0
always_new,30,19,11
even_happier,30,30,0
more_adaptable,30,24,6
more_secular,30,24,6
even_selfish,30,30,0
quite_cute,30,27,3
more_iconic,30,18,12
noticeably_different,30,20,10
less_enjoyable,30,20,10
else_interesting,30,1,29
even_french,30,30,0
more_fatal,30,24,6
actually_free,30,30,0
entirely_legal,30,29,1
very_lengthy,30,29,1
so_solid,30,19,11
so_complete,30,26,4
quite_conservative,30,29,1
financially_rewarding,30,24,6
as_proud,30,20,10
too_greasy,30,30,0
as_regular,30,18,12
even_sexy,30,26,4
so_faint,30,28,2
real_cool,30,21,9
environmentally_safe,30,28,2
just_possible,30,30,0
always_perfect,30,29,1
quite_ridiculous,30,23,7
not_constitutional,29,28,1
otherwise_negative,29,29,0
equally_significant,29,18,11
otherwise_likely,29,29,0
too_prescient,29,29,0
more_urban,29,15,14
emotionally_upset,29,29,0
as_inferior,29,21,8
more_seasonal,29,12,17
even_hurtful,29,29,0
more_integral,29,15,14
less_responsive,29,29,0
as_flawed,29,21,8
downright_illegal,29,28,1
not_conservative,29,26,3
extremely_skilled,29,26,3
so_present,29,26,3
still_right,29,27,2
nearly_normal,29,29,0
purely_fictional,29,29,0
just_extra,29,27,2
most_delicious,29,28,1
less_valid,29,28,1
even_educational,29,28,1
enormously_proud,29,28,1
almost_mystical,29,2,27
severely_depressed,29,29,0
actually_dead,29,29,0
actually_dangerous,29,28,1
very_frequent,29,25,4
completely_inaccessible,29,29,0
fully_supportive,29,29,0
as_meaningful,29,28,1
otherwise_important,29,29,0
completely_indifferent,29,27,2
merely_interested,29,28,1
very_tame,29,27,2
so_feminine,29,12,17
very_civilised,29,28,1
deeply_passionate,29,29,0
very_glamorous,29,20,9
extremely_weak,29,29,0
plain_interesting,29,28,1
so_rough,29,25,4
completely_bespoke,29,13,16
as_ancient,29,16,13
largely_dependent,29,28,1
too_necessary,29,29,0
painfully_shy,29,27,2
extremely_unpleasant,29,18,11
more_enlightening,29,22,7
already_evident,29,27,2
very_outgoing,29,29,0
just_delusional,29,29,0
absolutely_different,29,9,20
so_useless,29,15,14
incredibly_charming,29,13,16
truly_strange,29,6,23
very_sleepy,29,29,0
truly_dangerous,29,9,20
more_prolific,29,24,5
as_hilarious,29,27,2
long_winded,29,28,1
naturally_good,29,29,0
more_decent,29,11,18
just_relaxed,29,26,3
most_economical,29,29,0
factually_accurate,29,29,0
physically_incapable,29,28,1
fairly_interesting,29,20,9
loosely_related,29,22,7
not_cost-effective,29,29,0
just_thrilled,29,29,0
real_positive,29,26,3
plain_confusing,29,29,0
also_afraid,29,29,0
just_ugly,29,28,1
no_higher,29,27,2
very_alien,29,13,16
as_generic,29,4,25
as_empty,29,24,5
rather_depressing,29,26,3
very_free,29,28,1
n't_crazy,29,29,0
even_legitimate,29,29,0
even_revolutionary,29,27,2
fairly_strong,29,24,5
fairly_sure,29,28,1
purely_coincidental,29,28,1
just_gross,29,29,0
as_blunt,29,21,8
plain_false,29,29,0
above_average,29,28,1
very_distressing,29,28,1
relatively_poor,29,29,0
not_creative,29,29,0
more_malevolent,29,3,26
even_supportive,29,28,1
outrageously_funny,29,26,3
racially_offensive,29,22,7
outrageously_expensive,29,24,5
very_enticing,29,19,10
as_esoteric,29,10,19
highly_knowledgeable,29,28,1
completely_obvious,29,14,15
even_liberal,29,29,0
truly_scary,29,13,16
rather_unpleasant,29,16,13
technologically_savvy,29,26,3
very_conscientious,29,29,0
simply_ridiculous,29,28,1
just_impatient,29,29,0
as_lethal,29,20,9
too_muddy,29,29,0
extremely_rewarding,29,22,7
just_white,29,29,0
intensely_interested,29,27,2
very_ornate,29,28,1
very_proactive,29,28,1
equally_special,29,14,15
simply_willing,29,29,0
plainly_wrong,29,28,1
as_frequent,29,27,2
amazingly_beautiful,29,22,7
almost_unbelievable,29,20,9
more_earthy,29,5,24
more_despicable,29,21,8
blissfully_ignorant,29,28,1
more_dreadful,29,15,14
completely_irrational,29,24,5
even_taller,29,27,2
less_prominent,29,21,8
significantly_greater,29,27,2
mentally_tough,29,28,1
so_reassuring,29,15,14
downright_misleading,29,29,0
so_steep,29,28,1
pretty_wonderful,29,16,13
socially_relevant,29,21,8
completely_unrecognizable,29,7,22
highly_susceptible,29,29,0
even_insulting,29,29,0
more_flashy,29,9,20
even_unwilling,29,29,0
so_lush,29,23,6
most_willing,29,29,0
not_tough,29,28,1
as_scared,29,28,1
now_rare,29,27,2
too_blurry,29,29,0
now_safe,29,29,0
immensely_important,29,21,8
not_impossible,29,27,2
more_burdensome,29,28,1
commercially_sensitive,29,29,0
very_blunt,29,27,2
quite_impossible,29,21,8
substantially_larger,29,23,6
generally_correct,29,28,1
substantially_less,29,19,10
pretty_challenging,29,28,1
more_graceful,29,23,6
entirely_fictional,29,26,3
rather_lovely,29,17,12
only_useful,29,28,1
much_prettier,29,20,9
half_decent,29,4,25
pretty_surreal,29,28,1
really_better,29,26,3
very_unpopular,29,25,4
now_afraid,29,29,0
less_innocent,29,10,19
simply_fantastic,29,28,1
pretty_dramatic,29,15,14
so_hideous,29,13,16
just_big,29,26,3
visually_impressive,29,24,5
so_gross,29,18,11
that_lucky,29,28,1
too_understandable,29,29,0
less_famous,29,15,14
just_blind,29,29,0
only_necessary,29,27,2
utterly_wrong,29,23,6
totally_clueless,29,25,4
pretty_extreme,29,18,11
only_better,29,13,16
simply_confused,29,29,0
already_clear,29,27,2
much_funnier,29,22,7
already_close,29,29,0
generally_good,29,29,0
as_tired,29,25,4
even_amusing,29,29,0
just_coincidental,29,29,0
somewhat_controversial,29,26,3
more_outspoken,29,27,2
less_damaging,29,26,3
more_authoritative,29,23,6
more_transcendent,29,6,23
very_chaotic,29,25,4
very_courageous,29,20,9
not_reachable,29,28,1
mostly_free,29,29,0
more_bespoke,29,0,29
so_inexpensive,29,19,10
even_worthwhile,29,28,1
as_toxic,29,20,9
more_treacherous,29,20,9
more_hearty,29,3,26
just_close,29,25,4
not_personal,29,28,1
highly_collectible,29,29,0
most_impressed,29,29,0
so_independent,29,25,4
more_gifted,29,27,2
as_shocked,29,28,1
so_monumental,29,6,23
so_intangible,29,3,26
much_concerned,29,29,0
quite_full,29,29,0
quite_logical,29,25,4
pretty_deep,28,23,5
even_cynical,28,27,1
more_tenuous,28,23,5
very_mean,28,27,1
often_difficult,28,23,5
particularly_appealing,28,15,13
considerably_older,28,18,10
just_high,28,28,0
particularly_attractive,28,24,4
plain_nasty,28,28,0
surprisingly_similar,28,26,2
now_endangered,28,28,0
too_independent,28,28,0
extremely_flammable,28,27,1
deeply_ashamed,28,27,1
slightly_acidic,28,26,2
real_important,28,6,22
easily_treatable,28,26,2
as_applicable,28,28,0
frustratingly_slow,28,28,0
increasingly_difficult,28,17,11
as_green,28,26,2
deeply_uncomfortable,28,24,4
too_obsessed,28,28,0
just_indifferent,28,28,0
so_audacious,28,7,21
extremely_emotional,28,25,3
mentally_deranged,28,22,6
oddly_compelling,28,4,24
previously_unavailable,28,25,3
much_involved,28,26,2
completely_incompetent,28,28,0
uniquely_satisfying,28,1,27
barely_distinguishable,28,27,1
more_dear,28,13,15
very_satisfactory,28,26,2
super_good,28,27,1
all_white,28,24,4
incredibly_complicated,28,21,7
totally_ridiculous,28,16,12
still_beautiful,28,25,3
so_sensual,28,10,18
very_excellent,28,26,2
highly_probable,28,27,1
overly_restrictive,28,28,0
initially_skeptical,28,26,2
not_critical,28,28,0
structurally_wrong,28,9,19
not_cold,28,25,3
utterly_fascinating,28,13,15
genuinely_wrong,28,13,15
increasingly_common,28,16,12
most_damaging,28,27,1
most_knowledgeable,28,27,1
ridiculously_short,28,27,1
extremely_clever,28,24,4
very_proficient,28,26,2
more_gracious,28,22,6
extremely_durable,28,26,2
quite_relaxed,28,27,1
simply_delicious,28,26,2
very_bland,28,24,4
overly_demanding,28,28,0
painfully_honest,28,26,2
sufficiently_small,28,28,0
sickly_sweet,28,22,6
incredibly_small,28,22,6
even_scientific,28,28,0
very_crisp,28,27,1
physically_fit,28,27,1
even_naked,28,28,0
amazingly_good,28,26,2
equally_culpable,28,28,0
so_childish,28,11,17
longer_usable,28,27,1
very_educational,28,26,2
absolutely_awesome,28,22,6
more_topical,28,14,14
more_utilitarian,28,10,18
quite_valid,28,25,3
more_bright,28,14,14
extremely_scarce,28,28,0
physically_painful,28,26,2
even_memorable,28,26,2
not_operational,28,28,0
so_immense,28,12,16
truly_free,28,25,3
so_blurry,28,28,0
not_offensive,28,27,1
elegantly_simple,28,21,7
very_qualified,28,26,2
so_unpleasant,28,13,15
very_cozy,28,22,6
downright_harmful,28,28,0
even_philosophical,28,28,0
probably_fine,28,28,0
entirely_comfortable,28,26,2
completely_soft,28,27,1
so_incoherent,28,27,1
pretty_long,28,27,1
statistically_insignificant,28,27,1
very_visceral,28,5,23
pretty_lucky,28,28,0
even_nice,28,28,0
very_slim,28,27,1
more_silly,28,20,8
super_creative,28,22,6
also_new,28,25,3
completely_subjective,28,22,6
not_same,28,26,2
deliberately_provocative,28,25,3
clearly_different,28,20,8
especially_hard,28,26,2
too_regular,28,27,1
quite_weak,28,27,1
very_fashionable,28,26,2
more_selfish,28,21,7
not_angry,28,27,1
n't_keen,28,28,0
particularly_significant,28,19,9
really_sensitive,28,25,3
even_risky,28,26,2
more_spicy,28,10,18
super_affordable,28,27,1
super_positive,28,26,2
pretty_emotional,28,27,1
very_current,28,16,12
quite_embarrassing,28,24,4
incredibly_painful,28,22,6
more_fabulous,28,17,11
virtually_non-existent,28,28,0
considerably_different,28,16,12
almost_equal,28,24,4
even_historical,28,28,0
quite_distinctive,28,10,18
real_big,28,11,17
truly_passionate,28,23,5
just_soft,28,28,0
too_creepy,28,23,5
even_long-term,28,28,0
still_likely,28,27,1
so_unknown,28,15,13
most_excellent,28,26,2
very_english,28,15,13
deliberately_vague,28,28,0
very_motivating,28,23,5
very_unsafe,28,27,1
more_shallow,28,25,3
fairly_rare,28,13,15
not_tight,28,26,2
rather_weak,28,28,0
extremely_long,28,28,0
more_divine,28,12,16
more_timid,28,27,1
very_impatient,28,27,1
completely_preventable,28,28,0
more_varied,28,13,15
so_typical,28,24,4
more_vast,28,4,24
pretty_perfect,28,26,2
too_cruel,28,28,0
simply_awesome,28,26,2
totally_independent,28,21,7
otherwise_inadequate,28,28,0
just_bitter,28,27,1
counter_intuitive,28,21,7
too_slick,28,27,1
extraordinarily_beautiful,28,17,11
more_conscientious,28,27,1
just_anxious,28,28,0
functionally_illiterate,28,28,0
even_weird,28,27,1
totally_incompetent,28,25,3
thoroughly_enjoyable,28,28,0
as_thorough,28,25,3
even_welcome,28,28,0
just_aware,28,28,0
fully_autonomous,28,28,0
relatively_expensive,28,28,0
more_refined,28,11,17
so_naughty,28,12,16
as_mad,28,22,6
even_confused,28,28,0
not_fluent,28,25,3
n't_alive,28,28,0
so_graceful,28,20,8
immediately_adjacent,28,28,0
even_temporary,28,27,1
surprisingly_high,28,28,0
completely_alone,28,27,1
conveniently_close,28,28,0
quite_novel,28,9,19
otherwise_unhealthy,28,28,0
only_suitable,28,27,1
very_acidic,28,27,1
so_contrary,28,13,15
even_traumatic,28,27,1
eerily_reminiscent,28,23,5
very_tidy,28,28,0
so_playful,28,16,12
conveniently_available,28,28,0
so_arbitrary,28,11,17
even_attractive,28,28,0
as_miserable,28,20,8
unbelievably_stupid,28,16,12
even_arrogant,28,28,0
too_careless,28,26,2
more_contemplative,28,10,18
slightly_soft,28,28,0
still_loyal,27,23,4
severely_obese,27,27,0
even_heretical,27,27,0
quite_skeptical,27,27,0
less_supportive,27,26,1
less_responsible,27,26,1
so_bleak,27,18,9
politically_neutral,27,26,1
quite_confused,27,25,2
quite_solid,27,21,6
already_interested,27,25,2
even_cheap,27,27,0
plain_sick,27,27,0
less_substantial,27,14,13
also_familiar,27,25,2
deeply_important,27,10,17
partially_right,27,27,0
so_general,27,25,2
fairly_safe,27,27,0
more_great,27,23,4
nigh_impossible,27,26,1
very_shiny,27,23,4
very_doubtful,27,26,1
historically_inaccurate,27,26,1
quite_sinister,27,6,21
relatively_normal,27,21,6
sexually_provocative,27,26,1
as_vivid,27,21,6
just_unhappy,27,27,0
virtually_indistinguishable,27,22,5
as_calm,27,27,0
more_stubborn,27,26,1
so_sinister,27,3,24
financially_viable,27,24,3
not_intentional,27,26,1
quite_confident,27,26,1
too_needy,27,27,0
very_prevalent,27,22,5
so_enchanting,27,9,18
completely_contrary,27,16,11
collectively_responsible,27,27,0
very_imaginative,27,25,2
even_proud,27,27,0
quite_startling,27,14,13
very_erotic,27,13,14
quite_fine,27,25,2
more_knowledgable,27,7,20
as_idiotic,27,1,26
utterly_meaningless,27,24,3
not_comprehensive,27,27,0
simply_unacceptable,27,26,1
also_happy,27,27,0
really_outstanding,27,11,16
even_sane,27,27,0
quite_disappointed,27,27,0
as_annoying,27,24,3
simply_unlucky,27,25,2
really_right,27,25,2
partially_blind,27,27,0
more_dressy,27,10,17
more_minimal,27,11,16
less_motivated,27,27,0
just_warm,27,26,1
super_short,27,27,0
very_seductive,27,10,17
quite_weird,27,18,9
simply_unnecessary,27,27,0
fully_responsive,27,27,0
even_understandable,27,27,0
very_persistent,27,26,1
least_able,27,27,0
too_absent,27,27,0
truly_sinister,27,2,25
more_acidic,27,25,2
not_brave,27,27,0
not_ethical,27,27,0
very_concrete,27,12,15
too_odd,27,26,1
even_insane,27,27,0
really_soft,27,20,7
completely_amazing,27,16,11
more_salacious,27,8,19
darn_cute,27,25,2
really_stressful,27,21,6
already_busy,27,26,1
so_direct,27,15,12
rather_bland,27,25,2
more_introspective,27,6,21
too_partisan,27,27,0
very_catchy,27,26,1
uniquely_human,27,8,19
very_huge,27,12,15
incredibly_intelligent,27,25,2
truly_profound,27,6,21
sometimes_worse,27,27,0
quite_elderly,27,27,0
rather_beautiful,27,12,15
slightly_slower,27,27,0
too_talented,27,26,1
super_rich,27,25,2
just_passionate,27,25,2
pretty_satisfied,27,27,0
emotionally_painful,27,26,1
pretty_depressing,27,27,0
too_paranoid,27,27,0
truly_rare,27,3,24
as_local,27,23,4
more_soulful,27,6,21
even_chinese,27,27,0
quite_exceptional,27,6,21
more_excruciating,27,25,2
not_excited,27,27,0
completely_meaningless,27,19,8
very_literal,27,27,0
plain_confused,27,27,0
still_accessible,27,27,0
more_reassuring,27,20,7
even_jealous,27,27,0
most_aggressive,27,27,0
pretty_creative,27,26,1
just_set,27,27,0
really_unhappy,27,26,1
extremely_odd,27,14,13
reasonably_sure,27,26,1
so_ambiguous,27,22,5
as_fickle,27,5,22
definitely_true,27,27,0
slightly_younger,27,21,6
more_prescient,27,24,3
that_big,27,19,8
so_jaded,27,27,0
up_close,27,25,2
so_helpless,27,16,11
just_obsessed,27,27,0
less_noble,27,9,18
just_thirsty,27,27,0
still_dead,27,27,0
too_sparse,27,27,0
exceptionally_difficult,27,25,2
also_common,27,25,2
too_inflexible,27,27,0
even_frustrated,27,27,0
still_scared,27,26,1
particularly_egregious,27,8,19
quite_tired,27,27,0
rather_curious,27,14,13
super_competitive,27,27,0
too_sentimental,27,24,3
probably_dead,27,27,0
really_relaxed,27,23,4
quite_anxious,27,27,0
always_eager,27,25,2
more_eerie,27,26,1
easily_attainable,27,25,2
too_brown,27,27,0
relatively_mild,27,25,2
warmly_welcome,27,27,0
still_prevalent,27,27,0
more_supernatural,27,5,22
still_operational,27,27,0
quite_tall,27,26,1
very_restrictive,27,27,0
really_okay,27,26,1
surprisingly_difficult,27,25,2
also_effective,27,27,0
really_disappointing,27,21,6
extremely_tight,27,27,0
so_heartbreaking,27,20,7
as_affordable,27,23,4
extremely_conservative,27,26,1
also_unhappy,27,27,0
very_civil,27,26,1
equally_vulnerable,27,27,0
more_shy,27,25,2
pretty_aggressive,27,27,0
more_brave,27,25,2
too_esoteric,27,24,3
so_divisive,27,20,7
also_popular,27,27,0
more_empowering,27,12,15
quite_terrifying,27,20,7
most_prevalent,27,26,1
still_raw,27,26,1
otherwise_different,27,26,1
physically_aggressive,27,27,0
very_commendable,27,22,5
somewhat_confusing,27,27,0
too_direct,27,26,1
even_noticeable,27,27,0
mentally_healthy,27,25,2
so_consistent,27,24,3
pretty_major,27,9,18
actually_bad,27,26,1
equally_great,27,25,2
kinda_funny,27,19,8
not_political,27,25,2
overly_enthusiastic,27,27,0
highly_dubious,27,25,2
less_helpful,27,25,2
downright_unpleasant,27,27,0
even_naive,27,25,2
as_informal,27,20,7
very_specialized,27,21,6
otherwise_unusable,27,27,0
probably_best,27,25,2
super_weird,27,21,6
totally_safe,27,27,0
extremely_rude,27,21,6
most_disturbing,27,27,0
more_sober,27,12,15
not_factual,27,25,2
extremely_subtle,27,25,2
less_tolerant,27,27,0
hardly_worth,27,26,1
seemingly_mundane,27,10,17
merely_good,27,23,4
currently_free,27,26,1
as_cynical,27,12,15
just_hot,27,27,0
plainly_visible,27,25,2
n't_realistic,27,27,0
too_infrequent,27,27,0
rather_dark,27,21,6
completely_inaccurate,27,25,2
sometimes_better,27,27,0
more_fierce,27,18,9
as_dominant,27,16,11
less_affluent,27,25,2
too_annoying,27,27,0
commonly_available,27,26,1
quite_bold,27,26,1
otherwise_accessible,27,27,0
more_homeless,27,27,0
incredibly_cheap,27,27,0
kinda_weird,27,21,6
quintessentially_british,27,5,22
always_excited,27,27,0
potentially_hostile,27,26,1
even_part-time,27,27,0
more_committed,27,18,9
completely_fake,27,24,3
less_lucrative,27,23,4
genuinely_exciting,27,8,19
really_lame,27,18,9
so_impatient,27,26,1
as_direct,27,19,8
so_inconsequential,27,7,20
even_supernatural,27,24,3
very_open-minded,27,26,1
way_cheaper,27,24,3
completely_evil,27,26,1
longer_accessible,26,26,0
actually_more,26,26,0
not_pleasing,26,22,4
possibly_dangerous,26,21,5
more_disappointed,26,26,0
so_dreadful,26,11,15
naturally_curious,26,25,1
very_pessimistic,26,26,0
so_gloomy,26,24,2
just_embarrassing,26,26,0
more_disastrous,26,16,10
more_mystifying,26,25,1
even_indirect,26,26,0
even_resentful,26,26,0
particularly_unusual,26,13,13
so_affordable,26,20,6
equally_comfortable,26,22,4
quite_trivial,26,13,13
truly_astonishing,26,8,18
equally_absurd,26,7,19
so_tame,26,22,4
completely_novel,26,8,18
technically_legal,26,26,0
even_perfect,26,25,1
often_unable,26,24,2
too_hesitant,26,26,0
maybe_greater,26,26,0
so_hopeless,26,22,4
super_slow,26,26,0
blatantly_racist,26,20,6
more_frivolous,26,12,14
pretty_drastic,26,8,18
virtually_nonexistent,26,24,2
linguistically_diverse,26,26,0
as_contentious,26,8,18
so_lame,26,23,3
seriously_lacking,26,11,15
very_picturesque,26,25,1
much_harsher,26,19,7
as_fair,26,22,4
quite_elegant,26,23,3
completely_other,26,1,25
already_subject,26,25,1
even_asleep,26,26,0
as_fast,26,23,3
so_particular,26,15,11
more_sentimental,26,13,13
even_outrageous,26,25,1
very_trendy,26,22,4
still_conscious,26,26,0
slightly_bent,26,26,0
dramatically_wrong,26,11,15
more_quirky,26,8,18
exceptionally_beautiful,26,21,5
too_crude,26,26,0
too_frustrated,26,26,0
always_worried,26,24,2
certainly_possible,26,24,2
perfectly_logical,26,25,1
as_central,26,9,17
too_exhausting,26,26,0
less_mature,26,24,2
equally_interested,26,24,2
still_sick,26,25,1
even_little,26,26,0
more_candid,26,24,2
clearly_related,26,24,2
longer_visible,26,26,0
as_egregious,26,4,22
too_reliant,26,26,0
quite_soft,26,23,3
fairly_quick,26,14,12
fairly_quiet,26,25,1
almost_sacred,26,2,24
otherwise_ineffective,26,26,0
not_spiritual,26,25,1
otherwise_flawed,26,26,0
quite_mundane,26,19,7
most_ambitious,26,26,0
very_inconvenient,26,25,1
laughably_bad,26,24,2
not_explicit,26,26,0
even_undesirable,26,26,0
more_aspirational,26,13,13
quite_fast,26,26,0
so_ideal,26,26,0
quite_ill,26,25,1
as_charismatic,26,10,16
very_fitting,26,18,8
too_enticing,26,26,0
very_simplistic,26,24,2
even_unwieldy,26,26,0
just_disappointed,26,26,0
too_positive,26,25,1
even_unexpected,26,24,2
especially_nice,26,14,12
fairly_innocuous,26,18,8
completely_uninterested,26,24,2
very_charismatic,26,23,3
as_emotional,26,10,16
just_creepy,26,26,0
as_silent,26,26,0
pretty_fascinating,26,22,4
emotionally_distant,26,26,0
less_spectacular,26,9,17
patently_offensive,26,25,1
rather_nasty,26,11,15
so_hostile,26,22,4
quite_inexpensive,26,25,1
seriously_concerned,26,25,1
really_responsible,26,21,5
as_widespread,26,19,7
not_achievable,26,22,4
just_sweet,26,25,1
as_competent,26,17,9
most_apparent,26,25,1
even_infuriating,26,25,1
totally_insane,26,19,7
more_considerate,26,21,5
still_surprised,26,26,0
less_wealthy,26,21,5
more_monumental,26,9,17
just_tough,26,26,0
so_political,26,22,4
especially_relevant,26,22,4
pretty_obscure,26,24,2
extremely_skeptical,26,25,1
really_brilliant,26,17,9
purely_physical,26,18,8
as_dense,26,15,11
quite_hostile,26,25,1
very_straight,26,26,0
not_muslim,26,25,1
too_explicit,26,25,1
as_delightful,26,13,13
downright_insane,26,26,0
very_strategic,26,20,6
too_unstable,26,25,1
n't_shy,26,26,0
very_puzzling,26,20,6
even_popular,26,26,0
even_hopeful,26,26,0
too_sore,26,26,0
slightly_open,26,26,0
easily_replaceable,26,24,2
not_independent,26,26,0
always_hungry,26,26,0
deliriously_happy,26,26,0
as_impossible,26,8,18
really_practical,26,11,15
extremely_clear,26,25,1
very_exhausting,26,25,1
really_exceptional,26,9,17
too_sleepy,26,26,0
maybe_third,26,26,0
just_fabulous,26,26,0
most_wonderful,26,21,5
so_heartwarming,26,14,12
even_gray,26,26,0
visually_exciting,26,17,9
entirely_unnecessary,26,24,2
even_deep,26,26,0
partially_naked,26,26,0
that_comfortable,26,16,10
quite_original,26,16,10
too_niche,26,26,0
totally_unfamiliar,26,10,16
truly_unforgettable,26,5,21
pretty_safe,26,25,1
quite_delicate,26,24,2
really_fundamental,26,1,25
more_reckless,26,19,7
too_self-conscious,26,26,0
really_emotional,26,19,7
more_insistent,26,19,7
really_fancy,26,13,13
actually_serious,26,24,2
also_interesting,26,16,10
less_nutritious,26,21,5
so_contradictory,26,19,7
too_trendy,26,25,1
n't_fine,26,26,0
pretty_dangerous,26,22,4
more_ignorant,26,24,2
so_oblivious,26,23,3
more_plain,26,12,14
always_easy,26,25,1
financially_able,26,26,0
very_hectic,26,26,0
highly_stressful,26,25,1
environmentally_damaging,26,25,1
very_hospitable,26,26,0
less_destructive,26,15,11
also_compatible,26,26,0
most_qualified,26,25,1
less_anxious,26,26,0
pretty_unusual,26,19,7
more_seasoned,26,10,16
too_mainstream,26,26,0
less_depressing,26,6,20
overly_friendly,26,26,0
even_gay,26,26,0
even_financial,26,26,0
even_disappointed,26,25,1
extremely_fast,26,26,0
most_violent,26,25,1
much_louder,26,14,12
more_accountable,26,26,0
pretty_clean,26,25,1
then_able,26,26,0
increasingly_concerned,26,26,0
very_tiring,26,26,0
so_revolutionary,26,3,23
too_clumsy,26,25,1
so_major,26,1,25
very_pertinent,26,16,10
completely_misunderstood,26,26,0
more_charismatic,26,21,5
more_affectionate,26,22,4
so_reliant,26,23,3
politically_unstable,26,26,0
extremely_bright,26,25,1
merely_symbolic,26,22,4
sexually_promiscuous,26,26,0
so_monstrous,26,7,19
potentially_wrong,26,16,10
so_callous,26,17,9
entirely_innocent,26,19,7
quickly_accessible,26,26,0
pretty_chill,26,26,0
highly_competent,26,23,3
most_conservative,26,25,1
more_reticent,26,26,0
very_exclusive,26,16,10
too_contrived,26,26,0
too_convincing,26,26,0
too_brittle,26,26,0
n't_careful,26,26,0
more_literary,26,14,12
very_defensive,26,22,4
desperately_sad,26,22,4
altogether_absent,26,26,0
entirely_independent,26,20,6
most_inspiring,26,26,0
otherwise_useful,26,25,1
even_homeless,26,26,0
just_poor,26,26,0
less_precise,26,22,4
simply_outdated,26,26,0
even_complex,26,26,0
real_quiet,26,25,1
remotely_analogous,26,26,0
that_impressive,26,19,7
too_contemporary,26,26,0
highly_innovative,26,22,4
too_theoretical,26,26,0
so_skeptical,26,26,0
incredibly_appealing,26,12,14
abundantly_clear,26,16,10
less_legitimate,26,26,0
eerily_quiet,26,25,1
so_strict,26,23,3
highly_misleading,26,24,2
still_functional,26,26,0
less_conservative,25,15,10
substantially_more,25,20,5
even_explicit,25,25,0
terribly_expensive,25,22,3
too_insecure,25,25,0
extremely_cool,25,16,9
extremely_controversial,25,22,3
relatively_innocuous,25,13,12
completely_unrealistic,25,18,7
so_breathtaking,25,13,12
exact_same,25,25,0
more_shocked,25,25,0
more_perverse,25,18,7
also_critical,25,25,0
extremely_severe,25,25,0
real_simple,25,12,13
even_specific,25,22,3
half_true,25,25,0
very_brutal,25,21,4
quite_warm,25,25,0
uniquely_personal,25,4,21
just_frustrated,25,25,0
really_unlucky,25,25,0
extremely_reliable,25,21,4
not_immediate,25,24,1
extremely_dark,25,25,0
so_immediate,25,15,10
barely_old,25,15,10
pretty_mundane,25,22,3
scientifically_accurate,25,24,1
so_unreasonable,25,20,5
equally_real,25,22,3
that_strong,25,23,2
very_discouraging,25,22,3
obviously_fake,25,23,2
even_economic,25,25,0
most_problematic,25,25,0
pretty_steep,25,25,0
totally_legal,25,20,5
even_mandatory,25,25,0
really_ok,25,24,1
as_tight,25,19,6
overly_technical,25,22,3
as_dire,25,17,8
structurally_unsound,25,25,0
more_mesmerizing,25,19,6
legally_privileged,25,25,0
less_burdensome,25,23,2
very_theoretical,25,25,0
so_misunderstood,25,22,3
very_repetitive,25,25,0
rather_sweet,25,12,13
too_prominent,25,24,1
highly_mobile,25,25,0
so_responsive,25,25,0
too_weary,25,25,0
very_articulate,25,22,3
less_daunting,25,14,11
pretty_amusing,25,25,0
simply_scared,25,25,0
inherently_better,25,17,8
over_excited,25,25,0
very_linear,25,23,2
more_criminal,25,19,6
rather_straightforward,25,24,1
perhaps_plastic,25,25,0
even_okay,25,25,0
completely_flat,25,23,2
seriously_sick,25,21,4
more_befitting,25,2,23
completely_healthy,25,22,3
incredibly_romantic,25,3,22
rather_ordinary,25,16,9
too_lean,25,25,0
more_fond,25,25,0
not_preventable,25,24,1
surprisingly_affordable,25,25,0
little_better,25,24,1
most_pleasant,25,24,1
so_conscious,25,24,1
even_paranoid,25,25,0
outright_bad,25,24,1
completely_avoidable,25,20,5
most_appealing,25,25,0
n't_viable,25,25,0
not_precise,25,25,0
so_individual,25,24,1
also_wrong,25,25,0
most_elegant,25,25,0
downright_frustrating,25,25,0
too_fond,25,24,1
too_subjective,25,24,1
more_observant,25,24,1
more_inevitable,25,22,3
more_psychological,25,12,13
truly_welcome,25,25,0
more_consecutive,25,25,0
quite_fundamental,25,7,18
n't_convenient,25,25,0
fairly_difficult,25,25,0
quite_bright,25,23,2
more_trivial,25,16,9
very_knowledgable,25,24,1
especially_bad,25,17,8
otherwise_dysfunctional,25,25,0
quite_broad,25,25,0
quite_brutal,25,24,1
rather_serious,25,14,11
pretty_honest,25,24,1
even_mundane,25,25,0
so_marvelous,25,13,12
too_precise,25,25,0
really_sharp,25,19,6
really_able,25,24,1
more_egalitarian,25,14,11
very_mundane,25,18,7
all_doomed,25,25,0
just_cute,25,24,1
always_bad,25,25,0
more_enthralling,25,23,2
as_modern,25,16,9
more_tasteful,25,10,15
quite_generous,25,22,3
more_suggestive,25,16,9
most_curious,25,23,2
too_surreal,25,25,0
as_universal,25,4,21
really_common,25,11,14
absolutely_disgusting,25,17,8
quite_adept,25,25,0
so_divine,25,7,18
even_noble,25,20,5
medically_underserved,25,25,0
super_unique,25,11,14
easily_impressed,25,24,1
technically_complex,25,22,3
rather_shocking,25,16,9
simply_entertaining,25,25,0
more_reliant,25,25,0
quite_intricate,25,24,1
as_goofy,25,7,18
purely_functional,25,19,6
depressingly_familiar,25,18,7
too_guilty,25,24,1
deeply_unhappy,25,25,0
particularly_proud,25,18,7
fiercely_proud,25,23,2
too_extensive,25,24,1
as_beneficial,25,21,4
just_fake,25,25,0
plain_different,25,25,0
even_imaginable,25,25,0
quite_rich,25,21,4
totally_weird,25,13,12
terribly_difficult,25,20,5
even_brilliant,25,25,0
seriously_bad,25,11,14
very_detrimental,25,22,3
still_high,25,25,0
just_fat,25,25,0
very_disruptive,25,18,7
very_rapid,25,25,0
still_vulnerable,25,24,1
so_therapeutic,25,6,19
more_humid,25,24,1
just_thankful,25,25,0
altogether_unique,25,1,24
as_equal,25,13,12
particularly_clever,25,23,2
incredibly_similar,25,18,7
not_unexpected,25,12,13
totally_unable,25,24,1
very_separate,25,20,5
too_jaded,25,24,1
extremely_entertaining,25,24,1
best_possible,25,25,0
even_healthier,25,20,5
less_fat,25,25,0
easily_confused,25,24,1
completely_organic,25,23,2
totally_natural,25,20,5
so_alike,25,20,5
not_liable,25,25,0
fast_paced,25,13,12
even_responsible,25,25,0
all_related,25,25,0
refreshingly_honest,25,15,10
closely_akin,25,3,22
very_alive,25,16,9
pretty_delicious,25,21,4
more_polished,25,9,16
totally_comfortable,25,21,4
completely_perfect,25,20,5
pretty_thin,25,24,1
also_hard,25,25,0
n't_high,25,25,0
as_functional,25,21,4
extraordinarily_difficult,25,16,9
more_fanciful,25,9,16
actually_right,25,25,0
maybe_medium,25,25,0
downright_difficult,25,25,0
incredibly_fascinating,25,16,9
already_open,25,24,1
too_pale,25,25,0
really_naughty,25,13,12
quite_revolutionary,25,5,20
very_immediate,25,15,10
immensely_powerful,25,9,16
even_accessible,25,25,0
not_fortunate,25,23,2
so_primitive,25,12,13
even_psychological,25,25,0
too_childish,25,21,4
n't_qualified,25,25,0
physically_weak,25,24,1
plain_incompetent,25,25,0
particularly_nasty,25,9,16
very_suggestive,25,21,4
less_sanguine,25,25,0
equally_wonderful,25,15,10
sexually_abusive,25,24,1
quite_worried,25,25,0
just_magical,25,16,9
even_likable,25,25,0
quite_mad,25,23,2
so_late,25,25,0
slightly_unusual,25,11,14
maybe_higher,25,24,1
otherwise_inconsistent,25,25,0
highly_responsive,25,24,1
completely_incorrect,25,23,2
so_crass,25,11,14
intrinsically_evil,25,19,6
even_faint,25,25,0
pretty_generic,25,21,4
clearly_audible,25,23,2
also_relevant,25,24,1
legally_possible,25,9,16
even_hopeless,25,25,0
so_simplistic,25,9,16
really_stunning,25,10,15
as_foreign,25,13,12
actually_guilty,25,22,3
as_horrendous,25,2,23
even_silver,25,25,0
most_desperate,25,22,3
really_natural,25,13,12
incredibly_inspiring,25,19,6
so_irrational,25,14,11
more_worldly,25,17,8
perfectly_consistent,25,25,0
somewhat_skeptical,25,25,0
as_flimsy,25,3,22
more_staggering,25,23,2
too_noticeable,25,25,0
most_costly,25,25,0
not_worse,25,25,0
financially_feasible,25,25,0
highly_similar,25,25,0
more_naive,25,17,8
less_strict,25,22,3
n't_fast,25,25,0
almost_poetic,25,5,20
more_futuristic,25,7,18
so_debilitating,25,20,5
damn_funny,25,23,2
so_larger,25,22,3
so_blunt,25,17,8
plain_scary,25,25,0
more_structured,25,10,15
less_flattering,25,16,9
about_enough,24,23,1
too_sure,24,24,0
very_extensive,24,24,0
less_religious,24,18,6
much_sharper,24,19,5
very_readable,24,22,2
completely_authentic,24,19,5
about_entertaining,24,24,0
still_cautious,24,24,0
immediately_visible,24,22,2
too_quirky,24,23,1
clearly_identifiable,24,23,1
n't_surprising,24,24,0
pretty_epic,24,18,6
less_grand,24,5,19
extremely_intense,24,23,1
too_abrasive,24,21,3
really_ridiculous,24,16,8
so_crude,24,16,8
already_hard,24,24,0
socially_progressive,24,23,1
more_missing,24,23,1
completely_fictional,24,23,1
more_hospitable,24,19,5
rather_basic,24,21,3
insanely_great,24,8,16
so_courteous,24,24,0
entirely_irrelevant,24,22,2
more_sane,24,9,15
awfully_close,24,10,14
downright_dishonest,24,23,1
so_worthy,24,17,7
really_obscure,24,15,9
much_present,24,23,1
more_reputable,24,17,7
potentially_available,24,24,0
chronically_homeless,24,22,2
more_mental,24,22,2
physically_inactive,24,24,0
more_scandalous,24,12,12
absolutely_awful,24,17,7
equally_brilliant,24,17,7
wonderfully_different,24,12,12
so_compassionate,24,18,6
distinctly_odd,24,8,16
much_useless,24,23,1
more_variable,24,24,0
much_uglier,24,1,23
too_watery,24,24,0
almost_imperceptible,24,20,4
possibly_related,24,20,4
pretty_negative,24,24,0
exceptionally_talented,24,23,1
dangerously_wrong,24,21,3
socially_anxious,24,24,0
even_terrible,24,17,7
less_forgiving,24,24,0
less_durable,24,24,0
extremely_reluctant,24,19,5
physically_unfit,24,24,0
less_potent,24,15,9
less_sympathetic,24,17,7
even_questionable,24,24,0
n't_difficult,24,24,0
anatomically_correct,24,23,1
mutually_supportive,24,24,0
technically_impossible,24,23,1
even_valuable,24,23,1
pretty_darn,24,20,4
almost_enough,24,24,0
abnormally_small,24,24,0
predominantly_muslim,24,23,1
somewhat_new,24,18,6
less_mobile,24,24,0
about_simple,24,24,0
even_worthless,24,24,0
so_dominant,24,20,4
very_skinny,24,24,0
really_pleasant,24,15,9
n't_conducive,24,24,0
less_generic,24,3,21
very_french,24,14,10
less_necessary,24,22,2
very_secret,24,21,3
extremely_accurate,24,24,0
downright_dirty,24,24,0
too_susceptible,24,24,0
less_probable,24,24,0
even_sexier,24,9,15
really_terrific,24,5,19
completely_predictable,24,20,4
sometimes_free,24,24,0
more_flamboyant,24,8,16
very_rational,24,22,2
most_direct,24,24,0
completely_acceptable,24,22,2
too_smooth,24,23,1
potentially_criminal,24,21,3
somehow_responsible,24,24,0
too_rainy,24,24,0
utterly_amazing,24,12,12
legally_available,24,19,5
super_hard,24,24,0
incredibly_warm,24,23,1
otherwise_useless,24,23,1
even_heroic,24,20,4
more_circumspect,24,19,5
refreshingly_new,24,7,17
really_depressed,24,24,0
so_traditional,24,12,12
more_abrasive,24,11,13
perfectly_rational,24,20,4
more_sobering,24,16,8
already_visible,24,22,2
too_girly,24,20,4
highly_illegal,24,17,7
as_frustrated,24,24,0
absolutely_terrified,24,24,0
sexually_aggressive,24,24,0
not_indicative,24,24,0
particularly_large,24,21,3
patently_ridiculous,24,20,4
always_best,24,24,0
truly_personal,24,3,21
more_soft,24,10,14
even_long,24,24,0
very_threatening,24,15,9
not_kind,24,24,0
relatively_quick,24,22,2
simply_lucky,24,24,0
still_unresolved,24,22,2
just_adorable,24,24,0
even_deceptive,24,24,0
so_unrealistic,24,18,6
very_compact,24,23,1
really_charming,24,11,13
more_meaty,24,4,20
so_evocative,24,13,11
more_agonizing,24,21,3
more_corporate,24,11,13
so_liberating,24,5,19
really_affordable,24,22,2
just_greedy,24,24,0
more_creditable,24,23,1
not_logical,24,24,0
slightly_cheaper,24,22,2
fairly_long,24,24,0
just_cheaper,24,24,0
as_distinct,24,12,12
patently_absurd,24,21,3
very_compassionate,24,23,1
never_satisfied,24,22,2
too_orange,24,24,0
particularly_easy,24,22,2
so_tricky,24,21,3
actually_cheaper,24,24,0
very_unfamiliar,24,14,10
even_lighter,24,12,12
too_intelligent,24,24,0
particularly_noteworthy,24,18,6
too_pink,24,23,1
so_adept,24,18,6
as_legendary,24,7,17
really_hilarious,24,17,7
as_uncomfortable,24,16,8
undeniably_appealing,24,4,20
quite_rude,24,21,3
particularly_original,24,24,0
always_able,24,24,0
so_envious,24,22,2
as_enormous,24,7,17
so_provocative,24,10,14
so_ephemeral,24,4,20
no_good,24,18,6
so_graphic,24,18,6
not_comparable,24,23,1
just_friendly,24,24,0
so_harmless,24,5,19
so_taller,24,24,0
especially_challenging,24,19,5
even_constitutional,24,24,0
patently_untrue,24,19,5
so_adamant,24,22,2
incredibly_fresh,24,23,1
highly_acidic,24,23,1
fairly_successful,24,24,0
just_general,24,24,0
more_disquieting,24,14,10
easily_understandable,24,21,3
even_irresponsible,24,24,0
quite_smart,24,20,4
very_horny,24,23,1
very_interactive,24,23,1
completely_vegan,24,24,0
truly_outrageous,24,4,20
absolutely_horrible,24,12,12
still_unconvinced,24,24,0
very_horrible,24,7,17
particularly_new,24,11,13
quite_light,24,21,3
fully_responsible,24,24,0
equally_simple,24,10,14
very_agreeable,24,21,3
medically_related,24,17,7
simply_ineffective,24,24,0
real_proud,24,17,7
not_scary,24,21,3
so_insensitive,24,14,10
so_insightful,24,20,4
reasonably_available,24,24,0
more_insulting,24,21,3
even_opposite,24,24,0
more_intolerable,24,19,5
more_emphatic,24,19,5
as_crass,24,5,19
super_amazing,24,20,4
simply_breathtaking,24,23,1
as_crude,24,11,13
quite_toxic,24,23,1
quite_narrow,24,21,3
too_hectic,24,24,0
even_industrial,24,24,0
not_challenging,24,24,0
real_enough,24,20,4
more_deplorable,24,21,3
as_fabulous,24,5,19
even_independent,24,24,0
very_talkative,24,23,1
locally_advanced,24,24,0
not_prone,24,19,5
not_professional,24,22,2
super_specific,24,4,20
downright_horrible,24,22,2
so_vulgar,24,10,14
relatively_slow,24,22,2
so_exotic,24,10,14
partially_nude,24,24,0
easily_adaptable,24,23,1
hauntingly_familiar,24,12,12
equally_fascinating,24,18,6
not_recognizable,24,23,1
so_inept,24,22,2
as_urgent,24,13,11
quite_handy,24,22,2
most_ideal,24,24,0
almost_beautiful,24,6,18
even_overweight,24,24,0
painfully_awkward,24,21,3
really_jealous,24,24,0
really_fishy,24,7,17
so_unaware,24,21,3
just_numb,24,23,1
more_plentiful,24,23,1
quite_enough,24,23,1
so_spot,24,24,0
so_unsure,24,20,4
truly_weird,24,5,19
below_normal,24,24,0
as_ruthless,24,16,8
more_analytical,24,14,10
so_unsettling,24,10,14
intellectually_curious,24,23,1
completely_unfounded,24,23,1
so_fancy,24,19,5
otherwise_absent,24,24,0
otherwise_abnormal,24,24,0
as_stiff,24,18,6
not_warm,24,23,1
so_rosy,24,24,0
otherwise_able,24,24,0
more_alternative,24,11,13
very_spectacular,24,16,8
not_feminine,24,21,3
not_meaningful,24,24,0
just_dull,24,24,0
considerably_younger,24,15,9
not_truthful,24,24,0
too_passionate,24,23,1
as_tricky,24,16,8
particularly_close,24,21,3
not_straightforward,24,24,0
too_hungover,24,24,0
incredibly_cute,24,16,8
overly_pessimistic,24,24,0
even_brutal,24,24,0
overly_negative,24,23,1
really_essential,24,12,12
so_believable,24,23,1
achingly_beautiful,24,17,7
not_calm,24,24,0
longer_important,24,24,0
incredibly_impressive,24,22,2
all_great,23,23,0
very_forgiving,23,22,1
still_dependent,23,21,2
as_uncertain,23,12,11
so_potent,23,13,10
too_frustrating,23,23,0
even_bitter,23,23,0
otherwise_inaccurate,23,23,0
too_frightening,23,21,2
fully_intact,23,19,4
still_dark,23,22,1
emotionally_powerful,23,20,3
incredibly_rich,23,20,3
so_promising,23,17,6
even_clever,23,23,0
as_informative,23,20,3
not_dark,23,23,0
too_moist,23,23,0
just_incapable,23,23,0
even_direct,23,23,0
already_ill,23,22,1
also_different,23,22,1
plain_useless,23,23,0
as_independent,23,14,9
even_dumb,23,22,1
overly_positive,23,23,0
even_early,23,23,0
extremely_corrupt,23,23,0
not_contrary,23,23,0
backwards_compatible,23,23,0
even_empty,23,23,0
significantly_shorter,23,21,2
relatively_modest,23,22,1
strangely_comforting,23,3,20
always_fresh,23,23,0
completely_incapable,23,20,3
highly_related,23,23,0
as_american,23,19,4
incredibly_attractive,23,18,5
even_expensive,23,23,0
even_depressing,23,23,0
as_unimportant,23,4,19
also_due,23,23,0
even_contemporary,23,22,1
super_smooth,23,21,2
n't_active,23,23,0
even_competent,23,23,0
politically_important,23,19,4
absolutely_unacceptable,23,17,6
otherwise_unnecessary,23,23,0
more_malleable,23,10,13
very_thrilling,23,14,9
indeed_possible,23,23,0
fully_available,23,22,1
still_drunk,23,23,0
absolutely_terrifying,23,16,7
really_shitty,23,13,10
politically_aware,23,22,1
highly_interactive,23,22,1
more_honorable,23,15,8
very_inquisitive,23,23,0
very_humid,23,23,0
really_dry,23,22,1
as_intriguing,23,22,1
very_careless,23,23,0
very_addictive,23,12,11
emotionally_satisfying,23,15,8
so_reliable,23,19,4
highly_experimental,23,22,1
ethically_questionable,23,19,4
quite_modern,23,17,6
not_unrelated,23,17,6
very_central,23,11,12
very_bloody,23,18,5
as_rudimentary,23,2,21
virtually_empty,23,23,0
so_joyous,23,17,6
incredibly_effective,23,21,2
pretty_pointless,23,22,1
substantially_better,23,12,11
especially_sensitive,23,21,2
pretty_passionate,23,23,0
pretty_ordinary,23,20,3
pretty_odd,23,19,4
pretty_fresh,23,20,3
more_catchy,23,4,19
not_wide,23,23,0
so_colourful,23,17,6
pretty_psyched,23,23,0
very_masculine,23,13,10
pretty_dull,23,21,2
around_bad,23,23,0
rightly_proud,23,23,0
also_skeptical,23,23,0
pretty_radical,23,8,15
undoubtedly_true,23,21,2
exceptionally_friendly,23,23,0
vastly_better,23,19,4
deeply_conservative,23,21,2
more_guilty,23,22,1
as_stringent,23,22,1
more_charitable,23,21,2
as_sturdy,23,15,8
quite_independent,23,17,6
more_busy,23,23,0
more_theatrical,23,7,16
more_remote,23,19,4
simply_incredible,23,22,1
quite_horrible,23,14,9
not_scared,23,20,3
too_amazing,23,21,2
also_nice,23,22,1
also_perfect,23,22,1
really_authentic,23,9,14
deeply_cynical,23,19,4
pretty_intuitive,23,23,0
pretty_keen,23,23,0
not_random,23,23,0
pretty_light,23,22,1
mostly_wrong,23,23,0
easily_achievable,23,22,1
very_inaccurate,23,23,0
very_credible,23,20,3
not_similar,23,23,0
pretty_horrific,23,16,7
utterly_unexpected,23,1,22
not_small,23,22,1
more_breathtaking,23,19,4
pretty_helpful,23,23,0
quite_fresh,23,13,10
as_spicy,23,21,2
really_relevant,23,13,10
pretty_harmless,23,22,1
clearly_superior,23,22,1
quite_foreign,23,7,16
very_festive,23,17,6
also_ready,23,23,0
especially_proud,23,22,1
as_stylish,23,13,10
now_happy,23,23,0
even_unfair,23,23,0
very_manageable,23,21,2
so_one-sided,23,21,2
also_guilty,23,23,0
only_familiar,23,20,3
rather_rare,23,13,10
so_numerous,23,23,0
potentially_worse,23,16,7
ethically_wrong,23,12,11
quite_apparent,23,21,2
quintessentially_canadian,23,0,23
most_personal,23,22,1
predominantly_black,23,23,0
intensely_private,23,12,11
too_invasive,23,23,0
rather_fun,23,20,3
more_confrontational,23,13,10
excruciatingly_painful,23,21,2
openly_available,23,23,0
very_democratic,23,18,5
relatively_happy,23,20,3
just_convenient,23,23,0
completely_awesome,23,15,8
totally_innocent,23,19,4
technically_wrong,23,18,5
as_trite,23,4,19
really_critical,23,14,9
super_impressed,23,23,0
just_dark,23,22,1
potentially_controversial,23,19,4
really_crucial,23,8,15
most_impactful,23,23,0
even_believable,23,23,0
more_commonplace,23,19,4
quite_artistic,23,21,2
incredibly_fast,23,22,1
so_complimentary,23,22,1
pretty_cold,23,23,0
less_drastic,23,3,20
morally_objectionable,23,14,9
especially_concerned,23,20,3
so_luxurious,23,6,17
much_new,23,20,3
now_present,23,22,1
really_precious,23,5,18
more_wealthy,23,21,2
slightly_new,23,6,17
quite_involved,23,23,0
grammatically_incorrect,23,19,4
morally_unacceptable,23,20,3
now_illegal,23,20,3
more_closer,23,19,4
quite_irritating,23,21,2
immensely_grateful,23,23,0
much_perfect,23,22,1
quite_colorful,23,23,0
objectively_true,23,18,5
morally_good,23,19,4
very_plausible,23,21,2
highly_advanced,23,22,1
as_prestigious,23,3,20
technically_savvy,23,18,5
genuinely_unique,23,2,21
morally_correct,23,21,2
both_wrong,23,23,0
quite_brief,23,22,1
super_quick,23,16,7
very_decent,23,20,3
always_great,23,21,2
politically_acceptable,23,21,2
so_inconsistent,23,19,4
never_true,23,22,1
n't_pleasant,23,23,0
n't_hungry,23,23,0
so_addictive,23,12,11
temporarily_unable,23,23,0
any_more,23,19,4
even_public,23,23,0
as_aware,23,23,0
too_dead,23,22,1
very_comprehensive,23,18,5
considerably_worse,23,17,6
incredibly_rude,23,19,4
most_ridiculous,23,23,0
very_low-key,23,22,1
just_older,23,23,0
absolutely_absurd,23,18,5
absolutely_ideal,23,21,2
so_tedious,23,21,2
still_naked,23,23,0
rather_spectacular,23,5,18
hiv_positive,23,12,11
almost_nonexistent,23,22,1
very_elusive,23,17,6
downright_shocking,23,23,0
most_spectacular,23,22,1
more_unstable,23,17,6
particularly_satisfying,23,5,18
actually_impossible,23,23,0
very_inventive,23,20,3
materially_different,23,19,4
more_encompassing,23,11,12
far_afield,23,18,5
very_numerous,23,23,0
very_arrogant,23,19,4
very_mad,23,23,0
so_abundant,23,18,5
more_internal,23,9,14
less_radical,23,12,11
somehow_better,23,22,1
simply_wonderful,23,16,7
perfectly_honest,23,21,2
quite_smooth,23,21,2
almost_daily,23,23,0
wholly_bad,23,23,0
still_healthy,23,23,0
n't_welcome,23,23,0
fairly_specific,23,12,11
so_unimportant,23,11,12
maybe_less,23,23,0
utterly_compelling,23,11,12
highly_symbolic,23,22,1
more_praiseworthy,23,23,0
too_offensive,23,23,0
just_pure,23,23,0
just_weak,23,23,0
amazingly_talented,23,22,1
fairly_light,23,15,8
so_visible,23,14,9
also_accessible,23,23,0
highly_suggestive,23,23,0
just_spectacular,23,22,1
even_medical,23,23,0
absolutely_fascinating,23,15,8
n't_valuable,23,23,0
too_reluctant,23,23,0
so_upsetting,23,13,10
plain_better,23,23,0
really_insightful,23,12,11
rather_stupid,23,13,10
hugely_beneficial,23,20,3
very_luxurious,23,17,6
more_motivating,23,16,7
extremely_specific,23,15,8
so_exclusive,23,13,10
too_overpowering,23,23,0
more_junior,23,10,13
still_unidentified,23,21,2
so_wicked,23,14,9
also_appropriate,23,19,4
equally_passionate,23,21,2
even_nastier,23,7,16
too_private,23,18,5
very_chic,23,15,8
lawfully_present,23,22,1
socially_active,23,23,0
devoutly_religious,23,22,1
fairly_healthy,23,20,3
just_nostalgia,23,23,0
more_hungry,23,23,0
extremely_wary,23,23,0
too_premature,23,22,1
tremendously_excited,23,23,0
most_resistant,23,23,0
fairly_significant,23,7,16
truly_funny,23,12,11
completely_unprepared,23,21,2
even_meaningful,23,23,0
more_bleak,23,21,2
so_extravagant,23,13,10
more_lyrical,23,8,15
as_divisive,23,7,16
perfectly_correct,22,20,2
economically_beneficial,22,20,2
mildly_annoying,22,16,6
simply_crazy,22,21,1
very_prestigious,22,21,1
more_tall,22,22,0
currently_open,22,22,0
so_near,22,22,0
as_worried,22,22,0
totally_bizarre,22,13,9
super_yummy,22,18,4
even_weak,22,22,0
rather_ironic,22,17,5
as_numerous,22,22,0
so_unbearable,22,18,4
rather_predictable,22,22,0
too_idealistic,22,22,0
as_neat,22,14,8
somewhat_true,22,22,0
emotionally_manipulative,22,21,1
too_uptight,22,21,1
still_nervous,22,21,1
generally_accurate,22,21,1
more_bullish,22,13,9
actually_ready,22,19,3
also_fun,22,21,1
technically_true,22,22,0
very_amiss,22,13,9
reportedly_interested,22,22,0
very_amicable,22,22,0
more_sleek,22,4,18
sexually_attractive,22,19,3
too_less,22,22,0
more_open-ended,22,14,8
entirely_reasonable,22,20,2
so_dire,22,12,10
already_drunk,22,18,4
practically_free,22,22,0
quite_terrible,22,12,10
quite_evident,22,12,10
maybe_unwieldy,22,22,0
always_tired,22,22,0
extremely_new,22,14,8
very_definite,22,5,17
almost_spiritual,22,2,20
generally_positive,22,22,0
really_respectful,22,22,0
very_sore,22,21,1
quite_exotic,22,16,6
even_active,22,22,0
ridiculously_fun,22,14,8
so_gradual,22,21,1
even_alarming,22,22,0
just_terrific,22,22,0
aesthetically_beautiful,22,17,5
much_true,22,21,1
as_thrilled,22,22,0
more_conclusive,22,9,13
super_serious,22,13,9
quite_legitimate,22,21,1
more_divisive,22,13,9
now_dumber,22,22,0
too_elusive,22,21,1
gravely_concerned,22,22,0
essentially_different,22,11,11
very_eerie,22,12,10
fairly_mundane,22,17,5
pretty_creepy,22,20,2
physically_stronger,22,19,3
somewhat_interesting,22,15,7
extremely_sexy,22,9,13
quite_contrary,22,9,13
widely_popular,22,20,2
more_temporary,22,14,8
never_easy,22,22,0
too_defensive,22,22,0
not_vegan,22,21,1
especially_close,22,17,5
pretty_specific,22,12,10
really_thrilled,22,22,0
too_adult,22,20,2
too_red,22,22,0
very_economical,22,20,2
somewhat_hard,22,20,2
simply_mad,22,22,0
most_essential,22,20,2
n't_responsible,22,22,0
not_mandatory,22,20,2
less_urgent,22,19,3
incredibly_entertaining,22,16,6
too_gross,22,21,1
too_empty,22,22,0
somewhat_significant,22,22,0
n't_reliable,22,22,0
grossly_inaccurate,22,22,0
rather_infamous,22,22,0
very_comparable,22,16,6
extremely_rough,22,8,14
not_loud,22,22,0
virtually_invisible,22,20,2
now_alive,22,12,10
as_revolutionary,22,7,15
intricately_detailed,22,21,1
more_younger,22,22,0
very_ironic,22,14,8
just_unnecessary,22,22,0
quite_ambitious,22,19,3
much_related,22,19,3
easily_customizable,22,22,0
highly_attractive,22,20,2
so_disgusted,22,21,1
so_abhorrent,22,4,18
newly_single,22,21,1
as_tangible,22,4,18
more_laudable,22,20,2
quite_awesome,22,15,7
technically_sound,22,22,0
as_physical,22,16,6
mildly_symptomatic,22,22,0
simply_nonexistent,22,22,0
also_visible,22,22,0
often_guilty,22,22,0
often_hard,22,18,4
undeniably_beautiful,22,9,13
somewhat_surprising,22,17,5
simply_worried,22,22,0
too_religious,22,22,0
fundamentally_sound,22,21,1
emotionally_available,22,17,5
as_clumsy,22,12,10
seemingly_inconsequential,22,13,9
more_pungent,22,10,12
completely_valid,22,21,1
too_random,22,22,0
widely_accessible,22,22,0
so_majestic,22,6,16
very_relative,22,20,2
back_healthy,22,16,6
so_unstable,22,13,9
entirely_optional,22,21,1
so_disrespectful,22,11,11
more_draconian,22,11,11
criminally_insane,22,22,0
emotionally_fragile,22,20,2
quite_catchy,22,22,0
simply_more,22,22,0
too_tricky,22,20,2
somewhat_easy,22,21,1
not_unheard,22,7,15
less_detailed,22,20,2
endlessly_fascinating,22,18,4
explicitly_sexual,22,18,4
otherwise_clear,22,22,0
mentally_challenging,22,15,7
not_boring,22,14,8
so_rigid,22,16,6
very_candid,22,20,2
extremely_fortunate,22,22,0
pretty_inexpensive,22,21,1
still_experimental,22,22,0
more_pliable,22,10,12
too_flimsy,22,22,0
more_crisp,22,19,3
n't_gay,22,22,0
slightly_weird,22,16,6
entirely_unaware,22,21,1
surprisingly_close,22,18,4
incredibly_beneficial,22,20,2
more_culpable,22,22,0
well_detailed,22,21,1
as_arcane,22,6,16
as_slick,22,10,12
profoundly_sad,22,9,13
highly_positive,22,20,2
very_adult,22,16,6
extremely_thin,22,21,1
over_complicated,22,21,1
even_grey,22,22,0
super_great,22,20,2
less_ordinary,22,6,16
extremely_accommodating,22,21,1
really_gratifying,22,11,11
highly_individual,22,18,4
not_believable,22,21,1
less_wrong,22,21,1
otherwise_concerned,22,22,0
more_forthright,22,18,4
unusually_high,22,22,0
inherently_violent,22,16,6
too_onerous,22,21,1
extremely_annoying,22,20,2
particularly_impressive,22,19,3
so_faithful,22,18,4
clearly_present,22,22,0
very_susceptible,22,22,0
as_confusing,22,22,0
extremely_thankful,22,22,0
more_bad,22,22,0
frustratingly_difficult,22,22,0
super_rare,22,18,4
more_reactive,22,19,3
even_disruptive,22,22,0
more_wise,22,16,6
insanely_busy,22,22,0
too_absurd,22,21,1
quite_unpredictable,22,20,2
simply_uncomfortable,22,22,0
always_important,22,19,3
truly_transformative,22,3,19
always_full,22,21,1
quite_remote,22,20,2
more_enigmatic,22,10,12
too_appealing,22,21,1
so_volatile,22,11,11
really_key,22,11,11
very_pigmented,22,22,0
quite_uncommon,22,10,12
highly_reliable,22,21,1
completely_incomprehensible,22,16,6
financially_unable,22,22,0
just_lame,22,22,0
entirely_consistent,22,20,2
simply_unavoidable,22,22,0
extremely_disturbing,22,17,5
almost_extinct,22,20,2
always_helpful,22,22,0
almost_double,22,21,1
terribly_true,22,22,0
really_juicy,22,3,19
as_anxious,22,19,3
so_spontaneous,22,18,4
even_dramatic,22,22,0
particularly_compelling,22,10,12
completely_intact,22,22,0
overly_protective,22,21,1
actually_fun,22,20,2
so_american,22,7,15
so_damn,22,21,1
highly_specialized,22,16,6
incredibly_bad,22,17,5
overly_serious,22,21,1
quite_problematic,22,19,3
truly_bad,22,13,9
very_vibrant,22,19,3
still_poor,22,22,0
more_inspirational,22,12,10
suitably_impressed,22,22,0
extremely_curious,22,19,3
even_special,22,19,3
more_unknown,22,12,10
very_sceptical,22,22,0
extremely_healthy,22,20,2
even_organic,22,22,0
inherently_satisfying,22,0,22
so_blue,22,20,2
less_frightening,22,15,7
so_appalling,22,9,13
physically_demanding,22,19,3
too_revealing,22,22,0
plain_good,22,21,1
otherwise_incompatible,22,22,0
as_fat,22,19,3
quite_fragile,22,19,3
not_exciting,22,22,0
very_novel,22,10,12
otherwise_misleading,22,22,0
pretty_uncomfortable,22,20,2
too_vast,22,19,3
fairly_big,22,17,5
really_overwhelming,22,21,1
more_sweeping,22,7,15
not_enthusiastic,22,21,1
too_sour,22,22,0
as_lucrative,22,19,3
rather_excited,22,22,0
fully_recyclable,22,21,1
extraordinarily_important,22,14,8
otherwise_healthy,22,19,3
really_messy,22,18,4
so_pristine,22,19,3
less_friendly,22,16,6
absolutely_impossible,22,19,3
as_explosive,22,14,8
sexually_available,22,22,0
explicitly_political,22,19,3
already_eligible,22,21,1
rather_familiar,22,12,10
deeply_amiss,22,16,6
almost_unrecognizable,22,7,15
completely_overwhelming,22,20,2
already_endangered,22,22,0
damn_hard,22,21,1
still_current,22,21,1
more_vexing,22,20,2
sexually_exploitative,22,22,0
fundamentally_human,22,3,19
too_credible,22,22,0
just_delicious,22,22,0
so_apparent,22,18,4
less_confusing,22,13,9
legally_enforceable,22,17,5
any_easier,22,21,1
purely_natural,22,21,1
even_chaotic,22,22,0
equally_acceptable,22,22,0
rather_poor,22,22,0
politically_liberal,22,21,1
still_unfamiliar,22,22,0
currently_unknown,22,16,6
too_risque,22,21,1
just_free,22,21,1
extremely_hostile,22,22,0
even_ok,22,22,0
too_chilly,22,22,0
fully_customisable,22,22,0
really_depressing,22,13,9
inherently_sexy,22,2,20
less_rigid,22,15,7
pretty_meaningless,22,21,1
quite_offensive,22,18,4
remotely_possible,22,17,5
super_high,22,22,0
always_positive,22,22,0
beautifully_unique,22,15,7
reasonably_good,22,16,6
really_lazy,22,21,1
too_outlandish,22,17,5
absolutely_delightful,22,17,5
just_selfish,22,22,0
very_ambiguous,22,21,1
equally_able,22,21,1
n't_specific,22,22,0
even_traditional,22,22,0
so_privileged,22,19,3
easily_upset,22,22,0
so_whimsical,22,8,14
as_long,22,20,2
so_dreamy,21,16,5
so_irritating,21,14,7
equally_essential,21,17,4
somewhat_uncomfortable,21,21,0
enormously_popular,21,19,2
even_pregnant,21,21,0
so_bent,21,20,1
rather_tenuous,21,10,11
as_creepy,21,15,6
simply_insane,21,21,0
as_desirable,21,16,5
too_edgy,21,20,1
quite_traditional,21,16,5
too_unwell,21,21,0
as_sensible,21,9,12
really_inappropriate,21,9,12
even_mistaken,21,21,0
clinically_significant,21,19,2
rather_magical,21,3,18
really_random,21,9,12
pretty_mad,21,21,0
too_elaborate,21,16,5
as_skinny,21,17,4
super_creepy,21,9,12
especially_fond,21,20,1
so_irresponsible,21,11,10
slightly_creepy,21,11,10
really_intelligent,21,11,10
quite_endearing,21,5,16
simply_hard,21,21,0
quite_thick,21,21,0
too_widespread,21,21,0
severely_hard,21,21,0
quite_troubling,21,14,7
downright_insulting,21,20,1
deeply_profound,21,6,15
relatively_unique,21,10,11
so_singular,21,8,13
so_distraught,21,19,2
too_massive,21,20,1
really_handy,21,15,6
so_quaint,21,14,7
supremely_talented,21,20,1
as_vibrant,21,12,9
too_famous,21,21,0
emotionally_resonant,21,19,2
equally_terrible,21,12,9
as_audacious,21,5,16
really_outrageous,21,6,15
rather_bad,21,16,5
quite_rewarding,21,19,2
equally_susceptible,21,20,1
too_shocking,21,20,1
as_unexpected,21,9,12
even_tired,21,21,0
entirely_subjective,21,20,1
so_exquisite,21,12,9
even_childish,21,21,0
so_problematic,21,19,2
quite_noisy,21,21,0
even_transparent,21,21,0
really_vital,21,1,20
readily_adaptable,21,20,1
dead_wrong,21,19,2
even_blasphemous,21,19,2
too_logical,21,21,0
really_motivated,21,21,0
sexually_inappropriate,21,16,5
around_wonderful,21,21,0
economically_depressed,21,20,1
completely_clean,21,20,1
pretty_vocal,21,21,0
relatively_light,21,15,6
so_personable,21,19,2
quite_reluctant,21,21,0
too_commercial,21,20,1
strangely_compelling,21,5,16
so_daring,21,10,11
equally_possible,21,21,0
rather_charming,21,12,9
so_sleepy,21,21,0
as_upset,21,21,0
too_cliche,21,21,0
even_extreme,21,21,0
too_abundant,21,21,0
so_few,21,20,1
too_fatigued,21,21,0
even_famous,21,21,0
so_festive,21,16,5
relatively_peaceful,21,21,0
completely_innocuous,21,4,17
badly_amiss,21,16,5
environmentally_harmful,21,21,0
too_colorful,21,20,1
really_frustrated,21,21,0
so_flimsy,21,13,8
even_dishonest,21,21,0
too_coincidental,21,20,1
really_unpleasant,21,9,12
publically_available,21,20,1
quite_plain,21,17,4
constantly_aware,21,20,1
even_damp,21,21,0
as_genuine,21,10,11
really_generous,21,20,1
even_harsh,21,21,0
seemingly_insurmountable,21,18,3
so_persistent,21,16,5
quite_eager,21,21,0
around_fantastic,21,21,0
completely_reliable,21,18,3
quite_competitive,21,20,1
still_awesome,21,21,0
pretty_spot,21,21,0
as_profitable,21,21,0
so_heartless,21,13,8
as_catchy,21,12,9
even_likeable,21,21,0
as_catastrophic,21,8,13
really_annoyed,21,21,0
pretty_straight,21,21,0
equally_challenging,21,16,5
quite_clean,21,16,5
so_dismissive,21,19,2
so_acute,21,16,5
too_inept,21,20,1
essentially_human,21,7,14
quite_inventive,21,21,0
quite_convincing,21,20,1
somewhat_less,21,21,0
so_lovable,21,13,8
somewhat_negative,21,21,0
quite_intimate,21,14,7
as_distinctive,21,12,9
really_thick,21,17,4
recognizably_human,21,12,9
quite_stylish,21,17,4
super_cold,21,21,0
quite_dull,21,19,2
super_comfortable,21,16,5
simply_weird,21,21,0
really_amusing,21,12,9
still_small,21,21,0
so_giddy,21,20,1
so_goofy,21,15,6
even_alien,21,19,2
really_pleasing,21,11,10
deeply_appreciative,21,21,0
completely_appropriate,21,19,2
purely_subjective,21,17,4
too_suspicious,21,21,0
even_regular,21,21,0
simply_necessary,21,21,0
equally_available,21,21,0
so_outraged,21,20,1
so_timely,21,14,7
as_wholesome,21,9,12
even_appealing,21,21,0
too_fuzzy,21,21,0
too_calm,21,21,0
really_polite,21,21,0
rather_slow,21,20,1
as_offensive,21,8,13
entirely_personal,21,9,12
probably_worse,21,20,1
really_subtle,21,10,11
simply_outstanding,21,20,1
so_nebulous,21,11,10
so_grotesque,21,9,12
too_intricate,21,21,0
as_technical,21,8,13
too_intimate,21,21,0
somewhat_close,21,19,2
so_harmful,21,9,12
as_tame,21,12,9
terribly_interesting,21,19,2
so_noble,21,8,13
clearly_erroneous,21,21,0
grossly_unfair,21,19,2
more_linear,21,12,9
otherwise_eligible,21,20,1
fully_adjustable,21,19,2
plain_uncomfortable,21,21,0
totally_shocked,21,21,0
not_sincere,21,20,1
much_similar,21,18,3
otherwise_familiar,21,20,1
more_nourishing,21,7,14
particularly_painful,21,19,2
more_dazzling,21,17,4
pretty_bland,21,20,1
more_economic,21,18,3
already_apparent,21,21,0
much_equal,21,21,0
more_imposing,21,12,9
more_rough,21,13,8
unfairly_discriminatory,21,20,1
more_eccentric,21,13,8
only_enough,21,20,1
perhaps_less,21,19,2
fairly_confident,21,21,0
far_broader,21,3,18
more_monstrous,21,13,8
least_likely,21,21,0
newly_eligible,21,21,0
less_messy,21,10,11
totally_right,21,21,0
less_convincing,21,21,0
very_dead,21,19,2
more_monthly,21,21,0
very_invasive,21,21,0
mostly_dead,21,20,1
pretty_bummed,21,21,0
generally_unhappy,21,21,0
pretty_damning,21,15,6
perhaps_superior,21,21,0
not_fresh,21,21,0
just_stuck,21,21,0
not_flattering,21,20,1
extremely_warm,21,20,1
genuinely_curious,21,20,1
very_pleasurable,21,17,4
only_apparent,21,21,0
very_last,21,21,0
truly_proud,21,20,1
highly_pigmented,21,21,0
very_lean,21,19,2
very_frugal,21,20,1
extremely_gracious,21,21,0
pretty_convinced,21,21,0
truly_creative,21,6,15
less_lethal,21,15,6
nearly_unheard,21,3,18
not_straight,21,21,0
more_frugal,21,18,3
overly_reliant,21,21,0
more_prepared,21,16,5
actually_alive,21,18,3
highly_concerned,21,20,1
plain_sad,21,21,0
exceptionally_strong,21,21,0
pretty_cheesy,21,20,1
absolutely_insane,21,18,3
almost_indistinguishable,21,19,2
totally_stupid,21,9,12
more_minimalist,21,11,10
totally_real,21,19,2
less_smart,21,16,5
very_intrigued,21,20,1
incredibly_comforting,21,8,13
less_prevalent,21,21,0
very_cumbersome,21,20,1
less_pricey,21,8,13
perfectly_adequate,21,20,1
heavily_laden,21,19,2
mentally_incapable,21,20,1
not_alike,21,21,0
unbearably_hot,21,21,0
outright_ridiculous,21,20,1
very_self-conscious,21,20,1
potentially_disruptive,21,21,0
potentially_eligible,21,21,0
unusually_large,21,20,1
fairly_straight,21,21,0
more_disciplined,21,20,1
fairly_serious,21,13,8
n't_illegal,21,21,0
over_crowded,21,21,0
fairly_positive,21,20,1
more_blessed,21,21,0
more_discerning,21,19,2
greatly_concerned,21,21,0
less_apparent,21,18,3
openly_skeptical,21,21,0
just_inevitable,21,21,0
absolutely_safe,21,19,2
very_inefficient,21,20,1
possibly_lower,21,21,0
very_sturdy,21,18,3
very_neutral,21,17,4
very_faithful,21,20,1
very_cathartic,21,8,13
overly_active,21,21,0
actively_harmful,21,20,1
overly_dry,21,21,0
merely_cosmetic,21,21,0
more_badass,21,16,5
much_identical,21,20,1
not_inclined,21,17,4
usually_wrong,21,21,0
less_sexy,21,9,12
intentionally_vague,21,21,0
more_presentable,21,5,16
just_ordinary,21,18,3
more_unhappy,21,21,0
more_naughty,21,7,14
more_sporty,21,7,14
more_granular,21,15,6
perfectly_suitable,21,19,2
more_secretive,21,14,7
perfectly_predictable,21,21,0
politically_feasible,21,21,0
potentially_problematic,21,17,4
less_charitable,21,15,6
politically_impossible,21,21,0
only_natural,21,20,1
more_expedient,21,18,3
more_speculative,21,18,3
very_suitable,21,18,3
altogether_darker,21,0,21
hugely_influential,21,19,2
very_ominous,21,5,16
not_physical,21,18,3
mentally_strong,21,19,2
always_curious,21,19,2
otherwise_incorrect,21,21,0
more_tropical,21,6,15
just_important,21,21,0
plain_angry,21,21,0
just_unavoidable,21,21,0
pretty_dry,21,21,0
pretty_flat,21,21,0
more_uncommon,21,6,15
extremely_light,21,17,4
extremely_quick,21,21,0
nearly_dry,21,21,0
very_legitimate,21,17,4
very_astute,21,18,3
all_happy,21,18,3
not_disappointed,21,21,0
longer_human,21,20,1
also_unaware,21,21,0
morally_responsible,21,20,1
inherently_beautiful,21,1,20
genetically_related,21,20,1
less_funny,21,15,6
naturally_thin,21,19,2
incredibly_tasty,21,14,7
internally_inconsistent,21,21,0
vaguely_interested,21,16,5
often_misunderstood,21,19,2
mildly_interested,21,18,3
more_conciliatory,21,16,5
not_english,21,21,0
longer_good,21,21,0
physically_sick,21,21,0
more_quick,21,16,5
extremely_technical,21,21,0
globally_interesting,21,0,21
most_populous,21,21,0
not_technical,21,21,0
more_congenial,21,10,11
extremely_ill,21,21,0
particularly_beautiful,21,15,6
more_perceptive,21,18,3
now_unable,21,21,0
grossly_wrong,21,9,12
otherwise_noteworthy,21,21,0
merely_stupid,21,21,0
very_saddened,21,21,0
all_concerned,21,18,3
kinda_fun,21,16,5
more_hawkish,21,18,3
always_afraid,21,20,1
just_theoretical,21,20,1
plain_dull,21,20,1
more_purposeful,21,9,12
most_prestigious,21,21,0
partially_full,21,21,0
pretty_interested,21,21,0
otherwise_negligent,21,21,0
much_afraid,21,21,0
pretty_independent,21,21,0
extremely_sick,21,18,3
very_disciplined,21,20,1
longer_safe,21,21,0
just_true,21,21,0
most_deserving,20,18,2
as_reasonable,20,9,11
so_unpopular,20,8,12
very_mobile,20,19,1
less_sad,20,17,3
more_brown,20,17,3
almost_surreal,20,11,9
simply_unhappy,20,20,0
more_entrepreneurial,20,11,9
more_repulsive,20,17,3
rather_rude,20,15,5
extremely_narrow,20,19,1
more_brittle,20,19,1
rather_obscure,20,18,2
just_miserable,20,20,0
politically_convenient,20,20,0
totally_obvious,20,11,9
extremely_risky,20,17,3
vaguely_reminiscent,20,8,12
otherwise_busy,20,20,0
too_skeptical,20,19,1
now_dependent,20,19,1
very_descriptive,20,18,2
most_amazing,20,20,0
well_satisfied,20,19,1
even_predictable,20,19,1
almost_sure,20,18,2
very_misunderstood,20,20,0
super_heady,20,20,0
even_sustainable,20,20,0
still_incomplete,20,20,0
ridiculously_good,20,17,3
physically_possible,20,16,4
even_middle,20,20,0
extremely_offensive,20,18,2
too_slippery,20,19,1
plain_awkward,20,20,0
more_sociable,20,15,5
very_moving,20,16,4
completely_unconnected,20,6,14
too_minor,20,18,2
slightly_cooler,20,19,1
too_accessible,20,19,1
very_lightweight,20,16,4
too_free,20,19,1
very_inexperienced,20,19,1
over_easy,20,19,1
so_fuzzy,20,18,2
very_advantageous,20,17,3
extremely_practical,20,18,2
less_acceptable,20,16,4
very_touchy,20,20,0
absolutely_extraordinary,20,5,15
justifiably_proud,20,19,1
so_furious,20,19,1
longer_worth,20,19,1
so_sensible,20,11,9
as_insidious,20,7,13
so_seductive,20,8,12
not_obtainable,20,19,1
barely_aware,20,18,2
n't_rosy,20,20,0
perfectly_nice,20,17,3
more_corrupt,20,14,6
less_romantic,20,10,10
quite_rough,20,20,0
fundamentally_unfair,20,12,8
politically_powerful,20,16,4
actually_responsible,20,19,1
very_timid,20,19,1
highly_interesting,20,19,1
intellectually_honest,20,20,0
also_unable,20,19,1
extraordinarily_special,20,2,18
highly_imaginative,20,19,1
more_laughable,20,20,0
very_chatty,20,20,0
too_smaller,20,20,0
very_earnest,20,16,4
probably_tired,20,20,0
completely_unavoidable,20,17,3
always_concerned,20,17,3
highly_uncertain,20,18,2
dangerously_high,20,20,0
even_progressive,20,19,1
most_afraid,20,20,0
really_alive,20,15,5
even_louder,20,15,5
as_ludicrous,20,3,17
extremely_quiet,20,20,0
simply_passionate,20,20,0
plain_embarrassing,20,20,0
now_old,20,19,1
slightly_taller,20,17,3
deeply_comforting,20,2,18
just_sloppy,20,20,0
so_frantic,20,18,2
really_safe,20,17,3
so_witty,20,16,4
maybe_closer,20,19,1
very_tentative,20,20,0
as_lengthy,20,18,2
functionally_equivalent,20,14,6
highly_energetic,20,18,2
quite_mild,20,19,1
eerily_beautiful,20,13,7
deeply_sorry,20,18,2
as_tedious,20,8,12
as_legitimate,20,13,7
even_russian,20,20,0
relatively_free,20,20,0
equally_skilled,20,16,4
extremely_inexpensive,20,20,0
not_green,20,20,0
very_deadly,20,9,11
so_unclear,20,19,1
quite_minor,20,16,4
truly_delightful,20,4,16
so_hesitant,20,20,0
more_ferocious,20,14,6
more_lucky,20,19,1
just_small,20,18,2
now_likely,20,18,2
truly_excited,20,20,0
not_final,20,20,0
still_optimistic,20,19,1
extremely_vague,20,19,1
extremely_graphic,20,20,0
so_gruesome,20,8,12
essentially_good,20,15,5
truly_breathtaking,20,12,8
even_compatible,20,20,0
slightly_mad,20,20,0
very_salty,20,19,1
more_fit,20,19,1
extremely_hazardous,20,20,0
extremely_volatile,20,20,0
slightly_awkward,20,17,3
easily_searchable,20,17,3
too_convoluted,20,18,2
otherwise_impossible,20,14,6
equally_satisfying,20,15,5
deeply_corrupt,20,17,3
truly_compelling,20,0,20
very_understated,20,17,3
less_wide,20,18,2
more_tactile,20,4,16
so_gullible,20,19,1
more_comfy,20,11,9
also_full,20,19,1
so_greedy,20,20,0
locally_extinct,20,20,0
just_sensitive,20,20,0
biologically_related,20,20,0
equally_popular,20,16,4
secretly_gay,20,20,0
otherwise_disadvantaged,20,20,0
n't_impressed,20,20,0
simply_unwanted,20,20,0
very_distressed,20,20,0
immaculately_clean,20,20,0
now_full,20,18,2
fully_inclusive,20,19,1
just_prone,20,20,0
technically_good,20,20,0
fairly_flat,20,17,3
more_funky,20,4,16
utterly_useless,20,18,2
slightly_heavier,20,14,6
more_proper,20,18,2
n't_subject,20,20,0
just_pathetic,20,20,0
now_empty,20,20,0
most_modern,20,20,0
super_useful,20,18,2
not_exempt,20,19,1
longer_enough,20,20,0
intellectually_lazy,20,20,0
most_anxious,20,18,2
very_unreliable,20,20,0
even_sure,20,20,0
very_disrespectful,20,16,4
even_resistant,20,20,0
really_fond,20,18,2
basically_free,20,20,0
even_contrary,20,20,0
inherently_unfair,20,4,16
quite_promising,20,19,1
more_chronic,20,13,7
not_hostile,20,20,0
extremely_defiant,20,0,20
incredibly_stressful,20,18,2
completely_real,20,18,2
quite_comforting,20,6,14
more_macabre,20,7,13
highly_expensive,20,19,1
even_noteworthy,20,20,0
seemingly_unimportant,20,11,9
more_strident,20,17,3
longer_appropriate,20,20,0
very_alert,20,18,2
mostly_negative,20,18,2
just_related,20,19,1
any_closer,20,19,1
hugely_entertaining,20,19,1
even_nervous,20,20,0
fairly_consistent,20,20,0
now_good,20,20,0
physically_difficult,20,15,5
as_colourful,20,16,4
as_mainstream,20,6,14
fully_nude,20,20,0
even_huge,20,19,1
more_existential,20,4,16
nearly_blind,20,20,0
finally_equal,20,20,0
less_impressed,20,19,1
seemingly_oblivious,20,16,4
incredibly_brave,20,9,11
so_physical,20,7,13
more_european,20,13,7
more_oppressive,20,17,3
still_cold,20,20,0
quite_disappointing,20,19,1
very_perfect,20,20,0
religiously_unaffiliated,20,20,0
very_fluid,20,19,1
really_thrilling,20,7,13
so_disruptive,20,13,7
more_eco-friendly,20,15,5
as_outlandish,20,5,15
too_traditional,20,20,0
particularly_popular,20,19,1
just_cruel,20,20,0
most_loyal,20,19,1
just_cranky,20,20,0
even_accidental,20,19,1
really_vague,20,16,4
still_amiss,20,19,1
only_capable,20,20,0
too_outrageous,20,17,3
just_dirty,20,20,0
mildly_obese,20,20,0
mutually_unintelligible,20,20,0
so_astonishing,20,12,8
almost_unimaginable,20,7,13
pretty_forgettable,20,20,0
too_tense,20,20,0
more_odious,20,16,4
more_exhausting,20,17,3
easily_fixable,20,15,5
easily_removable,20,16,4
often_better,20,18,2
very_watchable,20,14,6
seemingly_irrelevant,20,17,3
pretty_supportive,20,19,1
very_pretty,20,19,1
even_frivolous,20,20,0
n't_fond,20,20,0
pretty_outrageous,20,12,8
very_flawed,20,16,4
practically_unheard,20,4,16
more_sickening,20,18,2
just_eccentric,20,20,0
truly_satisfying,20,0,20
not_robust,20,20,0
even_functional,20,20,0
equally_easy,20,16,4
really_disgusting,20,5,15
totally_happy,20,20,0
not_satisfying,20,20,0
simply_fun,20,17,3
necessarily_wrong,20,14,6
that_happy,20,19,1
beautifully_simple,20,10,10
very_adaptable,20,20,0
much_thinner,20,16,4
very_worrisome,20,15,5
far_younger,20,12,8
totally_delicious,20,15,5
just_casual,20,20,0
more_illegal,20,17,3
truly_ready,20,19,1
very_corrupt,20,18,2
simply_awful,20,18,2
really_urgent,20,9,11
more_patriotic,20,14,6
particularly_innovative,20,18,2
overly_tired,20,20,0
very_sound,20,19,1
most_secure,20,20,0
so_obnoxious,20,14,6
as_frustrating,20,18,2
more_upmarket,20,6,14
quite_flexible,20,20,0
quite_flat,20,20,0
too_humble,20,20,0
more_paranoid,20,16,4
so_obtuse,20,20,0
rather_ugly,20,17,3
hopelessly_naive,20,19,1
quite_abstract,20,15,5
so_outdated,20,16,4
only_aware,20,20,0
particularly_noticeable,20,15,5
rather_challenging,20,20,0
about_quick,20,20,0
wonderfully_unique,20,15,5
so_beloved,20,8,12
not_sophisticated,20,20,0
generally_real,20,20,0
more_arduous,20,20,0
very_forthcoming,20,20,0
almost_human,20,9,11
very_grim,20,18,2
not_special,20,20,0
very_sparse,20,19,1
very_academic,20,19,1
pretty_complex,20,19,1
quite_absurd,20,14,6
notably_different,20,11,9
pretty_reasonable,20,20,0
far_safer,20,18,2
really_late,20,20,0
equally_harmful,20,20,0
more_resourceful,20,15,5
particularly_disturbing,20,9,11
mutually_incompatible,20,19,1
culturally_important,20,16,4
very_commercial,20,10,10
internally_consistent,20,18,2
simply_indifferent,20,20,0
more_greater,20,15,5
racially_motivated,20,20,0
more_sick,20,18,2
reasonably_priced,20,13,7
hilariously_bad,20,19,1
so_relieved,20,20,0
terribly_boring,20,20,0
truly_stupid,20,5,15
more_exploratory,20,14,6
too_inclined,20,20,0
entirely_naked,20,20,0
criminally_responsible,20,16,4
more_wrenching,20,19,1
even_ancient,20,19,1
very_striking,20,13,7
pretty_messy,20,20,0
quite_traumatic,20,16,4
so_devoted,20,11,9
more_smaller,20,20,0
more_altruistic,20,9,11
overly_competitive,20,19,1
overly_conservative,20,20,0
even_incomprehensible,20,20,0
so_mature,20,16,4
very_sketchy,20,18,2
somewhat_vague,20,19,1
much_normal,20,20,0
so_esoteric,20,12,8
intrinsically_valuable,20,13,7
pretty_handy,20,19,1
very_provocative,20,13,7
quite_epic,20,5,15
so_catastrophic,20,4,16
already_successful,20,18,2
extremely_profitable,20,19,1
too_wise,20,18,2
sexually_violent,20,20,0
completely_illegal,20,15,5
always_hard,20,19,1
not_urgent,20,18,2
arguably_better,20,18,2
more_smooth,20,16,4
incredibly_professional,20,20,0
very_gruesome,20,17,3
even_unhealthy,20,19,1
most_terrifying,20,17,3
pretty_tricky,20,20,0
unduly_harsh,20,20,0
probably_worth,20,18,2
painfully_funny,20,19,1
so_repetitive,20,14,6
very_educated,20,17,3
quite_sensible,20,16,4
totally_absurd,20,14,6
financially_savvy,20,19,1
most_destructive,20,20,0
simply_mistaken,20,20,0
morally_permissible,20,19,1
even_fascist,20,20,0
systemically_wrong,20,4,16
overly_dependent,20,20,0
more_unacceptable,20,19,1
so_inexperienced,20,10,10
more_doable,20,10,10
so_prone,20,12,8
profoundly_deaf,20,19,1
more_inexpensive,20,18,2
naturally_present,20,19,1
more_emotive,20,10,10
more_obnoxious,20,17,3
very_inconsistent,20,18,2
more_indirect,20,17,3
more_tough,20,16,4
too_tart,20,20,0
strongly_supportive,20,19,1
truly_serious,20,6,14
as_pathetic,20,6,14
as_overwhelming,20,13,7
so_bullish,20,19,1
immediately_evident,20,16,4
deliberately_obtuse,20,20,0
just_entertaining,20,20,0
entirely_normal,20,16,4
clinically_obese,20,19,1
also_angry,20,20,0
more_beloved,20,17,3
purely_theoretical,20,20,0
even_unwanted,20,20,0
equally_adept,20,18,2
remarkably_effective,20,18,2
potentially_negative,20,14,6
truly_sorry,20,19,1
practically_identical,20,18,2
partly_free,20,20,0
vaguely_unsettling,20,4,16
emotionally_compelling,20,13,7
so_glorious,19,11,8
downright_destructive,19,19,0
very_cinematic,19,11,8
slightly_lighter,19,16,3
downright_disgusting,19,19,0
more_hideous,19,11,8
too_rapid,19,19,0
just_apathetic,19,19,0
too_mushy,19,19,0
equally_appealing,19,12,7
so_lower,19,19,0
quite_mysterious,19,11,8
most_brilliant,19,19,0
substantially_identical,19,17,2
overwhelmingly_white,19,18,1
justly_proud,19,19,0
fully_consistent,19,18,1
truly_surprising,19,3,16
as_lofty,19,6,13
intrinsically_different,19,6,13
too_oblivious,19,18,1
still_secret,19,18,1
so_mesmerizing,19,11,8
barely_more,19,18,1
as_grandiose,19,3,16
now_outdated,19,19,0
tremendously_proud,19,19,0
downright_goofy,19,19,0
so_invigorating,19,7,12
insanely_expensive,19,18,1
more_aggravating,19,16,3
strongly_negative,19,19,0
really_smooth,19,19,0
more_savage,19,9,10
too_crumbly,19,19,0
just_unfamiliar,19,19,0
more_short,19,19,0
completely_unresponsive,19,18,1
very_uncharacteristic,19,6,13
more_convoluted,19,13,6
deeply_ironic,19,8,11
as_grim,19,11,8
visually_compelling,19,13,6
so_unfortunate,19,16,3
so_momentous,19,5,14
utterly_bizarre,19,7,12
even_pointless,19,19,0
as_charming,19,17,2
monumentally_stupid,19,7,12
more_sedentary,19,18,1
extremely_versatile,19,17,2
outright_impossible,19,19,0
individually_handmade,19,19,0
even_devastating,19,19,0
all_present,19,19,0
as_inexperienced,19,6,13
very_flammable,19,19,0
even_meaningless,19,18,1
psychologically_wrong,19,5,14
not_predictable,19,16,3
quite_dense,19,19,0
even_insignificant,19,18,1
as_intangible,19,2,17
incredibly_insightful,19,14,5
so_annoyed,19,19,0
perfectly_ready,19,19,0
truly_lovely,19,7,12
very_forthright,19,18,1
outright_fraudulent,19,19,0
still_viable,19,17,2
even_individual,19,19,0
n't_applicable,19,19,0
so_spiritual,19,11,8
still_usable,19,18,1
even_dirty,19,19,0
hardly_more,19,18,1
even_mobile,19,19,0
perhaps_best,19,19,0
overly_generous,19,19,0
most_obscure,19,19,0
entirely_novel,19,4,15
terribly_bad,19,12,7
more_incongruous,19,17,2
even_main,19,19,0
very_one-sided,19,19,0
more_virulent,19,11,8
so_restrictive,19,13,6
so_reminiscent,19,15,4
not_organic,19,18,1
very_bleak,19,16,3
fairly_popular,19,19,0
more_intrigued,19,19,0
even_last,19,19,0
even_delusional,19,17,2
mentally_stimulating,19,13,6
as_insane,19,6,13
just_honest,19,19,0
as_insightful,19,14,5
just_horny,19,19,0
too_damp,19,19,0
really_equal,19,13,6
initially_reluctant,19,18,1
mechanically_inclined,19,14,5
fairly_solid,19,17,2
very_observant,19,19,0
very_clinical,19,15,4
outright_rude,19,18,1
seemingly_overwhelming,19,19,0
already_concerned,19,18,1
not_patient,19,19,0
perfectly_obvious,19,15,4
really_sure,19,17,2
fairly_old,19,19,0
too_chewy,19,19,0
just_late,19,19,0
just_less,19,15,4
very_abnormal,19,9,10
more_weekly,19,19,0
not_innocent,19,18,1
wholly_dependent,19,18,1
more_long-lasting,19,9,10
perhaps_present,19,19,0
faintly_ridiculous,19,6,13
deathly_ill,19,17,2
more_civil,19,16,3
much_smoother,19,15,4
quite_correct,19,19,0
mutually_intelligible,19,19,0
too_creative,19,19,0
as_quirky,19,13,6
not_spicy,19,17,2
downright_beautiful,19,18,1
not_sorry,19,19,0
still_uncomfortable,19,17,2
very_disheartening,19,17,2
so_insistent,19,19,0
very_winnable,19,19,0
more_warm,19,8,11
quite_lucrative,19,19,0
more_cognizant,19,16,3
factually_true,19,18,1
so_bittersweet,19,12,7
particularly_insightful,19,18,1
too_opaque,19,18,1
all_free,19,19,0
fabulously_wealthy,19,16,3
too_assertive,19,19,0
more_frightened,19,18,1
much_tastier,19,13,6
fashionably_late,19,19,0
notoriously_hard,19,17,2
just_available,19,18,1
just_asleep,19,19,0
just_cosmetic,19,19,0
so_taboo,19,3,16
absolutely_useless,19,16,3
quite_witty,19,19,0
even_divine,19,19,0
even_impractical,19,19,0
way_harder,19,18,1
quite_crowded,19,19,0
perhaps_higher,19,19,0
particularly_severe,19,19,0
merely_descriptive,19,19,0
as_incompetent,19,15,4
very_unnecessary,19,19,0
very_bullish,19,18,1
incredibly_tough,19,18,1
intentionally_deceptive,19,19,0
merely_decorative,19,19,0
even_creepier,19,6,13
as_sinister,19,9,10
n't_beautiful,19,19,0
so_poetic,19,4,15
very_red,19,15,4
more_incendiary,19,8,11
so_holy,19,9,10
not_scientific,19,19,0
as_racist,19,10,9
fairly_conservative,19,17,2
quite_dirty,19,19,0
too_indifferent,19,19,0
fairly_comfortable,19,19,0
even_hypocritical,19,18,1
as_flashy,19,14,5
actually_afraid,19,19,0
as_decadent,19,15,4
more_singular,19,7,12
even_defensive,19,19,0
so_startling,19,11,8
also_essential,19,19,0
that_useful,19,13,6
totally_satisfied,19,19,0
pretty_anxious,19,18,1
purely_personal,19,12,7
hugely_supportive,19,19,0
very_apt,19,17,2
very_itchy,19,19,0
somewhat_aware,19,19,0
very_cosy,19,17,2
ridiculously_cheap,19,18,1
very_jolly,19,19,0
as_alive,19,14,5
really_intimate,19,5,14
extremely_delicious,19,16,3
most_shocking,19,19,0
almost_flat,19,16,3
otherwise_disruptive,19,19,0
simply_great,19,19,0
most_emotional,19,19,0
too_exotic,19,15,4
genuinely_special,19,1,18
woefully_lacking,19,8,11
even_subtle,19,19,0
highly_reflective,19,19,0
about_free,19,19,0
as_pervasive,19,11,8
extremely_boring,19,16,3
pretty_worried,19,19,0
more_delighted,19,19,0
as_adept,19,15,4
very_applicable,19,19,0
mostly_cloudy,19,19,0
highly_radioactive,19,18,1
very_immature,19,18,1
quite_prominent,19,17,2
totally_evil,19,14,5
simply_eager,19,19,0
usually_true,19,18,1
very_dedicated,19,18,1
that_popular,19,13,6
otherwise_hazardous,19,19,0
still_normal,19,19,0
exceptionally_proud,19,19,0
more_cryptic,19,11,8
actually_easier,19,19,0
very_terrific,19,19,0
so_disorganized,19,17,2
more_metaphorical,19,13,6
otherwise_imperfect,19,19,0
more_ugly,19,11,8
less_worried,19,19,0
somewhat_liberal,19,19,0
n't_dangerous,19,19,0
incredibly_sensitive,19,18,1
more_debilitating,19,14,5
rather_pointless,19,18,1
as_amorphous,19,1,18
quite_profitable,19,19,0
highly_proficient,19,19,0
richly_detailed,19,19,0
almost_overwhelming,19,18,1
less_transparent,19,17,2
extremely_eager,19,19,0
slightly_annoying,19,18,1
inherently_creepy,19,1,18
very_sarcastic,19,18,1
pretty_confused,19,19,0
less_unhappy,19,19,0
pretty_conservative,19,17,2
less_keen,19,18,1
still_cool,19,19,0
more_demure,19,5,14
equally_enjoyable,19,18,1
sexually_abused,19,18,1
even_unavailable,19,19,0
simply_oblivious,19,19,0
potentially_explosive,19,14,5
as_negative,19,9,10
equally_disturbing,19,11,8
even_uglier,19,5,14
potentially_good,19,16,3
really_thoughtful,19,10,9
less_onerous,19,14,5
so_devoid,19,8,11
less_random,19,15,4
barely_tender,19,19,0
quite_romantic,19,7,12
actually_healthy,19,16,3
really_thin,19,18,1
not_attainable,19,18,1
still_funny,19,17,2
as_pleasurable,19,12,7
still_familiar,19,18,1
potentially_bad,19,18,1
completely_horrible,19,12,7
very_crude,19,16,3
openly_racist,19,19,0
highly_unstable,19,19,0
both_good,19,19,0
rather_shy,19,19,0
deliberately_deceptive,19,19,0
most_tragic,19,19,0
more_diplomatic,19,13,6
too_strenuous,19,17,2
less_adventurous,19,10,9
damn_hot,19,17,2
less_awkward,19,12,7
even_allergic,19,19,0
most_devastating,19,19,0
almost_akin,19,1,18
extremely_ambitious,19,16,3
highly_risky,19,18,1
so_enthused,19,18,1
genuinely_friendly,19,18,1
extremely_advanced,19,15,4
quite_relevant,19,16,3
around_perfect,19,19,0
incredibly_refreshing,19,6,13
potentially_unwanted,19,19,0
dangerously_low,19,18,1
most_explosive,19,19,0
extremely_appealing,19,11,8
otherwise_confidential,19,19,0
practically_perfect,19,19,0
even_weaker,19,14,5
as_worthless,19,9,10
quite_unsettling,19,8,11
reasonably_healthy,19,13,6
totally_obsessed,19,16,3
so_extra,19,18,1
more_devoted,19,19,0
so_erotic,19,6,13
technically_skilled,19,15,4
ridiculously_simple,19,8,11
definitely_more,19,17,2
even_artistic,19,17,2
no_greater,19,17,2
more_obsessed,19,19,0
completely_nude,19,19,0
quite_awful,19,14,5
pretty_valuable,19,11,8
highly_supportive,19,18,1
completely_consistent,19,18,1
absolutely_breathtaking,19,16,3
really_aggressive,19,16,3
even_residential,19,19,0
completely_spontaneous,19,17,2
very_sneaky,19,14,5
equally_free,19,19,0
very_sobering,19,14,5
too_unwilling,19,19,0
most_revealing,19,18,1
extremely_hungry,19,19,0
too_volatile,19,19,0
more_cost-efficient,19,19,0
clearly_important,19,16,3
spiritually_dead,19,19,0
mostly_positive,19,19,0
more_melancholy,19,10,9
totally_acceptable,19,16,3
even_bolder,19,8,11
wildly_funny,19,17,2
simply_absurd,19,19,0
closely_similar,19,15,4
specifically_interested,19,17,2
so_fraught,19,17,2
very_silent,19,18,1
too_ironic,19,19,0
clearly_uncomfortable,19,18,1
really_tragic,19,6,13
any_less,19,17,2
too_coarse,19,19,0
so_vicious,19,8,11
wildly_entertaining,19,19,0
somewhat_surprised,19,19,0
longer_accurate,19,19,0
as_unhealthy,19,16,3
real_serious,19,10,9
pretty_hectic,19,19,0
too_unreliable,19,18,1
pretty_famous,19,15,4
abnormally_high,19,19,0
not_doable,19,18,1
genetically_different,19,16,3
otherwise_relevant,19,19,0
super_effective,19,18,1
quite_passionate,19,18,1
very_fleeting,19,15,4
very_leery,19,19,0
very_slippery,19,19,0
relatively_few,19,16,3
pretty_nifty,19,16,3
even_qualified,19,18,1
as_blind,19,16,3
quite_tiny,19,17,2
likely_dead,19,19,0
highly_partisan,19,19,0
very_guilty,19,19,0
pretty_disappointing,19,18,1
less_worse,19,17,2
less_hot,19,17,2
so_ecstatic,19,17,2
as_available,19,17,2
too_cocky,19,18,1
too_ambiguous,19,17,2
pretty_intimidating,19,19,0
usually_qualified,18,18,0
really_troubling,18,5,13
very_inclusive,18,18,0
just_fascinating,18,16,2
so_meticulous,18,15,3
particularly_adept,18,17,1
more_ambivalent,18,14,4
still_deep,18,16,2
morally_bad,18,16,2
most_happy,18,18,0
about_many,18,11,7
clinically_dead,18,18,0
even_foreign,18,18,0
more_pointless,18,16,2
not_recyclable,18,18,0
so_classy,18,12,6
seemingly_obvious,18,10,8
n't_terrible,18,18,0
too_disturbing,18,15,3
very_stimulating,18,18,0
no_wider,18,18,0
immensely_helpful,18,18,0
so_judgmental,18,18,0
quite_understandable,18,18,0
much_weirder,18,1,17
more_hectic,18,17,1
potentially_risky,18,17,1
completely_confident,18,16,2
more_tranquil,18,6,12
as_nuanced,18,4,14
seemingly_endless,18,18,0
totally_aware,18,17,1
that_serious,18,15,3
musically_talented,18,17,1
as_witty,18,14,4
so_informative,18,18,0
deliberately_lit,18,18,0
as_explicit,18,14,4
really_kinky,18,4,14
still_doubtful,18,18,0
already_online,18,17,1
quite_alien,18,8,10
increasingly_worried,18,17,1
mentally_ready,18,18,0
so_catchy,18,16,2
n't_white,18,18,0
even_unlimited,18,18,0
even_unlikely,18,18,0
pretty_lousy,18,17,1
less_believable,18,17,1
more_populist,18,10,8
too_disgusting,18,16,2
very_individualistic,18,17,1
so_cavalier,18,13,5
better_armed,18,18,0
fiscally_irresponsible,18,16,2
incredibly_annoying,18,18,0
as_horny,18,16,2
as_rosy,18,18,0
really_straightforward,18,15,3
pretty_loose,18,18,0
fairly_self-explanatory,18,18,0
still_fearful,18,18,0
incredibly_specific,18,12,6
utterly_irrelevant,18,15,3
very_user-friendly,18,16,2
especially_strong,18,15,3
more_discrete,18,7,11
spectacularly_wrong,18,17,1
not_wealthy,18,18,0
very_related,18,15,3
emotionally_ready,18,18,0
mentally_weak,18,16,2
soon_enough,18,18,0
super_keen,18,18,0
more_richer,18,18,0
super_boring,18,12,6
even_unsure,18,18,0
as_excessive,18,17,1
less_confrontational,18,8,10
so_rapid,18,18,0
quite_sharp,18,17,1
most_dominant,18,18,0
mentally_unbalanced,18,15,3
even_unreasonable,18,18,0
pretty_terrifying,18,16,2
spectacularly_beautiful,18,15,3
quite_honest,18,16,2
still_eager,18,18,0
more_dispiriting,18,17,1
equally_evil,18,11,7
overly_busy,18,18,0
exceedingly_important,18,10,8
so_receptive,18,15,3
already_operational,18,18,0
rather_skeptical,18,17,1
rather_sinister,18,5,13
so_racist,18,8,10
pretty_frustrated,18,18,0
awfully_good,18,12,6
less_dependent,18,14,4
pretty_disturbing,18,16,2
always_fine,18,18,0
pretty_rad,18,16,2
quite_tedious,18,16,2
less_excited,18,18,0
now_absent,18,14,4
really_accessible,18,12,6
around_excellent,18,18,0
incredibly_large,18,16,2
very_fantastic,18,15,3
particularly_meaningful,18,12,6
ethnically_diverse,18,18,0
more_rebellious,18,7,11
pretty_realistic,18,17,1
grossly_misunderstood,18,17,1
even_dumber,18,6,12
far_scarier,18,4,14
super_powerful,18,13,5
not_square,18,17,1
more_dirty,18,13,5
less_fair,18,16,2
visually_beautiful,18,15,3
individually_responsible,18,17,1
very_arbitrary,18,18,0
simply_embarrassing,18,18,0
most_harmful,18,18,0
pretty_smooth,18,18,0
so_needy,18,14,4
less_lucky,18,16,2
overly_sexual,18,16,2
once_more,18,17,1
even_eligible,18,18,0
more_electrifying,18,18,0
too_unfamiliar,18,17,1
not_susceptible,18,17,1
pretty_sharp,18,18,0
more_ubiquitous,18,12,6
very_short-lived,18,18,0
simply_black,18,18,0
strongly_critical,18,15,3
more_twisted,18,4,14
rather_big,18,8,10
really_worthy,18,7,11
insanely_good,18,18,0
incredibly_skilled,18,18,0
so_onerous,18,16,2
too_disruptive,18,18,0
forever_young,18,18,0
just_amusing,18,18,0
emotionally_challenging,18,16,2
most_beloved,18,15,3
just_careless,18,18,0
so_intrinsic,18,5,13
really_drastic,18,1,17
equally_enthusiastic,18,18,0
not_sympathetic,18,16,2
pretty_fabulous,18,14,4
utterly_pointless,18,13,5
too_tender,18,18,0
pretty_scared,18,18,0
very_wearable,18,17,1
super_light,18,14,4
clinically_relevant,18,15,3
actually_present,18,18,0
usually_better,18,17,1
too_numb,18,17,1
even_exceptional,18,18,0
very_passive,18,15,3
as_handsome,18,8,10
still_correct,18,18,0
completely_believable,18,17,1
too_cutesy,18,17,1
even_improbable,18,18,0
very_spooky,18,9,9
way_higher,18,15,3
not_tolerant,18,18,0
simply_inappropriate,18,18,0
easily_recognisable,18,15,3
too_palpable,18,18,0
completely_bonkers,18,16,2
more_horrendous,18,15,3
incredibly_wonderful,18,4,14
remarkably_good,18,15,3
really_cheesy,18,10,8
really_inexpensive,18,17,1
n't_full,18,18,0
psychologically_damaging,18,13,5
already_wrong,18,14,4
even_general,18,18,0
really_substantial,18,4,14
too_hostile,18,18,0
even_future,18,18,0
utterly_fantastic,18,11,7
more_apprehensive,18,18,0
somewhat_successful,18,18,0
enormously_helpful,18,18,0
less_dark,18,8,10
most_luxurious,18,18,0
so_modest,18,11,7
truly_novel,18,4,14
never_aware,18,18,0
also_reluctant,18,18,0
pretty_annoying,18,18,0
less_crazy,18,9,9
pretty_painful,18,18,0
hitherto_unknown,18,14,4
conventionally_attractive,18,17,1
quite_thrilling,18,9,9
far_distant,18,17,1
pretty_affordable,18,18,0
never_more,18,18,0
less_credible,18,17,1
historically_relevant,18,14,4
much_ready,18,18,0
really_egregious,18,1,17
even_ill,18,18,0
just_clear,18,17,1
seriously_delinquent,18,17,1
most_potent,18,18,0
highly_disturbing,18,14,4
extremely_fragile,18,16,2
incredibly_obvious,18,13,5
so_forgiving,18,18,0
so_thorough,18,16,2
currently_homeless,18,18,0
more_scenic,18,11,7
really_capable,18,13,5
universally_applicable,18,18,0
so_wholesome,18,6,12
perhaps_third,18,18,0
just_smaller,18,17,1
more_cogent,18,11,7
very_decorative,18,18,0
that_many,18,4,14
otherwise_unreliable,18,18,0
more_messy,18,12,6
probably_good,18,15,3
extremely_unpopular,18,15,3
plain_missing,18,18,0
unpleasantly_surprised,18,18,0
so_vocal,18,16,2
more_comparable,18,9,9
too_cognizant,18,18,0
obviously_different,18,12,6
little_different,18,7,11
too_romantic,18,16,2
more_flat,18,14,4
absolutely_huge,18,12,6
as_mature,18,14,4
so_formal,18,12,6
quite_poetic,18,11,7
as_meaningless,18,12,6
too_delicious,18,15,3
most_misunderstood,18,18,0
quite_practical,18,13,5
too_mean,18,17,1
deeply_sinister,18,2,16
so_darned,18,16,2
totally_silent,18,17,1
quite_liberating,18,8,10
obviously_important,18,7,11
very_gradual,18,18,0
seemingly_unable,18,15,3
more_fearsome,18,7,11
incredibly_meaningful,18,5,13
still_legal,18,16,2
extremely_courteous,18,18,0
relatively_old,18,18,0
so_decadent,18,3,15
relatively_painless,18,17,1
as_afraid,18,17,1
extremely_confusing,18,18,0
very_universal,18,4,14
so_suspicious,18,17,1
not_horrible,18,15,3
more_subject,18,18,0
just_scary,18,18,0
n't_racist,18,18,0
wildly_wrong,18,18,0
socially_adept,18,17,1
always_aware,18,16,2
too_probable,18,18,0
even_sinful,18,18,0
exquisitely_beautiful,18,15,3
less_surprising,18,17,1
more_repugnant,18,13,5
very_confidential,18,17,1
much_excited,18,18,0
still_underwater,18,18,0
socially_aware,18,18,0
sincerely_interested,18,14,4
too_pure,18,13,5
basically_identical,18,18,0
very_fragrant,18,18,0
undeniably_special,18,0,18
kinda_cute,18,15,3
actually_different,18,13,5
totally_worthless,18,10,8
now_visible,18,17,1
too_frivolous,18,17,1
even_recent,18,18,0
rather_mundane,18,12,6
quite_necessary,18,14,4
completely_truthful,18,17,1
incredibly_nervous,18,18,0
so_unwilling,18,14,4
more_foundational,18,3,15
almost_famous,18,18,0
purely_evil,18,16,2
very_fruitful,18,15,3
not_enforceable,18,18,0
as_bulky,18,5,13
otherwise_lacking,18,17,1
slightly_deeper,18,13,5
extremely_productive,18,15,3
more_marvelous,18,10,8
as_progressive,18,12,6
n't_scary,18,18,0
too_frantic,18,16,2
even_charming,18,16,2
still_responsible,18,18,0
quite_noticeable,18,15,3
already_able,18,18,0
even_random,18,17,1
fully_ready,18,17,1
downright_absurd,18,17,1
more_foreign,18,11,7
completely_unbelievable,18,13,5
extremely_open,18,18,0
widely_different,18,13,5
really_fortunate,18,18,0
most_current,18,18,0
more_frantic,18,13,5
too_fussy,18,18,0
extremely_strange,18,10,8
very_legal,18,17,1
even_playful,18,18,0
very_thirsty,18,18,0
very_characteristic,18,12,6
actually_capable,18,15,3
quite_minimal,18,17,1
more_compliant,18,9,9
too_inefficient,18,18,0
too_right,18,16,2
inherently_superior,18,11,7
quite_messy,18,17,1
too_ripe,18,18,0
quite_conscious,18,18,0
deeply_frustrated,18,18,0
so_grandiose,18,9,9
totally_untrue,18,16,2
physically_exhausting,18,16,2
deeply_interesting,18,10,8
physically_healthy,18,18,0
still_shy,18,17,1
extremely_shy,18,18,0
all_worried,18,15,3
as_bleak,18,14,4
equally_unique,18,6,12
utterly_beautiful,18,11,7
just_unpleasant,18,18,0
completely_sure,18,18,0
unnecessarily_complex,18,16,2
quite_comical,18,17,1
completely_supportive,18,18,0
not_detailed,18,17,1
all_upset,18,18,0
even_light,18,16,2
simply_useless,18,18,0
out_cold,18,18,0
n't_supportive,18,18,0
heavily_pregnant,18,18,0
inherently_human,18,1,17
also_keen,18,18,0
fairly_open,18,18,0
however_big,18,14,4
not_lawful,18,18,0
most_urgent,18,17,1
quite_intimidating,18,15,3
incredibly_dumb,18,9,9
not_justifiable,18,17,1
chemically_dependent,18,18,0
even_anti-semitic,18,18,0
too_discouraged,18,18,0
very_muddy,18,18,0
not_bold,18,17,1
slightly_thicker,18,18,0
even_sweet,18,18,0
maybe_plastic,18,18,0
already_comfortable,18,15,3
more_nostalgic,18,11,7
not_compelling,18,18,0
super_successful,18,17,1
just_outrageous,18,16,2
really_extreme,18,7,11
always_clean,18,18,0
even_mental,18,18,0
more_needy,18,7,11
more_priceless,18,8,10
really_problematic,18,10,8
more_whole,18,8,10
very_superb,18,18,0
hugely_grateful,18,18,0
more_lavish,18,5,13
less_satisfied,18,18,0
categorically_different,18,6,12
very_secular,18,17,1
just_mistaken,18,18,0
still_illegal,18,16,2
absolutely_positive,18,15,3
politically_inconvenient,18,18,0
always_close,18,17,1
highly_affordable,18,18,0
politically_savvy,18,16,2
also_busy,18,17,1
fairly_obscure,18,15,3
perfectly_smooth,18,17,1
totally_ok,18,18,0
socially_useful,18,7,11
more_secluded,18,12,6
more_larger,18,16,2
super_tired,18,17,1
super_tough,18,18,0
that_confident,18,12,6
super_interested,18,18,0
so_expansive,18,9,9
so_secure,18,16,2
especially_fun,18,11,7
suddenly_aware,18,18,0
as_addictive,18,14,4
too_adventurous,18,16,2
completely_personal,18,9,9
heavily_democratic,18,18,0
too_squishy,18,18,0
slightly_similar,18,4,14
too_sexual,18,16,2
somehow_less,18,18,0
absolutely_equal,18,18,0
essentially_similar,18,10,8
not_official,18,18,0
most_consistent,18,18,0
even_credible,18,18,0
highly_unpopular,18,17,1
socially_inappropriate,18,16,2
really_calm,18,16,2
absolutely_magnificent,18,11,7
very_annoyed,18,17,1
incredibly_affordable,18,18,0
even_mystical,18,14,4
surprisingly_effective,18,18,0
more_glad,18,18,0
very_daring,18,12,6
pleasantly_surprising,18,14,4
so_stoked,18,18,0
almost_romantic,18,2,16
as_raw,18,9,9
too_sheer,18,10,8
less_addictive,18,11,7
even_uncommon,18,18,0
less_practical,18,10,8
actually_fine,18,17,1
legally_drunk,18,9,9
so_incomprehensible,17,11,6
really_determined,17,14,3
once_alive,17,15,2
very_topical,17,9,8
fully_visible,17,17,0
as_insubstantial,17,6,11
as_hungry,17,15,2
purely_hypothetical,17,14,3
rather_disappointing,17,16,1
more_distasteful,17,9,8
entirely_useless,17,15,2
very_unattractive,17,16,1
really_satisfied,17,17,0
so_cranky,17,14,3
as_humorous,17,16,1
already_old,17,17,0
otherwise_abusive,17,17,0
so_expressive,17,14,3
quite_decent,17,17,0
too_loyal,17,17,0
very_sloppy,17,17,0
so_considerate,17,16,1
even_extra,17,17,0
ridiculously_long,17,16,1
more_covert,17,8,9
quite_competent,17,17,0
as_problematic,17,14,3
immediately_familiar,17,12,5
super_annoying,17,16,1
intensely_emotional,17,16,1
super_heavy,17,9,8
even_daunting,17,17,0
even_exotic,17,15,2
so_improbable,17,7,10
more_diffuse,17,7,10
n't_human,17,17,0
equally_accessible,17,14,3
very_queer,17,5,12
purely_good,17,15,2
more_conversational,17,12,5
more_amorphous,17,5,12
super_horny,17,17,0
roughly_similar,17,11,6
actually_correct,17,17,0
more_considerable,17,5,12
downright_cold,17,17,0
too_inconsistent,17,17,0
fully_dry,17,17,0
as_integral,17,7,10
sufficiently_different,17,8,9
often_confused,17,15,2
only_achievable,17,10,7
even_domestic,17,16,1
so_fantastical,17,7,10
so_eloquent,17,12,5
even_admirable,17,15,2
so_flavorful,17,15,2
very_startling,17,7,10
most_humble,17,16,1
rather_better,17,7,10
very_respectable,17,13,4
quite_chaotic,17,16,1
distinctively_different,17,11,6
even_biological,17,17,0
very_esoteric,17,14,3
obviously_true,17,13,4
intentionally_false,17,16,1
so_courageous,17,10,7
notoriously_bad,17,17,0
very_standard,17,17,0
also_vegan,17,17,0
genuinely_surprised,17,16,1
super_funny,17,14,3
environmentally_aware,17,16,1
rather_confused,17,17,0
most_natural,17,17,0
even_drunk,17,17,0
overly_loud,17,16,1
geographically_close,17,16,1
most_logical,17,17,0
otherwise_disturbing,17,17,0
more_edifying,17,3,14
indeed_better,17,17,0
only_free,17,17,0
even_dull,17,16,1
so_fickle,17,10,7
very_unnerving,17,10,7
even_convenient,17,17,0
quite_atrocious,17,0,17
utterly_hilarious,17,14,3
more_cinematic,17,2,15
more_gritty,17,3,14
purely_psychological,17,15,2
even_disrespectful,17,17,0
so_cryptic,17,15,2
quite_drunk,17,17,0
n't_guilty,17,17,0
genuinely_confused,17,17,0
as_primitive,17,4,13
more_beguiling,17,13,4
outright_hilarious,17,16,1
as_outspoken,17,10,7
otherwise_liable,17,17,0
so_immature,17,11,6
even_bold,17,17,0
even_erotic,17,17,0
incredibly_intense,17,17,0
really_unfortunate,17,11,6
easily_readable,17,17,0
rather_close,17,12,5
also_small,17,17,0
also_wary,17,16,1
quite_breathtaking,17,14,3
so_intuitive,17,12,5
essentially_identical,17,14,3
seemingly_happy,17,17,0
so_intimidating,17,10,7
more_electric,17,6,11
too_lofty,17,15,2
super_human,17,14,3
genuinely_scary,17,12,5
culturally_different,17,12,5
super_crazy,17,11,6
quintessentially_english,17,5,12
even_complicated,17,17,0
oddly_appealing,17,1,16
quite_awkward,17,15,2
so_idiotic,17,5,12
otherwise_bigoted,17,17,0
all_real,17,17,0
technically_perfect,17,14,3
once_familiar,17,12,5
downright_amazing,17,17,0
very_resourceful,17,17,0
now_different,17,15,2
unbelievably_good,17,14,3
too_intoxicated,17,17,0
more_sharp,17,12,5
physically_harmful,17,16,1
not_equivalent,17,17,0
mainly_interested,17,16,1
equally_unhappy,17,15,2
acutely_conscious,17,17,0
just_useless,17,17,0
very_fulfilling,17,10,7
much_calmer,17,16,1
just_unusual,17,17,0
too_fun,17,17,0
not_accidental,17,17,0
extremely_shocked,17,17,0
deeply_ingrained,17,3,14
pretty_badass,17,14,3
really_foolish,17,11,6
more_oblique,17,11,6
slightly_familiar,17,9,8
even_polite,17,17,0
wide_awake,17,16,1
completely_waterproof,17,16,1
physically_dependent,17,14,3
inherently_fascinating,17,2,15
historically_correct,17,17,0
very_major,17,5,12
truly_authentic,17,4,13
most_stylish,17,16,1
extremely_respectful,17,17,0
anatomically_impossible,17,10,7
completely_delusional,17,16,1
excruciatingly_slow,17,17,0
incredibly_comfortable,17,15,2
equally_dramatic,17,2,15
deeply_painful,17,12,5
extremely_obese,17,16,1
very_collaborative,17,17,0
more_suspenseful,17,12,5
extremely_optimistic,17,16,1
less_bulky,17,4,13
simply_lower,17,17,0
highly_informative,17,16,1
equally_tasty,17,11,6
plain_beautiful,17,17,0
that_obvious,17,12,5
not_durable,17,17,0
relatively_insignificant,17,10,7
physically_uncomfortable,17,16,1
highly_inaccurate,17,17,0
even_provocative,17,17,0
completely_unprecedented,17,4,13
slightly_dangerous,17,13,4
as_uncomplicated,17,14,3
seriously_dangerous,17,11,6
so_unconventional,17,7,10
computationally_intensive,17,17,0
even_plain,17,16,1
too_profound,17,11,6
simply_inaccessible,17,17,0
perhaps_related,17,13,4
probably_inevitable,17,16,1
directly_traceable,17,15,2
even_wider,17,12,5
quite_lonely,17,15,2
newly_available,17,15,2
just_shocking,17,17,0
just_sex,17,17,0
just_satisfied,17,17,0
pretty_substantial,17,7,10
too_goofy,17,16,1
as_daunting,17,15,2
especially_appealing,17,7,10
just_rubbish,17,17,0
pretty_angry,17,17,0
more_structural,17,7,10
simply_gorgeous,17,16,1
excessively_difficult,17,17,0
especially_beautiful,17,13,4
quite_wide,17,17,0
very_merry,17,17,0
less_magical,17,2,15
less_corrupt,17,17,0
quite_luxurious,17,15,2
highly_endangered,17,17,0
just_smarter,17,17,0
even_perverse,17,15,2
potentially_subject,17,17,0
completely_contradictory,17,9,8
even_permissible,17,17,0
much_cuter,17,9,8
quite_vulnerable,17,14,3
even_vulgar,17,17,0
rather_low,17,17,0
even_pathetic,17,16,1
reasonably_certain,17,16,1
deeply_depressing,17,11,6
incredibly_thankful,17,17,0
deeply_depressed,17,16,1
quite_mature,17,16,1
as_worthwhile,17,4,13
even_waterproof,17,17,0
less_moral,17,17,0
just_sorry,17,17,0
most_engaging,17,17,0
about_fun,17,17,0
quite_skilled,17,16,1
newly_rich,17,14,3
still_tired,17,17,0
too_forgiving,17,17,0
equally_subject,17,17,0
plain_difficult,17,17,0
very_cryptic,17,16,1
extremely_attentive,17,17,0
equally_devastating,17,12,5
totally_private,17,16,1
too_abrupt,17,17,0
most_demanding,17,14,3
quite_realistic,17,15,2
completely_genuine,17,16,1
highly_readable,17,16,1
extremely_compelling,17,8,9
infinitely_precious,17,1,16
less_patient,17,16,1
utterly_worthless,17,12,5
even_stable,17,17,0
potentially_destructive,17,17,0
very_average,17,15,2
not_consensual,17,17,0
completely_professional,17,17,0
extremely_damaging,17,14,3
less_stupid,17,14,3
incredibly_strange,17,6,11
too_stringent,17,17,0
rather_pricey,17,17,0
unreasonably_high,17,16,1
extremely_athletic,17,17,0
extremely_anxious,17,17,0
very_joyful,17,11,6
somehow_inferior,17,16,1
completely_logical,17,15,2
too_snug,17,17,0
still_homeless,17,17,0
less_provocative,17,7,10
too_fantastic,17,16,1
less_rigorous,17,11,6
less_problematic,17,14,3
not_averse,17,15,2
possibly_greater,17,15,2
too_sloppy,17,17,0
surprisingly_hard,17,15,2
legally_questionable,17,16,1
n't_sustainable,17,17,0
completely_non-existent,17,17,0
politically_minded,17,16,1
also_close,17,16,1
very_insistent,17,17,0
tad_different,17,4,13
totally_outrageous,17,5,12
best_able,17,17,0
totally_legit,17,16,1
very_analytical,17,16,1
too_fashionable,17,15,2
also_attributable,17,17,0
even_single,17,17,0
reasonably_identifiable,17,17,0
as_welcome,17,16,1
extremely_honest,17,15,2
equally_serious,17,11,6
quite_plausible,17,17,0
highly_nutritious,17,16,1
slightly_bitter,17,17,0
locally_available,17,15,2
even_sacred,17,9,8
equally_silly,17,2,15
relatively_fresh,17,16,1
too_superficial,17,17,0
so_visceral,17,2,15
terribly_sorry,17,17,0
absolutely_convinced,17,16,1
wildly_inconsistent,17,17,0
as_better,17,12,5
inherently_political,17,15,2
so_varied,17,15,2
not_agreeable,17,16,1
extremely_liberal,17,17,0
completely_surprised,17,17,0
pretty_technical,17,15,2
equally_stunning,17,16,1
real_easy,17,15,2
as_welcoming,17,17,0
literally_impossible,17,17,0
increasingly_hard,17,5,12
exorbitantly_expensive,17,17,0
potentially_fraudulent,17,16,1
inherently_negative,17,7,10
totally_supportive,17,17,0
n't_simple,17,17,0
very_debilitating,17,16,1
too_extravagant,17,14,3
really_obsessed,17,15,2
largely_symbolic,17,17,0
most_realistic,17,17,0
still_nice,17,17,0
extremely_fine,17,16,1
totally_ineffective,17,17,0
completely_serious,17,13,4
as_articulate,17,11,6
too_sacred,17,14,3
highly_poisonous,17,16,1
as_athletic,17,13,4
almost_normal,17,14,3
rather_plain,17,16,1
entirely_bad,17,15,2
totally_uninterested,17,16,1
even_unrelated,17,17,0
likely_wrong,17,17,0
as_surprising,17,14,3
rather_subtle,17,12,5
perhaps_hazardous,17,17,0
so_organic,17,8,9
more_impatient,17,17,0
as_fond,17,16,1
very_philosophical,17,15,2
particularly_nice,17,13,4
so_overcome,17,17,0
far_shorter,17,13,4
really_receptive,17,17,0
not_static,17,14,3
deathly_quiet,17,17,0
pretty_embarrassing,17,15,2
awfully_familiar,17,6,11
much_subtler,17,8,9
more_industrial,17,8,9
strikingly_original,17,13,4
just_breathtaking,17,17,0
just_bland,17,17,0
as_senior,17,2,15
too_unrealistic,17,17,0
visually_impaired,17,14,3
significantly_overweight,17,17,0
pretty_pathetic,17,13,4
particularly_fun,17,12,5
so_novel,17,8,9
downright_hard,17,17,0
very_perplexing,17,17,0
far_happier,17,17,0
far_deadlier,17,4,13
not_sharp,17,14,3
incredibly_significant,17,8,9
way_overpriced,17,17,0
too_uninterested,17,17,0
comfortably_familiar,17,9,8
more_inconvenient,17,16,1
technically_advanced,17,15,2
always_sick,17,16,1
innately_human,17,2,15
not_reproducible,17,17,0
more_triumphant,17,13,4
downright_inaccurate,17,17,0
particularly_stupid,17,5,12
more_slender,17,13,4
very_partial,17,17,0
almost_dry,17,16,1
most_romantic,17,17,0
more_skillful,17,14,3
just_disgusting,17,16,1
not_savvy,17,16,1
too_unpredictable,17,17,0
as_shy,17,6,11
pretty_effective,17,17,0
particularly_problematic,17,14,3
particularly_excited,17,15,2
not_symmetrical,17,17,0
remarkably_close,17,8,9
somewhat_unique,17,9,8
technically_capable,17,17,0
as_satisfied,17,17,0
most_brutal,17,17,0
half_dead,17,16,1
particularly_active,17,17,0
somewhat_unusual,17,15,2
demonstrably_wrong,17,16,1
moderately_severe,17,17,0
individually_unique,17,17,0
technically_competent,17,15,2
morally_deficient,17,16,1
as_historic,17,6,11
usually_right,17,16,1
especially_significant,17,8,9
abnormally_dry,17,17,0
brilliantly_funny,17,14,3
too_wary,17,17,0
more_heartwarming,17,14,3
less_hazardous,17,11,6
barely_conscious,17,17,0
so_charismatic,17,8,9
partially_complete,17,17,0
so_cheesy,17,11,6
very_prone,17,17,0
too_useful,17,17,0
that_hard,17,16,1
very_privileged,17,14,3
pretty_optimistic,17,16,1
just_absent,17,17,0
really_weak,17,17,0
very_heartfelt,17,16,1
more_wearable,17,7,10
strongly_enough,17,10,7
mildly_competitive,17,17,0
quite_fantastic,17,10,7
utterly_dependent,17,16,1
so_bloody,17,15,2
very_eloquent,17,14,3
even_futuristic,17,16,1
more_simpler,17,12,5
very_embarrassed,17,17,0
particularly_complex,17,14,3
more_unified,17,10,7
innately_wrong,17,2,15
naturally_resistant,17,17,0
not_thorough,17,17,0
even_frequent,17,17,0
incredibly_violent,17,13,4
too_nuanced,17,17,0
pretty_graphic,17,15,2
rather_unsettling,17,10,7
still_apparent,17,17,0
so_progressive,17,13,4
incredibly_uncomfortable,17,14,3
less_democratic,17,12,5
perfectly_straight,17,17,0
as_strict,17,14,3
so_smug,17,16,1
just_most,17,16,1
as_strenuous,17,11,6
not_measurable,17,16,1
almost_supernatural,17,1,16
rather_tedious,17,17,0
quite_insightful,17,17,0
quite_innocent,17,14,3
very_comical,17,12,5
just_luckier,17,17,0
very_honorable,17,9,8
much_kinder,17,15,2
absolutely_real,17,11,6
as_drunk,17,15,2
much_longer,17,16,1
just_large,17,15,2
more_solemn,17,9,8
more_kinky,17,4,13
very_ideal,17,17,0
even_metallic,17,17,0
more_juicy,17,8,9
so_specialized,17,13,4
just_prior,17,17,0
too_preoccupied,17,16,1
pretty_bleak,17,17,0
just_practical,17,17,0
totally_fake,17,16,1
too_awesome,17,11,6
even_muslim,17,17,0
slightly_sinister,17,7,10
perhaps_dead,17,17,0
more_liable,17,17,0
immensely_valuable,17,9,8
fairly_generic,17,15,2
slightly_surreal,17,10,7
fairly_heavy,17,11,6
maybe_older,17,16,1
inherently_unstable,17,11,6
perhaps_closer,17,15,2
already_vulnerable,17,14,3
even_miserable,17,17,0
very_ignorant,17,14,3
just_obvious,17,17,0
economically_important,17,17,0
just_loose,17,16,1
truly_helpful,17,12,5
so_reasonable,17,10,7
more_intrinsic,17,2,15
not_ours,17,16,1
not_passionate,17,16,1
just_goofy,17,17,0
quite_subjective,17,14,3
almost_miraculous,17,8,9
patently_wrong,17,11,6
too_blue,17,17,0
pretty_sexy,17,14,3
not_pertinent,17,17,0
always_sunny,17,17,0
fairly_satisfied,17,17,0
so_quirky,17,12,5
just_foolish,17,16,1
somewhat_lacking,17,17,0
hardly_visible,17,16,1
merely_annoying,17,17,0
more_insecure,17,16,1
somewhat_lower,17,16,1
less_entertaining,17,11,6
entirely_negative,17,10,7
hardly_surprising,17,16,1
equally_horrible,17,3,14
politically_viable,17,12,5
just_hypothetical,17,17,0
much_nastier,17,5,12
so_rotten,17,11,6
just_inconvenient,17,16,1
much_mistaken,17,16,1
less_distracting,17,10,7
technically_accurate,17,17,0
even_lawful,17,17,0
quite_imaginative,17,17,0
pretty_shy,17,17,0
simply_busy,17,17,0
simply_confusing,17,17,0
more_picky,16,15,1
very_ineffective,16,16,0
n't_tight,16,16,0
simply_impractical,16,16,0
too_diverse,16,16,0
inherently_appealing,16,2,14
more_optimal,16,15,1
naturally_better,16,16,0
quite_stable,16,16,0
very_serene,16,9,7
more_photogenic,16,14,2
hugely_helpful,16,15,1
also_black,16,15,1
as_weighty,16,7,9
also_upset,16,16,0
so_detrimental,16,6,10
quite_stupid,16,11,5
quite_tight,16,16,0
sexually_frustrated,16,16,0
emotionally_intense,16,14,2
very_sentimental,16,9,7
equally_impressed,16,16,0
significantly_stronger,16,12,4
too_earnest,16,13,3
super_fancy,16,9,7
naturally_sweet,16,9,7
n't_honest,16,16,0
too_consistent,16,16,0
newly_qualified,16,16,0
also_better,16,14,2
necessarily_better,16,13,3
equally_miserable,16,15,1
more_eventful,16,9,7
normally_open,16,15,1
quite_unnecessary,16,12,4
more_exalted,16,4,12
quite_scared,16,16,0
quite_astounding,16,8,8
simply_enough,16,16,0
simply_dead,16,16,0
very_improbable,16,15,1
nearly_double,16,15,1
inherently_sad,16,2,14
more_false,16,15,1
n't_positive,16,16,0
quite_informative,16,16,0
not_mobile,16,16,0
not_negotiable,16,16,0
most_mundane,16,15,1
already_popular,16,13,3
not_objective,16,16,0
more_viscous,16,13,3
not_ordinary,16,13,3
very_oily,16,16,0
now_common,16,14,2
quite_horrific,16,13,3
very_opaque,16,13,3
quite_hectic,16,16,0
more_ingenious,16,7,9
hardly_recognizable,16,11,5
quite_ingenious,16,15,1
as_reckless,16,10,6
so_apt,16,16,0
not_linear,16,16,0
insanely_talented,16,15,1
more_radiant,16,14,2
very_melodic,16,13,3
more_raucous,16,8,8
really_appropriate,16,9,7
more_lifelike,16,10,6
especially_careful,16,16,0
real_supportive,16,15,1
highly_abstract,16,14,2
not_impressive,16,15,1
uniquely_japanese,16,4,12
n't_powerful,16,16,0
seemingly_benign,16,4,12
as_stunning,16,13,3
too_grim,16,16,0
super_skinny,16,13,3
too_damaging,16,16,0
simply_related,16,16,0
especially_popular,16,16,0
so_blase,16,16,0
not_young,16,15,1
too_impossible,16,16,0
n't_large,16,16,0
not_timely,16,16,0
super_passionate,16,13,3
acutely_sensitive,16,14,2
more_regional,16,8,8
as_sanguine,16,15,1
as_rigorous,16,13,3
more_healthful,16,12,4
grossly_underpaid,16,15,1
not_uniform,16,16,0
not_unreasonable,16,13,3
not_voluntary,16,16,0
quite_drastic,16,12,4
super_lucky,16,16,0
very_reflective,16,14,2
more_ideological,16,11,5
insanely_jealous,16,16,0
so_complacent,16,16,0
not_ripe,16,16,0
n't_offensive,16,16,0
more_grey,16,14,2
happily_single,16,16,0
utterly_delicious,16,5,11
too_horny,16,16,0
now_accustomed,16,15,1
too_impulsive,16,15,1
more_illustrative,16,11,5
as_selfish,16,7,9
not_subtle,16,16,0
all_guilty,16,16,0
super_professional,16,16,0
not_heavy,16,15,1
highly_combustible,16,16,0
more_liquid,16,12,4
developmentally_appropriate,16,15,1
quite_careful,16,16,0
more_fertile,16,14,2
very_gorgeous,16,13,3
not_conventional,16,15,1
as_unpopular,16,5,11
more_fine,16,12,4
as_unpleasant,16,4,12
n't_significant,16,16,0
equally_safe,16,16,0
seriously_weird,16,9,7
not_cute,16,16,0
as_pricey,16,15,1
more_melodramatic,16,7,9
surprisingly_accurate,16,16,0
objectively_wrong,16,10,6
utterly_alien,16,7,9
very_irritable,16,16,0
already_public,16,16,0
very_scenic,16,16,0
simply_rude,16,16,0
oddly_enough,16,9,7
not_beholden,16,6,10
more_neurotic,16,13,3
highly_sexual,16,15,1
highly_secure,16,15,1
more_fat,16,16,0
simply_unbelievable,16,16,0
simply_uninformed,16,16,0
equally_plausible,16,14,2
highly_religious,16,16,0
not_conclusive,16,16,0
quite_calm,16,16,0
also_dangerous,16,16,0
also_dead,16,16,0
not_democratic,16,16,0
deeply_political,16,12,4
directly_adjacent,16,15,1
n't_secure,16,16,0
too_gentle,16,15,1
more_long,16,16,0
not_flat,16,16,0
as_timely,16,15,1
deeply_critical,16,13,3
very_fierce,16,13,3
more_lonely,16,15,1
essentially_free,16,16,0
not_gloomy,16,16,0
as_terrifying,16,15,1
quite_convenient,16,15,1
utterly_brilliant,16,10,6
universally_appealing,16,4,12
really_appreciative,16,15,1
utterly_charming,16,11,5
highly_durable,16,16,0
hugely_expensive,16,14,2
equally_useless,16,11,5
inherently_romantic,16,1,15
incredibly_competitive,16,16,0
slightly_closer,16,10,6
really_terrifying,16,7,9
very_fuzzy,16,16,0
technically_impressive,16,15,1
directly_contrary,16,13,3
too_inevitable,16,16,0
too_gay,16,16,0
slightly_difficult,16,14,2
now_responsible,16,15,1
equally_unpleasant,16,4,12
as_provocative,16,11,5
more_ludicrous,16,15,1
quite_misleading,16,16,0
overly_zealous,16,16,0
thoroughly_modern,16,11,5
moderately_active,16,15,1
far_wiser,16,6,10
just_basic,16,16,0
totally_relaxed,16,16,0
very_available,16,16,0
so_obscene,16,4,12
particularly_funny,16,12,4
always_more,16,16,0
most_high,16,15,1
too_shameful,16,13,3
too_obtuse,16,16,0
totally_predictable,16,14,2
finally_available,16,16,0
less_simple,16,12,4
extremely_aware,16,16,0
legally_dubious,16,16,0
completely_ordinary,16,7,9
most_extraordinary,16,11,5
politically_astute,16,12,4
finally_willing,16,16,0
particularly_beneficial,16,13,3
mildly_uncomfortable,16,13,3
immediately_noticeable,16,14,2
even_formal,16,16,0
truly_sick,16,12,4
legally_insane,16,16,0
legally_liable,16,16,0
extremely_competent,16,15,1
far_weirder,16,4,12
particularly_aggressive,16,14,2
visually_spectacular,16,15,1
extremely_flexible,16,14,2
then_welcome,16,16,0
then_willing,16,16,0
even_imaginary,16,16,0
extremely_enjoyable,16,15,1
too_alien,16,13,3
almost_painful,16,16,0
less_traumatic,16,11,5
plain_selfish,16,16,0
even_silent,16,16,0
merely_human,16,15,1
completely_right,16,14,2
so_photogenic,16,16,0
less_tasty,16,13,3
even_ideal,16,16,0
even_socialist,16,16,0
less_suitable,16,14,2
utterly_predictable,16,11,5
too_brutal,16,15,1
so_overworked,16,15,1
rather_frightening,16,13,3
extremely_conscious,16,16,0
incredibly_lazy,16,15,1
far_smarter,16,6,10
too_sensible,16,15,1
less_scrupulous,16,11,5
partially_wrong,16,16,0
rather_dry,16,15,1
really_hopeful,16,13,3
increasingly_aware,16,16,0
most_uncomfortable,16,16,0
so_irrelevant,16,10,6
less_present,16,16,0
too_speculative,16,16,0
remarkably_simple,16,13,3
most_bizarre,16,16,0
completely_individual,16,11,5
recently_dead,16,14,2
more_separate,16,16,0
remarkably_successful,16,16,0
more_porous,16,12,4
achingly_familiar,16,6,10
extra_cautious,16,16,0
completely_idiotic,16,4,12
overly_romantic,16,16,0
culturally_inappropriate,16,16,0
overly_permissive,16,16,0
substantially_worse,16,15,1
even_universal,16,15,1
very_weary,16,15,1
less_awful,16,10,6
incredibly_soothing,16,1,15
completely_fictitious,16,15,1
too_mortal,16,16,0
eerily_silent,16,15,1
stylistically_different,16,8,8
moderately_interesting,16,8,8
more_alkaline,16,16,0
even_terrified,16,16,0
morally_dubious,16,16,0
intrinsically_good,16,8,8
even_fat,16,16,0
intrinsically_funny,16,3,13
completely_neutral,16,11,5
critically_dependent,16,16,0
even_thinner,16,12,4
more_abhorrent,16,15,1
less_robust,16,15,1
most_vivid,16,16,0
less_rich,16,14,2
completely_mundane,16,4,12
even_total,16,16,0
as_hostile,16,11,5
still_higher,16,15,1
politically_unacceptable,16,14,2
politically_unpalatable,16,16,0
painfully_predictable,16,16,0
more_aesthetic,16,6,10
politically_useful,16,13,3
truly_thankful,16,15,1
so_less,16,16,0
even_extraordinary,16,15,1
more_serene,16,5,11
certainly_wrong,16,15,1
certainly_worthy,16,14,2
extremely_fresh,16,14,2
fairly_equal,16,14,2
just_personal,16,15,1
really_picky,16,15,1
perhaps_convenient,16,16,0
very_sleek,16,9,7
fairly_harmless,16,13,3
truly_astounding,16,10,6
downright_terrified,16,16,0
more_steady,16,6,10
even_pleased,16,16,0
markedly_better,16,15,1
rather_incredible,16,5,11
just_uninterested,16,16,0
already_alive,16,8,8
incredibly_magical,16,0,16
extremely_sophisticated,16,13,3
just_unique,16,16,0
fairly_intuitive,16,16,0
real_hard,16,14,2
amazingly_delicious,16,11,5
just_nicer,16,16,0
even_pornographic,16,16,0
even_potential,16,16,0
so_sore,16,16,0
too_rational,16,15,1
really_perfect,16,13,3
just_polite,16,16,0
fairly_different,16,11,5
brutally_frank,16,15,1
most_fragile,16,16,0
even_optimistic,16,16,0
even_optimal,16,16,0
even_oppressive,16,16,0
as_crisp,16,16,0
already_angry,16,16,0
all_wet,16,16,0
terribly_excited,16,16,0
permanently_unconscious,16,16,0
just_similar,16,16,0
even_obligatory,16,16,0
just_swell,16,16,0
just_symbolic,16,15,1
maybe_fourth,16,16,0
too_prideful,16,16,0
as_conventional,16,4,12
almost_inevitable,16,7,9
too_provocative,16,16,0
as_decent,16,9,7
even_nonsensical,16,16,0
just_terrified,16,16,0
truly_disgusting,16,8,8
still_suspicious,16,15,1
most_glamorous,16,16,0
truly_big,16,1,15
personally_relevant,16,8,8
maybe_stupid,16,16,0
even_prettier,16,14,2
very_diplomatic,16,15,1
so_slippery,16,9,7
wildly_enthusiastic,16,16,0
very_dependable,16,14,2
as_evident,16,14,2
even_intelligent,16,16,0
just_fond,16,16,0
plain_goofy,16,16,0
even_rural,16,16,0
plain_incorrect,16,16,0
so_productive,16,12,4
too_american,16,16,0
truly_lucky,16,16,0
easily_possible,16,14,2
particularly_troubling,16,10,6
mostly_favorable,16,16,0
even_indian,16,16,0
too_rude,16,15,1
particularly_tough,16,14,2
plain_mad,16,16,0
as_fake,16,12,4
completely_silly,16,8,8
largely_preventable,16,16,0
entirely_avoidable,16,16,0
totally_understandable,16,15,1
particularly_skilled,16,14,2
too_brave,16,16,0
longer_involved,16,16,0
even_japanese,16,16,0
plain_dangerous,16,16,0
even_quirky,16,16,0
physically_offensive,16,15,1
too_recognisable,16,15,1
mainly_concerned,16,16,0
rather_mysterious,16,13,3
very_adventurous,16,16,0
magnificently_round,16,16,0
very_dignified,16,15,1
extremely_qualified,16,14,2
most_foolish,16,16,0
much_akin,16,3,13
just_invisible,16,16,0
perfectly_free,16,16,0
plain_cute,16,16,0
completely_unconscious,16,15,1
extremely_patient,16,16,0
medically_vulnerable,16,16,0
downright_uncomfortable,16,15,1
perfectly_compatible,16,15,1
always_unhappy,16,14,2
most_complete,16,16,0
much_nearer,16,10,6
even_knowledgeable,16,16,0
plain_busy,16,16,0
very_devoted,16,15,1
less_benign,16,7,9
basically_true,16,16,0
even_advanced,16,16,0
rightfully_concerned,16,16,0
pretty_compelling,16,13,3
currently_vacant,16,16,0
all_perfect,16,14,2
completely_bad,16,16,0
so_explosive,16,6,10
rather_dangerous,16,9,7
only_active,16,16,0
really_inspirational,16,11,5
otherwise_unknown,16,14,2
even_addictive,16,12,4
only_funny,16,16,0
more_uneasy,16,14,2
completely_automatic,16,16,0
only_important,16,16,0
always_angry,16,16,0
incredibly_slow,16,15,1
totally_customizable,16,16,0
really_insane,16,10,6
practically_useful,16,12,4
less_forthcoming,16,14,2
pretty_natural,16,14,2
less_consistent,16,14,2
always_awake,16,16,0
otherwise_unsatisfactory,16,16,0
even_bigoted,16,16,0
ever_ready,16,16,0
very_congenial,16,15,1
still_damp,16,14,2
pretty_gruesome,16,16,0
pretty_slim,16,16,0
fully_accurate,16,16,0
pretty_clueless,16,16,0
more_earnest,16,9,7
fully_able,16,16,0
so_freakin,16,13,3
openly_homosexual,16,15,1
even_brave,16,16,0
downright_abusive,16,16,0
almost_more,16,15,1
even_broader,16,14,2
more_uniform,16,11,5
pretty_casual,16,16,0
pretty_subtle,16,16,0
generally_applicable,16,15,1
very_contradictory,16,11,5
rather_surprised,16,16,0
more_cozy,16,7,9
less_extensive,16,14,2
n't_evident,16,16,0
very_treatable,16,11,5
really_conscious,16,16,0
so_gigantic,16,10,6
still_accurate,16,16,0
purely_visual,16,15,1
super_casual,16,12,4
too_judgmental,16,16,0
actually_concerned,16,15,1
most_elusive,16,16,0
less_feminine,16,11,5
n't_clean,16,16,0
purely_social,16,14,2
too_unpleasant,16,15,1
too_cloudy,16,16,0
otherwise_unaccounted,16,16,0
most_advantageous,16,16,0
less_creative,16,13,3
so_fit,16,12,4
even_apathetic,16,16,0
ridiculously_high,16,12,4
yet_familiar,16,1,15
really_windy,16,16,0
less_great,16,15,1
pretty_loud,16,14,2
downright_brutal,16,16,0
sometimes_hard,16,14,2
as_minuscule,16,2,14
pretty_dirty,16,16,0
more_empty,16,15,1
less_heavy,16,4,12
pretty_disgusting,16,14,2
very_unnatural,16,5,11
so_impactful,16,13,3
outright_illegal,16,16,0
always_cold,16,15,1
too_surprised,16,14,2
less_irritating,16,12,4
n't_appealing,16,16,0
very_convoluted,16,15,1
completely_exhausted,16,16,0
potentially_great,16,7,9
overly_eager,16,15,1
totally_devoid,16,11,5
overly_defensive,16,16,0
more_delectable,16,12,4
startlingly_different,16,8,8
really_major,16,4,12
pretty_terrific,16,13,3
otherwise_defamatory,16,16,0
purely_practical,16,14,2
completely_distinct,16,6,10
more_titillating,16,10,6
over_sensitive,16,16,0
so_illogical,16,7,9
more_deeper,16,5,11
quite_accessible,16,16,0
so_earnest,16,12,4
excessively_violent,16,16,0
less_committed,16,12,4
even_vital,16,15,1
more_transformative,16,4,12
as_invasive,16,3,13
pretty_mild,16,14,2
really_minor,16,6,10
really_miserable,16,16,0
otherwise_worthy,16,16,0
more_calming,16,4,12
very_apologetic,16,16,0
most_lucrative,16,16,0
generally_unwell,16,16,0
pretty_profound,16,5,11
ridiculously_hard,16,15,1
spectacularly_good,16,14,2
there_worth,16,4,12
totally_accurate,16,16,0
more_unfathomable,16,13,3
pretty_crappy,16,16,0
just_worse,15,15,0
very_futuristic,15,9,6
also_famous,15,14,1
too_formulaic,15,15,0
most_foolhardy,15,15,0
most_durable,15,15,0
not_empty,15,14,1
just_wild,15,13,2
rather_nervous,15,14,1
pretty_eager,15,15,0
simply_angry,15,15,0
still_sceptical,15,15,0
economically_dependent,15,15,0
totally_contrary,15,3,12
unnecessarily_expensive,15,15,0
really_tense,15,15,0
less_evil,15,13,2
very_artificial,15,6,9
totally_custom,15,5,10
equally_critical,15,13,2
even_profound,15,14,1
so_unthinkable,15,5,10
surely_aware,15,15,0
real_tight,15,15,0
completely_unheard,15,3,12
also_excited,15,15,0
even_reactionary,15,14,1
quite_tame,15,15,0
physically_tired,15,15,0
too_representative,15,15,0
tragically_wrong,15,11,4
very_dim,15,14,1
most_positive,15,14,1
extremely_problematic,15,14,1
quite_sexy,15,8,7
extremely_salty,15,14,1
pretty_insane,15,14,1
quite_manageable,15,14,1
easily_misunderstood,15,15,0
so_transient,15,12,3
more_unfair,15,14,1
yet_undiscovered,15,11,4
somewhat_worse,15,14,1
personally_interested,15,12,3
so_trite,15,5,10
even_past,15,15,0
absolutely_horrifying,15,14,1
very_marginal,15,14,1
also_gay,15,15,0
deeply_disappointing,15,14,1
naturally_inclined,15,13,2
most_frequent,15,15,0
very_complete,15,13,2
equally_willing,15,14,1
really_violent,15,11,4
so_total,15,15,0
clearly_false,15,15,0
desperately_ill,15,15,0
even_other,15,13,2
incredibly_creepy,15,10,5
highly_debatable,15,14,1
highly_decorative,15,14,1
truly_concerned,15,12,3
even_outraged,15,15,0
deeply_creepy,15,1,14
highly_disruptive,15,12,3
very_massive,15,10,5
shockingly_bad,15,15,0
fabulously_rich,15,13,2
pretty_inspiring,15,11,4
as_timeless,15,11,4
more_loveable,15,15,0
slightly_jealous,15,15,0
barely_golden,15,15,0
completely_weird,15,9,6
too_eccentric,15,14,1
most_representative,15,15,0
less_favourable,15,13,2
too_unselfish,15,15,0
much_cleaner,15,12,3
quite_naive,15,14,1
arguably_worse,15,10,5
very_heroic,15,8,7
slightly_embarrassing,15,11,4
certainly_more,15,11,4
probably_correct,15,15,0
widely_divergent,15,15,0
so_unnatural,15,2,13
just_weary,15,15,0
less_exotic,15,4,11
less_ideal,15,10,5
equally_competent,15,13,2
personally_satisfying,15,8,7
pretty_obsessed,15,14,1
personally_significant,15,10,5
extremely_ugly,15,11,4
probably_due,15,10,5
truly_beneficial,15,6,9
else_more,15,5,10
clinically_insane,15,13,2
pretty_neutral,15,15,0
extremely_tasty,15,13,2
slightly_interested,15,14,1
still_absent,15,15,0
just_unfair,15,15,0
physically_close,15,12,3
even_recreational,15,15,0
as_compassionate,15,13,2
totally_believable,15,14,1
highly_irregular,15,11,4
clearly_enough,15,15,0
less_embarrassing,15,9,6
less_comprehensive,15,14,1
not_cognizant,15,14,1
still_controversial,15,14,1
not_clever,15,15,0
increasingly_likely,15,14,1
politically_dangerous,15,13,2
politically_explosive,15,12,3
more_usual,15,13,2
equally_worth,15,14,1
nicely_brown,15,15,0
even_warmer,15,13,2
nicely_detailed,15,15,0
most_stressful,15,15,0
quite_respectable,15,13,2
rather_ridiculous,15,14,1
completely_negative,15,9,6
simply_shy,15,15,0
still_dangerous,15,15,0
very_instrumental,15,14,1
even_taboo,15,15,0
more_unforgettable,15,12,3
barely_legible,15,14,1
emotionally_involved,15,14,1
woefully_incomplete,15,15,0
even_subject,15,15,0
legally_actionable,15,14,1
even_subversive,15,12,3
equally_destructive,15,13,2
already_worried,15,14,1
totally_good,15,14,1
less_cool,15,9,6
pretty_accessible,15,15,0
more_treatable,15,14,1
too_tidy,15,13,2
incredibly_polite,15,15,0
too_short-lived,15,15,0
barely_legal,15,13,2
most_worried,15,15,0
totally_nude,15,15,0
politically_risky,15,13,2
plain_disgusting,15,15,0
agonizingly_slow,15,15,0
not_accountable,15,15,0
most_true,15,15,0
simply_keen,15,15,0
more_notorious,15,13,2
chronically_debilitating,15,15,0
incredibly_smooth,15,11,4
less_plausible,15,9,6
most_thankful,15,15,0
too_stingy,15,15,0
even_unhappy,15,15,0
less_appropriate,15,11,4
somehow_unable,15,15,0
quite_secretive,15,14,1
most_supportive,15,15,0
quite_unlikely,15,13,2
too_strident,15,15,0
even_unrealistic,15,15,0
even_upsetting,15,15,0
possibly_harmful,15,14,1
already_skeptical,15,13,2
more_thrilled,15,15,0
most_enthusiastic,15,15,0
reasonably_easy,15,13,2
reasonably_happy,15,14,1
less_clever,15,14,1
pretty_talented,15,14,1
pretty_tall,15,15,0
most_versatile,15,15,0
less_realistic,15,11,4
less_careful,15,11,4
completely_magical,15,4,11
very_ingenious,15,11,4
simply_invisible,15,15,0
too_sympathetic,15,15,0
more_touching,15,13,2
quite_unprecedented,15,4,11
surprisingly_large,15,14,1
extremely_capable,15,14,1
completely_positive,15,13,2
simply_unrealistic,15,15,0
more_more,15,14,1
very_hurt,15,14,1
equally_ignorant,15,14,1
completely_solid,15,13,2
pretty_convincing,15,15,0
less_linear,15,10,5
largely_invisible,15,15,0
completely_familiar,15,8,7
most_deadly,15,15,0
too_unbelievable,15,15,0
quite_poignant,15,9,6
pretty_sore,15,15,0
more_useless,15,13,2
most_sensible,15,14,1
nearly_vertical,15,15,0
real_tough,15,11,4
exceedingly_complex,15,15,0
more_metaphysical,15,4,11
deeply_related,15,13,2
very_humbled,15,15,0
equally_human,15,14,1
still_aware,15,15,0
not_detrimental,15,15,0
completely_surprising,15,3,12
quite_particular,15,4,11
even_respectable,15,14,1
as_bitter,15,13,2
plain_foolish,15,15,0
mostly_naked,15,15,0
quite_perfect,15,13,2
less_disruptive,15,13,2
really_gay,15,14,1
plain_hilarious,15,15,0
highly_negative,15,15,0
mostly_good,15,15,0
not_deliberate,15,14,1
plain_inaccurate,15,15,0
totally_unrealistic,15,13,2
totally_unbelievable,15,8,7
less_welcome,15,9,6
not_convincing,15,14,1
too_excessive,15,14,1
very_jewish,15,8,7
relatively_clean,15,14,1
easily_adjustable,15,15,0
rather_profound,15,2,13
plain_unlucky,15,15,0
more_prescriptive,15,11,4
less_mainstream,15,6,9
n't_stupid,15,15,0
as_ambiguous,15,5,10
still_lacking,15,12,3
totally_full,15,15,0
still_cheaper,15,15,0
still_keen,15,15,0
quite_random,15,14,1
very_apprehensive,15,15,0
still_clear,15,15,0
still_live,15,15,0
even_sleepy,15,15,0
very_decisive,15,10,5
very_illegal,15,11,4
slightly_amiss,15,9,6
deeply_significant,15,6,9
more_preposterous,15,14,1
eventually_able,15,15,0
about_double,15,15,0
very_idealistic,15,15,0
somewhat_comfortable,15,15,0
deliciously_different,15,1,14
that_powerful,15,13,2
slightly_absurd,15,7,8
less_thick,15,13,2
comparatively_small,15,12,3
too_fitting,15,15,0
somewhat_amusing,15,15,0
extremely_detrimental,15,14,1
entirely_alien,15,4,11
quite_amazed,15,15,0
fairly_happy,15,15,0
very_coarse,15,14,1
very_wild,15,13,2
overly_difficult,15,15,0
incredibly_diverse,15,14,1
so_inexplicable,15,9,6
rather_dramatic,15,9,6
even_dismissive,15,15,0
overly_happy,15,15,0
overly_large,15,15,0
very_brittle,15,14,1
now_active,15,15,0
overly_nice,15,15,0
quite_disgusting,15,11,4
always_exciting,15,15,0
that_dumb,15,13,2
even_edible,15,15,0
almost_religious,15,4,11
more_artificial,15,11,4
super_long,15,15,0
really_revolutionary,15,1,14
even_endearing,15,10,5
n't_knowledgeable,15,15,0
so_inventive,15,10,5
even_environmental,15,15,0
more_arbitrary,15,14,1
more_hard-hitting,15,8,7
thoroughly_sick,15,15,0
more_bigger,15,4,11
truly_unbelievable,15,8,7
now_easier,15,15,0
more_childish,15,9,6
more_cheaper,15,14,1
as_ironic,15,14,1
frustratingly_vague,15,15,0
quite_cruel,15,15,0
really_crappy,15,12,3
very_restless,15,15,0
more_centrist,15,9,6
all_powerful,15,15,0
very_unrealistic,15,15,0
now_elderly,15,13,2
now_eager,15,14,1
understandably_upset,15,15,0
intentionally_hurtful,15,7,8
even_curable,15,15,0
very_chill,15,13,2
more_wicked,15,7,8
too_minimal,15,14,1
better_prepared,15,14,1
so_inappropriate,15,6,9
as_insecure,15,12,3
n't_adequate,15,15,0
always_courteous,15,15,0
almost_revolutionary,15,1,14
as_immediate,15,11,4
mutually_hostile,15,14,1
fully_alive,15,12,3
even_german,15,14,1
profoundly_true,15,4,11
so_minuscule,15,4,11
remarkably_flammable,15,15,0
entirely_random,15,9,6
too_glib,15,15,0
as_gruesome,15,7,8
super_popular,15,13,2
particularly_busy,15,15,0
not_thick,15,15,0
embarrassingly_bad,15,13,2
truly_right,15,9,6
so_murky,15,13,2
profoundly_uncomfortable,15,12,3
particularly_creative,15,15,0
so_naked,15,4,11
meticulously_detailed,15,15,0
really_distinctive,15,4,11
especially_poignant,15,8,7
just_alike,15,14,1
just_annoyed,15,15,0
too_bureaucratic,15,15,0
much_thicker,15,8,7
particularly_happy,15,14,1
incredibly_knowledgeable,15,15,0
particularly_anxious,15,15,0
particularly_annoying,15,10,5
as_imaginative,15,7,8
so_logical,15,12,3
also_similar,15,14,1
truly_ugly,15,4,11
more_harmonious,15,10,5
more_hateful,15,8,7
not_weird,15,12,3
even_exclusive,15,15,0
so_jarring,15,11,4
as_romantic,15,10,5
more_adequate,15,6,9
very_quaint,15,10,5
as_rude,15,8,7
finely_detailed,15,15,0
so_miniscule,15,6,9
more_adamant,15,15,0
all_important,15,15,0
immediately_life-threatening,15,13,2
not_unknown,15,9,6
morbidly_curious,15,15,0
morally_suspect,15,12,3
even_fashionable,15,15,0
truly_successful,15,11,4
financially_irresponsible,15,13,2
super_old,15,15,0
remarkably_high,15,15,0
more_seamless,15,10,5
even_constructive,15,15,0
more_sinful,15,9,6
incredibly_enthusiastic,15,15,0
generally_happy,15,13,2
damn_lazy,15,15,0
n't_evil,15,15,0
only_reachable,15,15,0
ridiculously_overpriced,15,14,1
very_stringent,15,15,0
super_awkward,15,15,0
actually_illegal,15,13,2
even_annoyed,15,15,0
ridiculously_low,15,12,3
generally_bad,15,14,1
so_deserving,15,13,2
n't_hot,15,15,0
further_complicated,15,15,0
more_resolute,15,13,2
further_afield,15,15,0
super_adorable,15,12,3
incredibly_gracious,15,14,1
more_fast,15,3,12
oddly_beautiful,15,4,11
even_asian,15,15,0
otherwise_capable,15,15,0
as_monstrous,15,5,10
n't_eager,15,15,0
most_able,15,14,1
more_domestic,15,6,9
hyper_aware,15,15,0
too_irregular,15,15,0
hugely_proud,15,15,0
actually_okay,15,15,0
often_related,15,12,3
often_unaware,15,15,0
as_passive,15,13,2
often_worse,15,14,1
really_skilled,15,13,2
hugely_positive,15,10,5
very_sociable,15,14,1
really_skinny,15,15,0
so_dysfunctional,15,11,4
too_irresistible,15,15,0
even_aesthetic,15,15,0
more_retro,15,6,9
generally_true,15,13,2
more_wretched,15,12,3
quietly_confident,15,15,0
rather_busy,15,15,0
more_exaggerated,15,14,1
super_confident,15,15,0
undeniably_cool,15,3,12
even_additional,15,15,0
only_happy,15,14,1
very_static,15,12,3
most_professional,15,15,0
otherwise_detrimental,15,15,0
more_fruity,15,7,8
very_unconventional,15,10,5
more_cosmic,15,1,14
fully_online,15,15,0
too_mad,15,14,1
sufficiently_large,15,14,1
actually_counterproductive,15,15,0
currently_subject,15,15,0
rather_annoying,15,10,5
too_correct,15,15,0
most_promising,15,14,1
as_liberal,15,8,7
fully_erect,15,15,0
fully_detailed,15,15,0
very_rural,15,14,1
so_grey,15,13,2
even_compelling,15,13,2
quite_consistent,15,15,0
currently_involved,15,6,9
even_comprehensible,15,15,0
more_scarce,15,11,4
more_comedic,15,11,4
most_prone,15,13,2
more_clearer,15,14,1
as_kind,15,15,0
now_irrelevant,15,14,1
otherwise_privileged,15,15,0
even_careless,15,15,0
quite_candid,15,15,0
fundamentally_amiss,15,5,10
almost_scary,15,10,5
even_bearable,15,15,0
actually_false,15,15,0
so_filthy,15,12,3
distinctly_modern,15,5,10
actually_excited,15,14,1
damn_busy,15,15,0
too_innocent,15,14,1
n't_conscious,15,15,0
as_prevalent,15,8,7
almost_unprecedented,15,2,13
intensely_curious,15,15,0
almost_funny,15,9,6
otherwise_inferior,15,15,0
essentially_meaningless,15,14,1
as_primal,15,2,13
obviously_amiss,15,14,1
hugely_flammable,15,15,0
as_privileged,15,11,4
utterly_impossible,15,13,2
too_informal,15,15,0
even_busier,15,14,1
otherwise_notable,15,15,0
nowhere_close,15,15,0
even_harsher,15,14,1
super_personal,15,7,8
always_ok,15,15,0
too_potent,15,15,0
maybe_worst,15,15,0
even_longer,15,15,0
truly_groundbreaking,15,3,12
entirely_lacking,15,11,4
relatively_successful,15,15,0
just_meh,15,15,0
perfectly_right,15,15,0
more_lazy,15,14,1
really_present,15,13,2
even_marginal,15,15,0
perfectly_satisfied,15,15,0
too_gruesome,15,15,0
more_legendary,15,14,1
not_mainstream,15,11,4
rather_impossible,15,13,2
not_mad,15,15,0
still_welcome,15,15,0
just_neutral,15,15,0
inherently_valuable,15,4,11
still_weak,15,15,0
more_legible,15,8,7
more_legit,15,8,7
perfectly_symmetrical,15,13,2
downright_miserable,15,15,0
already_possible,15,14,1
just_irrelevant,15,15,0
really_epic,15,2,13
just_happier,15,15,0
too_persistent,15,14,1
most_handsome,15,15,0
so_repulsive,15,3,12
indeed_much,15,15,0
more_intractable,15,12,3
also_more,15,15,0
quite_human,15,7,8
too_healthy,15,12,3
really_productive,15,7,8
so_addicting,15,6,9
very_muscular,15,14,1
so_scarce,15,10,5
just_incidental,15,15,0
well_deserving,15,14,1
just_incorrect,15,15,0
n't_personal,15,15,0
truly_heroic,15,0,15
more_irritable,15,14,1
very_edgy,15,9,6
very_mystical,15,5,10
so_shameful,15,4,11
still_valuable,15,15,0
as_disastrous,15,6,9
always_surprised,15,15,0
quite_intuitive,15,11,4
still_unfinished,15,14,1
truly_distinctive,15,2,13
quite_legal,15,15,0
perhaps_lower,15,15,0
truly_difficult,15,7,8
relatively_mundane,15,7,8
perhaps_naive,15,15,0
deeply_aware,15,14,1
slightly_outdated,15,15,0
truly_deserving,15,5,10
maybe_flammable,15,15,0
even_obscene,15,14,1
so_tangible,15,3,12
fairly_awful,15,10,5
still_unavailable,15,13,2
perhaps_older,15,15,0
much_dependent,15,14,1
fairly_active,15,14,1
more_literate,15,11,4
slightly_nervous,15,15,0
just_sleepy,15,15,0
perhaps_similar,15,14,1
as_cozy,15,12,3
so_superb,15,14,1
even_negligible,15,15,0
deeply_appealing,15,2,13
very_meticulous,15,15,0
utterly_confused,15,15,0
more_lengthy,15,13,2
perhaps_black,15,14,1
n't_precise,15,15,0
entirely_inappropriate,15,7,8
quite_ironic,15,11,4
terribly_disappointed,15,15,0
most_confusing,15,14,1
more_vile,15,7,8
very_disturbed,15,10,5
downright_scared,15,15,0
highly_ambitious,15,15,0
even_nasty,15,14,1
really_fabulous,15,5,10
super_welcoming,15,15,0
highly_aggressive,15,15,0
not_ill,15,15,0
highly_allergic,15,14,1
very_distasteful,15,9,6
fairly_dark,15,13,2
indeed_most,15,10,5
else_possible,15,2,13
entirely_natural,15,8,7
otherwise_incomplete,15,15,0
most_charismatic,15,15,0
unfailingly_polite,15,15,0
so_atrocious,15,6,9
already_own,15,13,2
especially_happy,15,15,0
super_sad,15,13,2
very_elementary,15,11,4
just_depressed,15,15,0
really_pure,15,0,15
too_outspoken,15,15,0
so_prolific,15,10,5
so_permanent,15,3,12
thoroughly_clean,15,15,0
more_infectious,15,11,4
profoundly_human,15,4,11
just_familiar,15,14,1
already_deep,15,15,0
innately_good,15,11,4
very_adorable,15,13,2
very_perceptive,15,12,3
just_dry,15,15,0
just_delightful,15,15,0
so_athletic,15,14,1
so_previous,15,15,0
so_pretty,15,12,3
even_ideological,15,15,0
just_ecstatic,15,15,0
as_slim,15,10,5
more_vulgar,15,6,9
so_picturesque,15,14,1
truly_nasty,15,4,11
super_sensitive,15,13,2
as_far-reaching,15,11,4
better_available,15,2,13
very_outdated,15,15,0
as_skeptical,15,11,4
racially_diverse,15,15,0
so_benign,15,4,11
profoundly_beautiful,15,5,10
very_pathetic,15,10,5
partly_sunny,15,15,0
even_immune,15,15,0
quite_general,15,15,0
really_dull,15,13,2
just_faster,15,14,1
mentally_unfit,15,13,2
fairly_traditional,15,13,2
just_frustrating,15,15,0
even_heavy,15,15,0
particularly_intense,15,13,2
just_brown,15,15,0
as_singular,15,4,11
always_pleasant,15,15,0
so_asinine,15,3,12
so_partisan,15,12,3
fairly_unusual,15,6,9
just_dormant,15,15,0
merely_interesting,15,14,1
far_inferior,15,9,6
not_proportional,15,15,0
even_innovative,15,15,0
so_passive,15,11,4
more_vociferous,15,9,6
so_automatic,15,11,4
not_solid,15,13,2
always_quick,15,14,1
most_scenic,14,14,0
n't_religious,14,14,0
rather_reminiscent,14,13,1
n't_privy,14,14,0
rather_extreme,14,10,4
easily_discernible,14,12,2
n't_immune,14,14,0
more_tentative,14,10,4
equally_damaging,14,10,4
quite_useless,14,14,0
more_revelatory,14,8,6
more_racy,14,6,8
more_restless,14,11,3
more_succinct,14,11,3
relatively_brief,14,14,0
incredibly_awkward,14,12,2
downright_hateful,14,14,0
utterly_wonderful,14,5,9
easily_forgettable,14,14,0
much_familiar,14,14,0
more_predatory,14,6,8
real_comfortable,14,10,4
n't_skilled,14,14,0
n't_more,14,14,0
ridiculously_stupid,14,5,9
n't_harmful,14,14,0
really_witty,14,5,9
mostly_concerned,14,13,1
most_remarkable,14,11,3
most_volatile,14,14,0
much_dead,14,14,0
more_principled,14,9,5
relatively_modern,14,13,1
too_dear,14,12,2
too_cavalier,14,11,3
immediately_identifiable,14,10,4
most_reasonable,14,14,0
more_slippery,14,11,3
entirely_black,14,13,1
more_slow,14,8,6
much_available,14,14,0
very_fussy,14,14,0
easily_manageable,14,13,1
much_milder,14,6,8
rather_significant,14,5,9
directly_available,14,14,0
mostly_absent,14,14,0
equally_brave,14,14,0
terribly_unfair,14,11,3
entirely_unfamiliar,14,4,10
seemingly_overpowering,14,14,0
more_self-conscious,14,12,2
mostly_harmless,14,14,0
very_filthy,14,14,0
all_encompassing,14,9,5
entirely_correct,14,14,0
more_taboo,14,10,4
technically_excellent,14,14,0
too_disinterested,14,14,0
rather_happy,14,14,0
downright_mean,14,14,0
very_devastating,14,11,3
downright_brilliant,14,14,0
much_newer,14,12,2
most_subtle,14,13,1
mostly_right,14,14,0
rather_cute,14,11,3
rather_heavy,14,11,3
too_disappointed,14,14,0
too_biased,14,14,0
technically_superior,14,14,0
too_artificial,14,14,0
downright_ignorant,14,14,0
indirectly_responsible,14,14,0
more_therapeutic,14,11,3
doubly_true,14,14,0
quite_unfamiliar,14,11,3
utterly_ignorant,14,13,1
very_cost-effective,14,12,2
barely_bigger,14,9,5
too_cerebral,14,14,0
mutually_dependent,14,14,0
already_past,14,14,0
more_saddening,14,13,1
very_disagreeable,14,10,4
very_dreadful,14,3,11
religiously_observant,14,14,0
awfully_hard,14,10,4
rather_humorous,14,11,3
seasonally_appropriate,14,6,8
most_similar,14,11,3
more_sour,14,10,4
more_sanguine,14,14,0
rather_shocked,14,14,0
really_upsetting,14,9,5
n't_passionate,14,14,0
more_tactical,14,6,8
most_troubling,14,13,1
rather_high,14,13,1
too_dismissive,14,14,0
totally_unforeseen,14,1,13
too_dominant,14,14,0
fairly_impressive,14,13,1
fairly_modest,14,13,1
truly_fresh,14,0,14
probably_safe,14,14,0
just_nasty,14,14,0
that_interested,14,8,6
so_speculative,14,10,4
perhaps_bad,14,14,0
most_confident,14,12,2
absolutely_stupid,14,8,6
just_outdated,14,14,0
perhaps_commercial,14,14,0
fairly_hard,14,13,1
truly_enjoyable,14,5,9
just_painful,14,14,0
just_pointless,14,14,0
truly_effective,14,7,7
just_mental,14,14,0
consistently_late,14,14,0
most_guilty,14,11,3
just_like,14,14,0
so_resistant,14,12,2
constantly_busy,14,14,0
just_higher,14,14,0
absolutely_shocking,14,8,6
perfectly_functional,14,13,1
as_edgy,14,9,5
truly_heinous,14,3,11
just_irritating,14,14,0
as_eccentric,14,10,4
so_shitty,14,10,4
well_known,14,13,1
too_plentiful,14,14,0
absolutely_remarkable,14,3,11
perfectly_ordinary,14,10,4
catastrophically_wrong,14,5,9
fairly_dramatic,14,1,13
so_sublime,14,3,11
fairly_decent,14,11,3
mathematically_impossible,14,14,0
probably_false,14,14,0
extremely_upsetting,14,10,4
personally_rewarding,14,11,3
absolutely_heartbreaking,14,12,2
as_compact,14,6,8
just_uninteresting,14,14,0
completely_unwilling,14,14,0
just_unreal,14,14,0
really_freaky,14,2,12
so_unlucky,14,13,1
completely_unreasonable,14,8,6
just_wise,14,14,0
even_productive,14,13,1
tremendously_exciting,14,9,5
as_chaotic,14,11,3
personally_liable,14,13,1
too_prophetic,14,14,0
wholly_ignorant,14,13,1
so_tiresome,14,14,0
truly_divine,14,7,7
perhaps_legal,14,14,0
fairly_complicated,14,11,3
fairly_clean,14,14,0
just_rich,14,13,1
fairly_boring,14,13,1
perhaps_new,14,12,2
maybe_fewer,14,14,0
as_daft,14,4,10
too_problematic,14,13,1
just_silent,14,14,0
just_single,14,14,0
fairly_advanced,14,14,0
wholly_responsible,14,12,2
maybe_commercial,14,14,0
truly_independent,14,9,5
perfectly_able,14,14,0
longer_sticky,14,14,0
particularly_cool,14,4,10
mildly_offensive,14,9,5
even_fresh,14,14,0
particularly_brutal,14,12,2
truly_satisfied,14,13,1
visually_attractive,14,13,1
finally_healthy,14,13,1
finally_free,14,13,1
fiercely_critical,14,11,3
so_religious,14,9,5
as_gigantic,14,3,11
particularly_frustrating,14,13,1
even_grotesque,14,14,0
always_negative,14,14,0
particularly_high,14,14,0
truly_precious,14,5,9
particularly_inspiring,14,9,5
profoundly_stupid,14,6,8
so_miraculous,14,5,9
very_achievable,14,13,1
profoundly_unsettling,14,3,11
truly_transformational,14,4,10
so_key,14,8,6
more_amazed,14,14,0
so_laden,14,10,4
more_alert,14,14,0
quite_unbelievable,14,8,6
so_likeable,14,9,5
painfully_true,14,14,0
partially_effective,14,14,0
more_absorbing,14,13,1
more_abrupt,14,11,3
morbidly_fascinating,14,3,11
morally_indefensible,14,12,2
as_helpless,14,12,2
moderately_high,14,14,0
particularly_likely,14,14,0
even_hilarious,14,14,0
far_quicker,14,11,3
particularly_successful,14,14,0
particularly_surprising,14,14,0
so_pricey,14,11,3
particularly_true,14,11,3
merely_coincidental,14,14,0
just_false,14,14,0
so_prompt,14,14,0
as_expansive,14,11,3
incredibly_long,14,14,0
mentally_unwell,14,14,0
fairly_tenuous,14,1,13
so_red,14,13,1
fairly_substantial,14,4,10
professionally_qualified,14,13,1
so_related,14,12,2
pearly_white,14,14,0
particularly_suitable,14,14,0
so_pretentious,14,10,4
so_overpowering,14,13,1
as_fanciful,14,8,6
incredibly_versatile,14,14,0
so_pale,14,12,2
particularly_offensive,14,6,8
strictly_true,14,13,1
as_fleeting,14,11,3
so_peculiar,14,5,9
just_cynical,14,14,0
so_perverse,14,5,9
particularly_powerful,14,7,7
even_ignorant,14,14,0
conveniently_accessible,14,14,0
almost_hypnotic,14,2,12
even_improper,14,14,0
absolutely_valid,14,14,0
even_incompatible,14,14,0
completely_unintelligible,14,9,5
extremely_precise,14,13,1
overwhelmingly_negative,14,14,0
really_independent,14,13,1
still_different,14,7,7
chronically_late,14,14,0
potentially_sensitive,14,13,1
less_colorful,14,9,5
too_tangible,14,14,0
potentially_threatening,14,12,2
less_mysterious,14,8,6
completely_baseless,14,11,3
less_adept,14,12,2
most_enduring,14,14,0
wonderfully_supportive,14,14,0
sometimes_yellow,14,14,0
completely_abstract,14,9,5
too_traumatic,14,11,3
pretty_attractive,14,14,0
pretty_awkward,14,13,1
too_swift,14,14,0
potentially_poisonous,14,10,4
less_brutal,14,10,4
completely_disgusting,14,5,9
less_afraid,14,13,1
less_poetic,14,12,2
completely_imaginary,14,11,3
totally_lacking,14,9,5
almost_laughable,14,13,1
pretty_true,14,14,0
even_unimaginable,14,13,1
really_human,14,6,8
potentially_devastating,14,8,6
completely_fascinating,14,6,8
less_black,14,9,5
even_unpaid,14,14,0
completely_drunk,14,13,1
still_early,14,14,0
still_dry,14,14,0
somewhat_arbitrary,14,14,0
somewhat_challenging,14,14,0
less_deadly,14,11,3
somewhat_overwhelming,14,14,0
totally_dead,14,14,0
less_evident,14,12,2
somewhat_safe,14,14,0
less_explicit,14,12,2
very_atmospheric,14,14,0
pretty_phenomenal,14,9,5
less_fearful,14,14,0
totally_boring,14,11,3
totally_bogus,14,13,1
pretty_flexible,14,13,1
pretty_frustrating,14,14,0
totally_appropriate,14,12,2
less_honest,14,11,3
less_frustrating,14,13,1
exceedingly_high,14,14,0
pretty_raw,14,12,2
pretty_dire,14,13,1
comparatively_new,14,7,7
somewhat_obscure,14,14,0
pretty_steady,14,13,1
exceptionally_smart,14,12,2
somewhat_disappointing,14,14,0
still_best,14,14,0
most_disadvantaged,14,13,1
exceptionally_rare,14,8,6
totally_doable,14,12,2
less_diverse,14,13,1
somewhat_healthy,14,10,4
about_big,14,13,1
less_energetic,14,8,6
really_mean,14,13,1
pretty_savvy,14,13,1
somewhat_more,14,14,0
about_appealing,14,14,0
completely_incompatible,14,14,0
less_acidic,14,9,5
completely_unforeseen,14,2,12
completely_sober,14,14,0
so_visual,14,9,5
little_uncomfortable,14,13,1
totally_unprepared,14,14,0
totally_unpredictable,14,9,5
so_wacky,14,9,5
wildly_optimistic,14,13,1
most_daunting,14,14,0
certainly_welcome,14,13,1
pretty_unlikely,14,13,1
completely_sick,14,14,0
even_sentimental,14,14,0
extremely_fond,14,14,0
less_wasteful,14,9,5
less_vocal,14,13,1
largely_unaware,14,14,0
so_wondrous,14,4,10
even_rustic,14,14,0
plain_hungry,14,14,0
plain_horrible,14,14,0
still_pertinent,14,12,2
completely_undone,14,14,0
wildly_creative,14,11,3
longer_profitable,14,14,0
kinda_creepy,14,12,2
extremely_obvious,14,13,1
still_recognizable,14,12,2
still_ready,14,14,0
effortlessly_cool,14,7,7
even_reliable,14,14,0
extremely_loyal,14,14,0
longer_extant,14,14,0
so_vain,14,7,7
even_rich,14,14,0
very_alike,14,14,0
else_important,14,1,13
really_grand,14,1,13
wildly_unpopular,14,10,4
plain_sloppy,14,14,0
politically_contentious,14,14,0
less_savory,14,8,6
too_skilled,14,14,0
completely_nonexistent,14,14,0
too_slim,14,14,0
artistically_inclined,14,12,2
politically_relevant,14,11,3
even_top,14,14,0
incredibly_precious,14,3,11
legitimately_concerned,14,13,1
completely_legitimate,14,14,0
less_promising,14,10,4
extraordinarily_good,14,12,2
somehow_defective,14,14,0
totally_meaningless,14,12,2
less_abundant,14,14,0
woefully_short,14,13,1
even_symbolic,14,14,0
less_terrible,14,9,5
pretty_violent,14,14,0
completely_relevant,14,13,1
incredibly_open,14,14,0
even_skilled,14,14,0
less_straightforward,14,14,0
extremely_cruel,14,10,4
totally_secure,14,12,2
socially_destructive,14,14,0
completely_present,14,14,0
plain_wacky,14,14,0
really_guilty,14,12,2
incredibly_patient,14,14,0
even_stressful,14,14,0
extremely_bizarre,14,10,4
as_acceptable,14,10,4
even_surprised,14,14,0
even_excessive,14,14,0
so_lifelike,14,11,3
so_ironic,14,13,1
not_inclusive,14,14,0
especially_attractive,14,9,5
really_tangible,14,2,12
quite_lazy,14,13,1
deeply_ambivalent,14,13,1
economically_efficient,14,12,2
incredibly_dark,14,14,0
slightly_scary,14,10,4
hideously_ugly,14,12,2
adorably_cute,14,10,4
slightly_thick,14,13,1
also_jewish,14,14,0
especially_critical,14,12,2
very_moderate,14,14,0
so_able,14,11,3
not_motivated,14,13,1
as_stark,14,10,4
deeply_asleep,14,13,1
very_mellow,14,14,0
very_mechanical,14,10,4
highly_complicated,14,14,0
slightly_easier,14,12,2
highly_flexible,14,14,0
very_lovable,14,11,3
more_mad,14,14,0
deeply_distrustful,14,14,0
again_available,14,13,1
also_funny,14,13,1
deeply_dependent,14,13,1
quite_marvelous,14,7,7
universally_human,14,4,10
more_lofty,14,5,9
very_clumsy,14,12,2
as_tender,14,11,3
deeply_compelling,14,5,9
slightly_obese,14,14,0
not_newsworthy,14,13,1
quite_ignorant,14,12,2
so_comical,14,10,4
especially_satisfying,14,2,12
not_tangible,14,10,4
more_idealistic,14,11,3
half_open,14,14,0
quite_experimental,14,12,2
as_satisfying,14,11,3
more_helpless,14,14,0
as_sane,14,12,2
not_unhappy,14,14,0
quite_hungry,14,14,0
acutely_ill,14,14,0
more_heartening,14,13,1
as_rough,14,10,4
so_cliche,14,12,2
quite_eccentric,14,12,2
overtly_hostile,14,14,0
so_clumsy,14,12,2
not_synonymous,14,13,1
more_idiosyncratic,14,3,11
not_strict,14,14,0
not_standard,14,13,1
very_nutritious,14,11,3
blissfully_happy,14,14,0
more_incremental,14,9,5
uniformly_excellent,14,14,0
so_arcane,14,12,2
quite_gruesome,14,12,2
most_notorious,14,13,1
so_astounding,14,2,12
quite_grand,14,4,10
not_sad,14,13,1
quite_fuzzy,14,14,0
especially_meaningful,14,9,5
especially_memorable,14,10,4
not_short,14,12,2
quite_frank,14,14,0
inherently_risky,14,9,5
highly_impressed,14,14,0
highly_impressive,14,13,1
not_admissible,14,14,0
never_available,14,14,0
very_imperfect,14,12,2
also_acceptable,14,13,1
usually_accurate,14,14,0
inherently_exciting,14,0,14
upwardly_mobile,14,13,1
nominally_christian,14,13,1
thoroughly_familiar,14,13,1
deeply_misleading,14,12,2
not_alert,14,14,0
also_bad,14,14,0
simply_naive,14,14,0
surprisingly_low,14,13,1
simply_open,14,14,0
not_attributable,14,13,1
equally_nice,14,10,4
simply_elegant,14,13,1
simply_divine,14,12,2
emotionally_mature,14,14,0
simply_brilliant,14,14,0
quite_unaware,14,13,1
more_populous,14,12,2
significantly_bigger,14,9,5
n't_worthwhile,14,14,0
more_polish,14,13,1
quite_tragic,14,11,3
naturally_gluten-free,14,14,0
really_trivial,14,5,9
quite_tender,14,14,0
simply_able,14,14,0
simply_adorable,14,14,0
simply_apathetic,14,14,0
simply_aware,14,14,0
nearly_poor,14,14,0
nearly_pure,14,14,0
thoroughly_entertaining,14,14,0
not_awake,14,14,0
definitely_rotten,14,11,3
highly_predictable,14,13,1
too_flawed,14,14,0
deeply_proud,14,14,0
not_descriptive,14,14,0
equally_strange,14,7,7
too_forceful,14,13,1
not_detectable,14,14,0
highly_lucrative,14,13,1
highly_intellectual,14,11,3
quite_ornate,14,12,2
quite_opposite,14,6,8
inherently_racist,14,10,4
most_outspoken,14,13,1
slightly_crispy,14,14,0
not_economical,14,13,1
also_evident,14,11,3
deeply_rewarding,14,7,7
very_key,14,9,5
simply_sad,14,14,0
unreasonably_dangerous,14,14,0
simply_silly,14,14,0
very_instructive,14,11,3
really_amiss,14,14,0
as_upbeat,14,12,2
inherently_interesting,14,5,9
more_musical,14,7,7
highly_regarded,14,10,4
very_irregular,14,14,0
quite_quick,14,14,0
as_unsettling,14,11,3
deeply_weird,14,7,7
deeply_unpleasant,14,5,9
deeply_true,14,3,11
unreasonably_difficult,14,14,0
equally_reliable,14,11,3
especially_unique,14,6,8
more_hardy,14,11,3
generally_better,14,14,0
otherwise_malicious,14,14,0
even_benign,14,14,0
intensely_aware,14,14,0
more_customizable,14,7,7
as_mellow,14,9,5
otherwise_incompetent,14,14,0
otherwise_irregular,14,14,0
as_marvelous,14,2,12
purely_imaginary,14,12,2
as_notable,14,8,6
otherwise_present,14,14,0
very_tiresome,14,13,1
more_cosmopolitan,14,5,9
otherwise_significant,14,14,0
even_chilly,14,14,0
fully_interactive,14,14,0
very_trustworthy,14,12,2
otherwise_free,14,14,0
incredibly_harmful,14,11,3
more_dedicated,14,7,7
barely_worth,14,13,1
super_bright,14,11,3
so_everyday,14,13,1
incredibly_fortunate,14,12,2
more_discouraging,14,14,0
so_committed,14,10,4
too_lame,14,13,1
very_subdued,14,13,1
actually_higher,14,14,0
actually_hard,14,13,1
most_acute,14,14,0
so_false,14,10,4
otherwise_challenging,14,14,0
very_captivating,14,6,8
otherwise_deficient,14,14,0
so_far-fetched,14,6,8
really_consistent,14,12,2
otherwise_unattractive,14,14,0
so_gray,14,14,0
very_brown,14,14,0
very_usable,14,11,3
so_incongruous,14,7,7
publicly_critical,14,13,1
very_usual,14,3,11
too_moderate,14,14,0
overly_cynical,14,14,0
so_infectious,14,7,7
even_disappointing,14,14,0
even_distasteful,14,13,1
more_awake,14,13,1
very_abusive,14,14,0
truly_urgent,14,10,4
substantially_related,14,14,0
so_intoxicating,14,10,4
even_endangered,14,14,0
most_iconic,14,12,2
more_brazen,14,11,3
so_grumpy,14,14,0
purely_accidental,14,14,0
even_complicit,14,14,0
so_handy,14,11,3
even_conceivable,14,14,0
very_uneasy,14,13,1
really_controversial,14,7,7
purely_commercial,14,12,2
as_jaded,14,1,13
even_corporate,14,14,0
otherwise_unwilling,14,14,0
more_characteristic,14,10,4
as_intuitive,14,10,4
outright_crazy,14,13,1
so_illegal,14,13,1
so_imaginative,14,9,5
even_cuter,14,9,5
generally_healthy,14,13,1
most_recognizable,14,14,0
very_sticky,14,12,2
so_delectable,14,9,5
more_floral,14,10,4
glaringly_wrong,14,4,10
so_cumbersome,14,11,3
more_final,14,6,8
very_savvy,14,12,2
very_certain,14,11,3
oddly_charming,14,5,9
now_standard,14,12,2
oddly_reassuring,14,2,12
more_factual,14,7,7
as_poignant,14,11,3
more_extra,14,12,2
off_sick,14,14,0
essentially_true,14,10,4
now_vacant,14,13,1
very_robust,14,13,1
very_shady,14,10,4
gravely_immoral,14,13,1
especially_valuable,14,9,5
quite_direct,14,14,0
more_gray,14,12,2
understandably_worried,14,13,1
quite_depressing,14,10,4
quite_deliberate,14,12,2
too_incredible,14,13,1
now_operational,14,14,0
so_cooperative,14,14,0
graphically_violent,14,13,1
quite_creepy,14,8,6
now_healthy,14,13,1
now_interested,14,14,0
really_captivating,14,4,10
often_available,14,14,0
as_polite,14,13,1
so_distracting,14,13,1
so_distressing,14,11,3
only_compatible,14,14,0
generally_qualified,14,14,0
very_somber,14,11,3
as_ornate,14,14,0
only_curious,14,14,0
once_beautiful,14,11,3
damn_sure,14,11,3
even_adult,14,14,0
more_emblematic,14,7,7
quickly_available,14,14,0
very_smelly,14,8,6
often_more,14,13,1
eminently_readable,14,12,2
quickly_enough,14,12,2
actually_legitimate,14,14,0
damn_nice,14,13,1
genuinely_available,14,14,0
quick_enough,14,14,0
as_peculiar,14,8,6
essentially_worthless,14,11,3
so_dishonest,14,8,6
quite_appropriate,14,10,4
essentially_useless,14,13,1
genuinely_disturbing,14,10,4
that_funny,13,12,1
most_correct,13,10,3
economically_inactive,13,13,0
that_effective,13,11,2
really_spooky,13,4,9
incredibly_serious,13,7,6
easily_mistaken,13,13,0
really_patient,13,13,0
really_unfair,13,11,2
almost_holy,13,0,13
incredibly_silly,13,12,1
more_workable,13,6,7
very_commonplace,13,6,7
very_considerable,13,11,2
beautifully_detailed,13,13,0
really_poignant,13,3,10
most_detrimental,13,13,0
very_cloudy,13,13,0
very_balanced,13,13,0
most_charming,13,13,0
really_optimistic,13,11,2
most_abundant,13,13,0
really_unsettling,13,3,10
most_applicable,13,13,0
easily_solvable,13,9,4
really_psyched,13,13,0
more_vertical,13,10,3
really_related,13,13,0
very_conducive,13,12,1
very_sour,13,11,2
really_wet,13,12,1
well_worthwhile,13,13,0
absolutely_outstanding,13,12,1
just_messy,13,13,0
categorically_false,13,12,1
just_loud,13,12,1
strangely_appealing,13,1,12
so_sentimental,13,5,8
absolutely_spectacular,13,8,5
absolutely_spot,13,13,0
well_able,13,13,0
just_helpful,13,13,0
so_resilient,13,12,1
absolutely_superb,13,11,2
brutally_violent,13,13,0
so_psyched,13,12,1
just_extraordinary,13,12,1
just_excellent,13,13,0
absolutely_untrue,13,13,0
so_priceless,13,3,10
just_emotional,13,13,0
just_obnoxious,13,13,0
so_stark,13,8,5
so_plentiful,13,12,1
considerably_slower,13,12,1
just_unclear,13,13,0
certainly_interesting,13,12,1
just_unavailable,13,13,0
still_stuck,13,11,2
absolutely_honest,13,10,3
so_trendy,13,12,1
wholly_unrelated,13,4,9
so_thirsty,13,13,0
so_tenuous,13,12,1
still_unanswered,13,13,0
wholly_inappropriate,13,12,1
still_unfolding,13,13,0
just_regular,13,13,0
just_realistic,13,13,0
just_proud,13,12,1
maybe_informal,13,13,0
wholly_evil,13,13,0
certainly_capable,13,10,3
just_par,13,13,0
just_disturbing,13,13,0
just_depressing,13,13,0
marginally_profitable,13,11,2
critically_wrong,13,8,5
so_liberal,13,13,0
more_angular,13,5,8
more_annoyed,13,12,1
culturally_appropriate,13,12,1
substantially_complete,13,13,0
internally_contradictory,13,13,0
more_artful,13,3,10
more_artsy,13,3,10
very_wholesome,13,10,3
more_auspicious,13,9,4
so_insidious,13,5,8
more_austere,13,7,6
more_automatic,13,7,6
so_inefficient,13,12,1
more_biblical,13,7,6
very_variable,13,13,0
so_incapable,13,8,5
so_inane,13,7,6
so_inadequate,13,12,1
so_likable,13,11,2
so_low-key,13,10,3
so_phenomenal,13,8,5
so_mediocre,13,6,7
just_confident,13,13,0
vitally_interested,13,11,2
just_closer,13,11,2
so_outstanding,13,9,4
just_clean,13,12,1
just_chilling,13,12,1
so_outgoing,13,12,1
so_organized,13,11,2
so_opposite,13,5,8
just_arrogant,13,13,0
so_niche,13,10,3
just_alive,13,12,1
broadly_applicable,13,11,2
mightily_impressed,13,13,0
mildly_funny,13,9,4
strongly_positive,13,13,0
so_misleading,13,13,0
mind-numbingly_boring,13,11,2
minimally_symptomatic,13,13,0
so_unhealthy,13,12,1
still_simple,13,12,1
more_turbulent,13,6,7
completely_accessible,13,12,1
sometimes_zero,13,13,0
less_memorable,13,8,5
completely_available,13,12,1
about_fresh,13,13,0
less_convinced,13,13,0
wonderfully_simple,13,5,8
less_conscious,13,13,0
completely_cold,13,11,2
about_healthy,13,13,0
less_commercial,13,5,8
sometimes_less,13,13,0
less_coherent,13,13,0
less_close,13,9,4
less_cheesy,13,1,12
completely_digital,13,12,1
sometimes_difficult,13,12,1
less_bright,13,11,2
completely_erroneous,13,13,0
less_beneficial,13,10,3
less_crucial,13,5,8
less_cute,13,6,7
completely_frivolous,13,4,9
somewhat_ambivalent,13,13,0
less_full,13,11,2
somewhat_unfavorable,13,13,0
somewhat_subjective,13,13,0
less_impactful,13,11,2
somewhat_problematic,13,13,0
less_influential,13,11,2
still_anxious,13,11,2
less_essential,13,9,4
somewhat_older,13,11,2
less_innovative,13,9,4
less_engaging,13,11,2
less_elaborate,13,9,4
less_eager,13,13,0
somewhat_happy,13,13,0
commercially_important,13,13,0
somewhat_dissatisfied,13,13,0
comparatively_easy,13,13,0
less_lonely,13,13,0
somewhat_common,13,12,1
completely_forgettable,13,12,1
less_apt,13,10,3
marginally_higher,13,13,0
largely_unaffected,13,12,1
less_wholesome,13,2,11
likely_attributable,13,12,1
likely_more,13,12,1
still_perfect,13,12,1
kinda_sad,13,9,4
logistically_impossible,13,13,0
wildly_imaginative,13,13,0
longer_afraid,13,12,1
longer_competitive,13,13,0
absolutely_devastating,13,11,2
so_used,13,10,3
wildly_exaggerated,13,12,1
completely_trivial,13,2,11
kinda_boring,13,12,1
completely_unfair,13,7,6
longer_suitable,13,13,0
just_wet,13,13,0
just_visible,13,11,2
just_useful,13,13,0
largely_silent,13,13,0
largely_white,13,13,0
less_angry,13,10,3
so_worthless,13,6,7
less_physical,13,5,8
completely_impractical,13,10,3
less_pure,13,8,5
less_regular,13,13,0
socially_significant,13,7,6
about_welcoming,13,13,0
completely_offensive,13,5,8
completely_opaque,13,13,0
legally_exempt,13,13,0
still_involved,13,13,0
less_special,13,10,3
socially_disadvantaged,13,13,0
less_spicy,13,6,7
least_expensive,13,13,0
less_subject,13,13,0
completely_reasonable,13,11,2
completely_relaxed,13,11,2
still_low,13,13,0
less_tragic,13,8,5
so_impractical,13,7,6
more_cathartic,13,11,2
so_hospitable,13,13,0
very_impersonal,13,11,2
simply_hungry,13,13,0
simply_dishonest,13,13,0
more_orthodox,13,11,2
simply_dangerous,13,13,0
deliciously_sweet,13,9,4
simply_careless,13,13,0
more_partisan,13,11,2
very_hip,13,11,2
more_personalised,13,2,11
suspiciously_similar,13,9,4
all_clear,13,12,1
demonstrably_untrue,13,11,2
infinitesimally_small,13,11,2
sexually_offensive,13,13,0
very_hairy,13,10,3
sexually_graphic,13,13,0
very_grey,13,13,0
severely_underweight,13,13,0
seriously_worth,13,9,4
very_impactful,13,12,1
more_objectionable,13,9,4
seemingly_useless,13,6,7
more_obedient,13,12,1
more_lucid,13,9,4
very_liquid,13,13,0
slightly_crisp,13,13,0
slightly_confusing,13,12,1
slightly_confused,13,13,0
slightly_concerned,13,13,0
very_less,13,12,1
more_meditative,13,7,6
simply_unique,13,13,0
very_intellectual,13,10,3
definitely_good,13,12,1
simply_strange,13,13,0
simply_present,13,12,1
simply_personal,13,13,0
definitely_worthy,13,9,4
more_nonsensical,13,12,1
more_noxious,13,8,5
more_nurturing,13,9,4
inherently_fun,13,2,11
seriously_cool,13,5,8
very_frail,13,12,1
so_horrid,13,6,7
more_sheer,13,8,5
more_silent,13,12,1
downright_infuriating,13,13,0
more_spirited,13,8,5
very_dominant,13,11,2
more_static,13,9,4
best_qualified,13,12,1
terribly_familiar,13,9,4
terribly_funny,13,8,5
indescribably_beautiful,13,3,10
more_symmetrical,13,10,3
very_delightful,13,10,3
relatively_equal,13,11,2
indeed_worth,13,12,1
regionally_specific,13,13,0
dramatically_lower,13,13,0
recently_pregnant,13,13,0
reassuringly_familiar,13,4,9
more_tiring,13,13,0
almost_better,13,11,2
more_shiny,13,6,7
downright_comical,13,13,0
more_raunchy,13,5,8
temporarily_absent,13,13,0
technically_adept,13,13,0
seemingly_new,13,5,8
very_fluffy,13,12,1
very_flavorful,13,10,3
very_flattered,13,12,1
very_flashy,13,13,0
second_largest,13,13,0
all_interested,13,13,0
scientifically_valid,13,12,1
very_favourable,13,13,0
technically_minded,13,13,0
sadly_absent,13,10,3
disturbingly_familiar,13,6,7
ridiculously_small,13,11,2
ridiculously_funny,13,10,3
all_okay,13,13,0
more_sanitary,13,8,5
more_scalable,13,8,5
remotely_funny,13,8,5
slightly_moist,13,12,1
slightly_narrower,13,13,0
deeply_confused,13,12,1
more_disgraceful,13,9,4
damn_lucky,13,13,0
actually_innocent,13,13,0
actually_larger,13,13,0
more_efficacious,13,13,0
more_elastic,13,5,8
more_electable,13,8,5
very_solemn,13,8,5
more_elementary,13,3,10
so_early,13,13,0
actually_ok,13,13,0
super_dry,13,13,0
more_eternal,13,2,11
so_disastrous,13,5,8
more_experiential,13,5,8
more_extroverted,13,8,5
so_defensive,13,12,1
more_fleeting,13,10,3
more_fluent,13,11,2
very_rudimentary,13,11,2
more_dishonest,13,13,0
super_active,13,12,1
more_livable,13,8,5
very_sunny,13,13,0
intentionally_cruel,13,12,1
currently_busy,13,13,0
more_clean,13,9,4
more_clinical,13,6,7
actually_closer,13,13,0
very_truthful,13,8,5
so_gifted,13,6,7
currently_unable,13,12,1
very_tranquil,13,8,5
so_frequent,13,12,1
so_frail,13,6,7
so_flattered,13,13,0
actually_fake,13,12,1
so_fearless,13,8,5
more_defensible,13,11,2
both_right,13,13,0
intellectually_interesting,13,8,5
intellectually_inferior,13,12,1
damn_expensive,13,13,0
very_rigorous,13,12,1
so_cramped,13,13,0
so_cowardly,13,12,1
very_ridiculous,13,12,1
more_incisive,13,9,4
very_partisan,13,13,0
so_artistic,13,7,6
so_articulate,13,12,1
very_official,13,13,0
very_niche,13,10,3
super_stylish,13,12,1
more_justifiable,13,13,0
more_laid,13,10,3
more_legal,13,11,2
slightly_unnerving,13,8,5
slightly_translucent,13,13,0
slightly_suspicious,13,9,4
slightly_strange,13,7,6
more_liberating,13,10,3
slightly_rough,13,13,0
slightly_related,13,7,6
super_young,13,12,1
very_melodramatic,13,13,0
more_inappropriate,13,10,3
more_impulsive,13,12,1
so_baffling,13,11,2
super_jealous,13,12,1
very_revealing,13,8,5
very_reticent,13,13,0
actually_toxic,13,13,0
so_contrived,13,11,2
darkly_hilarious,13,13,0
more_genteel,13,9,4
super_intense,13,10,3
so_conservative,13,10,3
very_regrettable,13,11,2
very_photogenic,13,11,2
actually_valuable,13,11,2
very_reactive,13,12,1
both_beautiful,13,13,0
so_cliched,13,9,4
very_punctual,13,13,0
more_hidden,13,13,0
more_identifiable,13,7,6
more_idiotic,13,9,4
really_loose,13,12,1
pretty_lazy,13,13,0
most_diverse,13,13,0
entirely_plausible,13,11,2
also_qualified,13,13,0
quite_formal,13,10,3
too_slight,13,12,1
too_british,13,12,1
also_prone,13,13,0
even_impressive,13,13,0
particularly_serious,13,11,2
politically_palatable,13,8,5
particularly_religious,13,13,0
even_theological,13,13,0
not_single,13,11,2
even_incoherent,13,13,0
immediately_relevant,13,10,3
even_incompetent,13,12,1
entirely_real,13,12,1
also_poor,13,12,1
pretty_upbeat,13,12,1
extraordinarily_powerful,13,3,10
truly_marvelous,13,2,11
far_healthier,13,12,1
truly_open,13,10,3
even_unbearable,13,12,1
even_unacceptable,13,13,0
even_horrible,13,11,2
positively_related,13,13,0
truly_odd,13,2,11
even_humane,13,13,0
much_narrower,13,9,4
not_substantial,13,12,1
too_bleak,13,13,0
quite_fabulous,13,9,4
truly_necessary,13,13,0
utterly_satisfying,13,1,12
much_open,13,13,0
not_tall,13,12,1
especially_painful,13,10,3
much_welcome,13,10,3
much_worst,13,10,3
even_italian,13,13,0
especially_great,13,10,3
not_quantifiable,13,12,1
plain_unnecessary,13,13,0
n't_brave,13,13,0
n't_bright,13,13,0
fairly_trivial,13,5,8
even_interactive,13,11,2
too_clingy,13,13,0
uniquely_appealing,13,1,12
entirely_understandable,13,10,3
as_alien,13,9,4
not_optimistic,13,13,0
n't_deep,13,13,0
not_older,13,12,1
extremely_dense,13,12,1
especially_exciting,13,4,9
fairly_stable,13,11,2
plainly_false,13,13,0
entirely_uncomfortable,13,13,0
not_scalable,13,13,0
particularly_wonderful,13,5,8
as_sincere,13,7,6
as_exquisite,13,4,9
as_skillful,13,8,5
politically_ambitious,13,12,1
too_certain,13,11,2
also_personal,13,12,1
as_slippery,13,7,6
not_receptive,13,13,0
too_chummy,13,13,0
too_patient,13,13,0
pretty_warm,13,13,0
quite_harmless,13,9,4
not_readable,13,13,0
immediately_clear,13,13,0
partly_open,13,11,2
already_free,13,13,0
possibly_less,13,13,0
not_universal,13,13,0
much_intact,13,12,1
as_red,13,9,4
even_futile,13,13,0
most_vital,13,11,2
back_safe,13,10,3
as_recognizable,13,8,5
potentially_important,13,6,7
quite_dead,13,11,2
quite_deadly,13,12,1
rather_proud,13,12,1
now_fine,13,13,0
particularly_critical,13,13,0
profoundly_personal,13,9,4
even_unnoticed,13,13,0
quite_delightful,13,11,2
now_close,13,12,1
too_stunned,13,13,0
mostly_dry,13,13,0
totally_incorrect,13,12,1
even_unthinkable,13,13,0
far_uglier,13,1,12
even_fine,13,13,0
together_better,13,9,4
as_heroic,13,10,3
geographically_specific,13,12,1
financially_interested,13,13,0
even_federal,13,13,0
rather_suspicious,13,10,3
partially_visible,13,13,0
as_prosperous,13,12,1
now_legal,13,11,2
financially_comfortable,13,13,0
financially_beneficial,13,11,2
enormously_successful,13,11,2
now_quiet,13,12,1
now_public,13,12,1
too_indulgent,13,12,1
too_individualistic,13,13,0
now_capable,13,12,1
rather_pleasant,13,12,1
quite_devastating,13,11,2
entirely_good,13,10,3
potentially_active,13,13,0
particularly_heavy,13,11,2
always_okay,13,13,0
possibly_wrong,13,11,2
rather_long,13,13,0
even_unemployed,13,13,0
impeccably_clean,13,13,0
particularly_intriguing,13,7,6
pretty_traditional,13,12,1
entirely_happy,13,13,0
rather_intriguing,13,6,7
especially_susceptible,13,11,2
too_available,13,13,0
too_opinionated,13,13,0
pretty_unexpected,13,8,5
far_weaker,13,12,1
totally_irrational,13,9,4
potentially_beneficial,13,13,0
potentially_better,13,4,9
entirely_devoid,13,13,0
rather_personal,13,10,3
rather_pathetic,13,8,5
greatly_interested,13,12,1
even_grateful,13,13,0
entirely_clear,13,12,1
mostly_intact,13,11,2
too_inaccessible,13,12,1
mostly_satisfied,13,13,0
mostly_useless,13,12,1
potentially_catastrophic,13,12,1
profoundly_new,13,0,13
rather_negative,13,10,3
too_impractical,13,13,0
pretty_trivial,13,10,3
as_gay,13,7,6
plain_stubborn,13,13,0
even_justifiable,13,13,0
rather_tough,13,13,0
probably_ok,13,13,0
nearly_clear,13,13,0
as_charitable,13,12,1
not_cooperative,13,13,0
as_detrimental,13,11,2
tremendously_helpful,13,13,0
perhaps_easier,13,10,3
nearly_enough,13,13,0
nearly_horizontal,13,13,0
highly_passionate,13,13,0
even_problematic,13,13,0
extremely_safe,13,12,1
nearly_non-existent,13,12,1
quite_primitive,13,12,1
as_classy,13,5,8
quite_professional,13,13,0
tremendously_satisfying,13,4,9
truly_essential,13,7,6
highly_opinionated,13,13,0
quite_supportive,13,13,0
highly_invasive,13,10,3
as_unconventional,13,8,5
too_dogmatic,13,12,1
not_dry,13,13,0
not_drunk,13,13,0
extremely_poisonous,13,13,0
highly_inefficient,13,12,1
fairly_independent,13,13,0
as_disappointed,13,12,1
even_psychotic,13,12,1
highly_involved,13,13,0
plain_absurd,13,13,0
naturally_low,13,13,0
quite_peaceful,13,10,3
equally_shocked,13,13,0
naturally_talented,13,13,0
too_flexible,13,13,0
not_constructive,13,13,0
quite_provocative,13,11,2
as_energetic,13,11,2
extremely_traumatic,13,10,3
highly_transparent,13,11,2
perhaps_true,13,12,1
too_experimental,13,13,0
highly_treatable,13,13,0
physically_abused,13,12,1
perhaps_unaware,13,13,0
as_concise,13,9,4
no_thicker,13,9,4
too_progressive,13,13,0
extremely_urgent,13,7,6
not_avoidable,13,13,0
too_fallible,13,13,0
too_fake,13,12,1
quite_shallow,13,12,1
as_vocal,13,11,2
highly_welcome,13,13,0
even_oral,13,13,0
newly_unemployed,13,11,2
too_entertaining,13,13,0
hopefully_better,13,8,5
even_powerful,13,12,1
highly_realistic,13,13,0
fairly_busy,13,13,0
also_curious,13,12,1
quite_strict,13,13,0
perhaps_negative,13,13,0
extremely_soft,13,12,1
highly_rewarding,13,11,2
even_ongoing,13,13,0
even_odd,13,13,0
physically_different,13,7,6
unusually_difficult,13,12,1
equally_painful,13,10,3
never_happy,13,12,1
not_british,13,8,5
never_sure,13,13,0
also_excellent,13,13,0
n't_trustworthy,13,12,1
plain_cruel,13,13,0
highly_advisable,13,12,1
extremely_fearful,13,13,0
highly_accessible,13,13,0
as_arrogant,13,8,5
even_sensitive,13,13,0
perfectly_harmless,13,12,1
n't_jewish,13,13,0
rather_abstract,13,13,0
as_atrocious,13,1,12
truly_horrendous,13,5,8
equally_annoying,13,8,5
too_grainy,13,13,0
n't_legitimate,13,13,0
equally_appropriate,13,12,1
always_worse,13,13,0
totally_unfounded,13,13,0
n't_natural,13,13,0
utterly_devoid,13,10,3
already_nervous,13,11,2
unnecessarily_harsh,13,13,0
extremely_elaborate,13,10,3
quite_informal,13,10,3
extremely_diverse,13,13,0
even_laughable,13,13,0
plain_simple,13,13,0
extremely_drunk,13,13,0
totally_subjective,13,10,3
too_savvy,13,13,0
hugely_significant,13,6,7
as_elementary,13,1,12
especially_dangerous,13,11,2
n't_forthcoming,13,13,0
as_appealing,13,12,1
even_libertarian,13,13,0
n't_impressive,13,13,0
truly_human,13,11,2
rather_appealing,13,5,8
highly_available,13,11,2
not_homeless,13,13,0
truly_heartbreaking,13,7,6
even_repulsive,13,11,2
too_derivative,13,12,1
equally_crazy,13,7,6
too_futuristic,13,12,1
n't_sensitive,13,13,0
extremely_jealous,13,13,0
perfectly_sensible,13,12,1
n't_stable,13,13,0
perfectly_square,13,12,1
extremely_harsh,13,12,1
unnecessarily_complicated,13,12,1
not_existent,13,12,1
as_disruptive,13,6,7
equally_efficient,13,12,1
even_recognizable,13,13,0
equally_entertaining,13,12,1
as_breathtaking,13,7,6
extremely_influential,13,12,1
n't_rich,13,13,0
fairly_neutral,13,8,5
too_genuine,13,12,1
uniquely_valuable,13,3,10
perfectly_possible,13,13,0
as_dreadful,13,4,9
quite_windy,13,13,0
n't_profitable,13,13,0
quite_lucky,13,13,0
extremely_horny,13,13,0
not_generous,13,13,0
quite_welcome,13,13,0
highly_destructive,13,12,1
quite_magnificent,13,4,9
highly_dramatic,13,10,3
as_believable,13,10,3
primarily_economic,13,13,0
even_malevolent,13,13,0
rather_tired,13,13,0
not_armed,13,13,0
as_pessimistic,13,11,2
as_noisy,13,12,1
really_detailed,13,10,3
even_belligerent,13,13,0
most_human,13,13,0
barely_discernible,13,13,0
real_smart,13,9,4
incredibly_basic,13,7,6
otherwise_destructive,13,13,0
else_productive,13,1,12
almost_reassuring,13,0,13
genuinely_entertaining,13,9,4
fundamentally_similar,13,11,2
overly_long,13,13,0
exceptionally_repugnant,13,13,0
pretty_adept,13,12,1
emotionally_overwhelming,13,12,1
only_obvious,13,13,0
too_mysterious,13,11,2
genuinely_creepy,13,11,2
ever_able,13,13,0
fully_comfortable,13,11,2
pretty_fundamental,13,4,9
even_elite,13,13,0
excessively_high,13,13,0
even_doubtful,13,13,0
incredibly_ambitious,13,11,2
even_whimsical,13,13,0
incredibly_overwhelming,13,13,0
overly_worried,13,12,1
fundamentally_true,13,3,10
most_favorable,13,13,0
even_alternative,13,13,0
genuinely_frightening,13,9,4
emotionally_fraught,13,12,1
genetically_similar,13,13,0
as_pale,13,9,4
incredibly_incompetent,13,13,0
ever_better,13,9,4
even_awful,13,12,1
too_local,13,11,2
otherwise_ill,13,13,0
very_agile,13,11,2
otherwise_hostile,13,13,0
approximately_equal,13,12,1
most_miserable,13,13,0
too_touchy,13,13,0
pretty_sophisticated,13,11,2
too_memorable,13,12,1
pretty_grateful,13,13,0
as_irrational,13,6,7
even_enthusiastic,13,13,0
overly_heavy,13,13,0
then_happy,13,13,0
also_white,13,13,0
as_nutty,13,7,6
most_fruitful,13,13,0
too_tragic,13,12,1
even_equivalent,13,13,0
exactly_equal,13,13,0
even_custom,13,13,0
almost_quaint,13,3,10
always_clear,13,12,1
as_inventive,13,8,5
pretty_comparable,13,13,0
too_meek,13,13,0
even_erroneous,13,13,0
most_perfect,13,13,0
otherwise_irrelevant,13,13,0
only_likely,13,12,1
incredibly_enjoyable,13,11,2
pretty_excellent,13,13,0
totally_bad,13,13,0
even_creative,13,13,0
genuinely_hilarious,13,11,2
altogether_impossible,13,12,1
incredibly_alluring,13,4,9
financially_unstable,13,13,0
as_holy,13,7,6
even_fantastic,13,12,1
incredibly_ignorant,13,9,4
as_honorable,13,7,6
otherwise_unfair,13,13,0
even_chronic,13,13,0
otherwise_suspicious,13,13,0
publicly_visible,13,12,1
really_daunting,13,11,2
as_logical,13,8,5
really_irritating,13,8,5
too_vulgar,13,13,0
too_troublesome,13,13,0
rather_young,13,11,2
otherwise_unhappy,13,13,0
exceptionally_helpful,13,13,0
too_temporary,13,13,0
even_civil,13,13,0
partially_exempt,13,13,0
generally_accessible,13,12,1
pretty_sensitive,13,13,0
as_present,13,13,0
potentially_valuable,13,10,3
most_impossible,13,13,0
fully_independent,13,12,1
out_wide,13,13,0
pretty_severe,13,10,3
as_naughty,13,10,3
openly_supportive,13,13,0
even_clean,13,13,0
even_classic,13,13,0
totally_hot,13,12,1
pretty_satisfying,13,10,3
most_noble,13,12,1
rather_useful,13,7,6
quite_acceptable,13,12,1
practically_new,13,12,1
as_invisible,13,8,5
really_delighted,13,13,0
exceptionally_bright,13,12,1
really_lonely,13,13,0
always_grateful,13,12,1
otherwise_active,13,13,0
overly_simple,13,13,0
exceptionally_bad,13,12,1
most_offensive,13,13,0
incredibly_realistic,13,12,1
as_imprecise,13,2,11
provably_fair,13,13,0
even_crude,13,13,0
as_murky,13,13,0
really_ignorant,13,11,2
most_necessary,13,12,1
always_glad,13,13,0
overly_precious,13,11,2
as_plentiful,13,13,0
incredibly_disappointed,13,13,0
fully_comprehensive,13,13,0
incredibly_healthy,13,9,4
incredibly_quick,13,12,1
pretty_devastating,13,9,4
over_many,13,13,0
real_friendly,13,13,0
as_loose,13,10,3
too_irritating,13,12,1
provably_false,13,13,0
perfectly_simple,12,10,2
not_fashionable,12,12,0
maybe_second,12,12,0
so_fast-paced,12,11,1
deeply_immoral,12,2,10
so_humid,12,12,0
very_macho,12,10,2
as_disturbing,12,10,2
outright_bizarre,12,12,0
inherently_shameful,12,0,12
inherently_sinful,12,10,2
more_carefree,12,6,6
as_trustworthy,12,9,3
inherently_special,12,0,12
deeply_hostile,12,12,0
fairly_mild,12,12,0
so_fatigued,12,12,0
more_lush,12,6,6
not_faithful,12,12,0
deeply_frustrating,12,11,1
not_fake,12,11,1
prohibitively_costly,12,12,0
deeply_energetic,12,12,0
too_glossy,12,11,1
even_arbitrary,12,12,0
perfectly_pleasant,12,11,1
superficially_similar,12,9,3
fairly_ordinary,12,5,7
strangely_attractive,12,1,11
actually_harder,12,12,0
fundamentally_unjust,12,3,9
quite_liberal,12,11,1
just_jaded,12,12,0
highly_appealing,12,8,4
blatantly_untrue,12,9,3
even_apparent,12,12,0
suddenly_different,12,12,0
not_identifiable,12,12,0
as_suspicious,12,5,7
deeply_angry,12,10,2
perfectly_intact,12,11,1
as_susceptible,12,12,0
purely_sexual,12,8,4
mechanically_sound,12,11,1
quite_knowledgeable,12,11,1
more_digital,12,6,6
mechanically_wrong,12,6,6
truly_hilarious,12,7,5
not_immoral,12,12,0
slightly_sad,12,6,6
damn_great,12,10,2
very_unwell,12,12,0
quite_jarring,12,8,4
just_light,12,12,0
amazingly_awesome,12,8,4
so_fashionable,12,9,3
quite_loose,12,9,3
very_unselfish,12,10,2
slightly_interesting,12,6,6
so_sloppy,12,8,4
not_fatal,12,12,0
perfectly_ripe,12,12,0
truly_global,12,9,3
as_transformative,12,9,3
equally_vague,12,2,10
not_fertile,12,12,0
highly_educated,12,12,0
more_budget-friendly,12,5,7
so_slick,12,10,2
even_awe,12,12,0
not_fixable,12,11,1
otherwise_damaging,12,12,0
equally_vital,12,11,1
so_sleek,12,10,2
outright_harmful,12,12,0
highly_doubtful,12,11,1
purely_academic,12,11,1
highly_distinctive,12,11,1
also_fine,12,12,0
too_gimmicky,12,12,0
purely_abstract,12,6,6
actually_great,12,12,0
purely_scientific,12,8,4
not_gonna,12,12,0
otherwise_at-risk,12,12,0
especially_active,12,12,0
inherently_selfish,12,11,1
otherwise_good,12,12,0
outrageously_high,12,11,1
perhaps_non-existent,12,12,0
so_sympathetic,12,6,6
even_numb,12,12,0
not_complex,12,12,0
even_obnoxious,12,12,0
just_safer,12,12,0
very_uneven,12,11,1
fairly_benign,12,12,0
just_quirky,12,10,2
more_narrative,12,6,6
very_intensive,12,11,1
otherwise_satisfied,12,12,0
maybe_different,12,9,3
maybe_dead,12,12,0
fairly_bad,12,11,1
not_complicated,12,11,1
so_hazy,12,12,0
just_rusty,12,12,0
even_certain,12,12,0
certainly_different,12,11,1
just_reluctant,12,12,0
so_superior,12,12,0
definitely_afoot,12,12,0
very_unfriendly,12,11,1
so_heartfelt,12,5,7
very_inviting,12,5,7
maybe_hazardous,12,12,0
highly_reactive,12,12,0
as_deliberate,12,8,4
too_pretentious,12,12,0
otherwise_queer,12,12,0
perhaps_interested,12,10,2
as_current,12,12,0
not_central,12,11,1
otherwise_unlikely,12,12,0
perhaps_unlucky,12,12,0
too_protective,12,12,0
too_major,12,9,3
not_ashamed,12,12,0
even_cleaner,12,11,1
purely_economic,12,11,1
probably_happy,12,12,0
not_attentive,12,12,0
just_superb,12,12,0
unusually_low,12,12,0
more_contemptible,12,10,2
just_specific,12,10,2
simply_plain,12,12,0
so_threatening,12,7,5
as_less,12,6,6
still_tight,12,12,0
so_futile,12,7,5
just_sore,12,12,0
very_innocuous,12,4,8
too_fantastical,12,12,0
even_common,12,12,0
very_underwhelming,12,11,1
certainly_false,12,12,0
even_opaque,12,12,0
very_insensitive,12,11,1
perhaps_recyclable,12,12,0
fully_mature,12,8,4
always_amazing,12,12,0
truly_dead,12,12,0
so_gung,12,12,0
definitely_interested,12,4,8
surprisingly_complex,12,11,1
perhaps_informal,12,12,0
not_eternal,12,12,0
slightly_cool,12,11,1
slightly_curly,12,12,0
even_mischievous,12,12,0
fundamentally_good,12,3,9
otherwise_faulty,12,12,0
still_vacant,12,12,0
fundamentally_evil,12,9,3
more_mechanical,12,3,9
otherwise_unreachable,12,12,0
too_practical,12,11,1
even_misunderstood,12,12,0
still_unwilling,12,7,5
as_unhappy,12,12,0
suddenly_right,12,12,0
too_fluffy,12,11,1
deeply_misunderstood,12,11,1
so_final,12,2,10
maybe_red,12,12,0
perhaps_able,12,11,1
more_celebratory,12,2,10
highly_impractical,12,12,0
otherwise_wrong,12,12,0
too_linear,12,11,1
slightly_depressed,12,12,0
not_emotional,12,12,0
not_entertaining,12,12,0
slightly_disappointed,12,12,0
fundamentally_incompatible,12,9,3
slightly_disappointing,12,9,3
even_mild,12,12,0
slightly_disturbing,12,7,5
even_metaphysical,12,12,0
so_stable,12,8,4
very_tenuous,12,12,0
even_monstrous,12,10,2
deeply_symbolic,12,6,6
very_jarring,12,7,5
more_misleading,12,11,1
otherwise_unreasonable,12,12,0
very_thrilled,12,12,0
even_nationwide,12,12,0
equally_rare,12,9,3
simultaneously_true,12,12,0
truly_egregious,12,1,11
deeply_unfair,12,8,4
more_civilised,12,9,3
ultimately_accountable,12,12,0
fully_applicable,12,12,0
very_judgmental,12,11,1
so_stunned,12,12,0
even_blind,12,12,0
more_cute,12,8,4
purely_mechanical,12,7,5
just_political,12,12,0
so_historic,12,1,11
equally_rewarding,12,12,0
as_irresponsible,12,1,11
equally_right,12,12,0
fairly_fragile,12,2,10
so_forceful,12,10,2
not_corrupt,12,12,0
even_costly,12,12,0
quite_political,12,9,3
quite_polite,12,12,0
just_outstanding,12,12,0
fundamentally_disturbing,12,0,12
quite_irresistible,12,3,9
perfectly_delicious,12,10,2
as_naked,12,12,0
as_resilient,12,7,5
not_workable,12,12,0
too_one-sided,12,12,0
flatly_wrong,12,12,0
undeniably_charming,12,1,11
not_wonderful,12,12,0
particularly_hot,12,11,1
just_brutal,12,12,0
truly_possible,12,11,1
often_free,12,9,3
as_immense,12,4,8
so_chill,12,12,0
substantially_cheaper,12,11,1
genuinely_beautiful,12,2,10
not_vital,12,11,1
truly_phenomenal,12,3,9
grossly_overweight,12,11,1
overwhelmingly_supportive,12,11,1
undeniably_compelling,12,0,12
particularly_entertaining,12,10,2
grossly_ignorant,12,10,2
grossly_inadequate,12,11,1
quite_diverse,12,12,0
just_alright,12,12,0
more_groundbreaking,12,2,10
truly_tragic,12,5,7
quite_doable,12,10,2
virtually_absent,12,11,1
even_existential,12,11,1
so_collaborative,12,11,1
more_amiable,12,10,2
so_juicy,12,8,4
also_skilled,12,12,0
truly_transcendent,12,1,11
so_cheery,12,10,2
so_opinionated,12,12,0
as_frightening,12,11,1
extremely_young,12,12,0
not_traceable,12,10,2
often_present,12,11,1
more_historical,12,6,6
also_resistant,12,12,0
so_bulky,12,7,5
as_paranoid,12,4,8
so_drab,12,8,4
quite_exhausting,12,10,2
profoundly_ignorant,12,10,2
just_cooler,12,12,0
as_scarce,12,10,2
too_outdated,12,12,0
overtly_racist,12,12,0
quite_alright,12,12,0
more_hip,12,3,9
not_traditional,12,9,3
overwhelmingly_beautiful,12,7,5
as_patient,12,11,1
super_nervous,12,12,0
very_purposeful,12,10,2
broadly_popular,12,11,1
quite_empty,12,12,0
very_singular,12,4,8
even_hesitant,12,12,0
also_scared,12,12,0
overtly_religious,12,10,2
so_outspoken,12,9,3
not_untrue,12,12,0
undeniably_attractive,12,2,10
even_historic,12,7,5
too_ornate,12,10,2
so_carefree,12,11,1
very_shaky,12,11,1
too_naughty,12,9,3
too_grateful,12,12,0
more_grievous,12,10,2
particularly_american,12,2,10
always_interesting,12,12,0
so_misguided,12,11,1
very_ripe,12,12,0
undeniably_important,12,8,4
brilliantly_simple,12,8,4
particularly_awesome,12,2,10
more_faster,12,12,0
now_normal,12,10,2
as_hopeful,12,8,4
now_impossible,12,10,2
super_impressive,12,10,2
so_corny,12,7,5
very_retro,12,6,6
more_abusive,12,12,0
now_suspect,12,12,0
even_foolhardy,12,12,0
quite_complete,12,12,0
financially_insecure,12,12,0
morally_equivalent,12,11,1
morally_offensive,12,11,1
undeniably_powerful,12,2,10
obviously_drunk,12,10,2
quite_chilling,12,6,6
as_preposterous,12,3,9
more_female,12,10,2
now_underwater,12,12,0
morally_problematic,12,8,4
financially_illiterate,12,12,0
obviously_bad,12,9,3
truly_spiritual,12,4,8
particularly_accurate,12,12,0
now_underway,12,12,0
more_accepting,12,11,1
gratuitously_violent,12,11,1
even_generous,12,12,0
just_accidental,12,12,0
very_regular,12,11,1
jointly_responsible,12,12,0
quite_benign,12,10,2
so_comprehensive,12,7,5
so_devious,12,7,5
now_busy,12,12,0
too_inappropriate,12,10,2
quite_bitter,12,12,0
as_playful,12,10,2
genuinely_helpful,12,10,2
so_dim,12,11,1
genuinely_fun,12,7,5
more_expendable,12,10,2
so_compact,12,6,6
actually_relevant,12,8,4
visually_distinct,12,9,3
as_rational,12,6,6
as_graceful,12,7,5
quite_damaging,12,11,1
virtually_unprecedented,12,3,9
too_nerdy,12,12,0
mildly_disturbing,12,7,5
very_resilient,12,11,1
as_gracious,12,8,4
partially_accurate,12,12,0
greatly_beneficial,12,11,1
quite_bland,12,11,1
truly_rewarding,12,5,7
virtually_unchanged,12,12,0
mildly_curious,12,11,1
as_hurtful,12,10,2
so_lengthy,12,11,1
very_prepared,12,12,0
very_premature,12,12,0
as_scientific,12,10,2
as_flamboyant,12,5,7
not_optional,12,12,0
too_juvenile,12,12,0
not_online,12,12,0
more_irrational,12,10,2
too_hazardous,12,12,0
just_grumpy,12,12,0
so_indulgent,12,7,5
just_gullible,12,12,0
especially_excited,12,12,0
actually_incorrect,12,12,0
more_jewish,12,8,4
purely_symbolic,12,9,3
perfectly_accurate,12,11,1
only_part-time,12,12,0
as_steep,12,12,0
absolutely_terrific,12,10,2
so_relative,12,12,0
truly_willing,12,12,0
not_pink,12,12,0
super_careful,12,12,0
even_digital,12,12,0
not_progressive,12,12,0
not_private,12,12,0
as_notorious,12,4,8
even_internal,12,12,0
quite_horrifying,12,8,4
even_ironic,12,12,0
more_intelligible,12,9,3
more_intent,12,12,0
as_noteworthy,12,10,2
so_alone,12,12,0
so_regimented,12,12,0
very_nuanced,12,11,1
so_repugnant,12,4,8
only_related,12,9,3
as_neutral,12,5,7
more_less,12,12,0
absolutely_shocked,12,12,0
very_miserable,12,12,0
so_satisfied,12,11,1
decidedly_odd,12,2,10
perfectly_flat,12,12,0
just_impressed,12,12,0
medically_unfit,12,12,0
not_liberal,12,12,0
not_indigenous,12,9,3
higher_good,12,11,1
outright_stupid,12,12,0
slightly_surprised,12,12,0
outright_racist,12,12,0
damn_happy,12,12,0
slightly_unsettling,12,3,9
perfectly_equal,12,12,0
twice_weekly,12,12,0
even_deliberate,12,12,0
so_exaggerated,12,10,2
morally_depraved,12,10,2
more_bland,12,9,3
just_hopeful,12,12,0
over_qualified,12,12,0
perfectly_dry,12,12,0
especially_delicious,12,4,8
absolutely_silent,12,12,0
over_more,12,11,1
slightly_wet,12,11,1
mentally_defective,12,11,1
generally_aware,12,12,0
not_marketable,12,12,0
not_long,12,11,1
very_opposite,12,10,2
too_juicy,12,11,1
just_fortunate,12,12,0
as_outraged,12,12,0
as_sentimental,12,8,4
very_youthful,12,6,6
truly_monumental,12,3,9
more_astute,12,7,5
very_petite,12,11,1
particularly_shocking,12,7,5
truly_miraculous,12,0,12
always_safe,12,11,1
so_barbaric,12,3,9
quite_able,12,10,2
so_preoccupied,12,11,1
quite_functional,12,9,3
not_sexual,12,12,0
way_older,12,10,2
overly_suspicious,12,12,0
overly_tight,12,12,0
always_shocked,12,12,0
as_final,12,5,7
just_dangerous,12,12,0
even_hysterical,12,12,0
merely_ignorant,12,12,0
just_decent,12,12,0
as_seamless,12,11,1
gently_undulating,12,12,0
strictly_professional,12,12,0
as_overt,12,8,4
very_poisonous,12,12,0
so_intrusive,12,5,7
damn_tired,12,12,0
quite_fitting,12,8,4
particularly_prone,12,10,2
too_overweight,12,12,0
so_averse,12,7,5
not_sensible,12,11,1
as_social,12,8,4
more_inexperienced,12,12,0
only_appropriate,12,12,0
generally_offensive,12,12,0
overly_interested,12,11,1
even_informative,12,11,1
more_dull,12,9,3
more_inexcusable,12,11,1
so_engrossing,12,10,2
too_hip,12,11,1
very_outstanding,12,4,8
especially_impressive,12,10,2
mentally_unhinged,12,12,0
so_inflammatory,12,5,7
only_last,12,12,0
very_steady,12,9,3
just_famous,12,11,1
absolutely_unnecessary,12,8,4
more_electronic,12,4,8
super_secret,12,10,2
generally_uncomfortable,12,11,1
overly_rigid,12,12,0
generally_supportive,12,12,0
substantially_smaller,12,12,0
too_jarring,12,10,2
super_scary,12,10,2
quite_great,12,10,2
even_infamous,12,12,0
as_sleek,12,10,2
particularly_weak,12,12,0
damn_proud,12,12,0
not_reversible,12,12,0
not_returnable,12,12,0
even_abnormal,12,12,0
so_palpable,12,11,1
not_asleep,12,12,0
bitterly_funny,12,12,0
entirely_honest,12,10,2
less_ambiguous,12,9,3
possibly_third,12,12,0
very_disjointed,12,10,2
too_audible,12,12,0
less_american,12,10,2
possibly_true,12,12,0
terribly_flawed,12,11,1
rather_minor,12,7,5
rather_most,12,12,0
completely_handmade,12,12,0
completely_good,12,11,1
entirely_criminal,12,12,0
pretty_transparent,12,12,0
impossibly_expensive,12,12,0
less_partisan,12,5,7
terribly_ill,12,12,0
mostly_quiet,12,12,0
relatively_obvious,12,11,1
more_stiff,12,7,5
more_rhetorical,12,11,1
possibly_several,12,12,0
still_guilty,12,11,1
less_public,12,11,1
extraordinarily_expensive,12,11,1
more_solitary,12,10,2
very_dubious,12,10,2
already_capable,12,10,2
immensely_rewarding,12,7,5
much_interchangeable,12,12,0
more_splendid,12,8,4
even_unclear,12,12,0
even_unconstitutional,12,12,0
more_spooky,12,8,4
much_impossible,12,12,0
artificially_high,12,12,0
still_friendly,12,12,0
utterly_terrifying,12,7,5
entirely_impossible,12,9,3
less_awesome,12,7,5
rather_overwhelming,12,10,2
somehow_worse,12,8,4
downright_wacky,12,12,0
too_accommodating,12,12,0
most_typical,12,12,0
even_unstable,12,12,0
potentially_invasive,12,12,0
reasonably_related,12,11,1
almost_zero,12,12,0
even_untrue,12,12,0
potentially_misleading,12,11,1
less_obtrusive,12,2,10
about_loving,12,12,0
sometimes_green,12,12,0
still_disappointed,12,12,0
duly_impressed,12,12,0
less_chaotic,12,4,8
reasonably_comfortable,12,11,1
potentially_relevant,12,9,3
together_possible,12,12,0
very_cunning,12,11,1
rather_scary,12,8,4
pretty_thrilled,12,12,0
relatively_comfortable,12,11,1
relatively_familiar,12,11,1
too_alluring,12,10,2
too_stuffy,12,11,1
dramatically_better,12,7,5
explicitly_racist,12,11,1
rather_pleased,12,12,0
less_bitter,12,11,1
mostly_dependent,12,12,0
more_thematic,12,5,7
mostly_complete,12,12,0
completely_fair,12,12,0
along_great,12,11,1
less_old,12,12,0
too_adorable,12,11,1
completely_equal,12,12,0
wonderfully_new,12,2,10
very_eclectic,12,11,1
awfully_nice,12,10,2
relatively_unheard,12,3,9
completely_overwhelmed,12,11,1
even_solid,12,12,0
down_low,12,11,1
n't_competent,12,12,0
too_clunky,12,12,0
n't_compelling,12,12,0
n't_common,12,12,0
even_sophisticated,12,11,1
even_spooky,12,11,1
ideologically_pure,12,12,0
socially_desirable,12,11,1
more_sceptical,12,12,0
completely_possible,12,11,1
rather_disconcerting,12,9,3
technologically_sophisticated,12,11,1
extremely_charming,12,8,4
extremely_big,12,6,6
entirely_successful,12,12,0
n't_critical,12,12,0
more_rudimentary,12,7,5
extremely_deep,12,11,1
ridiculously_hot,12,11,1
ridiculously_talented,12,12,0
n't_exciting,12,12,0
less_touristy,12,3,9
totally_strange,12,6,6
entirely_valid,12,12,0
too_compelling,12,10,2
extremely_disappointing,12,12,0
extremely_desirable,12,11,1
ridiculously_bad,12,10,2
extremely_dependent,12,12,0
very_eye-opening,12,10,2
ridiculously_difficult,12,9,3
ridiculously_cute,12,10,2
already_impossible,12,10,2
all_nice,12,12,0
extremely_delicate,12,10,2
more_senseless,12,10,2
completely_outdated,12,12,0
too_blatant,12,12,0
even_suitable,12,12,0
immediately_useful,12,10,2
politically_possible,12,9,3
very_elemental,12,3,9
even_tiny,12,12,0
even_tough,12,12,0
completely_modern,12,4,8
politically_volatile,12,12,0
less_receptive,12,12,0
completely_miserable,12,11,1
solely_interested,12,11,1
too_solid,12,12,0
wonderfully_clear,12,10,2
entirely_necessary,12,11,1
completely_mad,12,11,1
downright_lazy,12,12,0
downright_mad,12,12,0
downright_magical,12,5,7
legally_permissible,12,12,0
even_thin,12,12,0
too_bumpy,12,12,0
less_sensational,12,6,6
extremely_appreciative,12,12,0
very_entrepreneurial,12,12,0
completely_okay,12,12,0
completely_offline,12,11,1
much_wrong,12,9,3
all_safe,12,10,2
too_significant,12,10,2
less_selfish,12,10,2
politically_naive,12,12,0
politically_damaging,12,11,1
much_wealthier,12,9,3
too_sketchy,12,11,1
immediately_recognisable,12,12,0
too_skimpy,12,11,1
completely_nonsensical,12,8,4
downright_gorgeous,12,12,0
very_crafty,12,12,0
most_sophisticated,12,12,0
rather_surreal,12,9,3
very_biblical,12,10,2
pretty_dreadful,12,8,4
most_boring,12,12,0
around_best,12,12,0
most_honest,12,11,1
pretty_questionable,12,12,0
really_distinct,12,7,5
still_amazing,12,12,0
incredibly_vague,12,11,1
less_extravagant,12,2,10
exceptionally_clean,12,11,1
really_racist,12,9,3
really_endearing,12,3,9
less_fashionable,12,10,2
else_stupid,12,0,12
very_blatant,12,11,1
pretty_fit,12,12,0
almost_primal,12,0,12
exceptionally_high,12,12,0
incredibly_young,12,8,4
pretty_dismal,12,11,1
pretty_critical,12,8,4
pretty_slick,12,11,1
less_distinct,12,12,0
most_lasting,12,11,1
very_catholic,12,9,3
most_intimidating,12,12,0
still_bad,12,12,0
that_concerned,12,12,0
pretty_damned,12,9,3
most_awesome,12,12,0
pretty_shitty,12,12,0
very_cagey,12,11,1
about_bigger,12,12,0
really_constructive,12,4,8
really_convenient,12,11,1
really_cruel,12,7,5
really_dear,12,3,9
somewhat_tenuous,12,3,9
really_exotic,12,3,9
pretty_soft,12,12,0
really_eye-catching,12,2,10
soooo_good,12,12,0
really_obnoxious,12,7,5
really_novel,12,5,7
really_normal,12,10,2
abnormally_fast,12,12,0
clearly_legible,12,12,0
really_modern,12,1,11
really_impossible,12,10,2
that_significant,12,7,5
clearly_illegal,12,11,1
most_egregious,12,11,1
really_massive,12,4,8
clearly_drunk,12,12,0
pretty_limited,12,12,0
architecturally_significant,12,9,3
incredibly_scary,12,9,3
less_guilty,12,10,2
most_dear,12,4,8
less_honorable,12,8,4
most_daring,12,12,0
very_akin,12,1,11
almost_incomprehensible,12,8,4
basically_fine,12,12,0
pretty_goofy,12,12,0
less_hostile,12,7,5
really_fair,12,10,2
most_frightening,12,11,1
really_petty,12,1,11
that_nice,12,12,0
most_fitting,12,11,1
incredibly_mundane,12,6,6
most_corrupt,12,12,0
then_available,12,12,0
almost_instant,12,11,1
most_crowded,12,12,0
very_banal,12,7,5
really_full,12,11,1
beautifully_different,12,8,4
really_skeptical,12,12,0
enormously_grateful,12,12,0
sometimes_wrong,12,12,0
incredibly_amazing,12,6,6
almost_unique,12,4,8
pretty_superficial,12,10,2
thoroughly_satisfied,12,12,0
real_quick,12,9,3
more_unnecessary,12,12,0
too_thrilled,12,12,0
even_whole,12,12,0
really_unhealthy,12,5,7
real_smooth,12,9,3
emotionally_sensitive,12,12,0
easily_transferable,12,12,0
still_common,12,11,1
too_tiring,12,11,1
about_fast,12,12,0
most_poignant,12,12,0
emotionally_numb,12,12,0
pretty_abstract,12,11,1
totally_harmless,12,7,5
more_unforgivable,12,9,3
easily_detectable,12,12,0
most_senior,12,10,2
very_correct,12,11,1
rather_thin,12,12,0
rather_trivial,12,7,5
even_vintage,12,12,0
practically_invisible,12,12,0
chronically_sick,12,12,0
practically_naked,12,12,0
totally_healthy,12,12,0
most_risky,12,12,0
very_contentious,12,11,1
rather_worse,12,6,6
wonderfully_round,12,12,0
completely_compatible,12,9,3
most_reluctant,12,12,0
practically_useless,12,12,0
barely_functional,12,12,0
very_compatible,12,12,0
somewhat_entertaining,12,12,0
really_traumatic,12,4,8
pretty_strict,12,12,0
pretty_stressful,12,11,1
more_wasteful,12,12,0
really_stuck,12,12,0
really_stubborn,12,12,0
pretty_broad,12,12,0
emotionally_complex,12,7,5
really_stoked,12,12,0
economically_significant,12,10,2
too_unaware,12,12,0
incredibly_dull,12,10,2
really_sore,12,12,0
almost_everyday,12,9,3
incredibly_elaborate,12,9,3
very_cheesy,12,11,1
really_catchy,12,9,3
clearly_angry,12,12,0
more_visionary,12,6,6
economically_independent,12,12,0
pretty_stunning,12,9,3
very_coherent,12,11,1
still_clean,12,11,1
incredibly_clever,12,7,5
really_admirable,12,2,10
most_physical,12,12,0
incredibly_common,12,7,5
really_thankful,12,12,0
thoroughly_dry,12,12,0
less_cumbersome,12,6,6
emotionally_devastating,12,12,0
excessively_dry,12,12,0
around_healthier,12,12,0
really_tempting,12,8,4
pretty_athletic,12,11,1
excessively_costly,12,12,0
emotionally_distraught,12,12,0
incredibly_deep,12,11,1
right_good,12,12,0
positively_harmful,12,12,0
simply_hilarious,12,12,0
plain_ineffective,12,12,0
so_untrue,12,10,2
hopelessly_outdated,12,12,0
simply_funny,12,11,1
too_distraught,12,12,0
absolutely_dreadful,12,11,1
too_evil,12,12,0
biologically_active,12,12,0
plain_dead,12,12,0
plain_interested,12,12,0
sexually_excited,12,11,1
seemingly_perfect,12,5,7
more_orange,12,11,1
kinda_wonderful,12,12,0
quite_worthy,12,11,1
nearly_smooth,12,12,0
inherently_comforting,12,0,12
usually_correct,12,12,0
seemingly_straightforward,12,2,10
simply_flat,12,11,1
deliciously_evil,12,6,6
quite_whimsical,12,12,0
equally_horrific,12,4,8
so_unimaginable,12,3,9
extremely_spacious,12,12,0
n't_unusual,12,12,0
too_exclusive,12,11,1
desperately_short,12,11,1
absolutely_central,12,10,2
n't_memorable,12,12,0
still_soft,12,12,0
extremely_scary,12,10,2
already_overcrowded,12,12,0
as_committed,12,7,5
seemingly_irrational,12,11,1
n't_unique,12,12,0
probably_closer,12,11,1
inherently_difficult,12,7,5
truly_american,12,5,7
utterly_delightful,12,10,2
very_good-looking,12,9,3
equally_awful,12,8,4
usually_genuine,12,12,0
even_poignant,12,7,5
plain_irritating,12,12,0
still_original,12,12,0
utterly_crazy,12,6,6
sexually_inexperienced,12,12,0
sexually_immoral,12,12,0
as_badass,12,4,8
very_greedy,12,12,0
simply_evil,12,12,0
more_punitive,12,6,6
equally_inane,12,2,10
too_dishonest,12,12,0
nearly_worthless,12,12,0
simply_disinterested,12,12,0
totally_unsuitable,12,7,5
already_vacant,12,12,0
simply_difficult,12,12,0
extremely_silly,12,11,1
kinda_hard,12,12,0
tremendously_valuable,12,6,6
manifestly_unfair,12,12,0
sexually_arousing,12,10,2
completely_surreal,12,6,6
utterly_absurd,12,9,3
n't_straight,12,12,0
more_pronounced,12,9,3
so_unjust,12,8,4
as_cliched,12,5,7
however_high,12,8,4
nearly_unrecognizable,12,8,4
extremely_keen,12,12,0
severely_debilitating,12,12,0
nearly_unanimous,12,12,0
directly_dependent,12,12,0
totally_valid,12,12,0
directly_interested,12,11,1
equally_clear,12,11,1
too_energetic,12,11,1
seemingly_worthless,12,10,2
simply_clueless,12,12,0
even_sadder,12,8,4
even_redundant,12,11,1
extremely_minor,12,9,3
quite_superficial,12,10,2
utterly_captivating,12,7,5
totally_unreasonable,12,9,3
even_reluctant,12,12,0
n't_reasonable,12,12,0
necessarily_desirable,12,12,0
truly_admirable,12,6,6
n't_representative,12,12,0
wildly_inventive,12,7,5
quite_strenuous,12,12,0
plain_happy,12,12,0
plain_entertaining,12,12,0
completely_unusual,12,1,11
directly_opposite,12,11,1
too_crunchy,12,12,0
equally_deadly,12,9,3
still_solid,12,12,0
utterly_disgusting,12,6,6
desperately_afraid,12,11,1
too_conventional,12,11,1
environmentally_unfriendly,12,11,1
materially_prejudicial,12,12,0
more_personalized,12,1,11
hugely_exciting,12,7,5
completely_unplanned,12,6,6
hugely_excited,12,12,0
quite_typical,12,7,5
sharply_lower,12,12,0
extremely_fascinating,12,7,5
not_absolute,12,12,0
too_cramped,12,12,0
kinda_bad,12,12,0
more_personable,12,5,7
secretly_jealous,12,12,0
wildly_romantic,12,8,4
more_residential,12,7,5
too_drastic,12,11,1
n't_intuitive,12,12,0
sadly_mistaken,12,12,0
environmentally_destructive,12,12,0
less_typical,12,5,7
extremely_weird,12,8,4
more_pivotal,12,10,2
completely_unintentional,12,12,0
extremely_vocal,12,12,0
romantically_involved,12,10,2
too_satisfied,12,11,1
truly_catastrophic,12,2,10
more_restful,12,4,8
completely_uninformed,12,11,1
quite_touching,12,12,0
near_empty,12,12,0
still_runny,12,12,0
n't_friendly,12,12,0
totally_transparent,12,11,1
justifiably_concerned,12,12,0
seemingly_arbitrary,12,12,0
so_troubling,12,8,4
less_troublesome,12,9,3
still_sore,12,12,0
n't_kind,12,12,0
too_reckless,12,11,1
so_uncommon,12,7,5
plain_miserable,12,12,0
quite_tangible,12,4,8
completely_simple,12,8,4
too_racy,12,11,1
extremely_overwhelming,12,11,1
as_astute,12,1,11
similarly_significant,12,10,2
simply_inconvenient,12,12,0
equally_adorable,12,10,2
as_wondrous,12,6,6
plain_naive,12,12,0
simply_inadequate,12,12,0
amazingly_simple,12,9,3
somewhat_confused,11,11,0
lovingly_handmade,11,11,0
completely_accidental,11,10,1
totally_excited,11,11,0
totally_exclusive,11,11,0
as_inconspicuous,11,2,9
tremendously_successful,11,11,0
wonderfully_strange,11,5,6
extremely_protective,11,11,0
physically_larger,11,10,1
considerably_shorter,11,9,2
very_weighty,11,0,11
absolutely_mesmerizing,11,6,5
so_sterile,11,10,1
less_creepy,11,2,9
completely_unqualified,11,8,3
as_impersonal,11,1,10
interestingly_high,11,11,0
extremely_private,11,7,4
less_literal,11,5,6
psychologically_healthy,11,11,0
more_aloof,11,11,0
overly_idealistic,11,11,0
just_real,11,9,2
intimately_aware,11,10,1
still_black,11,11,0
pretty_subjective,11,10,1
excessively_heavy,11,11,0
as_indecisive,11,4,7
just_popular,11,11,0
even_existent,11,11,0
perhaps_fantastic,11,11,0
still_confident,11,11,0
pretty_absurd,11,11,0
pretty_adamant,11,11,0
as_inconsistent,11,7,4
extremely_selective,11,11,0
pretty_black,11,10,1
even_proper,11,10,1
as_immersive,11,8,3
so_insubstantial,11,3,8
extremely_remote,11,7,4
so_invisible,11,8,3
perhaps_different,11,10,1
very_wicked,11,4,7
somewhat_closer,11,10,1
even_moreso,11,10,1
too_tolerant,11,11,0
overly_soft,11,11,0
fairly_general,11,10,1
probably_okay,11,11,0
pretty_bored,11,11,0
extremely_secure,11,10,1
probably_new,11,9,2
absolutely_miserable,11,10,1
too_reasonable,11,11,0
apparently_wrong,11,7,4
even_young,11,11,0
so_instant,11,11,0
more_analogous,11,6,5
apparently_willing,11,10,1
more_asian,11,6,5
overly_personal,11,11,0
painfully_apparent,11,9,2
as_inclusive,11,8,3
very_whimsical,11,9,2
more_anonymous,11,8,3
overly_polite,11,11,0
too_prescriptive,11,10,1
pretty_ambitious,11,6,5
so_striking,11,9,2
less_deep,11,10,1
more_antagonistic,11,8,3
just_present,11,11,0
physically_threatening,11,8,3
somewhat_complex,11,10,1
less_cruel,11,11,0
just_huge,11,11,0
pretty_shallow,11,10,1
so_suggestive,11,11,0
amazingly_sexy,11,8,3
physically_absent,11,11,0
pretty_hardcore,11,11,0
totally_arbitrary,11,9,2
massively_popular,11,11,0
otherwise_unused,11,11,0
even_conventional,11,11,0
still_theoretical,11,11,0
pretty_frantic,11,11,0
otherwise_unstable,11,11,0
abnormally_large,11,11,0
pretty_modest,11,11,0
otherwise_unresponsive,11,11,0
pretty_hefty,11,10,1
exceedingly_polite,11,11,0
just_solid,11,11,0
so_understated,11,9,2
actually_active,11,10,1
extremely_tender,11,11,0
otherwise_valuable,11,11,0
maybe_black,11,11,0
pretty_narrow,11,11,0
extremely_surprised,11,11,0
pretty_green,11,11,0
just_unfortunate,11,11,0
clinically_important,11,10,1
otherwise_worth,11,11,0
as_intrusive,11,6,5
pretty_fuzzy,11,11,0
completely_wild,11,5,6
as_credible,11,4,7
too_professional,11,10,1
maybe_bad,11,11,0
even_confidential,11,11,0
pretty_mediocre,11,10,1
very_underweight,11,11,0
startlingly_new,11,0,11
as_corny,11,4,7
fully_familiar,11,10,1
clearly_excited,11,11,0
currently_offline,11,11,0
so_tolerant,11,11,0
so_tiring,11,11,0
pretty_irrelevant,11,11,0
personally_important,11,3,8
even_comforting,11,8,3
pretty_involved,11,11,0
even_passable,11,11,0
wholly_unnecessary,11,11,0
clearly_intentional,11,11,0
so_timid,11,10,1
absolutely_horrific,11,10,1
even_passionate,11,11,0
less_hectic,11,6,5
clearly_interested,11,10,1
too_voluminous,11,11,0
perhaps_unsuitable,11,0,11
spectacularly_successful,11,10,1
more_communal,11,5,6
too_vocal,11,11,0
pretty_ignorant,11,10,1
totally_alone,11,10,1
certainly_important,11,11,0
too_matte,11,11,0
actually_aware,11,11,0
pretty_hostile,11,10,1
very_unprofessional,11,10,1
pretty_fine,11,11,0
overly_greasy,11,11,0
less_dry,11,9,2
pretty_sketchy,11,9,2
so_symbolic,11,3,8
pretty_crowded,11,11,0
pretty_crucial,11,5,6
so_indifferent,11,9,2
less_intuitive,11,10,1
always_cool,11,10,1
even_pleasurable,11,11,0
even_delicious,11,11,0
typically_available,11,10,1
even_portable,11,11,0
completely_bald,11,10,1
about_better,11,11,0
even_objectionable,11,11,0
overly_careful,11,11,0
still_silent,11,10,1
truly_wondrous,11,0,11
subtly_wrong,11,6,5
psychologically_unstable,11,11,0
still_unexplored,11,11,0
very_vigilant,11,11,0
less_liable,11,11,0
tremendously_supportive,11,11,0
less_different,11,4,7
even_newsworthy,11,11,0
overly_earnest,11,9,2
too_unclear,11,11,0
truly_dramatic,11,4,7
as_cliche,11,5,6
less_liquid,11,9,2
truly_vile,11,5,6
pretty_shaky,11,11,0
pretty_darned,11,9,2
more_boisterous,11,7,4
extremely_solid,11,8,3
somewhat_supportive,11,11,0
pretty_personal,11,10,1
even_offline,11,11,0
outright_criminal,11,11,0
pretty_plain,11,11,0
pretty_empty,11,11,0
amazingly_low,11,11,0
less_independent,11,10,1
totally_correct,11,11,0
very_unsuccessful,11,10,1
even_obsessed,11,10,1
so_immoral,11,2,9
somewhat_reminiscent,11,9,2
too_unpopular,11,11,0
so_impersonal,11,8,3
around_delicious,11,11,0
somewhat_questionable,11,9,2
maybe_easier,11,11,0
so_implausible,11,9,2
outright_offensive,11,11,0
ever_popular,11,11,0
just_unknown,11,11,0
pretty_rotten,11,8,3
too_unhealthy,11,11,0
widely_applicable,11,9,2
more_bothersome,11,8,3
around_cool,11,11,0
somewhat_mysterious,11,10,1
truly_alien,11,1,10
pretty_desperate,11,8,3
completely_awful,11,7,4
tragically_familiar,11,9,2
even_modest,11,11,0
just_disappointing,11,11,0
truly_monstrous,11,2,9
legally_problematic,11,10,1
way_faster,11,11,0
just_distracting,11,11,0
truly_hard,11,9,2
brutally_effective,11,11,0
even_immediate,11,11,0
totally_unheard,11,0,11
less_ridiculous,11,3,8
as_ferocious,11,6,5
socially_undesirable,11,10,1
way_cool,11,10,1
even_loving,11,11,0
maybe_worried,11,11,0
extraordinarily_talented,11,11,0
as_earnest,11,7,4
just_exciting,11,10,1
completely_numb,11,11,0
truly_majestic,11,1,10
too_showy,11,11,0
completely_sincere,11,10,1
too_pleasant,11,11,0
as_faithful,11,11,0
perfectly_lovely,11,11,0
even_tedious,11,11,0
so_shoddy,11,7,4
particularly_stressful,11,7,4
continuously_available,11,11,0
extremely_glad,11,10,1
still_ignorant,11,11,0
even_incapable,11,11,0
largely_ineffective,11,11,0
so_warmer,11,11,0
less_recognizable,11,7,4
even_sarcastic,11,11,0
just_clumsy,11,11,0
possibly_carcinogenic,11,11,0
less_precious,11,4,7
completely_inexperienced,11,6,5
wonderfully_evocative,11,9,2
far_nastier,11,2,9
just_low,11,11,0
so_overpriced,11,9,2
even_illogical,11,11,0
so_overgrown,11,11,0
even_unbelievable,11,11,0
as_foundational,11,1,10
as_barbaric,11,3,8
about_relaxing,11,10,1
possibly_older,11,9,2
less_profound,11,6,5
strictly_voluntary,11,11,0
completely_irresponsible,11,9,2
just_tedious,11,11,0
less_quantifiable,11,2,9
fairly_nice,11,7,4
just_lousy,11,11,0
merely_incompetent,11,11,0
totally_missing,11,10,1
politically_weak,11,11,0
so_sketchy,11,10,1
still_passionate,11,10,1
perfectly_quiet,11,10,1
less_rational,11,10,1
even_trickier,11,10,1
as_fiery,11,10,1
literally_right,11,11,0
totally_perfect,11,8,3
even_secret,11,11,0
even_explosive,11,11,0
completely_realistic,11,7,4
absolutely_bad,11,10,1
fairly_radical,11,6,5
fairly_steep,11,11,0
largely_true,11,10,1
less_vital,11,8,3
truly_insane,11,6,5
even_soft,11,11,0
largely_unchanged,11,11,0
strangely_similar,11,8,3
mentally_sick,11,11,0
extremely_fair,11,10,1
just_giddy,11,11,0
willfully_obtuse,11,11,0
less_white,11,6,5
socially_beneficial,11,10,1
perfectly_fair,11,11,0
lightly_armed,11,11,0
less_terrifying,11,4,7
previously_undiscovered,11,9,2
too_physical,11,11,0
mentally_competent,11,10,1
even_late,11,11,0
perfectly_calm,11,11,0
largely_unheard,11,7,4
strangely_quiet,11,11,0
truly_innocent,11,10,1
fairly_smooth,11,11,0
less_tedious,11,8,3
less_sustainable,11,10,1
extremely_destructive,11,11,0
still_murky,11,11,0
peculiarly_american,11,3,8
fairly_tame,11,8,3
as_ethereal,11,3,8
even_intimate,11,10,1
even_inferior,11,11,0
fairly_useful,11,9,2
still_obsessed,11,10,1
particularly_worried,11,11,0
even_suggestive,11,11,0
always_special,11,6,5
completely_outlandish,11,7,4
even_literary,11,10,1
just_gay,11,11,0
totally_possible,11,10,1
politically_advantageous,11,10,1
less_sharp,11,11,0
probably_unaware,11,11,0
even_surreal,11,10,1
totally_plain,11,2,9
extremely_basic,11,7,4
less_social,11,11,0
less_solid,11,5,6
extremely_brief,11,11,0
merely_adequate,11,11,0
so_questionable,11,9,2
as_exceptional,11,5,6
absolutely_unbelievable,11,7,4
plain_white,11,11,0
plain_useful,11,11,0
even_standard,11,11,0
truly_honest,11,9,2
patently_illegal,11,9,2
medically_reversible,11,11,0
completely_quiet,11,10,1
as_elemental,11,2,9
patently_obvious,11,7,4
always_popular,11,9,2
just_classic,11,10,1
pretty_unhappy,11,11,0
maybe_recyclable,11,11,0
so_merry,11,10,1
potentially_revolutionary,11,5,6
so_mellow,11,10,1
fairly_insignificant,11,7,4
still_reliant,11,11,0
even_verbal,11,11,0
longer_practical,11,11,0
even_minimal,11,11,0
potentially_significant,11,8,3
completely_correct,11,10,1
exclusively_male,11,11,0
too_tame,11,11,0
as_capricious,11,6,5
extremely_possessive,11,11,0
too_taboo,11,10,1
minimally_effective,11,11,0
plain_gross,11,11,0
chronically_depressed,11,11,0
even_full-time,11,11,0
particularly_awful,11,3,8
totally_incomprehensible,11,6,5
mildly_positive,11,9,2
mildly_surprised,11,11,0
potentially_malicious,11,8,3
strongly_reminiscent,11,11,0
totally_impressed,11,11,0
potentially_positive,11,9,2
probably_ready,11,11,0
plain_cheap,11,11,0
potentially_present,11,11,0
less_cautious,11,10,1
kinda_crazy,11,9,2
financially_literate,11,11,0
as_hideous,11,2,9
truly_sublime,11,2,9
completely_benign,11,7,4
too_terrifying,11,9,2
so_literal,11,8,3
so_likely,11,10,1
even_wearable,11,11,0
around_mannered,11,11,0
physically_weaker,11,9,2
too_nebulous,11,11,0
completely_consensual,11,11,0
so_laughable,11,9,2
extremely_pricey,11,10,1
truly_exotic,11,1,10
painfully_difficult,11,11,0
classically_beautiful,11,10,1
perhaps_big,11,11,0
even_wealthy,11,11,0
completely_brilliant,11,7,4
prohibitively_high,11,11,0
around_more,11,9,2
around_ok,11,11,0
partially_empty,11,11,0
extremely_precious,11,1,10
so_unselfish,11,10,1
even_quiet,11,11,0
less_confused,11,8,3
partially_free,11,11,0
financially_sustainable,11,9,2
wholly_absent,11,11,0
partially_intact,11,11,0
absolutely_obsessed,11,10,1
critically_acclaimed,11,9,2
even_vulnerable,11,11,0
so_monotonous,11,8,3
too_surprising,11,9,2
extremely_misleading,11,11,0
so_numb,11,11,0
completely_human,11,8,3
just_minor,11,11,0
particularly_heartbreaking,11,0,11
particularly_harmful,11,10,1
extremely_insightful,11,10,1
less_patriotic,11,9,2
still_preliminary,11,11,0
particularly_enjoyable,11,9,2
extremely_intricate,11,11,0
fiendishly_difficult,11,11,0
too_reticent,11,11,0
even_unintentional,11,11,0
apparently_related,11,10,1
longer_compatible,11,10,1
perfectly_round,11,11,0
even_riskier,11,7,4
long_extinct,11,9,2
just_blue,11,11,0
extremely_informative,11,11,0
too_static,11,10,1
even_manipulative,11,11,0
logistically_challenging,11,11,0
so_opaque,11,10,1
even_undetectable,11,11,0
too_stark,11,11,0
completely_strange,11,8,3
just_magnificent,11,11,0
plain_greedy,11,11,0
even_underweight,11,11,0
less_affordable,11,11,0
less_polished,11,4,7
even_unjust,11,11,0
somehow_unworthy,11,10,1
always_kind,11,11,0
less_brilliant,11,6,5
as_distasteful,11,4,7
mildly_depressed,11,9,2
wildly_expensive,11,10,1
so_musical,11,10,1
fairly_likely,11,11,0
potentially_infectious,11,10,1
so_muddled,11,10,1
less_overt,11,8,3
even_gentle,11,10,1
maybe_scared,11,11,0
potentially_interested,11,10,1
particularly_complicated,11,10,1
so_sour,11,10,1
completely_disinterested,11,10,1
completely_exclusive,11,9,2
even_unofficial,11,11,0
mildly_critical,11,7,4
just_negative,11,11,0
about_much,11,7,4
particularly_cruel,11,7,4
as_bloody,11,11,0
even_republican,11,11,0
absolutely_phenomenal,11,7,4
explicitly_religious,11,11,0
as_glorious,11,4,7
particularly_desirable,11,8,3
so_smitten,11,11,0
any_bigger,11,10,1
completely_superfluous,11,10,1
consistently_great,11,10,1
truly_relevant,11,6,5
intensely_painful,11,9,2
purposely_misleading,11,11,0
otherwise_unappealing,11,11,0
up_high,11,10,1
equally_mysterious,11,6,5
as_wacky,11,4,7
highly_viscous,11,11,0
as_wet,11,9,2
unusually_tall,11,10,1
not_actionable,11,11,0
also_apparent,11,7,4
simply_key,11,11,0
unusually_tired,11,11,0
very_incredible,11,2,9
non_toxic,11,10,1
equally_legitimate,11,11,0
highly_unique,11,4,7
simply_inevitable,11,11,0
as_worse,11,10,1
no_closer,11,11,0
simply_incomprehensible,11,11,0
very_impractical,11,10,1
as_yummy,11,4,7
bitingly_funny,11,11,0
too_expansive,11,11,0
quite_spacious,11,11,0
simply_guilty,11,11,0
needlessly_complex,11,11,0
simply_negligent,11,11,0
simply_nostalgic,11,11,0
innately_satisfying,11,0,11
quite_restrictive,11,11,0
highly_respected,11,8,3
simply_unfamiliar,11,11,0
quite_relaxing,11,6,5
inherently_inferior,11,5,6
more_native,11,3,8
definitely_excited,11,9,2
not_commercial,11,11,0
more_nauseating,11,11,0
quite_reminiscent,11,9,2
simply_superb,11,10,1
quite_resistant,11,11,0
very_insignificant,11,8,3
simply_old,11,11,0
highly_sympathetic,11,10,1
highly_theoretical,11,11,0
simply_short,11,11,0
more_nice,11,7,4
definitely_related,11,11,0
more_niche,11,6,5
simply_random,11,11,0
more_nightmarish,11,4,7
equally_obsessed,11,8,3
also_brilliant,11,11,0
too_fair,11,11,0
very_idyllic,11,11,0
surprisingly_small,11,10,1
too_ephemeral,11,11,0
seriously_good,11,7,4
n't_thrilled,11,11,0
very_grave,11,5,6
too_disorganized,11,11,0
severely_retarded,11,10,1
more_pressing,11,0,11
more_promiscuous,11,10,1
very_gifted,11,9,2
too_determined,11,10,1
already_right,11,11,0
equally_correct,11,11,0
already_rich,11,10,1
equally_cool,11,3,8
simply_delusional,11,11,0
more_quantitative,11,5,6
n't_responsive,11,11,0
utterly_banal,11,3,8
quite_vivid,11,10,1
infinitely_bigger,11,2,9
seriously_awesome,11,5,6
quite_wary,11,11,0
n't_quick,11,11,0
n't_productive,11,11,0
already_predisposed,11,8,3
technically_amazing,11,8,3
more_predisposed,11,11,0
n't_tough,11,11,0
sexually_interested,11,11,0
sexually_modest,11,11,0
very_hypocritical,11,10,1
nearly_tender,11,11,0
nearly_silent,11,11,0
quite_sympathetic,11,9,2
usually_happy,11,10,1
very_holy,11,3,8
nearly_homeless,11,11,0
more_permissive,11,10,1
very_hilly,11,11,0
inherently_amusing,11,0,11
nearly_absent,11,11,0
more_picturesque,11,7,4
significantly_faster,11,11,0
naturally_curly,11,11,0
too_dreadful,11,8,3
more_poor,11,10,1
n't_weird,11,11,0
equally_fantastic,11,9,2
equally_familiar,11,8,3
equally_false,11,11,0
sexually_related,11,10,1
all_confused,11,11,0
n't_usable,11,11,0
very_introspective,11,9,2
very_introverted,11,11,0
more_moving,11,5,6
more_libertarian,11,10,1
especially_disturbing,11,6,5
also_lucky,11,11,0
quite_influential,11,10,1
slyly_funny,11,10,1
too_gullible,11,11,0
very_moist,11,11,0
not_mindful,11,11,0
not_likeable,11,11,0
not_legit,11,11,0
not_islamic,11,11,0
very_minimalist,11,10,1
very_methodical,11,10,1
slightly_off-putting,11,7,4
slightly_ridiculous,11,8,3
decidedly_wrong,11,6,5
slightly_red,11,11,0
deeply_afraid,11,11,0
more_light,11,5,6
more_lighter,11,10,1
quite_late,11,11,0
deeply_attractive,11,5,6
slightly_painful,11,11,0
blatantly_unconstitutional,11,10,1
very_meditative,11,2,9
especially_effective,11,11,0
especially_egregious,11,8,3
uniquely_compelling,11,3,8
more_irresponsible,11,8,3
so_better,11,10,1
not_skinny,11,10,1
so_beholden,11,11,0
quite_frustrated,11,11,0
not_silly,11,9,2
as_shocking,11,11,0
hard_enough,11,9,2
too_hopeful,11,11,0
not_renewable,11,11,0
so_applicable,11,9,2
also_organic,11,11,0
more_infamous,11,8,3
super_small,11,9,2
more_inflammatory,11,8,3
also_ok,11,11,0
so_amorphous,11,6,5
very_off-putting,11,4,7
very_off,11,11,0
very_obese,11,11,0
especially_grateful,11,11,0
so_adventurous,11,6,5
more_irregular,11,9,2
very_needy,11,9,2
too_gooey,11,11,0
not_grim,11,10,1
surprisingly_different,11,7,4
deeply_shocking,11,8,3
quite_outspoken,11,11,0
as_unfair,11,9,2
equally_suitable,11,9,2
blatantly_discriminatory,11,8,3
deeply_philosophical,11,8,3
also_eager,11,11,0
not_dependable,11,11,0
not_criminal,11,11,0
more_merciful,11,8,3
more_meritorious,11,10,1
unreasonably_burdensome,11,11,0
not_conversant,11,8,3
slightly_off,11,9,2
highly_prevalent,11,11,0
more_minimalistic,11,4,7
also_delicious,11,11,0
highly_prone,11,11,0
very_japanese,11,1,10
not_congruent,11,11,0
very_irritated,11,11,0
quite_quirky,11,8,3
simply_weak,11,11,0
equally_problematic,11,8,3
quite_raw,11,10,1
highly_infectious,11,9,2
quite_optimistic,11,11,0
not_dumb,11,11,0
deeply_mysterious,11,4,7
highly_conceptual,11,11,0
deeply_committed,11,5,6
not_golden,11,11,0
not_germane,11,9,2
deeply_curious,11,10,1
equally_viable,11,10,1
not_feminist,11,11,0
inherently_suspicious,11,6,5
not_favourable,11,11,0
blatantly_offensive,11,7,4
not_fat,11,11,0
quite_miraculous,11,4,7
not_false,11,11,0
slightly_fewer,11,11,0
unnecessarily_burdensome,11,11,0
deeply_insightful,11,8,3
deeply_inspiring,11,4,7
deeply_intimate,11,2,9
not_exact,11,10,1
unnecessarily_difficult,11,10,1
more_marginal,11,8,3
quite_notable,11,9,2
as_uncontrollable,11,3,8
seemingly_meaningless,11,5,6
equally_aware,11,11,0
automatically_available,11,11,0
really_tender,11,9,2
indeed_necessary,11,11,0
real_stupid,11,4,7
incredibly_bright,11,10,1
indeed_many,11,9,2
more_untenable,11,11,0
really_accurate,11,10,1
really_adventurous,11,8,3
barely_intelligible,11,7,4
very_collegial,11,11,0
most_peculiar,11,6,5
incredibly_confusing,11,10,1
most_ordinary,11,8,3
vastly_inferior,11,10,1
barely_passable,11,10,1
vaguely_threatening,11,6,5
most_negative,11,11,0
that_accurate,11,9,2
barely_recognisable,11,10,1
incredibly_dramatic,11,5,6
really_breathtaking,11,8,3
third_best,11,11,0
really_casual,11,7,4
incredibly_emotional,11,10,1
really_classy,11,2,9
more_unpopular,11,10,1
most_probable,11,11,0
easily_quantifiable,11,9,2
real_interesting,11,4,7
almost_worse,11,8,3
enormously_talented,11,11,0
more_torturous,11,11,0
rather_startling,11,8,3
increasingly_interested,11,11,0
more_tougher,11,9,2
more_transient,11,5,6
rather_subjective,11,10,1
rather_uncomfortable,11,7,4
very_conventional,11,8,3
increasingly_skeptical,11,9,2
more_uncanny,11,11,0
tightly_interwoven,11,11,0
more_underground,11,7,4
rather_weird,11,5,6
really_wacky,11,5,6
barely_adequate,11,9,2
very_contagious,11,8,3
incredibly_accessible,11,11,0
almost_clean,11,11,0
incredibly_accurate,11,11,0
most_ready,11,11,0
most_radical,11,9,2
incredibly_erotic,11,4,7
most_intimate,11,11,0
reasonably_practicable,11,7,4
most_experienced,11,11,0
most_gracious,11,10,1
almost_inconceivable,11,3,8
really_pointless,11,8,3
incredibly_memorable,11,10,1
really_fat,11,9,2
really_flexible,11,9,2
incredibly_new,11,3,8
really_goofy,11,5,6
most_favorite,11,11,0
really_green,11,10,1
most_faithful,11,10,1
incredibly_productive,11,10,1
most_adept,11,11,0
incredibly_profound,11,2,9
most_evil,11,10,1
egregiously_wrong,11,5,6
really_mundane,11,3,8
incredibly_real,11,7,4
most_eloquent,11,11,0
incredibly_risky,11,8,3
really_knowledgeable,11,8,3
very_ashamed,11,10,1
incredibly_short,11,11,0
really_like,11,8,3
basically_equal,11,10,1
incredibly_low,11,10,1
really_energetic,11,9,2
really_elegant,11,6,5
there_willing,11,10,1
very_businesslike,11,11,0
most_agile,11,11,0
almost_routine,11,3,8
that_desperate,11,11,0
very_able,11,11,0
really_rotten,11,7,4
most_appreciative,11,11,0
really_damaging,11,6,5
most_authentic,11,11,0
most_aware,11,11,0
eerily_prescient,11,11,0
very_acceptable,11,10,1
that_expensive,11,11,0
almost_heroic,11,3,8
incredibly_weird,11,9,2
incredibly_vulnerable,11,9,2
most_capable,11,11,0
else_wonderful,11,1,10
incredibly_liberating,11,2,9
really_efficient,11,9,2
very_blurred,11,11,0
very_blue,11,9,2
reasonably_possible,11,5,6
most_thoughtful,11,10,1
more_relative,11,9,2
downright_deceptive,11,11,0
n't_beneficial,11,11,0
rather_disappointed,11,11,0
n't_affordable,11,11,0
rather_disgusting,11,7,4
downright_contradictory,11,11,0
downright_cool,11,6,5
utterly_magical,11,1,10
downright_criminal,11,11,0
too_chatty,11,11,0
rather_endearing,11,4,7
rather_entertaining,11,11,0
immediately_eligible,11,11,0
terribly_afraid,11,11,0
all_red,11,11,0
better_live,11,11,0
all_relevant,11,11,0
downright_dumb,11,11,0
downright_entertaining,11,10,1
rather_fascinating,11,7,4
entirely_private,11,9,2
downright_foolish,11,11,0
much_tighter,11,10,1
entirely_positive,11,8,3
remarkably_consistent,11,10,1
downright_awkward,11,11,0
technologically_feasible,11,10,1
n't_competitive,11,11,0
rather_creepy,11,9,2
very_flimsy,11,8,3
hugely_disappointed,11,11,0
too_crisp,11,11,0
distinctively_american,11,3,8
seemingly_frustrating,11,11,0
already_obvious,11,10,1
more_repetitive,11,10,1
n't_intentional,11,11,0
hugely_enjoyable,11,10,1
rather_alarming,11,5,6
scarily_similar,11,6,5
utterly_exhausted,11,11,0
n't_fortunate,11,11,0
utterly_false,11,10,1
already_involved,11,6,5
n't_exclusive,11,11,0
entirely_voluntary,11,11,0
n't_essential,11,11,0
too_compact,11,11,0
entirely_untrue,11,8,3
more_rotten,11,6,5
ridiculously_busy,11,11,0
more_rousing,11,6,5
downright_gross,11,11,0
rather_fragile,11,4,7
increasingly_dependent,11,9,2
more_talkative,11,11,0
much_free,11,11,0
more_submissive,11,9,2
utterly_unacceptable,11,11,0
rather_messy,11,11,0
entirely_distinct,11,3,8
much_bolder,11,3,8
too_applicable,11,11,0
impossibly_difficult,11,11,0
terribly_hard,11,10,1
impossibly_high,11,11,0
more_tactful,11,8,3
too_alive,11,11,0
remarkably_beautiful,11,8,3
relatively_complex,11,10,1
very_deceptive,11,11,0
rather_quaint,11,5,6
almost_absent,11,9,2
most_worthy,11,11,0
more_temperate,11,9,2
back_open,11,10,1
refreshingly_simple,11,6,5
rather_satisfying,11,4,7
recklessly_indifferent,11,11,0
recently_homeless,11,11,0
much_friendlier,11,9,2
entirely_ignorant,11,10,1
downright_sad,11,11,0
immensely_supportive,11,11,0
rather_frustrating,11,11,0
much_sexier,11,6,5
downright_horrifying,11,11,0
downright_idiotic,11,11,0
immensely_difficult,11,8,3
immensely_enjoyable,11,8,3
too_brash,11,11,0
entirely_open,11,10,1
much_pleased,11,11,0
relatively_wealthy,11,11,0
downright_laughable,11,11,0
entirely_missing,11,10,1
very_eccentric,11,10,1
relatively_uncommon,11,8,3
relatively_subtle,11,10,1
terribly_concerned,11,11,0
relatively_strong,11,9,2
terribly_confusing,11,11,0
very_dusty,11,11,0
relatively_shallow,11,11,0
very_domestic,11,9,2
much_important,11,9,2
entirely_inaccurate,11,11,0
very_pink,11,10,1
highly_uncomfortable,11,11,0
rather_tame,11,11,0
darn_hot,11,11,0
as_opaque,11,9,2
so_charitable,11,9,2
more_effortless,11,8,3
very_pushy,11,11,0
so_elementary,11,4,7
also_sensitive,11,11,0
not_violent,11,10,1
genuinely_worried,11,10,1
so_firm,11,10,1
generally_safe,11,11,0
as_meticulous,11,5,6
damn_cold,11,10,1
more_effectual,11,9,2
so_cloudy,11,10,1
as_rigid,11,9,2
especially_sweet,11,4,7
quite_efficient,11,11,0
even_abhorrent,11,11,0
too_insensitive,11,11,0
super_comfy,11,7,4
even_basic,11,11,0
too_insane,11,9,2
actually_sick,11,10,1
more_edible,11,5,6
as_miniscule,11,1,10
only_bad,11,10,1
insanely_cool,11,3,8
genuinely_surprising,11,7,4
as_open-minded,11,10,1
quite_engaging,11,9,2
otherwise_monotonous,11,11,0
otherwise_memorable,11,11,0
genuinely_kind,11,11,0
not_torture,11,11,0
functionally_identical,11,9,2
on_low,11,11,0
so_frank,11,7,4
so_candid,11,9,2
so_demanding,11,8,3
so_formidable,11,7,4
too_irrational,11,9,2
even_bland,11,11,0
not_tranquil,11,10,1
generally_useful,11,8,3
especially_sad,11,5,6
super_critical,11,11,0
very_seasonal,11,9,2
not_trivial,11,10,1
otherwise_homeless,11,11,0
otherwise_hateful,11,11,0
very_prudent,11,11,0
quite_envious,11,11,0
genuinely_shocked,11,11,0
more_heavenly,11,5,6
super_convenient,11,11,0
more_harmless,11,5,6
otherwise_dependent,11,11,0
otherwise_obscure,11,11,0
only_noticeable,11,10,1
only_symbolic,11,11,0
more_german,11,9,2
so_constant,11,8,3
super_inspiring,11,11,0
so_contentious,11,6,5
now_desperate,11,10,1
more_forgettable,11,9,2
very_reputable,11,11,0
now_digital,11,11,0
so_crisp,11,8,3
more_fragrant,11,9,2
undeniably_true,11,8,3
generally_genuine,11,11,0
so_clunky,11,9,2
understandably_reluctant,11,11,0
purely_spiritual,11,7,4
more_funnier,11,10,1
actually_successful,11,11,0
more_french,11,8,3
generally_curious,11,11,0
now_proud,11,11,0
only_right,11,11,0
now_ok,11,11,0
so_exact,11,8,3
so_counterintuitive,11,6,5
now_more,11,11,0
as_nonsensical,11,4,7
undeniably_sexy,11,0,11
now_vulnerable,11,10,1
so_conscientious,11,11,0
even_achievable,11,11,0
both_expensive,11,11,0
as_obtuse,11,3,8
super_clear,11,11,0
unbearably_sad,11,9,2
as_respected,11,0,11
otherwise_controversial,11,11,0
suitably_qualified,11,6,5
so_damning,11,6,5
as_obnoxious,11,5,6
obviously_good,11,8,3
very_suspect,11,9,2
super_grateful,11,11,0
more_detached,11,5,6
so_engaging,11,11,0
as_objective,11,9,2
too_inadequate,11,11,0
quite_destructive,11,10,1
unbelievably_delicious,11,11,0
understandably_wary,11,11,0
undeniably_romantic,11,0,11
so_experimental,11,5,6
now_worthless,11,11,0
quite_comparable,11,8,3
very_stingy,11,11,0
as_political,11,8,3
super_new,11,9,2
more_controllable,11,8,3
very_portable,11,9,2
more_everyday,11,3,8
more_identical,11,11,0
also_young,11,11,0
quite_appalling,11,9,2
super_different,11,8,3
so_discouraging,11,11,0
more_hotter,11,11,0
more_excessive,11,10,1
too_hurt,11,11,0
more_humbled,11,11,0
so_glum,11,10,1
as_picky,11,4,7
super_difficult,11,10,1
as_literal,11,7,4
sufficiently_impressed,11,11,0
more_erratic,11,10,1
quite_ancient,11,10,1
so_destitute,11,9,2
ultimately_meaningless,11,11,0
often_mistaken,11,10,1
so_desirable,11,7,4
often_invisible,11,9,2
as_phony,11,8,3
very_possessive,11,11,0
not_strategic,11,11,0
essentially_unchanged,11,10,1
more_ill,11,9,2
oddly_soothing,11,0,11
more_corrosive,11,5,6
super_quiet,11,11,0
super_fit,11,11,0
very_playable,11,9,2
otherwise_special,11,11,0
ultimately_successful,11,11,0
otherwise_successful,11,11,0
more_hypocritical,11,11,0
quite_arbitrary,11,11,0
also_vulnerable,11,11,0
as_lonely,11,7,4
not_thin,11,11,0
also_valid,11,11,0
oddly_specific,11,8,3
unexpectedly_good,11,7,4
quite_adorable,11,8,3
otherwise_open,11,11,0
actually_qualified,11,5,6
even_central,11,11,0
rather_loud,10,10,0
relatively_open,10,10,0
entirely_fictitious,10,9,1
overly_fond,10,10,0
entirely_handmade,10,10,0
downright_spooky,10,8,2
completely_illogical,10,8,2
only_legal,10,10,0
rather_common,10,6,4
so_inferior,10,6,4
completely_retarded,10,6,4
even_administrative,10,10,0
downright_racist,10,10,0
downright_repulsive,10,10,0
so_encouraging,10,9,1
less_admirable,10,4,6
dang_good,10,10,0
ridiculously_happy,10,10,0
so_disposable,10,8,2
entirely_indifferent,10,10,0
more_bearish,10,4,6
more_stationary,10,7,3
so_ingrained,10,5,5
even_sincere,10,10,0
less_technical,10,6,4
much_happy,10,10,0
extremely_dirty,10,10,0
disturbingly_wrong,10,4,6
completely_inadequate,10,8,2
rather_comforting,10,2,8
completely_identical,10,10,0
downright_delicious,10,8,2
more_docile,10,5,5
so_ineffective,10,8,2
relatively_inconsequential,10,8,2
right_dear,10,9,1
so_disheartening,10,10,0
less_authentic,10,10,0
painfully_boring,10,10,0
relatively_hard,10,10,0
n't_flexible,10,10,0
rather_brutal,10,8,2
extremely_energetic,10,10,0
more_restrained,10,8,2
completely_flexible,10,10,0
roughly_comparable,10,4,6
potentially_difficult,10,8,2
entirely_believable,10,10,0
routinely_available,10,10,0
relatively_fast,10,7,3
potentially_disastrous,10,6,4
plain_ready,10,10,0
relatively_empty,10,10,0
even_executive,10,10,0
less_organized,10,6,4
so_disillusioned,10,10,0
more_rhythmic,10,4,6
only_meaningful,10,9,1
n't_excited,10,10,0
even_agnostic,10,10,0
even_unfinished,10,9,1
more_sudden,10,9,1
less_persuasive,10,10,0
relatively_meaningless,10,8,2
more_sugary,10,8,2
much_interesting,10,5,5
much_busy,10,10,0
even_unimportant,10,10,0
much_busier,10,9,1
completely_revolutionary,10,1,9
disturbingly_similar,10,8,2
relatively_intact,10,7,3
so_equal,10,9,1
less_tired,10,9,1
potentially_capable,10,10,0
completely_functional,10,10,0
rather_cold,10,10,0
entirely_convincing,10,10,0
downright_unfair,10,10,0
less_passionate,10,9,1
downright_poor,10,10,0
possibly_free,10,10,0
relatively_solid,10,8,2
once_homeless,10,8,2
often_surprised,10,10,0
n't_accustomed,10,10,0
so_earthy,10,5,5
socially_irresponsible,10,10,0
even_thicker,10,7,3
immediately_aware,10,9,1
rather_flat,10,10,0
extremely_bored,10,10,0
overly_salty,10,10,0
extremely_caring,10,10,0
so_insulting,10,4,6
so_intractable,10,7,3
once_human,10,9,1
even_stricter,10,8,2
pretty_wet,10,10,0
eternally_damned,10,10,0
quietly_supportive,10,10,0
even_thoughtful,10,10,0
overly_political,10,8,2
rather_delicate,10,8,2
even_unlawful,10,10,0
completely_naive,10,9,1
quite_adventurous,10,9,1
much_trickier,10,8,2
once_unthinkable,10,0,10
rather_exotic,10,8,2
even_electronic,10,10,0
more_aromatic,10,8,2
more_arousing,10,10,0
less_showy,10,6,4
so_durable,10,7,3
downright_deadly,10,10,0
entirely_secular,10,9,1
so_intolerant,10,7,3
quite_admirable,10,4,6
entirely_satisfied,10,10,0
overly_strong,10,10,0
immediately_ready,10,10,0
entirely_right,10,8,2
remarkably_important,10,1,9
so_interdependent,10,10,0
completely_obscure,10,4,6
entirely_rational,10,10,0
politically_effective,10,8,2
politically_embarrassing,10,9,1
more_embarrassed,10,9,1
more_eligible,10,9,1
even_terminal,10,10,0
damn_sexy,10,7,3
politically_subversive,10,10,0
more_sorrowful,10,9,1
rather_controversial,10,6,4
entirely_legitimate,10,10,0
downright_nonsensical,10,10,0
downright_obnoxious,10,10,0
extraordinarily_helpful,10,10,0
hyper_sensitive,10,10,0
even_typical,10,10,0
extremely_debilitating,10,10,0
rather_horrible,10,4,6
much_irrelevant,10,10,0
pretty_unpleasant,10,9,1
ridiculously_awesome,10,6,4
even_tropical,10,10,0
genuinely_better,10,8,2
extraordinarily_complex,10,9,1
n't_desirable,10,10,0
completely_redundant,10,9,1
legitimately_wrong,10,3,7
extremely_demanding,10,9,1
completely_innovative,10,1,9
less_abstract,10,1,9
n't_different,10,10,0
pretty_universal,10,7,3
more_ethnic,10,2,8
rather_hilarious,10,9,1
immensely_entertaining,10,9,1
entirely_non-existent,10,10,0
pretty_wide,10,10,0
remotely_entertaining,10,5,5
downright_incorrect,10,10,0
politically_toxic,10,9,1
less_reputable,10,7,3
religiously_conservative,10,10,0
politically_vulnerable,10,9,1
more_scrumptious,10,8,2
rather_generic,10,8,2
even_stagnant,10,10,0
overtly_sexy,10,8,2
entirely_meaningless,10,7,3
more_scarier,10,9,1
downright_irritating,10,10,0
much_okay,10,10,0
n't_busy,10,10,0
even_spicy,10,9,1
plain_unhappy,10,10,0
rather_grim,10,7,3
legitimately_funny,10,6,4
so_distressed,10,10,0
n't_christian,10,10,0
even_deserving,10,10,0
even_anti-american,10,10,0
completely_fantastic,10,5,5
incredibly_horny,10,10,0
really_salty,10,7,3
somewhat_involved,10,9,1
most_ancient,10,9,1
less_inspiring,10,2,8
fully_biodegradable,10,10,0
pretty_seamless,10,10,0
even_catholic,10,10,0
pretty_detailed,10,10,0
fully_searchable,10,10,0
less_enthused,10,10,0
more_clumsy,10,10,0
otherwise_unqualified,10,10,0
pretty_rubbish,10,10,0
really_responsive,10,10,0
pretty_relieved,10,10,0
pretty_reliable,10,9,1
even_condescending,10,10,0
incredibly_interested,10,10,0
incredibly_intimate,10,2,8
somewhat_predictable,10,10,0
currently_eligible,10,7,3
really_destructive,10,4,6
purely_fun,10,5,5
really_relaxing,10,5,5
really_devastating,10,3,7
fully_refundable,10,10,0
somewhat_responsible,10,10,0
so_haunting,10,3,7
most_hilarious,10,9,1
even_british,10,10,0
incredibly_honest,10,5,5
pretty_elaborate,10,10,0
eerily_calm,10,8,2
less_definitive,10,4,6
emotionally_cold,10,10,0
pretty_stellar,10,10,0
really_spiritual,10,4,6
pretty_spot-on,10,9,1
less_lofty,10,4,6
really_spicy,10,3,7
otherwise_unworthy,10,10,0
economically_unfeasible,10,10,0
less_determined,10,6,4
more_wishful,10,10,0
pretty_comprehensive,10,9,1
more_cuddly,10,6,4
really_classic,10,5,5
less_diligent,10,8,2
so_hip,10,10,0
eminently_reasonable,10,10,0
incredibly_familiar,10,4,6
more_zealous,10,8,2
really_colorful,10,5,5
less_judgmental,10,8,2
so_forthright,10,4,6
indeed_correct,10,10,0
intensely_competitive,10,9,1
incredibly_handsome,10,9,1
more_chinese,10,8,2
most_insightful,10,10,0
pretty_curious,10,9,1
really_severe,10,3,7
more_cold,10,8,2
otherwise_unprepared,10,10,0
overly_academic,10,10,0
incredibly_subtle,10,9,1
incredibly_stubborn,10,10,0
incredibly_old,10,8,2
exactly_identical,10,10,0
pretty_mellow,10,10,0
most_fearful,10,10,0
even_communist,10,10,0
less_functional,10,10,0
intensely_hot,10,9,1
pretty_mean,10,9,1
pretty_mature,10,9,1
otherwise_toxic,10,10,0
really_humble,10,7,3
really_ill,10,9,1
otherwise_underserved,10,10,0
really_irrelevant,10,10,0
spiritually_mature,10,10,0
pretty_interchangeable,10,10,0
more_complimentary,10,8,2
incredibly_responsive,10,10,0
really_mature,10,6,4
clearly_guilty,10,5,5
fully_fit,10,9,1
pretty_knowledgeable,10,10,0
otherwise_troublesome,10,10,0
fully_free,10,10,0
incredibly_shy,10,9,1
clearly_evil,10,8,2
intensely_passionate,10,10,0
currently_present,10,8,2
really_genuine,10,5,5
most_fertile,10,9,1
ever_worse,10,9,1
most_flexible,10,10,0
really_raw,10,6,4
pretty_essential,10,8,2
fully_programmable,10,8,2
pretty_fair,10,10,0
intensely_satisfying,10,2,8
fully_private,10,10,0
really_engaging,10,6,4
really_enlightening,10,6,4
most_clear,10,10,0
most_colorful,10,10,0
somewhat_suspect,10,10,0
fully_committed,10,6,4
so_fussy,10,9,1
pretty_okay,10,10,0
incredibly_loyal,10,10,0
purely_formal,10,8,2
pretty_frightening,10,10,0
most_graceful,10,9,1
so_futuristic,10,6,4
incredibly_tired,10,10,0
purely_financial,10,10,0
most_contentious,10,10,0
so_guilty,10,8,2
less_horrible,10,6,4
most_fortunate,10,9,1
otherwise_uninteresting,10,10,0
most_courageous,10,7,3
somewhat_unpredictable,10,9,1
fully_custom,10,10,0
really_stiff,10,9,1
damn_amazing,10,8,2
pretty_cautious,10,10,0
exclusively_white,10,9,1
even_usable,10,10,0
rather_steep,10,10,0
completely_deaf,10,9,1
enormously_powerful,10,4,6
most_striking,10,10,0
potentially_related,10,9,1
less_noisy,10,8,2
most_stable,10,10,0
less_cluttered,10,8,2
reasonably_affordable,10,8,2
reasonably_accurate,10,9,1
rather_terrifying,10,6,4
more_tumultuous,10,4,6
enormously_complex,10,6,4
even_vicious,10,10,0
pretty_suspicious,10,10,0
otherwise_annoying,10,10,0
rather_uncommon,10,5,5
really_wise,10,4,6
practically_empty,10,10,0
rather_unconventional,10,3,7
more_british,10,8,2
even_approximate,10,10,0
even_archaic,10,10,0
outright_misleading,10,9,1
otherwise_better,10,10,0
more_underwater,10,10,0
outright_inaccurate,10,10,0
readily_able,10,9,1
openly_sympathetic,10,9,1
further_detailed,10,10,0
pretty_catchy,10,10,0
sometimes_guilty,10,10,0
damn_interesting,10,9,1
rather_pleasing,10,3,7
relatively_clear,10,10,0
only_small,10,10,0
dramatically_effective,10,9,1
even_unpopular,10,10,0
sometimes_acceptable,10,10,0
over_protective,10,10,0
over_priced,10,10,0
dramatically_new,10,1,9
most_welcoming,10,9,1
more_blind,10,9,1
pretty_thick,10,10,0
so_excessive,10,9,1
recently_unemployed,10,9,1
generally_concerned,10,10,0
so_inclusive,10,9,1
drastically_lower,10,10,0
increasingly_desperate,10,10,0
most_traditional,10,10,0
more_bohemian,10,4,6
only_white,10,9,1
most_sustainable,10,10,0
over_dramatic,10,10,0
so_excruciating,10,9,1
openly_contemptuous,10,10,0
rather_splendid,10,5,5
n't_genuine,10,10,0
potentially_powerful,10,7,3
even_watchable,10,10,0
practically_non-existent,10,10,0
really_vibrant,10,5,5
sometimes_red,10,10,0
even_worldwide,10,10,0
emotionally_neutral,10,10,0
otherwise_entertaining,10,10,0
less_masculine,10,9,1
incredibly_chic,10,6,4
most_pleased,10,10,0
pretty_alarming,10,8,2
somewhat_afraid,10,10,0
completely_adjustable,10,10,0
fundamentally_immoral,10,1,9
indeed_impossible,10,10,0
excessively_emotional,10,10,0
more_danceable,10,2,8
most_outrageous,10,10,0
less_cynical,10,9,1
so_flattering,10,8,2
most_other,10,9,1
fundamentally_equal,10,10,0
most_optimistic,10,10,0
pretty_benign,10,8,2
most_open,10,10,0
even_biblical,10,10,0
incredibly_depressing,10,5,5
so_flawless,10,6,4
most_noteworthy,10,10,0
really_best,10,10,0
so_fluffy,10,5,5
otherwise_upset,10,10,0
more_watchable,10,9,1
ecologically_sensitive,10,10,0
even_wonderful,10,8,2
so_ferocious,10,5,5
more_unhinged,10,3,7
most_religious,10,8,2
increasingly_vulnerable,10,10,0
otherwise_critical,10,10,0
incredibly_addictive,10,6,4
predominantly_male,10,10,0
completely_beautiful,10,5,5
even_awesome,10,10,0
real_different,10,0,10
most_random,10,10,0
more_bulky,10,7,3
really_unnecessary,10,9,1
even_western,10,10,0
easily_portable,10,8,2
so_idyllic,10,6,4
completely_antithetical,10,6,4
outright_dishonest,10,10,0
most_prolific,10,10,0
intellectually_satisfying,10,6,4
most_private,10,9,1
real_small,10,5,5
even_bankrupt,10,10,0
completely_autonomous,10,10,0
sometimes_third,10,10,0
even_barbaric,10,10,0
more_unsavory,10,3,7
easily_walkable,10,10,0
pretty_adorable,10,9,1
more_unseemly,10,6,4
sadly_familiar,10,8,2
merely_functional,10,9,1
less_virtuous,10,7,3
slightly_loose,10,10,0
just_cautious,10,10,0
so_orderly,10,8,2
darn_nice,10,10,0
deeply_embarrassing,10,7,3
just_misinformed,10,10,0
even_measurable,10,9,1
slightly_harder,10,9,1
maybe_superior,10,10,0
deeply_golden,10,10,0
quite_misunderstood,10,10,0
deeply_hurtful,10,6,4
fairly_major,10,2,8
perfectly_sound,10,10,0
highly_exciting,10,9,1
slightly_embarrassed,10,10,0
even_melancholy,10,10,0
particularly_impressed,10,9,1
not_welcoming,10,10,0
more_malignant,10,4,6
fairly_liberal,10,10,0
slightly_drunk,10,9,1
just_nostalgic,10,9,1
insanely_difficult,10,8,2
slightly_disconcerting,10,6,4
quite_eerie,10,3,7
maybe_related,10,8,2
so_clinical,10,5,5
so_okay,10,9,1
not_edible,10,8,2
far_wrong,10,7,3
slightly_low,10,10,0
not_easier,10,10,0
quite_massive,10,8,2
medically_complex,10,9,1
medically_appropriate,10,9,1
merely_mediocre,10,10,0
not_treatable,10,10,0
even_homemade,10,10,0
so_shameless,10,8,2
so_overjoyed,10,9,1
even_lonely,10,10,0
highly_anxious,10,10,0
not_huge,10,10,0
not_unfamiliar,10,6,4
maybe_wrong,10,5,5
not_holy,10,10,0
so_overblown,10,7,3
just_larger,10,10,0
not_upset,10,10,0
quite_enlightening,10,10,0
just_laughable,10,10,0
perfectly_polite,10,9,1
slightly_obsessed,10,10,0
particularly_magical,10,1,9
highly_confident,10,9,1
not_grateful,10,10,0
just_louder,10,10,0
more_lively,10,7,3
so_ornate,10,7,3
even_mainstream,10,10,0
so_skimpy,10,5,5
even_helpless,10,10,0
just_baffling,10,10,0
so_off-putting,10,9,1
environmentally_preferable,10,10,0
not_controversial,10,9,1
more_grueling,10,7,3
equally_remarkable,10,4,6
so_comfy,10,9,1
deeply_troubled,10,7,3
even_mysterious,10,7,3
so_commercial,10,8,2
more_mischievous,10,6,4
fairly_dry,10,10,0
sincerely_concerned,10,9,1
greatly_misunderstood,10,10,0
deeply_upsetting,10,7,3
now_better,10,10,0
simply_young,10,10,0
quite_public,10,10,0
even_negligent,10,10,0
more_modular,10,2,8
perhaps_larger,10,9,1
quite_quiet,10,10,0
quite_desperate,10,9,1
so_condescending,10,7,3
perhaps_liable,10,10,0
particularly_deep,10,10,0
not_confused,10,10,0
even_goofy,10,10,0
maybe_harder,10,10,0
maybe_green,10,10,0
just_retarded,10,10,0
even_novel,10,9,1
maybe_good,10,10,0
quite_prevalent,10,8,2
just_pink,10,10,0
consistently_bad,10,10,0
more_meticulous,10,9,1
particularly_horrible,10,6,4
perhaps_afraid,10,10,0
quite_dynamic,10,7,3
quite_outstanding,10,8,2
maybe_purple,10,10,0
particularly_gruesome,10,7,3
fatally_wrong,10,4,6
particularly_great,10,7,3
so_standard,10,6,4
particularly_galling,10,2,8
deeply_psychological,10,7,3
slightly_blurry,10,10,0
quite_playful,10,10,0
equally_sensitive,10,10,0
perhaps_brilliant,10,10,0
grossly_misinformed,10,8,2
just_overkill,10,10,0
so_nuanced,10,6,4
so_sticky,10,10,0
grossly_inappropriate,10,8,2
highly_practical,10,8,2
maybe_old,10,10,0
deeply_serious,10,8,2
even_murderous,10,9,1
slightly_amusing,10,9,1
more_methodical,10,5,5
even_greek,10,10,0
quite_potent,10,10,0
just_anecdotal,10,10,0
just_insecure,10,10,0
merely_lucky,10,10,0
highly_adaptable,10,10,0
even_ineffective,10,10,0
so_profitable,10,6,4
just_exhausting,10,10,0
especially_intriguing,10,4,6
so_artificial,10,2,8
quite_grim,10,10,0
not_repeatable,10,10,0
so_archaic,10,3,7
not_regular,10,10,0
fairly_useless,10,10,0
hardly_new,10,9,1
so_appropriate,10,5,5
more_indian,10,7,3
half_right,10,8,2
quite_harrowing,10,9,1
even_insightful,10,10,0
so_apathetic,10,10,0
even_inspirational,10,10,0
fairly_unknown,10,8,2
constantly_worried,10,10,0
partly_wrong,10,10,0
so_phony,10,8,2
passionately_interested,10,9,1
so_bloated,10,9,1
past_due,10,3,7
so_antithetical,10,7,3
so_anonymous,10,4,6
just_fresh,10,10,0
quite_hideous,10,6,4
not_polite,10,10,0
not_rude,10,10,0
hardly_aware,10,10,0
fairly_priced,10,9,1
particularly_violent,10,10,0
particularly_resonant,10,4,6
particularly_sad,10,5,5
even_imperative,10,10,0
fantastically_round,10,10,0
not_steady,10,10,0
quite_fortunate,10,8,2
continuously_variable,10,10,0
particularly_rare,10,7,3
more_illustrious,10,4,6
so_bearish,10,10,0
particularly_smart,10,9,1
so_bare,10,7,3
quite_flattering,10,8,2
not_sinful,10,9,1
more_imperfect,10,10,0
more_implausible,10,8,2
just_decorative,10,10,0
so_avoidable,10,8,2
so_prestigious,10,2,8
even_incomplete,10,10,0
so_average,10,3,7
even_inconsistent,10,10,0
so_pitiful,10,6,4
particularly_troublesome,10,9,1
hardly_able,10,8,2
just_enjoyable,10,10,0
especially_powerful,10,5,5
particularly_unnerving,10,0,10
particularly_unpleasant,10,4,6
more_instant,10,4,6
not_persuasive,10,10,0
more_humbling,10,7,3
especially_rare,10,3,7
more_honourable,10,7,3
perfectly_doable,10,10,0
just_horrendous,10,10,0
so_righteous,10,8,2
fairly_remarkable,10,1,9
so_british,10,9,1
not_memorable,10,9,1
not_medical,10,10,0
perfectly_edible,10,10,0
fairly_reasonable,10,5,5
not_lower,10,10,0
not_lonely,10,10,0
not_toxic,10,10,0
slightly_unique,10,6,4
not_lazy,10,10,0
more_hollow,10,10,0
hideously_expensive,10,10,0
not_insignificant,10,9,1
not_insane,10,8,2
just_inappropriate,10,10,0
quite_irrational,10,8,2
quite_irrelevant,10,6,4
just_inconsistent,10,10,0
especially_compelling,10,3,7
perfectly_friendly,10,10,0
slightly_sour,10,8,2
especially_common,10,8,2
just_indicative,10,10,0
far_preferable,10,10,0
not_misleading,10,10,0
fairly_ridiculous,10,9,1
even_horrifying,10,10,0
more_irrelevant,10,10,0
so_recognizable,10,7,3
even_intricate,10,10,0
not_overweight,10,10,0
merely_incidental,10,10,0
so_regular,10,5,5
more_intoxicating,10,6,4
quite_huge,10,7,3
more_huge,10,8,2
so_affectionate,10,10,0
even_hybrid,10,10,0
quite_humble,10,9,1
so_admirable,10,4,6
conventionally_beautiful,10,10,0
particularly_pleased,10,8,2
even_lacking,10,10,0
even_hungry,10,10,0
more_irritated,10,10,0
even_irritating,10,10,0
quite_inaccurate,10,9,1
far_funnier,10,7,3
heavily_involved,10,3,7
just_crappy,10,10,0
particularly_passionate,10,10,0
perfectly_beautiful,10,10,0
more_laborious,10,9,1
more_hot,10,8,2
just_heavy,10,10,0
so_responsible,10,6,4
perhaps_major,10,10,0
equally_precious,10,7,3
more_gloomy,10,9,1
completely_unaffected,10,10,0
even_rebellious,10,10,0
n't_toxic,10,10,0
more_actionable,10,4,6
sexually_deviant,10,10,0
quite_unhappy,10,10,0
plain_desperate,10,10,0
sexually_ambiguous,10,10,0
even_reflective,10,10,0
sexually_adventurous,10,10,0
kinda_dumb,10,9,1
plain_drunk,10,10,0
more_adaptive,10,6,4
oddly_fascinating,10,1,9
even_representative,10,10,0
quite_unknown,10,6,4
so_lofty,10,4,6
kinda_gross,10,8,2
quite_unorthodox,10,10,0
quite_unrelated,10,5,5
severely_endangered,10,10,0
extremely_lightweight,10,10,0
even_respectful,10,10,0
extremely_lazy,10,9,1
severely_disappointed,10,10,0
n't_smooth,10,10,0
quite_urgent,10,7,3
completely_successful,10,10,0
n't_sharp,10,10,0
diametrically_opposite,10,9,1
extremely_nasty,10,3,7
desperately_unhappy,10,10,0
horribly_disappointed,10,10,0
quite_unconventional,10,9,1
low_enough,10,10,0
horribly_familiar,10,7,3
physically_unattractive,10,10,0
even_prudent,10,10,0
genuinely_thrilling,10,5,5
more_pitiful,10,8,2
naturally_prone,10,10,0
more_pointed,10,6,4
morally_weak,10,10,0
genuinely_terrifying,10,7,3
naturally_concerned,10,9,1
even_fanatical,10,10,0
longer_satisfied,10,10,0
quite_bulky,10,9,1
even_racial,10,10,0
extremely_potent,10,9,1
more_fatigued,10,9,1
n't_vegan,10,10,0
completely_underwater,10,10,0
more_fast-paced,10,2,8
plain_amazing,10,10,0
genuinely_original,10,1,9
more_absorbent,10,8,2
equally_expensive,10,7,3
even_readable,10,9,1
longer_open,10,10,0
quite_bothersome,10,9,1
so_delusional,10,8,2
plain_clueless,10,10,0
so_depraved,10,6,4
painstakingly_detailed,10,9,1
more_adversarial,10,9,1
extremely_intimate,10,4,6
genuinely_impressive,10,8,2
likely_due,10,10,0
even_seasonal,10,10,0
painfully_close,10,9,1
so_weary,10,10,0
plain_mean,10,9,1
n't_mature,10,10,0
even_experimental,10,10,0
painfully_clear,10,10,0
quite_believable,10,8,2
rather_absurd,10,6,4
extremely_frustrated,10,10,0
extremely_frightening,10,10,0
so_discouraged,10,10,0
less_wonderful,10,7,3
previously_unimaginable,10,2,8
more_republican,10,9,1
even_separate,10,10,0
extremely_foolish,10,8,2
extremely_fit,10,9,1
so_discreet,10,9,1
second_highest,10,10,0
rather_astonishing,10,2,8
extremely_famous,10,9,1
more_anecdotal,10,8,2
plain_painful,10,10,0
extremely_exhausted,10,10,0
even_sharp,10,10,0
sadly_true,10,10,0
so_wary,10,10,0
equally_beneficial,10,10,0
largely_empty,10,10,0
so_despondent,10,10,0
quite_blunt,10,10,0
equally_corrupt,10,9,1
painfully_real,10,9,1
more_purple,10,9,1
genuinely_innovative,10,4,6
so_lightweight,10,7,3
however_large,10,9,1
more_exuberant,10,8,2
even_factual,10,10,0
completely_straight,10,10,0
so_lifeless,10,6,4
more_aged,10,10,0
equally_committed,10,4,6
self_conscious,10,10,0
extremely_great,10,4,6
so_lean,10,9,1
n't_proud,10,10,0
painfully_dull,10,9,1
seemingly_pointless,10,10,0
n't_permanent,10,10,0
knowingly_false,10,9,1
quite_yummy,10,10,0
racially_ambiguous,10,10,0
even_satisfactory,10,10,0
previously_unthinkable,10,2,8
racially_divisive,10,10,0
not_strange,10,9,1
seemingly_normal,10,6,4
partially_jewish,10,10,0
nearly_alike,10,10,0
mildly_annoyed,10,10,0
so_moist,10,9,1
even_outdated,10,10,0
otherwise_unaware,10,10,0
more_frightful,10,7,3
so_tidy,10,9,1
just_static,10,10,0
highly_undesirable,10,8,2
not_audible,10,10,0
just_surprised,10,10,0
quite_contradictory,10,9,1
just_suspicious,10,10,0
so_crappy,10,9,1
simply_nice,10,9,1
so_creamy,10,8,2
extremely_willing,10,10,0
financially_better,10,10,0
not_allergic,10,9,1
simply_meaningless,10,10,0
so_traumatizing,10,3,7
even_passive,10,10,0
just_terrifying,10,9,1
even_pathological,10,10,0
even_flexible,10,10,0
financially_devastating,10,10,0
so_twisted,10,7,3
simply_jealous,10,10,0
materially_misleading,10,10,0
non_secular,10,10,0
so_unacceptable,10,5,5
massively_wrong,10,6,4
quite_robust,10,8,2
finally_right,10,10,0
equally_gorgeous,10,8,2
quite_risky,10,8,2
highly_reminiscent,10,9,1
simply_uninteresting,10,10,0
quite_reassuring,10,4,6
more_naked,10,9,1
quite_dear,10,6,4
highly_restrictive,10,10,0
more_germane,10,9,1
even_obscure,10,10,0
simply_unfair,10,10,0
perhaps_notorious,10,10,0
even_obsessive,10,10,0
just_shallow,10,9,1
perhaps_old,10,10,0
simply_terrible,10,10,0
fairly_average,10,9,1
quite_cynical,10,9,1
even_genuine,10,10,0
fairly_abstract,10,7,3
simply_spectacular,10,9,1
faintly_visible,10,9,1
even_genetic,10,10,0
not_blind,10,9,1
quite_cumbersome,10,10,0
now_famous,10,10,0
not_biblical,10,10,0
just_social,10,10,0
now_hard,10,9,1
so_cosy,10,4,6
quite_rigid,10,10,0
quite_silent,10,8,2
even_persuasive,10,10,0
extremely_unlucky,10,10,0
simply_inoffensive,10,10,0
morally_evil,10,9,1
completely_unusable,10,9,1
nearly_useless,10,10,0
simply_desperate,10,10,0
more_fiery,10,4,6
extremely_sharp,10,10,0
completely_untouched,10,10,0
simply_decorative,10,10,0
nearly_universal,10,10,0
nearly_unbearable,10,8,2
inherently_cool,10,0,10
financially_lucrative,10,8,2
more_pagan,10,4,6
more_paramount,10,10,0
physically_intimate,10,10,0
morally_necessary,10,8,2
nearly_parallel,10,10,0
hopelessly_wrong,10,7,3
prohibitively_difficult,10,10,0
nearly_indistinguishable,10,8,2
more_peripheral,10,8,2
geographically_distant,10,9,1
so_unprecedented,10,4,6
horribly_bad,10,8,2
physically_safe,10,10,0
morally_pure,10,9,1
extremely_realistic,10,9,1
quite_tense,10,10,0
significantly_taller,10,9,1
necessarily_best,10,10,0
geographically_diverse,10,10,0
deliciously_ironic,10,1,9
partially_transparent,10,10,0
massively_important,10,6,4
objectively_evil,10,9,1
extremely_thoughtful,10,9,1
computationally_expensive,10,10,0
no_easier,10,9,1
more_flawed,10,9,1
equally_lame,10,2,8
extremely_tall,10,10,0
even_female,10,10,0
extremely_stubborn,10,10,0
obviously_disappointed,10,10,0
equally_keen,10,10,0
intrinsically_satisfying,10,0,10
so_current,10,7,3
more_figurative,10,8,2
never_wrong,10,10,0
marginally_successful,10,10,0
physically_damaging,10,10,0
quite_soothing,10,5,5
more_opulent,10,4,6
quite_sparse,10,9,1
completely_visible,10,10,0
simply_glad,10,10,0
simply_frustrating,10,10,0
quite_stiff,10,10,0
marginally_related,10,7,3
simply_excited,10,10,0
more_orderly,10,3,7
racially_prejudiced,10,10,0
less_hard,10,8,2
too_suggestive,10,10,0
too_scientific,10,8,2
utterly_corrupt,10,9,1
certainly_familiar,10,10,0
very_solicitous,10,9,1
almost_obscene,10,0,10
very_gloomy,10,9,1
too_shrill,10,10,0
ultimately_good,10,8,2
as_misleading,10,10,0
too_intellectual,10,9,1
super_enthusiastic,10,10,0
still_unconscious,10,9,1
unbelievably_strong,10,10,0
as_partisan,10,7,3
as_joyful,10,6,4
very_discrete,10,8,2
as_amusing,10,9,1
uniquely_able,10,8,2
still_rare,10,4,6
all_positive,10,10,0
too_obnoxious,10,10,0
better_organized,10,10,0
still_undiscovered,10,10,0
around_happier,10,10,0
too_christian,10,10,0
too_macho,10,9,1
absolutely_legal,10,9,1
already_wet,10,10,0
surely_wrong,10,10,0
wonderfully_friendly,10,10,0
basically_right,10,10,0
very_superior,10,9,1
as_filthy,10,6,4
very_bossy,10,10,0
super_famous,10,5,5
too_permissive,10,10,0
as_beloved,10,3,7
as_sustainable,10,10,0
that_rare,10,9,1
very_enthused,10,10,0
surprisingly_expensive,10,10,0
as_inevitable,10,2,8
already_common,10,7,3
very_bulky,10,10,0
academically_eligible,10,9,1
way_wrong,10,10,0
too_ostentatious,10,4,6
too_wrong,10,9,1
technically_unavoidable,10,10,0
too_useless,10,10,0
also_rich,10,9,1
utterly_foreign,10,4,6
too_easygoing,10,10,0
too_jealous,10,9,1
very_swift,10,10,0
very_hearty,10,7,3
super_motivated,10,10,0
clearly_apparent,10,10,0
always_necessary,10,10,0
as_carefree,10,5,5
very_tactile,10,4,6
as_disrespectful,10,6,4
very_childlike,10,3,7
as_granular,10,8,2
still_unpublished,10,10,0
very_insidious,10,6,4
also_homeless,10,9,1
too_lumpy,10,10,0
as_pleasing,10,10,0
absolutely_fundamental,10,1,9
very_hardy,10,10,0
too_mindful,10,10,0
as_sizeable,10,2,8
still_expensive,10,10,0
totally_selfish,10,9,1
as_steady,10,8,2
that_fortunate,10,10,0
very_envious,10,10,0
wonderfully_funny,10,9,1
as_intensive,10,6,4
still_exciting,10,10,0
still_unsolved,10,10,0
very_counterproductive,10,10,0
apparently_unaware,10,10,0
too_vicious,10,10,0
always_easier,10,10,0
absolutely_full,10,10,0
undeniably_satisfying,10,0,10
very_heartwarming,10,8,2
undeniably_magical,10,0,10
too_mechanical,10,10,0
truly_random,10,8,2
as_clear-cut,10,6,4
too_raunchy,10,10,0
clearly_detailed,10,10,0
too_arcane,10,9,1
universally_accessible,10,6,4
as_old-fashioned,10,2,8
that_small,10,9,1
apparently_insignificant,10,5,5
vastly_overrated,10,10,0
supremely_comfortable,10,10,0
very_hardworking,10,10,0
understandably_nervous,10,9,1
that_smart,10,8,2
actually_nice,10,9,1
vastly_greater,10,6,4
at_worst,10,10,0
still_clueless,10,10,0
super_psyched,10,10,0
always_accessible,10,10,0
as_creamy,10,7,3
also_amazing,10,9,1
truly_dark,10,0,10
already_expired,10,10,0
too_authentic,10,10,0
wonderfully_nostalgic,10,2,8
unacceptably_high,10,10,0
super_hungry,10,10,0
as_fashionable,10,10,0
as_hardcore,10,6,4
too_permanent,10,10,0
too_sluggish,10,10,0
very_high-quality,10,10,0
astonishingly_high,10,10,0
also_safe,10,10,0
very_gross,10,7,3
vanishingly_small,10,10,0
still_slow,10,10,0
too_grey,10,10,0
as_evocative,10,9,1
visually_similar,10,9,1
always_sad,10,10,0
barely_detectable,10,10,0
very_cyclical,10,10,0
almost_uncanny,10,1,9
as_persuasive,10,9,1
truly_sensational,10,4,6
substantially_new,10,3,7
totally_preventable,10,6,4
surprisingly_fresh,10,7,3
as_persistent,10,8,2
as_delusional,10,7,3
too_frenetic,10,10,0
too_tempted,10,10,0
truly_fabulous,10,3,7
around_pleasant,10,10,0
too_impressive,10,9,1
unusually_good,10,6,4
as_lavish,10,9,1
too_zealous,10,10,0
still_handmade,10,10,0
better_skilled,10,9,1
still_afloat,10,10,0
as_dim,10,8,2
very_old-fashioned,10,7,3
always_anxious,10,10,0
totally_empty,10,10,0
absolutely_astonishing,10,4,6
also_allergic,10,10,0
very_juicy,10,6,4
absolutely_appalling,10,9,1
best_misleading,10,10,0
very_zealous,10,10,0
very_historic,10,7,3
awfully_similar,10,3,7
almost_worth,10,6,4
utterly_boring,10,9,1
too_vile,10,10,0
almost_abstract,10,5,5
already_enough,10,10,0
unintentionally_comic,10,10,0
super_loud,10,8,2
super_low,10,10,0
all_rosy,10,10,0
certainly_related,10,10,0
technologically_possible,10,8,2
very_stereotypical,10,10,0
as_restrictive,10,8,2
that_close,10,4,6
also_ideal,10,10,0
totally_disgusting,10,5,5
very_forgettable,10,10,0
thematically_appropriate,10,4,6
both_willing,10,10,0
chemically_similar,10,10,0
as_juicy,10,8,2
totally_unqualified,10,10,0
as_eloquent,10,7,3
very_upscale,10,10,0
awfully_big,10,2,8
uniquely_powerful,10,2,8
almost_comforting,10,0,10
bitterly_ironic,10,7,3
well_worthy,10,8,2
usually_open,10,10,0
truly_aware,10,10,0
very_preventable,10,8,2
already_excited,10,10,0
also_nervous,10,10,0
terribly_evil,10,4,6
too_daring,10,9,1
very_italian,10,5,5
too_threatening,10,10,0
too_cartoony,10,10,0
amazingly_supportive,10,10,0
totally_other,10,3,7
altogether_other,10,0,10
very_irresponsible,10,9,1
too_egotistical,10,10,0
as_monotonous,10,5,5
still_fuzzy,10,10,0
super_lazy,10,10,0
as_culpable,10,10,0
very_iffy,10,10,0
very_tactical,10,7,3
truly_ridiculous,10,4,6
as_cryptic,10,6,4
understandably_tired,10,10,0
truly_real,10,3,7
very_russian,10,3,7
as_definitive,10,5,5
sublimely_ridiculous,10,10,0
still_furious,10,10,0
very_disorganized,10,10,0
terribly_good,10,10,0
both_familiar,10,10,0
too_crass,10,10,0
temporarily_unemployed,10,10,0
as_variable,10,3,7
brutally_hot,10,10,0
understandably_eager,10,10,0
already_great,10,5,5
very_majestic,10,1,9
too_unstructured,10,10,0
as_powerless,10,7,3
very_symmetrical,10,9,1
usually_enough,10,10,0
still_leery,10,9,1
still_dormant,10,10,0
woefully_uninformed,10,10,0
already_upset,10,10,0
strangely_enough,10,6,4
as_utilitarian,10,4,6
as_pragmatic,10,5,5
very_indirect,10,9,1
very_dire,10,8,2
technically_brilliant,10,10,0
as_conspicuous,10,8,2
super_thick,10,8,2
truly_positive,10,2,8
vaguely_human,10,4,6
too_melodramatic,10,10,0
as_risque,10,4,6
very_mainstream,10,7,3
too_consuming,10,10,0
as_unrealistic,10,9,1
super_stoked,10,9,1
truly_iconic,10,2,8
as_proficient,10,9,1
very_paranoid,10,10,0
strictly_platonic,10,8,2
backward_compatible,10,10,0
as_portable,10,4,6
very_equal,10,10,0
already_obsolete,10,10,0
too_aloof,10,10,0
very_dodgy,10,8,2
strangely_absent,10,8,2
very_insular,10,9,1
viscerally_satisfying,10,0,10
too_stuck,10,10,0
super_complicated,10,8,2
strangely_alluring,10,0,10
wholly_wrong,10,8,2
totally_inadequate,10,8,2
all_ok,10,9,1
too_cliched,10,10,0
almost_sweet,10,1,9
all_familiar,10,8,2
as_dear,10,6,4
also_unique,10,9,1
as_unstable,10,2,8
totally_fun,10,3,7
totally_mundane,10,3,7
very_shrewd,10,7,3
too_one-dimensional,10,10,0
strangely_silent,10,10,0
very_empathetic,10,8,2
very_widespread,10,8,2
wonderfully_satisfying,10,2,8
carefully_handmade,10,10,0
tantalizingly_close,10,8,2
absolutely_outrageous,10,4,6
as_unthinkable,10,0,10
very_amused,10,10,0
absolutely_mad,10,7,3
very_complementary,10,8,2
still_lower,10,10,0
apparently_simple,10,3,7
as_incomprehensible,10,4,6
always_lacking,10,8,2
very_unhelpful,10,10,0
all_false,10,10,0
surprisingly_useful,10,9,1
around_willing,10,4,6
too_shady,10,10,0
also_beneficial,10,10,0
super_thin,10,9,1
terribly_awful,10,4,6
always_difficult,10,8,2
very_international,10,10,0
very_mathematical,10,10,0
very_unkind,10,8,2
surprisingly_tender,10,9,1
totally_necessary,10,9,1
totally_innocuous,10,3,7
actually_bigger,10,7,3
always_faithful,10,9,1
very_manual,10,10,0
too_adept,10,10,0
very_accustomed,10,9,1
very_lax,10,10,0
as_nimble,10,9,1
too_fascinating,10,10,0
actually_hungry,10,10,0
very_co-operative,10,10,0
very_seamless,10,10,0
unusually_small,10,9,1
super_cautious,10,10,0
as_dependent,10,10,0
as_temporary,10,4,6
super_deep,10,6,4
still_effective,10,10,0
too_corny,10,10,0
also_dependent,10,10,0
too_inebriated,10,9,1
uncomfortably_familiar,10,6,4
actually_gay,10,10,0
too_sappy,10,9,1
still_easy,10,10,0
still_white,10,10,0
uniquely_good,10,2,8
very_far-fetched,10,9,1
very_noteworthy,10,3,7
still_entertaining,10,10,0
truly_disruptive,10,3,7
sufficiently_similar,10,7,3
very_tribal,10,7,3
absolutely_hysterical,10,10,0
as_unnecessary,10,3,7
as_deceptive,10,10,0
very_self-centered,10,9,1
very_creamy,10,8,2
too_able,10,10,0
truly_blessed,10,9,1
too_analytical,10,10,0
all_easy,10,9,1
totally_sick,10,9,1
totally_silly,10,7,3
very_sheer,10,9,1
as_noticeable,10,6,4
very_palatable,10,9,1
vaguely_sinister,10,4,6
very_sober,10,9,1
truly_elegant,10,2,8
classically_elegant,10,10,0
barely_comprehensible,10,9,1
super_dark,10,7,3
totally_unconnected,10,4,6
as_abstract,10,1,9
still_enough,10,10,0
very_melancholy,10,7,3
as_contemporary,10,5,5
totally_invisible,10,9,1
very_twisted,10,5,5
totally_compatible,10,8,2
amazingly_similar,10,10,0
absolutely_identical,10,8,2
truly_dreadful,10,6,4
very_lacking,10,7,3
sufficiently_strong,10,9,1
too_distressing,10,10,0
too_unsure,10,10,0
too_mellow,10,10,0
very_christian,10,5,5
utterly_perfect,10,7,3
wholly_separate,10,2,8
still_pregnant,10,10,0
very_absurd,10,5,5
both_interesting,10,10,0
appropriately_qualified,10,7,3
as_unqualified,10,3,7
very_short-sighted,9,8,1
sadly_predictable,9,8,1
also_significant,9,9,0
so_deliberate,9,7,2
so_enlightened,9,9,0
as_superior,9,6,3
highly_topical,9,9,0
completely_misleading,9,9,0
n't_spiritual,9,9,0
otherwise_unique,9,9,0
also_undocumented,9,9,0
highly_visual,9,9,0
n't_severe,9,9,0
quite_volatile,9,9,0
possibly_extinct,9,9,0
distinctly_southern,9,7,2
most_sacred,9,6,3
completely_raw,9,7,2
perfectly_transparent,9,9,0
however_great,9,5,4
super_dramatic,9,3,6
very_disparate,9,9,0
solidly_democratic,9,9,0
very_awful,9,1,8
right_next,9,7,2
more_insufferable,9,9,0
relatively_conservative,9,8,1
so_draconian,9,7,2
n't_sexy,9,9,0
grossly_inefficient,9,8,1
even_crucial,9,7,2
plain_careless,9,9,0
purely_technical,9,8,1
super_functional,9,6,3
emotionally_raw,9,9,0
absolutely_charming,9,9,0
so_erratic,9,9,0
amazingly_detailed,9,9,0
however_important,9,3,6
obviously_dangerous,9,6,3
utterly_unnecessary,9,8,1
beyond_grateful,9,9,0
highly_venomous,9,9,0
almost_perverse,9,1,8
so_euphoric,9,5,4
quite_ludicrous,9,8,1
equally_complex,9,6,3
also_beautiful,9,8,1
poorly_skilled,9,9,0
largely_rural,9,9,0
equally_delightful,9,6,3
too_gorgeous,9,6,3
very_damp,9,9,0
very_walkable,9,9,0
very_vulgar,9,7,2
perfectly_tender,9,9,0
more_exacting,9,5,4
unusually_heavy,9,9,0
intrinsically_bad,9,5,4
relatively_big,9,6,3
equally_crucial,9,8,1
extremely_overweight,9,8,1
quite_laughable,9,9,0
more_mind-blowing,9,4,5
more_exasperating,9,8,1
just_offensive,9,9,0
almost_useless,9,9,0
super_efficient,9,8,1
so_diligent,9,9,0
more_tenacious,9,8,1
even_strategic,9,8,1
intrinsically_beautiful,9,3,6
romantically_interested,9,8,1
n't_sick,9,9,0
very_obnoxious,9,5,4
mentally_stable,9,9,0
however_little,9,3,6
really_absurd,9,7,2
not_awful,9,9,0
really_glamorous,9,3,6
more_authoritarian,9,6,3
completely_objective,9,7,2
n't_ripe,9,9,0
even_affordable,9,9,0
so_eerie,9,4,5
else_higher,9,0,9
more_tempted,9,9,0
relatively_difficult,9,7,2
almost_accidental,9,8,1
around_easier,9,9,0
grossly_overpaid,9,9,0
probably_necessary,9,8,1
still_jobless,9,9,0
around_easy,9,9,0
most_ruthless,9,9,0
equally_creative,9,6,3
unusually_quiet,9,9,0
so_distorted,9,7,2
super_flexible,9,8,1
plain_black,9,9,0
very_chilly,9,8,1
grossly_misleading,9,9,0
super_eager,9,9,0
completely_public,9,9,0
relatively_affluent,9,9,0
just_opaque,9,9,0
relatively_early,9,9,0
academically_ineligible,9,8,1
perfectly_wonderful,9,6,3
n't_sophisticated,9,9,0
still_legible,9,9,0
not_virtuous,9,8,1
too_gloomy,9,9,0
socially_vulnerable,9,9,0
about_new,9,9,0
otherwise_immoral,9,9,0
pretty_set,9,9,0
fully_confident,9,8,1
not_wet,9,9,0
not_vulnerable,9,9,0
super_complex,9,7,2
really_adorable,9,5,4
highly_unpleasant,9,6,3
fully_dependent,9,9,0
as_surreal,9,6,3
also_weak,9,9,0
truly_safe,9,9,0
super_crowded,9,9,0
super_fine,9,8,1
even_involved,9,9,0
mentally_sharp,9,9,0
possibly_criminal,9,7,2
completely_online,9,9,0
pretty_funky,9,9,0
still_fragile,9,9,0
equally_common,9,9,0
morally_justifiable,9,9,0
absolutely_massive,9,6,3
rather_arbitrary,9,9,0
even_disposable,9,9,0
just_positive,9,9,0
n't_local,9,9,0
real_honest,9,8,1
too_hawkish,9,9,0
very_vicious,9,8,1
even_shameful,9,7,2
very_harmless,9,8,1
quite_illogical,9,7,2
more_muddled,9,7,2
more_bellicose,9,3,6
completely_editable,9,9,0
visibly_emotional,9,9,0
highly_prejudicial,9,9,0
beyond_thrilled,9,9,0
exponentially_better,9,5,4
decidedly_average,9,9,0
very_vexing,9,9,0
completely_dysfunctional,9,8,1
emotionally_wrenching,9,8,1
almost_unnoticeable,9,8,1
seemingly_healthy,9,6,3
more_poisonous,9,5,4
less_natural,9,6,3
even_sexist,9,9,0
unrealistically_high,9,8,1
reasonably_intelligent,9,6,3
rather_ambitious,9,2,7
truly_sad,9,7,2
around_beautiful,9,9,0
extremely_relaxing,9,3,6
even_discriminatory,9,9,0
wildly_offensive,9,5,4
somehow_unique,9,9,0
too_creamy,9,9,0
more_indispensable,9,7,2
highly_recognizable,9,8,1
pretty_racy,9,9,0
purposely_vague,9,9,0
super_relevant,9,9,0
rather_academic,9,9,0
particularly_welcome,9,8,1
equally_accurate,9,8,1
seemingly_complex,9,7,2
around_awful,9,9,0
around_badass,9,9,0
very_conceptual,9,8,1
super_romantic,9,5,4
as_individual,9,7,2
so_awe,9,7,2
quite_inappropriate,9,7,2
not_thirsty,9,9,0
physically_real,9,2,7
even_disingenuous,9,9,0
really_horrific,9,2,7
very_sustainable,9,7,2
always_funny,9,8,1
completely_extinct,9,9,0
morally_inferior,9,8,1
so_abusive,9,8,1
more_regressive,9,7,2
extremely_simplistic,9,9,0
more_far-fetched,9,9,0
slightly_unexpected,9,1,8
slightly_uneven,9,8,1
also_double,9,9,0
easily_affordable,9,7,2
almost_silent,9,9,0
truly_entertaining,9,2,7
incredibly_odd,9,2,7
truly_able,9,9,0
environmentally_beneficial,9,8,1
really_impactful,9,0,9
truly_absurd,9,3,6
as_solemn,9,3,6
even_secular,9,9,0
super_tender,9,9,0
incredibly_fantastical,9,0,9
more_biased,9,8,1
slightly_swollen,9,9,0
still_delicious,9,9,0
seemingly_ordinary,9,1,8
incredibly_famous,9,7,2
slightly_superior,9,9,0
more_smart,9,8,1
particularly_sympathetic,9,9,0
almost_universal,9,6,3
potentially_huge,9,3,6
extremely_skinny,9,9,0
potentially_hurtful,9,5,4
slightly_unhinged,9,7,2
tremendously_useful,9,9,0
super_tricky,9,8,1
more_inaccurate,9,8,1
quite_humbling,9,4,5
as_splendid,9,4,5
most_adventurous,9,9,0
physically_intimidating,9,9,0
always_black,9,9,0
potentially_detrimental,9,9,0
very_fluent,9,9,0
as_speculative,9,6,3
very_intoxicated,9,9,0
very_hateful,9,8,1
not_curable,9,9,0
too_helpful,9,9,0
much_cold,9,9,0
as_artificial,9,6,3
more_unrelated,9,8,1
real_emotional,9,8,1
too_confrontational,9,9,0
otherwise_unwell,9,9,0
as_asinine,9,0,9
particularly_tricky,9,8,1
too_saccharine,9,9,0
barely_capable,9,7,2
especially_heavy,9,6,3
potentially_effective,9,8,1
completely_delicious,9,8,1
genuinely_upset,9,9,0
especially_high,9,8,1
so_biased,9,9,0
as_indulgent,9,5,4
still_famous,9,9,0
possibly_many,9,7,2
likely_false,9,9,0
very_docile,9,9,0
very_formulaic,9,8,1
not_cheaper,9,9,0
as_suave,9,7,2
increasingly_unlikely,9,5,4
even_snowy,9,9,0
not_chinese,9,8,1
real_sad,9,4,5
super_lame,9,7,2
pretty_risky,9,6,3
distinctly_japanese,9,5,4
scrupulously_clean,9,9,0
more_innate,9,0,9
completely_inactive,9,9,0
scrupulously_fair,9,9,0
incredibly_frustrated,9,9,0
especially_cruel,9,2,7
possibly_most,9,4,5
pretty_rich,9,9,0
somehow_inadequate,9,8,1
possibly_new,9,8,1
visually_different,9,0,9
too_seductive,9,9,0
less_objectionable,9,6,3
more_comprehensible,9,3,6
even_intellectual,9,9,0
so_cluttered,9,9,0
super_intelligent,9,8,1
n't_pregnant,9,9,0
more_insensitive,9,8,1
quite_worth,9,8,1
quite_jealous,9,9,0
largely_meaningless,9,8,1
even_intrusive,9,9,0
not_blue,9,7,2
too_unfocused,9,8,1
solidly_republican,9,8,1
plain_apathetic,9,9,0
not_user-friendly,9,9,0
tragically_flawed,9,7,2
technically_insolvent,9,8,1
as_insensitive,9,6,3
unusually_dry,9,9,0
too_deferential,9,9,0
fully_competent,9,7,2
morally_upright,9,8,1
largely_intact,9,9,0
quite_wet,9,8,1
both_easy,9,9,0
absolutely_clean,9,9,0
too_gray,9,9,0
really_grumpy,9,8,1
partly_jewish,9,9,0
barely_edible,9,6,3
fundamentally_dishonest,9,3,6
darkly_comical,9,7,2
most_irritating,9,9,0
as_obsessive,9,4,5
so_closer,9,9,0
second_worst,9,9,0
seemingly_bad,9,4,5
already_overweight,9,9,0
just_few,9,9,0
completely_helpless,9,9,0
darn_tasty,9,9,0
too_secret,9,9,0
previously_unaware,9,9,0
somehow_relevant,9,8,1
rapidly_progressive,9,9,0
n't_noticeable,9,9,0
so_bubbly,9,8,1
so_brown,9,9,0
most_relaxed,9,9,0
reasonably_solid,9,6,3
almost_unreal,9,4,5
completely_green,9,9,0
damn_impressive,9,6,3
always_likely,9,8,1
painfully_bad,9,9,0
super_polite,9,9,0
rarely_available,9,7,2
half_hearted,9,6,3
just_petty,9,9,0
overly_casual,9,8,1
reasonably_similar,9,4,5
too_unlikely,9,9,0
physically_smaller,9,9,0
obviously_incorrect,9,8,1
reasonably_safe,9,9,0
more_individualistic,9,7,2
reasonably_successful,9,9,0
actually_detrimental,9,9,0
more_recognisable,9,5,4
all_consuming,9,7,2
radically_better,9,0,9
very_danceable,9,8,1
as_odious,9,1,8
super_modern,9,7,2
so_civilized,9,8,1
about_local,9,9,0
recently_active,9,9,0
very_superstitious,9,8,1
totally_legitimate,9,8,1
extra_careful,9,9,0
too_jewish,9,8,1
secretly_glad,9,9,0
fairly_weak,9,9,0
generally_satisfied,9,9,0
super_natural,9,6,3
also_controversial,9,8,1
much_amiss,9,8,1
possibly_right,9,9,0
quite_insane,9,9,0
very_debatable,9,8,1
too_monotonous,9,8,1
so_cathartic,9,0,9
unexpectedly_beautiful,9,4,5
as_inept,9,2,7
super_obvious,9,8,1
also_correct,9,9,0
too_universal,9,9,0
too_glaring,9,9,0
best_fresh,9,9,0
super_bad,9,9,0
apparently_contradictory,9,9,0
needlessly_cruel,9,8,1
so_substantial,9,6,3
considerably_faster,9,9,0
plain_unpleasant,9,9,0
more_macho,9,6,3
incredibly_insensitive,9,6,3
already_weak,9,9,0
as_dubious,9,7,2
incredibly_light,9,7,2
truly_healthy,9,5,4
very_customizable,9,9,0
plain_uninteresting,9,9,0
otherwise_superior,9,8,1
so_neurotic,9,8,1
extremely_gentle,9,8,1
as_early,9,8,1
extremely_convenient,9,9,0
relatively_true,9,9,0
strongly_opinionated,9,9,0
now_sick,9,9,0
plain_untrue,9,9,0
too_sunny,9,9,0
even_cheesy,9,9,0
relatively_thin,9,8,1
too_playful,9,9,0
really_compatible,9,3,6
downright_damaging,9,9,0
near_full,9,9,0
already_wealthy,9,9,0
more_stoic,9,5,4
barely_warm,9,9,0
very_lucid,9,8,1
still_unprepared,9,9,0
not_anonymous,9,9,0
so_ominous,9,5,4
downright_malicious,9,9,0
even_unattractive,9,9,0
extremely_daunting,9,9,0
overly_elaborate,9,8,1
so_old-fashioned,9,5,4
so_static,9,6,3
so_stale,9,8,1
so_nonchalant,9,9,0
even_cathartic,9,7,2
more_lurid,9,3,6
very_abundant,9,8,1
as_wary,9,8,1
now_reluctant,9,8,1
so_open-minded,9,7,2
even_unproductive,9,9,0
most_unpleasant,9,8,1
more_luscious,9,6,3
quite_pleasing,9,6,3
financially_free,9,9,0
basically_dead,9,9,0
so_stoic,9,4,5
often_short,9,8,1
extremely_cumbersome,9,9,0
about_small,9,9,0
most_universal,9,9,0
really_conservative,9,6,3
downright_disastrous,9,9,0
so_strenuous,9,4,5
even_unreadable,9,9,0
so_nonsensical,9,6,3
relatively_unfamiliar,9,7,2
less_static,9,7,2
so_susceptible,9,8,1
less_steady,9,8,1
certainly_guilty,9,9,0
now_difficult,9,7,2
even_clearer,9,9,0
pretty_unrealistic,9,9,0
just_hungover,9,9,0
so_tranquil,9,4,5
equally_intelligent,9,8,1
equally_intense,9,6,3
quite_sincere,9,8,1
even_transformative,9,8,1
never_interested,9,9,0
more_connected,9,5,4
otherwise_transferable,9,9,0
even_unworthy,9,9,0
astonishingly_beautiful,9,9,0
apparently_drunk,9,9,0
as_likable,9,4,5
more_alcoholic,9,9,0
quite_spicy,9,9,0
financially_impossible,9,9,0
less_prepared,9,7,2
otherwise_oppressive,9,9,0
totally_ready,9,9,0
overly_dark,9,9,0
truly_grand,9,3,6
quite_spontaneous,9,9,0
as_lightweight,9,5,4
quite_staggering,9,8,1
incredibly_selfish,9,6,3
more_ardent,9,6,3
very_dissimilar,9,8,1
extremely_careless,9,9,0
as_moderate,9,5,4
very_girly,9,4,5
too_sweaty,9,9,0
relatively_straight,9,8,1
even_truer,9,8,1
so_swift,9,9,0
as_ecstatic,9,9,0
extremely_gratifying,9,7,2
so_tacky,9,6,3
so_tactile,9,6,3
less_stimulating,9,3,6
quite_persuasive,9,8,1
terribly_complicated,9,8,1
totally_reliant,9,9,0
quite_slim,9,9,0
so_tasteless,9,2,7
very_sluggish,9,9,0
even_trite,9,9,0
even_literal,9,9,0
laughably_wrong,9,8,1
indescribably_wonderful,9,0,9
almost_alien,9,2,7
incredibly_lonely,9,7,2
still_tough,9,9,0
so_malicious,9,8,1
so_theatrical,9,6,3
never_complete,9,9,0
so_mainstream,9,5,4
very_solitary,9,7,2
very_minimalistic,9,6,3
mostly_full,9,9,0
financially_capable,9,9,0
overtly_violent,9,8,1
fully_traceable,9,9,0
as_vulgar,9,5,4
so_spot-on,9,9,0
overly_descriptive,9,9,0
really_decadent,9,2,7
even_bloody,9,8,1
basically_bad,9,8,1
downright_fraudulent,9,9,0
so_punctual,9,9,0
just_astonishing,9,9,0
most_zealous,9,9,0
very_cohesive,9,6,3
less_savvy,9,6,3
legally_present,9,8,1
nearly_transparent,9,9,0
pretty_traumatic,9,4,5
less_resistant,9,9,0
so_quicker,9,9,0
even_brighter,9,6,3
very_graceful,9,8,1
downright_impressive,9,8,1
very_emotive,9,7,2
vaguely_akin,9,0,9
really_daring,9,2,7
otherwise_removable,9,9,0
less_remarkable,9,4,5
downright_inappropriate,9,9,0
extremely_dull,9,9,0
quite_repetitive,9,9,0
too_loving,9,9,0
even_uninterested,9,9,0
quite_resilient,9,9,0
very_male,9,7,2
casually_interested,9,9,0
too_standard,9,9,0
internationally_famous,9,8,1
most_worthwhile,9,8,1
totally_surprised,9,9,0
as_drab,9,3,6
usually_free,9,8,1
plain_racist,9,9,0
more_sterile,9,6,3
quite_rational,9,9,0
so_restless,9,9,0
otherwise_risky,9,8,1
so_retarded,9,7,2
usually_good,9,8,1
so_reprehensible,9,2,7
otherwise_safe,9,9,0
less_rewarding,9,8,1
strangely_reassuring,9,2,7
just_ineffective,9,9,0
less_revolutionary,9,6,3
nearly_nonexistent,9,9,0
equally_proficient,9,9,0
along_better,9,9,0
so_ripe,9,8,1
also_tiny,9,9,0
vaguely_amusing,9,3,6
purely_instrumental,9,7,2
constantly_negative,9,9,0
very_coachable,9,9,0
even_unheard,9,9,0
less_rosy,9,7,2
downright_hurtful,9,9,0
equally_proud,9,7,2
downright_hysterical,9,9,0
nearly_solid,9,9,0
too_sterile,9,8,1
hopelessly_stupid,9,9,0
quite_prolific,9,9,0
as_malleable,9,5,4
pretty_tiny,9,9,0
legally_eligible,9,8,1
downright_eerie,9,9,0
so_somber,9,6,3
as_visual,9,5,4
most_hectic,9,9,0
even_unconventional,9,9,0
infinitely_larger,9,1,8
extremely_flawed,9,9,0
now_larger,9,9,0
actually_human,9,9,0
as_visceral,9,5,4
mostly_clear,9,9,0
equally_rich,9,8,1
as_unreal,9,7,2
so_patriotic,9,7,2
as_menial,9,1,8
else_worth,9,8,1
often_subject,9,9,0
legitimately_great,9,7,2
equally_mundane,9,1,8
quite_precious,9,3,6
overly_detailed,9,9,0
so_sparse,9,6,3
quite_scarce,9,9,0
too_squeamish,9,7,2
more_vehement,9,9,0
so_other,9,5,4
often_willing,9,9,0
downright_dull,9,9,0
so_oppressive,9,7,2
quite_scientific,9,8,1
more_luminous,9,7,2
unconstitutionally_vague,9,9,0
fairly_relaxed,9,9,0
legally_free,9,9,0
now_pregnant,9,9,0
so_shady,9,6,3
as_malicious,9,4,5
extremely_fantastical,9,0,9
truly_wild,9,3,6
so_possible,9,9,0
nearly_flawless,9,9,0
quite_private,9,7,2
equally_offensive,9,6,3
even_luckier,9,9,0
remarkably_impressive,9,2,7
too_lonely,9,9,0
equally_obvious,9,5,4
even_unlikable,9,9,0
fairly_plain,9,8,1
perfectly_familiar,9,9,0
even_carcinogenic,9,9,0
consistently_liberal,9,9,0
merely_relative,9,9,0
mostly_bad,9,9,0
quite_prestigious,9,8,1
so_sleazy,9,3,6
fairly_realistic,9,9,0
as_vigorous,9,8,1
as_majestic,9,2,7
more_stealthy,9,7,2
pretty_underwhelming,9,8,1
pretty_uneventful,9,9,0
genetically_inferior,9,8,1
horribly_amiss,9,8,1
very_empty,9,7,2
even_clueless,9,9,0
never_present,9,9,0
so_unassuming,9,4,5
so_vacuous,9,4,5
pretty_stubborn,9,9,0
most_skeptical,9,9,0
just_misguided,9,9,0
extraordinarily_successful,9,8,1
pretty_stunned,9,9,0
still_prominent,9,8,1
emotionally_distressing,9,8,1
equally_excellent,9,8,1
so_utilitarian,9,0,9
all_dark,9,7,2
still_proud,9,9,0
completely_terrible,9,8,1
completely_terrified,9,9,0
non_traditional,9,3,6
quite_unable,9,9,0
relatively_innocent,9,6,3
slightly_spicy,9,6,3
particularly_bothersome,9,7,2
really_astounding,9,4,5
increasingly_popular,9,7,2
even_convincing,9,9,0
equally_extreme,9,5,4
so_french,9,7,2
objectively_bad,9,9,0
still_positive,9,9,0
also_amusing,9,8,1
quite_uncertain,9,9,0
emotionally_engaging,9,8,1
sufficiently_serious,9,7,2
so_foul,9,6,3
academically_rigorous,9,9,0
more_mediocre,9,4,5
weirdly_satisfying,9,1,8
so_good-looking,9,7,2
less_unstable,9,8,1
very_muted,9,9,0
incredibly_humbling,9,5,4
more_meaningless,9,8,1
currently_hard,9,9,0
really_badass,9,4,5
currently_illegal,9,7,2
purely_selfish,9,9,0
currently_impossible,9,4,5
sufficiently_close,9,6,3
equally_frustrated,9,9,0
quite_threatening,9,8,1
equally_frightening,9,4,5
quite_murky,9,8,1
still_related,9,8,1
relatively_local,9,6,3
astonishingly_uneducated,9,9,0
quite_muddy,9,9,0
very_lethargic,9,8,1
inherently_problematic,9,2,7
politically_independent,9,9,0
thoroughly_confused,9,9,0
otherwise_less,9,9,0
so_grave,9,8,1
too_earthy,9,9,0
ultimately_futile,9,8,1
currently_operational,9,9,0
already_strong,9,7,2
non_responsive,9,9,0
downright_toxic,9,9,0
even_antithetical,9,9,0
more_quaint,9,4,5
more_upfront,9,8,1
completely_unconventional,9,4,5
just_adequate,9,9,0
very_nerdy,9,6,3
just_grand,9,8,1
just_naked,9,9,0
completely_satisfying,9,3,6
often_less,9,9,0
even_ambivalent,9,9,0
absolutely_bizarre,9,3,6
as_needy,9,5,4
as_tolerant,9,8,1
n't_talented,9,9,0
extremely_messy,9,8,1
ultra_modern,9,8,1
extremely_memorable,9,7,2
most_innocent,9,9,0
particularly_careful,9,8,1
too_pertinent,9,9,0
n't_surprised,9,9,0
almost_poignant,9,1,8
so_eye-catching,9,4,5
technically_qualified,9,6,3
quite_major,9,4,5
totally_wild,9,5,4
so_wretched,9,2,7
pretty_speculative,9,9,0
most_insecure,9,9,0
less_appetizing,9,1,8
so_explicit,9,7,2
emotionally_honest,9,8,1
relatively_fit,9,9,0
actually_decent,9,8,1
as_enthused,9,9,0
virtually_useless,9,9,0
damn_cute,9,8,1
even_suburban,9,9,0
most_delicate,9,9,0
so_forgettable,9,7,2
more_cooler,9,8,1
overly_conscious,9,9,0
so_foolhardy,9,2,7
so_fluid,9,9,0
most_fundamental,9,6,3
very_nearby,9,8,1
damn_bad,9,7,2
extraordinarily_rare,9,6,3
damn_beautiful,9,9,0
very_nebulous,9,8,1
extraordinarily_proud,9,8,1
grossly_exaggerated,9,9,0
just_grey,9,9,0
always_keen,9,9,0
certifiably_insane,9,8,1
overly_fussy,9,8,1
more_qualitative,9,8,1
relatively_heavy,9,4,5
equally_vile,9,4,5
too_laborious,9,9,0
uncomfortably_hot,9,9,0
well_right,9,9,0
even_counterintuitive,9,9,0
still_numb,9,9,0
more_pregnant,9,9,0
always_active,9,9,0
too_shaky,9,9,0
so_feeble,9,6,3
really_free,9,8,1
actually_open,9,9,0
even_workable,9,9,0
fairly_simplistic,9,9,0
downright_reckless,9,9,0
even_miraculous,9,5,4
most_sympathetic,9,9,0
substantially_true,9,9,0
horribly_sad,9,7,2
really_bummed,9,9,0
so_insular,9,9,0
just_horrific,9,8,1
mostly_interested,9,7,2
so_intent,9,7,2
perfectly_alright,9,9,0
pretty_upfront,9,9,0
culturally_diverse,9,9,0
quite_opinionated,9,9,0
increasingly_frustrated,9,9,0
more_contradictory,9,4,5
even_misguided,9,9,0
substantially_younger,9,1,8
quite_okay,9,9,0
equally_tough,9,8,1
even_combative,9,9,0
too_enjoyable,9,8,1
historically_interesting,9,7,2
equally_idiotic,9,2,7
so_ingenious,9,2,7
so_infuriating,9,7,2
even_artificial,9,9,0
vibrantly_alive,9,9,0
nicely_golden,9,9,0
so_uninteresting,9,7,2
artistically_interesting,9,7,2
more_arrogant,9,8,1
fully_healthy,9,9,0
substantially_greater,9,9,0
just_horrifying,9,9,0
equally_incredible,9,8,1
stupidly_simple,9,4,5
even_vague,9,8,1
so_lackluster,9,7,2
totally_radical,9,2,7
really_catastrophic,9,2,7
too_sober,9,9,0
even_athletic,9,9,0
really_enticing,9,2,7
so_jovial,9,7,2
even_atheist,9,9,0
more_continuous,9,7,2
pretty_swell,9,9,0
even_legible,9,9,0
more_agitated,9,9,0
very_autobiographical,9,6,3
remotely_exploitable,9,9,0
any_stronger,9,9,0
absolutely_special,9,0,9
compulsively_watchable,9,5,4
so_irritable,9,8,1
too_talkative,9,9,0
downright_baffling,9,9,0
now_commonplace,9,9,0
naturally_high,9,9,0
quite_striking,9,6,3
downright_puzzling,9,9,0
downright_awesome,9,7,2
too_smoky,9,9,0
culturally_conservative,9,8,1
purely_random,9,9,0
quite_obsessed,9,9,0
completely_unthinkable,9,3,6
pretty_vicious,9,8,1
very_circumspect,9,9,0
actually_old,9,8,1
even_tasty,9,9,0
really_bland,9,6,3
extremely_intriguing,9,5,4
apparently_healthy,9,8,1
so_unreliable,9,9,0
usually_related,9,8,1
relatively_predictable,9,8,1
fairly_modern,9,8,1
terribly_embarrassing,9,6,3
suddenly_open,9,9,0
verbally_aggressive,9,9,0
so_hypocritical,9,5,4
completely_unjustified,9,9,0
truly_fun,9,2,7
barely_readable,9,9,0
even_tastier,9,4,5
so_homey,9,0,9
just_heartbreaking,9,9,0
notoriously_unreliable,9,9,0
so_unsettled,9,9,0
merely_political,9,7,2
even_wicked,9,9,0
less_unique,9,6,3
barely_profitable,9,7,2
now_wrong,9,8,1
about_red,9,9,0
completely_undetectable,9,8,1
most_depressing,9,9,0
so_heartbroken,9,9,0
downright_surreal,9,8,1
politically_conscious,9,9,0
suddenly_interested,9,8,1
less_trustworthy,9,7,2
politically_apathetic,9,9,0
even_commendable,9,9,0
relatively_positive,9,8,1
very_skillful,9,7,2
otherwise_needy,9,9,0
wonderfully_familiar,9,3,6
all_equal,9,9,0
so_indescribable,9,1,8
more_stately,9,5,4
so_indecisive,9,9,0
more_affecting,9,4,5
remotely_plausible,9,9,0
even_competitive,9,9,0
more_entrenched,9,8,1
mostly_likely,9,7,2
still_sensitive,9,9,0
even_tense,9,9,0
actually_lower,9,9,0
probably_valid,9,9,0
so_inaccurate,9,5,4
mentally_fatigued,9,8,1
completely_unprotected,9,9,0
any_happier,9,9,0
as_more,9,8,1
just_lower,9,9,0
no_lower,9,9,0
equally_helpful,9,7,2
even_complimentary,9,8,1
more_adverse,9,9,0
now_bankrupt,9,8,1
remotely_true,9,9,0
slightly_stale,9,9,0
impossibly_beautiful,9,7,2
as_manipulative,9,4,5
deeply_relevant,9,7,2
beautifully_clear,9,9,0
less_diplomatic,9,9,0
excessively_large,9,8,1
not_inconsistent,9,9,0
more_fictional,9,6,3
too_inconsequential,9,9,0
just_sublime,9,8,1
ecologically_friendly,9,7,2
not_payable,9,9,0
particularly_evident,9,2,7
quite_adamant,9,8,1
even_implausible,9,9,0
personally_pro-life,9,9,0
highly_emotive,9,9,0
exceptionally_large,9,9,0
more_demonic,9,5,4
less_liberal,9,7,2
typically_american,9,3,6
not_fictional,9,9,0
probably_impossible,9,7,2
quite_addictive,9,5,4
deeply_rotten,9,6,3
extremely_unsettling,9,4,5
deliberately_indifferent,9,9,0
pretty_direct,9,9,0
as_hopeless,9,5,4
less_immediate,9,7,2
very_hypothetical,9,9,0
quite_baffling,9,8,1
longer_equitable,9,9,0
somewhat_embarrassing,9,7,2
incredibly_efficient,9,8,1
visibly_uncomfortable,9,9,0
hardly_enough,9,9,0
just_unwanted,9,9,0
particularly_enthusiastic,9,8,1
less_devastating,9,6,3
acutely_miserable,9,9,0
too_nasty,9,8,1
highly_erotic,9,7,2
mildly_embarrassing,9,7,2
even_reminiscent,9,8,1
rather_fine,9,3,6
deeply_private,9,4,5
longer_fashionable,9,9,0
amazingly_stupid,9,3,6
sooo_good,9,8,1
truly_unsettling,9,1,8
as_fearless,9,6,3
very_bittersweet,9,7,2
outright_abusive,9,9,0
deeply_sceptical,9,9,0
just_subjective,9,9,0
not_inappropriate,9,8,1
just_stronger,9,9,0
more_carnal,9,2,7
proof_positive,9,8,1
pretty_adventurous,9,9,0
utterly_shocked,9,9,0
simply_misinformed,9,9,0
simply_missing,9,9,0
longer_operational,9,9,0
very_benign,9,2,7
very_unsure,9,9,0
highly_distressing,9,9,0
only_few,9,7,2
truly_captivating,9,2,7
pretty_amazed,9,9,0
as_relentless,9,8,1
almost_hard,9,8,1
more_careless,9,9,0
really_toxic,9,7,2
too_overbearing,9,9,0
deeply_tragic,9,4,5
excessively_expensive,9,9,0
quite_enthusiastic,9,9,0
less_distinctive,9,5,4
somewhat_helpful,9,9,0
most_nutritious,9,9,0
surprisingly_modern,9,8,1
ecologically_significant,9,9,0
not_relaxed,9,9,0
not_relative,9,8,1
irresistibly_funny,9,6,3
even_operational,9,9,0
probably_close,9,8,1
about_cool,9,9,0
seriously_scary,9,4,5
very_reliant,9,9,0
surprisingly_beautiful,9,8,1
personally_offensive,9,8,1
somewhat_greater,9,9,0
intellectually_rigorous,9,9,0
simply_magical,9,4,5
even_relative,9,9,0
even_own,9,9,0
quite_evil,9,7,2
most_persistent,9,9,0
far_sweeter,9,1,8
wildly_divergent,9,9,0
most_available,9,9,0
highly_dynamic,9,9,0
just_stunned,9,9,0
exceptionally_important,9,6,3
very_terrifying,9,3,6
too_visceral,9,8,1
rather_exhausting,9,9,0
fairly_aggressive,9,9,0
also_fantastic,9,9,0
somewhat_contradictory,9,8,1
uniquely_australian,9,2,7
quite_convoluted,9,8,1
simply_ill,9,9,0
very_fertile,9,7,2
even_revolting,9,7,2
absurdly_expensive,9,9,0
simply_illegal,9,9,0
not_interchangeable,9,9,0
significantly_related,9,9,0
surprisingly_rare,9,1,8
n't_doable,9,9,0
too_characteristic,9,9,0
exceedingly_outstanding,9,0,9
surprisingly_quiet,9,9,0
pretty_minimal,9,8,1
as_grateful,9,8,1
entirely_satisfying,9,8,1
not_orthodox,9,9,0
absolutely_determined,9,9,0
as_secular,9,6,3
significantly_slower,9,9,0
even_enviable,9,9,0
inherently_hilarious,9,2,7
quite_fierce,9,9,0
quite_contentious,9,8,1
seriously_debilitating,9,9,0
more_bombastic,9,3,6
slightly_firm,9,9,0
too_prudent,9,9,0
too_hyper,9,9,0
more_rude,9,7,2
enormously_valuable,9,5,4
unbelievably_nice,9,8,1
more_sparse,9,5,4
incredibly_empowering,9,1,8
always_nervous,9,9,0
even_glad,9,9,0
quite_feminine,9,8,1
rather_enjoyable,9,5,4
most_privileged,9,5,4
not_salty,9,9,0
somewhat_complicated,9,8,1
just_unrealistic,9,9,0
terribly_uncomfortable,9,7,2
blatantly_illegal,9,6,3
supremely_satisfying,9,1,8
officially_dead,9,8,1
more_homely,9,6,3
exactly_wrong,9,9,0
as_secretive,9,6,3
still_blank,9,9,0
clearly_rotten,9,8,1
pretty_memorable,9,7,2
surely_familiar,9,9,0
even_honorable,9,7,2
especially_prone,9,9,0
partially_conscious,9,9,0
highly_expressive,9,9,0
quite_crude,9,8,1
seriously_impressive,9,8,1
significantly_harder,9,9,0
pretty_meh,9,9,0
extremely_unexpected,9,2,7
less_fertile,9,9,0
not_extreme,9,9,0
simply_inexperienced,9,9,0
more_girly,9,2,7
significantly_easier,9,9,0
more_sordid,9,4,5
just_superficial,9,9,0
mobile_responsive,9,9,0
incredibly_relaxing,9,2,7
very_territorial,9,9,0
only_minor,9,8,1
more_high-tech,9,4,5
more_foreboding,9,4,5
modestly_effective,9,9,0
not_exhaustive,9,9,0
merely_indifferent,9,9,0
clearly_recognizable,9,8,1
genuinely_great,9,5,4
totally_hilarious,9,8,1
most_obnoxious,9,9,0
less_delicious,9,4,5
incredibly_tight,9,8,1
painfully_evident,9,8,1
directly_contradictory,9,9,0
approximately_true,9,9,0
kinda_good,9,9,0
less_fine,9,9,0
truly_bespoke,9,2,7
directly_comparable,9,7,2
very_prolific,9,9,0
less_logical,9,9,0
enormously_satisfying,9,3,6
entirely_customizable,9,9,0
wonderfully_weird,9,8,1
especially_problematic,9,4,5
also_unwilling,9,9,0
manifestly_contrary,9,9,0
more_petite,9,7,2
really_relatable,9,4,5
longer_workable,9,9,0
more_dissonant,9,6,3
basically_perfect,9,9,0
somewhat_rare,9,5,4
together_dead,9,9,0
pretty_bright,9,8,1
pretty_brilliant,9,9,0
highly_conscious,9,9,0
genuinely_positive,9,2,7
sexually_confused,9,9,0
too_banal,9,9,0
incredibly_disturbing,9,4,5
actually_valid,9,9,0
pretty_concerned,9,9,0
really_stylish,9,5,4
somewhat_reluctant,9,9,0
also_valuable,9,9,0
often_best,9,9,0
immediately_applicable,9,9,0
probably_accurate,9,9,0
highly_configurable,9,8,1
somewhat_ridiculous,9,7,2
moderately_important,9,9,0
wildly_ambitious,9,8,1
just_slower,9,9,0
as_cheerful,9,9,0
quite_desirable,9,9,0
perhaps_unexpected,9,5,4
pretty_corny,9,9,0
rather_tricky,9,8,1
absolutely_excellent,9,9,0
openly_rebellious,9,8,1
very_sandy,9,9,0
quite_ambiguous,9,9,0
simply_puzzling,9,9,0
highly_corrosive,9,8,1
n't_american,9,9,0
longer_welcome,9,9,0
perhaps_genuine,9,9,0
longer_wet,9,9,0
simply_uninspired,9,9,0
n't_ambitious,9,9,0
pretty_blurry,9,9,0
more_opportunistic,9,8,1
simply_racist,9,9,0
very_earthy,9,4,5
incredibly_cathartic,9,1,8
rather_larger,9,2,7
very_biased,9,8,1
as_careless,9,3,6
very_hidden,9,9,0
somewhat_risky,9,9,0
simply_unaffordable,9,9,0
less_emotional,9,6,3
not_greater,9,9,0
somewhat_smaller,9,8,1
pretty_chuffed,9,9,0
incredibly_wealthy,9,9,0
even_outstanding,9,9,0
not_problematic,9,9,0
maddeningly_difficult,9,9,0
always_proud,9,8,1
amazingly_powerful,9,5,4
incredibly_precarious,9,9,0
more_sultry,9,0,9
also_illegal,9,8,1
even_outlandish,9,9,0
utterly_lacking,9,4,5
essentially_wrong,9,0,9
particularly_odious,9,3,6
exceptionally_special,9,1,8
highly_challenging,9,8,1
very_impressionable,9,8,1
desperately_sick,9,9,0
surprisingly_fun,9,8,1
mysteriously_beautiful,9,4,5
truly_compatible,9,1,8
definitely_lucky,9,9,0
inherently_attractive,9,1,8
not_higher,9,9,0
entirely_inaccessible,9,9,0
probably_afraid,9,9,0
somewhat_scary,9,9,0
even_flawed,9,9,0
as_perceptive,9,5,4
as_fit,9,7,2
rather_traditional,9,6,3
as_retarded,9,2,7
entirely_incorrect,9,9,0
particularly_notable,9,3,6
insanely_hot,9,7,2
even_hypothetical,9,9,0
even_prone,9,9,0
inherently_enjoyable,9,2,7
most_new,9,5,4
less_enamored,9,8,1
very_systematic,9,8,1
still_alright,9,8,1
desperately_worried,9,8,1
pretty_comical,9,8,1
truly_offensive,9,1,8
very_hilarious,9,7,2
somewhat_suspicious,9,9,0
most_pleasing,9,9,0
more_happier,9,7,2
more_ripe,9,9,0
most_expressive,9,9,0
surprisingly_interesting,9,8,1
as_rugged,9,5,4
surprisingly_common,9,7,2
really_naive,9,8,1
pretty_legit,9,7,2
rather_lucky,9,8,1
too_noble,9,7,2
statistically_valid,9,9,0
exceedingly_kind,9,9,0
unintentionally_hurtful,9,5,4
as_higher,9,9,0
rather_harsh,9,9,0
instantly_gratifying,9,6,3
clearly_beneficial,9,6,3
even_favorable,9,9,0
simply_wishful,9,9,0
already_happy,9,9,0
maybe_convenient,9,9,0
pretty_authentic,9,8,1
unintentionally_humorous,9,7,2
extremely_vivid,9,9,0
somewhat_wary,9,9,0
shockingly_different,9,4,5
entirely_logical,9,8,1
kinda_awesome,9,5,4
utterly_mundane,9,2,7
that_successful,9,8,1
rather_grand,9,5,4
almost_close,9,7,2
just_verbal,9,9,0
seriously_worried,9,9,0
just_dumbfounded,9,9,0
particularly_pleasant,9,7,2
surprisingly_cheap,9,9,0
very_unsatisfied,9,9,0
visually_captivating,9,5,4
already_high,9,9,0
very_racist,9,9,0
even_imminent,9,9,0
deliberately_ambiguous,9,9,0
most_energetic,9,8,1
pretty_daunting,9,9,0
less_jewish,9,3,6
rather_superficial,9,9,0
as_painless,9,7,2
quite_enchanting,9,2,7
as_correct,9,6,3
much_lucky,9,9,0
entirely_evil,9,8,1
as_brazen,9,1,8
always_equal,9,9,0
too_prohibitive,9,9,0
too_overcome,9,9,0
really_sinister,9,1,8
far_heavier,9,6,3
only_large,9,8,1
wholly_unfamiliar,9,4,5
just_dreadful,9,9,0
pretty_balanced,9,9,0
severely_overcrowded,9,9,0
exceedingly_impressive,9,2,7
somewhat_odd,9,9,0
enormously_generous,9,9,0
as_courageous,9,6,3
unintentionally_comical,9,9,0
even_few,9,9,0
even_ordinary,9,9,0
immensely_successful,9,9,0
just_standard,9,9,0
simply_practical,9,9,0
wildly_contradictory,9,8,1
more_revolting,9,7,2
as_right,9,4,5
far_riskier,9,4,5
extremely_worrisome,9,6,3
somewhat_painful,9,9,0
n't_authentic,9,9,0
simply_upset,9,9,0
n't_believable,9,9,0
extremely_wet,9,9,0
profoundly_evil,9,6,3
less_dominant,9,8,1
overly_prescriptive,9,9,0
not_radical,9,9,0
less_inclusive,9,6,3
moderately_obese,9,9,0
only_guilty,9,9,0
somewhat_misleading,9,8,1
longer_sufficient,9,9,0
most_comprehensive,9,8,1
kind_hearted,9,9,0
just_dishonest,9,9,0
incredibly_pleased,9,9,0
unbelievably_supportive,9,9,0
fairly_effective,9,9,0
perhaps_fourth,9,9,0
outright_funny,9,9,0
as_bullish,9,9,0
n't_best,9,9,0
extremely_welcome,9,9,0
exceptionally_powerful,9,9,0
incredibly_pleasant,9,8,1
highly_damaging,9,9,0
even_enlightening,9,9,0
more_dovish,9,7,2
very_conversational,9,9,0
much_set,9,9,0
as_giddy,9,9,0
simply_baffling,9,9,0
really_white,9,7,2
as_prone,9,8,1
less_miserable,9,7,2
more_hysterical,9,9,0
slightly_irregular,9,7,2
just_reflective,9,9,0
as_eye-catching,9,9,0
inherently_charming,9,0,9
even_elusive,9,9,0
locally_abundant,9,9,0
insanely_stupid,9,6,3
hugely_profitable,9,8,1
too_upsetting,9,9,0
extremely_strict,9,9,0
most_magical,9,9,0
simply_cool,9,9,0
really_uplifting,9,2,7
genuinely_important,9,4,5
just_racist,9,9,0
more_suburban,9,7,2
overly_nostalgic,9,9,0
more_paradoxical,9,7,2
less_green,9,5,4
extremely_sweet,9,9,0
most_ethical,9,9,0
most_amusing,9,9,0
too_rosy,9,9,0
as_shameful,9,4,5
logistically_difficult,9,9,0
even_embarrassed,9,9,0
totally_authentic,9,7,2
obviously_related,9,9,0
even_petty,9,9,0
just_quicker,9,9,0
already_mature,9,9,0
extremely_steep,9,9,0
not_diverse,9,9,0
easily_navigable,9,9,0
not_malicious,9,9,0
not_obese,9,9,0
as_futile,9,5,4
that_memorable,9,9,0
marginally_useful,9,5,4
chronically_unemployed,9,9,0
fairly_attractive,9,8,1
totally_illogical,9,5,4
terribly_stupid,9,4,5
partially_exclusive,9,9,0
quite_free,9,9,0
really_qualified,9,7,2
very_homey,9,2,7
as_sexist,9,4,5
even_satisfied,9,9,0
more_distinguished,9,1,8
indisputably_true,9,8,1
easily_distinguishable,9,6,3
pretty_original,9,6,3
less_correct,9,9,0
already_live,9,9,0
utterly_true,9,8,1
very_cramped,9,9,0
highly_inconvenient,9,9,0
slightly_insane,9,8,1
particularly_dramatic,9,6,3
less_contentious,9,3,6
more_fuel-efficient,9,5,4
even_eccentric,9,9,0
exceedingly_small,9,9,0
very_drab,9,7,2
otherwise_compelling,9,9,0
n't_fluent,9,9,0
even_indispensable,9,9,0
even_harmless,9,9,0
wholly_inadequate,9,7,2
completely_certain,9,9,0
completely_artificial,9,6,3
exclusively_homosexual,9,8,1
almost_sinister,9,0,9
actually_thirsty,9,9,0
slightly_profitable,9,9,0
overly_vague,9,9,0
most_clever,9,9,0
really_innocent,9,7,2
pretty_groovy,9,8,1
too_oppressive,9,8,1
similarly_valuable,9,8,1
surprisingly_strong,9,9,0
truly_appalling,9,4,5
quite_green,9,9,0
rather_conventional,9,8,1
most_fearless,9,9,0
that_large,9,4,5
completely_brown,9,9,0
simply_cruel,9,9,0
pretty_generous,9,8,1
very_disgusting,9,7,2
quite_genuine,9,6,3
deeply_admirable,9,2,7
completely_candid,9,9,0
sometimes_true,9,9,0
too_muscular,9,9,0
rather_conservative,9,9,0
even_infinite,9,9,0
more_drunk,9,9,0
even_elegant,9,8,1
too_horrific,9,6,3
just_typical,9,9,0
delightfully_different,9,2,7
just_refreshing,9,9,0
heavily_indebted,9,9,0
hugely_satisfying,9,4,5
as_inappropriate,9,6,3
incredibly_tempting,9,7,2
truly_modern,9,0,9
really_useless,9,7,2
not_moral,9,9,0
real_busy,9,9,0
too_cloying,9,8,1
more_pedestrian,9,2,7
most_progressive,9,8,1
not_light,9,9,0
potentially_more,9,9,0
very_insulting,9,9,0
even_efficient,9,9,0
completely_captivating,9,6,3
fairly_calm,9,9,0
outright_weird,9,9,0
not_neutral,9,9,0
really_indulgent,9,2,7
pretty_fancy,9,9,0
already_late,9,9,0
too_hoppy,9,9,0
slightly_inappropriate,9,6,3
completely_blank,9,9,0
readily_recognizable,9,7,2
totally_indifferent,9,9,0
more_blurry,9,8,1
somewhat_bizarre,9,8,1
n't_greener,9,9,0
terribly_serious,9,7,2
directly_overhead,9,9,0
immediately_suspicious,9,8,1
more_fucking,9,9,0
very_exhilarating,9,6,3
truly_professional,9,5,4
quite_bleak,9,8,1
more_impersonal,9,7,2
simply_amusing,9,9,0
just_delighted,9,9,0
as_funky,9,6,3
not_miserable,9,9,0
often_fatal,9,9,0
completely_compelling,9,5,4
simply_anxious,9,9,0
not_naive,9,9,0
spectacularly_bad,9,7,2
that_horrible,9,8,1
as_improbable,9,1,8
spiritually_uplifting,9,6,3
clearly_more,9,8,1
also_expensive,9,9,0
fundamentally_right,9,4,5
already_low,9,9,0
almost_similar,9,8,1
locally_common,9,9,0
clearly_excessive,9,9,0
rather_critical,9,8,1
simply_fancy,9,9,0
too_rocky,9,9,0
pretty_painless,9,9,0
superbly_round,9,9,0
more_sadistic,9,5,4
rather_painful,9,9,0
really_influential,9,7,2
quite_hardy,9,9,0
very_rocky,9,9,0
logically_consistent,9,8,1
less_congested,9,9,0
pretty_enjoyable,9,9,0
uniquely_captivating,9,2,7
potentially_preventable,9,9,0
rather_simplistic,9,7,2
otherwise_awful,9,9,0
totally_brilliant,9,6,3
also_easier,9,9,0
overly_analytical,9,9,0
fairly_amusing,9,7,2
otherwise_aware,9,9,0
less_fragile,9,3,6
more_cheap,9,3,6
pretty_ok,9,9,0
most_fashionable,9,9,0
really_reasonable,9,9,0
disastrously_wrong,9,8,1
much_ok,9,9,0
already_dark,9,9,0
particularly_keen,9,9,0
more_nasty,9,1,8
even_economical,9,8,1
easily_predictable,9,9,0
incredibly_offensive,9,8,1
particularly_rich,9,8,1
too_purple,9,9,0
too_hilarious,9,9,0
overly_affectionate,9,9,0
inherently_capable,9,8,1
really_pricey,9,9,0
not_slow,9,9,0
more_impenetrable,9,8,1
more_furious,9,8,1
actually_easy,9,8,1
really_quirky,9,6,3
genuinely_unaware,9,9,0
really_physical,9,7,2
fiercely_passionate,9,9,0
deeply_fascinating,9,0,9
all_aware,9,9,0
more_frank,9,9,0
morally_defensible,9,9,0
startlingly_honest,9,8,1
as_global,9,7,2
even_scandalous,9,7,2
that_naive,9,9,0
perhaps_difficult,9,6,3
very_praiseworthy,9,7,2
simply_available,9,9,0
more_crude,9,7,2
merely_confused,9,9,0
not_separate,9,9,0
totally_black,9,9,0
rather_crude,9,9,0
too_usual,9,9,0
n't_factual,9,9,0
totally_incompatible,9,7,2
more_formulaic,9,4,5
somewhat_annoying,9,8,1
off_enough,9,8,1
totally_illegal,9,7,2
amazingly_fun,9,6,3
incredibly_evil,9,1,8
blatantly_stupid,9,5,4
undeniably_fascinating,9,2,7
more_salty,9,7,2
always_online,9,9,0
pretty_free,9,9,0
more_repressive,9,7,2
too_addicted,9,9,0
directly_proportionate,9,9,0
even_handsome,9,9,0
overly_self-critical,9,9,0
very_varied,9,9,0
surprisingly_short,9,9,0
most_protective,9,9,0
spiritually_minded,9,8,1
culturally_distinct,8,8,0
aesthetically_important,8,7,1
very_rustic,8,6,2
usually_busy,8,8,0
sharply_higher,8,8,0
now_comfortable,8,8,0
absolutely_flawless,8,8,0
pleasantly_plump,8,7,1
so_puzzling,8,7,1
moderately_conservative,8,8,0
also_worse,8,8,0
truly_present,8,8,0
entirely_familiar,8,5,3
definitely_unique,8,5,3
similarly_stupid,8,1,7
almost_immediate,8,8,0
massively_different,8,5,3
as_frugal,8,4,4
highly_annoying,8,8,0
intensely_human,8,5,3
even_versatile,8,8,0
terminally_stupid,8,8,0
too_erratic,8,8,0
totally_professional,8,8,0
as_hairy,8,8,0
equally_inappropriate,8,4,4
not_male,8,8,0
newly_dead,8,6,2
truly_priceless,8,2,6
badly_mistaken,8,8,0
also_little,8,8,0
culturally_acceptable,8,8,0
downright_frigid,8,8,0
not_masculine,8,8,0
quite_stringent,8,8,0
even_frightened,8,8,0
most_horrific,8,8,0
similarly_small,8,2,6
also_local,8,7,1
even_vertical,8,8,0
totally_bored,8,8,0
extremely_bloody,8,7,1
now_compatible,8,8,0
all_open,8,8,0
simply_overwhelming,8,8,0
as_lifeless,8,4,4
so_inviting,8,7,1
merely_temporary,8,8,0
equally_perfect,8,6,2
as_flavorful,8,7,1
rather_original,8,3,5
rather_liberal,8,8,0
not_prevalent,8,8,0
not_pricey,8,8,0
even_unfriendly,8,8,0
as_fruitful,8,8,0
intensely_local,8,7,1
simply_shocked,8,8,0
uniquely_talented,8,8,0
even_laudable,8,8,0
even_volatile,8,8,0
rather_puzzling,8,6,2
simply_astonishing,8,8,0
more_employable,8,8,0
totally_pointless,8,7,1
fairly_sophisticated,8,6,2
definitely_possible,8,7,1
very_ruthless,8,7,1
very_troubled,8,6,2
usually_able,8,8,0
all_sad,8,8,0
extremely_engaging,8,6,2
simply_astounding,8,8,0
fully_waterproof,8,8,0
so_individualistic,8,7,1
heavily_republican,8,8,0
just_long,8,8,0
most_surprised,8,7,1
pretty_general,8,6,2
actually_surprised,8,8,0
so_reflective,8,5,3
equally_hilarious,8,4,4
simply_silent,8,8,0
very_manly,8,3,5
remotely_relevant,8,5,3
incredibly_weak,8,8,0
generally_unpleasant,8,6,2
politically_challenging,8,8,0
rather_radical,8,1,7
very_fake,8,7,1
too_tentative,8,8,0
down_deep,8,1,7
most_nervous,8,7,1
intuitively_obvious,8,8,0
as_hardy,8,5,3
most_disappointing,8,8,0
more_satirical,8,7,1
rather_insignificant,8,6,2
greatly_impressed,8,8,0
now_black,8,8,0
extremely_amusing,8,7,1
wildly_unpredictable,8,7,1
politically_attractive,8,7,1
totally_beautiful,8,5,3
just_unbearable,8,7,1
well_onboard,8,8,0
most_pleasurable,8,7,1
hopelessly_optimistic,8,8,0
rather_quick,8,8,0
extremely_ancient,8,5,3
rather_intense,8,8,0
just_inept,8,8,0
absolutely_appropriate,8,8,0
now_necessary,8,7,1
too_authoritarian,8,8,0
exceptionally_qualified,8,8,0
even_colorful,8,7,1
pleasantly_warm,8,8,0
even_comedic,8,8,0
pretty_conventional,8,6,2
extremely_awkward,8,7,1
more_sci-fi,8,3,5
so_rational,8,5,3
just_allergic,8,8,0
well_good,8,7,1
so_rad,8,6,2
more_scholarly,8,4,4
incredibly_clear,8,6,2
profoundly_good,8,2,6
remotely_good,8,4,4
rather_promising,8,6,2
quite_recognizable,8,8,0
newly_pregnant,8,8,0
really_decent,8,4,4
moderately_difficult,8,7,1
maybe_unwilling,8,8,0
more_sumptuous,8,4,4
astonishingly_good,8,6,2
simply_prone,8,8,0
pretty_ineffective,8,8,0
profoundly_spiritual,8,2,6
more_african,8,7,1
only_interesting,8,8,0
incredibly_damaging,8,7,1
very_geometric,8,8,0
only_worried,8,7,1
almost_ridiculous,8,5,3
particularly_newsworthy,8,6,2
altogether_unexpected,8,0,8
equally_pleased,8,8,0
pretty_innocent,8,7,1
most_horrible,8,6,2
only_wrong,8,8,0
extremely_elegant,8,7,1
undoubtedly_aware,8,8,0
downright_afraid,8,8,0
almost_worthless,8,6,2
less_thrilling,8,6,2
maybe_bigger,8,6,2
sexually_satisfied,8,8,0
maybe_big,8,7,1
simply_awkward,8,8,0
mildly_irritating,8,8,0
even_virtual,8,8,0
simply_reluctant,8,8,0
perfectly_accessible,8,8,0
even_macabre,8,8,0
totally_dry,8,8,0
incredibly_clean,8,8,0
just_local,8,8,0
even_comic,8,8,0
just_unacceptable,8,6,2
rather_refreshing,8,4,4
simply_redundant,8,8,0
almost_right,8,7,1
exceedingly_happy,8,8,0
so_jam-packed,8,8,0
even_virtuous,8,7,1
intensely_involved,8,6,2
emotionally_absent,8,8,0
so_muddy,8,8,0
more_contagious,8,5,3
strongly_interested,8,8,0
as_low-tech,8,1,7
surprisingly_positive,8,7,1
as_whimsical,8,2,6
very_cliche,8,7,1
only_minimal,8,8,0
surprisingly_powerful,8,6,2
pretty_insightful,8,6,2
downright_deceitful,8,8,0
very_claustrophobic,8,6,2
so_peachy,8,7,1
even_unsettling,8,8,0
mildly_sweet,8,5,3
so_narcissistic,8,7,1
only_successful,8,8,0
too_sugary,8,8,0
too_extraordinary,8,7,1
already_wary,8,8,0
downright_devastating,8,8,0
marginally_effective,8,8,0
fairly_routine,8,8,0
plain_tacky,8,8,0
actually_negative,8,8,0
extremely_depressed,8,7,1
pretty_hazy,8,8,0
more_supple,8,3,5
totally_dark,8,8,0
very_cut,8,8,0
too_arbitrary,8,8,0
more_encouraging,8,4,4
entirely_bogus,8,8,0
simply_inept,8,8,0
as_lovable,8,5,3
equally_new,8,4,4
most_outlandish,8,8,0
actually_familiar,8,7,1
enormously_profitable,8,8,0
more_profane,8,4,4
so_mighty,8,4,4
perfectly_enjoyable,8,8,0
apparently_dead,8,8,0
too_obscene,8,6,2
overly_sexualized,8,8,0
often_unwilling,8,8,0
extremely_complimentary,8,7,1
also_suspect,8,8,0
simply_irresponsible,8,8,0
grammatically_wrong,8,7,1
manifestly_unreasonable,8,8,0
pretty_disgusted,8,8,0
entirely_deserving,8,8,0
quite_simplistic,8,8,0
incredibly_destructive,8,6,2
rather_shallow,8,8,0
too_poignant,8,7,1
extremely_confused,8,8,0
not_inevitable,8,8,0
not_novel,8,8,0
as_greedy,8,7,1
truly_impressed,8,7,1
extremely_conscientious,8,8,0
as_lousy,8,5,3
necessarily_easy,8,6,2
even_greedy,8,8,0
so_persuasive,8,7,1
even_unnatural,8,6,2
very_temperamental,8,8,0
just_thick,8,7,1
even_lukewarm,8,8,0
even_grand,8,6,2
significantly_weaker,8,7,1
most_central,8,7,1
necessarily_related,8,8,0
just_tall,8,6,2
genetically_distinct,8,8,0
so_odious,8,4,4
just_tacky,8,8,0
equally_momentous,8,1,7
legally_correct,8,7,1
merely_speculative,8,8,0
as_gloomy,8,7,1
even_holy,8,7,1
extremely_cute,8,7,1
less_sincere,8,4,4
almost_humorous,8,8,0
remarkably_outstanding,8,0,8
equally_nasty,8,1,7
simply_functional,8,8,0
totally_consistent,8,8,0
plain_unattractive,8,8,0
less_skillful,8,4,4
pretty_tipsy,8,8,0
strikingly_obvious,8,5,3
incredibly_consistent,8,8,0
most_certain,8,8,0
more_endangered,8,8,0
exceedingly_proud,8,8,0
exceptionally_durable,8,8,0
rather_soft,8,7,1
too_annoyed,8,8,0
extremely_deadly,8,8,0
so_old-school,8,3,5
most_humane,8,8,0
less_similar,8,7,1
equally_meaningful,8,5,3
so_overt,8,5,3
fully_satisfying,8,7,1
otherwise_prone,8,8,0
pretty_horrendous,8,6,2
even_unreal,8,8,0
woefully_insufficient,8,8,0
not_intact,8,8,0
too_amusing,8,8,0
too_facile,8,8,0
also_key,8,8,0
indirectly_concerned,8,8,0
uniquely_challenging,8,3,5
quite_satisfactory,8,7,1
very_distraught,8,8,0
not_other,8,7,1
all_normal,8,8,0
entirely_capable,8,7,1
very_enchanting,8,2,6
more_futile,8,7,1
not_intense,8,7,1
even_centrist,8,8,0
too_substantial,8,7,1
actually_hostile,8,7,1
truly_perfect,8,5,3
so_overdone,8,7,1
less_silly,8,4,4
absolutely_good,8,7,1
insanely_rich,8,7,1
also_modest,8,8,0
totally_corrupt,8,8,0
simply_faster,8,8,0
simply_hostile,8,8,0
simply_irritating,8,8,0
very_classical,8,3,5
downright_corrupt,8,8,0
only_valuable,8,8,0
just_insensitive,8,8,0
otherwise_reliable,8,8,0
only_obtainable,8,7,1
so_preventable,8,2,6
downright_fascinating,8,7,1
equally_innocuous,8,0,8
maybe_white,8,7,1
moderately_big,8,8,0
already_vegan,8,8,0
shockingly_new,8,0,8
just_unexpected,8,8,0
always_useful,8,8,0
so_lighter,8,8,0
entirely_anonymous,8,8,0
not_impartial,8,7,1
most_detailed,8,8,0
maybe_younger,8,8,0
even_unkind,8,8,0
most_persuasive,8,8,0
most_viable,8,8,0
more_virtual,8,4,4
most_ignorant,8,8,0
too_acute,8,8,0
really_chill,8,8,0
even_cliche,8,8,0
rather_many,8,8,0
too_symbolic,8,8,0
surprisingly_successful,8,7,1
abundantly_available,8,8,0
around_unpleasant,8,8,0
simply_convenient,8,8,0
shockingly_poor,8,8,0
depressingly_predictable,8,7,1
incredibly_intuitive,8,6,2
shockingly_low,8,8,0
never_sincere,8,8,0
extremely_bullish,8,8,0
so_juvenile,8,4,4
most_terrible,8,6,2
so_jumpy,8,8,0
extremely_brutal,8,6,2
brutally_realistic,8,8,0
pretty_cut,8,8,0
delightfully_quirky,8,6,2
otherwise_remarkable,8,8,0
less_satisfactory,8,6,2
surprisingly_light,8,7,1
even_ludicrous,8,8,0
pretty_cruel,8,3,5
widely_misunderstood,8,8,0
nearly_unique,8,4,4
only_local,8,8,0
purely_educational,8,8,0
incredibly_cruel,8,5,3
almost_total,8,8,0
eminently_watchable,8,6,2
far_slower,8,6,2
quite_standard,8,8,0
genetically_prone,8,7,1
never_possible,8,4,4
similarly_ridiculous,8,0,8
downright_filthy,8,8,0
extremely_dramatic,8,4,4
less_superficial,8,2,6
remarkably_fresh,8,5,3
most_thorough,8,8,0
more_loathsome,8,6,2
simply_critical,8,8,0
as_limited,8,5,3
otherwise_other,8,8,0
pretty_explicit,8,7,1
rather_several,8,7,1
never_clear,8,8,0
not_life-threatening,8,8,0
truly_shameful,8,5,3
maybe_yellow,8,6,2
strictly_personal,8,5,3
always_excellent,8,7,1
sickeningly_sweet,8,5,3
even_unusable,8,8,0
vaguely_creepy,8,1,7
higher_ideal,8,8,0
extremely_colorful,8,7,1
brutally_difficult,8,8,0
very_extravagant,8,5,3
extremely_comforting,8,1,7
so_materialistic,8,6,2
pretty_exotic,8,7,1
insanely_popular,8,7,1
rather_mild,8,8,0
less_senior,8,4,4
home_happy,8,8,0
rather_miraculous,8,3,5
more_enamored,8,6,2
so_mechanical,8,4,4
deliberately_ignorant,8,8,0
too_stylish,8,8,0
not_incorrect,8,8,0
quite_slippery,8,7,1
pretty_hairy,8,8,0
pretty_tedious,8,8,0
only_okay,8,8,0
most_careful,8,7,1
actually_homeless,8,8,0
fully_representative,8,7,1
ultimately_unsuccessful,8,8,0
overly_exuberant,8,8,0
most_trivial,8,7,1
very_exaggerated,8,8,0
more_golden,8,7,1
not_lovable,8,8,0
pretty_tasteless,8,6,2
otherwise_outdated,8,8,0
simply_lovely,8,7,1
downright_chilling,8,6,2
vaguely_romantic,8,0,8
stunningly_good,8,7,1
more_showy,8,5,3
incredibly_soft,8,5,3
hopelessly_confused,8,8,0
truly_painful,8,6,2
equally_intriguing,8,7,1
deliberately_dishonest,8,8,0
pretty_depressed,8,8,0
entirely_arbitrary,8,4,4
rather_poetic,8,4,4
less_selective,8,8,0
fairly_random,8,7,1
even_gross,8,8,0
even_civilian,8,8,0
so_magnetic,8,2,6
equally_involved,8,8,0
even_calm,8,8,0
equally_obscure,8,4,4
as_effortless,8,5,3
deliberately_false,8,8,0
rather_sensitive,8,5,3
not_harsh,8,8,0
unbearably_painful,8,6,2
not_harmonious,8,8,0
only_cosmetic,8,8,0
secretly_afraid,8,8,0
profoundly_amiss,8,5,3
indeed_worse,8,8,0
otherwise_beneficial,8,8,0
equally_banal,8,3,5
most_cunning,8,8,0
not_searchable,8,8,0
even_despicable,8,7,1
pretty_respectful,8,8,0
longer_acceptable,8,6,2
half_clear,8,8,0
highly_satisfying,8,6,2
darn_happy,8,8,0
particularly_safe,8,8,0
just_rough,8,8,0
rather_dubious,8,8,0
too_current,8,8,0
so_cinematic,8,3,5
very_final,8,2,6
slightly_fuzzy,8,7,1
highly_ideological,8,8,0
almost_good,8,6,2
emotionally_supportive,8,8,0
not_employable,8,8,0
longer_affordable,8,8,0
truly_liberating,8,2,6
finally_dead,8,7,1
entirely_stupid,8,1,7
darn_cool,8,7,1
particularly_rewarding,8,6,2
incredibly_therapeutic,8,3,5
even_english,8,8,0
rather_eccentric,8,6,2
more_young,8,8,0
incredibly_engaging,8,6,2
very_delighted,8,8,0
very_pretentious,8,6,2
otherwise_fraudulent,8,8,0
not_coherent,8,8,0
highly_secretive,8,8,0
finally_comfortable,8,8,0
kinda_new,8,6,2
readily_obtainable,8,8,0
pretty_noisy,8,8,0
altogether_better,8,2,6
not_economic,8,8,0
too_crispy,8,8,0
truly_momentous,8,0,8
too_pedantic,8,8,0
more_cowardly,8,7,1
more_hypnotic,8,4,4
likely_unaware,8,8,0
entirely_unavailable,8,8,0
particularly_wrong,8,3,5
automatically_eligible,8,8,0
slightly_ironic,8,5,3
incredibly_fragile,8,7,1
potentially_unpleasant,8,6,2
overly_intellectual,8,8,0
possibly_superior,8,8,0
too_urban,8,8,0
very_finicky,8,6,2
deeply_dissatisfied,8,8,0
pretty_receptive,8,8,0
not_transferable,8,8,0
more_hygienic,8,7,1
slightly_incorrect,8,8,0
so_characteristic,8,4,4
otherwise_false,8,8,0
also_exempt,8,8,0
also_right,8,8,0
all_relative,8,8,0
more_courteous,8,8,0
distinctly_european,8,2,6
even_diabolical,8,7,1
not_commensurate,8,8,0
fairly_widespread,8,8,0
too_crooked,8,8,0
more_infinite,8,1,7
very_populous,8,8,0
particularly_dry,8,8,0
emotionally_uncomfortable,8,8,0
visibly_dirty,8,8,0
darn_special,8,3,5
entirely_truthful,8,8,0
very_discouraged,8,8,0
technically_inclined,8,5,3
too_uninformed,8,8,0
incredibly_endearing,8,1,7
exactly_correct,8,8,0
equally_clever,8,3,5
overly_hot,8,8,0
very_shabby,8,5,3
slightly_dirty,8,7,1
dangerously_unstable,8,7,1
not_cancerous,8,8,0
not_rigorous,8,8,0
so_coy,8,7,1
more_homey,8,5,3
equally_cheesy,8,0,8
even_intolerable,8,8,0
quite_wild,8,6,2
seriously_endangered,8,8,0
deeply_knowledgeable,8,6,2
possibly_hispanic,8,8,0
fundamentally_undemocratic,8,1,7
quite_wise,8,7,1
so_correct,8,7,1
practically_possible,8,8,0
also_clear,8,8,0
very_old-school,8,5,3
not_useable,8,8,0
even_euphoric,8,8,0
very_baffling,8,8,0
not_bitter,8,7,1
dangerously_overcrowded,8,8,0
not_verifiable,8,8,0
barely_existent,8,8,0
too_deliberate,8,8,0
possibly_fatal,8,7,1
exactly_perfect,8,7,1
visibly_angry,8,7,1
only_different,8,4,4
more_devout,8,7,1
slightly_dark,8,6,2
very_probable,8,8,0
so_dainty,8,4,4
so_daft,8,4,4
also_cheaper,8,8,0
far_advanced,8,8,0
overly_paranoid,8,8,0
too_verbose,8,8,0
blatantly_honest,8,7,1
scientifically_correct,8,8,0
absolutely_dependent,8,7,1
most_resilient,8,7,1
scientifically_sound,8,8,0
very_charitable,8,8,0
actually_effective,8,7,1
even_intense,8,8,0
likely_illegal,8,8,0
even_dependent,8,8,0
also_pleased,8,8,0
super_large,8,8,0
equally_bold,8,4,4
fairly_vague,8,8,0
also_confused,8,8,0
endlessly_entertaining,8,7,1
otherwise_attractive,8,8,0
so_competent,8,5,3
very_pricy,8,8,0
partly_correct,8,8,0
too_cheeky,8,8,0
very_oppressive,8,6,2
too_damned,8,8,0
deeply_introspective,8,8,0
even_inconceivable,8,8,0
almost_fantastic,8,0,8
too_deadly,8,8,0
scientifically_illiterate,8,8,0
scientifically_important,8,8,0
slightly_eccentric,8,6,2
highly_spiritual,8,6,2
incredibly_embarrassing,8,5,3
possibly_inaccurate,8,8,0
equally_busy,8,8,0
extra_vigilant,8,8,0
not_unionized,8,8,0
maybe_free,8,8,0
even_demonic,8,7,1
particularly_controversial,8,7,1
more_hopeless,8,8,0
deeply_insecure,8,7,1
seriously_depressed,8,8,0
generally_negative,8,8,0
apparently_overwhelming,8,8,0
pretty_real,8,5,3
as_insipid,8,3,5
slightly_rude,8,6,2
particularly_uncomfortable,8,7,1
very_seasoned,8,7,1
overly_warm,8,8,0
totally_insignificant,8,2,6
highly_perishable,8,8,0
not_curious,8,8,0
slowly_progressive,8,8,0
highly_literate,8,8,0
all_human,8,8,0
truly_massive,8,5,3
not_spectacular,8,7,1
very_perverse,8,3,5
slightly_worried,8,8,0
fundamentally_necessary,8,3,5
real_convincing,8,8,0
not_direct,8,8,0
truly_mesmerizing,8,3,5
even_pernicious,8,8,0
slightly_weaker,8,8,0
not_crucial,8,7,1
otherwise_corrupt,8,8,0
even_distressing,8,8,0
more_regal,8,2,6
potentially_painful,8,7,1
rather_awkward,8,7,1
as_indicative,8,8,0
disproportionately_severe,8,8,0
rather_banal,8,5,3
intrinsically_human,8,2,6
most_provocative,8,8,0
super_stupid,8,3,5
very_perverted,8,6,2
technically_complicated,8,5,3
deeply_american,8,0,8
even_inhumane,8,8,0
super_tall,8,8,0
pretty_potent,8,6,2
more_regimented,8,5,3
too_conspicuous,8,8,0
all_hot,8,8,0
even_inhuman,8,8,0
rather_brief,8,8,0
totally_innovative,8,2,6
not_compulsory,8,5,3
instantly_searchable,8,4,4
rather_comical,8,7,1
blindingly_bright,8,7,1
slightly_short,8,5,3
maybe_infamous,8,8,0
slightly_terrifying,8,6,2
highly_memorable,8,7,1
little_harder,8,4,4
very_canadian,8,2,6
seemingly_related,8,6,2
just_puzzling,8,8,0
slightly_sweeter,8,6,2
even_dubious,8,8,0
little_larger,8,3,5
potentially_helpful,8,7,1
rather_clear,8,7,1
morally_equal,8,8,0
rather_clunky,8,7,1
not_sterile,8,8,0
particularly_different,8,5,3
visibly_nervous,8,7,1
morally_flawed,8,8,0
arguably_true,8,8,0
wholly_fresh,8,0,8
pretty_outdated,8,8,0
fiercely_partisan,8,8,0
not_such,8,8,0
slightly_salty,8,7,1
decidedly_less,8,2,6
more_impartial,8,7,1
pretty_pleasant,8,7,1
decidedly_low-tech,8,5,3
as_inconvenient,8,2,6
fundamentally_problematic,8,0,8
little_concerned,8,7,1
even_dysfunctional,8,8,0
potentially_libelous,8,7,1
morally_defective,8,8,0
not_deductible,8,8,0
maybe_interested,8,8,0
little_darker,8,3,5
more_derogatory,8,4,4
only_attainable,8,7,1
incredibly_adorable,8,6,2
even_innocent,8,7,1
so_agreeable,8,7,1
particularly_weird,8,4,4
equally_accountable,8,8,0
highly_intense,8,7,1
wholly_inaccurate,8,8,0
exquisitely_painful,8,6,2
almost_innocent,8,0,8
more_indifferent,8,6,2
too_clueless,8,8,0
seemingly_contrary,8,7,1
deeply_complex,8,8,0
very_suspenseful,8,8,0
super_satisfying,8,2,6
blisteringly_hot,8,8,0
highly_provocative,8,6,2
more_illicit,8,1,7
highly_protective,8,8,0
deceptively_complex,8,6,2
most_receptive,8,8,0
visibly_drunk,8,6,2
super_responsive,8,8,0
also_deaf,8,8,0
always_mad,8,8,0
so_bereft,8,6,2
morally_outraged,8,8,0
potentially_transformative,8,5,3
so_bigger,8,8,0
incredibly_foolish,8,3,5
even_discernible,8,8,0
even_discouraging,8,8,0
not_shocked,8,8,0
rarely_white,8,8,0
rather_delicious,8,3,5
pretty_numb,8,8,0
deathly_serious,8,4,4
genetically_susceptible,8,6,2
kinda_scary,8,7,1
automatically_guilty,8,7,1
too_classy,8,8,0
logically_inconsistent,8,7,1
not_thrilled,8,6,2
seemingly_chaotic,8,6,2
overly_needy,8,8,0
real_calm,8,8,0
potentially_adverse,8,7,1
real_high,8,8,0
emotionally_weak,8,8,0
exponentially_larger,8,4,4
too_unwieldy,8,7,1
super_spicy,8,7,1
potentially_profitable,8,6,2
rather_creative,8,8,0
very_flamboyant,8,8,0
highly_irrational,8,7,1
rather_attractive,8,5,3
generally_pleased,8,8,0
so_aloof,8,7,1
otherwise_consistent,8,8,0
most_prosperous,8,8,0
most_adorable,8,7,1
totally_inaccurate,8,8,0
particularly_urgent,8,3,5
also_disappointed,8,8,0
rather_costly,8,7,1
most_liberal,8,7,1
almost_frightening,8,3,5
more_indefensible,8,8,0
rather_annoyed,8,8,0
generally_related,8,7,1
particularly_warm,8,7,1
not_thankful,8,8,0
not_continuous,8,7,1
seemingly_disparate,8,7,1
more_depraved,8,7,1
logically_impossible,8,8,0
incredibly_flawed,8,8,0
more_cramped,8,8,0
actually_safe,8,8,0
apparently_trivial,8,1,7
real_interested,8,7,1
unreasonably_expensive,8,8,0
so_antiquated,8,4,4
incredibly_accommodating,8,8,0
just_red,8,7,1
not_tasty,8,8,0
rather_crucial,8,3,5
more_sexist,8,7,1
dangerously_misleading,8,8,0
brazenly_provocative,8,8,0
instantly_forgettable,8,7,1
not_glamorous,8,8,0
very_sinful,8,6,2
emotionally_empty,8,6,2
even_cooperative,8,8,0
enormously_appealing,8,7,1
virtually_untouched,8,8,0
extraordinarily_sensitive,8,7,1
incredibly_hilarious,8,8,0
simply_unprepared,8,6,2
maybe_close,8,8,0
just_skeptical,8,8,0
even_fictitious,8,8,0
even_fictional,8,7,1
less_vigorous,8,5,3
rather_typical,8,4,4
too_divisive,8,7,1
incredibly_steep,8,8,0
too_beholden,8,8,0
even_judgmental,8,8,0
too_nostalgic,8,8,0
more_haphazard,8,7,1
too_troubling,8,7,1
both_true,8,8,0
barely_opaque,8,8,0
so_girly,8,3,5
too_worldly,8,7,1
overly_promotional,8,6,2
more_terrified,8,8,0
less_vague,8,2,6
openly_political,8,7,1
excessively_ambitious,8,7,1
too_trite,8,6,2
most_mysterious,8,8,0
more_jazzy,8,3,5
wildly_unexpected,8,2,6
more_jaded,8,7,1
emotionally_disturbing,8,6,2
more_addicted,8,8,0
absolutely_exceptional,8,4,4
so_functional,8,4,4
as_enlightened,8,5,3
particularly_sweet,8,2,6
so_foggy,8,8,0
so_fair,8,7,1
very_sane,8,6,2
as_fictional,8,7,1
totally_fixable,8,7,1
so_feisty,8,8,0
truly_noteworthy,8,2,6
once_new,8,8,0
just_adjacent,8,6,2
overly_general,8,8,0
even_illusory,8,8,0
functionally_similar,8,6,2
unusually_strong,8,7,1
too_witty,8,8,0
so_far-reaching,8,4,4
less_warm,8,4,4
mildly_humorous,8,7,1
more_western,8,3,5
fairly_tired,8,8,0
not_rare,8,8,0
maybe_similar,8,7,1
equally_eager,8,8,0
longer_sure,8,8,0
extraordinarily_popular,8,6,2
simply_useful,8,8,0
longer_sustainable,8,6,2
emotionally_exhausting,8,8,0
even_joyful,8,6,2
severely_overweight,8,7,1
totally_fictional,8,7,1
simply_unused,8,8,0
politically_stupid,8,6,2
less_virulent,8,8,0
pretty_startling,8,7,1
once_modern,8,7,1
equally_embarrassing,8,1,7
academically_qualified,8,7,1
always_sure,8,7,1
ridiculously_slow,8,7,1
noticeably_better,8,7,1
maybe_smaller,8,8,0
both_shocked,8,8,0
so_fiery,8,5,3
fairly_thin,8,8,0
simply_unheard,8,7,1
also_old,8,8,0
all_possible,8,8,0
ridiculously_excited,8,8,0
non_binary,8,8,0
totally_organic,8,8,0
really_bitter,8,6,2
extremely_accessible,8,8,0
too_petty,8,8,0
reportedly_unhappy,8,8,0
actually_smart,8,6,2
suddenly_unable,8,8,0
openly_defiant,8,8,0
exceedingly_expensive,8,8,0
most_poisonous,8,8,0
extremely_abstract,8,6,2
even_confident,8,8,0
just_mean,8,8,0
even_wild,8,8,0
most_straightforward,8,8,0
politically_divisive,8,7,1
too_efficient,8,8,0
even_korean,8,8,0
quite_tempting,8,8,0
brand_loyal,8,8,0
not_probable,8,8,0
too_theatrical,8,7,1
not_harmless,8,8,0
exceptionally_stupid,8,6,2
so_idealistic,8,3,5
most_stupid,8,8,0
absolutely_astounding,8,6,2
maddeningly_vague,8,7,1
barely_related,8,5,3
overly_pushy,8,8,0
even_welcoming,8,8,0
insanely_hard,8,7,1
not_hardy,8,8,0
too_thirsty,8,8,0
not_harder,8,8,0
suddenly_quiet,8,8,0
undoubtedly_familiar,8,8,0
more_flavourful,8,6,2
too_meager,8,8,0
more_scrupulous,8,8,0
instantly_downloadable,8,7,1
simply_terrified,8,8,0
highly_collaborative,8,8,0
pretty_ironic,8,7,1
around_happy,8,7,1
currently_ongoing,8,8,0
also_okay,8,8,0
sufficiently_detailed,8,7,1
quite_tiring,8,7,1
non_religious,8,7,1
currently_popular,8,6,2
independently_verifiable,8,7,1
surprisingly_entertaining,8,8,0
even_flammable,8,8,0
absolutely_authentic,8,8,0
intuitively_appealing,8,4,4
more_handy,8,7,1
as_enigmatic,8,4,4
sufficiently_high,8,8,0
so_global,8,5,3
highly_contextual,8,8,0
politically_outspoken,8,8,0
irresistibly_attractive,8,5,3
very_naked,8,7,1
richly_rewarding,8,6,2
pretty_intriguing,8,7,1
pretty_intelligent,8,8,0
as_key,8,3,5
more_juvenile,8,4,4
very_rebellious,8,6,2
pretty_chaotic,8,8,0
incredibly_ugly,8,4,4
politically_fraught,8,8,0
pretty_careful,8,8,0
more_punchy,8,3,5
more_gullible,8,8,0
sexually_demeaning,8,8,0
entirely_ineffective,8,8,0
currently_lacking,8,3,5
just_aggressive,8,8,0
simply_unclear,8,8,0
notoriously_disgraceful,8,8,0
fairly_subtle,8,7,1
definitely_easier,8,8,0
further_advanced,8,8,0
pretty_astounding,8,6,2
entirely_reliant,8,8,0
overly_theatrical,8,8,0
emotionally_needy,8,8,0
otherwise_inactive,8,8,0
maybe_drunk,8,8,0
very_psychedelic,8,8,0
equally_dark,8,4,4
quite_variable,8,8,0
even_exhilarating,8,6,2
too_wacky,8,8,0
so_disjointed,8,7,1
extraordinarily_exciting,8,3,5
almost_great,8,8,0
more_witty,8,1,7
just_secondary,8,8,0
equally_cute,8,7,1
very_fatigued,8,8,0
equally_curious,8,6,2
super_entertaining,8,7,1
quite_versatile,8,7,1
too_destructive,8,8,0
seriously_overweight,8,8,0
deeply_resentful,8,8,0
deeply_resonant,8,4,4
damn_ugly,8,8,0
equally_dependent,8,7,1
almost_irrelevant,8,8,0
fairly_uncommon,8,3,5
not_financial,8,8,0
even_irreverent,8,6,2
seriously_problematic,8,8,0
all_likely,8,8,0
not_assertive,8,8,0
deeply_romantic,8,2,6
not_wild,8,8,0
more_cosmetic,8,7,1
most_satisfied,8,8,0
also_sick,8,8,0
not_athletic,8,7,1
too_didactic,8,8,0
fundamentally_bad,8,5,3
insanely_cheap,8,7,1
so_divergent,8,5,3
more_fickle,8,7,1
more_demonstrative,8,7,1
truly_noble,8,0,8
incredibly_gratifying,8,1,7
actually_pregnant,8,8,0
rather_far-fetched,8,8,0
only_eligible,8,8,0
longer_current,8,8,0
so_dependable,8,5,3
even_inadequate,8,8,0
as_inspirational,8,7,1
exactly_same,8,5,3
slightly_controversial,8,5,3
excessively_optimistic,8,8,0
not_bigger,8,7,1
so_deluded,8,8,0
longer_correct,8,8,0
deeply_nostalgic,8,2,6
not_biodegradable,8,8,0
tad_nervous,8,8,0
very_ethical,8,7,1
so_degrading,8,3,5
vanishingly_rare,8,4,4
exactly_true,8,8,0
otherwise_immobile,8,8,0
fairly_uniform,8,7,1
very_obtuse,8,8,0
always_subject,8,8,0
possibly_black,8,7,1
as_fatal,8,5,3
so_dignified,8,5,3
so_digital,8,7,1
all_full,8,8,0
slightly_challenging,8,7,1
ruggedly_handsome,8,8,0
publicly_viewable,8,8,0
sadly_aware,8,8,0
more_hellish,8,4,4
as_erratic,8,3,5
always_enjoyable,8,8,0
too_descriptive,8,8,0
most_present,8,8,0
slightly_cold,8,7,1
longer_desirable,8,8,0
highly_experienced,8,5,3
otherwise_inconvenient,8,8,0
slightly_annoyed,8,8,0
too_buggy,8,8,0
more_shady,8,5,3
too_bloody,8,8,0
unusually_short,8,8,0
pretty_likable,8,8,0
just_negligent,8,8,0
most_seductive,8,8,0
well_skilled,8,8,0
deeply_unhealthy,8,2,6
equally_distant,8,8,0
truly_newsworthy,8,2,6
pretty_linear,8,8,0
not_recognisable,8,7,1
particularly_pleasing,8,2,6
once_popular,8,4,4
more_invigorating,8,7,1
poorly_qualified,8,8,0
so_enthralling,8,6,2
surprisingly_candid,8,8,0
surprisingly_calm,8,7,1
just_non-existent,8,8,0
rather_graphic,8,7,1
generally_unable,8,8,0
really_american,8,3,5
even_cowardly,8,8,0
right_close,8,8,0
politically_untenable,8,8,0
really_ancient,8,5,3
right_cool,8,8,0
severely_disabled,8,4,4
most_decisive,8,8,0
actually_enjoyable,8,6,2
actually_worthwhile,8,4,4
longer_runny,8,8,0
severely_critical,8,8,0
emotionally_healthy,8,8,0
most_selfish,8,8,0
too_unattractive,8,8,0
as_hollow,8,8,0
highly_detrimental,8,8,0
super_ambitious,8,8,0
so_experienced,8,4,4
super_angry,8,8,0
irresistibly_delicious,8,4,4
pretty_logical,8,8,0
always_successful,8,8,0
too_wealthy,8,8,0
astronomically_expensive,8,7,1
so_elated,8,8,0
just_acceptable,8,6,2
most_intellectual,8,8,0
highly_unrealistic,8,8,0
less_worrisome,8,8,0
as_intimidating,8,7,1
most_authoritative,8,8,0
even_extant,8,8,0
totally_great,8,7,1
pretty_low-key,8,8,0
longer_legible,8,8,0
not_artistic,8,8,0
really_advanced,8,6,2
not_relatable,8,8,0
totally_gross,8,6,2
too_understated,8,8,0
less_worth,8,8,0
too_brilliant,8,8,0
also_big,8,8,0
more_invaluable,8,7,1
otherwise_indiscriminate,8,8,0
super_chic,8,7,1
so_enduring,8,6,2
as_horrifying,8,3,5
even_immortal,8,7,1
always_entertaining,8,8,0
not_apt,8,7,1
deeply_sympathetic,8,8,0
more_absolute,8,6,2
particularly_poignant,8,3,5
deeply_special,8,0,8
always_related,8,7,1
incredibly_brilliant,8,6,2
too_welcome,8,8,0
pretty_addictive,8,6,2
very_fruity,8,7,1
most_conspicuous,8,7,1
not_refundable,8,8,0
so_electric,8,3,5
very_displeased,8,8,0
totally_relevant,8,8,0
physically_ready,8,8,0
too_foolish,8,8,0
totally_unplanned,8,5,3
truly_bold,8,0,8
merely_naive,8,8,0
truly_alarming,8,1,7
too_rebellious,8,8,0
somewhat_unlikely,8,8,0
too_privileged,8,8,0
even_authentic,8,8,0
refreshingly_straightforward,8,7,1
more_sombre,8,2,6
just_exceptional,8,8,0
even_narrative,8,8,0
so_transformative,8,1,7
oddly_different,8,3,5
really_enough,8,8,0
completely_pure,8,5,3
completely_coincidental,8,4,4
actually_legit,8,8,0
so_trashy,8,3,5
very_allergic,8,8,0
especially_welcome,8,8,0
too_forgetful,8,8,0
even_proficient,8,8,0
more_undocumented,8,8,0
too_kinky,8,7,1
truly_alive,8,6,2
just_disinterested,8,8,0
terribly_upset,8,8,0
very_groovy,8,7,1
plain_amusing,8,8,0
less_bold,8,6,2
more_previous,8,8,0
really_mysterious,8,1,7
extremely_thick,8,8,0
plain_irrelevant,8,8,0
utterly_clueless,8,7,1
relatively_soft,8,6,2
extremely_necessary,8,6,2
as_reprehensible,8,2,6
more_oral,8,8,0
still_tentative,8,8,0
just_glorious,8,8,0
really_slick,8,3,5
n't_special,8,8,0
relatively_smaller,8,7,1
even_translucent,8,8,0
less_oily,8,4,4
certainly_good,8,8,0
already_hungry,8,8,0
indeed_interesting,8,8,0
utterly_free,8,8,0
fully_complete,8,8,0
more_mythical,8,3,5
as_unfamiliar,8,5,3
over_emotional,8,8,0
inherently_dramatic,8,2,6
alarmingly_high,8,8,0
even_satirical,8,7,1
more_pretentious,8,5,3
easily_doable,8,8,0
less_blatant,8,5,3
less_lame,8,1,7
less_continuous,8,8,0
as_reputable,8,4,4
else_stronger,8,0,8
as_admirable,8,3,5
immediately_different,8,5,3
more_upright,8,6,2
solely_dependent,8,7,1
quite_outrageous,8,7,1
really_transformative,8,4,4
obviously_ridiculous,8,7,1
as_tenacious,8,0,8
fairly_nervous,8,8,0
perfectly_seasoned,8,6,2
truly_capable,8,6,2
truly_amiss,8,7,1
equally_surprised,8,8,0
too_social,8,8,0
somewhat_unclear,8,8,0
really_sophisticated,8,5,3
somewhat_uncertain,8,8,0
even_satisfying,8,8,0
too_soggy,8,8,0
wonderfully_fresh,8,7,1
less_bloody,8,5,3
terribly_frightening,8,2,6
as_repulsive,8,1,7
less_modern,8,5,3
more_measurable,8,5,3
very_lame,8,7,1
genuinely_offensive,8,6,2
that_beautiful,8,8,0
more_clueless,8,6,2
mutually_inconsistent,8,8,0
inherently_disturbing,8,0,8
visually_unique,8,2,6
as_bored,8,8,0
even_prohibitive,8,8,0
completely_uncalled,8,6,2
plain_indifferent,8,8,0
socially_critical,8,7,1
factually_untrue,8,8,0
downright_poisonous,8,8,0
even_objective,8,8,0
so_theoretical,8,8,0
somewhat_useful,8,7,1
somehow_deficient,8,8,0
quite_definite,8,2,6
previously_healthy,8,6,2
horribly_evil,8,2,6
especially_appropriate,8,1,7
very_stark,8,6,2
still_greater,8,4,4
absolutely_worthless,8,5,3
completely_involved,8,8,0
plain_adorable,8,8,0
quite_phenomenal,8,5,3
less_mundane,8,0,8
already_profitable,8,8,0
quite_demanding,8,8,0
very_affluent,8,8,0
already_more,8,8,0
probably_cheaper,8,8,0
easily_applicable,8,8,0
relatively_tame,8,7,1
very_unreasonable,8,6,2
even_truthful,8,8,0
more_novel,8,3,5
completely_irresistible,8,2,6
equally_smart,8,8,0
wonderfully_creative,8,4,4
often_impossible,8,7,1
utterly_silent,8,6,2
just_complex,8,8,0
quite_picky,8,8,0
relatively_unchanged,8,8,0
totally_wonderful,8,6,2
as_abhorrent,8,1,7
amazingly_accurate,8,8,0
soon_available,8,8,0
really_secretive,8,6,2
completely_dangerous,8,1,7
considerably_easier,8,6,2
as_selfless,8,5,3
especially_controversial,8,8,0
really_self-conscious,8,8,0
less_dignified,8,3,5
ethically_responsible,8,8,0
especially_remarkable,8,4,4
soo_good,8,7,1
too_short-sighted,8,8,0
truly_better,8,6,2
really_elaborate,8,5,3
very_alkaline,8,8,0
even_messy,8,8,0
equally_skeptical,8,8,0
considerably_darker,8,4,4
usually_more,8,8,0
even_overt,8,8,0
truly_crazy,8,4,4
so_swollen,8,8,0
somewhat_willing,8,8,0
incredibly_narrow,8,8,0
most_disgusting,8,6,2
hugely_valuable,8,6,2
really_funky,8,3,5
even_spanish,8,8,0
even_tribal,8,7,1
sometimes_lower,8,8,0
oddly_endearing,8,3,5
less_professional,8,8,0
sometimes_major,8,8,0
still_debatable,8,7,1
even_schizophrenic,8,6,2
actively_concerned,8,8,0
clearly_worth,8,8,0
mostly_fictitious,8,8,0
so_unworthy,8,4,4
either_unable,8,8,0
even_treacherous,8,8,0
somewhat_vulnerable,8,8,0
terribly_proud,8,8,0
even_narcissistic,8,7,1
personally_passionate,8,8,0
really_sincere,8,8,0
so_tantalizing,8,2,6
basically_ready,8,8,0
just_complicated,8,8,0
very_unsatisfactory,8,7,1
too_preposterous,8,7,1
relatively_sure,8,8,0
fairly_dainty,8,0,8
genuinely_fresh,8,0,8
too_shortsighted,8,8,0
most_discreet,8,8,0
actually_close,8,7,1
truly_guilty,8,8,0
extremely_naive,8,7,1
less_bothersome,8,8,0
very_low-income,8,8,0
quite_haunting,8,5,3
very_spoiled,8,8,0
frighteningly_close,8,6,2
completely_recyclable,8,8,0
too_lavish,8,7,1
easily_bored,8,8,0
undeniably_human,8,2,6
hugely_impressed,8,8,0
most_exotic,8,8,0
even_troublesome,8,8,0
as_resonant,8,6,2
much_greener,8,6,2
quite_distracting,8,8,0
equally_unexpected,8,1,7
somewhat_irrelevant,8,8,0
too_preachy,8,7,1
as_tasteful,8,4,4
incredibly_poor,8,7,1
infinitely_sad,8,3,5
so_unoriginal,8,5,3
less_edgy,8,2,6
terribly_worried,8,8,0
terribly_sick,8,8,0
somewhat_popular,8,8,0
also_uncomfortable,8,7,1
very_kinky,8,2,6
else_happy,8,0,8
always_hot,8,8,0
utterly_insane,8,4,4
less_attentive,8,7,1
n't_scared,8,8,0
especially_awful,8,4,4
fairly_drastic,8,3,5
less_acute,8,6,2
more_obscene,8,4,4
especially_magical,8,1,7
even_radioactive,8,8,0
downright_sexy,8,8,0
less_athletic,8,7,1
less_basic,8,2,6
freshly_handmade,8,8,0
genuinely_thrilled,8,7,1
even_recyclable,8,8,0
quite_glad,8,8,0
still_short,8,7,1
less_political,8,3,5
too_sleek,8,8,0
completely_unfazed,8,8,0
else_good,8,5,3
n't_aggressive,8,8,0
more_mathematical,8,5,3
as_bare,8,8,0
completely_unsuitable,8,4,4
just_healthy,8,8,0
completely_asleep,8,8,0
permanently_unemployed,8,8,0
really_versatile,8,7,1
somewhat_random,8,8,0
perfectly_viable,8,8,0
socially_important,8,7,1
really_suitable,8,7,1
perhaps_good,8,7,1
just_heartbroken,8,8,0
even_native,8,8,0
quite_generic,8,8,0
quite_frightened,8,8,0
genuinely_afraid,8,8,0
just_clever,8,8,0
completely_passive,8,6,2
as_paltry,8,1,7
n't_favorable,8,8,0
terribly_interested,8,6,2
sometimes_white,8,8,0
perhaps_foolhardy,8,8,0
less_overwhelming,8,5,3
extremely_susceptible,8,8,0
basically_ok,8,8,0
even_off-putting,8,8,0
painfully_accurate,8,8,0
terribly_easy,8,6,2
n't_final,8,8,0
even_optional,8,8,0
very_soulful,8,3,5
also_waterproof,8,8,0
so_unqualified,8,4,4
often_challenging,8,5,3
plain_frustrating,8,8,0
clearly_bent,8,8,0
really_little,8,8,0
somewhat_limited,8,8,0
relatively_consistent,8,8,0
somewhat_obsessed,8,8,0
still_attainable,8,8,0
more_brooding,8,1,7
just_epic,8,8,0
actually_intelligent,8,7,1
usually_real,8,8,0
really_thirsty,8,7,1
very_gratified,8,8,0
too_hopeless,8,8,0
quite_fussy,8,7,1
somewhat_open,8,8,0
already_suspicious,8,8,0
more_conflicted,8,6,2
plain_cold,8,8,0
infinitely_superior,8,4,4
as_shiny,8,7,1
merely_competent,8,8,0
absolutely_stellar,8,8,0
mostly_male,8,8,0
almost_apocalyptic,8,0,8
inherently_immoral,8,2,6
truly_genuine,8,4,4
completely_unoriginal,8,6,2
charmingly_naive,8,4,4
utterly_subjective,8,6,2
really_therapeutic,8,2,6
hugely_talented,8,7,1
as_dependable,8,5,3
really_legit,8,6,2
plain_baffling,8,8,0
completely_undecided,8,7,1
really_sporty,8,6,2
as_respectful,8,8,0
somewhat_strong,8,8,0
very_divisive,8,8,0
still_speculative,8,8,0
very_urban,8,4,4
fully_deductible,8,8,0
still_special,8,8,0
more_bloody,8,6,2
extremely_noisy,8,8,0
pretty_wrong,8,4,4
as_cerebral,8,2,6
yet_different,8,0,8
extremely_impractical,8,7,1
overwhelmingly_powerful,8,7,1
quite_formidable,8,5,3
naturally_funny,8,7,1
more_unorthodox,8,4,4
visually_unappealing,8,8,0
even_square,8,8,0
completely_wet,8,8,0
quite_dreadful,8,5,3
even_adversarial,8,8,0
even_adventurous,8,8,0
as_patriotic,8,4,4
less_passive,8,3,5
still_resistant,8,7,1
as_unemployed,8,3,5
fiscally_prudent,8,6,2
extremely_spicy,8,6,2
horribly_offensive,8,6,2
naturally_interested,8,6,2
extremely_ignorant,8,7,1
as_dishonest,8,3,5
usually_present,8,5,3
compulsively_readable,8,6,2
actually_legal,8,7,1
very_instinctive,8,6,2
more_one-sided,8,7,1
overly_angry,8,8,0
less_abrasive,8,5,3
gently_warm,8,8,0
just_calm,8,8,0
too_smug,8,7,1
amazingly_high,8,8,0
even_nauseous,8,8,0
amazingly_helpful,8,8,0
inherently_ridiculous,8,2,6
still_critical,8,7,1
really_stinky,8,5,3
really_vulnerable,8,7,1
even_regressive,8,8,0
economically_advantageous,8,8,0
completely_bare,8,8,0
very_southern,8,3,5
permanently_debilitating,8,8,0
less_accountable,8,7,1
too_frugal,8,8,0
less_cooperative,8,8,0
completely_awkward,8,4,4
genuinely_pleased,8,8,0
more_elderly,8,7,1
so_uninformed,8,8,0
just_divine,8,8,0
horrifically_bad,8,8,0
still_confidential,8,8,0
just_homesick,8,8,0
terribly_different,8,5,3
really_informative,8,7,1
financially_prudent,8,8,0
too_resistant,8,8,0
somewhat_relevant,8,7,1
very_utilitarian,8,6,2
extremely_independent,8,8,0
more_snug,8,5,3
utterly_incomprehensible,8,4,4
especially_troubling,8,1,7
relatively_moderate,8,8,0
wonderfully_tactile,8,2,6
quite_dubious,8,7,1
still_sober,8,8,0
still_hungover,8,8,0
somewhat_ambiguous,8,8,0
utterly_terrible,8,8,0
really_tiring,8,8,0
again_right,8,8,0
fairly_entertaining,8,8,0
less_original,8,7,1
economically_productive,8,7,1
n't_achievable,8,8,0
just_functional,8,8,0
completely_viable,8,7,1
just_hopeless,8,8,0
even_punitive,8,8,0
also_unknown,8,8,0
plain_hot,8,8,0
too_functional,8,8,0
more_translucent,8,3,5
really_strict,8,8,0
even_tighter,8,8,0
physically_affectionate,8,8,0
very_inadequate,8,8,0
truly_exquisite,8,1,7
as_troublesome,8,4,4
terribly_cold,8,7,1
easily_satisfied,8,8,0
over_tired,8,8,0
quite_productive,8,6,2
much_fresher,8,7,1
quite_fair,8,8,0
certainly_unique,8,7,1
immediately_wrong,8,7,1
completely_hopeless,8,8,0
really_hurtful,8,5,3
perhaps_authentic,8,8,0
less_charming,8,4,4
more_motivational,8,8,0
oddly_relaxing,8,2,6
as_transient,8,3,5
achingly_sad,8,8,0
easily_verifiable,8,7,1
just_fair,8,7,1
more_verbose,8,6,2
duly_qualified,8,8,0
sometimes_blue,8,8,0
even_blank,8,8,0
outright_silly,8,8,0
even_amateur,8,8,0
tremendously_difficult,8,7,1
even_patriotic,8,7,1
plain_outrageous,8,8,0
less_nefarious,8,1,7
clearly_afoot,8,8,0
quite_faithful,8,8,0
more_staid,8,5,3
even_undetected,8,8,0
less_genuine,8,6,2
primarily_related,8,8,0
so_separate,8,7,1
n't_low,8,8,0
more_dysfunctional,8,6,2
too_icy,8,8,0
way_smarter,8,6,2
objectively_false,8,7,1
very_assertive,8,6,2
so_warped,8,6,2
very_haphazard,8,8,0
really_hideous,8,3,5
less_nuanced,8,7,1
just_common,8,7,1
as_unsafe,8,7,1
too_restless,8,8,0
utterly_real,8,4,4
less_reflective,8,8,0
too_geeky,8,8,0
still_blind,8,8,0
too_hairy,8,8,0
really_heinous,8,1,7
very_aromatic,8,8,0
religiously_diverse,8,8,0
more_condescending,8,7,1
always_delicious,8,8,0
as_outstanding,8,6,2
inherently_complex,8,6,2
pretty_understandable,8,7,1
too_ineffective,8,8,0
just_guilty,8,8,0
somehow_involved,8,8,0
even_rewarding,8,7,1
even_academic,8,8,0
too_idle,8,7,1
quite_blatant,8,8,0
as_offbeat,8,2,6
just_brave,8,8,0
so_slim,8,5,3
plain_obnoxious,8,8,0
consistently_high,8,8,0
very_snug,8,8,0
just_inane,8,8,0
hugely_difficult,8,8,0
perhaps_possible,8,8,0
abnormally_low,8,7,1
sometimes_daily,8,8,0
already_awake,8,7,1
less_horrific,8,5,3
more_uncompromising,8,5,3
most_dysfunctional,8,8,0
straight_forward,8,7,1
n't_subtle,8,8,0
quite_bored,8,8,0
really_hectic,8,8,0
that_ignorant,8,7,1
globally_competitive,8,8,0
as_protective,8,8,0
very_sporadic,8,8,0
too_hazy,8,8,0
easily_reversible,8,7,1
completely_edible,8,8,0
somehow_lacking,8,8,0
too_gaudy,8,7,1
just_cheesy,8,7,1
already_ongoing,8,8,0
objectively_better,8,6,2
too_flamboyant,8,7,1
undeniably_wrong,8,4,4
less_holy,8,6,2
fully_bilingual,8,8,0
almost_charming,8,1,7
n't_uncommon,8,8,0
horrifyingly_real,8,4,4
probably_different,8,5,3
even_poetic,8,8,0
obnoxiously_loud,8,8,0
so_senior,8,0,8
more_benevolent,8,5,3
so_rowdy,8,7,1
fairly_casual,8,7,1
n't_disappointed,8,8,0
even_musical,8,8,0
very_unjust,8,4,4
along_fine,8,8,0
that_low,8,8,0
really_pathetic,8,6,2
about_sweet,8,8,0
actively_dangerous,8,8,0
internally_wrong,8,2,6
much_other,8,4,4
even_pessimistic,8,8,0
basically_unchanged,8,7,1
physically_similar,8,8,0
pretty_wacky,8,8,0
fairly_comparable,8,6,2
just_fast,8,7,1
reasonably_satisfied,8,8,0
most_flattering,8,8,0
fairly_local,8,5,3
more_cheesy,8,3,5
so_rugged,8,6,2
now_older,8,8,0
fully_asleep,8,8,0
now_okay,8,8,0
already_skilled,8,7,1
so_riveting,8,3,5
completely_secular,8,8,0
startlingly_original,8,6,2
just_chaotic,8,8,0
hugely_ambitious,8,6,2
much_pointless,8,8,0
less_loud,8,2,6
absolutely_unheard,8,1,7
understandably_confused,8,7,1
really_phenomenal,8,0,8
clearly_eager,8,8,0
plain_dishonest,8,8,0
fully_armed,8,8,0
incredibly_shocked,8,8,0
extremely_religious,8,8,0
too_irresponsible,8,7,1
downright_horrific,8,8,0
too_hardcore,8,8,0
fairly_challenging,8,8,0
equally_productive,8,6,2
as_ominous,8,4,4
just_damp,8,8,0
extremely_meaningful,8,5,3
really_plain,8,1,7
painfully_beautiful,8,5,3
just_green,8,8,0
quite_meaningful,8,0,8
thats_good,8,3,5
perhaps_aware,8,7,1
so_scandalous,8,1,7
plain_dirty,8,8,0
inherently_cinematic,8,2,6
intensely_proud,8,8,0
as_startling,8,5,3
as_precarious,8,4,4
incredibly_sharp,8,4,4
fairly_poor,8,8,0
extremely_magical,8,2,6
particularly_acute,8,7,1
merely_personal,8,8,0
clearly_distinguishable,8,7,1
always_beautiful,8,8,0
quite_fancy,8,7,1
even_shrinking,8,8,0
undeniably_exciting,8,1,7
ultimately_able,8,8,0
someplace_similar,8,8,0
even_reversible,8,8,0
n't_detailed,8,8,0
as_ok,8,7,1
so_self-evident,8,4,4
less_reliant,8,5,3
more_annual,8,8,0
perhaps_necessary,8,7,1
perversely_satisfying,8,1,7
less_resilient,8,8,0
even_sufficient,8,8,0
extremely_resistant,8,8,0
amazingly_successful,8,8,0
completely_searchable,8,8,0
fairly_loose,8,8,0
even_substantial,8,8,0
extremely_receptive,8,8,0
truly_hideous,8,2,6
staggeringly_beautiful,8,6,2
very_concise,8,7,1
objectively_offensive,8,8,0
more_spanish,8,7,1
still_mysterious,8,7,1
reasonably_simple,8,5,3
warmly_familiar,8,5,3
much_real,8,7,1
more_baroque,8,4,4
too_stereotypical,8,8,0
just_fearful,8,8,0
still_enjoyable,8,8,0
very_curly,8,8,0
incredibly_satisfied,8,8,0
more_touristy,8,6,2
freely_able,8,8,0
much_fine,8,8,0
overly_crowded,8,8,0
very_agitated,8,8,0
all_correct,8,8,0
extremely_little,8,8,0
utterly_original,8,1,7
just_creative,8,7,1
as_mercurial,8,0,8
really_noticeable,8,4,4
as_raucous,8,7,1
less_compliant,8,8,0
now_searchable,8,8,0
fairly_conventional,8,7,1
too_sporadic,8,7,1
dramatically_worse,8,8,0
extremely_unhappy,8,8,0
previously_impossible,8,1,7
relatively_unscathed,8,8,0
officially_available,8,8,0
truly_doomed,8,7,1
as_plausible,8,7,1
quite_intentional,8,7,1
nearly_clean,8,8,0
as_sublime,8,3,5
very_unforgiving,8,8,0
too_literary,8,7,1
quite_higher,8,8,0
still_prone,8,8,0
incredibly_lame,8,5,3
as_archaic,8,1,7
still_vital,8,8,0
geographically_remote,8,7,1
completely_responsible,8,7,1
even_only,8,8,0
really_harsh,8,8,0
less_observant,8,6,2
soooo_awesome,8,8,0
just_handy,8,8,0
immediately_rewarding,8,6,2
completely_removable,8,8,0
always_advisable,8,8,0
overwhelmingly_large,8,7,1
truly_fine,8,4,4
extremely_unhealthy,8,6,2
so_splendid,8,3,5
early_enough,8,8,0
even_mechanical,8,8,0
less_protective,8,7,1
more_discretionary,8,6,2
even_sensual,8,7,1
easily_worth,8,8,0
even_predatory,8,7,1
too_indicative,8,8,0
really_risky,8,2,6
as_artistic,8,6,2
more_apocalyptic,8,4,4
equally_worthless,8,8,0
hyper_vigilant,8,8,0
especially_creative,8,6,2
most_enlightening,8,8,0
then_fine,8,7,1
completely_inexplicable,8,4,4
so_vapid,8,4,4
basically_meaningless,8,8,0
almost_apologetic,8,4,4
equally_secure,8,8,0
more_circuitous,8,8,0
utterly_oblivious,8,8,0
often_similar,8,8,0
very_haunting,8,1,7
perhaps_angry,8,8,0
even_praiseworthy,8,8,0
n't_enjoyable,8,8,0
as_sparse,8,8,0
infinitely_powerful,8,7,1
downright_maddening,8,8,0
extremely_selfish,8,8,0
otherwise_unreadable,8,8,0
as_uninteresting,8,1,7
more_moist,8,6,2
considerably_stronger,8,5,3
equally_scary,8,5,3
even_muddy,8,8,0
nearly_bankrupt,8,8,0
very_lenient,8,8,0
as_abrasive,8,5,3
fairly_accessible,8,8,0
physically_vulnerable,8,8,0
about_impossible,8,8,0
overly_bitter,8,8,0
just_impractical,8,8,0
still_vague,8,8,0
probably_shocked,8,8,0
chemically_sensitive,8,8,0
more_catholic,8,6,2
so_sneaky,8,6,2
mentally_insane,8,8,0
always_bigger,8,6,2
extremely_promising,8,7,1
consistently_excellent,8,8,0
too_knowledgeable,8,7,1
violently_ill,8,8,0
very_iconic,8,3,5
just_flawless,8,8,0
way_overblown,8,8,0
relatively_uncontroversial,8,7,1
perfectly_spherical,8,8,0
impossibly_complicated,8,8,0
extremely_long-lived,8,8,0
already_afraid,8,7,1
clearly_personal,8,7,1
really_scandalous,8,2,6
as_puzzling,8,6,2
completely_reliant,8,8,0
mostly_related,8,6,2
totally_uncalled,8,6,2
already_immune,8,8,0
over_ambitious,8,8,0
categorically_wrong,8,5,3
otherwise_unexpected,8,8,0
recently_available,8,8,0
more_posh,8,5,3
almost_nostalgic,8,0,8
that_friendly,8,8,0
even_repugnant,8,6,2
ethnically_ambiguous,8,8,0
even_poorer,8,8,0
overly_challenging,8,7,1
imminently_dangerous,8,8,0
otherwise_untrustworthy,8,8,0
n't_upset,8,8,0
utterly_convinced,8,6,2
somewhat_easier,8,6,2
inherently_addictive,8,5,3
much_stuck,8,8,0
absurdly_horrifying,8,8,0
so_sordid,8,6,2
as_somber,8,6,2
really_savvy,8,6,2
as_receptive,8,8,0
too_heady,8,7,1
basically_similar,8,8,0
clearly_political,8,8,0
much_superior,8,6,2
n't_dark,8,8,0
amazingly_complex,8,7,1
all_digital,8,8,0
quite_conventional,8,6,2
tremendously_popular,8,8,0
as_blue,8,7,1
essentially_correct,8,8,0
completely_inconsequential,8,5,3
so_social,8,6,2
quite_bewildering,8,7,1
very_amazed,8,8,0
artificially_intelligent,8,7,1
less_applicable,8,8,0
incredibly_negative,8,6,2
practically_nonexistent,7,6,1
slightly_fruity,7,4,3
really_unlikely,7,5,2
more_self-aware,7,5,2
really_intimidating,7,5,2
happily_surprised,7,7,0
inordinately_proud,7,5,2
comparatively_short,7,7,0
more_unnatural,7,2,5
easily_legible,7,6,1
even_energetic,7,7,0
otherwise_awesome,7,7,0
especially_original,7,6,1
less_dead,7,7,0
somewhat_abstract,7,6,1
as_impatient,7,3,4
intentionally_offensive,7,5,2
as_exuberant,7,7,0
much_farther,7,7,0
highly_ineffective,7,7,0
extremely_tiny,7,6,1
almost_unchanged,7,7,0
more_horrid,7,4,3
still_brown,7,7,0
incredibly_awful,7,6,1
too_chubby,7,7,0
easily_pleased,7,7,0
rather_dirty,7,4,3
all_welcome,7,7,0
probably_innocent,7,6,1
otherwise_applicable,7,7,0
very_unwilling,7,7,0
slightly_irreverent,7,6,1
kinda_meh,7,7,0
incredibly_thrilled,7,7,0
quite_fashionable,7,7,0
very_bubbly,7,6,1
also_political,7,7,0
excessively_tired,7,7,0
even_retro,7,6,1
more_pigmented,7,5,2
completely_adorable,7,4,3
very_ethereal,7,6,1
less_daring,7,1,6
terribly_sweet,7,2,5
visually_complex,7,5,2
over_zealous,7,7,0
slightly_hot,7,7,0
very_unwise,7,4,3
quite_forceful,7,6,1
more_pious,7,7,0
seriously_amazing,7,6,1
easily_observable,7,4,3
extremely_tense,7,7,0
wildly_improbable,7,4,3
very_erratic,7,6,1
quite_favorable,7,6,1
profoundly_depressing,7,1,6
easily_noticeable,7,7,0
very_alternative,7,6,1
more_dreary,7,5,2
too_myopic,7,7,0
potentially_wonderful,7,0,7
somewhat_awkward,7,7,0
seriously_delicious,7,5,2
rather_envious,7,7,0
unfairly_prejudicial,7,7,0
deeply_indebted,7,6,1
humanly_impossible,7,6,1
extremely_tenuous,7,7,0
extremely_terrible,7,5,2
amazingly_generous,7,7,0
deeply_fearful,7,6,1
as_imperfect,7,4,3
much_finer,7,1,6
practically_indistinguishable,7,7,0
very_congested,7,7,0
slightly_humorous,7,5,2
utterly_forgettable,7,6,1
outrageously_inappropriate,7,5,2
very_precarious,7,7,0
most_convincing,7,7,0
kinda_old,7,6,1
directly_observable,7,6,1
utterly_gorgeous,7,5,2
more_hurt,7,6,1
absolutely_desperate,7,7,0
highly_implausible,7,6,1
almost_soft,7,7,0
really_intuitive,7,5,2
profoundly_depressed,7,7,0
as_fantastical,7,3,4
n't_due,7,7,0
indeed_beautiful,7,7,0
as_immoral,7,2,5
particularly_rough,7,5,2
easily_measurable,7,5,2
highly_frustrating,7,7,0
hardly_better,7,7,0
altogether_bigger,7,0,7
very_uptight,7,6,1
incredibly_thoughtful,7,6,1
amazingly_unique,7,4,3
slightly_dry,7,7,0
even_erratic,7,7,0
more_unjust,7,6,1
more_disorienting,7,6,1
too_chilling,7,7,0
deeply_embarrassed,7,6,1
too_horrifying,7,7,0
entirely_unable,7,7,0
electrically_conductive,7,7,0
excitingly_new,7,1,6
less_loyal,7,5,2
even_epic,7,6,1
seriously_deficient,7,7,0
still_bright,7,7,0
as_immortal,7,6,1
overly_oily,7,7,0
long_worried,7,7,0
deeply_funny,7,7,0
more_such,7,7,0
highly_impactful,7,7,0
deeply_gratifying,7,2,5
deeply_enough,7,5,2
really_unpopular,7,1,6
even_inconvenient,7,7,0
more_humanistic,7,1,6
totally_imaginary,7,6,1
deeply_impressive,7,3,4
overly_obvious,7,7,0
even_rough,7,7,0
physically_disabled,7,6,1
too_upright,7,7,0
quickly_outdated,7,7,0
as_arduous,7,6,1
very_condescending,7,6,1
intrinsically_immoral,7,1,6
largely_anecdotal,7,6,1
extremely_secretive,7,7,0
as_indestructible,7,0,7
not_superior,7,7,0
often_good,7,7,0
rather_bleak,7,7,0
merely_beautiful,7,6,1
literally_invisible,7,7,0
rather_blunt,7,7,0
rather_bold,7,4,3
ethically_wild,7,7,0
too_helpless,7,6,1
even_doable,7,7,0
quite_hopeful,7,7,0
completely_depressed,7,7,0
unquestionably_lucky,7,7,0
too_heartbreaking,7,7,0
much_close,7,6,1
little_easier,7,5,2
disproportionately_likely,7,7,0
sometimes_dangerous,7,7,0
super_stressful,7,6,1
about_inspiring,7,7,0
unbearably_cute,7,3,4
as_indifferent,7,6,1
hugely_disappointing,7,7,0
highly_porous,7,7,0
too_sandy,7,7,0
seemingly_important,7,2,5
especially_funny,7,5,2
otherwise_disgusting,7,7,0
physically_limited,7,7,0
particularly_delicate,7,7,0
pretty_practical,7,7,0
real_fast,7,7,0
merely_average,7,6,1
as_spontaneous,7,4,3
super_technical,7,6,1
extremely_scared,7,7,0
empirically_false,7,7,0
not_customary,7,7,0
overly_literal,7,6,1
wonderfully_refreshing,7,0,7
often_fraught,7,7,0
not_sturdy,7,7,0
terribly_painful,7,7,0
slightly_uneasy,7,6,1
too_unruly,7,7,0
still_desperate,7,6,1
really_immature,7,6,1
real_deep,7,4,3
particularly_thoughtful,7,6,1
not_definite,7,7,0
seemingly_nice,7,1,6
indeed_clean,7,7,0
only_black,7,7,0
too_rusty,7,7,0
halfway_interesting,7,2,5
environmentally_benign,7,7,0
more_impoverished,7,7,0
slightly_toxic,7,7,0
knowingly_concerned,7,7,0
otherwise_desirable,7,7,0
pretty_physical,7,5,2
truly_representative,7,3,4
less_complimentary,7,1,6
genuinely_valuable,7,3,4
tremendously_talented,7,7,0
very_internal,7,4,3
otherwise_dirty,7,7,0
rather_brilliant,7,4,3
completely_deluded,7,5,2
particularly_traumatic,7,5,2
truly_upset,7,7,0
technically_bankrupt,7,7,0
more_mythic,7,2,5
slightly_uphill,7,7,0
super_trendy,7,4,3
sometimes_higher,7,7,0
truly_masterful,7,6,1
very_hazardous,7,6,1
allegedly_tortured,7,7,0
morally_grey,7,7,0
utterly_disastrous,7,7,0
barely_coherent,7,7,0
absolutely_mandatory,7,6,1
so_agitated,7,7,0
jaw-droppingly_beautiful,7,7,0
overly_intrusive,7,6,1
rather_adorable,7,6,1
totally_irresponsible,7,5,2
so_attuned,7,7,0
so_atmospheric,7,3,4
real_lucky,7,7,0
rather_afraid,7,7,0
mighty_tasty,7,7,0
potentially_abusive,7,7,0
most_reckless,7,7,0
as_decorative,7,6,1
deceptively_easy,7,7,0
hugely_complex,7,6,1
potentially_addictive,7,7,0
only_alive,7,6,1
not_contemporary,7,7,0
previously_undisclosed,7,6,1
less_nervous,7,7,0
quickly_able,7,7,0
very_painless,7,7,0
more_indie,7,4,3
completely_female,7,7,0
otherwise_endangered,7,7,0
less_civilized,7,6,1
less_nimble,7,6,1
as_anonymous,7,6,1
less_clean,7,7,0
increasingly_willing,7,6,1
too_unorthodox,7,7,0
merely_apparent,7,7,0
terribly_nervous,7,7,0
unspeakably_awful,7,1,6
possibly_violent,7,7,0
very_sporty,7,6,1
more_morose,7,7,0
less_cliched,7,3,4
already_ours,7,4,3
utterly_depressing,7,5,2
perhaps_boring,7,7,0
overly_bullish,7,7,0
incredibly_flexible,7,7,0
most_dynamic,7,7,0
tremendously_informative,7,7,0
especially_friendly,7,6,1
as_squishy,7,2,5
extremely_romantic,7,6,1
exponentially_higher,7,7,0
even_nostalgic,7,6,1
incredibly_active,7,7,0
most_admirable,7,7,0
more_belligerent,7,4,3
potentially_carcinogenic,7,7,0
very_palpable,7,4,3
reasonably_familiar,7,4,3
as_appreciative,7,6,1
especially_fragile,7,7,0
pretty_productive,7,7,0
almost_parallel,7,7,0
absolutely_marvellous,7,6,1
sometimes_confused,7,6,1
so_alarming,7,3,4
so_airy,7,4,3
rather_awesome,7,1,6
more_unreported,7,7,0
as_indirect,7,6,1
seemingly_frivolous,7,4,3
exponentially_worse,7,4,3
admittedly_better,7,7,0
absurdly_high,7,7,0
too_sarcastic,7,7,0
so_appetizing,7,6,1
genuinely_compelling,7,1,6
absolutely_meaningless,7,6,1
overly_involved,7,7,0
more_crass,7,2,5
potentially_awesome,7,1,6
still_edible,7,5,2
sometimes_black,7,7,0
as_onerous,7,4,3
less_cold,7,7,0
rather_appropriate,7,5,2
overly_bright,7,6,1
n't_loud,7,7,0
less_needy,7,4,3
that_young,7,2,5
n't_long,7,7,0
too_unsafe,7,7,0
not_definitive,7,7,0
potentially_true,7,6,1
even_edgy,7,7,0
blatantly_unfair,7,6,1
ethically_dubious,7,6,1
not_smarter,7,7,0
very_pious,7,6,1
too_murky,7,7,0
seemingly_unconnected,7,5,2
slightly_offensive,7,6,1
already_anxious,7,7,0
wonderfully_special,7,2,5
highly_intuitive,7,7,0
most_marginalised,7,7,0
slightly_obsessive,7,6,1
deeply_christian,7,7,0
truly_mind-boggling,7,6,1
actively_interested,7,7,0
potentially_reversible,7,7,0
fairly_fresh,7,5,2
genuinely_threatening,7,4,3
amazingly_wonderful,7,4,3
really_vocal,7,7,0
totally_impractical,7,6,1
slightly_thinner,7,7,0
still_crazy,7,6,1
very_sweaty,7,7,0
sometimes_several,7,7,0
quite_grateful,7,7,0
deeply_anxious,7,7,0
super_worried,7,7,0
not_soft,7,7,0
morally_better,7,6,1
visibly_pregnant,7,6,1
kinda_special,7,1,6
n't_green,7,7,0
totally_inaccessible,7,7,0
very_petty,7,5,2
not_distinctive,7,7,0
easily_exploitable,7,7,0
entirely_unprecedented,7,0,7
real_clear,7,4,3
hugely_passionate,7,7,0
deeply_beautiful,7,4,3
quite_gorgeous,7,6,1
as_baffling,7,7,0
fantastically_good,7,5,2
just_essential,7,7,0
less_cost-effective,7,7,0
not_shocking,7,7,0
very_pointed,7,5,2
n't_flat,7,7,0
exclusively_female,7,7,0
slightly_magical,7,3,4
potentially_terrifying,7,4,3
almost_giddy,7,7,0
sometimes_weekly,7,7,0
truly_remorseful,7,7,0
fiercely_intelligent,7,7,0
incredibly_athletic,7,7,0
potentially_traumatic,7,5,2
potentially_treatable,7,6,1
as_cumbersome,7,2,5
supremely_clear,7,7,0
not_sexist,7,7,0
deeply_dishonest,7,7,0
deeply_disillusioned,7,7,0
perhaps_deeper,7,6,1
particularly_distasteful,7,2,5
n't_flattering,7,7,0
as_sinful,7,3,4
n't_fresh,7,7,0
almost_unfathomable,7,4,3
blatantly_sexual,7,6,1
even_ruthless,7,7,0
morally_admirable,7,6,1
as_expressive,7,4,3
rather_dainty,7,0,7
slightly_naughty,7,6,1
happily_married,7,7,0
probably_interested,7,7,0
morally_abhorrent,7,5,2
extremely_subjective,7,7,0
rather_daunting,7,7,0
potentially_special,7,1,6
already_knowledgeable,7,2,5
biologically_different,7,4,3
profoundly_damaging,7,6,1
rather_decent,7,5,2
just_relative,7,6,1
barely_better,7,6,1
as_inaccurate,7,6,1
all_tired,7,7,0
pretty_overwhelmed,7,7,0
more_implicit,7,7,0
abysmally_ignorant,7,7,0
as_daring,7,4,3
too_complicit,7,7,0
very_heady,7,6,1
super_versatile,7,7,0
wholly_good,7,6,1
too_hilly,7,7,0
fairly_green,7,7,0
unbearably_poignant,7,3,4
completely_complimentary,7,5,2
quietly_impressive,7,4,3
sometimes_necessary,7,7,0
too_unsettling,7,7,0
truly_afraid,7,7,0
overly_assertive,7,7,0
very_integral,7,4,3
quietly_optimistic,7,7,0
partially_functional,7,7,0
truly_adventurous,7,4,3
not_depressed,7,6,1
more_self-sufficient,7,6,1
particularly_devastating,7,5,2
sometimes_large,7,7,0
very_verbal,7,7,0
rather_childish,7,6,1
most_affluent,7,6,1
probably_jealous,7,7,0
as_attentive,7,5,2
extremely_sinister,7,0,7
typically_uninteresting,7,7,0
more_sporadic,7,7,0
basically_irrelevant,7,7,0
potentially_higher,7,7,0
reasonably_able,7,7,0
entirely_white,7,7,0
easily_capable,7,6,1
otherwise_deceptive,7,7,0
pretty_patient,7,7,0
even_sci-fi,7,7,0
obviously_new,7,6,1
slightly_shocking,7,2,5
even_scarce,7,7,0
easily_enough,7,6,1
still_curious,7,7,0
most_alarming,7,6,1
more_naturalistic,7,3,4
really_welcome,7,7,0
easily_downloadable,7,6,1
completely_calm,7,7,0
otherwise_correct,7,7,0
sometimes_right,7,7,0
little_unusual,7,2,5
unexpectedly_wonderful,7,1,6
real_concerned,7,5,2
pretty_opaque,7,6,1
slightly_quirky,7,5,2
completely_boring,7,6,1
completely_bored,7,7,0
highly_lethal,7,7,0
more_immature,7,5,2
kinda_stupid,7,6,1
completely_bogus,7,6,1
potentially_open,7,7,0
much_dirtier,7,6,1
much_difficult,7,6,1
completely_charming,7,3,4
seemingly_similar,7,6,1
decidedly_unhappy,7,7,0
just_quick,7,7,0
potentially_liable,7,7,0
terribly_romantic,7,4,3
easily_discoverable,7,7,0
awesomely_bad,7,5,2
morally_culpable,7,7,0
less_constructive,7,4,3
more_playable,7,6,1
otherwise_creative,7,7,0
totally_incapable,7,6,1
too_comfy,7,7,0
as_slimy,7,3,4
also_elderly,7,7,0
real_crazy,7,4,3
n't_heavy,7,7,0
sometimes_purple,7,7,0
longer_comfortable,7,6,1
not_romantic,7,6,1
far_eastern,7,7,0
not_risky,7,7,0
really_secure,7,5,2
too_incomplete,7,6,1
even_pretentious,7,7,0
surprisingly_new,7,0,7
even_fundamentalist,7,7,0
that_dangerous,7,5,2
already_dry,7,7,0
even_horrific,7,7,0
much_useful,7,6,1
not_patriotic,7,7,0
maybe_able,7,7,0
oddly_funny,7,3,4
much_unique,7,5,2
beautifully_clean,7,4,3
entirely_digital,7,5,2
just_sufficient,7,7,0
far_tougher,7,2,5
sooo_nice,7,7,0
far_trickier,7,7,0
more_outraged,7,7,0
pretty_humorous,7,7,0
most_caring,7,7,0
really_secondary,7,7,0
more_other,7,4,3
most_casual,7,7,0
clearly_unable,7,6,1
as_fluffy,7,3,4
too_incapable,7,7,0
all_negative,7,6,1
only_usable,7,7,0
quite_average,7,5,2
deliberately_disingenuous,7,7,0
rather_mediocre,7,7,0
absolutely_foreign,7,2,5
simply_marvelous,7,5,2
overly_strict,7,7,0
much_white,7,7,0
truly_dynamic,7,4,3
simply_magnificent,7,6,1
clearly_unconstitutional,7,7,0
really_sensational,7,1,6
entirely_dry,7,7,0
most_captivating,7,6,1
absolutely_fresh,7,4,3
bitterly_critical,7,7,0
as_picturesque,7,6,1
together_new,7,6,1
particularly_grateful,7,7,0
simply_insufficient,7,7,0
simply_mind-blowing,7,6,1
as_forgettable,7,3,4
just_surreal,7,7,0
totally_deaf,7,7,0
over_better,7,7,0
pretty_horrifying,7,7,0
federally_illegal,7,5,2
pretty_dodgy,7,6,1
simply_incompatible,7,7,0
clearly_relevant,7,7,0
quite_cramped,7,6,1
less_fit,7,6,1
amazingly_nice,7,7,0
that_exciting,7,6,1
sorely_missing,7,1,6
as_graphic,7,5,2
probably_curious,7,7,0
incredibly_prolific,7,6,1
particularly_long,7,7,0
simply_impatient,7,7,0
as_questionable,7,4,3
rather_specific,7,5,2
totally_cute,7,6,1
intentionally_dishonest,7,7,0
rather_neat,7,5,2
genuinely_meaningful,7,2,5
most_compatible,7,5,2
simply_insensitive,7,6,1
very_remorseful,7,7,0
simply_insecure,7,7,0
quite_banal,7,5,2
less_feasible,7,7,0
exceptionally_hot,7,6,1
not_inferior,7,7,0
sweetly_nostalgic,7,2,5
deliberately_offensive,7,7,0
as_rapid,7,6,1
not_overwhelming,7,6,1
just_sure,7,7,0
fairly_costly,7,7,0
just_unsuitable,7,7,0
almost_therapeutic,7,0,7
simply_inexplicable,7,6,1
much_truer,7,7,0
even_predictive,7,7,0
particularly_lucky,7,7,0
truly_curious,7,7,0
just_surprising,7,7,0
as_fluent,7,7,0
as_relatable,7,5,2
indeed_real,7,7,0
most_endangered,7,7,0
rather_light,7,5,2
simply_poor,7,7,0
especially_wonderful,7,2,5
almost_tragic,7,0,7
simply_pointless,7,7,0
totally_accessible,7,7,0
all_neat,7,5,2
mutually_agreeable,7,4,3
exceptionally_professional,7,6,1
very_illuminating,7,5,2
just_wary,7,7,0
quite_athletic,7,7,0
mutually_acceptable,7,4,3
just_wacky,7,7,0
totally_distinct,7,4,3
somewhat_unsettling,7,5,2
much_looser,7,2,5
staunchly_conservative,7,5,2
also_indicative,7,6,1
as_gullible,7,5,2
quite_atmospheric,7,7,0
pretty_crafty,7,7,0
less_exalted,7,0,7
undeniably_fun,7,2,5
truly_cool,7,0,7
rather_terrible,7,4,3
utterly_simple,7,3,4
pretty_informal,7,7,0
that_scary,7,4,3
really_social,7,7,0
only_worse,7,5,2
less_ethical,7,6,1
widely_unpopular,7,6,1
outright_evil,7,7,0
more_operational,7,5,2
less_inflammatory,7,2,5
also_notable,7,6,1
as_cheesy,7,2,5
often_afraid,7,7,0
definitely_strange,7,4,3
almost_mundane,7,4,3
not_potent,7,7,0
just_whimsical,7,6,1
entirely_forgettable,7,6,1
incredibly_precise,7,7,0
very_bothersome,7,5,2
very_stern,7,6,1
that_busy,7,6,1
quite_delighted,7,7,0
officially_unemployed,7,7,0
very_unsatisfying,7,5,2
even_humanoid,7,7,0
not_imminent,7,7,0
eerily_accurate,7,7,0
rather_successful,7,6,1
rather_substantial,7,4,3
really_shiny,7,6,1
as_grotesque,7,4,3
pretty_dead,7,7,0
actually_incredible,7,5,2
most_numerous,7,7,0
deliberately_confusing,7,7,0
fairly_current,7,6,1
as_cooperative,7,7,0
heartbreakingly_beautiful,7,6,1
just_vague,7,7,0
simply_misleading,7,7,0
already_empty,7,7,0
perhaps_inevitable,7,6,1
more_cartoonish,7,3,4
more_goofy,7,7,0
always_polite,7,7,0
merely_formal,7,5,2
essentially_unknown,7,2,5
musically_different,7,1,6
not_pleasurable,7,7,0
most_expedient,7,7,0
musically_interesting,7,6,1
mainly_responsible,7,7,0
utterly_shocking,7,4,3
not_ignorant,7,7,0
somewhat_weak,7,7,0
simply_outrageous,7,7,0
vaguely_recognizable,7,4,3
overly_rich,7,6,1
clearly_worse,7,7,0
shockingly_good,7,7,0
most_photogenic,7,7,0
hauntingly_similar,7,4,3
simply_offensive,7,7,0
simply_odd,7,7,0
more_fluid,7,6,1
clearly_worried,7,7,0
pretty_damn,7,5,2
statistically_unlikely,7,6,1
not_photogenic,7,7,0
effortlessly_stylish,7,3,4
very_routine,7,5,2
quite_abundant,7,7,0
totally_avoidable,7,7,0
quite_colourful,7,7,0
pretty_far-fetched,7,7,0
simply_cosmetic,7,7,0
simply_corrupt,7,7,0
outright_toxic,7,6,1
oddly_romantic,7,3,4
more_frail,7,6,1
exceedingly_stupid,7,3,4
surprisingly_sweet,7,4,3
as_constant,7,6,1
overly_shy,7,7,0
more_unattainable,7,7,0
too_qualified,7,7,0
really_pale,7,6,1
rather_powerful,7,2,5
only_recognizable,7,4,3
more_unable,7,7,0
very_tantalizing,7,4,3
particularly_insidious,7,1,6
simply_coincidental,7,7,0
spiritually_significant,7,6,1
not_low,7,7,0
faster_paced,7,2,5
incredibly_curious,7,7,0
even_patronizing,7,7,0
totally_clear,7,7,0
visibly_wrong,7,4,3
as_fraught,7,6,1
exceedingly_simple,7,5,2
most_commercial,7,7,0
really_protective,7,7,0
clearly_inferior,7,6,1
really_promising,7,4,3
markedly_lower,7,7,0
uniquely_feminine,7,0,7
immensely_beautiful,7,5,2
deliciously_simple,7,3,4
more_christian,7,6,1
simply_dark,7,7,0
only_relative,7,6,1
incredibly_crowded,7,7,0
that_optimistic,7,7,0
always_fair,7,6,1
just_toxic,7,7,0
very_droll,7,6,1
too_insistent,7,7,0
more_unassuming,7,4,3
painfully_naive,7,7,0
much_self-explanatory,7,7,0
even_perilous,7,7,0
really_peaceful,7,3,4
clearly_female,7,7,0
perhaps_long-term,7,7,0
exceedingly_weighty,7,0,7
not_monetary,7,6,1
quite_casual,7,5,2
as_conscientious,7,6,1
incredibly_daunting,7,5,2
more_unappealing,7,6,1
as_pretentious,7,3,4
totally_bespoke,7,4,3
just_uncertain,7,7,0
too_affectionate,7,7,0
too_innovative,7,7,0
fairly_clever,7,5,2
less_gruesome,7,1,6
totally_benign,7,3,4
even_persistent,7,7,0
too_inquisitive,7,7,0
also_low,7,7,0
rather_random,7,6,1
quite_childish,7,6,1
quite_chilly,7,6,1
really_precise,7,5,2
as_fuzzy,7,3,4
generally_free,7,7,0
very_drinkable,7,7,0
that_intense,7,5,2
most_comforting,7,7,0
quite_civil,7,7,0
simply_casual,7,6,1
more_participatory,7,4,3
not_man-made,7,6,1
very_rhythmic,7,6,1
outstandingly_good,7,4,3
less_graphic,7,3,4
surprisingly_tough,7,7,0
pretty_fond,7,7,0
too_addictive,7,7,0
pretty_glad,7,7,0
all_yellow,7,7,0
less_grateful,7,6,1
truly_despicable,7,2,5
not_meaningless,7,7,0
actually_faster,7,7,0
also_lower,7,7,0
as_compatible,7,5,2
simply_dirty,7,7,0
less_humid,7,7,0
only_new,7,5,2
simply_grateful,7,6,1
pretty_egregious,7,4,3
very_round,7,6,1
heretofore_unheard,7,2,5
totally_contradictory,7,5,2
rather_open,7,7,0
overly_sappy,7,7,0
particularly_handsome,7,7,0
deliciously_creepy,7,2,5
widely_appealing,7,6,1
even_partisan,7,7,0
basically_worthless,7,6,1
very_stoic,7,7,0
uniquely_canadian,7,2,5
simply_free,7,6,1
as_comforting,7,7,0
totally_anonymous,7,7,0
not_observant,7,7,0
irrationally_exuberant,7,7,0
really_organic,7,3,4
merely_inconvenient,7,7,0
more_geeky,7,3,4
rather_offensive,7,3,4
overly_spicy,7,7,0
much_stricter,7,7,0
only_strong,7,7,0
as_formidable,7,1,6
profoundly_satisfying,7,0,7
not_intriguing,7,7,0
uniquely_awesome,7,3,4
actually_unable,7,7,0
way_closer,7,6,1
much_surprised,7,7,0
absolutely_furious,7,6,1
as_gory,7,6,1
even_hollow,7,7,0
most_compassionate,7,6,1
demonstrably_better,7,5,2
totally_convincing,7,5,2
as_quaint,7,4,3
significantly_warmer,7,6,1
much_subject,7,7,0
simply_harder,7,5,2
only_specific,7,7,0
as_contradictory,7,6,1
uniquely_awful,7,1,6
overly_self-conscious,7,7,0
that_honest,7,7,0
simply_disappointed,7,7,0
most_outstanding,7,7,0
totally_committed,7,2,5
very_exceptional,7,2,5
rather_sharp,7,4,3
truly_decadent,7,1,6
just_tight,7,7,0
almost_negligible,7,5,2
only_secondary,7,7,0
much_obsessed,7,7,0
quite_brave,7,3,4
oddly_refreshing,7,1,6
less_fussy,7,3,4
effectively_dead,7,7,0
even_heterosexual,7,7,0
only_seasonal,7,7,0
quite_compact,7,7,0
delightfully_surprised,7,7,0
back_alive,7,7,0
probably_disappointed,7,7,0
not_likable,7,7,0
quite_commonplace,7,5,2
actually_stupid,7,7,0
entirely_benign,7,6,1
really_puzzling,7,4,3
most_overrated,7,6,1
even_greasy,7,7,0
simply_fascinating,7,6,1
quite_considerable,7,4,3
pretty_enthusiastic,7,7,0
wide_enough,7,6,1
simply_fake,7,7,0
very_explosive,7,6,1
perhaps_personal,7,7,0
more_ruinous,7,3,4
utterly_selfish,7,4,3
inherently_compelling,7,0,7
outright_scary,7,7,0
fatally_ill,7,6,1
simply_erroneous,7,7,0
visually_arresting,7,6,1
immediately_understandable,7,6,1
quite_blurry,7,7,0
actually_stronger,7,7,0
simply_empty,7,7,0
really_outlandish,7,1,6
overly_specific,7,6,1
perhaps_other,7,7,0
very_unscientific,7,6,1
just_speechless,7,7,0
truly_organic,7,5,2
more_petty,7,3,4
even_relaxed,7,7,0
as_idealistic,7,4,3
quite_adequate,7,7,0
as_sappy,7,3,4
as_same,7,6,1
deeply_sick,7,0,7
awfully_fishy,7,3,4
too_invisible,7,7,0
more_unhealthy,7,6,1
not_fit,7,7,0
highly_dysfunctional,7,6,1
ecologically_sustainable,7,7,0
slightly_aloof,7,7,0
quite_adult,7,7,0
slightly_alien,7,3,4
less_legal,7,6,1
truly_brutal,7,2,5
incredibly_eager,7,7,0
personally_involved,7,4,3
absolutely_ecstatic,7,7,0
immensely_wealthy,7,6,1
as_identical,7,5,2
somewhat_frustrated,7,7,0
particularly_poor,7,7,0
excessively_hot,7,7,0
presently_active,7,5,2
more_phenomenal,7,3,4
presently_available,7,7,0
more_heavier,7,6,1
truly_needy,7,5,2
rather_foolish,7,5,2
frankly_bizarre,7,7,0
much_graver,7,2,5
either_unaware,7,7,0
truly_embarrassing,7,2,5
kinda_different,7,3,4
particularly_potent,7,3,4
seriously_prejudicial,7,0,7
slightly_ashamed,7,7,0
deeply_satisfied,7,7,0
very_fastidious,7,7,0
over_ripe,7,7,0
frankly_bad,7,7,0
slightly_anxious,7,7,0
rather_formulaic,7,6,1
n't_constitutional,7,7,0
deeply_strange,7,4,3
intensely_bitter,7,7,0
truly_bigger,7,2,5
sinfully_sweet,7,2,5
rather_gloomy,7,6,1
just_sexual,7,7,0
genuinely_revolutionary,7,1,6
entirely_neutral,7,7,0
not_foreign,7,2,5
partially_blank,7,7,0
too_immediate,7,6,1
sincerely_happy,7,7,0
awfully_important,7,3,4
sincerely_grateful,7,7,0
more_symptomatic,7,3,4
pretty_likely,7,7,0
not_forgiving,7,7,0
quite_afraid,7,7,0
very_fast-paced,7,7,0
deeply_unnatural,7,1,6
pretty_apparent,7,7,0
longer_recognizable,7,6,1
severely_cold,7,7,0
rather_grey,7,5,2
vaguely_positive,7,1,6
rather_unnecessary,7,6,1
indeed_able,7,7,0
otherwise_unsightly,7,7,0
visibly_shocked,7,7,0
freshly_dead,7,7,0
just_serious,7,6,1
somewhat_high,7,6,1
especially_serious,7,3,4
especially_severe,7,7,0
most_elaborate,7,7,0
extremely_valid,7,6,1
pretty_lonely,7,7,0
entirely_oblivious,7,7,0
deeply_thankful,7,7,0
universally_relatable,7,2,5
already_hot,7,7,0
too_imaginable,7,7,0
far_faster,7,7,0
not_flawless,7,7,0
quite_ephemeral,7,3,4
always_correct,7,7,0
obviously_untrue,7,7,0
too_bothersome,7,7,0
uniformly_good,7,7,0
utterly_incapable,7,6,1
particularly_prevalent,7,7,0
quite_exhausted,7,7,0
surprisingly_higher,7,7,0
that_terrible,7,6,1
almost_colorless,7,7,0
overly_passive,7,6,1
easily_transportable,7,5,2
less_depressed,7,7,0
even_evasive,7,7,0
very_promiscuous,7,7,0
deeply_negative,7,7,0
individually_different,7,7,0
incredibly_big,7,2,5
even_everyday,7,7,0
more_brash,7,4,3
easily_viewable,7,7,0
quite_extravagant,7,6,1
very_swollen,7,7,0
excessively_oily,7,7,0
somewhat_disturbing,7,6,1
all_capable,7,7,0
very_european,7,6,1
less_desperate,7,5,2
more_fervent,7,6,1
also_fluent,7,7,0
acutely_toxic,7,7,0
not_rewarding,7,6,1
too_respectful,7,7,0
entirely_responsible,7,7,0
very_feisty,7,7,0
somewhat_creepy,7,6,1
not_excellent,7,7,0
phenomenally_stupid,7,3,4
unnecessarily_cruel,7,7,0
terribly_unhappy,7,7,0
entirely_satisfactory,7,6,1
very_ambivalent,7,6,1
highly_flawed,7,7,0
somewhat_curious,7,7,0
maybe_fifth,7,7,0
much_fortunate,7,7,0
fairly_extreme,7,4,3
entirely_safe,7,7,0
even_eternal,7,5,2
somewhat_dainty,7,0,7
exactly_opposite,7,6,1
seriously_fun,7,4,3
seriously_funny,7,5,2
somewhat_dark,7,7,0
not_expert,7,7,0
directly_accountable,7,6,1
otherwise_aggressive,7,7,0
commercially_valuable,7,7,0
somewhat_erratic,7,7,0
utterly_horrifying,7,4,3
as_ill,7,5,2
that_surprising,7,4,3
particularly_productive,7,7,0
as_scandalous,7,3,4
not_repugnant,7,7,0
excessively_low,7,7,0
just_seasonal,7,7,0
even_remarkable,7,7,0
longer_feasible,7,7,0
excessively_long,7,7,0
most_predictable,7,7,0
incredibly_bored,7,7,0
deeply_reassuring,7,1,6
really_lacking,7,4,3
also_passionate,7,6,1
surprisingly_accessible,7,7,0
digitally_available,7,7,0
very_industrious,7,7,0
not_remarkable,7,7,0
more_breathable,7,4,3
slightly_brighter,7,6,1
not_reputable,7,7,0
quite_expressive,7,7,0
deeply_powerful,7,1,6
very_prosperous,7,6,1
blatantly_dishonest,7,4,3
even_reprehensible,7,7,0
incredibly_bizarre,7,4,3
extremely_unfair,7,7,0
rather_feeble,7,2,5
deeply_perverse,7,0,7
seriously_involved,7,6,1
as_illogical,7,3,4
otherwise_actionable,7,7,0
somewhat_elusive,7,7,0
always_responsible,7,7,0
quite_explosive,7,6,1
predominately_muslim,7,7,0
deeply_poetic,7,1,6
pretty_massive,7,4,3
genuinely_shocking,7,4,3
just_complacent,7,7,0
not_resistant,7,7,0
more_coarse,7,4,3
really_uncommon,7,4,3
excessively_dirty,7,7,0
rather_gruesome,7,6,1
too_bloated,7,7,0
highly_compatible,7,6,1
totally_exhausted,7,7,0
simply_timeless,7,7,0
moderately_higher,7,7,0
profoundly_unique,7,2,5
actually_smaller,7,7,0
profoundly_unhelpful,7,7,0
only_identifiable,7,7,0
somewhat_shocked,7,7,0
perhaps_worth,7,4,3
somewhat_shy,7,7,0
that_amazing,7,7,0
too_imprecise,7,7,0
genuinely_passionate,7,7,0
perhaps_willing,7,6,1
too_impressed,7,7,0
as_responsive,7,7,0
very_impulsive,7,7,0
more_sculptural,7,1,6
vividly_alive,7,6,1
rather_informal,7,6,1
really_stable,7,5,2
just_smooth,7,7,0
highly_compelling,7,6,1
economically_sensible,7,7,0
actually_visible,7,7,0
especially_tough,7,7,0
probably_able,7,7,0
simply_unconcerned,7,7,0
not_graphic,7,7,0
really_mellow,7,6,1
very_easygoing,7,7,0
as_hazy,7,6,1
surprisingly_excessive,7,7,0
utterly_strange,7,2,5
quite_durable,7,7,0
far_lighter,7,3,4
pretty_candid,7,7,0
economically_powerful,7,6,1
pretty_capable,7,7,0
as_cautious,7,2,5
simply_unaccounted,7,7,0
uniquely_wonderful,7,4,3
merely_eccentric,7,6,1
even_flattering,7,7,0
uniquely_vulnerable,7,6,1
exceptionally_unique,7,2,5
more_gross,7,2,5
somewhat_stressful,7,7,0
universally_good,7,5,2
outright_disgusting,7,7,0
economically_successful,7,7,0
mysteriously_absent,7,5,2
as_resolute,7,5,2
pretty_innovative,7,7,0
openly_anti-semitic,7,7,0
too_reflective,7,7,0
economically_sustainable,7,7,0
openly_antagonistic,7,7,0
almost_biblical,7,0,7
exceedingly_friendly,7,7,0
sexually_open,7,7,0
openly_aggressive,7,7,0
not_homophobic,7,7,0
more_businesslike,7,4,3
that_aware,7,2,5
somewhat_tentative,7,6,1
incredibly_disgusting,7,5,2
that_awesome,7,7,0
intentionally_harmful,7,7,0
much_leaner,7,4,3
quite_dismissive,7,7,0
somewhat_surreal,7,7,0
not_heterosexual,7,7,0
exceptionally_successful,7,6,1
very_devout,7,7,0
particularly_odd,7,3,4
truly_comforting,7,0,7
truly_competitive,7,4,3
closely_interwoven,7,7,0
painfully_uncomfortable,7,6,1
sexually_intimate,7,6,1
quite_divisive,7,7,0
openly_concerned,7,7,0
pretty_cliche,7,6,1
simply_special,7,4,3
simply_soft,7,7,0
more_claustrophobic,7,5,2
all_temporary,7,7,0
as_resourceful,7,2,5
openly_bisexual,7,7,0
immediately_dangerous,7,7,0
not_privileged,7,7,0
definitely_necessary,7,7,0
definitely_new,7,3,4
bit_difficult,7,7,0
intentionally_ignorant,7,7,0
too_overt,7,6,1
really_substantive,7,2,5
sexually_compatible,7,6,1
personally_familiar,7,5,2
just_shorter,7,7,0
truly_challenging,7,4,3
extremely_vulgar,7,5,2
that_strange,7,4,3
rather_helpful,7,7,0
utterly_indifferent,7,7,0
truly_chilling,7,5,2
beautifully_human,7,4,3
as_rotten,7,2,5
still_ashamed,7,7,0
even_feminist,7,7,0
somewhat_naive,7,7,0
somewhat_nervous,7,7,0
somewhat_normal,7,6,1
perhaps_free,7,7,0
simply_unusual,7,6,1
also_hesitant,7,7,0
mildly_ill,7,7,0
somewhat_obvious,7,5,2
severely_painful,7,7,0
really_loyal,7,7,0
quite_else,7,1,6
incredibly_calming,7,0,7
perhaps_great,7,7,0
very_ecstatic,7,6,1
clearly_bad,7,7,0
rather_unfortunate,7,6,1
pretty_arbitrary,7,7,0
as_fervent,7,5,2
outright_confusing,7,7,0
wholly_personal,7,3,4
highly_derivative,7,7,0
not_fraudulent,7,7,0
partially_attributable,7,6,1
really_likeable,7,3,4
too_wicked,7,7,0
comically_inept,7,7,0
pretty_astonishing,7,6,1
also_harmful,7,7,0
n't_catholic,7,7,0
particularly_personal,7,4,3
longer_shiny,7,7,0
more_finite,7,1,6
really_likely,7,5,2
simply_worthless,7,7,0
simply_worth,7,7,0
maybe_confused,7,7,0
maybe_concerned,7,7,0
less_dumb,7,5,2
still_apprehensive,7,7,0
totally_familiar,7,6,1
truly_timeless,7,1,6
totally_fair,7,7,0
more_obsessive,7,6,1
even_illegitimate,7,7,0
even_quick,7,7,0
less_intensive,7,4,3
sexually_appealing,7,6,1
too_bashful,7,7,0
more_tribal,7,4,3
particularly_fascinating,7,2,5
really_subversive,7,1,6
not_proportionate,7,7,0
simply_unemployed,7,7,0
outright_deceptive,7,7,0
less_elegant,7,4,3
more_gutsy,7,1,6
longer_young,7,6,1
really_meaningless,7,6,1
uniformly_terrible,7,7,0
rather_impressed,7,7,0
really_superior,7,2,5
painstakingly_slow,7,7,0
pretty_bold,7,7,0
not_glad,7,7,0
extremely_windy,7,7,0
not_pure,7,5,2
personally_concerned,7,7,0
as_candid,7,4,3
personally_challenging,7,5,2
wholly_satisfying,7,4,3
too_impersonal,7,4,3
universally_available,7,6,1
simply_unpleasant,7,7,0
economically_illiterate,7,7,0
that_special,7,5,2
extremely_worthwhile,7,5,2
also_older,7,7,0
over_much,7,7,0
quite_educational,7,6,1
typically_monotonous,7,7,0
as_heartfelt,7,3,4
highly_corrupt,7,7,0
n't_angry,7,7,0
incredibly_catchy,7,6,1
more_rectangular,7,7,0
equally_pretentious,7,4,3
seemingly_bizarre,7,6,1
downright_disappointing,7,7,0
virtually_unrecognizable,7,5,2
emotionally_disturbed,7,4,3
downright_unbearable,7,7,0
downright_unbelievable,7,7,0
politically_powerless,7,7,0
purely_ornamental,7,7,0
so_noticeable,7,7,0
often_many,7,7,0
inherently_powerful,7,1,6
infinitely_interesting,7,4,3
almost_same,7,7,0
usually_small,7,6,1
currently_uninsured,7,7,0
generally_unhealthy,7,7,0
vastly_worse,7,6,1
plain_enjoyable,7,6,1
otherwise_unethical,7,7,0
extraordinarily_stupid,7,3,4
very_do-able,7,7,0
terribly_clever,7,6,1
still_problematic,7,7,0
too_drowsy,7,7,0
extremely_creepy,7,6,1
very_wordy,7,7,0
fully_legal,7,7,0
horrifically_wrong,7,2,5
infinitely_small,7,3,4
largely_unfamiliar,7,6,1
less_proud,7,6,1
still_unproven,7,6,1
politically_partisan,7,7,0
really_early,7,7,0
most_gentle,7,7,0
very_situational,7,7,0
overwhelmingly_muslim,7,7,0
as_able,7,6,1
plain_evil,7,7,0
still_profitable,7,7,0
technically_strong,7,6,1
virtually_unthinkable,7,2,5
overly_compliant,7,7,0
most_unnerving,7,6,1
probably_older,7,7,0
overly_conscientious,7,7,0
plain_easier,7,7,0
completely_special,7,1,6
almost_vertical,7,7,0
also_anxious,7,7,0
very_left-wing,7,6,1
so_objective,7,1,6
uncommonly_important,7,0,7
grossly_disproportionate,7,7,0
indeed_fair,7,7,0
pretty_stationary,7,7,0
equally_enticing,7,2,5
too_ludicrous,7,6,1
always_accurate,7,7,0
damn_awesome,7,6,1
even_celebratory,7,7,0
relatively_independent,7,6,1
mostly_responsible,7,7,0
both_surprised,7,7,0
so_obedient,7,7,0
plain_unhealthy,7,7,0
truly_heartfelt,7,3,4
as_narcissistic,7,2,5
still_pleased,7,7,0
now_satisfied,7,7,0
most_informative,7,7,0
ridiculously_obvious,7,5,2
too_ubiquitous,7,7,0
particularly_bright,7,7,0
so_foundational,7,1,6
still_playable,7,7,0
less_vibrant,7,7,0
extremely_loose,7,7,0
plain_unfair,7,7,0
too_docile,7,6,1
pretty_stiff,7,4,3
less_vigilant,7,7,0
apparently_innocuous,7,1,6
partially_refundable,7,7,0
too_exuberant,7,7,0
extraordinarily_wealthy,7,6,1
utterly_weird,7,4,3
still_uninhabited,7,7,0
too_petrified,7,7,0
then_great,7,5,2
largely_unnoticed,7,5,2
then_good,7,4,3
quite_thrilled,7,7,0
currently_legal,7,6,1
fairly_stupid,7,6,1
n't_wise,7,7,0
just_irish,7,6,1
so_grisly,7,3,4
very_gay,7,6,1
too_trashy,7,7,0
mostly_poor,7,7,0
relatively_little,7,6,1
equally_unlikely,7,4,3
more_judicious,7,7,0
downright_tedious,7,7,0
more_jittery,7,7,0
honestly_mistaken,7,7,0
largely_unproven,7,7,0
otherwise_private,7,7,0
relatively_unaffected,7,7,0
completely_unconcerned,7,7,0
intellectually_compelling,7,6,1
too_lightweight,7,7,0
merely_subjective,7,6,1
equally_funny,7,6,1
quite_thoughtful,7,6,1
so_mystical,7,2,5
totally_unusual,7,1,6
as_eclectic,7,5,2
increasingly_complex,7,7,0
initially_concerned,7,7,0
needlessly_expensive,7,7,0
politically_harmful,7,7,0
emotionally_dependent,7,6,1
still_recognisable,7,7,0
both_useful,7,7,0
equally_ludicrous,7,5,2
non_professional,7,7,0
forever_doomed,7,7,0
still_unnamed,7,7,0
ridiculously_dangerous,7,3,4
nutritionally_deficient,7,7,0
totally_obscure,7,5,2
downright_tragic,7,7,0
just_mind-blowing,7,7,0
equally_magical,7,3,4
still_unpaid,7,7,0
intellectually_coherent,7,7,0
legally_binding,7,4,3
almost_afraid,7,7,0
really_available,7,6,1
more_endemic,7,2,5
quite_transparent,7,7,0
non_technical,7,5,2
equally_sexy,7,6,1
too_dusty,7,7,0
even_contemptuous,7,7,0
equally_flawed,7,6,1
even_unreliable,7,7,0
still_real,7,7,0
incredibly_human,7,0,7
completely_trustworthy,7,6,1
still_readable,7,7,0
absolutely_priceless,7,7,0
n't_wide,7,7,0
n't_whole,7,7,0
intellectually_deficient,7,7,0
always_jealous,7,7,0
grimly_funny,7,6,1
pretty_visible,7,6,1
thoroughly_contemporary,7,4,3
completely_treatable,7,6,1
inherently_sinister,7,0,7
plain_unknown,7,7,0
most_unfortunate,7,5,2
overwhelmingly_democratic,7,7,0
as_devious,7,1,6
less_slippery,7,1,6
purely_anecdotal,7,7,0
even_stubborn,7,7,0
equally_yummy,7,4,3
not_anti-semitic,7,7,0
not_anxious,7,7,0
highly_versatile,7,6,1
damn_loud,7,6,1
so_overbearing,7,5,2
quite_precise,7,6,1
nearly_daily,7,7,0
even_cartoonish,7,7,0
as_adamant,7,5,2
inherently_spiritual,7,4,3
as_terrified,7,6,1
hopefully_more,7,6,1
so_entrenched,7,4,3
less_shy,7,7,0
fully_natural,7,7,0
less_whimsical,7,6,1
particularly_charming,7,3,4
grossly_incorrect,7,6,1
super_basic,7,3,4
as_invalid,7,7,0
equally_divine,7,7,0
both_possible,7,6,1
still_lush,7,7,0
too_discreet,7,7,0
super_attractive,7,6,1
strikingly_familiar,7,4,3
more_menial,7,5,2
goddamn_good,7,7,0
super_aware,7,7,0
so_lax,7,7,0
equally_worthwhile,7,5,2
around_entertaining,7,7,0
socially_appropriate,7,6,1
super_badass,7,4,3
plain_dark,7,6,1
less_welcoming,7,7,0
very_choosy,7,7,0
so_solemn,7,6,1
truly_worried,7,7,0
just_gonna,7,7,0
extraordinarily_intelligent,7,7,0
absolutely_bonkers,7,6,1
academically_inclined,7,7,0
strictly_vegetarian,7,7,0
even_cumbersome,7,7,0
less_shiny,7,5,2
even_narrower,7,7,0
fairly_lengthy,7,7,0
perfectly_tasty,7,4,3
less_wise,7,7,0
particularly_chilling,7,0,7
more_quotable,7,6,1
super_concerned,7,7,0
almost_refreshing,7,1,6
emotionally_interesting,7,7,0
overly_graphic,7,6,1
even_straightforward,7,7,0
more_amicable,7,6,1
emotionally_intelligent,7,6,1
frankly_ridiculous,7,6,1
completely_rational,7,7,0
very_dispiriting,7,6,1
so_overwrought,7,7,0
pretty_sloppy,7,7,0
cautiously_hopeful,7,7,0
more_audible,7,7,0
almost_divine,7,1,6
broadly_supportive,7,7,0
quite_sane,7,5,2
rightfully_proud,7,7,0
very_stuck,7,7,0
necessarily_happy,7,7,0
super_chill,7,7,0
less_shocking,7,3,4
damn_perfect,7,6,1
just_accustomed,7,7,0
more_unthinkable,7,1,6
otherwise_inhospitable,7,7,0
pretty_sound,7,7,0
mostly_safe,7,7,0
really_apparent,7,5,2
otherwise_unfamiliar,7,7,0
still_obtainable,7,6,1
visually_engaging,7,4,3
quite_selective,7,7,0
just_appalling,7,7,0
n't_thick,7,7,0
completely_set,7,7,0
not_agile,7,7,0
ridiculously_trivial,7,5,2
very_gregarious,7,7,0
completely_senseless,7,6,1
genetically_diverse,7,7,0
so_favorable,7,6,1
so_stealthy,7,5,2
completely_selfless,7,4,3
most_dire,7,5,2
completely_selfish,7,5,2
already_true,7,6,1
very_aged,7,7,0
very_atypical,7,4,3
pretty_stable,7,7,0
damn_big,7,6,1
still_online,7,7,0
equally_mediocre,7,7,0
increasingly_available,7,6,1
so_flashy,7,4,3
not_adept,7,7,0
just_aesthetic,7,7,0
n't_transparent,7,7,0
mentally_abnormal,7,7,0
not_adjustable,7,7,0
totally_serious,7,5,2
so_watchable,7,5,2
as_abundant,7,6,1
purely_biological,7,4,3
quite_unfair,7,6,1
almost_verbatim,7,7,0
totally_wacky,7,2,5
visually_rich,7,7,0
both_sad,7,7,0
too_disparate,7,6,1
nearly_circular,7,7,0
as_acidic,7,4,3
mostly_sunny,7,7,0
both_real,7,7,0
even_subconscious,7,7,0
more_attributable,7,6,1
even_mean-spirited,7,7,0
extremely_modern,7,4,3
equally_drastic,7,0,7
as_thrilling,7,5,2
barely_larger,7,6,1
so_expert,7,7,0
super_aggressive,7,7,0
downright_useless,7,7,0
consistently_awesome,7,7,0
less_racist,7,5,2
plain_delicious,7,7,0
not_annoying,7,7,0
not_ambitious,7,7,0
very_divergent,7,7,0
merely_passive,7,7,0
just_gray,7,7,0
most_distressing,7,6,1
incredibly_heavy,7,4,3
politically_unfeasible,7,7,0
downright_unsafe,7,7,0
not_airtight,7,7,0
virtually_worthless,7,7,0
extremely_dear,7,3,4
now_higher,7,7,0
too_giddy,7,7,0
more_accomplished,7,6,1
too_german,7,7,0
even_amazing,7,6,1
not_allowable,7,7,0
even_subordinate,7,7,0
completely_sane,7,7,0
relatively_friendly,7,6,1
so_harmonious,7,5,2
more_watery,7,7,0
else_new,7,0,7
achingly_funny,7,6,1
totally_practical,7,6,1
totally_reasonable,7,6,1
quite_paradoxical,7,3,4
substantively_different,7,2,5
most_transparent,7,7,0
even_thrilling,7,4,3
usually_best,7,7,0
quite_partial,7,7,0
terribly_depressing,7,6,1
even_automatic,7,7,0
less_prestigious,7,4,3
fully_integrated,7,7,0
even_classical,7,7,0
always_tough,7,6,1
completely_vacant,7,7,0
so_luscious,7,4,3
quite_ok,7,7,0
too_enormous,7,7,0
so_touchy,7,6,1
quite_stubborn,7,7,0
quite_sturdy,7,6,1
substantially_indistinguishable,7,7,0
plainly_observable,7,7,0
remotely_familiar,7,3,4
almost_eerie,7,3,4
extremely_improbable,7,6,1
more_sizable,7,4,3
fairly_slow,7,7,0
inherently_rewarding,7,1,6
as_disgusting,7,3,4
so_unfunny,7,5,2
completely_wacky,7,4,3
incredibly_solid,7,7,0
downright_cheap,7,7,0
completely_vulnerable,7,6,1
totally_unprecedented,7,1,6
really_exclusive,7,2,5
more_afoot,7,1,6
barely_true,7,7,0
downright_alarming,7,7,0
naturally_evil,7,6,1
partially_sunny,7,7,0
less_tight,7,5,2
as_legal,7,7,0
nit_enough,7,7,0
extremely_inefficient,7,7,0
more_contrived,7,4,3
even_visual,7,7,0
still_thirsty,7,7,0
equally_troubling,7,5,2
so_unlikable,7,7,0
almost_easier,7,7,0
too_foggy,7,7,0
merely_possible,7,7,0
naturally_strong,7,6,1
criminally_stupid,7,7,0
too_tasty,7,7,0
more_lethargic,7,6,1
overly_flashy,7,6,1
quite_superb,7,5,2
as_dismissive,7,7,0
even_unwelcome,7,7,0
equally_iconic,7,4,3
quite_pathetic,7,6,1
completely_unworthy,7,5,2
maybe_unlucky,7,7,0
merely_pragmatic,7,7,0
so_inflexible,7,6,1
very_aesthetic,7,4,3
nicely_pigmented,7,7,0
even_armed,7,7,0
overly_fearful,7,7,0
really_brutal,7,5,2
pleasingly_plump,7,7,0
even_thick,7,7,0
even_therapeutic,7,7,0
so_inevitable,7,3,4
completely_unsure,7,7,0
so_maddening,7,6,1
just_blank,7,7,0
too_lethargic,7,7,0
even_avoidable,7,7,0
too_snowy,7,7,0
so_judgemental,7,6,1
once_enough,7,7,0
stylistically_similar,7,6,1
quite_outdated,7,7,0
too_tacky,7,7,0
extremely_broad,7,7,0
financially_attractive,7,7,0
wonderfully_easy,7,3,4
more_maneuverable,7,6,1
understandably_skeptical,7,7,0
so_unconscious,7,5,2
plain_inappropriate,7,7,0
as_eminent,7,1,6
overwhelmingly_popular,7,6,1
too_symmetrical,7,7,0
truly_gorgeous,7,5,2
so_irreplaceable,7,2,5
too_snarky,7,7,0
never_short,7,7,0
never_likely,7,7,0
relatively_short-lived,7,6,1
so_truthful,7,3,4
even_attainable,7,7,0
as_elitist,7,2,5
well_armed,7,7,0
just_ambitious,7,6,1
extremely_cathartic,7,2,5
plain_inconvenient,7,7,0
so_unattainable,7,1,6
so_unattractive,7,6,1
really_cautious,7,7,0
extremely_humble,7,7,0
so_lethargic,7,7,0
overly_fancy,7,6,1
purely_emotional,7,7,0
extremely_humid,7,7,0
otherwise_obvious,7,7,0
equally_ineffective,7,7,0
extremely_brave,7,6,1
otherwise_obnoxious,7,7,0
so_troublesome,7,4,3
downright_banal,7,7,0
now_closer,7,7,0
equally_insane,7,5,2
plain_insane,7,7,0
too_forgettable,7,6,1
even_transcendent,7,7,0
so_intoxicated,7,5,2
more_pretty,7,7,0
fully_honest,7,7,0
so_intolerable,7,5,2
around_qualified,7,7,0
so_lively,7,6,1
intimately_personal,7,5,2
so_loathsome,7,4,3
as_understated,7,6,1
gravely_serious,7,5,2
too_foreseeable,7,7,0
completely_willing,7,6,1
more_leery,7,7,0
very_german,7,2,5
so_uneven,7,6,1
so_invasive,7,2,5
gravely_sinful,7,7,0
even_cognizant,7,7,0
plain_impractical,7,7,0
basically_evil,7,7,0
so_underwater,7,7,0
more_arcane,7,2,5
downright_quirky,7,7,0
so_invaluable,7,4,3
still_susceptible,7,7,0
so_uneasy,7,7,0
even_urgent,7,5,2
still_surreal,7,7,0
undeniably_alluring,7,0,7
so_introverted,7,4,3
culturally_competent,7,7,0
so_unethical,7,2,5
most_gratifying,7,7,0
structurally_weak,7,6,1
so_mushy,7,7,0
extremely_acidic,7,6,1
less_unhealthy,7,6,1
still_uneasy,7,7,0
merely_psychological,7,7,0
just_biased,7,7,0
more_elite,7,4,3
relatively_narrow,7,6,1
so_mobile,7,6,1
extremely_involved,7,7,0
as_misguided,7,6,1
barely_watchable,7,4,3
actually_older,7,6,1
even_applicable,7,7,0
infinitely_easier,7,7,0
too_philosophical,7,6,1
just_marvelous,7,6,1
so_historical,7,2,5
currently_alive,7,5,2
strongly_republican,7,7,0
overly_creative,7,6,1
very_gendered,7,6,1
usually_male,7,1,6
most_truthful,7,7,0
totally_painless,7,6,1
relatively_novel,7,2,5
less_steep,7,6,1
quite_pessimistic,7,7,0
extremely_addictive,7,5,2
extremely_intoxicated,7,7,0
so_mindless,7,4,3
otherwise_positive,7,7,0
as_worldly,7,1,6
less_uncertain,7,7,0
very_communicative,7,7,0
fairly_moderate,7,7,0
maybe_unaware,7,7,0
least_interesting,7,7,0
too_thorough,7,7,0
very_circular,7,6,1
quite_neat,7,7,0
remarkably_strong,7,7,0
very_unappealing,7,5,2
extremely_irritable,7,7,0
particularly_angry,7,6,1
even_confrontational,7,7,0
more_key,7,6,1
truly_fortunate,7,7,0
plain_ludicrous,7,7,0
more_waterproof,7,4,3
too_tipsy,7,7,0
really_feminine,7,4,3
otherwise_low,7,7,0
barely_wide,7,7,0
always_terrible,7,7,0
as_typical,7,3,4
very_self-sufficient,7,7,0
very_transient,7,6,1
even_tacky,7,7,0
more_textured,7,1,6
equally_lovely,7,7,0
mostly_open,7,7,0
downright_negative,7,7,0
barely_possible,7,5,2
temporarily_insane,7,7,0
even_chemical,7,7,0
too_fruity,7,6,1
less_spontaneous,7,5,2
as_wicked,7,4,3
so_moody,7,6,1
so_hidden,7,6,1
plain_unusual,7,7,0
so_heroic,7,5,2
too_sorry,7,7,0
even_conflicting,7,7,0
pathologically_wrong,7,1,6
more_tight,7,4,3
well_capable,7,7,0
now_silent,7,7,0
maybe_true,7,4,3
very_abrupt,7,7,0
too_elegant,7,5,2
downright_spectacular,7,6,1
even_voluntary,7,7,0
hitherto_unseen,7,2,5
otherwise_mundane,7,6,1
as_diligent,7,5,2
downright_outrageous,7,7,0
completely_unprofessional,7,7,0
suddenly_concerned,7,7,0
equally_irrational,7,5,2
incredibly_luxurious,7,2,5
particularly_aware,7,7,0
so_unprepared,7,6,1
as_mortal,7,1,6
less_stressed,7,7,0
up_front,7,6,1
just_loyal,7,7,0
politically_biased,7,6,1
so_masterful,7,5,2
as_laughable,7,4,3
now_due,7,7,0
quite_suspicious,7,7,0
mentally_exhausting,7,7,0
so_hyped,7,7,0
really_eye-opening,7,5,2
so_malleable,7,4,3
more_stressed,7,7,0
maybe_worth,7,6,1
totally_pleased,7,7,0
as_enamored,7,7,0
so_inconvenient,7,5,2
as_diplomatic,7,7,0
suddenly_able,7,6,1
too_mannered,7,7,0
as_unhinged,7,3,4
mostly_liberal,7,7,0
plain_great,7,7,0
uncomfortably_similar,7,6,1
equally_unacceptable,7,4,3
partially_shady,7,7,0
inherently_worthy,7,5,2
mostly_flat,7,7,0
relatively_overwhelming,7,7,0
as_motivated,7,6,1
equally_uncomfortable,7,5,2
even_wary,7,7,0
equally_hard,7,7,0
horribly_flawed,7,6,1
criminally_accountable,7,5,2
nominally_catholic,7,7,0
else_other,7,7,0
really_blind,7,7,0
just_magic,7,6,1
more_effusive,7,3,4
always_illegal,7,7,0
quite_pertinent,7,2,5
more_stoked,7,7,0
pretty_tense,7,7,0
so_hysterical,7,5,2
so_unrecognizable,7,4,3
less_progressive,7,6,1
nominally_independent,7,6,1
more_shrewd,7,6,1
inherently_unsafe,7,4,3
now_archaic,7,7,0
too_tepid,7,7,0
quite_persistent,7,7,0
less_trendy,7,0,7
so_mean-spirited,7,6,1
no_smarter,7,4,3
never_boring,7,7,0
even_mexican,7,7,0
quite_noteworthy,7,3,4
greatly_mistaken,7,7,0
probably_real,7,6,1
so_menacing,7,3,4
merely_tired,7,7,0
really_blurry,7,6,1
as_live,7,7,0
more_psychedelic,7,1,6
now_easy,7,7,0
so_melodramatic,7,7,0
most_hardcore,7,6,1
woefully_outdated,7,7,0
completely_remote,7,4,3
even_irritable,7,7,0
totally_surprising,7,3,4
more_misunderstood,7,7,0
woefully_wrong,7,6,1
also_sad,7,7,0
extremely_premature,7,6,1
fairly_innocent,7,5,2
almost_interchangeable,7,6,1
so_selective,7,7,0
plain_paranoid,7,7,0
super_involved,7,7,0
recognizably_american,7,0,7
likely_guilty,7,7,0
remarkably_easy,7,7,0
not_unfounded,7,7,0
equally_boring,7,1,6
racially_abusive,7,6,1
so_conflicted,7,7,0
quite_proper,7,7,0
plain_absent,7,7,0
scientifically_literate,7,7,0
consistently_successful,7,7,0
so_proficient,7,5,2
largely_indistinguishable,7,7,0
both_dead,7,7,0
not_cautious,7,7,0
quite_invisible,7,7,0
less_related,7,5,2
fully_cognizant,7,6,1
just_forgetful,7,7,0
infinitely_valuable,7,4,3
as_masterful,7,4,3
even_softer,7,5,2
uncommonly_weighty,7,0,7
just_ashamed,7,7,0
as_alike,7,7,0
inherently_true,7,3,4
mentally_unsound,7,6,1
completely_intangible,7,2,5
super_juicy,7,5,2
highly_social,7,7,0
pretty_unclear,7,7,0
so_savage,7,6,1
darn_busy,7,7,0
even_male,7,7,0
plain_picky,7,7,0
super_lightweight,7,5,2
too_gritty,7,7,0
so_savvy,7,4,3
somehow_immune,7,7,0
extremely_proficient,7,6,1
equally_bizarre,7,1,6
darn_cold,7,7,0
obviously_fraudulent,7,6,1
less_casual,7,4,3
so_sarcastic,7,6,1
pretty_unbelievable,7,7,0
seasonally_available,7,7,0
so_salty,7,6,1
completely_ineffectual,7,7,0
more_expert,7,2,5
completely_insignificant,7,4,3
extremely_privileged,7,7,0
visually_distinctive,7,5,2
even_sober,7,7,0
n't_poor,7,7,0
less_representative,7,6,1
largely_inaccessible,7,7,0
really_hardcore,7,6,1
not_unfair,7,7,0
too_lovely,7,7,0
very_maternal,7,5,2
incredibly_inventive,7,6,1
somehow_guilty,7,7,0
most_holy,7,3,4
terribly_misleading,7,6,1
drastically_cheaper,7,5,2
ultimately_better,7,5,2
downright_immoral,7,7,0
thoroughly_pleased,7,7,0
morally_unfit,7,7,0
as_observant,7,4,3
extremely_distressing,7,7,0
not_usual,7,3,4
possibly_fourth,7,7,0
nearly_helpless,7,6,1
as_sunny,7,5,2
often_inadequate,7,6,1
very_cheery,7,6,1
as_eternal,7,6,1
completely_legit,7,7,0
even_defensible,7,7,0
dangerously_stupid,7,5,2
so_sheer,7,5,2
equally_clueless,7,6,1
very_fraught,7,7,0
also_sceptical,7,7,0
equally_close,7,7,0
actually_productive,7,4,3
both_excited,7,7,0
especially_clever,7,5,2
almost_familiar,7,3,4
as_vapid,7,4,3
truly_sacred,7,2,5
catastrophically_bad,7,4,3
strictly_legal,7,6,1
refreshingly_unique,7,3,4
equally_refreshing,7,5,2
just_frightening,7,7,0
more_rambunctious,7,4,3
quite_watchable,7,5,2
strictly_illegal,7,5,2
pretty_secure,7,7,0
even_needless,7,7,0
super_girly,7,5,2
finally_happy,7,7,0
likely_cheaper,7,7,0
most_vicious,7,7,0
more_vintage,7,3,4
fairly_intense,7,6,1
refreshingly_original,7,4,3
highly_strategic,7,5,2
reliably_republican,7,7,0
even_irreversible,7,7,0
scarcely_perceptible,7,7,0
less_scientific,7,4,3
quite_widespread,7,7,0
plain_afraid,7,7,0
more_easygoing,7,4,3
quite_progressive,7,7,0
truly_romantic,7,1,6
as_inscrutable,7,5,2
obviously_excited,7,7,0
still_grey,7,7,0
more_reactionary,7,7,0
once_unimaginable,7,1,6
less_scared,7,6,1
startlingly_similar,7,6,1
more_misguided,7,7,0
really_gruesome,7,5,2
quite_proficient,7,6,1
strictly_forbidden,7,6,1
vastly_larger,7,3,4
also_closer,7,7,0
dangerously_toxic,7,7,0
very_onerous,7,5,2
as_meager,7,5,2
somehow_aware,7,7,0
glaringly_absent,7,4,3
dangerously_underweight,7,7,0
always_honest,7,7,0
otherwise_religious,7,7,0
even_sorry,7,7,0
too_long-winded,7,7,0
both_easier,7,6,1
so_shaky,7,6,1
n't_proper,7,7,0
also_worthy,7,7,0
incredibly_nasty,7,2,5
now_mainstream,7,7,0
half_awake,7,7,0
n't_reachable,7,7,0
almost_fine,7,5,2
completely_hairless,7,6,1
pretty_regular,7,7,0
unspeakably_vile,7,3,4
carefully_detailed,7,7,0
emotionally_unhealthy,7,6,1
ever_possible,7,6,1
super_picky,7,6,1
super_pigmented,7,6,1
always_awesome,7,7,0
so_brash,7,7,0
more_moody,7,6,1
medically_qualified,7,4,3
indeed_more,7,7,0
constantly_high,7,7,0
equally_potent,7,1,6
somehow_special,7,7,0
even_dirtier,7,5,2
so_brittle,7,5,2
super_paranoid,7,7,0
so_relentless,7,4,3
better_dead,7,7,0
somehow_okay,7,7,0
constantly_active,7,7,0
completely_hollow,7,7,0
very_cartoony,7,7,0
innately_beautiful,7,1,6
mighty_impressive,7,4,3
so_robust,7,7,0
so_burdensome,7,6,1
plain_retarded,7,6,1
theoretically_impossible,7,7,0
extremely_racist,7,4,3
well_expensive,7,7,0
somehow_possible,7,7,0
even_noisy,7,7,0
darn_tired,7,7,0
already_accessible,7,6,1
somehow_superior,7,7,0
increasingly_wary,7,7,0
most_wise,7,7,0
as_marginal,7,1,6
truly_supernatural,7,0,7
very_studious,7,7,0
especially_eager,7,7,0
super_rad,7,4,3
pretty_raunchy,7,7,0
equally_present,7,6,1
so_bigoted,7,6,1
completely_frustrated,7,5,2
quite_individual,7,6,1
interestingly_different,7,3,4
less_circumspect,7,7,0
uncomfortably_funny,7,6,1
perhaps_bigger,7,6,1
more_technological,7,4,3
overly_wordy,7,7,0
already_outdated,7,7,0
hopelessly_romantic,7,4,3
more_individualized,7,2,5
equally_ambitious,7,3,4
overly_intense,7,7,0
unspeakably_sad,7,4,3
real_nervous,7,7,0
distinctly_british,7,1,6
nearly_nude,7,7,0
totally_thrilled,7,7,0
more_loud,7,4,3
particularly_worrisome,7,7,0
super_productive,7,6,1
rarely_more,7,7,0
too_monstrous,7,6,1
too_feminist,7,7,0
almost_medieval,7,3,4
even_unfit,7,7,0
ethnically_offensive,7,7,0
deadly_accurate,7,7,0
less_right,7,7,0
fully_professional,7,7,0
super_open,7,7,0
really_heroic,7,0,7
more_infrequent,7,7,0
quite_regular,7,6,1
nearly_spherical,7,7,0
very_gullible,7,7,0
just_flawed,7,7,0
just_past,7,7,0
financially_sophisticated,7,6,1
very_gothic,7,4,3
quite_insignificant,7,5,2
altogether_non-existent,7,7,0
completely_immoral,7,7,0
possibly_permanent,7,6,1
drastically_new,7,0,7
overly_cerebral,7,6,1
so_civil,7,6,1
very_orwellian,7,4,3
strangely_wrong,7,4,3
already_poor,7,6,1
more_low,7,6,1
understandably_angry,7,6,1
very_grumpy,7,7,0
most_remote,7,7,0
completely_inconsistent,7,7,0
somehow_inappropriate,7,7,0
chemically_reactive,7,7,0
just_particular,7,7,0
more_inherent,7,2,5
so_cocky,7,7,0
quite_relative,7,7,0
extremely_prompt,7,7,0
too_grotesque,7,7,0
so_sadistic,7,5,2
downright_good,7,7,0
otherwise_unrelated,7,6,1
so_radioactive,7,7,0
now_mature,7,7,0
drastically_independent,7,7,0
completely_illiterate,7,7,0
really_delicate,7,3,4
financially_strong,7,7,0
equally_prone,7,7,0
however_trivial,7,3,4
almost_pathetic,7,2,5
actually_genuine,7,7,0
so_rudimentary,7,3,4
really_delightful,7,4,3
more_stern,7,2,5
so_celebratory,7,3,4
now_mysterious,7,7,0
less_charismatic,7,6,1
super_normal,7,6,1
n't_optimal,7,7,0
super_nutritious,7,5,2
really_dense,7,5,2
so_cartoonish,7,6,1
totally_lame,7,6,1
too_cryptic,7,7,0
even_dictatorial,7,7,0
very_disingenuous,7,5,2
way_younger,7,6,1
emotionally_traumatic,7,5,2
understandably_anxious,7,6,1
really_heartfelt,7,4,3
utterly_convincing,7,7,0
too_secure,7,7,0
quite_insidious,7,2,5
intensely_loyal,7,7,0
wonderfully_beautiful,7,2,5
almost_unrecognisable,7,4,3
just_inexperienced,7,7,0
now_moot,7,7,0
too_filthy,7,7,0
even_slim,7,7,0
emotionally_true,7,5,2
less_numerous,7,7,0
incredibly_sick,7,6,1
much_amazing,7,6,1
so_precarious,7,5,2
again_able,7,7,0
too_liable,7,7,0
even_adverse,7,7,0
plain_spooky,7,7,0
equally_credible,7,6,1
super_dirty,7,6,1
equally_creepy,7,3,4
more_autonomous,7,7,0
really_good-looking,7,7,0
so_perplexing,7,5,2
pretty_tolerant,7,7,0
still_hypothetical,7,7,0
perfectly_watchable,7,7,0
extremely_particular,7,4,3
even_aged,7,7,0
actually_native,7,7,0
fully_reversible,7,7,0
as_dogmatic,7,5,2
intensely_interesting,7,6,1
however_long,7,7,0
extremely_paranoid,7,6,1
super_familiar,7,7,0
downright_expensive,7,7,0
merely_ornamental,7,7,0
otherwise_sick,7,7,0
even_masculine,7,7,0
even_cancerous,7,7,0
less_orthodox,7,5,2
very_disorienting,7,6,1
especially_beneficial,7,4,3
perfectly_white,7,7,0
pretty_windy,7,7,0
totally_spontaneous,7,7,0
so_dubious,7,6,1
completely_mysterious,7,4,3
dramatically_higher,7,7,0
very_closed,7,5,2
just_genetic,7,7,0
plain_clumsy,7,7,0
still_interesting,7,5,2
overly_commercial,7,7,0
still_wild,7,6,1
damn_talented,7,6,1
especially_bothersome,7,7,0
strangely_addictive,7,1,6
damn_tasty,7,7,0
athletically_talented,7,6,1
technically_necessary,7,7,0
too_unfair,7,7,0
really_addictive,7,3,4
still_hostile,7,7,0
pretty_willing,7,7,0
more_average,7,5,2
so_poisonous,7,2,5
less_ready,7,5,2
quite_ruthless,7,7,0
financially_profitable,7,7,0
distinctly_uncomfortable,7,5,2
absolutely_open,7,7,0
woefully_underfunded,7,7,0
so_downbeat,7,7,0
extremely_pale,7,6,1
relatively_boring,7,4,3
relatively_cheaper,7,7,0
almost_evil,7,0,7
so_picky,7,7,0
medically_frail,7,7,0
so_petite,7,2,5
terribly_ironic,7,2,5
too_uneducated,7,6,1
always_wise,7,7,0
so_disparate,7,7,0
otherwise_ready,7,7,0
extremely_outdated,7,6,1
even_static,7,7,0
super_drunk,7,7,0
very_obedient,7,7,0
brutally_cold,7,7,0
extremely_overpriced,7,7,0
so_disproportionate,7,6,1
perfectly_vertical,7,7,0
equally_dear,7,5,2
not_whole,7,5,2
more_automated,7,3,4
so_dissatisfied,7,7,0
wonderfully_ironic,7,0,7
freely_downloadable,7,7,0
plain_bland,7,7,0
very_objective,7,7,0
just_academic,7,7,0
intensely_erotic,7,6,1
otherwise_impractical,7,7,0
horrendously_wrong,7,2,5
thoroughly_insightful,7,7,0
so_dour,7,7,0
most_formidable,7,7,0
as_sympathetic,7,7,0
as_instructive,7,5,2
just_furious,7,7,0
viscerally_terrifying,7,3,4
extraordinarily_generous,7,7,0
now_independent,7,7,0
too_diffuse,7,7,0
really_abstract,7,6,1
quite_upsetting,7,5,2
so_dodgy,7,6,1
so_disgraceful,7,2,5
all_fresh,7,5,2
terribly_beautiful,7,5,2
fully_controllable,7,7,0
super_enjoyable,7,4,3
consistently_inconsistent,7,7,0
n't_robust,7,7,0
already_responsible,7,7,0
very_good-natured,7,7,0
less_average,7,7,0
all_crazy,7,7,0
even_startling,7,4,3
really_crowded,7,7,0
n't_sad,7,7,0
real_weird,7,2,5
n't_respectful,7,7,0
so_edgy,7,6,1
even_invasive,7,6,1
too_fanciful,7,7,0
regionally_significant,7,7,0
completely_plausible,7,6,1
really_graphic,7,4,3
even_unnoticeable,7,7,0
embarrassingly_wrong,7,7,0
incredibly_gorgeous,7,7,0
super_frustrating,7,6,1
solely_concerned,7,7,0
quite_sadistic,7,7,0
equally_desperate,7,5,2
highly_unpredictable,7,7,0
so_sickening,7,5,2
nearly_distant,7,7,0
sadly_ironic,7,5,2
likely_available,7,7,0
even_nearby,7,7,0
really_gentle,7,3,4
dramatically_interesting,7,4,3
extremely_determined,7,7,0
so_eclectic,7,4,3
less_optimal,7,6,1
just_incomprehensible,7,7,0
less_reasonable,7,6,1
so_eccentric,7,6,1
almost_irresistible,7,5,2
more_anarchic,7,2,5
extremely_fat,7,7,0
wonderfully_mysterious,7,1,6
most_intuitive,7,7,0
rightly_worried,7,7,0
brutally_hard,7,7,0
super_confusing,7,7,0
less_assertive,7,6,1
extremely_physical,7,7,0
even_neat,7,7,0
highly_unreliable,7,7,0
so_egotistical,7,5,2
extremely_desperate,7,7,0
financially_related,7,5,2
very_lyrical,7,6,1
so_powerless,7,6,1
already_qualified,7,2,5
so_dedicated,7,2,5
so_definite,7,3,4
even_spontaneous,7,7,0
just_inaccessible,7,7,0
almost_exclusive,7,7,0
legally_flawed,7,7,0
extremely_normal,7,6,1
more_instrumental,7,5,2
as_venerable,7,0,7
downright_intimidating,7,7,0
more_verbal,7,7,0
quite_joyful,7,4,3
particularly_common,7,6,1
most_inventive,7,7,0
as_mean,7,5,2
fully_conversant,7,7,0
still_helpful,7,7,0
extremely_obscure,7,5,2
mostly_vegetarian,7,7,0
completely_peaceful,7,6,1
always_upset,7,7,0
plain_stuck,7,7,0
wholly_alien,7,2,5
quite_primal,7,0,7
so_derivative,7,4,3
so_democratic,7,2,5
equally_confident,7,5,2
extraordinarily_different,7,2,5
less_biased,7,5,2
even_advantageous,7,7,0
understandably_excited,7,7,0
roughly_analogous,7,4,3
otherwise_uninterested,7,7,0
as_virtuous,7,4,3
plain_nonsensical,7,7,0
super_curious,7,7,0
too_unfit,7,7,0
tragically_comic,7,4,3
sadly_disappointed,7,7,0
reliably_democratic,7,7,0
very_rusty,6,6,0
desperately_hungry,6,5,1
really_realistic,6,5,1
too_solemn,6,6,0
just_spiritual,6,6,0
really_closer,6,5,1
basically_useless,6,5,1
pretty_hopeful,6,6,0
even_life-changing,6,6,0
economically_unstable,6,6,0
really_sleepy,6,6,0
really_distracting,6,3,3
that_better,6,6,0
more_forlorn,6,5,1
rather_reluctant,6,6,0
really_corny,6,3,3
too_rampant,6,6,0
not_obscene,6,5,1
not_odd,6,6,0
even_profane,6,6,0
incredibly_unlucky,6,6,0
genuinely_ill,6,6,0
often_ready,6,6,0
very_exhausted,6,6,0
medically_needy,6,6,0
just_delirious,6,6,0
incredibly_insulting,6,5,1
incredibly_sophisticated,6,5,1
really_raunchy,6,3,3
simply_aesthetic,6,6,0
even_trashy,6,6,0
relatively_unusual,6,3,3
significantly_positive,6,3,3
very_acute,6,5,1
just_talented,6,6,0
painfully_long,6,6,0
that_high,6,5,1
merely_silly,6,6,0
rather_slight,6,6,0
totally_amazed,6,6,0
too_square,6,6,0
downright_heartbreaking,6,6,0
vocally_critical,6,5,1
really_deserving,6,3,3
unbelievably_talented,6,6,0
desperately_important,6,2,4
embarrassingly_awful,6,6,0
even_homely,6,6,0
particularly_hungry,6,6,0
not_modern,6,6,0
just_dense,6,6,0
really_soothing,6,1,5
really_cranky,6,6,0
only_negative,6,6,0
incredibly_irritating,6,4,2
just_american,6,6,0
painfully_lonely,6,5,1
uncommonly_impressive,6,0,6
pretty_unfair,6,6,0
downright_eccentric,6,6,0
more_empirical,6,5,1
remarkably_bad,6,5,1
militarily_weak,6,6,0
theoretically_correct,6,6,0
that_perfect,6,5,1
incredibly_shitty,6,3,3
vocally_supportive,6,6,0
just_atrocious,6,6,0
now_true,6,5,1
most_endearing,6,5,1
enormously_wealthy,6,6,0
incredibly_predictable,6,5,1
that_safe,6,2,4
as_cohesive,6,3,3
relatively_warm,6,6,0
pretty_unfamiliar,6,2,4
just_arbitrary,6,6,0
as_childish,6,2,4
heavily_pigmented,6,6,0
rather_tall,6,5,1
remarkably_candid,6,6,0
more_eminent,6,5,1
simply_accessible,6,6,0
genuinely_novel,6,2,4
as_coherent,6,6,0
just_inaccurate,6,6,0
financially_difficult,6,6,0
genetically_unique,6,4,2
as_considerate,6,6,0
also_terrible,6,6,0
very_distorted,6,5,1
tonally_inconsistent,6,6,0
even_heartwarming,6,6,0
uniquely_british,6,1,5
enormously_expensive,6,6,0
now_tired,6,6,0
too_possessive,6,6,0
symbolically_important,6,4,2
even_massive,6,6,0
even_unwise,6,6,0
downright_perplexing,6,6,0
effectively_unusable,6,6,0
as_conscious,6,5,1
incredibly_reckless,6,4,2
most_compact,6,6,0
totally_abstract,6,4,2
as_eligible,6,4,2
as_forthcoming,6,6,0
terribly_amusing,6,4,2
always_impressed,6,6,0
really_playful,6,3,3
really_muddy,6,6,0
technologically_superior,6,5,1
just_appropriate,6,6,0
downright_cheesy,6,6,0
tonally_different,6,1,5
terribly_annoying,6,5,1
not_omnipotent,6,6,0
reliably_good,6,6,0
too_pompous,6,6,0
absolutely_horrendous,6,2,4
probably_similar,6,5,1
as_frail,6,0,6
depressingly_common,6,5,1
remarkably_free,6,6,0
just_tougher,6,6,0
shockingly_wrong,6,6,0
even_predominant,6,6,0
medically_stable,6,6,0
even_playable,6,6,0
more_defiant,6,3,3
often_unseen,6,6,0
as_contagious,6,4,2
mildly_unpleasant,6,2,4
even_meditative,6,5,1
painfully_personal,6,5,1
now_playable,6,6,0
too_specialized,6,6,0
really_dynamic,6,2,4
incredibly_intricate,6,6,0
too_racist,6,6,0
really_selective,6,6,0
just_irritable,6,6,0
just_subject,6,6,0
almost_nil,6,6,0
really_cynical,6,5,1
downright_incomprehensible,6,6,0
downright_cynical,6,6,0
visually_inspiring,6,5,1
now_inevitable,6,5,1
remarkably_stupid,6,2,4
officially_neutral,6,5,1
remarkably_familiar,6,3,3
now_generic,6,6,0
else_useful,6,1,5
almost_real,6,5,1
particularly_healthy,6,6,0
really_separate,6,5,1
really_progressive,6,3,3
overly_stiff,6,6,0
incredibly_relatable,6,5,1
similarly_easy,6,2,4
partially_underground,6,6,0
just_awake,6,6,0
profoundly_interested,6,6,0
really_considerate,6,5,1
probably_glad,6,6,0
rather_selfish,6,4,2
more_enforceable,6,4,2
effectively_enough,6,6,0
only_lukewarm,6,6,0
theologically_conservative,6,6,0
medically_inaccurate,6,6,0
gently_humorous,6,6,0
incredibly_relevant,6,4,2
even_lucrative,6,6,0
downright_misguided,6,6,0
mildly_toxic,6,5,1
particularly_heinous,6,2,4
most_disconcerting,6,6,0
even_menacing,6,6,0
not_parallel,6,6,0
even_prescriptive,6,5,1
now_jobless,6,6,0
irrationally_angry,6,6,0
significantly_deeper,6,2,4
always_greener,6,6,0
pretty_thrilling,6,5,1
incredibly_intriguing,6,2,4
really_notable,6,3,3
even_pale,6,6,0
only_ok,6,6,0
too_porous,6,6,0
even_manual,6,6,0
wholly_unknown,6,5,1
uniquely_comforting,6,0,6
really_provocative,6,2,4
merely_funny,6,6,0
particularly_amusing,6,4,2
now_fearful,6,6,0
probably_gay,6,6,0
downright_inexplicable,6,6,0
just_digital,6,6,0
almost_impassable,6,6,0
downright_depressed,6,6,0
too_spectacular,6,5,1
as_forceful,6,5,1
remarkably_ignorant,6,5,1
maybe_afraid,6,6,0
as_dysfunctional,6,4,2
mentally_active,6,6,0
overly_stimulating,6,5,1
medically_trained,6,6,0
really_custom,6,2,4
downright_despicable,6,6,0
even_melancholic,6,6,0
now_perfect,6,6,0
even_previous,6,6,0
shockingly_beautiful,6,4,2
similarly_spectacular,6,0,6
almost_naive,6,3,3
similarly_crazy,6,2,4
very_exact,6,5,1
even_trendy,6,6,0
irredeemably_evil,6,4,2
instantly_better,6,5,1
around_terrible,6,6,0
as_comical,6,4,2
even_linear,6,6,0
just_trendy,6,6,0
even_liquid,6,6,0
relatively_standard,6,6,0
often_useful,6,6,0
even_loud,6,6,0
just_inherent,6,4,2
better_informed,6,6,0
genuinely_intriguing,6,3,3
just_hysterical,6,6,0
more_southern,6,4,2
better_equipped,6,5,1
now_stronger,6,6,0
remarkably_creative,6,3,3
not_plausible,6,6,0
only_moderate,6,6,0
very_stunning,6,3,3
as_coarse,6,6,0
even_uncertain,6,6,0
as_divine,6,2,4
merely_present,6,6,0
not_muscular,6,6,0
really_dodgy,6,2,4
now_related,6,6,0
more_fluffy,6,2,4
rather_repetitive,6,6,0
incredibly_sensual,6,4,2
even_luxury,6,6,0
probably_unfamiliar,6,6,0
really_potent,6,3,3
really_dope,6,2,4
totally_badass,6,3,3
very_smug,6,4,2
graphically_interesting,6,5,1
basically_correct,6,6,0
most_heartbreaking,6,6,0
more_frenetic,6,3,3
not_playable,6,6,0
even_privileged,6,6,0
downright_fun,6,6,0
really_particular,6,2,4
meaningfully_different,6,3,3
basically_alike,6,6,0
downright_obscure,6,6,0
really_overweight,6,6,0
totally_adorable,6,6,0
almost_ludicrous,6,3,3
just_immature,6,6,0
totally_awful,6,4,2
just_incompatible,6,6,0
sweetly_innocent,6,3,3
around_useful,6,6,0
not_persistent,6,6,0
just_deep,6,5,1
probably_unavoidable,6,6,0
incredibly_inspirational,6,5,1
rather_rough,6,5,1
shockingly_similar,6,4,2
more_foolhardy,6,6,0
really_outgoing,6,6,0
more_shrill,6,5,1
absolutely_scrumptious,6,5,1
theoretically_capable,6,4,2
really_colourful,6,5,1
oddly_silent,6,6,0
really_shady,6,2,4
religiously_liberal,6,6,0
just_derivative,6,6,0
oddly_poetic,6,1,5
downright_exhausting,6,6,0
now_lower,6,6,0
even_primitive,6,5,1
pretty_tempting,6,6,0
probably_great,6,6,0
even_troubling,6,5,1
downright_disrespectful,6,6,0
also_susceptible,6,6,0
probably_capable,6,6,0
actually_strange,6,6,0
rather_romantic,6,3,3
also_unsure,6,6,0
also_suspicious,6,6,0
just_straightforward,6,5,1
absolutely_important,6,3,3
just_incoherent,6,6,0
more_distrustful,6,6,0
terribly_awesome,6,6,0
really_empty,6,4,2
most_dependent,6,5,1
remotely_controversial,6,2,4
pretty_shady,6,6,0
actually_involved,6,2,4
too_robust,6,6,0
once_small,6,4,2
beyond_happy,6,6,0
often_ineffective,6,6,0
emotionally_overwrought,6,6,0
even_irish,6,6,0
seemingly_unaware,6,5,1
endearingly_goofy,6,3,3
particularly_disappointing,6,6,0
even_inexpensive,6,6,0
really_infinite,6,0,6
not_social,6,6,0
actually_sad,6,6,0
more_smarter,6,5,1
often_elusive,6,5,1
beyond_helpful,6,6,0
thats_wrong,6,0,6
pretty_worthless,6,6,0
realistically_possible,6,6,0
really_informal,6,4,2
emotionally_open,6,6,0
also_prevalent,6,6,0
only_clear,6,6,0
almost_metallic,6,2,4
undeniably_interesting,6,3,3
even_irregular,6,6,0
also_shocked,6,6,0
best_ambivalent,6,6,0
maybe_high,6,6,0
distinctly_unpleasant,6,4,2
really_vicious,6,5,1
as_bald,6,5,1
easily_frustrated,6,6,0
obviously_concerned,6,5,1
ever_closer,6,2,4
incredibly_stylish,6,4,2
too_senior,6,5,1
overly_violent,6,6,0
grossly_uninformed,6,6,0
maybe_ready,6,6,0
very_scholarly,6,6,0
too_self-centered,6,6,0
really_wide,6,3,3
pretty_outlandish,6,6,0
most_economic,6,6,0
just_organic,6,6,0
almost_meaningless,6,6,0
safely_dead,6,6,0
terribly_rotten,6,2,4
professionally_successful,6,6,0
just_circumstantial,6,6,0
primarily_black,6,6,0
even_nefarious,6,5,1
pretty_outspoken,6,6,0
unexpectedly_sweet,6,4,2
wholly_appropriate,6,4,2
too_unskilled,6,6,0
particularly_confident,6,6,0
very_alarmed,6,6,0
pretty_pale,6,6,0
even_spectacular,6,6,0
very_enterprising,6,5,1
as_demented,6,2,4
mentally_tired,6,6,0
relatively_active,6,4,2
pretty_one-dimensional,6,6,0
relatively_accurate,6,6,0
particularly_comfortable,6,6,0
generally_poor,6,6,0
disarmingly_honest,6,4,2
relatively_accessible,6,5,1
just_raw,6,5,1
regularly_available,6,5,1
pretty_sensational,6,4,2
often_empty,6,6,0
basically_impossible,6,6,0
pretty_opinionated,6,6,0
pretty_selfish,6,5,1
also_proud,6,6,0
not_versatile,6,5,1
even_inflammatory,6,6,0
profoundly_dangerous,6,3,3
just_religious,6,6,0
not_sticky,6,6,0
most_inspirational,6,6,0
just_active,6,6,0
undeniably_comforting,6,0,6
absurdly_funny,6,6,0
genuinely_difficult,6,5,1
readily_convertible,6,6,0
just_rosy,6,6,0
too_vain,6,6,0
really_alarming,6,3,3
terribly_inconsistent,6,5,1
fiercely_hostile,6,6,0
too_unconventional,6,5,1
pretty_murky,6,6,0
pretty_mysterious,6,5,1
even_rotten,6,6,0
really_fussy,6,6,0
grossly_mistaken,6,6,0
also_smaller,6,6,0
grossly_obese,6,6,0
also_positive,6,5,1
downright_vulgar,6,6,0
hard_hearted,6,6,0
pretty_motivated,6,6,0
forever_free,6,6,0
pretty_monumental,6,1,5
even_official,6,6,0
downright_vicious,6,6,0
emotionally_immature,6,6,0
relatively_fine,6,6,0
that_tough,6,5,1
thematically_similar,6,5,1
merely_passable,6,4,2
notably_higher,6,6,0
merely_convenient,6,6,0
around_enjoyable,6,6,0
incredibly_handy,6,6,0
absolutely_key,6,6,0
often_different,6,6,0
way_overdue,6,6,0
undeniably_awesome,6,2,4
visually_dynamic,6,4,2
absolutely_unusual,6,0,6
absolutely_trivial,6,1,5
too_sensational,6,6,0
terribly_slow,6,6,0
roughly_flat,6,6,0
just_generic,6,6,0
only_comfortable,6,6,0
too_productive,6,6,0
very_spirited,6,6,0
very_splendid,6,4,2
semi_automatic,6,6,0
actually_scared,6,6,0
even_straight,6,6,0
really_insecure,6,5,1
distinctly_wrong,6,1,5
too_righteous,6,5,1
weirdly_funny,6,5,1
pretty_shoddy,6,5,1
really_achievable,6,5,1
just_remarkable,6,4,2
particularly_distinctive,6,5,1
maybe_gross,6,5,1
relatively_cool,6,6,0
incredibly_terrible,6,6,0
roughly_double,6,6,0
undeniably_real,6,2,4
merely_concerned,6,6,0
rightly_suspicious,6,5,1
pretty_simplistic,6,6,0
more_slick,6,1,5
as_deplorable,6,0,6
obviously_beneficial,6,2,4
incredibly_modern,6,1,5
obviously_relevant,6,5,1
very_staid,6,6,0
very_speedy,6,6,0
directly_toxic,6,6,0
overly_traditional,6,6,0
genuinely_sweet,6,2,4
very_arousing,6,3,3
incredibly_original,6,3,3
more_drinkable,6,5,1
terribly_racist,6,4,2
not_stiff,6,4,2
easily_recyclable,6,6,0
merely_advisory,6,6,0
just_firm,6,6,0
obviously_interested,6,6,0
actually_glad,6,5,1
even_notable,6,6,0
secretly_pleased,6,6,0
even_skinny,6,6,0
very_epic,6,3,3
incredibly_fit,6,6,0
more_serendipitous,6,4,2
only_acceptable,6,6,0
pretty_progressive,6,5,1
too_uninteresting,6,6,0
always_high,6,3,3
too_secretive,6,6,0
obviously_high,6,6,0
pretty_relaxing,6,4,2
terribly_obvious,6,2,4
overly_wide,6,6,0
really_heartwarming,6,4,2
pretty_resilient,6,6,0
real_helpful,6,6,0
distinctly_fresh,6,3,3
real_funny,6,4,2
half_bare,6,6,0
very_sedate,6,6,0
not_unaware,6,6,0
very_sedentary,6,6,0
uncomfortably_cold,6,6,0
as_defiant,6,4,2
even_notorious,6,6,0
more_desirous,6,6,0
incredibly_taboo,6,6,0
pretty_private,6,6,0
just_precious,6,6,0
not_ugly,6,5,1
reasonably_entertaining,6,5,1
only_approximate,6,6,0
beyond_pleased,6,6,0
just_pragmatic,6,6,0
more_desolate,6,6,0
very_bearish,6,6,0
too_sedentary,6,6,0
seemingly_concerned,6,6,0
obviously_inferior,6,4,2
half_human,6,4,2
very_selfless,6,4,2
incredibly_nostalgic,6,2,4
mighty_strange,6,2,4
even_simplistic,6,6,0
only_advantageous,6,6,0
unexpectedly_difficult,6,5,1
more_squeamish,6,6,0
not_temporary,6,6,0
maybe_major,6,6,0
too_scandalous,6,6,0
pretty_ready,6,6,0
mighty_proud,6,6,0
really_horrendous,6,1,5
more_sentient,6,3,3
too_unnatural,6,5,1
just_fatigued,6,6,0
always_live,6,6,0
as_exclusive,6,3,3
really_desirable,6,1,5
finally_asleep,6,5,1
dreadfully_amiss,6,6,0
wholly_false,6,6,0
profoundly_aware,6,6,0
seemingly_easy,6,3,3
seemingly_eager,6,4,2
ever_true,6,6,0
probably_many,6,1,5
merely_amusing,6,5,1
dreadfully_boring,6,6,0
terribly_nice,6,6,0
pretty_refreshing,6,1,5
really_horrifying,6,2,4
wholly_distinct,6,0,6
seemingly_dangerous,6,4,2
just_pleasant,6,6,0
more_external,6,4,2
obviously_impossible,6,4,2
mildly_active,6,5,1
recently_extinct,6,6,0
ever_good,6,6,0
even_self-aware,6,6,0
too_pathetic,6,5,1
refreshingly_cool,6,5,1
most_lovely,6,3,3
most_damning,6,6,0
very_sculptural,6,3,3
even_intermittent,6,6,0
just_overrated,6,6,0
too_selective,6,6,0
mildly_amused,6,6,0
just_childish,6,6,0
real_difficult,6,4,2
merely_bored,6,6,0
scientifically_interesting,6,3,3
almost_palpable,6,3,3
as_alluring,6,5,1
just_private,6,6,0
scientifically_possible,6,4,2
particularly_convenient,6,4,2
undeniably_positive,6,1,5
not_unlikely,6,6,0
just_overdone,6,6,0
even_influential,6,6,0
just_psychological,6,6,0
real_subtle,6,4,2
too_rudimentary,6,6,0
dramatically_satisfying,6,6,0
absolutely_natural,6,2,4
very_sugary,6,2,4
very_scrupulous,6,6,0
not_unprecedented,6,4,2
too_unhappy,6,6,0
not_stressful,6,4,2
too_rugged,6,6,0
previously_unreported,6,6,0
genuinely_creative,6,3,3
not_unpleasant,6,5,1
maybe_other,6,5,1
previously_free,6,2,4
seemingly_opposite,6,5,1
pretty_pissed,6,6,0
more_selfless,6,1,5
more_fanatical,6,6,0
not_supernatural,6,6,0
half_afraid,6,6,0
only_beneficial,6,6,0
merely_better,6,5,1
recently_single,6,6,0
absolutely_unexpected,6,0,6
scrupulously_honest,6,6,0
way_sexier,6,1,5
even_sentient,6,6,0
very_secluded,6,6,0
previously_unnoticed,6,1,5
individually_identifiable,6,6,0
as_aloof,6,5,1
recently_new,6,6,0
maybe_larger,6,6,0
merely_bad,6,5,1
pretty_revolutionary,6,1,5
technically_homeless,6,6,0
reasonably_effective,6,6,0
mentally_vulnerable,6,5,1
seemingly_insane,6,4,2
reasonably_competent,6,2,4
scientifically_verifiable,6,5,1
just_priceless,6,6,0
also_rare,6,6,0
just_pretentious,6,6,0
emotionally_stressful,6,6,0
too_unreal,6,5,1
vastly_important,6,1,5
even_self-destructive,6,6,0
also_real,6,6,0
more_dumb,6,4,2
incredibly_obscure,6,3,3
geologically_active,6,6,0
even_neurotic,6,6,0
technically_incorrect,6,6,0
unequivocally_lucky,6,6,0
not_sunny,6,6,0
really_harmful,6,5,1
more_dismissive,6,5,1
partially_dependent,6,6,0
easily_relatable,6,4,2
downright_pointless,6,6,0
most_musical,6,6,0
as_dignified,6,3,3
most_elite,6,4,2
maybe_cold,6,6,0
very_affable,6,4,2
rather_troubling,6,1,5
only_helpful,6,6,0
as_campy,6,3,3
really_tacky,6,3,3
just_hesitant,6,6,0
most_consequential,6,6,0
just_conservative,6,6,0
severely_outdated,6,6,0
even_illiterate,6,6,0
fiendishly_clever,6,6,0
more_first,6,6,0
most_impoverished,6,6,0
thoroughly_ashamed,6,6,0
really_tasteful,6,3,3
absolutely_pure,6,4,2
often_boring,6,6,0
now_bigger,6,6,0
not_punishable,6,6,0
too_pragmatic,6,6,0
painfully_hard,6,6,0
even_vocal,6,6,0
pretty_upsetting,6,5,1
incredibly_inappropriate,6,1,5
genuinely_enjoyable,6,2,4
particularly_fancy,6,5,1
beautifully_handmade,6,5,1
economically_inefficient,6,6,0
beautifully_haunting,6,1,5
really_suspicious,6,4,2
just_double,6,6,0
more_skilful,6,4,2
once_full,6,5,1
remotely_positive,6,1,5
genuinely_proud,6,4,2
irresistibly_charming,6,3,3
very_submissive,6,6,0
even_real-time,6,6,0
vaguely_useful,6,1,5
economically_conservative,6,5,1
around_lovely,6,6,0
most_considerate,6,6,0
developmentally_inappropriate,6,5,1
doubtless_aware,6,6,0
just_malicious,6,6,0
now_worse,6,6,0
just_bogus,6,6,0
partially_available,6,6,0
pretty_lengthy,6,6,0
occasionally_guilty,6,5,1
even_imaginative,6,6,0
also_unclear,6,6,0
severely_damaging,6,6,0
even_technical,6,6,0
severely_crowded,6,6,0
really_black,6,5,1
even_tasteless,6,6,0
incredibly_tragic,6,4,2
as_festive,6,5,1
very_energized,6,6,0
very_substantive,6,3,3
actually_offensive,6,6,0
really_technical,6,4,2
greatly_overblown,6,4,2
doubtless_true,6,6,0
now_welcome,6,5,1
wholly_present,6,4,2
pretty_lackluster,6,6,0
incredibly_traumatic,6,3,3
really_blue,6,5,1
indescribably_special,6,0,6
remotely_useful,6,5,1
very_strenuous,6,5,1
often_non-existent,6,6,0
mentally_fragile,6,6,0
too_single,6,6,0
emotionally_close,6,4,2
around_miserable,6,6,0
pretty_laughable,6,6,0
really_expressive,6,2,4
probably_useful,6,6,0
incredibly_toxic,6,5,1
even_protective,6,6,0
very_sordid,6,5,1
exceedingly_fine,6,6,0
often_preventable,6,6,0
terribly_dangerous,6,3,3
very_apropos,6,1,5
even_icy,6,6,0
only_inadequate,6,6,0
just_likely,6,6,0
rather_thrilling,6,3,3
first_available,6,6,0
very_bewildering,6,6,0
really_calming,6,0,6
flatly_contradictory,6,6,0
not_proactive,6,6,0
oddly_appropriate,6,0,6
really_miraculous,6,2,4
even_outdoor,6,6,0
really_steep,6,6,0
very_skittish,6,6,0
even_totalitarian,6,6,0
very_sterile,6,5,1
truly_reflective,6,6,0
exceedingly_good,6,5,1
desperately_keen,6,6,0
most_normal,6,5,1
desperately_lonely,6,4,2
best_suitable,6,5,1
sexually_predatory,6,6,0
particularly_fragile,6,5,1
economically_unable,6,6,0
more_shorter,6,6,0
probably_unlikely,6,6,0
even_lengthy,6,6,0
probably_available,6,6,0
downright_pornographic,6,6,0
incredibly_lovely,6,4,2
then_ready,6,6,0
really_momentous,6,1,5
as_emblematic,6,2,4
probably_unnecessary,6,6,0
very_saddening,6,4,2
relatively_popular,6,5,1
sexually_dangerous,6,6,0
downright_risky,6,6,0
better_satisfied,6,6,0
greatly_different,6,4,2
devastatingly_beautiful,6,5,1
downright_rotten,6,5,1
too_tannic,6,6,0
remotely_human,6,2,4
just_little,6,5,1
more_flammable,6,5,1
even_titillating,6,6,0
terribly_destructive,6,4,2
remotely_intelligent,6,2,4
really_meaty,6,0,6
emotionally_appealing,6,6,0
best_pleased,6,6,0
absurdly_simple,6,2,4
as_discreet,6,5,1
occasionally_white,6,6,0
sexually_desirable,6,5,1
remotely_helpful,6,5,1
rather_tragic,6,4,2
well_off,6,5,1
really_sticky,6,1,5
very_angular,6,6,0
uncomfortably_real,6,4,2
just_limp,6,6,0
incredibly_respectful,6,6,0
maybe_brown,6,6,0
often_possible,6,6,0
absolutely_spot-on,6,6,0
oddly_alluring,6,3,3
sexually_enticing,6,4,2
architecturally_interesting,6,4,2
most_disruptive,6,6,0
too_youthful,6,6,0
relatively_rich,6,6,0
even_vindictive,6,6,0
even_timid,6,6,0
most_groundbreaking,6,6,0
often_negative,6,6,0
exceedingly_clever,6,5,1
right_great,6,6,0
way_lower,6,6,0
noticeably_lower,6,6,0
too_responsible,6,6,0
just_moist,6,6,0
easily_washable,6,6,0
emotionally_evocative,6,6,0
noticeably_lacking,6,3,3
around_final,6,6,0
even_online,6,6,0
too_vigorous,6,6,0
maybe_familiar,6,6,0
actually_painful,6,6,0
particularly_endearing,6,4,2
most_mobile,6,6,0
maybe_stronger,6,6,0
really_joyful,6,5,1
incredibly_ridiculous,6,3,3
truly_scared,6,6,0
particularly_emotional,6,4,2
even_superstitious,6,6,0
technically_sophisticated,6,6,0
downright_unethical,6,6,0
as_abrupt,6,6,0
even_keen,6,6,0
very_amenable,6,6,0
really_unbelievable,6,2,4
particularly_bizarre,6,3,3
even_youthful,6,6,0
more_demoralizing,6,5,1
unbelievably_wrong,6,5,1
more_shameless,6,4,2
as_abnormal,6,1,5
better_worth,6,4,2
seriously_misguided,6,6,0
even_surgical,6,6,0
barely_older,6,5,1
really_attentive,6,6,0
probably_younger,6,5,1
really_astonishing,6,1,5
even_inaccessible,6,6,0
even_superficial,6,6,0
directly_concerned,6,5,1
ridiculously_entertaining,6,5,1
just_colorful,6,6,0
maybe_silver,6,5,1
pretty_spontaneous,6,6,0
too_shabby,6,6,0
really_inventive,6,5,1
most_insane,6,6,0
merely_memorable,6,6,0
maybe_shorter,6,6,0
downright_upset,6,6,0
almost_soothing,6,1,5
most_delightful,6,6,0
emotionally_heavy,6,6,0
wholly_innocent,6,5,1
even_stylish,6,6,0
also_playable,6,6,0
too_preliminary,6,6,0
actually_less,6,6,0
not_sane,6,6,0
as_deranged,6,3,3
downright_unsettling,6,5,1
right_awful,6,5,1
pretty_wary,6,6,0
actually_passionate,6,6,0
particularly_embarrassing,6,3,3
even_superb,6,6,0
objectively_good,6,5,1
really_irritated,6,6,0
painfully_embarrassing,6,3,3
rather_worried,6,6,0
just_mundane,6,6,0
intellectually_capable,6,6,0
objectively_real,6,2,4
seriously_evil,6,3,3
very_scalable,6,4,2
easily_susceptible,6,6,0
seriously_enough,6,4,2
notably_worse,6,6,0
just_comforting,6,6,0
as_far-fetched,6,4,2
seriously_disturbing,6,2,4
most_fair,6,6,0
way_less,6,6,0
pretty_liberal,6,6,0
even_witty,6,6,0
merely_different,6,6,0
often_necessary,6,5,1
even_regretful,6,6,0
pretty_versatile,6,6,0
barely_positive,6,6,0
as_feisty,6,4,2
best_indifferent,6,6,0
really_less,6,6,0
seriously_underweight,6,6,0
not_redeemable,6,6,0
mentally_imbalanced,6,5,1
too_western,6,6,0
genuinely_amusing,6,3,3
seriously_underfunded,6,6,0
rather_unremarkable,6,4,2
just_mellow,6,6,0
too_topical,6,6,0
only_feasible,6,5,1
just_meaningless,6,6,0
rather_unlikely,6,3,3
most_extravagant,6,6,0
around_interesting,6,6,0
only_fun,6,6,0
really_likable,6,4,2
almost_indecent,6,0,6
just_dumber,6,6,0
as_feminine,6,5,1
probably_illegal,6,5,1
timelessly_beautiful,6,6,0
more_doubtful,6,6,0
hardly_perceptible,6,6,0
too_sincere,6,6,0
more_episodic,6,2,4
even_tangible,6,5,1
more_secret,6,3,3
irresistibly_cute,6,5,1
emotionally_damaging,6,6,0
obviously_visible,6,6,0
incredibly_durable,6,5,1
undoubtedly_important,6,5,1
even_relatable,6,6,0
not_removable,6,6,0
merely_unable,6,6,0
ridiculously_complicated,6,6,0
incredibly_huge,6,4,2
ridiculously_cool,6,4,2
actually_significant,6,4,2
actually_likely,6,5,1
basically_new,6,4,2
not_reliant,6,4,2
ecologically_important,6,6,0
way_hotter,6,2,4
exceedingly_beautiful,6,6,0
really_average,6,4,2
noticeably_wrong,6,4,2
merely_uncomfortable,6,6,0
partially_related,6,5,1
most_fabulous,6,5,1
most_modest,6,6,0
really_unattractive,6,4,2
really_flattering,6,5,1
absolutely_sublime,6,6,0
relatively_lightweight,6,5,1
merely_desperate,6,6,0
maybe_depressed,6,6,0
incredibly_humble,6,5,1
even_synthetic,6,6,0
hardly_likely,6,5,1
ridiculously_beautiful,6,6,0
more_demeaning,6,4,2
almost_indescribable,6,2,4
more_skittish,6,6,0
relatively_long,6,6,0
irresistibly_fascinating,6,0,6
most_dense,6,6,0
ridiculously_catchy,6,5,1
tightly_related,6,6,0
terribly_useful,6,4,2
only_evident,6,5,1
then_free,6,5,1
instantly_identifiable,6,5,1
maybe_defective,6,6,0
startlingly_simple,6,4,2
potentially_divisive,6,6,0
actually_superior,6,5,1
newly_homeless,6,5,1
substantially_wrong,6,2,4
otherwise_worthwhile,6,6,0
less_tense,6,6,0
so_instantaneous,6,6,0
purely_defensive,6,6,0
newly_popular,6,6,0
so_interactive,6,5,1
virtually_silent,6,6,0
so_homely,6,3,3
much_drier,6,4,2
equally_improbable,6,2,4
most_technical,6,6,0
most_tedious,6,6,0
so_intrigued,6,5,1
substantially_faster,6,6,0
pleasantly_full,6,6,0
historically_low,6,5,1
extremely_awesome,6,5,1
otherwise_nonexistent,6,5,1
more_transformational,6,1,5
fairly_soft,6,5,1
quite_sufficient,6,6,0
quite_sudden,6,6,0
infinitely_fascinating,6,2,4
so_informal,6,6,0
utterly_evil,6,4,2
otherwise_new,6,6,0
as_legit,6,5,1
totally_positive,6,5,1
as_lenient,6,6,0
so_innate,6,1,5
inherently_weird,6,1,5
less_thorough,6,5,1
utterly_essential,6,5,1
very_moody,6,5,1
pleasantly_different,6,1,5
aesthetically_interesting,6,5,1
substantially_bigger,6,5,1
so_lavish,6,4,2
stupidly_naive,6,6,0
so_legendary,6,0,6
truly_engaging,6,1,5
extremely_casual,6,4,2
so_lenient,6,6,0
so_lethal,6,4,2
less_suggestive,6,2,4
never_open,6,6,0
less_sugary,6,2,4
never_okay,6,6,0
amazingly_friendly,6,6,0
quite_splendid,6,3,3
equally_innocent,6,3,3
completely_capable,6,5,1
plainly_obvious,6,4,2
equally_influential,6,6,0
absolutely_accurate,6,6,0
most_tempting,6,6,0
otherwise_off-putting,6,6,0
already_worth,6,5,1
otherwise_worthless,6,5,1
otherwise_obscene,6,6,0
quite_straight,6,6,0
otherwise_worried,6,6,0
fairly_skilled,6,4,2
never_strong,6,6,0
most_tender,6,6,0
even_cocky,6,6,0
completely_biodegradable,6,6,0
so_jolly,6,6,0
sublimely_beautiful,6,5,1
so_jubilant,6,6,0
more_airy,6,2,4
as_sleazy,6,3,3
completely_baffling,6,5,1
quite_suitable,6,6,0
subtly_subversive,6,3,3
hilariously_wrong,6,6,0
as_shitty,6,2,4
more_psychic,6,6,0
too_materialistic,6,6,0
extremely_affectionate,6,6,0
as_shrewd,6,3,3
completely_apolitical,6,5,1
apparently_happy,6,6,0
truly_appealing,6,3,3
politically_connected,6,5,1
more_labor-intensive,6,6,0
extremely_agile,6,6,0
physically_brutal,6,6,0
less_courageous,6,5,1
up_bright,6,6,0
less_troubling,6,2,4
less_ugly,6,4,2
totally_overwhelming,6,5,1
actually_crazy,6,6,0
so_humiliating,6,3,3
currently_absent,6,4,2
increasingly_irrelevant,6,6,0
much_essential,6,6,0
largely_untouched,6,5,1
more_watchful,6,6,0
extremely_suspicious,6,5,1
utterly_familiar,6,2,4
very_muddled,6,6,0
more_bloated,6,5,1
so_horrified,6,5,1
less_uncomfortable,6,5,1
less_unattractive,6,5,1
equally_gross,6,2,4
utterly_trivial,6,2,4
physically_beautiful,6,6,0
extremely_alarming,6,5,1
overly_acidic,6,6,0
historically_high,6,6,0
no_harder,6,6,0
even_complementary,6,6,0
less_menacing,6,0,6
totally_plausible,6,5,1
more_provincial,6,4,2
vaguely_embarrassing,6,3,3
culturally_unacceptable,6,6,0
more_affected,6,6,0
too_enamored,6,6,0
extremely_approachable,6,6,0
equally_horrifying,6,3,3
more_protracted,6,3,3
quite_glorious,6,4,2
still_confusing,6,6,0
extremely_arrogant,6,6,0
extremely_artistic,6,5,1
no_happier,6,6,0
so_inaccessible,6,6,0
up_early,6,5,1
so_impulsive,6,4,2
otherwise_mistaken,6,6,0
extremely_alluring,6,3,3
so_imminent,6,6,0
completely_asinine,6,2,4
too_emblematic,6,6,0
extremely_ambiguous,6,6,0
so_impeccable,6,6,0
so_imperfect,6,5,1
politically_beneficial,6,6,0
up_late,6,6,0
completely_asymptomatic,6,6,0
suddenly_dark,6,6,0
very_useless,6,6,0
no_longer,6,6,0
no_healthier,6,6,0
most_tolerant,6,6,0
so_local,6,5,1
most_toxic,6,6,0
so_nourishing,6,2,4
so_objectionable,6,2,4
less_conclusive,6,5,1
aesthetically_unappealing,6,6,0
legally_compliant,6,6,0
especially_hot,6,6,0
so_obsessive,6,6,0
so_obsolete,6,6,0
necessarily_safe,6,5,1
equally_memorable,6,2,4
necessarily_representative,6,6,0
n't_impossible,6,6,0
most_unpredictable,6,6,0
so_oily,6,5,1
truly_imaginative,6,2,4
virtually_flat,6,6,0
crazy_expensive,6,4,2
less_conducive,6,6,0
totally_shocking,6,1,5
virtually_inaccessible,6,5,1
fairly_rudimentary,6,5,1
legally_accurate,6,5,1
needlessly_complicated,6,5,1
completely_corrupt,6,6,0
as_weary,6,6,0
even_charitable,6,6,0
much_costlier,6,4,2
so_negligible,6,5,1
utterly_unbelievable,6,4,2
necessarily_useful,6,6,0
so_neutral,6,6,0
less_smooth,6,6,0
still_depressed,6,6,0
sometimes_justifiable,6,6,0
extremely_crowded,6,6,0
increasingly_anxious,6,6,0
quietly_effective,6,5,1
perfectly_content,6,4,2
quite_sarcastic,6,4,2
inherently_uncomfortable,6,1,5
still_dirty,6,6,0
most_upset,6,6,0
necessarily_fun,6,6,0
so_perceptive,6,5,1
extremely_sexual,6,4,2
all_drunk,6,6,0
brutally_aggressive,6,6,0
strictly_related,6,5,1
extremely_diligent,6,6,0
quite_hopeless,6,6,0
necessarily_difficult,6,4,2
quite_horrendous,6,6,0
fully_accountable,6,6,0
so_pink,6,5,1
more_listenable,6,6,0
plain_terrified,6,6,0
amazingly_fantastical,6,0,6
so_overrated,6,4,2
actually_best,6,6,0
completely_debilitating,6,6,0
more_unrealistic,6,5,1
necessarily_new,6,2,4
quite_scenic,6,6,0
all_eager,6,5,1
quite_scathing,6,5,1
totally_sincere,6,6,0
extremely_delighted,6,6,0
necessarily_legal,6,6,0
extremely_shallow,6,5,1
too_fabulous,6,6,0
quite_savvy,6,6,0
so_overcrowded,6,6,0
woefully_misinformed,6,6,0
as_sober,6,4,2
legally_acceptable,6,4,2
perhaps_dangerous,6,4,2
more_nationwide,6,6,0
willfully_negligent,6,6,0
so_malnourished,6,5,1
more_unpalatable,6,3,3
sometimes_orange,6,6,0
so_manly,6,2,4
structurally_unsafe,6,6,0
so_marginal,6,3,3
so_marvellous,6,3,3
quite_grotesque,6,6,0
utterly_unaware,6,6,0
structurally_intact,6,6,0
as_zealous,6,6,0
less_strange,6,3,3
never_better,6,6,0
more_nationalistic,6,5,1
less_strident,6,5,1
extremely_smooth,6,6,0
never_bad,6,6,0
quite_sobering,6,5,1
as_likeable,6,5,1
equally_inspiring,6,3,3
too_excitable,6,5,1
frankly_weird,6,6,0
more_biological,6,2,4
so_loveable,6,5,1
critically_injured,6,6,0
extremely_sorry,6,5,1
especially_intense,6,5,1
very_mischievous,6,2,4
sometimes_physical,6,6,0
physically_distant,6,6,0
quite_grisly,6,6,0
willfully_naive,6,5,1
already_white,6,6,0
quite_slick,6,6,0
sometimes_nonexistent,6,6,0
quite_hazardous,6,6,0
wonderfully_romantic,6,0,6
less_spiritual,6,4,2
physically_fragile,6,6,0
as_whole,6,6,0
neither_good,6,6,0
hugely_impressive,6,6,0
so_motivating,6,5,1
so_mournful,6,2,4
otherwise_prejudiced,6,6,0
otherwise_prejudicial,6,6,0
ultimately_unsatisfying,6,4,2
extremely_cooperative,6,6,0
wonderfully_rich,6,5,1
needlessly_inflammatory,6,6,0
ethically_permissible,6,6,0
needlessly_difficult,6,5,1
so_morbid,6,2,4
completely_contemporary,6,4,2
sometimes_non-existent,6,6,0
truly_vital,6,3,3
as_youthful,6,4,2
overly_exciting,6,5,1
quite_handsome,6,5,1
less_morbid,6,2,4
never_alone,6,6,0
quite_sizable,6,5,1
so_militant,6,6,0
too_hokey,6,6,0
equally_liable,6,6,0
very_unethical,6,3,3
so_misinformed,6,6,0
strongly_religious,6,6,0
neither_willing,6,6,0
completely_conscious,6,6,0
truly_impossible,6,4,2
currently_accessible,6,6,0
so_hollow,6,5,1
so_placid,6,6,0
otherwise_independent,6,6,0
somewhat_decent,6,3,3
very_notable,6,3,3
extremely_uncertain,6,6,0
extraordinarily_high,6,6,0
most_scared,6,6,0
somewhat_daunting,6,5,1
quite_fanciful,6,6,0
even_cursory,6,6,0
quite_fruity,6,5,1
less_wordy,6,0,6
initially_nervous,6,6,0
damn_short,6,6,0
highly_unsafe,6,5,1
equally_determined,6,5,1
much_flatter,6,6,0
damn_scared,6,6,0
damn_stupid,6,6,0
super_dangerous,6,5,1
fairly_explicit,6,6,0
wonderfully_warm,6,4,2
super_dumb,6,5,1
so_distrustful,6,5,1
very_inflexible,6,6,0
fundamentally_better,6,2,4
most_salient,6,6,0
quite_larger,6,4,2
intrinsically_appealing,6,0,6
n't_deserving,6,6,0
most_satisfactory,6,6,0
so_downtrodden,6,4,2
super_disappointed,6,5,1
so_dreary,6,6,0
both_interested,6,6,0
so_droll,6,4,2
quite_false,6,4,2
equally_different,6,3,3
more_quixotic,6,3,3
very_chilling,6,1,5
highly_verbal,6,6,0
n't_dry,6,6,0
extremely_troubling,6,5,1
otherwise_inexplicable,6,5,1
comparatively_low,6,6,0
wildly_speculative,6,6,0
still_blurry,6,6,0
quite_unpopular,6,6,0
highly_vocal,6,6,0
much_fewer,6,6,0
ethically_acceptable,6,6,0
more_invisible,6,5,1
quite_unnerving,6,4,2
both_practical,6,5,1
super_anxious,6,6,0
somewhat_comical,6,6,0
both_old,6,6,0
somewhat_correct,6,6,0
more_quicker,6,6,0
damn_mad,6,6,0
equally_dirty,6,5,1
less_lovely,6,2,4
equally_disastrous,6,5,1
quite_unsafe,6,5,1
so_energized,6,6,0
very_newsworthy,6,2,4
especially_pleased,6,6,0
quite_abrupt,6,6,0
so_enigmatic,6,3,3
extraordinarily_kind,6,6,0
so_enlightening,6,5,1
quite_unreasonable,6,6,0
super_challenging,6,5,1
purely_american,6,3,3
unusually_sensitive,6,6,0
so_distasteful,6,1,5
much_full,6,5,1
both_important,6,6,0
both_fascinating,6,6,0
extraordinarily_dangerous,6,4,2
dangerously_naive,6,6,0
so_defiant,6,6,0
more_radioactive,6,5,1
so_definitive,6,2,4
n't_curious,6,6,0
otherwise_illegible,6,6,0
possibly_drunk,6,6,0
equally_competitive,6,6,0
equally_complicated,6,2,4
equally_complicit,6,6,0
quite_vulgar,6,5,1
equally_confusing,6,5,1
dangerously_hot,6,6,0
publicly_supportive,6,6,0
so_defective,6,5,1
so_decrepit,6,6,0
so_deplorable,6,2,4
even_decisive,6,6,0
fundamentally_decent,6,1,5
super_gorgeous,6,6,0
both_exciting,6,6,0
more_rampant,6,5,1
possibly_fifth,6,6,0
so_darn,6,6,0
super_generous,6,6,0
so_dazzling,6,3,3
especially_related,6,2,4
more_institutional,6,2,4
too_miserable,6,6,0
too_delighted,6,6,0
commonly_mistaken,6,4,2
fairly_universal,6,5,1
dangerously_overweight,6,6,0
quite_vital,6,2,4
n't_current,6,6,0
partly_visible,6,6,0
outrageously_stupid,6,1,5
as_instantaneous,6,6,0
so_diplomatic,6,6,0
quite_vigorous,6,6,0
quite_vicious,6,5,1
both_hilarious,6,6,0
as_scrupulous,6,5,1
fairly_uneventful,6,6,0
still_bigger,6,6,0
highly_unconventional,6,5,1
dangerously_addictive,6,5,1
more_wistful,6,4,2
even_daring,6,6,0
almost_ethereal,6,1,5
very_oblivious,6,6,0
more_boyish,6,3,3
super_fantastic,6,4,2
so_diabolical,6,1,5
utterly_horrific,6,6,0
so_devout,6,3,3
so_deranged,6,4,2
even_deadlier,6,2,4
super_flattering,6,6,0
equally_convenient,6,6,0
utterly_horrible,6,4,2
so_desolate,6,6,0
still_big,6,5,1
quite_exquisite,6,3,3
very_chewy,6,6,0
so_detached,6,5,1
too_despondent,6,6,0
not_befitting,6,5,1
initially_sceptical,6,6,0
somewhat_dry,6,5,1
highly_trustworthy,6,5,1
both_predictable,6,6,0
almost_admirable,6,0,6
all_fake,6,6,0
academically_successful,6,6,0
more_weary,6,4,2
even_continuous,6,6,0
non_specific,6,5,1
currently_relevant,6,5,1
as_separate,6,5,1
less_useless,6,4,2
utterly_foolish,6,1,5
currently_possible,6,6,0
n't_famous,6,6,0
politically_irrelevant,6,6,0
equally_foolish,6,4,2
more_weak,6,5,1
wonderfully_sweet,6,5,1
less_massive,6,5,1
even_constant,6,6,0
somewhat_angry,6,6,0
too_dressy,6,6,0
too_meaningful,6,5,1
sufficiently_important,6,4,2
politically_progressive,6,4,2
astoundingly_beautiful,6,5,1
politically_problematic,6,6,0
intentionally_provocative,6,6,0
more_addicting,6,6,0
quite_forgiving,6,6,0
somewhat_apprehensive,6,6,0
more_jealous,6,5,1
too_draconian,6,5,1
sufficiently_interesting,6,3,3
somewhat_anxious,6,6,0
non_violent,6,6,0
less_culpable,6,4,2
quite_troublesome,6,6,0
otherwise_irritating,6,6,0
politically_inept,6,5,1
altogether_silent,6,6,0
very_chummy,6,6,0
hugely_stressful,6,6,0
so_heartening,6,6,0
suddenly_wrong,6,6,0
so_hearty,6,5,1
so_heavenly,6,2,4
more_kind,6,5,1
somewhat_academic,6,6,0
more_kinetic,6,2,4
non_commercial,6,5,1
as_kinky,6,4,2
as_knowledgable,6,4,2
totally_optional,6,6,0
largely_unseen,6,5,1
extremely_abundant,6,6,0
less_uniform,6,6,0
even_conducive,6,6,0
somewhat_acceptable,6,6,0
too_eerie,6,6,0
too_eclectic,6,6,0
as_juvenile,6,3,3
extraordinarily_valuable,6,2,4
currently_live,6,6,0
aesthetically_attractive,6,6,0
more_jubilant,6,6,0
equally_frustrating,6,5,1
very_geeky,6,6,0
equally_full,6,4,2
so_haphazard,6,4,2
truly_artistic,6,3,3
equally_functional,6,3,3
quite_thorough,6,6,0
agonizingly_close,6,6,0
quite_therapeutic,6,5,1
less_unpleasant,6,3,3
extremely_sympathetic,6,6,0
normally_invisible,6,5,1
politically_provocative,6,6,0
intentionally_obscure,6,6,0
damn_easy,6,6,0
even_covert,6,6,0
clearly_able,6,5,1
more_wet,6,6,0
so_faster,6,6,0
damn_delicious,6,4,2
vaguely_humanoid,6,4,2
quite_unheard,6,1,5
damn_crazy,6,6,0
quite_unhealthy,6,6,0
damn_complicated,6,6,0
even_counter-intuitive,6,6,0
as_irresistible,6,5,1
less_decisive,6,6,0
fairly_fast,6,6,0
so_finite,6,3,3
more_coincidental,6,6,0
increasingly_relevant,6,5,1
somewhat_chaotic,6,6,0
initially_hesitant,6,6,0
virulently_anti-semitic,6,6,0
also_awesome,6,6,0
otherwise_insensitive,6,6,0
more_accidental,6,6,0
less_weighty,6,2,4
even_crass,6,6,0
damn_fine,6,5,1
so_exuberant,6,3,3
totally_naive,6,5,1
equally_dull,6,2,4
not_amazing,6,6,0
hilariously_absurd,6,5,1
equally_dumb,6,3,3
more_uninsured,6,6,0
intentionally_obtuse,6,6,0
wildly_talented,6,6,0
politically_suspect,6,6,0
as_sensual,6,3,3
extraordinarily_rich,6,4,2
even_cordial,6,6,0
truly_intimate,6,0,6
quite_foolish,6,5,1
especially_noticeable,6,4,2
so_fragrant,6,4,2
not_abstract,6,4,2
especially_noteworthy,6,3,3
quite_uncanny,6,1,5
totally_nonsensical,6,2,4
patently_unconstitutional,6,5,1
patently_unfair,6,3,3
still_bullish,6,6,0
politically_radical,6,6,0
so_frugal,6,5,1
extraordinarily_simple,6,3,3
not_abundant,6,6,0
so_forgetful,6,6,0
less_vivid,6,4,2
unusually_warm,6,6,0
very_touristy,6,6,0
politically_suicidal,6,6,0
as_sensational,6,2,4
very_inhumane,6,4,2
totally_neutral,6,4,2
somewhat_blurry,6,6,0
functionally_related,6,6,0
almost_endearing,6,0,6
politically_stable,6,6,0
increasingly_prevalent,6,6,0
more_acoustic,6,1,5
as_senseless,6,2,4
more_irreverent,6,4,2
also_annoying,6,6,0
hugely_useful,6,6,0
so_pissed,6,6,0
so_plastic,6,5,1
extremely_unhelpful,6,6,0
purely_secular,6,6,0
completely_unimaginable,6,2,4
less_adequate,6,5,1
extremely_introverted,6,6,0
naturally_athletic,6,6,0
so_unsatisfying,6,4,2
less_poor,6,6,0
mostly_new,6,5,1
any_different,6,4,2
more_arid,6,6,0
naturally_able,6,6,0
completely_interchangeable,6,6,0
overly_clingy,6,6,0
quite_invasive,6,6,0
even_appalling,6,6,0
completely_undocumented,6,6,0
amazingly_close,6,4,2
so_unrelated,6,2,4
more_presidential,6,5,1
truly_fundamental,6,1,5
quite_neutral,6,4,2
even_actual,6,6,0
perhaps_akin,6,3,3
equally_uncertain,6,4,2
so_unprofessional,6,1,5
very_lifelike,6,6,0
horribly_ugly,6,6,0
horribly_uncomfortable,6,6,0
quite_nostalgic,6,3,3
as_uncommon,6,2,4
quite_noble,6,3,3
still_rotten,6,5,1
altogether_wrong,6,5,1
infinitely_satisfying,6,0,6
completely_uninteresting,6,5,1
more_unsightly,6,2,4
nationally_famous,6,6,0
extremely_joyful,6,5,1
tragically_romantic,6,2,4
too_funky,6,4,2
quite_moving,6,5,1
less_agile,6,6,0
so_unused,6,5,1
so_unwieldy,6,3,3
more_asinine,6,5,1
perfectly_serviceable,6,6,0
less_brave,6,5,1
as_obscene,6,3,3
as_truthful,6,6,0
as_oblivious,6,6,0
very_lethal,6,6,0
even_antisocial,6,6,0
already_prone,6,4,2
completely_timeless,6,2,4
still_groggy,6,6,0
very_joyous,6,2,4
completely_unattainable,6,2,4
more_ashamed,6,6,0
quite_irregular,6,5,1
certainly_relevant,6,6,0
still_gray,6,6,0
less_advantageous,6,5,1
fairly_intelligent,6,5,1
narrowly_focused,6,6,0
plain_fascinating,6,6,0
completely_unconstitutional,6,5,1
about_real,6,6,0
completely_unclear,6,6,0
too_fundamental,6,3,3
too_judgemental,6,6,0
very_jovial,6,6,0
very_complacent,6,6,0
even_apocalyptic,6,5,1
n't_workable,6,6,0
very_lighthearted,6,6,0
still_sane,6,6,0
more_marvellous,6,4,2
wonderfully_exciting,6,1,5
almost_cruel,6,3,3
so_unheard,6,1,5
completely_virtual,6,5,1
truly_wise,6,5,1
extremely_prominent,6,6,0
quite_insulting,6,4,2
somehow_incapable,6,6,0
ultimately_beneficial,6,6,0
completely_incredible,6,4,2
so_unimaginative,6,3,3
extremely_inconvenient,6,5,1
quite_intangible,6,2,4
especially_curious,6,6,0
fairly_narrow,6,4,2
still_sketchy,6,6,0
so_ungrateful,6,6,0
horribly_right,6,6,0
naturally_excited,6,6,0
wonderfully_entertaining,6,6,0
less_absolute,6,1,5
so_underwhelming,6,5,1
completely_impervious,6,6,0
less_pragmatic,6,4,2
very_unacceptable,6,4,2
less_absurd,6,3,3
physically_unavailable,6,6,0
plain_illegal,6,6,0
completely_wireless,6,6,0
very_comic,6,4,2
plain_icky,6,6,0
any_safer,6,6,0
completely_inaudible,6,6,0
very_cuddly,6,6,0
naturally_free,6,6,0
so_uninspired,6,5,1
overly_cute,6,6,0
overly_cumbersome,6,6,0
completely_unseen,6,4,2
somehow_flawed,6,6,0
completely_unsafe,6,4,2
still_giddy,6,6,0
still_serviceable,6,6,0
otherwise_unprofessional,6,6,0
completely_unreliable,6,5,1
plain_gorgeous,6,5,1
utterly_confusing,6,6,0
completely_unrecognisable,6,3,3
completely_inscrutable,6,5,1
quite_nuanced,6,6,0
as_obsolete,6,5,1
completely_unreal,6,3,3
naturally_creative,6,6,0
too_frazzled,6,6,0
less_possible,6,5,1
very_yellow,6,6,0
completely_upfront,6,6,0
still_shaky,6,6,0
so_uninterested,6,6,0
less_obnoxious,6,4,2
completely_indistinguishable,6,5,1
very_literary,6,4,2
utterly_unknown,6,4,2
completely_inept,6,5,1
very_communal,6,2,4
mostly_irrelevant,6,6,0
mostly_legal,6,6,0
otherwise_uncertain,6,6,0
completely_unsuited,6,3,3
quite_oblivious,6,6,0
always_appropriate,6,5,1
too_fraught,6,6,0
physically_unwell,6,6,0
chemically_active,6,5,1
more_astonished,6,6,0
n't_vulnerable,6,6,0
too_junior,6,6,0
too_granular,6,5,1
more_merry,6,6,0
n't_solid,6,6,0
especially_captivating,6,3,3
still_larger,6,4,2
all_curious,6,5,1
extremely_personable,6,6,0
overly_comfortable,6,6,0
more_predictive,6,6,0
tragically_beautiful,6,4,2
completely_practical,6,3,3
especially_amazing,6,3,3
more_mindless,6,3,3
socially_useless,6,5,1
plain_corny,6,6,0
extremely_nerdy,6,5,1
inherently_peaceful,6,4,2
already_safe,6,6,0
completely_radical,6,0,6
extremely_pessimistic,6,6,0
less_arbitrary,6,5,1
as_objectionable,6,4,2
n't_straightforward,6,6,0
plain_cynical,6,6,0
still_loose,6,6,0
n't_receptive,6,6,0
even_aloof,6,6,0
inherently_personal,6,3,3
still_hazy,6,6,0
very_larger,6,6,0
extremely_pertinent,6,5,1
quite_loyal,6,6,0
about_natural,6,6,0
still_light,6,6,0
plain_cooler,6,6,0
n't_sincere,6,6,0
otherwise_unfortunate,6,6,0
quite_laborious,6,6,0
still_influential,6,6,0
extremely_ornate,6,5,1
traditionally_romantic,6,2,4
perfectly_useful,6,3,3
n't_savvy,6,6,0
extremely_overrated,6,6,0
completely_ok,6,6,0
n't_satisfactory,6,6,0
socially_productive,6,3,3
very_gritty,6,4,2
completely_obsolete,6,6,0
quite_lean,6,5,1
still_impressive,6,6,0
socially_savvy,6,5,1
perfectly_visible,6,6,0
as_symbolic,6,2,4
too_gory,6,6,0
always_dangerous,6,5,1
inherently_odd,6,0,6
completely_plain,6,4,2
extremely_noticeable,6,6,0
very_laborious,6,6,0
otherwise_unintelligible,6,6,0
perfectly_wise,6,5,1
fully_correct,6,6,0
fairly_lackluster,6,6,0
completely_painless,6,6,0
traditionally_feminine,6,5,1
as_tacky,6,0,6
more_precocious,6,5,1
very_watery,6,4,2
fully_cooperative,6,6,0
still_horny,6,6,0
as_nutritious,6,5,1
fully_digital,6,6,0
completely_responsive,6,6,0
still_pure,6,4,2
otherwise_uneven,6,6,0
so_viable,6,2,4
somehow_bad,6,6,0
as_nefarious,6,2,4
even_angrier,6,5,1
less_amenable,6,6,0
more_backward,6,6,0
so_vitriolic,6,5,1
n't_typical,6,6,0
so_voluminous,6,5,1
less_ok,6,6,0
plain_arrogant,6,6,0
less_pessimistic,6,6,0
so_wasteful,6,5,1
quite_mediocre,6,6,0
certainly_valid,6,6,0
as_trendy,6,3,3
completely_subject,6,5,1
extremely_pigmented,6,6,0
completely_laughable,6,6,0
otherwise_unemployed,6,6,0
completely_terrifying,6,4,2
even_anti-social,6,6,0
so_usual,6,2,4
n't_violent,6,6,0
still_productive,6,5,1
less_pleasing,6,6,0
plain_erroneous,6,6,0
less_pleased,6,6,0
extremely_likable,6,5,1
extremely_pleasing,6,4,2
extremely_likeable,6,5,1
so_variable,6,4,2
equally_unsettling,6,4,2
fairly_mainstream,6,4,2
inherently_pleasing,6,0,6
quite_itchy,6,6,0
plain_delusional,6,6,0
quite_masculine,6,0,6
equally_wealthy,6,5,1
completely_satisfactory,6,6,0
extremely_minimal,6,6,0
equally_weird,6,3,3
about_pleasing,6,6,0
totally_wearable,6,5,1
totally_wet,6,6,0
ultimately_dependent,6,6,0
completely_rubbish,6,5,1
usually_worse,6,6,0
amazingly_cool,6,4,2
as_timid,6,3,3
wonderfully_naive,6,1,5
completely_reversible,6,6,0
so_zealous,6,4,2
even_ambiguous,6,6,0
so_windy,6,6,0
fully_effective,6,6,0
n't_tall,6,6,0
n't_random,6,6,0
still_oblivious,6,5,1
completely_ludicrous,6,5,1
frequently_enough,6,5,1
less_ominous,6,3,3
completely_shocking,6,2,4
n't_thorough,6,6,0
almost_arbitrary,6,4,2
extremely_mean,6,6,0
fully_downloadable,6,6,0
more_atrocious,6,1,5
as_neurotic,6,5,1
completely_self-sufficient,6,4,2
so_wider,6,6,0
quite_jolly,6,6,0
more_manic,6,4,2
altogether_weirder,6,0,6
so_plausible,6,4,2
inherently_likable,6,0,6
quite_racy,6,4,2
less_cohesive,6,5,1
purely_local,6,5,1
almost_desperate,6,3,3
so_ruthless,6,2,4
purely_magical,6,1,5
fairly_powerful,6,2,4
especially_fascinating,6,4,2
more_useable,6,1,5
nearly_mature,6,6,0
fully_air-conditioned,6,6,0
hugely_controversial,6,6,0
much_black,6,6,0
nearly_last,6,6,0
casually_familiar,6,4,2
as_one-sided,6,5,1
most_worth,6,6,0
extremely_evil,6,2,4
so_risque,6,1,5
equally_profound,6,0,6
equally_powerless,6,6,0
equally_practical,6,5,1
too_female,6,6,0
overly_dominant,6,6,0
most_white,6,6,0
so_resourceful,6,4,2
so_respected,6,0,6
as_marketable,6,3,3
very_vigorous,6,6,0
so_revolting,6,1,5
equally_probable,6,6,0
legally_unable,6,6,0
constantly_available,6,5,1
so_rigorous,6,4,2
equally_profitable,6,5,1
so_scientific,6,4,2
still_embarrassed,6,6,0
equally_quick,6,6,0
someplace_other,6,6,0
so_sexist,6,3,3
so_sexual,6,4,2
extremely_fancy,6,5,1
as_unremarkable,6,1,5
consistently_present,6,5,1
strangely_appropriate,6,1,5
otherwise_unsuccessful,6,6,0
purely_mental,6,5,1
as_mediocre,6,3,3
so_sinful,6,6,0
very_underrated,6,5,1
totally_unavailable,6,5,1
overly_didactic,6,6,0
so_skewed,6,6,0
straight_related,6,1,5
nearly_imperceptible,6,6,0
strangely_different,6,5,1
otherwise_unsuited,6,6,0
purely_mathematical,6,5,1
so_scrupulous,6,6,0
already_unhappy,6,5,1
so_secluded,6,4,2
as_unseemly,6,4,2
less_reluctant,6,6,0
even_blissful,6,6,0
completely_external,6,2,4
physically_powerful,6,4,2
so_self-conscious,6,6,0
strangely_fascinating,6,2,4
so_sensational,6,3,3
nearly_incomprehensible,6,4,2
nearly_inaudible,6,5,1
too_fishy,6,5,1
as_standard,6,3,3
legally_sensitive,6,6,0
constantly_late,6,6,0
purely_intellectual,6,3,3
nearly_verbatim,6,6,0
fully_redundant,6,6,0
completely_disastrous,6,6,0
legally_necessary,6,5,1
strictly_decorative,6,5,1
contextually_relevant,6,4,2
so_prohibitive,6,6,0
so_proper,6,5,1
hopelessly_idealistic,6,6,0
truly_huge,6,2,4
fairly_prominent,6,6,0
hopelessly_inadequate,6,6,0
less_salty,6,6,0
inherently_troubling,6,0,6
otherwise_representative,6,6,0
very_intoxicating,6,4,2
strictly_female,6,6,0
as_vain,6,5,1
usually_expensive,6,4,2
sometimes_explicit,6,6,0
infinitely_malleable,6,5,1
fully_reusable,6,6,0
quite_rocky,6,6,0
more_live,6,6,0
extremely_disruptive,6,6,0
purely_human,6,4,2
even_busy,6,6,0
strictly_local,6,5,1
incomparably_greater,6,1,5
plain_smart,6,6,0
most_vibrant,6,6,0
strictly_liable,6,6,0
plain_slow,6,6,0
so_prejudiced,6,6,0
usually_easy,6,6,0
completely_disingenuous,6,6,0
completely_dismissive,6,6,0
extremely_robust,6,5,1
sometimes_cold,6,6,0
very_viable,6,5,1
so_readable,6,4,2
strangely_wonderful,6,3,3
ethnically_chinese,6,5,1
very_goofy,6,3,3
extremely_rugged,6,5,1
equally_pleasant,6,4,2
extremely_embarrassing,6,5,1
brutally_unfair,6,6,0
usually_female,6,0,6
so_recognisable,6,5,1
quite_receptive,6,5,1
equally_pointless,6,1,5
so_regal,6,2,4
nearly_related,6,6,0
as_unworthy,6,4,2
constantly_tired,6,6,0
tremendously_powerful,6,4,2
very_harrowing,6,6,0
very_marvelous,6,2,4
completely_disrespectful,6,4,2
quite_hurtful,6,6,0
very_marketable,6,4,2
fully_readable,6,6,0
so_queer,6,4,2
nearly_total,6,6,0
completely_diverse,6,3,3
completely_doable,6,6,0
too_fastidious,6,6,0
so_radiant,6,4,2
fully_public,6,6,0
legally_qualified,6,5,1
utterly_despicable,6,4,2
more_polarizing,6,6,0
very_magnificent,6,3,3
nearly_equivalent,6,3,3
still_worthy,6,6,0
quite_perverse,6,4,2
so_talkative,6,5,1
less_cheap,6,5,1
naturally_worried,6,5,1
totally_uninteresting,6,2,4
plain_lame,6,6,0
so_tasteful,6,5,1
physically_talented,6,6,0
still_unbeaten,6,6,0
perfectly_perfect,6,4,2
legitimately_scary,6,3,3
as_official,6,6,0
certainly_excited,6,6,0
mostly_female,6,6,0
n't_original,6,6,0
mostly_fine,6,6,0
so_synonymous,6,2,4
so_sweaty,6,6,0
somehow_lesser,6,6,0
more_prickly,6,5,1
very_low-tech,6,5,1
equally_sinful,6,6,0
near_ready,6,6,0
as_mischievous,6,5,1
horribly_embarrassing,6,3,3
so_sunny,6,5,1
totally_unimportant,6,3,3
very_irrational,6,4,2
extremely_questionable,6,3,3
near_identical,6,6,0
overly_dense,6,6,0
so_superstitious,6,6,0
mostly_different,6,5,1
equally_small,6,3,3
completely_hilarious,6,4,2
less_profane,6,0,6
completely_hypocritical,6,5,1
too_floral,6,6,0
almost_dark,6,6,0
too_formidable,6,6,0
purely_private,6,3,3
completely_illegible,6,6,0
extremely_hospitable,6,6,0
equally_surprising,6,3,3
very_comfy,6,5,1
extremely_humbling,6,2,4
still_foreign,6,4,2
n't_patient,6,6,0
so_uncharacteristic,6,2,4
quite_outlandish,6,4,2
totally_unrecognizable,6,1,5
plain_inadequate,6,6,0
so_uncool,6,4,2
more_complicit,6,5,1
certainly_impressive,6,6,0
less_cerebral,6,0,6
fairly_inconsequential,6,1,5
very_lofty,6,6,0
too_focused,6,5,1
still_topical,6,6,0
chemically_unstable,6,6,0
truly_grotesque,6,0,6
still_thin,6,6,0
more_preventable,6,6,0
still_terrible,6,6,0
wonderfully_delicious,6,2,4
very_lousy,6,6,0
all_dependent,6,6,0
naturally_shy,6,6,0
overly_deferential,6,6,0
still_sympathetic,6,6,0
extremely_hesitant,6,6,0
so_transcendent,6,1,5
fairly_optimistic,6,6,0
completely_heartbroken,6,6,0
less_clunky,6,1,5
still_whole,6,5,1
consistently_conservative,6,6,0
so_soulful,6,3,3
so_spare,6,4,2
still_vivid,6,6,0
fairly_personal,6,5,1
wonderfully_complex,6,6,0
so_spicy,6,4,2
n't_measurable,6,6,0
less_clear-cut,6,6,0
more_morbid,6,0,6
tremendously_grateful,6,6,0
equally_sad,6,3,3
still_upright,6,6,0
already_unable,6,6,0
as_merry,6,6,0
wonderfully_comforting,6,0,6
plain_nice,6,6,0
extremely_refreshing,6,2,4
consistently_delicious,6,6,0
even_bilingual,6,6,0
somehow_worthy,6,6,0
extremely_fishy,6,3,3
equally_retarded,6,1,5
perfectly_legit,6,6,0
still_wonderful,6,6,0
so_smaller,6,6,0
extremely_flat,6,6,0
extremely_flattered,6,6,0
horribly_awkward,6,4,2
as_melancholy,6,6,0
less_nice,6,4,2
quite_inconceivable,6,1,5
inherently_spooky,6,0,6
otherwise_similar,6,5,1
anyway_responsible,6,6,0
so_square,6,6,0
still_unique,6,3,3
especially_dirty,6,6,0
totally_unfair,6,6,0
nearly_asleep,6,6,0
so_structured,6,5,1
extremely_functional,6,6,0
equally_sharp,6,6,0
extremely_fussy,6,6,0
still_unmarried,6,6,0
as_minimalist,6,5,1
still_feasible,6,6,0
completely_harmful,6,1,5
tremendously_fun,6,6,0
as_miraculous,6,2,4
quite_picturesque,6,6,0
even_bald,6,6,0
extremely_radical,6,2,4
as_sticky,6,4,2
still_unreleased,6,5,1
completely_futile,6,5,1
tremendously_funny,6,6,0
otherwise_strange,6,6,0
truly_exhilarating,6,0,6
otherwise_unsavory,6,6,0
fairly_painless,6,6,0
still_fast,6,6,0
so_stellar,6,5,1
amazingly_effective,6,6,0
very_unconscious,6,6,0
perfectly_new,6,3,3
mostly_conservative,6,6,0
so_stingy,6,5,1
as_okay,6,5,1
very_hardcore,6,4,2
still_unsatisfied,6,6,0
nearly_bare,6,6,0
so_cut,6,6,0
somewhat_disappointed,6,6,0
otherwise_identifiable,6,6,0
perhaps_scary,6,4,2
moderately_low,6,6,0
quite_deaf,6,6,0
incredibly_worried,6,6,0
much_naked,6,6,0
less_fancy,6,2,4
longer_translucent,6,6,0
most_bitter,6,6,0
much_moot,6,6,0
simply_unsuitable,6,6,0
incredibly_caring,6,6,0
much_misunderstood,6,6,0
visibly_sick,6,5,1
pretty_banal,6,6,0
highly_cyclical,6,6,0
surprisingly_dark,6,6,0
longer_unique,6,5,1
entirely_invisible,6,6,0
absolutely_exhausted,6,6,0
simply_unprofessional,6,6,0
excessively_absent,6,6,0
simply_unforgettable,6,5,1
pretty_brave,6,4,2
highly_contradictory,6,5,1
profoundly_weird,6,2,4
simply_unhelpful,6,6,0
profoundly_worried,6,6,0
even_finer,6,5,1
as_heartless,6,4,2
totally_fantastic,6,4,2
pretty_blatant,6,5,1
perhaps_sad,6,6,0
perhaps_scared,6,6,0
pretty_bitter,6,6,0
longer_useable,6,6,0
totally_fictitious,6,6,0
absolutely_epic,6,4,2
longer_subject,6,6,0
far_harsher,6,4,2
quite_dependent,6,6,0
moderately_religious,6,5,1
almost_haunting,6,0,6
even_fascinating,6,5,1
deeply_unsatisfying,6,4,2
even_far-fetched,6,6,0
universally_popular,6,4,2
quite_depressed,6,6,0
simultaneously_present,6,6,0
deeply_unnerving,6,0,6
not_formal,6,6,0
more_hassle,6,6,0
longer_raw,6,6,0
highly_disappointed,6,6,0
clearly_unreasonable,6,6,0
much_worried,6,6,0
incrementally_better,6,4,2
too_blase,6,6,0
actually_worried,6,6,0
outright_incorrect,6,6,0
simply_weary,6,6,0
more_ostentatious,6,3,3
simply_white,6,6,0
overly_powerful,6,6,0
totally_forgettable,6,5,1
defensively_aggressive,6,6,0
simultaneously_funny,6,4,2
not_frequent,6,6,0
very_rainy,6,6,0
universally_flattering,6,5,1
clearly_unethical,6,5,1
too_inclusive,6,5,1
more_cartoony,6,3,3
much_unknown,6,5,1
simply_unexpected,6,6,0
deeply_uneasy,6,6,0
truly_custom,6,3,3
exceptionally_skilled,6,5,1
quite_crisp,6,6,0
rather_interested,6,5,1
quite_crucial,6,3,3
definitely_nice,6,6,0
actually_essential,6,6,0
entirely_illegal,6,6,0
justifiably_angry,6,5,1
very_hyper,6,6,0
even_foreseeable,6,6,0
more_circular,6,6,0
very_hollow,6,3,3
inherently_cruel,6,6,0
altogether_fresh,6,1,5
simply_subject,6,6,0
also_impossible,6,6,0
totally_embarrassing,6,2,4
more_habitable,6,2,4
quite_crazy,6,5,1
very_tenacious,6,6,0
more_overpowering,6,5,1
actually_useless,6,6,0
particularly_nervous,6,6,0
essentially_equal,6,6,0
less_hungry,6,6,0
definitely_ready,6,6,0
totally_edible,6,6,0
simply_safe,6,6,0
even_fortunate,6,6,0
perhaps_realistic,6,6,0
very_recognisable,6,2,4
far_poorer,6,6,0
incredibly_cinematic,6,4,2
clearly_reluctant,6,5,1
simply_sublime,6,5,1
definitely_interesting,6,4,2
far_nicer,6,4,2
as_hateful,6,3,3
highly_complimentary,6,6,0
very_false,6,6,0
simply_unappealing,6,6,0
as_hazardous,6,5,1
yet_ready,6,6,0
all_beautiful,6,5,1
overly_proud,6,6,0
unbelievably_excited,6,6,0
too_bare,6,6,0
insanely_funny,6,5,1
justly_famous,6,6,0
highly_conservative,6,6,0
highly_consistent,6,6,0
simply_undesirable,6,6,0
less_imaginative,6,5,1
low_skilled,6,6,0
rather_inconsequential,6,4,2
definitely_fun,6,5,1
very_hypnotic,6,1,5
not_handy,6,6,0
simply_sweet,6,6,0
less_ideological,6,4,2
moderately_heavy,6,5,1
too_badass,6,6,0
less_idiotic,6,2,4
surprisingly_familiar,6,5,1
pretty_central,6,4,2
particularly_onerous,6,5,1
particularly_open,6,6,0
intuitively_easy,6,6,0
more_cavalier,6,6,0
very_derogatory,6,3,3
highly_commercial,6,6,0
totally_frivolous,6,2,4
very_icy,6,6,0
too_charming,6,6,0
mutually_antagonistic,6,6,0
excessively_pessimistic,6,6,0
quite_astonished,6,6,0
more_respected,6,6,0
slightly_curious,6,6,0
entirely_remote,6,4,2
mutually_complementary,6,6,0
fundamentally_unique,6,0,6
highly_favorable,6,6,0
even_evangelical,6,6,0
more_hispanic,6,6,0
surely_afoot,6,6,0
modestly_higher,6,6,0
even_ethnic,6,6,0
otherwise_antisocial,6,6,0
more_permeable,6,5,1
highly_familiar,6,4,2
staunchly_loyal,6,5,1
highly_evocative,6,6,0
most_articulate,6,6,0
deeply_poignant,6,3,3
as_illusory,6,4,2
deeply_pessimistic,6,5,1
insanely_awesome,6,4,2
especially_wrong,6,1,5
less_exclusive,6,2,4
acutely_painful,6,6,0
slightly_comical,6,2,4
longer_dependent,6,6,0
intrinsically_safe,6,6,0
highly_exploitative,6,6,0
overly_patriotic,6,6,0
slightly_conservative,6,6,0
otherwise_ambiguous,6,6,0
rather_famous,6,4,2
less_exact,6,5,1
not_expedient,6,6,0
more_homegrown,6,2,4
slightly_depressing,6,4,2
inherently_distasteful,6,0,6
more_unequal,6,6,0
always_consistent,6,5,1
immensely_profitable,6,5,1
deeply_intelligent,6,6,0
entirely_silent,6,6,0
blatantly_ignorant,6,4,2
otherwise_arbitrary,6,6,0
excessively_strong,6,6,0
immediately_effective,6,6,0
deeply_influential,6,5,1
longer_beneficial,6,6,0
slightly_exotic,6,1,5
also_fake,6,6,0
as_personable,6,3,3
very_pristine,6,3,3
entirely_serious,6,3,3
slightly_dull,6,6,0
most_apt,6,6,0
particularly_radical,6,5,1
deeply_loyal,6,5,1
inherently_dishonest,6,1,5
intrinsically_rewarding,6,3,3
not_exceptional,6,6,0
somewhat_uneasy,6,6,0
clinically_effective,6,6,0
slightly_dubious,6,6,0
longer_close,6,6,0
rather_excellent,6,6,0
excessively_sentimental,6,6,0
more_homogenous,6,4,2
more_opposite,6,6,0
actually_eligible,6,5,1
already_cold,6,6,0
too_inactive,6,6,0
too_neurotic,6,6,0
also_gluten-free,6,6,0
musically_challenging,6,5,1
as_religious,6,2,4
moderately_strong,6,6,0
very_puzzled,6,6,0
as_hypocritical,6,6,0
entirely_organic,6,5,1
totally_gorgeous,6,5,1
slightly_afraid,6,6,0
slightly_aggressive,6,6,0
deeply_soothing,6,0,6
universally_true,6,5,1
highly_eccentric,6,5,1
abundantly_present,6,5,1
excessively_guilty,6,6,0
pretty_academic,6,6,0
deeply_suspect,6,4,2
somewhere_comfortable,6,6,0
preferably_better,6,6,0
highly_distracting,6,6,0
incredibly_broad,6,6,0
too_boisterous,6,6,0
less_extraordinary,6,2,4
very_quirky,6,6,0
sincerely_wrong,6,5,1
rather_glorious,6,4,2
yet_new,6,1,5
deeply_traumatic,6,2,4
essentially_bad,6,5,1
too_bossy,6,6,0
fairly_dangerous,6,4,2
deeply_touching,6,4,2
deeply_thoughtful,6,4,2
entirely_objective,6,6,0
clearly_upset,6,5,1
quite_determined,6,6,0
more_undesirable,6,5,1
deeply_sensitive,6,4,2
ostensibly_overwhelming,6,6,0
deeply_relaxing,6,3,3
preferably_several,6,6,0
longer_free,6,6,0
deeply_reflective,6,4,2
slightly_bizarre,6,5,1
incredibly_bold,6,3,3
typically_female,6,5,1
as_remote,6,3,3
surely_worth,6,6,0
rather_fishy,6,3,3
preferably_more,6,6,0
slightly_bonkers,6,5,1
even_excruciating,6,6,0
as_illegal,6,3,3
most_at-risk,6,6,0
wildly_exciting,6,4,2
prematurely_aged,6,6,0
also_frustrated,6,6,0
deeply_sacred,6,0,6
rather_fortunate,6,6,0
wildly_eccentric,6,4,2
indeed_afoot,6,6,0
overly_picky,6,6,0
most_precarious,6,6,0
somewhat_wrong,6,6,0
overly_physical,6,6,0
wildly_excited,6,6,0
very_fatal,6,5,1
too_bullish,6,6,0
as_phenomenal,6,2,4
most_attentive,6,5,1
far_crazier,6,3,3
as_reluctant,6,4,2
essentially_evil,6,5,1
quite_belligerent,6,6,0
more_perfunctory,6,6,0
spiritually_satisfying,6,5,1
just_uninformed,6,6,0
simply_enjoyable,6,5,1
as_glib,6,1,5
more_deceptive,6,4,2
much_responsible,6,6,0
less_heinous,6,3,3
simply_excellent,6,6,0
fairly_complete,6,6,0
very_convinced,6,6,0
clearly_impossible,6,5,1
quite_bullish,6,6,0
totally_complete,6,4,2
much_riskier,6,4,2
minimally_verbal,6,6,0
rather_partial,6,6,0
incredibly_costly,6,6,0
also_kind,6,6,0
pretty_extensive,6,6,0
very_restorative,6,4,2
only_safe,6,5,1
quite_classy,6,2,4
simply_dismissive,6,6,0
spiritually_wrong,6,2,4
exceptionally_complex,6,6,0
simply_dissatisfied,6,6,0
pretty_exhausting,6,6,0
even_grim,6,5,1
also_large,6,6,0
simply_drunk,6,6,0
as_gifted,6,1,5
as_gimmicky,6,2,4
simply_dumb,6,6,0
deliciously_naughty,6,1,5
more_unaccounted,6,5,1
very_humane,6,5,1
exceptionally_delicious,6,2,4
simply_fine,6,6,0
simply_fond,6,6,0
even_gloomy,6,6,0
outright_terrible,6,6,0
less_high,6,5,1
actually_accurate,6,6,0
pretty_eclectic,6,5,1
immensely_appealing,6,2,4
totally_convinced,6,6,0
overly_saccharine,6,6,0
marginally_interesting,6,5,1
too_antiquated,6,6,0
profoundly_right,6,3,3
simply_high,6,6,0
actually_extinct,6,6,0
more_pale,6,6,0
rather_novel,6,3,3
very_telling,6,3,3
much_sadder,6,2,4
less_hesitant,6,6,0
simply_fraudulent,6,6,0
totally_confident,6,6,0
entirely_clueless,6,6,0
clearly_inappropriate,6,6,0
even_gorgeous,6,6,0
truly_disappointing,6,5,1
much_rougher,6,3,3
generally_damaging,6,6,0
rather_opaque,6,6,0
most_palatable,6,6,0
simply_full,6,6,0
simply_gay,6,6,0
uniquely_impressive,6,0,6
exceptionally_dry,6,6,0
heretofore_unknown,6,1,5
quite_classic,6,3,3
most_outgoing,6,6,0
simply_relaxed,6,6,0
profoundly_meaningful,6,2,4
simply_bogus,6,6,0
less_gritty,6,2,4
pretty_foreign,6,5,1
as_geeky,6,0,6
not_manageable,6,6,0
pretty_flimsy,6,5,1
only_real,6,6,0
delightfully_bizarre,6,3,3
simply_charming,6,3,3
totally_bland,6,5,1
simply_cheaper,6,6,0
simply_chic,6,6,0
most_classic,6,5,1
simply_classic,6,6,0
very_expansive,6,6,0
all_original,6,6,0
massively_excited,6,6,0
clearly_happy,6,6,0
clearly_fake,6,4,2
quite_cautious,6,6,0
simply_annoyed,6,6,0
rather_questionable,6,5,1
simply_ashamed,6,6,0
all_asleep,6,6,0
formerly_confidential,6,6,0
less_hardcore,6,5,1
entirely_abstract,6,2,4
as_futuristic,6,2,4
simply_banal,6,6,0
entirely_acceptable,6,5,1
just_unconscious,6,6,0
fast_casual,6,6,0
massively_expensive,6,6,0
too_aggravating,6,6,0
simply_close,6,6,0
more_safer,6,5,1
just_underwhelming,6,6,0
perhaps_low,6,5,1
rather_poignant,6,3,3
even_gruesome,6,6,0
more_chewy,6,5,1
not_live,6,6,0
particularly_inventive,6,6,0
perhaps_multiple,6,6,0
clearly_good,6,5,1
quite_captivating,6,3,3
more_cheery,6,3,3
pretty_eye-opening,6,6,0
simply_depressed,6,6,0
not_literal,6,6,0
less_grandiose,6,3,3
exceptionally_clear,6,6,0
totally_clean,6,4,2
even_grumpy,6,6,0
as_priceless,6,1,5
simply_cultural,6,6,0
also_liable,6,6,0
not_lucrative,6,6,0
quite_cheesy,6,5,1
particularly_intelligent,6,6,0
deliciously_unexpected,6,2,4
even_handmade,6,6,0
rather_positive,6,2,4
actually_terrible,6,5,1
immensely_gratifying,6,4,2
rather_popular,6,4,2
totally_casual,6,6,0
surprisingly_subtle,6,5,1
quite_chic,6,4,2
startlingly_clear,6,6,0
startlingly_beautiful,6,6,0
simply_horrible,6,6,0
pretty_durable,6,6,0
much_satisfied,6,6,0
highly_adept,6,6,0
indeed_related,6,6,0
totally_dishonest,6,6,0
just_vicious,6,6,0
very_dicey,6,5,1
pretty_cynical,6,6,0
immensely_interesting,6,4,2
incredibly_cold,6,5,1
simply_older,6,6,0
less_formidable,6,2,4
much_standard,6,6,0
just_virtual,6,6,0
pretty_crude,6,5,1
much_steeper,6,5,1
truly_unprecedented,6,0,6
surprisingly_intimate,6,5,1
simply_nostalgia,6,6,0
perhaps_lawful,6,6,0
too_obstinate,6,6,0
simply_nonsensical,6,6,0
far_subtler,6,4,2
specifically_religious,6,6,0
rather_meaningless,6,6,0
specifically_relevant,6,5,1
as_poisonous,6,4,2
deliberately_cruel,6,6,0
deliberately_controversial,6,3,3
actually_unique,6,2,4
as_poetic,6,4,2
rather_marginal,6,5,1
entirely_empty,6,6,0
bitterly_hostile,6,6,0
more_rocky,6,4,2
more_gothic,6,1,5
profoundly_significant,6,0,6
specifically_concerned,6,6,0
surprisingly_intense,6,6,0
specifically_christian,6,5,1
highly_ambiguous,6,6,0
pretty_costly,6,6,0
exceptionally_quiet,6,5,1
rather_less,6,4,2
more_grave,6,1,5
more_suspect,6,5,1
simply_proud,6,6,0
even_frantic,6,6,0
particularly_necessary,6,5,1
immediately_responsive,6,6,0
actually_upset,6,6,0
overly_repetitive,6,6,0
generally_annoying,6,6,0
overly_religious,6,6,0
less_flavorful,6,6,0
more_greedy,6,4,2
outright_negative,6,6,0
sparsely_hairy,6,6,0
fairly_affordable,6,6,0
highly_analytical,6,6,0
exceptionally_pleasant,6,5,1
inherently_contradictory,6,3,3
already_difficult,6,3,3
entirely_fake,6,6,0
definitely_weird,6,5,1
too_athletic,6,6,0
rather_lonely,6,6,0
too_obese,6,6,0
essentially_flat,6,6,0
surprisingly_inexpensive,6,6,0
generally_awesome,6,6,0
simply_playful,6,6,0
mainly_negative,6,6,0
utterly_outrageous,6,3,3
simply_mind-boggling,6,6,0
almost_horizontal,6,6,0
simply_mesmerizing,6,5,1
more_gimmicky,6,5,1
quite_comprehensive,6,5,1
all_alike,6,6,0
yet_unidentified,6,5,1
most_cautious,6,6,0
very_contrived,6,4,2
very_representative,6,5,1
rather_necessary,6,2,4
rather_nebulous,6,4,2
particularly_low,6,6,0
exceptionally_hard,6,6,0
too_insular,6,5,1
not_innate,6,5,1
much_sick,6,5,1
rather_naughty,6,4,2
simply_inefficient,6,6,0
entirely_crazy,6,4,2
marginally_familiar,6,5,1
rather_nifty,6,6,0
more_geometric,6,3,3
utterly_random,6,6,0
spiritually_blind,6,6,0
actually_unaware,6,6,0
uniquely_interesting,6,5,1
exceptionally_fast,6,6,0
surprisingly_realistic,6,5,1
rather_normal,6,4,2
even_generic,6,6,0
simply_imaginary,6,6,0
pretty_drab,6,6,0
spiritually_aware,6,6,0
too_inexpensive,6,6,0
surprisingly_quick,6,6,0
far_wealthier,6,6,0
over_active,6,6,0
as_gray,6,6,0
specifically_responsible,6,3,3
deliberately_opaque,6,6,0
manifestly_unfounded,6,6,0
surprisingly_nice,6,3,3
rather_misleading,6,6,0
totally_depressed,6,5,1
clearly_nervous,6,6,0
only_theoretical,6,6,0
too_artsy,6,6,0
not_incompatible,6,6,0
inexplicably_beautiful,6,1,5
pretty_despicable,6,5,1
far_tastier,6,2,4
exceptionally_low,6,6,0
only_understandable,6,5,1
exceptionally_lucky,6,6,0
as_gritty,6,4,2
totally_depraved,6,6,0
already_different,6,6,0
always_confident,6,6,0
quite_bloody,6,6,0
clearly_discernible,6,6,0
rather_naive,6,4,2
not_infinite,6,5,1
surprisingly_pleasant,6,3,3
rather_mystical,6,3,3
far_underwater,6,6,0
too_arduous,6,6,0
fairly_arbitrary,6,6,0
most_perilous,6,6,0
just_untrue,6,6,0
only_superficial,6,6,0
not_indifferent,6,6,0
even_further,6,6,0
spectacularly_different,6,2,4
clearly_dead,6,6,0
very_ideological,6,4,2
overly_offensive,6,6,0
slightly_transparent,6,6,0
perpetually_happy,6,6,0
particularly_thrilling,6,2,4
not_comfy,6,5,1
likely_republican,6,6,0
somewhat_puzzling,6,6,0
largely_free,6,5,1
yet_aware,6,6,0
more_obtainable,6,3,3
as_inexplicable,6,3,3
immediately_able,6,6,0
so_childlike,6,5,1
not_decent,6,6,0
not_collectible,6,6,0
especially_thrilling,6,1,5
somewhat_realistic,6,5,1
too_immense,6,5,1
especially_timely,6,5,1
visibly_ill,6,6,0
slightly_unconventional,6,2,4
not_defamatory,6,6,0
slightly_uncanny,6,4,2
less_eloquent,6,5,1
so_chuffed,6,6,0
little_daunting,6,6,0
even_detectable,6,6,0
highly_objectionable,6,5,1
absolutely_confident,6,6,0
explicitly_hostile,6,6,0
slightly_unreal,6,3,3
psychologically_devastating,6,6,0
super_thankful,6,6,0
particularly_unhappy,6,6,0
possibly_scared,6,6,0
both_acceptable,6,6,0
quite_ambivalent,6,6,0
morally_indifferent,6,5,1
equally_asinine,6,2,4
less_divisive,6,2,4
n't_alright,6,6,0
environmentally_hazardous,6,6,0
quite_eclectic,6,5,1
intensely_uncomfortable,6,4,2
especially_thoughtful,6,5,1
so_chatty,6,6,0
highly_ornate,6,6,0
even_devious,6,6,0
too_congested,6,6,0
potentially_disturbing,6,4,2
altogether_magical,6,0,6
slightly_wary,6,6,0
particularly_tragic,6,1,5
fairly_disturbing,6,5,1
potentially_evil,6,4,2
highly_overrated,6,6,0
potentially_exciting,6,1,5
less_jarring,6,2,4
potentially_expensive,6,6,0
actually_angry,6,6,0
little_difficult,6,6,0
rather_concerned,6,6,0
indeed_worthy,6,5,1
particularly_supportive,6,6,0
potentially_injurious,6,6,0
overly_melodramatic,6,6,0
both_bad,6,6,0
as_inclined,6,6,0
more_crafty,6,3,3
darn_expensive,6,6,0
not_destructive,6,5,1
permanently_disabled,6,6,0
psychologically_abusive,6,6,0
somewhat_sad,6,6,0
also_educational,6,6,0
more_impassioned,6,2,4
even_desirous,6,6,0
incredibly_angry,6,6,0
potentially_life-changing,6,4,2
potentially_lower,6,6,0
not_digital,6,6,0
too_curvy,6,5,1
especially_slow,6,6,0
otherwise_criminal,6,6,0
yet_available,6,3,3
even_earlier,6,6,0
even_descriptive,6,6,0
not_diligent,6,6,0
possibly_non-existent,6,6,0
overly_impressive,6,6,0
somewhat_insane,6,6,0
not_desperate,6,6,0
potentially_incriminating,6,4,2
still_amusing,6,6,0
too_impotent,6,6,0
slightly_tipsy,6,5,1
intrinsically_interesting,6,2,4
slightly_terrified,6,6,0
rather_cheesy,6,6,0
darn_hard,6,6,0
utterly_stunning,6,3,3
highly_scalable,6,6,0
very_unsettled,6,6,0
somewhat_intimidating,6,6,0
entirely_worthless,6,6,0
as_rustic,6,5,1
immediately_appealing,6,4,2
possibly_painful,6,5,1
explicitly_christian,6,5,1
otherwise_dead,6,6,0
more_obtuse,6,5,1
highly_motivating,6,5,1
n't_clear-cut,6,6,0
rather_closer,6,3,3
super_valuable,6,6,0
potentially_impossible,6,6,0
perhaps_green,6,6,0
very_flirty,6,6,0
somewhat_insecure,6,6,0
too_compliant,6,6,0
potentially_defamatory,6,5,1
also_dissatisfied,6,6,0
too_intriguing,6,5,1
morally_relevant,6,4,2
too_imperfect,6,6,0
super_protective,6,6,0
very_indecisive,6,6,0
n't_brilliant,6,6,0
so_ardent,6,3,3
dead_serious,6,4,2
very_foggy,6,6,0
exquisitely_detailed,6,6,0
comically_bad,6,5,1
as_ineffective,6,6,0
most_accommodating,6,6,0
intensely_difficult,6,6,0
fairly_elaborate,6,5,1
psychologically_satisfying,6,1,5
super_similar,6,4,2
extremely_wide,6,6,0
not_contradictory,6,5,1
super_sleek,6,4,2
largely_ceremonial,6,5,1
not_complimentary,6,6,0
more_incriminating,6,2,4
very_forceful,6,6,0
fundamentally_illegitimate,6,2,4
fairly_dull,6,5,1
potentially_awkward,6,6,0
otherwise_evil,6,6,0
so_antagonistic,6,4,2
innately_evil,6,4,2
rather_ambiguous,6,5,1
more_taxing,6,4,2
super_relaxed,6,6,0
super_respectful,6,6,0
so_balanced,6,5,1
not_confusing,6,6,0
very_decadent,6,3,3
most_regular,6,6,0
almost_unreadable,6,6,0
so_beguiling,6,1,5
largely_correct,6,6,0
otherwise_emotional,6,6,0
not_confidential,6,6,0
otherwise_embarrassing,6,6,0
super_safe,6,6,0
morally_obligated,6,6,0
falsely_negative,6,6,0
actually_difficult,6,6,0
possibly_worth,6,3,3
as_riveting,6,6,0
super_realistic,6,5,1
more_coy,6,6,0
psychologically_unbalanced,6,5,1
fundamentally_impossible,6,5,1
quite_alive,6,4,2
rather_aggressive,6,6,0
innately_creative,6,6,0
less_draconian,6,0,6
super_secretive,6,6,0
perhaps_flammable,6,6,0
super_solid,6,6,0
totally_involved,6,5,1
apparently_random,6,5,1
so_adverse,6,2,4
personally_aware,6,6,0
truly_luxurious,6,0,6
blindly_optimistic,6,6,0
not_courageous,6,6,0
very_parochial,6,5,1
very_carefree,6,2,4
particularly_worthy,6,4,2
equally_angry,6,6,0
possibly_stronger,6,6,0
so_bummed,6,6,0
still_anonymous,6,4,2
potentially_critical,6,5,1
unrealistically_optimistic,6,6,0
so_bureaucratic,6,5,1
clearly_capable,6,5,1
super_surprised,6,6,0
already_big,6,6,0
too_constant,6,6,0
very_incomplete,6,5,1
highly_poetic,6,5,1
overly_judgmental,6,6,0
rather_emotional,6,6,0
very_overcrowded,6,6,0
not_creepy,6,4,2
highly_respectful,6,6,0
highly_portable,6,6,0
n't_attentive,6,6,0
potentially_big,6,1,5
otherwise_distracting,6,6,0
highly_privileged,6,5,1
less_dull,6,2,4
as_indispensable,6,3,3
n't_awesome,6,6,0
somewhat_optimistic,6,6,0
environmentally_unsound,6,5,1
super_practical,6,6,0
fairly_drunk,6,6,0
already_bored,6,6,0
potentially_cancerous,6,6,0
so_blurred,6,6,0
super_poor,6,6,0
not_core,6,6,0
super_pleasant,6,5,1
possibly_supernatural,6,2,4
otherwise_distasteful,6,6,0
less_intimate,6,3,3
potentially_competitive,6,6,0
much_impressed,6,6,0
particularly_upset,6,6,0
super_pleased,6,6,0
so_bossy,6,5,1
incredibly_adept,6,6,0
especially_strange,6,3,3
unbearably_cold,6,5,1
highly_possible,6,6,0
more_immune,6,6,0
too_muddled,6,6,0
slightly_right,6,6,0
less_discreet,6,4,2
already_bankrupt,6,6,0
n't_conservative,6,6,0
very_fortuitous,6,6,0
very_thematic,6,5,1
unusually_consistent,6,5,1
somewhat_funny,6,6,0
slightly_irritating,6,5,1
yet_effective,6,0,6
potentially_unhealthy,6,6,0
not_caucasian,6,6,0
yet_elegant,6,0,6
entirely_unclear,6,6,0
particularly_sexy,6,5,1
perhaps_unsure,6,6,0
totally_loyal,6,4,2
somewhat_frustrating,6,6,0
not_due,6,6,0
long_dormant,6,3,3
outright_aggressive,6,6,0
rather_disingenuous,6,4,2
somewhat_free,6,5,1
somewhat_fragile,6,4,2
closely_adjacent,6,6,0
slightly_inaccurate,6,6,0
darkly_comedic,6,6,0
entirely_unconnected,6,0,6
quite_evocative,6,4,2
clinically_wrong,6,1,5
very_polarized,6,6,0
always_separate,6,6,0
entirely_unforeseen,6,2,4
not_dominant,6,6,0
kinda_scared,6,6,0
very_burdensome,6,6,0
otherwise_harmless,6,6,0
n't_compliant,6,6,0
too_dazed,6,6,0
even_electric,6,5,1
logically_necessary,6,4,2
fairly_direct,6,6,0
more_okay,6,6,0
less_enlightened,6,4,2
somewhat_speculative,6,6,0
logically_true,6,6,0
totally_immune,6,5,1
highly_informal,6,6,0
even_democratic,6,6,0
as_sacrosanct,6,0,6
almost_undetectable,6,5,1
largely_indifferent,6,6,0
highly_inflammatory,6,4,2
more_old-school,6,1,5
monumentally_important,6,3,3
proudly_handmade,6,6,0
so_corporate,6,3,3
clinically_useful,6,3,3
possibly_intentional,6,4,2
more_humanoid,6,1,5
very_fiery,6,4,2
utterly_human,6,2,4
amazingly_strong,6,5,1
n't_credible,6,6,0
too_irrelevant,6,6,0
supremely_important,6,4,2
deeply_heartfelt,6,5,1
possibly_great,6,5,1
very_prescient,6,5,1
frustratingly_hard,6,6,0
very_prescriptive,6,6,0
even_enforceable,6,6,0
practically_dead,6,6,0
very_unseemly,6,2,4
not_embarrassing,6,6,0
possibly_good,6,4,2
otherwise_hurtful,6,6,0
extraordinarily_cheap,6,6,0
still_acceptable,6,5,1
not_energetic,6,6,0
indeed_present,6,6,0
practically_helpful,6,4,2
even_defiant,6,6,0
somewhat_transparent,6,6,0
rather_elusive,6,4,2
more_humanitarian,6,4,2
initially_unaware,6,6,0
very_dehydrated,6,6,0
less_dire,6,3,3
darkly_beautiful,6,3,3
slightly_imperfect,6,5,1
extremely_unreliable,6,6,0
otherwise_bothersome,6,6,0
likely_eligible,6,6,0
slightly_ill,6,6,0
otherwise_boring,6,6,0
somewhat_flawed,6,6,0
long_obsolete,6,6,0
less_ephemeral,6,0,6
overly_obsessed,6,5,1
typically_british,6,1,5
unbelievably_bad,6,4,2
slightly_healthier,6,3,3
highly_imperfect,6,6,0
possibly_high,6,6,0
very_open-ended,6,6,0
deeply_frightening,6,1,5
wildly_impressive,6,5,1
especially_rewarding,6,2,4
quite_exhilarating,6,3,3
quite_dissimilar,6,6,0
very_buggy,6,6,0
quite_disruptive,6,4,2
powerfully_effective,6,6,0
more_cosy,6,3,3
quite_advantageous,6,6,0
exclusively_jewish,6,6,0
partly_conscious,6,6,0
locally_relevant,6,5,1
particularly_spiritual,6,6,0
highly_ironic,6,3,3
entirely_unpredictable,6,4,2
somewhat_shaky,6,6,0
perhaps_wrong,6,5,1
unambiguously_pro-life,6,6,0
slightly_optimistic,6,6,0
not_clear-cut,6,6,0
equally_big,6,3,3
highly_inventive,6,6,0
somewhat_short,6,5,1
even_deranged,6,6,0
intensely_dramatic,6,5,1
deeply_challenging,6,6,0
exclusively_related,6,3,3
supposedly_better,6,2,4
highly_intricate,6,6,0
kinda_similar,6,1,5
less_empty,6,5,1
highly_sexualized,6,4,2
supposedly_dead,6,4,2
too_damn,6,6,0
more_unfamiliar,6,3,3
rather_coy,6,5,1
more_injurious,6,5,1
incredibly_arrogant,6,5,1
not_discernible,6,5,1
slightly_richer,6,5,1
as_incapable,6,3,3
also_consistent,6,6,0
too_daft,6,6,0
overly_modest,6,6,0
more_immense,6,3,3
highly_liquid,6,6,0
potentially_new,6,5,1
more_relieved,6,6,0
so_colossal,6,3,3
excruciatingly_difficult,6,6,0
very_inactive,6,6,0
most_alien,6,4,2
largely_ignorant,6,6,0
all_green,6,6,0
incredibly_anxious,6,6,0
super_lovely,6,6,0
blazingly_fast,6,6,0
already_fine,6,6,0
more_clear-cut,6,2,4
as_impulsive,6,5,1
more_imaginary,6,5,1
more_injured,6,6,0
super_wonderful,6,1,5
apparently_true,6,6,0
potentially_real,6,2,4
particularly_small,6,6,0
entirely_unheard,6,3,3
logically_incoherent,6,6,0
apparently_unable,6,5,1
already_bare,6,6,0
cognitively_normal,6,6,0
especially_sinister,6,4,2
apparently_oblivious,6,4,2
very_formidable,6,3,3
immensely_useful,6,5,1
more_idyllic,6,4,2
otherwise_handicapped,6,6,0
deeply_conflicted,6,5,1
fabulously_successful,6,6,0
more_brighter,5,5,0
too_imaginative,5,5,0
quite_eloquent,5,4,1
more_averse,5,3,2
too_pretty,5,5,0
almost_cathartic,5,0,5
outrageously_offensive,5,2,3
very_arduous,5,5,0
more_ceremonial,5,2,3
too_influential,5,5,0
especially_sexy,5,2,3
that_old,5,2,3
quite_irreverent,5,4,1
also_unusual,5,4,1
too_inhuman,5,5,0
even_acute,5,5,0
as_salty,5,4,1
often_dead,5,4,1
indeed_rotten,5,5,0
as_crunchy,5,4,1
especially_repugnant,5,0,5
quite_accustomed,5,3,2
too_illiquid,5,5,0
actually_affordable,5,5,0
as_organic,5,4,1
even_ominous,5,4,1
quite_elementary,5,4,1
too_imminent,5,5,0
really_greedy,5,5,0
probably_inaccurate,5,5,0
especially_shocking,5,5,0
more_chemical,5,4,1
actively_psychotic,5,5,0
quite_blind,5,5,0
quite_central,5,3,2
too_profane,5,5,0
outright_untrue,5,4,1
really_liberating,5,2,3
as_superb,5,3,2
quite_clumsy,5,5,0
purely_whimsical,5,4,1
really_lousy,5,5,0
really_peculiar,5,1,4
more_concentrated,5,4,1
merely_offensive,5,5,0
especially_profound,5,1,4
quite_affectionate,5,5,0
as_crappy,5,1,4
indeed_safe,5,5,0
quite_changeable,5,5,0
as_routine,5,0,5
really_ironic,5,3,2
painfully_ironic,5,4,1
as_crooked,5,4,1
quite_cathartic,5,0,5
vividly_present,5,5,0
often_contradictory,5,4,1
often_critical,5,4,1
merely_lazy,5,5,0
quite_embarrassed,5,5,0
quite_essential,5,3,2
especially_skilled,5,5,0
quite_academic,5,3,2
as_crafty,5,3,2
actually_christian,5,5,0
really_hairy,5,4,1
quite_feasible,5,3,2
really_greasy,5,4,1
else_false,5,5,0
as_pristine,5,3,2
absurdly_easy,5,3,2
indeed_serious,5,5,0
eternally_young,5,4,1
as_delighted,5,5,0
very_wasteful,5,5,0
almost_cold,5,4,1
too_ill-equipped,5,5,0
painfully_annoying,5,4,1
very_artsy,5,5,0
quite_civilized,5,4,1
quite_fearful,5,4,1
more_coercive,5,4,1
quite_accidental,5,5,0
quite_elusive,5,5,0
more_tyrannical,5,4,1
over_stimulating,5,5,0
very_uninteresting,5,4,1
very_coy,5,5,0
just_competitive,5,5,0
even_adamant,5,5,0
especially_cold,5,4,1
more_childlike,5,3,2
intentionally_confusing,5,5,0
often_complicated,5,5,0
probably_incorrect,5,4,1
quite_exclusive,5,2,3
really_patriotic,5,4,1
very_unified,5,4,1
always_amiss,5,5,0
intentionally_bad,5,5,0
quite_enticing,5,4,1
especially_cool,5,0,5
as_outdated,5,3,2
more_traumatizing,5,4,1
quite_akin,5,0,5
quite_comedic,5,4,1
effortlessly_chic,5,3,2
too_introspective,5,5,0
quite_alike,5,5,0
outrageously_wrong,5,2,3
quite_enthused,5,4,1
quite_intrusive,5,5,0
frighteningly_real,5,5,0
even_adjustable,5,5,0
very_architectural,5,5,0
even_nauseating,5,5,0
basically_okay,5,5,0
really_hesitant,5,5,0
quite_blessed,5,5,0
more_unruly,5,4,1
really_narrow,5,5,0
really_iconic,5,0,5
especially_keen,5,5,0
often_easy,5,4,1
actively_suicidal,5,5,0
almost_automatic,5,3,2
over_friendly,5,5,0
more_underwhelming,5,4,1
more_buoyant,5,1,4
actively_evil,5,3,2
actively_supportive,5,5,0
very_dressy,5,5,0
almost_bizarre,5,2,3
quite_dope,5,0,5
else_beautiful,5,2,3
very_vast,5,2,3
very_unimportant,5,4,1
also_vital,5,5,0
really_idiotic,5,1,4
quietly_profound,5,1,4
as_speedy,5,4,1
more_transactional,5,2,3
frequently_subject,5,5,0
essentially_alike,5,5,0
genuinely_dangerous,5,3,2
very_undesirable,5,4,1
often_expensive,5,5,0
too_hefty,5,4,1
more_bereft,5,3,2
egregiously_unfriendly,5,5,0
really_inexperienced,5,3,2
always_capable,5,5,0
very_unfit,5,4,1
especially_troublesome,5,3,2
very_unreal,5,3,2
more_square,5,2,3
too_hateful,5,4,1
as_oppressive,5,4,1
too_provincial,5,5,0
especially_familiar,5,4,1
either_hard,5,5,0
especially_likely,5,3,2
as_retro,5,0,5
quite_dumb,5,4,1
that_similar,5,4,1
as_sketchy,5,4,1
quite_authentic,5,5,0
always_comfortable,5,5,0
really_humid,5,5,0
merely_neutral,5,5,0
quite_deserving,5,4,1
really_hurt,5,5,0
very_victorian,5,3,2
merely_intriguing,5,5,0
quite_immediate,5,4,1
quite_immature,5,4,1
that_reliable,5,3,2
more_beholden,5,5,0
quite_illuminating,5,5,0
genuinely_evil,5,4,1
often_easier,5,5,0
really_minimal,5,5,0
probably_hard,5,4,1
quite_docile,5,5,0
more_campy,5,2,3
indeed_new,5,4,1
quite_heroic,5,0,5
quite_distasteful,5,3,2
quite_artificial,5,3,2
as_repugnant,5,2,3
really_incompetent,5,5,0
even_oblivious,5,5,0
very_unequal,5,4,1
probably_high,5,5,0
especially_weird,5,2,3
visually_striking,5,5,0
as_sociable,5,4,1
more_dissimilar,5,5,0
more_comic,5,4,1
just_corrupt,5,5,0
even_numerous,5,5,0
frighteningly_accurate,5,5,0
quite_articulate,5,5,0
too_primitive,5,5,0
even_nutritional,5,5,0
actually_beautiful,5,4,1
quite_hazy,5,5,0
either_dead,5,5,0
as_smug,5,3,2
over_eager,5,5,0
very_dogmatic,5,5,0
especially_impressed,5,5,0
quite_apt,5,5,0
more_big,5,3,2
even_nutty,5,5,0
otherwise_upsetting,5,5,0
indeed_problematic,5,5,0
more_binding,5,1,4
too_proper,5,5,0
more_bureaucratic,5,5,0
very_arcane,5,4,1
ethically_justifiable,5,5,0
quite_horrid,5,3,2
often_full,5,5,0
actually_incapable,5,5,0
especially_unsettling,5,0,5
intensely_sweet,5,4,1
more_best,5,5,0
almost_available,5,5,0
ethically_troubling,5,4,1
genuinely_cool,5,3,2
quite_historic,5,1,4
especially_worth,5,2,3
incredibly_resistant,5,5,0
really_illegal,5,3,2
as_sloppy,5,2,3
quite_distressing,5,5,0
otherwise_weak,5,5,0
visually_strong,5,5,0
quietly_powerful,5,3,2
probably_harmless,5,4,1
quite_disconcerting,5,3,2
as_pertinent,5,4,1
actually_amazing,5,5,0
as_sordid,5,1,4
very_downbeat,5,5,0
really_imaginative,5,3,2
very_unproductive,5,4,1
really_nifty,5,3,2
quite_alluring,5,3,2
really_older,5,4,1
more_unlucky,5,4,1
as_strategic,5,3,2
quite_inspirational,5,3,2
really_magnificent,5,2,3
quite_convinced,5,5,0
really_heartbreaking,5,4,1
as_defenseless,5,2,3
really_mainstream,5,2,3
especially_delightful,5,2,3
quite_insecure,5,5,0
more_disinterested,5,5,0
over_anxious,5,5,0
even_nightmarish,5,5,0
often_hilarious,5,5,0
especially_talented,5,3,2
almost_natural,5,2,3
especially_necessary,5,5,0
as_queer,5,5,0
very_cosmic,5,3,2
as_partial,5,5,0
as_serene,5,5,0
especially_nasty,5,1,4
very_unforeseen,5,0,5
even_nihilistic,5,5,0
that_picky,5,2,3
essentially_equivalent,5,5,0
too_grumpy,5,5,0
intensely_political,5,5,0
even_absolute,5,5,0
especially_notable,5,2,3
really_luxurious,5,1,4
more_circumstantial,5,4,1
actually_challenging,5,5,0
very_connected,5,5,0
as_opulent,5,5,0
overly_clever,5,5,0
quite_constructive,5,4,1
more_clingy,5,5,0
quite_flavorful,5,4,1
especially_offensive,5,2,3
really_outdated,5,5,0
quite_flawed,5,5,0
incredibly_reassuring,5,1,4
especially_odd,5,0,5
as_stuck,5,5,0
quite_egregious,5,4,1
purposefully_misleading,5,5,0
too_groggy,5,5,0
that_straightforward,5,5,0
too_puffy,5,5,0
just_catchy,5,4,1
as_courteous,5,4,1
really_intent,5,5,0
quite_contemporary,5,3,2
very_unorthodox,5,3,2
essentially_simple,5,5,0
else_different,5,2,3
more_tremendous,5,3,2
just_clunky,5,5,0
quite_contrived,5,5,0
outright_poor,5,5,0
as_righteous,5,3,2
intentionally_discriminatory,5,5,0
quite_frequent,5,2,3
more_unscrupulous,5,4,1
just_contrary,5,5,0
especially_dry,5,5,0
undeniably_endearing,5,0,5
quite_amiss,5,2,3
probably_mad,5,5,0
especially_easy,5,4,1
more_dismal,5,3,2
quite_indifferent,5,5,0
twice_daily,5,5,0
quite_inconsistent,5,4,1
qualitatively_new,5,0,5
really_mediocre,5,5,0
especially_tragic,5,4,1
very_archaic,5,5,0
genuinely_enthusiastic,5,5,0
quite_incapable,5,5,0
quite_gentle,5,4,1
more_caustic,5,4,1
merely_instrumental,5,5,0
actively_detrimental,5,5,0
quite_giddy,5,5,0
too_incomprehensible,5,4,1
very_confrontational,5,3,2
especially_lovely,5,2,3
as_convinced,5,5,0
especially_tricky,5,3,2
really_noisy,5,4,1
very_cranky,5,5,0
as_pink,5,5,0
even_pagan,5,5,0
more_complacent,5,5,0
more_complementary,5,4,1
quite_daring,5,3,2
too_handsome,5,3,2
as_stoic,5,2,3
as_particular,5,4,1
quite_edgy,5,4,1
painfully_human,5,4,1
as_shady,5,3,2
quite_credible,5,4,1
especially_thankful,5,5,0
really_obscene,5,1,4
either_interested,5,5,0
outright_miserable,5,5,0
even_abrasive,5,5,0
overly_abundant,5,5,0
too_indecisive,5,5,0
more_unforeseen,5,4,1
as_pitiful,5,1,4
even_parallel,5,5,0
even_paradoxical,5,5,0
just_cozy,5,5,0
often_blind,5,5,0
really_hip,5,0,5
as_raunchy,5,4,1
really_historic,5,0,5
really_insignificant,5,4,1
even_non,5,5,0
intentionally_disingenuous,5,5,0
outright_dead,5,5,0
quite_inexperienced,5,3,2
very_contrary,5,2,3
even_naughty,5,4,1
as_yellow,5,5,0
quite_lavish,5,3,2
entirely_relative,5,4,1
too_comprehensive,5,5,0
empirically_verifiable,5,5,0
entirely_worth,5,4,1
entirely_wonderful,5,2,3
more_deranged,5,3,2
morally_distinguishable,5,4,1
actually_dry,5,5,0
empirically_wrong,5,5,0
morally_desirable,5,4,1
real_creative,5,3,2
most_agreeable,5,5,0
real_consistent,5,5,0
provably_wrong,5,4,1
rather_contentious,5,4,1
too_colourful,5,5,0
overly_narrow,5,5,0
morally_complex,5,4,1
otherwise_confusing,5,5,0
morally_appropriate,5,5,0
even_ecstatic,5,5,0
only_certain,5,4,1
unbearably_tragic,5,4,1
awesomely_good,5,4,1
real_careful,5,5,0
truly_uplifting,5,1,4
thoroughly_wet,5,5,0
entirely_unintended,5,4,1
entirely_yellow,5,5,0
real_cute,5,1,4
rather_classic,5,5,0
only_big,5,3,2
even_distinctive,5,5,0
thoroughly_unexpected,5,1,4
only_beautiful,5,4,1
even_distracting,5,5,0
real_exciting,5,1,4
profoundly_concerned,5,5,0
intrinsically_important,5,2,3
always_effective,5,5,0
most_aerodynamic,5,5,0
more_tastier,5,5,0
overly_wet,5,5,0
otherwise_direct,5,5,0
psychologically_dependent,5,5,0
too_conceivable,5,5,0
rather_careful,5,5,0
too_concrete,5,5,0
rather_careless,5,5,0
real_disappointed,5,4,1
rather_casual,5,3,2
only_bigger,5,2,3
overly_manipulative,5,5,0
too_concise,5,5,0
otherwise_derogatory,5,5,0
as_exhilarating,5,4,1
overly_masculine,5,5,0
automatically_wrong,5,4,1
too_clinical,5,5,0
very_definitive,5,2,3
too_particular,5,5,0
properly_qualified,5,4,1
entirely_strange,5,2,3
rather_elaborate,5,5,0
generally_new,5,4,1
entirely_speculative,5,5,0
intrinsically_related,5,4,1
mildly_depressing,5,2,3
fundamentally_ugly,5,2,3
fundamentally_un-american,5,1,4
too_charitable,5,5,0
as_false,5,2,3
most_conventional,5,5,0
rationally_ignorant,5,5,0
mildly_disappointed,5,5,0
entirely_superficial,5,5,0
otherwise_appealing,5,5,0
only_detectable,5,5,0
rather_exceptional,5,4,1
overly_ornate,5,5,0
rather_exclusive,5,3,2
even_incidental,5,5,0
thus_minded,5,5,0
too_caustic,5,5,0
barely_acceptable,5,5,0
very_discerning,5,5,0
overly_thin,5,5,0
unbelievably_cheap,5,5,0
almost_inexplicable,5,2,3
readily_capable,5,5,0
barely_awake,5,5,0
incredibly_tense,5,5,0
always_empty,5,5,0
rather_deeper,5,1,4
fundamentally_satisfying,5,0,5
too_classic,5,4,1
even_electrical,5,5,0
otherwise_close,5,5,0
too_civilized,5,4,1
most_american,5,4,1
overly_obnoxious,5,5,0
entirely_unconscious,5,5,0
endearingly_silly,5,4,1
too_chunky,5,4,1
even_eloquent,5,5,0
entirely_superfluous,5,5,0
rather_discouraging,5,5,0
otherwise_careless,5,5,0
unbelievably_awesome,5,2,3
actually_dumb,5,5,0
otherwise_burdensome,5,5,0
rather_dour,5,1,4
as_imperative,5,0,5
only_constant,5,5,0
rather_drastic,5,0,5
rather_dreary,5,5,0
readily_discernible,5,5,0
even_endless,5,4,1
even_distinct,5,5,0
otherwise_disinterested,5,5,0
almost_insignificant,5,3,2
visibly_annoyed,5,5,0
overtly_emotional,5,4,1
equally_captivating,5,5,0
almost_absurd,5,3,2
as_inoffensive,5,1,4
quite_worthwhile,5,4,1
overtly_critical,5,5,0
emotionally_significant,5,3,2
even_demeaning,5,5,0
even_interchangeable,5,5,0
indeed_desirable,5,5,0
real_similar,5,3,2
real_sick,5,4,1
as_innate,5,1,4
uncomfortably_high,5,3,2
equally_breathtaking,5,4,1
even_denser,5,4,1
publicly_accountable,5,4,1
emotionally_strong,5,5,0
meticulously_handmade,5,5,0
racially_different,5,5,0
very_dismissive,5,5,0
racially_discriminatory,5,5,0
generally_similar,5,5,0
more_telling,5,3,2
overly_impressed,5,5,0
very_cerebral,5,4,1
overly_hungry,5,5,0
unacceptably_poor,5,5,0
as_ingenious,5,1,4
all_vegan,5,4,1
even_inventive,5,5,0
otherwise_illegitimate,5,5,0
real_ugly,5,4,1
even_deceitful,5,5,0
even_invalid,5,5,0
emotionally_related,5,5,0
overly_hoppy,5,5,0
even_defective,5,5,0
very_cheeky,5,3,2
overtly_gay,5,5,0
metabolically_active,5,5,0
real_sweet,5,1,4
emotionally_rich,5,5,0
visually_distracting,5,5,0
once_unheard,5,0,5
indeed_willing,5,5,0
real_strong,5,1,4
actually_delicious,5,4,1
overly_humid,5,5,0
indeed_different,5,5,0
even_deleterious,5,5,0
equally_charming,5,3,2
real_strange,5,2,3
otherwise_helpful,5,5,0
equally_certain,5,5,0
actually_depressed,5,5,0
almost_intangible,5,0,5
as_infrequent,5,4,1
too_contentious,5,5,0
otherwise_easy,5,5,0
only_adequate,5,5,0
equally_active,5,5,0
fundamentally_incorrect,5,3,2
only_afraid,5,5,0
most_adamant,5,3,2
otherwise_egregious,5,5,0
too_peaceful,5,5,0
too_morbid,5,4,1
even_insensitive,5,5,0
most_adaptable,5,5,0
even_insecure,5,5,0
too_cosy,5,4,1
almost_instantaneous,5,5,0
equally_afraid,5,5,0
otherwise_dull,5,5,0
otherwise_dubious,5,5,0
overly_jealous,5,5,0
as_exhausting,5,5,0
otherwise_diverse,5,5,0
rather_astounding,5,1,4
most_courteous,5,5,0
more_creamy,5,3,2
psychologically_incapable,5,5,0
otherwise_dissatisfied,5,5,0
even_innocuous,5,4,1
rather_awful,5,2,3
uncomfortably_full,5,5,0
equally_aggressive,5,5,0
altogether_nonexistent,5,5,0
even_devoid,5,5,0
once_young,5,5,0
most_cruel,5,5,0
very_timeless,5,1,4
too_cursory,5,5,0
overtly_christian,5,4,1
most_absurd,5,5,0
equally_authoritative,5,3,2
morally_righteous,5,5,0
real_personal,5,2,3
mighty_good,5,4,1
otherwise_extreme,5,5,0
emotionally_unable,5,5,0
generally_rude,5,5,0
very_disillusioned,5,5,0
incredibly_surprised,5,5,0
automatically_better,5,5,0
most_acceptable,5,5,0
otherwise_exciting,5,5,0
visibly_disappointed,5,5,0
rapidly_fatal,5,5,0
even_dire,5,5,0
visibly_distraught,5,5,0
too_peculiar,5,4,1
intrinsically_exciting,5,0,5
morally_perfect,5,5,0
morally_ok,5,5,0
entirely_relevant,5,4,1
even_inaudible,5,5,0
even_affluent,5,5,0
otherwise_amusing,5,5,0
rather_modest,5,5,0
too_archaic,5,5,0
together_separate,5,4,1
rather_standard,5,5,0
rather_natural,5,3,2
entirely_dead,5,5,0
even_fuzzy,5,5,0
together_stronger,5,5,0
even_garish,5,4,1
only_subject,5,5,0
even_homophobic,5,5,0
as_grave,5,1,4
rather_speculative,5,5,0
miserably_unhappy,5,5,0
badly_flawed,5,4,1
too_obsessive,5,5,0
unbelievably_special,5,0,5
incredibly_unfair,5,5,0
entirely_contrary,5,2,3
generally_healthier,5,5,0
even_gimmicky,5,5,0
profoundly_retarded,5,5,0
rather_off-putting,5,4,1
even_glamorous,5,4,1
profoundly_reassuring,5,0,5
generally_hard,5,5,0
even_hispanic,5,5,0
rather_modern,5,5,0
only_mediocre,5,5,0
even_funky,5,5,0
most_calm,5,5,0
even_humiliating,5,5,0
only_little,5,5,0
rather_loose,5,4,1
only_viewable,5,5,0
only_viable,5,5,0
entirely_exempt,5,5,0
entirely_exclusive,5,5,0
even_frosty,5,5,0
even_humble,5,5,0
enormously_influential,5,5,0
rather_ludicrous,5,4,1
rather_sudden,5,5,0
too_oblique,5,5,0
rather_stiff,5,4,1
as_gross,5,1,4
rather_marvellous,5,3,2
too_outgoing,5,5,0
entirely_electric,5,5,0
overly_risky,5,5,0
rather_stylish,5,4,1
rather_stunning,5,1,4
as_fluid,5,1,4
rather_mechanical,5,4,1
most_carefree,5,5,0
moderately_amusing,5,2,3
rather_moderate,5,5,0
together_worth,5,5,0
only_nominal,5,5,0
mildly_sick,5,4,1
too_agreeable,5,5,0
altogether_deeper,5,0,5
rather_sceptical,5,5,0
too_acquainted,5,5,0
actually_feasible,5,5,0
profoundly_negative,5,5,0
profoundly_interesting,5,2,3
incredibly_unsettling,5,1,4
overly_showy,5,5,0
too_airy,5,4,1
profoundly_intimate,5,2,3
rather_risque,5,3,2
generally_friendly,5,5,0
rather_remote,5,4,1
as_freaky,5,1,4
truly_universal,5,3,2
rather_private,5,3,2
even_heartless,5,5,0
only_physical,5,4,1
almost_illegible,5,4,1
even_heartbreaking,5,5,0
generally_familiar,5,5,0
incredibly_unlikely,5,3,2
as_fussy,5,2,3
incredibly_unpleasant,5,4,1
rather_queer,5,4,1
only_preliminary,5,5,0
incredibly_unstable,5,2,3
even_groundbreaking,5,5,0
profoundly_powerful,5,0,5
very_digital,5,4,1
overly_sarcastic,5,5,0
as_golden,5,2,3
entirely_coherent,5,4,1
unbelievably_simple,5,1,4
even_gothic,5,5,0
only_short,5,3,2
awkwardly_silent,5,5,0
rather_sickening,5,4,1
rather_sick,5,2,3
mildly_successful,5,4,1
mildly_supportive,5,4,1
incredibly_upsetting,5,4,1
entirely_blind,5,5,0
visually_amazing,5,3,2
generally_difficult,5,5,0
truly_unlimited,5,5,0
even_gratuitous,5,5,0
minimally_painful,5,5,0
actually_flat,5,5,0
too_acceptable,5,5,0
incredibly_unusual,5,2,3
overly_shiny,5,5,0
most_charitable,5,5,0
very_tart,5,4,1
very_blase,5,5,0
profoundly_intelligent,5,2,3
entirely_factual,5,5,0
actually_evil,5,4,1
even_fresher,5,2,3
as_hokey,5,3,2
as_horrid,5,2,3
rather_unlucky,5,5,0
overly_tannic,5,4,1
rather_goofy,5,4,1
even_fanciful,5,5,0
moderately_satisfied,5,5,0
as_homey,5,1,4
even_fantastical,5,4,1
entirely_mundane,5,1,4
overly_talkative,5,5,0
rather_unfair,5,4,1
too_bitchy,5,5,0
even_fast,5,5,0
intensely_beautiful,5,3,2
entirely_man-made,5,4,1
even_favorite,5,5,0
almost_incredible,5,0,5
overly_preachy,5,5,0
rather_heroic,5,1,4
as_hectic,5,3,2
openly_violent,5,5,0
unbelievably_difficult,5,4,1
even_feminine,5,5,0
too_bent,5,5,0
even_feral,5,5,0
more_cyclical,5,3,2
rather_unorthodox,5,2,3
as_humane,5,5,0
very_derivative,5,4,1
as_fearful,5,4,1
entirely_refreshing,5,0,5
entirely_redundant,5,5,0
rather_fantastic,5,3,2
only_emotional,5,3,2
indeed_amiss,5,5,0
entirely_professional,5,4,1
too_carefree,5,5,0
rather_warm,5,4,1
too_candid,5,5,0
too_campy,5,4,1
even_impressed,5,5,0
unbelievably_cool,5,2,3
rather_useless,5,5,0
most_awful,5,4,1
too_buttery,5,5,0
even_impolite,5,5,0
as_idiosyncratic,5,1,4
even_expired,5,5,0
rather_unwilling,5,5,0
as_ideal,5,5,0
actually_empty,5,5,0
even_imperceptible,5,5,0
even_extravagant,5,5,0
prohibitively_slow,5,5,0
almost_hairless,5,5,0
almost_happy,5,5,0
incredibly_worth,5,5,0
rather_hostile,5,5,0
entirely_female,5,5,0
only_worthy,5,4,1
rather_intimate,5,3,2
rather_intimidating,5,5,0
rather_intuitive,5,2,3
openly_angry,5,5,0
more_summery,5,0,5
entirely_harmless,5,4,1
mildly_irritated,5,5,0
openly_accessible,5,5,0
only_young,5,5,0
rather_irrelevant,5,5,0
rather_irritating,5,4,1
always_essential,5,4,1
rather_jolly,5,3,2
rather_insistent,5,5,0
rather_keen,5,5,0
rather_lacking,5,3,2
only_worthwhile,5,4,1
rather_tentative,5,5,0
enormously_entertaining,5,5,0
awfully_small,5,5,0
only_wide,5,4,1
rather_technical,5,5,0
as_handy,5,4,1
unbelievably_high,5,5,0
almost_inaccessible,5,5,0
rather_likely,5,5,0
too_average,5,5,0
most_conducive,5,5,0
most_conscious,5,5,0
formally_interesting,5,4,1
as_hearty,5,5,0
even_fierce,5,4,1
mildly_inappropriate,5,2,3
overly_prominent,5,5,0
even_final,5,5,0
incredibly_true,5,4,1
intuitively_aware,5,5,0
incredibly_white,5,3,2
intuitively_clear,5,5,0
intensely_angry,5,5,0
too_overpriced,5,5,0
profoundly_unnatural,5,1,4
rather_independent,5,5,0
profoundly_un-american,5,0,5
even_fluent,5,5,0
always_fascinating,5,5,0
openly_dismissive,5,5,0
awfully_quiet,5,5,0
actually_equal,5,5,0
only_implicit,5,5,0
even_idealistic,5,5,0
moderately_healthy,5,2,3
too_overdone,5,5,0
rather_innovative,5,4,1
rather_thick,5,5,0
moderately_good,5,4,1
as_inspiring,5,5,0
once_sweet,5,4,1
too_minimalist,5,5,0
intrinsically_better,5,3,2
as_unknown,5,4,1
as_mindful,5,5,0
purely_optional,5,4,1
as_distracting,5,5,0
purely_opportunistic,5,5,0
as_unlikable,5,2,3
otherwise_stupid,5,4,1
even_medicinal,5,5,0
absurdly_low,5,5,0
as_distressing,5,5,0
too_limp,5,5,0
as_unnatural,5,2,3
equally_satisfied,5,5,0
even_benevolent,5,5,0
fully_mobile,5,5,0
as_merciless,5,3,2
otherwise_slippery,5,5,0
as_unorthodox,5,0,5
even_mean,5,5,0
as_unprecedented,5,1,4
as_unprepared,5,5,0
even_mature,5,5,0
probably_scared,5,5,0
intensely_meaningful,5,1,4
more_venerable,5,5,0
quite_prepared,5,4,1
often_superior,5,5,0
as_mindless,5,1,4
very_collectible,5,5,0
quite_playable,5,5,0
often_right,5,5,0
purely_platonic,5,5,0
even_awake,5,5,0
more_steadfast,5,3,2
equally_spectacular,5,2,3
overly_demonstrative,5,5,0
as_misunderstood,5,5,0
often_reluctant,5,4,1
otherwise_threatening,5,5,0
otherwise_terrible,5,5,0
often_responsible,5,5,0
fully_involved,5,3,2
as_uniform,5,3,2
equally_soft,5,1,4
too_flippant,5,4,1
else_unable,5,5,0
even_metaphorical,5,3,2
more_vain,5,4,1
more_valiant,5,4,1
too_flowery,5,4,1
basically_different,5,3,2
actually_ill,5,4,1
equally_shocking,5,3,2
as_uninformed,5,5,0
really_eerie,5,1,4
merely_quaint,5,5,0
purely_partisan,5,5,0
as_unreachable,5,3,2
quite_prescient,5,5,0
quite_present,5,5,0
intensely_itchy,5,5,0
basically_bisexual,5,5,0
quite_red,5,5,0
very_attainable,5,5,0
embarrassingly_low,5,4,1
merely_ridiculous,5,4,1
even_lyrical,5,5,0
more_anemic,5,5,0
even_luxurious,5,5,0
just_astounding,5,3,2
even_bright,5,5,0
very_custom,5,3,2
more_constant,5,2,3
quite_relieved,5,5,0
more_angelic,5,3,2
quite_religious,5,5,0
really_deadly,5,1,4
just_astonished,5,5,0
too_farfetched,5,3,2
equally_pathetic,5,2,3
merely_sad,5,5,0
otherwise_reluctant,5,5,0
more_androgynous,5,4,1
very_trite,5,4,1
quite_revealing,5,4,1
equally_optimistic,5,5,0
equally_open,5,5,0
even_brief,5,5,0
as_unwieldy,5,1,4
quite_pretentious,5,5,0
quite_pungent,5,5,0
very_turbulent,5,5,0
as_unreliable,5,2,3
overwhelmingly_important,5,2,3
overwhelmingly_good,5,3,2
otherwise_secure,5,5,0
more_steep,5,5,0
quite_protective,5,5,0
too_finite,5,5,0
really_direct,5,2,3
too_finicky,5,4,1
quite_prudent,5,5,0
embarrassingly_easy,5,5,0
quite_pure,5,0,5
really_dependent,5,5,0
just_autistic,5,5,0
indeed_important,5,5,0
as_draconian,5,2,3
too_fierce,5,5,0
freakishly_tall,5,5,0
altogether_unknown,5,3,2
otherwise_rude,5,5,0
otherwise_rubbish,5,5,0
freakishly_strong,5,5,0
quite_reactionary,5,5,0
purely_interested,5,5,0
very_cocky,5,3,2
freely_usable,5,5,0
even_militant,5,5,0
even_australian,5,5,0
else_lower,5,3,2
really_freakin,5,3,2
really_foul,5,1,4
basically_healthy,5,5,0
quite_meaningless,5,4,1
as_touchy,5,0,5
merely_permissible,5,5,0
as_determined,5,5,0
ultimately_fatal,5,4,1
as_tranquil,5,4,1
as_nerdy,5,2,3
quite_mellow,5,5,0
quite_menacing,5,3,2
fully_equal,5,5,0
really_frightened,5,5,0
even_anonymous,5,5,0
quite_miserable,5,4,1
overly_convoluted,5,5,0
quite_mistaken,5,5,0
as_musical,5,3,2
as_troubling,5,5,0
even_mournful,5,4,1
quite_monotonous,5,5,0
really_fit,5,4,1
more_conductive,5,5,0
as_muscular,5,5,0
equally_unknown,5,5,0
as_newsworthy,5,3,2
as_tiresome,5,5,0
really_filthy,5,3,2
very_compliant,5,5,0
purely_voluntary,5,4,1
as_noxious,5,1,4
very_watchful,5,5,0
really_girly,5,1,4
even_african,5,5,0
as_synonymous,5,5,0
more_autocratic,5,3,2
as_taboo,5,1,4
quite_likable,5,5,0
always_dark,5,5,0
as_nostalgic,5,4,1
really_geeky,5,0,5
even_agricultural,5,5,0
equally_wise,5,5,0
actively_aggressive,5,5,0
more_australian,5,3,2
probably_negative,5,5,0
else_imaginable,5,0,5
as_tenuous,5,2,3
interminably_long,5,5,0
as_depraved,5,2,3
as_terrific,5,2,3
really_functional,5,3,2
fully_different,5,1,4
even_alternate,5,5,0
more_unwanted,5,3,2
overwhelmingly_strong,5,5,0
equally_uninteresting,5,1,4
quite_pale,5,5,0
quite_opaque,5,5,0
overly_curious,5,5,0
purely_reactive,5,5,0
often_painful,5,4,1
equally_tragic,5,5,0
often_perplexing,5,5,0
equally_toxic,5,4,1
as_underrated,5,5,0
too_powerless,5,4,1
internally_coherent,5,5,0
altogether_wonderful,5,0,5
really_exhausting,5,4,1
really_exhausted,5,5,0
too_fractious,5,5,0
else_remarkable,5,1,4
frequently_absent,5,5,0
almost_dangerous,5,2,3
fully_immersive,5,4,1
most_dishonest,5,5,0
equally_sweet,5,3,2
equally_suspect,5,5,0
as_uneven,5,1,4
quite_overpowering,5,5,0
more_congested,5,5,0
often_prone,5,4,1
even_audacious,5,4,1
even_audible,5,5,0
really_experimental,5,4,1
often_overwhelming,5,5,0
visually_remarkable,5,3,2
even_apt,5,5,0
as_diabolical,5,3,2
even_apologetic,5,5,0
just_bonkers,5,5,0
most_distinctive,5,5,0
all_undetectable,5,5,0
equally_unimportant,5,5,0
really_fashionable,5,3,2
as_multifaceted,5,2,3
otherwise_unconventional,5,5,0
ultimately_harmful,5,5,0
even_apprehensive,5,5,0
as_unavoidable,5,2,3
just_blurry,5,5,0
otherwise_unbalanced,5,5,0
as_unbelievable,5,3,2
really_fake,5,5,0
even_monumental,5,5,0
equally_unappealing,5,4,1
very_stressed,5,5,0
even_moist,5,5,0
too_precarious,5,5,0
frequently_available,5,5,0
equally_ugly,5,4,1
quite_numerous,5,5,0
most_distant,5,5,0
really_explosive,5,1,4
otherwise_recognizable,5,5,0
as_vigilant,5,5,0
very_trippy,5,3,2
really_ashamed,5,4,1
even_contentious,5,5,0
too_durable,5,5,0
equally_fine,5,5,0
as_jealous,5,5,0
always_doomed,5,5,0
otherwise_irresponsible,5,5,0
as_jarring,5,4,1
overly_full,5,5,0
functionally_insane,5,5,0
quite_unacceptable,5,3,2
equally_fabulous,5,1,4
otherwise_invisible,5,5,0
more_actual,5,2,3
too_dynamic,5,5,0
actually_healthier,5,5,0
equally_exotic,5,2,3
even_corny,5,5,0
quite_unconscious,5,5,0
astoundingly_good,5,5,0
more_terrific,5,3,2
emotionally_expressive,5,4,1
too_distasteful,5,4,1
incredibly_stimulating,5,3,2
really_approachable,5,5,0
really_apprehensive,5,5,0
indescribably_satisfying,5,0,5
more_adjacent,5,5,0
thoroughly_corrupt,5,5,0
too_disrespectful,5,4,1
quite_temporary,5,5,0
emotionally_capable,5,5,0
too_eloquent,5,5,0
emotionally_cathartic,5,5,0
even_conceptual,5,5,0
too_elitist,5,5,0
more_warmer,5,5,0
quite_tart,5,5,0
quite_tasteless,5,4,1
really_blatant,5,4,1
too_elderly,5,5,0
probably_worried,5,5,0
almost_last,5,4,1
incredibly_spicy,5,2,3
quite_tolerant,5,5,0
equally_grateful,5,5,0
virtually_unlimited,5,5,0
indeed_fine,5,5,0
just_aghast,5,5,0
quite_thankful,5,5,0
quite_theoretical,5,5,0
purely_conceptual,5,5,0
indeed_vegan,5,5,0
barely_playable,5,5,0
equally_fresh,5,2,3
otherwise_legitimate,5,5,0
otherwise_legal,5,4,1
uncomfortably_intimate,5,5,0
quite_unflattering,5,5,0
otherwise_misunderstood,5,5,0
quite_upbeat,5,5,0
quite_unseemly,5,4,1
equally_detrimental,5,4,1
barely_identifiable,5,3,2
even_curly,5,5,0
quite_unsure,5,5,0
as_international,5,3,2
overly_hard,5,3,2
emotionally_laden,5,5,0
quite_unthinkable,5,1,4
as_interactive,5,4,1
even_cyclical,5,5,0
equally_delusional,5,4,1
incredibly_stunning,5,4,1
equally_disappointed,5,5,0
really_adamant,5,5,0
viscerally_thrilling,5,3,2
even_damning,5,5,0
as_instrumental,5,4,1
almost_essential,5,5,0
even_irreplaceable,5,5,0
very_backward,5,5,0
merely_wishful,5,5,0
quite_verbose,5,5,0
equally_cruel,5,3,2
almost_exact,5,5,0
athletically_inclined,5,5,0
just_accurate,5,5,0
too_persuasive,5,5,0
equally_enchanting,5,4,1
emotionally_ill,5,5,0
quite_unfortunate,5,4,1
quite_unfriendly,5,5,0
virtually_zero,5,5,0
emotionally_handicapped,5,4,1
most_definitive,5,5,0
equally_dynamic,5,3,2
equally_durable,5,2,3
otherwise_insufficient,5,5,0
more_cordial,5,5,0
overtly_negative,5,3,2
otherwise_innocuous,5,3,2
otherwise_influential,5,5,0
most_decadent,5,5,0
too_disappointing,5,5,0
purely_artistic,5,5,0
viscerally_exciting,5,4,1
intensely_flavorful,5,5,0
purely_arbitrary,5,5,0
really_alone,5,4,1
emotionally_important,5,3,2
really_alluring,5,0,5
as_enticing,5,4,1
uncomfortably_honest,5,5,0
fundamentally_american,5,0,5
emotionally_insecure,5,5,0
ultra_rare,5,4,1
otherwise_missing,5,5,0
overly_flowery,5,5,0
fully_ripe,5,5,0
overly_excitable,5,5,0
indeed_happy,5,5,0
genetically_defective,5,5,0
quite_shaky,5,5,0
even_loose,5,5,0
intimately_close,5,4,1
overwhelmingly_complex,5,4,1
most_devout,5,5,0
uncomfortably_warm,5,5,0
almost_alive,5,1,4
as_well-known,5,2,3
equally_long,5,4,1
eminently_forgettable,5,5,0
as_economical,5,5,0
even_characteristic,5,5,0
once_active,5,3,2
overwhelmingly_busy,5,5,0
too_expressive,5,5,0
too_explosive,5,5,0
very_austere,5,5,0
eminently_listenable,5,4,1
really_commercial,5,3,2
equally_lethal,5,5,0
quite_singular,5,0,5
equally_large,5,1,4
mind-numbingly_dull,5,5,0
merely_superficial,5,5,0
otherwise_profitable,5,5,0
more_thin,5,4,1
more_vitriolic,5,4,1
fully_secure,5,5,0
often_violent,5,4,1
equally_nonsensical,5,2,3
more_amused,5,5,0
quite_rural,5,4,1
there_better,5,2,3
incredibly_sinister,5,0,5
virtually_devoid,5,5,0
purely_handmade,5,5,0
merely_silent,5,5,0
quite_salty,5,5,0
just_applicable,5,5,0
quite_sceptical,5,5,0
truly_unaware,5,5,0
indeed_hard,5,5,0
more_sticky,5,5,0
virtually_extinct,5,5,0
equally_miraculous,5,2,3
quite_secular,5,5,0
indeed_unique,5,5,0
more_thirsty,5,5,0
there_early,5,5,0
virtually_flawless,5,5,0
basically_afraid,5,5,0
quite_senior,5,2,3
as_wasteful,5,4,1
too_lush,5,3,2
eminently_practical,5,3,2
altogether_surprising,5,0,5
equally_healthy,5,3,2
indeed_funny,5,5,0
purely_domestic,5,5,0
purely_digital,5,5,0
visually_enticing,5,4,1
more_voracious,5,4,1
equally_incompetent,5,3,2
equally_incapable,5,3,2
indeed_useful,5,5,0
equally_impossible,5,3,2
equally_implausible,5,4,1
probably_untrue,5,5,0
more_contrary,5,4,1
as_emotive,5,2,3
more_contrasting,5,1,4
very_authoritative,5,4,1
really_broad,5,5,0
actually_high,5,5,0
equally_hot,5,3,2
emotionally_aware,5,5,0
more_controlled,5,4,1
even_compassionate,5,5,0
quite_susceptible,5,5,0
even_complacent,5,4,1
just_alien,5,5,0
really_bothersome,5,3,2
more_aerodynamic,5,4,1
even_later,5,5,0
as_lighthearted,5,2,3
too_evasive,5,4,1
otherwise_personal,5,4,1
virtually_intact,5,5,0
too_magical,5,5,0
indeed_good,5,5,0
intensely_important,5,4,1
too_experienced,5,5,0
as_literate,5,4,1
quite_smelly,5,5,0
quite_smitten,5,5,0
as_egotistical,5,3,2
very_treacherous,5,5,0
quite_social,5,5,0
even_claustrophobic,5,5,0
once_close,5,2,3
very_australian,5,1,4
more_voluntary,5,4,1
accidentally_racist,5,3,2
all_unknown,5,5,0
barely_tolerable,5,4,1
as_linear,5,3,2
intimately_knowledgeable,5,2,3
quite_specialized,5,5,0
really_chic,5,1,4
quite_spiritual,5,3,2
even_lifeless,5,5,0
overtly_supportive,5,5,0
quite_stark,5,3,2
more_alarmed,5,5,0
genuinely_horrifying,5,3,2
diametrically_different,5,3,2
oddly_uplifting,5,1,4
also_exciting,5,3,2
slightly_happy,5,5,0
wildly_impractical,5,5,0
kinda_nice,5,3,2
inexplicably_magical,5,1,4
truly_fair,5,4,1
always_scared,5,5,0
less_opaque,5,2,3
very_posh,5,5,0
innately_valuable,5,3,2
less_bleak,5,4,1
extremely_petty,5,4,1
powerfully_evocative,5,2,3
less_open-minded,5,5,0
less_bizarre,5,1,4
n't_reflective,5,5,0
deeply_evocative,5,5,0
completely_misguided,5,5,0
more_hybrid,5,2,3
particularly_scary,5,3,2
not_edgy,5,5,0
deeply_entrenched,5,4,1
very_jumpy,5,5,0
solidly_conservative,5,4,1
slightly_hairy,5,5,0
apparently_unconscious,5,5,0
deeply_ignorant,5,5,0
particularly_remarkable,5,3,2
slightly_fearful,5,5,0
n't_prone,5,5,0
practically_important,5,5,0
plain_aggravating,5,5,0
excessively_sweet,5,5,0
tragically_ironic,5,3,2
less_bored,5,5,0
not_endangered,5,5,0
less_bombastic,5,1,4
deeply_hypocritical,5,1,4
slightly_green,5,4,1
highly_humid,5,5,0
particularly_revelatory,5,5,0
deeply_hurt,5,5,0
fairly_interchangeable,5,5,0
completely_live,5,5,0
kinda_mysterious,5,5,0
solidly_profitable,5,5,0
n't_rational,5,5,0
completely_loyal,5,5,0
kinda_neat,5,3,2
unnecessarily_long,5,4,1
potentially_unstable,5,5,0
still_impossible,5,5,0
potentially_similar,5,4,1
highly_insecure,5,5,0
deeply_cultural,5,2,3
exclusively_heterosexual,5,5,0
particularly_sinister,5,1,4
slightly_metallic,5,3,2
very_plentiful,5,4,1
potentially_suicidal,5,5,0
inherently_noble,5,1,4
already_reluctant,5,5,0
potentially_sinister,5,2,3
utterly_unprecedented,5,0,5
completely_nasty,5,3,2
utterly_baffling,5,4,1
still_identifiable,5,5,0
very_plastic,5,5,0
deeply_conscious,5,5,0
fairly_irrelevant,5,5,0
about_normal,5,5,0
still_ill,5,4,1
still_immature,5,5,0
less_bearable,5,5,0
supposedly_free,5,2,3
potentially_susceptible,5,5,0
deeply_damaging,5,4,1
completely_mistaken,5,5,0
slightly_lacking,5,4,1
completely_moot,5,5,0
less_big,5,3,2
innately_talented,5,5,0
more_hypothetical,5,2,3
however_modest,5,2,3
potentially_unpopular,5,5,0
always_selfish,5,5,0
deeply_disturbed,5,2,3
deeply_distressing,5,4,1
very_pompous,5,3,2
also_entertaining,5,4,1
logically_related,5,5,0
extremely_peculiar,5,0,5
potentially_troubling,5,2,3
slightly_lesser,5,3,2
incredibly_attentive,5,5,0
deeply_disconcerting,5,2,3
deeply_different,5,4,1
slightly_louder,5,5,0
potentially_tragic,5,4,1
not_dramatic,5,5,0
utterly_baseless,5,5,0
longer_attractive,5,5,0
also_fabulous,5,5,0
longer_aware,5,5,0
highly_essential,5,4,1
extremely_profound,5,0,5
slightly_bloody,5,5,0
less_catastrophic,5,3,2
excessively_loud,5,5,0
insanely_brilliant,5,4,1
somehow_important,5,5,0
slightly_boring,5,5,0
deeply_primal,5,1,4
more_hefty,5,3,2
deeply_pragmatic,5,4,1
all_cool,5,4,1
less_objective,5,3,2
highly_exaggerated,5,4,1
unnecessarily_aggressive,5,4,1
slightly_chunky,5,5,0
highly_excited,5,5,0
tremendously_beneficial,5,3,2
insanely_beautiful,5,3,2
wildly_extravagant,5,5,0
somehow_illegitimate,5,5,0
very_prosaic,5,3,2
less_cartoonish,5,1,4
very_psyched,5,5,0
not_female,5,5,0
supremely_powerful,5,4,1
deeply_sentimental,5,2,3
wildly_disproportionate,5,5,0
slightly_ambiguous,5,5,0
deeply_silly,5,3,2
wildly_diverse,5,5,0
deeply_sickening,5,1,4
tremendously_comforting,5,1,4
still_forthcoming,5,5,0
completely_implausible,5,4,1
highly_educational,5,5,0
fairly_indifferent,5,5,0
completely_inane,5,2,3
deeply_respectful,5,5,0
n't_physical,5,5,0
slightly_angled,5,4,1
surprisingly_bad,5,5,0
insanely_complex,5,4,1
highly_elaborate,5,5,0
slightly_apprehensive,5,5,0
deeply_saddening,5,3,2
completely_incoherent,5,3,2
longer_helpful,5,5,0
vaguely_pleasant,5,2,3
more_potential,5,4,1
completely_inert,5,4,1
amazingly_easy,5,5,0
extremely_political,5,4,1
slightly_disgraceful,5,0,5
slightly_disingenuous,5,3,2
almost_unavoidable,5,3,2
deeply_lacking,5,2,3
more_homogeneous,5,5,0
inordinately_pleased,5,5,0
completely_invalid,5,5,0
not_everyday,5,5,0
supremely_stupid,5,1,4
almost_unbeatable,5,5,0
deeply_interwoven,5,5,0
somehow_free,5,5,0
less_odious,5,2,3
all_involved,5,5,0
slightly_effective,5,5,0
kinda_lame,5,5,0
incredibly_banal,5,3,2
practically_irrelevant,5,5,0
slightly_envious,5,5,0
wonderfully_normal,5,5,0
more_horizontal,5,3,2
more_horny,5,5,0
very_feeble,5,5,0
already_proficient,5,5,0
deeply_loving,5,3,2
unnecessarily_costly,5,5,0
excessively_noisy,5,5,0
predominantly_female,5,4,1
predominantly_christian,5,5,0
deeply_offended,5,5,0
deeply_odd,5,3,2
surely_happy,5,5,0
more_practicable,5,2,3
slightly_crooked,5,5,0
slightly_cruel,5,4,1
aggressively_hostile,5,5,0
always_rosy,5,5,0
much_accurate,5,5,0
precisely_detailed,5,5,0
infinitely_variable,5,5,0
wonderfully_old,5,0,5
truly_mysterious,5,1,4
completely_internal,5,3,2
not_expired,5,5,0
practically_worthless,5,4,1
wildly_fun,5,2,3
very_pro,5,5,0
more_mind-boggling,5,2,3
highly_intolerant,5,5,0
longer_new,5,4,1
so_aggravating,5,5,0
most_real,5,5,0
explicitly_violent,5,5,0
particularly_unlucky,5,4,1
decidedly_dark,5,5,0
truly_magic,5,1,4
extremely_motivated,5,5,0
particularly_unsettling,5,1,4
so_adult,5,2,3
potentially_contentious,5,5,0
super_strict,5,5,0
largely_autonomous,5,5,0
totally_interesting,5,2,3
potentially_confusing,5,5,0
highly_pragmatic,5,4,1
so_alert,5,5,0
super_stiff,5,4,1
completely_resistant,5,5,0
still_manual,5,5,0
exponentially_greater,5,3,2
so_youthful,5,1,4
super_sporty,5,4,1
super_spiritual,5,3,2
so_acrimonious,5,5,0
so_acidic,5,3,2
not_controllable,5,5,0
totally_worthy,5,3,2
slightly_weak,5,5,0
super_thrilled,5,5,0
even_perpendicular,5,5,0
almost_unnatural,5,0,5
not_curvy,5,5,0
slightly_wobbly,5,5,0
literally_scared,5,5,0
potentially_discriminatory,5,5,0
particularly_ugly,5,3,2
explicitly_related,5,3,2
not_cruel,5,4,1
unquestionably_true,5,5,0
mostly_tender,5,5,0
highly_pertinent,5,4,1
completely_relatable,5,5,0
particularly_unexpected,5,3,2
however_difficult,5,2,3
so_abnormal,5,4,1
so_abrupt,5,5,0
so_absent,5,4,1
completely_relative,5,3,2
fairly_lightweight,5,4,1
potentially_bigger,5,0,5
highly_principled,5,5,0
totally_important,5,3,2
super_religious,5,5,0
more_indigenous,5,3,2
boldly_colourful,5,5,0
so_wooden,5,5,0
all_helpful,5,5,0
more_predominant,5,5,0
so_badass,5,4,1
super_rewarding,5,3,2
highly_rational,5,1,4
so_barren,5,4,1
completely_scalable,5,5,0
mostly_straight,5,5,0
usually_willing,5,5,0
highly_receptive,5,5,0
highly_recommendable,5,3,2
super_receptive,5,5,0
so_wobbly,5,5,0
innately_curious,5,4,1
super_real,5,4,1
completely_seamless,5,5,0
deathly_dull,5,5,0
wildly_original,5,3,2
likely_worse,5,5,0
super_salty,5,4,1
highly_public,5,5,0
highly_private,5,5,0
particularly_vocal,5,5,0
apparently_present,5,5,0
highly_prized,5,4,1
potentially_beautiful,5,2,3
deceptively_straightforward,5,5,0
deceptively_small,5,5,0
super_social,5,5,0
literally_breathtaking,5,4,1
so_apologetic,5,5,0
more_incumbent,5,5,0
falsely_positive,5,4,1
particularly_volatile,5,5,0
largely_concerned,5,5,0
super_sick,5,4,1
super_shy,5,5,0
vaguely_menacing,5,3,2
super_sharp,5,5,0
incredibly_absurd,5,2,3
literally_afraid,5,5,0
potentially_aggressive,5,5,0
less_appalling,5,1,4
completely_romantic,5,2,3
largely_compliant,5,5,0
less_arduous,5,2,3
most_rare,5,4,1
super_tiny,5,4,1
plain_cheesy,5,5,0
slightly_rectangular,5,5,0
apparently_supernatural,5,4,1
little_unpredictable,5,4,1
highly_literary,5,5,0
traditionally_male,5,2,3
very_juvenile,5,4,1
slightly_reminiscent,5,2,3
socially_mobile,5,5,0
slightly_repetitive,5,5,0
more_imminent,5,4,1
fairly_knowledgeable,5,4,1
plain_brilliant,5,5,0
super_wearable,5,5,0
slightly_rusty,5,5,0
super_wealthy,5,5,0
extremely_oily,5,5,0
potentially_likely,5,5,0
still_insufficient,5,5,0
socially_marginalised,5,5,0
not_devoid,5,5,0
socially_isolated,5,5,0
slightly_sexy,5,3,2
slightly_quicker,5,3,2
impossibly_hard,5,5,0
slightly_visible,5,5,0
kinda_small,5,5,0
very_pivotal,5,5,0
deeply_cathartic,5,1,4
slightly_offbeat,5,2,3
still_inaccessible,5,5,0
slightly_oily,5,5,0
slightly_opaque,5,5,0
slightly_outrageous,5,5,0
deeply_bitter,5,5,0
slightly_overpriced,5,4,1
slightly_overwhelming,5,4,1
superficially_attractive,5,4,1
deeply_alarming,5,3,2
socially_related,5,5,0
inherently_nostalgic,5,0,5
impossibly_gorgeous,5,4,1
highly_irresponsible,5,5,0
about_nostalgia,5,5,0
wonderfully_inventive,5,5,0
super_wrong,5,4,1
vaguely_obscene,5,1,4
super_windy,5,5,0
excruciatingly_boring,5,5,0
particularly_stylish,5,4,1
traditionally_conservative,5,4,1
highly_meaningful,5,4,1
still_less,5,5,0
highly_noticeable,5,4,1
highly_nuanced,5,5,0
still_lazy,5,5,0
more_mesmerising,5,5,0
explicitly_erotic,5,5,0
n't_solvable,5,5,0
slightly_troubling,5,2,3
potentially_full,5,4,1
slightly_undulating,5,5,0
extremely_negligent,5,5,0
completely_racist,5,3,2
less_paranoid,5,5,0
not_debatable,5,4,1
very_perilous,5,4,1
slightly_unhappy,5,5,0
n't_sorry,5,5,0
highly_optimistic,5,5,0
less_pathetic,5,2,3
slightly_unpleasant,5,3,2
perfectly_swell,5,5,0
particularly_timely,5,3,2
particularly_toxic,5,5,0
also_dry,5,5,0
potentially_greater,5,5,0
utterly_alone,5,5,0
slightly_suspect,5,3,2
slightly_silly,5,2,3
exorbitantly_high,5,5,0
potentially_inappropriate,5,5,0
impossibly_large,5,3,2
slightly_smarter,5,2,3
slightly_softer,5,1,4
totally_individual,5,2,3
most_puzzling,5,4,1
particularly_suspicious,5,4,1
slightly_sticky,5,4,1
socially_embarrassing,5,3,2
socially_dysfunctional,5,4,1
particularly_tall,5,5,0
completely_portable,5,5,0
impossibly_long,5,5,0
completely_powerless,5,4,1
potentially_hilarious,5,4,1
n't_small,5,5,0
most_racist,5,5,0
not_delinquent,5,5,0
already_satisfied,5,5,0
slightly_alarming,5,5,0
completely_impartial,5,4,1
exquisitely_sensitive,5,5,0
uniquely_new,5,0,5
deliberately_obscure,5,5,0
just_unthinkable,5,4,1
simply_inquisitive,5,5,0
wonderfully_real,5,3,2
not_infallible,5,5,0
manifestly_wrong,5,4,1
deliberately_malicious,5,5,0
sometimes_dark,5,5,0
still_easier,5,5,0
just_unused,5,5,0
chronically_absent,5,5,0
surprisingly_poignant,5,5,0
completely_dull,5,3,2
sometimes_complicated,5,5,0
simply_irresistible,5,3,2
sometimes_complete,5,5,0
simply_juvenile,5,5,0
simply_lacking,5,5,0
very_harmonious,5,4,1
simply_late,5,5,0
deliberately_hurtful,5,4,1
exceptionally_knowledgeable,5,5,0
simply_inherent,5,5,0
just_unstable,5,5,0
all_cold,5,5,0
not_instantaneous,5,5,0
just_unreasonable,5,5,0
surprisingly_recent,5,4,1
still_due,5,5,0
not_interactive,5,5,0
uniquely_jewish,5,1,4
just_unresponsive,5,5,0
just_unsatisfied,5,5,0
completely_disorganized,5,5,0
exceptionally_fun,5,3,2
extremely_explicit,5,5,0
utterly_unfamiliar,5,1,4
simply_indicative,5,5,0
pretty_diverse,5,5,0
completely_dissatisfied,5,5,0
simply_inconceivable,5,4,1
not_inspiring,5,5,0
n't_involved,5,5,0
simply_inconsistent,5,5,0
more_murderous,5,4,1
not_innovative,5,4,1
just_unsettling,5,4,1
pretty_distinct,5,5,0
inexplicably_bad,5,4,1
widely_familiar,5,4,1
simply_possible,5,5,0
just_vulgar,5,5,0
sometimes_angry,5,5,0
totally_disinterested,5,3,2
extremely_rigorous,5,4,1
extremely_right,5,4,1
not_idyllic,5,5,0
simply_overrated,5,5,0
sometimes_absent,5,4,1
definitely_worse,5,5,0
simply_paranoid,5,5,0
exceptionally_pleased,5,5,0
very_regimented,5,5,0
physically_perfect,5,5,0
completely_exciting,5,1,4
exceptionally_positive,5,4,1
mainly_related,5,4,1
very_regal,5,2,3
pretty_cranky,5,5,0
still_elusive,5,5,0
very_exuberant,5,3,2
most_pious,5,5,0
simply_political,5,5,0
completely_exhausting,5,5,0
simply_opportunistic,5,5,0
uniquely_refreshing,5,0,5
simply_ludicrous,5,5,0
simply_mundane,5,5,0
sometimes_cheaper,5,5,0
more_much,5,5,0
sometimes_brown,5,5,0
simply_mediocre,5,5,0
inherently_lazy,5,4,1
deliberately_destructive,5,5,0
highly_academic,5,4,1
appropriately_enough,5,4,1
n't_logical,5,5,0
exceptionally_nice,5,5,0
manifestly_false,5,4,1
actually_unsafe,5,5,0
manifestly_excessive,5,5,0
simply_natural,5,5,0
tremendously_interesting,5,2,3
simply_nervous,5,5,0
vaguely_religious,5,1,4
most_pertinent,5,5,0
sometimes_bad,5,5,0
simply_nonsense,5,5,0
totally_digital,5,5,0
simply_numb,5,5,0
surprisingly_receptive,5,5,0
vaguely_sexual,5,1,4
pretty_dynamic,5,3,2
very_expert,5,2,3
pretty_faithful,5,5,0
exceptionally_charming,5,2,3
surprisingly_straightforward,5,5,0
totally_charming,5,3,2
not_little,5,4,1
deliciously_satisfying,5,0,5
not_literate,5,5,0
sometimes_harmful,5,5,0
exceptionally_close,5,5,0
just_unfunny,5,5,0
simply_disorganized,5,5,0
exceptionally_challenging,5,5,0
about_identical,5,5,0
simply_distracting,5,5,0
bit_strange,5,5,0
just_unhelpful,5,5,0
simply_due,5,5,0
simply_dull,5,5,0
markedly_absent,5,5,0
particularly_irritating,5,1,4
pretty_exceptional,5,2,3
pretty_evil,5,4,1
deliciously_sinister,5,1,4
perhaps_concerned,5,5,0
more_routine,5,0,5
simply_childish,5,5,0
simply_best,5,5,0
simply_bitter,5,5,0
simply_blank,5,5,0
simply_blue,5,5,0
massively_entertaining,5,5,0
more_same,5,5,0
surprisingly_tricky,5,5,0
completely_customisable,5,5,0
not_malevolent,5,5,0
much_conscious,5,4,1
completely_daunting,5,5,0
surprisingly_substantial,5,5,0
pretty_fierce,5,4,1
tremendously_wrong,5,2,3
extremely_shocking,5,4,1
pretty_fearless,5,5,0
very_reverent,5,5,0
hella_good,5,5,0
perhaps_confused,5,5,0
simply_creepy,5,5,0
exceptionally_brutal,5,5,0
exceptionally_busy,5,5,0
completely_dependant,5,5,0
marginally_worse,5,5,0
simply_embarrassed,5,5,0
already_new,5,4,1
very_exquisite,5,2,3
simply_fresh,5,5,0
still_doable,5,5,0
deliciously_dark,5,2,3
completely_destitute,5,4,1
completely_destructive,5,3,2
simply_generic,5,5,0
not_jealous,5,5,0
very_intolerant,5,4,1
not_japanese,5,4,1
tremendously_significant,5,2,3
simply_enormous,5,5,0
perhaps_close,5,4,1
completely_disappointed,5,4,1
not_irrelevant,5,5,0
surprisingly_relevant,5,4,1
just_unpredictable,5,5,0
just_unprepared,5,5,0
sometimes_enough,5,5,0
not_ironic,5,5,0
far_worst,5,2,3
uniquely_individual,5,2,3
particularly_knowledgeable,5,5,0
simply_forgetful,5,5,0
n't_insane,5,5,0
simply_foolish,5,5,0
much_comfortable,5,5,0
surprisingly_slow,5,5,0
very_restful,5,2,3
just_uninspired,5,5,0
exceptionally_creative,5,4,1
very_exploratory,5,5,0
marginally_significant,5,5,0
simply_expedient,5,5,0
particularly_jarring,5,3,2
simply_fabulous,5,5,0
sometimes_good,5,5,0
deliciously_fresh,5,5,0
not_last,5,5,0
very_respected,5,3,2
marginally_relevant,5,4,1
deliciously_fashionable,5,0,5
absolutely_gigantic,5,3,2
not_lame,5,5,0
sometimes_funny,5,5,0
more_myopic,5,5,0
exceptionally_different,5,1,4
highly_applicable,5,4,1
simply_powerless,5,5,0
deeply_stupid,5,4,1
completely_goofy,5,2,3
simply_unstable,5,5,0
however_wide,5,5,0
longer_tacky,5,5,0
somehow_true,5,5,0
almost_true,5,5,0
not_fussy,5,5,0
incredibly_capable,5,4,1
highly_debilitating,5,5,0
excessively_cold,5,5,0
excessively_complex,5,5,0
truly_notable,5,0,5
pretty_believable,5,5,0
longer_strong,5,5,0
simply_wet,5,5,0
somehow_similar,5,4,1
completely_gray,5,5,0
extremely_reactive,5,5,0
physically_strenuous,5,5,0
defensively_minded,5,4,1
still_faster,5,5,0
less_nourishing,5,4,1
excessively_dangerous,5,4,1
pretty_beautiful,5,2,3
surprisingly_delicious,5,5,0
also_handy,5,5,0
physically_small,5,4,1
all_mental,5,5,0
inherently_magical,5,1,4
n't_native,5,5,0
pretty_bonkers,5,5,0
less_normal,5,5,0
simply_unimportant,5,5,0
not_godly,5,5,0
pretty_blunt,5,5,0
pretty_bloody,5,4,1
definitely_bigger,5,4,1
completely_gay,5,5,0
simply_unsatisfied,5,5,0
somehow_unaware,5,5,0
absolutely_evil,5,5,0
very_raunchy,5,5,0
insanely_fast,5,4,1
actually_welcome,5,5,0
completely_generic,5,4,1
less_notable,5,4,1
not_german,5,5,0
simply_unresponsive,5,5,0
not_gentle,5,5,0
pretty_arrogant,5,5,0
excessively_dependent,5,5,0
absolutely_flabbergasted,5,5,0
physically_tough,5,5,0
sinfully_rich,5,1,4
completely_horrifying,5,1,4
extremely_public,5,4,1
most_pragmatic,5,5,0
more_hazy,5,3,2
universally_recognizable,5,2,3
somehow_necessary,5,5,0
more_heady,5,3,2
n't_painful,5,5,0
however_thick,5,5,0
very_quality,5,5,0
not_foolish,5,4,1
totally_funny,5,3,2
physically_traumatic,5,5,0
totally_gay,5,4,1
highly_diverse,5,5,0
still_foggy,5,4,1
insanely_creative,5,5,0
less_central,5,4,1
somehow_invalid,5,5,0
not_flashy,5,3,2
completely_immune,5,4,1
sinfully_delicious,5,2,3
not_forbidden,5,3,2
somehow_present,5,5,0
particularly_pertinent,5,4,1
highly_descriptive,5,5,0
deeply_valuable,5,1,4
much_applicable,5,5,0
actually_worthy,5,3,2
less_cheerful,5,3,2
simultaneously_hilarious,5,4,1
absolutely_enormous,5,5,0
longer_reliable,5,5,0
surprisingly_comfortable,5,5,0
tremendously_disappointed,5,5,0
highly_different,5,3,2
vaguely_political,5,2,3
simultaneously_powerful,5,3,2
highly_difficult,5,4,1
pretty_appealing,5,4,1
n't_operational,5,5,0
pretty_appalling,5,4,1
longer_reachable,5,5,0
completely_horrific,5,2,3
absolutely_empty,5,5,0
deeply_unfashionable,5,4,1
longer_qualified,5,5,0
extremely_relatable,5,2,3
wonderfully_poetic,5,2,3
universally_acceptable,5,4,1
exceptionally_simple,5,5,0
not_hopeful,5,4,1
actually_vegan,5,5,0
appropriately_cautious,5,5,0
simply_satisfied,5,5,0
very_fabulous,5,2,3
wildly_amusing,5,5,0
exceptionally_serious,5,4,1
n't_mad,5,5,0
pretty_commonplace,5,4,1
exceptionally_short,5,5,0
particularly_novel,5,5,0
simply_right,5,4,1
tremendously_impressed,5,5,0
completely_faithful,5,5,0
definitely_odd,5,2,3
still_emotional,5,5,0
someplace_new,5,3,2
pretty_collaborative,5,5,0
totally_epic,5,2,3
highly_bureaucratic,5,5,0
more_grisly,5,4,1
pretty_clunky,5,5,0
totally_easy,5,4,1
wildly_adventurous,5,3,2
surprisingly_enjoyable,5,3,2
simply_rare,5,5,0
someplace_warm,5,5,0
n't_loyal,5,5,0
just_weirder,5,5,0
just_welcoming,5,5,0
particularly_natural,5,4,1
someplace_safe,5,5,0
widely_successful,5,5,0
uniquely_strange,5,2,3
totally_drunk,5,5,0
just_wide,5,5,0
highly_artistic,5,4,1
just_wiser,5,5,0
pretty_controversial,5,3,2
far_rarer,5,1,4
simply_reflective,5,5,0
not_hospitable,5,5,0
pretty_constant,5,5,0
totally_dumb,5,2,3
simply_remarkable,5,5,0
pretty_conscious,5,5,0
absolutely_fearless,5,3,2
surprisingly_human,5,4,1
very_invigorating,5,2,3
already_accustomed,5,5,0
not_hazardous,5,3,2
exceptionally_useful,5,4,1
definitely_great,5,4,1
justifiably_skeptical,5,5,0
highly_commendable,5,4,1
truly_exclusive,5,2,3
completely_fluent,5,3,2
extremely_reliant,5,5,0
totally_extinct,5,5,0
definitely_fishy,5,4,1
also_huge,5,5,0
much_bad,5,4,1
exceptionally_valuable,5,4,1
particularly_obvious,5,5,0
also_hostile,5,5,0
totally_extraordinary,5,0,5
totally_extravagant,5,1,4
highly_confusing,5,5,0
more_grumpy,5,5,0
n't_mindful,5,5,0
highly_consequential,5,5,0
very_fanciful,5,4,1
wonderfully_positive,5,2,3
definitely_dead,5,5,0
exceptionally_tough,5,5,0
far_louder,5,2,3
uniquely_useful,5,0,5
not_gross,5,4,1
magically_better,5,4,1
more_groovy,5,1,4
pretty_clear-cut,5,4,1
still_enthusiastic,5,5,0
inherently_local,5,3,2
simply_stronger,5,5,0
not_hardcore,5,5,0
far_newer,5,0,5
exceptionally_tall,5,5,0
simply_symbolic,5,4,1
more_most,5,5,0
n't_meaningful,5,5,0
definitely_important,5,5,0
not_handsome,5,4,1
far_narrower,5,3,2
maddeningly_complex,5,5,0
particularly_ominous,5,2,3
completely_flawed,5,5,0
highly_collectable,5,5,0
definitely_harder,5,5,0
completely_flawless,5,4,1
so_bewildering,5,3,2
particularly_witty,5,3,2
almost_synonymous,5,4,1
so_literary,5,3,2
very_low-risk,5,5,0
so_lighthearted,5,4,1
inherently_useful,5,3,2
plainly_offensive,5,5,0
laughably_small,5,5,0
extremely_chaotic,5,5,0
most_timely,5,5,0
nearly_absolute,5,5,0
stunningly_simple,5,3,2
inherently_silly,5,0,5
totally_realistic,5,3,2
so_liable,5,4,1
already_willing,5,5,0
never_less,5,5,0
stunningly_original,5,4,1
mostly_dark,5,5,0
so_long-term,5,4,1
still_uninsured,5,5,0
considerably_greater,5,5,0
less_prosaic,5,0,5
historically_unprecedented,5,3,2
so_lousy,5,5,0
brilliantly_clever,5,4,1
extremely_catchy,5,4,1
plainly_evident,5,4,1
totally_rad,5,2,3
still_unexplained,5,3,2
increasingly_familiar,5,4,1
more_proportional,5,3,2
plain_lousy,5,5,0
totally_quiet,5,5,0
fairly_skeptical,5,5,0
laughably_inept,5,5,0
extremely_gorgeous,5,4,1
less_sweeping,5,3,2
increasingly_expensive,5,5,0
extremely_burdensome,5,5,0
infinitely_preferable,5,3,2
considerably_closer,5,3,2
extremely_calm,5,5,0
never_right,5,5,0
less_surprised,5,5,0
extremely_calming,5,1,4
never_real,5,5,0
never_ready,5,5,0
totally_rational,5,5,0
certainly_dead,5,5,0
cruelly_ironic,5,2,3
very_misguided,5,5,0
extremely_classy,5,5,0
so_moronic,5,2,3
more_life-threatening,5,3,2
so_stressed,5,5,0
already_weary,5,5,0
infinitely_higher,5,0,5
so_mesmerising,5,1,4
about_slow,5,5,0
so_straight,5,5,0
less_sticky,5,4,1
extremely_comprehensive,5,4,1
so_microscopic,5,4,1
usually_lacking,5,1,4
so_stimulating,5,5,0
brilliantly_original,5,5,0
strongly_unfavorable,5,5,0
so_minimalist,5,5,0
still_unsettled,5,5,0
less_startling,5,1,4
inherently_unpredictable,5,4,1
so_mixed,5,5,0
strongly_pro-life,5,5,0
horribly_cruel,5,3,2
still_unstable,5,5,0
strongly_present,5,5,0
very_militant,5,5,0
so_melancholy,5,5,0
so_subdued,5,5,0
plain_wonderful,5,5,0
perfectly_bad,5,5,0
fairly_shallow,5,5,0
stunningly_attractive,5,5,0
so_lucrative,5,4,1
very_giddy,5,5,0
considerably_heavier,5,3,2
very_miniscule,5,2,3
vaguely_depressing,5,1,4
extremely_general,5,5,0
plain_worried,5,5,0
criminally_underrated,5,5,0
extremely_full,5,5,0
extremely_colourful,5,4,1
so_manipulative,5,2,3
structurally_similar,5,4,1
apparently_different,5,2,3
willfully_stupid,5,5,0
horribly_different,5,1,4
already_well-known,5,5,0
totally_reliable,5,5,0
mostly_cosmetic,5,5,0
considerably_lighter,5,2,3
perfectly_apt,5,3,2
certainly_deserving,5,5,0
so_irregular,5,5,0
so_immersive,5,4,1
less_ubiquitous,5,1,4
so_hypnotic,5,1,4
suddenly_new,5,5,0
so_icy,5,5,0
extremely_afraid,5,5,0
mostly_green,5,5,0
impressively_large,5,5,0
so_illiterate,5,5,0
so_imbalanced,5,5,0
still_taboo,5,5,0
very_motivational,5,4,1
suddenly_okay,5,5,0
suddenly_fine,5,5,0
so_impenetrable,5,4,1
so_topical,5,3,2
amazingly_bad,5,5,0
suddenly_clear,5,5,0
naturally_short,5,5,0
wildly_unrealistic,5,5,0
totally_personal,5,1,4
inherently_worthless,5,4,1
suddenly_available,5,5,0
so_treacherous,5,4,1
so_tremendous,5,2,3
so_suspenseful,5,5,0
largely_unrelated,5,3,2
currently_exempt,5,5,0
utterly_unthinkable,5,1,4
sufficiently_advanced,5,5,0
still_sure,5,5,0
currently_empty,5,5,0
apparently_important,5,1,4
extremely_hopeful,5,5,0
politically_easy,5,4,1
largely_unregulated,5,5,0
so_heated,5,5,0
so_trustworthy,5,3,2
extremely_adept,5,5,0
extremely_abnormal,5,3,2
so_troubled,5,3,2
most_strategic,5,5,0
perfectly_qualified,5,4,1
non_cancerous,5,5,0
so_homophobic,5,3,2
initially_apprehensive,5,5,0
totally_overrated,5,5,0
perfectly_pure,5,3,2
most_stubborn,5,5,0
so_incomplete,5,5,0
certainly_great,5,5,0
so_inconspicuous,5,5,0
so_intentional,5,4,1
so_tempted,5,5,0
mostly_familiar,5,4,1
also_absent,5,5,0
substantially_stronger,5,4,1
so_instinctive,5,3,2
so_instrumental,5,2,3
vaguely_disturbing,5,3,2
inherently_vulnerable,5,5,0
totally_present,5,5,0
most_talkative,5,5,0
so_interwoven,5,5,0
so_incredulous,5,5,0
briefly_heavy,5,5,0
extremely_bitter,5,5,0
more_magnetic,5,4,1
pleasantly_familiar,5,3,2
plain_lonely,5,5,0
less_tall,5,3,2
perfectly_anonymous,5,5,0
so_sweeping,5,3,2
extremely_bold,5,3,2
totally_psyched,5,5,0
totally_powerless,5,5,0
truly_gruesome,5,4,1
most_suspicious,5,5,0
so_inhumane,5,1,4
truly_green,5,4,1
very_morbid,5,5,0
no_deeper,5,5,0
naturally_skinny,5,5,0
so_indispensable,5,4,1
less_tiring,5,2,3
inherently_sexual,5,2,3
extremely_articulate,5,5,0
nit_picky,5,5,0
sudden_able,5,2,3
culturally_rich,5,5,0
successfully_able,5,5,0
inherently_wonderful,5,0,5
wonderfully_dark,5,3,2
subtly_romantic,5,5,0
less_thrilled,5,5,0
so_textured,5,4,1
about_short,5,5,0
culturally_neutral,5,3,2
so_inherent,5,1,4
so_inhuman,5,2,3
brilliantly_successful,5,5,0
extremely_consistent,5,5,0
sufficiently_ambiguous,5,5,0
strategically_significant,5,5,0
hopelessly_incapable,5,5,0
wonderfully_charming,5,2,3
totally_subservient,5,4,1
extremely_early,5,5,0
infinitely_many,5,5,0
so_short-sighted,5,5,0
less_reckless,5,5,0
constitutionally_incapable,5,5,0
so_pushy,5,5,0
wonderfully_american,5,0,5
totally_sure,5,5,0
so_prudent,5,5,0
extremely_educational,5,5,0
less_rustic,5,2,3
along_aware,5,4,1
totally_surreal,5,2,3
nearly_successful,5,5,0
most_vulgar,5,5,0
plain_sadistic,5,5,0
totally_sweet,5,3,2
constantly_sick,5,5,0
inherently_strange,5,0,5
strictly_academic,5,5,0
consistently_open,5,5,0
so_rebellious,5,2,3
nearly_whole,5,5,0
extremely_few,5,5,0
necessarily_accurate,5,5,0
straight_relevant,5,1,4
perfectly_fit,5,5,0
extremely_distressed,5,5,0
strictly_hypothetical,5,5,0
so_presumptuous,5,3,2
truly_humble,5,4,1
plain_offensive,5,5,0
strictly_functional,5,3,2
continually_open,5,5,0
constitutionally_suspect,5,5,0
apparently_angry,5,3,2
extremely_feminine,5,1,4
strictly_educational,5,5,0
plain_ordinary,5,5,0
very_matte,5,5,0
nearly_unprecedented,5,0,5
nearly_fatal,5,4,1
so_promiscuous,5,3,2
so_prosaic,5,0,5
extremely_dubious,5,5,0
nearly_similar,5,4,1
constantly_present,5,5,0
increasingly_critical,5,5,0
less_restrained,5,5,0
strangely_passive,5,5,0
legally_unacceptable,5,5,0
legally_unenforceable,5,5,0
hopelessly_single,5,5,0
strangely_magical,5,0,5
constantly_angry,5,4,1
plain_pathetic,5,5,0
inherently_subject,5,5,0
always_vulnerable,5,4,1
so_routine,5,4,1
legally_untenable,5,5,0
extremely_extraordinary,5,1,4
conspicuously_silent,5,5,0
plain_poor,5,5,0
inherently_suspect,5,3,2
consistently_wrong,5,4,1
so_sane,5,5,0
extremely_exotic,5,3,2
extremely_experienced,5,5,0
so_satisfactory,5,3,2
most_wrong,5,4,1
inherently_subjective,5,3,2
so_retro,5,3,2
more_pristine,5,4,1
inherently_toxic,5,2,3
nearly_raw,5,4,1
strangely_captivating,5,3,2
wonderfully_appropriate,5,1,4
nearly_round,5,5,0
already_unemployed,5,5,0
inherently_therapeutic,5,0,5
nearly_ripe,5,5,0
extremely_endangered,5,5,0
perfectly_intelligent,5,4,1
strangely_reminiscent,5,5,0
inherently_stressful,5,3,2
strangely_delicate,5,5,0
mostly_acceptable,5,5,0
plain_reckless,5,5,0
inherently_terrifying,5,0,5
hopelessly_old-fashioned,5,5,0
extremely_faint,5,4,1
nearly_overwhelming,5,5,0
always_visible,5,5,0
so_resolute,5,3,2
more_low-tech,5,3,2
extremely_essential,5,4,1
consistently_strong,5,5,0
hopelessly_corrupt,5,5,0
legally_insufficient,5,5,0
straight_enough,5,5,0
still_upbeat,5,5,0
so_nondescript,5,3,2
considerably_weaker,5,4,1
broadly_consistent,5,5,0
very_menacing,5,2,3
so_notorious,5,4,1
totally_selfless,5,3,2
fairly_rigid,5,4,1
so_observant,5,2,3
vaguely_close,5,1,4
strikingly_unique,5,5,0
so_offended,5,4,1
plain_uninformed,5,5,0
strikingly_simple,5,4,1
certainly_amiss,5,5,0
hopefully_enduring,5,5,0
so_omnipresent,5,3,2
more_primary,5,4,1
perfectly_crisp,5,5,0
strikingly_new,5,0,5
perfectly_crispy,5,5,0
apparently_capable,5,4,1
so_spoiled,5,5,0
considerably_warmer,5,4,1
totally_secular,5,5,0
more_liveable,5,4,1
still_untouched,5,5,0
considerably_simpler,5,4,1
extremely_contentious,5,5,0
so_stereotypical,5,3,2
so_multifaceted,5,4,1
strongly_liberal,5,4,1
still_untapped,5,5,0
perfectly_neat,5,4,1
certainly_appropriate,5,5,0
woefully_deficient,5,5,0
so_muted,5,5,0
creatively_inspiring,5,2,3
less_quick,5,5,0
inherently_unknowable,5,4,1
plain_mystifying,5,5,0
inherently_unjust,5,3,2
creatively_different,5,1,4
strongly_emotional,5,4,1
inherently_unique,5,2,3
broadly_available,5,5,0
less_questionable,5,3,2
most_unhappy,5,5,0
extremely_crazy,5,4,1
most_unscrupulous,5,5,0
strikingly_handsome,5,5,0
still_useable,5,5,0
extremely_discreet,5,5,0
so_pernicious,5,1,4
necessarily_false,5,5,0
necessarily_evil,5,5,0
so_pertinent,5,4,1
woefully_unaware,5,4,1
less_sensible,5,4,1
extremely_flattering,5,5,0
so_pivotal,5,1,4
extremely_disconcerting,5,3,2
more_procedural,5,4,1
plain_oblivious,5,5,0
truly_heartwarming,5,3,2
brutally_direct,5,5,0
still_worthwhile,5,5,0
totally_unavoidable,5,5,0
strictly_optional,5,5,0
still_younger,5,5,0
plain_obvious,5,5,0
so_polarizing,5,3,2
so_polished,5,5,0
extremely_dissatisfied,5,5,0
necessarily_beneficial,5,4,1
nearly_direct,5,5,0
vaguely_christian,5,2,3
truly_idiotic,5,1,4
so_snug,5,2,3
perfectly_detailed,5,4,1
broadly_relevant,5,5,0
very_lush,5,5,0
extremely_focused,5,5,0
broadly_representative,5,5,0
fairly_representative,5,4,1
always_wonderful,5,5,0
hopefully_most,5,2,3
so_overused,5,4,1
so_overweight,5,4,1
incomparably_worse,5,1,4
plain_nervous,5,5,0
truly_ignorant,5,5,0
legitimately_good,5,3,2
nearly_dark,5,5,0
extremely_depressing,5,3,2
so_soft-spoken,5,2,3
fairly_reliable,5,5,0
less_sexual,5,5,0
consistently_enough,5,5,0
consistently_entertaining,5,5,0
mostly_healthy,5,4,1
totally_unreal,5,5,0
likely_worried,5,5,0
not_bogus,5,5,0
more_inspired,5,2,3
unusually_expensive,5,5,0
so_cunning,5,3,2
n't_wealthy,5,5,0
so_cursory,5,5,0
also_christian,5,4,1
not_bothersome,5,5,0
unusually_generous,5,4,1
possibly_fraudulent,5,5,0
still_questionable,5,5,0
dangerously_radioactive,5,5,0
not_brown,5,5,0
likely_better,5,5,0
more_instinctive,5,2,3
extremely_lean,5,4,1
also_challenging,5,4,1
extraordinarily_cool,5,4,1
so_decent,5,2,3
totally_unwilling,5,5,0
initially_suspicious,5,5,0
so_defenseless,5,1,4
not_bisexual,5,5,0
partly_naked,5,5,0
completely_thrilled,5,5,0
completely_traditional,5,4,1
unusually_cruel,5,4,1
absolutely_clueless,5,4,1
so_valid,5,4,1
extremely_liberating,5,0,5
very_forward,5,5,0
so_corrosive,5,3,2
unusually_creative,5,5,0
super_hyper,5,5,0
so_counter-intuitive,5,5,0
completely_synthetic,5,5,0
totally_mad,5,5,0
possibly_heavy,5,5,0
n't_warm,5,5,0
so_covert,5,5,0
fairly_mature,5,5,0
possibly_hazardous,5,4,1
also_comfortable,5,5,0
so_crafty,5,4,1
completely_theoretical,5,5,0
largely_instrumental,5,5,0
extremely_lenient,5,5,0
all_giddy,5,4,1
more_insignificant,5,4,1
unusually_happy,5,5,0
initially_successful,5,5,0
both_inaccurate,5,5,0
extremely_judgmental,5,5,0
usually_safe,5,5,0
unusually_interesting,5,3,2
lightly_sweet,5,3,2
possibly_bisexual,5,5,0
wonderfully_fragrant,5,5,0
super_fabulous,5,3,2
dangerously_attractive,5,4,1
so_disciplined,5,5,0
completely_uncharacteristic,5,1,4
almost_unwatchable,5,3,2
dangerously_amiss,5,3,2
both_hard,5,5,0
dangerously_aggressive,5,5,0
unusually_long,5,5,0
super_engaging,5,4,1
unusually_loud,5,5,0
so_disinterested,5,5,0
mostly_original,5,4,1
fairly_mindless,5,3,2
lightly_crispy,5,5,0
completely_uneducated,5,3,2
more_interdependent,5,5,0
not_basic,5,5,0
any_cheaper,5,5,0
highly_tolerant,5,5,0
both_funny,5,5,0
partly_real,5,5,0
n't_welcoming,5,5,0
dangerously_incompetent,5,5,0
more_insular,5,5,0
partly_related,5,5,0
also_cautious,5,5,0
apparently_necessary,5,5,0
both_full,5,5,0
not_benign,5,4,1
n't_wild,5,5,0
completely_unaffordable,5,5,0
very_occasional,5,4,1
highly_transferable,5,5,0
still_red,5,5,0
unusually_hot,5,5,0
less_polarizing,5,2,3
likely_able,5,5,0
initially_shocked,5,5,0
n't_wonderful,5,5,0
extremely_lacking,5,4,1
very_offbeat,5,5,0
perfectly_secure,5,5,0
so_cordial,5,5,0
super_independent,5,5,0
highly_stimulating,5,5,0
already_small,5,4,1
innately_bisexual,5,5,0
not_compassionate,5,5,0
also_corrupt,5,5,0
highly_respectable,5,3,2
possibly_severe,5,5,0
super_oily,5,5,0
highly_responsible,5,4,1
more_inferior,5,2,3
possibly_second,5,5,0
so_cerebral,5,3,2
mostly_silent,5,5,0
very_overgrown,5,5,0
likely_responsible,5,5,0
super_negative,5,5,0
highly_romantic,5,5,0
partly_attributable,5,4,1
totally_vulnerable,5,4,1
so_chilly,5,5,0
initially_worried,5,5,0
so_chummy,5,5,0
highly_satirical,5,5,0
less_philosophical,5,3,2
highly_reputable,5,4,1
very_overpowering,5,5,0
initially_uncomfortable,5,5,0
completely_self-taught,5,5,0
exquisitely_simple,5,3,2
so_bitchy,5,5,0
plain_disappointing,5,5,0
largely_devoid,5,4,1
unspeakably_evil,5,0,5
most_relatable,5,5,0
still_naive,5,5,0
plain_disinterested,5,5,0
more_industrious,5,3,2
dead_last,5,5,0
likely_unwilling,5,5,0
likely_unconstitutional,5,5,0
unspeakably_horrible,5,3,2
most_related,5,5,0
highly_reliant,5,5,0
particularly_worth,5,2,3
possibly_suicidal,5,5,0
particularly_worthwhile,5,2,3
still_nostalgic,5,5,0
wonderfully_helpful,5,5,0
highly_repetitive,5,5,0
certainly_worthwhile,5,5,0
more_informed,5,5,0
extremely_low-income,5,5,0
highly_sceptical,5,5,0
most_resourceful,5,5,0
not_cheerful,5,5,0
truly_legitimate,5,4,1
possibly_larger,5,2,3
truly_legendary,5,1,4
so_vindictive,5,5,0
still_pleasant,5,5,0
darkly_romantic,5,2,3
more_melancholic,5,3,2
possibly_innocent,5,5,0
infectiously_catchy,5,4,1
so_consequential,5,2,3
darn_funny,5,5,0
totally_vegan,5,4,1
inherently_positive,5,1,4
so_conspicuous,5,4,1
largely_independent,5,4,1
so_contagious,5,2,3
so_contemporary,5,3,2
super_innovative,5,3,2
increasingly_uncomfortable,5,5,0
certainly_sympathetic,5,5,0
most_responsive,5,5,0
not_cheesy,5,5,0
likely_impossible,5,5,0
more_real-time,5,0,5
amazingly_complicated,5,3,2
not_coincidental,5,5,0
darn_friendly,5,5,0
mostly_rural,5,5,0
fairly_warm,5,4,1
so_clingy,5,4,1
completely_speechless,5,5,0
initially_wary,5,5,0
less_picky,5,4,1
both_better,5,4,1
possibly_offensive,5,4,1
so_coarse,5,3,2
so_cohesive,5,3,2
likely_legal,5,5,0
super_magical,5,1,4
inexplicably_wrong,5,3,2
utterly_unrealistic,5,5,0
so_virtuous,5,4,1
plain_easy,5,5,0
both_comfortable,5,5,0
n't_uniform,5,5,0
so_vintage,5,3,2
less_adult,5,3,2
also_boring,5,5,0
so_unaffected,5,2,3
less_viable,5,5,0
so_forthcoming,5,5,0
not_academic,5,3,2
totally_nonexistent,5,5,0
mostly_ineffective,5,5,0
so_unhinged,5,4,1
very_nascent,5,5,0
plain_hostile,5,5,0
extremely_inappropriate,5,3,2
so_freaky,5,4,1
also_american,5,5,0
very_funky,5,3,2
sufficiently_skilled,5,3,2
extremely_inaccurate,5,5,0
more_israeli,5,3,2
more_italian,5,2,3
sufficiently_qualified,5,5,0
extraordinarily_smart,5,5,0
most_simplest,5,5,0
horribly_racist,5,4,1
sufficiently_obvious,5,5,0
apparently_interested,5,5,0
totally_unreliable,5,4,1
so_formulaic,5,5,0
so_uniform,5,4,1
perfectly_real,5,4,1
so_fitting,5,5,0
completely_unused,5,5,0
totally_negative,5,0,5
not_aged,5,5,0
unusually_successful,5,5,0
initially_free,5,5,0
both_shocking,5,5,0
damn_clever,5,3,2
completely_unwarranted,5,4,1
not_advantageous,5,4,1
politically_sustainable,5,5,0
largely_theoretical,5,5,0
so_forbidden,5,0,5
so_flamboyant,5,2,3
both_simple,5,5,0
damn_awful,5,4,1
not_actual,5,5,0
so_uninhibited,5,2,3
so_flippant,5,5,0
also_appealing,5,5,0
so_unimpressed,5,5,0
extremely_inconsistent,5,5,0
politically_significant,5,4,1
so_unfathomable,5,2,3
mostly_illegal,5,5,0
truly_jaw-dropping,5,4,1
still_strange,5,5,0
so_gratified,5,5,0
sufficiently_deep,5,5,0
computationally_intractable,5,5,0
so_greasy,5,5,0
politically_indifferent,5,5,0
totally_unrecognisable,5,4,1
still_straightforward,5,5,0
horribly_negative,5,3,2
so_gritty,5,4,1
infinitely_different,5,2,3
extremely_humorous,5,4,1
pathetically_grateful,5,5,0
plain_incomprehensible,5,4,1
most_spiritual,5,4,1
more_judgmental,5,3,2
extraordinarily_wrong,5,1,4
hilariously_silly,5,3,2
non_functional,5,5,0
extremely_human,5,4,1
so_hardcore,5,5,0
fairly_strange,5,5,0
currently_full,5,5,0
fairly_superficial,5,3,2
currently_outstanding,5,4,1
so_genteel,5,5,0
less_user-friendly,5,4,1
politically_perilous,5,4,1
sufficiently_independent,5,5,0
so_uneducated,5,5,0
largely_unexplored,5,3,2
currently_single,5,5,0
less_usual,5,1,4
inherently_right,5,0,5
currently_sick,5,5,0
so_glaring,5,3,2
so_glossy,5,5,0
totally_objective,5,3,2
so_undefined,5,2,3
more_joint,5,5,0
currently_ready,5,5,0
apparently_inexplicable,5,3,2
politically_moderate,5,5,0
most_social,5,5,0
sufficiently_effective,5,5,0
so_grainy,5,4,1
infinitely_rewarding,5,2,3
sufficiently_distinct,5,4,1
horribly_outdated,5,5,0
largely_subjective,5,4,1
hilariously_bizarre,5,3,2
very_nefarious,5,0,5
mostly_muslim,5,5,0
so_economical,5,3,2
so_educated,5,2,3
damn_smart,5,5,0
damn_slow,5,5,0
any_faster,5,5,0
extremely_interactive,5,5,0
super_conscious,5,5,0
positively_giddy,5,5,0
damn_sensitive,5,5,0
damn_selfish,5,5,0
more_masterful,5,3,2
completely_unimportant,5,2,3
absolutely_boring,5,4,1
super_confused,5,5,0
naturally_charming,5,5,0
very_non-traditional,5,2,3
still_rough,5,4,1
super_common,5,5,0
very_nominal,5,5,0
super_colorful,5,5,0
positively_dangerous,5,4,1
largely_related,5,4,1
damn_special,5,1,4
damn_stubborn,5,5,0
so_fatal,5,5,0
still_reticent,5,5,0
dang_cute,5,4,1
highly_unexpected,5,0,5
fairly_minimal,5,4,1
extraordinarily_friendly,5,4,1
very_nurturing,5,3,2
very_frivolous,5,4,1
certainly_real,5,5,0
extremely_irritating,5,5,0
so_docile,5,4,1
most_sane,5,3,2
positively_shocking,5,5,0
so_dusty,5,5,0
plain_forgetful,5,5,0
infinitely_big,5,2,3
absolutely_brutal,5,5,0
very_nourishing,5,2,3
less_worthwhile,5,4,1
truly_irreplaceable,5,3,2
very_gray,5,5,0
completely_unforgettable,5,2,3
so_unsatisfactory,5,4,1
extremely_inventive,5,3,2
damn_polite,5,4,1
very_nifty,5,3,2
positively_breathtaking,5,5,0
hilariously_accurate,5,5,0
highly_watchable,5,5,0
so_unorthodox,5,2,3
super_advanced,5,3,2
most_selective,5,5,0
super_addictive,5,4,1
extraordinarily_nice,5,3,2
plain_grumpy,5,5,0
super_accommodating,5,5,0
still_shiny,5,5,0
very_nerve-racking,5,5,0
unusually_slow,5,5,0
so_enamoured,5,5,0
completely_unsupported,5,5,0
fairly_tough,5,4,1
so_fanatical,5,4,1
so_unkind,5,5,0
hilariously_awful,5,5,0
hilariously_awkward,5,5,0
certainly_necessary,5,5,0
so_farfetched,5,3,2
damn_difficult,5,5,0
still_significant,5,5,0
very_listenable,5,5,0
usually_ready,5,5,0
poorly_armed,5,5,0
still_secure,5,5,0
any_funnier,5,5,0
super_clever,5,3,2
super_classy,5,4,1
fairly_monumental,5,3,2
damn_obvious,5,4,1
extremely_inspiring,5,5,0
highly_upset,5,5,0
super_catchy,5,4,1
less_widespread,5,5,0
completely_unnoticed,5,4,1
super_bored,5,5,0
so_evasive,5,5,0
highly_virulent,5,5,0
super_beautiful,5,3,2
completely_unplayable,5,5,0
extraordinarily_lucky,5,5,0
super_attentive,5,5,0
completely_unproven,5,3,2
so_exemplary,5,5,0
damn_high,5,5,0
any_harder,5,5,0
truly_abhorrent,5,3,2
pretty_dope,5,4,1
also_supportive,5,5,0
relatively_useless,5,4,1
most_healthy,5,5,0
downright_ludicrous,5,5,0
absolutely_sick,5,5,0
perhaps_ignorant,5,5,0
somewhat_tired,5,5,0
relatively_untouched,5,5,0
downright_lethal,5,5,0
pretty_unimportant,5,2,3
terribly_british,5,5,0
terribly_bored,5,4,1
well_clear,5,5,0
downright_inept,5,5,0
less_informative,5,4,1
utterly_sincere,5,5,0
medically_unexplained,5,5,0
now_profitable,5,5,0
mutually_satisfactory,5,5,0
all_shiny,5,4,1
downright_inspiring,5,5,0
particularly_abusive,5,5,0
relentlessly_optimistic,5,5,0
inherently_awesome,5,2,3
financially_fragile,5,5,0
even_unavoidable,5,5,0
more_elliptical,5,2,3
now_ripe,5,5,0
too_sparkly,5,5,0
mentally_capable,5,4,1
downright_naive,5,5,0
utterly_miserable,5,5,0
just_ill,5,5,0
incredibly_lifelike,5,5,0
too_speedy,5,5,0
more_opportune,5,5,0
now_secure,5,5,0
more_opinionated,5,4,1
less_ethnic,5,1,4
just_illiterate,5,5,0
just_illogical,5,4,1
more_situational,5,5,0
now_scared,5,5,0
clinically_insignificant,5,5,0
just_imaginary,5,5,0
much_lesser,5,3,2
clinically_meaningful,5,4,1
more_single,5,5,0
even_unattainable,5,4,1
all_serious,5,4,1
fairly_depressing,5,5,0
relatively_historic,5,5,0
better_educated,5,5,0
particularly_advantageous,5,3,2
pretty_troubling,5,3,2
now_new,5,5,0
very_emphatic,5,5,0
incredibly_irresponsible,5,3,2
remarkably_clear,5,5,0
even_unhelpful,5,5,0
downright_grumpy,5,5,0
just_inexplicable,5,5,0
remarkably_complex,5,4,1
downright_grim,5,5,0
perhaps_unique,5,2,3
now_mobile,5,5,0
now_missing,5,4,1
now_meaningless,5,5,0
too_stout,5,5,0
less_enticing,5,1,4
still_affordable,5,5,0
remarkably_detailed,5,5,0
too_straight,5,5,0
remarkably_difficult,5,5,0
most_horrifying,5,5,0
too_stimulating,5,5,0
now_obsessed,5,5,0
remarkably_alike,5,5,0
pretty_unanimous,5,5,0
too_stale,5,5,0
very_snowy,5,5,0
better_capable,5,5,0
religiously_devout,5,5,0
even_undiscovered,5,5,0
perhaps_unknown,5,5,0
somewhat_technical,5,5,0
well_dry,5,5,0
most_historic,5,5,0
even_uneducated,5,5,0
much_lacking,5,3,2
now_overgrown,5,5,0
less_epic,5,3,2
somewhat_sympathetic,5,5,0
incredibly_jealous,5,5,0
more_ongoing,5,2,3
more_empathic,5,4,1
terribly_appealing,5,1,4
also_tough,5,5,0
even_unfamiliar,5,5,0
even_unfathomable,5,5,0
financially_healthy,5,5,0
almost_pure,5,5,0
now_smaller,5,5,0
clearly_untrue,5,3,2
very_spare,5,4,1
even_tangential,5,4,1
relatively_mindless,5,1,4
financially_liable,5,5,0
downright_stressful,5,5,0
relatively_nearby,5,5,0
already_equal,5,5,0
also_uncertain,5,3,2
musically_adventurous,5,4,1
even_tender,5,4,1
downright_skeptical,5,5,0
somewhat_unexpected,5,3,2
downright_sinister,5,3,2
partially_satisfied,5,5,0
musically_complex,5,4,1
somewhere_close,5,3,2
less_expressive,5,5,0
very_identical,5,3,2
downright_sickening,5,5,0
now_viewable,5,5,0
artistically_pleasing,5,4,1
terribly_disturbing,5,1,4
downright_supportive,5,5,0
even_talented,5,5,0
even_tactical,5,5,0
too_sickening,5,5,0
already_elderly,5,5,0
less_faithful,5,4,1
relatively_inactive,5,5,0
absolutely_sweet,5,4,1
almost_positive,5,4,1
mentally_lazy,5,5,0
clearly_unhappy,5,5,0
nutritionally_superior,5,5,0
almost_possible,5,4,1
most_genuine,5,3,2
downright_traumatic,5,4,1
truly_creepy,5,1,4
nutritionally_complete,5,5,0
most_good,5,5,0
perhaps_simpler,5,2,3
immediately_likable,5,3,2
somewhere_quiet,5,5,0
somewhere_other,5,5,0
truly_stylish,5,3,2
inherently_defective,5,1,4
just_harsh,5,5,0
perhaps_incapable,5,5,0
downright_sexist,5,5,0
too_skittish,5,5,0
less_exhausting,5,3,2
very_historical,5,2,3
downright_pretentious,5,5,0
more_sizeable,5,3,2
downright_poetic,5,5,0
downright_pleasant,5,5,0
truly_staggering,5,2,3
now_ubiquitous,5,5,0
downright_perverse,5,5,0
downright_peculiar,5,5,0
now_suspicious,5,5,0
relatively_sparse,5,5,0
already_existent,5,1,4
relatively_specific,5,1,4
relatively_static,5,3,2
somewhat_unknown,5,5,0
very_immoral,5,2,3
too_somber,5,4,1
terribly_confused,5,5,0
inherently_dirty,5,2,3
relatively_superficial,5,4,1
artistically_challenging,5,2,3
truly_corrupt,5,4,1
even_tortured,5,5,0
now_useless,5,5,0
even_topical,5,5,0
even_themed,5,5,0
downright_selfish,5,5,0
somewhat_wider,5,3,2
relatively_pricey,5,5,0
truly_startling,5,1,4
even_thirsty,5,5,0
terribly_disappointing,5,5,0
relatively_rapid,5,5,0
immensely_pleased,5,5,0
now_unlocked,5,5,0
truly_easy,5,4,1
relatively_remote,5,4,1
very_adversarial,5,5,0
immediately_gratifying,5,3,2
faintly_familiar,5,2,3
well_aged,5,5,0
now_unhappy,5,5,0
downright_raunchy,5,5,0
too_smelly,5,5,0
perhaps_important,5,4,1
downright_questionable,5,5,0
clearly_contrary,5,5,0
truly_singular,5,0,5
even_unintelligible,5,5,0
remotely_original,5,1,4
about_bright,5,5,0
downright_amusing,5,5,0
downright_aggressive,5,5,0
remotely_involved,5,2,3
very_skimpy,5,3,2
downright_adorable,5,5,0
even_visionary,5,5,0
perhaps_funny,5,4,1
also_strong,5,5,0
maybe_unique,5,4,1
now_brown,5,5,0
somewhat_ready,5,5,0
now_blue,5,5,0
greatly_important,5,3,2
incredibly_inaccurate,5,4,1
comfortably_numb,5,5,0
somewhat_overweight,5,5,0
undoubtedly_better,5,5,0
just_ludicrous,5,5,0
less_dynamic,5,2,3
just_lukewarm,5,5,0
too_tenuous,5,5,0
even_vile,5,5,0
very_heterogeneous,5,5,0
n't_anxious,5,5,0
too_tangential,5,5,0
now_dark,5,4,1
immeasurably_worse,5,3,2
even_utopian,5,4,1
remotely_conservative,5,2,3
even_vacant,5,5,0
more_enriching,5,4,1
somewhat_protective,5,5,0
now_curious,5,5,0
pretty_tacky,5,4,1
now_convinced,5,5,0
very_slender,5,4,1
pretty_sympathetic,5,5,0
now_confused,5,5,0
remotely_edible,5,1,4
just_lethargic,5,5,0
inherently_familiar,5,1,4
n't_amazing,5,5,0
n't_amenable,5,5,0
particularly_athletic,5,5,0
perhaps_general,5,5,0
particularly_attentive,5,5,0
even_watery,5,5,0
still_appropriate,5,3,2
now_anxious,5,5,0
truly_charming,5,2,3
doubly_accurate,5,5,0
ridiculously_complex,5,4,1
grimly_humorous,5,5,0
extremely_vital,5,4,1
pretty_stylish,5,5,0
even_xenophobic,5,5,0
much_helpful,5,5,0
noticeably_worse,5,5,0
more_ergonomic,5,4,1
ridiculously_exciting,5,3,2
already_better,5,5,0
technically_superb,5,5,0
very_enigmatic,5,4,1
just_misleading,5,5,0
evenly_brown,5,5,0
very_enlightened,5,3,2
more_erudite,5,3,2
particularly_brave,5,5,0
very_indicative,5,3,2
fairly_empty,5,5,0
particularly_brazen,5,3,2
yet_beautiful,5,0,5
ideologically_rigid,5,5,0
now_angry,5,4,1
too_touristy,5,5,0
already_global,5,5,0
truly_secure,5,4,1
doubtless_familiar,5,5,0
reportedly_close,5,4,1
most_incompetent,5,5,0
now_acceptable,5,5,0
more_enviable,5,4,1
just_many,5,5,0
truly_classic,5,1,4
reportedly_safe,5,5,0
reportedly_sick,5,5,0
truly_cinematic,5,1,4
even_wholesome,5,5,0
yet_better,5,3,2
n't_bold,5,5,0
very_skilful,5,5,0
even_wireless,5,5,0
even_wiser,5,3,2
n't_boring,5,5,0
even_worrisome,5,5,0
ridiculously_attractive,5,4,1
fabulously_delicious,5,4,1
just_legal,5,5,0
just_innocent,5,5,0
even_unprepared,5,4,1
too_subservient,5,5,0
remarkably_open,5,5,0
n't_accidental,5,5,0
now_ill,5,5,0
temporarily_successful,5,5,0
graphically_intensive,5,3,2
absolutely_riveting,5,4,1
most_humorous,5,5,0
remarkably_prescient,5,5,0
understandably_hesitant,5,5,0
now_green,5,5,0
too_symptomatic,5,5,0
very_inaccessible,5,5,0
even_unprofitable,5,5,0
remarkably_quiet,5,5,0
downright_discouraging,5,5,0
perhaps_worried,5,5,0
somewhat_simple,5,4,1
remarkably_resistant,5,3,2
perhaps_younger,5,4,1
clearly_concerned,5,5,0
even_unrecognized,5,5,0
medically_equal,5,5,0
just_intellectual,5,5,0
too_submissive,5,5,0
particularly_alarming,5,4,1
just_inquisitive,5,5,0
factually_false,5,5,0
perhaps_unusual,5,4,1
well_happy,5,5,0
less_insane,5,2,3
understandably_disappointed,5,5,0
better_good,5,5,0
somewhat_strange,5,5,0
too_stunning,5,5,0
pretty_toxic,5,3,2
now_indistinguishable,5,5,0
more_old-fashioned,5,1,4
downright_exciting,5,4,1
graphically_appealing,5,3,2
already_fearful,5,4,1
downright_excellent,5,5,0
too_subdued,5,5,0
remarkably_long,5,5,0
pretty_touchy,5,4,1
more_ok,5,5,0
now_inactive,5,5,0
downright_detrimental,5,5,0
very_sly,5,3,2
less_insulting,5,3,2
somewhat_right,5,5,0
also_surprised,5,5,0
too_supportive,5,5,0
just_kind,5,5,0
even_untrustworthy,5,5,0
somewhat_religious,5,5,0
gravely_evil,5,4,1
absolutely_reliable,5,4,1
fabulously_expensive,5,4,1
sometimes_legal,5,4,1
much_inferior,5,4,1
too_sweeping,5,5,0
incredibly_inefficient,5,5,0
downright_chilly,5,5,0
well_more,5,5,0
actually_normal,5,5,0
too_swollen,5,4,1
downright_challenging,5,5,0
collectively_guilty,5,5,0
even_urban,5,5,0
less_elastic,5,5,0
particularly_appropriate,5,3,2
around_solid,5,5,0
downright_counterproductive,5,5,0
pretty_theoretical,5,5,0
remarkably_talented,5,5,0
remarkably_short,5,5,0
even_unsatisfactory,5,5,0
downright_delusional,5,5,0
incredibly_insecure,5,4,1
around_strong,5,5,0
somewhat_sceptical,5,5,0
even_unsettled,5,5,0
remarkably_sophisticated,5,5,0
remarkably_special,5,1,4
even_unspoken,5,5,0
more_english,5,4,1
remarkably_subtle,5,5,0
permanently_damaging,5,5,0
incredibly_informative,5,5,0
truly_simple,5,1,4
now_equal,5,5,0
even_unsuccessful,5,5,0
very_abrasive,5,3,2
gravely_amiss,5,4,1
also_symbolic,5,4,1
downright_cranky,5,5,0
even_superfluous,5,5,0
clearly_unfit,5,3,2
beyond_beautiful,5,5,0
too_reliable,5,5,0
even_queer,5,5,0
as_cathartic,5,3,2
terrifyingly_real,5,5,0
as_cartoonish,5,4,1
just_doomed,5,5,0
more_socialist,5,3,2
even_quieter,5,5,0
perhaps_nostalgia,5,4,1
genuinely_profound,5,1,4
beautifully_green,5,5,0
as_captivating,5,4,1
too_remarkable,5,5,0
economically_harmful,5,5,0
very_analogous,5,2,3
even_rainy,5,5,0
clearly_indicative,5,3,2
incredibly_poignant,5,1,4
fairly_comprehensive,5,4,1
much_safe,5,5,0
immensely_attractive,5,3,2
partially_absent,5,5,0
truly_democratic,5,2,3
more_dogmatic,5,5,0
perhaps_nonexistent,5,5,0
even_quaint,5,4,1
oddly_absent,5,2,3
even_promiscuous,5,5,0
clearly_disturbing,5,3,2
undeniably_great,5,2,3
oddly_calming,5,1,4
merely_emotional,5,5,0
fairly_bland,5,5,0
really_splendid,5,5,0
really_spontaneous,5,4,1
less_girly,5,2,3
merely_embarrassing,5,5,0
even_provincial,5,5,0
less_gimmicky,5,1,4
painfully_young,5,5,0
insufficiently_respectful,5,5,0
really_straight,5,4,1
incredibly_practical,5,4,1
merely_educational,5,5,0
oddly_admirable,5,0,5
even_pure,5,5,0
economically_poor,5,5,0
less_gifted,5,1,4
spiritually_compatible,5,5,0
really_tedious,5,5,0
even_sudden,5,5,0
yet_unique,5,0,5
genuinely_serious,5,2,3
obviously_unfair,5,4,1
really_unclear,5,5,0
ecologically_conscious,5,5,0
inherently_comical,5,0,5
fairly_aware,5,5,0
statistically_likely,5,4,1
incredibly_peaceful,5,1,4
truly_talented,5,2,3
just_elated,5,5,0
more_downbeat,5,2,3
economically_destructive,5,5,0
terribly_unique,5,4,1
merely_cultural,5,5,0
less_frustrated,5,3,2
even_retarded,5,5,0
immediately_usable,5,4,1
terribly_unfortunate,5,3,2
really_unheard,5,1,4
partially_deaf,5,5,0
fairly_athletic,5,5,0
even_revelatory,5,4,1
almost_opaque,5,4,1
as_bombastic,5,2,3
terribly_unusual,5,2,3
abnormally_excited,5,5,0
economically_desperate,5,5,0
as_bubbly,5,2,3
as_brittle,5,3,2
more_penetrating,5,5,0
even_reassuring,5,5,0
occasionally_funny,5,5,0
as_british,5,5,0
terrifically_entertaining,5,5,0
too_republican,5,5,0
way_happier,5,5,0
economically_competitive,5,5,0
as_brash,5,1,4
economically_better,5,5,0
primarily_visual,5,5,0
really_traditional,5,1,4
inherently_comic,5,1,4
much_serious,5,3,2
too_resonant,5,5,0
most_eye-catching,5,5,0
absolutely_vile,5,4,1
terribly_upsetting,5,5,0
clearly_ill,5,4,1
spiritually_powerful,5,3,2
that_believable,5,5,0
very_drowsy,5,5,0
that_hungry,5,5,0
oddly_poignant,5,0,5
that_heavy,5,3,2
that_healthy,5,4,1
really_reassuring,5,1,4
as_comfy,5,4,1
really_recent,5,3,2
almost_noble,5,0,5
really_red,5,4,1
less_harmless,5,3,2
really_reluctant,5,5,0
merely_entertaining,5,5,0
more_distressed,5,4,1
yet_willing,5,5,0
merely_historical,5,5,0
already_crazy,5,4,1
that_fast,5,4,1
that_famous,5,5,0
perhaps_misunderstood,5,5,0
oddly_intriguing,5,2,3
oddly_intimate,5,0,5
that_excited,5,4,1
really_questionable,5,4,1
startlingly_good,5,4,1
less_gross,5,2,3
as_complicit,5,5,0
more_sparkly,5,4,1
really_perverse,5,0,5
effectively_unable,5,5,0
even_pertinent,5,4,1
most_equal,5,5,0
just_darker,5,4,1
really_poetic,5,2,3
as_confrontational,5,3,2
genuinely_impossible,5,5,0
probably_easier,5,5,0
really_pretty,5,3,2
very_apathetic,5,5,0
utterly_romantic,5,1,4
probably_drunk,5,5,0
less_grueling,5,4,1
startlingly_modern,5,5,0
truly_terrific,5,0,5
really_proactive,5,5,0
much_political,5,5,0
really_profitable,5,4,1
just_defective,5,5,0
truly_devastating,5,4,1
too_raucous,5,5,0
immensely_happy,5,5,0
really_shallow,5,3,2
probably_busy,5,5,0
immensely_complex,5,5,0
probably_bored,5,5,0
even_principal,5,5,0
painfully_small,5,5,0
that_compelling,5,5,0
fairly_competitive,5,5,0
genuinely_mysterious,5,1,4
as_cinematic,5,4,1
merely_foolish,5,5,0
immensely_comforting,5,0,5
insufficiently_rigorous,5,5,0
yet_useful,5,0,5
even_proactive,5,5,0
economically_vulnerable,5,5,0
painfully_thin,5,5,0
perhaps_nervous,5,5,0
really_slutty,5,2,3
as_chic,5,3,2
really_smelly,5,2,3
less_glorious,5,3,2
really_shameful,5,1,4
that_costly,5,3,2
fairly_commonplace,5,4,1
insufficiently_sensitive,5,5,0
incredibly_problematic,5,3,2
really_robust,5,2,3
inherently_chic,5,0,5
fairly_brutal,5,4,1
perhaps_much,5,5,0
incredibly_private,5,4,1
that_desirable,5,3,2
painfully_sad,5,3,2
really_rustic,5,3,2
fairly_bright,5,5,0
genuinely_memorable,5,1,4
too_reactionary,5,5,0
staggeringly_high,5,5,0
as_civilized,5,4,1
even_presumptuous,5,5,0
really_secret,5,2,3
really_selfish,5,5,0
that_cruel,5,5,0
really_sentimental,5,3,2
even_priceless,5,5,0
less_graceful,5,4,1
easily_shocked,5,5,0
just_elusive,5,5,0
easily_scared,5,5,0
mentally_unable,5,5,0
less_ignorant,5,4,1
just_foolhardy,5,5,0
yet_similar,5,0,5
just_forgettable,5,5,0
weirdly_comforting,5,0,5
financially_sensible,5,5,0
mentally_unhealthy,5,4,1
financially_self-sufficient,5,5,0
immediately_previous,5,5,0
even_sour,5,5,0
actually_knowledgeable,5,5,0
reasonably_small,5,3,2
immediately_present,5,5,0
immediately_practical,5,2,3
partially_new,5,5,0
truly_subversive,5,2,3
mentally_tougher,5,4,1
even_speechless,5,5,0
truly_substantial,5,0,5
terribly_lonely,5,5,0
as_agile,5,4,1
dramatically_less,5,4,1
weirdly_appealing,5,0,5
all_able,5,5,0
obviously_flawed,5,4,1
inherently_criminal,5,4,1
more_slower,5,5,0
reasonably_straightforward,5,5,0
clearly_right,5,5,0
sooooo_good,5,5,0
terribly_naive,5,4,1
just_fictional,5,5,0
previously_unattainable,5,2,3
actually_jewish,5,5,0
too_secular,5,5,0
merely_acceptable,5,5,0
even_slimy,5,4,1
truly_superb,5,3,2
even_sloppy,5,5,0
obviously_gay,5,5,0
inherently_creative,5,5,0
perhaps_reckless,5,5,0
as_altruistic,5,1,4
recently_expired,5,4,1
very_hyperactive,5,5,0
even_snarky,5,5,0
drastically_better,5,2,3
previously_able,5,5,0
clearly_speculative,5,5,0
mentally_stronger,5,4,1
absolutely_tiny,5,5,0
as_adaptable,5,4,1
utterly_nonsensical,5,2,3
downright_violent,5,5,0
even_structural,5,5,0
incredibly_minimal,5,5,0
already_eager,5,5,0
fairly_critical,5,4,1
utterly_natural,5,3,2
clearly_understandable,5,5,0
downright_unusual,5,5,0
terribly_impressed,5,5,0
immediately_necessary,5,5,0
much_missing,5,3,2
partially_present,5,5,0
downright_unresponsive,5,5,0
just_greater,5,4,1
financially_possible,5,5,0
mentally_present,5,5,0
perhaps_sick,5,5,0
terribly_hot,5,4,1
downright_unnerving,5,5,0
clearly_true,5,5,0
obsessively_interested,5,4,1
weirdly_familiar,5,2,3
just_glib,5,5,0
too_self-evident,5,5,0
relatively_attractive,5,3,2
much_unexpected,5,1,4
just_funnier,5,4,1
less_fatal,5,2,3
relatively_better,5,5,0
terribly_late,5,5,0
relatively_casual,5,4,1
even_stationary,5,5,0
less_fascinating,5,4,1
relatively_complicated,5,5,0
obviously_capable,5,5,0
even_sterile,5,5,0
already_compatible,5,5,0
yet_profound,5,0,5
faintly_reminiscent,5,3,2
pretty_white,5,5,0
most_free,5,5,0
relatively_easier,5,4,1
terribly_inefficient,5,5,0
most_friendly,5,5,0
clearly_ridiculous,5,4,1
fairly_academic,5,4,1
more_smug,5,4,1
truly_distinct,5,1,4
just_equal,5,5,0
clearly_necessary,5,4,1
incredibly_ordinary,5,1,4
even_sadistic,5,5,0
really_vivid,5,4,1
partially_false,5,5,0
really_vulgar,5,1,4
easily_expendable,5,5,0
even_same,5,5,0
easily_excitable,5,5,0
easily_editable,5,5,0
obviously_inaccurate,5,5,0
too_roomy,5,5,0
very_humiliating,5,3,2
immediately_successful,5,5,0
clearly_obvious,5,4,1
less_horrifying,5,2,3
terribly_real,5,3,2
easily_controllable,5,5,0
really_worse,5,5,0
genuinely_undecided,5,5,0
easily_comprehensible,5,4,1
really_valid,5,4,1
specifically_unique,5,2,3
less_hopeful,5,3,2
less_fraught,5,3,2
really_universal,5,3,2
very_amateurish,5,5,0
easily_recoverable,5,5,0
obviously_sick,5,5,0
terribly_ugly,5,2,3
obviously_shocked,5,5,0
very_amateur,5,5,0
utterly_preposterous,5,3,2
too_retro,5,5,0
beautifully_pigmented,5,5,0
too_reverent,5,5,0
very_stale,5,4,1
more_painless,5,5,0
truly_sweet,5,1,4
really_unsafe,5,4,1
just_enthusiastic,5,5,0
too_rife,5,5,0
really_upbeat,5,5,0
even_rubbish,5,5,0
specifically_wrong,5,0,5
primarily_dependent,5,3,2
easily_comparable,5,5,0
genuinely_unexpected,5,3,2
less_formulaic,5,3,2
less_fleeting,5,0,5
even_shallow,5,5,0
reasonably_fresh,5,5,0
already_compliant,5,5,0
obviously_intelligent,5,3,2
sorely_mistaken,5,5,0
inherently_corrupt,5,2,3
as_apparent,5,3,2
even_short-term,5,5,0
too_satisfying,5,5,0
clearly_ready,5,4,1
terribly_new,5,2,3
reasonably_new,5,2,3
reasonably_obvious,5,5,0
more_dystopian,5,3,2
as_antiquated,5,0,5
just_fashionable,5,5,0
as_anti-american,5,3,2
reasonably_predictable,5,5,0
perhaps_ready,5,5,0
perhaps_real,5,5,0
just_faulty,5,5,0
much_necessary,5,5,0
clearly_problematic,5,5,0
reasonably_accessible,5,5,0
reasonably_equivalent,5,5,0
fairly_amazing,5,3,2
very_squeamish,5,5,0
even_secretive,5,4,1
more_overwhelmed,5,5,0
even_sectarian,5,5,0
clearly_pleased,5,4,1
reasonably_apparent,5,5,0
previously_unrecognized,5,4,1
genuinely_unsettling,5,3,2
too_ruthless,5,5,0
genuinely_unusual,5,1,4
as_assertive,5,3,2
incredibly_obnoxious,5,3,2
early_second,5,5,0
much_supportive,5,5,0
reasonably_confident,5,5,0
too_salient,5,5,0
less_focused,5,4,1
perhaps_psychological,5,3,2
less_humane,5,5,0
less_flimsy,5,0,5
well_ready,5,3,2
nearly_intact,5,5,0
seemingly_impenetrable,5,5,0
exceedingly_nice,5,4,1
seemingly_untouched,5,5,0
classically_american,5,3,2
unfailingly_kind,5,5,0
physically_comfortable,5,5,0
somewhat_contentious,5,5,0
phenomenally_talented,5,5,0
most_mature,5,5,0
just_relevant,5,4,1
happily_oblivious,5,5,0
significantly_hotter,5,5,0
not_overpriced,5,5,0
not_overt,5,5,0
less_loving,5,5,0
n't_economical,5,5,0
directly_useful,5,3,2
too_urgent,5,5,0
wholly_independent,5,4,1
most_marginalized,5,5,0
pretty_oblivious,5,5,0
particularly_daring,5,1,4
just_regional,5,4,1
maybe_hungry,5,5,0
just_sympathetic,5,5,0
pretty_horny,5,5,0
not_soluble,5,5,0
not_solemn,5,5,0
pretty_offensive,5,4,1
seemingly_unattainable,5,4,1
significantly_popular,5,5,0
also_proficient,5,5,0
significantly_poorer,5,4,1
happily_full,5,5,0
utterly_gross,5,3,2
too_unworthy,5,5,0
completely_bereft,5,5,0
just_redundant,5,5,0
comparatively_inexpensive,5,5,0
significantly_new,5,1,4
much_fatter,5,5,0
also_muslim,5,5,0
directly_transferable,5,5,0
heartbreakingly_poignant,5,4,1
truly_reliable,5,5,0
not_selective,5,5,0
extremely_straightforward,5,5,0
incredibly_detrimental,5,5,0
sickly_green,5,5,0
directly_political,5,5,0
pretty_muddy,5,5,0
completely_banal,5,2,3
maybe_funny,5,4,1
actually_several,5,4,1
seriously_creepy,5,1,4
sickeningly_familiar,5,4,1
directly_liable,5,5,0
comparatively_simple,5,3,2
not_peachy,5,5,0
sometimes_subject,5,5,0
n't_entertaining,5,5,0
very_informational,5,5,0
somewhat_cold,5,5,0
not_passive,5,3,2
not_partisan,5,5,0
somewhat_comparable,5,2,3
most_melodic,5,5,0
demonstrably_true,5,5,0
not_own,5,5,0
not_palatable,5,5,0
somewhat_comforting,5,4,1
particularly_gratifying,5,2,3
n't_glamorous,5,5,0
sweetly_romantic,5,4,1
maybe_great,5,5,0
also_powerful,5,5,0
incredibly_enticing,5,2,3
pretty_naive,5,5,0
extremely_transparent,5,5,0
almost_solid,5,5,0
more_noisy,5,5,0
most_major,5,5,0
most_majestic,5,4,1
somewhat_crazy,5,5,0
extremely_stable,5,4,1
materially_similar,5,5,0
absolutely_marvelous,5,3,2
instantly_addictive,5,5,0
seemingly_futile,5,4,1
just_powerful,5,5,0
pretty_proficient,5,4,1
extremely_undesirable,5,5,0
just_powerless,5,5,0
beyond_tired,5,5,0
more_fake,5,5,0
pretty_heroic,5,2,3
mathematically_alive,5,5,0
just_tasty,5,5,0
seemingly_hopeless,5,5,0
seemingly_ignorant,5,5,0
extremely_underwhelming,5,5,0
inherently_healthy,5,2,3
particularly_harsh,5,4,1
technically_demanding,5,4,1
uniquely_capable,5,4,1
incredibly_flavorful,5,4,1
perversely_amusing,5,2,3
very_heartbroken,5,5,0
very_ephemeral,5,4,1
seemingly_different,5,3,2
also_reliant,5,5,0
maybe_lower,5,5,0
not_technological,5,5,0
unexpectedly_high,5,5,0
perhaps_embarrassing,5,5,0
not_taxable,5,5,0
utterly_engaging,5,3,2
not_obscure,5,5,0
technically_different,5,4,1
n't_handy,5,5,0
surprisingly_wonderful,5,2,3
incredibly_flattering,5,5,0
similarly_appropriate,5,2,3
perversely_entertaining,5,2,3
not_open-minded,5,5,0
not_suspicious,5,5,0
more_non-traditional,5,0,5
just_professional,5,5,0
more_far-flung,5,3,2
not_stuck,5,5,0
halfway_intelligent,5,0,5
incredibly_dense,5,5,0
seemingly_nonsensical,5,5,0
maybe_insane,5,5,0
incredibly_fantastic,5,5,0
less_deliberate,5,5,0
pretty_hokey,5,5,0
pretty_peaceful,5,5,0
too_unsettled,5,5,0
much_flawless,5,5,0
disarmingly_simple,5,5,0
somewhat_creative,5,4,1
not_spontaneous,5,5,0
pretty_persuasive,5,5,0
pretty_pessimistic,5,5,0
more_forgivable,5,5,0
biblically_accurate,5,5,0
perversely_fascinating,5,2,3
seemingly_incomprehensible,5,2,3
disproportionately_male,5,5,0
hyper_competitive,5,5,0
particularly_delicious,5,2,3
more_platonic,5,1,4
similarly_amazing,5,3,2
disproportionately_high,5,5,0
truly_angry,5,4,1
particularly_dense,5,5,0
uniquely_bad,5,1,4
surprisingly_young,5,5,0
particularly_dependent,5,5,0
maybe_jealous,5,5,0
fairly_extraordinary,5,0,5
seemingly_intractable,5,5,0
hugely_wrong,5,2,3
shockingly_violent,5,5,0
seriously_defective,5,4,1
too_wobbly,5,5,0
just_shit,5,5,0
severely_deficient,5,5,0
unintentionally_amusing,5,5,0
exceedingly_common,5,5,0
less_crude,5,4,1
still_challenging,5,5,0
particularly_fresh,5,4,1
completely_apathetic,5,5,0
incredibly_disappointing,5,5,0
n't_fantastic,5,5,0
architecturally_stunning,5,4,1
also_noteworthy,5,5,0
still_cheap,5,5,0
exceedingly_hard,5,5,0
perhaps_desirable,5,5,0
sometimes_violent,5,5,0
incredibly_drunk,5,5,0
particularly_friendly,5,5,0
uniformly_moist,5,5,0
pretty_lenient,5,5,0
desperately_close,5,4,1
also_outstanding,5,5,0
always_missing,5,0,5
sharply_political,5,5,0
biologically_significant,5,5,0
still_captive,5,5,0
severely_abnormal,5,5,0
particularly_expensive,5,5,0
completely_abnormal,5,3,2
also_outdated,5,5,0
not_recent,5,5,0
truly_atrocious,5,4,1
also_outraged,5,5,0
inherently_important,5,1,4
truly_refreshing,5,0,5
more_flirtatious,5,1,4
severely_autistic,5,5,0
maybe_best,5,5,0
tad_difficult,5,5,0
maybe_dark,5,4,1
pretty_kinky,5,5,0
extremely_suspect,5,5,0
systemically_important,5,5,0
hugely_sceptical,5,5,0
wholly_unaware,5,5,0
sexually_indecent,5,5,0
not_pro-life,5,5,0
most_needy,5,4,1
extremely_surprising,5,3,2
not_prominent,5,5,0
pretty_insignificant,5,4,1
sexually_inactive,5,5,0
sexually_dysfunctional,5,5,0
unimaginably_horrible,5,0,5
sexually_free,5,5,0
sexually_exciting,5,3,2
more_flattered,5,5,0
less_measurable,5,1,4
physically_awkward,5,4,1
pretty_inventive,5,5,0
about_fine,5,5,0
severely_unaffordable,5,5,0
pretty_key,5,3,2
devastatingly_sad,5,5,0
less_criminal,5,5,0
pretty_ingenious,5,3,2
maybe_comparable,5,5,0
less_materialistic,5,2,3
somewhat_active,5,5,0
severely_underpaid,5,5,0
sexually_mature,5,5,0
fairly_foreign,5,3,2
not_predisposed,5,4,1
pretty_innocuous,5,5,0
sexually_precocious,5,5,0
sexually_perverse,5,4,1
most_naive,5,5,0
sexually_alluring,5,5,0
just_sexy,5,5,0
incredibly_direct,5,2,3
n't_enthusiastic,5,5,0
digitally_savvy,5,5,0
not_ridiculous,5,5,0
directly_critical,5,3,2
hugely_problematic,5,4,1
most_misleading,5,5,0
still_competitive,5,5,0
always_messy,5,5,0
not_restrictive,5,5,0
biologically_male,5,4,1
shockingly_original,5,3,2
tad_jealous,5,5,0
particularly_english,5,1,4
biologically_older,5,4,1
already_legal,5,2,3
shockingly_mundane,5,5,0
not_respectful,5,5,0
maybe_easy,5,5,0
fairly_free,5,5,0
much_easy,5,4,1
seriously_fishy,5,0,5
absolutely_imperative,5,5,0
hugely_powerful,5,4,1
extremely_tiring,5,5,0
seriously_different,5,1,4
more_seedy,5,2,3
less_luxurious,5,3,2
utterly_extraordinary,5,0,5
not_peculiar,5,4,1
not_perceptible,5,2,3
seriously_disruptive,5,5,0
extremely_tidy,5,5,0
unintentionally_offensive,5,4,1
unfortunately_aware,5,5,0
inherently_hot,5,1,4
pretty_iconic,5,4,1
also_physical,5,3,2
utterly_tragic,5,4,1
pretty_mind-blowing,5,4,1
exceedingly_large,5,4,1
seriously_misleading,5,5,0
pretty_little,5,5,0
pretty_marginal,5,5,0
seriously_strange,5,3,2
physically_accessible,5,5,0
seriously_talented,5,5,0
hugely_unpopular,5,5,0
impeccably_polite,5,5,0
essentially_perfect,5,5,0
not_red,5,3,2
not_plentiful,5,5,0
also_overweight,5,5,0
n't_explicit,5,5,0
n't_faithful,5,5,0
somewhat_analogous,5,3,2
particularly_fruitful,5,5,0
more_flowery,5,3,2
just_several,5,5,0
extremely_tedious,5,5,0
particularly_exceptional,5,4,1
perhaps_disappointed,5,5,0
seriously_special,5,0,5
seriously_silly,5,1,4
seriously_outdated,5,4,1
extremely_thorough,5,5,0
amazingly_funny,5,4,1
somewhat_bitter,5,5,0
somewhat_bigger,5,4,1
pretty_impossible,5,4,1
already_insolvent,5,5,0
not_replaceable,5,5,0
particularly_evil,5,4,1
maybe_deep,5,5,0
shockingly_expensive,5,5,0
more_pink,5,5,0
just_stellar,5,5,0
pretty_ludicrous,5,4,1
somewhat_baffling,5,5,0
exceedingly_attractive,5,4,1
seriously_sexy,5,4,1
particularly_dark,5,4,1
bit_confused,5,5,0
just_playful,5,5,0
n't_constructive,5,5,0
finally_open,5,5,0
also_short,5,5,0
round_good,5,5,0
too_uneven,5,5,0
commercially_appealing,5,4,1
particularly_clear,5,4,1
unduly_discriminatory,5,5,0
distinctly_unique,5,1,4
n't_comprehensive,5,5,0
clearly_attributable,5,4,1
actually_positive,5,4,1
not_weak,5,4,1
not_waterproof,5,5,0
extremely_user-friendly,5,4,1
massively_successful,5,5,0
truly_brave,5,3,2
somewhat_harder,5,5,0
more_shadowy,5,4,1
somewhat_hesitant,5,5,0
unduly_controversial,5,5,0
still_defiant,5,4,1
pretty_sinister,5,1,4
grossly_overpriced,5,5,0
somewhat_hostile,5,5,0
implicitly_racist,5,5,0
comically_wrong,5,4,1
clearly_available,5,5,0
roughly_enough,5,5,0
beyond_frustrated,5,5,0
just_obscure,5,5,0
distressingly_familiar,5,5,0
similarly_vague,5,1,4
roughly_parallel,5,3,2
pretty_giddy,5,5,0
more_freaky,5,3,2
pretty_glorious,5,5,0
actually_popular,5,3,2
most_intolerant,5,5,0
delightfully_odd,5,4,1
grossly_understated,5,5,0
similarly_offensive,5,4,1
much_great,5,5,0
perhaps_creative,5,4,1
unduly_restrictive,5,5,0
scarcely_able,5,5,0
less_disciplined,5,5,0
just_traditional,5,5,0
truly_rotten,5,2,3
particularly_honest,5,4,1
particularly_hostile,5,5,0
more_set,5,5,0
incredibly_generic,5,3,2
pretty_salty,5,5,0
not_unpopular,5,5,0
sometimes_negative,5,5,0
just_overblown,5,5,0
very_sexist,5,5,0
less_consequential,5,0,5
sometimes_misleading,5,5,0
just_old-fashioned,5,5,0
fairly_grim,5,5,0
actually_practical,5,4,1
sadly_amiss,5,3,2
sadly_angry,5,5,0
extremely_sleepy,5,5,0
particularly_cold,5,5,0
particularly_comforting,5,1,4
not_vigilant,5,5,0
chronically_short,5,4,1
not_naked,5,5,0
just_optimistic,5,5,0
less_more,5,5,0
somewhat_haphazard,5,5,0
not_verbal,5,5,0
similarly_silly,5,1,4
not_vegetarian,5,5,0
unduly_pessimistic,5,5,0
most_instructive,5,5,0
personally_interesting,5,3,2
pretty_skilled,5,4,1
simply_appalling,5,5,0
grossly_erroneous,5,5,0
technically_right,5,5,0
somewhat_introverted,5,5,0
ridiculously_smart,5,5,0
just_uncommon,5,5,0
ridiculously_sweet,5,4,1
simply_arrogant,5,5,0
ridiculously_tasty,5,3,2
ridiculously_silly,5,4,1
very_existential,5,4,1
personally_hostile,5,4,1
more_sarcastic,5,4,1
around_fabulous,5,5,0
just_muslim,5,5,0
completely_counterintuitive,5,3,2
more_euphoric,5,4,1
pretty_freaky,5,5,0
around_familiar,5,5,0
fairly_enjoyable,5,4,1
less_disturbing,5,3,2
simply_awestruck,5,4,1
inherently_frightening,5,2,3
somewhat_irrational,5,5,0
somewhat_ironic,5,5,0
particularly_brilliant,5,1,4
pretty_fragile,5,5,0
noticeably_higher,5,5,0
bit_peculiar,5,0,5
pretty_stark,5,5,0
pretty_frank,5,5,0
simply_average,5,5,0
somewhat_intuitive,5,5,0
particularly_british,5,1,4
ridiculously_rich,5,5,0
all_clean,5,5,0
absolutely_pointless,5,4,1
more_narcissistic,5,4,1
somewhat_inferior,5,5,0
yet_alive,5,4,1
simply_adequate,5,5,0
pretty_sneaky,5,3,2
well_small,5,5,0
very_showy,5,5,0
more_nutritional,5,3,2
disturbingly_close,5,4,1
somewhat_inaccurate,5,5,0
just_unappealing,5,5,0
too_unconcerned,5,5,0
n't_cold,5,5,0
very_short-term,5,4,1
massively_parallel,5,5,0
most_optimal,5,5,0
incredibly_dear,5,2,3
just_nonsensical,5,5,0
already_homeless,5,5,0
also_smart,5,5,0
pretty_futile,5,5,0
ideologically_extreme,5,5,0
right_available,5,5,0
simply_alive,5,5,0
vastly_underrated,5,4,1
utterly_surprising,5,4,1
maybe_sick,5,4,1
pretty_spicy,5,5,0
absolutely_personal,5,4,1
somewhat_indifferent,5,5,0
utterly_incompetent,5,5,0
n't_coachable,5,5,0
absolutely_passionate,5,4,1
right_fine,5,5,0
right_funny,5,5,0
well_shy,5,2,3
most_insidious,5,5,0
completely_convincing,5,4,1
too_unbearable,5,5,0
notably_lacking,5,2,3
not_unlawful,5,5,0
sadly_inevitable,5,4,1
not_nearby,5,5,0
seemingly_alive,5,5,0
very_excitable,5,5,0
extremely_unpredictable,5,5,0
too_unimaginative,5,5,0
personally_valuable,5,2,3
not_trans,5,5,0
all_passionate,5,3,2
totally_artificial,5,3,2
not_negligent,5,5,0
not_noteworthy,5,5,0
about_dead,5,5,0
scientifically_plausible,5,5,0
just_peaceful,5,5,0
habitually_late,5,5,0
much_deadlier,5,1,4
pretty_recent,5,5,0
just_overwhelmed,5,5,0
exceedingly_slow,5,4,1
perhaps_curious,5,5,0
fairly_graphic,5,5,0
not_unanimous,5,5,0
personally_present,5,4,1
n't_contagious,5,5,0
not_nervous,5,5,0
just_tiny,5,5,0
distinctly_creepy,5,0,5
personally_sensitive,5,4,1
just_partial,5,5,0
secretly_proud,5,5,0
finally_calm,5,5,0
utterly_unable,5,4,1
distinctly_lacking,5,0,5
around_close,5,4,1
not_trendy,5,5,0
scientifically_unsound,5,4,1
second_biggest,5,5,0
not_nimble,5,5,0
similarly_inappropriate,5,2,3
perhaps_enough,5,5,0
more_fortuitous,5,4,1
not_obedient,5,5,0
just_passable,5,5,0
scientifically_true,5,5,0
pretty_relative,5,5,0
somewhat_fearful,5,5,0
delightfully_unexpected,5,2,3
pretty_reluctant,5,5,0
somewhat_feeble,5,0,5
incredibly_demanding,5,4,1
perhaps_extra,5,5,0
exceedingly_sorrowful,5,5,0
heavily_immigrant,5,5,0
very_self-critical,5,5,0
wholly_artificial,5,4,1
maybe_new,5,5,0
more_sensuous,5,1,4
somewhat_dubious,5,5,0
absolutely_horrified,5,5,0
wonderfully_significant,5,0,5
worst_possible,5,5,0
inherently_harmful,5,3,2
not_unable,5,5,0
extremely_sluggish,5,5,0
heavily_detailed,5,3,2
utterly_hopeless,5,4,1
particularly_contentious,5,5,0
completely_chaotic,5,4,1
distinctly_feminine,5,2,3
more_exploitative,5,3,2
somewhat_friendly,5,5,0
less_desirous,5,4,1
just_passive,5,5,0
not_thoughtful,5,4,1
somewhat_dominant,5,5,0
n't_crucial,5,5,0
not_top-notch,5,5,0
pretty_respectable,5,5,0
very_heartbreaking,5,4,1
about_great,5,5,0
somewhat_frightening,5,2,3
absolutely_horrid,5,4,1
somewhat_embarrassed,5,2,3
just_overpriced,5,5,0
not_null,5,5,0
somewhat_expensive,5,5,0
seemingly_crazy,5,5,0
still_bare,5,5,0
similarly_dark,5,3,2
scientifically_inaccurate,5,5,0
particularly_hilarious,5,2,3
distinctly_new,5,1,4
somewhat_eccentric,5,5,0
totally_ugly,4,3,1
extremely_ridiculous,4,2,2
extremely_forgetful,4,4,0
inherently_insecure,4,4,0
almost_awake,4,4,0
physically_huge,4,4,0
quite_catastrophic,4,3,1
more_collectible,4,2,2
inherently_stupid,4,2,2
freely_open,4,4,0
inherently_impossible,4,2,2
perfectly_legible,4,3,1
fairly_hot,4,4,0
extremely_sketchy,4,4,0
fairly_horrific,4,4,0
very_heartening,4,3,1
as_prepared,4,4,0
as_possible,4,4,0
quickly_apparent,4,4,0
physically_defective,4,4,0
extremely_extroverted,4,4,0
truly_desperate,4,1,3
more_overworked,4,3,1
more_commanding,4,2,2
extremely_explosive,4,2,2
all_amazing,4,4,0
truly_harmful,4,1,3
actually_competent,4,2,2
actually_competitive,4,3,1
truly_depressing,4,3,1
ethically_defensible,4,4,0
extremely_spiritual,4,0,4
extremely_sure,4,4,0
overly_bland,4,4,0
extremely_self-conscious,4,4,0
truly_diabolical,4,0,4
extremely_exploitative,4,4,0
fairly_bizarre,4,4,0
actually_blue,4,4,0
tremendously_rewarding,4,4,0
tremendously_sad,4,3,1
as_one-dimensional,4,3,1
very_hazy,4,4,0
ethically_repugnant,4,4,0
plain_non-existent,4,4,0
perhaps_confusing,4,4,0
more_pathological,4,1,3
perhaps_chinese,4,4,0
more_communicative,4,4,0
fairly_appealing,4,3,1
plain_needy,4,4,0
perfectly_open,4,3,1
more_payable,4,4,0
fairly_apparent,4,4,0
very_magnetic,4,1,3
overly_aware,4,4,0
more_pastoral,4,3,1
inherently_complicated,4,1,3
extremely_superficial,4,4,0
fairly_ambiguous,4,4,0
fairly_fundamental,4,1,3
quietly_tragic,4,0,4
more_placid,4,3,1
intensely_rewarding,4,4,0
fairly_ambitious,4,3,1
quite_black,4,4,0
even_biggest,4,4,0
as_melodramatic,4,3,1
intentionally_ambiguous,4,4,0
perhaps_normal,4,4,0
amazingly_innovative,4,3,1
even_bleaker,4,3,1
more_choosy,4,4,0
truly_enthusiastic,4,4,0
extremely_sadistic,4,4,0
extremely_sexist,4,2,2
extremely_saddened,4,4,0
as_pompous,4,1,3
always_worthy,4,3,1
truly_deep,4,0,4
perhaps_open,4,4,0
too_liquid,4,4,0
inherently_joyous,4,0,4
quickly_fatal,4,4,0
always_desirable,4,4,0
perhaps_crazy,4,4,0
perhaps_orange,4,4,0
very_ludicrous,4,3,1
quickly_obvious,4,4,0
perhaps_dazzling,4,4,0
quietly_aware,4,3,1
physically_impressive,4,4,0
quietly_happy,4,3,1
totally_unconventional,4,1,3
purely_objective,4,1,3
actually_awesome,4,3,1
quite_careless,4,4,0
fairly_competent,4,4,0
very_intrusive,4,3,1
physically_gifted,4,2,2
fairly_outspoken,4,4,0
outwardly_hostile,4,4,0
tremendously_pleased,4,4,0
amazingly_lucky,4,4,0
plain_outdated,4,4,0
extremely_favorable,4,4,0
more_multifaceted,4,3,1
overly_bold,4,4,0
as_methodical,4,2,2
extremely_fatigued,4,4,0
as_mechanical,4,1,3
very_instant,4,4,0
totally_unattainable,4,3,1
overly_blunt,4,4,0
fairly_compelling,4,2,2
very_human-like,4,2,2
almost_brown,4,4,0
fairly_compatible,4,1,3
perhaps_offensive,4,4,0
more_combustible,4,3,1
outwardly_successful,4,4,0
quite_brazen,4,3,1
extremely_straight,4,4,0
more_nationalist,4,3,1
fairly_brief,4,3,1
fairly_full,4,4,0
perhaps_complementary,4,4,0
totally_unethical,4,3,1
amazingly_fresh,4,4,0
perhaps_cool,4,4,0
totally_unfit,4,4,0
fairly_concrete,4,1,3
extremely_sturdy,4,2,2
quite_brittle,4,4,0
as_opinionated,4,2,2
quietly_radical,4,1,3
fairly_fun,4,4,0
purely_offline,4,4,0
more_pluralistic,4,1,3
more_mutual,4,2,2
totally_unaffected,4,3,1
perhaps_outdated,4,4,0
perhaps_permanent,4,4,0
more_collective,4,0,4
fairly_clueless,4,4,0
extremely_stylish,4,4,0
perhaps_lucky,4,4,0
even_banal,4,3,1
truly_apocalyptic,4,0,4
quickly_unavailable,4,4,0
extremely_formal,4,3,1
perhaps_pink,4,4,0
fairly_peculiar,4,4,0
too_itchy,4,4,0
too_likable,4,4,0
physically_frail,4,4,0
quite_blue,4,4,0
truly_disappointed,4,4,0
plain_messy,4,4,0
overly_attentive,4,4,0
physically_okay,4,4,0
perfectly_justifiable,4,3,1
quietly_beautiful,4,3,1
perfectly_manageable,4,4,0
more_painstaking,4,3,1
more_mountainous,4,4,0
ethically_suspect,4,3,1
extremely_stiff,4,4,0
freely_customizable,4,4,0
even_biodegradable,4,4,0
quickly_undone,4,4,0
fairly_frequent,4,4,0
very_lowest,4,3,1
extremely_sticky,4,4,0
intensely_sad,4,3,1
more_plastic,4,3,1
very_corporate,4,4,0
perhaps_likely,4,4,0
extremely_social,4,3,1
totally_unconscious,4,4,0
even_airborne,4,4,0
more_nihilistic,4,1,3
extremely_reticent,4,4,0
over_faster,4,4,0
very_legible,4,4,0
extremely_picky,4,3,1
quite_acute,4,3,1
more_oily,4,4,0
inherently_gross,4,3,1
amazingly_smooth,4,4,0
fairly_interested,4,4,0
plain_eccentric,4,4,0
more_conditional,4,3,1
inherently_mysterious,4,0,4
truly_best,4,4,0
very_legit,4,4,0
even_adorable,4,4,0
plain_aggressive,4,4,0
extremely_linear,4,4,0
very_imprecise,4,4,0
very_greasy,4,4,0
extremely_pleasurable,4,4,0
very_infectious,4,4,0
as_negligent,4,4,0
perhaps_helpful,4,4,0
extremely_unconventional,4,4,0
inherently_great,4,1,3
even_anarchic,4,4,0
more_occasional,4,4,0
plain_dreadful,4,4,0
plain_dysfunctional,4,4,0
totally_voluntary,4,4,0
alarmingly_similar,4,2,2
tragically_different,4,3,1
very_industrial,4,3,1
truly_comfortable,4,3,1
extremely_low-cost,4,4,0
very_judicious,4,4,0
inherently_ephemeral,4,2,2
extremely_loving,4,4,0
more_cluttered,4,3,1
more_trickier,4,4,0
extremely_lovable,4,4,0
even_anecdotal,4,4,0
even_angelic,4,4,0
perhaps_white,4,4,0
perhaps_hot,4,4,0
truly_complicated,4,1,3
eternally_secure,4,4,0
more_perplexed,4,3,1
fairly_mediocre,4,4,0
physiologically_wrong,4,1,3
transparently_false,4,3,1
quite_approachable,4,4,0
extremely_prevalent,4,4,0
perhaps_alien,4,4,0
very_implausible,4,2,2
transparently_stupid,4,2,2
extremely_knowledgable,4,3,1
physically_unhealthy,4,4,0
perhaps_unhealthy,4,4,0
tremendously_appealing,4,2,2
quite_arcane,4,3,1
over_several,4,4,0
faintly_absurd,4,1,3
very_inflammatory,4,2,2
all_catholic,4,4,0
extremely_underrated,4,4,0
perhaps_unfair,4,4,0
quite_apprehensive,4,4,0
extremely_late,4,4,0
over_enthusiastic,4,4,0
perhaps_absent,4,4,0
extremely_unfortunate,4,1,3
extremely_poignant,4,4,0
almost_astounding,4,0,4
very_jittery,4,4,0
as_perishable,4,1,3
plain_excited,4,4,0
more_medical,4,1,3
perhaps_unnecessary,4,4,0
perhaps_human,4,4,0
amazingly_comfortable,4,3,1
tragically_sad,4,2,2
perversely_admirable,4,0,4
intensely_physical,4,4,0
tragically_short,4,3,1
very_jazzy,4,3,1
quite_accommodating,4,4,0
plain_expensive,4,4,0
truly_extreme,4,2,2
plain_dorky,4,4,0
plain_disturbing,4,4,0
eternally_present,4,4,0
fairly_limited,4,4,0
truly_christian,4,3,1
personally_embarrassing,4,2,2
freshly_homemade,4,4,0
totally_worthwhile,4,4,0
extremely_watchable,4,4,0
extremely_mundane,4,3,1
totally_willing,4,4,0
perfectly_uniform,4,4,0
truly_clever,4,2,2
extremely_moving,4,4,0
inherently_offensive,4,1,3
fairly_early,4,4,0
extremely_motivational,4,4,0
all_brilliant,4,4,0
extremely_opinionated,4,4,0
plain_brutal,4,4,0
perfectly_sweet,4,2,2
extremely_modest,4,4,0
personally_inconvenient,4,4,0
again_wrong,4,4,0
extremely_natural,4,3,1
more_total,4,4,0
extremely_visible,4,3,1
plain_cranky,4,4,0
very_unaware,4,4,0
truly_celebratory,4,0,4
perhaps_fifth,4,4,0
even_agonizing,4,4,0
even_alarmist,4,4,0
personally_grateful,4,4,0
amazingly_creative,4,3,1
very_helpless,4,4,0
extremely_obscene,4,3,1
more_mercurial,4,1,3
extremely_naughty,4,3,1
purely_utilitarian,4,4,0
extremely_vigilant,4,4,0
inherently_paradoxical,4,2,2
very_covert,4,4,0
plain_common,4,3,1
perfectly_tidy,4,3,1
more_militaristic,4,2,2
extremely_mobile,4,4,0
extremely_marginal,4,4,0
more_observable,4,4,0
permanently_resident,4,4,0
permanently_open,4,4,0
inherently_annoying,4,2,2
inherently_expensive,4,4,0
very_uniform,4,3,1
perhaps_fearful,4,4,0
extremely_mediocre,4,4,0
perhaps_hard,4,4,0
alarmingly_real,4,4,0
extremely_peaceful,4,2,2
over_reactive,4,4,0
as_obedient,4,2,2
eternally_perfect,4,4,0
personally_obnoxious,4,4,0
even_amoral,4,4,0
extremely_mature,4,4,0
extremely_unwise,4,2,2
permanently_blind,4,4,0
extremely_massive,4,2,2
permanently_unable,4,4,0
truly_collaborative,4,2,2
traditionally_strong,4,4,0
perhaps_german,4,4,0
very_indifferent,4,4,0
quite_affluent,4,4,0
perfectly_sure,4,4,0
very_indignant,4,4,0
inherently_geeky,4,0,4
even_altruistic,4,4,0
amazingly_satisfying,4,0,4
plain_depressing,4,4,0
inherently_fair,4,0,4
amazingly_different,4,1,3
totally_white,4,4,0
extremely_miserable,4,4,0
quite_american,4,4,0
over_quicker,4,4,0
even_amateurish,4,4,0
perpetually_late,4,4,0
very_uncanny,4,0,4
purely_tactical,4,4,0
perfectly_satisfying,4,3,1
extremely_uncommon,4,4,0
very_hungover,4,4,0
inherently_damaging,4,1,3
more_mandatory,4,4,0
very_hysterical,4,3,1
extremely_hurt,4,4,0
over_cautious,4,4,0
perhaps_disingenuous,4,4,0
truly_available,4,4,0
perhaps_international,4,4,0
almost_blind,4,3,1
inherently_safe,4,4,0
physically_accurate,4,4,0
physically_separate,4,4,0
extremely_horrible,4,1,3
extremely_terrifying,4,4,0
physically_adept,4,4,0
intentionally_absurd,4,4,0
again_new,4,3,1
inherently_scary,4,1,3
perhaps_ironic,4,4,0
perhaps_red,4,4,0
perhaps_intentional,4,3,1
ethnically_objectionable,4,4,0
inherently_adorable,4,1,3
very_live,4,2,2
perhaps_short,4,4,0
more_touchy,4,4,0
fairly_neat,4,4,0
even_assertive,4,4,0
extremely_impatient,4,4,0
extremely_impactful,4,3,1
as_philosophical,4,3,1
as_photogenic,4,2,2
perhaps_disturbing,4,3,1
perhaps_serious,4,4,0
purely_professional,4,4,0
indeed_significant,4,4,0
amazingly_terrible,4,4,0
almost_bare,4,4,0
perhaps_second,4,4,0
truly_glorious,4,1,3
even_astronomical,4,4,0
perhaps_distant,4,4,0
even_asymptomatic,4,4,0
indeed_unable,4,4,0
as_pivotal,4,2,2
overly_bureaucratic,4,4,0
fairly_immediate,4,2,2
all_depressed,4,4,0
fairly_convincing,4,4,0
extremely_handsome,4,4,0
perhaps_questionable,4,3,1
too_intangible,4,3,1
perhaps_jealous,4,4,0
always_crazy,4,4,0
again_happy,4,4,0
more_maintainable,4,1,3
frighteningly_different,4,1,3
very_granular,4,3,1
plain_jealous,4,4,0
plain_lacking,4,4,0
quick_easy,4,3,1
very_hygienic,4,4,0
again_good,4,4,0
perfectly_parallel,4,4,0
extremely_gratified,4,4,0
as_pliable,4,4,0
perhaps_depressed,4,4,0
extremely_restrictive,4,4,0
ethnically_homogenous,4,4,0
questionably_legal,4,4,0
plain_insensitive,4,4,0
very_long-lasting,4,4,0
extremely_hectic,4,4,0
even_authoritative,4,4,0
plain_insulting,4,4,0
more_time-consuming,4,2,2
totally_unnoticed,4,3,1
physically_remote,4,4,0
very_cosmopolitan,4,4,0
essentially_symbolic,4,4,0
fairly_abundant,4,4,0
as_moist,4,3,1
plain_invisible,4,4,0
very_inoffensive,4,1,3
too_lifelike,4,2,2
more_overjoyed,4,4,0
extremely_resourceful,4,4,0
extremely_harrowing,4,4,0
plain_idiotic,4,4,0
fairly_crude,4,4,0
inherently_hostile,4,3,1
more_marginalized,4,4,0
phenomenally_successful,4,3,1
too_jolly,4,4,0
extremely_provocative,4,4,0
fairly_deep,4,2,2
plain_fun,4,4,0
over_sudden,4,4,0
truly_courageous,4,1,3
as_petite,4,1,3
fairly_famous,4,4,0
any_good,4,3,1
totally_unsuited,4,3,1
perfectly_ridiculous,4,4,0
quite_attainable,4,4,0
extremely_troublesome,4,4,0
again_present,4,4,0
very_holistic,4,3,1
inherently_dependent,4,3,1
extremely_trivial,4,3,1
extremely_punctual,4,4,0
fairly_inconsistent,4,4,0
very_illogical,4,2,2
perhaps_threatening,4,4,0
inherently_radical,4,0,4
more_matte,4,2,2
more_oppressed,4,3,1
even_acoustic,4,4,0
almost_baroque,4,0,4
overly_chewy,4,4,0
very_imperative,4,2,2
perhaps_easy,4,4,0
overly_creamy,4,4,0
very_irrelevant,4,4,0
very_counter-intuitive,4,4,0
inherently_discriminatory,4,3,1
perhaps_trivial,4,3,1
extremely_intuitive,4,4,0
more_materialistic,4,3,1
very_immersive,4,2,2
any_farther,4,4,0
truly_endearing,4,2,2
as_ostentatious,4,1,3
extremely_tricky,4,4,0
totally_unseen,4,1,3
totally_unresponsive,4,3,1
inherently_holy,4,2,2
very_infrequent,4,4,0
perhaps_ineffective,4,4,0
all_delicious,4,4,0
plain_homesick,4,4,0
almost_blasphemous,4,1,3
plain_horny,4,4,0
too_jazzy,4,4,0
more_presumptuous,4,4,0
amazingly_sweet,4,3,1
extremely_tolerant,4,4,0
more_manipulative,4,1,3
actually_busy,4,4,0
perhaps_beneficial,4,4,0
extremely_real,4,3,1
actually_british,4,3,1
quite_available,4,4,0
even_akin,4,4,0
plain_hurtful,4,4,0
philosophically_problematic,4,3,1
perhaps_skilled,4,4,0
plain_hideous,4,4,0
fairly_inactive,4,3,1
more_ornamental,4,2,2
actually_applicable,4,3,1
any_lower,4,4,0
truly_gifted,4,1,3
perhaps_spiritual,4,4,0
always_conscious,4,4,0
actually_appropriate,4,4,0
perfectly_relevant,4,4,0
purposely_deceptive,4,4,0
very_unfunny,4,3,1
as_morbid,4,2,2
extremely_puzzling,4,3,1
plain_hateful,4,4,0
quintessentially_human,4,1,3
purely_recreational,4,3,1
intensely_spiritual,4,1,3
faintly_ludicrous,4,2,2
perhaps_indifferent,4,4,0
inherently_repulsive,4,0,4
truly_enlightening,4,1,3
too_motivated,4,4,0
always_welcoming,4,4,0
finally_clear,4,4,0
very_secondary,4,4,0
even_injurious,4,4,0
actually_funnier,4,4,0
around_annoying,4,4,0
particularly_democratic,4,4,0
very_second,4,4,0
overly_weird,4,4,0
actually_functional,4,3,1
always_loyal,4,4,0
actually_full,4,4,0
more_farcical,4,3,1
fiercely_patriotic,4,4,0
pretty_organic,4,4,0
too_unsophisticated,4,4,0
fiercely_original,4,4,0
arguably_superior,4,4,0
particularly_dirty,4,1,3
more_self-reliant,4,4,0
forever_thankful,4,4,0
ever_wrong,4,3,1
always_lovely,4,4,0
profoundly_comforting,4,0,4
too_unnerving,4,4,0
very_serendipitous,4,4,0
overtly_aggressive,4,4,0
ever_okay,4,4,0
very_sensuous,4,2,2
around_charming,4,4,0
too_unlucky,4,4,0
truly_responsible,4,4,0
actually_reliable,4,4,0
particularly_cute,4,3,1
very_episodic,4,4,0
pretty_queer,4,4,0
more_facile,4,4,0
pretty_provocative,4,4,0
too_unprepared,4,4,0
particularly_deadly,4,2,2
very_self-aware,4,3,1
pretty_primitive,4,4,0
too_unproductive,4,4,0
actually_safer,4,4,0
particularly_disgusting,4,3,1
instantly_readable,4,3,1
as_far-flung,4,4,0
even_incongruous,4,4,0
too_variable,4,4,0
too_vehement,4,3,1
pretty_moderate,4,4,0
pretty_misleading,4,4,0
particularly_elegant,4,4,0
pretty_miraculous,4,2,2
instantly_likeable,4,1,3
even_inclined,4,4,0
as_fallible,4,1,3
particularly_elusive,4,2,2
too_vibrant,4,3,1
too_virtuous,4,4,0
even_inactive,4,4,0
fiercely_ambitious,4,4,0
pretty_manageable,4,4,0
too_vital,4,4,0
particularly_erotic,4,1,3
actually_friendly,4,4,0
more_self-centered,4,3,1
very_sci-fi,4,3,1
actually_scottish,4,4,0
pretty_noticeable,4,4,0
all_warm,4,4,0
too_upbeat,4,4,0
actually_scary,4,3,1
pretty_niche,4,3,1
overly_trendy,4,3,1
too_upscale,4,4,0
pretty_nerdy,4,4,0
more_self-critical,4,4,0
as_faint,4,2,2
more_self-contained,4,1,3
even_indecent,4,4,0
arguably_more,4,4,0
particularly_dumb,4,3,1
more_succulent,4,3,1
even_incredible,4,4,0
arguably_legal,4,4,0
particularly_eager,4,4,0
pretty_repetitive,4,4,0
more_subconscious,4,2,2
very_malicious,4,3,1
even_insurmountable,4,4,0
pretty_stale,4,4,0
pretty_staggering,4,4,0
forever_faithful,4,4,0
eventually_fatal,4,4,0
pretty_spooky,4,3,1
overtly_partisan,4,4,0
overtly_offensive,4,4,0
too_unappealing,4,4,0
pretty_sparse,4,4,0
particularly_catchy,4,3,1
pretty_sobering,4,4,0
professionally_incompetent,4,4,0
around_enough,4,4,0
eventually_successful,4,4,0
very_shortsighted,4,4,0
finally_quiet,4,4,0
actually_pleasant,4,2,2
too_uncool,4,4,0
more_dicey,4,3,1
finally_stable,4,4,0
very_subversive,4,1,3
pretty_stereotypical,4,4,0
even_year-round,4,4,0
pretty_sudden,4,4,0
all_uphill,4,3,1
always_involved,4,4,0
around_impressive,4,4,0
more_shareable,4,3,1
more_equivalent,4,2,2
around_healthy,4,4,0
forever_dependent,4,4,0
too_treacherous,4,4,0
pretty_sticky,4,4,0
even_key,4,4,0
even_juvenile,4,4,0
particularly_blatant,4,2,2
actually_organic,4,4,0
around_friendly,4,4,0
too_twisted,4,3,1
professionally_active,4,4,0
very_silky,4,4,0
actually_pleased,4,4,0
pretty_skinny,4,4,0
pretty_sizeable,4,3,1
overtly_concerned,4,3,1
actually_proud,4,4,0
overtly_erotic,4,4,0
more_serviceable,4,3,1
pretty_rudimentary,4,4,0
pretty_rude,4,3,1
too_uniform,4,4,0
as_exact,4,3,1
too_perceptive,4,4,0
too_unimportant,4,4,0
particularly_conscious,4,4,0
ever_interested,4,4,0
pretty_romantic,4,4,0
pretty_robust,4,4,0
pretty_risque,4,4,0
finally_complete,4,3,1
actually_quiet,4,3,1
pretty_responsible,4,4,0
even_integral,4,4,0
pretty_rusty,4,4,0
more_expandable,4,1,3
very_shitty,4,3,1
all_responsible,4,4,0
ever_aware,4,4,0
too_understaffed,4,4,0
actually_poisonous,4,4,0
pretty_shrewd,4,3,1
actually_harmless,4,4,0
pretty_sheer,4,4,0
too_unexpected,4,3,1
even_irreconcilable,4,3,1
overtly_masculine,4,4,0
finally_good,4,3,1
finally_official,4,4,0
even_irate,4,4,0
professionally_relevant,4,3,1
more_exhausted,4,4,0
truly_unfortunate,4,3,1
very_shameful,4,3,1
truly_rude,4,4,0
pretty_scrappy,4,4,0
particularly_essential,4,3,1
even_implicit,4,4,0
pretty_lukewarm,4,4,0
profoundly_disconcerting,4,2,2
totally_bald,4,3,1
more_deferential,4,1,3
actually_sufficient,4,4,0
formerly_communist,4,4,0
always_false,4,4,0
truly_productive,4,1,3
totally_baseless,4,2,2
totally_basic,4,1,3
exceedingly_unusual,4,2,2
even_haunting,4,4,0
actually_surprising,4,4,0
pretty_fortunate,4,4,0
particularly_impatient,4,4,0
truly_problematic,4,3,1
truly_private,4,3,1
as_gaudy,4,3,1
pretty_fluffy,4,3,1
as_genial,4,1,3
particularly_influential,4,4,0
even_heartfelt,4,4,0
pretty_gentle,4,4,0
pretty_girly,4,4,0
as_frenetic,4,4,0
very_roomy,4,4,0
more_forward,4,4,0
fatally_dangerous,4,3,1
exceedingly_short,4,4,0
approximately_correct,4,4,0
pretty_grisly,4,2,2
actually_subject,4,4,0
particularly_holy,4,3,1
truly_profitable,4,1,3
exceedingly_tender,4,4,0
particularly_horrific,4,4,0
pretty_grand,4,1,3
very_robotic,4,4,0
appropriately_witty,4,0,4
too_open-ended,4,4,0
particularly_humid,4,4,0
insanely_wealthy,4,4,0
formerly_close,4,2,2
exceptionally_attractive,4,4,0
very_revolutionary,4,3,1
totally_bummed,4,4,0
as_good-natured,4,1,3
insanely_skilled,4,4,0
fascinatingly_beautiful,4,3,1
pretty_elementary,4,4,0
insanely_simple,4,2,2
overly_safe,4,4,0
even_glossy,4,4,0
overly_sad,4,4,0
exceptionally_easy,4,3,1
very_resentful,4,4,0
pretty_engaging,4,4,0
more_debatable,4,4,0
inexplicably_absent,4,4,0
pretty_ecstatic,4,4,0
pretty_easygoing,4,4,0
pretty_dusty,4,4,0
exceptionally_expensive,4,4,0
pretty_dubious,4,4,0
very_repugnant,4,2,2
inevitably_wrong,4,4,0
more_deceitful,4,3,1
truly_poor,4,3,1
more_rusty,4,4,0
totally_calm,4,4,0
exceptionally_brilliant,4,3,1
even_handicapped,4,4,0
very_experiential,4,3,1
too_old-school,4,4,0
exceptionally_clever,4,3,1
pretty_expert,4,4,0
actually_famous,4,4,0
profoundly_original,4,1,3
very_taxing,4,3,1
totally_cliche,4,4,0
actually_thoughtful,4,3,1
as_girly,4,1,3
pretty_evident,4,3,1
exceptionally_cruel,4,2,2
pretty_ephemeral,4,3,1
particularly_juicy,4,0,4
more_fuzzy,4,3,1
totally_asymptomatic,4,4,0
profoundly_inspiring,4,2,2
very_rosy,4,4,0
pretty_intimate,4,2,2
even_illicit,4,3,1
actually_sincere,4,4,0
particularly_famous,4,4,0
pretty_irritating,4,4,0
particularly_favorable,4,4,0
intellectually_provocative,4,4,0
actually_slower,4,4,0
pretty_intricate,4,4,0
as_finicky,4,1,3
particularly_fair,4,4,0
even_identifiable,4,4,0
particularly_fine,4,2,2
all_poor,4,4,0
exceedingly_grateful,4,4,0
pretty_influential,4,4,0
profoundly_funny,4,3,1
very_tacky,4,3,1
exceedingly_helpful,4,4,0
pretty_jealous,4,4,0
more_firm,4,3,1
more_flirty,4,1,3
too_overworked,4,4,0
actually_fraudulent,4,4,0
as_fearsome,4,2,2
too_weighty,4,4,0
even_impatient,4,4,0
exceedingly_bad,4,3,1
particularly_evocative,4,2,2
too_overwrought,4,4,0
even_impactful,4,4,0
exceedingly_boring,4,2,2
pretty_laid,4,4,0
exceedingly_bright,4,4,0
too_whimsical,4,4,0
more_deluded,4,4,0
even_immature,4,4,0
more_finicky,4,4,0
too_winded,4,4,0
overly_sympathetic,4,4,0
more_second,4,4,0
pretty_indicative,4,4,0
as_flattering,4,4,0
too_orderly,4,2,2
too_original,4,4,0
very_rowdy,4,4,0
more_forgetful,4,4,0
as_forgiving,4,4,0
as_formulaic,4,1,3
particularly_grotesque,4,3,1
pretty_historic,4,2,2
pretty_hip,4,4,0
totally_american,4,0,4
pretty_hideous,4,4,0
totally_afraid,4,4,0
profoundly_inappropriate,4,1,3
exceedingly_popular,4,4,0
particularly_handy,4,4,0
more_degrading,4,2,2
instantly_able,4,4,0
pretty_heartbroken,4,4,0
more_deft,4,4,0
more_formative,4,3,1
exceedingly_narrow,4,4,0
pretty_humble,4,4,0
more_deleterious,4,2,2
overly_stubborn,4,4,0
instantly_clear,4,4,0
truly_raw,4,1,3
intellectually_rewarding,4,1,3
profoundly_harmful,4,4,0
actually_special,4,0,4
particularly_generous,4,4,0
actually_spicy,4,3,1
pretty_immoral,4,4,0
pretty_imaginative,4,4,0
instantly_appealing,4,3,1
ferociously_competitive,4,3,1
more_scathing,4,2,2
more_foolproof,4,4,0
as_focused,4,1,3
as_foolhardy,4,1,3
pretty_hurtful,4,4,0
totally_affordable,4,4,0
overly_stressful,4,3,1
truly_secret,4,3,1
even_wide,4,4,0
too_thrilling,4,3,1
even_stormy,4,4,0
as_authoritative,4,1,3
as_dainty,4,2,2
even_scathing,4,4,0
even_scholarly,4,4,0
too_rural,4,3,1
too_pricy,4,4,0
even_secure,4,4,0
previously_unidentified,4,3,1
even_nuanced,4,4,0
as_artful,4,3,1
partially_inaccurate,4,4,0
even_serviceable,4,4,0
as_ardent,4,3,1
truly_toxic,4,4,0
too_sane,4,4,0
too_sanguine,4,4,0
as_debilitating,4,4,0
very_square,4,3,1
even_shady,4,4,0
as_automatic,4,4,0
too_rowdy,4,4,0
too_rotten,4,4,0
truly_surreal,4,1,3
even_oily,4,4,0
financially_worthwhile,4,3,1
primarily_negative,4,4,0
even_risque,4,4,0
financially_vulnerable,4,4,0
truly_sustainable,4,2,2
probably_intentional,4,4,0
financially_unsustainable,4,4,0
too_rigorous,4,4,0
even_savory,4,4,0
as_barren,4,4,0
even_rusty,4,4,0
even_salty,4,4,0
financially_unprepared,4,4,0
primarily_active,4,4,0
intellectually_arrogant,4,4,0
always_healthy,4,4,0
even_savage,4,4,0
even_sharper,4,3,1
previously_unexplored,4,3,1
even_nostalgia,4,4,0
pretty_yummy,4,2,2
even_nerdy,4,4,0
financially_sensitive,4,4,0
previously_homeless,4,4,0
even_sore,4,4,0
all_unaware,4,3,1
financially_risky,4,4,0
previously_accessible,4,4,0
even_nearer,4,3,1
pretty_worthwhile,4,3,1
actually_key,4,4,0
very_egotistical,4,3,1
as_democratic,4,2,2
partially_opaque,4,4,0
as_demure,4,3,1
actually_large,4,4,0
even_nationalistic,4,4,0
more_ecstatic,4,3,1
even_stiffer,4,1,3
previously_inaccessible,4,4,0
even_smug,4,4,0
probably_legal,4,4,0
even_simultaneous,4,4,0
previously_unemployed,4,4,0
previously_undocumented,4,2,2
financially_supportive,4,3,1
as_decisive,4,3,1
intellectually_bankrupt,4,3,1
as_annoyed,4,3,1
even_non-traditional,4,4,0
more_sluggish,4,4,0
partially_insane,4,4,0
even_smooth,4,4,0
as_analytical,4,1,3
even_singular,4,4,0
truly_traumatic,4,1,3
even_sketchy,4,4,0
very_effortless,4,4,0
even_sluggish,4,4,0
probably_moot,4,4,0
as_definite,4,0,4
as_crowded,4,4,0
finely_hairy,4,4,0
even_retrograde,4,4,0
even_presidential,4,4,0
more_disturbed,4,3,1
as_clinical,4,1,3
painfully_hot,4,4,0
truly_thoughtful,4,3,1
painfully_relevant,4,4,0
probably_concerned,4,4,0
painfully_sensitive,4,4,0
even_palatable,4,4,0
painfully_similar,4,3,1
even_pragmatic,4,4,0
even_prevalent,4,4,0
painfully_simple,4,2,2
very_stoked,4,4,0
even_pricier,4,4,0
truly_tender,4,1,3
even_prior,4,4,0
insufficiently_robust,4,4,0
even_pro-life,4,4,0
as_contrary,4,3,1
as_clunky,4,3,1
too_redundant,4,4,0
as_commercial,4,1,3
probably_extinct,4,4,0
probably_fair,4,4,0
too_queer,4,4,0
truly_terrified,4,4,0
painfully_obscure,4,3,1
even_peculiar,4,4,0
even_peaceful,4,4,0
very_driven,4,3,1
insufficiently_supportive,4,4,0
painfully_realistic,4,4,0
probably_difficult,4,4,0
even_patient,4,4,0
painfully_insecure,4,4,0
as_content,4,2,2
even_polish,4,4,0
more_sorry,4,4,0
painfully_quiet,4,4,0
as_cocky,4,2,2
probably_healthy,4,4,0
as_cheeky,4,2,2
as_crispy,4,4,0
as_bogus,4,4,0
too_repulsive,4,3,1
even_rectangular,4,4,0
firmly_intact,4,4,0
probably_important,4,2,2
primarily_symbolic,4,4,0
even_relaxing,4,4,0
as_bonkers,4,3,1
as_boisterous,4,3,1
even_remote,4,4,0
always_guilty,4,4,0
even_removable,4,4,0
even_repetitive,4,3,1
partially_compliant,4,4,0
too_responsive,4,4,0
as_blank,4,4,0
even_responsive,4,4,0
too_profitable,4,4,0
even_restrictive,4,4,0
as_cowardly,4,1,3
as_buttery,4,4,0
truly_tasty,4,1,3
even_puzzling,4,3,1
even_promising,4,4,0
probably_attributable,4,4,0
insufficiently_responsive,4,4,0
painfully_vulnerable,4,2,2
as_cost-efficient,4,2,2
even_psychedelic,4,4,0
as_cosy,4,4,0
truly_thrilling,4,0,4
as_caustic,4,3,1
even_raunchy,4,3,1
very_streamlined,4,3,1
all_square,4,4,0
more_disrespectful,4,4,0
too_promiscuous,4,4,0
actually_inappropriate,4,4,0
palpably_real,4,1,3
palpably_wrong,4,3,1
even_orderly,4,4,0
pretty_wholesome,4,4,0
too_sexist,4,4,0
even_lame,4,4,0
as_addicted,4,4,0
even_unknowable,4,4,0
even_loyal,4,4,0
probably_smarter,4,4,0
pretty_topical,4,4,0
even_unnerving,4,2,2
particularly_alluring,4,0,4
even_unorthodox,4,4,0
probably_stupid,4,3,1
even_unprecedented,4,4,0
even_unpredictable,4,4,0
even_unprofessional,4,4,0
particularly_ambitious,4,4,0
pretty_timeless,4,4,0
more_disagreeable,4,3,1
more_disadvantaged,4,3,1
even_lousy,4,4,0
financially_costly,4,4,0
around_superior,4,4,0
financially_conservative,4,4,0
too_stressed,4,4,0
too_strategic,4,4,0
pretty_tragic,4,2,2
pretty_uncertain,4,4,0
too_staid,4,3,1
overwhelmingly_inefficient,4,4,0
even_undervalued,4,4,0
even_manageable,4,4,0
even_man-made,4,3,1
more_stellar,4,3,1
artificially_cheap,4,4,0
as_doubtful,4,4,0
pretty_unappealing,4,4,0
even_uninteresting,4,3,1
too_stilted,4,4,0
very_empathic,4,4,0
pretty_trite,4,4,0
flatly_untrue,4,4,0
around_weird,4,4,0
financially_desperate,4,4,0
even_lumpy,4,4,0
even_unintended,4,4,0
more_stingy,4,4,0
pretty_terrified,4,4,0
around_spectacular,4,4,0
too_tasteful,4,4,0
even_venomous,4,4,0
very_endangered,4,4,0
even_leftist,4,4,0
even_left-wing,4,4,0
more_enthused,4,4,0
pretty_suspect,4,4,0
too_tangy,4,4,0
overtly_sexist,4,4,0
even_wacky,4,4,0
even_legit,4,4,0
very_sublime,4,2,2
even_washable,4,4,0
even_wasteful,4,4,0
around_nice,4,4,0
probably_willing,4,4,0
around_much,4,4,0
around_most,4,4,0
around_less,4,4,0
even_legendary,4,4,0
particularly_artistic,4,3,1
overwhelmingly_black,4,3,1
even_unwell,4,4,0
pretty_tenuous,4,4,0
as_educational,4,3,1
even_literate,4,4,0
more_straight,4,3,1
individually_true,4,4,0
too_suspect,4,4,0
financially_burdensome,4,4,0
probably_unintentional,4,3,1
even_unworkable,4,4,0
all_scared,4,4,0
even_upcoming,4,4,0
even_uplifting,4,4,0
around_satisfying,4,4,0
around_safer,4,4,0
too_pious,4,4,0
particularly_apt,4,4,0
even_lethargic,4,4,0
as_embarrassing,4,3,1
as_docile,4,3,1
even_marketable,4,4,0
pretty_unforgivable,4,2,2
artistically_satisfying,4,3,1
as_devout,4,2,2
artistically_talented,4,3,1
even_symmetrical,4,4,0
even_synonymous,4,4,0
truly_strong,4,3,1
even_tall,4,4,0
even_morbid,4,3,1
even_technological,4,4,0
even_moot,4,4,0
even_sweaty,4,4,0
actually_impressed,4,4,0
even_tepid,4,4,0
very_elated,4,4,0
even_monotonous,4,4,0
even_monetary,4,4,0
too_situational,4,4,0
very_electric,4,2,2
more_sketchy,4,1,3
pretty_vile,4,3,1
more_disingenuous,4,3,1
partially_solid,4,4,0
pretty_watchable,4,4,0
pretty_welcoming,4,4,0
as_acute,4,4,0
even_mythical,4,2,2
even_stuck,4,4,0
more_stagnant,4,2,2
even_stunning,4,4,0
even_subjective,4,4,0
probably_nice,4,3,1
intellectually_brilliant,4,4,0
even_mountainous,4,4,0
even_subservient,4,4,0
too_pregnant,4,4,0
even_mushy,4,4,0
financially_poor,4,4,0
as_abusive,4,1,3
pretty_volatile,4,4,0
probably_old,4,4,0
as_devoid,4,3,1
even_theatrical,4,4,0
as_discrete,4,3,1
very_elliptical,4,4,0
overwhelmingly_male,4,4,0
too_posh,4,4,0
as_disposable,4,2,2
partially_unemployed,4,4,0
pretty_unnecessary,4,4,0
probably_responsible,4,4,0
too_spiritual,4,4,0
insufficiently_aware,4,4,0
all_similar,4,4,0
very_elite,4,1,3
even_trustworthy,4,4,0
artificially_sweet,4,3,1
too_ponderous,4,4,0
too_spooky,4,4,0
actually_misleading,4,4,0
even_uncanny,4,1,3
partially_white,4,4,0
artificially_low,4,4,0
too_stable,4,4,0
even_turbulent,4,4,0
as_disparate,4,1,3
truly_stellar,4,3,1
even_minimalist,4,4,0
partially_sure,4,4,0
even_timeless,4,4,0
even_timely,4,4,0
as_disgusted,4,4,0
even_minuscule,4,4,0
even_tipsy,4,4,0
artistically_important,4,3,1
even_tolerant,4,4,0
financially_incapable,4,4,0
actually_meaningless,4,4,0
pretty_unstable,4,4,0
as_disingenuous,4,3,1
actually_lucky,4,4,0
financially_impractical,4,4,0
as_disorienting,4,4,0
even_traumatizing,4,4,0
actually_meaningful,4,2,2
even_tricky,4,4,0
very_republican,4,3,1
pretty_doubtful,4,4,0
pretty_dominant,4,4,0
even_conclusive,4,4,0
politically_themed,4,4,0
infinitely_cooler,4,2,2
even_cost-effective,4,4,0
even_cosmic,4,4,0
infinitely_creative,4,2,2
even_cosmetic,4,4,0
as_irreverent,4,4,0
all_fair,4,3,1
extraordinarily_resilient,4,4,0
fairly_technical,4,4,0
apparently_irrelevant,4,4,0
totally_non-existent,4,4,0
patently_stupid,4,3,1
politically_right,4,4,0
fairly_tall,4,4,0
more_isolated,4,3,1
as_irritating,4,4,0
intensely_fragrant,4,4,0
even_convoluted,4,4,0
always_supportive,4,4,0
fairly_tight,4,4,0
patently_impossible,4,4,0
frankly_sexual,4,4,0
very_damning,4,2,2
fairly_tricky,4,4,0
very_neurotic,4,3,1
as_invaluable,4,1,3
as_invincible,4,3,1
politically_wrong,4,4,0
more_irish,4,4,0
totally_modern,4,3,1
overly_generic,4,4,0
truly_invaluable,4,0,4
purely_bad,4,4,0
more_irksome,4,4,0
politically_unwilling,4,4,0
politically_unreliable,4,3,1
even_courteous,4,4,0
more_quantifiable,4,1,3
purely_beautiful,4,1,3
extraordinarily_passionate,4,3,1
infinitely_customizable,4,4,0
more_puzzled,4,3,1
extraordinarily_strong,4,4,0
aesthetically_compelling,4,3,1
politically_ignorant,4,4,0
purely_comic,4,4,0
extraordinarily_vivid,4,4,0
fairly_strenuous,4,4,0
politically_foolish,4,4,0
very_transformative,4,1,3
extravagantly_expensive,4,4,0
more_psychotic,4,2,2
politically_extreme,4,4,0
politically_inclined,4,3,1
apparently_impossible,4,3,1
very_mushy,4,4,0
politically_desirable,4,3,1
politically_dead,4,3,1
totally_ordinary,4,1,3
always_thankful,4,4,0
totally_outlandish,4,2,2
extremely_addicted,4,2,2
extraordinarily_useful,4,1,3
fairly_subjective,4,4,0
very_narrative,4,4,0
pathetically_eager,4,4,0
very_transactional,4,4,0
totally_novel,4,1,3
overly_frustrated,4,4,0
totally_numb,4,4,0
truly_international,4,4,0
extraordinarily_supportive,4,4,0
intensely_frustrating,4,4,0
frankly_stupid,4,4,0
fairly_surprised,4,4,0
as_joyous,4,2,2
fairly_supportive,4,4,0
purely_cognitive,4,4,0
politically_involved,4,3,1
even_contagious,4,3,1
pathetically_easy,4,4,0
actually_critical,4,2,2
politically_influential,4,4,0
more_jovial,4,2,2
extraordinarily_loyal,4,4,0
poorly_lit,4,4,0
more_invincible,4,4,0
all_fun,4,4,0
even_delicate,4,3,1
very_foundational,4,0,4
apparently_non-existent,4,3,1
very_frantic,4,4,0
even_definitive,4,4,0
very_one-dimensional,4,4,0
possibly_gay,4,4,0
extraordinarily_close,4,4,0
possibly_false,4,3,1
even_delightful,4,4,0
publicly_outspoken,4,3,1
possibly_easier,4,4,0
initially_supportive,4,4,0
overly_helpful,4,4,0
even_debatable,4,4,0
intensely_enough,4,3,1
more_insurmountable,4,3,1
truly_knowledgeable,4,3,1
as_inquisitive,4,3,1
partly_human,4,4,0
initially_shy,4,4,0
possibly_involved,4,2,2
extra_interesting,4,3,1
possibly_misleading,4,4,0
extra_motivated,4,4,0
partly_deaf,4,4,0
totally_logical,4,4,0
very_ornamental,4,4,0
partly_dependent,4,4,0
very_formative,4,4,0
more_inscrutable,4,2,2
possibly_important,4,2,2
possibly_interested,4,3,1
indeed_worried,4,3,1
possibly_insane,4,4,0
possibly_infamous,4,4,0
partly_genetic,4,4,0
possibly_indian,4,4,0
possibly_incorrect,4,4,0
possibly_impossible,4,4,0
truly_joyous,4,2,2
possibly_controversial,4,3,1
extraordinarily_long,4,4,0
positively_good,4,2,2
as_intentional,4,3,1
positively_monumental,4,4,0
positively_misleading,4,4,0
frankly_racist,4,3,1
passionately_involved,4,3,1
all_flawed,4,4,0
even_curvy,4,4,0
totally_misleading,4,2,2
always_drunk,4,4,0
fairly_uncontroversial,4,3,1
totally_mistaken,4,4,0
all_female,4,4,0
positively_electric,4,4,0
as_intractable,4,2,2
very_top,4,4,0
more_invalid,4,4,0
extraordinarily_large,4,4,0
too_merry,4,3,1
extraordinarily_happy,4,4,0
very_frosty,4,4,0
even_dazzling,4,3,1
possibly_available,4,2,2
very_offended,4,4,0
extraordinarily_easy,4,3,1
possibly_closer,4,3,1
possibly_chinese,4,4,0
all_friendly,4,4,0
possibly_bigger,4,1,3
extraordinarily_essential,4,4,0
possibly_best,4,4,0
initially_resistant,4,4,0
passionately_concerned,4,3,1
possibly_angry,4,4,0
fairly_underwhelming,4,4,0
extraordinarily_fortunate,4,4,0
as_insular,4,3,1
more_intermittent,4,3,1
almost_academic,4,4,0
more_tenable,4,1,3
positively_stunning,4,4,0
fairly_static,4,3,1
extremely_advantageous,4,4,0
possibly_nonexistent,4,4,0
purely_criminal,4,4,0
too_lucky,4,4,0
totally_smooth,4,4,0
even_caring,4,4,0
plain_terrifying,4,4,0
plain_tasteless,4,4,0
very_mediocre,4,4,0
always_unpredictable,4,3,1
totally_specific,4,2,2
very_medical,4,4,0
infinitely_less,4,3,1
very_measurable,4,2,2
even_captivating,4,4,0
extremely_direct,4,4,0
plain_stressful,4,4,0
extremely_disagreeable,4,4,0
apparently_asleep,4,4,0
even_canadian,4,4,0
perfectly_evident,4,4,0
purely_historical,4,4,0
too_lucrative,4,3,1
plain_tough,4,4,0
infinitely_large,4,2,2
extremely_crucial,4,2,2
perfectly_constitutional,4,4,0
extremely_cost-effective,4,4,0
totally_satisfying,4,3,1
plain_unique,4,4,0
very_glossy,4,4,0
extremely_credible,4,4,0
fairly_robust,4,2,2
too_lurid,4,4,0
extremely_crude,4,4,0
plain_true,4,4,0
extremely_cynical,4,3,1
plain_unbelievable,4,4,0
totally_sexy,4,2,2
as_lush,4,4,0
truly_illegal,4,2,2
plain_unappealing,4,4,0
purely_genetic,4,4,0
extremely_defensive,4,4,0
plain_spectacular,4,4,0
plain_sorry,4,4,0
even_callous,4,4,0
very_manipulative,4,4,0
totally_terrible,4,2,2
totally_terrified,4,4,0
totally_terrifying,4,4,0
more_lopsided,4,3,1
fairly_primitive,4,4,0
fairly_pricey,4,4,0
extremely_erotic,4,2,2
plain_quirky,4,4,0
extremely_ethical,4,4,0
plain_rotten,4,4,0
fairly_prevalent,4,4,0
inherently_talented,4,4,0
truly_holy,4,1,3
infinitely_more,4,3,1
more_pro-business,4,4,0
very_curvy,4,4,0
perfectly_human,4,4,0
plain_pointless,4,4,0
inherently_theatrical,4,1,3
always_disappointed,4,4,0
plain_smarter,4,4,0
purely_informational,4,4,0
more_consuming,4,2,2
extremely_distasteful,4,4,0
plain_small,4,3,1
extremely_distracting,4,4,0
even_bureaucratic,4,4,0
truly_humane,4,2,2
extremely_dominant,4,4,0
more_thorny,4,4,0
perfectly_flawed,4,4,0
extremely_elderly,4,4,0
perfectly_frank,4,4,0
even_bubbly,4,4,0
apparently_acceptable,4,4,0
as_manageable,4,2,2
extremely_dynamic,4,3,1
fairly_profound,4,2,2
purely_innocent,4,2,2
inherently_tragic,4,2,2
perfectly_competent,4,3,1
as_loving,4,4,0
overly_exaggerated,4,3,1
very_monotonous,4,3,1
inherently_whole,4,4,0
pleasingly_familiar,4,2,2
more_latin,4,2,2
inherently_weak,4,2,2
extremely_averse,4,4,0
very_monumental,4,0,4
pleasantly_unexpected,4,2,2
truly_individual,4,0,4
totally_prepared,4,4,0
pointedly_political,4,4,0
even_collective,4,4,0
pleasantly_pleased,4,4,0
too_male,4,4,0
extremely_biased,4,4,0
more_leeway,4,4,0
pleasantly_easy,4,4,0
more_left-wing,4,4,0
extremely_bothersome,4,4,0
inherently_wild,4,1,3
purely_cultural,4,4,0
indeed_unwilling,4,4,0
more_psyched,4,4,0
extremely_agitated,4,4,0
even_compulsive,4,4,0
more_lacking,4,4,0
extremely_allergic,4,3,1
politically_cautious,4,4,0
extremely_amazing,4,1,3
overly_flexible,4,4,0
even_compliant,4,4,0
peculiarly_german,4,0,4
more_large-scale,4,1,3
fairly_spectacular,4,0,4
very_most,4,4,0
all_evil,4,4,0
politically_agitated,4,4,0
too_manly,4,4,0
very_genteel,4,4,0
frankly_unbelievable,4,4,0
extremely_appropriate,4,3,1
even_cognitive,4,4,0
purely_destructive,4,4,0
truly_impactful,4,0,4
purely_fantastic,4,2,2
even_chronological,4,4,0
perfectly_charming,4,4,0
extremely_compassionate,4,4,0
more_prolonged,4,4,0
perfectly_circular,4,4,0
very_mexican,4,2,2
actually_cool,4,3,1
even_chilling,4,4,0
purely_female,4,4,0
overly_extreme,4,4,0
totally_responsible,4,4,0
totally_revolutionary,4,1,3
fairly_seamless,4,4,0
perfectly_cognizant,4,3,1
always_unexpected,4,4,0
very_metallic,4,2,2
plain_unrealistic,4,4,0
perfectly_common,4,4,0
extremely_compact,4,4,0
very_glib,4,4,0
even_coarse,4,4,0
even_cliched,4,4,0
perfectly_audible,4,4,0
plainly_unjust,4,4,0
fairly_silly,4,4,0
purely_electric,4,4,0
truly_incompetent,4,3,1
plainly_ridiculous,4,4,0
extremely_charismatic,4,3,1
more_contextual,4,1,3
very_misinformed,4,4,0
truly_inappropriate,4,1,3
fairly_shy,4,4,0
perfectly_awful,4,2,2
extremely_chilly,4,4,0
always_uncertain,4,4,0
inherently_untrustworthy,4,1,3
totally_refreshing,4,1,3
perfectly_balanced,4,2,2
fairly_severe,4,3,1
even_derogatory,4,4,0
as_inflexible,4,2,2
truly_patriotic,4,2,2
even_envious,4,4,0
particularly_picky,4,4,0
excessively_excited,4,4,0
insanely_dangerous,4,2,2
as_horrified,4,4,0
pretty_ambivalent,4,4,0
pretty_ambiguous,4,4,0
totally_funky,4,4,0
pretty_alright,4,4,0
pretty_agreeable,4,4,0
more_healthier,4,1,3
very_qualitative,4,3,1
more_synthetic,4,3,1
as_hypnotic,4,3,1
pretty_adequate,4,4,0
particularly_political,4,4,0
too_nauseous,4,4,0
even_extensive,4,4,0
more_heartbroken,4,4,0
totally_green,4,3,1
even_fancy,4,4,0
actually_younger,4,4,0
insanely_drunk,4,4,0
excessively_cool,4,4,0
actually_white,4,4,0
pretty_bare,4,4,0
totally_flawed,4,4,0
more_hardline,4,2,2
totally_focused,4,4,0
more_hardworking,4,4,0
allegedly_guilty,4,4,0
particularly_pernicious,4,1,3
totally_forbidden,4,3,1
too_nihilistic,4,2,2
even_faulty,4,4,0
insanely_easy,4,4,0
excessively_critical,4,3,1
as_high-profile,4,0,4
truly_unsavory,4,1,3
excessively_detailed,4,4,0
totally_fraudulent,4,4,0
all_low,4,4,0
even_exploitative,4,4,0
very_punitive,4,4,0
totally_handmade,4,4,0
particularly_quiet,4,3,1
predictably_unpredictable,4,4,0
far_brighter,4,3,1
far_bolder,4,2,2
particularly_provocative,4,2,2
precisely_equal,4,4,0
precisely_correct,4,3,1
particularly_quick,4,4,0
precariously_close,4,3,1
very_pro-active,4,4,0
far_busier,4,4,0
as_immature,4,2,2
excessively_risky,4,4,0
excessively_salty,4,4,0
very_feminist,4,4,0
acutely_unwell,4,4,0
particularly_related,4,2,2
totally_hostile,4,2,2
overly_opinionated,4,4,0
always_rewarding,4,3,1
predominantly_brown,4,4,0
pretty_able,4,4,0
predominately_white,4,4,0
very_psychological,4,3,1
more_restorative,4,4,0
too_nationalistic,4,4,0
properly_detailed,4,4,0
preferably_unheard,4,4,0
always_respectful,4,4,0
even_exemplary,4,4,0
particularly_profitable,4,4,0
predominately_black,4,4,0
more_hierarchical,4,2,2
predominantly_sunni,4,4,0
all_legal,4,4,0
far_cleaner,4,4,0
always_energetic,4,4,0
overly_pedantic,4,4,0
as_illustrious,4,4,0
always_responsive,4,4,0
very_prophetic,4,3,1
pretty_beefy,4,4,0
more_swollen,4,4,0
more_reverent,4,2,2
formerly_religious,4,4,0
more_glossy,4,1,3
more_gnarly,4,3,1
pretty_dense,4,3,1
pretty_delightful,4,4,0
pretty_definite,4,3,1
totally_devoted,4,3,1
allegedly_close,4,0,4
more_gory,4,1,3
all_necessary,4,4,0
actually_unemployed,4,4,0
particularly_modern,4,4,0
more_robotic,4,2,2
totally_dismissive,4,4,0
as_gruff,4,3,1
totally_disorganized,4,4,0
intensely_afraid,4,2,2
pretty_crisp,4,4,0
totally_dissimilar,4,3,1
pretty_determined,4,4,0
pretty_diligent,4,4,0
profoundly_sorry,4,0,4
truly_pathetic,4,2,2
profoundly_serious,4,3,1
pretty_distraught,4,4,0
particularly_lovely,4,0,4
pretty_distant,4,4,0
pretty_disruptive,4,4,0
insanely_profitable,4,4,0
as_greater,4,1,3
more_round,4,3,1
insanely_powerful,4,3,1
even_fundamental,4,4,0
profoundly_shocking,4,0,4
far_truer,4,2,2
pretty_disastrous,4,3,1
exceptionally_interesting,4,1,3
totally_delusional,4,4,0
more_glib,4,3,1
pretty_dim,4,4,0
exceptionally_kind,4,4,0
too_objective,4,4,0
always_prepared,4,3,1
totally_fascinating,4,0,4
far_lesser,4,2,2
pretty_chummy,4,4,0
profoundly_unfair,4,4,0
overly_punitive,4,4,0
appreciably_similar,4,4,0
actually_entertaining,4,3,1
as_hawkish,4,4,0
pretty_catastrophic,4,3,1
insanely_gorgeous,4,3,1
pretty_brief,4,4,0
truly_okay,4,4,0
far_kinder,4,2,2
profoundly_useful,4,2,2
excessively_active,4,4,0
even_fishy,4,4,0
as_heartbreaking,4,4,0
profoundly_wonderful,4,0,4
very_fantastical,4,4,0
even_filthy,4,4,0
as_haunting,4,4,0
even_forceful,4,4,0
profoundly_special,4,0,4
exceptionally_small,4,4,0
particularly_naughty,4,2,2
very_redundant,4,4,0
pretty_convenient,4,4,0
even_fragile,4,4,0
exceptionally_rich,4,4,0
pretty_compact,4,4,0
particularly_objectionable,4,1,3
profoundly_threatening,4,0,4
totally_entertaining,4,3,1
as_harrowing,4,4,0
exceptionally_smooth,4,3,1
overly_rambunctious,4,4,0
profoundly_troubling,4,1,3
even_forgivable,4,4,0
pretty_clumsy,4,4,0
totally_equal,4,4,0
far_out,4,3,1
as_harmonious,4,4,0
very_principled,4,3,1
even_entire,4,4,0
apparently_obvious,4,3,1
apparently_unknown,4,3,1
even_dogmatic,4,4,0
totally_inspiring,4,2,2
even_dizzy,4,4,0
potentially_different,4,1,3
apparently_responsible,4,2,2
psychologically_hard,4,4,0
more_regretful,4,4,0
overly_keen,4,3,1
always_skeptical,4,4,0
apparently_real,4,4,0
even_distinguishable,4,4,0
potentially_costly,4,3,1
more_inconceivable,4,1,3
more_inconsistent,4,4,0
frankly_inflammatory,4,4,0
always_smart,4,4,0
inexplicably_strange,4,2,2
exponentially_harder,4,4,0
particularly_vile,4,0,4
more_inane,4,2,2
even_dominate,4,4,0
as_incredulous,4,4,0
particularly_terrible,4,2,2
psychologically_compelling,4,2,2
even_dreamy,4,4,0
particularly_technical,4,4,0
totally_ineffectual,4,4,0
fantastically_beautiful,4,3,1
potentially_habitable,4,4,0
potentially_guilty,4,4,0
particularly_tender,4,3,1
particularly_thick,4,4,0
more_improper,4,4,0
potentially_fun,4,2,2
potentially_free,4,4,0
very_deferential,4,4,0
more_impressionable,4,4,0
apparently_shocked,4,4,0
even_downward,4,4,0
particularly_tight,4,4,0
even_downloadable,4,4,0
always_smooth,4,4,0
very_thrifty,4,3,1
particularly_vivid,4,4,0
possibly_real,4,4,0
particularly_young,4,4,0
as_inefficient,4,2,2
admittedly_difficult,4,4,0
innately_aware,4,4,0
possibly_russian,4,3,1
possibly_responsible,4,3,1
more_inflexible,4,4,0
apparently_okay,4,4,0
very_other,4,1,3
psychologically_unhealthy,4,2,2
possibly_profound,4,1,3
as_infamous,4,2,2
as_infectious,4,2,2
publically_accessible,4,4,0
overly_indulgent,4,4,0
possibly_overpaid,4,4,0
partly_black,4,4,0
possibly_only,4,4,0
possibly_similar,4,2,2
even_diplomatic,4,4,0
potentially_annoying,4,3,1
possibly_unwilling,4,4,0
totally_irresistible,4,0,4
even_disinterested,4,4,0
potentially_able,4,4,0
possibly_younger,4,4,0
possibly_worst,4,4,0
falsely_modest,4,4,0
truly_local,4,2,2
even_disheartening,4,4,0
more_recyclable,4,4,0
possibly_subject,4,4,0
even_disgusted,4,4,0
even_disgruntled,4,4,0
particularly_widespread,4,2,2
always_sore,4,4,0
more_recreational,4,2,2
very_overt,4,4,0
more_inebriated,4,4,0
more_inefficient,4,3,1
potentially_homeless,4,4,0
more_tangential,4,4,0
psychologically_beneficial,4,2,2
totally_immoral,4,2,2
actually_eager,4,3,1
even_empathetic,4,3,1
intensely_complicated,4,3,1
potentially_worrisome,4,1,3
more_hyperbolic,4,3,1
very_pop,4,2,2
apparently_unconnected,4,1,3
frankly_disgusting,4,3,1
potentially_uncomfortable,4,2,2
potentially_worthy,4,3,1
very_polished,4,3,1
overly_obedient,4,4,0
particularly_silly,4,1,3
fantastically_interesting,4,1,3
potentially_successful,4,4,0
potentially_subversive,4,4,0
even_elderly,4,4,0
apparently_unarmed,4,2,2
potentially_worth,4,2,2
particularly_savvy,4,4,0
overly_nervous,4,4,0
inordinately_expensive,4,4,0
particularly_resistant,4,4,0
inordinately_fond,4,3,1
apparently_unique,4,2,2
actually_edible,4,2,2
more_crunchy,4,2,2
more_reserved,4,2,2
more_horrified,4,4,0
excessively_tight,4,4,0
practically_certain,4,4,0
very_porous,4,4,0
particularly_risky,4,4,0
particularly_robust,4,4,0
very_prejudiced,4,4,0
powerfully_spiritual,4,0,4
even_endemic,4,4,0
as_impenetrable,4,3,1
excessively_wet,4,4,0
truly_more,4,3,1
more_iffy,4,4,0
particularly_slow,4,4,0
particularly_tasty,4,2,2
always_short,4,4,0
truly_mind-blowing,4,4,0
more_immoral,4,4,0
potentially_meaningful,4,2,2
potentially_lucrative,4,3,1
particularly_stunning,4,2,2
even_dynamic,4,3,1
truly_mesmerising,4,2,2
fantastically_delicious,4,2,2
potentially_intriguing,4,0,4
totally_inane,4,1,3
totally_inconsistent,4,1,3
totally_incredible,4,1,3
as_incoherent,4,3,1
potentially_inflammatory,4,2,2
as_incomplete,4,3,1
potentially_inaccurate,4,4,0
very_permanent,4,1,3
explicitly_clear,4,4,0
excruciatingly_funny,4,4,0
particularly_strange,4,1,3
truly_miserable,4,4,0
particularly_spooky,4,3,1
exclusively_ours,4,4,0
even_egotistical,4,4,0
potentially_scary,4,0,4
potentially_scandalous,4,4,0
particularly_sophisticated,4,4,0
totally_implausible,4,4,0
more_crooked,4,3,1
very_fixable,4,2,2
potentially_pregnant,4,4,0
intensely_critical,4,4,0
very_phony,4,2,2
totally_inactive,4,4,0
particularly_squeamish,4,3,1
excruciatingly_bad,4,4,0
more_taller,4,4,0
admirably_clear,4,4,0
as_inadequate,4,3,1
overly_moist,4,4,0
essentially_permanent,4,4,0
almost_live,4,4,0
outstandingly_beautiful,4,4,0
simply_preposterous,4,4,0
highly_articulate,4,4,0
mainly_dependent,4,4,0
simply_psychological,4,4,0
simply_proof,4,4,0
uniquely_spectacular,4,0,4
almost_transcendent,4,0,4
not_humane,4,4,0
bitterly_unhappy,4,3,1
just_weaker,4,4,0
definitely_small,4,4,0
surprisingly_incompetent,4,4,0
most_picturesque,4,4,0
also_incorrect,4,4,0
definitely_useful,4,3,1
simply_pathetic,4,4,0
simply_passive,4,4,0
also_independent,4,4,0
uniquely_sad,4,0,4
highly_artificial,4,2,2
widely_unknown,4,4,0
highly_alert,4,4,0
highly_autobiographical,4,4,0
magnificently_beautiful,4,2,2
almost_transparent,4,3,1
just_worthless,4,4,0
simply_selfish,4,4,0
simply_scary,4,4,0
not_homosexual,4,4,0
surprisingly_healthy,4,4,0
definitely_questionable,4,4,0
highly_authoritarian,4,4,0
simply_reckless,4,4,0
just_wonky,4,4,0
surprisingly_heavy,4,4,0
absolutely_familiar,4,3,1
also_impressed,4,4,0
also_impressive,4,4,0
simply_resistant,4,4,0
simply_religious,4,4,0
highly_athletic,4,4,0
also_indigenous,4,4,0
just_violent,4,4,0
so_breezy,4,4,0
absolutely_frightening,4,3,1
deliberately_harmful,4,4,0
simply_likely,4,4,0
not_incompetent,4,4,0
simply_laughable,4,4,0
simply_larger,4,4,0
deliberately_inaccurate,4,4,0
higher_available,4,4,0
manifestly_unjust,4,4,0
not_indecent,4,4,0
uniquely_original,4,0,4
manifestly_untrue,4,3,1
surprisingly_open,4,4,0
surprisingly_original,4,4,0
deliberately_nasty,4,4,0
surprisingly_personal,4,3,1
not_infectious,4,3,1
simply_innate,4,4,0
not_influential,4,4,0
simply_logical,4,4,0
simply_loud,4,4,0
simply_okay,4,4,0
simply_miraculous,4,4,0
simply_obvious,4,4,0
simply_obscure,4,4,0
vaguely_relevant,4,2,2
highly_adversarial,4,4,0
uniquely_pleasurable,4,0,4
simply_negative,4,4,0
simply_nasty,4,4,0
simply_modern,4,4,0
highly_abundant,4,4,0
deliberately_fraudulent,4,4,0
highly_abrasive,4,3,1
also_instrumental,4,4,0
absolutely_forbidden,4,3,1
uniquely_ours,4,1,3
most_pernicious,4,4,0
surprisingly_mundane,4,4,0
deliberately_evasive,4,4,0
manifestly_unfit,4,0,4
just_yellow,4,4,0
uniquely_terrible,4,1,3
not_hispanic,4,4,0
simply_unwell,4,4,0
not_frustrating,4,3,1
defensively_sound,4,4,0
surprisingly_creative,4,4,0
universally_effective,4,4,0
also_heavy,4,4,0
highly_deceptive,4,4,0
not_fundamental,4,4,0
highly_cynical,4,4,0
simply_untenable,4,4,0
not_frivolous,4,3,1
surprisingly_delicate,4,4,0
simply_unskilled,4,4,0
highly_curable,4,4,0
also_higher,4,4,0
also_hispanic,4,4,0
simply_unreadable,4,4,0
simply_unqualified,4,4,0
highly_credible,4,3,1
not_fruitful,4,4,0
simply_worse,4,4,0
simply_slow,4,4,0
most_powerless,4,3,1
deeply_uncertain,4,4,0
deeply_unethical,4,4,0
deeply_unfortunate,4,3,1
surprisingly_clean,4,3,1
longer_real,4,4,0
also_green,4,4,0
longer_red,4,4,0
deeply_unsatisfied,4,4,0
simultaneously_heartbreaking,4,4,0
surprisingly_consistent,4,4,0
surprisingly_comic,4,4,0
kinda_average,4,4,0
deeply_visceral,4,2,2
deeply_wonderful,4,3,1
simultaneously_beautiful,4,2,2
longer_secure,4,4,0
surprisingly_competitive,4,4,0
highly_delighted,4,4,0
definitely_bad,4,3,1
not_glorious,4,4,0
longer_valuable,4,4,0
definitely_lacking,4,1,3
simply_tedious,4,4,0
not_habitable,4,4,0
simply_tacky,4,4,0
simply_sympathetic,4,4,0
highly_clever,4,4,0
simply_superior,4,4,0
maddeningly_frustrating,4,4,0
maddeningly_inconsistent,4,4,0
highly_changeable,4,4,0
simply_unknowable,4,4,0
simply_stubborn,4,4,0
absolutely_exquisite,4,4,0
simply_splendid,4,4,0
vaguely_racist,4,2,2
highly_carcinogenic,4,4,0
incredibly_cheesy,4,4,0
bizarrely_compelling,4,3,1
simply_smart,4,4,0
also_ignorant,4,4,0
highly_complementary,4,4,0
simply_typical,4,4,0
definitely_false,4,4,0
surprisingly_elaborate,4,4,0
longer_white,4,4,0
wildly_comic,4,4,0
simply_unforgivable,4,4,0
keenly_attentive,4,4,0
simply_unenforceable,4,4,0
simply_uneducated,4,4,0
longer_worthy,4,3,1
bizarrely_inexplicable,4,0,4
loosely_connected,4,4,0
simply_uncool,4,4,0
highly_conscientious,4,3,1
simply_unconstitutional,4,4,0
lovingly_detailed,4,4,0
highly_conductive,4,4,0
highly_conditional,4,4,0
simply_unattractive,4,4,0
not_informative,4,4,0
simply_inferior,4,4,0
hideously_wrong,4,2,2
simply_anecdotal,4,4,0
simply_awe,4,4,0
not_merry,4,4,0
simply_avoidable,4,3,1
delightfully_entertaining,4,4,0
simply_attractive,4,4,0
absolutely_heartbroken,4,4,0
uniquely_disturbing,4,0,4
just_uncalled,4,4,0
not_minor,4,3,1
vaguely_suspicious,4,3,1
incredibly_deadly,4,3,1
uniquely_depressing,4,0,4
just_unattractive,4,4,0
simply_allergic,4,4,0
uniquely_delicious,4,1,3
massively_overrated,4,4,0
heavily_political,4,4,0
not_moderate,4,4,0
surprisingly_valuable,4,2,2
incredibly_damning,4,2,2
deliciously_tempting,4,4,0
delightfully_absurd,4,2,2
just_unethical,4,3,1
just_unemployed,4,4,0
deliciously_unique,4,2,2
markedly_worse,4,4,0
simply_competent,4,4,0
most_orthodox,4,3,1
hella_cool,4,3,1
simply_comical,4,4,0
simply_comfortable,4,4,0
simply_bigger,4,4,0
simply_cold,4,4,0
not_major,4,4,0
heavily_unionized,4,4,0
delightfully_awkward,4,3,1
simply_cheap,4,4,0
not_manly,4,4,0
bit_scary,4,4,0
simply_blind,4,4,0
simply_abstract,4,4,0
absolutely_hideous,4,4,0
massively_profitable,4,4,0
just_thin,4,4,0
not_noble,4,3,1
similarly_impressed,4,4,0
just_timeless,4,4,0
uniquely_chinese,4,0,4
similarly_heavy,4,0,4
almost_superhuman,4,1,3
similarly_epic,4,0,4
similarly_dull,4,3,1
similarly_dramatic,4,0,4
similarly_unique,4,1,3
just_thicker,4,4,0
similarly_disappointing,4,2,2
not_obligatory,4,4,0
wholly_untrue,4,4,0
not_oblivious,4,4,0
similarly_concerned,4,4,0
not_observable,4,4,0
not_obsessed,4,3,1
incredibly_delicate,4,2,2
materially_incomplete,4,4,0
not_neat,4,4,0
delightfully_simple,4,4,0
not_mushy,4,4,0
massively_supportive,4,4,0
not_musical,4,3,1
not_mutual,4,4,0
almost_symbolic,4,0,4
similarly_simple,4,3,1
similarly_reliable,4,4,0
similarly_profound,4,0,4
delightfully_refreshing,4,2,2
similarly_problematic,4,3,1
uniquely_cool,4,1,3
heavily_interested,4,4,0
just_touchy,4,4,0
similarly_neutral,4,2,2
materially_better,4,3,1
delightfully_silly,4,2,2
just_top-notch,4,4,0
simply_contrary,4,4,0
simply_cozy,4,4,0
not_inherent,4,3,1
not_itchy,4,4,0
simply_huge,4,4,0
incredibly_confused,4,3,1
vaguely_sensible,4,0,4
not_invasive,4,4,0
simply_helpful,4,4,0
simply_heartbreaking,4,4,0
not_irish,4,3,1
deliciously_awful,4,3,1
simply_gratuitous,4,4,0
most_patient,4,4,0
deliciously_close,4,2,2
simply_goofy,4,4,0
marginally_positive,4,4,0
surprisingly_safe,4,3,1
most_overwhelming,4,4,0
uniquely_important,4,0,4
incredibly_convenient,4,2,2
here_ready,4,4,0
most_pathetic,4,4,0
also_involved,4,4,0
simply_criminal,4,4,0
simply_incoherent,4,4,0
deliberately_rude,4,3,1
also_international,4,4,0
uniquely_local,4,1,3
deliberately_silly,4,4,0
vaguely_satisfying,4,1,3
simply_inconclusive,4,4,0
surprisingly_prescient,4,3,1
simply_incomplete,4,4,0
surprisingly_productive,4,3,1
simply_ill-equipped,4,4,0
marginally_famous,4,2,2
not_intellectual,4,4,0
bitingly_critical,4,4,0
simply_implausible,4,4,0
most_peaceful,4,4,0
deliberately_wrong,4,3,1
simply_illogical,4,4,0
delicately_beautiful,4,3,1
simply_flawed,4,4,0
incredibly_corny,4,3,1
uniquely_handmade,4,3,1
vaguely_spiritual,4,4,0
deliciously_perfect,4,1,3
almost_tangible,4,0,4
not_libertarian,4,4,0
simply_disappointing,4,4,0
not_like,4,4,0
simply_dim,4,4,0
uniquely_french,4,1,3
just_unfolding,4,4,0
bit_special,4,1,3
simply_fearful,4,4,0
surprisingly_special,4,1,3
not_livable,4,4,0
just_unfit,4,4,0
vaguely_subversive,4,0,4
also_less,4,4,0
simply_cute,4,3,1
not_lovely,4,4,0
not_loving,4,4,0
not_lethal,4,4,0
just_unhinged,4,4,0
simply_earnest,4,4,0
bit_surprised,4,4,0
here_longer,4,2,2
simply_famous,4,4,0
simply_familiar,4,4,0
deliciously_healthy,4,1,3
simply_fair,4,4,0
simply_factual,4,3,1
simply_exquisite,4,4,0
simply_exhausting,4,4,0
simply_excessive,4,4,0
here_happy,4,4,0
bit_tricky,4,4,0
simply_enthusiastic,4,4,0
surprisingly_smart,4,3,1
bit_surprising,4,3,1
here_early,4,4,0
vaguely_social,4,4,0
simply_easy,4,4,0
sincerely_sorry,4,4,0
sincerely_thankful,4,4,0
universally_positive,4,4,0
blessedly_free,4,4,0
super_vague,4,3,1
not_dense,4,4,0
wildly_misinformed,4,4,0
most_quiet,4,4,0
almost_unintelligible,4,4,0
decidedly_sinister,4,1,3
kinda_weak,4,4,0
slightly_spooky,4,1,3
slightly_small,4,4,0
little_overwhelming,4,4,0
incredibly_amusing,4,4,0
not_desirous,4,4,0
slightly_skeptical,4,4,0
not_destitute,4,4,0
little_subtler,4,0,4
highly_metaphorical,4,4,0
little_trickier,4,4,0
slightly_shy,4,4,0
slightly_stupid,4,1,3
not_delicious,4,3,1
slightly_wacky,4,4,0
not_decisive,4,4,0
slightly_vague,4,4,0
unquestionably_fortunate,4,4,0
literally_worth,4,4,0
highly_ornamental,4,4,0
wildly_misleading,4,4,0
highly_organized,4,4,0
slightly_unnatural,4,2,2
little_challenging,4,4,0
slightly_underwhelming,4,4,0
slightly_tacky,4,4,0
not_defensible,4,4,0
decidedly_new,4,1,3
absolutely_confidential,4,4,0
also_drunk,4,4,0
slightly_tougher,4,2,2
little_frustrating,4,3,1
not_delicate,4,4,0
slightly_tart,4,2,2
slightly_shiny,4,4,0
slightly_sharp,4,3,1
most_pure,4,4,0
deeply_autobiographical,4,4,0
not_discoverable,4,4,0
kinda_stuck,4,4,0
slightly_premature,4,4,0
wildly_irresponsible,4,3,1
slightly_political,4,4,0
not_disruptive,4,4,0
highly_irritating,4,4,0
slightly_perverse,4,0,4
superficially_different,4,4,0
highly_marketable,4,4,0
incredibly_arousing,4,3,1
logically_contradictory,4,4,0
slightly_original,4,2,2
not_distinguishable,4,4,0
also_empty,4,4,0
deeply_calming,4,1,3
highly_intrusive,4,4,0
not_distracting,4,3,1
slightly_provocative,4,2,2
not_discouraging,4,4,0
slightly_questionable,4,3,1
most_prudent,4,4,0
little_unbelievable,4,4,0
highly_mannered,4,4,0
super_warm,4,3,1
decidedly_unique,4,0,4
slightly_scared,4,4,0
absolutely_consistent,4,3,1
decidedly_unpleasant,4,2,2
decidedly_unsettling,4,1,3
not_dirty,4,4,0
slightly_riskier,4,3,1
highly_logical,4,3,1
decidedly_weird,4,4,0
highly_local,4,1,3
little_unexpected,4,0,4
decidedly_worse,4,3,1
slightly_reluctant,4,4,0
super_white,4,4,0
incredibly_aggressive,4,3,1
super_traditional,4,3,1
not_divine,4,3,1
not_contagious,4,4,0
unrelentingly_bleak,4,4,0
so_authoritarian,4,3,1
so_austere,4,2,2
super_satisfied,4,4,0
so_astronomical,4,3,1
not_constant,4,3,1
so_astonished,4,4,0
deceptively_difficult,4,4,0
super_secure,4,3,1
super_rough,4,4,0
so_artsy,4,2,2
super_sexual,4,4,0
so_arousing,4,1,3
super_silly,4,4,0
so_apprehensive,4,4,0
super_skilled,4,4,0
so_appalled,4,4,0
super_slick,4,1,3
boldly_colorful,4,3,1
so_awestruck,4,4,0
literally_underground,4,3,1
boldly_vibrant,4,4,0
so_bouncy,4,3,1
likely_unfamiliar,4,3,1
super_political,4,4,0
super_portable,4,1,3
also_crucial,4,4,0
also_cruel,4,4,0
not_comprehensible,4,2,2
so_blasphemous,4,2,2
deadly_dull,4,3,1
so_baggy,4,4,0
largely_different,4,3,1
deadly_poisonous,4,3,1
unspeakably_cruel,4,4,0
also_customizable,4,4,0
super_random,4,1,3
so_best,4,4,0
so_benevolent,4,4,0
so_bashful,4,4,0
super_slim,4,3,1
blissfully_oblivious,4,4,0
so_anti-american,4,3,1
most_reactionary,4,4,0
so_adaptable,4,4,0
largely_attributable,4,3,1
super_sugary,4,3,1
highly_pleased,4,4,0
highly_plausible,4,4,0
not_crisp,4,4,0
highly_physical,4,4,0
so_absolute,4,2,2
highly_persuasive,4,4,0
super_sophisticated,4,3,1
slyly_humorous,4,4,0
unquestionably_right,4,3,1
literally_perfect,4,4,0
slowly_lower,4,4,0
most_raw,4,4,0
slightly_wrinkled,4,4,0
not_damaging,4,4,0
wildly_misunderstood,4,4,0
decidedly_darker,4,2,2
blindly_loyal,4,3,1
unrealistically_low,4,4,0
super_stubborn,4,4,0
super_sore,4,4,0
so_angelic,4,3,1
super_sparkly,4,1,3
highly_preventable,4,4,0
largely_black,4,4,0
so_amicable,4,4,0
also_desperate,4,4,0
so_amateurish,4,2,2
highly_predictive,4,4,0
decidedly_bad,4,3,1
decidedly_better,4,3,1
decidedly_bullish,4,4,0
highly_potent,4,4,0
super_strange,4,3,1
so_advantageous,4,3,1
blindly_partisan,4,4,0
so_adroit,4,2,2
not_disturbing,4,4,0
supposedly_equal,4,4,0
wildly_dangerous,4,2,2
slightly_contradictory,4,1,3
deeply_moving,4,3,1
highly_fascinating,4,3,1
slightly_crunchy,4,4,0
most_preventable,4,4,0
deeply_necessary,4,2,2
wildly_fantastic,4,4,0
highly_extroverted,4,4,0
not_extraordinary,4,3,1
wildly_fanciful,4,4,0
deeply_mistaken,4,3,1
slightly_confident,4,4,0
blatantly_disrespectful,4,4,0
deeply_pathological,4,1,3
slightly_colder,4,4,0
incredibly_bitter,4,4,0
slightly_cloudy,4,4,0
slightly_cliche,4,3,1
wildly_expressive,4,4,0
deeply_motivated,4,3,1
slightly_cynical,4,4,0
slightly_entertaining,4,3,1
also_fearful,4,4,0
highly_gendered,4,4,0
longer_certain,4,4,0
blatantly_hostile,4,4,0
unnecessarily_detailed,4,4,0
kinda_interesting,4,4,0
deeply_jealous,4,4,0
deeply_joyous,4,4,0
highly_formal,4,4,0
unnecessarily_critical,4,4,0
deeply_misogynistic,4,4,0
deeply_magical,4,1,3
most_primitive,4,4,0
slightly_delusional,4,4,0
deeply_meditative,4,2,2
sure_glad,4,4,0
deeply_menacing,4,0,4
deeply_misguided,4,3,1
surely_amiss,4,4,0
kinda_fishy,4,2,2
slightly_choppy,4,4,0
unnecessarily_alarmist,4,4,0
deeply_supportive,4,4,0
universally_valid,4,2,2
longer_legal,4,3,1
surprisingly_basic,4,2,2
universally_useful,4,3,1
kinda_dark,4,4,0
surprisingly_bright,4,4,0
deeply_subversive,4,2,2
not_flammable,4,4,0
universally_relevant,4,2,2
also_fortunate,4,4,0
singularly_unique,4,2,2
blatantly_abusive,4,4,0
deeply_terrifying,4,1,3
not_flavorful,4,4,0
deeply_thrilling,4,0,4
longer_pregnant,4,4,0
also_gorgeous,4,4,0
highly_disrespectful,4,4,0
longer_hungry,4,4,0
not_few,4,4,0
highly_elliptical,4,4,0
almost_unable,4,4,0
incredibly_bland,4,4,0
highly_ethical,4,4,0
slightly_bored,4,3,1
not_fancy,4,2,2
incredibly_blessed,4,4,0
unnaturally_white,4,3,1
deeply_racist,4,1,3
longer_fun,4,4,0
vaguely_plausible,4,3,1
surprisingly_ambitious,4,3,1
most_precise,4,4,0
blatantly_clear,4,2,2
also_functional,4,3,1
longer_happy,4,4,0
absolutely_divine,4,4,0
not_feral,4,4,0
highly_embarrassing,4,4,0
deeply_insulting,4,3,1
also_fair,4,4,0
deeply_complicated,4,4,0
wildly_innovative,4,2,2
kinda_right,4,4,0
logically_valid,4,4,0
deeply_delusional,4,2,2
logistically_complex,4,2,2
blatantly_political,4,4,0
slightly_longer,4,4,0
unnecessarily_pessimistic,4,4,0
logistically_feasible,4,4,0
slightly_later,4,4,0
logically_possible,4,4,0
slightly_late,4,4,0
supremely_comforting,4,1,3
logistically_possible,4,4,0
deeply_distressed,4,4,0
not_drinkable,4,4,0
slightly_irritated,4,4,0
also_enthusiastic,4,4,0
unnecessarily_painful,4,4,0
kinda_rough,4,3,1
slightly_menacing,4,1,3
highly_harmful,4,4,0
kinda_short,4,4,0
supposedly_good,4,4,0
deeply_confusing,4,3,1
blatantly_sexist,4,2,2
highly_interdependent,4,4,0
supposedly_important,4,0,4
unnecessarily_rude,4,4,0
deeply_contradictory,4,2,2
deeply_controversial,4,4,0
slightly_mysterious,4,1,3
vaguely_ominous,4,0,4
deeply_convinced,4,4,0
unnecessarily_restrictive,4,4,0
blatantly_rude,4,4,0
highly_instructive,4,2,2
highly_inspiring,4,2,2
highly_inspirational,4,3,1
slightly_misleading,4,4,0
highly_insightful,4,4,0
slightly_intimidating,4,3,1
blatantly_negligent,4,4,0
highly_inconsistent,4,4,0
deeply_humiliating,4,3,1
deeply_hilarious,4,1,3
deeply_homophobic,4,4,0
highly_idiosyncratic,4,3,1
slightly_funny,4,2,2
not_electable,4,4,0
not_electronic,4,2,2
wildly_ignorant,4,4,0
deeply_humbling,4,0,4
not_eloquent,4,4,0
wildly_incorrect,4,4,0
slightly_frustrating,4,4,0
supremely_interesting,4,3,1
slightly_formal,4,3,1
slightly_forlorn,4,0,4
slightly_flexible,4,3,1
slightly_fishy,4,1,3
blatantly_incorrect,4,4,0
slightly_finer,4,3,1
highly_illiquid,4,4,0
highly_illogical,4,4,0
highly_immoral,4,3,1
supremely_happy,4,4,0
long_familiar,4,2,2
slightly_incongruous,4,1,3
slightly_incompetent,4,4,0
unnecessarily_intrusive,4,3,1
also_evil,4,4,0
deeply_evil,4,2,2
slightly_important,4,2,2
slightly_illegal,4,2,2
long_lighter,4,4,0
unnecessarily_high,4,4,0
unnecessarily_harmful,4,4,0
slightly_high,4,4,0
slightly_hesitant,4,4,0
slightly_heavy,4,3,1
long_unthinkable,4,4,0
almost_unconscious,4,2,2
deeply_good,4,2,2
similarly_boring,4,2,2
similarly_bizarre,4,1,3
similarly_bad,4,1,3
remarkably_tough,4,3,1
gravely_important,4,1,3
downright_clueless,4,4,0
remotely_accurate,4,4,0
remotely_acceptable,4,4,0
absolutely_relevant,4,4,0
just_lacking,4,4,0
downright_confused,4,4,0
remarkably_true,4,4,0
incredibly_inexpensive,4,3,1
incredibly_inept,4,4,0
gravely_disappointed,4,4,0
incredibly_influential,4,4,0
temporarily_homeless,4,4,0
understandably_outraged,4,4,0
remarkably_supportive,4,4,0
absolutely_reprehensible,4,2,2
just_itchy,4,4,0
just_italian,4,4,0
now_dormant,4,4,0
downright_chummy,4,4,0
now_confident,4,4,0
also_successful,4,4,0
most_illuminating,4,4,0
remotely_decent,4,1,3
greatly_afraid,4,4,0
downright_bleak,4,4,0
remotely_critical,4,0,4
remotely_credible,4,4,0
just_legit,4,4,0
maybe_weekly,4,4,0
remotely_coherent,4,1,3
downright_childish,4,4,0
now_deep,4,4,0
most_ill,4,4,0
maybe_wishful,4,4,0
downright_catchy,4,4,0
also_superior,4,4,0
downright_chatty,4,4,0
downright_cheeky,4,3,1
gravely_misunderstood,4,4,0
now_expired,4,4,0
now_extant,4,4,0
most_hurtful,4,4,0
medically_ill,4,4,0
just_insulting,4,4,0
better_high,4,4,0
just_insufficient,4,4,0
now_inaccessible,4,4,0
downright_enjoyable,4,3,1
just_instinctive,4,4,0
remarkably_large,4,4,0
remarkably_interesting,4,2,2
remarkably_insightful,4,1,3
now_faster,4,4,0
most_hostile,4,4,0
now_involved,4,4,0
remarkably_generous,4,4,0
better_fresh,4,4,0
now_late,4,4,0
incredibly_invasive,4,4,0
medically_ineffectual,4,4,0
downright_forgettable,4,4,0
medically_effective,4,4,0
almost_reminiscent,4,1,3
now_iconic,4,4,0
now_hopeful,4,4,0
well_intact,4,4,0
mechanically_minded,4,4,0
just_ironic,4,4,0
downright_deplorable,4,4,0
downright_desperate,4,4,0
absolutely_revolting,4,3,1
better_late,4,4,0
downright_devious,4,4,0
downright_diabolical,4,3,1
just_intrusive,4,4,0
now_fit,4,4,0
medically_accurate,4,4,0
remarkably_rare,4,1,3
graphically_sexual,4,3,1
remarkably_powerful,4,3,1
most_humbling,4,3,1
remarkably_poor,4,4,0
absolutely_realistic,4,3,1
remotely_enjoyable,4,2,2
incredibly_invigorating,4,0,4
most_inexpensive,4,4,0
absolutely_precise,4,3,1
noticeably_slower,4,4,0
absolutely_predictable,4,4,0
noticeably_smaller,4,3,1
better_warm,4,4,0
just_mischievous,4,4,0
incredibly_hostile,4,4,0
grimly_ironic,4,1,3
just_mild,4,4,0
incredibly_horrific,4,2,2
maybe_tired,4,4,0
notoriously_corrupt,4,4,0
notoriously_expensive,4,4,0
ridiculously_broad,4,4,0
ridiculously_big,4,4,0
well_pigmented,4,4,0
ridiculously_absurd,4,3,1
richly_satisfying,4,2,2
grossly_abnormal,4,2,2
ridiculously_huge,4,2,2
technologically_literate,4,4,0
ridiculously_positive,4,4,0
grossly_excessive,4,4,0
well_respected,4,3,1
noticeably_bigger,4,3,1
disturbingly_reminiscent,4,3,1
noticeably_darker,4,4,0
also_specific,4,4,0
noticeably_faster,4,4,0
ridiculously_powerful,4,3,1
ridiculously_popular,4,4,0
ridiculously_impossible,4,2,2
ridiculously_photogenic,4,4,0
noticeably_inferior,4,4,0
just_modern,4,4,0
ridiculously_obscure,4,3,1
grossly_deficient,4,3,1
ridiculously_large,4,4,0
ridiculously_insignificant,4,0,4
ridiculously_impractical,4,4,0
well_past,4,4,0
notoriously_secretive,4,4,0
well_overdue,4,4,0
better_relative,4,4,0
technologically_capable,4,4,0
greatly_entertaining,4,4,0
greatly_effective,4,4,0
absolutely_random,4,2,2
now_certain,4,4,0
remotely_important,4,1,3
remotely_healthy,4,2,2
now_cheaper,4,4,0
now_clean,4,4,0
greatly_wrong,4,4,0
remotely_feasible,4,4,0
downright_arrogant,4,4,0
undoubtedly_attributable,4,4,0
also_stunning,4,4,0
now_closed,4,4,0
downright_atrocious,4,4,0
most_immediate,4,4,0
downright_barbaric,4,4,0
remotely_meaningful,4,2,2
remotely_negative,4,3,1
greatly_exaggerated,4,3,1
remotely_offensive,4,2,2
richly_evocative,4,4,0
rhythmically_complex,4,3,1
reportedly_worth,4,4,0
reportedly_tortured,4,4,0
most_incredible,4,4,0
notoriously_vague,4,4,0
almost_sad,4,1,3
undoubtedly_good,4,3,1
most_inconvenient,4,3,1
most_inappropriate,4,4,0
greatly_shocked,4,4,0
now_aged,4,4,0
remotely_worthy,4,3,1
now_automatic,4,4,0
greatly_lower,4,4,0
greatly_innovative,4,4,0
just_loving,4,3,1
downright_freaky,4,2,2
downright_funky,4,3,1
ridiculously_wrong,4,2,2
almost_predatory,4,0,4
now_worthy,4,3,1
absolutely_stunned,4,4,0
downright_stubborn,4,4,0
terribly_exotic,4,4,0
terribly_fascinating,4,4,0
terribly_fond,4,4,0
now_younger,4,3,1
downright_suicidal,4,4,0
nowhere_near,4,3,1
relatively_ok,4,3,1
downright_surprising,4,4,0
downright_suspicious,4,4,0
relatively_mature,4,4,0
numbingly_boring,4,4,0
downright_tasty,4,4,0
relatively_low-tech,4,4,0
terribly_frightened,4,4,0
mentally_impaired,4,4,0
terribly_endearing,4,1,3
terribly_earnest,4,2,2
now_unknown,4,3,1
relatively_plentiful,4,4,0
terribly_depressed,4,4,0
now_unreachable,4,4,0
now_unreadable,4,4,0
relatively_prosperous,4,4,0
downright_sadistic,4,4,0
downright_scandalous,4,4,0
relatively_powerless,4,3,1
relatively_pointless,4,3,1
downright_shitty,4,4,0
mentally_foggy,4,4,0
relatively_pleased,4,4,0
mentally_exhausted,4,4,0
downright_sick,4,4,0
relatively_permanent,4,4,0
terribly_dramatic,4,4,0
also_unavailable,4,4,0
now_wary,4,4,0
now_white,4,4,0
relatively_low-cost,4,3,1
numerically_distinct,4,1,3
downright_tiny,4,4,0
terribly_inconvenient,4,4,0
relatively_fragile,4,2,2
incredibly_messy,4,3,1
downright_useful,4,4,0
most_frivolous,4,2,2
downright_vile,4,4,0
obscenely_rich,4,4,0
relatively_famous,4,3,1
obsessively_concerned,4,4,0
relatively_dry,4,3,1
numerically_superior,4,4,0
absolutely_toxic,4,4,0
mentally_slow,4,3,1
just_german,4,4,0
incredibly_modest,4,2,2
obviously_bigger,4,3,1
almost_physical,4,0,4
relatively_constant,4,3,1
dramatically_cheaper,4,4,0
terribly_impressive,4,4,0
downright_untrue,4,4,0
objectively_unreasonable,4,4,0
just_gratuitous,4,4,0
weirdly_sexual,4,4,0
relatively_interesting,4,2,2
relatively_intelligent,4,3,1
downright_unacceptable,4,4,0
relatively_informal,4,4,0
objectively_baseless,4,4,0
relatively_immune,4,4,0
most_functional,4,4,0
relatively_illiquid,4,4,0
downright_unintelligible,4,4,0
objectively_intolerable,4,4,0
most_fulfilling,4,4,0
very_aggravating,4,4,0
relatively_green,4,4,0
objectively_right,4,4,0
almost_pointless,4,3,1
relatively_generic,4,3,1
well_accustomed,4,2,2
relatively_reliable,4,4,0
downright_furious,4,4,0
very_acrobatic,4,4,0
now_personal,4,4,0
reliably_conservative,4,3,1
relentlessly_upbeat,4,2,2
medically_treatable,4,4,0
medically_unable,4,4,0
absolutely_serious,4,2,2
now_private,4,4,0
just_inadequate,4,4,0
downright_intrusive,4,4,0
religiously_inclined,4,4,0
well_conversant,4,4,0
relatively_widespread,4,3,1
relatively_wide,4,4,0
downright_irresponsible,4,4,0
almost_qualified,4,3,1
undeniably_weird,4,1,3
undeniably_unique,4,2,2
relatively_untested,4,4,0
now_permanent,4,4,0
downright_impractical,4,4,0
mentally_disturbed,4,1,3
remarkably_bright,4,2,2
just_infuriating,4,4,0
just_informative,4,4,0
just_informational,4,4,0
terminally_wrong,4,1,3
also_thin,4,4,0
now_moribund,4,4,0
remarkably_clever,4,3,1
downright_hazardous,4,4,0
downright_hideous,4,4,0
religiously_intolerant,4,4,0
remarkably_affordable,4,4,0
remarkably_accurate,4,4,0
now_offline,4,4,0
most_honorable,4,4,0
downright_humorous,4,4,0
terribly_askew,4,2,2
religiously_offensive,4,3,1
religiously_motivated,4,3,1
medically_useful,4,4,0
absolutely_silly,4,4,0
just_immune,4,4,0
almost_prophetic,4,2,2
relatively_smooth,4,3,1
relatively_skilled,4,4,0
relatively_skeptical,4,4,0
just_humorous,4,3,1
now_unavailable,4,3,1
now_uncertain,4,4,0
now_uncomfortable,4,4,0
downright_practical,4,4,0
downright_prejudiced,4,4,0
terribly_busy,4,4,0
downright_preposterous,4,3,1
relatively_serious,4,0,4
relatively_sedentary,4,4,0
relatively_secure,4,4,0
absolutely_specific,4,2,2
relatively_scarce,4,3,1
mentally_disordered,4,4,0
downright_rare,4,4,0
now_synonymous,4,3,1
downright_paranoid,4,4,0
downright_outraged,4,4,0
now_sure,4,4,0
mentally_absent,4,4,0
relatively_uniform,4,4,0
most_hazardous,4,4,0
most_hateful,4,4,0
relatively_uneducated,4,3,1
downright_monstrous,4,4,0
very_addicting,4,3,1
most_harrowing,4,4,0
downright_necessary,4,4,0
incredibly_likable,4,2,2
just_idiotic,4,4,0
most_harmonious,4,4,0
now_single,4,4,0
downright_obscene,4,4,0
just_ideal,4,4,0
just_icky,4,4,0
downright_oppressive,4,4,0
technically_recyclable,4,4,0
absolutely_petrified,4,4,0
democratically_accountable,4,3,1
wholly_irrelevant,4,4,0
incredibly_eerie,4,1,3
digitally_native,4,4,0
seriously_misunderstood,4,4,0
not_resident,4,4,0
maybe_enough,4,4,0
biologically_predisposed,4,4,0
dimly_visible,4,4,0
absolutely_irrelevant,4,4,0
seriously_incomplete,4,4,0
not_reluctant,4,4,0
hardly_distinguishable,4,3,1
not_restful,4,4,0
seriously_impressed,4,4,0
hardly_different,4,4,0
just_sayin,4,4,0
not_reusable,4,4,0
seriously_handicapped,4,4,0
absolutely_irresistible,4,1,3
incredibly_economical,4,4,0
maybe_domestic,4,4,0
not_raw,4,4,0
maybe_damaging,4,3,1
absolutely_interested,4,3,1
just_shitty,4,4,0
hardly_possible,4,4,0
severely_allergic,4,2,2
devilishly_difficult,4,4,0
uniformly_great,4,4,0
devilishly_handsome,4,4,0
maybe_current,4,4,0
seriously_unpleasant,4,0,4
just_selective,4,4,0
not_recoverable,4,4,0
devoutly_obedient,4,4,0
differently_able,4,4,0
most_motivated,4,4,0
seriously_slow,4,4,0
absolutely_invaluable,4,4,0
uniformly_bad,4,4,0
almost_spherical,4,4,0
directly_conducive,4,4,0
maybe_faster,4,4,0
tad_odd,4,3,1
most_meek,4,4,0
wholly_indifferent,4,4,0
maybe_gray,4,4,0
seriously_addictive,4,4,0
almost_smooth,4,4,0
just_restless,4,4,0
incredibly_epic,4,3,1
semi_private,4,4,0
semi_permanent,4,3,1
directly_visible,4,3,1
maybe_few,4,4,0
just_resistant,4,4,0
not_sex,4,4,0
disappointingly_bland,4,4,0
self_obsessed,4,4,0
not_shiny,4,4,0
self_destructive,4,3,1
just_repetitive,4,4,0
self-consciously_quirky,4,4,0
happily_willing,4,4,0
not_self-evident,4,4,0
seriously_awful,4,0,4
seriously_beautiful,4,3,1
not_righteous,4,4,0
seriously_dramatic,4,2,2
hardly_bigger,4,4,0
not_round,4,4,0
not_sacred,4,4,0
directly_harmful,4,3,1
absolutely_joyful,4,4,0
directly_hostile,4,4,0
hardly_available,4,3,1
most_minimal,4,4,0
unflinchingly_honest,4,4,0
incredibly_encouraging,4,4,0
seriously_confused,4,4,0
directly_pertinent,4,4,0
seriously_bummed,4,4,0
just_romantic,4,3,1
maybe_gay,4,4,0
maybe_crazy,4,4,0
biologically_unique,4,4,0
also_pricey,4,4,0
shockingly_clear,4,4,0
unintentionally_ironic,4,4,0
maybe_apprehensive,4,4,0
depressingly_real,4,4,0
almost_sublime,4,1,3
shockingly_ignorant,4,4,0
just_stiff,4,4,0
not_plain,4,3,1
not_plastic,4,4,0
shockingly_brutal,4,4,0
maybe_angry,4,4,0
deservedly_popular,4,3,1
sweetly_simple,4,3,1
most_nuanced,4,4,0
not_poisonous,4,4,0
sharply_negative,4,4,0
maybe_aware,4,2,2
sharply_funny,4,4,0
not_potential,4,4,0
shockingly_real,4,3,1
depressingly_generic,4,3,1
uniformly_negative,4,3,1
significantly_low,4,4,0
heavily_concerned,4,4,0
suspiciously_close,4,2,2
suspiciously_convenient,4,4,0
wholly_unqualified,4,2,2
uniquely_attractive,4,2,2
most_observant,4,4,0
absolutely_illegal,4,2,2
just_sweaty,4,4,0
significantly_lighter,4,3,1
not_passable,4,4,0
not_outrageous,4,3,1
just_susceptible,4,4,0
heartbreakingly_sad,4,3,1
significantly_inferior,4,4,0
not_overpowering,4,0,4
just_supportive,4,4,0
not_palestinian,4,1,3
not_particular,4,3,1
shamelessly_manipulative,4,4,0
sexually_vulgar,4,4,0
desperately_eager,4,4,0
not_pushy,4,3,1
absolutely_indifferent,4,4,0
wholly_subjective,4,4,0
sexually_candid,4,4,0
sexually_assertive,4,4,0
devastatingly_effective,4,3,1
not_prudent,4,4,0
severely_underwater,4,4,0
severely_sick,4,4,0
just_simpler,4,4,0
desperately_excited,4,4,0
also_online,4,4,0
devastatingly_simple,4,2,2
quite_charismatic,4,3,1
just_sickening,4,3,1
wholly_predictable,4,4,0
hardly_relevant,4,4,0
also_optimistic,4,4,0
biologically_unrelated,4,4,0
sexually_depraved,4,4,0
almost_startling,4,3,1
devastatingly_accurate,4,4,0
vaguely_unsatisfying,4,0,4
vaguely_uncomfortable,4,3,1
just_spontaneous,4,3,1
sexually_stimulating,4,4,0
not_preferable,4,4,0
maybe_bisexual,4,4,0
systematically_wrong,4,3,1
not_pristine,4,4,0
incredibly_distant,4,4,0
absolutely_incomprehensible,4,1,3
bit_dangerous,4,2,2
maybe_blue,4,3,1
maybe_bored,4,4,0
unimaginably_different,4,3,1
just_sober,4,4,0
unimaginably_beautiful,4,0,4
maybe_brilliant,4,3,1
sexually_exclusive,4,4,0
vastly_cheaper,4,4,0
not_silent,4,4,0
just_narrative,4,4,0
not_vacant,4,4,0
grotesquely_violent,4,4,0
grotesquely_ugly,4,4,0
scarcely_imaginable,4,0,4
incredibly_gentle,4,3,1
incredibly_gifted,4,4,0
scarcely_believable,4,3,1
absolutely_negative,4,3,1
savagely_critical,4,4,0
maybe_practical,4,4,0
scientifically_curious,4,4,0
most_involved,4,4,0
just_original,4,4,0
unduly_prejudicial,4,4,0
sadly_wrong,4,2,2
distinctly_romantic,4,1,3
wholly_american,4,0,4
grossly_unqualified,4,1,3
sadly_inadequate,4,4,0
just_overjoyed,4,4,0
scientifically_incorrect,4,4,0
beyond_ready,4,4,0
not_unacceptable,4,4,0
secretly_terrified,4,4,0
unexpectedly_awesome,4,1,3
secretly_related,4,3,1
just_peculiar,4,4,0
distinctly_female,4,2,2
distinctly_french,4,1,3
secretly_happy,4,4,0
secretly_evil,4,4,0
incredibly_frightening,4,3,1
just_overweight,4,4,0
second-most_important,4,4,0
not_unconstitutional,4,4,0
half_alive,4,3,1
just_pale,4,4,0
distinctly_local,4,2,2
scientifically_significant,4,4,0
habitually_resident,4,4,0
not_unified,4,4,0
just_opportunistic,4,4,0
sadly_deficient,4,4,0
most_intricate,4,4,0
just_noisy,4,4,0
rightfully_outraged,4,4,0
maybe_sad,4,4,0
also_social,4,4,0
technically_precise,4,4,0
rightfully_angry,4,4,0
right_wrong,4,4,0
right_welcome,4,3,1
grossly_irresponsible,4,4,0
most_insignificant,4,3,1
absolutely_obvious,4,2,2
just_newer,4,4,0
disturbingly_different,4,0,4
grossly_ineffective,4,4,0
right_hilarious,4,4,0
just_neat,4,4,0
disturbingly_funny,4,4,0
incredibly_harsh,4,3,1
incredibly_heartbreaking,4,4,0
rightly_angry,4,4,0
rightly_outraged,4,4,0
not_yellow,4,4,0
most_insulting,4,4,0
distinctly_unhelpful,4,3,1
grossly_substandard,4,4,0
absolutely_ok,4,4,0
well_wide,4,4,0
round_happier,4,4,0
not_widespread,4,4,0
round_better,4,4,0
round_awesome,4,4,0
not_windy,4,4,0
also_shy,4,4,0
unduly_concerned,4,3,1
also_simple,4,4,0
grossly_overrated,4,4,0
maybe_religious,4,3,1
just_nutty,4,3,1
romantically_inclined,4,3,1
unduly_complex,4,4,0
just_perfunctory,4,4,0
maybe_multiple,4,4,0
disappointingly_low,4,4,0
technically_astute,4,4,0
seemingly_petty,4,2,2
technically_able,4,4,0
most_loving,4,4,0
seemingly_outdated,4,2,2
absolutely_maddening,4,3,1
almost_silly,4,3,1
seemingly_negative,4,1,3
seemingly_mysterious,4,2,2
halfway_edible,4,1,3
seemingly_positive,4,3,1
disproportionately_burdensome,4,4,0
seemingly_intelligent,4,3,1
most_local,4,4,0
just_preliminary,4,4,0
seemingly_independent,4,4,0
just_pregnant,4,4,0
disproportionately_negative,4,4,0
seemingly_incompatible,4,4,0
vastly_easier,4,4,0
seemingly_ready,4,4,0
also_responsive,4,4,0
not_solvable,4,4,0
seemingly_willing,4,3,1
vastly_complex,4,3,1
unfailingly_friendly,4,4,0
disarmingly_charming,4,3,1
not_sober,4,4,0
seemingly_true,4,4,0
incredibly_exhilarating,4,1,3
just_reactive,4,4,0
wholly_imaginary,4,3,1
not_steep,4,4,0
most_macho,4,4,0
tangentially_relevant,4,1,3
just_quieter,4,4,0
absolutely_ludicrous,4,3,1
not_sporty,4,4,0
incredibly_eye-catching,4,4,0
just_queer,4,4,0
seemingly_ridiculous,4,0,4
also_recyclable,4,4,0
seemingly_inaccessible,4,4,0
disproportionately_small,4,4,0
most_lacking,4,4,0
half_mad,4,4,0
seemingly_capable,4,4,0
just_picky,4,4,0
not_tidy,4,4,0
just_physical,4,3,1
wholly_entertaining,4,1,3
technically_edible,4,4,0
seemingly_banal,4,0,4
seemingly_attractive,4,4,0
vastly_exaggerated,4,1,3
not_tolerable,4,4,0
technically_eligible,4,4,0
distinctly_canadian,4,2,2
unexpectedly_different,4,1,3
almost_shocking,4,2,2
seemingly_absurd,4,3,1
unexpectedly_delicious,4,2,2
seemingly_able,4,2,2
distinctly_alien,4,2,2
absolutely_mind-blowing,4,2,2
seemingly_complicated,4,3,1
distinctively_unique,4,3,1
seemingly_immune,4,2,2
seemingly_illogical,4,4,0
seemingly_identical,4,4,0
technically_dead,4,4,0
distantly_familiar,4,1,3
also_relative,4,4,0
half_serious,4,4,0
most_lethal,4,4,0
seemingly_difficult,4,3,1
maybe_lucky,4,4,0
not_theoretical,4,4,0
just_pleasing,4,3,1
absolutely_mental,4,2,2
also_religious,4,4,0
also_remarkable,4,2,2
seemingly_counter-intuitive,4,1,3
unexpectedly_funny,4,4,0
unspeakably_terrible,4,0,4
not_complementary,4,4,0
dramatically_compelling,4,3,1
still_fascinating,4,4,0
completely_forbidden,4,3,1
n't_mobile,4,4,0
completely_fraudulent,4,4,0
n't_most,4,4,0
much_awesome,4,4,0
still_faithful,4,4,0
somehow_unfair,4,4,0
less_chunky,4,2,2
wonderfully_playful,4,3,1
completely_foolish,4,3,1
however_vivid,4,4,0
somehow_sinister,4,3,1
somehow_significant,4,3,1
somehow_sick,4,4,0
somehow_shameful,4,4,0
completely_guilty,4,3,1
however_vague,4,0,4
much_automatic,4,4,0
much_beneficial,4,3,1
less_cliche,4,2,2
n't_obsessed,4,4,0
n't_male,4,4,0
sometimes_bigger,4,4,0
sometimes_available,4,4,0
sometimes_afraid,4,4,0
completely_ethical,4,4,0
less_nerdy,4,3,1
completely_exempt,4,4,0
completely_extraordinary,4,0,4
completely_factual,4,4,0
hugely_challenging,4,3,1
somehow_worth,4,3,1
completely_fantastical,4,3,1
someplace_different,4,3,1
less_clumsy,4,2,2
less_neutral,4,4,0
n't_malicious,4,4,0
still_equal,4,4,0
n't_marketable,4,4,0
n't_masculine,4,4,0
chiefly_concerned,4,4,0
utterly_cruel,4,1,3
also_costly,4,4,0
utterly_confident,4,3,1
somehow_familiar,4,4,0
somehow_false,4,4,0
completely_insensitive,4,4,0
however_simple,4,3,1
somehow_exempt,4,4,0
less_obsessed,4,3,1
much_active,4,4,0
however_short,4,3,1
n't_predictable,4,4,0
n't_polite,4,4,0
still_grander,4,0,4
completely_interactive,4,3,1
n't_private,4,4,0
still_grateful,4,4,0
wonderfully_odd,4,3,1
n't_privileged,4,4,0
somehow_dependent,4,3,1
less_brown,4,4,0
somehow_good,4,4,0
n't_plentiful,4,4,0
somehow_perfect,4,4,0
n't_peachy,4,4,0
somehow_ok,4,4,0
completely_homemade,4,3,1
completely_horizontal,4,4,0
n't_optimistic,4,4,0
n't_optional,4,4,0
n't_organic,4,4,0
however_tall,4,4,0
completely_impassable,4,4,0
completely_impersonal,4,2,2
less_caring,4,3,1
somehow_independent,4,3,1
impossibly_complex,4,4,0
completely_improper,4,2,2
n't_persuasive,4,4,0
chemically_related,4,4,0
less_catchy,4,2,2
somehow_immoral,4,4,0
somehow_illegal,4,4,0
completely_engrossing,4,4,0
already_adept,4,3,1
sometimes_bold,4,4,0
less_conscientious,4,4,0
much_denser,4,4,0
completely_coherent,4,3,1
completely_compassionate,4,4,0
chronically_tired,4,4,0
n't_horrible,4,4,0
completely_compliant,4,4,0
hugely_inspiring,4,3,1
completely_comprehensive,4,4,0
n't_hostile,4,4,0
chronically_understaffed,4,4,0
completely_confusing,4,4,0
less_most,4,4,0
about_hard,4,4,0
n't_huge,4,4,0
completely_contrasting,4,0,4
much_crazier,4,0,4
completely_convinced,4,4,0
utterly_dismissive,4,4,0
sometimes_painful,4,3,1
completely_close,4,4,0
n't_linear,4,4,0
chronically_unwell,4,4,0
much_doomed,4,4,0
chronically_wrong,4,3,1
completely_blameless,4,4,0
sometimes_serious,4,4,0
sometimes_separate,4,4,0
still_crucial,4,4,0
completely_blue,4,4,0
sometimes_second,4,4,0
sometimes_sad,4,4,0
sometimes_permanent,4,4,0
completely_busy,4,4,0
much_disappointed,4,4,0
sometimes_real,4,4,0
utterly_embarrassing,4,4,0
sometimes_prone,4,4,0
sometimes_pink,4,4,0
still_cruel,4,4,0
less_monolithic,4,3,1
sometimes_larger,4,4,0
much_cool,4,4,0
wonderfully_rewarding,4,4,0
already_okay,4,4,0
n't_intelligent,4,4,0
less_compassionate,4,4,0
already_obese,4,4,0
less_narcissistic,4,3,1
completely_dishonest,4,4,0
sometimes_disturbing,4,4,0
less_nasty,4,3,1
already_obsessed,4,4,0
much_capable,4,3,1
less_murderous,4,1,3
hugely_different,4,2,2
completely_dynamic,4,4,0
completely_easy,4,2,2
n't_liable,4,4,0
completely_ecstatic,4,3,1
completely_effective,4,4,0
hugely_dependent,4,4,0
less_comforting,4,1,3
sometimes_fatal,4,4,0
less_compatible,4,3,1
completely_difficult,4,2,2
much_clueless,4,4,0
less_concrete,4,1,3
hugely_gratifying,4,4,0
less_murky,4,4,0
already_naked,4,4,0
about_hot,4,4,0
hugely_frustrating,4,4,0
sometimes_humorous,4,4,0
importantly_different,4,2,2
wonderfully_relaxing,4,0,4
still_dissatisfied,4,4,0
completely_demented,4,1,3
sometimes_greater,4,4,0
n't_indicative,4,4,0
n't_innocent,4,4,0
sometimes_fresh,4,4,0
completely_deserving,4,4,0
sometimes_fourth,4,4,0
less_broad,4,3,1
n't_professional,4,4,0
completely_irreplaceable,4,4,0
completely_standard,4,4,0
horrifyingly_wrong,4,2,2
mostly_sad,4,4,0
still_overweight,4,4,0
still_own,4,4,0
n't_truthful,4,4,0
less_photogenic,4,3,1
wonderfully_good,4,3,1
less_amazing,4,2,2
usually_temporary,4,4,0
usually_treatable,4,4,0
impossibly_small,4,3,1
completely_sterile,4,4,0
so_vigilant,4,4,0
still_potent,4,4,0
so_venomous,4,3,1
less_playful,4,2,2
so_various,4,4,0
still_prepared,4,4,0
usually_tired,4,4,0
still_old,4,4,0
less_peaceful,4,4,0
still_negative,4,4,0
still_messy,4,4,0
already_short,4,3,1
still_miserable,4,4,0
completely_rude,4,2,2
still_mobile,4,4,0
however_close,4,4,0
completely_secondary,4,4,0
n't_tasty,4,4,0
completely_sensible,4,3,1
n't_tired,4,4,0
mostly_sober,4,3,1
n't_temporary,4,4,0
however_best,4,2,2
still_novel,4,4,0
wonderfully_happy,4,2,2
still_obscure,4,3,1
certainly_willing,4,4,0
however_bad,4,4,0
so_valiant,4,4,0
n't_vigilant,4,4,0
less_alert,4,4,0
naturally_available,4,4,0
mostly_okay,4,4,0
completely_unethical,4,4,0
naturally_aggressive,4,4,0
completely_unfathomable,4,2,2
so_unseemly,4,1,3
wonderfully_flawed,4,4,0
so_unscientific,4,1,3
naturally_attractive,4,0,4
naturally_bad,4,4,0
completely_sweet,4,2,2
so_unremarkable,4,2,2
naturally_beneficial,4,2,2
mostly_natural,4,4,0
naturally_bigger,4,4,0
still_rife,4,4,0
still_risky,4,4,0
naturally_brilliant,4,4,0
completely_unknowable,4,1,3
certainly_reasonable,4,4,0
completely_undeserved,4,2,2
narrowly_religious,4,4,0
so_unstoppable,4,1,3
completely_synonymous,4,4,0
completely_taboo,4,2,2
completely_tasteless,4,1,3
horrifically_violent,4,3,1
still_puzzling,4,4,0
still_quick,4,4,0
less_agreeable,4,3,1
so_uphill,4,4,0
utterly_unrelated,4,0,4
certainly_small,4,4,0
still_reasonable,4,4,0
so_untrustworthy,4,2,2
mostly_political,4,3,1
n't_worse,4,4,0
completely_unbiased,4,3,1
so_unsympathetic,4,3,1
completely_unchanged,4,3,1
still_memorable,4,4,0
completely_repulsive,4,4,0
utterly_comforting,4,0,4
still_inclined,4,4,0
wonderfully_magical,4,0,4
less_belligerent,4,3,1
wonderfully_liberating,4,0,4
impossibly_glamorous,4,2,2
less_ornate,4,3,1
completely_null,4,4,0
socially_repugnant,4,4,0
less_ostentatious,4,2,2
still_independent,4,4,0
completely_mystifying,4,3,1
n't_satisfying,4,4,0
socially_popular,4,4,0
however_insignificant,4,1,3
mostly_unknown,4,3,1
n't_scientific,4,4,0
socially_offensive,4,2,2
charmingly_offbeat,4,2,2
charmingly_nostalgic,4,2,2
however_minor,4,2,2
socially_uncomfortable,4,4,0
socially_aggressive,4,4,0
completely_linear,4,4,0
somehow_concerned,4,4,0
wonderfully_nice,4,4,0
completely_lame,4,2,2
somehow_beneficial,4,3,1
completely_legible,4,4,0
still_habitable,4,4,0
completely_lethargic,4,4,0
mostly_young,4,1,3
impossibly_dull,4,3,1
n't_relaxed,4,4,0
n't_radical,4,4,0
less_blue,4,4,0
solidly_good,4,4,0
mostly_worthless,4,4,0
solely_related,4,4,0
less_bland,4,3,1
completely_mobile,4,4,0
still_hilarious,4,4,0
still_innocent,4,4,0
n't_sensible,4,4,0
completely_overblown,4,4,0
already_scared,4,4,0
socially_detrimental,4,4,0
socially_dangerous,4,2,2
less_artful,4,2,2
impossibly_lovely,4,4,0
socially_correct,4,4,0
socially_controversial,4,4,0
completely_psychotic,4,4,0
socially_complex,4,4,0
still_liquid,4,4,0
completely_overcast,4,4,0
n't_square,4,4,0
n't_static,4,4,0
n't_steady,4,4,0
still_lonely,4,4,0
utterly_adorable,4,4,0
still_lucky,4,4,0
n't_strange,4,4,0
n't_strict,4,4,0
less_artificial,4,1,3
n't_snug,4,4,0
still_jewish,4,4,0
socially_engaging,4,2,2
however_imperfect,4,2,2
completely_overgrown,4,4,0
socially_meaningful,4,0,4
however_humble,4,3,1
n't_sexist,4,4,0
already_rotten,4,3,1
mostly_unconscious,4,4,0
still_invisible,4,4,0
less_audible,4,4,0
less_attuned,4,4,0
mostly_unchanged,4,4,0
however_good,4,3,1
completely_phony,4,4,0
mostly_unaware,4,4,0
socially_harmful,4,4,0
n't_similar,4,4,0
wonderfully_indulgent,4,1,3
sometimes_similar,4,3,1
already_mad,4,4,0
n't_gray,4,4,0
utterly_silly,4,4,0
immediately_hazardous,4,4,0
immensely_pleasing,4,1,3
immensely_pleasurable,4,1,3
clearly_delusional,4,4,0
yet_important,4,1,3
less_inconvenient,4,2,2
musically_sophisticated,4,4,0
yet_healthy,4,0,4
somewhat_unrealistic,4,4,0
yet_more,4,2,2
somewhat_unpleasant,4,3,1
clinically_appropriate,4,4,0
mutually_compatible,4,4,0
already_clean,4,4,0
mutually_destructive,4,4,0
less_exacting,4,3,1
less_inevitable,4,4,0
utterly_misguided,4,3,1
clearly_willing,4,3,1
much_meaningless,4,4,0
much_unheard,4,1,3
much_willing,4,4,0
less_fantastical,4,1,3
soon_likely,4,4,0
clearly_tired,4,3,1
utterly_normal,4,2,2
utterly_necessary,4,3,1
statistically_unchanged,4,3,1
much_wetter,4,3,1
yet_powerful,4,0,4
utterly_naive,4,4,0
somewhere_exotic,4,4,0
much_worthless,4,3,1
much_mental,4,4,0
somewhere_safe,4,4,0
clearly_unqualified,4,1,3
already_enlightened,4,4,0
clearly_unrealistic,4,4,0
much_yellow,4,4,0
clearly_unsuitable,4,3,1
somewhat_uneven,4,4,0
somewhat_underrated,4,4,0
somewhat_unconventional,4,3,1
clearly_confused,4,3,1
immensely_rich,4,3,1
somewhat_soft,4,4,0
cognitively_healthy,4,4,0
cognitively_impaired,4,4,0
somewhat_small,4,3,1
less_enduring,4,3,1
somewhat_slow,4,3,1
less_endearing,4,1,3
somewhat_sinister,4,3,1
yet_future,4,2,2
less_insightful,4,4,0
somewhat_shocking,4,3,1
utterly_irresistible,4,0,4
somewhat_secretive,4,4,0
coldly_indifferent,4,4,0
somewhat_scared,4,4,0
immediately_attractive,4,2,2
still_ambivalent,4,4,0
immediately_compelling,4,0,4
immediately_concerned,4,4,0
closely_involved,4,3,1
closely_enough,4,4,0
stereotypically_feminine,4,4,0
less_european,4,2,2
clinically_indistinguishable,4,4,0
mutually_incomprehensible,4,4,0
somewhat_translucent,4,3,1
somewhat_toxic,4,4,0
somewhat_tough,4,4,0
mutually_rewarding,4,4,0
still_accountable,4,3,1
mutually_satisfying,4,3,1
somewhat_sweet,4,3,1
immediately_dead,4,4,0
mysteriously_attractive,4,0,4
less_innocuous,4,2,2
closely_analogous,4,1,3
yet_elusive,4,0,4
mysteriously_dead,4,4,0
much_valuable,4,0,4
immediately_popular,4,3,1
somewhat_resistant,4,4,0
immensely_impressive,4,4,0
much_right,4,4,0
yet_unseen,4,1,3
spiritually_lazy,4,4,0
spiritually_inclined,4,4,0
clearly_inadequate,4,4,0
spiritually_important,4,1,3
spiritually_ill,4,3,1
spiritually_harmful,4,3,1
less_heroic,4,1,3
statistically_different,4,3,1
immensely_beneficial,4,4,0
spiritually_empty,4,3,1
clearly_insane,4,4,0
clearly_irrelevant,4,4,0
spiritually_awake,4,4,0
spiritually_advanced,4,4,0
already_defunct,4,3,1
much_shocked,4,4,0
spiritually_related,4,4,0
clearly_harmful,4,2,2
immediately_possible,4,4,0
less_hassle,4,4,0
immensely_fun,4,4,0
startlingly_realistic,4,3,1
immensely_frustrating,4,4,0
immensely_exciting,4,2,2
less_hardy,4,4,0
much_overkill,4,4,0
startlingly_funny,4,4,0
utterly_repulsive,4,1,3
less_greedy,4,3,1
staggeringly_complex,4,3,1
utterly_reprehensible,4,3,1
less_greasy,4,2,2
starkly_present,4,4,0
much_pricier,4,4,0
starkly_black,4,4,0
starkly_beautiful,4,3,1
much_quiet,4,4,0
clearly_grateful,4,4,0
utterly_quiet,4,4,0
immediately_valuable,4,2,2
utterly_profound,4,1,3
immediately_related,4,3,1
utterly_ordinary,4,2,2
much_tired,4,4,0
sorely_underdeveloped,4,4,0
clearly_qualified,4,2,2
less_flammable,4,2,2
clearly_racist,4,2,2
statistically_probable,4,4,0
sorely_amiss,4,4,0
less_hurtful,4,2,2
utterly_professional,4,4,0
less_fiery,4,1,3
utterly_obsessed,4,4,0
less_iconic,4,2,2
abnormally_sensitive,4,4,0
soooo_wonderful,4,4,0
less_feminist,4,4,0
soooo_happy,4,4,0
abnormally_slow,4,4,0
sparsely_populated,4,3,1
utterly_painful,4,4,0
clearly_positive,4,3,1
less_forceful,4,3,1
spectacularly_stupid,4,0,4
immediately_undone,4,4,0
less_frivolous,4,1,3
much_sicker,4,3,1
much_simple,4,2,2
utterly_precious,4,1,3
less_fresh,4,4,0
abnormally_long,4,4,0
clearly_disappointed,4,4,0
clearly_negative,4,3,1
clearly_new,4,2,2
yet_undetermined,4,4,0
specifically_jewish,4,2,2
clearly_older,4,4,0
immensely_interested,4,4,0
specifically_french,4,3,1
specifically_female,4,2,2
already_fluent,4,4,0
somewhat_repetitive,4,4,0
completely_better,4,3,1
comparatively_quiet,4,4,0
somewhat_critical,4,4,0
somewhat_costly,4,4,0
n't_drunk,4,4,0
comparatively_light,4,4,0
somewhat_conscious,4,4,0
still_blue,4,4,0
clearly_absurd,4,3,1
comparatively_poor,4,3,1
n't_english,4,4,0
clearly_afraid,4,4,0
utterly_frustrating,4,3,1
somewhat_cheaper,4,4,0
somewhat_cheap,4,3,1
less_debilitating,4,4,0
less_macabre,4,0,4
hugely_welcome,4,4,0
wonderfully_unexpected,4,0,4
comparatively_weak,4,4,0
n't_direct,4,4,0
comparatively_easier,4,4,0
less_detrimental,4,2,2
n't_dependent,4,4,0
somewhat_doubtful,4,4,0
n't_deliberate,4,4,0
somewhat_distant,4,4,0
somewhat_disrespectful,4,4,0
n't_delicious,4,4,0
somewhat_dismissive,4,4,0
less_descriptive,4,1,3
somewhat_disingenuous,4,4,0
hyper_critical,4,4,0
utterly_timeless,4,2,2
less_local,4,4,0
about_different,4,4,0
less_dependable,4,3,1
somewhat_depressed,4,3,1
somewhat_dependent,4,4,0
much_freer,4,3,1
somewhat_debatable,4,4,0
somewhat_darker,4,4,0
somewhat_boring,4,4,0
somewhat_blurred,4,4,0
n't_exact,4,4,0
already_larger,4,4,0
hugely_rewarding,4,3,1
less_mechanical,4,3,1
n't_flawless,4,4,0
sometimes_unwilling,4,4,0
less_melodramatic,4,1,3
sometimes_unknown,4,4,0
still_comfortable,4,4,0
already_large,4,4,0
sometimes_unavoidable,4,3,1
somewhat_bad,4,4,0
about_flat,4,4,0
much_emotional,4,4,0
completely_atypical,4,0,4
sometimes_tough,4,3,1
completely_averse,4,1,3
less_metaphysical,4,0,4
much_dumber,4,3,1
sometimes_slower,4,4,0
less_meaty,4,1,3
n't_flashy,4,4,0
completely_american,4,2,2
still_cloudy,4,4,0
less_major,4,3,1
utterly_fresh,4,1,3
less_curly,4,3,1
n't_expensive,4,4,0
somewhat_annoyed,4,4,0
n't_fake,4,4,0
less_marketable,4,4,0
somewhat_alien,4,4,0
wonderfully_surreal,4,3,1
impeccably_fresh,4,4,0
much_exhausted,4,4,0
completely_affordable,4,4,0
about_faster,4,4,0
n't_fatal,4,4,0
n't_feminist,4,4,0
hugely_skilled,4,3,1
completely_amateur,4,4,0
about_cute,4,4,0
worryingly_close,4,3,1
utterly_intoxicating,4,1,3
n't_bigger,4,4,0
already_blind,4,4,0
less_drunk,4,4,0
less_intricate,4,2,2
utterly_inexplicable,4,2,2
much_human,4,4,0
about_clean,4,4,0
somewhat_natural,4,2,2
utterly_ineffective,4,4,0
clearly_black,4,3,1
somewhat_opaque,4,4,0
somewhat_murky,4,4,0
much_hot,4,4,0
somewhat_meaningful,4,1,3
n't_broad,4,4,0
less_dogmatic,4,4,0
already_guilty,4,4,0
somewhat_loose,4,4,0
somewhat_local,4,4,0
n't_awful,4,4,0
already_blue,4,4,0
somewhat_equal,4,3,1
still_annoyed,4,4,0
utterly_intolerable,4,3,1
immediately_actionable,4,4,0
less_eligible,4,4,0
less_egregious,4,2,2
n't_agile,4,4,0
less_efficacious,4,4,0
about_bold,4,4,0
n't_allergic,4,4,0
less_interactive,4,3,1
already_functional,4,4,0
somewhat_premature,4,4,0
still_appealing,4,3,1
yet_comfortable,4,2,2
somewhat_pessimistic,4,4,0
n't_asleep,4,4,0
somewhat_personal,4,4,0
immeasurably_better,4,4,0
yet_classy,4,0,4
much_healthy,4,3,1
ideologically_motivated,4,3,1
utterly_inconsequential,4,2,2
commercially_useful,4,2,2
somewhat_formal,4,3,1
much_grateful,4,4,0
somewhat_flexible,4,4,0
commercially_unavailable,4,4,0
utterly_illogical,4,3,1
yearly_average,4,4,0
n't_conventional,4,4,0
utterly_terrified,4,4,0
n't_corrupt,4,4,0
clearly_awful,4,2,2
already_bad,4,3,1
somewhat_famous,4,3,1
clearly_anxious,4,4,0
clearly_anti-semitic,4,4,0
somewhat_exciting,4,3,1
n't_crisp,4,4,0
less_likable,4,3,1
less_limited,4,3,1
somewhat_fraught,4,4,0
ideally_better,4,4,0
commercially_profitable,4,2,2
less_disastrous,4,2,2
still_attractive,4,2,2
still_audible,4,4,0
comically_stupid,4,4,0
ideologically_diverse,4,4,0
utterly_inane,4,0,4
less_dishonest,4,4,0
less_disgusting,4,2,2
much_greek,4,3,1
commercially_confidential,4,4,0
n't_conclusive,4,4,0
less_lazy,4,2,2
somewhat_harmful,4,4,0
still_awful,4,2,2
clearly_artificial,4,4,0
somewhat_guilty,4,4,0
ideally_more,4,4,0
n't_congruent,4,4,0
completely_unlikely,4,1,3
still_sacred,4,3,1
still_sad,4,4,0
non_sexual,4,2,2
sufficiently_critical,4,3,1
so_gratuitous,4,4,0
currently_obsessed,4,4,0
less_uptight,4,4,0
most_solid,4,3,1
so_granular,4,3,1
non_reliable,4,4,0
currently_profitable,4,4,0
non_surgical,4,4,0
non_permanent,4,4,0
also_ambivalent,4,4,0
largely_unfounded,4,4,0
non_trivial,4,3,1
most_skillful,4,4,0
currently_topical,4,4,0
hilariously_ironic,4,2,2
most_skilful,4,4,0
currently_undecided,4,4,0
so_greater,4,3,1
so_gregarious,4,3,1
less_unpalatable,4,2,2
both_welcome,4,4,0
so_heady,4,3,1
most_startling,4,4,0
so_hazardous,4,3,1
less_unpopular,4,3,1
so_harrowing,4,3,1
sufficiently_attractive,4,4,0
non_essential,4,2,2
largely_unprotected,4,4,0
non_human,4,2,2
so_grievous,4,2,2
vaguely_exotic,4,1,3
less_unpredictable,4,4,0
so_hairy,4,4,0
currently_inactive,4,4,0
currently_interested,4,4,0
sufficiently_complex,4,3,1
non_negotiable,4,3,1
most_specific,4,3,1
most_sinister,4,3,1
hilariously_inappropriate,4,4,0
less_variable,4,3,1
so_fervent,4,4,0
sufficiently_vague,4,3,1
less_viscous,4,2,2
not_addictive,4,4,0
also_apprehensive,4,4,0
damn_charming,4,4,0
so_finicky,4,4,0
also_armed,4,4,0
less_voluminous,4,0,4
largely_successful,4,4,0
most_sincere,4,4,0
suitably_creepy,4,2,2
so_faulty,4,4,0
so_fastidious,4,3,1
suitably_excited,4,4,0
damn_depressing,4,4,0
damn_dull,4,4,0
so_fanciful,4,2,2
also_attractive,4,3,1
sufficiently_unique,4,3,1
sufficiently_successful,4,4,0
damn_angry,4,4,0
wildly_uneven,4,4,0
so_funky,4,2,2
sufficiently_powerful,4,4,0
less_versatile,4,3,1
largely_unconscious,4,3,1
both_surprising,4,4,0
not_abnormal,4,4,0
not_absent,4,4,0
so_frazzled,4,4,0
sufficiently_scared,4,4,0
absolutely_aware,4,4,0
so_fragmented,4,4,0
currently_visible,4,2,2
sufficiently_severe,4,4,0
unusually_weak,4,4,0
so_foreboding,4,3,1
sufficiently_specific,4,4,0
damn_afraid,4,3,1
currently_endangered,4,3,1
non_consensual,4,4,0
damn_entertaining,4,4,0
so_inert,4,4,0
culturally_jewish,4,4,0
usually_bad,4,3,1
vaguely_edible,4,0,4
most_suspect,4,4,0
almost_worthy,4,0,4
increasingly_hostile,4,4,0
most_surreal,4,4,0
culturally_relative,4,4,0
culturally_similar,4,3,1
less_theoretical,4,1,3
so_indicative,4,4,0
historically_famous,4,2,2
less_total,4,4,0
later_modern,4,4,0
breathtakingly_gorgeous,4,2,2
less_tough,4,4,0
so_inconceivable,4,1,3
culturally_unique,4,1,3
culturally_irrelevant,4,4,0
culturally_interesting,4,2,2
less_unnerving,4,2,2
never_willing,4,4,0
sublimely_silly,4,3,1
subsequently_able,4,4,0
less_systematic,4,4,0
culturally_alien,4,4,0
increasingly_fearful,4,4,0
never_weak,4,0,4
culturally_aware,4,3,1
substantially_correct,4,4,0
less_talkative,4,4,0
vaguely_dystopian,4,0,4
less_tame,4,1,3
absolutely_afraid,4,2,2
culturally_contextual,4,4,0
so_intimidated,4,3,1
so_intellectual,4,4,0
culturally_ignorant,4,4,0
absolutely_amazed,4,4,0
so_insipid,4,3,1
suddenly_alive,4,4,0
culturally_wrong,4,2,2
suddenly_busy,4,4,0
largely_untapped,4,4,0
largely_useless,4,4,0
non_active,4,4,0
suddenly_rosy,4,4,0
most_strong,4,4,0
so_homesick,4,4,0
currently_able,4,4,0
suddenly_single,4,4,0
largely_untested,4,4,0
almost_whimsical,4,1,3
so_inactive,4,4,0
currently_aware,4,4,0
less_universal,4,3,1
most_strange,4,1,3
bracingly_new,4,0,4
less_unlikely,4,4,0
non_compliant,4,4,0
suddenly_worth,4,4,0
so_heavier,4,4,0
nominally_religious,4,4,0
less_unacceptable,4,3,1
so_humorous,4,3,1
so_hurt,4,4,0
so_imperative,4,0,4
historically_black,4,4,0
so_impassioned,4,4,0
later_compatible,4,4,0
curiously_flat,4,3,1
no_stronger,4,3,1
no_taller,4,4,0
so_immaterial,4,1,3
suddenly_full,4,4,0
later_able,4,4,0
curiously_interested,4,4,0
largely_wrong,4,4,0
suddenly_irrelevant,4,4,0
so_idiosyncratic,4,3,1
so_hypothetical,4,3,1
so_hyperbolic,4,4,0
suddenly_obsessed,4,3,1
less_weak,4,3,1
increasingly_reliant,4,4,0
so_jittery,4,4,0
darkly_sinister,4,0,4
both_correct,4,4,0
darkly_mysterious,4,1,3
so_connected,4,3,1
so_congested,4,4,0
super_irresponsible,4,4,0
highly_sought-after,4,4,0
highly_soluble,4,4,0
unusually_cold,4,4,0
both_complicated,4,4,0
darkly_magical,4,2,2
super_kind,4,4,0
so_conceptual,4,4,0
not_chunky,4,4,0
super_knowledgeable,4,3,1
highly_shareable,4,4,0
darn_big,4,4,0
darn_boring,4,4,0
not_classy,4,4,0
wildly_overblown,4,4,0
both_crazy,4,4,0
wildly_overpriced,4,4,0
not_canadian,4,4,0
super_handy,4,4,0
not_broad,4,4,0
so_crispy,4,4,0
so_crippling,4,2,2
not_buddhist,4,4,0
so_criminal,4,3,1
most_revolutionary,4,4,0
super_hilarious,4,4,0
super_huge,4,4,0
both_critical,4,4,0
both_difficult,4,4,0
both_different,4,4,0
darkly_amusing,4,3,1
so_cosmopolitan,4,2,2
likely_enough,4,4,0
not_catastrophic,4,3,1
both_dangerous,4,4,0
also_complex,4,3,1
so_compatible,4,3,1
also_confusing,4,4,0
darn_cheap,4,4,0
largely_flat,4,4,0
not_collectable,4,4,0
so_chilling,4,3,1
so_cheaper,4,4,0
not_commendable,4,4,0
also_convinced,4,4,0
also_cool,4,4,0
both_accurate,4,4,0
not_commonplace,4,3,1
increasingly_vocal,4,3,1
most_reprehensible,4,3,1
super_obnoxious,4,2,2
largely_fictional,4,4,0
borderline_ridiculous,4,4,0
so_cagey,4,4,0
borderline_pornographic,4,4,0
so_buoyant,4,2,2
likely_unable,4,4,0
super_overwhelming,4,4,0
so_christian,4,4,0
super_muscular,4,4,0
likely_present,4,4,0
highly_satisfactory,4,4,0
likely_interested,4,4,0
not_clinical,4,4,0
largely_illiterate,4,4,0
super_low-key,4,2,2
super_mad,4,4,0
darn_delicious,4,4,0
unusually_busy,4,4,0
likely_lower,4,4,0
increasingly_unwilling,4,4,0
likely_moot,4,4,0
likely_new,4,4,0
likely_older,4,3,1
highly_secret,4,4,0
highly_seasoned,4,4,0
highly_seasonal,4,4,0
both_aware,4,4,0
super_motivating,4,3,1
almost_untouched,4,4,0
both_entertaining,4,4,0
increasingly_reluctant,4,4,0
highly_unorthodox,4,3,1
not_arab,4,4,0
not_arbitrary,4,4,0
super_compelling,4,4,0
so_elitist,4,2,2
damn_ridiculous,4,4,0
damn_sick,4,4,0
so_easygoing,4,4,0
so_easier,4,3,1
damn_strong,4,4,0
not_approachable,4,4,0
super_depressed,4,4,0
largely_powerless,4,3,1
damn_sweet,4,4,0
super_depressing,4,3,1
super_desperate,4,4,0
not_asian,4,4,0
largely_positive,4,4,0
both_innovative,4,4,0
so_emblematic,4,2,2
so_empathetic,4,4,0
so_cyclical,4,3,1
largely_self-taught,4,3,1
so_extroverted,4,0,4
less_weird,4,2,2
super_annoyed,4,4,0
both_present,4,4,0
so_existential,4,4,0
both_positive,4,4,0
super_athletic,4,4,0
damn_important,4,2,2
super_big,4,2,2
damn_powerful,4,3,1
not_antagonistic,4,3,1
both_older,4,4,0
super_calm,4,4,0
super_charming,4,1,3
both_necessary,4,4,0
super_cheesy,4,2,2
damn_old,4,4,0
super_classic,4,2,2
so_dope,4,4,0
less_young,4,4,0
largely_personal,4,4,0
super_formal,4,3,1
unusually_intelligent,4,4,0
dangerously_erratic,4,4,0
so_descriptive,4,3,1
both_functional,4,4,0
both_fun,4,4,0
dangerously_ill,4,3,1
so_demoralizing,4,2,2
dangerously_insane,4,4,0
not_biological,4,4,0
not_autistic,4,4,0
so_deficient,4,4,0
largely_misunderstood,4,4,0
highly_theatrical,4,4,0
so_decisive,4,3,1
so_deaf,4,3,1
so_deadpan,4,3,1
also_characteristic,4,3,1
also_cheap,4,3,1
dangerously_different,4,3,1
unusually_intense,4,4,0
largely_oblivious,4,4,0
dangerously_dependent,4,4,0
not_automatic,4,4,0
so_dissimilar,4,2,2
absolutely_catastrophic,4,1,3
super_edgy,4,2,2
dang_hot,4,4,0
lightly_crisp,4,4,0
super_embarrassing,4,2,2
so_dismal,4,2,2
super_emotional,4,3,1
super_energetic,4,4,0
so_disconcerting,4,3,1
unusually_irritable,4,4,0
super_fair,4,4,0
so_diffuse,4,4,0
both_healthy,4,4,0
super_fascinating,4,4,0
both_happy,4,4,0
so_irritated,4,3,1
most_tense,4,4,0
horribly_true,4,4,0
legitimately_fun,4,1,3
nearly_comical,4,4,0
nearly_constant,4,4,0
nearly_continuous,4,4,0
consistently_busy,4,4,0
so_sparkly,4,3,1
nearly_correct,4,4,0
so_spacious,4,4,0
nearly_deaf,4,4,0
consistently_fantastic,4,4,0
nearly_colorless,4,4,0
mostly_clean,4,4,0
still_wide,4,4,0
consistently_friendly,4,4,0
horribly_awful,4,2,2
still_widespread,4,4,0
so_sluggish,4,4,0
so_slower,4,4,0
wonderfully_comfortable,4,2,2
consistently_active,4,4,0
so_spooky,4,2,2
so_succulent,4,4,0
so_stringent,4,4,0
so_subversive,4,1,3
horribly_difficult,4,4,0
considerably_high,4,4,0
still_unlikely,4,4,0
so_sturdy,4,1,3
still_unoccupied,4,4,0
mostly_correct,4,4,0
still_unpredictable,4,4,0
certainly_bigger,4,1,3
nearly_close,4,4,0
so_stinky,4,3,1
so_stilted,4,4,0
less_purposeful,4,4,0
nearly_certain,4,4,0
so_stagnant,4,3,1
so_spotty,4,4,0
less_quiet,4,2,2
still_unusual,4,1,3
so_slender,4,2,2
straight_alike,4,4,0
so_skittish,4,4,0
so_robotic,4,2,2
nearly_microscopic,4,4,0
so_saddened,4,4,0
nearly_miraculous,4,1,3
most_worthless,4,4,0
less_respectful,4,4,0
so_rustic,4,1,3
legally_valid,4,4,0
strangely_liberating,4,1,3
less_revealing,4,1,3
mostly_bare,4,4,0
so_reticent,4,3,1
strangely_perverse,4,0,4
constantly_concerned,4,3,1
inappropriately_funny,4,4,0
nearly_opposite,4,2,2
constantly_critical,4,3,1
so_respectable,4,3,1
most_western,4,3,1
so_scathing,4,3,1
so_sceptical,4,4,0
hopelessly_vague,4,4,0
nearly_insolvent,4,4,0
less_readable,4,4,0
nearly_exact,4,4,0
nearly_expired,4,4,0
mostly_aware,4,4,0
wonderfully_clean,4,4,0
wonderfully_circular,4,0,4
nearly_final,4,4,0
so_shortsighted,4,2,2
horrendously_expensive,4,4,0
nearly_immediate,4,4,0
nearly_impenetrable,4,4,0
so_serendipitous,4,4,0
strangely_endearing,4,1,3
nearly_indestructible,4,2,2
wonderfully_bizarre,4,3,1
horrendously_bad,4,3,1
strangely_funny,4,3,1
so_succinct,4,3,1
so_sugary,4,4,0
nearly_present,4,4,0
less_academic,4,2,2
still_sleepy,4,4,0
completely_vegetarian,4,4,0
naturally_fertile,4,4,0
less_accommodating,4,4,0
still_smaller,4,4,0
horribly_repulsive,4,1,3
so_unforgivable,4,0,4
so_unforgettable,4,1,3
certainly_legitimate,4,4,0
so_uninspiring,4,1,3
certainly_lasting,4,4,0
mostly_inactive,4,4,0
completely_wonderful,4,3,1
naturally_gorgeous,4,4,0
completely_yellow,4,4,0
so_undesirable,4,2,2
so_understandable,4,4,0
so_underground,4,4,0
horribly_sick,4,4,0
certainly_memorable,4,3,1
about_sleek,4,4,0
completely_unrecognized,4,4,0
completely_unnoticeable,4,4,0
so_unprofitable,4,2,2
so_unproductive,4,3,1
completely_unorthodox,4,1,3
still_salty,4,4,0
naturally_confident,4,4,0
completely_unproductive,4,2,2
certainly_open,4,4,0
mostly_local,4,4,0
still_similar,4,4,0
completely_unremarkable,4,3,1
so_unorganized,4,3,1
impressively_detailed,4,4,0
less_acquainted,4,4,0
naturally_durable,4,4,0
completely_unsubstantiated,4,3,1
naturally_elegant,4,1,3
completely_untrained,4,3,1
naturally_inquisitive,4,4,0
so_unconvincing,4,4,0
naturally_kind,4,4,0
so_tart,4,3,1
horribly_inefficient,4,4,0
horribly_incorrect,4,3,1
mostly_functional,4,4,0
horribly_inappropriate,4,2,2
naturally_smart,4,4,0
naturally_suspicious,4,4,0
usually_necessary,4,4,0
still_unconfirmed,4,4,0
horribly_frustrating,4,4,0
so_unconcerned,4,4,0
so_systematic,4,4,0
near_certain,4,1,3
horribly_expensive,4,4,0
considerably_bigger,4,3,1
certainly_democratic,4,4,0
so_superfluous,4,2,2
mostly_devoid,4,3,1
legitimately_new,4,0,4
wonderfully_detailed,4,4,0
less_prescriptive,4,1,3
horribly_ironic,4,2,2
so_torturous,4,4,0
horribly_new,4,1,3
so_uncomplicated,4,3,1
still_sticky,4,4,0
still_stubborn,4,3,1
still_stunned,4,4,0
legitimately_worried,4,4,0
so_unavailable,4,4,0
so_unappealing,4,2,2
impressively_high,4,4,0
horribly_misunderstood,4,4,0
naturally_more,4,4,0
naturally_perfect,4,4,0
conceptually_interesting,4,4,0
legitimately_useful,4,0,4
naturally_quiet,4,4,0
still_swollen,4,4,0
conceptually_similar,4,1,3
legally_sufficient,4,4,0
constantly_frustrated,4,4,0
less_suspicious,4,2,2
so_mistaken,4,4,0
most_understated,4,4,0
most_underrated,4,4,0
neither_able,4,4,0
less_speculative,4,0,4
creatively_talented,4,4,0
most_unassuming,4,4,0
less_squeamish,4,4,0
willfully_wrong,4,2,2
vaguely_conscious,4,4,0
legally_accessible,4,4,0
least_interested,4,4,0
never_afraid,4,3,1
least_important,4,4,0
never_alive,4,4,0
less_stellar,4,3,1
most_trustworthy,4,4,0
less_stiff,4,3,1
structurally_complex,4,4,0
vaguely_comical,4,0,4
broadly_acceptable,4,3,1
so_ok,4,3,1
most_unhealthy,4,4,0
legally_culpable,4,3,1
necessarily_right,4,4,0
strongly_anti-american,4,3,1
so_oblique,4,4,0
legally_complex,4,4,0
strongly_anti-semitic,4,4,0
strongly_aware,4,4,0
strongly_conservative,4,4,0
less_smelly,4,2,2
so_nauseating,4,3,1
legally_capable,4,3,1
honestly_unaware,4,4,0
broadly_comic,4,4,0
less_sober,4,2,2
so_negligent,4,3,1
necessarily_worth,4,4,0
less_soft,4,3,1
less_soluble,4,3,1
structurally_different,4,4,0
criminally_bad,4,4,0
least_concerned,4,4,0
stupidly_expensive,4,4,0
most_transcendent,4,4,0
critically_short,4,3,1
most_tiring,4,4,0
never_nice,4,4,0
less_substantive,4,4,0
absolutely_abysmal,4,4,0
never_offensive,4,2,2
most_threatening,4,4,0
never_pleasant,4,4,0
least_complicated,4,4,0
less_supernatural,4,0,4
less_superstitious,4,2,2
never_pregnant,4,4,0
laughably_obvious,4,4,0
willfully_false,4,4,0
less_surreal,4,1,3
crushingly_boring,4,4,0
vaguely_distasteful,4,0,4
brilliantly_entertaining,4,4,0
so_lopsided,4,2,2
critically_necessary,4,4,0
critically_low,4,4,0
structurally_equivalent,4,4,0
criminally_culpable,4,3,1
so_meaty,4,2,2
structurally_unstable,4,4,0
so_manic,4,2,2
hitherto_unpublished,4,4,0
so_malevolent,4,3,1
hitherto_unheard,4,2,2
criminally_violent,4,4,0
never_dead,4,4,0
stubbornly_resistant,4,4,0
never_equal,4,4,0
less_structured,4,0,4
historically_valuable,4,4,0
less_sturdy,4,3,1
less_stylish,4,4,0
stunningly_new,4,2,2
increasingly_attractive,4,3,1
strikingly_reminiscent,4,3,1
constantly_full,4,4,0
nearly_vacant,4,4,0
constitutionally_permissible,4,4,0
so_psychedelic,4,4,0
nearly_unconscious,4,4,0
nearly_undetectable,4,2,2
usually_excited,4,4,0
nearly_unimaginable,4,1,3
most_virtuous,4,3,1
nearly_upright,4,4,0
so_prideful,4,4,0
less_sacred,4,3,1
usually_effective,4,4,0
hopelessly_difficult,4,4,0
legally_irrelevant,4,4,0
legally_invalid,4,3,1
so_prepared,4,4,0
so_pregnant,4,3,1
strictly_limited,4,4,0
hopelessly_cynical,4,4,0
nearly_true,4,3,1
nearly_triple,4,4,0
strikingly_positive,4,3,1
nearly_sacred,4,1,3
less_ripe,4,4,0
usually_fine,4,4,0
strangely_romantic,4,1,3
strangely_soothing,4,2,2
legally_sane,4,4,0
nearly_rotten,4,4,0
so_redundant,4,3,1
less_rough,4,4,0
strangely_uplifting,4,0,4
so_purple,4,3,1
usually_faster,4,3,1
so_reactionary,4,4,0
constantly_subject,4,3,1
so_raunchy,4,4,0
nearly_such,4,4,0
constantly_wet,4,4,0
nearly_translucent,4,4,0
so_purposeful,4,3,1
necessarily_appropriate,4,4,0
usually_difficult,4,3,1
conveniently_absent,4,3,1
increasingly_active,4,3,1
so_parochial,4,4,0
so_paradoxical,4,1,3
necessarily_healthy,4,4,0
necessarily_helpful,4,4,0
strictly_worse,4,4,0
necessarily_important,4,3,1
necessarily_interested,4,4,0
broadly_related,4,3,1
so_ostentatious,4,2,2
less_self-conscious,4,3,1
strikingly_good,4,4,0
less_sinful,4,3,1
so_opulent,4,1,3
necessarily_problematic,4,4,0
cosmetically_unacceptable,4,4,0
increasingly_angry,4,4,0
so_one-dimensional,4,4,0
counter_cultural,4,3,1
less_shocked,4,4,0
most_uplifting,4,4,0
conventionally_religious,4,4,0
woefully_poor,4,4,0
most_vehement,4,3,1
necessarily_comfortable,4,3,1
legally_incompetent,4,4,0
legally_incapable,4,4,0
conveniently_nearby,4,4,0
brutally_competitive,4,4,0
strictly_positive,4,4,0
so_pious,4,2,2
so_pigmented,4,4,0
brutally_candid,4,4,0
less_sentimental,4,3,1
so_perky,4,4,0
so_peripheral,4,3,1
so_perilous,4,3,1
less_set,4,4,0
so_pedestrian,4,0,4
hopefully_several,4,4,0
relatively_confident,4,4,0
maybe_confusing,4,4,0
weirdly_hot,4,1,3
eminently_treatable,4,4,0
internationally_important,4,4,0
as_vacuous,4,2,2
once_funny,4,4,0
almost_legendary,4,3,1
very_automatic,4,4,0
once_frightening,4,3,1
quite_reputable,4,4,0
as_uptight,4,2,2
quite_reliable,4,3,1
really_bubbly,4,4,0
just_alone,4,4,0
very_automated,4,4,0
equally_perplexing,4,3,1
fully_rational,4,4,0
merely_temperamental,4,4,0
merely_technical,4,4,0
most_despicable,4,3,1
really_caring,4,3,1
generally_upset,4,4,0
generally_useless,4,4,0
incredibly_sore,4,4,0
therefore_subject,4,4,0
very_authoritarian,4,4,0
indeed_illegal,4,4,0
equally_positive,4,4,0
too_feasible,4,4,0
merely_symptomatic,4,4,0
fully_portable,4,4,0
quite_raunchy,4,4,0
equally_outrageous,4,2,2
merely_traditional,4,4,0
merely_tragic,4,4,0
barely_open,4,4,0
generally_unfit,4,4,0
incredibly_stereotypical,4,3,1
equally_moronic,4,1,3
equally_motivated,4,4,0
fully_scalable,4,4,0
ultimately_unnecessary,4,4,0
quite_sacred,4,1,3
quite_rudimentary,4,4,0
equally_nutritious,4,4,0
really_articulate,4,3,1
quite_rosy,4,3,1
really_artistic,4,1,3
really_athletic,4,4,0
ultimately_true,4,3,1
more_villainous,4,1,3
too_false,4,3,1
really_audacious,4,0,4
thoroughly_delighted,4,4,0
quite_risque,4,4,0
really_awake,4,4,0
most_democratic,4,4,0
barely_pink,4,4,0
almost_disappointed,4,4,0
merely_trivial,4,4,0
barely_qualified,4,4,0
really_bisexual,4,4,0
fully_relaxed,4,4,0
once_great,4,2,2
really_cheeky,4,2,2
just_ambivalent,4,4,0
real_aggressive,4,4,0
visually_evocative,4,3,1
very_auspicious,4,2,2
eminently_doable,4,4,0
as_unreasonable,4,2,2
visually_gorgeous,4,3,1
uncommonly_good,4,3,1
equally_repugnant,4,2,2
visually_impactful,4,2,2
quite_presentable,4,4,0
ultimately_related,4,4,0
otherwise_silent,4,4,0
really_contemporary,4,1,3
really_cooperative,4,4,0
just_appealing,4,4,0
genetically_incapable,4,4,0
merely_sentimental,4,4,0
incredibly_sincere,4,2,2
embarrassingly_stupid,4,2,2
often_unreliable,4,4,0
more_venomous,4,3,1
very_attuned,4,3,1
embarrassingly_obvious,4,4,0
fully_modular,4,4,0
quite_portable,4,4,0
really_defensive,4,4,0
really_definitive,4,1,3
often_unknown,4,4,0
quite_porous,4,4,0
as_unobtrusive,4,3,1
otherwise_soft,4,4,0
really_complimentary,4,4,0
quite_pricy,4,4,0
fully_onboard,4,4,0
really_cohesive,4,3,1
quite_rapid,4,4,0
really_clueless,4,3,1
too_fickle,4,3,1
really_clumsy,4,2,2
quite_questionable,4,4,0
quite_quaint,4,4,0
really_clunky,4,4,0
merely_suspicious,4,4,0
quite_puzzling,4,1,3
quite_puzzled,4,4,0
really_cognizant,4,4,0
visually_familiar,4,1,3
generally_worth,4,4,0
quite_purposeful,4,3,1
really_competent,4,3,1
too_final,4,4,0
eminently_preventable,4,4,0
equally_racist,4,4,0
once_available,4,2,2
eminently_possible,4,3,1
fully_organic,4,3,1
equally_ready,4,4,0
ultimately_satisfying,4,2,2
really_comfy,4,2,2
merely_suggestive,4,4,0
really_compassionate,4,4,0
once_able,4,3,1
more_anomalous,4,4,0
merely_unhappy,4,4,0
quite_secret,4,2,2
quite_secure,4,4,0
just_adept,4,4,0
emotionally_wrong,4,2,2
real_hot,4,3,1
virtually_painless,4,4,0
emotionally_volatile,4,4,0
jaw-droppingly_bad,4,3,1
emotionally_upsetting,4,3,1
emotionally_uplifting,4,2,2
quite_sticky,4,4,0
real_low,4,4,0
incredibly_surreal,4,2,2
emotionally_unprepared,4,4,0
otherwise_odd,4,4,0
real_neat,4,3,1
quite_static,4,4,0
thoroughly_shocked,4,4,0
virtually_new,4,4,0
only_accountable,4,4,0
incredibly_surprising,4,4,0
virtually_naked,4,4,0
fully_understandable,4,4,0
quite_speculative,4,4,0
equally_insidious,4,0,4
thoroughly_satisfying,4,3,1
equally_insignificant,4,3,1
too_exacting,4,4,0
emotionally_truthful,4,3,1
online_ready,4,4,0
too_exaggerated,4,4,0
virtually_meaningless,4,4,0
fully_unlocked,4,4,0
real_heavy,4,3,1
equally_inconvenient,4,3,1
real_cold,4,4,0
otherwise_neutral,4,4,0
altogether_strange,4,1,3
only_close,4,3,1
fully_virtual,4,4,0
mildly_awkward,4,4,0
very_belligerent,4,3,1
equally_idealistic,4,4,0
too_enigmatic,4,4,0
real_basic,4,1,3
mildly_autistic,4,4,0
quite_sublime,4,3,1
real_cheap,4,2,2
accidentally_funny,4,4,0
real_confident,4,4,0
only_average,4,3,1
real_conscious,4,4,0
visually_creative,4,2,2
visually_dazzling,4,4,0
too_epic,4,4,0
thoroughly_unpleasant,4,4,0
mildly_alkaline,4,4,0
equally_inadequate,4,4,0
astonishingly_effective,4,4,0
thoroughly_unique,4,1,3
most_cost-efficient,4,4,0
uncomfortably_aware,4,3,1
too_ethereal,4,4,0
too_ethnic,4,4,0
virtually_irrelevant,4,4,0
fully_truthful,4,4,0
fully_transferable,4,4,0
quite_sentimental,4,3,1
once_strange,4,3,1
barely_faster,4,3,1
indeed_guilty,4,3,1
more_amateur,4,3,1
otherwise_productive,4,4,0
equally_mad,4,4,0
really_academic,4,4,0
equally_magnificent,4,3,1
emotionally_negative,4,4,0
quite_serviceable,4,4,0
barely_human,4,1,3
quite_serendipitous,4,4,0
really_addicting,4,3,1
virtually_impassable,4,4,0
quite_shiny,4,4,0
emotionally_intimate,4,4,0
thoroughly_exciting,4,2,2
quite_selfish,4,3,1
accurately_enough,4,4,0
incredibly_strict,4,4,0
really_alien,4,1,3
quite_self-conscious,4,4,0
merely_virtual,4,4,0
really_amazed,4,4,0
merely_upset,4,4,0
generally_unacceptable,4,4,0
generally_unavailable,4,4,0
generally_unaware,4,4,0
equally_lovable,4,4,0
very_badass,4,3,1
otherwise_outrageous,4,4,0
emotionally_risky,4,3,1
real_professional,4,4,0
meticulously_polish,4,4,0
most_cynical,4,4,0
thoroughly_professional,4,4,0
quite_sneaky,4,4,0
real_slow,4,3,1
barely_different,4,4,0
equally_irrelevant,4,3,1
fully_taxable,4,4,0
real_solid,4,1,3
almost_eager,4,3,1
quite_slight,4,4,0
otherwise_poor,4,4,0
generally_strong,4,4,0
quite_showy,4,4,0
almost_intimate,4,1,3
quite_sizeable,4,3,1
equally_lacking,4,2,2
once_true,4,4,0
emotionally_remote,4,4,0
more_alone,4,4,0
real_tired,4,4,0
otherwise_powerful,4,4,0
just_abnormal,4,4,0
emotionally_real,4,3,1
real_upset,4,4,0
otherwise_precious,4,3,1
uncomfortably_hilarious,4,3,1
uncommonly_outstanding,4,0,4
just_automatic,4,4,0
ultimately_pointless,4,3,1
then_aged,4,4,0
very_worldly,4,3,1
thats_perfect,4,1,3
otherwise_undetectable,4,4,0
quite_monstrous,4,2,2
very_workable,4,4,0
quite_moist,4,4,0
else_dishonest,4,3,1
often_ill,4,4,0
really_harmless,4,4,0
often_ignorant,4,4,0
fully_exempt,4,4,0
incredibly_savvy,4,4,0
really_heartbroken,4,4,0
very_wooden,4,4,0
genuinely_chilling,4,2,2
thats_hard,4,0,4
quite_minimalist,4,3,1
else_constant,4,3,1
as_treacherous,4,3,1
too_garish,4,4,0
equally_unusual,4,0,4
often_high,4,4,0
often_helpful,4,4,0
else_concerned,4,2,2
as_trashy,4,3,1
quite_mesmerizing,4,2,2
thats_easy,4,1,3
equally_unworthy,4,4,0
quite_merry,4,4,0
indeed_likely,4,4,0
else_dull,4,3,1
genuinely_busy,4,4,0
as_unaware,4,4,0
thematically_rich,4,4,0
else_incapable,4,3,1
too_freaky,4,4,0
equally_unclear,4,2,2
otherwise_unclear,4,4,0
thematically_related,4,4,0
as_unbearable,4,2,2
else_identical,4,2,2
very_aspirational,4,0,4
visually_satisfying,4,2,2
really_generic,4,2,2
basically_illegal,4,3,1
thematically_interesting,4,3,1
otherwise_unconnected,4,4,0
very_asian,4,2,2
equally_unfair,4,4,0
otherwise_unconscious,4,4,0
most_divisive,4,4,0
most_docile,4,4,0
as_unattractive,4,0,4
merely_ordinary,4,4,0
really_gracious,4,4,0
really_grandiose,4,0,4
else_exciting,4,1,3
genuinely_brilliant,4,3,1
quite_naked,4,4,0
really_grim,4,4,0
really_gritty,4,1,3
merely_nominal,4,4,0
equally_upset,4,4,0
just_charming,4,4,0
that_unique,4,3,1
fully_deserving,4,3,1
especially_absurd,4,2,2
really_inconsistent,4,4,0
especially_adept,4,4,0
really_inconvenient,4,4,0
incredibly_sacred,4,1,3
especially_admirable,4,4,0
as_tempting,4,4,0
really_ingenious,4,2,2
merely_more,4,4,0
just_cliche,4,4,0
merely_misunderstood,4,4,0
quite_local,4,3,1
otherwise_uninhabitable,4,4,0
ergonomically_correct,4,4,0
often_devoid,4,3,1
almost_microscopic,4,4,0
as_taut,4,2,2
more_unsure,4,4,0
vitally_concerned,4,4,0
often_dangerous,4,4,0
almost_midnight,4,4,0
as_talkative,4,2,2
really_irresponsible,4,3,1
often_correct,4,4,0
quite_less,4,2,2
incredibly_right,4,2,2
really_jarring,4,1,3
always_affordable,4,4,0
incredibly_safe,4,3,1
quite_melodic,4,4,0
as_toothless,4,3,1
else_close,4,4,0
often_happy,4,3,1
thats_better,4,1,3
quite_melancholy,4,1,3
really_humbling,4,2,2
equally_vibrant,4,4,0
really_humorous,4,2,2
really_hyper,4,4,0
else_boring,4,2,2
fully_dynamic,4,4,0
else_big,4,0,4
equally_visible,4,4,0
quite_mean,4,4,0
fully_double,4,4,0
that_weird,4,3,1
else_attractive,4,0,4
fully_divine,4,4,0
most_easy,4,4,0
else_amazing,4,0,4
genuinely_courageous,4,3,1
merely_natural,4,4,0
most_eccentric,4,4,0
quite_manual,4,4,0
quite_majestic,4,1,3
that_wonderful,4,3,1
really_improbable,4,2,2
as_thorny,4,2,2
just_chubby,4,4,0
quite_notorious,4,4,0
really_fruitful,4,1,3
often_unavailable,4,3,1
equally_unaware,4,4,0
theologically_correct,4,4,0
often_sick,4,4,0
basically_decent,4,3,1
quite_petite,4,4,0
more_utopian,4,3,1
just_benign,4,4,0
often_shocked,4,4,0
really_eclectic,4,2,2
really_edgy,4,2,2
else_unexpected,4,0,4
altogether_unusual,4,1,3
often_scared,4,4,0
else_uncomfortable,4,2,2
really_embarrassed,4,4,0
really_emotive,4,3,1
merely_procedural,4,4,0
undeniably_adorable,4,1,3
violently_aggressive,4,4,0
merely_private,4,4,0
indeed_interested,4,4,0
often_quick,4,3,1
achingly_cool,4,4,0
also_widespread,4,3,1
altogether_useless,4,4,0
quite_partisan,4,4,0
as_unfortunate,4,3,1
then_present,4,4,0
else_small,4,1,3
then_possible,4,3,1
almost_defiant,4,2,2
almost_manic,4,0,4
really_dreamy,4,1,3
visually_jarring,4,2,2
as_unnerving,4,2,2
as_unlucky,4,3,1
really_diligent,4,4,0
genetically_wrong,4,2,2
really_disastrous,4,2,2
quite_poisonous,4,4,0
otherwise_stressful,4,4,0
visually_inventive,4,3,1
quite_plush,4,4,0
ultimately_physical,4,4,0
really_disheartening,4,3,1
more_vapid,4,3,1
fully_legible,4,4,0
merely_related,4,2,2
really_dreadful,4,3,1
too_flirty,4,4,0
often_successful,4,4,0
quite_physical,4,2,2
equally_sinister,4,1,3
else_worse,4,3,1
quite_philosophical,4,4,0
incredibly_sexist,4,3,1
just_bare,4,4,0
really_diverse,4,4,0
else_wise,4,4,0
incredibly_severe,4,4,0
really_doomed,4,4,0
theologically_liberal,4,4,0
really_evocative,4,3,1
very_comedic,4,3,1
else_serious,4,2,2
merely_physical,4,3,1
as_underwhelming,4,1,3
as_understandable,4,1,3
equally_thrilled,4,4,0
incredibly_seductive,4,2,2
quite_ominous,4,2,2
really_finicky,4,4,0
merely_picturesque,4,4,0
just_bothersome,4,4,0
really_flat,4,4,0
really_flattered,4,4,0
genuinely_annoyed,4,4,0
really_fluent,4,3,1
really_foggy,4,4,0
too_fragrant,4,4,0
really_false,4,4,0
as_uncool,4,0,4
too_frank,4,4,0
incredibly_secure,4,3,1
altogether_worse,4,0,4
more_uptight,4,4,0
as_uncontroversial,4,1,3
genuinely_appreciative,4,4,0
just_bright,4,4,0
often_lonely,4,4,0
equally_unattractive,4,4,0
often_late,4,4,0
else_intact,4,1,3
then_alive,4,3,1
ultimately_impractical,4,4,0
really_faithful,4,2,2
then_perfect,4,2,2
just_bloated,4,4,0
quite_parallel,4,0,4
equally_stubborn,4,4,0
more_arab,4,4,0
else_safe,4,4,0
really_exhilarating,4,1,3
else_richer,4,0,4
equally_stylish,4,4,0
really_expert,4,3,1
as_unfit,4,0,4
genuinely_admirable,4,1,3
else_quiet,4,3,1
otherwise_treatable,4,4,0
more_architectural,4,1,3
really_extravagant,4,0,4
quite_oppressive,4,4,0
then_necessary,4,4,0
then_most,4,3,1
often_open,4,4,0
as_unfashionable,4,2,2
quite_overt,4,4,0
as_unethical,4,1,3
as_uneducated,4,3,1
equally_tantalizing,4,2,2
indeed_justifiable,4,4,0
too_forward,4,4,0
basically_flawed,4,2,2
often_oblivious,4,4,0
else_poorer,4,0,4
equally_humiliating,4,0,4
readily_understandable,4,3,1
too_gradual,4,4,0
openly_bigoted,4,4,0
openly_lesbian,4,4,0
equally_amusing,4,3,1
moderately_interested,4,4,0
otherwise_excellent,4,4,0
otherwise_exceptional,4,4,0
morally_preferable,4,4,0
equally_anxious,4,4,0
equally_arbitrary,4,4,0
very_catastrophic,4,0,4
otherwise_expendable,4,4,0
morally_repulsive,4,1,3
otherwise_extraordinary,4,4,0
radically_distinct,4,1,3
radically_democratic,4,2,2
further_right,4,3,1
rather_inconvenient,4,3,1
visibly_tired,4,3,1
openly_enthusiastic,4,4,0
automatically_accessible,4,4,0
intuitively_familiar,4,3,1
rather_inexperienced,4,3,1
equally_awkward,4,2,2
too_awake,4,4,0
moderately_happy,4,4,0
rather_ingenious,4,2,2
rather_innocent,4,4,0
morally_sensitive,4,4,0
entirely_imaginary,4,3,1
equally_bankrupt,4,4,0
most_blind,4,4,0
rarely_necessary,4,2,2
entirely_interchangeable,4,4,0
rather_hectic,4,4,0
rather_ambivalent,4,3,1
rather_harmful,4,4,0
too_coy,4,4,0
rather_harmless,4,4,0
rather_harrowing,4,4,0
unbearably_boring,4,4,0
rather_addictive,4,3,1
entirely_magical,4,0,4
morally_obligatory,4,4,0
too_crappy,4,4,0
equally_adamant,4,4,0
otherwise_enforceable,4,4,0
equally_addictive,4,2,2
moderately_painful,4,3,1
rarely_possible,4,0,4
moderately_overweight,4,4,0
rather_abrupt,4,4,0
entirely_likable,4,3,1
automatically_exempt,4,3,1
unbearably_beautiful,4,3,1
openly_transgender,4,4,0
rather_horrific,4,2,2
morally_obtuse,4,3,1
intrinsically_worth,4,3,1
incredibly_witty,4,1,3
openly_resentful,4,3,1
most_blatant,4,4,0
further_east,4,4,0
openly_christian,4,4,0
entirely_hypothetical,4,2,2
generally_optimistic,4,4,0
entirely_human,4,2,2
quite_younger,4,3,1
equally_bright,4,2,2
equally_brutal,4,4,0
intrinsically_cool,4,0,4
too_dazzling,4,4,0
generally_busy,4,4,0
fundamentally_distinct,4,1,3
rather_minimal,4,4,0
quite_worrisome,4,2,2
entirely_discretionary,4,4,0
quite_wondrous,4,1,3
unacceptably_low,4,4,0
authentically_irish,4,3,1
unbelievably_kind,4,4,0
rather_murky,4,4,0
rather_narrow,4,4,0
very_bohemian,4,3,1
too_decorative,4,4,0
equally_cheap,4,2,2
quite_white,4,4,0
too_apropos,4,4,0
unbelievably_large,4,3,1
indeed_difficult,4,4,0
absolutely_transparent,4,4,0
awfully_young,4,4,0
entirely_counterproductive,4,2,2
rather_noisy,4,3,1
unabashedly_silly,4,4,0
unabashedly_sentimental,4,3,1
too_asian,4,4,0
moderately_challenging,4,4,0
moderately_clean,4,4,0
only_welcome,4,4,0
indeed_dangerous,4,4,0
incredibly_watchable,4,3,1
incredibly_wasteful,4,4,0
rather_intelligent,4,4,0
entirely_gluten-free,4,4,0
moderately_effective,4,4,0
generally_angry,4,4,0
almost_firm,4,4,0
morally_significant,4,1,3
indeed_dead,4,4,0
entirely_fraudulent,4,4,0
morally_sound,4,4,0
generally_anxious,4,4,0
very_ceremonial,4,3,1
morally_troubling,4,4,0
incredibly_vivid,4,4,0
equally_bland,4,1,3
entirely_feasible,4,4,0
too_astringent,4,4,0
entirely_faithful,4,4,0
visibly_anxious,4,4,0
only_virtual,4,4,0
moderately_concerned,4,4,0
rather_low-key,4,4,0
moderately_complex,4,2,2
most_busy,4,4,0
intrinsically_creepy,4,0,4
entirely_equal,4,4,0
oppressively_hot,4,4,0
ordinarily_visible,4,4,0
originally_available,4,4,0
rather_greater,4,2,2
most_angry,4,4,0
indeed_awesome,4,4,0
very_bureaucratic,4,4,0
fundamentally_stupid,4,1,3
rather_doubtful,4,4,0
rather_drab,4,2,2
most_anonymous,4,4,0
too_complete,4,4,0
entirely_vegan,4,4,0
entirely_surprising,4,1,3
rather_dumb,4,2,2
too_cheerful,4,4,0
rather_effective,4,4,0
entirely_willing,4,4,0
very_campy,4,4,0
rather_empty,4,4,0
rather_clean,4,4,0
almost_gothic,4,0,4
rather_erratic,4,4,0
morally_gray,4,4,0
otherwise_desperate,4,4,0
rather_esoteric,4,3,1
fundamentally_uncertain,4,4,0
modestly_lower,4,4,0
too_charismatic,4,4,0
too_condescending,4,4,0
rather_euphoric,4,3,1
entirely_sensible,4,3,1
entirely_selfish,4,4,0
rather_distant,4,0,4
too_chill,4,4,0
indeed_bad,4,4,0
otherwise_competent,4,4,0
most_alive,4,3,1
most_alluring,4,4,0
unbearably_tense,4,4,0
most_alert,4,4,0
otherwise_cool,4,4,0
rather_crowded,4,3,1
rather_convenient,4,4,0
otherwise_complex,4,4,0
rather_cryptic,4,3,1
morally_consistent,4,4,0
entirely_unintentional,4,4,0
fundamentally_rotten,4,1,3
rather_dead,4,4,0
otherwise_cold,4,3,1
entirely_unavoidable,4,3,1
too_comforting,4,4,0
visibly_overweight,4,4,0
rather_delightful,4,2,2
monumentally_large,4,1,3
rather_desperate,4,4,0
otherwise_crazy,4,4,0
otherwise_charming,4,4,0
awesomely_beautiful,4,4,0
unbelievably_amazing,4,2,2
fundamentally_silly,4,1,3
rather_direct,4,3,1
rather_disagreeable,4,3,1
rather_competitive,4,4,0
entirely_secret,4,3,1
morally_imperative,4,4,0
most_arduous,4,4,0
most_badass,4,4,0
ostensibly_newsworthy,4,0,4
otherwise_dishonest,4,4,0
rather_baffling,4,4,0
too_brazen,4,4,0
otherwise_distinct,4,4,0
too_boyish,4,2,2
entirely_opposite,4,2,2
entirely_online,4,4,0
intrinsically_superior,4,1,3
rather_artificial,4,3,1
rather_arrogant,4,4,0
originally_white,4,4,0
most_awkward,4,4,0
moderately_skilled,4,2,2
entirely_painless,4,4,0
rather_arduous,4,4,0
rather_arcane,4,3,1
rather_glad,4,4,0
too_bombastic,4,4,0
too_bohemian,4,4,0
visibly_frustrated,4,4,0
furiously_angry,4,4,0
almost_harsh,4,1,3
rather_grateful,4,4,0
too_corporate,4,4,0
rather_great,4,0,4
most_addictive,4,4,0
otherwise_effective,4,4,0
rather_benign,4,4,0
rather_bigger,4,0,4
awfully_convenient,4,4,0
otherwise_disagreeable,4,4,0
rather_explicit,4,3,1
most_arrogant,4,4,0
too_catholic,4,4,0
rather_bright,4,3,1
entirely_related,4,3,1
rather_faint,4,3,1
awfully_cute,4,3,1
otherwise_alive,4,4,0
rather_brave,4,2,2
indeed_amazing,4,4,0
entirely_psychological,4,4,0
entirely_present,4,4,0
morally_inappropriate,4,4,0
entirely_practical,4,3,1
moderately_susceptible,4,4,0
automatically_suspect,4,4,0
fundamentally_mistaken,4,4,0
otherwise_acceptable,4,4,0
most_advisable,4,4,0
rather_blase,4,4,0
entirely_pleasant,4,4,0
unbelievably_cruel,4,4,0
rather_forgettable,4,4,0
most_audacious,4,3,1
rather_formal,4,3,1
rather_black,4,4,0
environmentally_minded,4,4,0
fundamentally_weird,4,0,4
more_worrying,4,2,2
equally_clunky,4,2,2
entirely_conventional,4,4,0
equally_empty,4,3,1
rather_tacky,4,3,1
rather_tasty,4,3,1
generally_indifferent,4,4,0
otherwise_irrational,4,4,0
rather_tense,4,4,0
only_indirect,4,4,0
too_downbeat,4,4,0
enormously_difficult,4,1,3
functionally_independent,4,4,0
rather_tight,4,3,1
too_dreamy,4,4,0
equally_fatal,4,4,0
enormously_costly,4,4,0
too_dreary,4,4,0
quite_treatable,4,4,0
generally_interchangeable,4,4,0
enormously_challenging,4,2,2
rather_traumatic,4,0,4
enormously_big,4,2,2
intricately_involved,4,3,1
mildly_insane,4,1,3
rather_true,4,3,1
equally_fit,4,4,0
rather_uncertain,4,4,0
ultra_feminine,4,3,1
rather_unclear,4,3,1
timelessly_elegant,4,0,4
rather_understated,4,4,0
quite_tiresome,4,4,0
otherwise_involved,4,4,0
visually_astounding,4,3,1
equally_extraordinary,4,2,2
rather_stubborn,4,4,0
mildly_ridiculous,4,0,4
too_dissimilar,4,4,0
rather_spontaneous,4,3,1
only_mild,4,4,0
rather_stale,4,2,2
rather_static,4,4,0
most_competent,4,4,0
rather_stilted,4,3,1
rather_stressful,4,4,0
rather_strict,4,4,0
quite_uneven,4,4,0
too_distinct,4,3,1
rather_strong,4,4,0
quite_underwhelming,4,4,0
most_complimentary,4,4,0
more_acquainted,4,2,2
generally_ill,4,4,0
rather_subdued,4,4,0
otherwise_intrusive,4,4,0
too_dizzy,4,4,0
only_loud,4,4,0
quite_unclear,4,4,0
mildly_pleased,4,4,0
altogether_separate,4,0,4
equally_exquisite,4,3,1
mildly_pleasant,4,3,1
mildly_painful,4,4,0
only_limited,4,3,1
only_gentle,4,4,0
timelessly_classic,4,3,1
too_dysfunctional,4,4,0
generally_nervous,4,4,0
quite_tasteful,4,4,0
more_warped,4,4,0
only_easy,4,4,0
otherwise_miserable,4,4,0
rather_wild,4,3,1
equally_harmless,4,2,2
endlessly_interesting,4,2,2
rationally_defensible,4,4,0
equally_heavy,4,1,3
ultra_conservative,4,4,0
otherwise_mysterious,4,3,1
visually_complete,4,2,2
readily_achievable,4,3,1
equally_high,4,4,0
otherwise_malignant,4,4,0
mildly_controversial,4,1,3
more_wacky,4,0,4
readily_foreseeable,4,4,0
almost_effortless,4,2,2
only_correct,4,4,0
too_empathetic,4,4,0
endlessly_appealing,4,2,2
too_encompassing,4,4,0
too_endemic,4,4,0
ultra_competitive,4,4,0
altogether_beautiful,4,0,4
ultimately_worthwhile,4,3,1
most_cooperative,4,4,0
rather_wary,4,4,0
rather_violent,4,3,1
rather_unflattering,4,3,1
quite_thorny,4,4,0
mildly_happy,4,4,0
unbelievably_weird,4,2,2
incredibly_touching,4,2,2
quite_timid,4,4,0
tightly_woven,4,4,0
rather_unpopular,4,2,2
rather_unprecedented,4,2,2
rather_unpredictable,4,2,2
only_female,4,4,0
quite_timeless,4,2,2
astonishingly_simple,4,4,0
rather_unsavory,4,2,2
too_ecstatic,4,4,0
rather_unsophisticated,4,3,1
mildly_enjoyable,4,1,3
incredibly_tiny,4,2,2
virtually_unnoticeable,4,4,0
only_exclusive,4,4,0
equally_generic,4,0,4
rather_upsetting,4,3,1
quite_theatrical,4,3,1
rather_urgent,4,2,2
tightly_knit,4,4,0
intricately_beautiful,4,0,4
visually_clear,4,4,0
too_effortless,4,4,0
quite_tenuous,4,4,0
quite_tentative,4,4,0
only_more,4,3,1
quite_unfounded,4,4,0
rather_notorious,4,4,0
generally_helpful,4,3,1
generally_different,4,4,0
rather_perplexing,4,2,2
too_amorphous,4,3,1
entirely_bizarre,4,0,4
only_sensitive,4,4,0
entirely_bespoke,4,2,2
rather_perverse,4,2,2
generally_disrespectful,4,4,0
entirely_beautiful,4,1,3
rather_physical,4,4,0
quite_viable,4,3,1
entirely_baseless,4,4,0
only_second,4,4,0
more_wiser,4,3,1
equally_dead,4,4,0
ironically_enough,4,2,2
entirely_aware,4,4,0
only_responsible,4,4,0
almost_equivalent,4,3,1
indeed_essential,4,4,0
altogether_distinct,4,0,4
entirely_applicable,4,4,0
entirely_apolitical,4,4,0
minimally_competent,4,4,0
generally_enthusiastic,4,4,0
rather_potent,4,4,0
generally_evil,4,3,1
altogether_richer,4,0,4
equally_depressing,4,1,3
equally_convincing,4,4,0
quite_visceral,4,3,1
incredibly_upset,4,4,0
entirely_compatible,4,3,1
otherwise_ignorant,4,4,0
entirely_contemporary,4,0,4
generally_consistent,4,4,0
entirely_confidential,4,4,0
rather_offbeat,4,3,1
only_sorry,4,4,0
too_delectable,4,4,0
generally_creepy,4,4,0
only_smart,4,3,1
morally_worse,4,4,0
entirely_complementary,4,4,0
otherwise_ill-advised,4,4,0
equally_compatible,4,4,0
rather_optimistic,4,4,0
rather_perfect,4,4,0
only_slight,4,4,0
entirely_coincidental,4,4,0
fundamentally_correct,4,2,2
inversely_proportionate,4,4,0
too_democratic,4,3,1
only_simple,4,4,0
equally_confused,4,3,1
fundamentally_conservative,4,4,0
most_chaotic,4,4,0
rather_passionate,4,2,2
rather_passive,4,4,0
quite_visual,4,3,1
most_characteristic,4,3,1
otherwise_indecent,4,4,0
too_diplomatic,4,4,0
back_fat,4,4,0
too_disingenuous,4,4,0
equally_distasteful,4,2,2
incredibly_unhappy,4,4,0
rather_seamless,4,4,0
astoundingly_stupid,4,2,2
mildly_unhappy,4,4,0
almost_endless,4,4,0
mildly_troubling,4,1,3
rather_severe,4,4,0
mildly_terrifying,4,4,0
too_abusive,4,4,0
visually_apparent,4,4,0
too_disgusted,4,4,0
otherwise_insecure,4,4,0
only_occasional,4,4,0
incredibly_unhealthy,4,4,0
mildly_spicy,4,2,2
too_dismal,4,4,0
tonally_consistent,4,3,1
equally_drunk,4,4,0
unbelievably_smart,4,4,0
badly_enough,4,1,3
otherwise_insulting,4,4,0
quite_unimaginable,4,0,4
equally_egregious,4,3,1
more_acerbic,4,3,1
equally_elusive,4,3,1
together_unique,4,4,0
rather_sophisticated,4,1,3
rather_safe,4,4,0
only_passable,4,4,0
equally_desirable,4,3,1
equally_dire,4,0,4
rather_primitive,4,4,0
very_blind,4,4,0
otherwise_indifferent,4,4,0
too_dire,4,4,0
mind-numbingly_stupid,4,1,3
only_psychological,4,4,0
entirely_accidental,4,3,1
equally_detailed,4,4,0
quite_unstable,4,3,1
entirely_absurd,4,3,1
back_intact,4,3,1
more_absent,4,4,0
rather_public,4,4,0
too_adequate,4,4,0
only_payable,4,4,0
equally_disappointing,4,3,1
otherwise_inefficient,4,4,0
rather_raw,4,3,1
only_popular,4,4,0
quite_unreliable,4,4,0
quite_unrealistic,4,4,0
quite_unreal,4,4,0
most_colourful,4,4,0
otherwise_inexperienced,4,4,0
only_pertinent,4,4,0
equally_dissatisfied,4,4,0
only_perceptible,4,4,0
viscerally_pleasing,4,1,3
quite_legit,4,4,0
entirely_unrealistic,4,3,1
really_timeless,4,1,3
way_stronger,4,4,0
quite_gross,4,4,0
terribly_odd,4,2,2
especially_inspiring,4,3,1
quite_debilitating,4,4,0
intentionally_silly,4,4,0
oddly_disturbing,4,1,3
just_disingenuous,4,4,0
economically_weak,4,4,0
reasonably_funny,4,4,0
as_refreshing,4,4,0
especially_irritating,4,2,2
beautifully_understated,4,4,0
undeniably_funny,4,2,2
beautifully_ugly,4,3,1
incredibly_nuanced,4,4,0
reasonably_flat,4,3,1
reasonably_fit,4,4,0
economically_vibrant,4,3,1
very_utopian,4,3,1
more_underrated,4,3,1
oddly_entertaining,4,0,4
genuinely_witty,4,3,1
that_common,4,4,0
very_conflicted,4,3,1
reasonably_large,4,2,2
otherwise_violent,4,4,0
otherwise_visible,4,4,0
more_celebrated,4,4,0
eerily_appropriate,4,2,2
otherwise_volatile,4,4,0
merely_fortuitous,4,4,0
really_shit,4,3,1
very_unprepared,4,4,0
reasonably_interesting,4,3,1
outright_lazy,4,3,1
most_exclusive,4,4,0
reasonably_incidental,4,4,0
most_exhilarating,4,4,0
way_deeper,4,1,3
that_competitive,4,3,1
as_sluggish,4,3,1
indeed_racist,4,4,0
actively_unpleasant,4,3,1
economically_valuable,4,1,3
too_hideous,4,4,0
more_capitalist,4,4,0
economically_stable,4,4,0
economically_sound,4,4,0
terribly_old,4,4,0
more_blissful,4,3,1
just_exploratory,4,4,0
oddly_brilliant,4,1,3
beautifully_tragic,4,2,2
outright_horrible,4,4,0
as_shrill,4,4,0
quite_funky,4,2,2
quite_devious,4,3,1
typically_feminine,4,1,3
just_experimental,4,4,0
too_inaccurate,4,4,0
quite_frugal,4,4,0
frustratingly_obscure,4,4,0
just_distraught,4,4,0
quite_frail,4,4,0
really_stark,4,3,1
essentially_american,4,1,3
also_unprepared,4,4,0
frustratingly_short,4,4,0
quite_glamorous,4,2,2
quite_gory,4,3,1
almost_childish,4,0,4
typically_english,4,1,3
outright_immoral,4,4,0
especially_large,4,4,0
economically_unsound,4,4,0
merely_aware,4,4,0
reasonably_decent,4,3,1
just_exuberant,4,4,0
really_sneaky,4,3,1
that_awful,4,3,1
more_blasphemous,4,2,2
genuinely_old,4,3,1
really_sound,4,4,0
genuinely_open,4,3,1
way_short,4,4,0
reasonably_consistent,4,3,1
that_attractive,4,4,0
just_exquisite,4,4,0
quite_current,4,3,1
most_flashy,4,4,0
really_stellar,4,2,2
incredibly_promising,4,1,3
absolutely_unforgettable,4,1,3
obviously_harmful,4,3,1
really_representative,4,2,2
especially_grand,4,0,4
most_evocative,4,4,0
merely_aesthetic,4,4,0
incredibly_newsworthy,4,1,3
otherwise_unwarranted,4,4,0
merely_guilty,4,4,0
eerily_relevant,4,4,0
quite_counterintuitive,4,3,1
just_dependent,4,4,0
incredibly_progressive,4,4,0
very_anticlimactic,4,4,0
especially_grisly,4,4,0
very_anonymous,4,4,0
as_sour,4,3,1
outright_misogynistic,4,4,0
just_deranged,4,4,0
quite_humid,4,4,0
especially_generous,4,4,0
oddly_hypnotic,4,1,3
really_remote,4,3,1
merely_absent,4,4,0
merely_academic,4,4,0
genuinely_inspiring,4,2,2
oddly_quiet,4,4,0
otherwise_untenable,4,4,0
that_hot,4,3,1
typically_dull,4,4,0
quite_hysterical,4,4,0
especially_frustrating,4,4,0
that_gullible,4,4,0
more_bent,4,2,2
really_relative,4,3,1
quite_hypnotic,4,0,4
typically_easier,4,4,0
merely_accidental,4,4,0
reasonably_young,4,4,0
really_religious,4,3,1
outright_nonsensical,4,4,0
quite_cordial,4,4,0
quite_courageous,4,3,1
undeniably_new,4,1,3
as_snug,4,3,1
more_unreal,4,4,0
that_daunting,4,4,0
absolutely_worthwhile,4,3,1
really_scrumptious,4,1,3
reasonably_popular,4,3,1
reasonably_pleasant,4,4,0
really_seductive,4,1,3
too_indirect,4,4,0
really_selfless,4,2,2
as_radiant,4,3,1
especially_huge,4,4,0
really_sensible,4,0,4
too_indecent,4,3,1
way_taller,4,4,0
as_solitary,4,4,0
quite_cryptic,4,4,0
quite_cunning,4,4,0
typically_spanish,4,1,3
intentionally_stupid,4,3,1
reasonably_minimal,4,4,0
really_sassy,4,1,3
undeniably_lucky,4,4,0
absolutely_wretched,4,4,0
geographically_closer,4,3,1
really_rocky,4,4,0
incredibly_privileged,4,4,0
just_destructive,4,4,0
dreadfully_bad,4,3,1
very_verbose,4,4,0
especially_heinous,4,3,1
just_determined,4,4,0
just_devastating,4,4,0
more_unreasonable,4,4,0
really_sacred,4,1,3
quite_hilly,4,4,0
most_exceptional,4,3,1
merely_anecdotal,4,4,0
especially_hilarious,4,3,1
dreadfully_dull,4,3,1
reasonably_skilled,4,3,1
that_deep,4,4,0
quite_hidden,4,4,0
reasonably_quiet,4,2,2
really_startling,4,0,4
intentionally_funny,4,2,2
reassuringly_traditional,4,2,2
as_sarcastic,4,1,3
outright_absurd,4,4,0
quite_exaggerated,4,4,0
genuinely_terrible,4,2,2
easily_interchangeable,4,4,0
just_easiest,4,4,0
outright_angry,4,4,0
more_breezy,4,2,2
terribly_simple,4,3,1
obviously_present,4,4,0
terribly_sinister,4,0,4
intentionally_incorrect,4,4,0
really_trendy,4,2,2
genuinely_talented,4,3,1
really_trippy,4,2,2
just_envious,4,4,0
easily_memorable,4,3,1
too_implausible,4,4,0
outright_annoying,4,4,0
genuinely_scared,4,4,0
merely_destructive,4,4,0
quite_economical,4,4,0
typically_mundane,4,4,0
terribly_vulnerable,4,4,0
especially_reluctant,4,3,1
merely_clever,4,4,0
undeniably_hilarious,4,1,3
really_visual,4,1,3
terribly_wonderful,4,0,4
indeed_practical,4,4,0
outright_delusional,4,4,0
easily_forgivable,4,4,0
as_savory,4,2,2
almost_coherent,4,2,2
economically_bad,4,3,1
merely_comfortable,4,4,0
as_savage,4,4,0
really_timely,4,1,3
obviously_worth,4,1,3
outright_absent,4,4,0
especially_tired,4,3,1
too_illogical,4,4,0
genuinely_sad,4,3,1
really_twisted,4,0,4
really_typical,4,3,1
genuinely_tragic,4,0,4
easily_perceptible,4,4,0
beautifully_poetic,4,0,4
easily_prone,4,4,0
obviously_superior,4,3,1
incredibly_patronizing,4,1,3
genuinely_sorry,4,4,0
beautifully_new,4,0,4
especially_stupid,4,3,1
really_unknown,4,3,1
beautifully_ordinary,4,3,1
actively_resistant,4,4,0
easily_reproducible,4,2,2
also_unlikely,4,4,0
merely_critical,4,4,0
easily_scalable,4,4,0
terribly_unexpected,4,2,2
quite_empowering,4,1,3
genuinely_spooky,4,2,2
especially_special,4,1,3
indeed_political,4,4,0
quite_enigmatic,4,1,3
obviously_temporary,4,4,0
easily_overcome,4,3,1
merely_cynical,4,4,0
especially_scary,4,2,2
ecologically_fragile,4,4,0
outright_corrupt,4,4,0
frustratingly_complex,4,4,0
almost_opposite,4,4,0
most_fatal,4,4,0
quite_erratic,4,4,0
really_unconventional,4,3,1
really_unpredictable,4,4,0
also_unmarried,4,4,0
really_underrated,4,3,1
just_endearing,4,3,1
quite_erotic,4,4,0
genuinely_subversive,4,1,3
just_efficient,4,3,1
genuinely_sincere,4,4,0
as_sadistic,4,2,2
especially_small,4,4,0
especially_successful,4,3,1
easily_excited,4,4,0
outrageously_unlikely,4,3,1
economically_rational,4,4,0
especially_weak,4,4,0
quite_feisty,4,4,0
quite_disheartening,4,3,1
more_uneven,4,3,1
more_callous,4,3,1
easily_better,4,4,0
merely_dull,4,4,0
really_sunny,4,4,0
almost_ok,4,4,0
really_superb,4,3,1
especially_vivid,4,1,3
really_superficial,4,2,2
economically_irrational,4,4,0
obviously_negative,4,4,0
really_zany,4,1,3
genuinely_progressive,4,2,2
almost_old,4,3,1
especially_picky,4,4,0
beautifully_strange,4,2,2
terrifyingly_funny,4,3,1
outrageously_good,4,2,2
actively_terrible,4,4,0
actively_present,4,4,0
terribly_polite,4,4,0
almost_obvious,4,4,0
more_bogus,4,4,0
terribly_original,4,4,0
intentionally_opaque,4,4,0
obviously_lasting,4,4,0
reasonably_capable,4,3,1
economically_privileged,4,4,0
economically_practical,4,4,0
almost_comfortable,4,3,1
outrageously_different,4,1,3
economically_practicable,4,4,0
oddly_addictive,4,1,3
reasonably_attractive,4,2,2
merely_brilliant,4,4,0
outrageously_false,4,3,1
terrifyingly_wrong,4,3,1
economically_necessary,4,4,0
easily_apparent,4,3,1
terribly_poignant,4,3,1
intentionally_hilarious,4,4,0
really_worrisome,4,2,2
very_aloof,4,3,1
quite_distressed,4,4,0
outrageously_silly,4,2,2
quite_eye-catching,4,3,1
quite_dodgy,4,4,0
really_wicked,4,2,2
terribly_satisfying,4,1,3
outright_disastrous,4,4,0
terribly_scared,4,4,0
really_terrified,4,4,0
really_weary,4,4,0
quite_draconian,4,4,0
too_idiosyncratic,4,4,0
really_wearable,4,3,1
as_restless,4,3,1
quite_dreamy,4,2,2
really_wealthy,4,4,0
quite_expert,4,4,0
terribly_seductive,4,1,3
beautifully_intricate,4,4,0
quite_experienced,4,4,0
almost_cinematic,4,2,2
terrifically_funny,4,4,0
economically_impossible,4,3,1
quite_faint,4,4,0
quite_fat,4,4,0
occasionally_red,4,4,0
really_wonky,4,2,2
really_sympathetic,4,4,0
as_seductive,4,4,0
just_excessive,4,4,0
really_taboo,4,1,3
especially_vicious,4,4,0
most_feasible,4,4,0
quite_fantastical,4,3,1
especially_poor,4,4,0
economically_equal,4,4,0
intentionally_humorous,4,4,0
incredibly_playful,4,1,3
more_unimaginable,4,2,2
most_external,4,4,0
too_improbable,4,4,0
as_resistant,4,4,0
more_bountiful,4,3,1
almost_pathological,4,2,2
undeniably_fortunate,4,4,0
geographically_regional,4,4,0
really_limited,4,4,0
really_most,4,4,0
absurdly_difficult,4,4,0
genuinely_hurt,4,4,0
quite_incongruous,4,1,3
most_epic,4,4,0
merely_informative,4,4,0
obviously_familiar,4,3,1
recognizably_similar,4,1,3
genuinely_glad,4,4,0
just_conscious,4,4,0
quite_incorrect,4,4,0
more_barren,4,3,1
outright_useless,4,4,0
oddly_wonderful,4,1,3
indeed_responsible,4,4,0
red_hot,4,3,1
incredibly_resilient,4,3,1
refreshingly_candid,4,3,1
obviously_dead,4,3,1
ultimately_derivative,4,4,0
as_straight,4,4,0
genuinely_emotional,4,4,0
especially_cautious,4,3,1
refreshingly_cold,4,4,0
quite_indescribable,4,0,4
quite_indirect,4,4,0
very_unofficial,4,3,1
really_numb,4,4,0
incredibly_necessary,4,4,0
weirdly_beautiful,4,1,3
almost_necessary,4,2,2
more_bankable,4,3,1
obviously_fictional,4,1,3
just_funky,4,3,1
as_spurious,4,3,1
especially_evil,4,1,3
genuinely_impressed,4,4,0
egregiously_false,4,3,1
incredibly_racist,4,1,3
especially_evident,4,2,2
very_unknown,4,1,3
fully_clear,4,4,0
often_able,4,2,2
terribly_misguided,4,3,1
always_alright,4,4,0
especially_deep,4,3,1
too_grandiose,4,3,1
especially_enthusiastic,4,4,0
quite_introverted,4,4,0
quite_justifiable,4,4,0
really_musical,4,3,1
especially_enjoyable,4,2,2
fully_black,4,4,0
genuinely_fascinating,4,2,2
vitally_necessary,4,4,0
just_frivolous,4,4,0
especially_busy,4,4,0
essentially_important,4,3,1
incredibly_neat,4,4,0
obviously_evil,4,3,1
refreshingly_willing,4,3,1
just_critical,4,4,0
also_unemployed,4,4,0
ultimately_alone,4,4,0
especially_distinctive,4,3,1
that_sick,4,3,1
obviously_dishonest,4,4,0
more_unsuccessful,4,4,0
effortlessly_beautiful,4,3,1
terribly_logical,4,2,2
just_conventional,4,4,0
really_manly,4,1,3
off_key,4,4,0
actually_acceptable,4,3,1
outright_strange,4,4,0
quite_coarse,4,4,0
really_mild,4,3,1
more_unavoidable,4,3,1
more_bare,4,4,0
quite_inexplicable,4,3,1
genuinely_hard,4,4,0
especially_disappointing,4,3,1
incredibly_muscular,4,4,0
also_vegetarian,4,4,0
that_passionate,4,4,0
effortlessly_entertaining,4,2,2
really_marvelous,4,0,4
undeniably_enticing,4,0,4
especially_distressing,4,3,1
quite_individualistic,4,2,2
really_ominous,4,0,4
oddly_wrong,4,1,3
quite_compatible,4,4,0
genuinely_honest,4,4,0
almost_peaceful,4,1,3
as_succinct,4,3,1
more_chaste,4,0,4
more_unclear,4,4,0
just_crisp,4,4,0
just_cosy,4,4,0
otherwise_unremarkable,4,4,0
just_corny,4,4,0
just_cuter,4,4,0
really_paranoid,4,4,0
as_stormy,4,4,0
merely_irritating,4,3,1
as_sudden,4,2,2
refreshingly_old,4,1,3
incredibly_raw,4,0,4
always_attractive,4,4,0
as_principled,4,1,3
outright_unpleasant,4,4,0
quite_industrial,4,3,1
incredibly_natural,4,3,1
undeniably_creepy,4,0,4
as_superfluous,4,2,2
almost_contradictory,4,3,1
most_fond,4,4,0
outright_terrifying,4,4,0
otherwise_unsure,4,4,0
very_vile,4,3,1
effectively_free,4,4,0
refreshingly_unpleasant,4,4,0
really_needy,4,3,1
as_punctual,4,4,0
oddly_similar,4,1,3
as_preventable,4,1,3
obviously_commercial,4,3,1
officially_single,4,4,0
frighteningly_similar,4,2,2
relatively_certain,4,3,1
fully_alert,4,4,0
essentially_jewish,4,1,3
quite_cheeky,4,4,0
more_unsafe,4,4,0
especially_dark,4,3,1
outright_violent,4,4,0
just_fussy,4,4,0
quite_congenial,4,4,0
relatively_bland,4,4,0
most_elderly,4,4,0
as_psyched,4,4,0
especially_expensive,4,4,0
quite_impressionable,4,4,0
ultimately_arbitrary,4,4,0
essentially_irrelevant,4,4,0
really_newsworthy,4,1,3
quite_chatty,4,4,0
terribly_mistaken,4,4,0
essentially_historical,4,2,2
terribly_jealous,4,4,0
just_fuzzy,4,4,0
recently_alive,4,3,1
oddly_reminiscent,4,4,0
most_fluent,4,4,0
basically_unknown,4,4,0
as_puny,4,0,4
basically_moot,4,4,0
just_fleeting,4,4,0
really_juvenile,4,3,1
terribly_misunderstood,4,4,0
undeniably_exhilarating,4,0,4
especially_cynical,4,4,0
more_unsettled,4,2,2
as_pungent,4,4,0
quite_contagious,4,2,2
that_talented,4,3,1
recently_online,4,4,0
just_complete,4,4,0
really_prominent,4,1,3
incredibly_mysterious,4,0,4
especially_damaging,4,3,1
really_prolific,4,4,0
that_relevant,4,4,0
that_sure,4,2,2
that_sad,4,4,0
otherwise_unmanageable,4,4,0
essentially_new,4,3,1
fully_configurable,4,4,0
fully_blind,4,4,0
really_primal,4,0,4
quite_choppy,4,4,0
very_unorganized,4,4,0
outright_wacky,4,4,0
just_debilitating,4,3,1
really_noble,4,0,4
very_vintage,4,2,2
often_cheaper,4,4,0
especially_boring,4,3,1
really_prevalent,4,2,2
actually_abusive,4,4,0
obviously_crazy,4,3,1
as_subdued,4,3,1
quite_improbable,4,4,0
really_pretentious,4,4,0
also_untrue,4,4,0
especially_dear,4,1,3
really_nostalgic,4,3,1
fully_confidential,4,4,0
really_noteworthy,4,1,3
that_irrelevant,4,4,0
just_frightened,4,4,0
more_wider,3,3,0
no_faster,3,3,0
overly_matte,3,3,0
otherwise_deserving,3,3,0
also_advisable,3,3,0
no_clearer,3,3,0
otherwise_imperative,3,2,1
urgently_wrong,3,2,1
already_exempt,3,3,0
always_victorious,3,3,0
fairly_questionable,3,3,0
hopelessly_incompetent,3,3,0
ultra_special,3,2,1
fundamentally_beautiful,3,0,3
musically_superior,3,2,1
otherwise_curious,3,3,0
nearly_trivial,3,3,0
perfectly_feasible,3,3,0
more_unaware,3,3,0
indeed_equal,3,3,0
ultra_sensitive,3,3,0
all_big,3,3,0
indeed_right,3,3,0
incomparably_better,3,1,2
truly_humbling,3,2,1
almost_capable,3,3,0
otherwise_cumbersome,3,3,0
fundamentally_appealing,3,0,3
always_upbeat,3,3,0
utterly_reliable,3,3,0
fundamentally_odd,3,0,3
indeed_enjoyable,3,3,0
fairly_progressive,3,3,0
also_accurate,3,3,0
nearly_unbelievable,3,3,0
very_genial,3,3,0
necessarily_aware,3,3,0
usually_different,3,3,0
nearly_unknown,3,2,1
immensely_dangerous,3,3,0
outright_disturbing,3,3,0
immensely_curious,3,3,0
otherwise_delicate,3,3,0
indeed_easier,3,3,0
over_familiar,3,3,0
historically_factual,3,3,0
unbearably_intense,3,3,0
nearly_unbeatable,3,3,0
much_original,3,3,0
historically_good,3,2,1
nit_right,3,3,0
outright_dismissive,3,3,0
already_expensive,3,3,0
usually_essential,3,3,0
nearly_unthinkable,3,0,3
hopelessly_curious,3,3,0
hopelessly_flawed,3,3,0
allegedly_responsible,3,2,1
most_superior,3,3,0
increasingly_impatient,3,3,0
typically_german,3,2,1
truly_hot,3,2,1
fairly_pure,3,3,0
perhaps_imaginary,3,2,1
historically_illiterate,3,2,1
more_wobbly,3,2,1
necessarily_capable,3,3,0
overly_mature,3,3,0
nearly_unwatchable,3,3,0
perfectly_fresh,3,2,1
peculiarly_unsettling,3,1,2
nearly_zero,3,3,0
altogether_ridiculous,3,1,2
fundamentally_political,3,2,1
indeed_challenging,3,3,0
historically_ignorant,3,3,0
fundamentally_bizarre,3,0,3
inherently_beneficial,3,1,2
truly_vast,3,2,1
no_cheaper,3,3,0
otherwise_incidental,3,3,0
hopelessly_obscure,3,2,1
truly_infectious,3,1,2
fairly_dim,3,3,0
nearly_mad,3,2,1
always_white,3,3,0
perhaps_hopeful,3,3,0
no_weirder,3,3,0
already_critical,3,3,0
truly_ecstatic,3,2,1
along_good,3,3,0
immensely_excited,3,3,0
already_unhealthy,3,3,0
peculiarly_british,3,0,3
inherently_calming,3,0,3
mysteriously_powerful,3,0,3
much_invisible,3,3,0
indeed_factual,3,3,0
nearly_insurmountable,3,3,0
always_wet,3,3,0
utterly_revolting,3,1,2
peculiarly_english,3,0,3
overly_memorable,3,3,0
no_smaller,3,2,1
much_positive,3,3,0
outright_creepy,3,3,0
frankly_fat,3,3,0
very_highest,3,3,0
fairly_colorful,3,3,0
mysteriously_different,3,3,0
nearly_meaningless,3,3,0
hopelessly_subjective,3,3,0
much_popular,3,3,0
mysteriously_evil,3,1,2
utterly_specific,3,3,0
ultra_luxurious,3,3,0
more_well-known,3,2,1
hopelessly_weak,3,3,0
fundamentally_racist,3,2,1
hopelessly_inept,3,3,0
nearly_instantaneous,3,3,0
all_dirty,3,2,1
in_interested,3,3,0
very_homophobic,3,3,0
indeed_special,3,2,1
otherwise_contentious,3,3,0
outright_contradictory,3,3,0
mostly_aesthetic,3,3,0
indeed_poor,3,3,0
otherwise_contemptible,3,3,0
most_stunning,3,3,0
nearly_human,3,3,0
nearly_highest,3,3,0
fairly_pleased,3,3,0
nearly_great,3,3,0
already_uneasy,3,3,0
immediately_catchy,3,2,1
utterly_speechless,3,3,0
almost_willing,3,3,0
immensely_respected,3,0,3
up_big,3,3,0
nearly_instant,3,3,0
mysteriously_related,3,2,1
more_unassailable,3,1,2
fairly_square,3,3,0
immensely_glad,3,3,0
otherwise_intolerant,3,3,0
immensely_sad,3,1,2
perhaps_mad,3,3,0
nearly_infinite,3,3,0
amazingly_insightful,3,2,1
outright_contrary,3,3,0
n't_absurd,3,3,0
mostly_active,3,3,0
usually_harmless,3,3,0
always_warm,3,2,1
nearly_natural,3,3,0
immediately_curious,3,3,0
outright_destructive,3,3,0
very_choppy,3,3,0
very_gory,3,3,0
up_tight,3,3,0
no_louder,3,3,0
outright_defiant,3,3,0
up_higher,3,2,1
already_cheap,3,3,0
over_indulgent,3,3,0
perfectly_great,3,3,0
more_pro-life,3,2,1
peculiarly_french,3,1,2
hopelessly_neurotic,3,3,0
almost_wistful,3,1,2
most_substantial,3,3,0
fairly_dense,3,3,0
usually_fatal,3,3,0
truly_horrid,3,0,3
otherwise_culpable,3,3,0
mutually_exploitative,3,3,0
also_affordable,3,3,0
fairly_compact,3,3,0
most_vociferous,3,3,0
nearly_tangible,3,2,1
inherently_awkward,3,0,3
over_full,3,3,0
over_generous,3,3,0
nearly_square,3,3,0
frightfully_wrong,3,1,2
indeed_welcome,3,3,0
also_afoot,3,2,1
almost_circular,3,3,0
already_christian,3,3,0
mutually_interdependent,3,3,0
mutually_interested,3,3,0
more_whiny,3,3,0
fairly_detailed,3,2,1
mysteriously_appealing,3,0,3
otherwise_insincere,3,3,0
very_dainty,3,3,0
frustratingly_brief,3,3,0
more_pedantic,3,3,0
otherwise_insolvent,3,3,0
over_mature,3,3,0
vaguely_appropriate,3,1,2
much_powerful,3,0,3
functionally_useless,3,3,0
vaguely_annoying,3,1,2
freshly_new,3,2,1
nearly_obsolete,3,3,0
otherwise_intangible,3,3,0
perhaps_little,3,3,0
very_constant,3,2,1
hopelessly_oblivious,3,3,0
mutually_satisfied,3,3,0
very_buttery,3,1,2
much_large,3,0,3
otherwise_inflammatory,3,3,0
fundamentally_profound,3,0,3
outright_deadly,3,3,0
outright_cruel,3,3,0
utterly_mad,3,1,2
usually_full,3,3,0
much_overdue,3,3,0
immensely_reassuring,3,0,3
overly_goofy,3,3,0
otherwise_innocent,3,3,0
perhaps_hypocritical,3,2,1
most_wealthy,3,3,0
historically_inevitable,3,3,0
overly_hopeful,3,3,0
hopelessly_banal,3,2,1
always_unfolding,3,2,1
neither_right,3,3,0
frightfully_accurate,3,3,0
already_confident,3,3,0
very_capricious,3,2,1
increasingly_crucial,3,2,1
neither_accurate,3,3,0
otherwise_fair,3,3,0
perfectly_attentive,3,3,0
needlessly_obscure,3,3,0
usually_capable,3,2,1
most_tenacious,3,3,0
fairly_contemporary,3,2,1
needlessly_violent,3,3,0
most_unconventional,3,3,0
unbearably_dark,3,2,1
increasingly_conscious,3,3,0
otherwise_exploitative,3,3,0
almost_fluent,3,3,0
otherwise_expensive,3,3,0
never_absent,3,3,0
fundamentally_ignorant,3,2,1
fairly_secure,3,2,1
much_straightforward,3,3,0
home_safe,3,3,0
more_truer,3,3,0
home_satisfied,3,3,0
much_sure,3,3,0
perfectly_attuned,3,3,0
frighteningly_young,3,3,0
otherwise_excessive,3,3,0
perhaps_knowledgeable,3,3,0
very_glorious,3,0,3
immediately_worth,3,3,0
otherwise_exotic,3,3,0
fairly_secluded,3,3,0
needlessly_offensive,3,3,0
truly_immersive,3,1,2
more_unethical,3,2,1
outright_shocking,3,3,0
outright_malicious,3,3,0
already_dissatisfied,3,3,0
otherwise_discernible,3,3,0
more_yummy,3,1,2
utterly_offensive,3,2,1
overly_lavish,3,3,0
perhaps_irrelevant,3,3,0
necessarily_valuable,3,3,0
much_separate,3,3,0
never_worried,3,2,1
historically_present,3,3,0
fairly_rough,3,3,0
immensely_likable,3,2,1
otherwise_foreign,3,3,0
fundamentally_mysterious,3,0,3
more_proprietary,3,1,2
most_unfair,3,3,0
increasingly_comfortable,3,2,1
fairly_convinced,3,3,0
otherwise_flat,3,2,1
perfectly_comprehensible,3,3,0
infinitely_improbable,3,2,1
fairly_controversial,3,2,1
overly_juvenile,3,3,0
perhaps_light,3,3,0
truly_immense,3,3,0
almost_flawless,3,3,0
otherwise_fine,3,3,0
immensely_amusing,3,1,2
already_worthy,3,3,0
truly_indestructible,3,1,2
needlessly_confusing,3,3,0
vaguely_comforting,3,0,3
mostly_attributable,3,3,0
more_zany,3,2,1
increasingly_endangered,3,3,0
unavoidably_absent,3,3,0
very_cartoonish,3,3,0
typically_dry,3,2,1
immediately_suspect,3,2,1
frighteningly_easy,3,3,0
usually_clean,3,3,0
usually_close,3,2,1
increasingly_elusive,3,2,1
fairly_shitty,3,3,0
more_prophetic,3,2,1
most_triumphant,3,3,0
unbearably_awful,3,3,0
much_special,3,0,3
perhaps_lazy,3,3,0
never_free,3,3,0
infinitely_frustrating,3,3,0
much_short,3,2,1
fairly_confusing,3,3,0
outright_nasty,3,3,0
fairly_shocked,3,3,0
immediately_tangible,3,0,3
fairly_shocking,3,3,0
fairly_short-lived,3,3,0
unbearably_bumpy,3,3,0
most_thrilling,3,3,0
never_necessary,3,3,0
overly_ironic,3,3,0
more_unconscionable,3,3,0
much_slimmer,3,3,0
never_much,3,2,1
utterly_powerless,3,3,0
very_germane,3,1,2
vaguely_different,3,1,2
never_perfect,3,3,0
utterly_perverse,3,1,2
immensely_inspiring,3,2,1
fundamentally_inferior,3,3,0
frighteningly_steep,3,3,0
usually_confident,3,2,1
very_corrosive,3,3,0
much_non-existent,3,3,0
altogether_more,3,1,2
more_uncomplicated,3,3,0
always_competitive,3,2,1
frighteningly_wrong,3,2,1
already_wonderful,3,1,2
very_global,3,1,2
much_stiffer,3,1,2
otherwise_distinctive,3,3,0
never_certain,3,3,0
hiv_negative,3,2,1
never_capable,3,3,0
home_free,3,3,0
perfectly_certain,3,3,0
truly_drastic,3,0,3
already_confused,3,2,1
otherwise_disproportionate,3,3,0
otherwise_erroneous,3,3,0
much_spot-on,3,3,0
truly_incomprehensible,3,1,2
frankly_laughable,3,3,0
never_dull,3,3,0
indeed_complex,3,3,0
perfectly_black,3,3,0
truly_indescribable,3,1,2
never_disappointed,3,3,0
almost_foreign,3,0,3
fundamentally_irrational,3,2,1
immediately_subject,3,3,0
perfectly_blunt,3,3,0
fundamentally_inappropriate,3,1,2
fairly_sensitive,3,3,0
fairly_senior,3,0,3
never_realistic,3,3,0
always_uncomfortable,3,3,0
vaguely_critical,3,0,3
necessarily_unhealthy,3,3,0
utterly_obvious,3,1,2
very_celebratory,3,2,1
almost_cartoonish,3,2,1
much_wonderful,3,3,0
increasingly_harder,3,2,1
typically_chinese,3,2,1
already_controversial,3,3,0
much_realistic,3,3,0
unbearably_hard,3,3,0
already_dangerous,3,3,0
more_tart,3,3,0
necessarily_honest,3,3,0
most_upsetting,3,3,0
overly_loyal,3,3,0
truly_indulgent,3,1,2
incomparably_shocked,3,3,0
almost_childlike,3,2,1
over_current,3,3,0
usually_aware,3,3,0
unbearably_exciting,3,3,0
already_violent,3,3,0
necessarily_great,3,3,0
perfectly_dramatic,3,3,0
perhaps_innocent,3,3,0
perfectly_adorable,3,2,1
immensely_charming,3,3,0
truly_upsetting,3,1,2
otherwise_human,3,3,0
most_unwilling,3,3,0
most_affecting,3,3,0
more_undiscovered,3,3,0
most_affectionate,3,3,0
much_whiter,3,3,0
outright_frustrating,3,3,0
fundamentally_creative,3,2,1
outright_free,3,3,0
amazingly_hot,3,2,1
unabashedly_romantic,3,2,1
overly_high,3,2,1
much_worthy,3,3,0
perfectly_drinkable,3,2,1
more_wordy,3,2,1
usually_asleep,3,3,0
over_dependent,3,3,0
inherently_biased,3,3,0
very_counterintuitive,3,2,1
immensely_creative,3,3,0
immediately_interested,3,3,0
very_gooey,3,2,1
immensely_personal,3,3,0
much_luckier,3,1,2
necessarily_correct,3,3,0
truly_eager,3,3,0
more_trite,3,1,2
necessarily_compatible,3,3,0
more_wonky,3,1,2
perhaps_inappropriate,3,3,0
more_prodigious,3,2,1
immediately_lethal,3,2,1
overly_hesitant,3,3,0
fundamentally_cool,3,0,3
most_useless,3,3,0
already_corrupt,3,3,0
all_dry,3,3,0
most_suspenseful,3,3,0
more_perishable,3,2,1
necessarily_equal,3,3,0
more_unemployed,3,3,0
always_clearer,3,3,0
necessarily_different,3,3,0
hopefully_wrong,3,3,0
necessarily_dangerous,3,3,0
perhaps_individual,3,3,0
infinitely_long,3,3,0
hopelessly_alone,3,3,0
most_valid,3,3,0
perfectly_disgusting,3,2,1
perhaps_insane,3,3,0
immensely_likeable,3,2,1
much_typical,3,3,0
fairly_rigorous,3,3,0
otherwise_gross,3,3,0
usually_bigger,3,3,0
newly_emerging,3,3,0
usually_dead,3,3,0
necessarily_simple,3,3,0
utterly_obscure,3,3,0
almost_cheeky,3,1,2
frighteningly_prescient,3,3,0
perhaps_invisible,3,3,0
unambiguously_good,3,1,2
perhaps_intuitive,3,3,0
most_tannic,3,3,0
most_tangible,3,3,0
much_unavoidable,3,3,0
outwardly_visible,3,2,1
perfectly_amazing,3,3,0
most_tasty,3,3,0
alone_responsible,3,3,0
fairly_risky,3,3,0
already_doomed,3,3,0
perfectly_convenient,3,3,0
frighteningly_random,3,2,1
overly_liberal,3,3,0
outright_insane,3,3,0
increasingly_cautious,3,3,0
increasingly_capable,3,3,0
most_uninterested,3,3,0
vaguely_coherent,3,1,2
otherwise_funny,3,3,0
never_worth,3,3,0
necessarily_superior,3,3,0
usually_calm,3,2,1
indeed_questionable,3,3,0
otherwise_green,3,3,0
much_unchanged,3,3,0
newly_interested,3,1,2
immediately_productive,3,3,0
necessarily_logical,3,3,0
perfectly_affordable,3,3,0
much_upset,3,3,0
truly_ill,3,3,0
very_controlled,3,3,0
newly_observant,3,3,0
truly_indicative,3,3,0
outright_hungry,3,3,0
very_corny,3,1,2
perhaps_insignificant,3,2,1
much_vertical,3,3,0
otherwise_helpless,3,3,0
almost_fanatical,3,2,1
fairly_smart,3,3,0
historically_minded,3,2,1
increasingly_able,3,3,0
infinitely_kind,3,2,1
necessarily_negative,3,2,1
immensely_long,3,3,0
most_unstable,3,3,0
necessarily_reflective,3,2,1
much_underrated,3,3,0
newly_literate,3,2,1
much_rubbish,3,3,0
more_troubled,3,1,2
increasingly_anti-democratic,3,3,0
truly_disastrous,3,1,2
much_uninterested,3,3,0
much_unprecedented,3,2,1
much_unrecognizable,3,3,0
most_unreliable,3,3,0
most_unsafe,3,3,0
hopefully_greater,3,2,1
historically_necessary,3,2,1
most_unsettling,3,3,0
perfectly_interesting,3,3,0
n't_independent,3,3,0
fairly_disastrous,3,1,2
almost_awesome,3,1,2
indeed_insane,3,3,0
utterly_awe,3,1,2
otherwise_supernatural,3,3,0
already_apprehensive,3,3,0
otherwise_supportive,3,3,0
n't_risky,3,3,0
otherwise_susceptible,3,3,0
utterly_bad,3,2,1
fully_justified,3,3,0
much_false,3,3,0
n't_rewarding,3,3,0
already_insane,3,3,0
n't_revolutionary,3,3,0
very_collective,3,3,0
hugely_upset,3,3,0
n't_resilient,3,3,0
n't_excellent,3,3,0
mostly_vacant,3,3,0
otherwise_untrue,3,3,0
n't_exempt,3,3,0
n't_exotic,3,3,0
indeed_infamous,3,3,0
otherwise_substandard,3,3,0
fairly_irritating,3,3,0
more_various,3,2,1
fully_acceptable,3,3,0
impossibly_huge,3,1,2
truly_famous,3,1,2
utterly_appalling,3,2,1
overly_derivative,3,3,0
indeed_surprising,3,2,1
utterly_unpredictable,3,2,1
utterly_arbitrary,3,1,2
hugely_welcoming,3,3,0
however_impossible,3,3,0
more_tidy,3,2,1
almost_demonic,3,0,3
peculiarly_apt,3,0,3
fully_active,3,3,0
perfectly_unique,3,1,2
perfectly_unsettling,3,2,1
utterly_astonished,3,3,0
perfectly_usable,3,2,1
n't_searchable,3,3,0
utterly_frivolous,3,2,1
amazingly_difficult,3,2,1
utterly_believable,3,3,0
much_expensive,3,3,0
much_evident,3,3,0
utterly_fixable,3,3,0
otherwise_transportable,3,3,0
however_powerful,3,2,1
utterly_filthy,3,3,0
more_pissed,3,3,0
n't_quiet,3,3,0
n't_quantifiable,3,3,0
always_crucial,3,3,0
n't_pure,3,3,0
otherwise_traumatic,3,3,0
always_depressed,3,2,1
otherwise_traumatizing,3,3,0
fairly_forgiving,3,3,0
n't_fertile,3,3,0
n't_proof,3,3,0
almost_deaf,3,2,1
impossibly_distant,3,2,1
fully_american,3,2,1
n't_proficient,3,3,0
n't_fixable,3,3,0
fairly_flexible,3,3,0
n't_readable,3,3,0
n't_external,3,3,0
very_combative,3,3,0
n't_extreme,3,3,0
otherwise_terrifying,3,2,1
perhaps_destructive,3,3,0
n't_relative,3,3,0
fairly_fit,3,3,0
inherently_absurd,3,0,3
otherwise_untapped,3,3,0
utterly_bored,3,3,0
fairly_intricate,3,3,0
mostly_welcome,3,3,0
perhaps_desperate,3,2,1
n't_regular,3,3,0
however_noble,3,1,2
fairly_intimidating,3,3,0
n't_false,3,3,0
n't_recyclable,3,3,0
n't_fancy,3,3,0
utterly_breathtaking,3,2,1
fully_aggressive,3,3,0
mostly_wooden,3,3,0
fairly_lame,3,3,0
however_hard,3,3,0
otherwise_unwelcome,3,3,0
more_unprofitable,3,3,0
almost_amazing,3,1,2
impossibly_old,3,2,1
already_severe,3,3,0
impossibly_obscure,3,3,0
perhaps_eccentric,3,3,0
n't_substantial,3,3,0
more_unprepared,3,3,0
truly_feminine,3,0,3
overly_authoritative,3,3,0
usually_younger,3,0,3
utterly_heartbreaking,3,3,0
mostly_superficial,3,3,0
fairly_likable,3,3,0
mostly_superfluous,3,3,0
frequently_sick,3,3,0
mostly_symbolic,3,3,0
otherwise_secret,3,3,0
impossibly_narrow,3,3,0
more_verifiable,3,1,2
fully_original,3,3,0
usually_worth,3,3,0
always_bright,3,3,0
n't_stellar,3,3,0
frustratingly_uneven,3,3,0
usually_unheard,3,1,2
fully_procedural,3,3,0
very_conflicting,3,3,0
indeed_successful,3,3,0
truly_wicked,3,0,3
fully_prepared,3,1,2
otherwise_ripe,3,3,0
mostly_solid,3,3,0
fairly_logical,3,3,0
however_brief,3,0,3
overly_authoritarian,3,3,0
mostly_static,3,2,1
n't_depressed,3,3,0
almost_destitute,3,3,0
usually_warm,3,3,0
perfectly_straightforward,3,3,0
n't_suspicious,3,3,0
mostly_successful,3,3,0
usually_white,3,2,1
fairly_literal,3,3,0
however_different,3,1,2
truly_enchanting,3,0,3
uber_cool,3,1,2
fairly_lean,3,3,0
however_flawed,3,0,3
ultimately_reliant,3,3,0
mostly_transparent,3,2,1
n't_economic,3,3,0
mostly_unavailable,3,3,0
fully_3d,3,3,0
utterly_fundamental,3,0,3
otherwise_silly,3,3,0
much_fatigued,3,3,0
much_fat,3,3,0
n't_sober,3,3,0
fully_new,3,0,3
fairly_lazy,3,3,0
utterly_annoying,3,1,2
otherwise_single,3,3,0
more_veiled,3,1,2
n't_empty,3,3,0
overly_despondent,3,3,0
n't_shocking,3,3,0
perhaps_dry,3,3,0
otherwise_shoddy,3,3,0
always_desperate,3,3,0
indeed_impressive,3,3,0
indeed_superior,3,3,0
much_foreign,3,3,0
however_distant,3,1,2
n't_distinct,3,3,0
truly_fearsome,3,1,2
n't_standard,3,3,0
altogether_unnecessary,3,3,0
n't_spectacular,3,3,0
very_curable,3,3,0
fully_opaque,3,2,1
overly_basic,3,3,0
amazingly_cute,3,2,1
perhaps_dumb,3,3,0
otherwise_serious,3,3,0
otherwise_severe,3,3,0
n't_dumb,3,3,0
otherwise_sexual,3,3,0
otherwise_shocking,3,3,0
n't_durable,3,3,0
n't_social,3,3,0
much_flat,3,2,1
much_able,3,3,0
always_believable,3,2,1
n't_proactive,3,3,0
hugely_critical,3,3,0
utterly_desirable,3,1,2
more_ponderous,3,2,1
perhaps_brown,3,3,0
ultimately_counterproductive,3,2,1
more_totalitarian,3,2,1
much_blue,3,3,0
very_crispy,3,3,0
more_unwise,3,2,1
more_unwieldy,3,3,0
n't_identical,3,3,0
amazingly_entertaining,3,3,0
otherwise_unflattering,3,3,0
much_costly,3,3,0
n't_literate,3,3,0
n't_ignorant,3,3,0
n't_literal,3,3,0
truly_english,3,0,3
more_unwelcome,3,1,2
n't_immediate,3,3,0
perhaps_busy,3,3,0
otherwise_unnatural,3,3,0
all_comfortable,3,3,0
utterly_unforgettable,3,0,3
all_compatible,3,3,0
overly_convincing,3,2,1
fully_exclusive,3,3,0
ultimately_free,3,3,0
overly_contrived,3,2,1
ultimately_concerned,3,3,0
hugely_interesting,3,1,2
hugely_bad,3,2,1
more_poorer,3,3,0
hugely_interested,3,3,0
always_applicable,3,3,0
utterly_dreadful,3,3,0
fully_eligible,3,3,0
almost_contemporary,3,1,2
fairly_immature,3,3,0
almost_cosmic,3,0,3
overly_cloying,3,2,1
n't_hospitable,3,3,0
more_unstoppable,3,1,2
always_appealing,3,2,1
otherwise_unfavorable,3,3,0
utterly_unimaginable,3,2,1
n't_likable,3,3,0
truly_exemplary,3,1,2
ultimately_disappointing,3,2,1
already_notorious,3,3,0
hugely_enthusiastic,3,3,0
fairly_honest,3,3,0
very_hasty,3,2,1
fully_dead,3,3,0
n't_instantaneous,3,3,0
n't_instant,3,3,0
always_alone,3,3,0
perhaps_cold,3,3,0
hugely_fond,3,3,0
otherwise_uninspired,3,3,0
much_complex,3,2,1
always_alive,3,3,0
n't_innovative,3,3,0
all_close,3,3,0
more_plush,3,2,1
hugely_flattering,3,3,0
much_compatible,3,3,0
fairly_hideous,3,1,2
otherwise_unjust,3,3,0
otherwise_unjustified,3,3,0
utterly_unconcerned,3,3,0
otherwise_unheard,3,1,2
amazingly_fast,3,3,0
otherwise_unhelpful,3,3,0
otherwise_unidentified,3,3,0
already_older,3,3,0
otherwise_unkind,3,3,0
utterly_destitute,3,3,0
utterly_destructive,3,2,1
hugely_effective,3,3,0
almost_ashamed,3,3,0
fairly_huge,3,2,1
fairly_harsh,3,3,0
n't_inappropriate,3,3,0
much_consistent,3,3,0
hugely_funny,3,3,0
perhaps_challenging,3,3,0
otherwise_unimpressed,3,3,0
perhaps_cheaper,3,3,0
fully_democratic,3,3,0
almost_asleep,3,3,0
very_criminal,3,2,1
utterly_devastating,3,3,0
otherwise_unprotected,3,3,0
perhaps_criminal,3,3,0
however_rich,3,0,3
however_strong,3,3,0
n't_political,3,3,0
much_effective,3,3,0
n't_frustrating,3,3,0
perhaps_amusing,3,3,0
otherwise_unscrupulous,3,3,0
already_likely,3,3,0
utterly_contemptible,3,1,2
fairly_friendly,3,3,0
much_affordable,3,3,0
utterly_contradictory,3,0,3
however_slight,3,1,2
n't_generous,3,3,0
n't_gentle,3,3,0
utterly_contrary,3,3,0
impossibly_cool,3,2,1
fully_authentic,3,3,0
fully_gay,3,3,0
perhaps_artificial,3,3,0
always_awkward,3,3,0
however_subject,3,3,0
overly_curly,3,3,0
fully_handmade,3,3,0
very_concentrated,3,3,0
all_corrupt,3,3,0
very_creditable,3,1,2
otherwise_unsophisticated,3,3,0
already_keen,3,2,1
otherwise_troubling,3,3,0
ultimately_ineffective,3,3,0
frequently_misunderstood,3,3,0
however_serious,3,2,1
n't_forceful,3,3,0
infinitely_vast,3,1,2
much_empty,3,3,0
already_private,3,2,1
fairly_forthcoming,3,3,0
twice_exceptional,3,3,0
utterly_complicit,3,3,0
fairly_innovative,3,2,1
already_privileged,3,3,0
truly_explosive,3,0,3
ultimately_important,3,3,0
almost_angelic,3,0,3
otherwise_unsettling,3,3,0
utterly_unknowable,3,2,1
overly_cryptic,3,3,0
n't_muslim,3,3,0
n't_newsworthy,3,3,0
indeed_legal,3,3,0
indeed_legitimate,3,3,0
almost_crazy,3,1,2
n't_noteworthy,3,3,0
fairly_gentle,3,2,1
utterly_dark,3,2,1
overly_chatty,3,3,0
n't_heroic,3,3,0
all_chummy,3,3,0
indeed_local,3,3,0
perhaps_average,3,3,0
amazingly_elaborate,3,3,0
already_overdue,3,3,0
utterly_deluded,3,3,0
overly_costly,3,3,0
n't_neat,3,3,0
almost_constant,3,3,0
perhaps_cultural,3,3,0
utterly_unimpressed,3,3,0
more_tiresome,3,2,1
almost_creepy,3,2,1
utterly_enchanting,3,1,2
fully_bad,3,3,0
truly_yummy,3,2,1
overly_crude,3,3,0
truly_expert,3,2,1
hugely_optimistic,3,3,0
n't_peaceful,3,3,0
otherwise_unreported,3,3,0
however_tenuous,3,1,2
n't_palatable,3,3,0
utterly_engrossing,3,2,1
n't_overwhelming,3,3,0
always_attentive,3,3,0
however_unlikely,3,1,2
fairly_funny,3,3,0
overly_crisp,3,3,0
fairly_incomprehensible,3,3,0
much_angrier,3,2,1
perhaps_darker,3,3,0
utterly_endearing,3,1,2
already_passionate,3,3,0
fully_fluent,3,3,0
hugely_negative,3,3,0
fully_proficient,3,3,0
fairly_loud,3,3,0
mostly_available,3,2,1
much_fuller,3,3,0
ultimately_destructive,3,3,0
perfectly_plain,3,3,0
perfectly_plausible,3,3,0
overly_feminine,3,3,0
much_inclined,3,3,0
horribly_ignorant,3,3,0
mostly_fresh,3,3,0
indeed_fun,3,3,0
naturally_smaller,3,3,0
horribly_inaccurate,3,3,0
horribly_inadequate,3,3,0
perhaps_full,3,3,0
amazingly_attractive,3,3,0
n't_athletic,3,3,0
naturally_skeptical,3,3,0
inherently_antithetical,3,0,3
all_bright,3,2,1
fairly_novel,3,0,3
mostly_funny,3,3,0
perfectly_practical,3,3,0
truly_greater,3,0,3
perfectly_permissible,3,3,0
mostly_fat,3,3,0
naturally_vegan,3,3,0
very_heterosexual,3,3,0
truly_haunting,3,1,2
more_walkable,3,2,1
usually_loath,3,1,2
usually_low,3,3,0
near_normal,3,3,0
otherwise_naive,3,3,0
immeasurably_rich,3,1,2
fully_white,3,3,0
fairly_one-dimensional,3,3,0
perfectly_organized,3,2,1
naturally_vegetarian,3,3,0
overly_flattering,3,2,1
mostly_digital,3,3,0
already_tight,3,3,0
utterly_innocuous,3,0,3
mostly_domestic,3,3,0
horribly_funny,3,3,0
naturally_wary,3,3,0
naturally_warmer,3,3,0
all_boring,3,3,0
immensely_stupid,3,1,2
horribly_intimidating,3,2,1
fairly_nonsensical,3,3,0
horribly_naive,3,3,0
ultimately_worth,3,3,0
fresh_ready,3,1,2
truly_golden,3,2,1
naturally_lean,3,3,0
utterly_sublime,3,1,2
ultimately_voluntary,3,3,0
outrageously_racist,3,1,2
all_brown,3,3,0
naturally_lazy,3,3,0
utterly_inept,3,3,0
naturally_muscular,3,3,0
horribly_nasty,3,2,1
perhaps_fortunate,3,3,0
naturally_lasting,3,3,0
ultimately_useless,3,3,0
frustratingly_inconsistent,3,3,0
already_bilingual,3,3,0
outrageously_misleading,3,3,0
naturally_larger,3,3,0
fully_unique,3,1,2
indeed_valid,3,3,0
naturally_oily,3,3,0
indeed_spiritual,3,3,0
already_furious,3,3,0
outrageously_talented,3,3,0
otherwise_newsworthy,3,3,0
perhaps_frightening,3,3,0
mostly_genetic,3,3,0
naturally_rich,3,3,0
perfectly_professional,3,3,0
alot_closer,3,2,1
mostly_gray,3,3,0
otherwise_normal,3,3,0
fully_vegan,3,3,0
altogether_stronger,3,0,3
fully_variable,3,3,0
perfectly_proper,3,3,0
mostly_grey,3,3,0
naturally_proud,3,3,0
fully_valid,3,3,0
perhaps_fresh,3,2,1
mostly_happy,3,3,0
naturally_predisposed,3,2,1
naturally_possible,3,3,0
fairly_diverse,3,3,0
n't_alone,3,3,0
overly_flirtatious,3,3,0
outright_bogus,3,3,0
impressively_unique,3,2,1
outright_boring,3,3,0
n't_actionable,3,3,0
truly_heavy,3,2,1
already_brown,3,3,0
otherwise_lame,3,3,0
more_terse,3,2,1
otherwise_lawful,3,3,0
nearly_destitute,3,3,0
already_flawless,3,3,0
perhaps_harder,3,2,1
outright_blasphemous,3,3,0
n't_adept,3,3,0
typically_open,3,3,0
already_unavailable,3,3,0
fairly_dismissive,3,3,0
over_quick,3,3,0
horribly_boring,3,2,1
truly_edifying,3,2,1
n't_advisable,3,3,0
more_territorial,3,1,2
mostly_blue,3,3,0
more_testy,3,2,1
perhaps_harmful,3,3,0
amazingly_healthy,3,2,1
nearly_first,3,3,0
almost_emblematic,3,2,1
almost_clinical,3,0,3
otherwise_irreplaceable,3,2,1
overly_frugal,3,3,0
nearly_exclusive,3,3,0
n't_accountable,3,3,0
over_optimistic,3,3,0
functionally_important,3,3,0
fairly_disgusting,3,2,1
infinitely_pathetic,3,0,3
perfectly_lawful,3,3,0
immediately_better,3,3,0
otherwise_knowledgeable,3,3,0
nearly_entire,3,3,0
almost_embarrassed,3,3,0
mostly_blind,3,3,0
already_unconscious,3,2,1
more_unforgiving,3,3,0
otherwise_lethal,3,3,0
nearly_contemporary,3,3,0
fully_wrong,3,3,0
utterly_insignificant,3,1,2
fairly_distinct,3,2,1
fairly_outrageous,3,1,2
almost_elemental,3,0,3
much_inevitable,3,3,0
fairly_original,3,0,3
nearly_bald,3,3,0
nearly_available,3,3,0
nearly_automatic,3,3,0
frankly_terrifying,3,3,0
very_circumstantial,3,3,0
fairly_distant,3,3,0
usually_late,3,3,0
truly_virtuous,3,2,1
all_blurry,3,3,0
ultra_cool,3,2,1
perfectly_obedient,3,3,0
much_indistinguishable,3,3,0
indeed_fresh,3,3,0
mostly_critical,3,3,0
horribly_disgusting,3,3,0
horribly_corrupt,3,2,1
indeed_speculative,3,3,0
horribly_cliched,3,2,1
immediately_achievable,3,2,1
always_charming,3,3,0
already_fragile,3,3,0
fairly_pedestrian,3,3,0
mostly_comfortable,3,3,0
otherwise_lifeless,3,3,0
indeed_physical,3,3,0
altogether_simpler,3,0,3
fairly_peaceful,3,3,0
otherwise_lousy,3,3,0
very_grainy,3,3,0
altogether_singular,3,0,3
utterly_inspiring,3,3,0
more_unheard,3,1,2
infinitely_poorer,3,3,0
perhaps_gray,3,3,0
perfectly_moist,3,3,0
horribly_complicated,3,3,0
horribly_confused,3,3,0
infinitely_possible,3,3,0
utterly_wicked,3,2,1
naturally_intuitive,3,3,0
utterly_surprised,3,3,0
horribly_obvious,3,2,1
n't_waterproof,3,3,0
impossibly_upbeat,3,3,0
ultimately_unknowable,3,3,0
already_stronger,3,3,0
very_cliched,3,3,0
perhaps_familiar,3,3,0
otherwise_racist,3,3,0
mostly_present,3,3,0
overly_adventurous,3,2,1
otherwise_reasonable,3,3,0
perfectly_sharp,3,3,0
frequently_unreliable,3,3,0
n't_vocal,3,3,0
always_calm,3,3,0
overly_afraid,3,3,0
n't_cooperative,3,3,0
almost_disappointing,3,2,1
utterly_idiotic,3,2,1
always_critical,3,3,0
fairly_evident,3,2,1
altogether_unavailable,3,3,0
fairly_mellow,3,3,0
already_suicidal,3,3,0
perhaps_extraordinary,3,3,0
mostly_organic,3,3,0
utterly_immoral,3,2,1
fully_sensitive,3,3,0
naturally_adept,3,3,0
mostly_ok,3,3,0
otherwise_proprietary,3,3,0
nationally_representative,3,3,0
perhaps_faster,3,3,0
all_busy,3,3,0
mostly_old,3,3,0
fully_self-contained,3,3,0
very_clear-cut,3,3,0
indeed_ok,3,3,0
perfectly_seamless,3,3,0
otherwise_provocative,3,3,0
perfectly_searchable,3,3,0
out_bad,3,3,0
mostly_outdated,3,3,0
nakedly_vulnerable,3,3,0
mostly_pink,3,3,0
fairly_essential,3,2,1
very_hefty,3,3,0
already_standard,3,3,0
almost_commonplace,3,3,0
truly_white,3,2,1
almost_dirty,3,1,2
otherwise_widespread,3,3,0
otherwise_remote,3,3,0
more_unpaid,3,3,0
otherwise_reprehensible,3,3,0
otherwise_weird,3,3,0
very_cluttered,3,3,0
perfectly_stable,3,2,1
fairly_low-key,3,3,0
more_preoccupied,3,3,0
overly_antagonistic,3,3,0
mostly_self-taught,3,3,0
impossibly_rich,3,3,0
truly_emotional,3,0,3
truly_filthy,3,1,2
n't_trans,3,3,0
ultimately_subjective,3,3,0
n't_cute,3,3,0
indeed_human,3,3,0
almost_difficult,3,3,0
mostly_residential,3,3,0
perhaps_envious,3,3,0
truly_flawed,3,3,0
impossibly_sweet,3,2,1
fairly_excited,3,3,0
otherwise_redundant,3,3,0
mostly_rational,3,3,0
fairly_exciting,3,2,1
usually_skeptical,3,2,1
otherwise_relaxing,3,3,0
otherwise_wild,3,3,0
perfectly_sincere,3,3,0
much_gentler,3,2,1
perhaps_evil,3,2,1
overly_easy,3,3,0
n't_useless,3,3,0
mostly_raw,3,3,0
overly_effective,3,3,0
horrifyingly_familiar,3,0,3
mostly_red,3,3,0
perfectly_soft,3,3,0
impossibly_stylish,3,3,0
overly_eccentric,3,3,0
n't_criminal,3,3,0
overly_energetic,3,3,0
fairly_minimalist,3,3,0
more_voluptuous,3,2,1
fairly_naive,3,3,0
mostly_innocent,3,3,0
fully_true,3,3,0
mostly_instrumental,3,3,0
more_trashy,3,1,2
naturally_extroverted,3,3,0
freakishly_accurate,3,3,0
immensely_uncomfortable,3,3,0
horribly_sinister,3,1,2
ideologically_liberal,3,3,0
overly_fake,3,3,0
fairly_natural,3,2,1
naturally_enthusiastic,3,3,0
otherwise_outstanding,3,3,0
already_healthy,3,3,0
mostly_invisible,3,3,0
perfectly_relaxed,3,3,0
almost_ecstatic,3,2,1
n't_cheaper,3,3,0
perhaps_fewer,3,3,0
always_certain,3,3,0
perhaps_financial,3,3,0
horribly_realistic,3,2,1
fairly_murky,3,3,0
utterly_indefensible,3,1,2
perhaps_fleeting,3,3,0
outrageously_low,3,3,0
much_high,3,3,0
amazingly_brilliant,3,2,1
perhaps_flat,3,3,0
over_sweet,3,3,0
fairly_necessary,3,2,1
naturally_impossible,3,1,2
naturally_immune,3,3,0
naturally_heavy,3,3,0
more_uninhabited,3,3,0
fully_underway,3,3,0
naturally_gregarious,3,3,0
already_tense,3,2,1
usually_quiet,3,2,1
infinitely_rich,3,3,0
more_voluminous,3,3,0
more_thankless,3,3,0
typically_present,3,3,0
horribly_real,3,2,1
naturally_eager,3,3,0
otherwise_passive,3,3,0
naturally_anxious,3,3,0
altogether_sweeter,3,0,3
otherwise_possible,3,3,0
naturally_comfortable,3,1,2
perfectly_rigid,3,3,0
otherwise_powerless,3,3,0
indeed_startling,3,3,0
horribly_unhappy,3,2,1
otherwise_predictable,3,3,0
overall_good,3,3,0
alot_easier,3,3,0
ideally_perfect,3,3,0
n't_complicated,3,3,0
utterly_unreliable,3,2,1
horribly_upset,3,3,0
utterly_implausible,3,2,1
perhaps_fatal,3,3,0
horribly_violent,3,3,0
fairly_epic,3,3,0
perfectly_satisfactory,3,3,0
more_unmanageable,3,3,0
out_ready,3,3,0
more_uninhibited,3,3,0
otherwise_portable,3,3,0
very_cutesy,3,3,0
fully_synthetic,3,3,0
naturally_drier,3,3,0
perfectly_representative,3,3,0
utterly_inconceivable,3,0,3
perfectly_respectable,3,3,0
immensely_unique,3,1,2
overly_extravagant,3,3,0
outrageously_fun,3,2,1
overly_expressive,3,3,0
more_transportable,3,2,1
n't_comfy,3,3,0
n't_complex,3,3,0
naturally_conservative,3,3,0
otherwise_perfect,3,3,0
ideologically_consistent,3,2,1
horribly_tragic,3,1,2
fully_successful,3,3,0
n't_comparable,3,3,0
naturally_compassionate,3,3,0
already_hopeless,3,3,0
ideologically_blind,3,3,0
n't_selfish,3,3,0
highly_resilient,3,3,0
vaguely_entertaining,3,1,2
particularly_efficient,3,3,0
truly_related,3,3,0
almost_mysterious,3,0,3
very_dreary,3,3,0
not_rotten,3,1,2
unfortunately_common,3,2,1
not_rigid,3,3,0
also_pessimistic,3,3,0
undeniably_dark,3,3,0
genuinely_faithful,3,2,1
not_revolutionary,3,3,0
undeniably_cute,3,1,2
often_aware,3,3,0
hardly_detectable,3,3,0
incredibly_resonant,3,2,1
undeniably_cruel,3,1,2
vaguely_wrong,3,2,1
particularly_enlightening,3,3,0
often_beholden,3,3,0
always_miserable,3,3,0
unfortunately_rare,3,0,3
most_moderate,3,3,0
not_republican,3,3,0
particularly_enticing,3,2,1
all_tender,3,3,0
almost_mischievous,3,1,2
also_peculiar,3,1,2
genuinely_enchanting,3,0,3
painfully_hip,3,3,0
undeniably_decadent,3,1,2
more_sectarian,3,2,1
truly_relaxing,3,0,3
unfairly_high,3,3,0
undeniably_enjoyable,3,2,1
incredibly_receptive,3,3,0
offensively_stupid,3,2,1
painfully_incremental,3,3,0
vastly_bigger,3,1,2
genuinely_guilty,3,3,0
fiercely_individual,3,3,0
genuinely_grateful,3,3,0
almost_mythical,3,1,2
not_serene,3,3,0
also_practical,3,3,0
fiercely_honest,3,3,0
almost_mythic,3,1,2
truly_threatening,3,1,2
not_self-aware,3,3,0
all_proud,3,2,1
incredibly_reliable,3,3,0
undeniably_effective,3,2,1
fiercely_expensive,3,3,0
fiscally_liberal,3,3,0
not_scarce,3,3,0
hardly_accessible,3,3,0
also_poignant,3,3,0
genuinely_frightened,3,3,0
also_pleasant,3,3,0
particularly_eerie,3,0,3
not_remote,3,3,0
often_capable,3,3,0
particularly_feminine,3,1,2
incredibly_dry,3,3,0
often_deadly,3,3,0
often_dependent,3,3,0
incredibly_drinkable,3,3,0
often_depressed,3,2,1
not_queer,3,3,0
most_muscular,3,3,0
genuinely_disgusting,3,2,1
particularly_extreme,3,3,0
very_evasive,3,3,0
inevitably_controversial,3,3,0
also_ongoing,3,3,0
most_muslim,3,3,0
very_eventful,3,3,0
not_punchy,3,3,0
more_speedy,3,1,2
often_disappointed,3,3,0
hardly_understandable,3,3,0
hardly_unique,3,3,0
not_protective,3,3,0
not_proprietary,3,3,0
incredibly_rough,3,3,0
not_proof,3,3,0
almost_mesmerizing,3,1,2
particularly_fearful,3,3,0
hardly_worthy,3,2,1
painfully_destructive,3,2,1
unimaginably_bad,3,2,1
painfully_earnest,3,3,0
genuinely_disruptive,3,1,2
very_dreamy,3,2,1
fiendishly_complicated,3,2,1
most_monumental,3,2,1
most_moral,3,3,0
hardly_legible,3,3,0
most_elemental,3,3,0
incredibly_restrictive,3,3,0
not_refreshing,3,3,0
uniformly_brilliant,3,3,0
incredibly_dynamic,3,1,2
very_evangelical,3,3,0
hardly_necessary,3,3,0
uniformly_friendly,3,3,0
most_moving,3,3,0
painfully_expensive,3,2,1
not_recommendable,3,3,0
hardly_original,3,2,1
truly_regretful,3,1,2
often_complex,3,3,0
particularly_exotic,3,1,2
often_concerned,3,3,0
more_secondary,3,2,1
particularly_extraordinary,3,1,2
almost_spooky,3,0,3
hardly_present,3,3,0
almost_square,3,3,0
not_reactive,3,3,0
also_original,3,3,0
almost_militant,3,2,1
unfairly_harsh,3,3,0
fiercely_individualistic,3,2,1
painfully_intense,3,3,0
genuinely_local,3,2,1
particularly_crucial,3,3,0
not_timid,3,3,0
incredibly_profitable,3,2,1
unexpectedly_fresh,3,2,1
truly_repulsive,3,1,2
always_green,3,3,0
oddly_liberating,3,0,3
most_lavish,3,3,0
painfully_raw,3,3,0
particularly_damning,3,1,2
painfully_public,3,3,0
always_greater,3,3,0
very_antithetical,3,1,2
painfully_poignant,3,3,0
oddly_mesmerizing,3,0,3
not_tenable,3,3,0
oddly_passive,3,2,1
incredibly_firm,3,2,1
all_quiet,3,3,0
most_likeable,3,3,0
most_evangelical,3,3,0
oddly_personal,3,1,2
undeniably_false,3,3,0
first_single,3,2,1
also_reflective,3,2,1
unexpectedly_interesting,3,0,3
incredibly_pure,3,0,3
painfully_relatable,3,3,0
all_realistic,3,3,0
genuinely_harrowing,3,0,3
oddly_humorous,3,3,0
genuinely_mistaken,3,3,0
most_jaw-dropping,3,3,0
particularly_corrupt,3,3,0
half_aware,3,3,0
not_uncomfortable,3,3,0
vastly_higher,3,2,1
unequivocally_wrong,3,3,0
vastly_harder,3,2,1
incredibly_pricey,3,3,0
half_conscious,3,3,0
particularly_courageous,3,3,0
half_correct,3,3,0
incredibly_primal,3,0,3
painfully_short,3,3,0
also_ridiculous,3,3,0
painfully_serious,3,3,0
particularly_crazy,3,0,3
truly_rich,3,3,0
half_drunk,3,3,0
not_transgender,3,3,0
not_tragic,3,3,0
particularly_creepy,3,2,1
most_keen,3,3,0
oddly_heartwarming,3,0,3
genuinely_magical,3,0,3
unexpectedly_delightful,3,0,3
most_knowledgable,3,3,0
also_red,3,3,0
half_vacant,3,3,0
oddly_retro,3,0,3
unexpectedly_kind,3,3,0
incredibly_radical,3,0,3
not_squeamish,3,3,0
most_lyrical,3,3,0
oddly_unsatisfying,3,1,2
genuinely_humble,3,3,0
oddly_unsettling,3,1,2
oddly_vague,3,3,0
most_magnificent,3,3,0
not_speculative,3,2,1
also_prominent,3,3,0
genuinely_horrific,3,1,2
incredibly_experienced,3,3,0
not_solitary,3,3,0
incredibly_rational,3,2,1
unfailingly_courteous,3,3,0
happily_free,3,2,1
fiercely_nationalistic,3,3,0
also_productive,3,3,0
also_problematic,3,3,0
not_skeptical,3,3,0
particularly_dispiriting,3,0,3
incredibly_evocative,3,3,0
undeniably_entertaining,3,1,2
painfully_intimate,3,3,0
genuinely_heartfelt,3,1,2
particularly_disquieting,3,0,3
unfairly_critical,3,3,0
unexpectedly_special,3,0,3
oddly_therapeutic,3,0,3
oddly_sweet,3,1,2
not_subjective,3,3,0
unexpectedly_lovely,3,1,2
particularly_delightful,3,2,1
unexpectedly_nice,3,1,2
not_superfluous,3,3,0
oddly_sexy,3,0,3
most_lonely,3,3,0
not_substantive,3,3,0
halfway_cool,3,0,3
also_random,3,3,0
always_low,3,3,0
genuinely_independent,3,2,1
most_lovable,3,3,0
incredibly_qualified,3,3,0
not_stellar,3,3,0
particularly_desperate,3,2,1
also_radioactive,3,3,0
not_stylish,3,3,0
most_loveable,3,3,0
particularly_destructive,3,2,1
oddly_special,3,1,2
particularly_detrimental,3,3,0
also_queer,3,3,0
also_purple,3,3,0
inescapably_sad,3,2,1
oddly_subdued,3,3,0
halfway_reasonable,3,1,2
most_nerve-wracking,3,3,0
painfully_cute,3,2,1
oddly_formal,3,2,1
particularly_ineffective,3,3,0
most_organic,3,3,0
not_malignant,3,3,0
particularly_inflammatory,3,1,2
overwhelmingly_romantic,3,1,2
uniquely_evil,3,2,1
vaguely_suggestive,3,1,2
overwhelmingly_republican,3,2,1
not_magical,3,3,0
not_magic,3,3,0
uniquely_exciting,3,0,3
overwhelmingly_present,3,3,0
most_dissatisfied,3,3,0
also_lighter,3,3,0
not_lucid,3,3,0
all_one-sided,3,3,0
incredibly_crucial,3,2,1
truly_poignant,3,2,1
truly_poetic,3,2,1
all_undone,3,3,0
all_old,3,3,0
particularly_intricate,3,2,1
often_problematic,3,3,0
very_divine,3,1,2
more_saccharine,3,1,2
not_loose,3,3,0
uniquely_female,3,2,1
often_quiet,3,3,0
not_massive,3,3,0
not_mathematical,3,3,0
particularly_involved,3,1,2
particularly_inclined,3,3,0
most_oppressive,3,3,0
not_monogamous,3,3,0
overwhelmingly_successful,3,3,0
not_misunderstood,3,3,0
very_dizzy,3,3,0
particularly_icky,3,0,3
not_mistaken,3,3,0
often_misinformed,3,3,0
also_weird,3,3,0
more_sassy,3,1,2
heavily_related,3,3,0
undeniably_amusing,3,1,2
uniquely_distinct,3,0,3
most_distracting,3,2,1
genuinely_altruistic,3,2,1
particularly_ill,3,3,0
not_military,3,3,0
often_new,3,3,0
often_nonexistent,3,3,0
uniquely_effective,3,2,1
most_distinct,3,3,0
not_mechanical,3,3,0
most_distasteful,3,1,2
uniquely_english,3,0,3
overwhelmingly_salty,3,3,0
incredibly_cynical,3,1,2
almost_taboo,3,0,3
often_rare,3,2,1
not_liquid,3,3,0
often_familiar,3,2,1
heretofore_undiscovered,3,2,1
particularly_lazy,3,2,1
particularly_legible,3,3,0
very_astounding,3,1,2
incredibly_shady,3,1,2
particularly_liberal,3,3,0
not_jaded,3,3,0
heretofore_unthinkable,3,1,2
truly_perverse,3,0,3
not_italian,3,3,0
more_royal,3,0,3
not_irrational,3,3,0
more_rowdy,3,2,1
often_toxic,3,3,0
often_tragic,3,3,0
not_invisible,3,3,0
overwhelmingly_happy,3,3,0
most_partial,3,3,0
gently_amusing,3,3,0
truly_perilous,3,0,3
genetically_weak,3,3,0
incredibly_shallow,3,3,0
not_intimidating,3,1,2
not_intimate,3,2,1
most_patriotic,3,3,0
overwhelmingly_friendly,3,3,0
indirectly_identifiable,3,3,0
most_disastrous,3,3,0
heretofore_unimaginable,3,1,2
often_synonymous,3,3,0
particularly_ironic,3,0,3
often_surprising,3,2,1
also_laughable,3,3,0
often_rude,3,3,0
most_discouraging,3,3,0
overwhelmingly_obvious,3,2,1
more_russian,3,2,1
also_larger,3,2,1
often_serious,3,3,0
truly_unavoidable,3,3,0
not_lesser,3,2,1
incredibly_crazy,3,1,2
flatly_illegal,3,3,0
gently_funny,3,3,0
flatly_impossible,3,3,0
not_left-wing,3,3,0
often_silent,3,3,0
often_slow,3,3,0
not_least,3,1,2
not_larger,3,3,0
most_overt,3,3,0
often_strange,3,3,0
uniquely_horrifying,3,0,3
incredibly_convoluted,3,2,1
most_overused,3,2,1
here_uncomfortable,3,3,0
incredibly_controversial,3,2,1
truly_physical,3,1,2
incredibly_sexual,3,3,0
heavily_overcast,3,3,0
not_motivating,3,3,0
most_opportune,3,3,0
undeniably_captivating,3,2,1
painfully_cheesy,3,3,0
unintentionally_cruel,3,3,0
genuinely_competitive,3,3,0
more_spotty,3,2,1
incredibly_diligent,3,3,0
not_picky,3,3,0
also_negative,3,3,0
almost_subversive,3,0,3
often_harder,3,2,1
all_plastic,3,3,0
also_nearby,3,3,0
particularly_germane,3,2,1
heartbreakingly_awful,3,2,1
almost_meditative,3,0,3
always_nearby,3,3,0
very_exacting,3,3,0
not_perceptive,3,3,0
heartbreakingly_familiar,3,1,2
particularly_grand,3,2,1
most_objectionable,3,2,1
incredibly_determined,3,3,0
genuinely_close,3,3,0
not_partial,3,2,1
genuinely_clever,3,2,1
incredibly_desperate,3,3,0
often_higher,3,3,0
most_oblivious,3,3,0
particularly_frightening,3,1,2
vaguely_troubling,3,0,3
not_muddy,3,3,0
not_pornographic,3,3,0
painfully_corny,3,3,0
painfully_conscious,3,3,0
unimaginably_difficult,3,1,2
unimaginably_huge,3,2,1
all_touchy,3,2,1
also_violent,3,3,0
not_pro-choice,3,3,0
very_everyday,3,2,1
harshly_negative,3,2,1
most_neutral,3,3,0
most_eco-friendly,3,3,0
most_newsworthy,3,3,0
incredibly_disingenuous,3,0,3
not_prejudicial,3,3,0
almost_straight,3,3,0
not_predictive,3,3,0
particularly_fragrant,3,3,0
also_noticeable,3,1,2
not_precious,3,3,0
particularly_free,3,3,0
often_frustrating,3,2,1
often_greater,3,3,0
particularly_frequent,3,3,0
almost_melancholic,3,0,3
hauntingly_evocative,3,3,0
unintentionally_campy,3,3,0
not_portable,3,3,0
often_hostile,3,3,0
very_exalted,3,0,3
painfully_average,3,1,2
genuinely_challenging,3,1,2
always_obvious,3,3,0
uniquely_charming,3,0,3
often_interesting,3,3,0
also_meaningful,3,2,1
also_many,3,3,0
not_negligible,3,3,0
particularly_heroic,3,1,2
uniquely_compatible,3,2,1
uniquely_contemporary,3,0,3
often_jealous,3,3,0
truly_progressive,3,0,3
undeniably_bad,3,3,0
not_navigable,3,3,0
painfully_absent,3,2,1
not_naughty,3,3,0
genuinely_authentic,3,0,3
particularly_horrifying,3,1,2
often_lethal,3,2,1
also_male,3,3,0
not_national,3,3,0
not_narrow,3,3,0
heavily_liberal,3,3,0
incredibly_secretive,3,2,1
also_magnetic,3,3,0
overwhelmingly_sweet,3,2,1
often_lower,3,3,0
not_mundane,3,1,2
not_nuanced,3,3,0
not_numerous,3,3,0
often_interested,3,2,1
also_mindful,3,2,1
federally_endangered,3,3,0
vaguely_tragic,3,2,1
particularly_gross,3,0,3
uniquely_african,3,2,1
truly_troubling,3,0,3
fatally_toxic,3,3,0
heavily_active,3,3,0
also_mistaken,3,3,0
also_misleading,3,3,0
incredibly_scarce,3,3,0
not_onboard,3,3,0
also_minimal,3,3,0
heavily_concentrated,3,2,1
genuinely_beneficial,3,3,0
particularly_guilty,3,3,0
heavily_critical,3,3,0
truly_racist,3,3,0
all_peachy,3,3,0
always_normal,3,3,0
most_domestic,3,3,0
heavily_dependant,3,3,0
often_indistinguishable,3,3,0
not_obligated,3,1,2
not_objectionable,3,2,1
all_peaceful,3,3,0
often_insufficient,3,3,0
not_underwater,3,3,0
incredibly_fulfilling,3,0,3
overwhelmingly_expensive,3,3,0
partially_valid,3,3,0
now_relaxed,3,3,0
genuinely_weird,3,1,2
now_redundant,3,3,0
now_real,3,3,0
undeniably_troubling,3,1,2
partially_wet,3,3,0
most_financial,3,3,0
now_punishable,3,3,0
genuinely_warm,3,2,1
all_shocked,3,3,0
obviously_irrelevant,3,1,2
now_privy,3,3,0
individually_good,3,3,0
goddamn_perfect,3,3,0
also_toxic,3,3,0
genuinely_vulnerable,3,3,0
most_fierce,3,3,0
now_plain,3,3,0
incredibly_juicy,3,3,0
particularly_accessible,3,3,0
very_emblematic,3,0,3
obviously_lacking,3,1,2
particularly_acidic,3,3,0
goddamn_stupid,3,3,0
financially_eligible,3,3,0
now_permissible,3,3,0
now_past,3,3,0
truly_splendid,3,0,3
incredibly_late,3,3,0
now_ours,3,3,0
most_fit,3,3,0
now_supportive,3,3,0
now_successful,3,3,0
gloriously_retro,3,2,1
obviously_insane,3,3,0
partially_unable,3,3,0
incredibly_logical,3,3,0
now_strong,3,2,1
most_hardworking,3,3,0
now_stable,3,3,0
gloriously_stupid,3,2,1
truly_spontaneous,3,3,0
now_smart,3,3,0
now_skeptical,3,3,0
undeniably_lovely,3,0,3
most_flamboyant,3,3,0
partially_incorrect,3,3,0
partially_underwater,3,3,0
genuinely_worth,3,1,2
obviously_intentional,3,3,0
now_safer,3,3,0
also_tricky,3,3,0
now_sacred,3,2,1
now_rosy,3,3,0
very_addicted,3,3,0
now_rich,3,3,0
genuinely_willing,3,3,0
genuinely_welcoming,3,3,0
obviously_mad,3,2,1
incredibly_jarring,3,3,0
financially_unsophisticated,3,2,1
genuinely_troubling,3,2,1
particularly_agile,3,3,0
grammatically_perfect,3,3,0
incredibly_one-sided,3,3,0
now_insolvent,3,3,0
very_alone,3,3,0
almost_reckless,3,1,2
incredibly_intimidating,3,2,1
now_incapable,3,3,0
truly_single,3,3,0
graphically_brilliant,3,2,1
graphically_complex,3,2,1
also_terrific,3,3,0
incredibly_optimistic,3,3,0
now_impassable,3,2,1
graphically_impressive,3,3,0
obviously_political,3,2,1
obviously_positive,3,3,0
genuinely_tired,3,3,0
particularly_amazing,3,3,0
partially_fake,3,3,0
now_guilty,3,3,0
understandably_important,3,1,2
now_global,3,3,0
now_furious,3,3,0
now_functional,3,3,0
also_tasty,3,3,0
now_fluent,3,3,0
now_keen,3,3,0
obviously_old,3,2,1
more_silver,3,2,1
genuinely_unable,3,3,0
now_ongoing,3,3,0
incredibly_off-putting,3,3,0
now_obtainable,3,2,1
partially_human,3,3,0
genuinely_unnerving,3,3,0
particularly_admirable,3,3,0
obviously_misleading,3,3,0
particularly_advanced,3,3,0
now_obscure,3,3,0
now_obese,3,3,0
now_null,3,3,0
obviously_misunderstood,3,2,1
now_nice,3,3,0
genuinely_unhappy,3,1,2
gorgeously_melancholic,3,3,0
now_nervous,3,3,0
most_hopeful,3,3,0
all_soft,3,3,0
obviously_more,3,2,1
obviously_nervous,3,3,0
always_inevitable,3,3,0
financially_destitute,3,3,0
genuinely_uncomfortable,3,0,3
genuinely_uncanny,3,0,3
now_legendary,3,3,0
truly_surprised,3,3,0
now_laughable,3,3,0
now_susceptible,3,3,0
geographically_accurate,3,3,0
gloriously_naked,3,3,0
undeniably_right,3,0,3
objectively_superior,3,3,0
financially_reliant,3,3,0
objectively_reasonable,3,3,0
glaringly_different,3,3,0
globally_accessible,3,3,0
truly_substantive,3,1,2
partially_proficient,3,3,0
partially_pure,3,3,0
partially_random,3,3,0
globally_available,3,3,0
obviously_detrimental,3,0,3
individually_impressive,3,3,0
objectively_beautiful,3,1,2
more_sleazy,3,1,2
also_uneasy,3,3,0
financially_needy,3,3,0
most_funny,3,3,0
obviously_difficult,3,1,2
most_general,3,3,0
undeniably_present,3,3,0
always_hopeful,3,3,0
financially_necessary,3,3,0
globally_important,3,1,2
financially_motivated,3,3,0
almost_permanent,3,3,0
nutritionally_equivalent,3,3,0
most_glaring,3,3,0
obviously_depressed,3,2,1
more_sleepy,3,3,0
partially_independent,3,3,0
obnoxiously_drunk,3,3,0
very_airy,3,3,0
obviously_close,3,1,2
more_slight,3,3,0
obviously_aware,3,3,0
financially_prosperous,3,3,0
obviously_available,3,2,1
undeniably_refreshing,3,0,3
obviously_afraid,3,3,0
obviously_afoot,3,3,0
obviously_absurd,3,1,2
obsessively_neat,3,3,0
more_slim,3,3,0
incredibly_motivated,3,2,1
obsessively_compulsive,3,3,0
incredibly_minor,3,1,2
obscenely_wealthy,3,3,0
obviously_criminal,3,0,3
obscenely_high,3,2,1
financially_ready,3,3,0
most_frugal,3,3,0
all_small,3,3,0
incredibly_motivating,3,3,0
incredibly_mild,3,3,0
most_formative,3,3,0
most_forgiving,3,3,0
partially_numb,3,3,0
individually_liable,3,2,1
nutritionally_beneficial,3,3,0
most_gorgeous,3,3,0
numbingly_stupid,3,3,0
obviously_eager,3,3,0
obviously_happy,3,3,0
incredibly_neurotic,3,2,1
very_advisable,3,1,2
truly_superior,3,3,0
now_unique,3,3,0
always_impossible,3,3,0
now_uninsured,3,3,0
most_gullible,3,3,0
almost_profound,3,1,2
partially_synthetic,3,3,0
obviously_humorous,3,3,0
obviously_hungry,3,3,0
gloriously_human,3,0,3
incredibly_loving,3,3,0
incredibly_nimble,3,2,1
undeniably_sophisticated,3,2,1
undeniably_spectacular,3,3,0
most_fleeting,3,3,0
now_underground,3,3,0
obviously_illegal,3,2,1
obviously_impressed,3,2,1
most_flavorful,3,3,0
now_unacceptable,3,3,0
undeniably_spiritual,3,0,3
geographically_challenging,3,3,0
now_treatable,3,3,0
now_transparent,3,3,0
partially_invalid,3,3,0
now_unsafe,3,3,0
now_unsure,3,3,0
very_egalitarian,3,1,2
numbingly_cold,3,3,0
nowhere_safe,3,3,0
truly_striking,3,0,3
partially_missing,3,3,0
geographically_widespread,3,3,0
obviously_foreign,3,2,1
partially_responsive,3,3,0
also_unfamiliar,3,3,0
obviously_free,3,3,0
gloriously_awful,3,1,2
gloriously_beautiful,3,2,1
partially_reversible,3,3,0
undeniably_sensual,3,0,3
incredibly_lucrative,3,3,0
almost_predictable,3,2,1
incredibly_needy,3,2,1
truly_suicidal,3,3,0
now_wet,3,3,0
most_graphic,3,3,0
gloriously_different,3,3,0
now_vegan,3,3,0
also_unanimous,3,3,0
obviously_guilty,3,1,2
now_useful,3,3,0
partially_state-owned,3,3,0
now_upset,3,3,0
genuinely_thoughtful,3,1,2
genuinely_thankful,3,3,0
almost_obsessed,3,3,0
particularly_captivating,3,1,2
most_innocuous,3,3,0
most_experimental,3,3,0
genuinely_popular,3,3,0
notably_silent,3,3,0
genuinely_poor,3,3,0
vastly_underpaid,3,3,0
undoubtedly_necessary,3,3,0
incredibly_haunting,3,0,3
finally_satisfied,3,3,0
finally_safe,3,3,0
incredibly_potent,3,2,1
always_key,3,3,0
more_soft-spoken,3,3,0
vastly_talented,3,3,0
more_shaky,3,3,0
vastly_successful,3,3,0
incredibly_hardworking,3,3,0
grossly_insufficient,3,3,0
almost_offensive,3,1,2
always_last,3,3,0
vastly_similar,3,3,0
always_grumpy,3,3,0
incredibly_gullible,3,3,0
more_solicitous,3,2,1
particularly_cheerful,3,1,2
incredibly_guilty,3,3,0
oddly_attractive,3,0,3
notably_smaller,3,2,1
genuinely_powerful,3,2,1
most_expendable,3,3,0
vastly_unique,3,2,1
incredibly_hospitable,3,3,0
most_infamous,3,3,0
noticeably_thin,3,3,0
grimly_serious,3,3,0
firmly_present,3,3,0
partially_accessible,3,3,0
occasionally_late,3,3,0
incredibly_pleasing,3,1,2
incredibly_pleasurable,3,1,2
incredibly_poetic,3,1,2
incredibly_horrible,3,0,3
very_eco-friendly,3,3,0
noticeably_shorter,3,3,0
finally_tired,3,3,0
incredibly_hopeful,3,2,1
most_extensive,3,3,0
palpably_false,3,3,0
noticeably_larger,3,3,0
most_infuriating,3,3,0
grossly_detrimental,3,3,0
palpably_different,3,0,3
individually_capable,3,2,1
occasionally_third,3,3,0
grossly_exploitative,3,3,0
very_androgynous,3,3,0
noticeably_angry,3,3,0
most_inhospitable,3,3,0
grossly_obscene,3,2,1
particularly_christian,3,2,1
also_taller,3,3,0
oddly_disconcerting,3,2,1
particularly_competitive,3,3,0
not_verbatim,3,3,0
all_surprised,3,3,0
not_venomous,3,3,0
genuinely_negative,3,0,3
painfully_specific,3,3,0
oddly_empty,3,2,1
particularly_conducive,3,2,1
incredibly_premature,3,3,0
not_useless,3,3,0
also_scary,3,2,1
most_ironic,3,3,0
more_several,3,3,0
incredibly_genuine,3,1,2
unduly_severe,3,3,0
not_unnecessary,3,3,0
unduly_suspicious,3,3,0
not_unjustified,3,3,0
unequivocally_clear,3,3,0
all_susceptible,3,3,0
not_unimportant,3,3,0
also_unsafe,3,3,0
genuinely_momentous,3,0,3
unequivocally_fortunate,3,3,0
not_unfolding,3,3,0
particularly_convincing,3,3,0
incredibly_full,3,3,0
most_invisible,3,3,0
not_vibrant,3,3,0
genuinely_outraged,3,3,0
oddly_difficult,3,2,1
also_slow,3,3,0
undoubtedly_valid,3,3,0
painfully_vivid,3,3,0
not_worthless,3,3,0
painfully_unfunny,3,3,0
finally_possible,3,3,0
finally_perfect,3,3,0
painfully_ugly,3,2,1
vastly_preferable,3,3,0
oddly_captivating,3,1,2
almost_obsessive,3,3,0
oddly_comfortable,3,2,1
genuinely_offended,3,2,1
incredibly_great,3,3,0
finally_old,3,3,0
not_wearable,3,2,1
undeniably_gorgeous,3,3,0
not_washable,3,3,0
vastly_overblown,3,3,0
undeniably_good,3,2,1
grossly_unethical,3,3,0
particularly_coherent,3,3,0
unduly_insensitive,3,3,0
not_vocal,3,3,0
vastly_older,3,2,1
oddly_conservative,3,1,2
not_virtual,3,1,2
incredibly_pigmented,3,3,0
genuinely_real,3,2,1
incredibly_picturesque,3,3,0
partially_electric,3,3,0
partially_discernible,3,3,0
most_idiotic,3,3,0
genuinely_stupid,3,3,0
partially_different,3,3,0
finely_balanced,3,3,0
truly_sexy,3,0,3
truly_separate,3,2,1
now_disappointed,3,3,0
most_fantastic,3,3,0
now_destitute,3,3,0
genuinely_startling,3,2,1
incredibly_indulgent,3,1,2
more_snappy,3,2,1
understandably_suspicious,3,3,0
genuinely_spiritual,3,0,3
almost_organic,3,0,3
obviously_stupid,3,1,2
obviously_subject,3,3,0
now_critical,3,1,2
financially_aware,3,3,0
greatly_amiss,3,3,0
obviously_talented,3,2,1
more_sneaky,3,2,1
genuinely_smart,3,1,2
understandably_unhappy,3,3,0
understandably_unwilling,3,3,0
genuinely_sinister,3,0,3
always_harder,3,3,0
gravely_illicit,3,3,0
also_speculative,3,3,0
also_sure,3,3,0
gratuitously_cruel,3,1,2
now_female,3,3,0
obviously_practical,3,2,1
obviously_pregnant,3,3,0
financially_unsound,3,2,1
particularly_amused,3,3,0
now_feasible,3,3,0
obviously_problematic,3,0,3
most_favourable,3,3,0
also_talented,3,3,0
very_absorbent,3,3,0
all_sparkly,3,3,0
now_exclusive,3,3,0
incredibly_infuriating,3,3,0
incredibly_outdated,3,3,0
incredibly_outrageous,3,3,0
obviously_right,3,3,0
genuinely_supernatural,3,1,2
also_sweet,3,3,0
truly_shocked,3,3,0
obviously_satirical,3,3,0
now_editable,3,3,0
more_smoother,3,3,0
financially_challenging,3,3,0
gravely_endangered,3,3,0
partially_electronic,3,3,0
now_dry,3,3,0
genuinely_single,3,3,0
obviously_terrible,3,1,2
obviously_tired,3,3,0
firmly_committed,3,2,1
most_inclusive,3,3,0
obviously_upset,3,3,0
notoriously_wrong,3,3,0
obviously_worse,3,3,0
genuinely_revelatory,3,1,2
incredibly_iconic,3,2,1
notoriously_slow,3,3,0
notoriously_slippery,3,3,0
greatly_welcome,3,3,0
obviously_worthy,3,3,0
partially_aware,3,3,0
most_independent,3,3,0
notoriously_prone,3,3,0
incredibly_petty,3,2,1
most_indifferent,3,3,0
very_engrossing,3,1,2
particularly_better,3,2,1
notoriously_low,3,3,0
notoriously_inaccurate,3,3,0
notoriously_high,3,3,0
occasionally_available,3,3,0
occasionally_blue,3,3,0
incredibly_photogenic,3,3,0
particularly_bitter,3,2,1
notoriously_easy,3,3,0
incredibly_picky,3,2,1
genuinely_refreshing,3,0,3
most_inclined,3,3,0
individually_custom,3,3,0
greatly_satisfying,3,1,2
now_blind,3,3,0
partially_compatible,3,3,0
financially_affordable,3,3,0
genuinely_sick,3,2,1
partially_cloudy,3,3,0
greatly_disappointed,3,3,0
partially_close,3,3,0
greatly_endangered,3,2,1
almost_operatic,3,1,2
now_calm,3,3,0
obviously_unimportant,3,2,1
partially_clear,3,3,0
financially_advantageous,3,3,0
greatly_inferior,3,3,0
undoubtedly_due,3,3,0
verbally_expressive,3,3,0
almost_rude,3,3,0
undoubtedly_correct,3,3,0
now_awake,3,3,0
incredibly_impolite,3,3,0
greatly_pleased,3,3,0
now_apparent,3,2,1
incredibly_impatient,3,3,0
also_sterile,3,3,0
incredibly_immersive,3,2,1
more_shitty,3,1,2
obviously_unqualified,3,3,0
far_wide,3,3,0
more_stereotypical,3,0,3
indeed_british,3,3,0
also_dark,3,3,0
highly_redundant,3,3,0
only_smaller,3,1,2
particularly_wise,3,3,0
only_social,3,3,0
also_cultural,3,3,0
only_solvable,3,3,0
unspeakably_funny,3,3,0
only_spiritual,3,3,0
generally_cool,3,2,1
only_strange,3,0,3
generally_conservative,3,3,0
highly_reluctant,3,2,1
unspeakably_small,3,0,3
generally_confused,3,3,0
incredibly_user-friendly,3,2,1
very_didactic,3,1,2
unspeakably_wrong,3,2,1
generally_confident,3,3,0
overly_rude,3,3,0
formerly_prominent,3,3,0
unusually_aggressive,3,3,0
only_subjective,3,3,0
overly_rough,3,3,0
fairly_wild,3,2,1
unusually_appealing,3,2,1
increasingly_violent,3,3,0
not_communist,3,1,2
also_cute,3,3,0
particularly_wet,3,3,0
fairly_wide,3,3,0
particularly_welcoming,3,3,0
particularly_visible,3,2,1
very_flustered,3,3,0
truly_unknowable,3,2,1
truly_unknown,3,1,2
unreasonably_hard,3,3,0
generally_disagreeable,3,3,0
vaguely_metallic,3,2,1
unreasonably_intrusive,3,3,0
not_contiguous,3,3,0
highly_promising,3,2,1
incredibly_abstract,3,2,1
overly_sedentary,3,3,0
only_short-term,3,3,0
almost_hysterical,3,1,2
vaguely_medieval,3,0,3
not_considerate,3,3,0
more_surgical,3,1,2
also_deep,3,3,0
overly_scientific,3,3,0
particularly_wary,3,3,0
unrelentingly_grim,3,1,2
only_single,3,3,0
more_redundant,3,3,0
most_refreshing,3,3,0
not_conscientious,3,3,0
falsely_hopeful,3,3,0
unspeakably_bad,3,3,0
almost_hostile,3,3,0
vaguely_magical,3,1,2
openly_destructive,3,3,0
generally_average,3,3,0
not_classical,3,3,0
not_classic,3,3,0
most_budget-friendly,3,3,0
not_circular,3,3,0
partly_effective,3,3,0
overly_responsible,3,3,0
very_bouncy,3,3,0
highly_sketchy,3,3,0
generally_annoyed,3,3,0
highly_sociable,3,3,0
fairly_upset,3,3,0
unbelievably_generous,3,3,0
vaguely_ironic,3,1,2
generally_aggressive,3,3,0
unbelievably_funny,3,2,1
very_detached,3,2,1
unusually_communicative,3,3,0
truly_lasting,3,0,3
almost_unstoppable,3,2,1
also_compelling,3,1,2
openly_confrontational,3,3,0
also_compact,3,2,1
increasingly_unable,3,3,0
more_reachable,3,3,0
overly_quick,3,3,0
also_commendable,3,3,0
most_restrictive,3,3,0
generally_attractive,3,2,1
incredibly_vocal,3,3,0
only_thankful,3,3,0
all_greek,3,3,0
unusually_bad,3,2,1
partly_artificial,3,3,0
overly_rosy,3,2,1
almost_unrelated,3,2,1
generally_cheaper,3,3,0
fairly_wealthy,3,3,0
highly_salient,3,3,0
generally_cheap,3,3,0
unusually_beautiful,3,1,2
partly_autobiographical,3,3,0
only_transient,3,3,0
unusually_blunt,3,3,0
only_unique,3,3,0
generally_boring,3,3,0
highly_scientific,3,1,2
unbelievably_incompetent,3,3,0
partly_aware,3,3,0
all_grumpy,3,3,0
most_callous,3,3,0
partly_blue,3,3,0
unusually_calm,3,3,0
unbelievably_important,3,1,2
highly_self-critical,3,3,0
incredibly_vital,3,3,0
only_weak,3,3,0
also_conscious,3,3,0
unusually_cheap,3,2,1
particularly_virtuous,3,3,0
incredibly_upbeat,3,3,0
vaguely_mexican,3,2,1
more_sunny,3,0,3
generally_harmless,3,3,0
only_nice,3,2,1
fantastically_complex,3,3,0
unnervingly_close,3,2,1
also_eco-friendly,3,3,0
overly_speculative,3,3,0
only_official,3,3,0
unnervingly_familiar,3,1,2
vaguely_negative,3,1,2
more_relational,3,2,1
always_simpler,3,3,0
generally_great,3,3,0
not_deployable,3,3,0
more_super,3,2,1
highly_narcissistic,3,3,0
unbelievably_sexy,3,2,1
almost_unlimited,3,3,0
highly_necessary,3,3,0
highly_negotiable,3,3,0
incredibly_alike,3,3,0
only_outstanding,3,3,0
overly_sophisticated,3,3,0
most_comical,3,3,0
highly_nutritional,3,2,1
very_flowery,3,2,1
almost_imaginary,3,0,3
also_doubtful,3,3,0
highly_mercurial,3,3,0
highly_melodic,3,3,0
also_desirable,3,3,0
also_edible,3,3,0
particularly_sticky,3,2,1
most_compliant,3,3,0
always_familiar,3,2,1
unnecessarily_vague,3,3,0
unnecessarily_violent,3,3,0
very_bitchy,3,3,0
highly_listenable,3,1,2
highly_literal,3,3,0
most_public,3,3,0
only_major,3,3,0
formerly_active,3,2,1
very_flavourful,3,3,0
not_dire,3,3,0
overly_sticky,3,3,0
all_impressive,3,3,0
also_effortless,3,3,0
generally_higher,3,3,0
highly_manipulative,3,3,0
only_most,3,2,1
only_native,3,3,0
all_illegal,3,3,0
overly_sporty,3,3,0
more_relentless,3,3,0
highly_mathematical,3,3,0
very_flippant,3,3,0
very_flirtatious,3,3,0
fantastically_creative,3,3,0
only_permissible,3,3,0
highly_open,3,2,1
also_dominant,3,3,0
particularly_threatening,3,3,0
inexplicably_silly,3,3,0
highly_playable,3,3,0
most_readable,3,3,0
vaguely_mysterious,3,1,2
not_creamy,3,3,0
only_red,3,3,0
unrealistically_idealistic,3,3,0
all_hopeful,3,3,0
most_cheerful,3,3,0
generally_easy,3,3,0
generally_easier,3,3,0
only_republican,3,3,0
overly_short,3,3,0
more_refreshed,3,3,0
particularly_upsetting,3,2,1
incredibly_addicting,3,1,2
unbelievably_offensive,3,2,1
highly_precise,3,3,0
also_dirty,3,3,0
vaguely_musical,3,1,2
particularly_vicious,3,1,2
only_scary,3,3,0
unreasonably_angry,3,3,0
not_convinced,3,2,1
also_detailed,3,2,1
most_reassuring,3,3,0
particularly_vigilant,3,3,0
generally_excellent,3,3,0
generally_excited,3,3,0
only_ready,3,3,0
most_close,3,2,1
only_playable,3,3,0
highly_organic,3,3,0
overly_solicitous,3,3,0
particularly_tired,3,3,0
most_cohesive,3,3,0
also_doable,3,3,0
not_data-driven,3,3,0
incredibly_agile,3,1,2
generally_fearful,3,3,0
not_damp,3,3,0
only_privy,3,3,0
incredibly_unpredictable,3,3,0
highly_particular,3,3,0
highly_photogenic,3,3,0
most_rational,3,2,1
overly_social,3,3,0
truly_marvellous,3,0,3
highly_patriotic,3,2,1
not_culpable,3,3,0
incredibly_affectionate,3,3,0
only_qualified,3,3,0
not_crowded,3,2,1
only_readable,3,3,0
not_crispy,3,2,1
particularly_unfair,3,2,1
particularly_unfortunate,3,3,0
unusually_dark,3,1,2
openly_emotional,3,3,0
generally_illegal,3,3,0
most_artistic,3,3,0
patently_silly,3,3,0
hilariously_extreme,3,3,0
not_absurd,3,3,0
otherwise_angry,3,3,0
otherwise_anxious,3,3,0
normally_unsatisfactory,3,3,0
normally_resident,3,3,0
normally_present,3,2,1
unusually_willing,3,2,1
infinitely_curious,3,3,0
overly_painful,3,2,1
normally_necessary,3,2,1
increasingly_painful,3,3,0
most_singular,3,3,0
independently_minded,3,2,1
fairly_sweet,3,2,1
hilariously_inaccurate,3,3,0
more_pushy,3,2,1
increasingly_open,3,3,0
almost_violent,3,2,1
nonetheless_able,3,3,0
non_white,3,3,0
non_voluntary,3,3,0
overly_open,3,3,0
non_verbal,3,2,1
very_futile,3,0,3
fundamentally_unappealing,3,2,1
truly_intriguing,3,1,2
fairly_tasty,3,1,2
most_approachable,3,3,0
otherwise_alien,3,3,0
fundamentally_weak,3,2,1
very_broken,3,1,2
not_alien,3,3,0
not_akin,3,1,2
almost_greek,3,0,3
fundamentally_useful,3,0,3
otherwise_absurd,3,3,0
patently_inaccurate,3,3,0
fairly_thick,3,3,0
otherwise_accidental,3,3,0
infinitely_complex,3,1,2
vaguely_hostile,3,3,0
not_adverse,3,3,0
not_adventurous,3,3,0
unusually_thick,3,3,0
otherwise_accountable,3,3,0
not_admirable,3,3,0
most_sexy,3,3,0
otherwise_accurate,3,3,0
allegedly_liable,3,3,0
not_addicted,3,0,3
not_adaptable,3,3,0
most_astonishing,3,3,0
otherwise_admissible,3,3,0
not_acidic,3,3,0
also_anonymous,3,3,0
otherwise_agitated,3,3,0
overly_onerous,3,3,0
non_threatening,3,3,0
all_gay,3,3,0
non_intrusive,3,2,1
pathologically_dishonest,3,3,0
fairly_stressful,3,3,0
indeed_available,3,3,0
indeed_aware,3,3,0
almost_gleeful,3,2,1
unbelievably_attractive,3,2,1
non_effective,3,3,0
hilariously_stupid,3,2,1
most_stimulating,3,3,0
pathologically_evil,3,1,2
very_bumpy,3,3,0
pathologically_incapable,3,3,0
fairly_stiff,3,2,1
infinitely_divisible,3,3,0
non_compatible,3,3,0
fairly_stereotypical,3,3,0
hilariously_terrifying,3,3,0
otherwise_competitive,3,3,0
otherwise_complete,3,3,0
otherwise_complicated,3,3,0
most_strict,3,3,0
almost_whole,3,3,0
always_thrilled,3,3,0
most_stringent,3,3,0
frankly_embarrassing,3,2,1
very_deficient,3,3,0
most_altruistic,3,3,0
infinitely_distant,3,3,0
non_invasive,3,3,0
non_tangible,3,2,1
non_judgmental,3,2,1
fairly_surprising,3,2,1
fundamentally_troubling,3,1,2
non_significant,3,3,0
unbelievably_boring,3,2,1
unusually_worried,3,3,0
non_renewable,3,3,0
truly_intense,3,1,2
very_buddhist,3,1,2
hilariously_obvious,3,3,0
otherwise_atypical,3,3,0
otherwise_averse,3,3,0
non_refundable,3,3,0
non_profitable,3,3,0
frankly_daft,3,3,0
very_budget-friendly,3,3,0
altogether_inappropriate,3,3,0
very_delectable,3,2,1
truly_inspired,3,2,1
most_sparse,3,3,0
most_apologetic,3,2,1
otherwise_best,3,3,0
non_offensive,3,0,3
hilariously_real,3,3,0
non_muslim,3,3,0
fairly_stunning,3,0,3
most_spirited,3,3,0
non_lethal,3,3,0
also_australian,3,3,0
fairly_toxic,3,3,0
very_demoralizing,3,3,0
always_stronger,3,3,0
openly_jewish,3,3,0
fairly_uninspiring,3,3,0
increasingly_suspicious,3,3,0
not_bigoted,3,3,0
openly_liberal,3,2,1
increasingly_susceptible,3,3,0
unusually_harsh,3,3,0
most_bloody,3,3,0
unusually_hazardous,3,3,0
most_blessed,3,3,0
highly_trained,3,3,0
unbelievably_embarrassing,3,2,1
also_carcinogenic,3,3,0
further_elaborate,3,3,0
vaguely_intelligent,3,1,2
highly_traumatic,3,2,1
fairly_unheard,3,1,2
incredibly_wise,3,3,0
increasingly_subject,3,3,0
altogether_grander,3,0,3
very_breezy,3,2,1
unbelievably_easy,3,3,0
further_convincing,3,3,0
partly_successful,3,3,0
most_robust,3,3,0
highly_uncalled,3,1,2
fortunately_enough,3,3,0
most_blunt,3,3,0
incredibly_whimsical,3,1,2
most_sensational,3,3,0
almost_hesitant,3,3,0
very_despondent,3,3,0
very_breathable,3,2,1
openly_fascist,3,3,0
openly_friendly,3,2,1
not_brilliant,3,3,0
overly_provocative,3,3,0
almost_unusable,3,3,0
highly_sustainable,3,3,0
not_breathable,3,3,0
very_freaky,3,2,1
most_right,3,3,0
incredibly_welcome,3,3,0
not_bored,3,3,0
truly_lacking,3,1,2
unbelievably_exciting,3,0,3
highly_tactical,3,3,0
further_qualified,3,3,0
increasingly_sympathetic,3,3,0
unusually_great,3,3,0
openly_homophobic,3,3,0
more_ragged,3,3,0
most_rigorous,3,3,0
altogether_good,3,3,0
highly_tense,3,3,0
always_strong,3,3,0
not_bizarre,3,3,0
highly_territorial,3,3,0
highly_uncommon,3,1,2
always_subjective,3,3,0
also_broad,3,3,0
openly_unhappy,3,3,0
always_enthusiastic,3,3,0
also_best,3,3,0
almost_harder,3,1,2
not_appreciative,3,3,0
highly_unsustainable,3,3,0
unusually_rare,3,3,0
most_banal,3,3,0
most_avid,3,1,2
not_apocalyptic,3,2,1
patently_dishonest,3,3,0
unusually_satisfying,3,0,3
very_dependant,3,3,0
overly_playful,3,2,1
most_secret,3,3,0
most_averse,3,3,0
also_awful,3,2,1
highly_walkable,3,3,0
patently_fake,3,2,1
fairly_transparent,3,3,0
truly_involved,3,2,1
truly_inventive,3,3,0
overly_pious,3,3,0
ostensibly_better,3,0,3
also_awake,3,3,0
unusually_similar,3,3,0
fundamentally_wonderful,3,0,3
highly_winnable,3,3,0
most_beguiling,3,3,0
highly_unsavory,3,2,1
highly_unsatisfying,3,2,1
also_bored,3,3,0
unusually_nice,3,3,0
most_big,3,3,0
highly_underrated,3,3,0
overly_pretentious,3,3,0
openly_vocal,3,3,0
highly_unequal,3,3,0
openly_wary,3,3,0
highly_uneven,3,3,0
highly_unfair,3,3,0
highly_unfavorable,3,3,0
openly_worried,3,3,0
partly_yellow,3,3,0
also_blind,3,3,0
not_arrogant,3,3,0
operationally_effective,3,3,0
almost_heartbreaking,3,0,3
most_sarcastic,3,3,0
also_bitter,3,3,0
overly_possessive,3,3,0
fairly_unconcerned,3,3,0
operationally_efficient,3,2,1
operationally_sensitive,3,3,0
incredibly_yummy,3,3,0
originally_chinese,3,3,0
not_artificial,3,2,1
most_scary,3,3,0
highly_legible,3,2,1
all_incorrect,3,3,0
incredibly_shocking,3,1,2
once_innocent,3,3,0
highly_comic,3,3,0
highly_comical,3,2,1
not_greener,3,3,0
uniquely_various,3,3,0
not_greek,3,3,0
vaguely_progressive,3,3,0
truly_obsessed,3,3,0
also_hungry,3,3,0
truly_unforeseen,3,1,2
once_intimate,3,3,0
incredibly_charismatic,3,3,0
also_human,3,3,0
highly_concrete,3,3,0
highly_conducive,3,3,0
incredibly_straightforward,3,3,0
all_useless,3,3,0
uniquely_wrong,3,0,3
almost_trivial,3,2,1
truly_obscure,3,0,3
all_mixed,3,3,0
particularly_outrageous,3,0,3
overtly_obvious,3,3,0
truly_obscene,3,0,3
highly_constructive,3,2,1
most_polite,3,3,0
very_awe,3,1,2
not_gracious,3,3,0
highly_comfortable,3,2,1
always_public,3,3,0
all_messy,3,3,0
uniquely_unsettling,3,1,2
highly_bespoke,3,2,1
always_prone,3,1,2
not_historical,3,3,0
not_historic,3,3,0
once_grand,3,2,1
highly_breathable,3,2,1
not_heroic,3,2,1
truly_undesirable,3,1,2
incredibly_childish,3,1,2
vaguely_reassuring,3,0,3
particularly_obscure,3,2,1
uniquely_thrilling,3,1,2
generally_unknown,3,3,0
forever_dead,3,3,0
not_hateful,3,2,1
once_hostile,3,3,0
highly_ceremonial,3,2,1
also_illiterate,3,3,0
highly_characteristic,3,3,0
far_off,3,3,0
incredibly_cheerful,3,2,1
incredibly_stable,3,3,0
uniquely_unqualified,3,0,3
not_happier,3,3,0
generally_unheard,3,0,3
particularly_old,3,3,0
not_gung,3,3,0
highly_contrasting,3,3,0
incredibly_cautious,3,3,0
highly_disingenuous,3,3,0
not_full-time,3,3,0
vaguely_productive,3,0,3
overtly_glamorous,3,2,1
almost_intimidating,3,0,3
highly_delusional,3,0,3
highly_demanding,3,3,0
universally_familiar,3,3,0
not_french,3,1,2
overtly_feminine,3,3,0
incredibly_calm,3,3,0
vaguely_predatory,3,1,2
generally_spiritual,3,3,0
highly_deserving,3,3,0
particularly_persuasive,3,3,0
almost_interesting,3,1,2
once_unknown,3,3,0
most_possible,3,3,0
more_stuffy,3,3,0
once_vibrant,3,3,0
more_stunned,3,3,0
incredibly_buggy,3,3,0
highly_digital,3,3,0
once_vital,3,1,2
once_wealthy,3,3,0
incredibly_brutal,3,3,0
highly_disappointing,3,3,0
not_foreseeable,3,3,0
once_whole,3,1,2
overtly_graphic,3,3,0
also_healthy,3,3,0
also_hopeful,3,3,0
once_terrifying,3,3,0
highly_convenient,3,3,0
also_homemade,3,3,0
truly_oblivious,3,3,0
once_present,3,2,1
most_debilitating,3,3,0
most_political,3,3,0
highly_cost-effective,3,3,0
not_glossy,3,3,0
all_mad,3,3,0
also_historical,3,3,0
not_girly,3,1,2
once_related,3,2,1
highly_creditable,3,3,0
very_disoriented,3,3,0
also_hilarious,3,3,0
once_simple,3,3,0
generally_terrible,3,3,0
always_racist,3,3,0
incredibly_subjective,3,3,0
not_generic,3,2,1
incredibly_careful,3,3,0
once_strong,3,3,0
all_lucky,3,3,0
incredibly_captivating,3,1,2
not_funky,3,2,1
universally_desirable,3,2,1
almost_intoxicating,3,0,3
truly_old,3,2,1
once_good,3,3,0
generally_unprepared,3,3,0
almost_threatening,3,0,3
ominously_familiar,3,3,0
most_devious,3,3,0
indirectly_attributable,3,3,0
far_thicker,3,2,1
not_incidental,3,3,0
on_much,3,2,1
far_taller,3,1,2
higher_priced,3,2,1
higher_ready,3,3,0
fairly_classic,3,2,1
most_personable,3,3,0
more_roomy,3,1,2
also_intact,3,3,0
truly_uncomfortable,3,3,0
highly_absorbent,3,3,0
also_instructive,3,3,0
almost_literary,3,1,2
truly_overwhelming,3,2,1
almost_liquid,3,3,0
highly_abusive,3,3,0
not_impervious,3,3,0
uniquely_perfect,3,1,2
not_imperative,3,3,0
forever_absent,3,3,0
uniquely_pleasing,3,0,3
particularly_messy,3,1,2
also_innocent,3,3,0
often_younger,3,1,2
overwhelmingly_confusing,3,3,0
not_homogeneous,3,3,0
most_diligent,3,3,0
not_insulting,3,2,1
very_astringent,3,3,0
most_disappointed,3,3,0
not_instant,3,3,0
far_warmer,3,1,2
almost_lyrical,3,2,1
particularly_loud,3,1,2
far_unknown,3,0,3
uniquely_korean,3,0,3
almost_luminous,3,0,3
often_unpredictable,3,3,0
incredibly_concerned,3,2,1
often_unrelated,3,1,2
uniquely_magical,3,0,3
overwhelmingly_difficult,3,3,0
always_personal,3,3,0
very_audible,3,2,1
not_inescapable,3,3,0
uniquely_memorable,3,2,1
uniquely_modern,3,0,3
not_indian,3,3,0
all_unique,3,3,0
often_worst,3,3,0
not_incremental,3,3,0
not_incredible,3,3,0
often_worth,3,1,2
uncommonly_beautiful,3,1,2
highly_adjustable,3,3,0
highly_admirable,3,1,2
highly_advantageous,3,3,0
inexplicably_busy,3,3,0
once_dear,3,0,3
not_humanoid,3,3,0
inexplicably_compelling,3,0,3
once_earthy,3,2,1
once_elegant,3,3,0
highly_aromatic,3,3,0
generally_unwilling,3,3,0
incredibly_claustrophobic,3,3,0
not_horizontal,3,3,0
very_eye-catching,3,2,1
always_private,3,3,0
most_plausible,3,3,0
indescribably_strange,3,0,3
highly_attentive,3,3,0
highly_attuned,3,2,1
very_disquieting,3,1,2
generally_untrue,3,3,0
always_flat,3,3,0
once_famous,3,2,1
generally_unsure,3,3,0
always_professional,3,2,1
once_fresh,3,3,0
not_honorable,3,3,0
generally_unstable,3,3,0
very_factual,3,3,0
uniquely_successful,3,2,1
not_homogenous,3,3,0
not_humble,3,3,0
highly_appropriate,3,3,0
highly_appreciative,3,3,0
highly_ambivalent,3,3,0
highly_adventurous,3,2,1
incredibly_colourful,3,3,0
highly_agitated,3,3,0
once_aware,3,3,0
far_sinister,3,0,3
always_powerful,3,3,0
highly_alcoholic,3,2,1
almost_linear,3,3,0
far_sicker,3,3,0
highly_alkaline,3,3,0
not_ideological,3,3,0
always_practical,3,2,1
highly_amused,3,3,0
far_sadder,3,1,2
always_predictable,3,3,0
generally_white,3,3,0
particularly_moral,3,3,0
far_sexier,3,1,2
most_determined,3,2,1
also_incredible,3,3,0
once_dead,3,1,2
highly_anticipated,3,3,0
incredibly_clumsy,3,3,0
particularly_mysterious,3,3,0
always_preferable,3,3,0
all_naked,3,2,1
indescribably_odd,3,0,3
not_fluffy,3,3,0
not_disgusting,3,3,0
not_elderly,3,2,1
most_contrary,3,2,1
only_english,3,3,0
overly_thick,3,3,0
incredibly_aware,3,3,0
overly_theoretical,3,3,0
only_enjoyable,3,1,2
unnecessarily_hard,3,3,0
fantastically_rich,3,3,0
only_entertaining,3,3,0
incredibly_authentic,3,2,1
generally_mainstream,3,3,0
highly_imprecise,3,3,0
also_exemplary,3,3,0
highly_impressionable,3,3,0
very_benevolent,3,3,0
not_educational,3,3,0
not_editable,3,3,0
unnecessarily_hurtful,3,2,1
generally_lower,3,3,0
inexplicably_mesmerizing,3,1,2
all_instrumental,3,3,0
only_equivalent,3,3,0
only_evil,3,3,0
also_eternal,3,3,0
always_secure,3,3,0
also_erotic,3,3,0
particularly_sentimental,3,2,1
highly_immersive,3,2,1
only_economic,3,3,0
incredibly_tiresome,3,3,0
very_fickle,3,2,1
not_entrepreneurial,3,3,0
also_extreme,3,3,0
generally_obnoxious,3,3,0
highly_hazardous,3,3,0
only_crazy,3,2,1
incredibly_badass,3,1,2
also_extinct,3,3,0
highly_heterogeneous,3,3,0
always_satisfied,3,3,0
always_fatal,3,3,0
unnecessarily_fussy,3,3,0
incredibly_thick,3,2,1
incredibly_thin,3,3,0
overly_timid,3,3,0
particularly_ridiculous,3,0,3
almost_industrial,3,2,1
incredibly_thrilling,3,3,0
always_fat,3,3,0
highly_idealistic,3,3,0
only_distinguishable,3,3,0
almost_indifferent,3,3,0
highly_ignorant,3,3,0
fantastically_talented,3,3,0
fantastically_supportive,3,3,0
almost_uncomfortable,3,2,1
more_resentful,3,3,0
generally_miserable,3,3,0
also_equal,3,3,0
not_dysfunctional,3,3,0
always_refreshing,3,3,0
generally_insane,3,3,0
not_do-able,3,3,0
only_incidental,3,3,0
more_renowned,3,2,1
particularly_soft,3,1,2
always_fantastic,3,3,0
only_indicative,3,3,0
more_renewable,3,3,0
generally_ineffective,3,3,0
not_divisible,3,3,0
particularly_sordid,3,2,1
highly_intimidating,3,2,1
particularly_spacious,3,3,0
highly_intoxicated,3,2,1
highly_intoxicating,3,1,2
overly_sunny,3,2,1
generally_inconvenient,3,3,0
only_internal,3,3,0
unbelievably_sweet,3,1,2
very_flaky,3,3,0
particularly_speedy,3,3,0
vaguely_offensive,3,0,3
highly_irrelevant,3,3,0
overly_subjective,3,3,0
also_emotional,3,3,0
only_long,3,3,0
incredibly_appreciative,3,3,0
only_low,3,3,0
most_confused,3,3,0
almost_incidental,3,3,0
highly_independent,3,3,0
particularly_slippery,3,3,0
most_proficient,3,3,0
vaguely_orwellian,3,0,3
unnecessarily_obscure,3,3,0
overly_tart,3,3,0
highly_industrial,3,3,0
generally_lethargic,3,3,0
only_fine,3,3,0
particularly_sharp,3,3,0
only_great,3,3,0
vaguely_original,3,0,3
unnecessarily_provocative,3,1,2
particularly_short,3,3,0
unnecessarily_redundant,3,3,0
particularly_shy,3,3,0
particularly_sick,3,2,1
highly_inquisitive,3,2,1
only_harmful,3,3,0
particularly_simple,3,2,1
formally_innovative,3,3,0
most_congenial,3,3,0
particularly_skillful,3,3,0
almost_unfair,3,2,1
only_illegal,3,3,0
particularly_slimy,3,2,1
unnecessarily_risky,3,3,0
unnecessarily_rough,3,3,0
all_worthwhile,3,3,0
highly_geometric,3,3,0
overly_tough,3,3,0
not_envious,3,2,1
highly_economical,3,3,0
only_accurate,3,3,0
always_reluctant,3,2,1
universally_valuable,3,0,3
incredibly_brief,3,2,1
incredibly_breathtaking,3,1,2
highly_electronic,3,3,0
truly_negative,3,3,0
truly_nefarious,3,0,3
very_dishonest,3,3,0
also_furious,3,3,0
very_disheartened,3,3,0
unmistakably_cool,3,1,2
only_angry,3,3,0
almost_inspiring,3,1,2
also_friendly,3,3,0
also_frequent,3,3,0
highly_enlightening,3,3,0
uncomfortably_cramped,3,2,1
not_far-fetched,3,3,0
incredibly_bleak,3,3,0
only_awake,3,3,0
far_colder,3,0,3
not_fanciful,3,3,0
unnecessarily_afraid,3,3,0
only_believable,3,1,2
only_best,3,3,0
generally_problematic,3,3,0
not_firm,3,3,0
always_fearful,3,2,1
unnecessarily_dramatic,3,3,0
not_first,3,3,0
generally_shy,3,3,0
almost_intact,3,3,0
highly_dissatisfied,3,3,0
online_free,3,2,1
more_suave,3,0,3
highly_distasteful,3,3,0
not_flawed,3,3,0
generally_scared,3,3,0
forever_open,3,2,1
highly_distressed,3,3,0
highly_distrustful,3,3,0
particularly_pleasurable,3,2,1
highly_divergent,3,3,0
online_more,3,3,0
highly_divisive,3,1,2
online_right,3,3,0
very_barbaric,3,3,0
almost_insulting,3,1,2
also_global,3,3,0
always_relative,3,3,0
also_glad,3,3,0
highly_drinkable,3,3,0
always_relaxed,3,3,0
also_german,3,3,0
always_relevant,3,3,0
vaguely_pleased,3,3,0
far_dirtier,3,1,2
particularly_profound,3,3,0
only_bitter,3,3,0
far_clearer,3,3,0
also_fond,3,3,0
also_flawed,3,3,0
forever_unforgettable,3,0,3
very_beloved,3,1,2
not_exotic,3,3,0
unnecessarily_brutal,3,3,0
generally_parallel,3,3,0
unnecessarily_confusing,3,3,0
only_common,3,3,0
truly_mundane,3,2,1
incredibly_tender,3,2,1
not_excessive,3,3,0
unnecessarily_dangerous,3,3,0
particularly_receptive,3,3,0
unnecessarily_defensive,3,3,0
highly_fortunate,3,3,0
generally_open,3,3,0
highly_fragile,3,3,0
unnecessarily_dense,3,3,0
particularly_refreshing,3,0,3
highly_fragrant,3,3,0
not_evangelical,3,3,0
not_european,3,1,2
only_conscious,3,3,0
particularly_reliable,3,3,0
generally_ok,3,3,0
only_cool,3,3,0
vaguely_perverse,3,0,3
also_flexible,3,3,0
only_clean,3,3,0
overly_verbose,3,3,0
not_external,3,1,2
incredibly_tall,3,3,0
incredibly_tame,3,2,1
highly_experiential,3,2,1
particularly_prominent,3,1,2
altogether_bad,3,3,0
highly_expert,3,3,0
highly_exploitable,3,3,0
very_beguiling,3,2,1
overly_vulgar,3,3,0
almost_unattainable,3,2,1
very_favorite,3,3,0
forever_subject,3,3,0
not_extensive,3,3,0
particularly_qualified,3,2,1
most_cost,3,3,0
highly_fanciful,3,3,0
only_cheaper,3,2,1
forever_true,3,3,0
always_richer,3,3,0
highly_fashionable,3,3,0
very_feasible,3,2,1
not_expressive,3,3,0
incredibly_better,3,1,2
not_exploitable,3,3,0
particularly_pungent,3,0,3
overly_vigorous,3,3,0
amazingly_inspiring,3,2,1
purely_canadian,3,1,2
way_high,3,2,1
safely_democratic,3,3,0
seemingly_gigantic,3,3,0
technically_deficient,3,3,0
seemingly_friendly,3,3,0
seemingly_fine,3,3,0
seemingly_familiar,3,1,2
maybe_lethargic,3,3,0
wholly_female,3,2,1
seemingly_essential,3,1,2
wholly_familiar,3,1,2
just_polish,3,3,0
seemingly_empty,3,3,0
maybe_low,3,3,0
seemingly_disinterested,3,2,1
seemingly_devastating,3,2,1
just_pleasurable,3,2,1
seemingly_delicate,3,0,3
seemingly_dead,3,2,1
beyond_stoked,3,3,0
just_plastic,3,3,0
maybe_medieval,3,3,0
beyond_shocked,3,3,0
seemingly_bright,3,2,1
seemingly_better,3,2,1
seemingly_basic,3,2,1
seemingly_available,3,3,0
seemingly_arcane,3,1,2
seemingly_appropriate,3,2,1
seemingly_antithetical,3,2,1
seemingly_alone,3,3,0
seemingly_good,3,3,0
maybe_last,3,3,0
seemingly_inappropriate,3,3,0
just_privileged,3,3,0
just_prudent,3,3,0
seemingly_passive,3,3,0
technically_acceptable,3,2,1
maybe_incorrect,3,3,0
seemingly_ok,3,1,2
maybe_insecure,3,3,0
technically_allowable,3,3,0
seemingly_nonexistent,3,3,0
seemingly_non-existent,3,3,0
absolutely_magic,3,1,2
maybe_interesting,3,2,1
maybe_international,3,2,1
just_privy,3,3,0
seemingly_magical,3,1,2
just_predisposed,3,3,0
maybe_irregular,3,3,0
just_prettier,3,3,0
maybe_japanese,3,3,0
wholly_foreign,3,1,2
just_preposterous,3,3,0
technically_better,3,3,0
maybe_jewish,3,3,0
seemingly_infinite,3,3,0
wholly_fictional,3,3,0
seemingly_indifferent,3,3,0
just_preferable,3,3,0
disproportionately_low,3,3,0
seemingly_incomplete,3,3,0
just_pessimistic,3,3,0
seemingly_aimless,3,3,0
seemingly_abstract,3,2,1
scarcely_noticeable,3,3,0
distinctly_masculine,3,1,2
scientifically_necessary,3,3,0
scientifically_minded,3,3,0
distinctly_missing,3,0,3
just_oversold,3,3,0
scientifically_defensible,3,3,0
technically_inept,3,3,0
maybe_only,3,3,0
technically_inferior,3,3,0
scientifically_acceptable,3,3,0
technically_innovative,3,3,0
scarily_accurate,3,3,0
scarcely_visible,3,3,0
scarcely_more,3,3,0
scientifically_rigorous,3,3,0
maybe_painful,3,3,0
scarcely_detectable,3,3,0
distinctly_possible,3,3,0
wholly_arbitrary,3,2,1
distinctly_present,3,2,1
just_outraged,3,3,0
just_outlandish,3,3,0
scarcely_available,3,3,0
distinctly_questionable,3,3,0
savagely_funny,3,3,0
maybe_plain,3,3,0
maybe_possible,3,3,0
safely_republican,3,3,0
wholly_believable,3,2,1
distinctly_male,3,0,3
distinctly_christian,3,0,3
secretly_disappointed,3,3,0
wholly_devoid,3,3,0
wholly_destitute,3,3,0
maybe_much,3,3,0
seductively_simple,3,1,2
secretly_thrilled,3,3,0
distinctly_distasteful,3,1,2
distinctly_disturbing,3,0,3
wholly_deficient,3,3,0
secretly_obsessed,3,3,0
maybe_negative,3,3,0
technically_free,3,3,0
secretly_envious,3,3,0
maybe_nice,3,3,0
absolutely_monstrous,3,2,1
scientifically_robust,3,3,0
secretly_bisexual,3,3,0
second_lowest,3,3,0
technically_hard,3,3,0
distinctly_human,3,0,3
seasonally_inappropriate,3,3,0
maybe_obvious,3,2,1
seasonally_dry,3,3,0
scrupulously_polite,3,3,0
just_parallel,3,3,0
distinctly_jewish,3,2,1
scientifically_valuable,3,2,1
maybe_offensive,3,3,0
scientifically_unfounded,3,3,0
just_psyched,3,3,0
seemingly_possible,3,2,1
just_punchy,3,3,0
just_sadistic,3,3,0
seriously_important,3,0,3
tad_lighter,3,0,3
seriously_ignorant,3,2,1
maybe_fake,3,3,0
just_satisfying,3,2,1
biologically_inferior,3,3,0
wholly_invisible,3,2,1
tad_overwhelming,3,3,0
directly_derivative,3,3,0
seriously_entertaining,3,3,0
seriously_engaging,3,0,3
seriously_embarrassing,3,2,1
seriously_dysfunctional,3,2,1
directly_equivalent,3,3,0
directly_analogous,3,3,0
seriously_disgusting,3,2,1
directly_financial,3,3,0
seriously_disappointed,3,3,0
directly_illegal,3,3,0
seriously_delusional,3,3,0
tad_predictable,3,3,0
directly_influential,3,3,0
seriously_dehydrated,3,3,0
just_runny,3,3,0
seriously_decadent,3,0,3
biologically_impossible,3,2,1
seriously_dark,3,2,1
biologically_important,3,2,1
seriously_inadequate,3,3,0
seriously_interesting,3,2,1
directly_misleading,3,3,0
digitally_accessible,3,3,0
seriously_underrated,3,3,0
just_serene,3,3,0
just_serendipitous,3,3,0
seriously_toxic,3,2,1
just_separate,3,3,0
seriously_threatening,3,2,1
seriously_terrible,3,2,1
just_sentimental,3,3,0
seriously_sinister,3,0,3
just_sensible,3,3,0
just_sensational,3,3,0
seriously_rotten,3,2,1
maybe_deeper,3,2,1
maybe_dry,3,3,0
dimly_lit,3,3,0
seriously_off-kilter,3,3,0
seriously_obsessed,3,3,0
just_secret,3,3,0
seriously_negligent,3,3,0
seriously_nefarious,3,0,3
digitally_literate,3,3,0
seriously_mistaken,3,3,0
seriously_misinformed,3,3,0
seriously_magical,3,0,3
just_seamless,3,3,0
maybe_equal,3,3,0
just_schizophrenic,3,2,1
dimly_familiar,3,2,1
seriously_damaging,3,2,1
seriously_cute,3,3,0
maybe_impressed,3,2,1
seemingly_tangential,3,2,1
wholly_impressive,3,2,1
disappointingly_small,3,3,0
seemingly_unknown,3,2,1
just_recreational,3,3,0
seemingly_unfazed,3,2,1
maybe_historical,3,3,0
seemingly_undesirable,3,3,0
just_recent,3,3,0
just_rebellious,3,3,0
wholly_impractical,3,3,0
biologically_compatible,3,3,0
disarmingly_gentle,3,3,0
just_readable,3,3,0
seemingly_successful,3,3,0
disappointingly_normal,3,2,1
maybe_ideal,3,3,0
tangentially_connected,3,3,0
seemingly_stable,3,1,2
biologically_beneficial,3,3,0
seemingly_slight,3,3,0
seemingly_separate,3,2,1
seemingly_senseless,3,2,1
seemingly_safe,3,3,0
seemingly_right,3,3,0
seemingly_religious,3,3,0
just_qualified,3,3,0
wholly_human,3,1,2
seemingly_radical,3,1,2
biologically_dead,3,3,0
biologically_determined,3,2,1
maybe_full,3,3,0
just_rhetorical,3,3,0
tad_sad,3,3,0
absolutely_killer,3,3,0
biologically_identical,3,2,1
seriously_competitive,3,2,1
just_rotten,3,2,1
just_ripe,3,3,0
maybe_global,3,3,0
wholly_inexplicable,3,1,2
wholly_ineffective,3,3,0
directly_representative,3,3,0
wholly_individual,3,0,3
directly_responsive,3,3,0
just_richer,3,3,0
seriously_adorable,3,3,0
seemingly_weird,3,1,2
directly_threatening,3,3,0
tad_unsettling,3,1,2
semi_transparent,3,3,0
absolutely_legitimate,3,3,0
just_responsible,3,3,0
semi_literate,3,3,0
semi_close,3,0,3
self_aware,3,3,0
wholly_inconsistent,3,3,0
wholly_incompetent,3,3,0
absolutely_livid,3,3,0
seemingly_wrong,3,2,1
seemingly_worthwhile,3,3,0
safely_distant,3,3,0
just_orange,3,3,0
seriously_unhappy,3,3,0
just_optional,3,3,0
remotely_knowledgeable,3,2,1
maybe_unpopular,3,3,0
maybe_unusual,3,3,0
remotely_honest,3,3,0
downright_ancient,3,3,0
remotely_happy,3,3,0
downright_appalling,3,3,0
just_limited,3,2,1
downright_asinine,3,3,0
downright_astonishing,3,3,0
technologically_impossible,3,2,1
technologically_inclined,3,2,1
absolutely_ready,3,3,0
just_lifeless,3,3,0
remotely_different,3,2,1
remotely_democratic,3,2,1
downright_bigoted,3,3,0
just_lesbian,3,3,0
just_legitimate,3,3,0
downright_bland,3,3,0
downright_blasphemous,3,3,0
remotely_comparable,3,0,3
technologically_skilled,3,3,0
remotely_clever,3,2,1
remotely_clear,3,3,0
remotely_capable,3,3,0
remotely_aware,3,2,1
remotely_attractive,3,2,1
downright_caustic,3,3,0
downright_addictive,3,2,1
downright_addicted,3,3,0
technologically_challenging,3,3,0
down_close,3,2,1
maybe_unbelievable,3,3,0
reportedly_afraid,3,3,0
absolutely_professional,3,3,0
remotely_valuable,3,1,2
well_other,3,1,2
remotely_sustainable,3,3,0
remotely_successful,3,3,0
just_lush,3,3,0
maybe_unfortunate,3,3,0
technologically_adept,3,3,0
remotely_sensible,3,1,2
remotely_scary,3,0,3
down_big,3,3,0
remotely_safe,3,2,1
maybe_unknown,3,3,0
absolutely_psychedelic,3,2,1
remotely_responsible,3,2,1
technologically_astute,3,3,0
remotely_reasonable,3,1,2
remotely_realistic,3,2,1
well_organized,3,2,1
down_more,3,3,0
remotely_qualified,3,2,1
well_older,3,0,3
remotely_popular,3,3,0
remotely_political,3,1,2
absolutely_quiet,3,3,0
remotely_new,3,0,3
remotely_appropriate,3,1,2
downright_charming,3,3,0
remotely_apparent,3,3,0
downright_dysfunctional,3,3,0
medically_beneficial,3,3,0
just_intolerant,3,3,0
remarkably_quaint,3,2,1
just_intolerable,3,3,0
downright_dismal,3,3,0
remarkably_productive,3,2,1
downright_dodgy,3,3,0
just_internal,3,3,0
remarkably_popular,3,3,0
absolutely_rotten,3,3,0
remarkably_peaceful,3,0,3
downright_dreadful,3,3,0
downright_dreary,3,3,0
downright_eager,3,3,0
just_intriguing,3,3,0
downright_earthy,3,1,2
downright_easy,3,3,0
medically_dangerous,3,2,1
remarkably_new,3,1,2
medically_essential,3,3,0
remarkably_modest,3,3,0
remarkably_modern,3,2,1
downright_enormous,3,3,0
remarkably_low,3,3,0
just_inspiring,3,3,0
downright_exceptional,3,3,0
remarkably_lacking,3,3,0
downright_exotic,3,3,0
downright_disgusted,3,3,0
temporarily_satisfied,3,3,0
downright_clever,3,3,0
downright_critical,3,3,0
remotely_accessible,3,3,0
remarkably_weighty,3,0,3
just_lackluster,3,3,0
remarkably_unremarkable,3,3,0
just_key,3,3,0
downright_contemptuous,3,3,0
well_less,3,2,1
meaningfully_better,3,1,2
just_joyful,3,3,0
meaningfully_distinct,3,1,2
well_lazy,3,3,0
downright_creative,3,3,0
temporarily_impossible,3,3,0
just_jaw-dropping,3,3,0
remarkably_rich,3,2,1
downright_cute,3,3,0
remarkably_straightforward,3,3,0
downright_debilitating,3,3,0
well_knowledgeable,3,3,0
just_irresponsible,3,3,0
remarkably_slow,3,3,0
downright_defiant,3,3,0
remarkably_skilled,3,2,1
just_irresistible,3,2,1
remarkably_silent,3,3,0
remarkably_savvy,3,1,2
downright_dictatorial,3,3,0
absolutely_revolutionary,3,1,2
reportedly_concerned,3,3,0
reportedly_dead,3,3,0
reportedly_fine,3,3,0
maybe_right,3,3,0
roughly_identical,3,3,0
absolutely_opposite,3,1,2
roughly_circular,3,2,1
romantically_heroic,3,1,2
absolutely_ordinary,3,2,1
rightly_skeptical,3,3,0
absolutely_original,3,0,3
absolutely_other,3,1,2
absolutely_outraged,3,3,0
beyond_friendly,3,3,0
rightfully_worried,3,3,0
rightfully_wary,3,3,0
rightfully_upset,3,3,0
rightfully_skeptical,3,3,0
roughly_synonymous,3,3,0
just_nonsense,3,3,0
disturbingly_beautiful,3,2,1
rightfully_fearful,3,3,0
right_ugly,3,3,0
right_stupid,3,3,0
right_scary,3,3,0
right_outrageous,3,3,0
right_other,3,2,1
maybe_scary,3,3,0
well_simple,3,3,0
technically_public,3,3,0
right_enough,3,3,0
right_embarrassing,3,3,0
just_obscene,3,3,0
roughly_unchanged,3,3,0
right_creepy,3,3,0
distinctly_un-american,3,0,3
technically_interesting,3,2,1
distinctly_satisfying,3,0,3
sadly_pathetic,3,2,1
sadly_outdated,3,3,0
maybe_questionable,3,3,0
distinctly_separate,3,2,1
sadly_misinformed,3,3,0
beyond_impressed,3,3,0
distinctly_sinister,3,2,1
maybe_real,3,3,0
maybe_realistic,3,3,0
sadly_amusing,3,3,0
ruthlessly_efficient,3,3,0
distinctly_unattractive,3,2,1
round_best,3,3,0
wholly_adequate,3,3,0
wholly_accurate,3,3,0
ruthlessly_ambitious,3,3,0
routinely_deployable,3,3,0
just_offbeat,3,3,0
round_professional,3,3,0
distinctly_unimpressed,3,3,0
distinctly_uninspired,3,3,0
round_nice,3,3,0
just_occasional,3,3,0
just_obsolete,3,3,0
distinctly_visible,3,3,0
maybe_relative,3,3,0
right_dangerous,3,3,0
maybe_silly,3,3,0
maybe_unattainable,3,2,1
doubly_good,3,2,1
just_middle,3,2,1
ridiculously_convoluted,3,3,0
ridiculously_confusing,3,3,0
just_metaphorical,3,3,0
ridiculously_cold,3,3,0
ridiculously_cinematic,3,3,0
ridiculously_cheesy,3,3,0
just_mere,3,3,0
technically_unfeasible,3,3,0
just_memorable,3,3,0
doubly_difficult,3,1,2
ridiculously_adorable,3,3,0
richly_symbolic,3,3,0
richly_present,3,3,0
technically_talented,3,3,0
doubly_important,3,3,0
just_mechanical,3,3,0
richly_deserving,3,3,0
just_mean-spirited,3,3,0
just_massive,3,3,0
reportedly_successful,3,3,0
reportedly_reluctant,3,2,1
maybe_ugly,3,3,0
technically_viable,3,3,0
just_manipulative,3,3,0
maybe_unable,3,3,0
reportedly_keen,3,3,0
just_mandatory,3,3,0
just_mind-boggling,3,3,0
maybe_timeless,3,3,0
maybe_sixth,3,3,0
ridiculously_offensive,3,1,2
ridiculously_young,3,3,0
ridiculously_untrue,3,2,1
ridiculously_unimportant,3,2,1
just_murky,3,3,0
maybe_social,3,3,0
ridiculously_specific,3,2,1
just_moronic,3,3,0
maybe_strong,3,3,0
absolutely_possible,3,3,0
ridiculously_pricey,3,3,0
well_regarded,3,3,0
just_monotonous,3,3,0
technically_solid,3,3,0
maybe_surprised,3,3,0
just_mindless,3,3,0
disturbingly_violent,3,3,0
maybe_suspicious,3,3,0
maybe_terrible,3,3,0
ridiculously_inaccurate,3,3,0
ridiculously_ignorant,3,3,0
beyond_amazing,3,3,0
ridiculously_hilarious,3,3,0
technically_stunning,3,3,0
technically_successful,3,3,0
ridiculously_full,3,2,1
absolutely_preposterous,3,0,3
just_minimal,3,3,0
technically_sweet,3,2,1
seriously_underwhelming,3,3,0
absolutely_intoxicating,3,2,1
remarkably_innovative,3,1,2
simply_doomed,3,3,0
simply_mischievous,3,3,0
simply_mindful,3,3,0
deliberately_different,3,1,2
deliberately_difficult,3,3,0
surprisingly_modest,3,3,0
simply_massive,3,3,0
simply_manipulative,3,3,0
simply_malicious,3,3,0
simply_majestic,3,3,0
simply_magic,3,3,0
simply_loving,3,3,0
simply_loose,3,3,0
simply_lonely,3,3,0
just_uphill,3,3,0
simply_light,3,3,0
simply_less,3,3,0
simply_large,3,3,0
simply_lackluster,3,3,0
just_upbeat,3,3,0
manifestly_unqualified,3,2,1
deliberately_ironic,3,3,0
manifestly_unreliable,3,3,0
simply_irrational,3,3,0
simply_intriguing,3,3,0
simply_intolerant,3,3,0
simply_intolerable,3,3,0
just_untouched,3,3,0
surprisingly_passive,3,3,0
simply_inspiring,3,3,0
simply_misguided,3,3,0
deliberately_cryptic,3,3,0
just_vain,3,3,0
simply_outlandish,3,3,0
simply_perverse,3,3,0
surprisingly_innovative,3,3,0
definitely_valuable,3,3,0
surprisingly_insightful,3,3,0
just_vulnerable,3,3,0
definitely_welcome,3,3,0
simply_partial,3,3,0
simply_overwrought,3,3,0
simply_overworked,3,3,0
just_visual,3,2,1
definitively_better,3,3,0
surprisingly_intuitive,3,2,1
just_visceral,3,3,0
simply_outdoors,3,3,0
simply_moral,3,3,0
definitively_wrong,3,2,1
deliberately_absent,3,3,0
deliberately_aggressive,3,3,0
surprisingly_little,3,3,0
simply_objective,3,2,1
simply_nutty,3,3,0
simply_novel,3,3,0
simply_noteworthy,3,3,0
surprisingly_lovely,3,3,0
deliberately_bad,3,2,1
surprisingly_magical,3,1,2
deliberately_blind,3,2,1
manifestly_clear,3,3,0
deliberately_misunderstood,3,3,0
deliberately_off-putting,3,2,1
deliberately_perverse,3,3,0
simply_forgettable,3,3,0
simply_greedy,3,3,0
bit_unusual,3,0,3
simply_gray,3,3,0
simply_grand,3,2,1
surprisingly_resonant,3,2,1
surprisingly_rich,3,3,0
surprisingly_sensitive,3,2,1
deliciously_decadent,3,1,2
simply_frustrated,3,3,0
simply_french,3,3,0
absolutely_genuine,3,2,1
bit_unexpected,3,2,1
simply_fortuitous,3,3,0
deliciously_edible,3,3,0
just_unpopular,3,3,0
surprisingly_sexy,3,1,2
marginally_qualified,3,2,1
surprisingly_sharp,3,2,1
simply_fictitious,3,3,0
deliciously_good,3,1,2
simply_extraordinary,3,1,2
simply_experimental,3,3,0
wickedly_witty,3,3,0
simply_exceptional,3,3,0
simply_emotional,3,3,0
simply_elusive,3,3,0
just_unimportant,3,3,0
simply_dreadful,3,3,0
absolutely_futile,3,2,1
deliciously_awesome,3,1,2
just_unstoppable,3,2,1
simply_immune,3,3,0
simply_independent,3,3,0
marginally_competent,3,2,1
just_unsightly,3,3,0
surprisingly_practical,3,3,0
surprisingly_predictable,3,3,0
deliberately_simple,3,2,1
marginally_different,3,1,2
deliberately_slow,3,3,0
deliberately_ugly,3,2,1
marginally_entertaining,3,2,1
marginally_funny,3,2,1
marginally_greater,3,3,0
deliberately_unkind,3,3,0
simply_immoral,3,3,0
simply_hateful,3,3,0
simply_illiterate,3,3,0
simply_illegible,3,3,0
simply_idiotic,3,3,0
simply_idealistic,3,3,0
just_unreliable,3,3,0
just_unrelated,3,3,0
simply_hyperbole,3,3,0
surprisingly_reasonable,3,3,0
simply_humorous,3,3,0
simply_horrid,3,3,0
simply_higher,3,3,0
marginally_interested,3,3,0
just_unreachable,3,3,0
simply_phenomenal,3,3,0
simply_pleased,3,3,0
simply_polish,3,3,0
simply_unconscious,3,3,0
simply_unhinged,3,3,0
keenly_conscious,3,3,0
definitely_concerned,3,2,1
simply_unfortunate,3,3,0
definitely_cool,3,3,0
simply_unflattering,3,3,0
longer_worried,3,3,0
keenly_alive,3,2,1
simply_unethical,3,3,0
absolutely_exhausting,3,3,0
loosely_akin,3,0,3
simply_undecided,3,3,0
simply_uncontrollable,3,3,0
definitely_emotional,3,2,1
definitely_clear,3,3,0
loud_funny,3,3,0
simply_uncertain,3,3,0
bizarrely_funny,3,3,0
wildly_bizarre,3,2,1
definitely_exciting,3,3,0
justifiably_worried,3,3,0
low_key,3,2,1
definitely_familiar,3,2,1
surprisingly_explicit,3,3,0
simply_ugly,3,3,0
simply_true,3,3,0
justifiably_upset,3,3,0
definitely_free,3,3,0
simply_unimaginable,3,3,0
simply_unjust,3,3,0
simply_toxic,3,3,0
simply_unthinkable,3,3,0
defensively_responsible,3,3,0
simply_wary,3,3,0
simply_warm,3,3,0
simply_vulgar,3,3,0
simply_visible,3,3,0
simply_vile,3,3,0
simply_vegan,3,3,0
simply_vague,3,3,0
simply_utilitarian,3,2,1
longer_surprising,3,3,0
simply_unworkable,3,3,0
simply_unusable,3,3,0
surprisingly_deep,3,2,1
simply_unsafe,3,3,0
absolutely_excited,3,3,0
simply_unreliable,3,3,0
simply_unrecognized,3,3,0
surprisingly_detailed,3,3,0
definitely_appealing,3,3,0
simply_unpopular,3,3,0
definitely_available,3,3,0
definitely_awkward,3,3,0
definitely_beautiful,3,1,2
simply_unnoticed,3,3,0
simply_unnatural,3,3,0
surprisingly_disinterested,3,3,0
keenly_familiar,3,2,1
longer_viewable,3,3,0
definitely_fresh,3,1,2
simply_tough,3,3,0
simply_predictable,3,3,0
simply_scandalous,3,3,0
surprisingly_great,3,3,0
just_younger,3,2,1
surprisingly_happy,3,3,0
simply_shocking,3,3,0
wildly_attractive,3,1,2
just_worthy,3,3,0
just_worthwhile,3,3,0
simply_sensitive,3,3,0
wildly_appealing,3,2,1
definitely_positive,3,3,0
simply_seasonal,3,3,0
definitely_present,3,3,0
definitely_preventable,3,3,0
definitely_real,3,3,0
simply_skeptical,3,3,0
just_wobbly,3,3,0
simply_ripe,3,3,0
simply_repetitive,3,3,0
surprisingly_humorous,3,3,0
surprisingly_ignorant,3,3,0
mainly_black,3,3,0
simply_refreshing,3,3,0
absolutely_filthy,3,2,1
simply_quiet,3,3,0
simply_provocative,3,3,0
simply_profound,3,3,0
widely_prevalent,3,2,1
simply_priceless,3,3,0
simply_single,3,3,0
simply_sloppy,3,3,0
lyrically_beautiful,3,3,0
surprisingly_frank,3,3,0
bizarrely_familiar,3,0,3
simply_tight,3,3,0
definitely_guilty,3,3,0
simply_thirsty,3,3,0
definitely_hard,3,3,0
justifiably_outraged,3,3,0
simply_terrifying,3,3,0
simply_technical,3,3,0
simply_tasty,3,3,0
maddeningly_confusing,3,3,0
definitely_impressive,3,3,0
simply_surprising,3,3,0
simply_supportive,3,3,0
simply_sufficient,3,3,0
simply_small,3,3,0
definitely_jealous,3,3,0
surprisingly_friendly,3,3,0
maddeningly_obscure,3,2,1
maddeningly_slow,3,3,0
maddeningly_stupid,3,1,2
magically_beautiful,3,2,1
simply_standard,3,3,0
magically_ok,3,3,0
definitely_memorable,3,2,1
definitely_missing,3,1,2
magically_perfect,3,3,0
simply_smarter,3,3,0
simply_smaller,3,3,0
just_unheard,3,2,1
just_unhealthy,3,3,0
maybe_dangerous,3,2,1
simply_dissonant,3,3,0
shockingly_high,3,3,0
shockingly_graphic,3,3,0
shockingly_funny,3,3,0
shockingly_evil,3,2,1
shockingly_enough,3,2,1
maybe_available,3,2,1
shockingly_easy,3,3,0
shockingly_disturbing,3,2,1
shockingly_cruel,3,3,0
shockingly_cold,3,3,0
just_steep,3,3,0
shockingly_accurate,3,3,0
just_steady,3,3,0
maybe_average,3,3,0
sharply_satirical,3,3,0
sharply_different,3,3,0
sharply_detailed,3,3,0
just_stale,3,3,0
sharply_aware,3,3,0
just_stagnant,3,3,0
maybe_awkward,3,3,0
desperately_disappointed,3,3,0
just_squeamish,3,3,0
absolutely_inappropriate,3,3,0
just_spot-on,3,3,0
sexually_voracious,3,3,0
sexually_uptight,3,3,0
sexually_undesirable,3,3,0
just_spooky,3,2,1
shockingly_higher,3,3,0
shockingly_large,3,3,0
maybe_ashamed,3,3,0
maximally_efficient,3,3,0
wholly_unpleasant,3,1,2
sweetly_funny,3,3,0
significantly_large,3,2,1
significantly_important,3,2,1
significantly_high,3,3,0
significantly_heavier,3,3,0
significantly_harmful,3,2,1
just_superstitious,3,3,0
mathematically_possible,3,3,0
sweetly_naive,3,1,2
sweetly_old,3,2,1
significantly_dependent,3,3,0
mathematically_safe,3,3,0
significantly_brighter,3,3,0
just_straight,3,3,0
bit_frightened,3,3,0
just_subtle,3,3,0
sweetly_sad,3,3,0
sickly_fascinating,3,1,2
sickeningly_wrong,3,0,3
depressingly_dark,3,3,0
shockingly_unexpected,3,1,2
wholly_unfit,3,1,2
maybe_anxious,3,3,0
maybe_apathetic,3,3,0
depressingly_low,3,3,0
shockingly_raw,3,2,1
shockingly_poignant,3,2,1
desperately_hard,3,3,0
just_speculative,3,3,0
symbolically_resonant,3,2,1
severely_dysfunctional,3,3,0
tad_creepy,3,2,1
severely_underrepresented,3,3,0
maybe_clean,3,3,0
maybe_complex,3,3,0
severely_problematic,3,3,0
wholly_relevant,3,2,1
wholly_preventable,3,3,0
severely_malnourished,3,3,0
devastatingly_successful,3,3,0
severely_incomplete,3,3,0
devastatingly_tragic,3,2,1
severely_flawed,3,2,1
devastatingly_witty,3,3,0
maybe_correct,3,3,0
maybe_chinese,3,3,0
developmentally_disabled,3,2,1
wholly_negative,3,1,2
just_shiny,3,3,0
severely_anxious,3,3,0
severely_annoying,3,2,1
severely_anemic,3,3,0
severely_amiss,3,2,1
devilishly_delightful,3,0,3
maybe_curly,3,3,0
devilishly_hard,3,3,0
wholly_necessary,3,2,1
seriously_useful,3,1,2
seriously_upsetting,3,1,2
severely_violent,3,3,0
tad_confusing,3,3,0
sexually_receptive,3,3,0
desperately_unlucky,3,3,0
symbolically_significant,3,1,2
desperately_needy,3,3,0
wholly_unconnected,3,3,0
sexually_overt,3,2,1
sexually_obsessed,3,3,0
just_sour,3,3,0
systemically_corrupt,3,3,0
desperately_serious,3,3,0
sexually_motivated,3,3,0
systemically_ill,3,3,0
desperately_stupid,3,2,1
wholly_true,3,3,0
absolutely_incorrect,3,3,0
wholly_supportive,3,3,0
maybe_cheaper,3,3,0
bit_confusing,3,2,1
sexually_frank,3,3,0
tactically_strong,3,3,0
determinedly_single,3,3,0
sexually_diverse,3,3,0
maybe_canadian,3,3,0
devastatingly_attractive,3,2,1
sexually_curious,3,3,0
absolutely_indispensable,3,3,0
just_slutty,3,3,0
tad_awkward,3,2,1
tad_boring,3,3,0
wholly_silent,3,3,0
demonstrably_inferior,3,2,1
bit_intense,3,3,0
wholly_unpredictable,3,1,2
delightfully_creepy,3,3,0
simply_closer,3,3,0
massively_destructive,3,3,0
simply_clean,3,3,0
massively_disappointing,3,3,0
simply_ceremonial,3,2,1
delightfully_charming,3,2,1
simply_captivating,3,1,2
just_undecided,3,3,0
delightfully_clever,3,3,0
surprisingly_thoughtful,3,3,0
just_uncool,3,3,0
surprisingly_true,3,3,0
simply_bold,3,3,0
delightfully_cute,3,3,0
deliciously_yummy,3,2,1
surprisingly_unaware,3,3,0
delightfully_delicious,3,3,0
simply_big,3,2,1
just_unconstitutional,3,3,0
surprisingly_unique,3,1,2
massively_illegal,3,2,1
delightfully_eclectic,3,3,0
simply_averse,3,3,0
simply_asleep,3,3,0
wickedly_entertaining,3,3,0
absolutely_heinous,3,3,0
bit_overwhelming,3,3,0
simply_alternative,3,3,0
simply_clumsy,3,3,0
deliciously_wicked,3,2,1
massively_overweight,3,3,0
surprisingly_steep,3,3,0
simply_disruptive,3,3,0
wickedly_satirical,3,3,0
bit_strained,3,3,0
bit_stiff,3,3,0
simply_disgusting,3,2,1
absolutely_happy,3,2,1
surprisingly_sophisticated,3,3,0
simply_despicable,3,3,0
simply_desirable,3,2,1
simply_derivative,3,3,0
simply_deranged,3,3,0
just_unfocused,3,3,0
simply_delightful,3,3,0
deliciously_sexy,3,0,3
just_undesirable,3,3,0
simply_deaf,3,3,0
markedly_obese,3,3,0
simply_current,3,3,0
simply_crude,3,3,0
deliciously_strange,3,1,2
markedly_shorter,3,3,0
just_uneven,3,3,0
simply_conscious,3,3,0
markedly_similar,3,1,2
just_uneasy,3,2,1
just_undiscovered,3,3,0
simply_common,3,3,0
deliciously_weird,3,1,2
delightfully_hilarious,3,1,2
bit_overdone,3,3,0
suspiciously_low,3,3,0
similarly_challenging,3,2,1
similarly_impressive,3,2,1
just_tighter,3,3,0
similarly_hard,3,3,0
similarly_expensive,3,1,2
similarly_equipped,3,3,0
similarly_enthusiastic,3,2,1
just_thorough,3,3,0
wholly_visible,3,3,0
delightfully_weird,3,3,0
similarly_creative,3,1,2
similarly_confident,3,3,0
wholly_unsupported,3,3,0
similarly_complex,3,1,2
similarly_bland,3,1,2
delightfully_surprising,3,3,0
similarly_ambitious,3,0,3
just_tasteless,3,3,0
mathematically_equivalent,3,3,0
suspiciously_absent,3,2,1
significantly_wealthier,3,3,0
significantly_superior,3,3,0
significantly_smarter,3,1,2
significantly_slow,3,3,0
significantly_similar,3,2,1
just_symptomatic,3,3,0
significantly_short,3,2,1
just_swollen,3,3,0
significantly_quicker,3,3,0
just_timely,3,3,0
similarly_inconvenient,3,3,0
delightfully_insane,3,2,1
just_tricky,3,3,0
simply_adventurous,3,3,0
surprisingly_warm,3,3,0
delightfully_ironic,3,2,1
simply_acceptable,3,3,0
similarly_universal,3,0,3
similarly_uninspiring,3,0,3
massively_proud,3,3,0
similarly_trivial,3,1,2
delightfully_new,3,1,2
massively_stupid,3,2,1
similarly_suspicious,3,3,0
similarly_strange,3,1,2
similarly_special,3,0,3
just_tremendous,3,3,0
similarly_informal,3,2,1
just_trashy,3,3,0
similarly_related,3,3,0
similarly_powerful,3,1,2
just_tragic,3,3,0
similarly_momentous,3,1,2
materially_false,3,3,0
similarly_lucky,3,3,0
materially_inaccurate,3,3,0
just_tiresome,3,3,0
wholly_worthless,3,3,0
similarly_large,3,2,1
just_tipsy,3,3,0
just_timid,3,3,0
remarkably_intact,3,3,0
remarkably_ingenious,3,3,0
entertainingly_bad,3,3,0
eminently_important,3,1,2
then_likely,3,3,0
else_plain,3,3,0
just_bloody,3,3,0
basically_flat,3,3,0
else_professional,3,3,0
else_proficient,3,3,0
really_exquisite,3,0,3
visually_powerful,3,3,0
else_related,3,2,1
merely_practical,3,3,0
really_existent,3,2,1
basically_familiar,3,3,0
basically_false,3,2,1
visually_poetic,3,1,2
visually_outstanding,3,3,0
else_smarter,3,1,2
really_envious,3,3,0
really_enthralling,3,2,1
else_suitable,3,1,2
really_enormous,3,2,1
then_responsible,3,3,0
then_subject,3,3,0
then_sure,3,3,0
really_empowering,3,0,3
really_emphatic,3,3,0
then_unable,3,3,0
just_bewildering,3,3,0
absurdly_long,3,3,0
really_ecstatic,3,3,0
visually_present,3,3,0
then_immune,3,3,0
merely_pleasant,3,3,0
else_impossible,3,3,0
really_gullible,3,2,1
thats_possible,3,1,2
just_careful,3,3,0
merely_odd,3,3,0
merely_optimistic,3,3,0
thats_worth,3,0,3
just_cagey,3,3,0
just_busier,3,3,0
else_great,3,0,3
merely_paranoid,3,3,0
just_bubbly,3,3,0
really_gaudy,3,1,2
absurdly_humorous,3,2,1
basically_human,3,1,2
really_fearful,3,3,0
really_frugal,3,2,1
else_inspiring,3,2,1
else_interested,3,2,1
then_capable,3,3,0
then_dead,3,3,0
really_foundational,3,2,1
basically_harmless,3,3,0
really_focused,3,3,0
really_flavorful,3,1,2
else_mundane,3,1,2
really_fiery,3,1,2
else_necessary,3,1,2
really_festive,3,1,2
just_bent,3,3,0
really_eccentric,3,1,2
else_unreal,3,3,0
eminently_capable,3,2,1
really_damned,3,1,2
merely_satisfied,3,3,0
really_current,3,1,2
embarrassingly_small,3,3,0
merely_sensible,3,3,0
embarrassingly_true,3,3,0
there_alive,3,2,1
there_available,3,2,1
eminently_achievable,3,2,1
merely_similar,3,1,2
really_costly,3,3,0
really_corrupt,3,1,2
really_correct,3,3,0
really_convincing,3,3,0
basically_bankrupt,3,3,0
merely_stoic,3,3,0
there_first,3,3,0
there_good,3,3,0
there_longer,3,1,2
really_concrete,3,1,2
really_concise,3,3,0
just_antisocial,3,3,0
really_conceptual,3,2,1
really_comprehensive,3,0,3
merely_subject,3,3,0
barely_wider,3,3,0
eminently_fair,3,3,0
eminently_familiar,3,1,2
just_asian,3,3,0
absurdly_paradoxical,3,1,2
really_durable,3,1,2
basically_competent,3,2,1
really_due,3,1,2
really_dubious,3,1,2
just_bearable,3,3,0
really_distressing,3,1,2
really_distraught,3,3,0
merely_ready,3,3,0
absurdly_lucky,3,3,0
really_dissatisfied,3,3,0
really_disquieting,3,1,2
really_dismal,3,3,0
visually_intriguing,3,1,2
merely_religious,3,3,0
absurdly_optimistic,3,1,2
basically_clueless,3,3,0
basically_black,3,3,0
really_dire,3,1,2
really_dim,3,3,0
basically_close,3,3,0
just_australian,3,3,0
theoretically_equal,3,3,0
theoretically_feasible,3,3,0
merely_representative,3,3,0
really_despicable,3,0,3
just_attractive,3,3,0
merely_responsible,3,3,0
merely_rhetorical,3,3,0
embarrassingly_incompetent,3,3,0
embarrassingly_intimate,3,2,1
thats_necessary,3,3,0
really_hateful,3,2,1
really_haunting,3,1,2
either_angry,3,3,0
egregiously_bad,3,2,1
really_nutritious,3,0,3
egregiously_expensive,3,3,0
really_nourishing,3,0,3
really_non-traditional,3,1,2
that_radical,3,1,2
really_nerdy,3,0,3
basically_ridiculous,3,3,0
really_near,3,3,0
that_ridiculous,3,1,2
that_risky,3,1,2
really_naked,3,2,1
really_mystical,3,0,3
really_muscular,3,3,0
absurdly_contrary,3,2,1
just_costly,3,3,0
either_close,3,2,1
that_sanguine,3,3,0
vividly_clear,3,3,0
really_moody,3,3,0
just_correct,3,3,0
really_monstrous,3,0,3
really_modest,3,2,1
really_missing,3,0,3
really_misleading,3,3,0
really_misguided,3,3,0
absurdly_cute,3,2,1
either_excited,3,3,0
really_objectionable,3,0,3
really_off-putting,3,2,1
really_mindful,3,3,0
that_noticeable,3,2,1
effectively_permanent,3,2,1
effectively_present,3,3,0
really_political,3,2,1
that_mad,3,3,0
really_pigmented,3,3,0
just_damn,3,3,0
basically_terrible,3,3,0
merely_immoral,3,3,0
that_near,3,0,3
just_cyclical,3,3,0
really_persistent,3,3,0
that_nervous,3,3,0
really_peachy,3,2,1
merely_inane,3,3,0
really_offbeat,3,0,3
effortlessly_available,3,3,0
really_palatable,3,0,3
absurdly_comical,3,3,0
vividly_real,3,3,0
basically_sound,3,2,1
just_crude,3,3,0
really_ornate,3,2,1
merely_incremental,3,3,0
really_opposite,3,2,1
really_open-minded,3,3,0
basically_simple,3,2,1
just_criminal,3,3,0
really_official,3,1,2
vitally_wrong,3,2,1
really_mesmerizing,3,0,3
merely_obsessed,3,3,0
else_awesome,3,0,3
really_indescribable,3,2,1
that_vulnerable,3,3,0
really_inclusive,3,3,0
really_inclined,3,3,0
elegantly_understated,3,2,1
really_inaccessible,3,2,1
just_christian,3,3,0
else_affordable,3,3,0
really_impatient,3,3,0
merely_negative,3,1,2
basically_interchangeable,3,3,0
really_idyllic,3,3,0
else_available,3,2,1
merely_negligent,3,3,0
really_inevitable,3,3,0
really_icy,3,3,0
that_wrong,3,2,1
really_icky,3,1,2
really_hypothetical,3,2,1
just_challenging,3,3,0
basically_indistinguishable,3,3,0
really_historical,3,0,3
really_higher,3,3,0
visually_simple,3,1,2
merely_oblivious,3,3,0
else_dead,3,3,0
merely_obscure,3,3,0
really_hearty,3,1,2
really_indicative,3,3,0
really_infectious,3,1,2
really_mental,3,2,1
basically_neutral,3,3,0
merely_ironic,3,3,0
basically_pointless,3,2,1
really_melodic,3,1,2
that_skilled,3,2,1
really_masculine,3,0,3
merely_irrelevant,3,3,0
basically_open,3,3,0
either_new,3,3,0
really_lucrative,3,1,2
either_related,3,3,0
really_local,3,1,2
basically_non-existent,3,3,0
really_legal,3,3,0
that_tall,3,0,3
really_innocuous,3,1,2
just_competent,3,3,0
really_jolly,3,3,0
just_commercial,3,3,0
merely_local,3,3,0
merely_logical,3,3,0
really_irish,3,3,0
that_tired,3,3,0
electrically_neutral,3,3,0
merely_mental,3,3,0
just_cocky,3,3,0
merely_misguided,3,3,0
really_instructive,3,2,1
really_insidious,3,1,2
barely_wet,3,3,0
merely_sufficient,3,2,1
just_dazed,3,3,0
really_compact,3,3,0
visually_cluttered,3,3,0
mildly_effective,3,3,0
rather_vulgar,3,2,1
rather_various,3,3,0
rather_valuable,3,2,1
irresistibly_hilarious,3,0,3
rather_upset,3,3,0
rather_unwelcome,3,2,1
mildly_exciting,3,3,0
mildly_familiar,3,1,2
tightly_snug,3,3,0
rather_unseemly,3,3,0
energetically_sensitive,3,3,0
rather_unknown,3,3,0
rather_uninteresting,3,2,1
rather_uninterested,3,3,0
irresistibly_cool,3,1,2
rather_unimportant,3,3,0
rather_unhealthy,3,1,2
rather_unhappy,3,2,1
rather_uneven,3,3,0
rather_underwhelming,3,3,0
mildly_hot,3,3,0
rather_uncompromising,3,2,1
timelessly_romantic,3,1,2
rather_uncharacteristic,3,1,2
rather_unbelievable,3,3,0
mildly_impressed,3,3,0
rather_transparent,3,3,0
mildly_dispiriting,3,0,3
endlessly_inventive,3,2,1
rather_worst,3,3,0
endlessly_amusing,3,2,1
real_classy,3,3,0
mildly_attractive,3,2,1
mildly_aware,3,3,0
real_badass,3,1,2
real_attractive,3,2,1
real_anxious,3,3,0
endearingly_quaint,3,0,3
real_active,3,3,0
readily_treatable,3,3,0
mildly_clever,3,2,1
mildly_comical,3,2,1
endlessly_adaptable,3,2,1
endlessly_alluring,3,0,3
readily_present,3,3,0
endlessly_inspiring,3,3,0
readily_observable,3,3,0
readily_familiar,3,2,1
mildly_conservative,3,2,1
readily_aware,3,2,1
mildly_creepy,3,1,2
visually_confusing,3,3,0
irresistibly_romantic,3,0,3
thus_able,3,3,0
rationally_related,3,3,0
endlessly_frustrating,3,3,0
mildly_disappointing,3,3,0
rather_wrong,3,2,1
rather_worthy,3,3,0
enormously_comforting,3,0,3
irresistibly_appealing,3,1,2
mildly_insulting,3,2,1
rather_sexy,3,3,0
enormously_significant,3,1,2
mildly_sad,3,0,3
rather_sorrowful,3,3,0
mildly_scary,3,1,2
rather_softer,3,1,2
mildly_schizophrenic,3,3,0
rather_smooth,3,3,0
together_wonderful,3,3,0
rather_sluggish,3,3,0
together_wrong,3,3,0
rather_silent,3,3,0
rather_short-sighted,3,3,0
rather_shady,3,2,1
mildly_traumatic,3,0,3
mildly_resistant,3,3,0
rather_sedate,3,2,1
rather_secretive,3,2,1
rather_secondary,3,3,0
rather_satisfied,3,3,0
mildly_unsettling,3,1,2
rather_ruthless,3,3,0
rather_rigid,3,3,0
rather_rich,3,3,0
rather_rewarding,3,1,2
rather_retro,3,3,0
rather_reticent,3,3,0
militarily_necessary,3,3,0
rather_relative,3,1,2
enormously_rich,3,3,0
mildly_radioactive,3,3,0
together_amazing,3,3,0
visually_available,3,3,0
enormously_complicated,3,2,1
rather_tiresome,3,3,0
together_beautiful,3,3,0
visually_boring,3,3,0
irresistibly_adorable,3,3,0
enormously_different,3,3,0
rather_theoretical,3,3,0
enormously_disruptive,3,2,1
together_easy,3,3,0
enormously_excited,3,3,0
mildly_low,3,3,0
mildly_negative,3,3,0
rather_talented,3,3,0
mildly_obsessed,3,3,0
together_scary,3,3,0
together_great,3,3,0
badly_misunderstood,3,3,0
mildly_overweight,3,2,1
enormously_happy,3,3,0
mildly_physical,3,1,2
enormously_impressed,3,3,0
irredeemably_corrupt,3,3,0
together_lovely,3,3,0
together_naked,3,3,0
irredeemably_bad,3,2,1
rather_stronger,3,2,1
mildly_profane,3,1,2
mildly_provocative,3,2,1
endearingly_human,3,0,3
real_competitive,3,3,0
barely_big,3,3,0
really_arrogant,3,3,0
really_blunt,3,3,0
really_bleak,3,3,0
thoroughly_believable,3,3,0
thoroughly_bored,3,3,0
merely_transactional,3,3,0
thoroughly_charming,3,3,0
emotionally_debilitating,3,2,1
really_bearish,3,3,0
really_banal,3,0,3
emotionally_detached,3,3,0
visually_entertaining,3,2,1
really_asleep,3,3,0
emotionally_exciting,3,1,2
emotionally_exhausted,3,3,0
merely_theoretical,3,3,0
really_arousing,3,0,3
really_arbitrary,3,2,1
merely_uninformed,3,3,0
thoroughly_deserving,3,3,0
emotionally_genuine,3,1,2
merely_unpleasant,3,3,0
emotionally_hard,3,3,0
emotionally_harrowing,3,2,1
thoroughly_effective,3,3,0
merely_unwilling,3,3,0
barely_large,3,3,0
really_allergic,3,3,0
really_alike,3,3,0
this_important,3,1,2
emotionally_bankrupt,3,3,0
just_accessible,3,3,0
really_central,3,3,0
barely_viable,3,3,0
visually_fascinating,3,3,0
merely_surprised,3,3,0
therefore_guilty,3,3,0
eminently_sensible,3,3,0
just_amiss,3,2,1
really_chuffed,3,3,0
really_chilly,3,3,0
really_chewy,3,2,1
therefore_necessary,3,3,0
barely_taller,3,3,0
really_charismatic,3,3,0
merely_tactical,3,3,0
really_cathartic,3,0,3
really_brief,3,3,0
therefore_superior,3,3,0
eminently_worth,3,3,0
eminently_worthy,3,1,2
barely_sweet,3,3,0
merely_tedious,3,3,0
thermally_unstable,3,3,0
emotionally_aloof,3,3,0
really_bullish,3,3,0
emotionally_arousing,3,3,0
really_brittle,3,2,1
thinly_veiled,3,2,1
barely_short,3,1,2
barely_sentient,3,2,1
really_afoot,3,2,1
thoroughly_human,3,2,1
mildly_appealing,3,0,3
thoroughly_tender,3,3,0
emotionally_tumultuous,3,3,0
emotionally_unbalanced,3,3,0
mighty_important,3,2,1
emotionally_unfit,3,3,0
mighty_interesting,3,1,2
jaw-droppingly_good,3,3,0
mighty_peculiar,3,0,3
emotionally_unpleasant,3,3,0
emotionally_unresponsive,3,3,0
real_nasty,3,1,2
real_mad,3,3,0
barely_competent,3,3,0
emotionally_violent,3,3,0
emotionally_weaker,3,3,0
emotionally_transparent,3,3,0
emotionally_wrought,3,2,1
real_handy,3,3,0
real_great,3,1,2
emphatically_enough,3,3,0
mildly_acidic,3,3,0
real_familiar,3,1,2
real_expensive,3,2,1
thoroughly_unlikable,3,3,0
real_eager,3,3,0
real_dumb,3,3,0
real_dirty,3,2,1
empirically_true,3,2,1
mildly_anxious,3,3,0
real_pleasant,3,3,0
emotionally_toxic,3,3,0
really_adept,3,3,0
visually_disturbing,3,3,0
thoroughly_impressive,3,3,0
barely_habitable,3,3,0
really_accommodating,3,3,0
really_abrasive,3,0,3
thoroughly_mediocre,3,3,0
emotionally_overwhelmed,3,3,0
barely_firm,3,3,0
merely_worth,3,3,0
visually_dramatic,3,2,1
real_young,3,3,0
real_wrong,3,2,1
real_unique,3,2,1
emotionally_reactive,3,3,0
real_tasty,3,1,2
emotionally_tough,3,2,1
thoroughly_odd,3,0,3
thoroughly_original,3,2,1
barely_effective,3,3,0
emotionally_riveting,3,2,1
barely_dry,3,3,0
emotionally_secure,3,3,0
real_soft,3,2,1
jointly_liable,3,3,0
emotionally_sterile,3,3,0
real_shy,3,3,0
thoroughly_relaxed,3,3,0
mighty_frightening,3,3,0
real_popular,3,3,0
really_posh,3,1,2
effectively_irreversible,3,3,0
remarkably_incapable,3,3,0
recently_ill,3,3,0
relatively_loose,3,3,0
downright_threatening,3,3,0
relatively_limited,3,3,0
relatively_less,3,3,0
downright_tough,3,3,0
relatively_late,3,3,0
downright_traumatizing,3,3,0
mentally_inferior,3,2,1
downright_tricky,3,3,0
relatively_junior,3,2,1
absolutely_surreal,3,3,0
downright_un-american,3,1,2
best_hot,3,3,0
terribly_glamorous,3,2,1
downright_undesirable,3,3,0
relatively_inert,3,2,1
relatively_ineffective,3,3,0
relatively_inaccessible,3,3,0
relatively_impoverished,3,3,0
downright_unhealthy,3,3,0
relatively_ignorant,3,2,1
just_groovy,3,3,0
just_grim,3,3,0
downright_unique,3,3,0
terribly_helpful,3,2,1
relatively_helpless,3,3,0
downright_unlikeable,3,3,0
best_expensive,3,3,0
downright_unreadable,3,3,0
terribly_frustrating,3,2,1
relatively_lower,3,3,0
relatively_major,3,3,0
downright_simple,3,3,0
relatively_reasonable,3,1,2
downright_revolutionary,3,3,0
relatively_random,3,3,0
relatively_progressive,3,3,0
relatively_privileged,3,2,1
just_homeless,3,3,0
relatively_powerful,3,2,1
terribly_distracting,3,2,1
downright_sentimental,3,3,0
downright_serious,3,3,0
downright_shady,3,3,0
downright_shocked,3,3,0
relatively_plain,3,3,0
downright_sinful,3,3,0
downright_sweet,3,3,0
absolutely_startling,3,1,2
downright_sleazy,3,3,0
just_hideous,3,3,0
downright_snarky,3,3,0
downright_sneaky,3,2,1
best_naive,3,3,0
mentally_frail,3,2,1
relatively_newer,3,3,0
downright_startling,3,3,0
relatively_neutral,3,1,2
relatively_minimal,3,3,0
mentally_ill-equipped,3,3,0
just_hateful,3,3,0
weirdly_interesting,3,3,0
relatively_fun,3,2,1
relatively_frugal,3,3,0
refreshingly_innocent,3,2,1
relatively_anonymous,3,2,1
relatively_ancient,3,3,0
dramatically_important,3,2,1
relatively_advanced,3,2,1
relatively_abstract,3,2,1
just_frugal,3,3,0
refreshingly_transparent,3,3,0
refreshingly_traditional,3,0,3
just_friendlier,3,3,0
refreshingly_positive,3,2,1
refreshingly_open,3,3,0
dramatically_rich,3,3,0
just_french,3,3,0
absolutely_unavoidable,3,3,0
best_accurate,3,3,0
terribly_meaningful,3,3,0
mentally_uncomfortable,3,3,0
just_fraudulent,3,3,0
refreshingly_frank,3,3,0
just_fragrant,3,3,0
weirdly_compelling,3,0,3
recognizably_jewish,3,2,1
terribly_misinformed,3,3,0
recklessly_endangered,3,3,0
drastically_bad,3,1,2
weirdly_amusing,3,2,1
recently_present,3,3,0
recently_past,3,3,0
relatively_basic,3,2,1
weirdly_fascinating,3,2,1
downright_unwilling,3,3,0
relatively_distant,3,2,1
downright_upsetting,3,3,0
relatively_flexible,3,3,0
terribly_inaccurate,3,3,0
relatively_firm,3,2,1
downright_villainous,3,2,1
absolutely_thrilling,3,2,1
weirdly_inert,3,0,3
best_confusing,3,3,0
best_confused,3,3,0
absolutely_top-notch,3,2,1
downright_whimsical,3,3,0
relatively_effective,3,3,0
relatively_dull,3,2,1
just_gimmicky,3,2,1
best_ambiguous,3,3,0
weirdly_hypnotic,3,1,2
relatively_different,3,1,2
relatively_deficient,3,3,0
dramatically_amiss,3,1,2
relatively_deep,3,3,0
relatively_current,3,3,0
mentally_sound,3,3,0
relatively_crude,3,3,0
relatively_costly,3,3,0
just_generous,3,3,0
relatively_cold,3,3,0
just_futile,3,3,0
terribly_lacking,3,2,1
downright_resentful,3,3,0
relatively_resistant,3,3,0
well_advanced,3,3,0
just_indecisive,3,3,0
remarkably_active,3,3,0
remarkably_accessible,3,3,0
downright_huge,3,3,0
medically_relevant,3,3,0
downright_humiliating,3,3,0
downright_hypocritical,3,3,0
absolutely_satisfied,3,3,0
downright_ideal,3,3,0
better_cold,3,3,0
religiously_permissible,3,3,0
absolutely_scary,3,3,0
downright_illogical,3,3,0
medically_safe,3,3,0
religiously_literate,3,3,0
remarkably_articulate,3,3,0
religiously_homogeneous,3,3,0
absolutely_secondary,3,3,0
religiously_different,3,3,0
terribly_awkward,3,3,0
medically_sound,3,3,0
downright_indignant,3,3,0
just_incomplete,3,3,0
downright_ingenious,3,3,0
downright_inhospitable,3,3,0
well_dead,3,3,0
well_costly,3,3,0
relentlessly_dour,3,3,0
just_inactive,3,3,0
terribly_ambiguous,3,3,0
downright_heroic,3,3,0
relatively_younger,3,3,0
remarkably_distinct,3,3,0
medically_important,3,2,1
temporarily_unoccupied,3,3,0
temporarily_vacant,3,3,0
remarkably_hard,3,2,1
remarkably_handsome,3,3,0
terminally_boring,3,2,1
downright_fantastic,3,3,0
remarkably_fun,3,2,1
downright_fearful,3,3,0
remarkably_fast,3,3,0
remarkably_expensive,3,2,1
medically_inappropriate,3,3,0
terminally_dull,3,2,1
downright_friendly,3,3,0
remarkably_attractive,3,2,1
terminally_naive,3,3,0
downright_giddy,3,3,0
terminally_unique,3,3,0
downright_grueling,3,3,0
downright_gruesome,3,3,0
remarkably_comfortable,3,2,1
terribly_abstract,3,3,0
remarkably_clean,3,3,0
remarkably_civil,3,3,0
remarkably_charming,3,1,2
downright_harsh,3,3,0
remarkably_calm,3,3,0
just_inescapable,3,3,0
well_cool,3,3,0
downright_invisible,3,3,0
just_horrid,3,3,0
relatively_solitary,3,3,0
relatively_tall,3,3,0
downright_obtuse,3,3,0
terribly_complex,3,3,0
downright_off-putting,3,3,0
just_iconic,3,3,0
relatively_subjective,3,3,0
well_better,3,1,2
relatively_steady,3,3,0
just_hypocritical,3,3,0
terribly_convenient,3,3,0
downright_overwhelming,3,3,0
just_hyperbole,3,3,0
downright_pathetic,3,3,0
mentally_confused,3,3,0
downright_oblivious,3,3,0
terribly_critical,3,3,0
terribly_curious,3,2,1
relatively_silent,3,3,0
relatively_significant,3,1,2
relatively_shy,3,3,0
relatively_short-term,3,2,1
just_humble,3,3,0
mentally_disabled,3,3,0
relatively_self-sufficient,3,3,0
downright_problematic,3,3,0
downright_progressive,3,3,0
downright_reactionary,3,3,0
downright_reasonable,3,2,1
best_unnecessary,3,3,0
relatively_technical,3,2,1
well_conscious,3,3,0
downright_mediocre,3,3,0
better_aware,3,3,0
better_attuned,3,2,1
relatively_valuable,3,3,0
relatively_unused,3,2,1
downright_liberal,3,3,0
just_implicit,3,3,0
relatively_unsuccessful,3,3,0
downright_lousy,3,3,0
relatively_unrelated,3,2,1
just_immoral,3,3,0
relatively_unobtrusive,3,2,1
better_adept,3,3,0
downright_mean-spirited,3,3,0
relatively_unlikely,3,3,0
downright_nutty,3,3,0
terribly_chic,3,2,1
relatively_unheralded,3,2,1
terribly_cliche,3,3,0
relatively_unexpected,3,2,1
just_illegal,3,3,0
just_ill-equipped,3,3,0
relatively_undeveloped,3,3,0
downright_mystifying,3,3,0
downright_negligent,3,3,0
relatively_tranquil,3,3,0
relatively_traditional,3,1,2
relatively_tiny,3,2,1
relatively_thick,3,3,0
just_flimsy,3,3,0
below_basic,3,3,0
just_deceptive,3,3,0
reassuringly_predictable,3,1,2
economically_insecure,3,2,1
terrifyingly_new,3,2,1
economically_justifiable,3,3,0
economically_marginal,3,3,0
merely_dysfunctional,3,3,0
economically_minded,3,3,0
really_sublime,3,1,2
economically_motivated,3,3,0
really_subjective,3,3,0
really_sturdy,3,0,3
just_dizzy,3,3,0
thankfully_safe,3,3,0
beautifully_fresh,3,3,0
absolutely_welcome,3,3,0
economically_prohibitive,3,3,0
economically_prosperous,3,3,0
that_adventurous,3,3,0
beautifully_flawed,3,3,0
economically_responsible,3,3,0
really_stale,3,3,0
economically_secure,3,3,0
economically_sensitive,3,3,0
just_dissatisfied,3,3,0
economically_strong,3,3,0
merely_empty,3,3,0
that_astute,3,3,0
beautifully_evocative,3,3,0
really_sour,3,0,3
economically_transformative,3,2,1
merely_distracting,3,3,0
really_sweaty,3,3,0
terrifyingly_complex,3,2,1
beautifully_interwoven,3,3,0
just_dusty,3,3,0
really_touchy,3,3,0
really_top-notch,3,3,0
really_tolerant,3,3,0
really_tiresome,3,3,0
terribly_weird,3,1,2
really_tipsy,3,3,0
terribly_wise,3,3,0
economically_attractive,3,3,0
terribly_witty,3,2,1
beautifully_light,3,3,0
economically_challenging,3,3,0
beautifully_ironic,3,0,3
merely_difficult,3,3,0
economically_friendly,3,3,0
beautifully_inclusive,3,2,1
merely_disappointed,3,3,0
way_funnier,3,3,0
just_dreamy,3,3,0
economically_diverse,3,3,0
beautifully_hopeful,3,3,0
really_tame,3,2,1
beautifully_honest,3,2,1
economically_equivalent,3,1,2
terrifyingly_beautiful,3,2,1
really_tactile,3,2,1
just_dramatic,3,3,0
economically_free,3,3,0
merely_enough,3,3,0
economically_underdeveloped,3,3,0
just_disoriented,3,3,0
effectively_bankrupt,3,3,0
eerily_prophetic,3,2,1
eerily_real,3,0,3
eerily_realistic,3,2,1
just_demoralizing,3,3,0
just_deluded,3,3,0
really_reliable,3,2,1
beautifully_accessible,3,1,2
really_reckless,3,2,1
eerily_uplifting,3,0,3
absurdly_amusing,3,2,1
really_rainy,3,3,0
effectively_aware,3,3,0
just_delectable,3,2,1
that_huge,3,0,3
that_enthusiastic,3,3,0
really_puny,3,3,0
really_punchy,3,1,2
just_dehydrated,3,3,0
merely_humorous,3,3,0
that_impactful,3,3,0
merely_hypothetical,3,3,0
really_proficient,3,3,0
effectively_identical,3,3,0
merely_ideal,3,3,0
basically_unheard,3,0,3
effectively_immortal,3,2,1
really_private,3,2,1
really_primitive,3,2,1
absolutely_zero,3,3,0
way_crazy,3,3,0
really_snazzy,3,0,3
that_crazy,3,3,0
really_smitten,3,1,2
economically_useful,3,1,2
that_bleak,3,3,0
that_brazen,3,3,0
really_sloppy,3,2,1
really_slippery,3,2,1
merely_external,3,2,1
way_dumber,3,2,1
just_disgraceful,3,3,0
educationally_disadvantaged,3,3,0
that_clear,3,1,2
that_clueless,3,3,0
that_cold,3,2,1
just_direct,3,3,0
way_cute,3,3,0
that_critical,3,3,0
beautifully_compatible,3,3,0
really_senior,3,2,1
eerily_different,3,2,1
absolutely_worthy,3,2,1
really_sarcastic,3,3,0
that_delicious,3,3,0
merely_general,3,2,1
that_dense,3,3,0
just_detailed,3,3,0
that_dissimilar,3,0,3
beautifully_brutal,3,2,1
really_riveting,3,1,2
just_early,3,3,0
beautifully_melodic,3,3,0
fairly_civil,3,3,0
reasonably_attainable,3,1,2
just_extreme,3,3,0
reasonably_conservative,3,3,0
early_modern,3,3,0
reasonably_clear,3,3,0
reasonably_clean,3,3,0
reasonably_cheap,3,2,1
terribly_ominous,3,0,3
easily_acceptable,3,2,1
just_expensive,3,3,0
reasonably_careful,3,3,0
merely_blank,3,3,0
beautifully_terrible,3,3,0
terribly_personal,3,1,2
easily_annoyed,3,3,0
reasonably_enjoyable,3,2,1
absolutely_unreal,3,2,1
easily_audible,3,3,0
terribly_popular,3,2,1
just_excruciating,3,3,0
terribly_powerful,3,1,2
easily_changeable,3,3,0
terribly_primal,3,0,3
easily_configurable,3,2,1
merely_capable,3,3,0
easily_curable,3,3,0
terribly_reluctant,3,3,0
absolutely_unrecognizable,3,2,1
absolutely_unrelated,3,2,1
absolutely_unprecedented,3,0,3
merely_aspirational,3,3,0
terribly_saddened,3,3,0
dreadfully_important,3,0,3
mercifully_short,3,3,0
terribly_mundane,3,2,1
reasonably_warm,3,3,0
reasonably_useful,3,2,1
reasonably_unique,3,1,2
drastically_worse,3,1,2
reasonably_strong,3,3,0
merely_ambivalent,3,3,0
reasonably_stable,3,1,2
reasonably_soft,3,2,1
just_female,3,3,0
reasonably_smart,3,3,0
dreadfully_familiar,3,1,2
absolutely_unfounded,3,2,1
dynamically_different,3,1,2
reasonably_profitable,3,2,1
reasonably_practical,3,1,2
way_weirder,3,2,1
way_underrated,3,3,0
way_tougher,3,2,1
dreadfully_sad,3,2,1
reasonably_ok,3,2,1
dreadfully_slow,3,3,0
reasonably_high,3,2,1
way_smaller,3,3,0
reasonably_flexible,3,3,0
just_faint,3,3,0
reasonably_fair,3,3,0
terribly_rude,3,3,0
just_everyday,3,3,0
terribly_unsettling,3,1,2
easily_undone,3,3,0
absolutely_usable,3,3,0
easily_repeatable,3,3,0
terribly_underrated,3,3,0
merely_crazy,3,2,1
really_unimportant,3,2,1
really_unhelpful,3,2,1
just_elegant,3,3,0
merely_crude,3,3,0
easily_tired,3,3,0
easily_traceable,3,3,0
terribly_unlikely,3,3,0
just_elderly,3,3,0
beautifully_neat,3,2,1
really_unfit,3,3,0
beautifully_ornate,3,3,0
beautifully_natural,3,1,2
terribly_unlucky,3,2,1
terribly_unpleasant,3,2,1
terribly_unreliable,3,3,0
merely_decent,3,3,0
really_uneven,3,3,0
really_undesirable,3,3,0
really_understandable,3,2,1
way_low,3,3,0
ecologically_aware,3,3,0
ecologically_destructive,3,3,0
really_unbalanced,3,1,2
really_unable,3,3,0
way_nice,3,3,0
terribly_tragic,3,3,0
really_wholesome,3,1,2
easily_irritable,3,3,0
beautifully_sad,3,1,2
merely_challenging,3,3,0
really_wary,3,3,0
merely_childish,3,3,0
merely_close,3,2,1
really_visceral,3,0,3
terribly_shocked,3,3,0
terribly_short,3,3,0
really_viable,3,3,0
merely_comical,3,3,0
easily_hurt,3,2,1
terribly_silly,3,3,0
easily_impressionable,3,3,0
really_usable,3,0,3
terribly_surprising,3,2,1
merely_common,3,3,0
really_unwanted,3,0,3
easily_maintainable,3,2,1
beautifully_profound,3,0,3
really_unsure,3,3,0
merely_complacent,3,3,0
absolutely_untenable,3,1,2
terribly_strange,3,1,2
merely_confusing,3,3,0
easily_open,3,3,0
really_unrelated,3,3,0
just_endless,3,3,0
just_endemic,3,3,0
longer_single,3,3,0
surprisingly_cool,3,1,2
simultaneously_active,3,3,0
completely_thorough,3,3,0
socially_happy,3,3,0
less_astute,3,3,0
completely_pleased,3,3,0
less_particular,3,3,0
still_japanese,3,3,0
socially_disruptive,3,3,0
socially_difficult,3,3,0
completely_preposterous,3,1,2
less_asian,3,3,0
completely_priceless,3,0,3
less_articulate,3,2,1
socially_dead,3,3,0
still_legendary,3,3,0
socially_corrosive,3,2,1
socially_contagious,3,3,0
still_liable,3,3,0
less_arrogant,3,2,1
socially_compatible,3,2,1
wonderfully_important,3,0,3
charmingly_awkward,3,2,1
completely_rebellious,3,1,2
completely_reckless,3,1,2
completely_recognizable,3,3,0
still_local,3,3,0
completely_red,3,3,0
charmingly_anachronistic,3,0,3
completely_refreshing,3,0,3
less_patriarchal,3,2,1
completely_related,3,3,0
completely_pink,3,3,0
socially_immature,3,3,0
still_irritated,3,3,0
socially_objectionable,3,2,1
still_illiterate,3,3,0
still_imperfect,3,3,0
completely_obnoxious,3,3,0
completely_obtuse,3,3,0
less_barbaric,3,1,2
completely_odd,3,0,3
less_other,3,3,0
less_balanced,3,3,0
socially_powerful,3,2,1
socially_positive,3,1,2
wonderfully_joyous,3,1,2
charmingly_old-fashioned,3,3,0
less_outgoing,3,3,0
less_outrageous,3,0,3
socially_incompetent,3,3,0
less_outspoken,3,3,0
wonderfully_interesting,3,2,1
completely_overdone,3,3,0
socially_minded,3,3,0
socially_mature,3,3,0
socially_marginalized,3,3,0
wonderfully_inspiring,3,3,0
completely_pain-free,3,3,0
socially_marginal,3,3,0
still_integral,3,3,0
about_other,3,3,0
socially_insecure,3,3,0
less_parallel,3,3,0
completely_relaxing,3,1,2
wonderfully_hypnotic,3,0,3
completely_remarkable,3,2,1
completely_static,3,3,0
less_pervasive,3,2,1
so_watchful,3,3,0
certainly_useful,3,3,0
less_amusing,3,2,1
less_amused,3,3,0
still_overwhelming,3,3,0
so_vociferous,3,3,0
less_pigmented,3,3,0
wonderfully_genuine,3,0,3
wonderfully_generous,3,1,2
still_phenomenal,3,3,0
completely_stable,3,3,0
completely_stagnant,3,3,0
completely_stationary,3,3,0
less_angular,3,3,0
so_vigorous,3,3,0
so_vexing,3,2,1
so_vertical,3,3,0
still_powerful,3,3,0
completely_stunning,3,2,1
wonderfully_geeky,3,2,1
so_vehement,3,3,0
completely_submissive,3,3,0
completely_sufficient,3,2,1
completely_superficial,3,0,3
less_alike,3,3,0
completely_symmetrical,3,3,0
less_alcoholic,3,1,2
completely_skeptical,3,3,0
less_annoyed,3,2,1
still_magical,3,3,0
still_muddy,3,3,0
less_approachable,3,3,0
socially_able,3,3,0
still_mandatory,3,3,0
wonderfully_hospitable,3,2,1
so_yellow,3,3,0
so_xenophobic,3,1,2
completely_risky,3,0,3
completely_riveting,3,2,1
completely_rotten,3,2,1
less_peculiar,3,2,1
less_apocalyptic,3,0,3
still_moist,3,3,0
so_wonky,3,3,0
completely_scary,3,2,1
still_offline,3,3,0
characteristically_american,3,0,3
completely_sedentary,3,2,1
still_nearby,3,3,0
about_popular,3,3,0
completely_self-contained,3,1,2
about_positive,3,3,0
less_anonymous,3,3,0
certifiably_crazy,3,3,0
so_well-known,3,0,3
certainly_worse,3,2,1
completely_silver,3,3,0
still_obvious,3,3,0
so_weighty,3,1,2
socially_sensitive,3,2,1
completely_non-toxic,3,3,0
charmingly_simple,3,2,1
somehow_new,3,2,1
completely_grey,3,3,0
somehow_separate,3,3,0
somehow_right,3,3,0
somehow_representative,3,3,0
completely_hard,3,3,0
less_childish,3,1,2
less_noxious,3,1,2
completely_heartless,3,3,0
somehow_positive,3,2,1
completely_helpful,3,3,0
somehow_peripheral,3,3,0
somehow_offensive,3,3,0
still_firm,3,3,0
completely_hostile,3,2,1
somehow_trivial,3,3,0
still_flat,3,3,0
somehow_natural,3,2,1
somehow_mistaken,3,3,0
somehow_meaningful,3,2,1
still_flawed,3,3,0
somehow_justifiable,3,3,0
completely_idiosyncratic,3,2,1
wonderfully_peculiar,3,1,2
about_live,3,3,0
less_ceremonial,3,3,0
completely_illusory,3,3,0
less_nutty,3,2,1
completely_impenetrable,3,2,1
completely_gorgeous,3,2,1
still_fashionable,3,3,0
still_fortunate,3,3,0
still_energetic,3,2,1
completely_enamored,3,3,0
less_combative,3,1,2
sometimes_bitter,3,3,0
completely_enlightened,3,3,0
sometimes_big,3,2,1
wonderfully_quirky,3,3,0
completely_essential,3,3,0
still_elegant,3,1,2
less_neurotic,3,3,0
wonderfully_productive,3,3,0
someplace_quiet,3,3,0
completely_fabulous,3,2,1
still_emerging,3,3,0
someplace_closer,3,3,0
still_fantastic,3,2,1
someplace_close,3,3,0
completely_filthy,3,3,0
less_clinical,3,0,3
somehow_wiser,3,3,0
somehow_valuable,3,3,0
completely_foolproof,3,1,2
somehow_unsafe,3,3,0
completely_forthright,3,3,0
completely_freaky,3,2,1
chillingly_cold,3,3,0
still_eye-opening,3,3,0
somehow_unfit,3,3,0
somehow_unexpected,3,3,0
about_long,3,3,0
somehow_incomplete,3,3,0
less_beholden,3,3,0
completely_memorable,3,2,1
completely_knowledgeable,3,3,0
somehow_appropriate,3,3,0
somehow_accurate,3,3,0
completely_lifeless,3,3,0
completely_light,3,2,1
completely_likeable,3,2,1
still_handy,3,3,0
completely_lovable,3,3,0
completely_lovely,3,2,1
less_okay,3,3,0
solidly_higher,3,3,0
completely_man-made,3,3,0
completely_mechanical,3,3,0
completely_mesmerizing,3,1,2
completely_justifiable,3,3,0
solely_available,3,3,0
less_biological,3,2,1
completely_misinformed,3,3,0
still_heavy,3,2,1
socially_valuable,3,1,2
still_homemade,3,3,0
less_orderly,3,3,0
less_organic,3,3,0
still_horrible,3,2,1
socially_taboo,3,2,1
still_huge,3,3,0
socially_superior,3,3,0
still_hurt,3,3,0
completely_juvenile,3,3,0
less_off-putting,3,2,1
chemically_resistant,3,3,0
completely_insecure,3,3,0
chemically_relaxed,3,3,0
somehow_incompetent,3,3,0
somehow_incompatible,3,3,0
completely_indescribable,3,0,3
somehow_imperfect,3,3,0
less_careless,3,2,1
less_captivating,3,2,1
somehow_greater,3,3,0
completely_inflexible,3,3,0
about_low,3,3,0
less_candid,3,3,0
still_glad,3,3,0
still_gorgeous,3,3,0
completely_insolvent,3,3,0
somehow_controversial,3,3,0
somehow_equal,3,3,0
completely_insufferable,3,2,1
somehow_easier,3,3,0
somehow_divine,3,3,0
less_obsessive,3,1,2
completely_intelligible,3,3,0
completely_intentional,3,3,0
somehow_dirty,3,3,0
somehow_deserving,3,3,0
completely_invulnerable,3,2,1
completely_ironic,3,3,0
chemically_different,3,1,2
chemically_complex,3,1,2
less_alarming,3,2,1
completely_tired,3,3,0
completely_electronic,3,3,0
completely_toxic,3,2,1
considerably_broader,3,1,2
certainly_debatable,3,3,0
so_sumptuous,3,2,1
so_summery,3,1,2
still_unfulfilled,3,2,1
wonderfully_cozy,3,2,1
so_suitable,3,3,0
still_uninformed,3,3,0
so_substandard,3,3,0
less_prosperous,3,3,0
certainly_concerned,3,2,1
so_stuffy,3,3,0
considerably_intense,3,3,0
certainly_close,3,3,0
considerably_lesser,3,2,1
legitimately_interesting,3,1,2
so_strident,3,1,2
legitimately_interested,3,3,0
considerably_overweight,3,2,1
so_streamlined,3,3,0
so_strategic,3,2,1
less_punishable,3,3,0
so_stern,3,3,0
still_unsteady,3,3,0
about_smart,3,3,0
legitimately_hurtful,3,0,3
so_stately,3,1,2
still_untested,3,3,0
considerably_tougher,3,1,2
so_supernatural,3,0,3
still_unequal,3,3,0
still_undone,3,3,0
less_proficient,3,2,1
still_tender,3,3,0
confusingly_vague,3,3,0
still_terrified,3,3,0
certainly_fun,3,3,0
less_primitive,3,3,0
less_private,3,3,0
still_tiny,3,3,0
so_thankless,3,2,1
still_traceable,3,3,0
still_traditional,3,3,0
so_tepid,3,3,0
still_treatable,3,3,0
legitimately_serious,3,2,1
about_sick,3,3,0
less_prolific,3,3,0
so_temperamental,3,3,0
certainly_easier,3,3,0
still_undefined,3,1,2
still_underdeveloped,3,3,0
still_underground,3,3,0
still_underserved,3,3,0
still_undetermined,3,3,0
consciously_unaware,3,3,0
wonderfully_creepy,3,2,1
so_synthetic,3,2,1
so_symmetrical,3,1,2
certainly_disappointed,3,3,0
certainly_difficult,3,3,0
considerably_wider,3,3,0
so_spoilt,3,3,0
consistently_amazing,3,3,0
strangely_gratifying,3,1,2
strangely_calming,3,1,2
wonderfully_cathartic,3,0,3
less_recreational,3,0,3
legitimately_crazy,3,3,0
strangely_contradictory,3,2,1
legitimately_cool,3,0,3
wonderfully_calming,3,1,2
less_relaxed,3,3,0
strangely_enjoyable,3,1,2
wonderfully_calm,3,2,1
so_self-reliant,3,2,1
so_self-confident,3,2,1
so_secular,3,3,0
consistently_useful,3,2,1
strangely_amusing,3,1,2
legitimately_awful,3,1,2
less_reminiscent,3,0,3
consistently_warm,3,3,0
consistently_worse,3,3,0
strangely_hypnotic,3,1,2
less_republican,3,3,0
less_repulsive,3,2,1
casually_elegant,3,2,1
so_savory,3,1,2
legally_wrong,3,2,1
so_salient,3,2,1
so_salacious,3,1,2
less_respectable,3,0,3
consistently_productive,3,2,1
so_silky,3,0,3
consistently_available,3,2,1
consistently_fun,3,3,0
consistently_better,3,1,2
still_viewable,3,3,0
still_vigorous,3,3,0
consistently_clear,3,3,0
so_southern,3,1,2
still_wearable,3,3,0
consistently_dark,3,2,1
so_solicitous,3,3,0
so_sober,3,2,1
so_snarky,3,3,0
so_snappy,3,2,1
cautiously_curious,3,2,1
so_smoky,3,3,0
consistently_funny,3,3,0
consistently_negative,3,2,1
so_smelly,3,2,1
still_winless,3,3,0
less_rare,3,2,1
still_worthless,3,3,0
consistently_higher,3,3,0
consistently_hostile,3,3,0
less_raunchy,3,1,2
consistently_interesting,3,2,1
so_skillful,3,3,0
legitimately_excited,3,3,0
consistently_low,3,3,0
strangely_addicting,3,1,2
strangely_admirable,3,1,2
certainly_glad,3,3,0
still_temporary,3,3,0
wonderfully_democratic,3,0,3
still_rosy,3,3,0
so_unsatisfied,3,3,0
completely_unharmed,3,3,0
so_unruly,3,3,0
still_rich,3,3,0
completely_unhelpful,3,3,0
completely_unhinged,3,2,1
about_refreshing,3,3,0
about_related,3,3,0
so_unregulated,3,3,0
less_addicting,3,3,0
completely_uninsured,3,3,0
completely_unintended,3,1,2
certainly_preferable,3,3,0
less_addicted,3,3,0
still_restrictive,3,3,0
completely_unlikable,3,3,0
completely_unmanageable,3,2,1
completely_unnatural,3,1,2
completely_unnerving,3,1,2
completely_unpaid,3,3,0
less_populous,3,3,0
still_satisfied,3,3,0
certainly_passable,3,3,0
still_scarce,3,3,0
still_scary,3,3,0
completely_unreachable,3,2,1
still_self-aware,3,3,0
completely_unregulated,3,3,0
certainly_proud,3,3,0
completely_unexplored,3,2,1
still_sexy,3,3,0
still_religious,3,3,0
less_poignant,3,2,1
so_upfront,3,3,0
still_radical,3,3,0
less_agitated,3,3,0
so_unwell,3,2,1
so_unwanted,3,0,3
about_pure,3,3,0
completely_unaffiliated,3,1,2
less_poisonous,3,2,1
completely_unappealing,3,3,0
so_untested,3,0,3
still_reliable,3,3,0
completely_unbalanced,3,3,0
so_unsustainable,3,2,1
completely_unexplained,3,2,1
completely_uncomfortable,3,3,0
still_resentful,3,2,1
so_unsuitable,3,2,1
completely_underground,3,3,0
less_advantaged,3,3,0
completely_underwhelming,3,3,0
so_unspoken,3,3,0
completely_undetected,3,3,0
so_unsophisticated,3,2,1
completely_undisturbed,3,3,0
so_unsightly,3,3,0
completely_uneventful,3,3,0
certainly_ready,3,3,0
so_unnerving,3,1,2
still_sharp,3,3,0
less_pretentious,3,1,2
conceptually_flawed,3,2,1
computationally_impractical,3,3,0
so_unconscionable,3,0,3
wonderfully_diverse,3,3,0
less_predatory,3,3,0
so_uncalled,3,1,2
so_unbalanced,3,3,0
wonderfully_direct,3,1,2
less_preferable,3,2,1
still_sturdy,3,3,0
so_unable,3,3,0
still_successful,3,3,0
still_suitable,3,3,0
still_supportive,3,3,0
so_turbulent,3,3,0
certainly_intentional,3,3,0
certainly_impossible,3,2,1
conceptually_innovative,3,3,0
so_tropical,3,1,2
legitimately_vulnerable,3,3,0
so_tribal,3,3,0
certainly_hopeful,3,3,0
certainly_helpful,3,3,0
still_sweet,3,3,0
less_preposterous,3,1,2
legitimately_upset,3,3,0
so_touching,3,2,1
still_taller,3,3,0
so_tortured,3,2,1
less_abhorrent,3,3,0
certainly_interested,3,2,1
so_unknowable,3,2,1
completely_watchable,3,3,0
completely_untested,3,2,1
certainly_most,3,3,0
completely_untrustworthy,3,3,0
less_accustomed,3,2,1
completely_unworkable,3,3,0
completely_usable,3,3,0
completely_vague,3,2,1
still_skittish,3,3,0
still_slippery,3,3,0
completely_vile,3,2,1
so_unified,3,3,0
less_accidental,3,3,0
so_unfounded,3,3,0
still_snug,3,2,1
computationally_complex,3,3,0
so_unforgiving,3,1,2
so_unfocused,3,3,0
so_unfinished,3,3,0
completely_wide,3,3,0
less_abusive,3,0,3
wonderfully_enjoyable,3,2,1
still_sorry,3,3,0
certainly_keen,3,3,0
still_spiritual,3,3,0
still_stable,3,3,0
so_undervalued,3,3,0
so_underrated,3,3,0
so_undeniable,3,0,3
chock_full,3,3,0
less_neat,3,2,1
defensively_aware,3,3,0
somewhat_narrower,3,3,0
somewhat_unlucky,3,3,0
clinically_apparent,3,3,0
less_exceptional,3,1,2
staunchly_pro-life,3,3,0
clinically_complex,3,3,0
less_inept,3,2,1
somewhat_underwhelming,3,3,0
somewhat_understandable,3,3,0
clinically_irrelevant,3,3,0
somewhat_troubling,3,3,0
clinically_normal,3,3,0
somewhat_tricky,3,3,0
yet_fun,3,0,3
less_esoteric,3,1,2
less_ingenious,3,3,0
somewhat_thick,3,3,0
clearly_dangerous,3,2,1
somewhat_theoretical,3,3,0
less_erratic,3,3,0
less_erect,3,3,0
less_equivalent,3,3,0
somewhat_tangential,3,3,0
clinically_unnecessary,3,3,0
clearly_crazy,3,3,0
somewhat_susceptible,3,3,0
still_adamant,3,3,0
somewhat_superstitious,3,3,0
somewhat_superior,3,3,0
somewhat_subtle,3,3,0
yet_greater,3,0,3
somewhat_unsafe,3,3,0
less_indicative,3,3,0
somewhere_deep,3,2,1
clearly_unfair,3,3,0
less_imposing,3,2,1
sonically_different,3,0,3
abnormally_thin,3,3,0
clearly_unhinged,3,0,3
less_impossible,3,1,2
less_fabulous,3,1,2
less_eye-catching,3,2,1
clearly_unjust,3,3,0
clearly_unlucky,3,3,0
clearly_unnecessary,3,2,1
somewhere_hot,3,3,0
less_extinct,3,3,0
clearly_unwarranted,3,3,0
less_incredible,3,0,3
clearly_useless,3,3,0
somewhere_busy,3,3,0
clearly_derivative,3,3,0
clearly_weak,3,3,0
statistically_worse,3,3,0
somewhat_wavy,3,3,0
clearly_younger,3,2,1
somewhat_warm,3,3,0
somewhat_volatile,3,3,0
somewhat_visible,3,3,0
yet_mesmerizing,3,0,3
less_incompetent,3,3,0
less_inconsistent,3,3,0
closely_connected,3,2,1
less_enthralling,3,3,0
closely_familiar,3,0,3
comfortably_full,3,3,0
somewhat_quiet,3,3,0
still_anecdotal,3,3,0
yet_comforting,3,0,3
less_edifying,3,2,1
somewhat_prophetic,3,2,1
somewhat_progressive,3,2,1
less_intent,3,1,2
somewhat_presentable,3,2,1
somewhat_present,3,3,0
somewhat_precarious,3,3,0
somewhat_poor,3,3,0
somewhat_political,3,3,0
somewhat_pointless,3,3,0
somewhat_perverse,3,2,1
about_blue,3,3,0
somewhat_peculiar,3,2,1
less_international,3,2,1
comfortably_predictable,3,1,2
less_earnest,3,3,0
about_casual,3,3,0
clearly_british,3,2,1
clearly_brilliant,3,3,0
somewhat_original,3,2,1
less_intolerable,3,3,0
comfortably_warm,3,3,0
somewhat_offensive,3,3,0
somewhat_off-putting,3,3,0
yet_bold,3,0,3
somewhat_racist,3,3,0
yet_complete,3,1,2
closely_knit,3,3,0
somewhat_selfish,3,2,1
somewhat_stronger,3,3,0
less_insecure,3,3,0
closely_relevant,3,3,0
clearly_conscious,3,3,0
somewhat_stilted,3,3,0
somewhat_startling,3,3,0
somewhat_special,3,1,2
cognitively_challenging,3,3,0
somewhat_softer,3,2,1
cognitively_dissonant,3,2,1
less_insidious,3,0,3
somewhat_shorter,3,3,0
yet_cool,3,1,2
less_intact,3,3,0
about_black,3,3,0
somewhat_satisfying,3,3,0
still_ambiguous,3,3,0
coldly_rational,3,2,1
less_intangible,3,2,1
clearly_comfortable,3,3,0
somewhat_representative,3,2,1
somewhat_remote,3,3,0
collectively_better,3,2,1
about_best,3,3,0
clearly_closer,3,2,1
collectively_different,3,3,0
somewhat_redundant,3,3,0
somewhat_receptive,3,3,0
sonically_interesting,3,1,2
sonically_unique,3,1,2
soo_busy,3,3,0
spectacularly_unqualified,3,2,1
spiritually_enlightening,3,2,1
spiritually_destitute,3,3,0
clearly_innocent,3,3,0
less_gay,3,3,0
clearly_distinct,3,3,0
less_garish,3,0,3
less_fuzzy,3,1,2
spiritually_bankrupt,3,2,1
spiritually_alive,3,3,0
less_historical,3,2,1
statistically_irrelevant,3,2,1
yet_unproven,3,3,0
spectacularly_weird,3,1,2
spectacularly_unique,3,2,1
spiritually_hungry,3,3,0
less_fulfilling,3,3,0
clearly_disgusting,3,1,2
spectacularly_special,3,0,3
spectacularly_scenic,3,3,0
less_fruitful,3,3,0
abnormally_heavy,3,3,0
yet_unexplored,3,2,1
less_frenetic,3,3,0
yet_undeveloped,3,3,0
spectacularly_colorful,3,3,0
less_honourable,3,2,1
spectacularly_awful,3,3,0
clearly_negligent,3,3,0
spiritually_helpful,3,2,1
less_gloomy,3,1,2
clearly_noticeable,3,3,0
clearly_fishy,3,3,0
startlingly_relevant,3,2,1
startlingly_precise,3,3,0
less_habitable,3,3,0
less_gung,3,3,0
startlingly_unique,3,1,2
startlingly_inventive,3,3,0
startlingly_intimate,3,3,0
clearly_expressive,3,3,0
startlingly_fresh,3,1,2
yet_worse,3,2,1
startlingly_familiar,3,2,1
startlingly_effective,3,3,0
less_hateful,3,1,2
startlingly_brilliant,3,1,2
yet_unsolved,3,3,0
starkly_visible,3,2,1
starkly_simple,3,3,0
clearly_due,3,3,0
less_heady,3,0,3
starkly_apparent,3,3,0
clearly_gay,3,3,0
staggeringly_stupid,3,0,3
staggeringly_low,3,3,0
less_gracious,3,3,0
spiritually_transformative,3,2,1
spiritually_symbolic,3,1,2
spiritually_sick,3,3,0
less_hearty,3,1,2
statistically_meaningless,3,3,0
specifically_japanese,3,2,1
less_imperfect,3,3,0
sooo_cute,3,3,0
soooo_nice,3,3,0
soooo_funny,3,3,0
clearly_shocked,3,3,0
clearly_skeptical,3,2,1
soooo_cute,3,2,1
soooo_close,3,3,0
less_ill,3,3,0
less_illegal,3,3,0
less_illuminating,3,3,0
clearly_stronger,3,3,0
sooo_excited,3,3,0
sooo_easy,3,3,0
yet_quiet,3,0,3
sooo_cool,3,3,0
less_fervent,3,3,0
clearly_talented,3,3,0
sooo_beautiful,3,3,0
less_immune,3,3,0
soon_undone,3,3,0
soon_possible,3,3,0
less_fantastic,3,0,3
soon_asleep,3,3,0
clearly_troubling,3,2,1
soon_able,3,3,0
less_impatient,3,3,0
abnormally_tall,3,3,0
soo_excited,3,3,0
yet_practical,3,0,3
less_identifiable,3,2,1
less_fierce,3,2,1
clearly_offensive,3,3,0
less_foolish,3,3,0
specifically_important,3,1,2
yet_undefined,3,1,2
specifically_exempt,3,3,0
specifically_english,3,2,1
yet_undecided,3,2,1
clearly_partisan,3,1,2
clearly_passionate,3,3,0
less_hospitable,3,2,1
specifically_characteristic,3,0,3
yet_unclear,3,2,1
less_forgivable,3,1,2
specifically_american,3,1,2
yet_unable,3,3,0
specially_important,3,3,0
sooooo_happy,3,3,0
less_fond,3,3,0
less_fluffy,3,1,2
clearly_predictable,3,3,0
sorta_similar,3,0,3
yet_tranquil,3,0,3
less_flawed,3,2,1
yet_tasty,3,0,3
yet_sophisticated,3,0,3
clearly_proud,3,3,0
less_fitting,3,1,2
sorely_absent,3,3,0
sooooo_tiny,3,3,0
less_hydrated,3,3,0
somewhat_necessary,3,3,0
less_drab,3,1,2
sometimes_clear,3,3,0
somewhat_mystifying,3,3,0
completely_astounding,3,2,1
sometimes_trivial,3,2,1
completely_attentive,3,2,1
wonderfully_subtle,3,2,1
sometimes_sweet,3,3,0
less_corporate,3,1,2
sometimes_sudden,3,3,0
still_complicated,3,3,0
wonderfully_smooth,3,1,2
less_militant,3,2,1
less_mindful,3,2,1
sometimes_smaller,3,3,0
sometimes_small,3,2,1
wonderfully_sinister,3,1,2
about_funny,3,3,0
sometimes_simple,3,3,0
completely_bewildering,3,3,0
sometimes_significant,3,3,0
sometimes_shorter,3,3,0
about_gentle,3,3,0
completely_bland,3,3,0
sometimes_sensitive,3,3,0
sometimes_scared,3,3,0
less_contrived,3,0,3
sometimes_ridiculous,3,3,0
completely_careless,3,3,0
chronically_unhappy,3,3,0
sometimes_racist,3,3,0
completely_chaste,3,2,1
completely_astonishing,3,2,1
completely_astonished,3,3,0
sometimes_unable,3,3,0
still_closer,3,3,0
completely_abhorrent,3,2,1
completely_able,3,2,1
somewhat_aloof,3,3,0
completely_addictive,3,2,1
wonderfully_surprising,3,2,1
somewhat_adrift,3,2,1
somewhat_accurate,3,3,0
completely_airtight,3,2,1
still_chinese,3,3,0
less_crass,3,1,2
classically_liberal,3,3,0
sometimes_younger,3,2,1
classically_handsome,3,2,1
completely_amazed,3,3,0
completely_arrogant,3,1,2
less_crappy,3,1,2
completely_amicable,3,3,0
sometimes_weird,3,3,0
about_first,3,3,0
completely_annoying,3,2,1
sometimes_visible,3,3,0
completely_antiquated,3,3,0
classically_french,3,1,2
sometimes_unnecessary,3,3,0
completely_applicable,3,3,0
still_compatible,3,3,0
completely_arcane,3,2,1
sometimes_unaware,3,3,0
completely_cheesy,3,2,1
less_modest,3,2,1
less_momentous,3,1,2
less_communicative,3,3,0
sometimes_french,3,3,0
completely_desperate,3,2,1
sometimes_flat,3,3,0
completely_devastating,3,3,0
still_dominant,3,3,0
wonderfully_reassuring,3,1,2
sometimes_fewer,3,3,0
less_naive,3,3,0
sometimes_evil,3,3,0
sometimes_easier,3,3,0
chronically_busy,3,3,0
sometimes_disappointing,3,3,0
sometimes_direct,3,3,0
completely_disproportionate,3,2,1
sometimes_gradual,3,3,0
completely_dissimilar,3,0,3
completely_distant,3,2,1
less_commonplace,3,1,2
chronically_anxious,3,3,0
completely_distinctive,3,1,2
completely_distracting,3,2,1
completely_disturbing,3,2,1
completely_divergent,3,2,1
sometimes_critical,3,3,0
sometimes_contradictory,3,3,0
completely_dumbfounded,3,3,0
sometimes_closer,3,3,0
completely_effortless,3,2,1
sometimes_global,3,3,0
still_dizzy,3,3,0
sometimes_pale,3,3,0
still_delusional,3,3,0
chronically_unable,3,3,0
less_monstrous,3,2,1
sometimes_obligatory,3,3,0
completely_committed,3,0,3
sometimes_muddy,3,3,0
completely_configurable,3,3,0
completely_congruent,3,2,1
sometimes_light,3,3,0
still_deeper,3,1,2
completely_conventional,3,3,0
completely_conversant,3,3,0
still_deficient,3,3,0
completely_cosmetic,3,3,0
completely_counter-intuitive,3,2,1
sometimes_gray,3,3,0
completely_counterproductive,3,2,1
completely_creative,3,1,2
completely_creepy,3,3,0
completely_current,3,3,0
completely_cynical,3,3,0
less_muscular,3,1,2
wonderfully_retro,3,1,2
still_determined,3,3,0
chronically_hungry,3,3,0
completely_decadent,3,0,3
sometimes_hot,3,3,0
sometimes_high,3,3,0
sometimes_heavy,3,3,0
less_manly,3,2,1
less_manic,3,2,1
less_manageable,3,1,2
less_discerning,3,3,0
somewhat_impatient,3,3,0
somewhat_immune,3,2,1
yet_able,3,1,2
less_known,3,2,1
still_averse,3,3,0
somewhat_heavier,3,3,0
somewhat_healthful,3,3,0
commercially_feasible,3,2,1
less_legendary,3,2,1
somewhat_hairy,3,3,0
somewhat_grim,3,3,0
less_legible,3,3,0
commercially_minded,3,3,0
less_lengthy,3,2,1
less_judicious,3,2,1
less_disappointed,3,3,0
commercially_reasonable,3,2,1
somewhat_fresh,3,1,2
commercially_significant,3,2,1
somewhat_flat,3,3,0
somewhat_firm,3,3,0
commercially_unreasonable,3,3,0
commercially_unsuccessful,3,3,0
still_bearish,3,3,0
somewhat_favourable,3,3,0
less_dim,3,3,0
less_libertarian,3,3,0
somewhat_excited,3,3,0
less_distant,3,3,0
somewhat_inclined,3,3,0
somewhat_evasive,3,2,1
less_islamic,3,1,2
somewhat_mundane,3,3,0
less_inviting,3,0,3
somewhat_misguided,3,2,1
somewhat_messy,3,3,0
somewhat_memorable,3,2,1
somewhat_mature,3,2,1
somewhat_masculine,3,3,0
somewhat_magical,3,2,1
somewhat_mad,3,3,0
comically_inaccurate,3,3,0
somewhat_likable,3,2,1
somewhat_lighter,3,3,0
still_astonishing,3,3,0
comically_ironic,3,2,1
somewhat_incoherent,3,2,1
comically_large,3,3,0
clearly_baseless,3,3,0
somewhat_knowledgeable,3,3,0
somewhat_intelligent,3,2,1
comically_ridiculous,3,2,1
somewhat_intangible,3,3,0
less_distressing,3,2,1
less_joyful,3,2,1
less_judgemental,3,2,1
somewhat_inconsistent,3,3,0
about_complete,3,3,0
somewhat_incongruous,3,3,0
somewhat_incomplete,3,3,0
less_dictatorial,3,3,0
worryingly_familiar,3,3,0
somewhat_anonymous,3,3,0
wonderfully_terrible,3,3,0
clearly_abusive,3,2,1
somewhat_complicit,3,3,0
somewhat_complacent,3,3,0
still_brilliant,3,3,0
comparatively_recent,3,3,0
somewhat_cloudy,3,3,0
wonderfully_vague,3,2,1
classically_trained,3,2,1
less_lurid,3,3,0
somewhat_clean,3,2,1
wonderfully_understated,3,1,2
less_magnificent,3,1,2
compellingly_different,3,1,2
less_majestic,3,0,3
somewhat_conditional,3,3,0
somewhat_believable,3,2,1
somewhat_beautiful,3,2,1
somewhat_automatic,3,3,0
less_malicious,3,2,1
less_curious,3,2,1
somewhat_ashamed,3,3,0
somewhat_artificial,3,3,0
less_cunning,3,2,1
still_bummed,3,3,0
somewhat_appropriate,3,3,0
less_malignant,3,1,2
somewhat_appealing,3,3,0
somewhat_apologetic,3,3,0
somewhat_condescending,3,3,0
still_bored,3,3,0
commonly_misunderstood,3,3,0
less_delusional,3,3,0
somewhat_enjoyable,3,3,0
commonly_present,3,3,0
clearly_american,3,2,1
wonderfully_wrong,3,3,0
somewhat_dysfunctional,3,3,0
about_delicious,3,3,0
somewhat_distressing,3,2,1
wonderfully_witty,3,3,0
less_derivative,3,1,2
less_litigious,3,1,2
somewhat_disconcerting,3,3,0
wonderfully_welcoming,3,3,0
comparatively_bland,3,3,0
somewhat_dangerous,3,1,2
comparatively_mundane,3,2,1
comparatively_expensive,3,2,1
somewhat_cute,3,3,0
comparatively_free,3,3,0
comparatively_harmless,3,3,0
somewhat_cryptic,3,2,1
comparatively_high,3,3,0
less_lovable,3,2,1
somewhat_corrupt,3,3,0
somewhat_cooler,3,3,0
somewhat_cool,3,1,2
somewhat_convincing,3,3,0
somewhat_consistent,3,3,0
less_definite,3,2,1
so_saddening,3,1,2
strangely_interesting,3,2,1
so_sacrosanct,3,2,1
slightly_self-conscious,3,3,0
so_amiable,3,3,0
so_amenable,3,3,0
decidedly_american,3,2,1
super_squishy,3,3,0
so_amateur,3,3,0
so_altruistic,3,2,1
super_steamy,3,2,1
super_steep,3,3,0
so_akin,3,2,1
decidedly_british,3,2,1
so_aimless,3,3,0
so_agonizing,3,3,0
largely_available,3,3,0
so_aghast,3,3,0
so_aged,3,3,0
super_straightforward,3,2,1
so_affable,3,2,1
decidedly_cool,3,2,1
so_adjacent,3,3,0
decidedly_creepy,3,2,1
literally_explosive,3,3,0
blindly_obedient,3,3,0
literally_false,3,1,2
literally_full,3,3,0
super_surprising,3,2,1
literally_homeless,3,3,0
literally_identical,3,3,0
blindingly_white,3,3,0
so_academic,3,2,1
so_amoral,3,2,1
so_amused,3,2,1
blissfully_free,3,3,0
so_assertive,3,2,1
super_reliable,3,3,0
likewise_hard,3,3,0
boldly_experimental,3,1,2
boldly_different,3,1,2
so_awash,3,2,1
absolutely_complete,3,3,0
super_rude,3,3,0
so_authoritative,3,0,3
super_sarcastic,3,2,1
largely_conservative,3,3,0
deceptively_calm,3,3,0
deceptively_clever,3,2,1
super_scared,3,3,0
so_aspirational,3,2,1
so_analytical,3,3,0
largely_complete,3,3,0
literally_alive,3,3,0
so_artful,3,3,0
largely_circumstantial,3,3,0
so_armed,3,3,0
so_argumentative,3,3,0
literally_available,3,3,0
blissfully_simple,3,2,1
blissfully_quiet,3,3,0
so_antsy,3,3,0
so_anti-social,3,3,0
so_anemic,3,3,0
literally_crazy,3,3,0
largely_apathetic,3,3,0
blindingly_stupid,3,2,1
so_absorbing,3,1,2
slightly_smoky,3,2,1
slightly_threatening,3,3,0
slightly_technical,3,2,1
little_intimidating,3,2,1
decidedly_quirky,3,2,1
slightly_surprising,3,3,0
absolutely_confused,3,3,0
slightly_subversive,3,0,3
little_perplexing,3,3,0
slightly_stressful,3,3,0
slightly_stiff,3,3,0
little_sadder,3,2,1
slightly_spiritual,3,1,2
little_scarier,3,1,2
slightly_slow,3,3,0
decidedly_negative,3,3,0
little_slower,3,2,1
slightly_skewed,3,3,0
little_surprising,3,3,0
slightly_sick,3,3,0
kinda_true,3,3,0
slightly_shocked,3,3,0
decidedly_unconventional,3,3,0
decidedly_uncool,3,0,3
decidedly_undemocratic,3,1,2
kinda_tricky,3,3,0
little_troubling,3,1,2
slightly_sexier,3,1,2
decidedly_unhealthy,3,1,2
super_unfair,3,3,0
slightly_ugly,3,1,2
super_tense,3,3,0
slightly_vulnerable,3,1,2
slyly_subversive,3,2,1
decidedly_familiar,3,1,2
slyly_hilarious,3,3,0
decidedly_feminine,3,1,2
decidedly_fishy,3,1,2
largely_accurate,3,3,0
decidedly_french,3,1,2
wildly_negative,3,3,0
slightly_worrisome,3,3,0
slightly_white,3,3,0
slightly_whimsical,3,2,1
decidedly_hostile,3,3,0
decidedly_inferior,3,2,1
literally_useless,3,3,0
slightly_unaffordable,3,3,0
slightly_unwell,3,3,0
slightly_unsure,3,2,1
slightly_unseemly,3,0,3
slightly_unpredictable,3,2,1
little_bigger,3,2,1
slightly_unfocused,3,3,0
decidedly_magical,3,0,3
little_cheaper,3,3,0
little_confused,3,3,0
decidedly_mediocre,3,3,0
little_confusing,3,3,0
slightly_underweight,3,3,0
super_uncomfortable,3,3,0
super_relaxing,3,2,1
so_belligerent,3,2,1
super_refreshing,3,2,1
so_conversant,3,2,1
both_doomed,3,3,0
dangerously_violent,3,3,0
super_humble,3,2,1
super_hungover,3,3,0
so_cosmic,3,1,2
super_ignorant,3,1,2
super_inclusive,3,3,0
darkly_compelling,3,0,3
likely_extinct,3,3,0
super_indulgent,3,2,1
super_inexpensive,3,3,0
darkly_disturbing,3,3,0
so_conversational,3,1,2
so_conventional,3,2,1
dangerously_unhealthy,3,3,0
both_dark,3,3,0
both_cute,3,3,0
super_informative,3,3,0
both_curious,3,3,0
likely_fake,3,3,0
super_judgmental,3,2,1
likely_happy,3,3,0
so_confidential,3,2,1
darkly_sexy,3,2,1
so_conditional,3,1,2
so_concrete,3,2,1
so_concise,3,3,0
darkly_witty,3,3,0
likely_disappointed,3,3,0
both_effective,3,3,0
so_complicit,3,3,0
super_glad,3,3,0
super_freaky,3,1,2
both_free,3,3,0
dangerously_lawless,3,3,0
super_frustrated,3,3,0
super_full,3,3,0
so_dehydrated,3,3,0
so_deft,3,2,1
so_decorative,3,3,0
so_deceptive,3,1,2
both_false,3,3,0
dangerously_polluted,3,3,0
dangerously_powerful,3,1,2
both_fair,3,3,0
so_damp,3,3,0
dangerously_unaware,3,3,0
likely_close,3,2,1
dangerously_seductive,3,1,2
so_damaged,3,3,0
likely_correct,3,3,0
so_custom,3,3,0
wildly_overrated,3,3,0
super_green,3,3,0
so_cuddly,3,0,3
super_gross,3,1,2
both_enlightening,3,3,0
super_grumpy,3,3,0
dangerously_thin,3,3,0
likely_different,3,3,0
both_complex,3,3,0
darn_amazing,3,1,2
deathly_sick,3,3,0
so_boyish,3,2,1
super_obese,3,3,0
super_obsessed,3,3,0
likely_tired,3,3,0
wildly_outdated,3,3,0
so_canadian,3,3,0
super_optimistic,3,3,0
super_organic,3,3,0
so_bumpy,3,3,0
so_brooding,3,3,0
so_brisk,3,2,1
super_perfect,3,3,0
super_persistent,3,3,0
so_breathless,3,3,0
so_bombastic,3,2,1
both_accessible,3,3,0
so_boisterous,3,3,0
likely_untrue,3,3,0
super_predictable,3,2,1
dead_easy,3,3,0
likely_vulnerable,3,3,0
bone_dry,3,2,1
dead_tired,3,3,0
deadly_afraid,3,3,0
deadly_dangerous,3,2,1
deadly_quiet,3,3,0
so_biological,3,1,2
deathly_allergic,3,3,0
deathly_scared,3,2,1
super_noisy,3,3,0
so_changeable,3,2,1
so_compliant,3,2,1
darn_glad,3,3,0
darn_awesome,3,2,1
super_late,3,3,0
darn_bad,3,3,0
darn_beautiful,3,3,0
super_lean,3,3,0
likely_insufficient,3,2,1
super_limited,3,3,0
so_colorless,3,2,1
likely_irreversible,3,3,0
so_coincidental,3,1,2
likely_necessary,3,3,0
largely_harmless,3,3,0
super_moist,3,3,0
so_classical,3,0,3
likely_several,3,3,0
so_civilised,3,3,0
so_circumspect,3,3,0
darn_important,3,3,0
darn_inconvenient,3,3,0
so_choosy,3,3,0
darn_lazy,3,3,0
both_angry,3,3,0
largely_forgettable,3,3,0
darn_negative,3,3,0
super_nerdy,3,1,2
both_alive,3,3,0
both_afraid,3,3,0
both_affordable,3,3,0
slightly_serious,3,2,1
slightly_seedy,3,1,2
less_respected,3,3,0
slightly_sarcastic,3,2,1
deeply_pathetic,3,1,2
slightly_coarse,3,2,1
deeply_pernicious,3,1,2
longer_easy,3,3,0
absolutely_disgraceful,3,3,0
deeply_pleasurable,3,2,1
longer_essential,3,2,1
kinda_fancy,3,3,0
surely_right,3,3,0
slightly_bumpy,3,3,0
longer_evident,3,3,0
kinda_familiar,3,0,3
wildly_experimental,3,2,1
surely_true,3,3,0
surely_valid,3,3,0
deeply_psychedelic,3,1,2
deeply_questionable,3,3,0
deeply_radical,3,0,3
deeply_reactionary,3,3,0
deeply_real,3,0,3
slightly_blue,3,2,1
slightly_bittersweet,3,1,2
blatantly_commercial,3,1,2
deeply_remorseful,3,2,1
slightly_beneficial,3,3,0
longer_habitable,3,3,0
deeply_repulsive,3,0,3
deeply_resistant,3,3,0
slightly_baffling,3,3,0
slightly_comfortable,3,3,0
slightly_complicated,3,1,2
slightly_condescending,3,2,1
deeply_melancholic,3,1,2
kinda_important,3,0,3
kinda_hot,3,3,0
deeply_liberating,3,0,3
longer_common,3,3,0
absolutely_despicable,3,1,2
slightly_disgusting,3,2,1
deeply_lonely,3,3,0
supremely_unqualified,3,3,0
longer_complete,3,3,0
deeply_lyrical,3,2,1
absolutely_devoted,3,0,3
blatantly_fraudulent,3,3,0
kinda_happy,3,3,0
slightly_daunting,3,2,1
surely_legitimate,3,3,0
surely_attributable,3,3,0
longer_contagious,3,3,0
deeply_moral,3,2,1
deeply_musical,3,3,0
kinda_glad,3,3,0
slightly_crude,3,1,2
longer_convenient,3,3,0
surely_excited,3,3,0
blatantly_evil,3,1,2
slightly_creamy,3,1,2
deeply_obscure,3,3,0
surely_innocent,3,3,0
deeply_obsessed,3,2,1
slightly_bad,3,2,1
longer_hard,3,3,0
slightly_aware,3,3,0
surprisingly_clever,3,3,0
deeply_transformational,3,2,1
sinfully_sexy,3,1,2
sincerely_remorseful,3,3,0
kinda_busy,3,3,0
sincerely_religious,3,2,1
surprisingly_challenging,3,3,0
deeply_underwater,3,3,0
surprisingly_charming,3,2,1
sincerely_appreciative,3,3,0
deeply_uninformed,3,2,1
simultaneously_visible,3,3,0
surprisingly_clear,3,3,0
simultaneously_sad,3,2,1
longer_realistic,3,3,0
longer_productive,3,3,0
kinda_big,3,1,2
deeply_unsatisfactory,3,2,1
deeply_unsettled,3,3,0
deeply_unsympathetic,3,2,1
longer_responsive,3,3,0
longer_rewarding,3,3,0
simultaneously_exhilarating,3,3,0
simultaneously_exciting,3,2,1
simultaneously_esoteric,3,0,3
surprisingly_compelling,3,3,0
deeply_worrisome,3,1,2
absolutely_enthralling,3,2,1
simultaneously_alive,3,3,0
singularly_beautiful,3,0,3
singularly_important,3,3,0
deeply_reverent,3,1,2
slightly_ambivalent,3,3,0
longer_healthy,3,3,0
kinda_disappointed,3,3,0
absolutely_doable,3,2,1
kinda_difficult,3,3,0
wildly_enjoyable,3,1,2
longer_intact,3,3,0
slightly_archaic,3,3,0
slightly_apocalyptic,3,1,2
deeply_sexist,3,3,0
deeply_sexual,3,1,2
deeply_shallow,3,1,2
deeply_shameful,3,0,3
blatantly_anti-semitic,3,3,0
longer_misunderstood,3,3,0
longer_popular,3,3,0
deeply_social,3,1,2
kinda_crappy,3,3,0
slightly_afloat,3,3,0
slightly_addictive,3,2,1
slightly_active,3,3,0
slightly_abstract,3,1,2
slightly_above,3,3,0
slightly_abnormal,3,3,0
longer_opaque,3,3,0
blatantly_absurd,3,3,0
singularly_significant,3,1,2
deeply_tender,3,1,2
absolutely_electric,3,2,1
longer_clear,3,3,0
slightly_drier,3,3,0
supremely_stylish,3,3,0
kinda_sick,3,2,1
supposedly_able,3,3,0
supposedly_bad,3,3,0
logically_flawed,3,3,0
slightly_obscene,3,1,2
slightly_oblique,3,3,0
supposedly_bigger,3,2,1
slightly_nostalgic,3,3,0
slightly_nice,3,0,3
slightly_newer,3,2,1
deeply_compassionate,3,3,0
supposedly_healthy,3,3,0
kinda_silly,3,3,0
slightly_nefarious,3,1,2
deeply_contemplative,3,3,0
superficially_subordinate,3,3,0
kinda_shy,3,3,0
kinda_shocked,3,3,0
slightly_mundane,3,2,1
logically_invalid,3,3,0
slightly_missing,3,1,2
slightly_misguided,3,2,1
deeply_cruel,3,1,2
slightly_melancholy,3,2,1
absolutely_corrupt,3,3,0
deeply_deceptive,3,0,3
supposedly_wrong,3,1,2
kinda_realistic,3,2,1
supremely_awesome,3,2,1
deeply_catholic,3,3,0
logically_coherent,3,3,0
slightly_liberal,3,3,0
kinda_surprised,3,3,0
slightly_sadistic,3,1,2
slightly_rougher,3,1,2
slightly_romantic,3,1,2
slightly_risque,3,2,1
slightly_risky,3,1,2
blazingly_obvious,3,3,0
slightly_retro,3,0,3
super_wet,3,2,1
little_unpleasant,3,0,3
slightly_relaxed,3,3,0
blazingly_hot,3,3,0
little_unsettling,3,3,0
slightly_rebellious,3,2,1
slightly_racist,3,1,2
kinda_smart,3,3,0
deeply_addicted,3,2,1
slightly_puffy,3,3,0
slightly_psychotic,3,3,0
super_wide,3,3,0
kinda_strange,3,2,1
deeply_annoying,3,2,1
deeply_antagonistic,3,3,0
slightly_poisonous,3,3,0
deeply_artistic,3,1,2
locally_famous,3,3,0
superficially_appealing,3,1,2
deeply_authentic,3,0,3
slightly_pathetic,3,0,3
deeply_devout,3,3,0
logistically_impractical,3,3,0
deeply_irresponsible,3,1,2
supremely_narcissistic,3,3,0
slightly_futuristic,3,2,1
deeply_horrifying,3,2,1
supremely_indifferent,3,3,0
deeply_humane,3,2,1
deeply_humbled,3,3,0
deeply_humorous,3,2,1
slightly_fresh,3,1,2
wildly_idiosyncratic,3,3,0
deeply_ideological,3,1,2
deeply_imaginative,3,3,0
slightly_flawed,3,3,0
slightly_flatter,3,3,0
longer_appealing,3,3,0
wildly_high,3,3,0
absolutely_delectable,3,2,1
slightly_experimental,3,2,1
slightly_expensive,3,3,0
deeply_informative,3,2,1
supremely_proud,3,3,0
slightly_elusive,3,1,2
kinda_lazy,3,3,0
slightly_elliptical,3,3,0
slightly_eerie,3,0,3
supremely_soothing,3,0,3
slightly_dusty,3,2,1
longer_cheap,3,3,0
deeply_invigorating,3,1,2
deeply_irrational,3,0,3
deeply_honest,3,1,2
deeply_haunting,3,1,2
slightly_jarring,3,3,0
deeply_existential,3,0,3
deeply_dubious,3,0,3
deeply_earnest,3,1,2
deeply_eccentric,3,2,1
long_due,3,0,3
deeply_empathetic,3,2,1
slightly_inhuman,3,0,3
supremely_difficult,3,3,0
deeply_engaging,3,1,2
wildly_incompetent,3,3,0
kinda_partial,3,3,0
deeply_erotic,3,1,2
slightly_imprecise,3,3,0
deeply_exciting,3,1,2
deeply_faithful,3,3,0
slightly_gross,3,2,1
slightly_hysterical,3,3,0
long_outdated,3,3,0
absolutely_dead,3,2,1
blatantly_misogynistic,3,3,0
blatantly_misleading,3,3,0
slightly_helpful,3,3,0
slightly_hazy,3,1,2
slightly_harmful,3,1,2
deeply_godly,3,0,3
supremely_good,3,3,0
deeply_gratified,3,3,0
slightly_grotesque,3,2,1
deeply_happy,3,2,1
so_demeaning,3,0,3
dangerously_inaccurate,3,3,0
likely_asleep,3,3,0
dangerously_ignorant,3,3,0
less_spooky,3,1,2
less_sporty,3,2,1
less_stark,3,2,1
so_minded,3,3,0
so_militaristic,3,2,1
willfully_unaware,3,3,0
so_methodical,3,0,3
so_merciful,3,2,1
so_menial,3,1,2
above_proficient,3,3,0
criminally_corrupt,3,3,0
structurally_flawed,3,2,1
structurally_identical,3,3,0
so_meager,3,2,1
less_strategic,3,3,0
less_streamlined,3,2,1
least_aware,3,3,0
so_masculine,3,3,0
willfully_obscure,3,3,0
so_male,3,3,0
brilliantly_insightful,3,3,0
lawfully_payable,3,3,0
criminally_underused,3,3,0
criminally_wrong,3,1,2
stubbornly_independent,3,3,0
critically_admired,3,3,0
stubbornly_predictable,3,3,0
so_lurid,3,1,2
willfully_misunderstood,3,3,0
woefully_bad,3,3,0
creatively_satisfying,3,2,1
so_most,3,3,0
so_nerdy,3,1,2
broadly_funny,3,3,0
crazy_beautiful,3,1,2
so_obese,3,3,0
legally_competent,3,3,0
crazy_excited,3,3,0
strongly_concerned,3,2,1
so_noteworthy,3,2,1
so_notable,3,1,2
less_small,3,1,2
so_nonstop,3,3,0
broadly_compatible,3,3,0
strongly_democratic,3,3,0
creatively_bankrupt,3,2,1
creatively_challenging,3,1,2
least_satisfied,3,3,0
so_nefarious,3,1,2
woefully_ineffective,3,3,0
broadly_accessible,3,2,1
so_naturalistic,3,3,0
legally_accountable,3,2,1
above_excellent,3,3,0
strongly_influential,3,3,0
brilliantly_unique,3,1,2
creatively_inclined,3,3,0
creatively_interesting,3,3,0
so_mystifying,3,2,1
so_myopic,3,3,0
above_mediocre,3,3,0
less_stubborn,3,1,2
stunningly_better,3,2,1
less_stunning,3,2,1
substantially_heavier,3,2,1
so_jewish,3,2,1
so_itchy,3,3,0
culturally_american,3,3,0
less_tacky,3,0,3
substantially_certain,3,3,0
less_tactful,3,3,0
substantially_contiguous,3,3,0
briefly_unavailable,3,3,0
culturally_challenging,3,3,0
substantially_equal,3,3,0
culturally_creative,3,2,1
absolutely_alien,3,1,2
culturally_difficult,3,3,0
less_technological,3,1,2
brilliantly_alive,3,2,1
so_internal,3,1,2
less_temporary,3,1,2
so_interchangeable,3,3,0
less_tempting,3,2,1
laughably_easy,3,3,0
substantially_older,3,2,1
substantially_overweight,3,3,0
so_insufferable,3,2,1
substantially_parallel,3,3,0
laughably_cliched,3,3,0
so_insincere,3,2,1
wildly_untrue,3,3,0
so_inscrutable,3,2,1
willfully_disingenuous,3,3,0
so_junior,3,2,1
absolutely_abhorrent,3,2,1
laughably_stupid,3,2,1
critically_dry,3,3,0
stunningly_difficult,3,3,0
stunningly_gorgeous,3,3,0
absolutely_able,3,3,0
stunningly_obvious,3,1,2
so_long-winded,3,2,1
so_long-lasting,3,2,1
less_sublime,3,1,2
laughably_terrible,3,3,0
critically_successful,3,3,0
so_loath,3,3,0
less_submissive,3,2,1
absolutely_absent,3,3,0
stunningly_stupid,3,1,2
crushingly_dull,3,3,0
so_linear,3,2,1
less_subversive,3,1,2
brilliantly_creative,3,2,1
stupidly_awesome,3,2,1
stupidly_easy,3,2,1
so_legitimate,3,3,0
so_largest,3,3,0
so_large-scale,3,3,0
absolutely_achievable,3,3,0
so_labor-intensive,3,2,1
so_knowledgable,3,1,2
so_kinky,3,3,0
laughably_low,3,3,0
less_sloppy,3,1,2
so_obstinate,3,3,0
so_obtrusive,3,1,2
so_pungent,3,2,1
legally_resident,3,2,1
less_rude,3,3,0
so_rampant,3,1,2
strategically_critical,3,2,1
less_runny,3,2,1
so_rabid,3,3,0
so_quotable,3,3,0
less_ruthless,3,1,2
brutally_simple,3,3,0
constitutionally_dubious,3,3,0
less_saccharine,3,0,3
constitutionally_invalid,3,3,0
wonderfully_amazing,3,2,1
wonderfully_absurd,3,2,1
strangely_unreal,3,2,1
strictly_accurate,3,3,0
constitutionally_unable,3,2,1
so_protracted,3,3,0
contextually_appropriate,3,2,1
strictly_better,3,3,0
strictly_black,3,3,0
woefully_unqualified,3,3,0
legally_obligated,3,3,0
woefully_unfit,3,0,3
strictly_cosmetic,3,2,1
continually_active,3,3,0
strictly_dependent,3,3,0
so_probable,3,3,0
wonderfully_appealing,3,1,2
strangely_therapeutic,3,0,3
less_scholarly,3,2,1
wonderfully_awesome,3,1,2
so_saccharine,3,2,1
so_round,3,2,1
casually_cruel,3,3,0
constantly_afraid,3,2,1
so_rife,3,3,0
strangely_mesmerizing,3,0,3
so_reverent,3,3,0
strangely_peaceful,3,3,0
so_restful,3,1,2
strangely_pleasing,3,0,3
strangely_poetic,3,1,2
so_resonant,3,1,2
strangely_poignant,3,1,2
strangely_prescient,3,2,1
brutally_unforgiving,3,3,0
about_tasty,3,3,0
constantly_exciting,3,2,1
strangely_real,3,1,2
so_renowned,3,1,2
legally_sound,3,3,0
legally_separate,3,3,0
constantly_hungry,3,3,0
strangely_seductive,3,1,2
brutally_wrong,3,2,1
less_risque,3,0,3
wonderfully_atmospheric,3,2,1
strangely_sweet,3,1,2
so_refined,3,1,2
woefully_uneducated,3,3,0
brutally_obvious,3,3,0
strikingly_unusual,3,0,3
woefully_misguided,3,3,0
less_sexist,3,2,1
conventionally_handsome,3,2,1
strictly_technical,3,3,0
less_shameful,3,1,2
about_willing,3,3,0
strictly_utilitarian,3,2,1
less_short,3,3,0
so_paltry,3,2,1
about_worth,3,3,0
strikingly_alive,3,3,0
strikingly_attractive,3,3,0
strikingly_close,3,2,1
less_sick,3,3,0
strikingly_fresh,3,3,0
broadly_useful,3,2,1
so_orange,3,3,0
strikingly_intimate,3,2,1
cosmetically_flawed,3,3,0
woefully_low,3,3,0
strikingly_modern,3,3,0
strikingly_odd,3,2,1
strikingly_personal,3,3,0
crazily_busy,3,3,0
strikingly_successful,3,3,0
so_official,3,1,2
strikingly_tall,3,3,0
so_offbeat,3,2,1
so_off,3,3,0
about_weird,3,3,0
strictly_scientific,3,3,0
so_prickly,3,3,0
strictly_man-made,3,3,0
strictly_fluid,3,0,3
less_secretive,3,3,0
strictly_informational,3,3,0
legally_intoxicated,3,1,2
continuously_homeless,3,3,0
so_pragmatic,3,1,2
strictly_linear,3,3,0
continuously_open,3,3,0
so_possessive,3,3,0
brutally_funny,3,3,0
less_secular,3,3,0
so_pornographic,3,3,0
legally_innocent,3,3,0
less_sedentary,3,1,2
strictly_religious,3,3,0
strictly_nonpartisan,3,3,0
less_self-evident,3,3,0
strictly_organic,3,3,0
conveniently_dead,3,3,0
conveniently_enough,3,2,1
woefully_underdeveloped,3,3,0
strictly_private,3,3,0
so_philosophical,3,2,1
strictly_psychological,3,2,1
legally_impossible,3,3,0
strictly_realistic,3,3,0
so_perverted,3,3,0
so_perplexed,3,3,0
substantively_wrong,3,0,3
culturally_liberal,3,3,0
subtly_appealing,3,1,2
so_eye-opening,3,2,1
absolutely_bewildering,3,3,0
less_wary,3,3,0
both_rich,3,3,0
both_responsible,3,3,0
largely_speculative,3,3,0
suitably_ridiculous,3,1,2
damn_excited,3,3,0
damn_exciting,3,3,0
damn_exhausting,3,3,0
both_related,3,3,0
so_facile,3,2,1
super_accessible,3,3,0
so_fab,3,2,1
damn_friendly,3,3,0
suitably_epic,3,2,1
super_accurate,3,3,0
both_rare,3,3,0
both_qualified,3,3,0
super_affectionate,3,3,0
so_exorbitant,3,3,0
super_apologetic,3,3,0
so_exhaustive,3,1,2
damn_heavy,3,3,0
super_appealing,3,2,1
super_appreciative,3,3,0
both_physical,3,3,0
damn_inspiring,3,2,1
super_baggy,3,2,1
suitably_evil,3,0,3
both_scared,3,3,0
so_erroneous,3,2,1
damn_annoying,3,3,0
sufficiently_satisfied,3,3,0
sufficiently_secure,3,2,1
both_stylish,3,3,0
absolutely_baffling,3,2,1
largely_unavoidable,3,3,0
sufficiently_short,3,3,0
currently_wrong,3,0,3
sufficiently_solid,3,2,1
less_vile,3,1,2
so_flush,3,2,1
both_social,3,3,0
sufficiently_substantive,3,0,3
so_fluent,3,3,0
absolutely_basic,3,1,2
both_scary,3,3,0
absolutely_believable,3,2,1
so_flavourful,3,2,1
damn_boring,3,3,0
so_flagrant,3,2,1
damn_catchy,3,3,0
damn_cheap,3,3,0
damn_cheerful,3,3,0
absolutely_better,3,2,1
both_shy,3,3,0
suitably_awful,3,2,1
both_serious,3,3,0
largely_supportive,3,2,1
less_voracious,3,3,0
super_bold,3,2,1
both_obvious,3,3,0
so_frenetic,3,3,0
super_extreme,3,2,1
so_doable,3,3,0
less_zealous,3,3,0
both_informative,3,3,0
so_disturbed,3,2,1
dang_cool,3,3,0
both_ineffective,3,3,0
super_durable,3,3,0
absolutely_capable,3,2,1
so_disoriented,3,3,0
so_disingenuous,3,1,2
so_disheveled,3,1,2
so_disheartened,3,3,0
so_disgruntled,3,2,1
both_honest,3,3,0
so_dogmatic,3,3,0
dangerously_beautiful,3,0,3
so_disagreeable,3,3,0
lightly_warm,3,3,0
both_heartbreaking,3,3,0
both_guilty,3,3,0
super_fat,3,3,0
largely_non-existent,3,3,0
both_gorgeous,3,3,0
largely_neutral,3,2,1
largely_negative,3,3,0
so_desirous,3,3,0
super_flavorful,3,2,1
so_dependant,3,3,0
damn_wrong,3,2,1
damn_weird,3,3,0
super_bummed,3,3,0
so_electrifying,3,1,2
so_enviable,3,3,0
so_english,3,2,1
damn_painful,3,3,0
so_endemic,3,1,2
largely_reliant,3,3,0
super_clingy,3,3,0
so_emotive,3,1,2
less_windy,3,3,0
so_eminent,3,1,2
super_compact,3,3,0
damn_rare,3,3,0
largely_redundant,3,2,1
so_eligible,3,3,0
so_elderly,3,3,0
so_dorky,3,2,1
damn_serious,3,3,0
so_elastic,3,2,1
super_conservative,3,3,0
less_workable,3,3,0
so_educational,3,2,1
super_crisp,3,3,0
largely_predictable,3,3,0
damn_strange,3,3,0
super_detailed,3,2,1
both_inspiring,3,3,0
damn_unique,3,1,2
wildly_positive,3,3,0
damn_useful,3,3,0
sufficiently_robust,3,3,0
both_sweet,3,3,0
wildly_unsustainable,3,2,1
so_hyper,3,3,0
so_impotent,3,3,0
suddenly_dead,3,3,0
breathtakingly_bonkers,3,3,0
so_immune,3,3,0
curiously_entertaining,3,3,0
suddenly_free,3,2,1
less_trivial,3,1,2
absolutely_asinine,3,3,0
so_immaculate,3,3,0
suddenly_homeless,3,2,1
suddenly_ill,3,3,0
so_identifiable,3,2,1
so_identical,3,3,0
suddenly_ok,3,3,0
suddenly_curious,3,3,0
so_hungover,3,3,0
so_humbled,3,3,0
suddenly_perfect,3,2,1
less_uncommon,3,3,0
suddenly_sick,3,3,0
less_unfair,3,1,2
so_honourable,3,2,1
wildly_unique,3,0,3
so_homogeneous,3,3,0
so_hokey,3,2,1
so_high-profile,3,1,2
less_unknown,3,3,0
suddenly_visible,3,3,0
so_impoverished,3,1,2
so_impressionable,3,3,0
suddenly_worried,3,3,0
successfully_complete,3,3,0
laughably_awful,3,3,0
culturally_offensive,3,3,0
laughably_absurd,3,3,0
absolutely_antithetical,3,1,2
subtly_humorous,3,1,2
culturally_powerful,3,0,3
subtly_racist,3,2,1
breathtakingly_new,3,1,2
subtly_sexy,3,0,3
so_inexcusable,3,3,0
culturally_related,3,3,0
subtly_sinister,3,0,3
so_ineffectual,3,1,2
less_timely,3,3,0
curiously_close,3,1,2
so_indistinguishable,3,3,0
less_tolerable,3,3,0
less_torturous,3,2,1
so_indestructible,3,2,1
later_prominent,3,3,0
so_indelible,3,3,0
culturally_superior,3,2,1
so_incremental,3,3,0
later_involved,3,3,0
suddenly_awash,3,3,0
absolutely_applicable,3,3,0
suddenly_capable,3,3,0
so_improper,3,2,1
largely_unreported,3,2,1
currently_concerned,3,3,0
sufficiently_reliable,3,3,0
both_tragic,3,3,0
so_good-natured,3,2,1
sufficiently_fundamental,3,3,0
so_golden,3,3,0
so_godly,3,0,3
sufficiently_good,3,3,0
currently_retrograde,3,3,0
wildly_unhinged,3,2,1
so_glib,3,2,1
sufficiently_intelligent,3,3,0
so_giant,3,2,1
currently_trendy,3,2,1
so_ghastly,3,2,1
sufficiently_interested,3,3,0
so_geeky,3,0,3
less_usable,3,3,0
sufficiently_low,3,3,0
so_gaudy,3,0,3
so_garish,3,2,1
sufficiently_narrow,3,3,0
both_tired,3,3,0
currently_underwater,3,3,0
both_thoughtful,3,3,0
sufficiently_old,3,3,0
less_varied,3,3,0
both_tender,3,3,0
so_fruitful,3,2,1
less_vertical,3,2,1
so_frigid,3,2,1
so_gory,3,3,0
absolutely_atrocious,3,3,0
currently_confused,3,3,0
so_gut-wrenching,3,1,2
currently_due,3,3,0
both_young,3,3,0
so_healthful,3,1,2
currently_excited,3,3,0
currently_exclusive,3,3,0
sufficiently_available,3,3,0
so_hardworking,3,3,0
currently_healthy,3,3,0
sufficiently_aware,3,3,0
sufficiently_bizarre,3,2,1
sufficiently_broad,3,3,0
currently_ill,3,2,1
less_unreasonable,3,3,0
less_unseemly,3,1,2
largely_unintelligible,3,3,0
sufficiently_confused,3,3,0
currently_low,3,3,0
so_gripping,3,0,3
wildly_uninformed,3,3,0
sufficiently_cool,3,2,1
both_useless,3,3,0
less_upbeat,3,3,0
currently_online,3,3,0
sufficiently_desperate,3,3,0
less_urban,3,2,1
currently_own,3,3,0
largely_uninterested,3,3,0
sufficiently_drunk,3,3,0
rather_regional,3,3,0
immensely_funny,3,2,1
even_nationalist,3,3,0
politically_safe,3,3,0
profoundly_worthy,3,0,3
even_fiery,3,3,0
more_daily,3,3,0
profoundly_upsetting,3,2,1
intensely_annoying,3,3,0
even_flirtatious,3,3,0
initially_excited,3,2,1
politically_smart,3,3,0
profoundly_unhealthy,3,1,2
politically_sophisticated,3,3,0
even_forbidden,3,3,0
profoundly_undemocratic,3,2,1
as_hardline,3,2,1
even_formulaic,3,2,1
politically_strategic,3,3,0
intensely_alive,3,3,0
initially_fearful,3,3,0
even_fragrant,3,3,0
profoundly_subversive,3,2,1
too_notorious,3,3,0
politically_sympathetic,3,3,0
too_novel,3,3,0
profoundly_sinister,3,0,3
more_darker,3,3,0
politically_timid,3,3,0
actually_enough,3,3,0
extraordinarily_sad,3,2,1
politically_touchy,3,2,1
intensely_appealing,3,1,2
extraordinarily_stressful,3,3,0
as_illiquid,3,0,3
intensely_boring,3,3,0
more_japanese,3,3,0
apparently_intractable,3,3,0
actually_emotional,3,3,0
as_identifiable,3,1,2
politically_profitable,3,3,0
politically_questionable,3,3,0
even_external,3,3,0
even_extremist,3,3,0
even_exuberant,3,3,0
politically_reactionary,3,3,0
as_hyper,3,1,2
as_homophobic,3,2,1
actually_endangered,3,3,0
as_historical,3,0,3
even_fatter,3,3,0
as_hesitant,3,3,0
politically_realistic,3,2,1
politically_related,3,3,0
as_hefty,3,3,0
more_islamic,3,3,0
very_naturalistic,3,2,1
prohibitively_complex,3,3,0
intensely_active,3,3,0
even_fruity,3,3,0
profoundly_influential,3,3,0
totally_misunderstood,3,3,0
profoundly_passionate,3,2,1
even_graver,3,3,0
poorly_accessible,3,3,0
too_offended,3,3,0
even_greatest,3,3,0
poorly_educated,3,3,0
even_gritty,3,3,0
too_old-fashioned,3,3,0
profoundly_mysterious,3,0,3
profoundly_moving,3,1,2
profoundly_moral,3,3,0
profoundly_misunderstood,3,3,0
very_tangy,3,3,0
profoundly_mesmerizing,3,3,0
poorly_fitting,3,3,0
poorly_prepared,3,3,0
too_ominous,3,3,0
very_next,3,3,0
very_nimble,3,3,0
profoundly_life-changing,3,2,1
profoundly_liberating,3,0,3
actually_favorable,3,2,1
actually_fearful,3,3,0
profoundly_irritating,3,2,1
even_hellish,3,3,0
extraordinarily_naive,3,3,0
even_graphic,3,3,0
as_groovy,3,3,0
profoundly_pathetic,3,0,3
very_tempted,3,3,0
as_grisly,3,1,2
apparently_lacking,3,1,2
even_furious,3,3,0
extraordinarily_potent,3,3,0
extraordinarily_positive,3,0,3
even_geeky,3,3,0
actually_expensive,3,3,0
more_deaf,3,3,0
profoundly_rewarding,3,2,1
profoundly_real,3,1,2
politically_treacherous,3,3,0
very_negligible,3,2,1
extraordinarily_patient,3,3,0
initially_hard,3,3,0
even_godly,3,3,0
too_obtrusive,3,3,0
even_gory,3,3,0
even_governmental,3,3,0
even_gradual,3,3,0
totally_nasty,3,1,2
initially_hostile,3,3,0
as_glossy,3,3,0
extraordinarily_negative,3,2,1
intellectually_superior,3,3,0
extraordinarily_sweet,3,1,2
politically_opportune,3,3,0
even_exact,3,3,0
extremely_acceptable,3,3,0
psychologically_stressful,3,2,1
psychologically_strange,3,0,3
more_cranky,3,3,0
politically_desperate,3,3,0
psychologically_ready,3,3,0
apparently_illogical,3,2,1
psychologically_necessary,3,3,0
actually_disingenuous,3,3,0
actually_distinctive,3,2,1
apparently_immune,3,2,1
politically_fatal,3,2,1
psychologically_harmful,3,3,0
politically_feeble,3,3,0
too_mortified,3,3,0
more_creepier,3,3,0
politically_friendly,3,3,0
psychologically_disturbing,3,3,0
extravagantly_beautiful,3,3,0
actually_doable,3,3,0
as_indefensible,3,1,2
even_doomed,3,3,0
very_theological,3,2,1
as_incorrect,3,1,2
more_crippling,3,2,1
psychologically_dangerous,3,2,1
politically_critical,3,3,0
too_moody,3,3,0
initially_difficult,3,3,0
initially_anxious,3,2,1
publicly_embarrassing,3,2,1
totally_passive,3,3,0
more_lame,3,3,0
totally_passionate,3,1,2
actually_deserving,3,1,2
more_counter-intuitive,3,1,2
even_depraved,3,3,0
too_mobile,3,3,0
even_derelict,3,3,0
more_counterintuitive,3,1,2
more_lackluster,3,3,0
as_inflammatory,3,0,3
as_infinite,3,2,1
even_detailed,3,3,0
more_korean,3,3,0
too_monochromatic,3,3,0
as_ineffectual,3,2,1
psychologically_unfit,3,3,0
extremely_adverse,3,3,0
as_industrious,3,2,1
even_disconcerting,3,2,1
extremely_adventurous,3,3,0
extremely_adorable,3,3,0
psychologically_true,3,3,0
totally_overwhelmed,3,2,1
too_mountainous,3,3,0
even_drastic,3,3,0
psychologically_complex,3,2,1
extraordinarily_wonderful,3,1,2
too_muslim,3,3,0
totally_off,3,3,0
too_muted,3,2,1
proudly_australian,3,2,1
proportionally_correct,3,3,0
intensely_comforting,3,0,3
politically_inspired,3,3,0
more_crumbly,3,3,0
even_enigmatic,3,2,1
as_impassioned,3,3,0
politically_interesting,3,2,1
as_impartial,3,2,1
politically_left-leaning,3,3,0
totally_odd,3,1,2
properly_related,3,3,0
politically_militant,3,3,0
as_immutable,3,2,1
very_terse,3,3,0
properly_political,3,3,0
intensely_cathartic,3,1,2
properly_ours,3,2,1
as_immaterial,3,0,3
too_narcissistic,3,3,0
intensely_busy,3,3,0
even_evocative,3,2,1
as_impractical,3,0,3
even_elementary,3,3,0
proudly_ignorant,3,2,1
as_incidental,3,2,1
extraordinarily_welcoming,3,2,1
psychologically_challenging,3,3,0
extraordinarily_weird,3,1,2
totally_offensive,3,3,0
even_drier,3,3,0
apparently_incapable,3,2,1
even_drinkable,3,3,0
initially_critical,3,2,1
actually_drunk,3,3,0
even_due,3,3,0
even_dystopian,3,3,0
psychologically_absent,3,3,0
even_elaborate,3,3,0
more_crispy,3,2,1
as_inactive,3,2,1
even_eco-friendly,3,3,0
even_edifying,3,3,0
politically_incendiary,3,3,0
very_themed,3,3,0
as_impressionable,3,1,2
totally_offbeat,3,0,3
proudly_nationalistic,3,3,0
extraordinarily_unusual,3,1,2
intensely_controversial,3,3,0
profoundly_insightful,3,1,2
even_highest,3,3,0
even_defunct,3,3,0
extraordinarily_anxious,3,3,0
possibly_infinite,3,3,0
more_diminutive,3,2,1
as_electric,3,2,1
possibly_inflammatory,3,3,0
even_limitless,3,3,0
even_listenable,3,3,0
more_inquisitive,3,3,0
as_eerie,3,3,0
probably_unconstitutional,3,3,0
more_inoffensive,3,2,1
totally_lovely,3,2,1
more_directional,3,0,3
probably_unable,3,3,0
even_loath,3,3,0
actually_hopeful,3,2,1
as_easier,3,1,2
possibly_lethal,3,3,0
too_pliable,3,3,0
even_looser,3,2,1
initially_unknown,3,3,0
possibly_long,3,3,0
probably_tough,3,1,2
too_plump,3,3,0
too_poetic,3,3,0
actually_hot,3,2,1
very_opportunistic,3,2,1
as_embarrassed,3,3,0
possibly_mad,3,3,0
even_left-leaning,3,3,0
extraordinarily_bright,3,2,1
even_jarring,3,3,0
professionally_dry,3,3,0
professionally_detailed,3,3,0
as_enlightening,3,3,0
even_joint,3,3,0
very_succesful,3,3,0
more_didactic,3,3,0
professionally_challenging,3,3,0
intellectually_handicapped,3,3,0
probably_worthy,3,3,0
very_operatic,3,1,2
totally_ludicrous,3,2,1
possibly_hostile,3,3,0
as_engaging,3,3,0
as_endless,3,3,0
even_lackluster,3,3,0
as_endangered,3,3,0
as_enchanting,3,3,0
possibly_hungover,3,3,0
even_lavish,3,3,0
probably_upset,3,2,1
possibly_identical,3,3,0
probably_unrelated,3,2,1
possibly_immoral,3,3,0
very_stunned,3,3,0
intellectually_dubious,3,3,0
intellectually_shallow,3,2,1
even_mindful,3,3,0
even_minimalistic,3,3,0
extra_enjoyable,3,2,1
probably_racist,3,2,1
more_disgusted,3,3,0
probably_present,3,3,0
possibly_open,3,2,1
even_misogynistic,3,3,0
as_disappointing,3,3,0
possibly_orange,3,3,0
possibly_other,3,2,1
possibly_pregnant,3,3,0
as_diffuse,3,1,2
as_dicey,3,1,2
probably_permanent,3,3,0
possibly_psychotic,3,3,0
probably_overkill,3,3,0
more_informational,3,3,0
actually_impressive,3,2,1
too_precocious,3,3,0
very_out,3,1,2
probably_nicer,3,3,0
too_prepared,3,3,0
probably_nervous,3,3,0
possibly_red,3,3,0
very_outlandish,3,2,1
probably_rare,3,3,0
even_microscopic,3,3,0
very_stuffy,3,3,0
very_structured,3,2,1
probably_smart,3,3,0
as_dreary,3,1,2
probably_small,3,2,1
initially_unpopular,3,3,0
even_magnetic,3,3,0
even_magnificent,3,3,0
probably_skeptical,3,3,0
actually_hurtful,3,3,0
too_polished,3,2,1
probably_sincere,3,3,0
as_dorky,3,2,1
possibly_malicious,3,3,0
even_manic,3,3,0
as_doomed,3,3,0
possibly_native,3,3,0
too_polluted,3,1,2
more_discoverable,3,3,0
actually_identical,3,3,0
as_divergent,3,1,2
possibly_negative,3,2,1
too_pop,3,3,0
admittedly_false,3,3,0
as_dissatisfied,3,3,0
even_melodramatic,3,3,0
more_discriminatory,3,3,0
possibly_harder,3,3,0
even_israeli,3,3,0
even_islamic,3,3,0
positively_negative,3,1,2
very_noticable,3,3,0
too_pagan,3,3,0
very_symbiotic,3,3,0
as_fastidious,3,2,1
as_farcical,3,2,1
positively_rabid,3,2,1
even_incendiary,3,3,0
totally_miserable,3,2,1
even_inclusive,3,3,0
too_panicked,3,3,0
even_inconclusive,3,3,0
as_factual,3,3,0
totally_minor,3,2,1
even_incriminating,3,3,0
profoundly_democratic,3,0,3
profoundly_deep,3,1,2
as_facile,3,1,2
even_indicative,3,3,0
even_indie,3,3,0
more_interdisciplinary,3,2,1
possibly_afoot,3,2,1
too_parochial,3,2,1
possibly_armed,3,3,0
even_indigenous,3,3,0
very_swell,3,3,0
more_intolerant,3,3,0
even_impassable,3,3,0
too_perplexing,3,3,0
totally_misinformed,3,3,0
even_hokey,3,3,0
very_nonchalant,3,3,0
more_dehydrated,3,3,0
even_homosexual,3,3,0
very_nonsensical,3,2,1
actually_flawed,3,3,0
too_orthodox,3,3,0
more_intrepid,3,1,2
too_orwellian,3,3,0
profoundly_ill,3,3,0
profoundly_iconic,3,0,3
intellectually_robust,3,2,1
even_humanitarian,3,3,0
profoundly_helpful,3,1,2
as_flaky,3,1,2
even_hyperactive,3,3,0
too_overcrowded,3,3,0
very_taboo,3,1,2
profoundly_flawed,3,2,1
even_idiotic,3,3,0
very_synthetic,3,1,2
even_idyllic,3,3,0
even_illegible,3,3,0
more_intransigent,3,2,1
more_delirious,3,1,2
too_partial,3,3,0
even_indistinguishable,3,3,0
very_obsessive,3,3,0
as_extinct,3,3,0
even_intangible,3,3,0
too_perceptible,3,3,0
even_intelligible,3,3,0
possibly_faster,3,3,0
very_summery,3,1,2
profoundly_alive,3,2,1
as_everyday,3,1,2
extraordinarily_complicated,3,3,0
totally_mainstream,3,2,1
too_perilous,3,3,0
too_perishable,3,2,1
possibly_foolhardy,3,3,0
possibly_french,3,3,0
possibly_future,3,3,0
extraordinarily_capable,3,3,0
apparently_new,3,2,1
more_deviant,3,2,1
even_intoxicating,3,2,1
professionally_skilled,3,3,0
even_intuitive,3,3,0
professionally_rewarding,3,3,0
extraordinarily_busy,3,3,0
as_erudite,3,1,2
too_permeable,3,3,0
as_equivalent,3,2,1
possibly_fake,3,3,0
admittedly_more,3,3,0
possibly_evil,3,1,2
even_inquisitive,3,3,0
extraordinarily_encouraging,3,3,0
very_sweeping,3,3,0
profoundly_creepy,3,0,3
as_exploitative,3,2,1
even_inexplicable,3,2,1
as_experimental,3,2,1
possibly_bored,3,3,0
even_infectious,3,3,0
as_experienced,3,1,2
profoundly_confused,3,2,1
even_inherent,3,3,0
profoundly_boring,3,1,2
possibly_embarrassing,3,3,0
even_inseparable,3,3,0
more_integrated,3,1,2
more_destabilizing,3,1,2
even_instantaneous,3,3,0
even_institutional,3,3,0
possibly_damaging,3,3,0
intellectually_interested,3,3,0
even_insufficient,3,3,0
possibly_defective,3,3,0
more_insubstantial,3,2,1
actually_grateful,3,3,0
actually_dependent,3,3,0
politically_attuned,3,3,0
too_presumptuous,3,3,0
very_unimpressive,3,3,0
as_perplexing,3,3,0
actually_american,3,3,0
as_perplexed,3,3,0
as_pernicious,3,1,2
as_permissive,3,3,0
plain_unhelpful,3,3,0
quite_apologetic,3,3,0
too_intensive,3,3,0
actually_amusing,3,3,0
quite_anti-social,3,3,0
as_perilous,3,1,2
intensely_unpleasant,3,2,1
quite_amused,3,3,0
very_menial,3,1,2
quite_amicable,3,3,0
eternally_cool,3,0,3
too_intolerant,3,3,0
more_cliche,3,3,0
as_parallel,3,3,0
totally_self-contained,3,3,0
more_cliched,3,3,0
plain_uninspired,3,3,0
quite_aloof,3,3,0
too_intoxicating,3,3,0
plain_uninterested,3,3,0
inherently_unhealthy,3,0,3
quite_arduous,3,3,0
eternally_happy,3,3,0
intensely_visual,3,3,0
plain_trashy,3,3,0
quite_better,3,3,0
quite_bent,3,3,0
extremely_deferential,3,3,0
inherently_unethical,3,2,1
quite_benevolent,3,3,0
actually_akin,3,0,3
too_integral,3,3,0
quite_bearable,3,3,0
actually_allergic,3,3,0
essentially_trivial,3,1,2
plain_unavailable,3,3,0
as_pious,3,3,0
quite_authoritarian,3,3,0
very_uninspired,3,3,0
plain_unaware,3,3,0
actually_alright,3,3,0
quite_audacious,3,1,2
quite_astute,3,2,1
totally_shameless,3,3,0
as_perverse,3,0,3
quite_assertive,3,3,0
quite_arrogant,3,3,0
totally_senseless,3,3,0
quite_arresting,3,3,0
quite_agile,3,3,0
plain_unlikable,3,3,0
very_uneventful,3,3,0
too_irritable,3,3,0
plain_unwilling,3,3,0
intensely_sour,3,2,1
quietly_unsettling,3,1,2
extremely_confrontational,3,3,0
totally_rewarding,3,2,1
more_collectable,3,3,0
quietly_uneasy,3,3,0
quietly_thankful,3,3,0
plain_vague,3,3,0
very_middle,3,3,0
totally_resistant,3,3,0
more_collegial,3,2,1
apparently_desperate,3,3,0
extremely_comparable,3,3,0
more_colossal,3,2,1
actually_attributable,3,3,0
more_combative,3,1,2
ethically_fraught,3,3,0
plain_weak,3,3,0
intensely_serious,3,2,1
quietly_remarkable,3,0,3
quietly_proud,3,3,0
extremely_committed,3,3,0
ethically_incorrect,3,1,2
actually_awake,3,3,0
actually_asleep,3,3,0
as_orderly,3,0,3
quite_aged,3,3,0
inherently_unnerving,3,0,3
very_unheard,3,1,2
totally_satisfactory,3,2,1
more_cloudy,3,3,0
quite_adversarial,3,3,0
as_overweight,3,3,0
extremely_corrosive,3,2,1
insanely_high,3,3,0
plain_unpopular,3,3,0
extremely_cordial,3,3,0
eternally_optimistic,3,3,0
very_ungrateful,3,3,0
too_irish,3,3,0
plain_unpredictable,3,3,0
totally_sacred,3,0,3
plain_unprofessional,3,3,0
plain_unqualified,3,3,0
as_outgoing,3,0,3
eternally_thankful,3,2,1
plain_unreliable,3,3,0
eternally_true,3,2,1
quite_abusive,3,3,0
intensely_subjective,3,2,1
quite_abnormal,3,2,1
quintessentially_political,3,3,0
ethically_ambiguous,3,3,0
quite_bewildered,3,3,0
plain_tragic,3,3,0
more_chunky,3,2,1
plain_smooth,3,3,0
as_quantifiable,3,2,1
as_qualitative,3,1,2
extremely_disquieting,3,1,2
extremely_dismissive,3,3,0
quite_conversant,3,3,0
extremely_disjointed,3,2,1
too_individual,3,3,0
extremely_disingenuous,3,2,1
as_purposeful,3,2,1
quite_content,3,2,1
essentially_harmless,3,2,1
quite_conspicuous,3,3,0
as_public,3,1,2
as_psychotic,3,1,2
extremely_disgusting,3,3,0
plain_stinky,3,3,0
intentionally_dangerous,3,3,0
quite_confidential,3,2,1
extremely_discouraging,3,3,0
as_prudent,3,3,0
essentially_impossible,3,2,1
essentially_inaccessible,3,3,0
quite_conceptual,3,3,0
quite_comprehensible,3,2,1
quite_complimentary,3,3,0
quite_corny,3,2,1
extremely_distraught,3,3,0
quite_bloodthirsty,3,3,0
totally_straight,3,3,0
as_related,3,3,0
extremely_dumb,3,2,1
too_incoherent,3,3,0
quite_decorative,3,3,0
very_unpretentious,3,3,0
quite_debatable,3,3,0
apparently_absent,3,2,1
essentially_complete,3,3,0
plain_shocking,3,3,0
quite_dazzling,3,3,0
as_rebellious,3,3,0
as_reactionary,3,3,0
too_incremental,3,3,0
plain_shy,3,3,0
extremely_drastic,3,0,3
as_racy,3,2,1
quite_cranky,3,3,0
very_meager,3,3,0
essentially_ephemeral,3,1,2
extremely_docile,3,3,0
totally_stuck,3,3,0
extremely_disturbed,3,0,3
very_unprecedented,3,3,0
very_unplanned,3,1,2
intentionally_different,3,1,2
too_inert,3,3,0
extremely_disciplined,3,3,0
as_proper,3,2,1
quite_complementary,3,3,0
as_pretty,3,3,0
quite_caustic,3,3,0
very_meaty,3,3,0
totally_speculative,3,3,0
too_inscrutable,3,3,0
intentionally_awkward,3,3,0
totally_special,3,1,2
plain_superior,3,3,0
plain_tedious,3,3,0
too_insipid,3,3,0
quite_calming,3,1,2
totally_solid,3,3,0
aesthetically_unique,3,1,2
quite_buggy,3,3,0
too_insubstantial,3,3,0
plain_thick,3,3,0
very_meek,3,3,0
very_melancholic,3,0,3
plain_toxic,3,3,0
quite_breathless,3,3,0
essentially_religious,3,3,0
essentially_right,3,2,1
as_populist,3,1,2
quite_blurred,3,3,0
too_insulting,3,3,0
extremely_devoted,3,3,0
quite_cheerful,3,2,1
intentionally_broad,3,3,0
totally_square,3,3,0
quite_complacent,3,3,0
totally_stoked,3,3,0
as_probable,3,3,0
quite_commercial,3,3,0
plain_strategic,3,3,0
as_proactive,3,1,2
totally_standard,3,2,1
quite_comfy,3,3,0
actually_achievable,3,2,1
very_unlikeable,3,2,1
very_unlikable,3,3,0
extremely_dire,3,2,1
quite_cinematic,3,3,0
essentially_less,3,3,0
quite_cognizant,3,3,0
quite_clunky,3,3,0
quite_clueless,3,3,0
more_litigious,3,2,1
totally_spurious,3,3,0
too_infuriating,3,3,0
essentially_mechanical,3,3,0
apparently_aware,3,1,2
extremely_devout,3,3,0
essentially_moral,3,2,1
quietly_present,3,3,0
quietly_insidious,3,1,2
even_defamatory,3,3,0
even_cautious,3,3,0
pleasantly_retro,3,0,3
even_cerebral,3,3,0
too_luxurious,3,3,0
even_charismatic,3,3,0
as_lower,3,2,1
actually_contrary,3,2,1
even_cheeky,3,3,0
too_lyrical,3,3,0
purely_fictitious,3,3,0
pleasantly_shocked,3,3,0
as_loathsome,3,0,3
very_momentous,3,1,2
even_chunky,3,3,0
more_contemptuous,3,3,0
purely_external,3,0,3
apparently_fine,3,3,0
more_content,3,3,0
more_contented,3,3,0
inherently_wasteful,3,2,1
even_civilized,3,3,0
as_literary,3,3,0
purely_environmental,3,3,0
extremely_badass,3,2,1
as_limp,3,1,2
even_clinical,3,3,0
even_celebrated,3,2,1
as_lyrical,3,3,0
purely_descriptive,3,3,0
pleasantly_relaxed,3,3,0
more_consensual,3,2,1
purely_metaphorical,3,3,0
more_leftist,3,3,0
even_blase,3,3,0
even_blatant,3,3,0
purely_materialistic,3,2,1
as_masculine,3,3,0
even_blunt,3,3,0
even_bogus,3,3,0
purely_literary,3,3,0
extremely_blunt,3,3,0
actually_complete,3,2,1
even_bossy,3,3,0
purely_legal,3,3,0
actually_confident,3,3,0
more_left-leaning,3,2,1
even_breathtaking,3,2,1
as_manic,3,2,1
more_constitutional,3,3,0
totally_profound,3,0,3
even_buggy,3,3,0
purely_illustrative,3,3,0
even_bumpy,3,3,0
more_lean,3,2,1
as_malignant,3,3,0
extremely_available,3,3,0
even_coincidental,3,3,0
ethically_objectionable,3,3,0
too_menial,3,3,0
politically_able,3,3,0
as_introverted,3,1,2
as_intransigent,3,2,1
totally_political,3,2,1
purely_altruistic,3,3,0
intensely_expressive,3,3,0
purely_administrative,3,3,0
intensely_exciting,3,1,2
as_intolerant,3,3,0
extremely_arduous,3,2,1
very_tolerable,3,3,0
even_customizable,3,3,0
extremely_apprehensive,3,3,0
apparently_full,3,3,0
extremely_apparent,3,3,0
as_intact,3,2,1
too_mindless,3,3,0
as_insufficient,3,2,1
politically_agnostic,3,3,0
as_instinctive,3,1,2
even_decadent,3,2,1
intensely_enjoyable,3,2,1
even_decorative,3,3,0
inherently_worthwhile,3,1,2
as_insincere,3,3,0
as_invigorating,3,3,0
pleasingly_surprising,3,2,1
actually_corrupt,3,3,0
too_menacing,3,2,1
purely_delightful,3,2,1
very_traumatizing,3,2,1
even_compact,3,3,0
too_manifest,3,3,0
as_lax,3,3,0
too_marginal,3,3,0
very_trashy,3,2,1
intensely_gratifying,3,0,3
as_large-scale,3,3,0
even_conciliatory,3,3,0
more_conversant,3,2,1
too_mean-spirited,3,2,1
as_judgmental,3,3,0
as_jolly,3,2,1
purely_cinematic,3,1,2
even_contrasting,3,3,0
even_controllable,3,3,0
too_mediocre,3,3,0
actually_cruel,3,3,0
even_conversational,3,3,0
immensely_generous,3,3,0
even_corrosive,3,3,0
even_costlier,3,3,0
even_countless,3,3,0
even_cramped,3,3,0
actually_compatible,3,1,2
very_mistaken,3,3,0
inherently_variable,3,3,0
very_undemocratic,3,1,2
very_uncooperative,3,3,0
ethnically_motivated,3,3,0
ethnically_related,3,3,0
intensely_practical,3,2,1
very_uncomplicated,3,3,0
extremely_cliched,3,2,1
too_jittery,3,3,0
purposefully_vague,3,3,0
intensely_pleasurable,3,2,1
too_joyful,3,3,0
actually_cheap,3,3,0
purposefully_ignorant,3,3,0
totally_redundant,3,2,1
very_miraculous,3,1,2
purposefully_deceptive,3,3,0
plainly_ignorant,3,3,0
plainly_impossible,3,3,0
as_obese,3,0,3
even_advisory,3,3,0
as_novel,3,3,0
very_unbelievable,3,1,2
actually_clean,3,3,0
actually_cleaner,3,3,0
extremely_choppy,3,3,0
even_air-conditioned,3,3,0
totally_relatable,3,3,0
qualitatively_superior,3,2,1
purely_mythical,3,3,0
inherently_unsustainable,3,2,1
quietly_grateful,3,3,0
as_oppressed,3,3,0
ethically_right,3,3,0
inherently_unseemly,3,0,3
inherently_unsettling,3,0,3
more_commensurate,3,0,3
quietly_devastating,3,0,3
extremely_collaborative,3,3,0
intensely_religious,3,3,0
intensely_related,3,3,0
quietly_charming,3,3,0
ethically_unacceptable,3,3,0
apparently_disappointed,3,3,0
actually_bisexual,3,3,0
intensely_real,3,3,0
quickly_obsolete,3,3,0
ethnically_arab,3,3,0
extremely_cognizant,3,2,1
actually_black,3,3,0
very_underrepresented,3,3,0
extremely_coachable,3,3,0
inherently_unsuitable,3,2,1
ethnically_homogeneous,3,3,0
more_compelled,3,3,0
plainly_absurd,3,3,0
as_nondescript,3,2,1
plainly_inaccurate,3,3,0
actually_clever,3,3,0
too_labor-intensive,3,3,0
plainly_stupid,3,3,0
plainly_true,3,3,0
as_moody,3,0,3
even_asinine,3,3,0
very_unaffordable,3,3,0
even_atypical,3,3,0
plainly_useful,3,3,0
even_austere,3,2,1
purely_pragmatic,3,1,2
even_autistic,3,3,0
purely_positive,3,3,0
extremely_bulky,3,3,0
even_averse,3,3,0
as_mobile,3,2,1
too_lighthearted,3,3,0
very_un-american,3,1,2
purely_philosophical,3,3,0
purely_organic,3,2,1
as_militant,3,3,0
plainly_weird,3,3,0
purely_nostalgic,3,3,0
purely_nonsensical,3,3,0
even_bewildering,3,3,0
extremely_british,3,2,1
as_mental,3,2,1
very_unapologetic,3,3,0
as_moral,3,3,0
even_arousing,3,3,0
plainly_spurious,3,3,0
purely_strategic,3,3,0
plainly_indifferent,3,3,0
purely_spontaneous,3,2,1
even_androgynous,3,3,0
plainly_irrelevant,3,2,1
as_negligible,3,0,3
even_angular,3,3,0
even_answerable,3,3,0
as_mythical,3,3,0
as_mystical,3,1,2
apparently_eager,3,3,0
even_anti-israel,3,3,0
purely_related,3,3,0
as_myopic,3,2,1
very_unassuming,3,2,1
more_confidential,3,3,0
even_approachable,3,3,0
totally_raw,3,2,1
as_moving,3,3,0
too_legitimate,3,3,0
purely_secondary,3,3,0
purely_sculptural,3,3,0
totally_raunchy,3,1,2
purely_rhetorical,3,3,0
innately_appealing,3,1,2
as_demanding,3,2,1
as_relaxing,3,3,0
very_pro-business,3,2,1
practically_zero,3,3,0
very_scandalous,3,1,2
instantly_likable,3,1,2
precariously_high,3,2,1
very_procedural,3,3,0
precisely_alike,3,3,0
exactly_new,3,1,2
more_feral,3,1,2
pretty_mesmerizing,3,3,0
excessively_profane,3,3,0
precisely_similar,3,3,0
pretty_melancholy,3,3,0
actually_shocked,3,3,0
exactly_subtle,3,3,0
too_vintage,3,3,0
excessively_poor,3,3,0
actually_shocking,3,1,2
excessively_polite,3,3,0
pretty_masculine,3,3,0
pretty_marvelous,3,1,2
predictably_similar,3,3,0
pretty_manic,3,3,0
exceedingly_ambitious,3,3,0
too_wasteful,3,2,1
predictably_uniform,3,3,0
exactly_friendly,3,2,1
pretty_mobile,3,3,0
too_welcoming,3,3,0
more_homemade,3,0,3
pretty_nutty,3,3,0
evolutionarily_adaptive,3,3,0
pretty_notable,3,3,0
pretty_nostalgic,3,3,0
pretty_nonsensical,3,3,0
evolutionarily_distinct,3,3,0
pretty_nonchalant,3,3,0
too_used,3,3,0
pretty_needy,3,3,0
more_favorite,3,3,0
practically_significant,3,1,2
too_utopian,3,3,0
actually_secure,3,3,0
very_scant,3,3,0
practically_unavoidable,3,2,1
more_fearless,3,3,0
totally_hip,3,3,0
actually_separate,3,3,0
exactly_clear,3,3,0
too_valid,3,3,0
excessively_rigid,3,3,0
instantly_memorable,3,3,0
exactly_enough,3,3,0
exactly_equivalent,3,3,0
more_feeble,3,3,0
instantly_iconic,3,1,2
predominantly_arab,3,3,0
pretty_impatient,3,3,0
too_younger,3,2,1
exceedingly_familiar,3,3,0
insanely_boring,3,3,0
architecturally_important,3,2,1
very_saccharine,3,2,1
insanely_brave,3,2,1
excessively_loose,3,3,0
acutely_malnourished,3,3,0
more_flawless,3,2,1
prematurely_gray,3,3,0
pretty_insecure,3,3,0
exceedingly_funny,3,3,0
exceedingly_generous,3,3,0
exceedingly_great,3,3,0
pretty_inexperienced,3,3,0
totally_able,3,3,0
architecturally_distinctive,3,3,0
prematurely_old,3,3,0
pretty_individual,3,3,0
totally_achievable,3,3,0
very_psychic,3,3,0
pretty_inconsistent,3,3,0
pretty_inconsequential,3,2,1
exceedingly_intelligent,3,3,0
instantly_catchy,3,2,1
presumably_aware,3,3,0
exceedingly_evident,3,3,0
preferably_dead,3,3,0
actually_similar,3,3,0
predominately_christian,3,3,0
apparently_unwilling,3,2,1
actually_simple,3,3,0
pretty_lit,3,3,0
predominantly_catholic,3,3,0
acutely_personal,3,2,1
exceedingly_cheap,3,2,1
more_heterogeneous,3,3,0
excessively_needy,3,3,0
pretty_likeable,3,3,0
pretty_lightweight,3,3,0
pretty_lighthearted,3,3,0
very_sanitary,3,3,0
pretty_late,3,3,0
exceedingly_conservative,3,3,0
pretty_killer,3,3,0
too_wonky,3,3,0
totally_helpless,3,3,0
pretty_jumpy,3,3,0
pretty_jovial,3,3,0
pretty_jaw-dropping,3,3,0
pretty_jaded,3,3,0
too_wooden,3,3,0
pretty_irrational,3,3,0
predominantly_shiite,3,3,0
very_salient,3,3,0
instantly_ready,3,1,2
inordinately_long,3,3,0
arguably_questionable,3,3,0
pretty_run,3,3,0
pretty_routine,3,3,0
totally_illiterate,3,3,0
pretty_rocky,3,3,0
pretty_right,3,3,0
too_uninspired,3,3,0
potentially_wet,3,3,0
excitingly_different,3,0,3
very_precocious,3,2,1
pretty_rewarding,3,3,0
ever_loving,3,3,0
excessively_worried,3,3,0
powerfully_compelling,3,1,2
pretty_responsive,3,3,0
instead_full,3,3,0
pretty_representative,3,2,1
very_predominant,3,3,0
pretty_remote,3,3,0
pretty_reminiscent,3,3,0
additionally_helpful,3,3,0
ever_new,3,1,2
excessively_vocal,3,3,0
actually_racist,3,3,0
pretty_relevant,3,2,1
powerfully_important,3,0,3
actually_rational,3,3,0
very_set,3,2,1
very_sexualized,3,2,1
pretty_obtuse,3,2,1
too_ungrateful,3,3,0
ever_capable,3,2,1
ever_close,3,3,0
ever_comfortable,3,2,1
around_difficult,3,3,0
exclusively_digital,3,3,0
around_different,3,3,0
pretty_sexist,3,3,0
potentially_unlawful,3,3,0
more_exemplary,3,3,0
pretty_sensible,3,3,0
pretty_senior,3,1,2
potentially_upsetting,3,2,1
potentially_usable,3,3,0
around_decent,3,3,0
ever_egotistical,3,0,3
actually_preventable,3,3,0
pretty_self-conscious,3,3,0
potentially_volatile,3,3,0
pretty_secretive,3,3,0
pretty_secret,3,3,0
actually_private,3,3,0
too_unforgettable,3,3,0
too_unforgiving,3,3,0
too_unfriendly,3,3,0
ever_grateful,3,3,0
powerfully_persuasive,3,2,1
actually_realistic,3,3,0
very_senseless,3,2,1
powerfully_positive,3,1,2
around_adorable,3,3,0
too_unqualified,3,3,0
everywhere_limited,3,0,3
practically_flawless,3,3,0
too_unreasonable,3,3,0
pretty_pitiful,3,3,0
pretty_pink,3,3,0
excessively_sweaty,3,3,0
very_prideful,3,3,0
pretty_picky,3,3,0
arguably_worth,3,3,0
pretty_permanent,3,2,1
pretty_pedestrian,3,2,1
instantly_relatable,3,2,1
pretty_particular,3,3,0
apparently_unrelated,3,0,3
pretty_par,3,3,0
pretty_outstanding,3,2,1
pretty_outraged,3,3,0
excessively_small,3,3,0
very_scottish,3,2,1
pretty_one-sided,3,2,1
excessively_slow,3,3,0
pretty_ominous,3,2,1
too_untrustworthy,3,3,0
excessively_thick,3,3,0
around_alright,3,3,0
excessively_thin,3,3,0
very_presentable,3,3,0
powerfully_relevant,3,2,1
ever_real,3,3,0
more_extremist,3,3,0
ever_right,3,3,0
very_self-explanatory,3,3,0
ever_sensible,3,3,0
pretty_quirky,3,3,0
actually_remarkable,3,3,0
more_human-like,3,2,1
pretty_qualified,3,2,1
instantly_visible,3,2,1
practically_effective,3,3,0
too_unproven,3,3,0
more_faint,3,2,1
pretty_pungent,3,3,0
excessively_timid,3,3,0
pretty_protective,3,3,0
pretty_prominent,3,3,0
around_attractive,3,3,0
pretty_professional,3,3,0
instantly_understandable,3,2,1
pretty_present,3,3,0
ever_worth,3,2,1
pretty_pragmatic,3,3,0
insanely_challenging,3,3,0
pretty_immature,3,3,0
more_excitable,3,3,0
excessively_big,3,2,1
excessively_alcoholic,3,3,0
very_reprehensible,3,3,0
pretty_disingenuous,3,3,0
actually_underwater,3,3,0
exceptionally_impressive,3,3,0
totally_delighted,3,3,0
excessively_aggressive,3,3,0
pretty_discouraging,3,3,0
exceptionally_intelligent,3,3,0
very_reactionary,3,3,0
more_globalized,3,2,1
exceptionally_wise,3,3,0
totally_fabulous,3,2,1
more_gut-wrenching,3,2,1
pretty_bullish,3,3,0
totally_deserving,3,2,1
actually_unhappy,3,3,0
actually_weaker,3,3,0
actually_vulnerable,3,3,0
pretty_destructive,3,2,1
appropriately_festive,3,0,3
exceptionally_lovely,3,2,1
exceptionally_lucid,3,2,1
totally_destructive,3,3,0
more_godly,3,2,1
excessively_angry,3,3,0
exceptionally_heavy,3,2,1
exceptionally_unusual,3,2,1
pretty_distinctive,3,2,1
more_garish,3,2,1
pretty_embarrassed,3,3,0
pretty_elusive,3,3,0
exceptionally_disturbing,3,0,3
excessively_concerned,3,3,0
more_gay,3,3,0
totally_flat,3,3,0
exceptionally_effective,3,2,1
exceptionally_efficient,3,3,0
totally_flabbergasted,3,3,0
pretty_eccentric,3,3,0
pretty_early,3,3,0
more_genial,3,2,1
totally_creative,3,1,2
actually_wonderful,3,3,0
insanely_excited,3,3,0
exceptionally_fresh,3,3,0
totally_cynical,3,3,0
excessively_brutal,3,3,0
excessively_broad,3,3,0
pretty_doable,3,2,1
pretty_divisive,3,2,1
exceptionally_good-looking,3,3,0
totally_fantastical,3,2,1
exceptionally_great,3,2,1
pretty_demanding,3,3,0
totally_devastating,3,2,1
pretty_iffy,3,3,0
totally_dominant,3,3,0
pretty_cooperative,3,2,1
pretty_convoluted,3,3,0
very_reductive,3,3,0
very_reckless,3,2,1
pretty_cinematic,3,3,0
pretty_considerate,3,2,1
pretty_circular,3,3,0
very_recommendable,3,2,1
exceptionally_satisfying,3,2,1
exceptionally_sweet,3,2,1
exceptionally_supportive,3,3,0
totally_effective,3,3,0
pretty_classic,3,2,1
pretty_complete,3,3,0
totally_effortless,3,3,0
pretty_competent,3,3,0
totally_ethereal,3,0,3
totally_electric,3,3,0
pretty_committed,3,3,0
pretty_comfy,3,3,0
pretty_comforting,3,1,2
totally_engrossing,3,3,0
totally_essential,3,3,0
totally_erroneous,3,3,0
very_reclusive,3,3,0
pretty_cordial,3,3,0
more_gratuitous,3,3,0
pretty_captivating,3,2,1
pretty_chilling,3,2,1
very_relentless,3,2,1
pretty_decadent,3,2,1
pretty_charming,3,3,0
actually_unnecessary,3,3,0
very_relational,3,3,0
totally_exempt,3,3,0
pretty_cheerful,3,3,0
pretty_daring,3,2,1
insanely_lucky,3,3,0
pretty_customizable,3,3,0
pretty_cursory,3,3,0
pretty_childish,3,3,0
very_regressive,3,2,1
very_regional,3,3,0
exceptionally_polite,3,3,0
exceptionally_poor,3,3,0
exceptionally_popular,3,3,0
exceptionally_proficient,3,3,0
pretty_cramped,3,3,0
pretty_cozy,3,3,0
more_gratified,3,3,0
actually_untrue,3,3,0
pretty_cosy,3,3,0
exceptionally_pure,3,3,0
actually_viable,3,3,0
pretty_encouraging,3,3,0
exceptionally_dirty,3,3,0
actually_workable,3,2,1
pretty_hazardous,3,2,1
pretty_hardy,3,3,0
totally_asleep,3,3,0
exceedingly_ridiculous,3,1,2
exceedingly_sensitive,3,3,0
pretty_gung,3,3,0
pretty_grumpy,3,3,0
excessively_greedy,3,3,0
pretty_grotesque,3,3,0
totally_autonomous,3,1,2
more_fractious,3,2,1
more_fragmented,3,1,2
insanely_wrong,3,1,2
exceedingly_special,3,0,3
very_purple,3,3,0
pretty_accustomed,3,3,0
totally_gonna,3,3,0
pretty_gray,3,3,0
exceedingly_strange,3,0,3
exceedingly_strong,3,3,0
pretty_gorgeous,3,3,0
pretty_good-looking,3,3,0
apparently_worth,3,2,1
more_frazzled,3,2,1
pretty_glamorous,3,3,0
very_risque,3,3,0
totally_asinine,3,2,1
actually_strong,3,3,0
pretty_envious,3,3,0
actually_straight,3,3,0
presumably_dead,3,3,0
pretty_idyllic,3,3,0
very_rugged,3,3,0
exceedingly_lucky,3,3,0
pretty_hypocritical,3,3,0
pretty_hyped,3,3,0
pretty_humiliating,3,2,1
very_puffy,3,3,0
pretty_humbling,3,2,1
exceedingly_nervous,3,3,0
pretty_horrified,3,3,0
exceedingly_obvious,3,3,0
exceedingly_odd,3,1,2
approximately_similar,3,1,2
pretty_hopeless,3,3,0
totally_altruistic,3,1,2
exceedingly_patient,3,3,0
exceedingly_powerful,3,2,1
exceedingly_practical,3,3,0
pretty_helpless,3,3,0
more_heartless,3,3,0
pretty_heinous,3,2,1
insanely_complicated,3,2,1
approximately_optimal,3,3,0
totally_apolitical,3,3,0
pretty_fussy,3,2,1
very_righteous,3,2,1
exceedingly_unlikely,3,1,2
pretty_frugal,3,3,0
pretty_feeble,3,3,0
pretty_anti-social,3,3,0
totally_friendly,3,3,0
pretty_feasible,3,2,1
pretty_favorable,3,3,0
exceptionally_brave,3,3,0
totally_captivating,3,1,2
pretty_fantastical,3,3,0
pretty_approximate,3,3,0
pretty_arcane,3,3,0
appropriately_skeptical,3,3,0
pretty_ashamed,3,3,0
actually_terrific,3,3,0
actually_terrified,3,3,0
very_restrained,3,3,0
insanely_sweet,3,0,3
totally_chic,3,1,2
totally_chill,3,3,0
pretty_experimental,3,3,0
exceptionally_compassionate,3,3,0
excessively_crowded,3,3,0
insanely_strong,3,3,0
pretty_esoteric,3,3,0
exceptionally_curious,3,3,0
exceptionally_dangerous,3,3,0
pretty_annoyed,3,3,0
pretty_feisty,3,3,0
pretty_filthy,3,3,0
exceptionally_accessible,3,3,0
exceedingly_useful,3,2,1
pretty_frivolous,3,2,1
totally_better,3,1,2
pretty_addicting,3,3,0
excessively_fussy,3,3,0
excessively_fond,3,3,0
pretty_forthright,3,3,0
pretty_forthcoming,3,3,0
actually_sustainable,3,2,1
totally_genuine,3,3,0
actually_sweet,3,2,1
insanely_crowded,3,3,0
actually_tangible,3,1,2
pretty_amateurish,3,3,0
exceptionally_active,3,3,0
totally_functional,3,3,0
pretty_foolish,3,3,0
pretty_flush,3,3,0
actually_talented,3,3,0
pretty_flawed,3,3,0
totally_bonkers,3,3,0
pretty_flashy,3,3,0
actually_taller,3,2,1
pretty_firm,3,3,0
very_pointless,3,3,0
too_underweight,3,3,0
as_delectable,3,2,1
as_callous,3,3,0
even_reactive,3,3,0
as_bureaucratic,3,1,2
even_receptive,3,3,0
innately_gratifying,3,0,3
principally_responsible,3,3,0
insufficiently_profitable,3,3,0
as_bouncy,3,3,0
potentially_corrupt,3,3,0
as_bothersome,3,3,0
explicitly_welcoming,3,3,0
potentially_credible,3,3,0
primarily_simple,3,3,0
even_repeatable,3,3,0
even_replaceable,3,3,0
too_respectable,3,3,0
primarily_residential,3,3,0
even_reputable,3,3,0
as_blissful,3,1,2
as_blessed,3,2,1
as_blase,3,2,1
primarily_religious,3,2,1
primarily_psychological,3,3,0
very_staunch,3,3,0
apparently_ready,3,3,0
potentially_debilitating,3,2,1
even_reachable,3,3,0
potentially_contagious,3,3,0
very_part-time,3,2,1
as_canadian,3,3,0
probably_bad,3,3,0
probably_avoidable,3,3,0
probably_asleep,3,3,0
probably_apocryphal,3,3,0
even_prosperous,3,3,0
more_dizzy,3,3,0
too_regimented,3,3,0
too_regional,3,3,0
more_inconspicuous,3,2,1
probably_amiss,3,3,0
as_celebratory,3,2,1
too_relaxing,3,3,0
potentially_close,3,3,0
even_pushy,3,3,0
explosively_violent,3,3,0
actually_integral,3,3,0
more_inconsequential,3,1,2
as_caring,3,3,0
potentially_concerned,3,2,1
even_quixotic,3,3,0
insufficiently_radical,3,3,0
privately_skeptical,3,3,0
privately_grateful,3,3,0
privately_critical,3,3,0
very_stealthy,3,2,1
more_incoherent,3,3,0
primarily_physical,3,2,1
more_eastern,3,2,1
even_sceptical,3,3,0
even_seamless,3,3,0
explicitly_present,3,3,0
too_rustic,3,3,0
even_senior,3,3,0
too_salacious,3,3,0
previously_unfamiliar,3,3,0
more_inadequate,3,3,0
as_apathetic,3,3,0
explicitly_nationalist,3,3,0
potentially_endangered,3,3,0
previously_undetected,3,3,0
as_angelic,3,3,0
more_inactive,3,3,0
too_scholarly,3,3,0
totally_informal,3,3,0
too_sci-fi,3,3,0
as_anachronistic,3,2,1
actually_jealous,3,3,0
even_skimpy,3,3,0
previously_subject,3,3,0
previously_scared,3,3,0
potentially_faster,3,3,0
too_sedate,3,2,1
totally_inexplicable,3,1,2
even_slutty,3,3,0
even_scottish,3,3,0
insufficiently_islamic,3,3,0
as_bittersweet,3,3,0
apparently_sane,3,3,0
even_rhetorical,3,3,0
as_bitchy,3,3,0
as_bisexual,3,2,1
as_biological,3,0,3
even_righteous,3,2,1
even_rigid,3,3,0
totally_interested,3,3,0
too_revolting,3,3,0
even_robotic,3,3,0
primarily_local,3,3,0
even_rocky,3,3,0
potentially_deleterious,3,3,0
potentially_delicious,3,1,2
even_rougher,3,3,0
even_rowdy,3,3,0
insufficiently_loyal,3,3,0
more_droll,3,3,0
even_runny,3,3,0
even_saccharine,3,3,0
as_baffled,3,3,0
even_salacious,3,3,0
very_pedantic,3,2,1
primarily_commercial,3,3,0
insufficiently_liberal,3,3,0
totally_insensitive,3,2,1
very_panicked,3,3,0
exponentially_more,3,2,1
innately_flawed,3,3,0
even_old-fashioned,3,2,1
innately_creepy,3,0,3
probably_inappropriate,3,2,1
more_dispassionate,3,3,0
as_covert,3,3,0
even_ornamental,3,3,0
possibly_unhealthy,3,3,0
even_orthodox,3,3,0
possibly_unknown,3,3,0
possibly_unprecedented,3,0,3
probably_hungry,3,3,0
too_promotional,3,1,2
more_dissatisfied,3,3,0
possibly_unsafe,3,3,0
probably_higher,3,2,1
as_cosmetic,3,1,2
probably_happier,3,3,0
very_streaky,3,3,0
admittedly_cheesy,3,2,1
probably_genetic,3,3,0
exquisitely_precise,3,3,0
possibly_useful,3,2,1
even_par,3,2,1
probably_funny,3,2,1
as_contrived,3,2,1
probably_full,3,2,1
more_disparate,3,3,0
more_disorganized,3,3,0
apparently_popular,3,3,0
as_customary,3,1,2
as_deft,3,1,2
too_preventable,3,3,0
externally_adjustable,3,3,0
as_dedicated,3,1,2
possibly_significant,3,3,0
more_disjointed,3,3,0
very_overpriced,3,3,0
even_non-toxic,3,3,0
probably_low,3,2,1
probably_likely,3,3,0
probably_less,3,3,0
probably_legitimate,3,3,0
as_deceitful,3,3,0
too_priceless,3,3,0
more_ineffective,3,2,1
even_nutritious,3,3,0
probably_irrelevant,3,3,0
totally_jealous,3,3,0
as_damning,3,3,0
very_overwhelmed,3,3,0
too_principled,3,3,0
intellectually_astute,3,3,0
too_pro-israel,3,3,0
as_customizable,3,3,0
even_obtrusive,3,3,0
exquisitely_polite,3,3,0
more_indignant,3,3,0
insufficiently_transparent,3,3,0
even_particular,3,3,0
too_rambunctious,3,3,0
as_collectible,3,3,0
exquisitely_delicate,3,0,3
potentially_attainable,3,2,1
even_practicable,3,3,0
even_precious,3,3,0
very_stinky,3,3,0
even_prejudiced,3,3,0
potentially_aware,3,3,0
probably_confused,3,3,0
very_stilted,3,3,0
even_preposterous,3,3,0
probably_closest,3,3,0
even_presentable,3,3,0
as_civil,3,2,1
even_preventable,3,3,0
probably_carcinogenic,3,3,0
as_circumspect,3,3,0
probably_bogus,3,3,0
probably_black,3,0,3
apparently_pointless,3,3,0
potentially_bankrupt,3,3,0
as_chunky,3,3,0
as_chilly,3,2,1
too_reductive,3,3,0
probably_dependable,3,3,0
potentially_applicable,3,2,1
more_incurable,3,3,0
probably_easy,3,2,1
more_distinguishable,3,3,0
probably_foreign,3,1,2
too_punitive,3,3,0
insufficiently_thorough,3,3,0
probably_excited,3,3,0
possibly_visionary,3,3,0
possibly_weekly,3,3,0
probably_enough,3,3,0
probably_eligible,3,3,0
even_perverted,3,3,0
probably_effective,3,3,0
too_puzzling,3,3,0
even_pop,3,3,0
even_phony,3,3,0
as_confidential,3,3,0
more_indelible,3,1,2
as_concrete,3,0,3
as_conclusive,3,3,0
potentially_amazing,3,0,3
too_rabid,3,3,0
even_plump,3,3,0
as_combative,3,3,0
probably_desperate,3,3,0
as_colossal,3,3,0
previously_possible,3,1,2
previously_inconceivable,3,1,2
exclusively_european,3,2,1
innately_sexual,3,0,3
around_stunning,3,3,0
more_energized,3,3,0
even_unseen,3,3,0
actually_nicer,3,3,0
even_unstructured,3,3,0
pretty_tentative,3,3,0
even_untrained,3,3,0
around_similar,3,2,1
even_unused,3,3,0
actually_nonsense,3,3,0
even_unwarranted,3,3,0
pretty_tasteful,3,3,0
even_upper,3,3,0
even_upscale,3,3,0
around_sad,3,3,0
more_enormous,3,1,2
even_vain,3,3,0
too_synthetic,3,3,0
too_systemic,3,3,0
potentially_rude,3,3,0
more_enterprising,3,3,0
potentially_self-destructive,3,3,0
too_tactical,3,3,0
innately_sexy,3,0,3
around_refreshing,3,3,0
around_stupid,3,3,0
around_talented,3,3,0
even_veteran,3,3,0
even_unreachable,3,3,0
exclusively_true,3,3,0
artificially_aged,3,3,0
potentially_productive,3,3,0
pretty_twisted,3,3,0
even_unfortunate,3,3,0
even_ungrateful,3,3,0
more_empowered,3,3,0
too_stodgy,3,3,0
potentially_promising,3,3,0
even_unhinged,3,3,0
pretty_trendy,3,3,0
potentially_reckless,3,1,2
very_smoky,3,2,1
pretty_transformative,3,0,3
potentially_religious,3,3,0
even_uninspiring,3,3,0
more_illiterate,3,3,0
too_structured,3,3,0
pretty_toothless,3,3,0
exclusively_private,3,3,0
too_sublime,3,2,1
actually_natural,3,3,0
even_unorganized,3,3,0
very_placid,3,3,0
around_tasty,3,3,0
potentially_severe,3,3,0
even_vibrant,3,3,0
potentially_funny,3,2,1
evenly_divisible,3,3,0
evenly_golden,3,3,0
evenly_moist,3,3,0
too_truthful,3,3,0
pretty_stingy,3,3,0
around_fine,3,3,0
too_unable,3,3,0
exclusively_gay,3,3,0
pretty_steamy,3,3,0
pretty_static,3,3,0
pretty_spotty,3,3,0
very_shrill,3,3,0
pretty_spoiled,3,3,0
around_experienced,3,3,0
pretty_spacious,3,3,0
more_evangelical,3,2,1
too_unbalanced,3,3,0
more_even-handed,3,3,0
pretty_social,3,3,0
actually_perfect,3,3,0
too_unconscious,3,3,0
pretty_sleepy,3,3,0
pretty_skimpy,3,2,1
too_underdeveloped,3,3,0
around_dull,3,3,0
pretty_silent,3,3,0
potentially_suspicious,3,1,2
innately_special,3,0,3
around_professional,3,3,0
very_pliable,3,3,0
even_villainous,3,3,0
potentially_sexual,3,3,0
around_positive,3,3,0
too_taut,3,3,0
too_technological,3,3,0
very_platonic,3,3,0
even_weary,3,3,0
apparently_unaffected,3,3,0
too_thankful,3,3,0
around_magical,3,3,0
potentially_sticky,3,1,2
even_widespread,3,3,0
around_incredible,3,3,0
too_tiresome,3,3,0
potentially_substantial,3,3,0
potentially_suitable,3,3,0
even_wooden,3,3,0
around_horrible,3,3,0
too_transient,3,3,0
more_equivocal,3,3,0
around_gorgeous,3,3,0
around_funny,3,3,0
actually_optional,3,3,0
pretty_stuck,3,3,0
exclusively_human,3,0,3
totally_improbable,3,1,2
even_uneasy,3,3,0
excruciatingly_awkward,3,3,0
pretty_whiny,3,3,0
totally_inefficient,3,3,0
even_submissive,3,3,0
potentially_high,3,3,0
explicitly_concerned,3,3,0
very_spartan,3,2,1
too_shadowy,3,3,0
as_accepting,3,3,0
insufficiently_detailed,3,3,0
pretty_vulnerable,3,3,0
explicitly_commercial,3,2,1
even_sunny,3,3,0
pretty_vulgar,3,3,0
potentially_horrible,3,1,2
as_absolute,3,3,0
potentially_identifiable,3,2,1
as_absent,3,3,0
even_susceptible,3,3,0
pretty_vivid,3,3,0
actually_like,3,3,0
too_short-term,3,3,0
artistically_successful,3,2,1
even_systematic,3,3,0
pretty_vigilant,3,3,0
very_sparkly,3,2,1
very_permissive,3,3,0
as_actual,3,1,2
too_separate,3,3,0
potentially_perilous,3,2,1
as_affable,3,1,2
as_alert,3,3,0
even_solemn,3,3,0
even_somber,3,3,0
potentially_future,3,3,0
more_imprecise,3,1,2
previously_familiar,3,2,1
previously_eligible,3,3,0
previously_difficult,3,1,2
even_sparse,3,3,0
previously_aware,3,3,0
as_akin,3,3,0
as_airy,3,2,1
even_speculative,3,3,0
previously_active,3,3,0
too_self-critical,3,3,0
as_agitated,3,3,0
even_sporadic,3,3,0
pretty_wretched,3,3,0
too_self-reliant,3,3,0
as_affluent,3,1,2
pretty_worth,3,2,1
as_affectionate,3,3,0
pretty_workable,3,2,1
even_steeper,3,3,0
very_perishable,3,3,0
totally_indulgent,3,1,2
even_tasteful,3,3,0
too_sinful,3,3,0
even_tempting,3,3,0
very_perplexed,3,3,0
even_ubiquitous,3,3,0
even_un-american,3,3,0
pretty_unnerving,3,2,1
apparently_subject,3,3,0
pretty_unlikeable,3,3,0
even_unappealing,3,3,0
even_unappreciated,3,3,0
even_unarmed,3,3,0
pretty_unknown,3,2,1
excruciatingly_hard,3,2,1
potentially_monumental,3,1,2
potentially_objectionable,3,2,1
too_spotty,3,3,0
pretty_unhealthy,3,2,1
insufficiently_aggressive,3,3,0
pretty_unfortunate,3,3,0
pretty_unforgettable,3,2,1
even_underground,3,3,0
even_understated,3,3,0
even_underway,3,3,0
artificially_expensive,3,3,0
pretty_uncommon,3,2,1
very_snarky,3,3,0
too_steady,3,3,0
more_elitist,3,2,1
pretty_unprecedented,3,0,3
admirably_honest,3,3,0
even_tight,3,3,0
too_singular,3,3,0
very_sorrowful,3,3,0
potentially_improper,3,3,0
artistically_relevant,3,2,1
even_territorial,3,3,0
actually_loyal,3,3,0
even_thankful,3,3,0
too_sleazy,3,2,1
even_theoretical,3,3,0
too_slimy,3,2,1
artistically_inspiring,3,3,0
artistically_impressive,3,3,0
too_sombre,3,3,0
too_slutty,3,3,0
too_snappy,3,2,1
totally_inconsequential,3,2,1
very_sombre,3,3,0
potentially_involved,3,1,2
even_trans,3,3,0
actually_male,3,3,0
potentially_irreversible,3,3,0
pretty_unproven,3,3,0
potentially_irritating,3,3,0
even_transgender,3,3,0
apparently_able,3,3,0
eternally_miserable,3,3,0
quite_unhinged,3,3,0
physically_kinetic,3,3,0
inherently_involved,3,3,0
racially_white,3,3,0
equally_beloved,3,3,0
too_customary,3,3,0
racially_inferior,3,3,0
extremely_seasonal,3,2,1
racially_ignorant,3,3,0
racially_fraught,3,3,0
too_damaged,3,3,0
racially_disparate,3,3,0
equally_blind,3,3,0
racially_biased,3,3,0
physically_intensive,3,1,2
morally_taboo,3,3,0
too_damning,3,3,0
more_murky,3,2,1
authentically_new,3,0,3
quite_worse,3,2,1
too_deaf,3,3,0
too_decadent,3,3,0
tremendously_positive,3,1,2
equally_catchy,3,0,3
too_deceitful,3,3,0
extremely_satisfactory,3,3,0
equally_believable,3,2,1
physically_injurious,3,3,0
truely_awesome,3,2,1
intrinsically_disordered,3,2,1
physically_hungry,3,3,0
physically_hurt,3,3,0
aggressively_stupid,3,2,1
radically_incomplete,3,3,0
equally_astounding,3,1,2
physically_identical,3,3,0
radically_divergent,3,3,0
automatically_bad,3,3,0
tremendously_stupid,3,1,2
equally_authentic,3,3,0
tremendously_special,3,0,3
physically_impotent,3,3,0
radically_alien,3,0,3
physically_impractical,3,3,0
extremely_sensible,3,3,0
morally_satisfying,3,1,2
inherently_intriguing,3,1,2
intrinsically_difficult,3,2,1
physically_indistinguishable,3,3,0
visibly_appealing,3,2,1
radically_beautiful,3,0,3
equally_basic,3,0,3
more_muslim,3,3,0
radically_amiss,3,2,1
too_decent,3,3,0
physically_mature,3,2,1
equally_characteristic,3,2,1
quite_vertical,3,3,0
extremely_remarkable,3,1,2
quite_vociferous,3,3,0
equally_conscious,3,3,0
extremely_relaxed,3,3,0
equally_controversial,3,1,2
quite_vintage,3,1,2
too_despicable,3,3,0
equally_cozy,3,0,3
extremely_relative,3,3,0
equally_criminal,3,3,0
extremely_reckless,3,3,0
extremely_reasonable,3,3,0
tremendously_painful,3,2,1
quite_verbal,3,3,0
quite_vast,3,2,1
too_detached,3,3,0
quite_varied,3,3,0
equally_damning,3,2,1
too_detrimental,3,2,1
tremendously_good,3,3,0
morbidly_funny,3,1,2
athletically_active,3,3,0
academically_excellent,3,3,0
physically_sound,3,3,0
more_mortal,3,2,1
extremely_repetitive,3,3,0
authentically_chinese,3,2,1
too_delusional,3,3,0
tremendously_nice,3,3,0
too_decrepit,3,3,0
extremely_ruthless,3,3,0
quite_wholesome,3,1,2
authentically_human,3,1,2
inherently_lacking,3,1,2
aggressively_partisan,3,3,0
equally_classy,3,0,3
anatomically_accurate,3,3,0
too_defiant,3,2,1
too_deficient,3,3,0
inherently_likeable,3,1,2
quite_weary,3,3,0
tremendously_impressive,3,2,1
anatomically_different,3,1,2
too_definite,3,3,0
equally_colorful,3,2,1
morally_valid,3,3,0
equally_colourful,3,1,2
morally_virtuous,3,3,0
too_dehydrated,3,3,0
very_invaluable,3,1,2
physically_robust,3,2,1
academically_challenging,3,3,0
too_crucial,3,3,0
equally_debilitating,3,3,0
truly_ambitious,3,0,3
physically_debilitating,3,3,0
rather_broad,3,3,0
more_neat,3,1,2
truly_amusing,3,2,1
environmentally_effective,3,3,0
rather_breathtaking,3,3,0
too_conflicted,3,3,0
rather_bored,3,3,0
physically_destructive,3,3,0
morally_incorrect,3,3,0
rather_blurry,3,2,1
extremely_specialized,3,3,0
extremely_stimulating,3,1,2
rather_blatant,3,2,1
truly_alternative,3,1,2
too_conscientious,3,3,0
rather_bitter,3,3,0
morally_indignant,3,2,1
extremely_sour,3,1,2
very_intangible,3,2,1
environmentally_positive,3,0,3
extremely_sore,3,3,0
rather_beneficial,3,2,1
automatically_right,3,3,0
truly_annoying,3,1,2
physically_correct,3,3,0
inherently_inspiring,3,0,3
physically_clean,3,3,0
entirely_virtual,3,2,1
rather_colorful,3,2,1
entirely_vulnerable,3,2,1
too_complimentary,3,2,1
morally_empty,3,3,0
truly_anti-semitic,3,3,0
entirely_welcome,3,2,1
visibly_intoxicated,3,1,2
extremely_stringent,3,3,0
visibly_impressed,3,3,0
rather_circumspect,3,3,0
rather_chaotic,3,3,0
too_confidential,3,3,0
too_conceptual,3,3,0
environmentally_concerned,3,3,0
truly_anonymous,3,2,1
environmentally_correct,3,3,0
rather_cautious,3,3,0
rather_cathartic,3,3,0
truly_anomalous,3,0,3
environmentally_dangerous,3,3,0
morally_harmful,3,2,1
rather_bulky,3,2,1
environmentally_disastrous,3,3,0
too_contagious,3,3,0
too_contemptuous,3,3,0
too_content,3,3,0
rarely_easy,3,3,0
equally_advantageous,3,2,1
rather_abrasive,3,3,0
rarely_yellow,3,3,0
academically_advanced,3,3,0
extremely_sloppy,3,3,0
truly_affordable,3,3,0
extremely_slim,3,3,0
intrinsically_fascinating,3,0,3
rarely_present,3,3,0
rarely_equal,3,3,0
rarely_effective,3,3,0
physically_fine,3,3,0
intrinsically_hostile,3,0,3
very_intent,3,3,0
physically_grueling,3,3,0
equally_alive,3,3,0
equally_amazed,3,3,0
too_criminal,3,3,0
equally_american,3,3,0
extremely_sinful,3,0,3
truly_accidental,3,2,1
truely_unique,3,1,2
equally_appalling,3,1,2
truely_special,3,0,3
automatically_happy,3,3,0
equally_achievable,3,3,0
intrinsically_flawed,3,3,0
automatically_hostile,3,3,0
environmentally_sound,3,3,0
rather_aware,3,3,0
rather_average,3,2,1
too_conversant,3,3,0
morally_instructive,3,3,0
truly_alone,3,3,0
environmentally_unacceptable,3,2,1
aggressively_violent,3,3,0
inherently_incredible,3,3,0
environmentally_unsustainable,3,3,0
physically_disturbing,3,3,0
rather_appalling,3,2,1
rather_anxious,3,3,0
extremely_sociable,3,3,0
rather_angry,3,3,0
rather_ancient,3,3,0
physically_dominant,3,3,0
inherently_indiscriminate,3,3,0
too_crafty,3,3,0
rather_akin,3,1,2
visibly_distressed,3,3,0
too_cranky,3,3,0
equally_abstract,3,2,1
too_devoid,3,3,0
extremely_raw,3,3,0
too_factual,3,3,0
more_airtight,3,2,1
equally_impactful,3,2,1
quite_stunned,3,3,0
extremely_portable,3,2,1
plain_adventurous,3,3,0
too_erotic,3,1,2
virtually_real,3,3,0
aggressively_enough,3,3,0
too_european,3,3,0
tragically_funny,3,3,0
quite_stormy,3,3,0
more_aimless,3,0,3
equally_ineffectual,3,3,0
extremely_possible,3,2,1
equally_inept,3,3,0
inherently_mystical,3,0,3
quite_stereotypical,3,3,0
equally_informal,3,3,0
quite_sporty,3,3,0
quite_spooky,3,2,1
quite_spirited,3,3,0
intimately_local,3,3,0
equally_integral,3,3,0
astonishingly_clueless,3,3,0
virtually_interchangeable,3,3,0
equally_immoral,3,3,0
equally_imaginary,3,3,0
more_mixed,3,3,0
virtually_unable,3,3,0
equally_hazardous,3,3,0
virtually_unavoidable,3,3,0
equally_heinous,3,1,2
too_emotive,3,2,1
extremely_predictable,3,3,0
transparently_absurd,3,2,1
more_affable,3,3,0
equally_honest,3,3,0
inherently_moral,3,2,1
astonishingly_large,3,2,1
equally_hopeful,3,2,1
equally_huge,3,1,2
quite_subdued,3,3,0
astonishingly_ignorant,3,3,0
quite_superior,3,2,1
more_affective,3,3,0
quite_sunny,3,2,1
extremely_precarious,3,3,0
quite_sugary,3,2,1
too_english,3,3,0
plain_addictive,3,3,0
quite_subversive,3,1,2
equally_ill,3,2,1
quite_substantive,3,2,1
too_exhaustive,3,3,0
quite_solitary,3,3,0
equally_intoxicating,3,3,0
plain_bitter,3,3,0
as_whiny,3,3,0
equally_loathsome,3,3,0
equally_logical,3,1,2
equally_lonely,3,2,1
extremely_partial,3,3,0
too_extra,3,2,1
plain_big,3,3,0
equally_low,3,3,0
equally_loyal,3,3,0
quite_sexual,3,2,1
traditionally_religious,3,3,0
traditionally_protestant,3,3,0
extremely_picturesque,3,3,0
quite_serene,3,3,0
too_eye-catching,3,3,0
extremely_outspoken,3,3,0
inherently_obscene,3,0,3
virtually_homeless,3,3,0
quite_self-explanatory,3,3,0
quite_seductive,3,3,0
quite_sedentary,3,3,0
quite_scholarly,3,3,0
traditionally_minded,3,3,0
quite_scandalous,3,3,0
virtually_incomprehensible,3,3,0
inherently_nonsensical,3,1,2
extremely_passive,3,3,0
as_wooden,3,2,1
extremely_photogenic,3,3,0
astonishingly_bad,3,3,0
equally_invalid,3,3,0
quite_sober,3,3,0
virtually_infinite,3,3,0
inherently_necessary,3,3,0
astonishingly_accurate,3,3,0
quite_sly,3,2,1
equally_irresponsible,3,2,1
equally_irritating,3,2,1
quite_sloppy,3,3,0
equally_joyous,3,3,0
quite_skinny,3,3,0
virtually_inevitable,3,3,0
as_zany,3,2,1
accidentally_vegan,3,3,0
as_younger,3,2,1
as_xenophobic,3,1,2
extremely_perceptive,3,3,0
as_worrisome,3,2,1
equally_liberal,3,2,1
inherently_nice,3,0,3
extremely_patriotic,3,3,0
astonishingly_modern,3,2,1
physiologically_different,3,2,1
quite_usual,3,1,2
virulently_anti-american,3,3,0
extremely_pure,3,3,0
equally_distressing,3,2,1
viscerally_disturbing,3,2,1
equally_diverse,3,2,1
viscerally_different,3,0,3
physically_tangible,3,1,2
equally_dope,3,3,0
quite_unnatural,3,2,1
aggressively_mediocre,3,3,0
too_disheartened,3,3,0
quite_unlikable,3,3,0
quite_universal,3,1,2
equally_disposable,3,2,1
quite_uninteresting,3,3,0
equally_dubious,3,2,1
equally_earnest,3,1,2
quite_unintended,3,3,0
too_disoriented,3,3,0
more_monotonous,3,1,2
quite_unified,3,3,0
plain_shallow,3,3,0
quite_unforgiving,3,3,0
too_dissonant,3,3,0
academically_ready,3,3,0
physically_superior,3,3,0
equally_dismissive,3,2,1
equally_harsh,3,2,1
quite_unsuited,3,3,0
too_devout,3,3,0
intrinsically_attractive,3,0,3
equally_deep,3,2,1
quite_usable,3,1,2
equally_delicate,3,2,1
too_digital,3,3,0
more_abnormal,3,2,1
quite_unwell,3,3,0
too_dignified,3,3,0
quite_untrue,3,2,1
equally_descriptive,3,1,2
quite_unsuitable,3,2,1
aggressively_modern,3,3,0
intrinsically_american,3,1,2
quite_unsophisticated,3,3,0
physically_stressful,3,2,1
intriguingly_weird,3,3,0
quite_unsavory,3,2,1
extremely_rapid,3,3,0
equally_disagreeable,3,0,3
quite_unremarkable,3,3,0
inherently_male,3,2,1
equally_disgusting,3,1,2
quite_unrecognizable,3,1,2
inherently_masculine,3,1,2
quite_undesirable,3,3,0
equally_epic,3,0,3
quite_terrified,3,3,0
equally_formal,3,1,2
quite_timely,3,3,0
virtually_unplayable,3,3,0
inherently_meaningless,3,2,1
equally_frivolous,3,0,3
quite_thirsty,3,3,0
intricately_different,3,3,0
equally_generous,3,2,1
more_adrift,3,3,0
quite_territorial,3,3,0
equally_glamorous,3,2,1
physically_unpleasant,3,2,1
too_distressed,3,3,0
extremely_primitive,3,3,0
equally_grand,3,1,2
very_irreverent,3,2,1
inherently_misguided,3,1,2
too_elastic,3,2,1
too_electric,3,3,0
too_elementary,3,3,0
virtually_undetectable,3,3,0
equally_handsome,3,3,0
too_elliptical,3,3,0
astonishingly_new,3,0,3
academically_superior,3,3,0
tremendously_beautiful,3,1,2
equally_foreign,3,1,2
equally_fond,3,3,0
physically_unappealing,3,1,2
more_acrimonious,3,1,2
equally_evocative,3,2,1
too_dorky,3,3,0
quite_unattractive,3,2,1
tremendously_charismatic,3,3,0
virtually_unseen,3,2,1
extremely_prolific,3,3,0
extremely_progressive,3,2,1
equally_facile,3,2,1
equally_famous,3,2,1
too_dovish,3,3,0
more_additional,3,2,1
too_drab,3,3,0
equally_fast,3,3,0
academically_strong,3,3,0
quite_tremendous,3,1,2
quite_transient,3,2,1
quite_transformative,3,1,2
equally_fierce,3,1,2
more_administrative,3,3,0
tremendously_busy,3,3,0
astonishingly_successful,3,3,0
entirely_vegetarian,3,3,0
entirely_variable,3,3,0
very_insincere,3,2,1
awfully_smart,3,1,2
rather_little,3,3,0
perhaps_stronger,3,2,1
rather_limited,3,3,0
inherently_depressing,3,0,3
too_attainable,3,3,0
too_attentive,3,3,0
perhaps_suitable,3,3,0
rather_lengthy,3,2,1
rather_lazy,3,3,0
perhaps_surprising,3,3,0
rather_lavish,3,3,0
perhaps_symbolic,3,3,0
rather_logical,3,3,0
entirely_frivolous,3,1,2
entirely_full,3,3,0
inherently_disappointing,3,0,3
truly_constructive,3,0,3
moderately_easy,3,3,0
perhaps_uncertain,3,3,0
more_operatic,3,2,1
entirely_futile,3,3,0
inherently_divine,3,0,3
rather_lackluster,3,3,0
very_implicit,3,3,0
moderately_dangerous,3,2,1
entirely_fair,3,3,0
rather_menacing,3,1,2
entirely_electronic,3,2,1
perhaps_sensual,3,3,0
perhaps_sexual,3,3,0
rather_memorable,3,1,2
rather_melancholy,3,3,0
faintly_positive,3,3,0
perhaps_shorter,3,3,0
moderately_attractive,3,3,0
entirely_edible,3,2,1
entirely_effective,3,3,0
rather_massive,3,2,1
perhaps_silver,3,3,0
perhaps_simple,3,3,0
more_oriented,3,3,0
faintly_obscene,3,1,2
rather_mainstream,3,3,0
faintly_nostalgic,3,0,3
rather_luxurious,3,1,2
perhaps_smaller,3,1,2
perhaps_smarter,3,1,2
perhaps_social,3,3,0
albeit_temporary,3,0,3
perhaps_spanish,3,3,0
too_asleep,3,3,0
entirely_external,3,2,1
entirely_genuine,3,0,3
entirely_great,3,0,3
rather_irregular,3,3,0
permanently_ineligible,3,3,0
rather_inefficient,3,2,1
entirely_incompatible,3,3,0
entirely_incompetent,3,3,0
very_inclined,3,3,0
entirely_inconsistent,3,3,0
permanently_high,3,3,0
moderately_hot,3,2,1
permanently_homeless,3,3,0
rather_inconsistent,3,3,0
too_bald,3,3,0
entirely_individual,3,3,0
rather_inappropriate,3,2,1
factually_questionable,3,3,0
more_obtrusive,3,2,1
permanently_unusable,3,3,0
more_obsolete,3,3,0
entirely_innocuous,3,2,1
rather_impractical,3,2,1
too_barren,3,3,0
entirely_instrumental,3,3,0
rather_imaginative,3,3,0
rather_ill,3,3,0
rather_ignorant,3,3,0
permanently_wrong,3,2,1
inherently_erotic,3,0,3
inherently_equal,3,3,0
more_off-putting,3,3,0
rather_inexpensive,3,3,0
too_autistic,3,3,0
truly_confident,3,2,1
perhaps_unprecedented,3,0,3
moderately_exciting,3,3,0
very_impossible,3,2,1
truly_complex,3,1,2
too_automatic,3,3,0
factually_guilty,3,3,0
more_omnipresent,3,2,1
rather_insidious,3,1,2
truly_committed,3,1,2
more_omnipotent,3,1,2
entirely_illusory,3,3,0
perhaps_useful,3,3,0
perhaps_warm,3,3,0
alarmingly_small,3,3,0
perhaps_whimsical,3,3,0
rather_innocuous,3,1,2
rather_informative,3,2,1
amazingly_proud,3,3,0
perhaps_wishful,3,3,0
entirely_improper,3,0,3
entirely_inadequate,3,3,0
more_outdoors,3,3,0
truly_critical,3,0,3
physically_bigger,3,2,1
fairly_bloody,3,2,1
rather_pragmatic,3,3,0
entirely_american,3,0,3
all_angry,3,2,1
perhaps_moreso,3,3,0
fairly_broad,3,2,1
perhaps_mythical,3,3,0
entirely_appealing,3,1,2
amazingly_kind,3,3,0
too_alarming,3,2,1
visually_aggressive,3,3,0
entirely_artificial,3,3,0
fairly_black,3,3,0
entirely_altruistic,3,2,1
entirely_asymptomatic,3,3,0
too_alert,3,3,0
entirely_autobiographical,3,3,0
too_alike,3,3,0
entirely_awesome,3,1,2
rather_playful,3,2,1
too_alternative,3,3,0
entirely_bare,3,3,0
rather_picky,3,3,0
rather_petty,3,3,0
truly_deplorable,3,2,1
inherently_cheerful,3,0,3
entirely_alone,3,3,0
awfully_suspicious,3,0,3
inherently_challenging,3,2,1
rather_recent,3,1,2
militarily_weaker,3,3,0
very_honored,3,0,3
inherently_captivating,3,0,3
rather_raunchy,3,3,0
more_patchy,3,3,0
back_online,3,3,0
fairly_chaotic,3,3,0
perhaps_mindful,3,2,1
rather_prone,3,3,0
too_african,3,3,0
entirely_academic,3,3,0
perhaps_mobile,3,3,0
too_aged,3,3,0
mind-numbingly_repetitive,3,3,0
entirely_adequate,3,3,0
inherently_chaotic,3,2,1
mind-numbingly_tedious,3,3,0
fairly_cautious,3,3,0
more_passable,3,1,2
perhaps_mischievous,3,3,0
perhaps_misleading,3,3,0
too_agile,3,3,0
rather_premature,3,3,0
rather_pessimistic,3,3,0
all_alright,3,3,0
all_alive,3,3,0
fairly_adult,3,3,0
rather_nostalgic,3,2,1
miserably_small,3,1,2
all_accessible,3,2,1
perhaps_purple,3,3,0
rather_non-existent,3,3,0
too_appreciative,3,3,0
fairly_adventurous,3,3,0
inherently_correct,3,2,1
mobile_ready,3,3,0
entirely_custom,3,2,1
entirely_cynical,3,3,0
perhaps_quirky,3,3,0
minimally_related,3,3,0
moderately_acceptable,3,3,0
inherently_courageous,3,2,1
rather_muddy,3,3,0
perhaps_regional,3,3,0
perhaps_relaxed,3,3,0
awfully_tragic,3,2,1
perhaps_relevant,3,2,1
rather_monotonous,3,1,2
faintly_silly,3,3,0
moderately_ambitious,3,2,1
perhaps_russian,3,3,0
inherently_conservative,3,2,1
fairly_alternative,3,3,0
rather_nuanced,3,3,0
perhaps_precious,3,3,0
entirely_blank,3,3,0
fairly_balanced,3,2,1
minimally_sensitive,3,3,0
perhaps_overkill,3,3,0
minimally_successful,3,3,0
perhaps_oversized,3,3,0
rather_paradoxical,3,3,0
rather_overgrown,3,3,0
miraculously_alive,3,2,1
miraculously_free,3,3,0
miraculously_full,3,3,0
perhaps_particular,3,3,0
rather_one-dimensional,3,3,0
rather_ominous,3,2,1
entirely_complimentary,3,3,0
rather_older,3,2,1
fairly_annoying,3,3,0
too_angular,3,3,0
entirely_confident,3,2,1
perhaps_potential,3,3,0
rather_obsessive,3,3,0
rather_obsessed,3,3,0
miserably_poor,3,3,0
visibly_swollen,3,3,0
perpetually_concerned,3,3,0
entirely_intentional,3,3,0
extremely_undervalued,3,3,0
awfully_beautiful,3,2,1
personally_unappealing,3,3,0
entirely_sure,3,3,0
extremely_unfriendly,3,3,0
rather_drunk,3,3,0
entirely_symbolic,3,2,1
awfully_bad,3,2,1
very_inferior,3,2,1
extremely_unequal,3,3,0
entirely_terrible,3,2,1
monstrously_huge,3,3,0
monstrously_immoral,3,3,0
inherently_hard,3,3,0
extremely_unclear,3,3,0
too_chic,3,3,0
perversely_funny,3,1,2
rather_distinct,3,1,2
perversely_proud,3,3,0
rather_distasteful,3,2,1
entirely_trivial,3,1,2
rather_disorienting,3,2,1
rather_dismissive,3,3,0
extremely_unattractive,3,3,0
too_choppy,3,3,0
awfully_bizarre,3,3,0
entirely_subject,3,3,0
perpetually_high,3,2,1
entirely_sincere,3,3,0
intrinsically_ridiculous,3,0,3
awfully_clever,3,2,1
rather_evil,3,2,1
entirely_self-taught,3,2,1
rather_evident,3,1,2
modestly_interesting,3,2,1
extremely_unrealistic,3,2,1
personally_profound,3,1,2
rather_epic,3,0,3
entirely_similar,3,1,2
rather_enlightening,3,3,0
very_inebriated,3,2,1
entirely_subconscious,3,3,0
rather_enigmatic,3,2,1
rather_english,3,3,0
rather_energetic,3,3,0
extremely_unnecessary,3,3,0
rather_enchanting,3,0,3
modestly_successful,3,3,0
entirely_spontaneous,3,3,0
very_inept,3,3,0
amazingly_special,3,1,2
rather_efficient,3,3,0
momentarily_unavailable,3,3,0
phenomenally_expensive,3,3,0
too_circumspect,3,3,0
rather_dicey,3,3,0
agonizingly_long,3,3,0
entirely_unprotected,3,3,0
morally_blameless,3,3,0
truly_attractive,3,0,3
entirely_unrecognizable,3,2,1
morally_complicated,3,3,0
truly_attainable,3,0,3
rather_convoluted,3,2,1
entirely_unremarkable,3,2,1
too_combative,3,3,0
physically_addicting,3,3,0
entirely_unsubstantiated,3,3,0
rather_condescending,3,2,1
too_civil,3,3,0
visibly_obvious,3,3,0
entirely_unsurprising,3,3,0
agonizingly_difficult,3,3,0
agonisingly_slow,3,3,0
rather_compelling,3,2,1
extremely_taboo,3,2,1
very_insane,3,2,1
too_competent,3,3,0
rather_comfortable,3,3,0
more_nerdy,3,2,1
more_negotiable,3,3,0
extremely_terrified,3,3,0
truly_australian,3,0,3
extremely_theatrical,3,1,2
rather_cozy,3,2,1
extremely_trustworthy,3,1,2
rather_destructive,3,3,0
extremely_true,3,3,0
rather_depressed,3,3,0
philosophically_complex,3,2,1
entirely_unfair,3,2,1
too_classical,3,3,0
philosophically_interesting,3,3,0
entirely_unfathomable,3,1,2
rather_deep,3,2,1
philosophically_minded,3,2,1
extremely_thrilling,3,3,0
rather_darker,3,0,3
amazingly_tasty,3,2,1
truly_awe,3,1,2
awesomely_gross,3,1,2
rather_cruel,3,3,0
entirely_unnoticed,3,3,0
extremely_thirsty,3,3,0
truly_awake,3,3,0
morally_ambivalent,3,3,0
rather_crazy,3,3,0
entirely_unpleasant,3,2,1
too_central,3,3,0
rather_experimental,3,3,0
extremely_unsafe,3,2,1
intrinsically_unique,3,2,1
moderately_priced,3,1,2
inherently_feminist,3,1,2
rather_haunting,3,1,2
moderately_related,3,2,1
rather_harder,3,2,1
truly_close,3,1,2
too_bigoted,3,3,0
entirely_mediocre,3,2,1
entirely_memorable,3,3,0
rather_hairy,3,2,1
very_incorrect,3,3,0
rather_grotesque,3,2,1
entirely_obscure,3,3,0
personally_corrupt,3,3,0
moderately_resistant,3,3,0
personally_dangerous,3,3,0
moderately_selective,3,3,0
very_incriminating,3,0,3
too_blurred,3,3,0
rather_gorgeous,3,2,1
moderately_serious,3,3,0
truly_clean,3,3,0
entirely_nonexistent,3,3,0
entirely_nude,3,3,0
inherently_feminine,3,2,1
moderately_optimistic,3,3,0
extremely_wonderful,3,3,0
more_oblivious,3,3,0
perpetually_insecure,3,3,0
rather_ideal,3,3,0
rather_icky,3,1,2
entirely_internal,3,3,0
inherently_false,3,1,2
moderately_large,3,3,0
moderately_liberal,3,3,0
rather_hungry,3,2,1
persistently_absent,3,3,0
too_bearish,3,3,0
rather_humbling,3,3,0
persistently_low,3,3,0
extremely_yummy,3,3,0
moderately_likely,3,3,0
amazingly_realistic,3,3,0
entirely_irrational,3,1,2
amazingly_refreshing,3,0,3
rather_hot,3,2,1
rather_horrifying,3,1,2
rather_horrid,3,2,1
moderately_lower,3,3,0
moderately_masculine,3,3,0
intrinsically_violent,3,2,1
moderately_slow,3,3,0
inherently_foolish,3,1,2
moderately_worried,3,3,0
truly_blind,3,3,0
awfully_dumb,3,2,1
rather_fickle,3,3,0
entirely_proper,3,3,0
personally_hurtful,3,3,0
amazingly_romantic,3,1,2
truly_cathartic,3,1,2
entirely_pure,3,3,0
more_numb,3,2,1
inherently_global,3,2,1
moderately_wet,3,3,0
visibly_scared,3,3,0
very_individualized,3,3,0
too_bouncy,3,3,0
extremely_unselfish,3,3,0
awfully_difficult,3,3,0
moderately_wide,3,3,0
very_indulgent,3,2,1
too_cartoonish,3,3,0
rather_fanciful,3,3,0
awfully_curious,3,2,1
rather_fabulous,3,2,1
intrinsically_sad,3,0,3
too_catchy,3,3,0
rather_extravagant,3,3,0
extremely_vigorous,3,2,1
more_nutty,3,3,0
moderately_toxic,3,3,0
entirely_pointless,3,3,0
personally_destructive,3,3,0
rather_gay,3,3,0
moderately_soft,3,2,1
extremely_watchful,3,3,0
entirely_opaque,3,2,1
personally_enjoyable,3,2,1
entirely_ordinary,3,2,1
too_brisk,3,2,1
rather_fundamental,3,0,3
rather_full,3,2,1
moderately_surprising,3,2,1
rather_fresh,3,1,2
personally_exciting,3,2,1
more_obese,3,3,0
personally_expressive,3,1,2
awfully_expensive,3,3,0
personally_fond,3,3,0
entirely_pessimistic,3,3,0
rather_foreign,3,2,1
rather_foreboding,3,2,1
rather_flimsy,3,2,1
entirely_pleased,3,3,0
inherently_free,3,2,1
quite_savage,3,2,1
totally_equivalent,3,3,0
as_spiritual,3,3,0
quite_excessive,3,3,0
extremely_fierce,3,3,0
very_luminous,3,1,2
equally_trivial,3,0,3
especially_romantic,3,1,2
extremely_hazy,3,3,0
equally_unable,3,3,0
extremely_frugal,3,3,0
very_long-term,3,3,0
plain_obscene,3,3,0
especially_cute,3,2,1
quite_niche,3,3,0
too_frigid,3,3,0
plain_obtuse,3,3,0
especially_crucial,3,1,2
too_illiterate,3,3,0
quite_nerdy,3,3,0
inherently_queer,3,1,2
quite_obscene,3,3,0
especially_rough,3,3,0
totally_unattractive,3,3,0
quite_eventful,3,3,0
more_meager,3,2,1
very_lukewarm,3,3,0
extremely_fashionable,3,3,0
equally_terrific,3,2,1
equally_terrified,3,3,0
especially_daring,3,1,2
totally_unthinkable,3,1,2
equally_thrilling,3,0,3
equally_tired,3,3,0
equally_transformative,3,2,1
quite_obtuse,3,3,0
totally_unarmed,3,3,0
quite_obsessive,3,3,0
equally_trite,3,0,3
quite_interactive,3,3,0
quite_interchangeable,3,3,0
equally_tempting,3,3,0
as_subversive,3,2,1
quite_naughty,3,3,0
actively_counterproductive,3,3,0
equally_unhelpful,3,2,1
quite_nationalistic,3,3,0
extremely_high-quality,3,3,0
extremely_flashy,3,3,0
especially_conscious,3,3,0
totally_uncharacteristic,3,2,1
as_studious,3,2,1
as_unacceptable,3,3,0
quite_mystical,3,1,2
inherently_rebellious,3,1,2
quite_mushy,3,3,0
as_turbulent,3,2,1
achingly_lovely,3,3,0
extremely_frightened,3,3,0
quite_eye-opening,3,3,0
too_holy,3,3,0
inherently_real,3,0,3
plain_nutty,3,3,0
too_grisly,3,3,0
especially_rich,3,3,0
inherently_seductive,3,1,2
quite_international,3,1,2
totally_underground,3,3,0
plain_forgettable,3,3,0
equally_unfamiliar,3,1,2
especially_religious,3,3,0
very_virulent,3,2,1
extremely_firm,3,3,0
as_submissive,3,2,1
extremely_heinous,3,2,1
quite_expansive,3,2,1
very_worrying,3,2,1
as_scenic,3,3,0
totally_unnatural,3,0,3
equally_tedious,3,0,3
as_stoked,3,3,0
inherently_private,3,1,2
quite_perplexed,3,3,0
quite_enamored,3,3,0
extremely_lengthy,3,3,0
quite_innocuous,3,3,0
plain_fabulous,3,3,0
quite_permanent,3,3,0
quite_inquisitive,3,3,0
very_lopsided,3,3,0
plain_meaningless,3,3,0
totally_unwatchable,3,3,0
quite_perilous,3,2,1
as_unified,3,2,1
especially_sophisticated,3,3,0
extremely_exhilarating,3,3,0
extremely_laborious,3,3,0
violently_abusive,3,3,0
equally_sophisticated,3,3,0
extremely_lethal,3,3,0
quite_petty,3,3,0
extremely_lethargic,3,3,0
totally_unjustified,3,3,0
extremely_exclusive,3,2,1
too_flirtatious,3,3,0
quite_placid,3,3,0
equally_shitty,3,2,1
equally_short,3,1,2
inherently_present,3,1,2
violently_hostile,3,3,0
more_male,3,3,0
extremely_exhausting,3,3,0
equally_similar,3,2,1
more_biodegradable,3,1,2
as_unimaginable,3,0,3
as_rubbish,3,2,1
especially_desperate,3,3,0
quite_passive,3,1,2
equally_startling,3,2,1
more_brief,3,2,1
quite_grey,3,3,0
more_mean-spirited,3,3,0
equally_subversive,3,0,3
as_unfinished,3,3,0
quite_overgrown,3,3,0
plain_fearful,3,3,0
as_uneventful,3,2,1
equally_sympathetic,3,3,0
extremely_fantastic,3,3,0
more_barbaric,3,3,0
as_uneasy,3,3,0
especially_daunting,3,1,2
equally_tall,3,3,0
quite_esoteric,3,2,1
plain_fictional,3,3,0
quite_ethereal,3,0,3
too_forthright,3,3,0
appallingly_bad,3,3,0
extremely_faithful,3,3,0
quite_gripping,3,3,0
totally_trivial,3,3,0
totally_unwanted,3,3,0
quite_energetic,3,1,2
totally_trippy,3,1,2
extremely_expert,3,3,0
quite_enthralling,3,2,1
extremely_expressive,3,2,1
interestingly_enough,3,1,2
equally_stimulating,3,1,2
especially_delicate,3,2,1
actively_damaging,3,3,0
equally_stressful,3,3,0
as_salacious,3,2,1
especially_shy,3,3,0
especially_shocked,3,3,0
very_libertarian,3,3,0
totally_untested,3,2,1
intentionally_malicious,3,3,0
inherently_scientific,3,3,0
quite_lively,3,3,0
quite_loving,3,3,0
very_well-known,3,2,1
plain_harsh,3,3,0
very_voluptuous,3,3,0
too_golden,3,3,0
more_many,3,3,0
especially_alarming,3,1,2
extremely_forthcoming,3,3,0
especially_american,3,0,3
more_blase,3,3,0
more_bloodthirsty,3,2,1
especially_alluring,3,1,2
quite_freaky,3,2,1
quite_little,3,3,0
quite_juicy,3,0,3
quite_literary,3,2,1
very_western,3,3,0
plain_naughty,3,3,0
quite_lurid,3,2,1
quite_forgettable,3,3,0
too_glamorous,3,3,0
especially_charming,3,1,2
quite_fit,3,3,0
too_hurtful,3,3,0
quite_grandiose,3,3,0
especially_obnoxious,3,1,2
quite_floral,3,1,2
quite_forgetful,3,3,0
extremely_foreign,3,1,2
as_thankful,3,3,0
very_lumpy,3,3,0
totally_unconvincing,3,2,1
extremely_ineffective,3,3,0
too_gleeful,3,2,1
quite_lush,3,2,1
especially_momentous,3,2,1
quite_junior,3,1,2
quite_motivated,3,3,0
very_livable,3,2,1
especially_lucky,3,3,0
more_manifest,3,3,0
especially_brave,3,2,1
especially_awesome,3,1,2
plain_immoral,3,3,0
especially_loving,3,3,0
quite_leery,3,3,0
as_sweaty,3,1,2
extremely_forward,3,3,0
especially_believable,3,3,0
quite_lax,3,3,0
inherently_social,3,2,1
as_suspenseful,3,2,1
actively_antagonistic,3,3,0
plain_morbid,3,3,0
extremely_imaginative,3,3,0
any_slower,3,3,0
more_avoidable,3,3,0
quite_legendary,3,1,2
totally_unsafe,3,2,1
very_literate,3,3,0
quite_linear,3,3,0
as_tasteless,3,0,3
plain_hopeless,3,3,0
as_shaky,3,3,0
especially_brilliant,3,3,0
too_horrendous,3,2,1
especially_anxious,3,3,0
quite_likeable,3,3,0
any_quicker,3,3,0
especially_apparent,3,2,1
quite_lighthearted,3,2,1
plain_naked,3,3,0
quite_good-natured,3,3,0
inherently_soothing,3,0,3
quite_firm,3,2,1
any_older,3,3,0
totally_unsatisfied,3,3,0
plain_frustrated,3,3,0
equally_unsuccessful,3,3,0
as_treatable,3,2,1
quite_mindful,3,3,0
especially_complicated,3,2,1
as_sedate,3,3,0
quite_militant,3,3,0
as_sugary,3,3,0
totally_unproven,3,2,1
quite_filthy,3,3,0
more_bouncy,3,0,3
quite_mesmerising,3,0,3
totally_uncool,3,3,0
too_icky,3,3,0
plain_full,3,3,0
as_transcendent,3,1,2
too_hypothetical,3,3,0
quite_mischievous,3,2,1
very_wonky,3,2,1
inherently_refreshing,3,0,3
equally_unreliable,3,3,0
quite_more,3,0,3
equally_unoriginal,3,0,3
too_ideological,3,3,0
extremely_intolerant,3,3,0
extremely_fluid,3,3,0
as_such,3,3,0
equally_unqualified,3,2,1
very_lively,3,2,1
equally_unrealistic,3,2,1
extremely_intimidating,3,2,1
plain_inevitable,3,3,0
as_troubled,3,2,1
especially_potent,3,1,2
inherently_safer,3,3,0
extremely_foolhardy,3,3,0
especially_joyful,3,3,0
as_visionary,3,2,1
quite_granular,3,3,0
quite_marketable,3,2,1
equally_weak,3,3,0
any_larger,3,1,2
more_bored,3,3,0
especially_peculiar,3,0,3
equally_weighty,3,0,3
extremely_illegal,3,1,2
quite_festive,3,1,2
quite_few,3,1,2
achingly_slow,3,3,0
as_tidy,3,2,1
more_marginalised,3,3,0
equally_worried,3,3,0
plain_necessary,3,3,0
more_atypical,3,3,0
quite_lyrical,3,3,0
any_higher,3,3,0
any_smarter,3,3,0
as_traceable,3,2,1
any_healthier,3,3,0
as_suitable,3,3,0
plain_functional,3,3,0
plain_fussy,3,3,0
extremely_insecure,3,3,0
equally_vigilant,3,3,0
equally_violent,3,3,0
as_sumptuous,3,2,1
especially_personal,3,1,2
plain_inconsistent,3,3,0
as_topical,3,3,0
especially_comforting,3,1,2
equally_vivid,3,2,1
especially_pernicious,3,0,3
inherently_sacred,3,1,2
quite_mathematical,3,3,0
extremely_hardy,3,2,1
quite_emotive,3,2,1
annoyingly_vague,3,3,0
equally_pleasing,3,2,1
extremely_noble,3,1,2
plain_corrupt,3,3,0
especially_heartbreaking,3,2,1
very_laid,3,3,0
quite_recognisable,3,3,0
as_sorry,3,3,0
inherently_threatening,3,1,2
plain_loud,3,3,0
more_buttery,3,1,2
extremely_empowering,3,1,2
very_low-level,3,3,0
as_unwilling,3,3,0
traditionally_available,3,3,0
quite_rebellious,3,2,1
quite_homesick,3,3,0
traditionally_american,3,0,3
quite_implausible,3,3,0
as_unwise,3,3,0
extremely_nutritious,3,3,0
quite_impersonal,3,2,1
too_far-reaching,3,3,0
as_usable,3,0,3
more_metallic,3,2,1
totally_uninformed,3,3,0
extremely_embarrassed,3,3,0
traditionally_british,3,0,3
equally_perilous,3,2,1
equally_pernicious,3,2,1
quite_related,3,2,1
equally_personal,3,1,2
equally_pertinent,3,3,0
too_fast-paced,3,3,0
especially_vital,3,2,1
equally_perverted,3,2,1
especially_fantastic,3,1,2
more_long-winded,3,3,0
especially_vigilant,3,3,0
as_sore,3,3,0
as_soothing,3,2,1
extremely_gross,3,1,2
quite_divergent,3,2,1
quite_impulsive,3,2,1
quite_dominant,3,3,0
more_bulletproof,3,1,2
more_angrier,3,3,0
very_lavish,3,3,0
too_fervent,3,3,0
intentionally_wrong,3,0,3
extremely_grave,3,3,0
extremely_entrepreneurial,3,3,0
plain_dense,3,3,0
equally_provocative,3,1,2
very_virtuous,3,3,0
plain_depressed,3,3,0
extremely_misunderstood,3,3,0
extremely_envious,3,3,0
as_unsure,3,3,0
equally_prevalent,3,3,0
too_feral,3,3,0
extremely_motivating,3,2,1
actively_sympathetic,3,3,0
especially_eye-catching,3,1,2
quite_impractical,3,3,0
touchingly_sweet,3,2,1
too_favorable,3,3,0
more_merciless,3,3,0
especially_upset,3,3,0
as_stale,3,3,0
too_fearless,3,3,0
especially_horrible,3,0,3
extremely_nationalist,3,3,0
as_untrustworthy,3,2,1
too_feisty,3,3,0
extremely_muscular,3,3,0
as_untenable,3,1,2
quite_honorable,3,1,2
annoyingly_persistent,3,3,0
violently_passionate,3,2,1
more_canadian,3,1,2
as_sporty,3,3,0
especially_gratifying,3,1,2
quite_iconic,3,2,1
quite_idealistic,3,3,0
intentionally_frustrating,3,3,0
internationally_minded,3,3,0
quite_idiosyncratic,3,3,0
quite_dicey,3,3,0
traditionally_french,3,1,2
quite_idyllic,3,3,0
equally_oblivious,3,3,0
plain_sensible,3,3,0
equally_obnoxious,3,1,2
extremely_economical,3,3,0
as_viable,3,2,1
especially_worthy,3,1,2
more_mexican,3,2,1
more_mighty,3,0,3
as_user-friendly,3,3,0
as_virulent,3,3,0
extremely_original,3,1,2
extremely_organized,3,2,1
very_unruly,3,3,0
more_amiss,3,0,3
totally_suitable,3,2,1
extremely_good-looking,3,3,0
as_reliant,3,3,0
equally_nervous,3,3,0
traditionally_masculine,3,3,0
equally_neutral,3,0,3
very_unsavory,3,2,1
quite_detrimental,3,3,0
too_faithful,3,3,0
quite_rugged,3,3,0
too_heartbroken,3,3,0
essentially_alone,3,3,0
as_verbose,3,2,1
as_representative,3,3,0
quite_horrified,3,3,0
quite_resourceful,3,3,0
as_spry,3,3,0
equally_outlandish,3,1,2
quite_immense,3,2,1
especially_warm,3,0,3
quite_disillusioned,3,3,0
aggressively_competitive,3,3,0
equally_outraged,3,3,0
plain_cocky,3,3,0
especially_gruesome,3,2,1
especially_harmful,3,3,0
especially_harsh,3,3,0
equally_palatable,3,3,0
extremely_gory,3,3,0
quite_disingenuous,3,2,1
again_free,3,3,0
extremely_elementary,3,2,1
quite_reticent,3,3,0
especially_wary,3,3,0
equally_original,3,2,1
quite_discreet,3,3,0
as_repressive,3,2,1
quite_disastrous,3,3,0
especially_windy,3,3,0
equally_odious,3,3,0
quite_ripe,3,3,0
quite_discouraging,3,3,0
equally_old,3,2,1
too_far,3,3,0
very_vertical,3,3,0
as_valiant,3,3,0
quite_revolting,3,2,1
plain_clever,3,3,0
inherently_ominous,3,1,2
especially_wild,3,1,2
plain_lovely,3,3,0
as_unskilled,3,0,3
too_harmful,3,3,0
plain_destructive,3,3,0
as_unproductive,3,3,0
plain_irritable,3,3,0
plain_distracting,3,3,0
very_unsophisticated,3,3,0
especially_terrible,3,1,2
more_antiquated,3,3,0
extremely_luxurious,3,2,1
as_unprofessional,3,0,3
extremely_lucrative,3,3,0
totally_unhealthy,3,2,1
quite_heartening,3,1,2
equally_sacred,3,3,0
quite_pornographic,3,3,0
as_snazzy,3,3,0
especially_tense,3,3,0
quite_infectious,3,1,2
plain_possible,3,3,0
as_reverent,3,2,1
plain_practical,3,3,0
quite_infamous,3,2,1
quite_easier,3,2,1
equally_revolting,3,1,2
equally_revolutionary,3,1,2
plain_disrespectful,3,3,0
quite_ineffective,3,3,0
equally_risky,3,3,0
quite_preliminary,3,3,0
extremely_masculine,3,1,2
actively_good,3,3,0
as_sterile,3,3,0
quite_inept,3,3,0
especially_titillating,3,0,3
extremely_gullible,3,3,0
extremely_grotesque,3,1,2
more_bubbly,3,2,1
as_unproven,3,0,3
totally_visible,3,1,2
extremely_genuine,3,3,0
as_unnoticed,3,3,0
especially_disgusting,3,0,3
plain_enough,3,3,0
anyway_better,3,3,0
equally_selfish,3,3,0
more_apologetic,3,1,2
as_unjust,3,1,2
especially_suitable,3,2,1
as_uninspiring,3,1,2
plain_popular,3,3,0
quite_grumpy,3,3,0
especially_disappointed,3,3,0
especially_different,3,1,2
quite_infuriating,3,3,0
totally_vacant,3,3,0
totally_useful,3,2,1
especially_stark,3,2,1
quite_pleasurable,3,0,3
extremely_lonely,3,3,0
extremely_low-tech,3,0,3
more_bigoted,3,3,0
extremely_lopsided,3,2,1
extremely_handy,3,3,0
plain_mean-spirited,3,3,0
equally_satisfactory,3,3,0
inherently_poetic,3,2,1
equally_savory,3,2,1
quite_polarizing,3,3,0
very_loveable,3,2,1
especially_tasty,3,2,1
quite_effusive,3,3,0
quite_pointless,3,3,0
quite_inferior,3,1,2
totally_vegetarian,3,3,0
quite_hard-hitting,3,3,0
too_flattering,3,2,1
quite_preposterous,3,3,0
extremely_gifted,3,2,1
quite_girly,3,3,0
quite_probable,3,3,0
more_anti-semitic,3,3,0
quite_early,3,3,0
too_impoverished,3,3,0
extremely_guilty,3,3,0
as_unrelated,3,2,1
too_fit,3,3,0
equally_related,3,3,0
as_stealthy,3,3,0
violently_loyal,3,3,0
extremely_mild,3,3,0
extremely_mindful,3,3,0
very_unsightly,3,3,0
quite_pretty,3,3,0
plain_irritated,3,3,0
totally_welcome,3,3,0
quite_profane,3,2,1
especially_entertaining,3,3,0
quite_incisive,3,2,1
as_unscrupulous,3,1,2
quite_incomplete,3,3,0
as_unsavory,3,0,3
quite_hesitant,3,3,0
as_unruly,3,1,2
especially_horrific,3,1,2
too_flaky,3,3,0
more_bewildered,3,3,0
especially_ugly,3,1,2
too_haphazard,3,3,0
quite_prosaic,3,1,2
plain_puzzling,3,3,0
quite_prescriptive,3,3,0
quite_prophetic,3,2,1
quite_hefty,3,3,0
totally_waterproof,3,3,0
especially_dramatic,3,2,1
equally_representative,3,3,0
equally_repulsive,3,0,3
especially_uncomfortable,3,3,0
much_awake,2,2,0
very_mesmerising,2,2,0
very_metaphysical,2,2,0
vaguely_circular,2,1,1
more_obligatory,2,2,0
woefully_misunderstood,2,2,0
mostly_tolerable,2,2,0
yet_positive,2,0,2
very_indian,2,1,1
wonderfully_preposterous,2,2,0
less_nightmarish,2,0,2
less_shrill,2,0,2
much_awful,2,2,0
more_homesick,2,2,0
more_perverted,2,2,0
more_promotional,2,2,0
very_inconspicuous,2,2,0
less_participatory,2,1,1
less_pastoral,2,1,1
yet_perfect,2,2,0
much_mediocre,2,2,0
very_female,2,2,0
yet_inaccessible,2,1,1
less_slim,2,2,0
very_incompetent,2,2,0
less_industrial,2,1,1
most_user-friendly,2,2,0
very_grandiose,2,0,2
very_fewer,2,2,0
less_serene,2,1,1
less_new,2,1,1
less_incendiary,2,1,1
less_skilful,2,2,0
yet_impactful,2,0,2
most_unreasonable,2,2,0
very_primary,2,1,1
yet_naked,2,2,0
less_indifferent,2,0,2
much_benign,2,2,0
mostly_theoretical,2,2,0
more_homosexual,2,2,0
utterly_unpretentious,2,1,1
most_unwieldy,2,2,0
most_unsung,2,2,0
less_nostalgic,2,1,1
less_single,2,1,1
wonderfully_primal,2,0,2
very_inconclusive,2,2,0
very_premium,2,2,0
very_prickly,2,2,0
much_mandatory,2,1,1
woefully_naive,2,2,0
mostly_terrifying,2,2,0
less_noteworthy,2,2,0
less_impulsive,2,2,0
very_incongruous,2,1,1
very_presidential,2,1,1
less_slick,2,2,0
most_unrealistic,2,2,0
yet_possible,2,2,0
very_mindless,2,2,0
less_nonsensical,2,0,2
less_impressionable,2,2,0
wonderfully_individual,2,2,0
most_unsuccessful,2,2,0
more_luxury,2,0,2
more_prohibitive,2,2,0
less_sleek,2,1,1
much_meaningful,2,0,2
yet_hilarious,2,0,2
vaguely_chemical,2,0,2
mostly_terrible,2,2,0
most_unsure,2,2,0
more_lifeless,2,1,1
very_mesmerizing,2,0,2
wonderfully_present,2,2,0
woefully_miscast,2,2,0
woefully_small,2,2,0
woefully_misleading,2,2,0
less_impractical,2,0,2
less_skeptical,2,2,0
less_precarious,2,2,0
most_unpopular,2,2,0
very_humanistic,2,1,1
wonderfully_melodic,2,2,0
vaguely_dangerous,2,1,1
very_mandatory,2,1,1
very_manic,2,1,1
wonderfully_original,2,2,0
more_little,2,2,0
very_rampant,2,2,0
most_troublesome,2,2,0
less_hispanic,2,2,0
very_humanoid,2,2,0
less_striking,2,2,0
much_obvious,2,1,1
less_hip,2,2,0
less_hellish,2,0,2
much_aesthetic,2,2,0
less_hideous,2,2,0
yet_unpublished,2,1,1
very_raucous,2,2,0
less_oppressive,2,1,1
yet_unreleased,2,2,0
more_pro-choice,2,2,0
less_opinionated,2,2,0
less_helpless,2,1,1
more_louder,2,2,0
most_tricky,2,2,0
most_traumatic,2,1,1
very_homely,2,1,1
less_historic,2,0,2
mostly_verbal,2,2,0
more_reusable,2,0,2
more_overbearing,2,2,0
less_homogeneous,2,2,0
wonderfully_medieval,2,0,2
less_hokey,2,0,2
much_aghast,2,2,0
more_privy,2,2,0
very_rad,2,2,0
more_overpriced,2,2,0
very_malevolent,2,1,1
wonderfully_ornamental,2,2,0
more_pro,2,2,0
mostly_vegan,2,2,0
yet_universal,2,1,1
vaguely_contemporary,2,1,1
willfully_obnoxious,2,1,1
wonderfully_melancholy,2,0,2
less_obscure,2,1,1
more_oversized,2,1,1
much_nostalgia,2,2,0
less_opulent,2,1,1
less_stretchy,2,1,1
willfully_oblivious,2,2,0
utterly_unplayable,2,2,0
very_malleable,2,2,0
more_retrograde,2,1,1
yet_unresolved,2,2,0
mostly_wishful,2,2,0
yet_unfamiliar,2,1,1
less_supple,2,2,0
yet_vital,2,0,2
less_haunting,2,2,0
yet_warm,2,1,1
more_rife,2,2,0
mostly_yellow,2,2,0
less_suicidal,2,0,2
vaguely_disappointing,2,1,1
willfully_indifferent,2,2,0
less_summery,2,1,1
less_superior,2,1,1
very_horrific,2,2,0
wonderfully_novel,2,1,1
vaguely_disquieting,2,0,2
wonderfully_modern,2,0,2
less_odd,2,2,0
very_homogeneous,2,1,1
less_official,2,0,2
very_horrid,2,2,0
much_accessible,2,2,0
yet_wrong,2,1,1
willfully_disrespectful,2,2,0
much_overused,2,2,0
very_hopeless,2,2,0
most_terrified,2,2,0
much_painful,2,2,0
utterly_unmoved,2,2,0
willfully_misleading,2,2,0
much_accountable,2,2,0
utterly_rubbish,2,2,0
more_groundless,2,2,0
yet_untold,2,2,0
wonderfully_ordinary,2,1,1
more_panicked,2,1,1
very_mean-spirited,2,1,1
less_subjective,2,0,2
vaguely_disappointed,2,2,0
utterly_self-indulgent,2,1,1
more_pro-israel,2,2,0
much_old,2,2,0
less_heartbreaking,2,0,2
less_online,2,2,0
utterly_scrumptious,2,2,0
mostly_worried,2,2,0
less_one-sided,2,0,2
more_parallel,2,2,0
yet_useless,2,1,1
less_healthful,2,1,1
very_real-time,2,2,0
wonderfully_nerdy,2,2,0
much_optional,2,2,0
yet_versatile,2,0,2
wonderfully_old-fashioned,2,1,1
more_parochial,2,1,1
utterly_unnatural,2,0,2
much_accustomed,2,2,0
very_quotable,2,2,0
very_quantifiable,2,1,1
wonderfully_innocent,2,0,2
mostly_unheard,2,2,0
less_illustrious,2,0,2
less_solicitous,2,1,1
more_like,2,1,1
less_pagan,2,1,1
much_anonymous,2,2,0
woefully_incorrect,2,2,0
wonderfully_perverse,2,0,2
less_own,2,2,0
more_one-dimensional,2,2,0
more_programmable,2,1,1
yet_satisfying,2,0,2
less_somber,2,0,2
wonderfully_intoxicating,2,2,0
less_outraged,2,2,0
yet_smart,2,0,2
utterly_serious,2,1,1
most_unequal,2,2,0
much_annoying,2,2,0
more_online,2,1,1
very_imposing,2,1,1
very_impolite,2,1,1
less_identical,2,2,0
less_nude,2,2,0
most_undervalued,2,2,0
vaguely_concerned,2,1,1
wonderfully_perceptive,2,1,1
very_improper,2,2,0
much_anxious,2,2,0
woefully_inefficient,2,2,0
most_unfamiliar,2,1,1
very_prohibitive,2,2,0
very_prolonged,2,2,0
less_notorious,2,0,2
less_palpable,2,1,1
mostly_undeveloped,2,2,0
wonderfully_innovative,2,2,0
very_favourite,2,1,1
most_unnecessary,2,2,0
most_unlucky,2,2,0
more_prideful,2,2,0
most_unkind,2,1,1
more_lumpy,2,1,1
more_obstinate,2,1,1
mostly_unfavorable,2,2,0
less_impenetrable,2,1,1
very_hierarchical,2,2,0
much_ashamed,2,2,0
much_appealing,2,2,0
utterly_shameless,2,1,1
mostly_unhappy,2,2,0
more_prime,2,1,1
woefully_inexperienced,2,2,0
very_protracted,2,2,0
woefully_inept,2,2,0
less_imminent,2,2,0
less_hypocritical,2,2,0
less_sombre,2,0,2
yet_unexpected,2,0,2
less_obedient,2,2,0
wonderfully_patient,2,2,0
mostly_unrelated,2,0,2
yet_unaware,2,2,0
yet_uncertain,2,2,0
most_ubiquitous,2,2,0
utterly_unintelligible,2,1,1
mostly_untrue,2,2,0
woefully_absent,2,1,1
less_staid,2,1,1
willfully_uninformed,2,2,0
most_turbulent,2,2,0
mostly_unused,2,2,0
more_orwellian,2,1,1
more_heated,2,2,0
very_medieval,2,1,1
mostly_useful,2,1,1
utterly_uninteresting,2,2,0
less_stereotypical,2,1,1
less_stinky,2,0,2
less_obese,2,2,0
less_horrendous,2,0,2
less_hoppy,2,1,1
more_low-income,2,2,0
very_icky,2,2,0
less_ornamental,2,2,0
more_overall,2,2,0
less_spherical,2,2,0
much_alone,2,2,0
less_ours,2,2,0
more_principal,2,1,1
most_understandable,2,2,0
woefully_disappointed,2,2,0
less_sparse,2,1,1
less_hungover,2,2,0
most_underappreciated,2,2,0
more_permissible,2,2,0
less_specialized,2,1,1
very_impartial,2,2,0
yet_strong,2,1,1
woefully_bland,2,2,0
very_immaculate,2,1,1
more_pricy,2,1,1
mostly_unjustified,2,2,0
very_hokey,2,2,0
very_idiosyncratic,2,2,0
very_pungent,2,2,0
utterly_selfless,2,2,0
less_outdoors,2,2,0
vaguely_confusing,2,0,2
most_uncertain,2,1,1
more_perky,2,1,1
wonderfully_kind,2,2,0
much_nice,2,2,0
most_unbearable,2,2,0
very_identifiable,2,1,1
most_uncommon,2,1,1
more_nicer,2,2,0
most_usual,2,2,0
very_garish,2,2,0
very_overworked,2,2,0
more_medium,2,2,0
less_literate,2,2,0
less_queer,2,2,0
less_literary,2,1,1
more_jolly,2,0,2
very_future,2,2,0
much_fundamental,2,2,0
more_indistinguishable,2,1,1
less_quirky,2,1,1
mostly_nocturnal,2,2,0
less_ponderous,2,0,2
wonderfully_complicated,2,1,1
more_indiscriminate,2,2,0
very_greek,2,2,0
very_gaudy,2,2,0
wondrously_alive,2,1,1
utterly_thrilled,2,2,0
much_distressed,2,2,0
worldwide_interested,2,0,2
less_misleading,2,1,1
less_rapid,2,2,0
more_punishable,2,2,0
less_mistaken,2,2,0
more_punctual,2,2,0
mostly_one-sided,2,2,0
vaguely_acceptable,2,1,1
mostly_online,2,2,0
very_greatest,2,2,0
mostly_neutral,2,2,0
much_handmade,2,1,1
mostly_native,2,2,0
less_proper,2,2,0
less_meticulous,2,1,1
more_monochromatic,2,1,1
less_proportional,2,2,0
wonderfully_vulnerable,2,1,1
wonderfully_soft,2,1,1
mostly_misleading,2,2,0
mostly_crisp,2,2,0
mostly_monogamous,2,2,0
wonderfully_wacky,2,0,2
much_fresh,2,2,0
very_forgetful,2,2,0
very_foreboding,2,0,2
very_outrageous,2,2,0
utterly_wild,2,0,2
mostly_cool,2,2,0
less_minor,2,2,0
very_narcissistic,2,2,0
much_earlier,2,1,1
much_eager,2,2,0
very_overrated,2,2,0
utterly_thrilling,2,2,0
more_inescapable,2,2,0
wonderfully_wild,2,1,1
less_little,2,2,0
wonderfully_cosy,2,1,1
more_inept,2,2,0
wonderfully_cool,2,2,0
mostly_opaque,2,2,0
mostly_close,2,2,0
very_painstaking,2,2,0
much_credible,2,2,0
wonderfully_frustrating,2,2,0
less_reactionary,2,1,1
more_kid-friendly,2,1,1
very_multifaceted,2,2,0
wonderfully_sad,2,0,2
very_multicultural,2,2,0
mostly_awesome,2,2,0
utterly_unbearable,2,2,0
mostly_poorer,2,0,2
wonderfully_ridiculous,2,2,0
very_parallel,2,2,0
much_cut,2,2,0
less_laudable,2,1,1
mostly_avoidable,2,2,0
very_irish,2,2,0
less_laborious,2,1,1
mostly_private,2,2,0
less_reassuring,2,2,0
less_rebellious,2,2,0
less_labor-intensive,2,2,0
less_recognisable,2,1,1
mostly_asian,2,2,0
mostly_professional,2,2,0
more_mushy,2,1,1
mostly_anonymous,2,1,1
less_kinky,2,2,0
much_creative,2,1,1
less_kind,2,2,0
less_legit,2,2,0
wonderfully_seductive,2,1,1
more_pompous,2,1,1
vaguely_accurate,2,2,0
much_devoid,2,1,1
much_funny,2,2,0
very_mystifying,2,2,0
utterly_trustworthy,2,1,1
less_monotonous,2,1,1
wonderfully_foolish,2,0,2
worryingly_short,2,2,0
less_light,2,2,0
worst_unlikely,2,2,0
very_invisible,2,2,0
mostly_passive,2,2,0
mostly_christian,2,2,0
more_moronic,2,2,0
mostly_peaceful,2,2,0
mostly_chinese,2,2,0
wonderfully_serene,2,1,1
mostly_caucasian,2,2,0
mostly_calm,2,2,0
more_jumpy,2,2,0
utterly_unafraid,2,2,0
mostly_brown,2,2,0
yearly_fair,2,2,0
yearly_physical,2,2,0
mostly_plastic,2,2,0
mostly_pleased,2,2,0
much_dangerous,2,2,0
more_incredulous,2,1,1
less_long,2,2,0
wonderfully_stark,2,2,0
mostly_defunct,2,2,0
very_kid-friendly,2,2,0
very_obtainable,2,2,0
very_grisly,2,2,0
very_gripping,2,2,0
much_fair,2,1,1
wonderfully_tenacious,2,1,1
very_junior,2,1,1
very_groggy,2,2,0
less_prejudiced,2,2,0
mostly_hairless,2,2,0
mostly_impossible,2,1,1
more_intact,2,2,0
very_ok,2,2,0
very_okay,2,2,0
wonderfully_tender,2,2,0
wonderfully_unusual,2,1,1
mostly_inclusive,2,2,0
less_pressing,2,2,0
more_miniscule,2,1,1
much_equivalent,2,2,0
less_presumptuous,2,2,0
more_instantaneous,2,1,1
wonderfully_thoughtful,2,2,0
much_enthusiastic,2,2,0
very_nerve-wracking,2,2,0
wonderfully_true,2,2,0
less_principled,2,1,1
less_macho,2,0,2
mostly_independent,2,1,1
very_nomadic,2,2,0
less_pregnant,2,1,1
very_justifiable,2,2,0
very_obstinate,2,2,0
less_preachy,2,2,0
wonderfully_eerie,2,0,2
wonderfully_talented,2,2,0
mostly_horizontal,2,2,0
very_justified,2,2,0
wonderfully_tacky,2,1,1
mostly_hilarious,2,2,0
mostly_human,2,2,0
more_intimidated,2,2,0
wonderfully_dissatisfied,2,2,0
mostly_humorous,2,1,1
much_exciting,2,1,1
more_rabid,2,2,0
wonderfully_surprised,2,2,0
much_extra,2,2,0
very_noxious,2,1,1
utterly_transparent,2,2,0
very_nude,2,2,0
wonderfully_effective,2,2,0
wonderfully_tasty,2,1,1
very_oblique,2,2,0
mostly_identical,2,2,0
mostly_heterosexual,2,2,0
very_nonpartisan,2,2,0
very_obsessed,2,2,0
wonderfully_successful,2,2,0
more_rad,2,0,2
wonderfully_unpredictable,2,2,0
wonderfully_exhilarating,2,0,2
utterly_virtuous,2,0,2
wonderfully_vivid,2,2,0
very_opulent,2,2,0
utterly_vile,2,1,1
mostly_lesbian,2,2,0
mostly_less,2,2,0
wonderfully_fascinating,2,1,1
wonderfully_fishy,2,0,2
much_fitting,2,2,0
very_isolated,2,2,0
very_orange,2,2,0
more_inner,2,1,1
much_efficient,2,2,0
very_irresistible,2,1,1
less_portable,2,2,0
more_powerless,2,2,0
wonderfully_decadent,2,1,1
more_irreversible,2,2,0
more_inhumane,2,2,0
less_meritorious,2,2,0
very_left,2,2,0
less_promiscuous,2,2,0
very_native,2,2,0
wonderfully_flavorful,2,1,1
mostly_derivative,2,2,0
mostly_meaningless,2,1,1
very_orthodox,2,2,0
very_gruff,2,2,0
very_left-leaning,2,2,0
mostly_mental,2,2,0
utterly_vain,2,2,0
mostly_english,2,2,0
more_mistaken,2,2,0
more_irreplaceable,2,0,2
less_mean-spirited,2,2,0
less_proactive,2,1,1
wonderfully_useful,2,0,2
utterly_unwarranted,2,1,1
less_procedural,2,0,2
mostly_forgettable,2,2,0
utterly_toxic,2,1,1
wonderfully_visceral,2,0,2
more_irreconcilable,2,2,0
mostly_foreign,2,1,1
wonderfully_crisp,2,1,1
less_lucid,2,2,0
less_mediocre,2,1,1
utterly_unsuccessful,2,2,0
more_misogynistic,2,2,0
wonderfully_exotic,2,0,2
much_enough,2,2,0
less_low,2,2,0
utterly_unwilling,2,2,0
utterly_utilitarian,2,2,0
wonderfully_subversive,2,0,2
wonderfully_expensive,2,2,0
more_insatiable,2,2,0
mostly_faithful,2,2,0
wonderfully_expressive,2,0,2
mostly_experimental,2,2,0
much_firmer,2,1,1
wonderfully_fun,2,1,1
less_red,2,2,0
very_indie,2,1,1
most_visceral,2,2,0
less_sane,2,2,0
very_long-lived,2,2,0
utterly_straightforward,2,1,1
less_insular,2,1,1
less_instructive,2,2,0
wonderfully_raw,2,0,2
most_visionary,2,2,0
vaguely_bitter,2,0,2
very_missing,2,1,1
less_sappy,2,0,2
mostly_spanish,2,2,0
yet_dead,2,1,1
less_insensitive,2,1,1
utterly_unfathomable,2,0,2
wonderfully_abstract,2,1,1
mostly_stable,2,2,0
more_nomadic,2,1,1
less_perishable,2,0,2
yet_durable,2,1,1
less_perfunctory,2,1,1
utterly_unfit,2,2,0
more_nonchalant,2,2,0
utterly_spectacular,2,1,1
less_nauseating,2,1,1
more_nondescript,2,0,2
very_heated,2,2,0
vaguely_certain,2,2,0
wonderfully_homey,2,0,2
less_persistent,2,2,0
very_finite,2,0,2
mostly_alright,2,2,0
very_mixed,2,2,0
less_interchangeable,2,2,0
mostly_silly,2,2,0
more_immaterial,2,0,2
most_warm,2,2,0
more_proportionate,2,0,2
less_rugged,2,0,2
wonderfully_anachronistic,2,0,2
more_nerve-racking,2,2,0
mostly_similar,2,2,0
more_nerve-wracking,2,1,1
more_illusory,2,2,0
wonderfully_amusing,2,2,0
utterly_unfair,2,1,1
vaguely_artistic,2,2,0
vaguely_attractive,2,0,2
very_innate,2,1,1
very_liveable,2,2,0
very_injurious,2,1,1
more_prettier,2,2,0
less_intellectual,2,1,1
much_instantaneous,2,2,0
wonderfully_akin,2,1,1
vaguely_ashamed,2,2,0
yet_convenient,2,2,0
much_certain,2,2,0
wonderfully_accessible,2,2,0
mostly_smooth,2,2,0
much_careful,2,2,0
yet_eerie,2,0,2
more_nostalgia,2,2,0
very_misogynistic,2,1,1
more_nuclear,2,2,0
wonderfully_pure,2,1,1
more_lesser,2,2,0
wonderfully_humorous,2,2,0
wonderfully_provocative,2,2,0
mostly_tasteless,2,2,0
woefully_underserved,2,2,0
vaguely_challenging,2,1,1
very_finest,2,2,0
more_prompt,2,2,0
most_venomous,2,2,0
woefully_underpaid,2,2,0
utterly_unimportant,2,0,2
wonderfully_idiosyncratic,2,1,1
less_informal,2,1,1
more_repeatable,2,1,1
yet_functional,2,0,2
less_inexpensive,2,2,0
most_various,2,2,0
much_likely,2,2,0
less_selfless,2,1,1
vaguely_cheeky,2,0,2
much_local,2,2,0
yet_gentle,2,1,1
more_reproducible,2,0,2
very_glaring,2,1,1
very_pregnant,2,2,0
much_big,2,2,0
less_industrialized,2,2,0
most_vexing,2,2,0
more_hyper,2,2,0
less_patronizing,2,1,1
more_novice,2,2,0
less_perceptive,2,2,0
utterly_unimaginative,2,1,1
woefully_underwhelming,2,2,0
less_seasonal,2,0,2
wonderfully_random,2,2,0
woefully_understaffed,2,2,0
yet_exciting,2,0,2
most_vile,2,1,1
very_inevitable,2,1,1
most_vigorous,2,2,0
wonderfully_radical,2,0,2
more_noticable,2,2,0
most_vigilant,2,2,0
utterly_special,2,0,2
utterly_sinful,2,1,1
very_plump,2,2,0
yet_free,2,1,1
wonderfully_honest,2,1,1
less_injurious,2,2,0
less_seasoned,2,2,0
less_secret,2,2,0
less_inhumane,2,2,0
very_heinous,2,1,1
more_icy,2,2,0
more_icky,2,1,1
more_replaceable,2,2,0
very_minuscule,2,2,0
utterly_understated,2,2,0
less_round,2,2,0
very_inspired,2,1,1
less_pink,2,1,1
very_patriarchal,2,2,0
more_incidental,2,1,1
very_interdisciplinary,2,2,0
less_jaded,2,1,1
very_interdependent,2,2,0
less_itchy,2,1,1
less_italian,2,1,1
less_repetitive,2,0,2
very_penetrating,2,2,0
less_plain,2,1,1
more_regulatory,2,2,0
wonderfully_beneficial,2,2,0
most_wretched,2,2,0
less_resourceful,2,2,0
less_irregular,2,2,0
much_helpless,2,2,0
more_inaccessible,2,1,1
much_continuous,2,2,0
very_integrated,2,1,1
very_perceptible,2,1,1
mostly_religious,2,2,0
less_irritated,2,2,0
mostly_republican,2,2,0
less_irritable,2,2,0
very_perfunctory,2,2,0
very_peripheral,2,1,1
mostly_resentful,2,2,0
wonderfully_bad,2,2,0
much_correct,2,2,0
very_patchy,2,2,0
much_cosmetic,2,2,0
very_intermittent,2,2,0
less_redundant,2,2,0
yet_adorable,2,0,2
mostly_proud,2,2,0
very_lifeless,2,1,1
mostly_affluent,2,2,0
less_plentiful,2,2,0
less_juvenile,2,0,2
less_refined,2,1,1
less_justifiable,2,1,1
very_mountainous,2,2,0
more_incompetent,2,1,1
more_maternal,2,0,2
less_pleasurable,2,2,0
mostly_pure,2,2,0
more_lacklustre,2,2,0
wonderfully_captivating,2,1,1
yet_ancient,2,0,2
less_muddled,2,2,0
mostly_accurate,2,2,0
utterly_unreasonable,2,2,0
very_gratuitous,2,2,0
very_pastoral,2,1,1
less_muddy,2,2,0
utterly_tasteless,2,2,0
utterly_surreal,2,0,2
wonderfully_bright,2,2,0
less_jubilant,2,2,0
very_moral,2,0,2
less_muslim,2,2,0
most_wary,2,1,1
much_incomplete,2,2,0
vaguely_appealing,2,1,1
wonderfully_authentic,2,1,1
utterly_unreachable,2,1,1
less_petty,2,1,1
much_impoverished,2,2,0
mostly_secular,2,2,0
very_pernicious,2,1,1
yet_close,2,0,2
much_incompetent,2,2,0
most_weighty,2,2,0
more_impervious,2,2,0
most_weary,2,2,0
less_interdependent,2,2,0
less_riskier,2,1,1
more_protectionist,2,1,1
much_incredible,2,2,0
wonderfully_attractive,2,1,1
much_indestructible,2,2,0
more_impeccable,2,2,0
wonderfully_handmade,2,1,1
very_personalised,2,1,1
more_impassable,2,2,0
more_impaired,2,2,0
more_needless,2,2,0
very_personalized,2,2,0
more_immutable,2,0,2
mostly_separate,2,2,0
most_wasteful,2,2,0
more_law-abiding,2,1,1
more_impolite,2,1,1
utterly_uncontroversial,2,2,0
wonderfully_goofy,2,1,1
very_moot,2,2,0
much_hopeful,2,2,0
wonderfully_restorative,2,0,2
less_invisible,2,1,1
less_reticent,2,2,0
mostly_rhetorical,2,2,0
less_mystical,2,2,0
very_healthful,2,1,1
most_worldly,2,2,0
less_revolting,2,1,1
very_floral,2,1,1
less_mystifying,2,2,0
wonderfully_responsive,2,2,0
yet_brave,2,0,2
yet_captivating,2,0,2
wonderfully_awkward,2,2,0
mostly_rich,2,2,0
more_latest,2,2,0
less_mythical,2,2,0
yet_casual,2,0,2
more_latino,2,1,1
most_wild,2,2,0
less_intriguing,2,1,1
most_wicked,2,2,0
yet_catchy,2,0,2
less_intoxicating,2,0,2
yet_challenging,2,1,1
wonderfully_nourishing,2,0,2
militarily_powerful,2,2,0
willfully_deceptive,2,2,0
weirdly_soothing,2,1,1
most_grandiose,2,2,0
weirdly_wonderful,2,1,1
more_anticlimactic,2,2,0
mentally_fit,2,2,0
weirdly_wrong,2,2,0
more_antsy,2,2,0
more_vegetarian,2,2,0
more_vegan,2,2,0
very_coincidental,2,2,0
violently_insane,2,2,0
most_great,2,2,0
most_grievous,2,2,0
mentally_engaging,2,1,1
mentally_easier,2,2,0
mentally_disturbing,2,2,0
more_apathetic,2,2,0
most_grotesque,2,2,0
well_adept,2,2,0
very_collectable,2,2,0
more_appalled,2,2,0
well_applicable,2,2,0
mentally_disadvantaged,2,2,0
mentally_different,2,2,0
violently_enough,2,2,0
violently_anti-israel,2,1,1
weirdly_specific,2,2,0
mentally_hard,2,2,0
mentally_satisfying,2,1,1
weirdly_sinister,2,1,1
more_viewable,2,0,2
weirdly_insightful,2,2,0
more_victorious,2,2,0
mentally_relaxing,2,2,0
most_frustrated,2,2,0
weirdly_nice,2,1,1
mentally_quick,2,2,0
weirdly_nostalgic,2,0,2
mentally_productive,2,2,0
weirdly_picky,2,2,0
very_coercive,2,2,0
mentally_prepared,2,2,0
more_angled,2,2,0
weirdly_refreshing,2,0,2
virtually_absolute,2,2,0
weirdly_relatable,2,0,2
mentally_mature,2,2,0
violently_supernatural,2,0,2
mentally_intact,2,2,0
violently_misunderstood,2,2,0
weirdly_sexy,2,1,1
most_glorious,2,2,0
weirdly_similar,2,1,1
very_affective,2,2,0
violently_intolerant,2,2,0
well_attentive,2,2,0
well_available,2,2,0
well_awake,2,1,1
most_handy,2,2,0
medically_unfounded,2,2,0
most_heinous,2,2,0
most_heroic,2,2,0
most_hideous,2,2,0
very_acrimonious,2,2,0
more_uphill,2,2,0
very_acoustic,2,1,1
well_different,2,1,1
medically_significant,2,2,0
well_difficult,2,2,0
medically_serious,2,1,1
more_asymmetrical,2,1,1
more_at-risk,2,1,1
well_excited,2,2,0
very_wondrous,2,2,0
more_unworthy,2,2,0
medically_powerful,2,1,1
very_wobbly,2,2,0
medically_possible,2,1,1
very_wishful,2,2,0
more_unwell,2,2,0
well_fat,2,2,0
medically_ominous,2,0,2
most_horrid,2,2,0
medically_justifiable,2,2,0
very_wrenching,2,0,2
well_complex,2,2,0
very_wretched,2,2,0
vibrantly_healthy,2,2,0
very_adroit,2,1,1
violently_anti-american,2,2,0
more_vacant,2,2,0
violently_angry,2,2,0
viciously_partisan,2,2,0
more_approximate,2,2,0
very_adjacent,2,2,0
most_hard,2,2,0
viciously_competitive,2,2,0
most_hardy,2,2,0
vibrantly_real,2,2,0
well_brief,2,2,0
well_compact,2,2,0
vibrantly_green,2,2,0
well_cheap,2,2,0
vibrantly_full,2,1,1
mentally_abusive,2,2,0
most_healthful,2,2,0
vibrantly_fresh,2,2,0
memorably_bizarre,2,0,2
well_chuffed,2,1,1
most_heartfelt,2,2,0
medically_usable,2,2,0
medically_unproven,2,2,0
mentally_rigorous,2,2,0
virtually_anonymous,2,2,0
viscerally_sexist,2,2,0
more_wavy,2,1,1
merely_conventional,2,2,0
merely_controversial,2,2,0
virtually_unique,2,1,1
most_fatigued,2,2,0
merely_conservative,2,2,0
more_advantaged,2,2,0
virtually_unintelligible,2,2,0
way_overpaid,2,2,0
very_altruistic,2,1,1
most_favourite,2,2,0
virtually_unchecked,2,2,0
more_advisory,2,2,0
virtually_unattainable,2,2,0
merely_cold,2,2,0
way_overrated,2,2,0
merely_clueless,2,2,0
most_fearsome,2,2,0
merely_ceremonial,2,2,0
merely_careless,2,2,0
virtually_transparent,2,2,0
way_safer,2,2,0
way_scarier,2,1,1
merely_busy,2,2,0
virtually_synonymous,2,2,0
merely_bureaucratic,2,2,0
merely_crafty,2,2,0
very_circuitous,2,2,0
weirdly_inaccurate,2,2,0
very_chunky,2,2,0
most_explicit,2,2,0
merely_dour,2,1,1
merely_dormant,2,2,0
way_excited,2,2,0
very_chinese,2,0,2
merely_distasteful,2,2,0
most_exquisite,2,2,0
viscerally_real,2,1,1
viscerally_powerful,2,1,1
viscerally_appealing,2,0,2
merely_disinterested,2,2,0
merely_disastrous,2,2,0
way_fun,2,2,0
way_harsher,2,2,0
more_accommodative,2,2,0
very_amiable,2,2,0
most_exuberant,2,2,0
way_healthier,2,1,1
virtually_unused,2,2,0
way_larger,2,1,1
virtually_unstoppable,2,2,0
merely_depressed,2,2,0
merely_democratic,2,2,0
merely_delusional,2,2,0
merely_deluded,2,2,0
virtually_speechless,2,2,0
most_feminine,2,2,0
virtually_possible,2,1,1
merely_bothersome,2,2,0
weirdly_anachronistic,2,1,1
weirdly_annoying,2,2,0
mentally_unprepared,2,2,0
weirdly_compulsive,2,1,1
weirdly_curious,2,1,1
virtually_equivalent,2,1,1
weirdly_different,2,2,0
weirdly_emotional,2,2,0
most_foreign,2,2,0
weirdly_endearing,2,1,1
virtually_dead,2,2,0
weirdly_enough,2,1,1
weirdly_entertaining,2,1,1
weirdly_euphoric,2,1,1
virtually_complete,2,2,0
virtually_closed,2,2,0
very_clueless,2,2,0
most_forthcoming,2,2,0
more_vindictive,2,2,0
virtually_bald,2,2,0
most_fragrant,2,2,0
most_fraught,2,2,0
virtually_aware,2,2,0
most_french,2,1,1
very_aimless,2,2,0
mentally_vacant,2,2,0
virtually_inaudible,2,2,0
more_amateurish,2,2,0
merely_appalling,2,0,2
virtually_perfect,2,2,0
most_fervent,2,2,0
most_festive,2,2,0
merely_black,2,2,0
virtually_pain-free,2,2,0
merely_available,2,2,0
merely_asleep,2,2,0
way_shorter,2,2,0
merely_artificial,2,2,0
merely_arbitrary,2,2,0
most_flattered,2,2,0
more_allergic,2,2,0
virtually_incoherent,2,2,0
most_flawed,2,2,0
merely_angry,2,2,0
very_alcoholic,2,1,1
merely_agreeable,2,2,0
very_alarmist,2,2,0
merely_afraid,2,2,0
merely_administrative,2,2,0
virtually_indestructible,2,1,1
most_flimsy,2,2,0
mercifully_free,2,2,0
mercifully_absent,2,2,0
medically_intractable,2,2,0
medically_interesting,2,1,1
more_untouchable,2,2,0
maybe_serious,2,2,0
well_smaller,2,2,0
well_straightforward,2,2,0
vastly_smarter,2,1,1
vastly_simpler,2,2,0
well_true,2,2,0
very_unsupported,2,2,0
most_insistent,2,2,0
very_unsuitable,2,1,1
maybe_sassy,2,2,0
very_unsteady,2,1,1
vastly_safer,2,2,0
very_consuming,2,2,0
more_buddhist,2,2,0
maybe_rich,2,2,0
maybe_restless,2,2,0
maybe_responsible,2,2,0
maybe_reluctant,2,2,0
maybe_relevant,2,2,0
well_vibrant,2,2,0
vastly_precious,2,0,2
vastly_overworked,2,2,0
more_unfashionable,2,1,1
maybe_relaxing,2,2,0
well_warm,2,2,0
most_international,2,2,0
maybe_scottish,2,2,0
well_significant,2,2,0
medically_insignificant,2,2,0
maybe_severe,2,2,0
maybe_thinner,2,2,0
well_positive,2,1,1
most_infectious,2,2,0
vastly_wide,2,1,1
maybe_tentative,2,2,0
very_unwanted,2,2,0
maybe_supportive,2,2,0
maybe_supernatural,2,2,0
maybe_suitable,2,2,0
most_ingenious,2,2,0
more_breathless,2,1,1
vastly_unprepared,2,2,0
maybe_strange,2,2,0
maybe_spicy,2,2,0
maybe_special,2,1,1
very_untrustworthy,2,2,0
maybe_smart,2,2,0
maybe_sloppy,2,2,0
maybe_skeptical,2,2,0
very_untrue,2,2,0
very_conspicuous,2,2,0
maybe_short,2,2,0
maybe_shallow,2,2,0
well_set,2,2,0
more_brisk,2,2,0
maybe_regular,2,2,0
vastly_overpriced,2,2,0
maybe_redundant,2,2,0
vastly_overpaid,2,2,0
wholly_authentic,2,1,1
more_uncontrollable,2,0,2
more_unconscious,2,2,0
most_japanese,2,2,0
wholly_aware,2,1,1
very_unpalatable,2,1,1
most_jarring,2,2,0
wholly_capable,2,2,0
more_unconfirmed,2,2,0
very_unoriginal,2,2,0
vastly_ignorant,2,2,0
wholly_christian,2,2,0
wholly_cohesive,2,1,1
most_joyous,2,2,0
maybe_obsessed,2,2,0
maybe_normal,2,2,0
very_controllable,2,2,0
wholly_consistent,2,2,0
maybe_nervous,2,2,0
wholly_dark,2,1,1
maybe_necessary,2,2,0
maybe_nearer,2,2,0
most_jubilant,2,2,0
most_judgmental,2,2,0
most_judicious,2,2,0
vastly_intelligent,2,2,0
very_contrasting,2,1,1
more_centralized,2,2,0
wholly_antithetical,2,0,2
well_worried,2,2,0
very_contented,2,2,0
maybe_reckless,2,2,0
vastly_misunderstood,2,2,0
wholly_amazing,2,0,2
more_undisciplined,2,2,0
most_introspective,2,2,0
vastly_misleading,2,1,1
maybe_proud,2,2,0
very_unremarkable,2,2,0
maybe_pregnant,2,2,0
very_contextual,2,2,0
more_unconvincing,2,1,1
more_underrepresented,2,2,0
maybe_permanent,2,2,0
maybe_pale,2,2,0
more_undeniable,2,1,1
more_undecided,2,2,0
most_irrational,2,2,0
most_irregular,2,2,0
most_irreplaceable,2,2,0
most_irresistible,2,2,0
maybe_outdated,2,2,0
maybe_orange,2,2,0
very_unwelcome,2,2,0
more_uninformed,2,2,0
well_pleasing,2,2,0
most_illegal,2,2,0
more_baggy,2,0,2
mechanically_solid,2,1,1
well_knit,2,2,0
most_hurt,2,2,0
mechanically_different,2,1,1
mechanically_correct,2,2,0
more_balmy,2,0,2
measurably_large,2,2,0
measurably_better,2,2,0
meaningfully_wrong,2,0,2
meaningfully_related,2,2,0
most_idealistic,2,1,1
most_ideological,2,2,0
maybe_young,2,2,0
very_compulsive,2,2,0
well_little,2,2,0
well_loose,2,2,0
well_many,2,2,0
well_measurable,2,1,1
well_mixed,2,2,0
well_modest,2,2,0
more_unsatisfactory,2,2,0
maybe_wistful,2,2,0
well_most,2,2,0
maybe_wet,2,1,1
well_important,2,2,0
medically_active,2,2,0
very_absorbing,2,2,0
very_accidental,2,2,0
medically_inexplicable,2,1,1
very_wavy,2,2,0
well_healthy,2,2,0
most_hospitable,2,2,0
more_unsustainable,2,2,0
more_unsuited,2,1,1
medically_healthy,2,2,0
more_autobiographical,2,1,1
very_accountable,2,2,0
well_hectic,2,2,0
medically_fit,2,2,0
very_accepting,2,2,0
most_hungry,2,2,0
medically_complicated,2,2,0
very_voluntary,2,2,0
well_high,2,2,0
very_voluminous,2,2,0
medically_catastrophic,2,1,1
medically_capable,2,2,0
more_baffled,2,2,0
very_visionary,2,2,0
well_huge,2,2,0
more_unstructured,2,2,0
medically_advisable,2,2,0
maybe_weird,2,2,0
maybe_valuable,2,1,1
very_unwieldy,2,2,0
maybe_vague,2,2,0
maybe_underwater,2,2,0
maybe_uncommon,2,2,0
most_improbable,2,2,0
very_vain,2,2,0
most_incisive,2,2,0
more_unofficial,2,2,0
more_blank,2,2,0
most_incorrect,2,2,0
more_unobtrusive,2,1,1
maybe_typical,2,2,0
very_useable,2,2,0
most_indecisive,2,2,0
maybe_turkish,2,2,0
most_indelible,2,2,0
more_unmistakable,2,2,0
more_unmarked,2,2,0
most_inebriated,2,2,0
maybe_triple,2,2,0
maybe_translucent,2,2,0
most_inept,2,2,0
more_unlimited,2,2,0
maybe_tougher,2,1,1
more_uninteresting,2,1,1
more_bonkers,2,1,1
verbally_adept,2,2,0
very_vehement,2,2,0
maybe_unemployed,2,2,0
well_outdated,2,2,0
most_impenetrable,2,2,0
most_illustrative,2,2,0
most_imaginative,2,2,0
maybe_upset,2,2,0
more_beefy,2,1,1
maybe_uplifting,2,2,0
well_odd,2,2,0
most_immoral,2,2,0
maybe_unsettling,2,2,0
more_unreliable,2,2,0
maybe_universal,2,2,0
well_old,2,2,0
more_unreadable,2,2,0
maybe_unexpected,2,1,1
verbally_violent,2,2,0
well_original,2,2,0
verbally_explicit,2,2,0
very_conditional,2,2,0
verbally_demeaning,2,2,0
maybe_unfulfilled,2,2,0
very_venomous,2,2,0
maybe_unfamiliar,2,2,0
verbally_combative,2,2,0
more_bilingual,2,1,1
most_impressionable,2,2,0
merely_eager,2,2,0
merely_economic,2,2,0
most_junior,2,2,0
moderately_enjoyable,2,1,1
moderately_expensive,2,2,0
very_bare,2,2,0
mighty_happy,2,2,0
moderately_fair,2,2,0
moderately_familiar,2,1,1
mighty_glad,2,2,0
moderately_fast,2,2,0
moderately_fertile,2,2,0
mighty_fine,2,2,0
moderately_free,2,2,0
mighty_difficult,2,2,0
mighty_curious,2,1,1
mighty_big,2,1,1
mightily_disappointed,2,2,0
meticulously_neat,2,2,0
meticulously_clean,2,2,0
meticulously_accurate,2,2,0
metabolically_groggy,2,2,0
most_breathtaking,2,1,1
metabolically_dynamic,2,2,0
most_bothersome,2,2,0
moderately_helpful,2,2,0
moderately_hilly,2,2,0
merely_young,2,2,0
merely_wrong,2,2,0
moderately_entertaining,2,0,2
very_brash,2,2,0
mildly_aromatic,2,2,0
very_boyish,2,1,1
most_bullish,2,2,0
visually_delightful,2,1,1
moderately_depressed,2,2,0
very_befitting,2,2,0
mildly_alcoholic,2,2,0
mildly_aggressive,2,2,0
moderately_different,2,1,1
mildly_addictive,2,1,1
mildly_addicted,2,2,0
moderately_distant,2,1,1
mildly_absurd,2,0,2
moderately_disturbing,2,0,2
mildly_abrasive,2,0,2
moderately_dry,2,2,0
very_beatable,2,2,0
most_cowardly,2,2,0
mighty_wrong,2,1,1
mighty_upset,2,2,0
most_crazy,2,2,0
most_criminal,2,2,0
mighty_unhappy,2,2,0
mighty_uncomfortable,2,2,0
mighty_suspicious,2,0,2
moderately_efficient,2,1,1
mighty_pleased,2,2,0
very_breathless,2,2,0
moderately_impressive,2,2,0
visually_dull,2,2,0
moderately_intelligent,2,1,1
moderately_quick,2,2,0
visually_enthralling,2,0,2
most_best,2,2,0
most_benevolent,2,2,0
merely_tasteless,2,1,1
merely_tangential,2,2,0
most_destitute,2,1,1
moderately_risky,2,2,0
most_believable,2,2,0
visually_evident,2,2,0
moderately_small,2,2,0
moderately_smart,2,1,1
visually_excessive,2,2,0
moderately_spicy,2,1,1
merely_supportive,2,2,0
visually_extraordinary,2,0,2
visually_fantastic,2,1,1
merely_superfluous,2,2,0
moderately_sweet,2,0,2
moderately_talented,2,2,0
moderately_tasty,2,1,1
most_die-hard,2,2,0
most_different,2,2,0
most_auspicious,2,2,0
moderately_tight,2,1,1
moderately_productive,2,1,1
merely_thoughtful,2,2,0
very_brisk,2,2,0
very_averse,2,2,0
moderately_intense,2,2,0
merely_whimsical,2,1,1
merely_weird,2,2,0
merely_weary,2,2,0
merely_verbal,2,2,0
visibly_stupid,2,1,1
most_defensible,2,2,0
merely_unpopular,2,2,0
very_awake,2,2,0
merely_unlucky,2,2,0
merely_unethical,2,2,0
most_delighted,2,2,0
moderately_possible,2,2,0
merely_uneducated,2,2,0
very_breathtaking,2,2,0
moderately_loud,2,2,0
merely_uncooperative,2,2,0
merely_unconscious,2,2,0
very_autonomous,2,2,0
merely_ugly,2,2,0
moderately_negative,2,2,0
most_descriptive,2,2,0
moderately_okay,2,2,0
most_biased,2,2,0
moderately_deep,2,2,0
mildly_astonished,2,2,0
way_easy,2,1,1
most_childish,2,2,0
mildly_related,2,0,2
mildly_radical,2,1,1
mildly_quiet,2,2,0
mildly_progressive,2,2,0
mildly_profitable,2,2,0
minimally_destructive,2,2,0
mildly_prescient,2,2,0
very_biological,2,0,2
mildly_poisonous,2,2,0
very_binary,2,2,0
very_blissful,2,2,0
minimally_functional,2,2,0
minimally_higher,2,2,0
visibly_worthwhile,2,0,2
minimally_involved,2,2,0
mildly_jealous,2,2,0
very_blond,2,2,0
mildly_itchy,2,2,0
mildly_intriguing,2,2,0
minimally_satisfactory,2,2,0
visually_bland,2,2,0
visibly_wet,2,2,0
mildly_intelligent,2,1,1
minimally_viable,2,2,0
visibly_weak,2,0,2
mildly_religious,2,2,0
mildly_retarded,2,1,1
moderately_confident,2,2,0
minimally_beneficial,2,2,0
mind-numbingly_awful,2,2,0
most_collaborative,2,2,0
mildly_warm,2,2,0
visually_alluring,2,2,0
mind-numbingly_dumb,2,1,1
mildly_violent,2,1,1
mildly_useful,2,1,1
most_comfy,2,2,0
most_coherent,2,2,0
mind-numbingly_frustrating,2,2,0
mildly_unsavory,2,0,2
most_clueless,2,2,0
mildly_surprising,2,2,0
minimally_acceptable,2,1,1
minimally_active,2,2,0
mildly_sinister,2,1,1
mildly_silly,2,2,0
mildly_shameful,2,0,2
mildly_sexist,2,1,1
minimally_aware,2,2,0
most_civilized,2,2,0
mildly_satisfied,2,2,0
mildly_salty,2,2,0
mildly_rude,2,1,1
mildly_risque,2,1,1
visibly_violent,2,1,1
mildly_inflammatory,2,2,0
most_congested,2,2,0
miraculously_untouched,2,2,0
moderately_affluent,2,2,0
mildly_disconcerting,2,1,1
moderately_aggressive,2,2,0
moderately_annoying,2,2,0
most_careless,2,2,0
moderately_appealing,2,1,1
moderately_athletic,2,1,1
mildly_creative,2,2,0
mildly_crazy,2,1,1
most_convinced,2,2,0
mildly_counterproductive,2,2,0
mildly_confused,2,2,0
mildly_concerned,2,2,0
visually_contemporary,2,0,2
mildly_compelling,2,1,1
moderately_bad,2,2,0
mildly_cold,2,2,0
most_cordial,2,2,0
mildly_challenging,2,2,0
mildly_bothersome,2,0,2
mildly_bitter,2,2,0
mildly_beneficial,2,2,0
moderately_coherent,2,1,1
mildly_bad,2,0,2
moderately_competent,2,2,0
moderately_adequate,2,2,0
very_bombastic,2,2,0
most_caustic,2,2,0
mildly_frightening,2,1,1
mildly_important,2,0,2
miserably_cold,2,2,0
miserably_crazy,2,2,0
mildly_hilarious,2,0,2
miserably_hot,2,2,0
mildly_harmful,2,2,0
miserably_lonely,2,2,0
miserably_sick,2,2,0
mildly_fun,2,2,0
mildly_frustrating,2,2,0
most_contagious,2,2,0
mildly_famous,2,2,0
mildly_disruptive,2,2,0
miserably_wrong,2,1,1
mildly_excited,2,1,1
visibly_unsettled,2,2,0
mildly_envious,2,2,0
mildly_engaging,2,1,1
mobile_regrettable,2,0,2
mildly_embarrassed,2,2,0
mildly_eccentric,2,2,0
mildly_drunk,2,2,0
mildly_distracting,2,1,1
mildly_distasteful,2,1,1
visually_identical,2,2,0
moderately_unaffordable,2,2,0
merely_sluggish,2,2,0
merely_innocent,2,2,0
vividly_colourful,2,1,1
vividly_evident,2,2,0
merely_inept,2,2,0
merely_individual,2,1,1
vividly_green,2,2,0
visibly_disgusted,2,2,0
morally_praiseworthy,2,1,1
merely_indicative,2,2,0
morally_proper,2,2,0
visibly_different,2,0,2
most_academic,2,2,0
morally_relative,2,2,0
vividly_memorable,2,2,0
most_enticing,2,2,0
merely_incoherent,2,1,1
most_environmental,2,2,0
merely_incapable,2,2,0
visibly_concerned,2,2,0
visibly_bored,2,2,0
vividly_theatrical,2,1,1
visibly_armed,2,2,0
merely_important,2,2,0
very_appalling,2,2,0
most_abnormal,2,2,0
merely_implicit,2,2,0
most_enlightened,2,2,0
merely_innocuous,2,2,0
moderately_unique,2,1,1
most_acerbic,2,2,0
visibly_hungry,2,2,0
merely_likely,2,2,0
merely_legendary,2,2,0
very_argumentative,2,2,0
merely_laughable,2,2,0
vitally_different,2,2,0
merely_late,2,2,0
morally_innocent,2,2,0
merely_lame,2,2,0
merely_jealous,2,2,0
merely_irresponsible,2,2,0
vitally_new,2,0,2
morally_irrelevant,2,2,0
morally_legitimate,2,1,1
morally_mandatory,2,1,1
morally_meaningful,2,2,0
morally_murky,2,2,0
vividly_aware,2,2,0
visibly_entertaining,2,2,0
most_emblematic,2,2,0
morally_negative,2,2,0
most_emphatic,2,2,0
very_carnal,2,1,1
merely_intellectual,2,1,1
very_appetizing,2,1,1
very_caustic,2,2,0
most_abhorrent,2,2,0
morally_rigid,2,2,0
vocally_impressive,2,2,0
merely_gratuitous,2,2,0
very_anomalous,2,1,1
morally_useless,2,2,0
merely_glib,2,2,0
very_chaste,2,2,0
morally_vacuous,2,2,0
merely_futile,2,2,0
morally_worthwhile,2,1,1
merely_full,2,2,0
way_cuter,2,0,2
way_darker,2,1,1
morally_worthy,2,2,0
merely_forgetful,2,2,0
merely_fearful,2,2,0
visibly_amiss,2,2,0
morbidly_amusing,2,1,1
merely_fantastic,2,2,0
morbidly_attractive,2,0,2
merely_exploitative,2,2,0
merely_experimental,2,2,0
visibly_agitated,2,2,0
merely_exemplary,2,2,0
merely_ethical,2,2,0
more_winnable,2,2,0
merely_emblematic,2,2,0
merely_great,2,2,0
more_worst,2,2,0
morally_unpleasant,2,2,0
very_centralized,2,2,0
merely_imaginative,2,2,0
merely_imaginary,2,2,0
most_erotic,2,2,0
warmly_affectionate,2,2,0
merely_illustrative,2,2,0
most_erudite,2,2,0
merely_idiosyncratic,2,2,0
warmly_welcoming,2,2,0
morally_sick,2,2,0
way_beautiful,2,2,0
morally_special,2,0,2
morally_stronger,2,2,0
morally_unjust,2,1,1
visibly_apparent,2,2,0
merely_hyperbole,2,2,0
most_euphoric,2,2,0
way_big,2,1,1
morally_supportive,2,2,0
most_european,2,2,0
way_busier,2,2,0
merely_hopeful,2,2,0
merely_happy,2,2,0
very_antiquated,2,0,2
merely_greedy,2,2,0
merely_literary,2,2,0
vitally_decisive,2,2,0
vitally_alive,2,2,0
merely_playful,2,2,0
merely_quiet,2,2,0
most_appetizing,2,2,0
momentarily_confused,2,2,0
momentarily_obsessed,2,2,0
visually_mesmerizing,2,1,1
visually_minimal,2,1,1
visually_new,2,0,2
monstrously_beautiful,2,2,0
merely_probable,2,2,0
very_astonished,2,2,0
merely_prescient,2,2,0
most_disheartening,2,2,0
visually_open,2,2,0
merely_preposterous,2,2,0
monstrously_massive,2,1,1
visually_overwhelming,2,2,0
most_dismal,2,2,0
monstrously_selfish,2,2,0
merely_predictable,2,2,0
monstrously_unfair,2,2,0
monumentally_bad,2,2,0
monumentally_careful,2,2,0
merely_popular,2,2,0
monumentally_different,2,0,2
monumentally_dull,2,2,0
modestly_useful,2,1,1
visually_memorable,2,2,0
merely_random,2,2,0
moderately_wealthy,2,2,0
moderately_useful,2,2,0
merely_sick,2,2,0
most_astute,2,2,0
moderately_vigorous,2,1,1
most_assertive,2,2,0
merely_secular,2,2,0
merely_secondary,2,2,0
visually_imperceptible,2,2,0
moderately_warm,2,2,0
most_asinine,2,2,0
merely_scared,2,2,0
most_asian,2,2,0
merely_raucous,2,2,0
most_ashamed,2,2,0
merely_romantic,2,2,0
merely_rich,2,2,0
very_asymmetrical,2,1,1
merely_reluctant,2,2,0
most_discerning,2,1,1
modestly_negative,2,2,0
merely_relevant,2,2,0
visually_lovely,2,2,0
visually_magnificent,2,2,0
merely_regrettable,2,2,0
merely_pleasing,2,2,0
most_amenable,2,1,1
visually_wondrous,2,0,2
visually_related,2,0,2
merely_nostalgic,2,2,0
merely_nice,2,2,0
merely_newsworthy,2,0,2
visually_splendid,2,2,0
merely_new,2,1,1
merely_neurotic,2,2,0
morally_dishonest,2,1,1
most_earnest,2,2,0
most_aggravating,2,2,0
merely_necessary,2,2,0
merely_nasty,2,2,0
morally_excellent,2,2,0
merely_mythical,2,2,0
very_artful,2,1,1
merely_mysterious,2,2,0
visually_sumptuous,2,2,0
merely_mortal,2,2,0
most_edifying,2,2,0
visually_unattractive,2,2,0
merely_mistaken,2,2,0
most_educated,2,2,0
visually_wonderful,2,1,1
merely_misleading,2,2,0
most_aesthetic,2,2,0
merely_mischievous,2,2,0
merely_obese,2,2,0
visibly_noticeable,2,2,0
most_agonizing,2,2,0
merely_outrageous,2,2,0
visibly_sad,2,2,0
most_ambiguous,2,2,0
merely_persuasive,2,2,0
visually_repetitive,2,1,1
visibly_rotten,2,2,0
merely_peripheral,2,1,1
merely_pathetic,2,2,0
morally_accountable,2,1,1
morally_agreeable,2,2,0
visibly_relaxed,2,2,0
merely_partial,2,1,1
merely_outdated,2,2,0
morally_courageous,2,2,0
visibly_present,2,2,0
visually_sensitive,2,2,0
morally_commendable,2,2,0
merely_old,2,2,0
merely_okay,2,2,0
merely_occasional,2,1,1
merely_obtuse,2,2,0
morally_confused,2,2,0
morally_controversial,2,2,0
most_dubious,2,2,0
most_akin,2,1,1
maybe_national,2,2,0
maybe_mystical,2,2,0
willfully_deceitful,2,2,0
little_predictable,2,2,0
little_nicer,2,0,2
little_mistaken,2,2,0
very_elitist,2,1,1
little_frightening,2,2,0
little_embarrassing,2,2,0
little_disturbing,2,1,1
very_soggy,2,2,0
little_disappointed,2,2,0
very_soft-spoken,2,2,0
very_socialist,2,2,0
little_dangerous,2,1,1
vaguely_nauseating,2,1,1
little_brighter,2,1,1
most_rampant,2,2,0
literally_wrong,2,1,1
vaguely_nasty,2,0,2
most_rapid,2,2,0
very_snappy,2,2,0
literally_worried,2,2,0
literally_visible,2,2,0
literally_unimaginable,2,2,0
literally_tired,2,2,0
wildly_naive,2,2,0
literally_sick,2,2,0
literally_priceless,2,2,0
most_quotable,2,2,0
little_problematic,2,2,0
logically_correct,2,2,0
most_questionable,2,2,0
wildly_interesting,2,2,0
most_proper,2,2,0
locally_handmade,2,1,1
wildly_intoxicating,2,1,1
wildly_irritating,2,1,1
vaguely_nostalgic,2,1,1
lively_enough,2,2,0
very_elastic,2,2,0
little_worse,2,2,0
little_unhappy,2,2,0
very_spanish,2,2,0
more_skinny,2,1,1
little_unconventional,2,0,2
vaguely_nice,2,1,1
most_pungent,2,2,0
more_elated,2,2,0
little_tricky,2,2,0
very_electronic,2,2,0
more_electrical,2,2,0
little_softer,2,2,0
little_smaller,2,0,2
little_skeptical,2,2,0
little_simpler,2,0,2
little_shocked,2,2,0
wildly_misguided,2,2,0
literally_physical,2,1,1
literally_painful,2,2,0
literally_insane,2,2,0
literally_innocent,2,2,0
likewise_valuable,2,2,0
likewise_unlucky,2,2,0
likewise_unfriendly,2,2,0
likewise_subject,2,2,0
likewise_feasible,2,2,0
likewise_accessible,2,2,0
more_evasive,2,1,1
likely_willing,2,2,0
likely_unsafe,2,2,0
likely_unrelated,2,2,0
likely_unnecessary,2,2,0
likely_underwater,2,2,0
wildly_ornate,2,2,0
likely_unconscious,2,2,0
very_shameless,2,1,1
very_enriching,2,2,0
more_executive,2,2,0
likely_surprised,2,2,0
likely_subject,2,2,0
likely_similar,2,2,0
likely_sick,2,2,0
more_exhaustive,2,1,1
likely_relevant,2,1,1
very_shadowy,2,2,0
wildly_outlandish,2,1,1
most_recyclable,2,2,0
linguistically_lazy,2,2,0
most_recreational,2,2,0
vaguely_military,2,0,2
literally_incomprehensible,2,2,0
literally_incapable,2,2,0
very_smitten,2,2,0
wildly_new,2,0,2
literally_heavenly,2,2,0
very_encouraged,2,2,0
literally_flawless,2,2,0
very_slutty,2,1,1
literally_empty,2,2,0
literally_dirty,2,2,0
literally_difficult,2,2,0
more_short-term,2,2,0
more_erroneous,2,2,0
literally_deadly,2,2,0
literally_dead,2,2,0
very_enduring,2,2,0
literally_dark,2,2,0
literally_cold,2,2,0
literally_close,2,1,1
literally_black,2,0,2
literally_amazing,2,2,0
more_equipped,2,2,0
literally_abusive,2,2,0
literally_absurd,2,2,0
locally_unique,2,2,0
logically_distinct,2,2,0
vaguely_pornographic,2,0,2
more_distorted,2,1,1
more_sore,2,2,0
very_stodgy,2,2,0
most_preferable,2,2,0
most_premium,2,2,0
longer_fast,2,2,0
longer_familiar,2,2,0
longer_fair,2,2,0
most_prescient,2,2,0
longer_equal,2,2,0
longer_distinguishable,2,2,0
vaguely_philosophical,2,0,2
very_drunken,2,2,0
longer_dependant,2,2,0
more_soluble,2,2,0
longer_critical,2,2,0
very_dysfunctional,2,1,1
longer_cost-effective,2,2,0
longer_cool,2,2,0
very_east,2,2,0
longer_conscious,2,2,0
longer_congested,2,2,0
longer_confidential,2,2,0
longer_concerned,2,2,0
longer_comprehensible,2,1,1
longer_compliant,2,2,0
longer_fresh,2,2,0
more_distinguishing,2,0,2
logically_equivalent,2,2,0
longer_hot,2,2,0
more_dismayed,2,2,0
longer_recognisable,2,2,0
very_down,2,2,0
longer_readable,2,2,0
more_disordered,2,2,0
longer_proud,2,2,0
longer_prominent,2,2,0
longer_prevalent,2,2,0
wildly_delicious,2,2,0
wildly_desirable,2,2,0
wildly_difficult,2,2,0
more_specious,2,1,1
longer_poor,2,2,0
longer_pertinent,2,2,0
wildly_disingenuous,2,2,0
longer_okay,2,2,0
longer_noticeable,2,2,0
wildly_disparate,2,2,0
longer_naive,2,2,0
more_spartan,2,0,2
longer_much,2,2,0
wildly_dramatic,2,1,1
longer_interesting,2,2,0
wildly_effective,2,2,0
more_sovereign,2,0,2
longer_competent,2,2,0
more_dominate,2,2,0
longer_comforting,2,2,0
very_economic,2,2,0
very_staggering,2,1,1
vaguely_palatable,2,2,0
long_last,2,1,1
very_effeminate,2,2,0
long_important,2,0,2
more_sly,2,2,0
long_elusive,2,0,2
very_spotty,2,2,0
wildly_inflated,2,2,0
vaguely_outrageous,2,0,2
long_concerned,2,1,1
long_aware,2,2,0
logistically_unfeasible,2,2,0
logistically_tricky,2,2,0
logistically_prohibitive,2,2,0
logistically_complicated,2,2,0
wildly_insane,2,2,0
logistically_able,2,2,0
logically_wrong,2,2,0
logically_unacceptable,2,2,0
logically_justifiable,2,1,1
logically_irrelevant,2,2,0
logically_incorrect,2,2,0
logically_incompatible,2,2,0
more_sloppy,2,2,0
long_sickening,2,0,2
long_special,2,2,0
long_unidentified,2,2,0
wildly_gorgeous,2,2,0
longer_clean,2,2,0
more_dominating,2,2,0
more_so-called,2,2,0
more_dope,2,2,0
most_pristine,2,1,1
longer_challenging,2,2,0
more_dour,2,2,0
longer_catholic,2,2,0
more_snowy,2,1,1
longer_caring,2,2,0
longer_awesome,2,2,0
more_snazzy,2,1,1
vaguely_pathetic,2,0,2
longer_apparent,2,2,0
wildly_hilarious,2,1,1
vaguely_personal,2,0,2
more_snarky,2,1,1
most_proactive,2,2,0
longer_adequate,2,2,0
longer_achievable,2,2,0
very_stately,2,0,2
wildly_important,2,2,0
more_dreamy,2,2,0
longer_abundant,2,2,0
likely_ready,2,2,0
likely_poor,2,2,0
very_serviceable,2,2,0
more_friendlier,2,1,1
less_vain,2,1,1
very_right-wing,2,2,0
very_exorbitant,2,2,0
less_utilitarian,2,0,2
more_sandy,2,2,0
more_frosty,2,2,0
most_sober,2,2,0
very_expendable,2,2,0
most_soothing,2,2,0
vaguely_futuristic,2,0,2
more_sadder,2,2,0
most_sought-after,2,2,0
vaguely_fruity,2,0,2
vaguely_faithful,2,2,0
less_unusual,2,0,2
less_unstoppable,2,2,0
most_splendid,2,1,1
less_unsafe,2,1,1
vaguely_exciting,2,1,1
most_stalwart,2,1,1
more_fundamentalist,2,2,0
more_fussy,2,2,0
most_steadfast,2,2,0
very_resonant,2,0,2
less_unified,2,2,0
wildly_unfair,2,2,0
most_sinful,2,2,0
likely_overdone,2,2,0
most_simplistic,2,2,0
vaguely_illicit,2,1,1
less_wacky,2,1,1
less_vulgar,2,0,2
very_royal,2,0,2
very_exasperating,2,2,0
most_sensual,2,2,0
most_sentimental,2,2,0
most_serene,2,2,0
wildly_theatrical,2,1,1
most_sexual,2,2,0
less_vitriolic,2,2,0
wildly_uncomfortable,2,2,0
wildly_underappreciated,2,2,0
most_shameful,2,2,0
wildly_unequal,2,2,0
most_shocked,2,2,0
less_vicious,2,1,1
most_sick,2,2,0
vaguely_heroic,2,0,2
vaguely_healthy,2,0,2
very_excruciating,2,2,0
very_roman,2,0,2
less_verbal,2,2,0
vaguely_gay,2,1,1
less_venomous,2,2,0
more_gaudy,2,0,2
very_reserved,2,2,0
very_repulsive,2,2,0
less_unexpected,2,1,1
more_grainy,2,1,1
less_thrifty,2,2,0
more_grander,2,1,1
less_thoughtful,2,2,0
less_thirsty,2,1,1
less_thematic,2,0,2
wildly_violent,2,2,0
most_taboo,2,2,0
less_tentative,2,1,1
less_tender,2,2,0
less_tenable,2,2,0
very_refined,2,2,0
less_tempted,2,2,0
more_greek,2,2,0
wildly_wealthy,2,1,1
more_gregarious,2,2,0
most_tantalizing,2,2,0
willfully_arrogant,2,2,0
less_taxing,2,1,1
less_tasteful,2,2,0
more_right-wing,2,1,1
willfully_cynical,2,2,0
most_temperamental,2,2,0
less_synthetic,2,0,2
less_synonymous,2,2,0
very_regretful,2,1,1
vaguely_educational,2,1,1
less_timeless,2,2,0
wildly_unorthodox,2,2,0
less_understandable,2,2,0
more_genetic,2,2,0
very_repressive,2,2,0
less_truthful,2,1,1
more_ghastly,2,0,2
most_sublime,2,2,0
wildly_unlikely,2,2,0
more_giddy,2,1,1
less_treatable,2,2,0
less_treacherous,2,2,0
most_substantive,2,2,0
less_trashy,2,0,2
wildly_unstable,2,2,0
vaguely_english,2,1,1
most_succinct,2,2,0
most_such,2,2,0
less_trans,2,2,0
very_extroverted,2,2,0
more_rosy,2,1,1
wildly_unsafe,2,1,1
most_sufficient,2,2,0
most_superficial,2,2,0
less_touching,2,2,0
most_supple,2,2,0
wildly_surreal,2,0,2
less_weary,2,2,0
less_weekly,2,2,0
likely_applicable,2,2,0
more_seminal,2,1,1
most_restless,2,2,0
likely_effective,2,2,0
likely_eager,2,2,0
most_retrograde,2,2,0
vaguely_intelligible,2,1,1
likely_doomed,2,2,0
most_revolting,2,2,0
more_farfetched,2,1,1
likely_detrimental,2,2,0
very_erect,2,2,0
more_fascist,2,1,1
wildly_passionate,2,2,0
likely_concerned,2,2,0
likely_compatible,2,2,0
more_self-indulgent,2,2,0
likely_capable,2,2,0
most_rigid,2,2,0
likely_busy,2,2,0
likely_best,2,2,0
likely_benign,2,2,0
likely_bad,2,2,0
more_self-evident,2,1,1
more_fastidious,2,2,0
very_scathing,2,2,0
most_respectful,2,2,0
most_respected,2,2,0
most_respectable,2,2,0
likely_incomplete,2,2,0
likely_overblown,2,2,0
likely_original,2,2,0
vaguely_logical,2,2,0
wildly_outrageous,2,2,0
likely_many,2,2,0
likely_likely,2,2,0
vaguely_jealous,2,2,0
likely_involved,2,1,1
likely_innocent,2,2,0
likely_inevitable,2,2,0
likely_ineligible,2,2,0
vaguely_irritating,2,0,2
very_environmental,2,1,1
most_repressive,2,2,0
likely_incapable,2,2,0
most_republican,2,2,0
very_sensational,2,2,0
most_repulsive,2,1,1
most_residential,2,2,0
very_seminal,2,2,0
likely_ignorant,2,2,0
likely_higher,2,1,1
likely_harmless,2,2,0
likely_fine,2,2,0
wildly_playful,2,2,0
likely_amiss,2,2,0
very_runny,2,2,0
likely_afraid,2,2,0
more_financial,2,1,1
wildly_profitable,2,1,1
wildly_prolific,2,2,0
wildly_ridiculous,2,1,1
more_fishy,2,1,1
most_scientific,2,2,0
more_fixable,2,1,1
more_flagrant,2,2,0
most_scrumptious,2,1,1
less_wild,2,1,1
most_seasoned,2,1,1
wildly_risky,2,1,1
wildly_sexual,2,1,1
less_wicked,2,2,0
wildly_sexy,2,1,1
less_wet,2,1,1
less_well-known,2,1,1
more_scottish,2,2,0
vaguely_insane,2,1,1
wildly_supportive,2,2,0
more_flimsy,2,2,0
more_flippant,2,0,2
vaguely_indecent,2,0,2
more_schizophrenic,2,2,0
wildly_surprising,2,2,0
most_savvy,2,2,0
vaguely_inspiring,2,0,2
very_savage,2,1,1
wildly_poetic,2,1,1
most_ripe,2,2,0
likely_accurate,2,2,0
more_federal,2,1,1
most_risque,2,2,0
lightly_wet,2,2,0
most_riveting,2,2,0
more_feisty,2,1,1
lightly_pigmented,2,2,0
very_erudite,2,2,0
most_rudimentary,2,2,0
lightly_hairy,2,2,0
more_feminist,2,0,2
more_fictitious,2,2,0
lightly_different,2,1,1
most_rural,2,2,0
very_savory,2,2,0
vaguely_intellectual,2,1,1
very_euphoric,2,1,1
lightly_amusing,2,2,0
less_zero,2,2,0
most_sad,2,2,0
most_safe,2,2,0
more_feverish,2,2,0
less_youthful,2,1,1
longer_related,2,2,0
wildly_curious,2,2,0
maybe_moreso,2,2,0
maybe_challenging,2,2,0
maybe_careless,2,2,0
wholly_speculative,2,2,0
vaguely_unsettled,2,2,0
maybe_busy,2,2,0
maybe_bulky,2,2,0
maybe_brave,2,2,0
wholly_successful,2,2,0
maybe_boring,2,2,0
maybe_bittersweet,2,2,0
more_theological,2,2,0
wholly_uncomfortable,2,0,2
most_nimble,2,2,0
vaguely_unpleasant,2,1,1
wholly_unconvincing,2,2,0
most_nondescript,2,2,0
vaguely_unfamiliar,2,1,1
wholly_undesirable,2,1,1
more_contiguous,2,2,0
maybe_beautiful,2,2,0
more_contrite,2,1,1
vaguely_un-american,2,0,2
maybe_awful,2,2,0
very_transferable,2,2,0
maybe_australian,2,2,0
maybe_asleep,2,2,0
wholly_serious,2,2,0
most_national,2,2,0
wholly_legitimate,2,2,0
wholly_ridiculous,2,2,0
maybe_early,2,2,0
maybe_dumb,2,2,0
vaguely_watchable,2,0,2
maybe_distinct,2,2,0
maybe_disappointed,2,2,0
maybe_direct,2,2,0
wholly_mesmerizing,2,2,0
wholly_modern,2,1,1
more_tiny,2,2,0
more_conflicting,2,2,0
maybe_deadly,2,2,0
wholly_mundane,2,1,1
wholly_natural,2,1,1
maybe_darker,2,2,0
very_crunchy,2,2,0
very_unambiguous,2,1,1
very_cultural,2,1,1
maybe_curious,2,2,0
maybe_criminal,2,1,1
maybe_contemporary,2,2,0
wholly_pink,2,2,0
vaguely_victorian,2,1,1
wholly_rational,2,2,0
vaguely_utopian,2,2,0
wholly_reliable,2,2,0
more_corny,2,2,0
more_terminal,2,0,2
maybe_ambitious,2,2,0
most_obese,2,2,0
mathematically_correct,2,2,0
mathematically_consistent,2,2,0
materially_worse,2,2,0
wholly_unsatisfactory,2,1,1
materially_successful,2,2,0
materially_rich,2,2,0
wholly_unsatisfying,2,1,1
wholly_unsuited,2,1,1
materially_retarded,2,2,0
wholly_unworthy,2,2,0
materially_poor,2,2,0
more_taut,2,0,2
very_thorny,2,2,0
materially_lower,2,2,0
wholly_white,2,2,0
materially_interested,2,2,0
most_onerous,2,2,0
materially_integral,2,2,0
very_deceitful,2,2,0
vaguely_synonymous,2,0,2
more_targeted,2,2,0
more_tangy,2,2,0
wholly_worthwhile,2,1,1
materially_detrimental,2,2,0
very_defiant,2,1,1
most_offbeat,2,2,0
vaguely_technological,2,0,2
wholly_unreasonable,2,2,0
very_titillating,2,2,0
wholly_unimportant,2,2,0
wholly_unintelligible,2,2,0
maybe_alternate,2,2,0
maybe_active,2,2,0
vaguely_tropical,2,0,2
very_toasty,2,2,0
maximally_effective,2,2,0
mathematically_sound,2,2,0
mathematically_satisfying,2,0,2
mathematically_precise,2,2,0
wholly_unnatural,2,0,2
very_tipsy,2,2,0
mathematically_improbable,2,1,1
most_obscene,2,2,0
mathematically_natural,2,2,0
more_temperamental,2,2,0
most_obsessive,2,2,0
vaguely_terrifying,2,2,0
most_obstinate,2,2,0
mathematically_minded,2,2,0
very_dapper,2,2,0
mathematically_interesting,2,2,0
most_obtuse,2,2,0
mathematically_inclined,2,2,0
vaguely_worth,2,0,2
very_unbalanced,2,1,1
longer_responsible,2,2,0
most_literal,2,2,0
maybe_latino,2,2,0
most_literary,2,2,0
most_livable,2,2,0
very_uninformed,2,2,0
vastly_entertaining,2,2,0
maybe_italian,2,2,0
maybe_irritating,2,2,0
most_long,2,2,0
maybe_ironic,2,2,0
maybe_irish,2,2,0
more_trippy,2,1,1
maybe_intentional,2,2,0
maybe_insensitive,2,2,0
maybe_inexperienced,2,2,0
maybe_inconvenient,2,2,0
maybe_inappropriate,2,2,0
most_lucid,2,2,0
vastly_deeper,2,0,2
vastly_darker,2,0,2
maybe_impatient,2,2,0
wholly_idiosyncratic,2,0,2
maybe_illegal,2,2,0
maybe_ignorant,2,2,0
most_mainstream,2,2,0
maybe_identical,2,2,0
maybe_laughable,2,2,0
most_liquid,2,2,0
maybe_evil,2,2,0
maybe_least,2,2,0
most_kind,2,1,1
more_chatty,2,2,0
more_cheeky,2,1,1
maybe_modest,2,2,0
wholly_empty,2,2,0
maybe_misunderstood,2,2,0
maybe_missing,2,1,1
most_largest,2,2,0
more_unanswered,2,2,0
vastly_expensive,2,2,0
very_uninterested,2,2,0
wholly_environmental,2,1,1
wholly_exempt,2,2,0
maybe_mad,2,2,0
more_un-american,2,0,2
more_choppy,2,2,0
very_uninspiring,2,0,2
more_chummy,2,2,0
most_lazy,2,2,0
maybe_little,2,2,0
very_core,2,0,2
maybe_light,2,2,0
most_liberating,2,2,0
maybe_lesser,2,2,0
most_likable,2,2,0
maybe_icy,2,2,0
most_malevolent,2,2,0
maybe_huge,2,2,0
maybe_horrible,2,1,1
maybe_german,2,2,0
most_merciful,2,2,0
most_mercurial,2,2,0
vastly_beneficial,2,2,0
maybe_fun,2,1,1
most_militant,2,2,0
very_undeveloped,2,2,0
more_traceable,2,2,0
more_communist,2,2,0
most_minimalist,2,2,0
most_minor,2,2,0
maybe_frosty,2,2,0
wholly_innocuous,2,0,2
very_underground,2,2,0
maybe_foolhardy,2,2,0
wholly_insubstantial,2,2,0
most_misguided,2,2,0
very_unconvincing,2,2,0
wholly_invalid,2,2,0
maybe_first,2,2,0
maybe_faulty,2,2,0
maybe_false,2,2,0
more_compulsory,2,1,1
more_conceivable,2,1,1
maybe_explicit,2,2,0
most_menacing,2,2,0
very_crass,2,2,0
maybe_grey,2,2,0
maybe_hispanic,2,2,0
wholly_imperfect,2,2,0
most_manipulative,2,2,0
wholly_impossible,2,2,0
more_clunky,2,1,1
more_co-operative,2,1,1
maybe_horizontal,2,2,0
maybe_hopeless,2,1,1
more_coachable,2,2,0
maybe_hopeful,2,2,0
most_marginal,2,2,0
more_cocky,2,1,1
vastly_confused,2,2,0
very_unflattering,2,1,1
most_marketable,2,2,0
most_maternal,2,2,0
maybe_heavy,2,2,0
more_colder,2,2,0
wholly_incompatible,2,2,0
maybe_healthier,2,2,0
maybe_harmful,2,2,0
wholly_incredible,2,2,0
most_mediocre,2,2,0
maybe_happy,2,2,0
maybe_guilty,2,2,0
materially_adverse,2,2,0
wickedly_astute,2,1,1
most_online,2,2,0
widely_unavailable,2,2,0
mainly_cheap,2,2,0
very_disordered,2,2,0
mainly_attributable,2,2,0
widely_variable,2,2,0
magnificently_talented,2,2,0
magnificently_operatic,2,2,0
most_playful,2,2,0
very_sultry,2,1,1
magnificently_large,2,2,0
more_stuck,2,2,0
very_succinct,2,2,0
vaguely_recognisable,2,1,1
wildly_awesome,2,1,1
magically_superior,2,2,0
more_dictatorial,2,2,0
magically_realistic,2,2,0
magically_real,2,2,0
most_plentiful,2,2,0
magically_powerful,2,2,0
magically_new,2,1,1
magically_clean,2,1,1
very_disproportionate,2,2,0
more_stretchy,2,1,1
magically_alive,2,2,0
maddeningly_itchy,2,2,0
mainly_due,2,2,0
very_dismayed,2,2,0
massively_wonderful,2,1,1
mainly_flat,2,2,0
majorly_lacking,2,0,2
most_pervasive,2,2,0
majorly_important,2,1,1
majorly_concerned,2,2,0
most_perverse,2,2,0
very_disgruntled,2,2,0
very_disgusted,2,2,0
most_pessimistic,2,2,0
most_philosophical,2,2,0
mainly_wrong,2,2,0
mainly_white,2,2,0
mainly_social,2,1,1
mainly_sensitive,2,1,1
more_subservient,2,2,0
mainly_repetitive,2,2,0
more_despondent,2,0,2
mainly_positive,2,2,0
mainly_passive,2,2,0
mainly_muslim,2,2,0
widely_open,2,2,0
mainly_more,2,2,0
most_pivotal,2,2,0
widely_present,2,2,0
very_superfluous,2,2,0
very_dismal,2,1,1
maddeningly_incomplete,2,1,1
very_subject,2,2,0
maddeningly_elusive,2,1,1
most_pointless,2,2,0
very_diversified,2,2,0
wildly_confusing,2,2,0
vaguely_profound,2,0,2
wildly_contrived,2,2,0
longer_treatable,2,2,0
longer_tolerable,2,2,0
longer_tenable,2,2,0
very_strident,2,2,0
more_disheartened,2,1,1
longer_taboo,2,2,0
more_disillusioned,2,2,0
longer_supportive,2,2,0
wildly_controversial,2,2,0
more_stale,2,2,0
longer_stuck,2,2,0
longer_strategic,2,2,0
most_portable,2,2,0
militarily_useful,2,1,1
wildly_corrupt,2,2,0
longer_sick,2,2,0
longer_shocked,2,2,0
longer_serviceable,2,2,0
more_squishy,2,1,1
wildly_crazy,2,1,1
longer_rural,2,2,0
longer_vague,2,2,0
more_discriminating,2,2,0
longer_waterproof,2,2,0
ludicrously_high,2,1,1
very_distinguishable,2,1,1
more_dim,2,2,0
maddeningly_cautious,2,2,0
lyrically_shallow,2,2,0
wildly_beautiful,2,2,0
very_subconscious,2,2,0
lyrically_heavy,2,2,0
more_stout,2,0,2
ludicrously_surreal,2,2,0
vaguely_qualified,2,1,1
ludicrously_implausible,2,2,0
ludicrously_enjoyable,2,2,0
longer_watery,2,2,0
ludicrously_complicated,2,2,0
more_disabled,2,2,0
low_ready,2,2,0
more_stilted,2,1,1
most_polarizing,2,2,0
wildly_chaotic,2,2,0
lovingly_familiar,2,2,0
wildly_colorful,2,2,0
more_steamy,2,1,1
longer_wobbly,2,2,0
wildly_complex,2,2,0
widely_famous,2,1,1
manifestly_erroneous,2,2,0
manifestly_impossible,2,2,0
markedly_abnormal,2,2,0
very_terrified,2,2,0
more_curvy,2,1,1
massively_detailed,2,2,0
massively_consequential,2,2,0
most_organized,2,2,0
more_customisable,2,1,1
massively_complicated,2,1,1
more_cut,2,2,0
markedly_smaller,2,2,0
more_cuter,2,1,1
more_cutesy,2,0,2
more_cutthroat,2,2,0
wickedly_fast,2,2,0
wickedly_fun,2,1,1
markedly_partisan,2,1,1
very_deplorable,2,2,0
most_outdated,2,2,0
markedly_higher,2,2,0
wickedly_good,2,2,0
very_tepid,2,2,0
very_desirous,2,2,0
more_damp,2,1,1
wickedly_humorous,2,2,0
very_deterministic,2,2,0
very_devious,2,1,1
massively_disruptive,2,2,0
more_curly,2,2,0
more_tacky,2,0,2
very_degrading,2,0,2
massively_valuable,2,1,1
massively_vague,2,1,1
most_opinionated,2,2,0
massively_underrated,2,2,0
wickedly_awesome,2,2,0
massively_significant,2,1,1
most_oppressed,2,2,0
massively_positive,2,2,0
wickedly_clever,2,2,0
wickedly_decadent,2,1,1
massively_innovative,2,1,1
wickedly_delicious,2,0,2
massively_drunk,2,2,0
wickedly_difficult,2,2,0
massively_influential,2,2,0
wickedly_evil,2,2,0
massively_impatient,2,2,0
wickedly_exciting,2,0,2
vaguely_sweet,2,0,2
massively_huge,2,2,0
very_thankless,2,2,0
massively_heavy,2,2,0
most_opulent,2,2,0
vaguely_surreal,2,2,0
more_dapper,2,1,1
marginally_younger,2,2,0
more_dependant,2,2,0
marginally_worthwhile,2,1,1
more_superhuman,2,2,0
marginally_happy,2,2,0
more_superb,2,1,1
more_defective,2,2,0
marginally_cheaper,2,2,0
marginally_bigger,2,1,1
marginally_beneficial,2,2,0
widely_current,2,2,0
marginally_aware,2,2,0
marginally_acceptable,2,2,0
vaguely_sarcastic,2,1,1
vaguely_sad,2,1,1
widely_disparate,2,2,0
most_permanent,2,2,0
very_symptomatic,2,1,1
vaguely_rude,2,0,2
more_delusional,2,2,0
manifestly_true,2,2,0
very_disabled,2,2,0
very_disastrous,2,2,0
manifestly_incompetent,2,1,1
manifestly_incompatible,2,2,0
more_sufficient,2,0,2
manifestly_inadequate,2,2,0
manifestly_inaccurate,2,2,0
very_directional,2,1,1
marginally_hopeful,2,1,1
marginally_important,2,1,1
very_diffuse,2,2,0
wickedly_sexy,2,1,1
very_diabolical,2,0,2
most_overpriced,2,2,0
marginally_responsible,2,1,1
marginally_religious,2,2,0
widely_acceptable,2,1,1
vaguely_silly,2,1,1
widely_angry,2,2,0
very_temperate,2,2,0
very_technological,2,2,0
vaguely_sick,2,1,1
marginally_productive,2,2,0
most_partisan,2,1,1
marginally_negative,2,2,0
marginally_more,2,2,0
marginally_lower,2,2,0
very_digestible,2,1,1
marginally_literate,2,2,0
most_palpable,2,2,0
most_paranoid,2,2,0
marginally_legitimate,2,2,0
marginally_larger,2,2,0
marginally_involved,2,2,0
most_particular,2,1,1
more_patriarchal,2,2,0
totally_subconscious,2,1,1
much_personal,2,1,1
reasonably_calm,2,2,0
reasonably_casual,2,0,2
terribly_optimistic,2,2,0
reasonably_challenging,2,1,1
terribly_old-fashioned,2,1,1
reasonably_common,2,2,0
reasonably_complete,2,2,0
reasonably_complex,2,1,1
reasonably_concerned,2,2,0
reasonably_convenient,2,2,0
reasonably_cool,2,2,0
reasonably_credible,2,1,1
reasonably_detailed,2,2,0
reasonably_dry,2,2,0
terribly_offensive,2,1,1
reasonably_enforceable,2,1,1
reasonably_enough,2,1,1
reasonably_exotic,2,0,2
terribly_overrated,2,2,0
reasonably_bright,2,2,0
terrifyingly_violent,2,2,0
reasonably_appropriate,2,2,0
terribly_self-indulgent,2,2,0
terribly_self-conscious,2,2,0
really_watery,2,2,0
really_widespread,2,2,0
terribly_risky,2,0,2
terribly_right,2,2,0
terribly_restless,2,2,0
terribly_reminiscent,2,2,0
really_wobbly,2,2,0
terribly_relevant,2,2,0
terribly_puzzling,2,2,0
terribly_predictable,2,2,0
terribly_precious,2,0,2
realy_close,2,2,0
reasonably_achievable,2,2,0
terribly_poor,2,2,0
reasonably_amusing,2,2,0
reasonably_fine,2,2,0
reasonably_free,2,2,0
reasonably_functional,2,2,0
terribly_offended,2,2,0
reasonably_special,2,0,2
reasonably_speedy,2,1,1
reasonably_straight,2,2,0
reasonably_substantial,2,0,2
reasonably_suitable,2,1,1
terribly_narrow,2,2,0
reasonably_tame,2,2,0
reasonably_traceable,2,2,0
reasonably_true,2,2,0
reasonably_uniform,2,2,0
reasonably_unknown,2,2,0
reasonably_usable,2,2,0
reassuringly_british,2,0,2
reassuringly_comforting,2,0,2
reassuringly_expensive,2,1,1
reassuringly_human,2,1,1
reassuringly_low,2,2,0
reasonably_sober,2,2,0
reasonably_skeptical,2,2,0
reasonably_seasoned,2,2,0
reasonably_painless,2,2,0
terribly_off,2,1,1
reasonably_heavy,2,0,2
terribly_objectionable,2,0,2
reasonably_implicit,2,2,0
reasonably_local,2,0,2
reasonably_open,2,2,0
reasonably_optimistic,2,2,0
reasonably_particular,2,2,0
reasonably_sane,2,1,1
reasonably_plausible,2,2,0
reasonably_pleased,2,2,0
terribly_negligent,2,2,0
terribly_negative,2,1,1
reasonably_quick,2,1,1
reasonably_reasonable,2,2,0
terribly_naughty,2,2,0
really_voluntary,2,2,0
terribly_sexy,2,0,2
really_vindictive,2,2,0
really_uneasy,2,2,0
really_timid,2,2,0
really_top,2,2,0
terribly_weak,2,1,1
really_transformational,2,0,2
really_trashy,2,0,2
terribly_valuable,2,1,1
really_traumatizing,2,1,1
really_tremendous,2,1,1
really_troublesome,2,1,1
really_truthful,2,2,0
really_unacceptable,2,2,0
really_unappealing,2,2,0
really_unaware,2,2,0
really_unbearable,2,2,0
really_uncalled,2,2,0
really_uncertain,2,2,0
terribly_unseemly,2,0,2
really_tidy,2,1,1
really_theatrical,2,1,1
terribly_worse,2,1,1
really_symbolic,2,1,1
really_succinct,2,2,0
really_super,2,1,1
terrifyingly_powerful,2,1,1
really_surreal,2,1,1
really_susceptible,2,2,0
really_sustainable,2,1,1
terrifyingly_dangerous,2,2,0
terrifyingly_close,2,1,1
terribly_worthy,2,1,1
terrifyingly_bad,2,2,0
really_tart,2,1,1
terrifically_wrong,2,1,1
terrifically_successful,2,2,0
terrifically_satisfying,2,1,1
terrifically_fond,2,2,0
terrifically_exciting,2,2,0
really_undeniable,2,0,2
terribly_unsafe,2,2,0
terribly_shocking,2,0,2
really_unfamiliar,2,1,1
really_unreasonable,2,2,0
really_unsatisfying,2,0,2
really_unsavory,2,1,1
terribly_successful,2,2,0
really_unscrupulous,2,1,1
really_unseemly,2,0,2
terribly_startling,2,1,1
really_unsightly,2,2,0
really_unthinkable,2,0,2
terribly_sordid,2,0,2
really_unwell,2,2,0
terribly_sophisticated,2,1,1
terribly_similar,2,0,2
terribly_silent,2,2,0
really_vapid,2,2,0
really_vigilant,2,1,1
really_villainous,2,1,1
really_unrealistic,2,2,0
really_unprepared,2,2,0
really_unprecedented,2,1,1
really_unintended,2,2,0
really_unfathomable,2,2,0
really_unforgettable,2,0,2
really_unforgivable,2,0,2
really_unfounded,2,2,0
really_unfriendly,2,2,0
really_unfunny,2,1,1
really_unified,2,2,0
really_uninteresting,2,1,1
terribly_surprised,2,2,0
terribly_underdeveloped,2,2,0
terribly_unbalanced,2,2,0
really_unkind,2,2,0
terribly_trite,2,1,1
terribly_tired,2,2,0
really_unnerving,2,0,2
really_unorthodox,2,2,0
reassuringly_positive,2,2,0
reassuringly_regular,2,2,0
recently_able,2,2,0
relatively_nice,2,1,1
terribly_generic,2,2,0
relatively_irrelevant,2,2,0
relatively_isolated,2,1,1
terribly_futile,2,0,2
relatively_larger,2,2,0
relatively_lean,2,2,0
relatively_liberal,2,2,0
terribly_fun,2,2,0
terribly_frustrated,2,2,0
relatively_lucky,2,2,0
relatively_manageable,2,1,1
relatively_meaningful,2,0,2
relatively_menial,2,1,1
terribly_fresh,2,0,2
terribly_enthralling,2,0,2
terribly_entertaining,2,2,0
relatively_negligible,2,2,0
terribly_generous,2,2,0
relatively_insubstantial,2,2,0
relatively_infrequent,2,2,0
relatively_hawkish,2,2,0
relatively_futile,2,2,0
relatively_gentle,2,2,0
terribly_impolite,2,2,0
relatively_great,2,1,1
terribly_imperative,2,2,0
terribly_illegal,2,0,2
terribly_hungry,2,2,0
relatively_higher,2,2,0
terribly_guilty,2,2,0
relatively_homogeneous,2,2,0
relatively_humble,2,2,0
relatively_idle,2,1,1
relatively_immediate,2,2,0
terribly_healthy,2,1,1
relatively_indifferent,2,2,0
terribly_happy,2,2,0
relatively_nervous,2,2,0
relatively_niche,2,1,1
relatively_fundamental,2,0,2
terribly_embarrassed,2,2,0
terribly_deep,2,1,1
relatively_richer,2,2,0
relatively_ridiculous,2,1,1
relatively_risky,2,2,0
relatively_rosy,2,2,0
relatively_rudimentary,2,2,0
relatively_rugged,2,2,0
terribly_daunting,2,2,0
relatively_safer,2,2,0
relatively_sanguine,2,2,0
relatively_satisfied,2,2,0
relatively_seamless,2,2,0
relatively_secular,2,2,0
relatively_severe,2,2,0
terribly_damaging,2,1,1
relatively_sharp,2,2,0
terribly_cyclical,2,1,1
relatively_relaxed,2,2,0
terribly_demeaning,2,1,1
relatively_realistic,2,1,1
relatively_parallel,2,2,0
relatively_older,2,0,2
relatively_open-minded,2,2,0
relatively_optimistic,2,2,0
relatively_ordinary,2,0,2
relatively_original,2,0,2
terribly_eager,2,2,0
relatively_pale,2,2,0
relatively_passive,2,2,0
relatively_radical,2,2,0
terribly_dry,2,2,0
relatively_perfect,2,2,0
relatively_peripheral,2,1,1
relatively_pleasant,2,1,1
terribly_disconcerting,2,1,1
relatively_pristine,2,2,0
terribly_dignified,2,2,0
relatively_funny,2,1,1
relatively_functional,2,1,1
terribly_morbid,2,1,1
regionally_important,2,2,0
refreshingly_funny,2,1,1
refreshingly_genuine,2,1,1
refreshingly_harsh,2,2,0
refreshingly_healthy,2,1,1
refreshingly_individual,2,2,0
refreshingly_medieval,2,0,2
terribly_mean,2,2,0
refreshingly_old-school,2,0,2
refreshingly_quirky,2,2,0
refreshingly_relaxed,2,0,2
terribly_low,2,2,0
refreshingly_sweet,2,0,2
terribly_loud,2,2,0
refreshingly_unexpected,2,1,1
refreshingly_unpredictable,2,1,1
refreshingly_unpretentious,2,0,2
regionally_appropriate,2,2,0
terribly_menacing,2,1,1
refreshingly_comic,2,2,0
refreshingly_bold,2,2,0
recklessly_ambitious,2,2,0
recently_detailed,2,2,0
recently_enough,2,2,0
recently_familiar,2,1,1
recently_open,2,2,0
terribly_missing,2,1,1
recently_sick,2,2,0
recently_underway,2,2,0
recklessly_militaristic,2,2,0
refreshingly_blunt,2,2,0
recklessly_stupid,2,2,0
recognizably_different,2,2,0
recognizably_distinct,2,0,2
recognizably_familiar,2,2,0
recognizably_famous,2,1,1
terribly_miscast,2,2,0
refreshingly_bleak,2,1,1
regionally_different,2,2,0
regionally_rare,2,2,0
relatively_full,2,2,0
regularly_clean,2,2,0
relatively_dense,2,2,0
terribly_informal,2,1,1
relatively_disappointing,2,2,0
relatively_dispassionate,2,0,2
relatively_docile,2,1,1
relatively_efficient,2,2,0
relatively_effortless,2,1,1
terribly_incorrect,2,1,1
relatively_epic,2,1,1
relatively_esoteric,2,1,1
terribly_incomplete,2,2,0
relatively_extreme,2,1,1
terribly_incapable,2,2,0
relatively_fearless,2,2,0
terribly_inappropriate,2,1,1
relatively_foreign,2,1,1
relatively_formal,2,1,1
relatively_dark,2,2,0
relatively_cumbersome,2,2,0
relatively_credible,2,2,0
relatively_broad,2,2,0
relatively_adventurous,2,2,0
terribly_liberating,2,0,2
relatively_automatic,2,2,0
relatively_autonomous,2,2,0
relatively_bad,2,2,0
relatively_bright,2,1,1
terribly_lame,2,2,0
relatively_civil,2,2,0
terribly_innovative,2,2,0
terribly_jolly,2,2,0
relatively_clueless,2,2,0
terribly_inventive,2,2,0
relatively_comparable,2,2,0
terribly_insidious,2,1,1
relatively_concise,2,2,0
relatively_convenient,2,2,0
terrifyingly_realistic,2,2,0
thankfully_more,2,1,1
really_discouraging,2,2,0
really_homophobic,2,2,0
thats_different,2,0,2
thats_creative,2,1,1
really_horrid,2,0,2
really_hostile,2,2,0
thats_close,2,0,2
thats_bad,2,0,2
really_humane,2,1,1
thats_available,2,0,2
really_humiliating,2,0,2
really_hungover,2,2,0
really_hypnotic,2,0,2
really_idealistic,2,1,1
that_worthwhile,2,1,1
really_illogical,2,1,1
really_illustrious,2,0,2
really_immersive,2,1,1
really_imperative,2,2,0
really_hopeless,2,2,0
really_homely,2,0,2
that_absurd,2,2,0
really_high-quality,2,2,0
thematically_coherent,2,2,0
really_gory,2,1,1
thats_worthwhile,2,0,2
thats_viable,2,0,2
really_greater,2,2,0
thats_unknown,2,0,2
thats_suitable,2,0,2
really_groovy,2,1,1
thats_real,2,1,1
really_groundbreaking,2,1,1
really_handsome,2,1,1
thats_normal,2,1,1
really_harder,2,1,1
really_harrowing,2,2,0
thats_interesting,2,0,2
thats_hot,2,0,2
thats_honest,2,0,2
that_worse,2,2,0
that_wide,2,2,0
really_impulsive,2,1,1
really_incapable,2,2,0
really_intimidated,2,2,0
really_intoxicating,2,0,2
really_intricate,2,0,2
really_intrusive,2,2,0
really_invalid,2,2,0
really_invaluable,2,2,0
really_invigorating,2,1,1
really_invisible,2,2,0
really_irrational,2,2,0
really_irregular,2,2,0
that_tight,2,1,1
really_irreplaceable,2,0,2
that_thin,2,2,0
really_jaded,2,2,0
really_jewish,2,2,0
really_joyous,2,2,0
really_judgmental,2,2,0
that_tolerant,2,1,1
really_internal,2,2,0
that_tragic,2,0,2
that_valuable,2,2,0
really_inconceivable,2,1,1
really_incorrect,2,2,0
that_weak,2,2,0
that_visible,2,1,1
really_ineffective,2,2,0
really_inefficient,2,2,0
that_versatile,2,2,0
that_useless,2,2,0
that_tricky,2,2,0
that_upset,2,2,0
really_insistent,2,2,0
that_unusual,2,2,0
really_insufficient,2,1,1
really_insulting,2,1,1
really_integral,2,1,1
that_unaware,2,2,0
really_gnarly,2,1,1
really_glorious,2,1,1
really_global,2,1,1
really_evident,2,2,0
really_economic,2,2,0
really_edible,2,2,0
theologically_complex,2,1,1
then_wonderful,2,1,1
really_electric,2,1,1
then_visible,2,2,0
really_eligible,2,1,1
really_eminent,2,0,2
then_sweet,2,1,1
really_employable,2,0,2
then_sorry,2,2,0
really_engrossing,2,2,0
then_silent,2,2,0
then_redeemable,2,2,0
then_receptive,2,2,0
then_quiet,2,2,0
really_erotic,2,2,0
really_easygoing,2,2,0
really_dusty,2,2,0
theologically_deep,2,1,1
really_disruptive,2,0,2
really_disgraceful,2,1,1
really_disgusted,2,2,0
theoretically_available,2,2,0
really_disheartened,2,2,0
really_disposable,2,2,0
theologically_unsound,2,2,0
really_disrespectful,2,1,1
really_dissimilar,2,1,1
theologically_erroneous,2,2,0
really_distant,2,1,1
theologically_sound,2,2,0
theologically_shallow,2,2,0
theologically_right,2,2,0
theologically_questionable,2,2,0
really_divisive,2,2,0
really_dreary,2,1,1
really_ethical,2,2,0
then_pleasant,2,2,0
thematically_different,2,2,0
really_exemplary,2,2,0
really_forceful,2,2,0
really_forgetful,2,2,0
really_forgettable,2,1,1
really_formal,2,1,1
really_formidable,2,1,1
really_fragile,2,2,0
then_detailed,2,2,0
really_french,2,2,0
then_close,2,2,0
really_frivolous,2,1,1
thematically_significant,2,2,0
thematically_relevant,2,2,0
really_fuzzy,2,2,0
thematically_powerful,2,2,0
really_general,2,0,2
really_gigantic,2,0,2
really_gimmicky,2,2,0
then_due,2,2,0
really_flashy,2,1,1
really_flaky,2,2,0
then_keen,2,2,0
then_open,2,2,0
then_ok,2,2,0
really_explicit,2,1,1
really_extra,2,1,1
then_new,2,2,0
then_many,2,2,0
then_little,2,2,0
really_fanatical,2,1,1
really_fictional,2,2,0
then_interested,2,2,0
then_ideal,2,2,0
then_human,2,1,1
really_fast-paced,2,2,0
really_faster,2,2,0
then_helpful,2,2,0
really_fertile,2,2,0
that_tasty,2,2,0
really_killer,2,1,1
that_sweet,2,2,0
really_scarce,2,2,0
that_flexible,2,2,0
that_exotic,2,1,1
really_restorative,2,0,2
really_restrictive,2,2,0
that_entertaining,2,2,0
that_easier,2,2,0
that_eager,2,2,0
that_dull,2,2,0
really_rigid,2,2,0
really_ripe,2,2,0
really_risque,2,2,0
really_rosy,2,2,0
that_disorganized,2,2,0
really_rubbish,2,1,1
really_russian,2,1,1
really_rusty,2,2,0
really_saddened,2,2,0
really_resonant,2,1,1
really_resistant,2,1,1
that_focused,2,1,1
really_pushy,2,2,0
that_incredible,2,2,0
that_incompetent,2,2,0
that_incapable,2,2,0
really_prone,2,2,0
really_psychedelic,2,0,2
really_psychotic,2,1,1
really_public,2,1,1
really_racy,2,2,0
really_resilient,2,2,0
that_hopeful,2,2,0
really_rational,2,1,1
that_generous,2,2,0
really_reliant,2,1,1
that_free,2,2,0
really_repetitive,2,2,0
really_reprehensible,2,0,2
really_safer,2,2,0
that_cute,2,2,0
really_primary,2,2,0
really_scenic,2,2,0
really_sluggish,2,2,0
that_bizarre,2,1,1
really_snarky,2,1,1
really_snowy,2,2,0
really_soggy,2,2,0
really_soulful,2,1,1
really_speedy,2,2,0
that_arrogant,2,2,0
that_appreciative,2,2,0
that_appealing,2,2,0
that_angry,2,2,0
really_square,2,2,0
really_staggering,2,1,1
that_adept,2,1,1
really_strenuous,2,1,1
that_active,2,2,0
really_striking,2,1,1
that_boring,2,2,0
really_slimy,2,1,1
really_sleek,2,0,2
that_complex,2,2,0
really_scrappy,2,1,1
that_crucial,2,1,1
really_sexist,2,1,1
really_sexual,2,1,1
that_controversial,2,1,1
that_consistent,2,2,0
that_complicated,2,2,0
really_sickening,2,1,1
that_bright,2,1,1
really_silent,2,2,0
really_simplistic,2,1,1
really_sinful,2,0,2
really_single,2,2,0
really_sketchy,2,2,0
that_brilliant,2,2,0
really_skillful,2,1,1
really_privileged,2,2,0
really_pricy,2,2,0
really_lackluster,2,2,0
that_precise,2,2,0
really_mind-blowing,2,2,0
really_minimalist,2,1,1
really_mischievous,2,2,0
that_short,2,1,1
really_mistaken,2,2,0
that_selfish,2,2,0
really_monumental,2,1,1
really_morbid,2,2,0
that_scared,2,2,0
really_murky,2,2,0
really_nerve-wracking,2,2,0
really_niche,2,0,2
really_nonexistent,2,2,0
really_nonsense,2,2,0
that_proud,2,2,0
that_pricey,2,1,1
really_nutty,2,0,2
really_menacing,2,0,2
really_manageable,2,0,2
really_malnourished,2,2,0
really_logical,2,1,1
really_lasting,2,1,1
really_laughable,2,2,0
really_lax,2,2,0
that_superior,2,1,1
really_lengthy,2,1,1
really_liberal,2,2,0
really_lightweight,2,0,2
that_stubborn,2,2,0
really_malicious,2,0,2
that_stressful,2,1,1
really_low-cost,2,2,0
really_lower,2,2,0
that_stable,2,1,1
really_luxury,2,0,2
really_magic,2,1,1
that_specialized,2,2,0
that_predictable,2,2,0
that_positive,2,2,0
that_insightful,2,2,0
that_pleasurable,2,2,0
really_pernicious,2,0,2
really_personable,2,2,0
really_personalised,2,0,2
really_persuasive,2,1,1
really_pervasive,2,1,1
really_philosophical,2,2,0
really_pissed,2,2,0
really_plausible,2,2,0
that_moderate,2,1,1
really_plush,2,0,2
that_long,2,2,0
that_legitimate,2,1,1
that_knowledgeable,2,2,0
that_keen,2,1,1
really_praiseworthy,2,0,2
that_intelligent,2,1,1
really_predictable,2,2,0
really_passive,2,2,0
that_obnoxious,2,2,0
really_panicked,2,2,0
that_peaceful,2,2,0
that_pleased,2,2,0
really_odious,2,1,1
really_oily,2,2,0
that_pessimistic,2,2,0
really_old-fashioned,2,2,0
really_old-school,2,0,2
really_opinionated,2,2,0
really_orange,2,1,1
that_open,2,0,2
that_pathetic,2,2,0
really_outraged,2,2,0
really_overblown,2,1,1
really_overpriced,2,2,0
really_overt,2,1,1
really_overused,2,2,0
really_overwhelmed,2,2,0
terribly_cute,2,2,0
relatively_simplistic,2,2,0
relatively_single,2,2,0
technically_independent,2,2,0
scientifically_measurable,2,1,1
scientifically_precise,2,2,0
scientifically_questionable,2,2,0
scientifically_unproven,2,2,0
scientifically_unreliable,2,2,0
scientifically_viable,2,2,0
scientifically_worthless,2,2,0
scientifically_wrong,2,2,0
searingly_honest,2,2,0
seasonally_festive,2,2,0
technically_illiterate,2,2,0
second_closest,2,2,0
second_fastest,2,2,0
secretly_aware,2,2,0
secretly_correct,2,0,2
secretly_delighted,2,2,0
secretly_depressed,2,2,0
scientifically_invalid,2,2,0
scientifically_impossible,2,2,0
relatively_slim,2,1,1
scientifically_ignorant,2,2,0
savagely_real,2,2,0
scandalously_high,2,1,1
scarcely_audible,2,2,0
scarcely_aware,2,2,0
scarcely_better,2,2,0
scarcely_bigger,2,2,0
scarcely_distinguishable,2,2,0
scarcely_larger,2,2,0
scarcely_older,2,2,0
scarily_american,2,1,1
scarily_close,2,0,2
scarily_familiar,2,1,1
scientifically_absurd,2,2,0
scientifically_challenging,2,1,1
scientifically_constructive,2,0,2
scientifically_exciting,2,2,0
scientifically_feasible,2,1,1
secretly_desperate,2,2,0
secretly_eager,2,2,0
secretly_excited,2,2,0
secretly_frustrated,2,2,0
seemingly_ambiguous,2,2,0
seemingly_asleep,2,2,0
seemingly_believable,2,0,2
seemingly_bereft,2,0,2
seemingly_boring,2,2,0
seemingly_busy,2,2,0
seemingly_careless,2,2,0
seemingly_close,2,1,1
seemingly_clueless,2,2,0
seemingly_common,2,1,1
seemingly_confident,2,2,0
seemingly_conscious,2,2,0
seemingly_cool,2,2,0
seemingly_crucial,2,1,1
seemingly_cruel,2,1,1
seemingly_depressed,2,2,0
seemingly_deserving,2,1,1
seemingly_alright,2,1,1
seemingly_allergic,2,2,0
seemingly_alien,2,0,2
secretly_terrifying,2,2,0
secretly_interested,2,2,0
secretly_loyal,2,2,0
secretly_mad,2,2,0
secretly_miserable,2,2,0
secretly_positive,2,2,0
secretly_resentful,2,2,0
secretly_scared,2,2,0
secretly_thankful,2,2,0
seemingly_absent,2,2,0
secretly_unhappy,2,2,0
secretly_vegan,2,2,0
secretly_worried,2,2,0
seductively_soulful,2,2,0
seductively_tempting,2,0,2
seductively_uncharted,2,2,0
seemingly_abnormal,2,1,1
satisfyingly_smooth,2,0,2
satisfyingly_good,2,0,2
satisfyingly_familiar,2,2,0
roughly_akin,2,0,2
right_smart,2,2,0
right_sorry,2,2,0
rightfully_furious,2,2,0
rightfully_ours,2,1,1
rightfully_pleased,2,2,0
rightfully_shocked,2,2,0
rightfully_suspicious,2,2,0
technically_open,2,2,0
rightly_reluctant,2,2,0
rightly_sceptical,2,2,0
rightly_shocked,2,2,0
rightly_terrified,2,2,0
rightly_wrong,2,2,0
rigidly_authoritarian,2,2,0
rigidly_dogmatic,2,2,0
romantically_interesting,2,2,0
technically_new,2,2,0
right_sinful,2,2,0
right_sexy,2,2,0
right_scared,2,2,0
right_idiotic,2,2,0
right_difficult,2,2,0
right_double,2,2,0
right_dull,2,1,1
right_extreme,2,2,0
technically_pure,2,2,0
right_handy,2,2,0
right_heavy,2,2,0
right_impossible,2,2,0
right_rude,2,2,0
right_lower,2,2,0
right_minded,2,2,0
right_more,2,1,1
right_most,2,2,0
right_ok,2,2,0
right_painful,2,2,0
right_reserved,2,2,0
romantically_tragic,2,2,0
technically_neutral,2,2,0
satisfyingly_dramatic,2,2,0
roughly_right,2,2,0
sadly_beautiful,2,1,1
sadly_confused,2,1,1
sadly_delusional,2,2,0
sadly_dysfunctional,2,2,0
sadly_enough,2,2,0
technically_legit,2,2,0
sadly_ignorant,2,2,0
technically_knowledgeable,2,2,0
sadly_rare,2,1,1
sadly_relevant,2,1,1
sadly_similar,2,2,0
sadly_unable,2,2,0
sadly_unaware,2,2,0
safely_able,2,2,0
safely_asleep,2,2,0
safely_blue,2,2,0
safely_entertaining,2,1,1
sadly_accurate,2,2,0
ruthlessly_honest,2,2,0
ruthlessly_effective,2,2,0
round_happy,2,2,0
round_amazing,2,2,0
round_brilliant,2,2,0
round_creative,2,2,0
round_easier,2,2,0
round_excellent,2,2,0
round_fishy,2,2,0
round_fun,2,2,0
round_likable,2,2,0
ruthlessly_competitive,2,2,0
round_lovely,2,2,0
round_ok,2,2,0
round_pleasant,2,2,0
round_safe,2,2,0
round_satisfying,2,2,0
round_sweet,2,2,0
ruggedly_beautiful,2,2,0
seemingly_desperate,2,2,0
seemingly_devoid,2,2,0
seemingly_drastic,2,1,1
tad_unusual,2,0,2
seemingly_unintentional,2,2,0
seemingly_unnatural,2,1,1
seemingly_unnecessary,2,1,1
seemingly_unprecedented,2,0,2
seemingly_unreasonable,2,2,0
seemingly_unsure,2,2,0
seemingly_unthinkable,2,1,1
seemingly_unusual,2,1,1
seemingly_wild,2,2,0
seemingly_worthy,2,1,1
seismically_vulnerable,2,1,1
seldom_evident,2,1,1
seldom_present,2,2,0
seldom_right,2,2,0
seldom_visible,2,0,2
self-consciously_curious,2,0,2
self-consciously_literary,2,1,1
tad_wary,2,2,0
seemingly_unhappy,2,2,0
seemingly_unfit,2,2,0
seemingly_thankless,2,2,0
seemingly_subjective,2,1,1
seemingly_substantial,2,1,1
seemingly_superficial,2,0,2
seemingly_superfluous,2,2,0
seemingly_surreal,2,2,0
seemingly_suspicious,2,2,0
seemingly_tangible,2,0,2
seemingly_threatening,2,2,0
seemingly_unfathomable,2,0,2
seemingly_translucent,2,2,0
tangentially_aware,2,2,0
seemingly_unaffected,2,2,0
seemingly_unavoidable,2,1,1
seemingly_unbearable,2,2,0
seemingly_uncontrollable,2,2,0
seemingly_undone,2,2,0
self_confident,2,2,0
self_critical,2,1,1
seemingly_strange,2,1,1
self_indulgent,2,1,1
tad_small,2,2,0
tad_skeptical,2,2,0
seriously_big,2,0,2
seriously_busy,2,2,0
seriously_capable,2,1,1
seriously_compelling,2,1,1
tad_silly,2,2,0
seriously_corrupt,2,2,0
seriously_counterproductive,2,1,1
seriously_crazy,2,2,0
seriously_creative,2,2,0
tad_pricey,2,2,0
seriously_deluded,2,2,0
seriously_depressing,2,2,0
seriously_desirable,2,0,2
seriously_difficult,2,2,0
seriously_disabled,2,2,0
tad_smaller,2,2,0
tad_strange,2,1,1
tad_sweet,2,1,1
semi_sweet,2,1,1
semi_entertaining,2,0,2
semi_formal,2,2,0
semi_naked,2,2,0
semi_natural,2,2,0
semi_open,2,2,0
semi_professional,2,2,0
semi_skilled,2,2,0
semi_tropical,2,2,0
seriously_askew,2,1,1
seriously_afraid,2,2,0
seriously_aggressive,2,2,0
seriously_ailing,2,1,1
seriously_alarming,2,1,1
tad_unconventional,2,0,2
seriously_annoyed,2,2,0
tad_tacky,2,2,0
seemingly_stupid,2,1,1
seemingly_stationary,2,2,0
seemingly_dry,2,1,1
seemingly_lucid,2,2,0
technically_dazzling,2,1,1
seemingly_inadequate,2,2,0
seemingly_incapable,2,1,1
seemingly_incongruous,2,2,0
technically_daunting,2,2,0
seemingly_inconsistent,2,2,0
seemingly_indestructible,2,1,1
seemingly_inevitable,2,1,1
seemingly_inhuman,2,1,1
technically_beautiful,2,2,0
seemingly_interchangeable,2,2,0
seemingly_intolerable,2,2,0
seemingly_invincible,2,2,0
technically_aware,2,2,0
seemingly_lacking,2,0,2
seemingly_larger,2,2,0
seemingly_legitimate,2,2,0
seemingly_implausible,2,2,0
seemingly_impassable,2,2,0
seemingly_hostile,2,2,0
seemingly_factual,2,0,2
seemingly_dull,2,1,1
seemingly_effortless,2,2,0
technically_easier,2,2,0
seemingly_equal,2,2,0
seemingly_eternal,2,1,1
seemingly_evil,2,0,2
seemingly_extreme,2,1,1
seemingly_fake,2,2,0
seemingly_high,2,2,0
seemingly_fickle,2,2,0
seemingly_full,2,1,1
seemingly_funny,2,0,2
seemingly_genuine,2,2,0
seemingly_great,2,1,1
seemingly_greener,2,2,0
seemingly_haphazard,2,2,0
seemingly_light,2,1,1
seemingly_ludicrous,2,1,1
seemingly_solid,2,0,2
seemingly_macabre,2,2,0
seemingly_plain,2,0,2
tantalizingly_familiar,2,2,0
seemingly_practical,2,2,0
seemingly_preposterous,2,0,2
seemingly_progressive,2,2,0
seemingly_quiet,2,2,0
seemingly_rare,2,0,2
seemingly_reflective,2,2,0
seemingly_relaxed,2,1,1
seemingly_risky,2,2,0
seemingly_sane,2,2,0
seemingly_scandalous,2,0,2
seemingly_scared,2,1,1
seemingly_silent,2,1,1
seemingly_silly,2,2,0
seemingly_simpler,2,0,2
seemingly_smaller,2,1,1
tastefully_simple,2,2,0
seemingly_pedestrian,2,0,2
seemingly_peaceful,2,2,0
seemingly_negligible,2,1,1
technically_available,2,2,0
seemingly_mild,2,1,1
seemingly_miniscule,2,0,2
seemingly_minuscule,2,0,2
seemingly_miraculous,2,1,1
technically_appropriate,2,1,1
seemingly_natural,2,1,1
seemingly_neutral,2,0,2
seemingly_outrageous,2,1,1
seemingly_never-ending,2,2,0
technically_ambitious,2,2,0
technically_alive,2,2,0
seemingly_obscure,2,2,0
seemingly_obsessed,2,2,0
technically_adroit,2,2,0
seemingly_odd,2,1,1
right_depressed,2,2,0
right_decent,2,2,0
right_confusing,2,2,0
remarkably_poignant,2,2,0
remarkably_funny,2,2,0
remarkably_genuine,2,1,1
remarkably_inadequate,2,2,0
remarkably_intelligent,2,2,0
remarkably_kind,2,2,0
remarkably_lazy,2,2,0
remarkably_light,2,2,0
remarkably_medieval,2,1,1
temporarily_unbalanced,2,2,0
remarkably_minimal,2,1,1
remarkably_moving,2,2,0
remarkably_mundane,2,2,0
remarkably_naive,2,2,0
remarkably_normal,2,0,2
remarkably_oblivious,2,2,0
remarkably_odd,2,0,2
remarkably_old,2,1,1
remarkably_friendly,2,2,0
remarkably_fit,2,2,0
remarkably_evil,2,2,0
remarkably_cool,2,1,1
terribly_accurate,2,2,0
remarkably_compelling,2,1,1
remarkably_competent,2,2,0
remarkably_complicated,2,1,1
remarkably_conservative,2,2,0
remarkably_contemporary,2,1,1
remarkably_convincing,2,2,0
terminally_unhappy,2,2,0
remarkably_efficient,2,2,0
remarkably_crude,2,1,1
remarkably_delicious,2,1,1
remarkably_devoid,2,2,0
terminally_sick,2,2,0
remarkably_disingenuous,2,0,2
remarkably_diverse,2,2,0
terminally_depressed,2,2,0
remarkably_optimistic,2,2,0
remarkably_polite,2,2,0
remarkably_broad,2,2,0
remarkably_positive,2,1,1
temporarily_popular,2,2,0
temporarily_poor,2,2,0
remarkably_small,2,2,0
temporarily_offline,2,2,0
remarkably_smooth,2,2,0
remarkably_soothing,2,1,1
temporarily_necessary,2,1,1
remarkably_staid,2,2,0
remarkably_strange,2,2,0
temporarily_incapable,2,2,0
remarkably_sure,2,2,0
temporarily_inactive,2,2,0
remarkably_sweet,2,2,0
remarkably_swift,2,2,0
remarkably_sympathetic,2,1,1
remarkably_tame,2,2,0
remarkably_tender,2,2,0
temporarily_present,2,2,0
remarkably_silly,2,2,0
remarkably_selfless,2,1,1
remarkably_quick,2,2,0
remarkably_potent,2,2,0
remarkably_precise,2,2,0
remarkably_prophetic,2,2,0
remarkably_proud,2,2,0
temporarily_stuck,2,1,1
remarkably_qualified,2,2,0
temporarily_slow,2,2,0
remarkably_realistic,2,2,0
temporarily_relaxed,2,2,0
remarkably_refreshing,2,1,1
remarkably_resilient,2,2,0
temporarily_right,2,2,0
remarkably_right,2,2,0
remarkably_sad,2,1,1
remarkably_safe,2,2,0
remarkably_satisfying,2,0,2
terribly_active,2,2,0
terribly_allergic,2,2,0
remarkably_thin,2,2,0
terribly_blind,2,2,0
relatively_unfavorable,2,2,0
relatively_uninformed,2,2,0
terribly_charming,2,2,0
relatively_unnecessary,2,1,1
relatively_unnoticed,2,1,1
relatively_unplanned,2,2,0
terribly_careful,2,2,0
relatively_unproductive,2,2,0
relatively_unproven,2,2,0
relatively_unreliable,2,2,0
relatively_unremarkable,2,1,1
relatively_unseen,2,2,0
relatively_unskilled,2,2,0
relatively_untapped,2,2,0
relatively_untouchable,2,2,0
relatively_vague,2,2,0
relatively_valid,2,2,0
terribly_cliched,2,2,0
terribly_close,2,1,1
relatively_uneventful,2,2,0
terribly_condescending,2,0,2
terribly_crass,2,0,2
terribly_cool,2,1,1
terribly_convoluted,2,1,1
relatively_stagnant,2,2,0
relatively_steep,2,1,1
terribly_contagious,2,0,2
relatively_sturdy,2,1,1
terribly_competent,2,2,0
relatively_undisturbed,2,2,0
terribly_compelling,2,1,1
relatively_timeless,2,1,1
terribly_comforting,2,0,2
terribly_comfortable,2,1,1
relatively_uncomplicated,2,2,0
relatively_unconcerned,2,2,0
relatively_underground,2,1,1
relatively_vocal,2,2,0
relatively_wise,2,0,2
remarkably_awful,2,0,2
relatively_worse,2,2,0
reliably_solid,2,2,0
religiously_aggressive,2,2,0
religiously_distinct,2,2,0
religiously_faithful,2,1,1
religiously_fundamentalist,2,2,0
religiously_illiterate,2,2,0
religiously_indifferent,2,2,0
religiously_minded,2,2,0
religiously_neutral,2,2,0
terribly_attractive,2,2,0
religiously_radical,2,2,0
religiously_sensitive,2,2,0
religiously_tolerant,2,2,0
religiously_true,2,2,0
terribly_anxious,2,2,0
terribly_ambitious,2,2,0
religiously_wrong,2,1,1
reliably_right,2,2,0
reliably_great,2,1,1
reliably_enough,2,2,0
relentlessly_entertaining,2,2,0
relatively_worthless,2,1,1
terribly_bland,2,2,0
relatively_youthful,2,2,0
relentlessly_busy,2,2,0
relentlessly_cheerful,2,2,0
relentlessly_critical,2,2,0
terribly_big,2,0,2
relentlessly_funny,2,2,0
reliably_dominant,2,2,0
relentlessly_intense,2,2,0
relentlessly_inventive,2,2,0
relentlessly_negative,2,2,0
relentlessly_positive,2,2,0
relentlessly_progressive,2,2,0
reliably_delicious,2,2,0
terribly_basic,2,1,1
remarkably_terrible,2,2,0
temporarily_exempt,2,2,0
right_cheap,2,2,0
ridiculously_heavy,2,2,0
technically_valid,2,2,0
ridiculously_careful,2,2,0
technically_third,2,2,0
ridiculously_close,2,2,0
ridiculously_competitive,2,2,0
ridiculously_corny,2,2,0
technically_temporary,2,2,0
ridiculously_decadent,2,1,1
ridiculously_deep,2,2,0
ridiculously_delicious,2,2,0
ridiculously_drunk,2,2,0
ridiculously_early,2,2,0
ridiculously_embarrassing,2,0,2
ridiculously_fabulous,2,1,1
ridiculously_fast,2,2,0
ridiculously_fit,2,2,0
technically_subjective,2,2,0
ridiculously_athletic,2,2,0
ridiculously_annoying,2,2,0
ridiculously_affordable,2,2,0
resoundingly_familiar,2,2,0
technically_visible,2,1,1
reportedly_likely,2,1,1
reportedly_negative,2,2,0
reportedly_present,2,2,0
reportedly_ready,2,2,0
reportedly_related,2,2,0
reportedly_susceptible,2,2,0
resoundingly_mediocre,2,1,1
richly_textured,2,2,0
resoundingly_successful,2,2,0
richly_dark,2,2,0
technically_vegan,2,2,0
richly_emotional,2,2,0
richly_inventive,2,0,2
richly_ironic,2,1,1
richly_pigmented,2,2,0
ridiculously_good-looking,2,2,0
technically_stronger,2,2,0
reportedly_desperate,2,2,0
ridiculously_impressed,2,2,0
ridiculously_simplistic,2,2,0
technically_related,2,2,0
ridiculously_steep,2,2,0
ridiculously_superhuman,2,1,1
technically_ready,2,2,0
ridiculously_tall,2,2,0
ridiculously_tight,2,2,0
ridiculously_tiny,2,1,1
ridiculously_unrealistic,2,1,1
ridiculously_violent,2,2,0
ridiculously_weak,2,2,0
right_angled,2,2,0
right_annoying,2,2,0
right_bad,2,2,0
right_belligerent,2,2,0
right_better,2,1,1
right_boring,2,2,0
ridiculously_similar,2,2,0
technically_slick,2,2,0
ridiculously_serious,2,1,1
ridiculously_outdated,2,2,0
ridiculously_inept,2,2,0
ridiculously_intelligent,2,1,1
ridiculously_lenient,2,2,0
ridiculously_lucky,2,2,0
ridiculously_minor,2,1,1
ridiculously_nice,2,2,0
ridiculously_optimistic,2,2,0
ridiculously_outrageous,2,0,2
ridiculously_satisfying,2,0,2
ridiculously_pedantic,2,2,0
ridiculously_petty,2,0,2
ridiculously_pleased,2,2,0
technically_smart,2,1,1
ridiculously_proud,2,2,0
ridiculously_random,2,1,1
ridiculously_remote,2,2,0
reportedly_gay,2,2,0
reportedly_available,2,2,0
remarkably_timeless,2,2,0
remotely_fair,2,2,0
remotely_clean,2,2,0
technologically_unfeasible,2,2,0
technologically_relevant,2,0,2
remotely_compelling,2,1,1
remotely_cool,2,1,1
remotely_creative,2,2,0
remotely_cute,2,2,0
remotely_dangerous,2,1,1
remotely_demonic,2,0,2
remotely_easy,2,2,0
remotely_effective,2,1,1
remotely_enough,2,2,0
technologically_innovative,2,1,1
remotely_ethical,2,2,0
technologically_inept,2,2,0
remotely_evil,2,0,2
remotely_exceptional,2,1,1
remotely_boring,2,2,0
remotely_believable,2,1,1
remotely_applicable,2,2,0
remarkably_watchable,2,2,0
remarkably_tolerant,2,2,0
temporarily_dysfunctional,2,2,0
remarkably_unique,2,1,1
temporarily_close,2,2,0
remarkably_unusual,2,2,0
remarkably_upbeat,2,2,0
remarkably_warm,2,1,1
temporarily_blind,2,2,0
remotely_appealing,2,2,0
remarkably_welcoming,2,2,0
remotely_able,2,2,0
temporarily_able,2,2,0
remotely_adequate,2,1,1
remotely_agreeable,2,1,1
remotely_akin,2,0,2
technologically_unsophisticated,2,2,0
remotely_exciting,2,1,1
remotely_famous,2,1,1
reportedly_armed,2,2,0
remotely_feminine,2,1,1
remotely_reminiscent,2,1,1
remotely_right,2,2,0
remotely_risky,2,0,2
remotely_scientific,2,2,0
remotely_sexual,2,2,0
remotely_significant,2,1,1
remotely_skilled,2,2,0
remotely_strange,2,1,1
remotely_suspicious,2,0,2
remotely_sympathetic,2,2,0
remotely_trendy,2,1,1
remotely_watchable,2,1,1
remotely_witty,2,2,0
remotely_workable,2,1,1
remotely_wrong,2,1,1
reportedly_alive,2,2,0
reportedly_angry,2,2,0
remotely_religious,2,0,2
remotely_ready,2,2,0
remotely_rational,2,2,0
remotely_likeable,2,2,0
technologically_illiterate,2,2,0
technologically_difficult,2,1,1
remotely_humorous,2,1,1
remotely_innovative,2,1,1
remotely_intellectual,2,1,1
technologically_complex,2,2,0
technologically_competent,2,1,1
remotely_likely,2,2,0
technologically_backward,2,2,0
remotely_mainstream,2,2,0
remotely_manageable,2,0,2
remotely_normal,2,2,0
remotely_ok,2,2,0
remotely_physical,2,0,2
remotely_programmable,2,2,0
remotely_questionable,2,0,2
really_discrete,2,2,0
really_disconcerting,2,0,2
seriously_distressed,2,1,1
quite_judgmental,2,2,0
quite_kinky,2,2,0
quite_knowledgable,2,2,0
quite_lacking,2,1,1
quite_lackluster,2,2,0
quite_left-wing,2,2,0
too_gracious,2,2,0
quite_lethal,2,2,0
quite_lethargic,2,2,0
quite_libelous,2,2,0
quite_listenable,2,1,1
quite_lofty,2,2,0
quite_long-lived,2,2,0
quite_loopy,2,2,0
too_glorious,2,2,0
too_global,2,2,0
quite_lower,2,2,0
quite_lucid,2,2,0
quite_kind,2,2,0
quite_judgemental,2,2,0
quite_erudite,2,2,0
quite_joyous,2,1,1
quite_inevitable,2,2,0
too_handy,2,2,0
quite_insensitive,2,2,0
too_gruff,2,2,0
quite_insistent,2,1,1
quite_insular,2,1,1
quite_intact,2,2,0
quite_intoxicating,2,0,2
quite_introspective,2,1,1
quite_invaluable,2,1,1
too_grave,2,2,0
quite_irreplaceable,2,2,0
quite_irresponsible,2,2,0
quite_irritable,2,2,0
quite_irritated,2,2,0
quite_jaw-dropping,2,2,0
quite_jovial,2,2,0
quite_macabre,2,2,0
quite_maddening,2,2,0
quite_magnetic,2,0,2
too_gigantic,2,2,0
quite_obnoxious,2,2,0
quite_obsolete,2,1,1
quite_off-putting,2,2,0
quite_older,2,1,1
quite_onerous,2,2,0
quite_open-minded,2,2,0
quite_opportunistic,2,2,0
too_forthcoming,2,2,0
quite_organic,2,1,1
quite_overweight,2,2,0
quite_overwhelmed,2,2,0
quite_painless,2,2,0
quite_palatable,2,2,0
quite_palpable,2,2,0
too_foreboding,2,2,0
quite_paranoid,2,2,0
quite_passable,2,1,1
quite_objectionable,2,1,1
quite_nefarious,2,2,0
quite_needy,2,2,0
too_futile,2,2,0
quite_malicious,2,1,1
too_giant,2,2,0
quite_meager,2,2,0
quite_mean-spirited,2,2,0
quite_meaty,2,0,2
quite_menial,2,1,1
quite_meticulous,2,2,0
quite_misogynistic,2,2,0
quite_nebulous,2,2,0
quite_mobile,2,2,0
quite_moderate,2,1,1
quite_monochromatic,2,2,0
quite_moody,2,2,0
quite_morbid,2,2,0
quite_muscular,2,2,0
quite_narcissistic,2,2,0
quite_indispensable,2,1,1
quite_incremental,2,1,1
quite_incomprehensible,2,1,1
quite_graceful,2,2,0
too_humiliating,2,2,0
quite_flattered,2,2,0
quite_flimsy,2,1,1
quite_flippant,2,2,0
quite_flirty,2,2,0
quite_fluffy,2,1,1
quite_foolhardy,2,2,0
too_humanoid,2,2,0
too_human-like,2,2,0
quite_formative,2,1,1
quite_frantic,2,1,1
too_horrified,2,2,0
quite_geometric,2,2,0
quite_gifted,2,2,0
quite_gimmicky,2,2,0
quite_glaring,2,1,1
quite_gloomy,2,2,0
quite_flamboyant,2,2,0
quite_fishy,2,1,1
too_hyperbolic,2,2,0
too_ideal,2,2,0
too_illustrative,2,2,0
quite_exact,2,2,0
quite_exasperating,2,1,1
quite_existential,2,1,1
too_illegal,2,1,1
too_idiotic,2,2,0
quite_eye-popping,2,2,0
quite_factual,2,1,1
quite_fiery,2,2,0
too_iconic,2,2,0
quite_fanatical,2,2,0
quite_far-fetched,2,2,0
quite_fatal,2,2,0
quite_fearless,2,2,0
quite_ferocious,2,2,0
quite_fickle,2,2,0
quite_good-looking,2,2,0
quite_grainy,2,2,0
quite_inane,2,1,1
too_homogenous,2,1,1
too_heinous,2,1,1
quite_hypocritical,2,1,1
quite_icky,2,1,1
quite_ideal,2,1,1
quite_idiotic,2,2,0
quite_iffy,2,2,0
quite_illegal,2,2,0
quite_illiterate,2,2,0
quite_imaginary,2,1,1
quite_immaterial,2,0,2
quite_immersive,2,1,1
quite_impassable,2,2,0
quite_impatient,2,2,0
quite_imperfect,2,1,1
too_harmless,2,2,0
quite_inactive,2,2,0
quite_inadequate,2,2,0
too_heroic,2,2,0
quite_hoppy,2,2,0
quite_historical,2,2,0
quite_groundbreaking,2,2,0
too_homemade,2,2,0
quite_gratifying,2,0,2
quite_gratuitous,2,2,0
quite_gray,2,2,0
quite_gregarious,2,2,0
too_hollow,2,2,0
quite_gritty,2,1,1
quite_gruff,2,2,0
quite_heterogeneous,2,2,0
quite_gullible,2,2,0
too_higher,2,2,0
too_heterogeneous,2,2,0
quite_heartbreaking,2,1,1
quite_heated,2,2,0
quite_heavenly,2,2,0
quite_heavier,2,2,0
too_foolhardy,2,2,0
quite_patchy,2,2,0
quite_patriotic,2,2,0
too_dour,2,2,0
quite_tangential,2,1,1
too_egregious,2,2,0
quite_telling,2,2,0
too_effusive,2,1,1
quite_tepid,2,2,0
too_effeminate,2,2,0
quite_thematic,2,2,0
too_educational,2,2,0
too_educated,2,2,0
quite_tidy,2,2,0
quite_tipsy,2,2,0
quite_touristy,2,1,1
quite_traceable,2,2,0
quite_tranquil,2,1,1
quite_tribal,2,2,0
quite_trippy,2,2,0
quite_tumultuous,2,2,0
quite_talkative,2,2,0
quite_symmetrical,2,2,0
quite_symbolic,2,1,1
too_enlightening,2,2,0
quite_strategic,2,2,0
too_ethical,2,2,0
too_episodic,2,2,0
quite_stuck,2,2,0
too_entrenched,2,2,0
quite_stuffy,2,2,0
too_enthused,2,2,0
quite_submissive,2,2,0
quite_swollen,2,2,0
too_engaging,2,2,0
quite_superstitious,2,2,0
too_endangered,2,2,0
too_emphatic,2,2,0
quite_suspenseful,2,2,0
quite_sustainable,2,1,1
quite_swift,2,2,0
quite_turbulent,2,2,0
too_doubtful,2,2,0
quite_stoic,2,1,1
quite_unappealing,2,2,0
quite_unnoticeable,2,2,0
quite_unoriginal,2,1,1
too_discrete,2,2,0
too_discouraging,2,2,0
too_disconcerting,2,2,0
quite_unproductive,2,1,1
quite_unprotected,2,2,0
quite_unregulated,2,2,0
quite_unsatisfactory,2,2,0
quite_unscrupulous,2,2,0
too_disagreeable,2,2,0
quite_unseen,2,0,2
too_disabled,2,2,0
quite_unsuccessful,2,2,0
quite_unwelcome,2,2,0
quite_unwilling,2,2,0
quite_upfront,2,2,0
quite_unlikeable,2,1,1
too_disjointed,2,2,0
quite_unjust,2,2,0
quite_undemocratic,2,1,1
quite_unassuming,2,1,1
too_dormant,2,2,0
quite_uncalled,2,1,1
too_domestic,2,2,0
too_dodgy,2,2,0
too_divine,2,2,0
quite_uncontrollable,2,2,0
quite_underrated,2,1,1
quite_unintelligible,2,2,0
quite_unequal,2,2,0
quite_uneventful,2,2,0
too_disposable,2,1,1
quite_unhelpful,2,2,0
too_disorienting,2,2,0
quite_uniform,2,2,0
quite_unimportant,2,2,0
quite_stoked,2,2,0
quite_stinky,2,2,0
quite_peachy,2,2,0
quite_rowdy,2,2,0
quite_prosperous,2,2,0
quite_pushy,2,2,0
quite_racist,2,2,0
quite_rainy,2,2,0
too_fertile,2,2,0
quite_readable,2,2,0
quite_reckless,2,2,0
quite_relatable,2,2,0
too_farcical,2,2,0
quite_resonant,2,2,0
quite_respectful,2,2,0
quite_responsive,2,2,0
quite_restless,2,2,0
quite_retro,2,1,1
too_fanatical,2,2,0
quite_riveting,2,2,0
quite_roomy,2,2,0
quite_prone,2,1,1
quite_promiscuous,2,2,0
quite_pro,2,2,0
too_flawless,2,2,0
quite_perceptive,2,2,0
quite_peripheral,2,1,1
quite_photogenic,2,2,0
quite_pink,2,2,0
quite_pious,2,2,0
quite_pitiful,2,0,2
quite_plastic,2,0,2
quite_plentiful,2,2,0
quite_privileged,2,1,1
quite_plump,2,2,0
quite_populous,2,2,0
quite_posh,2,2,0
quite_pragmatic,2,1,1
quite_precarious,2,2,0
quite_prickly,2,1,1
too_flabbergasted,2,2,0
quite_round,2,2,0
quite_runny,2,2,0
quite_stilted,2,2,0
quite_rustic,2,1,1
quite_skittish,2,2,0
too_expedient,2,2,0
quite_sombre,2,2,0
too_existent,2,2,0
too_excruciating,2,2,0
quite_sore,2,2,0
quite_sour,2,1,1
quite_spare,2,2,0
too_excellent,2,1,1
too_exact,2,2,0
quite_speechless,2,2,0
too_evocative,2,2,0
quite_stale,2,2,0
too_everyday,2,2,0
quite_steady,2,1,1
quite_sterile,2,2,0
too_evangelical,2,2,0
quite_skillful,2,2,0
quite_sketchy,2,2,0
too_expert,2,2,0
too_fab,2,2,0
quite_salacious,2,2,0
quite_same,2,1,1
quite_satirical,2,2,0
quite_seasoned,2,2,0
quite_seedy,2,2,0
quite_self-reliant,2,2,0
quite_self-sufficient,2,2,0
quite_sensual,2,0,2
too_exquisite,2,2,0
quite_sensuous,2,0,2
quite_set,2,2,0
too_extroverted,2,2,0
quite_shameful,2,1,1
quite_shameless,2,2,0
quite_sheer,2,2,0
quite_shrewd,2,2,0
quite_euphoric,2,2,0
quite_erroneous,2,1,1
theoretically_challenging,2,2,0
purely_religious,2,1,1
purely_seductive,2,2,0
too_legit,2,2,0
purely_sentimental,2,2,0
purely_situational,2,2,0
too_laden,2,2,0
too_lackluster,2,2,0
purely_technological,2,2,0
purely_temporary,2,2,0
too_jumpy,2,2,0
purely_transactional,2,2,0
purely_tribal,2,2,0
purely_unintentional,2,2,0
purely_virtual,2,1,1
purposefully_ambiguous,2,2,0
purposefully_cruel,2,2,0
purposefully_devoid,2,2,0
purposefully_difficult,2,2,0
purely_residential,2,2,0
purely_rational,2,2,0
quite_equal,2,2,0
too_lethal,2,2,0
too_lousy,2,2,0
purely_internal,2,2,0
purely_joyful,2,0,2
too_loopy,2,2,0
purely_logical,2,2,0
purely_malicious,2,2,0
purely_manipulative,2,2,0
too_livid,2,2,0
purely_mystical,2,1,1
too_live,2,2,0
purely_nationalistic,2,1,1
purely_online,2,2,0
purely_plastic,2,2,0
too_libertarian,2,2,0
purely_procedural,2,1,1
purely_promotional,2,2,0
purely_public,2,2,0
purposefully_hard,2,2,0
purposefully_hurtful,2,2,0
purposefully_ironic,2,2,0
purposefully_obnoxious,2,2,0
quickly_correct,2,1,1
quickly_lethal,2,2,0
quickly_recognizable,2,2,0
quickly_searchable,2,2,0
quickly_tired,2,2,0
quickly_transferable,2,2,0
quietly_available,2,2,0
quietly_brilliant,2,2,0
too_islamic,2,2,0
quietly_dangerous,2,1,1
quietly_desperate,2,2,0
quietly_different,2,0,2
quietly_dramatic,2,2,0
quietly_emotional,2,2,0
quietly_funny,2,2,0
quietly_furious,2,2,0
quietly_glad,2,2,0
quick_smart,2,2,0
too_japanese,2,2,0
quick_dry,2,2,0
purposely_misunderstood,2,2,0
purposefully_obtuse,2,2,0
purposefully_simple,2,2,0
purposefully_spare,2,2,0
purposely_archaic,2,1,1
purposely_contradictory,2,2,0
purposely_different,2,2,0
purposely_incorrect,2,2,0
purposely_obscure,2,0,2
questionably_realistic,2,2,0
purposely_offensive,2,2,0
purposely_opaque,2,2,0
purposely_redundant,2,2,0
qualitatively_similar,2,2,0
qualitatively_substantial,2,2,0
qualitatively_worse,2,2,0
questionably_ethical,2,2,0
too_loveable,2,2,0
purely_innovative,2,1,1
purely_informative,2,2,0
purely_awesome,2,2,0
publicly_contentious,2,2,0
publicly_drunk,2,2,0
publicly_emotional,2,2,0
publicly_identifiable,2,2,0
publicly_neutral,2,2,0
publicly_open,2,2,0
too_miraculous,2,2,0
publicly_shareable,2,2,0
publicly_vocal,2,2,0
too_militaristic,2,1,1
too_methodical,2,2,0
purely_acoustic,2,2,0
too_metaphysical,2,2,0
too_metallic,2,2,0
purely_amazing,2,2,0
too_merciful,2,2,0
purely_atmospheric,2,2,0
too_misinformed,2,2,0
publicly_affectionate,2,2,0
too_missing,2,2,0
psychologically_resilient,2,2,0
too_morose,2,2,0
psychologically_helpful,2,1,1
psychologically_intense,2,2,0
psychologically_intriguing,2,2,0
psychologically_painful,2,0,2
psychologically_present,2,2,0
psychologically_real,2,2,0
psychologically_significant,2,0,2
publicly_acceptable,2,2,0
psychologically_susceptible,2,2,0
psychologically_thrilling,2,1,1
psychologically_traumatic,2,1,1
psychologically_unprepared,2,2,0
psychologically_unsettling,2,2,0
psychologically_vulnerable,2,2,0
publically_viewable,2,2,0
purely_autobiographical,2,2,0
purely_brilliant,2,0,2
purely_incidental,2,2,0
too_melancholy,2,1,1
purely_dependent,2,2,0
purely_disinterested,2,2,0
purely_electrical,2,2,0
purely_english,2,2,0
purely_essential,2,1,1
purely_ethical,2,2,0
too_magnificent,2,2,0
purely_exclusive,2,2,0
purely_factual,2,1,1
too_maddening,2,2,0
purely_free,2,2,0
too_lucid,2,2,0
too_low-level,2,1,1
purely_happy,2,2,0
purely_hateful,2,2,0
purely_humanitarian,2,2,0
purely_idealistic,2,0,2
too_malevolent,2,2,0
too_malicious,2,2,0
purely_cyclical,2,2,0
purely_confused,2,2,0
too_melancholic,2,2,0
purely_carnal,2,1,1
too_meh,2,2,0
purely_ceremonial,2,2,0
purely_circumstantial,2,2,0
too_meaningless,2,2,0
purely_concerned,2,2,0
purely_conservative,2,2,0
too_malleable,2,2,0
purely_critical,2,1,1
too_marvelous,2,2,0
too_marginalized,2,2,0
too_manic,2,2,0
purely_curious,2,2,0
too_malty,2,1,1
purely_custom,2,2,0
quietly_humble,2,1,1
quietly_intense,2,2,0
quietly_internal,2,2,0
quite_deranged,2,0,2
quite_courteous,2,2,0
quite_coy,2,2,0
quite_crafty,2,2,0
quite_creamy,2,2,0
quite_cutesy,2,2,0
quite_dainty,2,2,0
quite_damning,2,2,0
quite_damp,2,1,1
quite_darker,2,1,1
too_inconspicuous,2,2,0
quite_decadent,2,0,2
quite_defensible,2,2,0
quite_defensive,2,2,0
quite_dehydrated,2,2,0
quite_delusional,2,2,0
quite_demonic,2,0,2
quite_demoralizing,2,1,1
quite_counterproductive,2,2,0
quite_counter-intuitive,2,2,0
quite_controllable,2,2,0
too_informational,2,2,0
too_injured,2,2,0
too_inhospitable,2,2,0
quite_clear-cut,2,2,0
quite_clingy,2,2,0
quite_coherent,2,2,0
too_informative,2,2,0
quite_colorless,2,2,0
quite_commendable,2,1,1
quite_contemptuous,2,2,0
too_inflammatory,2,2,0
too_inescapable,2,2,0
quite_condescending,2,2,0
quite_conducive,2,2,0
quite_conflicting,2,2,0
too_ineffectual,2,2,0
quite_conscientious,2,2,0
quite_deplorable,2,2,0
quite_derivative,2,2,0
quite_circumspect,2,2,0
quite_derogatory,2,2,0
quite_do-able,2,2,0
quite_doubtful,2,2,0
quite_drab,2,2,0
quite_dressy,2,2,0
quite_droll,2,1,1
quite_dusty,2,2,0
quite_dysfunctional,2,1,1
quite_earnest,2,1,1
quite_earthy,2,1,1
too_impolite,2,2,0
quite_edible,2,2,0
quite_educated,2,2,0
quite_effortless,2,2,0
quite_egotistical,2,1,1
quite_electric,2,1,1
too_immoral,2,2,0
quite_engrossing,2,1,1
quite_disturbed,2,2,0
quite_disrespectful,2,2,0
quite_disquieting,2,0,2
quite_dictatorial,2,2,0
quite_descriptive,2,1,1
quite_despicable,2,2,0
quite_destitute,2,2,0
too_inaudible,2,2,0
quite_detectable,2,0,2
quite_devoid,2,2,0
quite_devout,2,2,0
quite_discouraged,2,2,0
quite_disposable,2,1,1
quite_discrete,2,2,0
quite_disinterested,2,2,0
quite_dismal,2,1,1
quite_disorganized,2,2,0
quite_disoriented,2,1,1
quite_disorienting,2,2,0
quite_disparate,2,2,0
quite_claustrophobic,2,1,1
quite_circular,2,2,0
quietly_pleased,2,2,0
quite_alone,2,2,0
quintessentially_modern,2,0,2
quintessentially_russian,2,1,1
quintessentially_southern,2,0,2
quite_abrasive,2,2,0
quite_absent,2,0,2
quite_acerbic,2,1,1
quite_acidic,2,2,0
quite_acrobatic,2,2,0
quite_adaptable,2,2,0
quite_adaptive,2,2,0
quite_addicted,2,2,0
too_inviting,2,2,0
too_inventive,2,2,0
quite_adverse,2,2,0
too_intuitive,2,1,1
quite_aggravating,2,2,0
quite_agitated,2,2,0
quintessentially_italian,2,0,2
quintessentially_innocent,2,0,2
quintessentially_german,2,1,1
quietly_successful,2,1,1
quietly_productive,2,2,0
quietly_relaxing,2,2,0
quietly_revolutionary,2,0,2
quietly_satisfied,2,2,0
quietly_satisfying,2,2,0
quietly_strange,2,2,0
quietly_subversive,2,1,1
quietly_surprising,2,1,1
quintessentially_french,2,0,2
quietly_terrified,2,2,0
quietly_understated,2,2,0
quietly_unhappy,2,2,0
quietly_wonderful,2,1,1
quietly_worried,2,2,0
too_irritated,2,2,0
quintessentially_australian,2,0,2
quite_agreeable,2,2,0
quite_altruistic,2,2,0
quite_chuffed,2,2,0
quite_amateurish,2,2,0
too_intact,2,2,0
too_insurmountable,2,2,0
too_insufficient,2,2,0
quite_breezy,2,2,0
too_inspiring,2,2,0
quite_buoyant,2,2,0
quite_bureaucratic,2,1,1
too_insightful,2,2,0
quite_capricious,2,2,0
quite_cartoony,2,2,0
quite_chaste,2,2,0
quite_cheaper,2,2,0
quite_cheery,2,1,1
quite_childlike,2,1,1
quite_chill,2,2,0
quite_choosy,2,2,0
quite_chubby,2,2,0
quite_beguiling,2,1,1
quite_barren,2,1,1
quite_bare,2,2,0
quite_applicable,2,2,0
quite_analytical,2,2,0
quite_anecdotal,2,2,0
quite_angelic,2,2,0
quite_annoyed,2,2,0
quite_antithetical,2,1,1
quite_apathetic,2,2,0
quite_apocalyptic,2,1,1
quite_archaic,2,2,0
quite_balanced,2,2,0
quite_arousing,2,1,1
quite_artsy,2,1,1
quite_audible,2,2,0
quite_austere,2,2,0
quite_australian,2,1,1
quite_avid,2,2,0
quite_baffled,2,2,0
quite_upmarket,2,2,0
too_dictatorial,2,2,0
quite_utilitarian,2,2,0
rather_upbeat,2,2,0
tightly_integrated,2,2,0
rather_vain,2,2,0
rather_verbose,2,2,0
rather_vivid,2,1,1
rather_vocal,2,2,0
tightly_connected,2,1,1
rather_wealthy,2,2,0
thus_unable,2,2,0
rather_welcome,2,2,0
rather_wet,2,2,0
rather_white,2,2,0
rather_wide,2,2,0
rather_willing,2,2,0
rather_witty,2,2,0
rather_wretched,2,2,0
thus_good,2,2,0
rather_younger,2,2,0
rather_urban,2,1,1
rather_unwieldy,2,1,1
quite_vain,2,2,0
rather_unthinkable,2,2,0
timelessly_stylish,2,1,1
rather_unattractive,2,1,1
timelessly_cool,2,0,2
rather_underappreciated,2,2,0
rather_uneasy,2,2,0
rather_unhelpful,2,2,0
rather_unimpressed,2,2,0
rather_uninspiring,2,1,1
rather_universal,2,1,1
rather_unkind,2,1,1
rather_unnatural,2,1,1
rather_unprepared,2,2,0
rather_unprofessional,2,0,2
rather_unsightly,2,2,0
rather_unstable,2,1,1
rather_unstructured,2,2,0
rather_unsurprising,2,1,1
thrillingly_subversive,2,1,1
readily_acceptable,2,1,1
thrillingly_right,2,2,0
thrillingly_new,2,1,1
real_bright,2,2,0
real_cautious,2,2,0
real_cheesy,2,2,0
thoroughly_unscientific,2,2,0
real_confused,2,2,0
real_crowded,2,2,0
real_dangerous,2,1,1
real_dark,2,2,0
real_dead,2,1,1
real_decent,2,2,0
real_depressing,2,2,0
real_easygoing,2,2,0
real_encouraging,2,2,0
real_envious,2,2,0
real_filthy,2,2,0
real_focused,2,2,0
real_fun,2,0,2
real_authentic,2,1,1
real_angry,2,2,0
readily_willing,2,2,0
though_forlorn,2,2,0
though_unlikely,2,2,0
readily_attainable,2,2,0
though_good,2,1,1
readily_biodegradable,2,2,0
readily_clear,2,2,0
readily_comprehensible,2,2,0
readily_distinguishable,2,1,1
readily_measurable,2,2,0
thoroughly_wonderful,2,1,1
readily_perceptible,2,1,1
readily_reproducible,2,2,0
readily_reversible,2,2,0
readily_tangible,2,2,0
readily_transportable,2,2,0
readily_usable,2,2,0
readily_viewable,2,1,1
rather_turbulent,2,2,0
rather_tropical,2,2,0
together_absent,2,2,0
rather_spiritual,2,2,0
rather_shorter,2,2,0
rather_shrill,2,1,1
too_abnormal,2,0,2
tonally_similar,2,1,1
rather_skilled,2,2,0
rather_skimpy,2,2,0
rather_skinny,2,2,0
rather_sleazy,2,2,0
rather_sloppy,2,2,0
rather_smart,2,2,0
rather_sober,2,2,0
rather_soggy,2,1,1
rather_soothing,2,0,2
rather_sordid,2,1,1
rather_sparse,2,2,0
together_terrifying,2,2,0
rather_specialized,2,0,2
rather_short-lived,2,2,0
too_absolute,2,2,0
rather_shoddy,2,2,0
too_actual,2,2,0
rather_reassuring,2,0,2
rather_receptive,2,2,0
rather_reductive,2,2,0
rather_relaxed,2,2,0
rather_revolutionary,2,1,1
rather_risky,2,1,1
rather_rudimentary,2,2,0
rather_salty,2,1,1
rather_shameful,2,2,0
too_acerbic,2,2,0
rather_seedy,2,1,1
rather_self-sufficient,2,2,0
rather_sentimental,2,2,0
rather_separate,2,1,1
rather_sexist,2,1,1
rather_shaky,2,2,0
rather_spicy,2,1,1
rather_sporadic,2,1,1
rather_trippy,2,2,0
rather_square,2,2,0
together_good,2,1,1
rather_sympathetic,2,2,0
together_fun,2,2,0
rather_tangential,2,2,0
rather_tasteless,2,2,0
rather_tempting,2,2,0
rather_tepid,2,2,0
together_dangerous,2,2,0
rather_thankful,2,1,1
together_cute,2,2,0
rather_thrilled,2,2,0
rather_timid,2,2,0
rather_tiny,2,2,0
rather_topical,2,1,1
together_addicting,2,2,0
rather_tremendous,2,1,1
rather_trendy,2,2,0
rather_sweaty,2,2,0
rather_suspect,2,2,0
together_happier,2,2,0
together_perfect,2,2,0
rather_stagnant,2,2,0
rather_staid,2,2,0
together_satisfied,2,2,0
rather_sterile,2,2,0
together_responsible,2,1,1
together_ready,2,2,0
rather_stodgy,2,1,1
rather_striking,2,2,0
together_healthier,2,2,0
rather_stuffy,2,2,0
together_more,2,2,0
rather_sublime,2,0,2
rather_suggestive,2,1,1
rather_sure,2,2,0
together_interesting,2,2,0
together_healthy,2,2,0
real_glad,2,2,0
thoroughly_undeserved,2,1,1
thoroughly_traditional,2,1,1
there_free,2,2,0
therefore_neat,2,2,0
therefore_likely,2,2,0
therefore_important,2,1,1
really_cloudy,2,2,0
really_coachable,2,2,0
therefore_essential,2,2,0
really_cocky,2,2,0
therefore_equal,2,2,0
really_coherent,2,1,1
therefore_difficult,2,2,0
therefore_better,2,2,0
really_collaborative,2,2,0
therefore_accountable,2,2,0
really_committed,2,1,1
really_comparable,2,1,1
really_complete,2,1,1
there_true,2,2,0
really_cheery,2,1,1
really_cheerful,2,1,1
therefore_possible,2,2,0
thinly_related,2,2,0
really_bogus,2,2,0
thoroughly_authentic,2,2,0
really_bossy,2,2,0
third_highest,2,2,0
third_fastest,2,2,0
really_british,2,1,1
really_bulky,2,2,0
really_cagey,2,2,0
really_chaotic,2,1,1
really_candid,2,2,0
therefore_worthy,2,1,1
therefore_unique,2,1,1
therefore_tricky,2,2,0
really_careless,2,2,0
therefore_tough,2,2,0
really_cerebral,2,1,1
there_present,2,2,0
really_consequential,2,1,1
thoroughly_aware,2,2,0
really_considerable,2,2,0
really_damning,2,0,2
theoretically_preventable,2,2,0
really_dazzling,2,1,1
theoretically_intractable,2,2,0
theoretically_interesting,2,2,0
really_decorative,2,1,1
theoretically_incomprehensible,2,2,0
really_dehydrated,2,2,0
really_delectable,2,2,0
really_dependable,2,1,1
theoretically_good,2,2,0
really_descriptive,2,2,0
theoretically_free,2,2,0
really_destitute,2,2,0
really_detrimental,2,1,1
theoretically_complex,2,1,1
really_devious,2,0,2
theoretically_rigorous,2,2,0
really_daft,2,1,1
theoretically_risky,2,2,0
really_courteous,2,2,0
there_enough,2,2,0
really_contradictory,2,1,1
really_convoluted,2,1,1
there_eager,2,2,0
really_core,2,2,0
really_cosy,2,0,2
really_courageous,2,1,1
really_cozy,2,1,1
theoretically_sound,2,2,0
really_crafty,2,2,0
there_dead,2,2,0
there_correct,2,2,0
really_crisp,2,2,0
theoretically_unsound,2,2,0
theoretically_subject,2,2,0
really_crunchy,2,2,0
really_bloodthirsty,2,2,0
really_bitchy,2,2,0
real_huge,2,1,1
thoroughly_negative,2,0,2
thoroughly_readable,2,2,0
real_respectful,2,2,0
real_reverent,2,0,2
real_romantic,2,2,0
real_satisfied,2,2,0
real_satisfying,2,2,0
real_scared,2,2,0
real_sensitive,2,2,0
thoroughly_proud,2,2,0
thoroughly_predictable,2,2,0
thoroughly_practical,2,1,1
real_snappy,2,2,0
real_sorry,2,2,0
real_stiff,2,2,0
real_straight,2,1,1
real_talented,2,2,0
thoroughly_obnoxious,2,2,0
thoroughly_respectable,2,2,0
thoroughly_romantic,2,1,1
real_polite,2,2,0
real_motivated,2,2,0
real_hungry,2,2,0
real_lame,2,2,0
real_long,2,2,0
thoroughly_supportive,2,2,0
real_loud,2,2,0
thoroughly_stupid,2,1,1
real_mature,2,2,0
real_natural,2,2,0
real_personable,2,2,0
real_naughty,2,0,2
real_obvious,2,2,0
real_old,2,2,0
real_outgoing,2,2,0
real_painful,2,1,1
real_passionate,2,2,0
real_peaceful,2,2,0
thoroughly_nice,2,1,1
real_wet,2,1,1
really_belligerent,2,2,0
realistically_achievable,2,1,1
thoroughly_disappointed,2,2,0
really_apathetic,2,2,0
really_appalling,2,0,2
thoroughly_detailed,2,2,0
thoroughly_depressing,2,2,0
really_applicable,2,1,1
thoroughly_depressed,2,2,0
thoroughly_delightful,2,2,0
really_apt,2,1,1
really_artful,2,1,1
really_astute,2,0,2
really_atypical,2,2,0
really_authoritative,2,0,2
really_avoidable,2,2,0
thoroughly_decent,2,2,0
thoroughly_comfortable,2,1,1
thoroughly_clear,2,2,0
thoroughly_disgusting,2,2,0
thoroughly_dramatic,2,2,0
thoroughly_drunk,2,1,1
thoroughly_happy,2,2,0
realistically_flawed,2,2,0
realistically_obtainable,2,2,0
thoroughly_mad,2,2,0
thoroughly_irrelevant,2,2,0
thoroughly_insignificant,2,2,0
thoroughly_hot,2,2,0
really_advisable,2,2,0
thoroughly_good,2,2,0
really_amicable,2,2,0
thoroughly_excited,2,2,0
really_agile,2,2,0
really_alert,2,1,1
thoroughly_engrossing,2,2,0
really_alright,2,1,1
really_alternative,2,1,1
thoroughly_embarrassed,2,2,0
rather_reasonable,2,2,0
rather_realistic,2,2,0
rather_rapid,2,2,0
rather_counter-intuitive,2,2,0
rather_cloudy,2,2,0
rather_clueless,2,2,0
rather_comedic,2,1,1
too_compatible,2,2,0
too_comparable,2,2,0
rather_commonplace,2,0,2
rather_compact,2,2,0
rather_comparable,2,2,0
rather_complementary,2,2,0
rather_complete,2,2,0
rather_concise,2,2,0
rather_confident,2,2,0
too_comedic,2,2,0
rather_consistent,2,2,0
rather_contrary,2,2,0
too_cohesive,2,2,0
rather_cooperative,2,2,0
rather_clinical,2,2,0
rather_cliche,2,2,0
too_comprehensible,2,1,1
rather_brash,2,1,1
rather_best,2,2,0
rather_bewildering,2,2,0
rather_bittersweet,2,2,0
too_consequential,2,2,0
rather_blasphemous,2,1,1
rather_bloodless,2,1,1
rather_bonkers,2,2,0
too_conducive,2,2,0
rather_classy,2,1,1
rather_calm,2,2,0
rather_capable,2,2,0
rather_cavalier,2,2,0
rather_central,2,1,1
rather_charismatic,2,1,1
too_concentrated,2,2,0
rather_chilly,2,2,0
rather_corrupt,2,2,0
rather_counterintuitive,2,2,0
rather_barren,2,2,0
rather_courageous,2,1,1
rather_dodgy,2,2,0
too_cheery,2,2,0
rather_eclectic,2,1,1
rather_effeminate,2,2,0
rather_elderly,2,2,0
rather_elegant,2,2,0
rather_eloquent,2,2,0
rather_emblematic,2,2,0
rather_essential,2,1,1
rather_ethereal,2,1,1
rather_evasive,2,2,0
too_changeable,2,2,0
too_ceremonial,2,2,0
rather_exploitative,2,2,0
rather_explosive,2,1,1
rather_extensive,2,2,0
rather_eye-popping,2,2,0
rather_docile,2,1,1
rather_divine,2,1,1
rather_distracting,2,2,0
rather_decadent,2,1,1
rather_cowardly,2,0,2
rather_crass,2,1,1
rather_credible,2,2,0
too_cogent,2,2,0
rather_cunning,2,2,0
rather_curly,2,2,0
too_claustrophobic,2,2,0
rather_defensive,2,2,0
rather_dissimilar,2,2,0
rather_dense,2,2,0
rather_deplorable,2,1,1
rather_determined,2,2,0
rather_devious,2,0,2
too_cinematic,2,2,0
too_choosy,2,2,0
rather_dismayed,2,2,0
rather_benevolent,2,2,0
too_contrary,2,2,0
too_caring,2,2,0
too_curly,2,2,0
quite_wordy,2,2,0
quite_wrenching,2,2,0
too_darned,2,2,0
quite_zealous,2,2,0
rabidly_conservative,2,2,0
rabidly_hostile,2,2,0
racially_aware,2,2,0
racially_conscious,2,2,0
racially_indifferent,2,0,2
racially_ineligible,2,2,0
too_cyclical,2,2,0
too_cut,2,1,1
racially_sensitive,2,2,0
too_custom,2,2,0
radically_candid,2,2,0
radically_challenging,2,1,1
radically_conservative,2,2,0
quite_wicked,2,0,2
quite_well-known,2,2,0
quite_welcoming,2,1,1
too_demure,2,2,0
too_deviant,2,2,0
quite_vehement,2,2,0
quite_vibrant,2,2,0
too_destitute,2,2,0
quite_vile,2,2,0
quite_virtuous,2,2,0
too_depraved,2,1,1
too_demonstrative,2,2,0
quite_weighty,2,2,0
too_demeaning,2,2,0
quite_wacky,2,2,0
quite_walkable,2,2,0
quite_watery,2,1,1
quite_wavy,2,2,0
too_degrading,2,2,0
quite_wearable,2,2,0
radically_critical,2,2,0
too_cunning,2,2,0
rather_automatic,2,2,0
too_cultural,2,2,0
rarely_true,2,1,1
rarely_useful,2,2,0
rather_accessible,2,2,0
rather_accurate,2,2,0
rather_adamant,2,2,0
rather_adventurous,2,1,1
rather_alien,2,2,0
rather_amiss,2,2,0
rather_amoral,2,2,0
rather_anticlimactic,2,2,0
rather_apolitical,2,2,0
rather_apparent,2,2,0
rather_apt,2,2,0
too_cordial,2,2,0
too_conversational,2,2,0
rather_athletic,2,2,0
rather_atypical,2,0,2
rarely_simple,2,2,0
rarely_open,2,2,0
rarely_interested,2,2,0
radically_progressive,2,1,1
radically_free,2,2,0
radically_inclusive,2,2,0
radically_individualistic,2,2,0
radically_innovative,2,1,1
radically_liberal,2,2,0
radically_open,2,2,0
radically_other,2,0,2
radically_special,2,0,2
rarely_fatal,2,2,0
radically_transparent,2,2,0
radically_unfair,2,0,2
rapidly_renewable,2,2,0
rarely_able,2,0,2
rarely_accessible,2,2,0
rarely_alone,2,2,0
rarely_blue,2,2,0
rather_fantastical,2,0,2
rather_fashionable,2,2,0
rather_quirky,2,2,0
too_apologetic,2,2,0
rather_marvelous,2,1,1
rather_meek,2,2,0
rather_middle,2,2,0
rather_mindless,2,0,2
too_artistic,2,2,0
rather_mischievous,2,2,0
too_articulate,2,1,1
too_aromatic,2,2,0
rather_moot,2,2,0
rather_morbid,2,1,1
too_arid,2,2,0
too_argumentative,2,2,0
rather_mute,2,2,0
rather_nauseating,2,2,0
too_apprehensive,2,2,0
rather_neutral,2,1,1
too_appalling,2,2,0
rather_major,2,0,2
rather_mad,2,2,0
rather_macabre,2,1,1
too_audacious,2,2,0
rather_irate,2,2,0
rather_jarring,2,2,0
rather_lacklustre,2,2,0
rather_lame,2,2,0
too_austere,2,2,0
rather_last,2,2,0
rather_late,2,2,0
rather_lax,2,2,0
rather_lukewarm,2,2,0
rather_likeable,2,2,0
rather_local,2,2,0
rather_long-winded,2,2,0
too_astonished,2,2,0
too_aspirational,2,2,0
rather_low-tech,2,2,0
rather_lower,2,2,0
rather_nonsensical,2,2,0
rather_obligatory,2,2,0
rather_inventive,2,2,0
rather_oblique,2,2,0
rather_petite,2,2,0
too_amateurish,2,2,0
rather_picturesque,2,2,0
rather_pitiful,2,1,1
too_allergic,2,2,0
too_alarmist,2,2,0
rather_poisonous,2,1,1
rather_polite,2,2,0
rather_possessive,2,2,0
rather_precious,2,1,1
rather_pretentious,2,2,0
rather_prickly,2,2,0
rather_problematic,2,1,1
rather_profane,2,0,2
rather_progressive,2,2,0
rather_provocative,2,2,0
rather_purple,2,2,0
rather_pertinent,2,1,1
too_ambivalent,2,2,0
rather_pernicious,2,1,1
rather_ornate,2,2,0
too_anonymous,2,2,0
too_anomalous,2,2,0
rather_ongoing,2,2,0
rather_orange,2,2,0
too_anemic,2,2,0
rather_organic,2,2,0
too_ancient,2,1,1
rather_outdated,2,2,0
rather_permanent,2,1,1
rather_outrageous,2,1,1
rather_outspoken,2,2,0
too_analogous,2,2,0
rather_pastoral,2,2,0
rather_patronizing,2,2,0
rather_pedestrian,2,2,0
rather_perfunctory,2,2,0
rather_involved,2,1,1
rather_introverted,2,2,0
rather_fast,2,2,0
too_bewildering,2,2,0
rather_geometric,2,2,0
rather_gigantic,2,2,0
rather_gimmicky,2,2,0
rather_golden,2,2,0
too_bloodthirsty,2,2,0
rather_grander,2,1,1
too_blond,2,2,0
rather_grisly,2,2,0
rather_guilty,2,2,0
rather_gutsy,2,1,1
rather_hasty,2,2,0
rather_hazy,2,2,0
rather_heartening,2,2,0
rather_heartwarming,2,1,1
too_biblical,2,2,0
rather_hefty,2,2,0
rather_hesitant,2,2,0
rather_genteel,2,1,1
rather_general,2,2,0
rather_fuzzy,2,2,0
rather_flexible,2,2,0
rather_fat,2,2,0
rather_fearless,2,1,1
rather_few,2,2,0
rather_fictional,2,2,0
too_callous,2,2,0
too_cagey,2,2,0
rather_flawed,2,2,0
rather_fourth,2,2,0
rather_futile,2,2,0
rather_fraught,2,2,0
rather_frequent,2,1,1
too_bubbly,2,2,0
rather_frivolous,2,2,0
too_brooding,2,2,0
too_bountiful,2,2,0
rather_fussy,2,1,1
rather_hideous,2,2,0
too_bewildered,2,2,0
too_autobiographical,2,2,0
rather_historic,2,1,1
too_balanced,2,2,0
too_baffling,2,2,0
rather_indifferent,2,2,0
rather_indirect,2,2,0
rather_industrial,2,2,0
rather_ineffective,2,2,0
rather_inevitable,2,2,0
too_backward,2,2,0
rather_infectious,2,0,2
rather_infuriating,2,2,0
rather_insane,2,1,1
rather_insensitive,2,2,0
rather_inseparable,2,2,0
too_avoidable,2,2,0
rather_insightful,2,2,0
rather_inspiring,2,1,1
rather_insulting,2,2,0
rather_incomplete,2,2,0
rather_incoherent,2,1,1
rather_inclined,2,2,0
rather_humble,2,2,0
rather_hollow,2,1,1
too_benign,2,2,0
rather_hopeful,2,0,2
too_beneficial,2,1,1
rather_huge,2,2,0
rather_human,2,1,1
too_befitting,2,2,0
rather_hurtful,2,2,0
rather_inane,2,2,0
rather_hypocritical,2,1,1
rather_idealistic,2,2,0
rather_iffy,2,2,0
rather_immature,2,2,0
rather_immoral,2,1,1
rather_impolite,2,0,2
rather_impulsive,2,2,0
seriously_disciplined,2,2,0
seriously_drunk,2,2,0
much_physical,2,2,0
so_transactional,2,1,1
so_trippy,2,0,2
so_triumphant,2,2,0
still_surprising,2,2,0
so_tumultuous,2,1,1
so_unaccountable,2,1,1
so_unavoidable,2,1,1
still_stupid,2,2,0
so_unchanged,2,1,1
still_static,2,2,0
so_uncompromising,2,2,0
still_state-owned,2,1,1
so_uncontrollable,2,2,0
so_uncontroversial,2,1,1
so_underdeveloped,2,2,0
so_underpaid,2,2,0
so_understaffed,2,2,0
still_standard,2,2,0
still_suspect,2,2,0
still_symptomatic,2,2,0
strangely_inconsistent,2,0,2
so_top-notch,2,2,0
still_toxic,2,2,0
so_territorial,2,2,0
so_terse,2,1,1
so_testy,2,1,1
so_themed,2,2,0
still_top-notch,2,1,1
still_timid,2,2,0
still_timely,2,2,0
still_thrilled,2,2,0
still_thankful,2,1,1
still_tense,2,2,0
so_tipsy,2,2,0
still_tasty,2,1,1
so_titillating,2,1,1
so_toasty,2,2,0
still_tangible,2,2,0
so_toothless,2,2,0
so_undocumented,2,2,0
so_undone,2,1,1
so_unequal,2,2,0
so_unfashionable,2,0,2
still_safer,2,2,0
so_unrecognisable,2,1,1
so_unrecognized,2,1,1
still_ridiculous,2,2,0
so_unresolved,2,2,0
so_unresponsive,2,2,0
so_unsavory,2,1,1
still_revolutionary,2,1,1
so_unseen,2,2,0
still_reversible,2,2,0
so_unskilled,2,0,2
so_unspoiled,2,2,0
still_respectful,2,2,0
so_unsteady,2,2,0
so_unsupported,2,2,0
still_resident,2,2,0
so_unsurprising,2,2,0
so_unpretentious,2,2,0
still_searchable,2,2,0
still_separate,2,2,0
so_unimpressive,2,2,0
so_unfavorable,2,2,0
so_unflattering,2,0,2
still_snowy,2,1,1
still_smelly,2,2,0
still_smart,2,2,0
still_slower,2,2,0
so_unhelpful,2,2,0
so_uninsured,2,2,0
still_serious,2,2,0
so_unintelligible,2,2,0
still_shocking,2,2,0
still_shit,2,2,0
so_unmistakable,2,1,1
still_sexist,2,2,0
so_unnerved,2,2,0
so_unpalatable,2,1,1
so_tentative,2,2,0
still_unannounced,2,2,0
so_tenacious,2,2,0
so_slimy,2,0,2
strangely_coincidental,2,1,1
strangely_close,2,0,2
strangely_circular,2,1,1
so_shit,2,2,0
strangely_cathartic,2,0,2
strangely_british,2,1,1
so_short-lived,2,2,0
so_short-term,2,2,0
strangely_awesome,2,0,2
strangely_apropos,2,0,2
strangely_amiss,2,2,0
strangely_akin,2,0,2
strangely_adorable,2,1,1
so_single,2,2,0
so_situational,2,2,0
straight_stupid,2,2,0
straight_joint,2,2,0
strangely_complacent,2,2,0
so_shadowy,2,2,0
so_shabby,2,2,0
strangely_flat,2,1,1
strangely_impressive,2,0,2
so_scenic,2,2,0
so_scottish,2,2,0
so_scrumptious,2,2,0
so_sculptural,2,2,0
strangely_hollow,2,1,1
so_seasonal,2,1,1
strangely_fitting,2,1,1
so_sexualized,2,2,0
so_self-centered,2,2,0
so_self-indulgent,2,2,0
strangely_exciting,2,1,1
strangely_evocative,2,1,1
so_sensuous,2,1,1
strangely_eerie,2,0,2
strangely_delicious,2,1,1
still_youthful,2,2,0
still_workable,2,2,0
still_unbearable,2,2,0
so_sobering,2,2,0
still_unrealistic,2,2,0
still_unprotected,2,2,0
still_unprofitable,2,2,0
so_studious,2,2,0
so_subconscious,2,2,0
so_subject,2,2,0
so_submissive,2,0,2
still_uninhabitable,2,2,0
still_unheard,2,1,1
so_suicidal,2,0,2
so_sultry,2,1,1
so_super,2,2,0
still_unfit,2,2,0
still_undocumented,2,2,0
still_undisclosed,2,2,0
still_undeveloped,2,2,0
so_temperate,2,2,0
still_unsafe,2,2,0
so_strained,2,2,0
still_unseen,2,2,0
so_sporadic,2,2,0
still_weird,2,2,0
still_voluntary,2,2,0
so_sound,2,2,0
still_volatile,2,2,0
still_vegan,2,2,0
so_speechless,2,2,0
so_speedy,2,2,0
so_spotless,2,2,0
still_unspoken,2,1,1
so_squishy,2,1,1
still_unused,2,2,0
so_staid,2,2,0
so_steadfast,2,1,1
so_steady,2,1,1
so_steamy,2,1,1
still_unsung,2,1,1
so_untenable,2,2,0
still_relaxed,2,2,0
still_relatable,2,2,0
socially_stable,2,2,0
socially_outgoing,2,2,0
still_inexperienced,2,2,0
still_indicative,2,2,0
socially_palatable,2,2,0
socially_permissive,2,2,0
still_incorrect,2,2,0
still_inconceivable,2,1,1
socially_prominent,2,2,0
socially_provocative,2,1,1
still_incapable,2,2,0
still_inadequate,2,2,0
still_immune,2,1,1
socially_retarded,2,2,0
still_iffy,2,2,0
socially_reticent,2,2,0
socially_shy,2,2,0
still_idealistic,2,2,0
socially_optimal,2,2,0
still_infectious,2,2,0
still_inferior,2,2,0
socially_involved,2,2,0
socially_inefficient,2,2,0
still_ironic,2,2,0
socially_inexperienced,2,2,0
socially_inferior,2,2,0
socially_influential,2,2,0
socially_interactive,2,2,0
socially_invisible,2,1,1
still_instructive,2,2,0
socially_normal,2,2,0
socially_moderate,2,2,0
socially_naive,2,2,0
socially_necessary,2,2,0
socially_negative,2,2,0
socially_nervous,2,2,0
socially_neutral,2,2,0
still_insensitive,2,2,0
socially_skilled,2,2,0
socially_subversive,2,2,0
still_irrelevant,2,2,0
socially_successful,2,2,0
still_harder,2,1,1
solely_utilitarian,2,0,2
solidly_blue,2,2,0
solidly_catholic,2,2,0
solidly_entertaining,2,2,0
still_hardcore,2,2,0
still_happier,2,2,0
solidly_mediocre,2,2,0
solidly_middle,2,2,0
solidly_professional,2,2,0
solidly_red,2,2,0
somehow_abstract,2,1,1
somehow_afraid,2,2,0
still_grumpy,2,2,0
somehow_artificial,2,2,0
somehow_bigger,2,2,0
somehow_bigoted,2,2,0
solely_republican,2,2,0
still_harmful,2,2,0
solely_reactive,2,2,0
socially_uplifting,2,2,0
socially_sustainable,2,2,0
socially_unaware,2,2,0
still_hopeless,2,2,0
still_homosexual,2,2,0
still_homophobic,2,2,0
socially_unfit,2,2,0
socially_unhealthy,2,2,0
socially_visible,2,2,0
solely_promotional,2,2,0
still_heady,2,2,0
socially_wrong,2,0,2
softly_feminine,2,2,0
softly_metallic,2,2,0
solely_attributable,2,2,0
solely_black,2,2,0
solely_positive,2,2,0
socially_incorrect,2,1,1
socially_impressive,2,2,0
so_untouchable,2,0,2
still_obese,2,2,0
so_viral,2,1,1
still_personal,2,2,0
still_permissible,2,2,0
still_perky,2,2,0
so_visionary,2,0,2
still_peaceful,2,2,0
still_payable,2,2,0
still_painful,2,2,0
still_pagan,2,2,0
still_overpriced,2,2,0
still_outraged,2,2,0
still_out,2,2,0
still_organic,2,2,0
still_onboard,2,2,0
so_watery,2,1,1
still_older,2,2,0
so_wearable,2,2,0
so_victorian,2,1,1
still_powerless,2,2,0
so_venerable,2,0,2
still_puzzled,2,2,0
so_untouched,2,2,0
still_recoverable,2,2,0
still_recent,2,2,0
still_reachable,2,2,0
still_racist,2,2,0
so_upright,2,2,0
so_urban,2,2,0
still_punishable,2,2,0
still_preferable,2,2,0
still_public,2,2,0
so_user-friendly,2,2,0
so_vacant,2,1,1
still_private,2,2,0
still_pristine,2,2,0
still_primitive,2,2,0
still_preventable,2,2,0
so_weightless,2,0,2
still_noticeable,2,2,0
socially_good,2,1,1
so_whole,2,1,1
still_loud,2,2,0
socially_attractive,2,2,0
socially_autistic,2,2,0
still_livable,2,2,0
still_little,2,2,0
socially_comfortable,2,2,0
socially_confident,2,2,0
socially_damaging,2,2,0
socially_democratic,2,2,0
still_kind,2,2,0
socially_deviant,2,2,0
still_key,2,2,0
socially_different,2,2,0
still_juicy,2,2,0
still_jealous,2,2,0
socially_equal,2,2,0
socially_functional,2,2,0
socially_astute,2,2,0
still_lukewarm,2,2,0
still_magnificent,2,2,0
so_worse,2,2,0
still_newer,2,0,2
still_negotiable,2,2,0
still_nebulous,2,2,0
so_wistful,2,1,1
still_muslim,2,2,0
still_much,2,2,0
still_motivated,2,2,0
still_modern,2,2,0
socially_abnormal,2,2,0
still_misunderstood,2,2,0
so_wrenching,2,2,0
still_minimal,2,2,0
still_meaningful,2,1,1
still_massive,2,2,0
so_zany,2,2,0
still_manageable,2,2,0
strangely_incongruous,2,0,2
so_sassy,2,2,0
so_immortal,2,0,2
stunningly_complex,2,2,0
stunningly_accurate,2,2,0
stubbornly_silent,2,2,0
so_luminous,2,2,0
stubbornly_rebellious,2,2,0
so_macabre,2,0,2
so_macho,2,2,0
stubbornly_ignorant,2,2,0
stubbornly_flat,2,2,0
structurally_weaker,2,2,0
structurally_useful,2,0,2
so_manageable,2,1,1
so_mannered,2,2,0
structurally_strong,2,2,0
so_mass,2,1,1
structurally_related,2,2,0
so_maternal,2,1,1
so_mathematical,2,1,1
stunningly_clear,2,2,0
stunningly_creative,2,2,0
strangely_insipid,2,2,0
stunningly_irrational,2,2,0
stupidly_obvious,2,1,1
stupidly_huge,2,1,1
stupidly_evil,2,2,0
so_life-changing,2,0,2
stupidly_difficult,2,2,0
stupidly_dangerous,2,0,2
stunningly_wonderful,2,1,1
stunningly_vicious,2,2,0
stunningly_unique,2,1,1
stunningly_unforgettable,2,0,2
so_liquid,2,1,1
so_litigious,2,2,0
stunningly_scenic,2,2,0
stunningly_radiant,2,2,0
stunningly_pretty,2,2,0
stunningly_personal,2,2,0
stunningly_juvenile,2,1,1
structurally_necessary,2,2,0
so_medieval,2,1,1
so_meek,2,1,1
so_melancholic,2,0,2
strongly_pro-israel,2,2,0
strongly_pro-choice,2,2,0
so_monolithic,2,1,1
strongly_political,2,2,0
strongly_partisan,2,2,0
so_morose,2,2,0
so_mortified,2,2,0
so_motionless,2,2,0
so_motivational,2,2,0
strongly_musical,2,2,0
strongly_loyal,2,2,0
strongly_knowledgeable,2,2,0
so_muscular,2,2,0
strongly_intuitive,2,2,0
so_muslim,2,2,0
so_mythical,2,0,2
so_narrative,2,2,0
strongly_progressive,2,2,0
so_moderate,2,0,2
strongly_relevant,2,2,0
so_middle,2,2,0
structurally_dry,2,2,0
so_merciless,2,1,1
so_mercurial,2,0,2
structurally_abnormal,2,2,0
so_metaphysical,2,0,2
strongly_wrong,2,2,0
so_mexican,2,2,0
strongly_visual,2,2,0
strongly_secular,2,2,0
so_mind-blowing,2,2,0
so_mindful,2,1,1
so_minimalistic,2,1,1
strongly_suspicious,2,1,1
strongly_spiritual,2,1,1
strongly_skillful,2,2,0
strongly_skilled,2,2,0
so_lawless,2,2,0
stupidly_offensive,2,1,1
stupidly_passionate,2,2,0
substantially_unable,2,2,0
sudden_aware,2,2,0
so_individualized,2,2,0
so_inebriated,2,2,0
subtly_nuanced,2,2,0
so_infinite,2,0,2
subtly_manipulative,2,2,0
subtly_futuristic,2,0,2
so_infrequent,2,2,0
subtly_funny,2,2,0
subtly_erotic,2,1,1
subtly_chic,2,1,1
so_inoffensive,2,1,1
so_inquisitive,2,2,0
substantively_significant,2,2,0
substantively_important,2,2,0
so_inseparable,2,1,1
substantively_identical,2,2,0
sudden_concerned,2,2,0
sudden_furious,2,2,0
so_indignant,2,2,0
suddenly_brighter,2,2,0
suddenly_faint,2,2,0
suddenly_exciting,2,1,1
so_impolite,2,2,0
suddenly_cool,2,2,0
suddenly_cold,2,1,1
so_incendiary,2,0,2
so_incidental,2,1,1
suddenly_bright,2,2,0
sudden_incapable,2,2,0
suddenly_aggressive,2,2,0
suddenly_absent,2,2,0
so_incorrect,2,2,0
so_indebted,2,1,1
so_indefensible,2,1,1
sudden_responsible,2,2,0
sudden_open,2,2,0
substantially_uniform,2,2,0
so_inspired,2,1,1
so_lasting,2,0,2
substantially_taller,2,2,0
sublimely_subtle,2,2,0
so_italian,2,0,2
sublimely_indifferent,2,2,0
so_japanese,2,2,0
sublimely_happy,2,2,0
sublimely_different,2,0,2
stylistically_restless,2,2,0
stylistically_reminiscent,2,2,0
stylistically_related,2,2,0
so_killer,2,2,0
stylistically_impressive,2,1,1
so_kinetic,2,0,2
stylistically_diverse,2,2,0
stylistically_distinctive,2,2,0
stylistically_appropriate,2,2,0
stupidly_silly,2,1,1
stupidly_sentimental,2,1,1
substantially_advanced,2,2,0
substantially_bankrupt,2,2,0
so_irate,2,1,1
so_international,2,1,1
substantially_quieter,2,2,0
so_instructive,2,1,1
substantially_misunderstood,2,2,0
substantially_late,2,2,0
so_intensive,2,1,1
substantially_incorrect,2,2,0
substantially_incapable,2,2,0
substantially_harder,2,2,0
so_invincible,2,1,1
substantially_good,2,0,2
substantially_free,2,2,0
substantially_fewer,2,2,0
so_introspective,2,1,1
substantially_disruptive,2,2,0
substantially_dependent,2,2,0
substantially_debilitating,2,2,0
strongly_individualistic,2,2,0
so_narrower,2,2,0
so_nascent,2,2,0
strategically_beneficial,2,2,0
strictly_anecdotal,2,2,0
strictly_aesthetic,2,1,1
so_provincial,2,1,1
strictly_accountable,2,0,2
so_puffy,2,2,0
so_punchy,2,1,1
so_punitive,2,2,0
so_puny,2,1,1
strategically_wrong,2,1,1
so_puzzled,2,2,0
strategically_useful,2,2,0
strategically_unsound,2,2,0
strategically_necessary,2,2,0
strategically_interesting,2,2,0
strategically_impactful,2,1,1
strategically_different,2,1,1
so_ragged,2,2,0
so_prosperous,2,2,0
so_pronounced,2,1,1
strictly_casual,2,2,0
so_prime,2,2,0
strictly_individual,2,2,0
so_prescient,2,1,1
strictly_homemade,2,2,0
strictly_historical,2,2,0
strictly_fun,2,2,0
strictly_financial,2,2,0
so_primary,2,2,0
strictly_evil,2,2,0
strictly_classical,2,2,0
strictly_economic,2,1,1
so_pro-american,2,2,0
so_proactive,2,2,0
strictly_defensive,2,2,0
so_profane,2,1,1
strictly_correct,2,2,0
strictly_commercial,2,2,0
strategically_counterproductive,2,2,0
strategically_ambiguous,2,2,0
so_posh,2,2,0
so_reactive,2,2,0
so_revelatory,2,2,0
strangely_paradoxical,2,1,1
strangely_nostalgic,2,1,1
strangely_nebulous,2,1,1
strangely_meditative,2,0,2
strangely_malleable,2,2,0
strangely_lucid,2,2,0
strangely_literal,2,2,0
strangely_lifeless,2,2,0
so_rubbish,2,1,1
strangely_ironic,2,1,1
so_ruinous,2,2,0
so_run,2,1,1
so_russian,2,2,0
so_rusty,2,2,0
strangely_intriguing,2,0,2
strangely_interested,2,2,0
strangely_perfect,2,1,1
strangely_powerful,2,0,2
so_resident,2,2,0
so_regretful,2,2,0
strangely_wondrous,2,0,2
strangely_weird,2,1,1
so_reclusive,2,1,1
strangely_theatrical,2,0,2
strangely_tentative,2,1,1
strangely_spiritual,2,0,2
so_regional,2,2,0
strangely_secretive,2,2,0
so_resentful,2,2,0
strangely_rewarding,2,1,1
strangely_relevant,2,2,0
strangely_relaxing,2,0,2
strangely_refreshing,2,1,1
strangely_recognizable,2,1,1
so_representative,2,1,1
strangely_primary,2,0,2
so_preliminary,2,1,1
so_portable,2,0,2
strongly_inclined,2,2,0
strikingly_creative,2,2,0
strikingly_vivid,2,2,0
strikingly_unfamiliar,2,1,1
so_off-kilter,2,0,2
strikingly_unconventional,2,0,2
strikingly_real,2,2,0
so_operatic,2,2,0
strikingly_large,2,2,0
so_oppressed,2,2,0
strikingly_innovative,2,2,0
strikingly_ignorant,2,2,0
strikingly_identical,2,2,0
strikingly_gorgeous,2,2,0
so_ornamental,2,2,0
strikingly_evident,2,2,0
strikingly_elegant,2,2,0
strikingly_diverse,2,2,0
strikingly_divergent,2,2,0
strikingly_young,2,2,0
strongly_acidic,2,1,1
so_nutty,2,1,1
so_nerve-wracking,2,2,0
strongly_evocative,2,2,0
so_nauseous,2,1,1
so_nearby,2,2,0
strongly_evident,2,2,0
strongly_divergent,2,2,0
so_needless,2,1,1
strongly_different,2,1,1
strongly_dependent,2,2,0
so_nutritious,2,0,2
strongly_dependant,2,2,0
so_newer,2,2,0
so_nifty,2,1,1
so_nightmarish,2,0,2
so_nimble,2,2,0
strongly_defensive,2,2,0
strongly_data-driven,2,2,0
so_overdue,2,2,0
strikingly_contemporary,2,1,1
so_populous,2,2,0
so_overpaid,2,2,0
strictly_relevant,2,2,0
strictly_regional,2,2,0
strictly_regimented,2,2,0
so_petrified,2,2,0
strictly_random,2,2,0
strictly_pragmatic,2,1,1
strictly_political,2,2,0
strictly_physical,2,2,0
strictly_partisan,2,2,0
strictly_original,2,2,0
so_plush,2,1,1
so_polarized,2,2,0
strictly_observant,2,2,0
strictly_objective,2,1,1
strictly_moral,2,2,0
so_pompous,2,1,1
strictly_logical,2,2,0
strictly_rural,2,2,0
so_perfunctory,2,1,1
strictly_secret,2,2,0
so_partial,2,2,0
strikingly_complex,2,2,0
strikingly_colorful,2,2,0
so_painless,2,1,1
strictly_white,2,2,0
so_panicked,2,2,0
so_parallel,2,2,0
strictly_verbal,2,2,0
so_passable,2,2,0
strictly_serious,2,2,0
so_passe,2,2,0
strictly_unofficial,2,1,1
strictly_traditional,2,2,0
so_pastoral,2,2,0
so_patchy,2,2,0
strictly_sexual,2,0,2
so_patronizing,2,2,0
somehow_charming,2,2,0
somehow_clean,2,1,1
somehow_conditional,2,2,0
somewhat_tall,2,2,0
somewhat_temporary,2,2,0
somewhat_tender,2,2,0
somewhat_tense,2,2,0
somewhat_terrifying,2,1,1
somewhat_thicker,2,1,1
somewhat_threatening,2,2,0
somewhat_thrilling,2,1,1
somewhat_traditional,2,0,2
somewhat_trivial,2,2,0
stereotypically_white,2,1,1
stereotypically_masculine,2,1,1
stereotypically_jewish,2,0,2
somewhat_unbelievable,2,2,0
somewhat_unconcerned,2,2,0
somewhat_unconscious,2,2,0
somewhat_uncontrollable,2,2,0
stereotypically_black,2,1,1
somewhat_tedious,2,2,0
somewhat_synonymous,2,2,0
somehow_congruent,2,2,0
somewhat_symbolic,2,1,1
somewhat_sketchy,2,2,0
somewhat_slower,2,2,0
somewhat_smart,2,2,0
somewhat_smelly,2,2,0
somewhat_smooth,2,2,0
somewhat_sour,2,2,0
somewhat_specific,2,1,1
still_alone,2,2,0
somewhat_stuck,2,2,0
somewhat_stunned,2,2,0
somewhat_stupid,2,2,0
somewhat_substantial,2,0,2
somewhat_suggestive,2,2,0
somewhat_superficial,2,2,0
still_advisable,2,2,0
somewhat_sure,2,2,0
still_adorable,2,2,0
somewhat_unfair,2,2,0
staunchly_secular,2,2,0
staunchly_republican,2,2,0
somewhat_unfocused,2,2,0
somewhat_wrinkled,2,2,0
somewhat_younger,2,2,0
somewhere_beautiful,2,2,0
somewhere_closer,2,2,0
somewhere_cold,2,2,0
somewhere_different,2,2,0
somewhere_fun,2,1,1
somewhere_high,2,0,2
somewhere_important,2,2,0
somewhere_interesting,2,2,0
somewhere_nearby,2,2,0
somewhere_neutral,2,2,0
somewhere_secure,2,2,0
somewhere_special,2,2,0
somewhere_worth,2,2,0
sonically_adventurous,2,2,0
sonically_cohesive,2,1,1
somewhat_various,2,1,1
somewhat_variable,2,2,0
somewhat_valid,2,2,0
somewhat_unsatisfied,2,2,0
somewhat_unhappy,2,2,0
somewhat_uniform,2,2,0
somewhat_universal,2,2,0
somewhat_unknowable,2,2,0
somewhat_unprepared,2,2,0
somewhat_unreliable,2,2,0
somewhat_unresponsive,2,2,0
somewhat_unsatisfying,2,2,0
somewhat_useless,2,2,0
somewhat_unsavory,2,1,1
somewhat_unscientific,2,2,0
somewhat_unsightly,2,2,0
somewhat_unstable,2,2,0
somewhat_unstructured,2,2,0
somewhat_unsure,2,2,0
somewhat_upset,2,2,0
somewhat_simplistic,2,2,0
somewhat_silly,2,2,0
still_amazed,2,2,0
somewhat_old,2,2,0
somewhat_mechanical,2,2,0
somewhat_minimal,2,2,0
somewhat_misunderstood,2,2,0
somewhat_modern,2,1,1
somewhat_muted,2,2,0
somewhat_mythical,2,2,0
somewhat_nebulous,2,2,0
still_armed,2,2,0
somewhat_negligent,2,2,0
still_apt,2,1,1
somewhat_newer,2,1,1
somewhat_nice,2,1,1
somewhat_novel,2,1,1
somewhat_objectionable,2,2,0
somewhat_obsessive,2,2,0
somewhat_obsolete,2,2,0
somewhat_off-kilter,2,2,0
somewhat_meaningless,2,2,0
somewhat_maternal,2,2,0
somewhat_manageable,2,1,1
somewhat_intractable,2,2,0
somewhat_incompetent,2,2,0
somewhat_inconsequential,2,2,0
somewhat_inconvenient,2,2,0
somewhat_independent,2,2,0
somewhat_individualistic,2,2,0
somewhat_inexperienced,2,2,0
somewhat_insignificant,2,2,0
somewhat_invasive,2,2,0
somewhat_lopsided,2,2,0
somewhat_irregular,2,2,0
somewhat_irresponsible,2,2,0
somewhat_lame,2,2,0
somewhat_large,2,2,0
somewhat_lazy,2,2,0
somewhat_leery,2,2,0
somewhat_liable,2,2,0
somewhat_ok,2,2,0
somewhat_old-fashioned,2,2,0
somewhat_sick,2,2,0
somewhat_ordinary,2,1,1
still_ancient,2,2,0
somewhat_reactionary,2,2,0
somewhat_reasonable,2,2,0
somewhat_reassuring,2,2,0
somewhat_recent,2,2,0
somewhat_recognizable,2,1,1
somewhat_regular,2,2,0
somewhat_relaxed,2,2,0
somewhat_relaxing,2,1,1
somewhat_reliable,2,2,0
somewhat_rigid,2,2,0
somewhat_savvy,2,2,0
somewhat_schizophrenic,2,2,0
somewhat_secure,2,2,0
somewhat_selective,2,2,0
somewhat_separate,2,1,1
somewhat_shady,2,2,0
somewhat_ragged,2,2,0
somewhat_racy,2,2,0
somewhat_quirky,2,2,0
somewhat_plausible,2,2,0
somewhat_organized,2,1,1
somewhat_overblown,2,2,0
somewhat_parallel,2,2,0
somewhat_paranoid,2,2,0
somewhat_patchy,2,2,0
somewhat_patient,2,2,0
somewhat_perplexing,2,2,0
somewhat_playable,2,1,1
somewhat_qualified,2,2,0
somewhat_pleased,2,2,0
somewhat_pricey,2,2,0
somewhat_pricy,2,2,0
somewhat_productive,2,1,1
somewhat_profound,2,2,0
somewhat_psychedelic,2,2,0
somewhat_psychic,2,2,0
sonically_desirable,2,0,2
sonically_inferior,2,2,0
sonically_new,2,1,1
spiritually_neutral,2,2,0
spiritually_attuned,2,0,2
statistically_invalid,2,2,0
statistically_indistinguishable,2,2,0
spiritually_dangerous,2,0,2
spiritually_deceptive,2,2,0
spiritually_deep,2,2,0
spiritually_deeper,2,0,2
spiritually_devout,2,2,0
spiritually_dry,2,2,0
spiritually_dull,2,2,0
spiritually_enlightened,2,2,0
spiritually_exhilarating,2,1,1
spiritually_fatal,2,2,0
spiritually_filthy,2,2,0
spiritually_fruitful,2,2,0
spiritually_ignorant,2,2,0
spiritually_intense,2,1,1
spiritually_akin,2,1,1
spiritually_active,2,2,0
spectacularly_wonderful,2,2,0
spectacularly_large,2,1,1
spectacularly_corrupt,2,2,0
spectacularly_creative,2,2,0
spectacularly_funny,2,2,0
spectacularly_hot,2,0,2
spectacularly_inaccurate,2,2,0
spectacularly_incompetent,2,2,0
spectacularly_innovative,2,1,1
spectacularly_new,2,0,2
spectacularly_unlikely,2,2,0
spectacularly_rare,2,1,1
spectacularly_real,2,1,1
spectacularly_right,2,2,0
spectacularly_talented,2,2,0
spectacularly_underwhelming,2,1,1
spectacularly_unexpected,2,1,1
spectacularly_unhelpful,2,2,0
statistically_improbable,2,2,0
spiritually_nourishing,2,2,0
spectacularly_better,2,2,0
spiritually_open,2,2,0
starkly_ridiculous,2,0,2
startlingly_accurate,2,2,0
startlingly_bad,2,2,0
startlingly_close,2,2,0
startlingly_deficient,2,2,0
statistically_anomalous,2,2,0
startlingly_easy,2,2,0
startlingly_frank,2,1,1
startlingly_wrong,2,2,0
startlingly_intense,2,2,0
startlingly_large,2,2,0
startlingly_violent,2,2,0
startlingly_negative,2,2,0
startlingly_unfamiliar,2,2,0
startlingly_successful,2,2,0
startlingly_open,2,2,0
startlingly_strange,2,2,0
starkly_realistic,2,2,0
starkly_plain,2,2,0
starkly_naked,2,0,2
spiritually_superior,2,2,0
spiritually_pernicious,2,0,2
spiritually_present,2,2,0
spiritually_profound,2,2,0
statistically_identical,2,2,0
spiritually_ready,2,2,0
spiritually_sensitive,2,2,0
spiritually_shallow,2,2,0
spiritually_transcendent,2,1,1
starkly_aware,2,2,0
spiritually_weak,2,2,0
splendidly_popular,2,0,2
staggeringly_authentic,2,2,0
staggeringly_expensive,2,2,0
statistically_bizarre,2,0,2
staggeringly_incompetent,2,2,0
starkly_absent,2,1,1
spectacularly_clear,2,2,0
specifically_valuable,2,2,0
soo_cute,2,2,0
sooooo_satisfying,2,2,0
soooo_bad,2,2,0
soooo_convinced,2,2,0
soooo_delicious,2,1,1
soooo_disgusting,2,2,0
soooo_easy,2,2,0
soooo_excited,2,2,0
soooo_exciting,2,2,0
soooo_expensive,2,2,0
soooo_hungry,2,2,0
soooo_relaxed,2,2,0
soooo_sad,2,2,0
soooo_serious,2,2,0
soooo_special,2,1,1
soooo_yummy,2,2,0
sooooo_close,2,2,0
sooooo_excited,2,2,0
sooooo_funny,2,2,0
sooo_yummy,2,2,0
sooo_worth,2,2,0
sooo_tired,2,2,0
soon_ready,2,2,0
soo_easy,2,2,0
soo_nice,2,1,1
soo_special,2,1,1
soo_true,2,2,0
soon_dead,2,2,0
statistically_solid,2,2,0
soon_naked,2,2,0
sooo_amazing,2,2,0
sooo_small,2,2,0
sooo_big,2,1,1
sooo_busy,2,2,0
sooo_delicious,2,2,0
sooo_different,2,1,1
statistically_similar,2,2,0
sooo_disappointed,2,2,0
sooo_happy,2,2,0
sooooo_polite,2,2,0
sooooo_sweet,2,2,0
specifically_useful,2,1,1
soooooo_beautiful,2,2,0
specifically_advantageous,2,2,0
specifically_anti-semitic,2,2,0
specifically_bad,2,1,1
specifically_beneficial,2,2,0
specifically_canadian,2,0,2
specifically_chinese,2,1,1
specifically_detailed,2,2,0
specifically_essential,2,2,0
specifically_feminine,2,1,1
specifically_german,2,1,1
specifically_hostile,2,2,0
statistically_normal,2,2,0
specifically_irish,2,1,1
specifically_local,2,2,0
specifically_perfect,2,2,0
specifically_sectarian,2,2,0
specifically_special,2,0,2
specially_skilled,2,2,0
specially_interested,2,2,0
specially_deserving,2,2,0
sorta_boring,2,1,1
statistically_representative,2,2,0
statistically_reliable,2,2,0
sorely_disappointing,2,2,0
sorely_miscast,2,2,0
sorely_misinformed,2,2,0
sorely_wrong,2,2,0
sorta_awesome,2,0,2
sorta_depressed,2,2,0
spatially_aware,2,2,0
sorta_good,2,2,0
sorta_new,2,1,1
sorta_right,2,2,0
sorta_willing,2,2,0
sparsely_classy,2,2,0
statistically_notable,2,2,0
sparsely_stylish,2,2,0
somewhat_inappropriate,2,2,0
somewhat_impressed,2,2,0
somewhat_imprecise,2,2,0
sometimes_inappropriate,2,2,0
sometimes_distant,2,2,0
sometimes_double,2,2,0
sometimes_dramatic,2,2,0
sometimes_fearful,2,2,0
still_drinkable,2,2,0
sometimes_fifth,2,2,0
sometimes_first,2,2,0
sometimes_great,2,2,0
still_distinct,2,1,1
sometimes_grotesque,2,2,0
still_disoriented,2,2,0
sometimes_happy,2,2,0
sometimes_harder,2,1,1
sometimes_harmless,2,2,0
sometimes_heroic,2,2,0
sometimes_ill,2,2,0
sometimes_illegal,2,2,0
still_dumb,2,2,0
sometimes_deliberate,2,2,0
sometimes_deeper,2,2,0
sometimes_arrogant,2,2,0
someplace_worse,2,2,0
sometime_more,2,2,0
sometimes_able,2,2,0
sometimes_actual,2,2,0
still_ecstatic,2,2,0
sometimes_allergic,2,2,0
sometimes_annoying,2,2,0
sometimes_blatant,2,2,0
sometimes_deep,2,2,0
sometimes_bloody,2,2,0
sometimes_brutal,2,2,0
sometimes_catastrophic,2,2,0
sometimes_challenging,2,1,1
sometimes_coherent,2,2,0
sometimes_darker,2,2,0
sometimes_deadly,2,2,0
still_dicey,2,2,0
still_detectable,2,2,0
someplace_tropical,2,1,1
sometimes_inconsistent,2,2,0
sometimes_new,2,2,0
sometimes_noisy,2,2,0
sometimes_offensive,2,2,0
sometimes_old,2,2,0
sometimes_other,2,2,0
sometimes_outrageous,2,2,0
sometimes_personal,2,2,0
sometimes_poor,2,2,0
sometimes_possible,2,2,0
sometimes_pricier,2,2,0
sometimes_profound,2,2,0
sometimes_provocative,2,2,0
sometimes_quieter,2,2,0
sometimes_rapid,2,2,0
sometimes_related,2,2,0
sometimes_resistant,2,2,0
still_crude,2,2,0
still_cute,2,1,1
sometimes_monthly,2,2,0
sometimes_mistaken,2,2,0
sometimes_lesser,2,2,0
still_desirable,2,1,1
sometimes_inconvenient,2,2,0
sometimes_infamous,2,2,0
sometimes_interesting,2,2,0
sometimes_international,2,2,0
sometimes_jealous,2,2,0
sometimes_lacking,2,1,1
sometimes_lethal,2,2,0
sometimes_menacing,2,2,0
sometimes_liable,2,2,0
sometimes_long,2,2,0
sometimes_low,2,2,0
still_decent,2,2,0
sometimes_malicious,2,1,1
still_deadly,2,2,0
still_dazed,2,2,0
someplace_warmer,2,2,0
someplace_related,2,2,0
sometimes_severe,2,2,0
somehow_jealous,2,2,0
somehow_hostile,2,2,0
somehow_hypocritical,2,2,0
still_fussy,2,2,0
still_funky,2,1,1
somehow_implicit,2,2,0
somehow_improper,2,2,0
somehow_inaccurate,2,2,0
still_frustrated,2,2,0
still_front,2,2,0
still_fraught,2,2,0
somehow_inevitable,2,2,0
somehow_insignificant,2,2,0
somehow_insufficient,2,2,0
somehow_interactive,2,2,0
still_fond,2,2,0
somehow_irrational,2,2,0
somehow_irrelevant,2,2,0
still_future,2,1,1
somehow_hollow,2,2,0
somehow_higher,2,2,0
somehow_devoid,2,2,0
somehow_cool,2,2,0
somehow_criminal,2,1,1
somehow_cute,2,2,0
somehow_damaging,2,2,0
somehow_dangerous,2,1,1
somehow_demeaning,2,2,0
somehow_detrimental,2,2,0
somehow_disrespectful,2,2,0
somehow_foreign,2,2,0
somehow_distasteful,2,2,0
somehow_distinct,2,1,1
somehow_egregious,2,2,0
somehow_exclusive,2,2,0
somehow_fair,2,2,0
still_gloomy,2,2,0
somehow_faulty,2,2,0
still_fluent,2,1,1
still_flexible,2,1,1
someplace_exotic,2,2,0
somehow_legitimate,2,2,0
somehow_unintentional,2,2,0
somehow_unjust,2,2,0
somehow_unpleasant,2,2,0
somehow_unqualified,2,2,0
somehow_unusual,2,2,0
still_extreme,2,2,0
still_exploratory,2,2,0
somehow_useful,2,2,0
still_exclusive,2,2,0
somehow_weird,2,2,0
somehow_willing,2,2,0
still_excellent,2,2,0
still_evil,2,2,0
somehow_worthwhile,2,2,0
still_essential,2,2,0
someplace_convenient,2,1,1
someplace_cool,2,2,0
somehow_uninformed,2,2,0
somehow_unimportant,2,2,0
somehow_undesirable,2,2,0
somehow_peculiar,2,2,0
somehow_likely,2,2,0
somehow_neutral,2,2,0
still_fit,2,2,0
somehow_novel,2,1,1
somehow_oblivious,2,2,0
somehow_open,2,2,0
somehow_pathological,2,2,0
still_filthy,2,2,0
somehow_uncomfortable,2,2,0
still_fervent,2,2,0
still_fat,2,2,0
somehow_simpler,2,2,0
somehow_synonymous,2,2,0
somehow_unacceptable,2,2,0
somehow_unavailable,2,2,0
somehow_unclear,2,2,0
sometimes_sensational,2,2,0
still_crispy,2,2,0
still_authentic,2,1,1
somewhat_evil,2,2,0
somewhat_disheartening,2,2,0
somewhat_disinterested,2,2,0
somewhat_disorienting,2,2,0
somewhat_divisive,2,2,0
somewhat_dodgy,2,2,0
somewhat_draconian,2,2,0
somewhat_drastic,2,1,1
somewhat_dressy,2,2,0
somewhat_educational,2,1,1
somewhat_elaborate,2,2,0
somewhat_elliptical,2,2,0
somewhat_enigmatic,2,2,0
still_believable,2,2,0
somewhat_enthusiastic,2,2,0
somewhat_ephemeral,2,1,1
somewhat_epic,2,2,0
somewhat_esoteric,2,2,0
somewhat_disgusting,2,2,0
somewhat_discretionary,2,2,0
somewhat_discouraging,2,2,0
somewhat_defensive,2,2,0
somewhat_coy,2,2,0
somewhat_crafty,2,2,0
somewhat_credible,2,2,0
somewhat_cumbersome,2,2,0
somewhat_cynical,2,2,0
somewhat_daring,2,2,0
somewhat_debilitating,2,1,1
somewhat_delusional,2,2,0
still_bizarre,2,2,0
somewhat_depressing,2,2,0
somewhat_derivative,2,2,0
somewhat_desperate,2,2,0
somewhat_destructive,2,2,0
somewhat_dicey,2,2,0
somewhat_digestible,2,2,0
somewhat_dirty,2,2,0
somewhat_ethereal,2,2,0
somewhat_excessive,2,2,0
still_bloody,2,2,0
somewhat_exotic,2,2,0
somewhat_greener,2,2,0
still_awkward,2,2,0
somewhat_harsh,2,2,0
somewhat_hazy,2,2,0
somewhat_heavy,2,2,0
somewhat_heretical,2,1,1
somewhat_hilarious,2,2,0
somewhat_historical,2,2,0
somewhat_hopeful,2,1,1
somewhat_humorous,2,2,0
somewhat_hyperbolic,2,2,0
somewhat_hysterical,2,2,0
somewhat_idiosyncratic,2,2,0
somewhat_ignorant,2,2,0
somewhat_illogical,2,1,1
somewhat_illusory,2,2,0
somewhat_imperfect,2,2,0
still_bald,2,2,0
somewhat_gentle,2,2,0
somewhat_generic,2,1,1
somewhat_faster,2,2,0
somewhat_experienced,2,2,0
somewhat_experimental,2,2,0
somewhat_extraordinary,2,0,2
somewhat_extreme,2,2,0
somewhat_fake,2,2,0
somewhat_far-fetched,2,2,0
somewhat_fascinating,2,2,0
somewhat_fishy,2,2,0
somewhat_fuzzy,2,2,0
still_bearable,2,2,0
somewhat_forgettable,2,2,0
somewhat_forgivable,2,2,0
somewhat_frugal,2,2,0
somewhat_full,2,2,0
somewhat_fun,2,1,1
somewhat_futile,2,2,0
somewhat_cosmetic,2,2,0
still_brave,2,2,0
still_crisp,2,2,0
still_charming,2,2,0
sometimes_useful,2,2,0
still_clumsy,2,2,0
sometimes_vulnerable,2,2,0
sometimes_warm,2,2,0
sometimes_wary,2,2,0
sometimes_weak,2,2,0
sometimes_willing,2,2,0
still_christian,2,2,0
somewhat_absurd,2,2,0
somewhat_acidic,2,2,0
somewhat_adequate,2,2,0
somewhat_adjustable,2,2,0
still_chill,2,2,0
still_childish,2,2,0
somewhat_aggressive,2,2,0
somewhat_akin,2,2,0
somewhat_alarming,2,2,0
sometimes_unpleasant,2,2,0
sometimes_unconscious,2,2,0
sometimes_uncomfortable,2,2,0
sometimes_square,2,2,0
still_cranky,2,2,0
sometimes_social,2,2,0
sometimes_solitary,2,2,0
sometimes_sour,2,2,0
still_convinced,2,2,0
sometimes_specific,2,2,0
still_conservative,2,1,1
sometimes_subtle,2,1,1
sometimes_ugly,2,2,0
still_conceptual,2,2,0
still_complex,2,2,0
still_complete,2,2,0
sometimes_thin,2,2,0
still_compelling,2,2,0
sometimes_toxic,2,2,0
sometimes_triple,2,2,0
still_chewy,2,2,0
still_catholic,2,2,0
somewhat_competitive,2,1,1
still_carnal,2,2,0
somewhat_broader,2,2,0
somewhat_buggy,2,2,0
somewhat_bulky,2,2,0
somewhat_busy,2,1,1
somewhat_cagey,2,2,0
somewhat_capable,2,2,0
somewhat_captivating,2,1,1
somewhat_careful,2,2,0
somewhat_cartoonish,2,2,0
somewhat_chilly,2,2,0
somewhat_circumspect,2,2,0
somewhat_clear,2,2,0
somewhat_clearer,2,2,0
somewhat_cliche,2,2,0
still_british,2,2,0
somewhat_coherent,2,0,2
somewhat_coincidental,2,2,0
somewhat_brittle,2,2,0
somewhat_bland,2,2,0
somewhat_bittersweet,2,2,0
somewhat_archaic,2,2,0
somewhat_amazing,2,2,0
still_careless,2,2,0
somewhat_amused,2,2,0
still_busier,2,2,0
somewhat_androgynous,2,2,0
somewhat_antagonistic,2,2,0
somewhat_applicable,2,2,0
somewhat_arrogant,2,2,0
somewhat_bewildering,2,2,0
somewhat_astonished,2,2,0
somewhat_athletic,2,2,0
somewhat_autobiographical,2,2,0
somewhat_autonomous,2,2,0
somewhat_available,2,2,0
somewhat_bent,2,2,0
still_buggy,2,2,0
suddenly_familiar,2,2,0
suddenly_flush,2,0,2
seriously_effective,2,2,0
surprisingly_playful,2,2,0
simply_intentional,2,2,0
surprisingly_outspoken,2,2,0
simply_intuitive,2,2,0
simply_invigorating,2,2,0
surprisingly_ordinary,2,2,0
simply_irregular,2,2,0
surprisingly_old,2,1,1
simply_irreplaceable,2,2,0
simply_irreversible,2,2,0
simply_jaded,2,2,0
surprisingly_ok,2,2,0
simply_jewish,2,2,0
surprisingly_objective,2,2,0
simply_local,2,2,0
simply_low,2,2,0
simply_loyal,2,2,0
surprisingly_neutral,2,2,0
simply_insurmountable,2,2,0
simply_innocent,2,2,0
simply_clever,2,2,0
simply_inhumane,2,2,0
surprisingly_promising,2,1,1
surprisingly_progressive,2,2,0
simply_incidental,2,2,0
simply_inclined,2,2,0
surprisingly_prevalent,2,2,0
simply_inconsequential,2,2,0
simply_incredulous,2,2,0
simply_indecisive,2,2,0
simply_indefensible,2,2,0
simply_indian,2,2,0
surprisingly_poor,2,2,0
simply_ineffectual,2,2,0
surprisingly_poetic,2,2,0
simply_inexcusable,2,2,0
simply_influential,2,2,0
simply_informational,2,2,0
simply_inhuman,2,0,2
simply_luxury,2,2,0
simply_male,2,2,0
simply_man-made,2,2,0
simply_masterful,2,2,0
simply_organized,2,2,0
simply_original,2,2,0
surprisingly_lame,2,2,0
simply_outraged,2,2,0
simply_overkill,2,2,0
simply_overpaid,2,2,0
simply_overpriced,2,2,0
simply_overweight,2,2,0
simply_partisan,2,2,0
simply_passe,2,2,0
simply_peaceful,2,2,0
simply_peculiar,2,2,0
simply_perfunctory,2,2,0
simply_physical,2,2,0
simply_picky,2,2,0
simply_plastic,2,2,0
simply_pleasant,2,2,0
surprisingly_listenable,2,2,0
simply_ok,2,2,0
simply_obsessed,2,2,0
simply_narcissistic,2,2,0
simply_mathematical,2,1,1
simply_memorable,2,2,0
simply_minor,2,2,0
surprisingly_mild,2,2,0
surprisingly_melodic,2,1,1
surprisingly_mediocre,2,1,1
simply_murky,2,2,0
simply_nearby,2,2,0
simply_obnoxious,2,2,0
surprisingly_mature,2,2,0
simply_neutral,2,2,0
surprisingly_many,2,1,1
simply_newer,2,2,0
surprisingly_lush,2,1,1
simply_normal,2,2,0
surprisingly_loud,2,2,0
surprisingly_prosaic,2,2,0
simply_impressive,2,2,0
simply_impressed,2,2,0
simply_endemic,2,2,0
simply_deluded,2,2,0
simply_diabolical,2,1,1
surprisingly_soulful,2,1,1
simply_direct,2,2,0
simply_discriminatory,2,2,0
simply_disingenuous,2,2,0
simply_dismayed,2,2,0
simply_distasteful,2,2,0
simply_dormant,2,2,0
simply_double,2,2,0
simply_dry,2,2,0
surprisingly_soothing,2,2,0
simply_eccentric,2,2,0
simply_ecstatic,2,2,0
simply_educational,2,2,0
simply_effective,2,2,0
simply_elitist,2,2,0
simply_delicate,2,2,0
simply_defensive,2,2,0
simply_defective,2,2,0
surprisingly_supportive,2,2,0
simply_comforting,2,2,0
simply_comic,2,2,0
simply_commercial,2,2,0
simply_compelling,2,0,2
simply_complacent,2,2,0
simply_complete,2,2,0
simply_complex,2,2,0
surprisingly_sunny,2,2,0
simply_deadly,2,2,0
simply_consistent,2,2,0
simply_contemptuous,2,2,0
simply_controversial,2,2,0
simply_creative,2,2,0
simply_cyclical,2,2,0
simply_damaging,2,2,0
surprisingly_stubborn,2,2,0
surprisingly_smooth,2,1,1
surprisingly_slight,2,2,0
simply_impotent,2,2,0
simply_erotic,2,2,0
surprisingly_resilient,2,2,0
simply_happier,2,2,0
surprisingly_refreshing,2,0,2
simply_harmful,2,2,0
simply_heartbroken,2,2,0
simply_heavenly,2,2,0
simply_helpless,2,2,0
simply_heroic,2,2,0
simply_hesitant,2,2,0
simply_historical,2,2,0
simply_homeless,2,1,1
simply_honest,2,2,0
simply_horrific,2,1,1
simply_hypothetical,2,2,0
simply_ideal,2,2,0
simply_identifiable,2,2,0
simply_impolite,2,2,0
simply_groundless,2,2,0
simply_grey,2,2,0
simply_glorious,2,2,0
simply_faulty,2,2,0
surprisingly_silly,2,2,0
simply_expensive,2,2,0
simply_fanciful,2,2,0
surprisingly_shocking,2,2,0
simply_fast,2,2,0
simply_fat,2,2,0
simply_fatigued,2,2,0
simply_female,2,2,0
surprisingly_sad,2,1,1
simply_financial,2,2,0
simply_foreign,2,2,0
simply_fortunate,2,2,0
surprisingly_satisfying,2,0,2
simply_furious,2,2,0
simply_general,2,2,0
simply_giddy,2,2,0
simply_pleasing,2,2,0
simply_popular,2,2,0
surprisingly_inclusive,2,1,1
simply_unseen,2,2,0
simply_unimpressed,2,2,0
simply_unintelligible,2,2,0
surprisingly_durable,2,2,0
surprisingly_drinkable,2,2,0
surprisingly_downbeat,2,2,0
simply_unjustified,2,2,0
simply_unkind,2,2,0
surprisingly_diverse,2,2,0
simply_unlikely,2,2,0
surprisingly_distinctive,2,0,2
simply_unmanageable,2,2,0
surprisingly_disappointing,2,2,0
simply_unplayable,2,2,0
simply_unpredictable,2,2,0
simply_unprofitable,2,2,0
surprisingly_direct,2,2,0
simply_unrecognizable,2,2,0
simply_unheralded,2,2,0
simply_unhealthy,2,2,0
surprisingly_eloquent,2,2,0
simply_under-appreciated,2,2,0
surprisingly_exciting,2,1,1
simply_unbeatable,2,2,0
simply_uncanny,2,1,1
surprisingly_excellent,2,2,0
simply_unconvinced,2,2,0
simply_uncooperative,2,2,0
simply_undeniable,2,2,0
simply_underdeveloped,2,2,0
simply_unfounded,2,2,0
simply_underwhelming,2,2,0
simply_undetectable,2,2,0
simply_unexplored,2,2,0
simply_unfashionable,2,2,0
simply_unfavorable,2,2,0
simply_unfazed,2,2,0
simply_unfinished,2,2,0
simply_unseemly,2,2,0
simply_unsettled,2,2,0
simply_unattainable,2,2,0
simply_unsubstantiated,2,2,0
simultaneously_annoying,2,2,0
simultaneously_available,2,2,0
simultaneously_aware,2,2,0
simultaneously_comic,2,1,1
surprisingly_compatible,2,2,0
simultaneously_familiar,2,1,1
simultaneously_fascinating,2,0,2
simultaneously_futuristic,2,2,0
simultaneously_good,2,1,1
simultaneously_great,2,2,0
simultaneously_hard,2,2,0
simultaneously_inspiring,2,1,1
simultaneously_magical,2,0,2
simultaneously_old,2,1,1
simultaneously_outraged,2,2,0
simultaneously_personal,2,1,1
simultaneously_possible,2,2,0
simultaneously_adorable,2,1,1
surprisingly_conservative,2,2,0
surprisingly_cooperative,2,2,0
simply_valuable,2,2,0
simply_unsupported,2,2,0
simply_unsustainable,2,2,0
surprisingly_decent,2,2,0
simply_unwise,2,2,0
simply_upsetting,2,2,0
surprisingly_critical,2,2,0
simply_vain,2,2,0
simply_vapid,2,2,0
simply_wise,2,2,0
simply_various,2,2,0
simply_verbal,2,2,0
simply_vicious,2,2,0
simply_vital,2,1,1
surprisingly_creepy,2,2,0
simply_wealthy,2,2,0
surprisingly_creamy,2,2,0
surprisingly_expansive,2,2,0
simply_unappreciated,2,2,0
simply_pragmatic,2,2,0
surprisingly_green,2,2,0
simply_retarded,2,2,0
simply_rich,2,2,0
surprisingly_honest,2,2,0
simply_robotic,2,2,0
simply_romantic,2,2,0
simply_rustic,2,2,0
surprisingly_heartfelt,2,2,0
simply_sadistic,2,2,0
simply_satisfying,2,1,1
simply_secure,2,2,0
simply_sensational,2,1,1
simply_sensible,2,2,0
simply_serious,2,2,0
simply_several,2,2,0
simply_sexual,2,2,0
simply_sexy,2,2,0
surprisingly_harsh,2,2,0
simply_responsible,2,2,0
simply_resentful,2,2,0
simply_relative,2,2,0
simply_protective,2,2,0
simply_predatory,2,2,0
simply_premature,2,2,0
simply_principled,2,2,0
simply_problematic,2,2,0
simply_professional,2,2,0
simply_promiscuous,2,2,0
simply_prospective,2,2,0
simply_public,2,2,0
simply_regional,2,2,0
simply_questionable,2,2,0
simply_quicker,2,2,0
surprisingly_important,2,0,2
surprisingly_immediate,2,2,0
simply_real,2,2,0
simply_realistic,2,2,0
simply_red,2,2,0
simply_short-term,2,2,0
simply_significant,2,2,0
surprisingly_experimental,2,2,0
simply_simpler,2,1,1
simply_suspicious,2,2,0
simply_synonymous,2,2,0
simply_tasteless,2,2,0
simply_terrific,2,2,0
simply_theatrical,2,2,0
simply_therapeutic,2,1,1
simply_thick,2,2,0
simply_thrilled,2,2,0
simply_timid,2,2,0
surprisingly_faint,2,2,0
simply_tiresome,2,2,0
simply_tolerable,2,2,0
simply_traditional,2,2,0
simply_transactional,2,2,0
simply_trite,2,2,0
simply_troubling,2,2,0
simply_un-american,2,2,0
simply_surreal,2,2,0
simply_superficial,2,1,1
surprisingly_few,2,1,1
simply_spoilt,2,2,0
simply_sleepy,2,2,0
simply_slower,2,2,0
simply_smooth,2,2,0
simply_sober,2,2,0
surprisingly_generous,2,2,0
simply_speculative,2,2,0
simply_spiritual,2,2,0
simply_stale,2,2,0
simply_suicidal,2,2,0
simply_stiff,2,2,0
simply_straightforward,2,2,0
simply_strategic,2,2,0
simply_strong,2,1,1
simply_structural,2,2,0
simply_stuck,2,2,0
simply_substandard,2,2,0
surprisingly_tasty,2,2,0
simply_clear,2,2,0
suddenly_fresh,2,1,1
sexually_ambivalent,2,2,0
tad_apprehensive,2,2,0
sexually_coercive,2,2,0
sexually_confident,2,2,0
sexually_conservative,2,2,0
sexually_crude,2,2,0
sexually_desirous,2,2,0
tad_annoying,2,1,1
sexually_different,2,2,0
sexually_dynamic,2,2,0
tactically_relevant,2,1,1
tactically_important,2,2,0
sexually_explosive,2,2,0
sexually_forbidden,2,0,2
sexually_forward,2,2,0
tactically_challenging,2,2,0
sexually_gratifying,2,1,1
sexually_immature,2,2,0
tad_arcane,2,2,0
tad_challenging,2,2,0
simply_chaotic,2,2,0
tad_cheesy,2,2,0
severely_paranoid,2,2,0
severely_personal,2,1,1
severely_poor,2,2,0
severely_reckless,2,2,0
tad_cynical,2,2,0
severely_self-destructive,2,2,0
severely_short,2,2,0
severely_stressful,2,2,0
severely_swollen,2,2,0
severely_tired,2,2,0
severely_toxic,2,2,0
severely_uncomfortable,2,2,0
severely_underrated,2,2,0
severely_understaffed,2,2,0
tad_controversial,2,2,0
tad_confused,2,2,0
tad_complex,2,2,0
tactically_aware,2,2,0
tactically_advantageous,2,2,0
sexually_incompetent,2,2,0
systemically_significant,2,2,0
shamelessly_selfish,2,2,0
sharply_acerbic,2,2,0
sharply_angular,2,2,0
sharply_bent,2,2,0
symbolically_appropriate,2,0,2
sweetly_vulnerable,2,1,1
sharply_painful,2,2,0
sharply_witty,2,2,0
shockingly_abysmal,2,2,0
sweetly_tender,2,2,0
shockingly_close,2,2,0
shockingly_effective,2,2,0
shockingly_harsh,2,2,0
shockingly_inappropriate,2,2,0
shockingly_lazy,2,1,1
shockingly_literal,2,2,0
shockingly_obvious,2,0,2
shamelessly_opportunistic,2,2,0
shamelessly_open,2,2,0
shamelessly_candid,2,2,0
sexually_responsive,2,2,0
sexually_liberal,2,2,0
sexually_needy,2,1,1
sexually_neutral,2,2,0
systematically_different,2,1,1
sexually_oriented,2,2,0
sexually_pleasing,2,2,0
systematically_able,2,2,0
sexually_sadistic,2,2,0
symbolically_enormous,2,1,1
sexually_safe,2,2,0
symbolically_representative,2,2,0
sexually_satisfying,2,2,0
sexually_specific,2,1,1
sexually_submissive,2,2,0
sexually_threatening,2,2,0
sexually_unattractive,2,2,0
tad_dark,2,2,0
severely_myopic,2,2,0
severely_inadequate,2,2,0
seriously_salty,2,1,1
seriously_lame,2,0,2
seriously_late,2,2,0
seriously_missing,2,0,2
seriously_nasty,2,2,0
seriously_new,2,0,2
seriously_obese,2,2,0
seriously_objectionable,2,1,1
seriously_old,2,2,0
seriously_overcrowded,2,2,0
seriously_painful,2,1,1
seriously_personal,2,2,0
seriously_pigmented,2,2,0
seriously_playful,2,2,0
seriously_polluted,2,2,0
seriously_powerful,2,1,1
seriously_questionable,2,1,1
seriously_regrettable,2,1,1
tad_harsh,2,2,0
tad_healthier,2,0,2
seriously_juicy,2,1,1
tad_obscure,2,2,0
seriously_epic,2,0,2
seriously_expensive,2,1,1
tad_overpowering,2,2,0
seriously_fluffy,2,0,2
seriously_funky,2,0,2
seriously_great,2,1,1
seriously_green,2,2,0
seriously_grim,2,2,0
seriously_jealous,2,2,0
seriously_helpful,2,2,0
seriously_hot,2,2,0
seriously_huge,2,1,1
tad_light,2,1,1
seriously_improper,2,2,0
seriously_incorrect,2,1,1
tad_jarring,2,2,0
seriously_right,2,2,0
seriously_satisfying,2,1,1
tad_dirty,2,1,1
seriously_shady,2,1,1
seriously_yummy,2,1,1
severely_conservative,2,2,0
severely_dangerous,2,2,0
severely_deaf,2,2,0
tad_easier,2,1,1
severely_dehydrated,2,2,0
tad_disingenuous,2,1,1
severely_derogatory,2,2,0
severely_different,2,2,0
tad_disappointing,2,2,0
severely_disruptive,2,2,0
severely_enough,2,2,0
severely_finite,2,2,0
severely_handicapped,2,2,0
tad_disappointed,2,2,0
severely_harmful,2,2,0
severely_hazardous,2,2,0
tad_eccentric,2,2,0
tad_expensive,2,2,0
seriously_wacky,2,0,2
tad_extreme,2,2,0
tad_fearful,2,2,0
seriously_stupid,2,0,2
seriously_substantial,2,0,2
seriously_tired,2,2,0
tad_familiar,2,0,2
seriously_traumatic,2,0,2
seriously_uncomfortable,2,2,0
seriously_underwater,2,2,0
seriously_upset,2,2,0
seriously_undesirable,2,1,1
seriously_unhealthy,2,2,0
seriously_unique,2,1,1
seriously_unnerving,2,0,2
seriously_unprofitable,2,2,0
seriously_unsettling,2,0,2
seriously_unwell,2,2,0
shockingly_personal,2,2,0
shockingly_pink,2,2,0
shockingly_racist,2,2,0
similarly_unaware,2,2,0
similarly_painful,2,1,1
similarly_personal,2,1,1
similarly_pleasant,2,1,1
similarly_pointless,2,0,2
similarly_practical,2,0,2
similarly_reflective,2,1,1
similarly_sensitive,2,1,1
similarly_serious,2,0,2
surprisingly_wise,2,2,0
similarly_skeptical,2,2,0
similarly_skilled,2,2,0
similarly_soft,2,1,1
similarly_supportive,2,2,0
similarly_tangible,2,1,1
similarly_tasteful,2,0,2
similarly_temporary,2,1,1
similarly_terrible,2,0,2
similarly_obvious,2,0,2
similarly_obsessed,2,2,0
similarly_nostalgic,2,1,1
similarly_lame,2,0,2
similarly_grim,2,2,0
similarly_harmful,2,2,0
similarly_horrifying,2,0,2
similarly_huge,2,1,1
similarly_inane,2,0,2
similarly_innocuous,2,0,2
similarly_inspiring,2,1,1
similarly_late,2,2,0
similarly_negative,2,0,2
similarly_light,2,2,0
similarly_likely,2,2,0
similarly_long,2,1,1
similarly_ludicrous,2,0,2
similarly_moronic,2,0,2
similarly_mundane,2,0,2
similarly_myopic,2,2,0
similarly_triumphant,2,0,2
similarly_unclear,2,2,0
similarly_evocative,2,1,1
similarly_vulnerable,2,2,0
simply_apprehensive,2,2,0
simply_archaic,2,2,0
simply_artistic,2,2,0
simply_atrocious,2,2,0
surprisingly_unsophisticated,2,2,0
simply_bankrupt,2,2,0
simply_basic,2,2,0
simply_benign,2,2,0
surprisingly_unhealthy,2,2,0
simply_biological,2,1,1
surprisingly_uncommon,2,1,1
simply_boisterous,2,2,0
simply_brave,2,2,0
simply_callous,2,2,0
simply_capable,2,2,0
simply_careful,2,2,0
simply_challenging,2,2,0
simply_appealing,2,2,0
surprisingly_vegan,2,2,0
simply_anti-semitic,2,2,0
simply_aged,2,2,0
similarly_wacky,2,0,2
surprisingly_willing,2,1,1
surprisingly_wearable,2,2,0
surprisingly_weak,2,2,0
simply_accurate,2,1,1
simply_accustomed,2,2,0
simply_affordable,2,2,0
simply_aggravating,2,2,0
surprisingly_versatile,2,2,0
simply_alien,2,2,0
simply_alone,2,2,0
simply_altruistic,2,2,0
simply_ambitious,2,2,0
simply_ambivalent,2,2,0
simply_american,2,2,0
surprisingly_violent,2,2,0
similarly_futile,2,1,1
similarly_evil,2,0,2
shockingly_relevant,2,1,1
suspiciously_shiny,2,2,0
significantly_cooler,2,2,0
significantly_darker,2,2,0
significantly_deficient,2,2,0
significantly_depressed,2,2,0
sweetly_personal,2,0,2
significantly_disruptive,2,2,0
significantly_faulty,2,1,1
significantly_flawed,2,2,0
sweetly_melodic,2,1,1
significantly_happier,2,2,0
significantly_healthier,2,1,1
sweetly_ironic,2,0,2
significantly_innovative,2,1,1
significantly_late,2,2,0
sweetly_awkward,2,2,0
suspiciously_young,2,2,0
suspiciously_short,2,2,0
significantly_concerned,2,2,0
significantly_closer,2,2,0
sweetly_profitable,2,2,0
sweetly_satisfying,2,1,1
shockingly_serious,2,2,0
shockingly_simple,2,2,0
shockingly_stupid,2,2,0
shockingly_substandard,2,2,0
shockingly_surprising,2,1,1
shockingly_tasteless,2,2,0
shockingly_thin,2,2,0
shockingly_truthful,2,2,0
significantly_bad,2,0,2
shockingly_unfair,2,2,0
shockingly_voluptuous,2,0,2
shockingly_young,2,2,0
sickly_funny,2,2,0
sickly_sentimental,2,2,0
sickly_yellow,2,2,0
significantly_absent,2,2,0
significantly_overpriced,2,2,0
significantly_responsible,2,2,0
similarly_eloquent,2,0,2
significantly_richer,2,2,0
similarly_catastrophic,2,0,2
similarly_cautious,2,2,0
similarly_cheerful,2,0,2
similarly_clever,2,1,1
similarly_compelling,2,0,2
similarly_complicated,2,1,1
similarly_confused,2,2,0
similarly_controversial,2,2,0
similarly_critical,2,2,0
similarly_damaging,2,2,0
similarly_deficient,2,2,0
similarly_derogatory,2,1,1
similarly_difficult,2,2,0
similarly_disruptive,2,2,0
similarly_dry,2,0,2
similarly_effective,2,2,0
similarly_efficient,2,1,1
similarly_capable,2,2,0
similarly_bleak,2,2,0
similarly_beautiful,2,2,0
significantly_under-reported,2,2,0
significantly_safer,2,2,0
suspiciously_inconsistent,2,2,0
suspiciously_high,2,2,0
suspiciously_familiar,2,2,0
significantly_steeper,2,2,0
significantly_sweeter,2,2,0
significantly_thinner,2,2,0
significantly_valuable,2,1,1
similarly_backward,2,2,0
suspiciously_cheap,2,2,0
similarly_aged,2,2,0
similarly_aggressive,2,2,0
similarly_armed,2,2,0
similarly_autonomous,2,1,1
similarly_available,2,2,0
similarly_awful,2,0,2
simultaneously_ready,2,2,0
simultaneously_ridiculous,2,1,1
surprisingly_cold,2,2,0
so_conclusive,2,1,1
so_conflicting,2,2,0
so_confrontational,2,1,1
so_congenial,2,2,0
super_intuitive,2,1,1
super_intricate,2,1,1
super_interactive,2,2,0
so_consuming,2,2,0
so_contemplative,2,1,1
super_innocent,2,1,1
super_influential,2,2,0
so_cooler,2,2,0
so_core,2,0,2
super_inconvenient,2,2,0
so_cosmetic,2,0,2
so_counterproductive,2,1,1
super_humid,2,2,0
super_hospitable,2,2,0
so_conducive,2,1,1
so_concentrated,2,2,0
simultaneously_small,2,0,2
so_compulsive,2,1,1
super_matte,2,2,0
super_masculine,2,2,0
so_co-operative,2,2,0
so_coercive,2,1,1
super_mainstream,2,0,2
super_luxurious,2,0,2
super_loyal,2,2,0
so_comic,2,0,2
so_commendable,2,1,1
super_likeable,2,2,0
super_likable,2,2,0
super_liberal,2,2,0
so_communicative,2,1,1
super_legit,2,2,0
so_compelled,2,1,1
so_complementary,2,1,1
super_kinky,2,2,0
super_honest,2,2,0
super_hip,2,2,0
so_credible,2,0,2
super_hectic,2,2,0
so_demented,2,1,1
so_demonstrative,2,2,0
so_demure,2,2,0
super_fond,2,2,0
so_derogatory,2,1,1
super_flat,2,2,0
super_flashy,2,0,2
so_destabilizing,2,2,0
super_fierce,2,2,0
super_feminine,2,1,1
super_fashionable,2,2,0
so_deviant,2,0,2
so_diminutive,2,1,1
super_faint,2,2,0
so_disabled,2,2,0
super_essential,2,2,0
so_disenchanted,2,2,0
so_delirious,2,2,0
super_frugal,2,1,1
so_deferential,2,1,1
super_grainy,2,2,0
super_hardcore,2,0,2
super_guilty,2,2,0
so_cultural,2,1,1
super_greasy,2,1,1
so_customizable,2,1,1
super_grand,2,1,1
so_cutthroat,2,2,0
super_goofy,2,2,0
super_fussy,2,2,0
super_glossy,2,1,1
so_dapper,2,2,0
so_darker,2,2,0
super_genuine,2,2,0
so_dazed,2,2,0
super_gay,2,1,1
super_futuristic,2,0,2
super_mechanical,2,2,0
so_cloying,2,2,0
so_closed,2,2,0
so_bewildered,2,2,0
super_self-conscious,2,2,0
so_asleep,2,2,0
so_astute,2,2,0
super_scarce,2,2,0
super_savory,2,1,1
so_atypical,2,1,1
so_auspicious,2,1,1
so_awake,2,2,0
super_roomy,2,1,1
super_risque,2,1,1
so_backward,2,2,0
so_bald,2,1,1
so_baroque,2,2,0
so_baseless,2,1,1
so_beefy,2,0,2
super_relatable,2,2,0
super_reasonable,2,2,0
super_shady,2,2,0
super_shareable,2,1,1
so_arresting,2,2,0
super_speedy,2,2,0
super_straight,2,2,0
so_agile,2,2,0
so_alcoholic,2,1,1
so_allergic,2,2,0
super_stable,2,2,0
super_squeamish,2,2,0
so_ambivalent,2,1,1
so_anachronistic,2,0,2
so_arid,2,2,0
so_androgynous,2,1,1
super_sour,2,2,0
so_anticlimactic,2,2,0
super_sneaky,2,2,0
super_sleepy,2,2,0
super_sketchy,2,1,1
super_shiny,2,1,1
super_rational,2,2,0
super_radical,2,1,1
super_mellow,2,2,0
super_racy,2,2,0
super_noticeable,2,2,0
so_caustic,2,2,0
so_centrist,2,2,0
super_neutral,2,2,0
so_chaste,2,1,1
so_cheeky,2,1,1
super_necessary,2,2,0
super_neat,2,1,1
super_naughty,2,1,1
super_naive,2,1,1
so_circuitous,2,2,0
so_circular,2,2,0
so_civilian,2,1,1
so_clear-cut,2,2,0
super_minimalist,2,1,1
super_militant,2,2,0
super_memorable,2,1,1
so_captive,2,2,0
so_capricious,2,2,0
super_open-minded,2,2,0
so_bogus,2,2,0
super_qualified,2,2,0
super_pricey,2,2,0
super_present,2,2,0
super_pregnant,2,2,0
so_blissful,2,1,1
super_precise,2,1,1
super_posh,2,1,1
so_bonkers,2,2,0
super_opinionated,2,1,1
so_boundless,2,0,2
super_peachy,2,2,0
super_peaceful,2,1,1
super_pathetic,2,2,0
so_buggy,2,2,0
super_outgoing,2,2,0
so_cancerous,2,2,0
so_disordered,2,2,0
super_elegant,2,0,2
so_disorienting,2,2,0
sufficiently_ambitious,2,1,1
sufficiently_extreme,2,2,0
sufficiently_exciting,2,1,1
sufficiently_evasive,2,2,0
sufficiently_efficient,2,1,1
sufficiently_dramatic,2,2,0
sufficiently_difficult,2,2,0
sufficiently_curious,2,2,0
sufficiently_correct,2,2,0
sufficiently_conservative,2,0,2
so_groggy,2,2,0
sufficiently_confident,2,2,0
sufficiently_concerned,2,2,0
sufficiently_complicated,2,2,0
sufficiently_common,2,2,0
sufficiently_clear,2,2,0
so_gutsy,2,1,1
sufficiently_certain,2,2,0
sufficiently_fortunate,2,2,0
so_gnarly,2,2,0
sufficiently_grand,2,1,1
sufficiently_obscure,2,1,1
sufficiently_rich,2,2,0
sufficiently_ready,2,2,0
sufficiently_rare,2,1,1
so_fruitless,2,1,1
sufficiently_pervasive,2,2,0
sufficiently_peculiar,2,1,1
sufficiently_patriotic,2,2,0
sufficiently_novel,2,2,0
so_gleeful,2,2,0
sufficiently_little,2,2,0
sufficiently_knowledgeable,2,1,1
sufficiently_intense,2,2,0
sufficiently_impressive,2,0,2
so_gimmicky,2,1,1
sufficiently_illicit,2,2,0
sufficiently_hot,2,2,0
so_harder,2,2,0
sufficiently_affordable,2,2,0
sufficiently_senior,2,0,2
sufficiently_affluent,2,2,0
suddenly_real,2,1,1
suddenly_ready,2,2,0
suddenly_present,2,2,0
suddenly_possible,2,2,0
suddenly_poorer,2,2,0
suddenly_overwhelming,2,2,0
so_hygienic,2,2,0
so_hyperactive,2,2,0
so_icky,2,1,1
suddenly_moot,2,2,0
so_iffy,2,1,1
so_ill-advised,2,1,1
so_ill-equipped,2,0,2
so_illegible,2,2,0
suddenly_funny,2,1,1
so_illusory,2,0,2
suddenly_friendly,2,2,0
suddenly_rich,2,2,0
suddenly_severe,2,2,0
suddenly_silent,2,2,0
suddenly_unemployed,2,2,0
sufficiently_adequate,2,2,0
sufficiently_active,2,2,0
sufficiently_accurate,2,2,0
suddenly_worse,2,2,0
suddenly_willing,2,2,0
suddenly_wary,2,2,0
suddenly_upset,2,2,0
so_high-tech,2,2,0
suddenly_simple,2,2,0
suddenly_unacceptable,2,2,0
suddenly_tired,2,2,0
suddenly_terrified,2,2,0
suddenly_sweet,2,2,0
suddenly_suspect,2,2,0
so_honorable,2,0,2
so_honored,2,2,0
sufficiently_self-evident,2,1,1
so_fractious,2,2,0
super_ecstatic,2,2,0
so_exacting,2,0,2
so_electronic,2,1,1
so_elite,2,2,0
so_elliptical,2,2,0
super_comforting,2,0,2
so_emphatic,2,2,0
so_empowering,2,0,2
super_cliche,2,0,2
so_enough,2,2,0
super_captivating,2,1,1
so_entrepreneurial,2,1,1
super_callous,2,2,0
super_bullish,2,2,0
super_brutal,2,1,1
so_ethical,2,0,2
super_blurry,2,2,0
so_evangelical,2,2,0
super_bland,2,2,0
so_effusive,2,2,0
super_consistent,2,2,0
super_cooperative,2,2,0
so_doubtful,2,2,0
super_earnest,2,2,0
super_dope,2,0,2
super_dominant,2,2,0
so_dizzy,2,2,0
so_domestic,2,1,1
super_discreet,2,2,0
so_doomed,2,2,0
super_disappointing,2,1,1
so_effeminate,2,2,0
so_driven,2,0,2
so_drowsy,2,2,0
so_dumbfounded,2,2,0
super_customizable,2,2,0
super_crispy,2,1,1
super_creamy,2,2,0
super_cosy,2,1,1
super_beneficial,2,2,0
so_exalted,2,2,0
so_forward,2,2,0
so_exasperating,2,2,0
suitably_awesome,2,0,2
suitably_adorable,2,2,0
so_flabbergasted,2,2,0
suitably_accurate,2,2,0
so_flaky,2,0,2
so_flammable,2,1,1
sufficiently_wide,2,2,0
sufficiently_weak,2,2,0
sufficiently_warm,2,2,0
sufficiently_valuable,2,1,1
sufficiently_useful,2,2,0
so_flirty,2,1,1
sufficiently_stupid,2,2,0
sufficiently_stringent,2,2,0
so_formative,2,0,2
sufficiently_significant,2,2,0
so_fortuitous,2,2,0
suitably_awestruck,2,2,0
suitably_badass,2,1,1
suitably_bizarre,2,0,2
suitably_outraged,2,2,0
super_afraid,2,2,0
so_external,2,1,1
super_absorbent,2,1,1
suitably_vague,2,2,0
suitably_tense,2,2,0
so_fallible,2,1,1
suitably_spooky,2,1,1
suitably_obnoxious,2,1,1
suitably_brilliant,2,0,2
suitably_nasty,2,0,2
so_far-flung,2,2,0
suitably_hot,2,2,0
suitably_grim,2,0,2
suitably_grand,2,2,0
so_fearsome,2,0,2
suitably_close,2,2,0
super_stunning,2,2,0
super_subtle,2,2,0
so_actual,2,2,0
supremely_qualified,2,2,0
supremely_valuable,2,1,1
supremely_unhelpful,2,1,1
slightly_disheartening,2,2,0
slightly_disheveled,2,2,0
slightly_disjointed,2,2,0
slightly_disorienting,2,1,1
slightly_dissonant,2,1,1
slightly_distant,2,2,0
slightly_distasteful,2,1,1
supremely_thoughtful,2,0,2
slightly_dodgy,2,1,1
slightly_doubtful,2,2,0
slightly_dumber,2,2,0
supremely_special,2,0,2
slightly_edgy,2,2,0
supremely_self-confident,2,2,0
slightly_effeminate,2,2,0
supremely_weird,2,0,2
supremely_wrong,2,1,1
slightly_derogatory,2,2,0
surely_debatable,2,2,0
surely_miserable,2,2,0
slightly_conscious,2,2,0
surely_lacking,2,0,2
surely_hard,2,2,0
slightly_corrosive,2,1,1
slightly_creative,2,1,1
slightly_critical,2,1,1
slightly_cumbersome,2,2,0
sure_excited,2,2,0
surely_busy,2,2,0
slightly_curvy,2,2,0
surely_able,2,2,0
sure_sure,2,2,0
slightly_deaf,2,2,0
slightly_defensive,2,2,0
slightly_deficient,2,2,0
slightly_elastic,2,2,0
slightly_epic,2,0,2
surely_old,2,2,0
slightly_erotic,2,0,2
slightly_guilty,2,2,0
slightly_hard,2,1,1
supremely_fit,2,2,0
supremely_entertaining,2,2,0
supremely_elegant,2,2,0
slightly_harsh,2,2,0
supremely_easy,2,2,0
slightly_hilly,2,2,0
slightly_hollow,2,0,2
slightly_hopeful,2,1,1
slightly_humid,2,2,0
supremely_disappointing,2,2,0
slightly_hungry,2,2,0
slightly_hypocritical,2,1,1
slightly_icky,2,2,0
slightly_impersonal,2,2,0
slightly_impressed,2,2,0
slightly_greener,2,0,2
supremely_impressed,2,2,0
slightly_gentler,2,1,1
slightly_foggy,2,2,0
slightly_evil,2,2,0
slightly_fancy,2,0,2
slightly_farther,2,2,0
supremely_perfect,2,2,0
slightly_favourable,2,2,0
supremely_optimistic,2,2,0
supremely_ironic,2,1,1
slightly_foreboding,2,0,2
slightly_generic,2,2,0
slightly_foreign,2,1,1
slightly_forward,2,2,0
slightly_fragrant,2,2,0
slightly_fun,2,0,2
slightly_funky,2,1,1
supremely_impressive,2,1,1
slightly_funnier,2,2,0
surely_moot,2,2,0
slightly_complex,2,1,1
slightly_indecent,2,0,2
slightly_angry,2,2,0
singularly_stunning,2,2,0
singularly_unfortunate,2,2,0
slightly_abrasive,2,0,2
surprisingly_broad,2,2,0
slightly_academic,2,1,1
slightly_adventurous,2,1,1
surprisingly_brief,2,2,0
surprisingly_brave,2,2,0
slightly_akin,2,0,2
surprisingly_boring,2,2,0
surprisingly_bold,2,2,0
surprisingly_blatant,2,2,0
slightly_amazing,2,2,0
surprisingly_big,2,2,0
surprisingly_benign,2,2,0
surprisingly_beneficial,2,2,0
slightly_anachronistic,2,1,1
singularly_special,2,0,2
singularly_satisfying,2,0,2
singularly_odd,2,0,2
surprisingly_brutal,2,2,0
simultaneously_strong,2,1,1
simultaneously_vague,2,2,0
simultaneously_wonderful,2,1,1
sincerely_curious,2,2,0
sincerely_helpful,2,2,0
surprisingly_casual,2,2,0
sincerely_willing,2,2,0
singularly_aware,2,2,0
singularly_interesting,2,1,1
singularly_brilliant,2,1,1
singularly_clear,2,1,1
singularly_degrading,2,0,2
singularly_dull,2,2,0
singularly_gloomy,2,0,2
singularly_incapable,2,2,0
singularly_ineffective,2,2,0
slightly_androgynous,2,1,1
slightly_angular,2,2,0
slightly_colorful,2,2,0
slightly_anti-social,2,2,0
slightly_bolder,2,0,2
surely_unaware,2,2,0
slightly_british,2,1,1
slightly_broad,2,2,0
surely_spectacular,2,1,1
slightly_bubbly,2,2,0
slightly_bullish,2,2,0
slightly_calmer,2,0,2
slightly_chaotic,2,2,0
surely_responsible,2,2,0
slightly_chewy,2,2,0
slightly_claustrophobic,2,2,0
slightly_cleaner,2,2,0
surely_possible,2,2,0
surely_picturesque,2,2,0
slightly_close,2,1,1
slightly_clumsy,2,1,1
slightly_blurred,2,2,0
surprisingly_absent,2,2,0
slightly_bitchy,2,1,1
slightly_asymmetrical,2,1,1
surprisingly_awesome,2,1,1
slightly_artificial,2,1,1
surprisingly_authentic,2,2,0
surprisingly_attractive,2,2,0
surprisingly_atmospheric,2,2,0
slightly_assertive,2,2,0
slightly_astonished,2,2,0
surprisingly_articulate,2,2,0
surprisingly_active,2,2,0
slightly_athletic,2,2,0
surprisingly_appropriate,2,1,1
slightly_backward,2,2,0
slightly_bald,2,2,0
slightly_basic,2,2,0
slightly_bearish,2,2,0
slightly_bewildered,2,2,0
slightly_inclined,2,2,0
slightly_inebriated,2,1,1
super_summery,2,1,1
slightly_unbalanced,2,1,1
slightly_suggestive,2,1,1
slightly_supernatural,2,0,2
super_uptight,2,2,0
super_upset,2,2,0
super_uplifting,2,2,0
super_upbeat,2,1,1
super_unrealistic,2,1,1
slightly_tedious,2,2,0
super_unhealthy,2,2,0
super_unhappy,2,2,0
slightly_tighter,2,0,2
slightly_tired,2,2,0
slightly_tough,2,2,0
slightly_tragic,2,0,2
super_uncool,2,2,0
slightly_trashy,2,2,0
slightly_trickier,2,1,1
slightly_stricter,2,2,0
slightly_streaky,2,2,0
super_vain,2,1,1
slightly_sleepy,2,1,1
slightly_shameful,2,0,2
super_vivid,2,1,1
slightly_shrinking,2,2,0
slightly_silky,2,2,0
super_vital,2,1,1
slightly_simpler,2,0,2
super_violent,2,1,1
slightly_slimmer,2,2,0
slightly_stiffer,2,1,1
super_vigilant,2,2,0
slightly_soggy,2,2,0
slightly_sore,2,2,0
slightly_special,2,1,1
slightly_startling,2,1,1
slightly_static,2,2,0
slightly_steeper,2,2,0
slightly_true,2,2,0
slightly_uncertain,2,2,0
slightly_separate,2,2,0
slightly_undone,2,2,0
slowly_shrinking,2,2,0
slowly_unfolding,2,2,0
slowly_warm,2,2,0
slyly_amusing,2,2,0
slyly_dystopian,2,0,2
super_terrifying,2,2,0
slyly_ironic,2,2,0
slyly_witty,2,2,0
super_terrible,2,1,1
so_abrasive,2,2,0
so_absorbent,2,2,0
super_tempting,2,2,0
so_accepting,2,2,0
so_accidental,2,2,0
so_accomplished,2,0,2
so_acerbic,2,2,0
so_acquainted,2,2,0
super_therapeutic,2,1,1
slightly_worrying,2,2,0
slightly_wistful,2,0,2
slightly_unresponsive,2,2,0
slightly_unfair,2,2,0
slightly_unfamiliar,2,0,2
slightly_unfavorable,2,2,0
slightly_unfortunate,2,1,1
super_ugly,2,1,1
super_truthful,2,2,0
slightly_unprepared,2,2,0
slightly_unstable,2,2,0
super_thirsty,2,2,0
slightly_upset,2,2,0
slightly_upsetting,2,1,1
slightly_urban,2,1,1
slightly_vulgar,2,1,1
super_toxic,2,1,1
slightly_weary,2,2,0
super_thrilling,2,1,1
slightly_sexual,2,0,2
slightly_safer,2,2,0
slightly_inferior,2,2,0
slightly_murky,2,2,0
slightly_lumpy,2,2,0
slightly_macabre,2,1,1
supposedly_wary,2,2,0
slightly_manic,2,2,0
slightly_mannered,2,2,0
slightly_mechanical,2,1,1
slightly_medieval,2,0,2
supposedly_unbiased,2,2,0
slightly_melancholic,2,2,0
supposedly_true,2,2,0
supposedly_smarter,2,1,1
slightly_messy,2,2,0
supposedly_responsible,2,2,0
slightly_misogynistic,2,0,2
slightly_misunderstood,2,2,0
supposedly_positive,2,0,2
slightly_morbid,2,2,0
supposedly_willing,2,0,2
supremely_active,2,2,0
supremely_arrogant,2,2,0
slightly_irrational,2,0,2
slightly_informal,2,0,2
slightly_injured,2,2,0
supremely_delicious,2,2,0
supremely_creepy,2,0,2
supremely_creative,2,2,0
slightly_intoxicated,2,1,1
slightly_intriguing,2,0,2
supremely_cool,2,0,2
slightly_looser,2,1,1
supremely_conscious,2,2,0
slightly_itchy,2,2,0
slightly_large,2,2,0
slightly_lax,2,2,0
supremely_clever,2,2,0
supremely_catchy,2,2,0
supremely_capable,2,2,0
supposedly_interested,2,1,1
slightly_mystical,2,1,1
slightly_runny,2,2,0
supposedly_intelligent,2,0,2
slightly_plump,2,2,0
slightly_poor,2,2,0
slightly_poorer,2,2,0
slightly_precious,2,0,2
slightly_present,2,2,0
slightly_pretentious,2,2,0
super_willing,2,2,0
slightly_problematic,2,2,0
slightly_proprietary,2,2,0
slightly_purple,2,2,0
slightly_ragged,2,2,0
slightly_rare,2,0,2
slightly_redundant,2,2,0
slightly_regressive,2,2,0
slightly_relevant,2,2,0
slightly_resentful,2,2,0
slightly_resistant,2,2,0
superbly_qualified,2,0,2
slightly_pliable,2,2,0
superbly_skilled,2,2,0
slightly_ominous,2,0,2
slightly_nasty,2,1,1
slightly_needy,2,2,0
slightly_nerve-wracking,2,2,0
slightly_nicer,2,1,1
supposedly_close,2,0,2
slightly_obscure,2,2,0
supposedly_available,2,2,0
superficially_muslim,2,2,0
slightly_perplexed,2,2,0
slightly_outside,2,1,1
slightly_overcooked,2,2,0
slightly_overdone,2,2,0
superficially_charming,2,2,0
slightly_paradoxical,2,0,2
slightly_paranoid,2,1,1
slightly_peculiar,2,1,1
psychologically_fragile,2,1,1
psychologically_distressing,2,2,0
psychologically_different,2,1,1
oddly_rhythmic,2,1,1
oddly_smooth,2,2,0
oddly_sparse,2,2,0
undeniably_essential,2,1,1
oddly_static,2,1,1
oddly_stilted,2,2,0
oddly_thrilling,2,1,1
oddly_uninterested,2,2,0
oddly_unique,2,0,2
oddly_vitriolic,2,2,0
off_busy,2,2,0
off_easy,2,2,0
off_shy,2,2,0
off_worse,2,2,0
offensively_bad,2,2,0
offensively_bland,2,1,1
offensively_ignorant,2,2,0
offensively_minded,2,1,1
oddly_roman,2,0,2
undeniably_exotic,2,0,2
obviously_menacing,2,0,2
oddly_quirky,2,0,2
oddly_heartfelt,2,1,1
oddly_heroic,2,0,2
oddly_hilarious,2,1,1
oddly_humble,2,0,2
oddly_innocent,2,1,1
oddly_insightful,2,2,0
oddly_interesting,2,2,0
oddly_ironic,2,1,1
undeniably_feminine,2,0,2
oddly_jarring,2,0,2
oddly_likable,2,0,2
oddly_lovable,2,0,2
oddly_meaningful,2,0,2
oddly_nice,2,0,2
oddly_patriotic,2,1,1
oddly_perfect,2,0,2
oddly_plain,2,2,0
offensively_potent,2,1,1
officially_amazing,2,2,0
officially_bilingual,2,2,0
officially_eligible,2,2,0
often_beautiful,2,2,0
often_black,2,2,0
often_busy,2,2,0
often_campy,2,2,0
often_casual,2,2,0
often_catastrophic,2,2,0
often_close,2,2,0
often_closer,2,2,0
often_cold,2,2,0
often_common,2,1,1
often_complete,2,2,0
undeniably_cosmic,2,0,2
undeniably_correct,2,2,0
often_controversial,2,2,0
often_counterproductive,2,2,0
often_daily,2,2,0
often_depressing,2,0,2
often_bad,2,2,0
often_awkward,2,2,0
often_awful,2,2,0
officially_resident,2,2,0
officially_free,2,2,0
officially_official,2,2,0
officially_open,2,2,0
officially_poor,2,1,1
officially_qualified,2,2,0
officially_ready,2,2,0
undeniably_enchanting,2,0,2
officially_subject,2,2,0
often_apparent,2,2,0
officially_wrong,2,1,1
often_abstract,2,1,1
often_absurd,2,1,1
often_accessible,2,2,0
often_accurate,2,2,0
often_alone,2,2,0
often_annoying,2,2,0
oddly_great,2,0,2
oddly_gentle,2,2,0
oddly_generic,2,0,2
obviously_young,2,2,0
obviously_sensitive,2,1,1
obviously_significant,2,1,1
obviously_silly,2,1,1
obviously_simple,2,0,2
obviously_smart,2,2,0
obviously_strange,2,1,1
obviously_successful,2,1,1
undeniably_impressive,2,1,1
obviously_unbelievable,2,1,1
obviously_unfinished,2,2,0
obviously_unfit,2,2,0
obviously_unhappy,2,1,1
obviously_unhinged,2,0,2
obviously_uninformed,2,0,2
obviously_unjust,2,2,0
obviously_unrealistic,2,2,0
obviously_useful,2,1,1
obviously_sensible,2,2,0
obviously_self-destructive,2,0,2
obviously_rubbish,2,2,0
obviously_phony,2,1,1
obviously_obsessed,2,2,0
obviously_odious,2,1,1
obviously_one-sided,2,2,0
obviously_overweight,2,1,1
obviously_partisan,2,1,1
obviously_passionate,2,2,0
obviously_perfect,2,0,2
obviously_pleased,2,2,0
undeniably_inspiring,2,1,1
undeniably_intimate,2,0,2
obviously_proud,2,2,0
obviously_questionable,2,2,0
obviously_racist,2,2,0
obviously_real,2,0,2
obviously_religious,2,2,0
obviously_reluctant,2,2,0
obviously_vindictive,2,2,0
obviously_younger,2,1,1
oddly_fun,2,0,2
occasionally_brown,2,2,0
occasionally_yellow,2,2,0
oddly_addicting,2,1,1
oddly_amiss,2,1,1
oddly_amusing,2,2,0
oddly_anachronistic,2,1,1
undeniably_heartfelt,2,1,1
undeniably_harsh,2,2,0
oddly_calm,2,1,1
oddly_cinematic,2,0,2
oddly_creepy,2,0,2
oddly_distant,2,2,0
oddly_effective,2,2,0
undeniably_fresh,2,0,2
oddly_evocative,2,1,1
oddly_exciting,2,1,1
oddly_exhilarating,2,0,2
oddly_fitting,2,1,1
occasionally_worth,2,1,1
occasionally_worse,2,2,0
occasionally_violent,2,1,1
occasionally_more,2,2,0
occasionally_creative,2,2,0
occasionally_gray,2,2,0
occasionally_hard,2,2,0
occasionally_hostile,2,2,0
occasionally_hot,2,2,0
occasionally_large,2,2,0
occasionally_larger,2,2,0
occasionally_necessary,2,1,1
occasionally_smooth,2,2,0
occasionally_negative,2,2,0
occasionally_open,2,2,0
occasionally_overbearing,2,2,0
occasionally_physical,2,2,0
occasionally_pink,2,2,0
occasionally_plastic,2,2,0
occasionally_silly,2,2,0
often_dirty,2,2,0
undeniably_clever,2,1,1
often_disappointing,2,2,0
once_open,2,2,0
once_handsome,2,2,0
once_healthy,2,2,0
once_heartening,2,2,0
uncomfortably_perceptive,2,2,0
uncomfortably_loud,2,2,0
once_illegal,2,1,1
once_important,2,2,0
once_impressive,2,2,0
once_inherent,2,1,1
uncomfortably_long,2,2,0
once_legal,2,2,0
once_live,2,1,1
once_loyal,2,1,1
once_meditative,2,2,0
once_minimalist,2,2,0
once_muslim,2,2,0
once_natural,2,2,0
once_functional,2,1,1
once_frustrating,2,2,0
once_exhausted,2,2,0
once_conscious,2,2,0
once_afraid,2,1,1
uncomfortably_spot-on,2,1,1
once_amazing,2,2,0
once_angry,2,2,0
once_big,2,2,0
once_common,2,1,1
once_communist,2,2,0
once_cool,2,2,0
uncomfortably_reminiscent,2,2,0
once_creamy,2,2,0
once_difficult,2,1,1
once_dry,2,2,0
once_efficient,2,2,0
uncomfortably_rosy,2,0,2
once_excited,2,2,0
once_exciting,2,2,0
once_nauseating,2,2,0
once_operational,2,2,0
ominously_silent,2,2,0
once_perfect,2,2,0
once_wild,2,1,1
once_worried,2,2,0
online_able,2,2,0
online_better,2,1,1
uncomfortably_heavy,2,2,0
uncomfortably_groggy,2,2,0
only_absolute,2,2,0
only_academic,2,2,0
uncomfortably_graphic,2,2,0
only_aesthetic,2,2,0
only_alternative,2,2,0
only_american,2,2,0
only_amusing,2,2,0
only_anecdotal,2,2,0
only_appealing,2,2,0
uncomfortably_exciting,2,0,2
uncomfortably_earnest,2,2,0
once_white,2,2,0
once_weekly,2,2,0
once_valuable,2,2,0
once_sacred,2,0,2
once_playful,2,2,0
once_poor,2,2,0
once_powerful,2,2,0
once_private,2,2,0
once_prosperous,2,0,2
once_raw,2,1,1
once_recognizable,2,2,0
once_sad,2,2,0
once_unique,2,1,1
once_significant,2,1,1
once_sober,2,2,0
once_subtle,2,2,0
once_terrified,2,2,0
once_timeless,2,2,0
once_tragic,2,1,1
once_underway,2,2,0
uncomfortably_tight,2,2,0
ominously_methodical,2,0,2
often_dull,2,2,0
often_preferable,2,2,0
often_inaccurate,2,2,0
often_incomprehensible,2,2,0
often_inconsistent,2,2,0
often_inexperienced,2,2,0
undeniably_better,2,2,0
often_invasive,2,2,0
often_larger,2,2,0
often_loath,2,1,1
often_long,2,2,0
often_male,2,0,2
often_misleading,2,2,0
undeniably_american,2,0,2
often_most,2,0,2
often_obtainable,2,2,0
often_opaque,2,1,1
often_outrageous,2,1,1
often_poor,2,2,0
often_important,2,2,0
often_illogical,2,2,0
often_identical,2,1,1
often_fleeting,2,2,0
often_effective,2,2,0
often_embarrassing,2,2,0
undeniably_classic,2,1,1
often_explicit,2,2,0
undeniably_childish,2,0,2
often_fascinating,2,2,0
often_flat,2,2,0
undeniably_cathartic,2,0,2
often_hungry,2,2,0
often_frustrated,2,2,0
undeniably_catchy,2,2,0
often_green,2,2,0
often_handy,2,1,1
undeniably_blessed,2,2,0
often_hectic,2,2,0
often_hesitant,2,2,0
often_portable,2,2,0
often_prohibitive,2,2,0
oftentimes_worse,2,2,0
often_proud,2,2,0
often_understated,2,2,0
often_unexpected,2,2,0
often_unfortunate,2,2,0
often_unintentional,2,2,0
often_unique,2,2,0
often_unnecessary,2,2,0
uncommonly_lucky,2,2,0
often_unnoticed,2,2,0
often_unplanned,2,2,0
often_unsuccessful,2,2,0
often_vague,2,2,0
often_virtual,2,2,0
often_weak,2,2,0
often_wistful,2,2,0
often_worried,2,2,0
often_young,2,1,1
often_zero,2,2,0
often_underrated,2,2,0
often_unclear,2,2,0
often_uncertain,2,2,0
often_small,2,0,2
often_provocative,2,1,1
often_quicker,2,2,0
often_redundant,2,2,0
often_replete,2,1,1
often_scarce,2,1,1
often_secondary,2,2,0
often_several,2,2,0
often_specific,2,2,0
often_unavoidable,2,2,0
often_speedy,2,2,0
often_sufficient,2,2,0
often_tired,2,2,0
often_tough,2,2,0
often_tumultuous,2,2,0
uncommonly_strong,2,2,0
often_unappreciated,2,2,0
obviously_miserable,2,2,0
obviously_man-made,2,0,2
unequivocally_negative,2,0,2
now_achievable,2,2,0
now_adept,2,2,0
now_adjacent,2,2,0
now_adult,2,2,0
now_alert,2,2,0
now_alright,2,2,0
now_antiquated,2,2,0
now_apt,2,2,0
undoubtedly_difficult,2,2,0
undoubtedly_busy,2,2,0
now_awash,2,2,0
now_bad,2,2,0
now_bare,2,2,0
now_beautiful,2,2,0
now_beholden,2,2,0
now_best,2,2,0
undoubtedly_bad,2,2,0
now_bullish,2,2,0
undoubtedly_excellent,2,2,0
now_accurate,2,2,0
obviously_magical,2,2,0
undoubtedly_fortunate,2,2,0
noticeably_upset,2,2,0
noticeably_younger,2,2,0
notoriously_complex,2,2,0
undoubtedly_incorrect,2,2,0
notoriously_familiar,2,2,0
notoriously_impulsive,2,2,0
notoriously_ineffective,2,2,0
notoriously_poor,2,1,1
notoriously_private,2,2,0
notoriously_reluctant,2,2,0
notoriously_shy,2,2,0
notoriously_terrible,2,2,0
notoriously_tough,2,2,0
notoriously_unpredictable,2,2,0
now_3d,2,2,0
undoubtedly_guilty,2,2,0
now_abundant,2,1,1
now_catholic,2,2,0
now_challenging,2,0,2
now_cheap,2,2,0
understandably_unsure,2,2,0
now_fashionable,2,2,0
now_fast,2,2,0
now_fat,2,2,0
understandably_leery,2,2,0
understandably_keen,2,2,0
now_great,2,2,0
understandably_frustrated,2,2,0
understandably_frazzled,2,2,0
now_high,2,2,0
understandably_fearful,2,2,0
now_human,2,2,0
now_illegible,2,2,0
now_immaterial,2,2,0
now_immortal,2,2,0
now_immune,2,2,0
now_important,2,2,0
now_inclusive,2,2,0
understandably_less,2,2,0
now_fair,2,2,0
now_exempt,2,2,0
now_disenchanted,2,2,0
now_compliant,2,2,0
understandably_unaware,2,2,0
now_conspicuous,2,2,0
now_correct,2,2,0
understandably_shocked,2,2,0
understandably_sensitive,2,2,0
understandably_sceptical,2,2,0
now_disinterested,2,2,0
now_evil,2,2,0
now_doable,2,2,0
understandably_scared,2,2,0
understandably_reticent,2,2,0
now_electronic,2,2,0
now_embarrassing,2,2,0
now_envious,2,2,0
now_essential,2,2,0
noticeably_unique,2,1,1
noticeably_uneven,2,2,0
noticeably_uncomfortable,2,2,0
unduly_alarmed,2,2,0
unduly_optimistic,2,2,0
not_viewable,2,2,0
not_vintage,2,2,0
unduly_onerous,2,2,0
unduly_negative,2,2,0
unduly_intrusive,2,2,0
unduly_high,2,2,0
unduly_fearful,2,2,0
unduly_favorable,2,2,0
unduly_expensive,2,2,0
not_weekly,2,2,0
not_weighty,2,2,0
unduly_difficult,2,2,0
unduly_deferential,2,2,0
not_wholesome,2,2,0
not_wooden,2,1,1
not_wordy,2,2,0
unduly_painful,2,2,0
not_vertical,2,2,0
unduly_respectful,2,1,1
unduly_suggestive,2,2,0
not_unenforceable,2,2,0
unequivocally_good,2,1,1
not_unfriendly,2,2,0
not_unhealthy,2,2,0
unequivocally_false,2,2,0
not_unjust,2,2,0
not_unkind,2,2,0
unduly_slow,2,2,0
not_urban,2,2,0
not_unsuited,2,2,0
unduly_sensitive,2,2,0
not_unwilling,2,2,0
not_unworthy,2,2,0
not_upright,2,2,0
unduly_rough,2,2,0
not_upsetting,2,2,0
not_worrisome,2,2,0
undoubtedly_wrong,2,2,0
noticeably_similar,2,2,0
undoubtedly_wonderful,2,1,1
notably_slow,2,2,0
undoubtedly_legitimate,2,2,0
notably_troublesome,2,2,0
notably_useful,2,2,0
undoubtedly_innocent,2,2,0
noticeably_amiss,2,2,0
noticeably_clean,2,2,0
noticeably_excited,2,2,0
noticeably_large,2,2,0
noticeably_lighter,2,2,0
noticeably_missing,2,0,2
noticeably_more,2,2,0
noticeably_older,2,2,0
noticeably_quicker,2,2,0
noticeably_quiet,2,2,0
noticeably_relaxed,2,2,0
noticeably_silent,2,2,0
notably_similar,2,1,1
notably_sensitive,2,2,0
notably_quiet,2,2,0
undoubtedly_right,2,2,0
undoubtedly_talented,2,2,0
not_yummy,2,2,0
undoubtedly_shocked,2,2,0
not_zero,2,2,0
notably_bad,2,2,0
notably_brutal,2,2,0
notably_close,2,1,1
notably_harmful,2,1,1
undoubtedly_lucky,2,2,0
notably_helpful,2,2,0
notably_inferior,2,2,0
notably_interested,2,2,0
notably_lower,2,2,0
notably_present,2,2,0
undoubtedly_related,2,2,0
undoubtedly_powerful,2,0,2
now_incomplete,2,2,0
now_ineligible,2,2,0
now_inseparable,2,2,0
obviously_derivative,2,2,0
obsessively_secretive,2,2,0
obviously_akin,2,0,2
obviously_amazing,2,1,1
obviously_apparent,2,2,0
obviously_attributable,2,2,0
undeniably_quirky,2,1,1
undeniably_profound,2,0,2
obviously_biased,2,1,1
obviously_bogus,2,1,1
obviously_brilliant,2,1,1
obviously_busy,2,2,0
obviously_contrived,2,1,1
obviously_correct,2,2,0
obviously_critical,2,2,0
obviously_crucial,2,1,1
obviously_curious,2,2,0
obviously_dear,2,0,2
obscenely_wrong,2,1,1
obscenely_outrageous,2,2,0
obscenely_large,2,1,1
objectively_horrifying,2,1,1
nutritionally_inadequate,2,2,0
nutritionally_poor,2,2,0
nutritionally_sound,2,2,0
nutritionally_valuable,2,1,1
objectively_attractive,2,1,1
objectively_disordered,2,1,1
undeniably_riveting,2,0,2
objectively_irrelevant,2,2,0
obscenely_expensive,2,2,0
objectively_positive,2,1,1
objectively_stupid,2,0,2
undeniably_retro,2,0,2
obnoxiously_rich,2,2,0
obnoxiously_stupid,2,2,0
obscenely_biological,2,1,1
obscenely_disingenuous,2,0,2
obviously_deliberate,2,2,0
obviously_desirable,2,2,0
nutritionally_different,2,2,0
obviously_dirty,2,1,1
obviously_inappropriate,2,2,0
obviously_incredible,2,2,0
obviously_inevitable,2,2,0
obviously_inexperienced,2,2,0
obviously_inflammatory,2,1,1
obviously_innocent,2,1,1
obviously_insulting,2,2,0
undeniably_irresistible,2,0,2
obviously_invalid,2,2,0
obviously_involved,2,1,1
obviously_irrational,2,2,0
obviously_japanese,2,0,2
obviously_keen,2,1,1
obviously_knowledgeable,2,0,2
undeniably_intriguing,2,1,1
obviously_local,2,1,1
obviously_loose,2,2,0
obviously_ill,2,2,0
undeniably_necessary,2,2,0
obviously_ideological,2,2,0
obviously_fine,2,2,0
obviously_disheartened,2,2,0
obviously_disinterested,2,2,0
obviously_distraught,2,2,0
obviously_due,2,2,0
obviously_empty,2,2,0
undeniably_personal,2,0,2
obviously_fantastic,2,2,0
obviously_frivolous,2,2,0
obviously_horrible,2,1,1
obviously_funny,2,1,1
obviously_futile,2,2,0
undeniably_nostalgic,2,0,2
obviously_great,2,1,1
obviously_hard,2,1,1
obviously_heavy,2,1,1
obviously_helpful,2,2,0
nutritionally_identical,2,2,0
nutritionally_dense,2,1,1
now_invalid,2,2,0
now_secondary,2,2,0
now_political,2,2,0
now_popular,2,2,0
now_preventable,2,2,0
now_pro,2,2,0
now_problematic,2,2,0
now_professional,2,2,0
now_prominent,2,1,1
undeniably_wonderful,2,0,2
undeniably_wild,2,1,1
now_questionable,2,2,0
now_quick,2,2,0
now_reliant,2,2,0
now_resident,2,2,0
now_resistant,2,2,0
undeniably_tough,2,2,0
undeniably_thrilling,2,0,2
now_scarce,2,2,0
now_pink,2,2,0
now_peaceful,2,2,0
now_overweight,2,2,0
now_loose,2,2,0
understandably_edgy,2,2,0
now_lacking,2,2,0
now_large,2,2,0
understandably_desperate,2,2,0
understandably_cynical,2,2,0
understandably_curious,2,2,0
now_long,2,2,0
now_motionless,2,2,0
now_overdue,2,2,0
now_muslim,2,2,0
now_naked,2,2,0
now_negotiable,2,2,0
understandably_confusing,2,2,0
understandably_cautious,2,2,0
now_other,2,0,2
understandably_aggressive,2,2,0
now_second,2,2,0
now_sensitive,2,2,0
nutritionally_adequate,2,2,0
now_separate,2,1,1
now_unlawful,2,2,0
now_unlikely,2,2,0
now_unnecessary,2,2,0
now_unrecognizable,2,2,0
now_unthinkable,2,1,1
now_urban,2,2,0
now_urgent,2,2,0
now_vegetarian,2,2,0
now_visual,2,2,0
undeniably_sexual,2,0,2
now_wealthy,2,2,0
now_wiser,2,2,0
now_wishful,2,2,0
undeniably_seductive,2,0,2
numbingly_technical,2,2,0
numerically_correct,2,2,0
numerically_similar,2,2,0
now_unionized,2,2,0
now_uninhabitable,2,2,0
now_unfolding,2,1,1
now_sterile,2,2,0
now_serious,2,2,0
now_shaky,2,2,0
now_short,2,2,0
now_shorter,2,2,0
now_skittish,2,2,0
now_social,2,2,0
undeniably_therapeutic,2,0,2
now_strange,2,2,0
undeniably_singular,2,0,2
now_stricter,2,2,0
undeniably_talented,2,2,0
undeniably_sweet,2,0,2
now_taller,2,2,0
now_terrified,2,2,0
now_uncommon,2,2,0
now_undeniable,2,2,0
uncomfortably_dry,2,2,0
only_audible,2,2,0
only_authentic,2,2,0
ultimately_inevitable,2,2,0
ultimately_indifferent,2,2,0
otherwise_unaffiliated,2,2,0
otherwise_unambiguous,2,2,0
otherwise_unappreciated,2,2,0
otherwise_unattainable,2,2,0
ultimately_immaterial,2,0,2
otherwise_unbelievable,2,2,0
ultimately_healthy,2,2,0
otherwise_unconstitutional,2,1,1
ultimately_happy,2,1,1
otherwise_uncooperative,2,2,0
otherwise_underrepresented,2,2,0
ultimately_gratifying,2,0,2
otherwise_underwater,2,2,0
otherwise_underwhelming,2,2,0
otherwise_undeserved,2,2,0
otherwise_undeveloped,2,2,0
otherwise_trustworthy,2,2,0
ultimately_irrelevant,2,2,0
uncomfortably_apocalyptic,2,2,0
ultimately_likely,2,2,0
ultimately_real,2,2,0
otherwise_spiritual,2,2,0
otherwise_stimulating,2,2,0
otherwise_subversive,2,2,0
ultimately_passive,2,1,1
otherwise_suggestive,2,2,0
ultimately_necessary,2,2,0
otherwise_superhuman,2,2,0
otherwise_suspect,2,2,0
ultimately_moot,2,2,0
otherwise_sustainable,2,2,0
otherwise_taboo,2,2,0
otherwise_tight,2,2,0
otherwise_tired,2,2,0
otherwise_tough,2,2,0
ultimately_meaningful,2,2,0
otherwise_tragic,2,2,0
otherwise_unexplained,2,2,0
otherwise_unexplored,2,2,0
ultimately_fair,2,2,0
otherwise_unfeasible,2,2,0
ultimately_appealing,2,0,2
ultimately_afraid,2,2,0
ultimately_acceptable,2,2,0
ultimately_absurd,2,2,0
otherwise_unsound,2,2,0
otherwise_unsubstantiated,2,2,0
uber_trendy,2,0,2
otherwise_untold,2,2,0
uber_talented,2,2,0
uber_sensitive,2,2,0
uber_popular,2,2,0
uber_important,2,0,2
uber_hot,2,2,0
otherwise_unwieldy,2,2,0
uber_busy,2,2,0
otherwise_unworkable,2,2,0
uber_attractive,2,2,0
otherwise_unruly,2,2,0
ultimately_benign,2,2,0
otherwise_unrealistic,2,2,0
otherwise_uninformed,2,2,0
otherwise_unfinished,2,2,0
ultimately_empty,2,2,0
otherwise_unforeseen,2,2,0
otherwise_unforgiving,2,2,0
otherwise_unfriendly,2,2,0
ultimately_effective,2,2,0
otherwise_unimportant,2,2,0
ultimately_eager,2,2,0
otherwise_unpopular,2,2,0
ultimately_detrimental,2,1,1
otherwise_uninsured,2,2,0
ultimately_dangerous,2,2,0
ultimately_costly,2,2,0
otherwise_unoccupied,2,2,0
otherwise_unpalatable,2,2,0
otherwise_unplayable,2,2,0
otherwise_social,2,2,0
otherwise_slow,2,2,0
otherwise_slick,2,2,0
otherwise_perceptible,2,2,0
otherwise_measurable,2,2,0
otherwise_mediocre,2,2,0
ultra_creepy,2,1,1
otherwise_messy,2,2,0
otherwise_mobile,2,2,0
otherwise_moderate,2,2,0
otherwise_naked,2,2,0
otherwise_nasty,2,2,0
ultimately_worthless,2,1,1
otherwise_non-existent,2,2,0
otherwise_novel,2,2,0
otherwise_oblivious,2,2,0
otherwise_obsolete,2,2,0
ultimately_useful,2,0,2
ultimately_unsustainable,2,1,1
otherwise_painful,2,2,0
otherwise_partisan,2,2,0
otherwise_mean,2,2,0
otherwise_manipulative,2,2,0
otherwise_manageable,2,2,0
ultra_friendly,2,2,0
otherwise_interactive,2,2,0
otherwise_intimate,2,2,0
otherwise_intimidating,2,2,0
otherwise_intolerable,2,2,0
ultra_healthy,2,1,1
otherwise_intoxicating,2,2,0
ultra_glamorous,2,1,1
otherwise_justifiable,2,2,0
otherwise_major,2,2,0
ultra_fresh,2,2,0
ultra_formal,2,0,2
otherwise_lackluster,2,2,0
otherwise_lazy,2,2,0
otherwise_left-wing,2,2,0
ultra_excited,2,2,0
otherwise_lower,2,2,0
otherwise_patriarchal,2,2,0
otherwise_pleasant,2,2,0
otherwise_sketchy,2,2,0
otherwise_pleasurable,2,2,0
otherwise_retarded,2,2,0
otherwise_returnable,2,2,0
ultimately_socialist,2,2,0
otherwise_rich,2,2,0
ultimately_selfish,2,2,0
otherwise_ridiculous,2,2,0
ultimately_secondary,2,2,0
otherwise_romantic,2,2,0
otherwise_satisfying,2,2,0
otherwise_scandalous,2,2,0
otherwise_scenic,2,2,0
otherwise_secular,2,2,0
otherwise_sensational,2,2,0
ultimately_romantic,2,2,0
ultimately_right,2,2,0
otherwise_simple,2,2,0
ultimately_reductive,2,2,0
ultimately_subject,2,2,0
otherwise_respectable,2,1,1
otherwise_resistant,2,2,0
ultimately_undesirable,2,1,1
otherwise_predisposed,2,2,0
ultimately_unsatisfactory,2,2,0
ultimately_unreal,2,2,0
otherwise_prominent,2,2,0
ultimately_unproductive,2,1,1
otherwise_public,2,2,0
ultimately_unfounded,2,2,0
otherwise_quiet,2,2,0
ultimately_sweet,2,0,2
otherwise_reckless,2,2,0
otherwise_reflective,2,2,0
otherwise_regular,2,2,0
otherwise_relatable,2,2,0
ultimately_trivial,2,0,2
ultimately_traceable,2,2,0
ultimately_sympathetic,2,2,0
typically_willing,2,2,0
typically_unseen,2,1,1
otherwise_valid,2,2,0
over_due,2,2,0
outwardly_friendly,2,2,0
outwardly_heroic,2,0,2
outwardly_nice,2,1,1
outwardly_rude,2,2,0
outwardly_sexist,2,1,1
over_abundant,2,2,0
over_aggressive,2,2,0
over_air-conditioned,2,2,0
over_arousing,2,2,0
over_best,2,2,0
over_big,2,2,0
over_caring,2,2,0
over_comfortable,2,2,0
typically_concerned,2,2,0
over_concerned,2,2,0
over_correct,2,2,0
over_critical,2,2,0
outwardly_enthusiastic,2,2,0
outwardly_different,2,1,1
outwardly_cheerful,2,2,0
outright_uncomfortable,2,2,0
outright_skeptical,2,2,0
typically_difficult,2,1,1
outright_supportive,2,2,0
outright_suspicious,2,2,0
outright_threatening,2,2,0
outright_tragic,2,2,0
outright_ugly,2,2,0
outright_unethical,2,2,0
outwardly_calm,2,2,0
outright_vile,2,2,0
outright_villainous,2,2,0
typically_correct,2,1,1
outstandingly_bad,2,2,0
outstandingly_difficult,2,1,1
outstandingly_productive,2,2,0
outwardly_angry,2,2,0
over_double,2,2,0
typically_busy,2,2,0
outright_sexual,2,2,0
over_exaggerated,2,2,0
typically_able,2,2,0
overly_appealing,2,2,0
overly_artsy,2,1,1
overly_baggy,2,2,0
overly_bearish,2,2,0
overly_bitchy,2,1,1
overly_black,2,2,0
overly_boisterous,2,2,0
overly_bombastic,2,2,0
overly_brown,2,2,0
overly_brutal,2,2,0
twice_smaller,2,2,0
overly_cartoonish,2,2,0
overly_cold,2,2,0
overly_comedic,2,2,0
overly_compassionate,2,2,0
truly_wretched,2,1,1
overly_alarmist,2,2,0
typically_absent,2,1,1
typically_aggressive,2,2,0
over_responsive,2,2,0
over_fond,2,2,0
typically_boring,2,1,1
typically_banal,2,1,1
over_oily,2,2,0
over_old,2,2,0
typically_attractive,2,2,0
typically_asian,2,0,2
over_seasoned,2,2,0
overly_abstract,2,2,0
over_serious,2,2,0
over_sexualized,2,2,0
over_vehement,2,2,0
over_wet,2,2,0
overall_best,2,2,0
overall_positive,2,2,0
overly_abrupt,2,2,0
outright_short,2,2,0
outright_sexist,2,2,0
otherwise_vertical,2,2,0
outright_crooked,2,2,0
outrageously_dishonest,2,1,1
outrageously_erotic,2,0,2
typically_quick,2,2,0
outrageously_happy,2,2,0
outrageously_outspoken,2,2,0
outrageously_overpriced,2,2,0
outrageously_pricey,2,2,0
outrageously_selfish,2,1,1
outrageously_wonderful,2,0,2
outright_antagonistic,2,2,0
outright_awful,2,2,0
typically_optional,2,0,2
outright_bigoted,2,2,0
typically_new,2,1,1
outright_cheesy,2,2,0
outright_cold,2,2,0
outright_comical,2,2,0
outrageously_delicious,2,1,1
outrageously_dangerous,2,1,1
outrageously_complex,2,1,1
typically_representative,2,2,0
typically_short,2,2,0
otherwise_wasteful,2,2,0
otherwise_wet,2,2,0
typically_severe,2,2,0
typically_safe,2,2,0
out_amazing,2,2,0
out_busy,2,2,0
out_creepy,2,2,0
outrageously_comic,2,2,0
out_hilarious,2,2,0
typically_related,2,2,0
typically_ready,2,2,0
typically_quirky,2,1,1
outrageously_attractive,2,2,0
outrageously_bad,2,1,1
outrageously_big,2,1,1
outright_confused,2,2,0
outright_damaging,2,2,0
outright_selfish,2,1,1
typically_interested,2,2,0
outright_incoherent,2,2,0
outright_incredulous,2,2,0
outright_insulting,2,2,0
outright_lame,2,2,0
outright_laughable,2,2,0
outright_mad,2,2,0
outright_manipulative,2,2,0
outright_meaningless,2,2,0
outright_mistaken,2,2,0
outright_necessary,2,2,0
outright_objectionable,2,2,0
outright_optimistic,2,2,0
outright_partisan,2,2,0
outright_quirky,2,2,0
outright_resistant,2,2,0
outright_sadistic,2,2,0
outright_scared,2,2,0
outright_inappropriate,2,2,0
typically_easy,2,1,1
typically_european,2,0,2
outright_embarrassing,2,2,0
outright_devastating,2,2,0
outright_different,2,2,0
outright_difficult,2,2,0
outright_disappointing,2,2,0
outright_discriminatory,2,2,0
outright_disrespectful,2,2,0
outright_dumb,2,2,0
outright_erroneous,2,2,0
outright_horrifying,2,2,0
outright_exceptional,2,2,0
outright_famous,2,2,0
outright_fantastical,2,2,0
typically_french,2,1,1
outright_frightened,2,2,0
outright_goofy,2,2,0
outright_hateful,2,2,0
otherwise_intelligent,2,2,0
ultra_pigmented,2,2,0
ultra_polite,2,2,0
only_useable,2,2,0
only_shocked,2,2,0
only_shocking,2,2,0
only_significant,2,1,1
unbelievably_naive,2,2,0
only_speculative,2,2,0
unbelievably_magnificent,2,0,2
only_stupid,2,1,1
only_subtle,2,2,0
only_suggestive,2,2,0
unbelievably_irritating,2,1,1
only_symptomatic,2,2,0
only_tangential,2,2,0
unbelievably_interesting,2,2,0
only_tenuous,2,2,0
only_thirsty,2,2,0
only_treatable,2,2,0
unbelievably_intelligent,2,1,1
only_sexual,2,2,0
only_several,2,2,0
only_serious,2,2,0
only_realistic,2,1,1
unbelievably_proud,2,2,0
only_primary,2,2,0
only_problematic,2,2,0
only_professional,2,2,0
only_proficient,2,1,1
only_profitable,2,2,0
unbelievably_profound,2,0,2
only_reasonable,2,0,2
only_sensible,2,1,1
only_regular,2,2,0
unbelievably_practical,2,2,0
only_relational,2,2,0
only_religious,2,2,0
only_rude,2,0,2
only_satisfied,2,2,0
only_selective,2,2,0
only_typical,2,2,0
unbelievably_insulting,2,1,1
only_potential,2,2,0
only_vapid,2,2,0
openly_honest,2,2,0
openly_immoral,2,2,0
openly_ironic,2,1,1
openly_jealous,2,2,0
openly_loving,2,2,0
openly_proud,2,2,0
openly_queer,2,2,0
openly_religious,2,2,0
openly_resistant,2,2,0
openly_sexual,2,2,0
unbelievably_effective,2,2,0
openly_socialist,2,2,0
openly_suspicious,2,2,0
unbelievably_dumb,2,1,1
openly_terrified,2,2,0
openly_uninterested,2,2,0
openly_upset,2,2,0
openly_hateful,2,1,1
openly_furious,2,2,0
openly_erotic,2,2,0
unbelievably_gorgeous,2,2,0
unbelievably_impressive,2,2,0
only_verbal,2,2,0
unbelievably_huge,2,2,0
unbelievably_horrible,2,0,2
only_weekly,2,2,0
only_weird,2,2,0
unbelievably_helpful,2,2,0
unbelievably_goofy,2,1,1
openly_disrespectful,2,2,0
openly_absurd,2,0,2
openly_abusive,2,2,0
unbelievably_fun,2,2,0
unbelievably_fast,2,2,0
openly_combative,2,2,0
unbelievably_expensive,2,2,0
openly_discriminatory,2,2,0
only_predictable,2,2,0
unbelievably_rude,2,2,0
unbelievably_destructive,2,2,0
unbelievably_valuable,2,1,1
only_dark,2,2,0
only_decent,2,2,0
only_defensive,2,2,0
only_destructive,2,2,0
only_detailed,2,2,0
only_distracting,2,2,0
only_dormant,2,2,0
uncharacteristically_nice,2,1,1
only_equal,2,2,0
only_experimental,2,2,0
unbelievably_wonderful,2,2,0
unbelievably_welcoming,2,2,0
only_famous,2,2,0
only_fancy,2,2,0
only_federal,2,2,0
only_fitting,2,1,1
only_french,2,1,1
only_dangerous,2,2,0
only_damaging,2,2,0
only_cute,2,2,0
only_coincidental,2,2,0
uncharacteristically_silent,2,2,0
only_blue,2,2,0
only_brave,2,2,0
only_calm,2,2,0
uncharacteristically_poor,2,2,0
only_christian,2,1,1
only_circumstantial,2,2,0
only_cold,2,2,0
only_cursory,2,2,0
uncharacteristically_pessimistic,2,2,0
only_complete,2,2,0
only_complimentary,2,2,0
only_comprehensible,2,2,0
only_conceivable,2,1,1
only_conservative,2,2,0
only_curable,2,2,0
only_functional,2,2,0
unbelievably_uninformed,2,2,0
only_positive,2,1,1
only_greedy,2,2,0
only_medical,2,2,0
only_memorable,2,2,0
only_modest,2,2,0
unbelievably_soft,2,2,0
unbelievably_smooth,2,2,0
unbelievably_slow,2,2,0
only_online,2,2,0
unbelievably_short,2,2,0
only_ours,2,2,0
only_own,2,2,0
unbelievably_selfish,2,2,0
unbelievably_sad,2,2,0
only_perfect,2,1,1
only_perfunctory,2,2,0
only_peripheral,2,2,0
only_plausible,2,2,0
only_political,2,2,0
only_measurable,2,2,0
only_lucky,2,2,0
only_loyal,2,2,0
only_illusory,2,2,0
only_green,2,2,0
unbelievably_true,2,2,0
only_high,2,2,0
only_historical,2,2,0
only_honest,2,2,0
unbelievably_tough,2,1,1
unbelievably_terrible,2,1,1
unbelievably_tasty,2,2,0
only_lower,2,2,0
only_impressed,2,2,0
only_incremental,2,2,0
only_injured,2,2,0
only_irish,2,2,0
only_light,2,2,0
unbelievably_stubborn,2,2,0
only_logical,2,2,0
openly_vulgar,2,2,0
operationally_necessary,2,2,0
otherwise_infamous,2,2,0
unambiguously_true,2,2,0
otherwise_evident,2,2,0
otherwise_excited,2,2,0
otherwise_exclusive,2,2,0
unapologetically_unique,2,2,0
unapologetically_sexual,2,2,0
otherwise_experimental,2,2,0
unapologetically_patriotic,2,2,0
unapologetically_optimistic,2,2,0
otherwise_famous,2,2,0
otherwise_fascinating,2,2,0
unapologetically_cheesy,2,1,1
otherwise_fit,2,0,2
otherwise_foolish,2,2,0
otherwise_forceful,2,2,0
otherwise_fragile,2,2,0
unapologetically_black,2,1,1
otherwise_frightening,2,2,0
otherwise_evasive,2,2,0
otherwise_equal,2,2,0
otherwise_enjoyable,2,2,0
otherwise_disenchanted,2,2,0
unbearably_harsh,2,2,0
unbearably_evil,2,1,1
unbearably_dirty,2,2,0
unbearably_difficult,2,2,0
otherwise_disappointed,2,2,0
otherwise_disappointing,2,2,0
otherwise_discoverable,2,2,0
otherwise_disoriented,2,2,0
otherwise_empty,2,2,0
otherwise_distinguishable,2,2,0
unbearably_cheesy,2,1,1
otherwise_dodgy,2,2,0
otherwise_dogmatic,2,2,0
otherwise_eclectic,2,2,0
otherwise_effeminate,2,2,0
otherwise_elaborate,2,2,0
otherwise_full,2,2,0
otherwise_fun,2,2,0
otherwise_defensive,2,2,0
unambiguously_positive,2,2,0
unabashedly_exciting,2,2,0
otherwise_impoverished,2,2,0
otherwise_impressionable,2,2,0
otherwise_impressive,2,2,0
unabashedly_cheesy,2,2,0
unabashedly_brutal,2,2,0
ultra_traditional,2,1,1
ultra_soft,2,2,0
ultra_smooth,2,2,0
otherwise_inclined,2,2,0
ultra_safe,2,1,1
ultra_romantic,2,0,2
otherwise_indirect,2,2,0
otherwise_indistinguishable,2,2,0
ultra_realistic,2,2,0
ultra_professional,2,2,0
otherwise_inexcusable,2,1,1
unabashedly_honest,2,1,1
otherwise_impervious,2,2,0
unabashedly_loud,2,2,0
otherwise_horrible,2,2,0
otherwise_goofy,2,2,0
otherwise_happy,2,2,0
unacceptably_risky,2,2,0
otherwise_harsh,2,2,0
otherwise_hidden,2,2,0
otherwise_hideous,2,2,0
unacceptably_careless,2,2,0
otherwise_humorous,2,2,0
otherwise_impassable,2,2,0
otherwise_icky,2,2,0
otherwise_identical,2,1,1
otherwise_idiotic,2,2,0
otherwise_idle,2,2,0
unabashedly_pro-business,2,2,0
otherwise_immaterial,2,2,0
otherwise_immune,2,2,0
unbearably_heavy,2,2,0
unbearably_irritating,2,2,0
oppressively_dark,2,2,0
unbelievably_catchy,2,2,0
ostensibly_supervised,2,0,2
ostensibly_worth,2,0,2
otherwise_abhorrent,2,2,0
unbelievably_cynical,2,2,0
unbelievably_crude,2,2,0
unbelievably_crazy,2,0,2
otherwise_accustomed,2,2,0
unbelievably_contrived,2,2,0
otherwise_adjacent,2,2,0
otherwise_admirable,2,2,0
otherwise_advantageous,2,2,0
otherwise_adverse,2,2,0
otherwise_affordable,2,2,0
otherwise_african,2,2,0
otherwise_ailing,2,2,0
otherwise_amazing,2,2,0
otherwise_amenable,2,2,0
ostensibly_non-partisan,2,2,0
ostensibly_free,2,1,1
ostensibly_concerned,2,0,2
originally_interested,2,1,1
oppressively_loud,2,1,1
optically_clear,2,2,0
ordinarily_resident,2,2,0
originally_due,2,2,0
originally_empty,2,2,0
originally_good,2,2,0
originally_hindu,2,2,0
originally_japanese,2,2,0
originally_worried,2,2,0
originally_larger,2,1,1
originally_loyal,2,2,0
originally_non-existent,2,0,2
originally_present,2,1,1
originally_terrified,2,2,0
originally_unintended,2,2,0
unbelievably_daft,2,1,1
unbelievably_charming,2,1,1
otherwise_apparent,2,2,0
otherwise_decent,2,2,0
unbelievably_busy,2,2,0
unbearably_trite,2,2,0
otherwise_clever,2,2,0
otherwise_collective,2,2,0
otherwise_commercial,2,2,0
otherwise_condescending,2,2,0
otherwise_conducive,2,2,0
unbearably_tough,2,2,0
otherwise_confused,2,2,0
otherwise_conspicuous,2,2,0
unbearably_smug,2,2,0
otherwise_counterproductive,2,2,0
otherwise_crappy,2,2,0
otherwise_creepy,2,2,0
unbearably_recognizable,2,2,0
otherwise_crude,2,2,0
otherwise_cryptic,2,2,0
otherwise_debilitating,2,2,0
otherwise_clean,2,2,0
otherwise_christian,2,2,0
otherwise_cheap,2,2,0
unbelievably_beautiful,2,2,0
otherwise_armed,2,2,0
unbelievably_brilliant,2,0,2
otherwise_attributable,2,2,0
unbelievably_big,2,0,2
otherwise_awkward,2,2,0
otherwise_beholden,2,2,0
otherwise_benign,2,2,0
otherwise_bizarre,2,2,0
otherwise_certain,2,2,0
otherwise_blatant,2,2,0
otherwise_bogus,2,2,0
otherwise_bright,2,2,0
otherwise_brittle,2,2,0
unbelievably_awkward,2,2,0
unbelievably_awful,2,1,1
otherwise_central,2,2,0
not_underwhelming,2,2,0
unequivocally_positive,2,2,0
psychologically_debilitating,2,2,0
naturally_large,2,2,0
usually_possible,2,2,0
naturally_lower,2,2,0
naturally_magnetic,2,2,0
usually_positive,2,2,0
naturally_protective,2,2,0
naturally_psychic,2,2,0
naturally_rare,2,2,0
naturally_reflective,2,1,1
naturally_related,2,1,1
usually_old,2,2,0
naturally_rough,2,2,0
naturally_simple,2,2,0
naturally_slender,2,2,0
naturally_slim,2,2,0
naturally_stronger,2,2,0
naturally_stupid,2,2,0
naturally_stylish,2,2,0
naturally_light,2,2,0
naturally_intimate,2,1,1
n't_stressful,2,2,0
naturally_hostile,2,1,1
naturally_disappointed,2,2,0
naturally_dominant,2,2,0
naturally_easier,2,2,0
naturally_ecstatic,2,2,0
naturally_empathetic,2,2,0
naturally_enough,2,2,0
naturally_exceptional,2,1,1
naturally_fast,2,2,0
naturally_fat,2,2,0
naturally_fearful,2,2,0
naturally_festive,2,0,2
naturally_fun,2,0,2
naturally_gentle,2,2,0
naturally_gifted,2,1,1
naturally_gratifying,2,0,2
naturally_harmonious,2,1,1
naturally_higher,2,2,0
naturally_subject,2,2,0
naturally_submissive,2,2,0
naturally_subordinate,2,2,0
naturally_susceptible,2,1,1
usually_less,2,1,1
nearly_akin,2,1,1
nearly_anonymous,2,2,0
nearly_average,2,2,0
nearly_blank,2,2,0
nearly_blue,2,2,0
nearly_brown,2,2,0
usually_key,2,1,1
nearly_desperate,2,1,1
nearly_devoid,2,2,0
nearly_difficult,2,2,0
usually_irrelevant,2,2,0
nearly_divine,2,1,1
nearly_dormant,2,2,0
usually_invisible,2,2,0
nearly_drunk,2,2,0
usually_interesting,2,2,0
nearly_adult,2,2,0
nearly_adaptive,2,2,0
nearly_accurate,2,2,0
naturally_worse,2,2,0
usually_ok,2,2,0
usually_nervous,2,2,0
naturally_territorial,2,2,0
naturally_unstable,2,2,0
naturally_warm,2,2,0
naturally_white,2,2,0
naturally_witty,2,2,0
naturally_worth,2,2,0
near_true,2,2,0
near_accurate,2,2,0
near_best,2,2,0
near_complete,2,2,0
near_free,2,2,0
usually_lower,2,2,0
near_naked,2,2,0
near_stable,2,2,0
naturally_different,2,2,0
naturally_delighted,2,2,0
naturally_dead,2,2,0
n't_verifiable,2,2,0
n't_trendy,2,2,0
n't_trivial,2,2,0
usually_thoughtful,2,2,0
usually_terrible,2,2,0
n't_unclear,2,2,0
n't_uncomplicated,2,2,0
n't_underwater,2,2,0
n't_unexpected,2,2,0
n't_unfounded,2,2,0
n't_unknown,2,2,0
n't_unrealistic,2,2,0
n't_unsettling,2,2,0
usually_sweet,2,0,2
n't_urgent,2,2,0
usually_surprised,2,2,0
n't_useable,2,2,0
usually_sufficient,2,2,0
n't_treatable,2,2,0
n't_transgender,2,2,0
n't_transferable,2,2,0
n't_sympathetic,2,2,0
utterly_absorbing,2,2,0
utterly_absent,2,1,1
n't_substantive,2,2,0
n't_such,2,2,0
n't_superficial,2,2,0
n't_susceptible,2,2,0
n't_sweet,2,2,0
n't_systematic,2,2,0
n't_torture,2,2,0
n't_tacky,2,2,0
n't_tangible,2,2,0
n't_technical,2,2,0
usually_unpleasant,2,0,2
n't_tidy,2,2,0
n't_timely,2,2,0
n't_top-notch,2,2,0
usually_solid,2,2,0
n't_vigorous,2,2,0
naturally_dark,2,1,1
usually_silly,2,2,0
nationally_rare,2,2,0
nationally_renowned,2,2,0
nationally_significant,2,2,0
naturally_acidic,2,2,0
usually_sad,2,1,1
naturally_arrogant,2,2,0
usually_responsible,2,2,0
naturally_belligerent,2,2,0
naturally_big,2,2,0
naturally_blue,2,1,1
naturally_bright,2,2,0
naturally_bullish,2,2,0
naturally_cautious,2,2,0
naturally_charismatic,2,2,0
naturally_close,2,2,0
naturally_communicative,2,1,1
naturally_compact,2,2,0
nationally_notorious,2,2,0
nationally_infamous,2,2,0
narrowly_specific,2,2,0
usually_short-lived,2,2,0
n't_washable,2,2,0
n't_weak,2,2,0
n't_wearable,2,2,0
usually_shy,2,1,1
n't_western,2,2,0
n't_wet,2,2,0
n't_widespread,2,2,0
usually_several,2,1,1
narrowly_selective,2,2,0
usually_sensitive,2,2,0
usually_senior,2,0,2
nakedly_commercial,2,2,0
nakedly_desperate,2,1,1
nakedly_political,2,2,0
narrowly_correct,2,2,0
narrowly_sectarian,2,2,0
nearly_due,2,2,0
nearly_effortless,2,1,1
usually_interested,2,1,1
needlessly_crude,2,2,0
necessarily_small,2,2,0
necessarily_smart,2,2,0
necessarily_smarter,2,2,0
necessarily_speculative,2,2,0
necessarily_subject,2,2,0
necessarily_subservient,2,2,0
necessarily_suspicious,2,2,0
necessarily_sympathetic,2,2,0
usually_cool,2,2,0
necessarily_typical,2,1,1
necessarily_undesirable,2,2,0
necessarily_unethical,2,2,0
necessarily_vulnerable,2,2,0
necessarily_willing,2,2,0
necessarily_wise,2,2,0
necessarily_young,2,2,0
needlessly_bloodthirsty,2,2,0
necessarily_significant,2,2,0
necessarily_sexual,2,2,0
necessarily_romantic,2,2,0
necessarily_poor,2,2,0
necessarily_inferior,2,2,0
necessarily_innovative,2,2,0
necessarily_irrational,2,1,1
necessarily_likely,2,2,0
necessarily_obvious,2,2,0
necessarily_pleasant,2,2,0
necessarily_political,2,2,0
necessarily_positive,2,2,0
necessarily_repetitive,2,2,0
necessarily_present,2,2,0
necessarily_productive,2,2,0
necessarily_proud,2,1,1
necessarily_racist,2,2,0
necessarily_ready,2,2,0
necessarily_real,2,2,0
necessarily_relevant,2,2,0
needlessly_confrontational,2,2,0
needlessly_destructive,2,2,0
necessarily_illegal,2,1,1
needlessly_foolhardy,2,2,0
never_clearer,2,2,0
never_close,2,2,0
never_cold,2,2,0
never_definitive,2,1,1
never_distant,2,2,0
never_easier,2,2,0
never_fine,2,2,0
never_fun,2,2,0
never_hopeless,2,2,0
never_hungry,2,2,0
never_justifiable,2,2,0
never_last,2,2,0
never_legitimate,2,2,0
never_lower,2,2,0
never_lucky,2,2,0
never_naked,2,2,0
never_negotiable,2,2,0
usually_confused,2,2,0
never_allergic,2,2,0
never_active,2,2,0
needlessly_scared,2,1,1
needlessly_frustrating,2,2,0
needlessly_harsh,2,2,0
needlessly_large,2,2,0
needlessly_lavish,2,2,0
needlessly_long,2,2,0
needlessly_provocative,2,2,0
needlessly_repetitive,2,2,0
needlessly_unpleasant,2,2,0
never_accurate,2,2,0
neither_attractive,2,2,0
neither_clear,2,2,0
neither_creative,2,2,0
neither_fair,2,2,0
neither_perverted,2,2,0
neither_positive,2,2,0
neither_safe,2,2,0
necessarily_incomplete,2,2,0
necessarily_healthier,2,2,0
usually_inexpensive,2,2,0
nearly_primal,2,0,2
nearly_literal,2,2,0
nearly_magical,2,1,1
nearly_monolithic,2,2,0
nearly_negligible,2,2,0
nearly_neutral,2,2,0
usually_hard,2,1,1
usually_happier,2,2,0
usually_greater,2,1,1
nearly_ok,2,2,0
nearly_old,2,2,0
nearly_opaque,2,2,0
nearly_open,2,2,0
nearly_optimal,2,2,0
nearly_overhead,2,2,0
usually_great,2,2,0
nearly_poetic,2,1,1
nearly_pornographic,2,2,0
nearly_lifeless,2,2,0
nearly_irreplaceable,2,2,0
nearly_invincible,2,2,0
nearly_giddy,2,2,0
nearly_essential,2,1,1
nearly_eternal,2,0,2
usually_inevitable,2,2,0
nearly_faint,2,2,0
usually_impressed,2,2,0
usually_illegal,2,2,0
nearly_fresh,2,2,0
nearly_good,2,1,1
nearly_insane,2,2,0
usually_higher,2,2,0
usually_high,2,2,0
nearly_illegible,2,2,0
nearly_impassable,2,2,0
nearly_impervious,2,2,0
usually_hesitant,2,1,1
usually_helpful,2,2,0
usually_french,2,0,2
nearly_seamless,2,2,0
necessarily_harder,2,2,0
nearly_set,2,2,0
necessarily_amusing,2,2,0
necessarily_applicable,2,2,0
necessarily_available,2,2,0
usually_eager,2,1,1
necessarily_collaborative,2,2,0
necessarily_combative,2,2,0
necessarily_congruent,2,1,1
necessarily_criminal,2,2,0
usually_delicious,2,2,0
necessarily_distinct,2,1,1
necessarily_expensive,2,1,1
necessarily_extreme,2,2,0
necessarily_fast,2,2,0
necessarily_fat,2,2,0
necessarily_fraught,2,2,0
necessarily_gay,2,2,0
necessarily_guilty,2,2,0
necessarily_advisable,2,2,0
necessarily_absent,2,2,0
nearly_year-round,2,1,1
usually_expendable,2,1,1
nearly_spiritual,2,0,2
nearly_stagnant,2,2,0
nearly_straight,2,2,0
nearly_suicidal,2,1,1
usually_fast,2,1,1
nearly_traditional,2,1,1
nearly_ubiquitous,2,2,0
nearly_unbreakable,2,2,0
nearly_weightless,2,2,0
nearly_unchanged,2,2,0
nearly_unintelligible,2,2,0
nearly_unplayable,2,1,1
nearly_unstoppable,2,2,0
nearly_vegan,2,2,0
nearly_viable,2,2,0
nearly_weekly,2,2,0
n't_stringent,2,2,0
n't_strategic,2,2,0
unequivocally_proud,2,2,0
utterly_infuriating,2,2,0
n't_bent,2,2,0
n't_bleak,2,2,0
n't_blue,2,2,0
n't_bored,2,2,0
utterly_individual,2,0,2
utterly_indescribable,2,0,2
n't_brown,2,2,0
n't_casual,2,2,0
n't_catchy,2,2,0
n't_cautious,2,2,0
n't_central,2,2,0
n't_challenging,2,2,0
n't_clever,2,2,0
n't_clinical,2,2,0
n't_coercive,2,2,0
n't_coincidental,2,2,0
utterly_incompatible,2,1,1
n't_benign,2,2,0
n't_awkward,2,2,0
n't_sticky,2,2,0
utterly_inhuman,2,1,1
utterly_irreconcilable,2,2,0
n't_adventurous,2,2,0
utterly_intriguing,2,0,2
n't_affluent,2,2,0
n't_afoot,2,2,0
n't_agreeable,2,2,0
n't_allowable,2,2,0
n't_anti-semitic,2,2,0
utterly_insensitive,2,0,2
utterly_inscrutable,2,1,1
n't_asian,2,2,0
n't_assertive,2,2,0
utterly_innocent,2,1,1
n't_audible,2,2,0
n't_authoritarian,2,2,0
n't_autistic,2,2,0
n't_avoidable,2,2,0
n't_commensurate,2,2,0
n't_commonplace,2,2,0
utterly_impotent,2,2,0
n't_complimentary,2,2,0
utterly_haunting,2,0,2
utterly_grotesque,2,1,1
n't_dirty,2,2,0
n't_disinterested,2,2,0
n't_diverse,2,2,0
utterly_gratuitous,2,2,0
n't_easier,2,2,0
n't_edible,2,2,0
utterly_glamorous,2,1,1
utterly_futile,2,2,0
n't_effortless,2,2,0
n't_egregious,2,2,0
n't_embarrassing,2,2,0
n't_empathetic,2,2,0
utterly_full,2,2,0
n't_equivalent,2,2,0
n't_eternal,2,2,0
n't_desperate,2,2,0
utterly_heartless,2,2,0
n't_descriptive,2,2,0
n't_cost-effective,2,2,0
n't_comprehensible,2,2,0
utterly_important,2,1,1
n't_confused,2,2,0
utterly_impersonal,2,0,2
n't_contrite,2,2,0
n't_controllable,2,2,0
utterly_illegal,2,1,1
n't_creative,2,2,0
n't_depressing,2,2,0
n't_creepy,2,2,0
n't_damaging,2,2,0
utterly_horrendous,2,1,1
n't_decent,2,2,0
n't_decisive,2,2,0
n't_definitive,2,2,0
n't_dependable,2,2,0
utterly_irreplaceable,2,1,1
utterly_irritating,2,2,0
utterly_jaw-dropping,2,1,1
utterly_novel,2,0,2
utterly_plausible,2,0,2
utterly_personal,2,1,1
much_spectacular,2,1,1
much_spoilt,2,2,0
much_stable,2,2,0
much_straight,2,2,0
utterly_peaceful,2,0,2
much_temporary,2,2,0
much_terrible,2,2,0
utterly_outlandish,2,1,1
much_thin,2,2,0
much_transparent,2,2,0
utterly_obsolete,2,2,0
much_unbeatable,2,2,0
much_unconfirmed,2,2,0
much_valid,2,2,0
much_visible,2,2,0
utterly_radical,2,1,1
much_severe,2,2,0
much_same,2,2,0
much_quick,2,2,0
utterly_riveting,2,1,1
much_poor,2,2,0
much_powerless,2,2,0
much_predictable,2,2,0
utterly_repugnant,2,2,0
utterly_remote,2,0,2
much_proud,2,2,0
utterly_remarkable,2,1,1
much_sad,2,2,0
much_random,2,2,0
utterly_relaxing,2,2,0
much_reasonable,2,2,0
much_recognizable,2,2,0
much_red,2,2,0
much_relevant,2,2,0
utterly_redundant,2,1,1
much_vocal,2,2,0
much_vulnerable,2,2,0
n't_absent,2,2,0
utterly_negative,2,2,0
utterly_mindless,2,1,1
mutually_illuminating,2,2,0
mutually_inclusive,2,2,0
utterly_memorable,2,0,2
utterly_mediocre,2,0,2
mutually_independent,2,2,0
utterly_magnificent,2,0,2
mutually_perpendicular,2,2,0
mutually_respectful,2,2,0
mutually_suspicious,2,2,0
mutually_understandable,2,2,0
utterly_ludicrous,2,2,0
mutually_wary,2,2,0
mysteriously_ill,2,2,0
mysteriously_quiet,2,2,0
mysteriously_slow,2,2,0
mysteriously_wrong,2,1,1
mutually_helpful,2,2,0
utterly_moronic,2,0,2
mutually_advantageous,2,2,0
musically_deep,2,0,2
utterly_naked,2,2,0
utterly_mute,2,2,0
much_worthwhile,2,2,0
musically_active,2,2,0
musically_appealing,2,1,1
musically_brilliant,2,2,0
musically_creative,2,1,1
musically_diverse,2,2,0
musically_similar,2,2,0
musically_gifted,2,1,1
musically_important,2,0,2
musically_new,2,0,2
musically_organic,2,0,2
musically_pleasing,2,2,0
musically_potent,2,2,0
musically_relevant,2,1,1
n't_ethical,2,2,0
n't_european,2,2,0
n't_exceptional,2,2,0
n't_reactive,2,2,0
n't_photogenic,2,2,0
n't_picky,2,2,0
n't_pink,2,2,0
n't_pleasing,2,2,0
n't_pleasurable,2,1,1
utterly_contemporary,2,1,1
n't_potential,2,2,0
utterly_complicated,2,2,0
n't_prevalent,2,2,0
n't_primary,2,2,0
n't_probable,2,2,0
n't_problematic,2,2,0
n't_progressive,2,2,0
n't_prominent,2,2,0
n't_public,2,2,0
utterly_clear,2,2,0
n't_racial,2,2,0
n't_pertinent,2,2,0
utterly_conventional,2,0,2
n't_perceptive,2,2,0
n't_obtainable,2,2,0
n't_monetary,2,2,0
utterly_deplorable,2,1,1
utterly_delusional,2,2,0
n't_negative,2,2,0
n't_oblivious,2,2,0
n't_obscene,2,2,0
n't_observable,2,2,0
utterly_damp,2,2,0
n't_parallel,2,2,0
n't_official,2,2,0
utterly_crucial,2,1,1
n't_online,2,2,0
utterly_cool,2,1,1
n't_ours,2,2,0
n't_outstanding,2,2,0
n't_overpriced,2,2,0
utterly_clean,2,1,1
utterly_childish,2,1,1
utterly_depraved,2,2,0
utterly_brutal,2,1,1
utterly_appealing,2,0,2
n't_sexual,2,2,0
n't_shit,2,2,0
n't_shitty,2,2,0
n't_shocked,2,2,0
n't_shrewd,2,2,0
utterly_american,2,0,2
n't_silly,2,2,0
utterly_amazed,2,2,0
n't_single,2,2,0
n't_skinny,2,2,0
n't_sleepy,2,2,0
n't_slow,2,2,0
n't_soothing,2,2,0
n't_spacious,2,2,0
n't_spicy,2,2,0
utterly_adrift,2,2,0
n't_separate,2,2,0
n't_sensational,2,2,0
n't_secretive,2,2,0
n't_republican,2,2,0
n't_recognizable,2,2,0
n't_refundable,2,2,0
n't_relatable,2,2,0
utterly_bogus,2,2,0
utterly_blind,2,2,0
utterly_bereft,2,2,0
n't_reproducible,2,2,0
utterly_bankrupt,2,2,0
utterly_astonishing,2,0,2
n't_reversible,2,2,0
utterly_badass,2,2,0
n't_rigorous,2,2,0
utterly_awful,2,1,1
n't_sacred,2,2,0
utterly_awesome,2,0,2
n't_scarce,2,2,0
n't_misunderstood,2,2,0
n't_mechanical,2,2,0
n't_explosive,2,2,0
utterly_distinctive,2,1,1
utterly_enthralling,2,1,1
n't_granular,2,2,0
n't_gross,2,2,0
n't_hardcore,2,2,0
n't_harmless,2,2,0
n't_harsh,2,2,0
n't_hazardous,2,2,0
utterly_elusive,2,2,0
n't_heterosexual,2,2,0
n't_hip,2,2,0
n't_historical,2,2,0
n't_hollow,2,2,0
n't_homeless,2,2,0
n't_homophobic,2,2,0
utterly_elegant,2,0,2
n't_hopeful,2,2,0
utterly_eerie,2,0,2
n't_golden,2,2,0
n't_glad,2,2,0
utterly_exhilarating,2,1,1
utterly_fanciful,2,2,0
n't_expressive,2,2,0
n't_fascinating,2,2,0
n't_fashionable,2,2,0
utterly_final,2,1,1
n't_fat,2,2,0
utterly_fictional,2,1,1
n't_feminine,2,2,0
n't_firm,2,2,0
n't_fundamental,2,2,0
n't_fishy,2,2,0
utterly_fake,2,2,0
n't_formal,2,2,0
n't_forthright,2,2,0
utterly_fabulous,2,1,1
n't_frightening,2,2,0
n't_frugal,2,2,0
utterly_divine,2,1,1
n't_hyperactive,2,2,0
n't_many,2,2,0
n't_hyperbole,2,2,0
n't_intimate,2,2,0
n't_invisible,2,2,0
n't_ironic,2,2,0
n't_key,2,2,0
utterly_despondent,2,2,0
n't_late,2,2,0
n't_lawful,2,2,0
n't_legible,2,2,0
n't_like,2,2,0
n't_likeable,2,2,0
utterly_desperate,2,2,0
n't_live,2,2,0
n't_louder,2,2,0
n't_loveable,2,2,0
n't_lucrative,2,2,0
n't_mainstream,2,2,0
n't_manly,2,2,0
utterly_determined,2,1,1
utterly_devious,2,2,0
utterly_dire,2,0,2
n't_impervious,2,2,0
utterly_distasteful,2,0,2
n't_idle,2,2,0
n't_ill,2,2,0
utterly_disinterested,2,2,0
n't_illiterate,2,2,0
n't_imaginable,2,2,0
utterly_disingenuous,2,2,0
utterly_disgraceful,2,1,1
utterly_disappointed,2,2,0
utterly_discouraged,2,2,0
n't_inclined,2,2,0
n't_inconsistent,2,2,0
n't_incredible,2,2,0
utterly_disappointing,2,0,2
n't_inexpensive,2,2,0
n't_informative,2,2,0
never_new,2,2,0
never_normal,2,2,0
never_ok,2,2,0
uniquely_funny,2,0,2
uniquely_fun,2,0,2
uniquely_fresh,2,0,2
not_limitless,2,2,0
uniquely_flawed,2,2,0
not_lofty,2,1,1
uniquely_fascinating,2,0,2
uniquely_exotic,2,0,2
not_lukewarm,2,2,0
not_luxurious,2,2,0
not_magnificent,2,2,0
not_main,2,2,0
not_majestic,2,2,0
uniquely_european,2,1,1
uniquely_epic,2,0,2
uniquely_enjoyable,2,0,2
not_mean-spirited,2,2,0
uniquely_empowering,2,0,2
not_lengthy,2,2,0
uniquely_gay,2,0,2
never_permanent,2,2,0
uniquely_gifted,2,0,2
not_irritating,2,2,0
uniquely_indian,2,0,2
not_joyful,2,2,0
not_judgmental,2,2,0
not_judicious,2,2,0
not_juicy,2,2,0
uniquely_impactful,2,2,0
not_kid-friendly,2,2,0
uniquely_identifiable,2,1,1
not_knowledgable,2,1,1
not_korean,2,2,0
not_kurdish,2,2,0
not_lacking,2,1,1
not_lasting,2,2,0
not_latino,2,2,0
not_leftist,2,2,0
not_legendary,2,1,1
not_mediocre,2,1,1
not_melodic,2,2,0
not_mental,2,2,0
not_merciful,2,2,0
not_ongoing,2,2,0
uniquely_available,2,2,0
not_oppressive,2,2,0
uniquely_authentic,2,1,1
uniquely_annoying,2,1,1
uniquely_adept,2,2,0
not_outdoors,2,2,0
not_outraged,2,2,0
not_outspoken,2,2,0
uniquely_accessible,2,1,1
not_palpable,2,2,0
not_past,2,2,0
not_pathetic,2,2,0
unintentionally_silly,2,2,0
unintentionally_racist,2,0,2
unintentionally_oblivious,2,2,0
unintentionally_misleading,2,2,0
not_onerous,2,2,0
uniquely_beneficial,2,0,2
uniquely_breathtaking,2,0,2
uniquely_cruel,2,0,2
not_meritorious,2,2,0
not_mexican,2,2,0
not_miraculous,2,2,0
not_monolithic,2,2,0
not_monstrous,2,1,1
uniquely_delicate,2,1,1
uniquely_dangerous,2,2,0
not_mysterious,2,2,0
not_nutritious,2,2,0
not_mythical,2,1,1
uniquely_creepy,2,0,2
uniquely_creative,2,0,2
uniquely_colorful,2,2,0
not_niche,2,2,0
not_notable,2,2,0
not_noticable,2,2,0
not_invincible,2,2,0
not_inventive,2,2,0
not_invalid,2,2,0
not_horrific,2,1,1
uniquely_vital,2,0,2
not_grey,2,2,0
not_hairy,2,2,0
not_handmade,2,2,0
not_hardworking,2,2,0
uniquely_unfolding,2,2,0
uniquely_true,2,1,1
not_hectic,2,2,0
uniquely_themed,2,2,0
not_hereditary,2,2,0
uniquely_terrifying,2,1,1
not_hip,2,2,0
not_homemade,2,2,0
uniquely_sweet,2,0,2
uniquely_surreal,2,1,1
not_honourable,2,2,0
not_hoppy,2,1,1
uniquely_weird,2,1,1
uniquely_worthy,2,0,2
not_granular,2,2,0
universally_compatible,2,2,0
universally_negative,2,2,0
not_frantic,2,2,0
not_fraught,2,2,0
not_frightening,2,2,0
not_fruitless,2,2,0
universally_excellent,2,2,0
universally_delicious,2,2,0
universally_beneficial,2,1,1
not_grainy,2,2,0
not_geeky,2,1,1
not_general,2,1,1
universally_beloved,2,0,2
not_gluten-free,2,2,0
universally_attractive,2,2,0
not_gory,2,2,0
not_graceful,2,2,0
uniquely_stylish,2,1,1
uniquely_stunning,2,0,2
uniquely_insightful,2,0,2
uniquely_southern,2,0,2
not_inaccurate,2,2,0
not_inane,2,1,1
uniquely_open,2,2,0
uniquely_odious,2,0,2
not_incomplete,2,2,0
not_indispensable,2,2,0
not_ineffective,2,2,0
not_inexpensive,2,2,0
not_infrequent,2,2,0
not_innocuous,2,2,0
not_inspirational,2,2,0
uniquely_jarring,2,0,2
uniquely_israeli,2,0,2
not_intolerant,2,2,0
not_intoxicating,2,2,0
not_introspective,2,2,0
not_intrusive,2,2,0
uniquely_painful,2,0,2
not_implicit,2,2,0
uniquely_peculiar,2,0,2
not_illegitimate,2,2,0
not_humorous,2,2,0
uniquely_significant,2,1,1
uniquely_separate,2,2,0
uniquely_sensational,2,2,0
not_hyperbole,2,2,0
uniquely_rewarding,2,0,2
uniquely_responsible,2,1,1
not_imaginary,2,2,0
uniquely_poignant,2,1,1
uniquely_puzzling,2,2,0
not_imaginative,2,2,0
uniquely_profound,2,1,1
uniquely_problematic,2,1,1
uniquely_present,2,2,0
uniquely_precious,2,1,1
not_immortal,2,2,0
unintentionally_inappropriate,2,1,1
not_pervasive,2,2,0
not_pessimistic,2,2,0
not_submissive,2,2,0
unexpectedly_violent,2,1,1
not_splendid,2,2,0
not_spooky,2,2,0
not_spotless,2,2,0
unexpectedly_tragic,2,0,2
not_stale,2,2,0
unexpectedly_surprising,2,2,0
not_statistical,2,2,0
unexpectedly_soothing,2,1,1
unexpectedly_short,2,2,0
unexpectedly_satisfying,2,1,1
not_stretchy,2,2,0
unexpectedly_radical,2,1,1
not_stringent,2,2,0
unexpectedly_profound,2,1,1
not_stronger,2,2,0
not_stuffy,2,1,1
unexpectedly_wild,2,0,2
not_spanish,2,2,0
not_sour,2,1,1
unfailingly_honest,2,2,0
unfairly_exploitative,2,2,0
not_shortsighted,2,2,0
unfailingly_supportive,2,2,0
unfailingly_professional,2,2,0
not_silver,2,2,0
unfailingly_nice,2,2,0
unfailingly_interesting,2,2,0
unfailingly_happy,2,2,0
not_sore,2,2,0
not_singular,2,2,0
not_sleepy,2,2,0
not_smaller,2,1,1
not_socialist,2,2,0
unfailingly_considerate,2,2,0
not_somber,2,2,0
unfailingly_cheerful,2,2,0
unexpectedly_powerful,2,1,1
unexpectedly_potent,2,1,1
unfairly_one-sided,2,2,0
unexpectedly_positive,2,0,2
not_threatening,2,1,1
unexpectedly_familiar,2,2,0
unexpectedly_entertaining,2,2,0
not_tiring,2,1,1
not_top,2,2,0
not_torturous,2,2,0
not_touchy,2,2,0
unexpectedly_dark,2,2,0
unexpectedly_cool,2,0,2
unexpectedly_complex,2,2,0
unexpectedly_coarse,2,0,2
unexpectedly_brilliant,2,0,2
not_traumatic,2,2,0
unexpectedly_awful,2,0,2
unexpectedly_absent,2,2,0
not_unavailable,2,2,0
not_unbearable,2,2,0
unexpectedly_frightening,2,1,1
unexpectedly_fun,2,1,1
not_tense,2,2,0
not_tacky,2,2,0
unexpectedly_poignant,2,1,1
not_superficial,2,1,1
unexpectedly_poetic,2,2,0
unexpectedly_mortal,2,2,0
unexpectedly_inspiring,2,1,1
not_symptomatic,2,2,0
unexpectedly_insightful,2,2,0
not_tactful,2,2,0
not_tender,2,2,0
unexpectedly_huge,2,1,1
not_taller,2,1,1
not_tame,2,2,0
unexpectedly_horrible,2,1,1
not_tantamount,2,2,0
not_tasteful,2,2,0
unexpectedly_great,2,0,2
unfairly_low,2,2,0
not_several,2,2,0
unintentionally_dismissive,2,2,0
uniformly_high,2,2,0
not_promising,2,2,0
uniformly_wrong,2,2,0
not_prompt,2,2,0
uniformly_worthy,2,2,0
uniformly_white,2,2,0
not_prosperous,2,2,0
not_provocative,2,2,0
not_psychotic,2,1,1
uniformly_tasty,2,2,0
not_purposeful,2,2,0
not_qualitative,2,2,0
not_quality,2,2,0
not_quantitative,2,2,0
uniformly_successful,2,2,0
uniformly_red,2,2,0
uniformly_positive,2,2,0
uniformly_passionate,2,2,0
not_profound,2,2,0
unimaginably_large,2,1,1
unimaginably_old,2,1,1
unimaginably_terrible,2,1,1
not_pointless,2,2,0
unintentionally_creepy,2,1,1
not_poorer,2,2,0
unintentionally_bad,2,2,0
unimaginably_worse,2,1,1
unimaginably_valuable,2,0,2
unimaginably_terrifying,2,0,2
not_prejudiced,2,2,0
not_primary,2,2,0
not_premature,2,2,0
not_prescriptive,2,2,0
unimaginably_strange,2,1,1
not_presentable,2,2,0
not_presidential,2,1,1
not_pretty,2,2,0
unimaginably_powerful,2,2,0
uniformly_horrid,2,2,0
not_reckless,2,2,0
not_set,2,2,0
not_rectangular,2,2,0
unflinchingly_real,2,1,1
unflinchingly_positive,2,2,0
not_safer,2,2,0
not_sanguine,2,2,0
unflinchingly_loyal,2,2,0
unflinchingly_formal,2,2,0
unflinchingly_candid,2,2,0
unfathomably_romantic,2,0,2
unfathomably_monstrous,2,0,2
not_seasonal,2,2,0
not_secular,2,2,0
unfathomably_large,2,1,1
not_self-critical,2,2,0
not_self-explanatory,2,2,0
not_selfish,2,2,0
not_sentient,2,2,0
not_serviceable,2,2,0
not_rural,2,2,0
unflinchingly_true,2,1,1
not_rough,2,2,0
unfortunately_unsuccessful,2,2,0
uniformly_dark,2,2,0
not_regrettable,2,2,0
uniformly_bright,2,2,0
uniformly_black,2,2,0
uniformly_bearish,2,2,0
uniformly_awful,2,2,0
not_reminiscent,2,2,0
not_reprehensible,2,2,0
unfortunately_easy,2,2,0
unfortunately_unable,2,2,0
not_repulsive,2,2,0
not_resourceful,2,2,0
not_respectable,2,2,0
unfortunately_inevitable,2,2,0
unfortunately_high,2,2,0
unfortunately_gay,2,2,0
universally_offensive,2,2,0
not_frank,2,2,0
not_fragile,2,2,0
not_amusing,2,2,0
unusually_verbose,2,2,0
unusually_tough,2,2,0
unusually_thoughtful,2,2,0
not_adaptive,2,2,0
not_adjacent,2,2,0
not_adorable,2,2,0
not_advanced,2,2,0
unusually_talented,2,2,0
not_aesthetic,2,2,0
not_african,2,2,0
unusually_subtle,2,1,1
unusually_stupid,2,1,1
not_air-conditioned,2,2,0
unusually_spectacular,2,2,0
unusually_soft,2,2,0
not_altruistic,2,2,0
not_ambiguous,2,2,0
not_absorbent,2,2,0
unusually_wet,2,2,0
north_african,2,1,1
nonetheless_ready,2,2,0
non_relevant,2,2,0
non_residential,2,2,0
non_standard,2,1,1
non_vegan,2,2,0
nonetheless_concerned,2,2,0
nonetheless_incomprehensible,2,2,0
nonetheless_inquisitive,2,2,0
nonetheless_willing,2,2,0
normally_odd,2,2,0
nonetheless_worried,2,2,0
nonetheless_worth,2,1,1
normally_acceptable,2,1,1
normally_active,2,2,0
normally_black,2,1,1
normally_good,2,2,0
normally_inaccessible,2,2,0
unusually_sleepy,2,2,0
not_ancient,2,2,0
non_qualified,2,2,0
not_angrier,2,2,0
unusually_old,2,2,0
not_average,2,2,0
unusually_liquid,2,2,0
unusually_light,2,2,0
not_awkward,2,1,1
not_banal,2,2,0
not_bearish,2,2,0
not_beatable,2,2,0
unusually_impressive,2,2,0
unusually_horrible,2,0,2
unusually_hard,2,2,0
not_binary,2,2,0
not_blank,2,2,0
unusually_good-looking,2,2,0
not_blurry,2,2,0
unusually_frank,2,2,0
unusually_epic,2,1,1
not_autonomous,2,2,0
not_authoritative,2,2,0
not_australian,2,2,0
not_articulate,2,2,0
not_answerable,2,1,1
unusually_sharp,2,2,0
unusually_shallow,2,2,0
unusually_rich,2,2,0
not_appetizing,2,2,0
unusually_proud,2,2,0
not_arduous,2,2,0
unusually_prone,2,2,0
unusually_outgoing,2,2,0
unusually_primitive,2,2,0
unusually_powerful,2,2,0
unusually_pink,2,2,0
not_astute,2,2,0
unusually_persuasive,2,2,0
unusually_personal,2,2,0
unusually_perceptive,2,2,0
non_related,2,2,0
non_physical,2,1,1
unusually_distant,2,1,1
usually_acceptable,2,2,0
newly_famous,2,2,0
newly_free,2,2,0
newly_independent,2,2,0
newly_open,2,2,0
newly_relevant,2,2,0
newly_religious,2,2,0
newly_resistant,2,2,0
newly_richer,2,2,0
newly_vacant,2,2,0
newly_vegan,2,2,0
newly_visible,2,1,1
nicely_compact,2,2,0
nicely_crunchy,2,2,0
usually_aggressive,2,2,0
nicely_smooth,2,2,0
usually_adequate,2,2,0
nicely_spooky,2,2,0
newly_desirable,2,1,1
newly_blind,2,2,0
newly_aware,2,2,0
never_simple,2,2,0
never_pleased,2,2,0
never_popular,2,2,0
usually_cheaper,2,2,0
never_serious,2,2,0
never_sexy,2,2,0
never_shy,2,2,0
never_sick,2,2,0
never_single,2,2,0
newly_afraid,2,2,0
never_stable,2,2,0
never_successful,2,2,0
never_supportive,2,2,0
never_tired,2,2,0
never_violent,2,2,0
never_whole,2,2,0
newly_accessible,2,2,0
nicely_tender,2,2,0
nigh_perfect,2,2,0
non_perishable,2,2,0
usually_absent,2,2,0
non_authentic,2,2,0
non_careful,2,2,0
non_christian,2,2,0
non_chronic,2,2,0
non_compelling,2,2,0
non_deductible,2,2,0
non_different,2,2,0
non_edible,2,1,1
non_fictional,2,2,0
non_formal,2,2,0
non_important,2,2,0
non_linear,2,2,0
non_literary,2,2,0
non_magnetic,2,2,0
non_native,2,2,0
non_operational,2,2,0
non_partisan,2,2,0
non_attractive,2,2,0
non_alcoholic,2,2,0
non_aggressive,2,2,0
no_safer,2,2,0
urgently_necessary,2,2,0
urgently_concerned,2,2,0
no_farther,2,2,0
no_freer,2,2,0
no_harsher,2,0,2
no_heavier,2,1,1
up_next,2,2,0
no_secret,2,1,1
non_addictive,2,1,1
no_shorter,2,1,1
nominally_alive,2,1,1
unusually_wrong,2,1,1
nominally_free,2,2,0
nominally_muslim,2,2,0
nominally_non-partisan,2,2,0
nominally_significant,2,2,0
unusually_emotional,2,1,1
unusually_direct,2,2,0
not_forthright,2,2,0
unnecessarily_frustrating,2,2,0
not_double,2,2,0
not_downloadable,2,2,0
not_dreadful,2,2,0
unnecessarily_petty,2,2,0
not_dreary,2,2,0
not_dressy,2,2,0
unnecessarily_obscene,2,2,0
unnecessarily_noisy,2,2,0
not_dynamic,2,2,0
unnecessarily_hostile,2,2,0
not_efficacious,2,2,0
not_effortless,2,2,0
not_egalitarian,2,2,0
not_elaborate,2,2,0
unnecessarily_graphic,2,2,0
not_elegant,2,2,0
unnecessarily_gendered,2,1,1
not_domestic,2,2,0
unnecessarily_slow,2,2,0
unnecessarily_stringent,2,2,0
not_discerning,2,2,0
unnervingly_creepy,2,2,0
unnecessarily_worried,2,2,0
not_devout,2,2,0
unnecessarily_vulgar,2,2,0
not_digestible,2,2,0
not_disadvantaged,2,2,0
not_disastrous,2,2,0
not_discriminatory,2,2,0
unnecessarily_suspicious,2,2,0
not_disgraceful,2,2,0
unnecessarily_uncomfortable,2,1,1
not_dismal,2,2,0
not_disposable,2,2,0
not_distant,2,2,0
not_distinct,2,2,0
unnecessarily_technical,2,2,0
not_empathetic,2,2,0
unnecessarily_explicit,2,2,0
not_depressing,2,2,0
not_enticing,2,2,0
unnaturally_neat,2,0,2
not_faster,2,2,0
unnaturally_large,2,2,0
unmistakably_familiar,2,0,2
unmistakably_exquisite,2,1,1
unmistakably_different,2,0,2
unmistakably_contemporary,2,0,2
unmistakably_conservative,2,2,0
not_fictitious,2,2,0
unmistakably_clear,2,2,0
universally_wrong,2,1,1
universally_soothing,2,0,2
universally_respected,2,1,1
universally_profitable,2,0,2
not_foolproof,2,2,0
not_forceful,2,2,0
not_forlorn,2,2,0
unnaturally_thin,2,2,0
not_fascinating,2,2,0
not_fantastic,2,2,0
not_exploitative,2,1,1
not_equitable,2,2,0
unnecessarily_divisive,2,2,0
not_erect,2,2,0
unnecessarily_derogatory,2,2,0
unnecessarily_dependent,2,2,0
not_evocative,2,1,1
unnecessarily_confrontational,2,0,2
not_extant,2,2,0
not_fanatical,2,1,1
not_extra,2,2,0
not_extravagant,2,2,0
not_fabulous,2,2,0
unnecessarily_broad,2,2,0
unnecessarily_awkward,2,2,0
unnecessarily_antagonistic,2,2,0
unnaturally_wrong,2,2,0
not_derogatory,2,2,0
unnervingly_glib,2,0,2
unusually_deep,2,2,0
unreasonably_wide,2,2,0
not_cluttered,2,2,0
not_cogent,2,2,0
unusually_brave,2,1,1
not_cohesive,2,2,0
not_collegial,2,2,0
not_colorful,2,2,0
unusually_attractive,2,1,1
not_compact,2,2,0
unusually_anxious,2,2,0
unsurprisingly_durable,2,2,0
unspeakably_ugly,2,1,1
unspeakably_sinister,2,0,2
unspeakably_primal,2,0,2
not_conceivable,2,0,2
unspeakably_cool,2,2,0
unseasonably_warm,2,2,0
unrelentingly_positive,2,1,1
unusually_capable,2,2,0
not_civilized,2,2,0
not_civil,2,2,0
not_charismatic,2,2,0
not_capitalist,2,2,0
not_carcinogenic,2,2,0
not_careless,2,2,0
not_casual,2,2,0
unusually_cranky,2,2,0
unusually_complex,2,2,0
not_changeable,2,2,0
not_charming,2,2,0
unusually_cheerful,2,2,0
unusually_compelling,2,1,1
not_chatty,2,2,0
unusually_comforting,2,0,2
unusually_close,2,2,0
unusually_clingy,2,2,0
unusually_clear,2,2,0
unusually_chilly,2,2,0
unrelentingly_nasty,2,2,0
unreasonably_violent,2,2,0
unnervingly_quiet,2,2,0
not_conspicuous,2,2,0
not_crunchy,2,1,1
unquestionably_real,2,1,1
unquestionably_qualified,2,1,1
unquestionably_innocent,2,2,0
not_damning,2,2,0
unquestionably_gorgeous,2,1,1
not_daring,2,1,1
not_deadly,2,2,0
not_deaf,2,2,0
unpleasantly_windy,2,2,0
not_dear,2,2,0
not_delighted,2,2,0
unpleasantly_dry,2,2,0
unpleasantly_cold,2,2,0
not_demonic,2,1,1
unpleasantly_chewy,2,2,0
not_dependant,2,2,0
unquestionably_safer,2,2,0
unquestionably_special,2,0,2
unquestionably_unconstitutional,2,2,0
unreasonably_demanding,2,2,0
unreasonably_optimistic,2,2,0
unreasonably_low,2,2,0
unreasonably_large,2,2,0
not_contentious,2,2,0
not_contextual,2,2,0
unreasonably_heavy,2,2,0
unreasonably_discriminatory,2,2,0
unreasonably_costly,2,2,0
unquestionably_worth,2,1,1
unreasonably_cheap,2,2,0
unreasonably_aggressive,2,2,0
unreasonably_afraid,2,2,0
unreasonably_abusive,2,2,0
unrealistically_positive,2,2,0
unrealistically_perfect,2,2,0
not_cost-efficient,2,2,0
overly_complimentary,2,1,1
overly_conceptual,2,2,0
truly_workable,2,2,0
potentially_rich,2,2,0
potentially_romantic,2,1,1
totally_imperfect,2,2,0
potentially_several,2,2,0
potentially_sick,2,2,0
totally_impartial,2,2,0
potentially_spectacular,2,0,2
potentially_superior,2,2,0
potentially_surprising,2,1,1
potentially_suspect,2,2,0
potentially_sympathetic,2,2,0
potentially_systemic,2,0,2
potentially_timeless,2,1,1
potentially_tricky,2,2,0
potentially_unable,2,2,0
potentially_unexpected,2,2,0
potentially_unfair,2,2,0
potentially_unique,2,1,1
potentially_right,2,2,0
potentially_responsible,2,2,0
possibly_strong,2,2,0
potentially_recoverable,2,2,0
potentially_litigious,2,2,0
potentially_magical,2,0,2
potentially_major,2,1,1
potentially_malignant,2,2,0
potentially_menacing,2,1,1
potentially_messy,2,1,1
potentially_military,2,2,0
potentially_murderous,2,2,0
potentially_obsolete,2,2,0
potentially_off-putting,2,2,0
potentially_ominous,2,1,1
potentially_overwhelming,2,2,0
potentially_permanent,2,2,0
potentially_predatory,2,2,0
totally_impulsive,2,0,2
potentially_prejudicial,2,2,0
potentially_protective,2,2,0
potentially_unknown,2,2,0
potentially_unprofitable,2,2,0
potentially_unprotected,2,2,0
potentially_unsettling,2,1,1
powerfully_true,2,0,2
powerfully_unique,2,0,2
powerfully_useful,2,1,1
practically_absent,2,2,0
practically_achievable,2,2,0
practically_applicable,2,2,0
practically_blind,2,2,0
practically_complete,2,2,0
totally_identical,2,2,0
practically_extinct,2,2,0
practically_flat,2,2,0
totally_hypothetical,2,2,0
practically_illiterate,2,2,0
practically_impassable,2,1,1
practically_inaccessible,2,2,0
practically_independent,2,2,0
practically_indestructible,2,2,0
powerfully_transformative,2,1,1
powerfully_motivating,2,1,1
totally_idiotic,2,0,2
powerfully_addictive,2,2,0
potentially_unsuitable,2,2,0
totally_immaterial,2,1,1
potentially_valid,2,2,0
potentially_viable,2,2,0
potentially_wild,2,1,1
potentially_worthwhile,2,0,2
totally_idle,2,2,0
powerfully_affecting,2,2,0
powerfully_familiar,2,1,1
powerfully_appealing,2,0,2
powerfully_athletic,2,2,0
powerfully_atmospheric,2,1,1
powerfully_beneficial,2,1,1
powerfully_dark,2,1,1
powerfully_destructive,2,2,0
powerfully_dramatic,2,2,0
totally_inclusive,2,2,0
potentially_liberating,2,0,2
potentially_less,2,2,0
potentially_complicated,2,2,0
possibly_warmer,2,2,0
possibly_weary,2,2,0
possibly_wet,2,2,0
totally_irreverent,2,0,2
possibly_young,2,2,0
potentially_accessible,2,2,0
potentially_akin,2,1,1
potentially_amiss,2,2,0
potentially_appealing,2,2,0
totally_irregular,2,2,0
potentially_avoidable,2,2,0
potentially_awful,2,0,2
potentially_boring,2,1,1
potentially_brittle,2,1,1
totally_intractable,2,2,0
potentially_chaotic,2,1,1
potentially_chilling,2,0,2
possibly_vulnerable,2,2,0
possibly_valid,2,1,1
possibly_upset,2,2,0
possibly_unavailable,2,2,0
possibly_substantial,2,2,0
possibly_suspect,2,2,0
possibly_suspicious,2,2,0
possibly_toxic,2,1,1
possibly_tragic,2,2,0
possibly_unable,2,2,0
possibly_unattainable,2,2,0
possibly_unconscious,2,2,0
possibly_unprepared,2,2,0
possibly_unexpected,2,1,1
possibly_unfair,2,2,0
possibly_unfamiliar,2,2,0
possibly_unflattering,2,2,0
possibly_unhappy,2,2,0
possibly_unique,2,2,0
possibly_unlucky,2,2,0
potentially_combustible,2,2,0
potentially_confrontational,2,2,0
potentially_legitimate,2,2,0
potentially_constructive,2,1,1
potentially_fragile,2,2,0
potentially_fraught,2,2,0
potentially_functional,2,2,0
potentially_gay,2,2,0
totally_inexcusable,2,0,2
totally_inept,2,2,0
potentially_hot,2,2,0
potentially_ill,2,2,0
potentially_illuminating,2,1,1
potentially_immortal,2,1,1
potentially_infinite,2,1,1
totally_indicative,2,2,0
potentially_innocent,2,1,1
totally_incongruous,2,0,2
potentially_larger,2,1,1
potentially_last,2,2,0
potentially_legal,2,2,0
potentially_faulty,2,2,0
potentially_fascist,2,2,0
potentially_fake,2,2,0
potentially_depressing,2,1,1
totally_intolerable,2,1,1
potentially_cool,2,1,1
potentially_creative,2,1,1
potentially_crucial,2,1,1
potentially_deceptive,2,1,1
potentially_decisive,2,2,0
potentially_deeper,2,1,1
potentially_desirable,2,1,1
potentially_exempt,2,2,0
totally_intentional,2,2,0
totally_intact,2,2,0
potentially_distressing,2,1,1
totally_insecure,2,2,0
potentially_divine,2,0,2
potentially_enthusiastic,2,2,0
potentially_excellent,2,2,0
totally_human,2,1,1
practically_minded,2,2,0
practically_necessary,2,2,0
totally_earnest,2,1,1
pretty_campy,2,2,0
totally_expendable,2,2,0
totally_exhilarating,2,1,1
pretty_chatty,2,2,0
totally_exciting,2,0,2
totally_excellent,2,2,0
pretty_chilly,2,2,0
totally_ethical,2,2,0
pretty_civil,2,2,0
totally_esoteric,2,0,2
pretty_cloudy,2,2,0
pretty_coarse,2,1,1
pretty_cognizant,2,2,0
pretty_compatible,2,2,0
pretty_complacent,2,2,0
pretty_conceptual,2,2,0
pretty_conclusive,2,1,1
pretty_businesslike,2,2,0
pretty_bumpy,2,2,0
totally_extreme,2,0,2
totally_fearless,2,2,0
pretty_baffled,2,2,0
pretty_baffling,2,2,0
pretty_bearish,2,2,0
totally_feminine,2,2,0
totally_feasible,2,1,1
pretty_bent,2,2,0
pretty_biased,2,2,0
totally_fast,2,2,0
pretty_bulky,2,2,0
pretty_blase,2,2,0
pretty_brazen,2,2,0
pretty_breathtaking,2,2,0
pretty_breezy,2,2,0
totally_factual,2,2,0
pretty_budget-friendly,2,2,0
pretty_buggy,2,2,0
pretty_concrete,2,2,0
totally_dynamic,2,2,0
pretty_automatic,2,2,0
totally_dull,2,1,1
pretty_deadpan,2,2,0
pretty_debatable,2,2,0
pretty_dedicated,2,2,0
pretty_definitive,2,0,2
pretty_deliberate,2,2,0
pretty_delighted,2,2,0
pretty_demoralizing,2,2,0
pretty_derivative,2,2,0
pretty_descriptive,2,2,0
pretty_deserving,2,1,1
totally_destitute,2,2,0
pretty_dicey,2,2,0
totally_derivative,2,1,1
totally_depressing,2,2,0
totally_dependant,2,2,0
pretty_disheartened,2,2,0
pretty_disheartening,2,2,0
pretty_deadly,2,2,0
pretty_dazed,2,2,0
totally_difficult,2,2,0
pretty_counterintuitive,2,2,0
pretty_contrary,2,2,0
pretty_contrived,2,1,1
totally_drinkable,2,2,0
totally_doomed,2,2,0
pretty_core,2,1,1
pretty_correct,2,2,0
pretty_cosmetic,2,2,0
totally_do-able,2,2,0
totally_disabled,2,2,0
totally_distracting,2,1,1
totally_disruptive,2,1,1
totally_disposable,2,2,0
pretty_cunning,2,2,0
pretty_current,2,2,0
totally_disingenuous,2,2,0
totally_disillusioned,2,2,0
totally_flexible,2,2,0
pretty_audacious,2,2,0
practically_negligible,2,2,0
preferably_german,2,2,0
predictably_awful,2,2,0
predictably_irrational,2,2,0
predictably_political,2,2,0
predominantly_african,2,2,0
predominantly_democratic,2,2,0
predominantly_gay,2,2,0
predominantly_hispanic,2,2,0
predominantly_islamic,2,2,0
predominantly_liberal,2,2,0
totally_helpful,2,2,0
predominantly_poor,2,2,0
predominantly_red,2,2,0
predominantly_vegan,2,2,0
totally_heartbroken,2,2,0
predominately_catholic,2,2,0
preferably_cheap,2,0,2
preferably_closer,2,2,0
predictably_awesome,2,2,0
precisely_enough,2,1,1
precisely_analogous,2,1,1
practically_unknown,2,1,1
totally_horrific,2,2,0
practically_painless,2,2,0
totally_horny,2,2,0
practically_ready,2,1,1
practically_silent,2,2,0
practically_sure,2,2,0
practically_synonymous,2,2,0
practically_unlimited,2,2,0
precariously_low,2,2,0
practically_unnoticeable,2,2,0
practically_unreadable,2,1,1
practically_unrecognizable,2,2,0
practically_unthinkable,2,1,1
totally_high,2,2,0
practically_wise,2,2,0
precariously_balanced,2,2,0
preferably_fresh,2,2,0
preferably_orange,2,0,2
totally_formal,2,2,0
preferably_red,2,0,2
pretty_afraid,2,2,0
pretty_alike,2,2,0
totally_fundamental,2,0,2
pretty_amiable,2,2,0
pretty_analytical,2,2,0
pretty_androgynous,2,1,1
pretty_anecdotal,2,2,0
totally_frustrated,2,2,0
totally_frightening,2,1,1
pretty_appalled,2,2,0
pretty_appreciative,2,2,0
pretty_approachable,2,2,0
pretty_appropriate,2,2,0
pretty_apt,2,1,1
pretty_archaic,2,2,0
pretty_artificial,2,2,0
pretty_astute,2,2,0
pretty_advanced,2,2,0
pretty_adult,2,2,0
totally_girly,2,0,2
presumably_interested,2,1,1
prematurely_dead,2,2,0
prematurely_fascist,2,2,0
presently_unknown,2,2,0
presumably_available,2,2,0
presumably_better,2,0,2
presumably_comfortable,2,2,0
presumably_female,2,0,2
presumably_more,2,2,0
totally_glad,2,2,0
presumably_unknown,2,2,0
preternaturally_cool,2,2,0
preternaturally_good,2,2,0
preternaturally_mature,2,2,0
totally_guilty,2,2,0
pretty_abysmal,2,2,0
pretty_accommodating,2,2,0
possibly_stupid,2,1,1
possibly_spanish,2,2,0
overly_congested,2,2,0
plainly_awesome,2,2,0
totally_recognizable,2,0,2
plainly_boring,2,2,0
plainly_dishonest,2,2,0
plainly_illegal,2,2,0
plainly_negative,2,2,0
plainly_racist,2,2,0
plainly_simple,2,2,0
plainly_subject,2,2,0
totally_qualified,2,2,0
totally_pure,2,0,2
playfully_absurd,2,2,0
playfully_ironic,2,0,2
totally_public,2,2,0
pleasantly_bitter,2,2,0
pleasantly_hot,2,1,1
pleasantly_low,2,2,0
pleasantly_nostalgic,2,1,1
plainly_bad,2,1,1
plainly_apparent,2,2,0
possibly_smelly,2,0,2
plainly_apathetic,2,2,0
plain_unproductive,2,2,0
plain_unsure,2,1,1
totally_rubbish,2,2,0
plain_unwell,2,2,0
totally_rosy,2,2,0
totally_romantic,2,1,1
plain_vile,2,2,0
totally_respectful,2,2,0
plain_vindictive,2,2,0
totally_respectable,2,2,0
totally_removable,2,2,0
plain_warm,2,2,0
plain_whiny,2,2,0
totally_relaxing,2,1,1
plain_wicked,2,1,1
plain_worthless,2,2,0
totally_related,2,2,0
pleasantly_odd,2,0,2
pleasantly_old-fashioned,2,0,2
pleasantly_simple,2,2,0
pleasantly_strange,2,1,1
totally_pathetic,2,2,0
politically_beholden,2,2,0
politically_bold,2,1,1
politically_close,2,2,0
politically_closer,2,1,1
politically_clumsy,2,2,0
politically_complicated,2,2,0
totally_passe,2,2,0
politically_confused,2,2,0
totally_overcast,2,2,0
politically_corrupt,2,1,1
politically_costly,2,2,0
politically_deaf,2,2,0
politically_distasteful,2,2,0
politically_distinct,2,2,0
politically_diverse,2,2,0
politically_dominant,2,2,0
politically_appropriate,2,2,0
totally_phenomenal,2,0,2
totally_physical,2,1,1
pleasingly_dirty,2,0,2
totally_pragmatic,2,2,0
pleasantly_tart,2,1,1
pleasantly_tired,2,2,0
pleasantly_unpleasant,2,1,1
pleasantly_weird,2,2,0
pleasingly_accessible,2,1,1
pleasingly_attractive,2,2,0
totally_portable,2,2,0
politically_aggressive,2,2,0
totally_pornographic,2,2,0
pleasingly_full,2,2,0
pleasingly_inventive,2,1,1
pleasingly_light,2,2,0
pleasingly_nostalgic,2,0,2
pointedly_personal,2,2,0
totally_poor,2,2,0
totally_sane,2,1,1
plain_unnerving,2,2,0
totally_scared,2,2,0
plain_rich,2,2,0
plain_overwhelming,2,2,0
plain_overwrought,2,2,0
plain_peculiar,2,2,0
plain_perverse,2,2,0
plain_pissed,2,2,0
totally_treatable,2,1,1
totally_traditional,2,1,1
totally_tired,2,2,0
plain_polite,2,2,0
plain_powerful,2,2,0
plain_predictable,2,2,0
plain_prejudiced,2,2,0
plain_proud,2,2,0
plain_quiet,2,2,0
plain_random,2,2,0
totally_tipsy,2,2,0
plain_rebellious,2,2,0
plain_overwhelmed,2,2,0
plain_overweight,2,2,0
plain_overkill,2,2,0
plain_narcissistic,2,2,0
totally_undeserved,2,1,1
totally_underwater,2,2,0
plain_monotonous,2,2,0
plain_moronic,2,2,0
plain_mundane,2,2,0
plain_mysterious,2,2,0
totally_unconstitutional,2,0,2
plain_nauseating,2,2,0
totally_unannounced,2,1,1
totally_uncommon,2,2,0
plain_neurotic,2,2,0
plain_noisy,2,2,0
plain_nonexistent,2,2,0
totally_unbiased,2,1,1
plain_obscure,2,2,0
plain_outlandish,2,2,0
totally_thick,2,2,0
totally_tedious,2,1,1
totally_scary,2,1,1
plain_risky,2,2,0
plain_stunning,2,2,0
totally_spiritual,2,1,1
totally_spectacular,2,0,2
plain_suicidal,2,2,0
plain_suspicious,2,2,0
plain_sweet,2,2,0
totally_sorry,2,1,1
totally_soft,2,2,0
totally_single,2,2,0
totally_simple,2,1,1
plain_unacceptable,2,2,0
plain_unavoidable,2,2,0
plain_unemployed,2,2,0
plain_unethical,2,2,0
plain_unfortunate,2,2,0
totally_self-taught,2,2,0
plain_unimpressed,2,2,0
plain_stronger,2,2,0
plain_stoked,2,2,0
plain_stingy,2,1,1
plain_shabby,2,2,0
plain_rubbish,2,2,0
totally_tasty,2,2,0
totally_tasteful,2,2,0
plain_ruthless,2,2,0
totally_synthetic,2,2,0
totally_superfluous,2,1,1
plain_sentimental,2,2,0
plain_shitty,2,2,0
plain_sneaky,2,2,0
plain_shocked,2,2,0
totally_subject,2,2,0
totally_stunned,2,2,0
plain_sinful,2,2,0
plain_sleazy,2,2,0
plain_sleepy,2,2,0
plain_smelly,2,2,0
politically_driven,2,2,0
totally_online,2,2,0
politically_favorable,2,2,0
possibly_imaginable,2,0,2
possibly_depressed,2,2,0
possibly_different,2,1,1
possibly_early,2,2,0
possibly_exempt,2,2,0
possibly_extra,2,2,0
possibly_fabulous,2,2,0
possibly_familiar,2,2,0
possibly_few,2,2,0
possibly_fewer,2,2,0
totally_magical,2,0,2
possibly_funny,2,0,2
possibly_genetic,2,1,1
possibly_german,2,2,0
possibly_global,2,2,0
possibly_green,2,2,0
possibly_habitable,2,2,0
possibly_helpful,2,1,1
possibly_deliberate,2,2,0
possibly_deep,2,2,0
possibly_deceptive,2,2,0
possibly_christian,2,2,0
possibly_anxious,2,2,0
totally_minimalist,2,2,0
possibly_bad,2,1,1
possibly_beneficial,2,2,0
totally_mindless,2,0,2
possibly_blue,2,2,0
totally_memorable,2,1,1
possibly_complementary,2,2,0
possibly_deadly,2,2,0
possibly_complicated,2,1,1
possibly_concerned,2,2,0
possibly_confused,2,2,0
possibly_confusing,2,2,0
possibly_crucial,2,1,1
totally_matte,2,1,1
totally_manageable,2,1,1
possibly_homosexual,2,2,0
possibly_inappropriate,2,1,1
possibly_aggressive,2,2,0
possibly_individual,2,2,0
possibly_plastic,2,2,0
possibly_potential,2,2,0
possibly_problematic,2,1,1
possibly_rabid,2,2,0
possibly_racist,2,2,0
possibly_rare,2,2,0
possibly_religious,2,2,0
possibly_reversible,2,2,0
possibly_rotten,2,2,0
possibly_rude,2,2,0
possibly_safe,2,2,0
possibly_secondary,2,2,0
possibly_secular,2,2,0
possibly_serious,2,2,0
possibly_sexual,2,1,1
possibly_sick,2,2,0
possibly_smaller,2,2,0
possibly_perilous,2,2,0
possibly_ongoing,2,2,0
possibly_objectionable,2,2,0
possibly_long-term,2,2,0
possibly_invasive,2,2,0
possibly_irish,2,2,0
possibly_italian,2,2,0
possibly_japanese,2,2,0
possibly_jewish,2,2,0
possibly_legal,2,2,0
possibly_life-threatening,2,2,0
possibly_low,2,2,0
possibly_nuclear,2,2,0
possibly_lucky,2,1,1
possibly_magical,2,0,2
possibly_medical,2,2,0
possibly_mistaken,2,2,0
totally_local,2,0,2
possibly_naive,2,2,0
possibly_nice,2,2,0
possibly_akin,2,0,2
possibly_adult,2,2,0
totally_onboard,2,2,0
politically_unfriendly,2,2,0
politically_privileged,2,1,1
politically_prudent,2,2,0
politically_radioactive,2,1,1
politically_reprehensible,2,2,0
politically_responsible,2,1,1
politically_revolutionary,2,0,2
politically_right-wing,2,2,0
politically_riskier,2,2,0
politically_salient,2,2,0
politically_scared,2,2,0
politically_shrewd,2,2,0
politically_strong,2,1,1
politically_successful,2,2,0
politically_supportive,2,2,0
politically_thorny,2,2,0
politically_tough,2,2,0
totally_needless,2,2,0
politically_pragmatic,2,2,0
politically_potent,2,2,0
politically_polarizing,2,2,0
politically_impotent,2,2,0
politically_fragile,2,2,0
politically_hard,2,2,0
politically_harmless,2,2,0
politically_helpful,2,2,0
politically_helpless,2,2,0
politically_homeless,2,2,0
politically_ideological,2,2,0
politically_inactive,2,1,1
politically_plausible,2,2,0
politically_inexperienced,2,1,1
politically_inflammatory,2,1,1
politically_insensitive,2,2,0
totally_obnoxious,2,2,0
politically_offensive,2,2,0
politically_opportunistic,2,2,0
politically_pivotal,2,2,0
politically_uncomfortable,2,2,0
politically_unhelpful,2,1,1
possibly_accurate,2,2,0
politically_unrealistic,2,2,0
positively_exquisite,2,1,1
positively_fatal,2,2,0
positively_frightening,2,1,1
positively_gleeful,2,2,0
positively_impactful,2,1,1
positively_laughable,2,2,0
positively_motivating,2,2,0
positively_perfect,2,1,1
positively_pink,2,0,2
positively_positive,2,2,0
positively_scandalous,2,1,1
positively_thrilled,2,2,0
positively_true,2,1,1
positively_weird,2,1,1
positively_wicked,2,1,1
positively_wonderful,2,2,0
possibly_abusive,2,2,0
positively_enthusiastic,2,2,0
positively_enormous,2,2,0
positively_dreadful,2,1,1
poorly_conductive,2,2,0
politically_unsophisticated,2,2,0
totally_narcissistic,2,2,0
politically_unwise,2,1,1
politically_vague,2,2,0
totally_mobile,2,2,0
politically_wise,2,2,0
poorly_clad,2,2,0
poorly_mannered,2,2,0
positively_desirable,2,2,0
poorly_predictive,2,2,0
poorly_soluble,2,2,0
poorly_visible,2,2,0
positively_aware,2,1,1
positively_bad,2,2,0
positively_buoyant,2,2,0
positively_creepy,2,2,0
pretty_dishonest,2,2,0
totally_dehydrated,2,2,0
pretty_disparate,2,2,0
probably_flawed,2,2,0
probably_french,2,2,0
probably_gonna,2,2,0
too_prosaic,2,2,0
probably_gross,2,2,0
probably_harder,2,2,0
probably_heavier,2,2,0
probably_helpful,2,2,0
too_pronounced,2,2,0
probably_hungover,2,2,0
probably_ideal,2,2,0
too_prolific,2,2,0
probably_ill,2,2,0
probably_imminent,2,2,0
probably_indifferent,2,2,0
probably_innate,2,1,1
probably_intent,2,2,0
probably_invalid,2,2,0
too_psychic,2,2,0
too_puny,2,2,0
totally_decadent,2,0,2
probably_doomed,2,2,0
too_relentless,2,2,0
probably_angry,2,2,0
probably_anxious,2,2,0
probably_appropriate,2,2,0
probably_bigger,2,2,0
probably_bisexual,2,2,0
probably_blind,2,2,0
probably_cautious,2,2,0
probably_complete,2,2,0
probably_confusing,2,2,0
probably_contemporary,2,2,0
probably_cooler,2,1,1
probably_dangerous,2,1,1
too_radioactive,2,1,1
too_rad,2,2,0
probably_dirty,2,2,0
probably_doable,2,2,0
probably_involved,2,1,1
too_pristine,2,2,0
probably_jewish,2,2,0
probably_justified,2,2,0
too_populist,2,2,0
probably_rotten,2,2,0
probably_safer,2,2,0
probably_several,2,2,0
probably_shorter,2,2,0
too_polish,2,2,0
probably_skilled,2,2,0
too_polarizing,2,1,1
too_pointless,2,2,0
probably_solid,2,2,0
probably_sufficient,2,2,0
probably_temporary,2,2,0
probably_terrible,2,2,0
too_plush,2,2,0
probably_third,2,2,0
probably_thrilled,2,2,0
probably_transient,2,2,0
probably_reluctant,2,1,1
probably_relieved,2,2,0
probably_redundant,2,2,0
probably_overdone,2,2,0
probably_lower,2,2,0
probably_lucky,2,2,0
too_previous,2,2,0
probably_mindful,2,2,0
too_prejudiced,2,2,0
too_predatory,2,2,0
probably_optional,2,2,0
probably_overdue,2,2,0
probably_realistic,2,1,1
probably_part-time,2,2,0
probably_pleased,2,2,0
probably_poisonous,2,2,0
probably_poor,2,2,0
probably_possible,2,2,0
probably_preferable,2,2,0
probably_prone,2,2,0
probably_accustomed,2,2,0
probably_accidental,2,2,0
privately_worried,2,2,0
previously_critical,2,2,0
pretty_user-friendly,2,2,0
pretty_utilitarian,2,2,0
pretty_vapid,2,2,0
pretty_vast,2,2,0
too_silky,2,2,0
pretty_vibrant,2,1,1
too_shrewd,2,2,0
pretty_vital,2,2,0
too_shameless,2,2,0
pretty_wasteful,2,2,0
pretty_wealthy,2,2,0
pretty_well-known,2,1,1
too_serene,2,2,0
pretty_wicked,2,2,0
pretty_widespread,2,0,2
pretty_witty,2,2,0
pretty_wobbly,2,2,0
too_sinister,2,2,0
too_skillful,2,2,0
pretty_urgent,2,2,0
too_solitary,2,2,0
too_sporty,2,2,0
too_spontaneous,2,2,0
too_spoiled,2,2,0
pretty_unlikable,2,2,0
too_sordid,2,2,0
pretty_unpopular,2,2,0
too_soothing,2,2,0
pretty_unpredictable,2,2,0
too_slender,2,2,0
too_solicitous,2,2,0
pretty_unreasonable,2,2,0
pretty_unreliable,2,2,0
pretty_unremarkable,2,2,0
pretty_unsavory,2,1,1
pretty_unsure,2,2,0
pretty_upscale,2,0,2
pretty_wonky,2,2,0
previously_exclusive,2,2,0
privately_unhappy,2,2,0
too_self-aware,2,1,1
primarily_fiscal,2,2,0
too_revolutionary,2,2,0
primarily_internal,2,1,1
primarily_loyal,2,2,0
primarily_male,2,2,0
primarily_online,2,2,0
primarily_positive,2,2,0
primarily_red,2,2,0
primarily_republican,2,2,0
primarily_social,2,2,0
primarily_white,2,2,0
too_resilient,2,2,0
principally_interested,2,2,0
principally_wrong,2,0,2
privately_accessible,2,2,0
too_relieved,2,2,0
privately_furious,2,2,0
primarily_evil,2,2,0
too_right-wing,2,2,0
primarily_cultural,2,2,0
too_sassy,2,2,0
previously_inactive,2,2,0
previously_invisible,2,0,2
previously_secret,2,2,0
previously_unaccounted,2,2,0
too_sectarian,2,2,0
too_scant,2,2,0
too_savory,2,2,0
previously_undone,2,0,2
primarily_crucial,2,2,0
previously_unforeseen,2,0,2
previously_uninterested,2,2,0
too_russian,2,2,0
previously_untapped,2,2,0
previously_unused,2,2,0
primarily_british,2,0,2
too_robotic,2,2,0
probably_truer,2,2,0
probably_unattainable,2,2,0
probably_underpaid,2,1,1
too_nondescript,2,2,0
profoundly_silly,2,1,1
profoundly_simple,2,0,2
too_obligated,2,2,0
profoundly_soothing,2,0,2
profoundly_suspect,2,0,2
profoundly_terrible,2,1,1
profoundly_tragic,2,0,2
profoundly_ugly,2,0,2
profoundly_unethical,2,2,0
profoundly_unhappy,2,2,0
profoundly_unlikely,2,2,0
profoundly_unreal,2,0,2
profoundly_uplifting,2,2,0
profoundly_upset,2,2,0
profoundly_wise,2,2,0
too_nonexistent,2,2,0
progressively_harder,2,2,0
profoundly_sick,2,2,0
profoundly_sexual,2,0,2
profoundly_selfish,2,1,1
profoundly_paradoxical,2,0,2
profoundly_local,2,2,0
profoundly_lonely,2,1,1
profoundly_misguided,2,1,1
profoundly_misleading,2,2,0
too_official,2,2,0
profoundly_offensive,2,1,1
profoundly_painful,2,0,2
profoundly_pathological,2,0,2
too_observant,2,2,0
profoundly_poetic,2,0,2
profoundly_poignant,2,0,2
profoundly_practical,2,0,2
profoundly_prosaic,2,0,2
profoundly_religious,2,2,0
profoundly_romantic,2,1,1
profoundly_sceptical,2,2,0
progressively_worse,2,2,0
prohibitively_complicated,2,2,0
profoundly_knowledgeable,2,1,1
too_nonchalant,2,2,0
properly_respectful,2,1,1
properly_responsive,2,2,0
properly_sensitive,2,1,1
properly_skeptical,2,2,0
proportionately_smaller,2,1,1
proudly_apolitical,2,2,0
proudly_available,2,2,0
proudly_british,2,1,1
proudly_free,2,2,0
proudly_gay,2,2,0
proudly_independent,2,2,0
proudly_oblivious,2,1,1
proudly_vegan,2,2,0
provably_true,2,2,0
provably_untrue,2,2,0
psychologically_addictive,2,2,0
psychologically_astute,2,2,0
properly_representative,2,2,0
too_mystical,2,2,0
too_mythical,2,1,1
properly_better,2,2,0
prohibitively_dangerous,2,2,0
too_neutral,2,2,0
prohibitively_pricey,2,2,0
properly_accountable,2,2,0
too_near,2,2,0
properly_attributable,2,2,0
properly_aware,2,2,0
properly_clean,2,2,0
too_naked,2,2,0
too_naturalistic,2,2,0
properly_disturbing,2,2,0
too_nascent,2,2,0
properly_dry,2,2,0
properly_exciting,2,1,1
properly_free,2,1,1
properly_outraged,2,2,0
profoundly_lacking,2,2,0
profoundly_jarring,2,1,1
too_plastic,2,2,0
profoundly_conservative,2,0,2
too_perky,2,2,0
profoundly_ambitious,2,2,0
profoundly_anti-social,2,1,1
too_penetrating,2,2,0
profoundly_appealing,2,0,2
profoundly_arrogant,2,1,1
profoundly_audacious,2,1,1
profoundly_authentic,2,0,2
profoundly_autistic,2,2,0
profoundly_better,2,0,2
profoundly_bigoted,2,2,0
profoundly_bizarre,2,0,2
too_peachy,2,2,0
too_patronizing,2,2,0
profoundly_challenging,2,1,1
profoundly_compelling,2,0,2
profoundly_complex,2,1,1
profoundly_alien,2,0,2
profoundly_aggressive,2,2,0
profoundly_afraid,2,2,0
probably_wise,2,1,1
probably_unhappy,2,2,0
too_pitiful,2,2,0
probably_unique,2,2,0
probably_unwise,2,2,0
too_picturesque,2,2,0
probably_vulnerable,2,2,0
too_phony,2,2,0
professionally_applicable,2,2,0
profoundly_absurd,2,1,1
professionally_capable,2,1,1
professionally_clean,2,2,0
professionally_competent,2,2,0
professionally_desirable,2,2,0
professionally_exciting,2,2,0
professionally_interested,2,2,0
professionally_polite,2,2,0
too_patriotic,2,2,0
profoundly_cool,2,1,1
too_open-minded,2,2,0
profoundly_counter-intuitive,2,1,1
profoundly_fascinating,2,1,1
too_overgrown,2,2,0
profoundly_free,2,2,0
profoundly_gendered,2,1,1
profoundly_great,2,0,2
too_overblown,2,1,1
profoundly_happy,2,2,0
profoundly_humane,2,0,2
too_outdoors,2,2,0
profoundly_immoral,2,0,2
profoundly_impactful,2,0,2
profoundly_inadequate,2,1,1
profoundly_incoherent,2,2,0
profoundly_inconsistent,2,2,0
too_organized,2,1,1
profoundly_insecure,2,1,1
profoundly_interdependent,2,2,0
profoundly_familiar,2,2,0
profoundly_enigmatic,2,0,2
profoundly_elemental,2,0,2
profoundly_direct,2,2,0
profoundly_creative,2,1,1
profoundly_cruel,2,1,1
profoundly_curious,2,0,2
profoundly_dark,2,1,1
profoundly_debilitating,2,2,0
profoundly_destructive,2,1,1
profoundly_difficult,2,2,0
profoundly_disappointed,2,2,0
profoundly_dumb,2,1,1
too_painstaking,2,2,0
too_painless,2,2,0
profoundly_disappointing,2,1,1
profoundly_dishonest,2,1,1
profoundly_disordered,2,1,1
profoundly_distasteful,2,1,1
profoundly_divisive,2,2,0
pretty_uninspiring,2,2,0
pretty_uninspired,2,2,0
pretty_unimpressive,2,2,0
too_zany,2,2,0
pretty_inaccessible,2,2,0
pretty_inaccurate,2,2,0
pretty_inactive,2,2,0
pretty_inclusive,2,2,0
pretty_inconspicuous,2,2,0
pretty_inconvenient,2,2,0
pretty_indestructible,2,1,1
pretty_indifferent,2,2,0
pretty_inefficient,2,2,0
pretty_inevitable,2,2,0
pretty_informative,2,2,0
pretty_inoffensive,2,2,0
pretty_insensitive,2,2,0
pretty_insidious,2,1,1
pretty_insistent,2,2,0
pretty_insular,2,2,0
pretty_insulting,2,2,0
totally_addicted,2,2,0
totally_addictive,2,1,1
totally_adjustable,2,2,0
pretty_horrid,2,2,0
pretty_heartfelt,2,2,0
pretty_heartwarming,2,2,0
pretty_heated,2,2,0
totally_amiss,2,1,1
pretty_hesitant,2,2,0
totally_amicable,2,2,0
pretty_hoppy,2,2,0
totally_alright,2,2,0
pretty_implausible,2,2,0
totally_agreeable,2,2,0
pretty_humid,2,2,0
pretty_hungover,2,2,0
pretty_hypothetical,2,2,0
pretty_icky,2,2,0
pretty_icy,2,2,0
pretty_impenetrable,2,2,0
pretty_integral,2,1,1
too_yummy,2,2,0
pretty_heady,2,2,0
pretty_intrigued,2,2,0
pretty_lucrative,2,2,0
pretty_lurid,2,2,0
pretty_lush,2,2,0
pretty_luxurious,2,2,0
pretty_magnificent,2,1,1
pretty_majestic,2,1,1
pretty_meager,2,2,0
pretty_meaningful,2,1,1
pretty_mechanical,2,2,0
too_vigilant,2,2,0
pretty_middle,2,2,0
pretty_mighty,2,2,0
pretty_mindful,2,2,0
too_verifiable,2,2,0
pretty_minimalist,2,2,0
too_verbal,2,2,0
pretty_mixed,2,2,0
too_wavy,2,2,0
pretty_lopsided,2,2,0
pretty_local,2,1,1
pretty_juicy,2,2,0
pretty_intrusive,2,2,0
pretty_invisible,2,2,0
pretty_inviting,2,2,0
too_worthy,2,1,1
pretty_irresponsible,2,2,0
pretty_jarring,2,2,0
pretty_judgmental,2,2,0
pretty_juvenile,2,2,0
pretty_literal,2,1,1
pretty_kind,2,2,0
pretty_lacking,2,2,0
pretty_larger,2,2,0
pretty_lax,2,2,0
pretty_lean,2,2,0
too_whiny,2,2,0
pretty_limp,2,2,0
totally_appalling,2,2,0
totally_applicable,2,2,0
pretty_monotonous,2,1,1
pretty_fanatical,2,2,0
totally_contemporary,2,1,1
totally_confusing,2,2,0
pretty_enlightening,2,2,0
totally_compulsive,2,2,0
totally_comprehensive,2,2,0
pretty_enticing,2,2,0
totally_competent,2,2,0
pretty_erotic,2,1,1
pretty_even-handed,2,2,0
totally_common,2,2,0
pretty_exclusive,2,1,1
pretty_excruciating,2,2,0
totally_coherent,2,1,1
pretty_experienced,2,2,0
pretty_extroverted,2,2,0
pretty_faint,2,2,0
totally_chaotic,2,2,0
pretty_electric,2,2,0
pretty_effortless,2,2,0
pretty_efficient,2,2,0
pretty_dreary,2,2,0
totally_debilitating,2,2,0
pretty_distracting,2,2,0
pretty_distressed,2,2,0
pretty_dormant,2,2,0
pretty_down,2,2,0
totally_current,2,2,0
pretty_dreamy,2,2,0
pretty_drinkable,2,2,0
totally_contrived,2,2,0
totally_counterproductive,2,2,0
totally_cooperative,2,2,0
totally_convoluted,2,1,1
pretty_dysfunctional,2,2,0
pretty_economical,2,2,0
pretty_edgy,2,2,0
pretty_educational,2,2,0
totally_certain,2,1,1
totally_capable,2,2,0
pretty_harrowing,2,2,0
pretty_fatigued,2,2,0
pretty_glum,2,2,0
pretty_gnarly,2,2,0
pretty_graceful,2,2,0
pretty_grainy,2,2,0
totally_awkward,2,2,0
pretty_gratifying,2,2,0
pretty_greasy,2,2,0
pretty_greedy,2,2,0
totally_averse,2,0,2
pretty_grey,2,2,0
totally_available,2,2,0
pretty_gullible,2,2,0
pretty_gutsy,2,2,0
totally_automatic,2,2,0
pretty_haphazard,2,2,0
pretty_hard-hitting,2,2,0
pretty_harmful,2,2,0
pretty_gigantic,2,0,2
totally_banal,2,2,0
pretty_futuristic,2,2,0
totally_blameless,2,2,0
pretty_fearful,2,2,0
pretty_feminine,2,2,0
pretty_ferocious,2,2,0
pretty_final,2,1,1
pretty_fishy,2,1,1
pretty_flawless,2,2,0
pretty_fluent,2,2,0
pretty_forgiving,2,2,0
totally_bankrupt,2,2,0
pretty_formal,2,2,0
pretty_formulaic,2,2,0
pretty_foul,2,2,0
pretty_frail,2,2,0
totally_bilingual,2,2,0
pretty_functional,2,2,0
totally_bare,2,2,0
pretty_modern,2,2,0
pretty_moody,2,2,0
pretty_unheard,2,0,2
pretty_superfluous,2,2,0
too_unaffected,2,2,0
too_unacceptable,2,2,0
pretty_stout,2,2,0
too_turbulent,2,2,0
pretty_strident,2,2,0
pretty_stringent,2,2,0
too_triumphant,2,2,0
too_tribal,2,2,0
pretty_sturdy,2,2,0
too_traumatizing,2,2,0
pretty_subdued,2,2,0
too_transactional,2,2,0
too_toasty,2,2,0
too_titillating,2,2,0
pretty_succesful,2,2,0
too_time-consuming,2,2,0
pretty_suggestive,2,1,1
pretty_sporty,2,2,0
pretty_sporadic,2,2,0
pretty_specialized,2,2,0
pretty_slender,2,2,0
too_uneasy,2,2,0
too_undesirable,2,2,0
too_underwhelming,2,2,0
pretty_sickening,2,2,0
too_underfunded,2,2,0
pretty_situational,2,2,0
pretty_sleazy,2,2,0
pretty_slight,2,2,0
pretty_sour,2,2,0
pretty_slimy,2,2,0
pretty_slippery,2,2,0
pretty_sluggish,2,2,0
too_uncomplicated,2,2,0
pretty_snarky,2,1,1
too_uncanny,2,2,0
pretty_solitary,2,2,0
too_thoughtful,2,2,0
too_terse,2,1,1
pretty_shabby,2,2,0
too_taxing,2,0,2
pretty_timid,2,2,0
too_subversive,2,2,0
pretty_tiresome,2,2,0
pretty_tolerable,2,2,0
pretty_torturous,2,2,0
too_sturdy,2,2,0
pretty_tremendous,2,1,1
too_stormy,2,2,0
too_stinky,2,2,0
pretty_troublesome,2,2,0
too_stern,2,2,0
pretty_unaware,2,2,0
too_steamy,2,1,1
too_stately,2,2,0
pretty_unconventional,2,2,0
too_staggering,2,2,0
pretty_unfriendly,2,2,0
too_sufficient,2,2,0
pretty_thoughtful,2,1,1
pretty_thirsty,2,2,0
pretty_talkative,2,2,0
too_tantalizing,2,1,1
pretty_susceptible,2,2,0
pretty_sustainable,2,1,1
pretty_sweaty,2,2,0
pretty_synonymous,2,2,0
pretty_tactful,2,2,0
too_synonymous,2,2,0
pretty_tangible,2,0,2
too_suitable,2,2,0
too_suspenseful,2,2,0
too_supple,2,2,0
too_superstitious,2,2,0
pretty_tepid,2,2,0
too_supernatural,2,2,0
pretty_testy,2,2,0
pretty_thankful,2,2,0
pretty_shameful,2,2,0
too_unfashionable,2,2,0
pretty_moot,2,2,0
pretty_promising,2,1,1
pretty_patriotic,2,2,0
pretty_peachy,2,2,0
pretty_peculiar,2,1,1
pretty_perplexing,2,2,0
pretty_persistent,2,2,0
pretty_petty,2,2,0
pretty_plausible,2,2,0
pretty_pleasing,2,2,0
pretty_polish,2,2,0
pretty_polite,2,2,0
pretty_political,2,2,0
pretty_precious,2,0,2
too_unprofitable,2,2,0
pretty_premature,2,2,0
too_unprofessional,2,2,0
pretty_priceless,2,2,0
pretty_privileged,2,2,0
too_unscientific,2,1,1
pretty_outgoing,2,2,0
pretty_orderly,2,2,0
pretty_nimble,2,2,0
pretty_multicultural,2,2,0
pretty_musical,2,2,0
pretty_narcissistic,2,2,0
too_vacant,2,2,0
pretty_nauseous,2,1,1
pretty_necessary,2,2,0
pretty_negligible,2,2,0
pretty_nomadic,2,2,0
too_unsympathetic,2,2,0
pretty_nondescript,2,2,0
pretty_noteworthy,2,1,1
pretty_null,2,2,0
pretty_oblique,2,2,0
pretty_obscene,2,2,0
pretty_observant,2,2,0
pretty_obsolete,2,2,0
pretty_problematic,2,2,0
pretty_puny,2,2,0
too_unfathomable,2,2,0
pretty_pushy,2,2,0
pretty_rigid,2,2,0
pretty_round,2,2,0
pretty_rugged,2,2,0
pretty_rural,2,2,0
pretty_ruthless,2,2,0
too_unhinged,2,2,0
pretty_same,2,2,0
pretty_sarcastic,2,2,0
too_unfortunate,2,2,0
pretty_scarce,2,2,0
pretty_scathing,2,2,0
pretty_seedy,2,2,0
pretty_selective,2,2,0
pretty_self-contained,2,2,0
pretty_self-evident,2,2,0
pretty_separate,2,2,0
pretty_serene,2,2,0
pretty_restrictive,2,2,0
pretty_resourceful,2,2,0
pretty_reprehensible,2,0,2
too_unlikable,2,2,0
pretty_puzzling,2,2,0
pretty_quality,2,2,0
too_unpalatable,2,2,0
pretty_racist,2,2,0
too_unnecessary,2,2,0
pretty_rapid,2,1,1
pretty_raucous,2,2,0
too_unknown,2,2,0
too_uninspiring,2,2,0
too_unkind,2,2,0
pretty_reckless,2,1,1
pretty_red,2,2,0
pretty_redundant,2,2,0
pretty_relatable,2,2,0
pretty_relentless,2,2,0
pretty_reliant,2,2,0
totally_unequal,2,2,0
plain_misleading,2,2,0
totally_unfathomable,2,1,1
truly_picturesque,2,1,1
particularly_intrusive,2,2,0
particularly_irresistible,2,0,2
particularly_irreverent,2,1,1
particularly_irritable,2,2,0
particularly_japanese,2,0,2
particularly_jewish,2,0,2
particularly_joyful,2,1,1
particularly_kind,2,2,0
particularly_lacking,2,1,1
particularly_late,2,2,0
particularly_likable,2,1,1
truly_pernicious,2,0,2
particularly_likeable,2,2,0
truly_permanent,2,1,1
truly_peculiar,2,0,2
particularly_magnificent,2,1,1
particularly_majestic,2,0,2
particularly_introspective,2,2,0
particularly_intimate,2,1,1
perfectly_civilized,2,2,0
truly_political,2,2,0
particularly_humorous,2,2,0
particularly_hurtful,2,1,1
particularly_hypocritical,2,1,1
particularly_iconic,2,2,0
particularly_idiotic,2,1,1
particularly_ignorant,2,0,2
truly_primal,2,0,2
particularly_inappropriate,2,1,1
particularly_incendiary,2,2,0
particularly_incisive,2,1,1
particularly_inefficient,2,2,0
particularly_infuriating,2,0,2
particularly_ingenious,2,0,2
truly_practical,2,1,1
particularly_insecure,2,2,0
particularly_insistent,2,1,1
particularly_insulting,2,1,1
particularly_many,2,0,2
particularly_mature,2,2,0
particularly_mean,2,2,0
particularly_mean-spirited,2,2,0
particularly_outstanding,2,2,0
truly_obnoxious,2,1,1
particularly_palatable,2,1,1
particularly_paranoid,2,2,0
particularly_partisan,2,2,0
truly_nutty,2,1,1
particularly_patriotic,2,1,1
particularly_peculiar,2,0,2
particularly_perplexing,2,2,0
truly_nonsensical,2,1,1
truly_nightmarish,2,0,2
truly_nice,2,1,1
particularly_positive,2,2,0
truly_neutral,2,2,0
particularly_practical,2,2,0
particularly_predictable,2,2,0
particularly_prickly,2,2,0
particularly_outspoken,2,2,0
particularly_outraged,2,2,0
particularly_outlandish,2,0,2
particularly_muscular,2,2,0
truly_particular,2,0,2
particularly_meaty,2,0,2
truly_overt,2,2,0
particularly_misleading,2,2,0
truly_overpowering,2,2,0
particularly_monstrous,2,1,1
particularly_motivating,2,2,0
truly_outlandish,2,1,1
truly_obvious,2,1,1
truly_ours,2,2,0
truly_orthodox,2,2,0
particularly_nefarious,2,1,1
truly_ominous,2,1,1
particularly_noble,2,1,1
particularly_noisy,2,2,0
particularly_obstinate,2,2,0
particularly_hopeful,2,2,0
truly_promising,2,0,2
truly_psychotic,2,0,2
particularly_dominant,2,2,0
particularly_cowardly,2,0,2
particularly_crowded,2,2,0
particularly_cunning,2,2,0
particularly_curious,2,1,1
particularly_damaging,2,1,1
truly_repugnant,2,0,2
particularly_daunting,2,2,0
particularly_dear,2,2,0
particularly_debilitating,2,2,0
particularly_decadent,2,1,1
particularly_deft,2,2,0
particularly_delighted,2,2,0
particularly_descriptive,2,2,0
truly_reprehensible,2,0,2
particularly_dignified,2,2,0
particularly_dim,2,1,1
particularly_disastrous,2,1,1
particularly_counterintuitive,2,1,1
particularly_costly,2,2,0
particularly_conspicuous,2,2,0
particularly_boring,2,2,0
truly_selfless,2,2,0
particularly_awkward,2,0,2
truly_secondary,2,2,0
truly_scrumptious,2,1,1
particularly_big,2,2,0
particularly_bland,2,1,1
particularly_bored,2,2,0
particularly_charismatic,2,2,0
particularly_conservative,2,1,1
particularly_civil,2,2,0
particularly_clean,2,2,0
truly_salacious,2,0,2
particularly_clumsy,2,2,0
truly_sadistic,2,2,0
truly_saddened,2,2,0
particularly_confusing,2,1,1
particularly_disconcerting,2,2,0
truly_reminiscent,2,1,1
truly_pure,2,1,1
particularly_dressy,2,0,2
particularly_feminist,2,1,1
particularly_fertile,2,2,0
particularly_festive,2,0,2
particularly_filthy,2,2,0
particularly_forceful,2,2,0
particularly_frail,2,2,0
particularly_french,2,0,2
truly_reckless,2,1,1
truly_raunchy,2,1,1
particularly_german,2,1,1
particularly_glamorous,2,2,0
particularly_good-looking,2,2,0
particularly_graceful,2,2,0
particularly_grim,2,2,0
particularly_grisly,2,1,1
truly_qualified,2,0,2
particularly_hazardous,2,2,0
particularly_fashionable,2,2,0
particularly_fantastic,2,0,2
particularly_familiar,2,1,1
particularly_enchanting,2,1,1
particularly_durable,2,2,0
particularly_edgy,2,2,0
particularly_educated,2,2,0
particularly_educational,2,2,0
truly_relaxed,2,2,0
particularly_elemental,2,1,1
particularly_eloquent,2,2,0
particularly_engaging,2,2,0
particularly_fabulous,2,2,0
truly_relatable,2,2,0
particularly_evasive,2,2,0
particularly_excellent,2,0,2
particularly_exhilarating,2,2,0
particularly_expert,2,2,0
particularly_extravagant,2,1,1
particularly_extroverted,2,2,0
particularly_progressive,2,2,0
particularly_promising,2,2,0
truly_native,2,1,1
pathetically_optimistic,2,1,1
patently_different,2,0,2
truly_irish,2,0,2
patently_goofy,2,2,0
patently_ignorant,2,1,1
patently_insane,2,1,1
patently_ludicrous,2,2,0
patently_nonsensical,2,2,0
truly_intuitive,2,2,0
patently_phony,2,1,1
patently_political,2,1,1
patently_unjust,2,1,1
patently_unlawful,2,2,0
patently_unnecessary,2,2,0
patently_unqualified,2,1,1
patently_unrealistic,2,2,0
truly_interactive,2,1,1
pathetically_low,2,2,0
truly_ironic,2,0,2
past_tense,2,2,0
truly_irrelevant,2,1,1
partly_social,2,2,0
partly_new,2,1,1
partly_operational,2,2,0
partly_oral,2,2,0
partly_possible,2,2,0
partly_private,2,2,0
partly_ready,2,2,0
partly_shady,2,2,0
partly_translucent,2,2,0
passionately_serious,2,2,0
partly_unable,2,2,0
passionately_angry,2,2,0
passionately_beautiful,2,1,1
passionately_desolate,2,2,0
passionately_fond,2,2,0
passionately_obsessed,2,2,0
passionately_religious,2,2,0
truly_intelligent,2,1,1
pathetically_romantic,2,2,0
partly_missing,2,2,0
pathetically_slow,2,2,0
perfectly_alike,2,2,0
perfectly_american,2,2,0
perfectly_amiable,2,2,0
perfectly_angled,2,2,0
perfectly_articulate,2,2,0
perfectly_average,2,2,0
perfectly_avoidable,2,2,0
truly_inclusive,2,2,0
truly_incapable,2,2,0
perfectly_believable,2,2,0
perfectly_benign,2,1,1
perfectly_brilliant,2,1,1
perfectly_brown,2,2,0
truly_inane,2,0,2
perfectly_candid,2,2,0
truly_improbable,2,0,2
perfectly_chill,2,2,0
truly_inescapable,2,2,0
truly_inevitable,2,1,1
truly_inexplicable,2,1,1
truly_inhuman,2,0,2
pathetically_small,2,1,1
pathetically_stupid,2,1,1
pathetically_weak,2,2,0
truly_insignificant,2,2,0
pathologically_afraid,2,2,0
truly_insightful,2,0,2
pathologically_insecure,2,2,0
truly_ingenious,2,1,1
peculiarly_sinister,2,0,2
truly_influential,2,1,1
peculiarly_delightful,2,0,2
peculiarly_familiar,2,0,2
peculiarly_horrible,2,0,2
peculiarly_human,2,1,1
peculiarly_personal,2,0,2
peculiarly_satisfying,2,0,2
partly_natural,2,2,0
partly_misleading,2,2,0
truly_narcissistic,2,2,0
particularly_tempting,2,0,2
particularly_shady,2,1,1
truly_missing,2,0,2
particularly_sneaky,2,2,0
particularly_solicitous,2,2,0
particularly_soothing,2,1,1
particularly_specific,2,2,0
particularly_spectacular,2,2,0
particularly_spicy,2,1,1
particularly_steep,2,2,0
particularly_stinky,2,0,2
particularly_striking,2,2,0
particularly_stubborn,2,2,0
particularly_substantial,2,2,0
particularly_subtle,2,2,0
truly_menacing,2,1,1
particularly_suicidal,2,2,0
particularly_surprised,2,2,0
particularly_sexist,2,1,1
particularly_scenic,2,2,0
particularly_scathing,2,2,0
particularly_restorative,2,0,2
particularly_protective,2,2,0
particularly_rational,2,2,0
particularly_reactionary,2,1,1
particularly_realistic,2,0,2
particularly_reflective,2,2,0
truly_motivational,2,0,2
particularly_reliant,2,2,0
particularly_romantic,2,2,0
particularly_scared,2,2,0
particularly_rousing,2,2,0
particularly_rude,2,1,1
truly_moronic,2,1,1
particularly_salty,2,1,1
particularly_sane,2,2,0
particularly_sanguine,2,1,1
particularly_satisfied,2,2,0
truly_meaningless,2,2,0
particularly_terrifying,2,1,1
partly_metallic,2,2,0
particularly_troubled,2,2,0
partly_alive,2,2,0
partly_asleep,2,2,0
partly_blind,2,2,0
partly_brown,2,2,0
partly_clad,2,1,1
partly_clear,2,2,0
partly_complete,2,2,0
partly_dry,2,1,1
partly_electric,2,2,0
partly_false,2,2,0
truly_laughable,2,1,1
partly_functional,2,2,0
partly_good,2,1,1
partly_intentional,2,2,0
partly_interested,2,2,0
partly_invalid,2,2,0
partly_male,2,2,0
particularly_yummy,2,2,0
truly_life-changing,2,0,2
truly_loathsome,2,1,1
particularly_unlikely,2,2,0
truly_malicious,2,1,1
particularly_unethical,2,2,0
particularly_unflattering,2,1,1
particularly_unhealthy,2,1,1
particularly_unhelpful,2,2,0
particularly_unified,2,2,0
particularly_unkind,2,1,1
truly_macabre,2,1,1
particularly_wide,2,2,0
particularly_upscale,2,2,0
truly_loving,2,1,1
particularly_vital,2,0,2
truly_lovable,2,2,0
particularly_watchable,2,2,0
particularly_wealthy,2,2,0
particularly_whiny,2,2,0
particularly_authentic,2,1,1
particularly_asinine,2,0,2
particularly_asian,2,2,0
overly_surprised,2,2,0
overly_responsive,2,2,0
overly_reverent,2,2,0
truly_unparalleled,2,0,2
overly_ripe,2,2,0
overly_runny,2,2,0
truly_unnerving,2,0,2
overly_seasoned,2,2,0
overly_self-aware,2,2,0
overly_self-indulgent,2,2,0
truly_unlucky,2,2,0
overly_significant,2,1,1
overly_skeptical,2,2,0
overly_sloppy,2,2,0
overly_slow,2,2,0
overly_small,2,2,0
overly_special,2,2,0
overly_spiritual,2,2,0
overly_relaxed,2,2,0
overly_red,2,2,0
overly_realistic,2,1,1
overly_porous,2,2,0
overly_obtrusive,2,1,1
truly_unthinkable,2,0,2
overly_persistent,2,2,0
overly_persuasive,2,2,0
overly_pigmented,2,2,0
overly_pleased,2,2,0
overly_poetic,2,2,0
overly_praiseworthy,2,2,0
overly_quirky,2,2,0
overly_present,2,2,0
overly_private,2,2,0
overly_professional,2,1,1
truly_unpredictable,2,0,2
overly_prudent,2,2,0
overly_punctual,2,2,0
overly_pungent,2,2,0
overly_submissive,2,2,0
overly_susceptible,2,2,0
overly_observant,2,2,0
overly_sweaty,2,2,0
overtly_anti-semitic,2,2,0
overtly_autobiographical,2,1,1
overtly_bellicose,2,2,0
overtly_comedic,2,1,1
overtly_commercial,2,2,0
overtly_complicated,2,1,1
overtly_cruel,2,2,0
overtly_defiant,2,2,0
overtly_familiar,2,2,0
overtly_funny,2,2,0
overtly_humorous,2,2,0
overtly_mature,2,2,0
overtly_militaristic,2,2,0
truly_unforgivable,2,0,2
overtly_nationalistic,2,2,0
overtly_patriotic,2,1,1
overtly_philosophical,2,2,0
overtly_angry,2,2,0
overtly_abusive,2,2,0
truly_unhappy,2,2,0
truly_unhinged,2,2,0
truly_unimaginable,2,0,2
overly_tense,2,2,0
overly_thrilled,2,2,0
overly_tidy,2,2,0
overly_tolerant,2,2,0
overly_touristy,2,2,0
overly_toxic,2,1,1
overly_transparent,2,2,0
overly_witty,2,1,1
overly_unique,2,2,0
overly_unselfish,2,2,0
overly_upbeat,2,2,0
overly_utilitarian,2,2,0
overly_vocal,2,2,0
overly_voluminous,2,2,0
overly_willing,2,2,0
overly_obsessive,2,2,0
overly_obscure,2,2,0
overtly_provocative,2,2,0
overly_frequent,2,2,0
truly_vulgar,2,2,0
overly_erudite,2,2,0
overly_esoteric,2,2,0
overly_exacting,2,2,0
truly_visionary,2,2,0
overly_explicit,2,2,0
overly_extroverted,2,2,0
truly_visceral,2,1,1
overly_fast,2,2,0
overly_fat,2,2,0
overly_fatigued,2,2,0
overly_favourable,2,2,0
overly_forceful,2,2,0
overly_forgetful,2,2,0
truly_violent,2,1,1
overly_formulaic,2,2,0
overly_fragrant,2,2,0
overly_empathetic,2,2,0
truly_wacky,2,1,1
truly_waterproof,2,1,1
overly_daunting,2,1,1
overly_convenient,2,2,0
overly_corny,2,2,0
truly_witty,2,2,0
overly_cruel,2,2,0
overly_cutesy,2,1,1
overly_damp,2,2,0
overly_dangerous,2,2,0
truly_wireless,2,2,0
overly_dynamic,2,2,0
overly_deliberate,2,1,1
overly_dependant,2,2,0
overly_depressed,2,2,0
overly_discriminatory,2,2,0
overly_disruptive,2,2,0
overly_distracting,2,2,0
overly_disturbing,2,2,0
overly_frank,2,2,0
overly_funny,2,2,0
overly_neurotic,2,2,0
truly_vintage,2,1,1
overly_insistent,2,2,0
overly_interesting,2,2,0
overly_introverted,2,2,0
overly_invasive,2,2,0
overly_joyous,2,2,0
overly_lengthy,2,2,0
overly_lenient,2,2,0
overly_loving,2,2,0
overly_low,2,2,0
overly_lush,2,2,0
overly_macho,2,2,0
overly_mannered,2,1,1
overly_massive,2,2,0
overly_materialistic,2,2,0
overly_mechanical,2,2,0
overly_muscular,2,2,0
overly_neat,2,2,0
overly_informal,2,2,0
overly_individualistic,2,2,0
overly_independent,2,2,0
truly_vegan,2,2,0
overly_glossy,2,2,0
overly_good,2,2,0
overly_gory,2,2,0
overly_grainy,2,2,0
overly_grandiose,2,2,0
overly_greedy,2,2,0
truly_vegetarian,2,1,1
overly_hateful,2,1,1
overly_impulsive,2,1,1
overly_hectic,2,2,0
overly_humble,2,2,0
overly_hyper,2,2,0
overly_hyperactive,2,1,1
truly_various,2,0,2
overly_imaginative,2,2,0
overly_important,2,0,2
overtly_physical,2,2,0
overtly_racial,2,2,0
particularly_artsy,2,2,0
partially_operational,2,2,0
partially_dependant,2,2,0
partially_eligible,2,2,0
truly_suspect,2,1,1
partially_familiar,2,2,0
partially_genetic,2,2,0
partially_green,2,2,0
truly_supportive,2,2,0
partially_idle,2,2,0
partially_immune,2,2,0
partially_ineffective,2,2,0
partially_insufficient,2,2,0
partially_invisible,2,2,0
partially_legitimate,2,2,0
partially_liable,2,2,0
truly_such,2,2,0
partially_obscure,2,2,0
partially_obvious,2,1,1
truly_sympathetic,2,2,0
partially_deductible,2,2,0
partially_dead,2,2,0
palpably_absurd,2,2,0
painfully_transparent,2,2,0
painfully_wonderful,2,2,0
painfully_wrong,2,2,0
painstakingly_difficult,2,2,0
painstakingly_handmade,2,2,0
painstakingly_honest,2,2,0
painstakingly_realistic,2,2,0
palpably_present,2,2,0
partially_credible,2,2,0
partially_active,2,2,0
partially_artificial,2,2,0
partially_autonomous,2,2,0
partially_black,2,2,0
truly_tantalizing,2,0,2
partially_clad,2,2,0
truly_tacky,2,0,2
partially_online,2,2,0
partially_outdoor,2,2,0
painfully_touching,2,0,2
partially_outdoors,2,2,0
particularly_abhorrent,2,0,2
particularly_academic,2,2,0
truly_spacious,2,2,0
truly_soothing,2,1,1
truly_small,2,2,0
particularly_adventurous,2,2,0
particularly_advisable,2,2,0
particularly_aggravating,2,0,2
particularly_agreeable,2,0,2
truly_sinful,2,1,1
truly_sincere,2,1,1
particularly_appalling,2,1,1
particularly_apparent,2,1,1
particularly_applicable,2,1,1
particularly_appreciative,2,2,0
particularly_arbitrary,2,2,0
particularly_arduous,2,1,1
truly_specific,2,1,1
truly_speculative,2,1,1
partially_vacant,2,2,0
partially_secure,2,2,0
partially_pigmented,2,2,0
partially_plastic,2,2,0
partially_raw,2,2,0
partially_real,2,2,0
partially_reliant,2,2,0
partially_rural,2,2,0
truly_stressful,2,2,0
truly_straight,2,2,0
partially_untrue,2,2,0
partially_similar,2,1,1
partially_taxable,2,2,0
partially_tender,2,2,0
partially_treatable,2,2,0
partially_unfinished,2,2,0
partially_uninsured,2,2,0
partially_unoccupied,2,2,0
painfully_tragic,2,2,0
painfully_tired,2,1,1
truly_unfamiliar,2,1,1
overwhelmingly_unfit,2,2,0
overwhelmingly_effective,2,2,0
overwhelmingly_emotional,2,2,0
overwhelmingly_enormous,2,2,0
overwhelmingly_familiar,2,2,0
overwhelmingly_full,2,2,0
overwhelmingly_generous,2,2,0
overwhelmingly_guilty,2,1,1
overwhelmingly_kind,2,2,0
overwhelmingly_lovely,2,1,1
overwhelmingly_open,2,2,0
overwhelmingly_persuasive,2,1,1
overwhelmingly_poor,2,1,1
truly_unacceptable,2,2,0
overwhelmingly_sad,2,2,0
overwhelmingly_satisfied,2,2,0
overwhelmingly_stressful,2,2,0
overwhelmingly_stupid,2,1,1
overwhelmingly_different,2,1,1
overwhelmingly_cute,2,1,1
overwhelmingly_conservative,2,2,0
overtly_trendy,2,1,1
overtly_right-wing,2,1,1
overtly_romantic,2,1,1
truly_unconscious,2,2,0
overtly_sinister,2,1,1
overtly_spiritual,2,2,0
overtly_supernatural,2,0,2
overtly_theological,2,1,1
overwhelmingly_adorable,2,0,2
overwhelmingly_comprehensive,2,2,0
overwhelmingly_amazing,2,2,0
overwhelmingly_appealing,2,2,0
overwhelmingly_awful,2,2,0
overwhelmingly_bitter,2,2,0
overwhelmingly_catholic,2,2,0
overwhelmingly_clear,2,0,2
overwhelmingly_complicated,2,2,0
truly_unable,2,2,0
overwhelmingly_warm,2,2,0
painfully_tender,2,2,0
truly_trustworthy,2,2,0
painfully_hilarious,2,2,0
painfully_ignorant,2,2,0
painfully_immediate,2,2,0
painfully_introverted,2,2,0
painfully_literal,2,2,0
painfully_loud,2,2,0
painfully_low,2,2,0
painfully_mannered,2,2,0
painfully_negative,2,2,0
painfully_open,2,2,0
painfully_outdated,2,2,0
painfully_plain,2,2,0
painfully_polite,2,2,0
painfully_present,2,2,0
painfully_self-conscious,2,2,0
painfully_sincere,2,2,0
painfully_stupid,2,2,0
painfully_high,2,2,0
painfully_heavy,2,1,1
painfully_graphic,2,2,0
painfully_clumsy,2,2,0
painfully_adorable,2,0,2
painfully_anxious,2,2,0
truly_transgender,2,2,0
painfully_blunt,2,2,0
painfully_bright,2,2,0
painfully_candid,2,2,0
truly_top-notch,2,2,0
painfully_comical,2,2,0
painfully_frustrating,2,2,0
painfully_common,2,1,1
painfully_complicated,2,2,0
painfully_different,2,1,1
truly_titillating,2,0,2
painfully_distressing,2,2,0
truly_tiny,2,1,1
truly_timely,2,0,2
perfectly_civil,2,2,0
perfectly_comforting,2,0,2
plain_memorable,2,2,0
truly_anti-american,2,2,0
physically_deficient,2,2,0
truly_ancient,2,1,1
physically_demonstrative,2,2,0
truly_amazed,2,2,0
truly_altruistic,2,0,2
physically_disadvantaged,2,2,0
physically_disgusting,2,1,1
truly_allergic,2,2,0
physically_easier,2,1,1
physically_endangered,2,2,0
physically_energetic,2,2,0
truly_aghast,2,2,0
physically_exhausted,2,2,0
physically_exhilarating,2,2,0
physically_female,2,1,1
truly_addictive,2,2,0
truly_accountable,2,1,1
physically_clumsy,2,2,0
truly_apathetic,2,2,0
perfectly_conscious,2,2,0
truly_apolitical,2,1,1
physically_addictive,2,2,0
physically_afraid,2,2,0
truly_astronomical,2,1,1
physically_agonizing,2,2,0
truly_astonished,2,2,0
physically_alive,2,2,0
physically_annoying,2,2,0
physically_apparent,2,2,0
physically_appealing,2,1,1
physically_arduous,2,2,0
truly_arrogant,2,2,0
physically_available,2,2,0
truly_arcane,2,2,0
truly_appetizing,2,0,2
physically_beneficial,2,0,2
physically_better,2,2,0
physically_blind,2,2,0
physically_good,2,2,0
truely_horrible,2,0,2
physically_hard,2,2,0
physically_healthier,2,2,0
physically_most,2,2,0
tremendously_loyal,2,2,0
tremendously_long,2,2,0
tremendously_liberating,2,1,1
physically_ok,2,2,0
physically_old,2,2,0
tremendously_irritating,2,2,0
physically_pleasurable,2,2,0
tremendously_influential,2,2,0
physically_resilient,2,2,0
physically_restless,2,2,0
physically_right,2,2,0
tremendously_impactful,2,1,1
tremendously_heroic,2,0,2
physically_satisfying,2,2,0
tremendously_happy,2,2,0
tremendously_great,2,1,1
tremendously_negative,2,1,1
tremendously_personal,2,2,0
physically_male,2,1,1
tremendously_smart,2,2,0
tremendously_welcoming,2,2,0
tremendously_vital,2,1,1
tremendously_upsetting,2,2,0
tremendously_unsettling,2,0,2
physically_important,2,2,0
tremendously_strong,2,1,1
physically_inaccessible,2,2,0
tremendously_skilled,2,2,0
physically_lovely,2,2,0
tremendously_similar,2,1,1
physically_inept,2,2,0
physically_intense,2,2,0
physically_intrusive,2,2,0
physically_invasive,2,1,1
physically_involved,2,1,1
physically_large,2,2,0
philosophically_wrong,2,0,2
truly_baffling,2,1,1
philosophically_unpopular,2,2,0
personally_helpful,2,2,0
perpetually_unfinished,2,2,0
personally_abusive,2,2,0
personally_accountable,2,2,0
personally_ambitious,2,2,0
personally_available,2,2,0
truly_clueless,2,2,0
personally_clean,2,2,0
personally_close,2,1,1
personally_conservative,2,2,0
personally_cruel,2,2,0
personally_dear,2,1,1
personally_derogatory,2,1,1
personally_desirable,2,1,1
personally_difficult,2,2,0
truly_characteristic,2,1,1
personally_frightening,2,1,1
personally_guilty,2,2,0
perpetually_single,2,2,0
perpetually_open,2,2,0
perpetually_new,2,1,1
permanently_great,2,2,0
perhaps_yellow,2,2,0
perhaps_young,2,2,0
truly_colorful,2,1,1
permanently_active,2,2,0
permanently_available,2,2,0
permanently_aware,2,2,0
permanently_dead,2,2,0
permanently_inaccessible,2,2,0
perpetually_necessary,2,2,0
permanently_injurious,2,2,0
permanently_sterile,2,2,0
permanently_unfit,2,2,0
permanently_unsettling,2,0,2
permanently_wise,2,2,0
perpetually_available,2,2,0
perpetually_misunderstood,2,1,1
personally_harmful,2,2,0
personally_holy,2,2,0
truly_barbaric,2,1,1
truly_caring,2,0,2
personally_sentimental,2,2,0
personally_subject,2,2,0
personally_useful,2,1,1
personally_wealthy,2,1,1
perversely_appealing,2,1,1
perversely_comforting,2,1,1
perversely_curious,2,2,0
perversely_enjoyable,2,1,1
perversely_gratifying,2,0,2
perversely_thrilling,2,0,2
perversely_violent,2,2,0
phenomenally_popular,2,2,0
philosophically_abstract,2,2,0
philosophically_compatible,2,2,0
philosophically_deep,2,1,1
philosophically_dense,2,2,0
truly_basic,2,0,2
personally_sacred,2,1,1
personally_risky,2,2,0
truly_bewildering,2,1,1
personally_motivated,2,1,1
personally_indifferent,2,1,1
personally_inspiring,2,1,1
personally_insulting,2,2,0
personally_intimate,2,1,1
personally_invasive,2,2,0
personally_loyal,2,2,0
truly_boring,2,2,0
personally_painful,2,1,1
truly_biblical,2,1,1
personally_pleasurable,2,2,0
personally_popular,2,2,0
personally_private,2,2,0
personally_reachable,2,2,0
truly_black,2,2,0
personally_ready,2,2,0
personally_religious,2,2,0
tremendously_gratifying,2,2,0
physically_sharp,2,2,0
physically_soothing,2,1,1
plain_horrid,2,2,0
plain_freaky,2,2,0
plain_free,2,2,0
plain_friendly,2,2,0
plain_frightened,2,2,0
plain_frightening,2,2,0
totally_untenable,2,1,1
totally_unsupported,2,2,0
plain_funky,2,2,0
plain_fuzzy,2,2,0
plain_garish,2,2,0
plain_generic,2,2,0
plain_grateful,2,2,0
totally_unsuccessful,2,2,0
plain_grotesque,2,2,0
plain_harmful,2,2,0
plain_heartless,2,2,0
totally_unsatisfactory,2,2,0
plain_frazzled,2,2,0
plain_fluffy,2,2,0
plain_flat,2,2,0
plain_fair,2,2,0
totally_various,2,0,2
plain_erotic,2,2,0
totally_useable,2,1,1
totally_unworthy,2,1,1
plain_excellent,2,2,0
plain_exhausted,2,2,0
plain_exhausting,2,2,0
totally_unwarranted,2,2,0
plain_fishy,2,2,0
plain_familiar,2,2,0
plain_famous,2,2,0
plain_fanciful,2,2,0
plain_fantastic,2,2,0
plain_faulty,2,2,0
plain_filthy,2,2,0
plain_finicky,2,2,0
plain_hokey,2,2,0
plain_human,2,2,0
plain_embarrassed,2,2,0
plain_ill,2,2,0
plain_irate,2,2,0
totally_unmanageable,2,1,1
plain_ironic,2,2,0
totally_unjust,2,2,0
plain_irresistible,2,2,0
plain_irresponsible,2,2,0
totally_uninterrupted,2,2,0
plain_large,2,2,0
totally_unintentional,2,2,0
totally_unintelligible,2,2,0
totally_uninhibited,2,1,1
plain_low,2,2,0
plain_luckier,2,2,0
totally_unimaginable,2,1,1
totally_unfulfilled,2,2,0
totally_unflattering,2,2,0
plain_mediocre,2,2,0
totally_unnerving,2,1,1
plain_intimidating,2,2,0
totally_unoriginal,2,1,1
plain_incomplete,2,2,0
plain_immutable,2,2,0
plain_important,2,2,0
totally_unregulated,2,1,1
plain_inaccessible,2,2,0
plain_incapable,2,2,0
plain_incoherent,2,2,0
plain_incompatible,2,2,0
totally_unreadable,2,1,1
plain_insufficient,2,1,1
totally_unreachable,2,2,0
totally_unprofessional,2,2,0
plain_ineffectual,2,2,0
plain_inexperienced,2,2,0
plain_inexplicable,2,2,0
plain_informative,2,2,0
totally_unpretentious,2,2,0
plain_empty,2,2,0
plain_elegant,2,2,0
physically_stable,2,2,0
traditionally_sympathetic,2,1,1
tragically_weird,2,1,1
tragically_slow,2,2,0
tragically_simple,2,2,0
tragically_poetic,2,0,2
tragically_ordinary,2,0,2
tragically_misunderstood,2,2,0
tragically_misguided,2,1,1
tragically_inept,2,2,0
tragically_evident,2,2,0
plain_anxious,2,2,0
plain_asinine,2,2,0
plain_asleep,2,2,0
plain_atrocious,2,2,0
plain_averse,2,2,0
tragically_dead,2,2,0
tragically_bad,2,2,0
plain_badass,2,2,0
transparently_autobiographical,2,2,0
plain_abnormal,2,2,0
pitifully_weak,2,2,0
physically_underdeveloped,2,2,0
tremendously_enjoyable,2,2,0
tremendously_elaborate,2,2,0
tremendously_effective,2,2,0
tremendously_different,2,0,2
tremendously_depressing,2,1,1
tremendously_complex,2,2,0
tremendously_challenging,2,2,0
tremendously_attractive,2,0,2
physiologically_neutral,2,2,0
physically_unharmed,2,2,0
tremendously_annoying,2,2,0
tremendously_ambitious,2,2,0
transparently_obvious,2,2,0
physically_wearable,2,2,0
transparently_clear,2,2,0
physiologically_dependent,2,2,0
plain_basic,2,2,0
traditionally_scary,2,0,2
plain_eclectic,2,2,0
plain_bewildered,2,2,0
plain_crappy,2,2,0
touchingly_vulnerable,2,1,1
plain_crass,2,2,0
touchingly_personal,2,2,0
touchingly_nostalgic,2,2,0
plain_crude,2,2,0
touchingly_naive,2,1,1
touchingly_human,2,0,2
touchingly_earnest,2,2,0
plain_defiant,2,2,0
plain_delightful,2,2,0
plain_direct,2,2,0
plain_disgruntled,2,2,0
plain_distasteful,2,2,0
totally_watchable,2,2,0
totally_vertical,2,2,0
totally_verifiable,2,2,0
plain_cowardly,2,2,0
traditionally_cartoony,2,1,1
traditionally_chinese,2,1,1
plain_challenging,2,2,0
plain_bigoted,2,2,0
traditionally_reliant,2,2,0
plain_bitchy,2,2,0
plain_blue,2,2,0
plain_bogus,2,2,0
traditionally_popular,2,2,0
traditionally_japanese,2,1,1
plain_charming,2,2,0
plain_confident,2,2,0
traditionally_high,2,1,1
plain_chilling,2,2,0
traditionally_difficult,2,1,1
plain_clunky,2,2,0
traditionally_classic,2,1,1
plain_comfortable,2,1,1
plain_concerned,2,2,0
truly_colourful,2,0,2
perhaps_witty,2,2,0
perhaps_wise,2,2,0
perhaps_considerate,2,2,0
perhaps_blue,2,2,0
perhaps_bolder,2,0,2
perhaps_brash,2,2,0
perhaps_broader,2,2,0
perhaps_bubbly,2,2,0
perhaps_buddhist,2,2,0
perhaps_callous,2,2,0
perhaps_capable,2,2,0
perhaps_careful,2,2,0
perhaps_casual,2,2,0
perhaps_catastrophic,2,2,0
truly_evocative,2,0,2
perhaps_closest,2,2,0
truly_ethereal,2,2,0
perhaps_common,2,2,0
perhaps_comparable,2,2,0
perhaps_complex,2,2,0
perhaps_bitter,2,2,0
truly_existent,2,1,1
truly_experimental,2,1,1
perhaps_annual,2,2,0
perhaps_abnormal,2,2,0
perhaps_accurate,2,2,0
perhaps_actual,2,2,0
perhaps_additional,2,2,0
perhaps_aggressive,2,2,0
perhaps_agricultural,2,2,0
perhaps_alarming,2,2,0
perhaps_anomalous,2,2,0
perhaps_avoidable,2,2,0
perhaps_anti-semitic,2,2,0
perhaps_apocryphal,2,2,0
perhaps_appealing,2,2,0
perhaps_ashamed,2,2,0
perhaps_asian,2,2,0
perhaps_attainable,2,2,0
perhaps_available,2,2,0
truly_enthralling,2,1,1
perhaps_contrary,2,2,0
perfectly_warm,2,2,0
perhaps_correct,2,2,0
perhaps_emotional,2,2,0
perhaps_faint,2,1,1
perhaps_false,2,2,0
perhaps_fancy,2,2,0
perhaps_fascinating,2,2,0
truly_elusive,2,0,2
perhaps_feasible,2,2,0
perhaps_few,2,2,0
perhaps_first,2,2,0
perhaps_foolish,2,2,0
truly_elemental,2,0,2
perhaps_frightened,2,2,0
perhaps_frustrated,2,2,0
perhaps_frustrating,2,2,0
truly_educational,2,0,2
perhaps_future,2,2,0
perhaps_gentle,2,2,0
perhaps_electric,2,2,0
perhaps_effective,2,2,0
perhaps_editable,2,2,0
perhaps_deceptive,2,2,0
perhaps_curly,2,2,0
perhaps_current,2,2,0
perhaps_cynical,2,2,0
perhaps_daily,2,2,0
perhaps_dark,2,2,0
perhaps_daunting,2,2,0
perhaps_deadly,2,1,1
perhaps_deep,2,2,0
perhaps_dull,2,2,0
perhaps_deliberate,2,2,0
perhaps_delicate,2,2,0
perhaps_demeaning,2,2,0
truly_enduring,2,1,1
perhaps_digital,2,2,0
perhaps_dismissive,2,2,0
perhaps_drunk,2,2,0
perfectly_workable,2,2,0
perfectly_upright,2,2,0
perhaps_global,2,2,0
perfectly_miserable,2,2,0
perfectly_graceful,2,2,0
perfectly_handsome,2,1,1
truly_hopeless,2,2,0
truly_homeless,2,2,0
perfectly_helpful,2,2,0
perfectly_holy,2,2,0
perfectly_horrible,2,2,0
perfectly_ideal,2,1,1
perfectly_illegal,2,1,1
perfectly_innocuous,2,1,1
perfectly_insane,2,2,0
truly_hellish,2,0,2
perfectly_knowledgeable,2,2,0
perfectly_laudable,2,2,0
perfectly_likable,2,2,0
perfectly_loving,2,2,0
perfectly_magical,2,1,1
perfectly_gorgeous,2,2,0
perfectly_fun,2,2,0
truly_hungry,2,1,1
perfectly_do-able,2,2,0
perfectly_controllable,2,2,0
perfectly_conventional,2,2,0
perfectly_cordial,2,2,0
perfectly_crunchy,2,2,0
perfectly_danceable,2,2,0
perfectly_decent,2,2,0
perfectly_delectable,2,1,1
perfectly_dreadful,2,2,0
perfectly_ethical,2,1,1
truly_ideal,2,1,1
perfectly_efficient,2,2,0
perfectly_effortless,2,2,0
perfectly_enough,2,2,0
truly_hysterical,2,2,0
perfectly_entertaining,2,2,0
truly_hurtful,2,1,1
perfectly_merciful,2,2,0
perfectly_modest,2,2,0
truly_familiar,2,0,2
perfectly_naked,2,2,0
truly_functional,2,2,0
perfectly_sane,2,2,0
truly_friendly,2,2,0
perfectly_shiny,2,2,0
perfectly_silent,2,2,0
truly_flavorful,2,0,2
perfectly_sober,2,2,0
perfectly_solid,2,2,0
perfectly_startling,2,2,0
truly_festive,2,0,2
truly_ferocious,2,0,2
perfectly_stylish,2,2,0
perfectly_sympathetic,2,2,0
perfectly_tenable,2,2,0
truly_fantastical,2,1,1
perfectly_truthful,2,2,0
perfectly_unacceptable,2,2,0
truly_gay,2,1,1
perfectly_responsive,2,2,0
perfectly_respectful,2,2,0
truly_gritty,2,1,1
truly_heartless,2,2,0
truly_harrowing,2,2,0
perfectly_operational,2,2,0
truly_handmade,2,2,0
perfectly_paced,2,2,0
perfectly_peaceful,2,2,0
perfectly_playable,2,2,0
perfectly_portable,2,1,1
perfectly_recyclable,2,1,1
perfectly_positive,2,2,0
perfectly_proficient,2,2,0
perfectly_random,2,2,0
truly_gnarly,2,0,2
perfectly_readable,2,2,0
truly_gigantic,2,2,0
perfectly_recognizable,2,2,0
perhaps_gleeful,2,2,0
perhaps_greek,2,2,0
perhaps_wicked,2,2,0
perhaps_total,2,2,0
perhaps_shocked,2,2,0
perhaps_silly,2,1,1
perhaps_slow,2,2,0
perhaps_soft,2,2,0
perhaps_soothing,2,2,0
perhaps_sour,2,2,0
perhaps_static,2,2,0
perhaps_strange,2,1,1
perhaps_stubborn,2,2,0
perhaps_stupid,2,2,0
perhaps_substantial,2,2,0
perhaps_suspicious,2,2,0
perhaps_sweet,2,2,0
perhaps_synthetic,2,2,0
perhaps_talented,2,2,0
perhaps_terrifying,2,2,0
perhaps_timeless,2,2,0
truly_criminal,2,2,0
perhaps_secondary,2,2,0
perhaps_safer,2,2,0
perhaps_relative,2,2,0
perhaps_reactionary,2,2,0
truly_damaging,2,0,2
perhaps_reasonable,2,2,0
perhaps_reassuring,2,2,0
truly_cruel,2,1,1
perhaps_regular,2,2,0
truly_crucial,2,1,1
perhaps_reluctant,2,2,0
perhaps_rustic,2,2,0
perhaps_resentful,2,2,0
perhaps_respectable,2,2,0
perhaps_retarded,2,2,0
perhaps_revolutionary,2,2,0
perhaps_right,2,2,0
perhaps_rude,2,2,0
perhaps_rural,2,2,0
perhaps_tired,2,2,0
perhaps_tough,2,2,0
perhaps_quicker,2,2,0
perhaps_traditional,2,2,0
perhaps_unlikely,2,1,1
perhaps_unlocked,2,2,0
perhaps_unreasonable,2,2,0
perhaps_unsurprising,2,2,0
perhaps_unthinkable,2,2,0
perhaps_untrue,2,2,0
perhaps_unwise,2,2,0
truly_commendable,2,0,2
perhaps_upset,2,2,0
perhaps_valuable,2,2,0
perhaps_various,2,2,0
perhaps_vegan,2,2,0
perhaps_verbal,2,2,0
perhaps_warmer,2,2,0
perhaps_weaker,2,2,0
perhaps_weekly,2,2,0
perhaps_weird,2,2,0
perhaps_uninterested,2,2,0
perhaps_unintentional,2,2,0
perhaps_unintended,2,2,0
perhaps_uncomfortable,2,1,1
perhaps_translucent,2,2,0
perhaps_troubling,2,2,0
perhaps_truer,2,1,1
perhaps_unaccounted,2,2,0
perhaps_unattainable,2,1,1
truly_consistent,2,2,0
perhaps_unclear,2,2,0
perhaps_unconscious,2,2,0
truly_confused,2,2,0
perhaps_unconventional,2,2,0
perhaps_underdeveloped,2,2,0
perhaps_undocumented,2,2,0
perhaps_unethical,2,1,1
perhaps_unfamiliar,2,2,0
truly_consequential,2,0,2
perhaps_unimportant,2,2,0
perhaps_racist,2,2,0
truly_daring,2,0,2
perhaps_heavy,2,2,0
perhaps_middle,2,2,0
truly_distinguishable,2,1,1
truly_disquieting,2,1,1
truly_disheartening,2,2,0
perhaps_literal,2,2,0
truly_disadvantaged,2,2,0
perhaps_long,2,2,0
perhaps_lowest,2,2,0
truly_dire,2,1,1
perhaps_ludicrous,2,2,0
truly_digital,2,2,0
perhaps_manual,2,2,0
perhaps_medical,2,2,0
perhaps_medieval,2,2,0
perhaps_mediocre,2,2,0
perhaps_meditative,2,2,0
truly_devout,2,1,1
truly_devoted,2,0,2
perhaps_irreversible,2,2,0
perhaps_intriguing,2,2,0
truly_dumb,2,0,2
perhaps_illogical,2,2,0
perhaps_hideous,2,2,0
perhaps_hostile,2,2,0
perhaps_huge,2,2,0
perhaps_ideal,2,2,0
perhaps_identical,2,2,0
perhaps_idiotic,2,2,0
perhaps_illegal,2,1,1
perhaps_immature,2,2,0
perhaps_industrial,2,2,0
perhaps_immoral,2,2,0
perhaps_implicit,2,2,0
truly_eccentric,2,0,2
perhaps_impractical,2,2,0
perhaps_improbable,2,2,0
perhaps_inadequate,2,2,0
perhaps_indicative,2,1,1
perhaps_memorable,2,2,0
truly_devious,2,1,1
perhaps_prophetic,2,2,0
perhaps_mindless,2,1,1
truly_definitive,2,1,1
perhaps_opposite,2,2,0
perhaps_outrageous,2,1,1
perhaps_overjoyed,2,1,1
perhaps_partial,2,2,0
perhaps_physical,2,2,0
truly_daunting,2,1,1
perhaps_pleasant,2,2,0
perhaps_pleased,2,2,0
perhaps_political,2,2,0
perhaps_poor,2,2,0
perhaps_predictable,2,2,0
perhaps_pregnant,2,2,0
perhaps_prescient,2,2,0
perhaps_profane,2,2,0
perhaps_professional,2,2,0
perhaps_prone,2,2,0
truly_delectable,2,1,1
perhaps_odd,2,1,1
perhaps_obvious,2,1,1
perhaps_mythic,2,2,0
perhaps_minimal,2,2,0
perhaps_minor,2,2,0
perhaps_misguided,2,1,1
perhaps_mistaken,2,2,0
perhaps_moist,2,2,0
perhaps_monthly,2,2,0
truly_destructive,2,0,2
perhaps_naked,2,1,1
perhaps_obese,2,2,0
perhaps_nearer,2,2,0
truly_desirable,2,0,2
perhaps_newer,2,2,0
truly_depraved,2,0,2
perhaps_nightmarish,2,2,0
truly_dependable,2,2,0
truly_demonic,2,0,2
rather_bossy,2,2,0
abnormally_active,2,2,0
explicitly_left-wing,2,2,0
fairly_homogenous,2,2,0
completely_hypothetical,2,2,0
here_earlier,2,2,0
fairly_hopeless,2,2,0
internationally_renowned,2,1,1
equally_questionable,2,2,0
beautifully_sincere,2,2,0
internationally_prominent,2,2,0
internationally_popular,2,2,0
altogether_monstrous,2,0,2
beautifully_shiny,2,2,0
almost_satisfied,2,2,0
even_unified,2,2,0
equally_random,2,0,2
equally_rational,2,2,0
devastatingly_handsome,2,2,0
even_unidentified,2,2,0
equally_quaint,2,1,1
devastatingly_honest,2,2,0
altogether_larger,2,0,2
even_unjustified,2,2,0
equally_private,2,0,2
clearly_possible,2,2,0
genuinely_gruesome,2,2,0
even_unlocked,2,2,0
equally_progressive,2,1,1
equally_prolific,2,2,0
here_late,2,2,0
fairly_hostile,2,2,0
implicitly_critical,2,2,0
intimately_interwoven,2,2,0
intimately_important,2,0,2
deeply_absurd,2,0,2
implicitly_contemptuous,2,1,1
beautifully_soothing,2,0,2
as_off-kilter,2,2,0
beautifully_soft,2,2,0
internationally_competitive,2,2,0
equally_reactionary,2,1,1
devastatingly_funny,2,1,1
internally_flawless,2,2,0
as_optimal,2,2,0
internally_logical,2,1,1
beautifully_rich,2,1,1
deeply_ambitious,2,1,1
fairly_hefty,2,2,0
equally_remote,2,1,1
internally_happy,2,2,0
equally_reprehensible,2,1,1
even_unfunny,2,2,0
even_undocumented,2,2,0
almost_serene,2,1,1
internally_critical,2,2,0
equally_respected,2,1,1
almost_sexy,2,0,2
fairly_hectic,2,2,0
genuinely_heartbreaking,2,2,0
as_opposite,2,2,0
almost_secret,2,1,1
as_open-ended,2,2,0
equally_relative,2,2,0
even_unfounded,2,2,0
clearly_preposterous,2,2,0
genuinely_harmful,2,0,2
deeply_affectionate,2,2,0
equally_recognizable,2,1,1
almost_sculptural,2,2,0
deeply_alien,2,0,2
devastatingly_distressing,2,1,1
equally_refined,2,1,1
equally_regal,2,1,1
as_omnipresent,2,1,1
deeply_alluring,2,1,1
equally_regrettable,2,1,1
beautifully_romantic,2,1,1
almost_secondary,2,2,0
intimately_special,2,0,2
even_unmarried,2,2,0
beautifully_subtle,2,2,0
even_unruly,2,2,0
even_unsavory,2,2,0
impeccably_mannered,2,2,0
almost_prosaic,2,2,0
fairly_impressed,2,2,0
devastatingly_powerful,2,1,1
here_uneasy,2,2,0
almost_psychedelic,2,1,1
almost_psychotic,2,1,1
intricately_related,2,2,0
intriguingly_different,2,1,1
equally_patient,2,2,0
completely_immaterial,2,2,0
equally_patriotic,2,1,1
equally_peculiar,2,0,2
here_present,2,0,2
fairly_immune,2,2,0
intriguingly_odd,2,2,0
almost_pristine,2,1,1
almost_primitive,2,0,2
heretofore_absent,2,0,2
even_unsound,2,2,0
almost_plausible,2,2,0
intrinsically_artistic,2,0,2
fairly_inaccessible,2,2,0
almost_pleasant,2,1,1
almost_poor,2,2,0
almost_pornographic,2,2,0
almost_powerless,2,2,0
equally_outspoken,2,2,0
equally_outstanding,2,1,1
equally_overblown,2,2,0
even_unseemly,2,2,0
even_unscientific,2,2,0
heretofore_available,2,0,2
almost_priceless,2,0,2
almost_random,2,2,0
equally_perverse,2,0,2
intimately_spiritual,2,0,2
beautifully_sweet,2,2,0
even_unoccupied,2,2,0
equally_playful,2,1,1
equally_pleasurable,2,2,0
almost_ripe,2,2,0
equally_poisonous,2,1,1
equally_polite,2,1,1
here_nervous,2,1,1
as_nonchalant,2,1,1
equally_petty,2,0,2
even_unnamed,2,2,0
equally_preposterous,2,2,0
intimately_wrought,2,2,0
intimately_unified,2,2,0
fairly_hungry,2,2,0
here_more,2,1,1
equally_prestigious,2,0,2
almost_reverent,2,0,2
fairly_idiosyncratic,2,2,0
intolerably_long,2,2,0
even_unplanned,2,2,0
intricately_interwoven,2,2,0
beautifully_tender,2,2,0
even_unrecognizable,2,1,1
deep_brown,2,2,0
as_non-existent,2,1,1
fairly_imaginative,2,2,0
even_unpublished,2,2,0
deep_enough,2,2,0
even_unprotected,2,2,0
almost_relaxing,2,0,2
as_non-traditional,2,2,0
beautifully_tactile,2,1,1
almost_respectable,2,2,0
fairly_ignorant,2,2,0
almost_retro,2,0,2
internally_conflicted,2,1,1
clearly_productive,2,0,2
impeccably_honest,2,0,2
almost_symmetrical,2,2,0
almost_suicidal,2,2,0
fairly_firm,2,2,0
desperately_sorry,2,2,0
extremely_cancerous,2,0,2
almost_surprising,2,1,1
equally_straightforward,2,1,1
intentionally_racist,2,2,0
hella_hot,2,2,0
intentionally_rude,2,2,0
intentionally_political,2,2,0
almost_sympathetic,2,0,2
intentionally_perverse,2,1,1
as_peripheral,2,0,2
intentionally_outrageous,2,2,0
almost_tactile,2,0,2
beautifully_old,2,0,2
importantly_relevant,2,2,0
even_unbalanced,2,2,0
devastatingly_brutal,2,1,1
intentionally_sinister,2,0,2
as_paramount,2,0,2
genuinely_ignorant,2,2,0
fairly_flippant,2,2,0
equally_sovereign,2,2,0
even_unchanged,2,2,0
completely_humiliating,2,0,2
equally_speechless,2,2,0
desperately_thirsty,2,2,0
genuinely_incredible,2,1,1
almost_strange,2,0,2
as_pedantic,2,1,1
genuinely_immortal,2,2,0
even_unbreakable,2,2,0
as_pedestrian,2,0,2
as_perfunctory,2,0,2
even_unbeatable,2,2,0
clearly_recognisable,2,2,0
almost_tall,2,2,0
as_pigmented,2,2,0
intentionally_inaccurate,2,2,0
almost_tasteless,2,2,0
equally_supportive,2,2,0
genuinely_inspirational,2,0,2
equally_suspicious,2,1,1
equally_symbolic,2,0,2
almost_terrifying,2,1,1
as_polished,2,1,1
as_populous,2,2,0
genuinely_informative,2,2,0
even_transactional,2,2,0
equally_tangible,2,2,0
completely_horrendous,2,1,1
almost_thick,2,1,1
deeply_biased,2,2,0
equally_temporary,2,2,0
as_posh,2,1,1
as_plush,2,2,0
as_plump,2,2,0
intentionally_inflammatory,2,2,0
even_treatable,2,2,0
equally_sublime,2,0,2
equally_substantial,2,1,1
equally_subtle,2,1,1
intentionally_manipulative,2,2,0
extremely_candid,2,2,0
hella_expensive,2,2,0
extremely_captivating,2,2,0
fairly_feeble,2,0,2
equally_superb,2,2,0
intentionally_lame,2,2,0
even_tyrannical,2,2,0
even_turkish,2,2,0
altogether_inoffensive,2,0,2
intentionally_insulting,2,2,0
intentionally_insensitive,2,2,0
fairly_fluent,2,2,0
as_paradoxical,2,2,0
even_uncomplicated,2,2,0
determinedly_optimistic,2,2,0
equally_ruinous,2,1,1
genuinely_holy,2,1,1
equally_ruthless,2,2,0
intermittently_available,2,2,0
altogether_irrelevant,2,2,0
interminably_slow,2,2,0
almost_shy,2,1,1
as_overjoyed,2,2,0
genuinely_human,2,0,2
almost_sick,2,1,1
as_overkill,2,2,0
almost_silver,2,2,0
interestingly_unusual,2,1,1
interestingly_unexpected,2,2,0
genuinely_hostile,2,1,1
even_underpaid,2,2,0
equally_rude,2,1,1
fairly_gruesome,2,2,0
even_underwhelming,2,2,0
almost_shiny,2,2,0
almost_shameful,2,0,2
genuinely_heartwarming,2,2,0
implicitly_political,2,1,1
as_overblown,2,2,0
extremely_brilliant,2,2,0
intermittently_unavailable,2,2,0
deeply_amusing,2,1,1
implicitly_related,2,2,0
equally_romantic,2,1,1
intermittently_present,2,2,0
altogether_lacking,2,2,0
equally_rotten,2,2,0
genuinely_heroic,2,1,1
fairly_handy,2,2,0
intermittently_hostile,2,2,0
genuinely_hot,2,2,0
fairly_great,2,2,0
almost_sterile,2,2,0
equally_slow,2,2,0
fairly_generous,2,1,1
equally_silent,2,2,0
almost_speechless,2,2,0
fairly_functional,2,1,1
fairly_frustrated,2,2,0
even_uncooperative,2,2,0
altogether_invisible,2,2,0
even_uncool,2,2,0
interestingly_repetitive,2,1,1
as_palatable,2,2,0
fairly_forgettable,2,2,0
almost_static,2,2,0
intentionally_uncomfortable,2,2,0
almost_stellar,2,2,0
deeply_askew,2,0,2
intentionally_ugly,2,2,0
equally_sick,2,1,1
deeply_apprehensive,2,2,0
fairly_glossy,2,2,0
even_undefined,2,2,0
almost_sinful,2,0,2
almost_slimy,2,0,2
equally_scared,2,2,0
almost_sly,2,0,2
interestingly_odd,2,1,1
clearly_progressive,2,2,0
equally_scrumptious,2,1,1
fairly_gradual,2,2,0
deeply_anti-american,2,2,0
fairly_gory,2,2,0
equally_senseless,2,1,1
equally_sentimental,2,1,1
equally_severe,2,1,1
hella_sexy,2,2,0
even_undemocratic,2,1,1
genuinely_free,2,2,0
almost_pitiful,2,0,2
heavily_wrinkled,2,2,0
altogether_ordinary,2,0,2
almost_genetic,2,0,2
almost_gentle,2,1,1
almost_glad,2,2,0
devoutly_orthodox,2,2,0
altogether_original,2,0,2
almost_golden,2,2,0
almost_goofy,2,1,1
intrinsically_magical,2,0,2
almost_gay,2,2,0
almost_graceful,2,0,2
almost_grand,2,0,2
as_merciful,2,1,1
almost_green,2,1,1
equally_irresistible,2,2,0
almost_grotesque,2,0,2
best_easy,2,2,0
completely_indispensable,2,2,0
immensely_tedious,2,2,0
almost_impressive,2,0,2
fairly_labor-intensive,2,2,0
almost_flirtatious,2,2,0
equally_inspirational,2,1,1
almost_foolish,2,2,0
equally_intent,2,1,1
almost_forbidden,2,2,0
as_mean-spirited,2,2,0
almost_fragile,2,2,0
clearly_natural,2,2,0
almost_funnier,2,1,1
equally_intimidating,2,0,2
diametrically_contradictory,2,2,0
decidedly_troubling,2,0,2
immensely_taller,2,2,0
clearly_newer,2,2,0
almost_fun,2,1,1
as_measurable,2,1,1
as_mesmerizing,2,2,0
devoutly_christian,2,2,0
altogether_odd,2,1,1
almost_immaterial,2,1,1
equally_leery,2,2,0
fairly_inventive,2,2,0
almost_iconic,2,1,1
even_wrenching,2,2,0
almost_idyllic,2,0,2
equally_legendary,2,1,1
almost_illiterate,2,2,0
immensely_watchable,2,0,2
fairly_jarring,2,2,0
altogether_noble,2,0,2
almost_immune,2,0,2
genuinely_dramatic,2,1,1
almost_impenetrable,2,1,1
intrinsically_inspiring,2,0,2
equally_light,2,0,2
equally_likable,2,2,0
best_difficult,2,2,0
devilishly_tricky,2,1,1
almost_hungry,2,0,2
almost_humanoid,2,1,1
equally_jubilant,2,2,0
almost_heretical,2,0,2
almost_highest,2,2,0
almost_hilarious,2,2,0
hideously_grotesque,2,1,1
almost_hollow,2,1,1
equally_judgmental,2,1,1
equally_juicy,2,1,1
hideously_grisly,2,0,2
even_yummy,2,2,0
equally_kind,2,2,0
as_metaphysical,2,1,1
devoutly_catholic,2,2,0
almost_hot,2,2,0
fairly_irresistible,2,0,2
almost_flippant,2,1,1
completely_indulgent,2,1,1
intrinsically_noble,2,1,1
almost_disheartened,2,2,0
eventually_empty,2,2,0
almost_different,2,2,0
best_ineffective,2,2,0
almost_dignified,2,0,2
genuinely_decent,2,1,1
almost_disgusting,2,1,1
genuinely_delighted,2,2,0
almost_disoriented,2,2,0
equally_industrious,2,1,1
equally_indefensible,2,1,1
genuinely_delightful,2,2,0
equally_indifferent,2,2,0
intrinsically_personal,2,0,2
almost_domestic,2,2,0
as_maddening,2,1,1
genuinely_depraved,2,1,1
equally_inconsequential,2,0,2
almost_diabolical,2,0,2
intrinsically_political,2,1,1
altogether_pleasant,2,1,1
intrinsically_preferable,2,1,1
as_lumpy,2,2,0
almost_defenseless,2,2,0
immensely_serious,2,1,1
genuinely_damning,2,0,2
equally_impractical,2,0,2
almost_delicate,2,0,2
intrinsically_powerful,2,1,1
equally_inaccessible,2,2,0
almost_delirious,2,2,0
almost_delusional,2,0,2
decidedly_stupid,2,0,2
as_lurid,2,2,0
almost_deranged,2,0,2
almost_desirable,2,0,2
almost_drastic,2,0,2
immensely_significant,2,1,1
almost_final,2,2,0
as_mandatory,2,2,0
extremely_bleak,2,2,0
almost_exhilarating,2,0,2
almost_existential,2,0,2
immensely_special,2,0,2
equally_inhumane,2,0,2
equally_injurious,2,2,0
genuinely_desperate,2,2,0
almost_farcical,2,1,1
almost_due,2,2,0
equally_innovative,2,0,2
decidedly_theatrical,2,0,2
equally_inscrutable,2,1,1
as_maneuverable,2,2,0
as_manly,2,2,0
completely_inefficient,2,2,0
extremely_blessed,2,2,0
equally_infuriating,2,1,1
almost_excellent,2,2,0
equally_informative,2,0,2
hideously_wealthy,2,1,1
equally_inefficient,2,2,0
genuinely_depressing,2,0,2
eventually_deadly,2,2,0
genuinely_deserving,2,2,0
almost_electric,2,1,1
best_incoherent,2,2,0
equally_inexperienced,2,2,0
immensely_silly,2,1,1
almost_embarrassing,2,2,0
fairly_lenient,2,2,0
almost_enchanting,2,0,2
equally_infamous,2,2,0
almost_entertaining,2,0,2
almost_entire,2,2,0
as_main,2,2,0
best_complacent,2,2,0
clearly_observable,2,2,0
almost_pink,2,2,0
devastatingly_worse,2,2,0
as_multiple,2,2,0
almost_nonchalant,2,2,0
equally_nefarious,2,0,2
below_par,2,2,0
equally_negative,2,1,1
almost_nude,2,2,0
almost_numb,2,2,0
intrinsically_controversial,2,1,1
equally_nebulous,2,0,2
intrinsically_contradictory,2,1,1
equally_newsworthy,2,0,2
below_mediocre,2,2,0
equally_nightmarish,2,1,1
almost_obese,2,2,0
as_murderous,2,2,0
almost_obsolete,2,2,0
even_variable,2,2,0
intrinsically_criminal,2,1,1
devilishly_simple,2,2,0
almost_musical,2,0,2
decidedly_unorthodox,2,2,0
almost_missing,2,1,1
almost_modern,2,1,1
fairly_inevitable,2,1,1
equally_mythic,2,1,1
altogether_nebulous,2,1,1
as_muddy,2,1,1
below_satisfactory,2,1,1
intrinsically_cruel,2,1,1
almost_mute,2,2,0
fairly_ineffective,2,2,0
even_varied,2,2,0
below_proficient,2,2,0
almost_neurotic,2,1,1
intrinsically_dangerous,2,0,2
almost_neutral,2,2,0
even_upright,2,2,0
impeccably_beautiful,2,2,0
devastatingly_true,2,2,0
intrinsically_aware,2,2,0
equally_obtuse,2,0,2
equally_odd,2,1,1
heretofore_unseen,2,0,2
equally_ok,2,2,0
equally_okay,2,2,0
even_unsympathetic,2,2,0
beautifully_white,2,2,0
equally_ominous,2,0,2
as_mystifying,2,2,0
completely_immobile,2,2,0
beautifully_warm,2,2,0
beautifully_vulnerable,2,0,2
decidedly_unwise,2,1,1
almost_patronizing,2,2,0
almost_personal,2,0,2
almost_philosophical,2,1,1
almost_orwellian,2,1,1
almost_original,2,0,2
almost_orange,2,2,0
genuinely_fearful,2,2,0
equally_noteworthy,2,2,0
almost_okay,2,1,1
below_average,2,2,0
even_uphill,2,2,0
almost_old-school,2,0,2
equally_novel,2,0,2
equally_nuanced,2,1,1
even_upbeat,2,2,0
equally_objectionable,2,1,1
equally_objective,2,2,0
intrinsically_captivating,2,0,2
completely_imperceptible,2,2,0
decidedly_unusual,2,1,1
even_untouchable,2,2,0
even_untenable,2,2,0
genuinely_extraordinary,2,0,2
genuinely_experimental,2,0,2
equally_monumental,2,0,2
almost_intolerable,2,2,0
intrinsically_hilarious,2,0,2
equally_luxurious,2,2,0
decidedly_unhelpful,2,2,0
intrinsically_hard,2,2,0
equally_maddening,2,0,2
genuinely_educational,2,2,0
completely_incongruous,2,0,2
hideously_destructive,2,1,1
devilishly_fast,2,2,0
imminently_capable,2,2,0
almost_ironic,2,0,2
almost_irrational,2,1,1
fairly_intact,2,2,0
equally_marvelous,2,1,1
almost_jazzy,2,2,0
genuinely_effective,2,2,0
fairly_intensive,2,1,1
fairly_intimate,2,2,0
intrinsically_holy,2,2,0
almost_inseparable,2,2,0
best_cold,2,2,0
even_wobbly,2,2,0
almost_inaudible,2,1,1
equally_literate,2,2,0
best_close,2,2,0
even_wishful,2,2,0
equally_loud,2,0,2
almost_independent,2,2,0
hideously_evil,2,1,1
equally_lousy,2,2,0
intrinsically_incompatible,2,1,1
equally_loving,2,1,1
equally_lucky,2,2,0
equally_lucrative,2,2,0
equally_luminous,2,2,0
equally_massive,2,1,1
as_monolithic,2,1,1
almost_militaristic,2,0,2
clearly_overblown,2,2,0
fairly_insane,2,2,0
devilishly_clever,2,2,0
even_victorian,2,2,0
fairly_informal,2,2,0
almost_masculine,2,1,1
developmentally_wrong,2,0,2
developmentally_unable,2,2,0
almost_mechanical,2,2,0
even_wealthier,2,2,0
genuinely_excellent,2,1,1
almost_melodic,2,0,2
almost_menacing,2,0,2
almost_mental,2,1,1
intrinsically_distinct,2,0,2
imminently_qualified,2,2,0
intrinsically_dishonest,2,0,2
almost_magnetic,2,1,1
even_victorious,2,2,0
devilishly_complex,2,1,1
best_annoying,2,2,0
equally_meaningless,2,2,0
even_walkable,2,1,1
genuinely_empathetic,2,1,1
hideously_creepy,2,0,2
almost_lifeless,2,2,0
decidedly_unmoved,2,2,0
best_armed,2,2,0
imminently_homeless,2,2,0
almost_lovable,2,0,2
clearly_outdated,2,2,0
equally_mesmerizing,2,2,0
even_visceral,2,2,0
equally_mild,2,2,0
imminently_likely,2,2,0
as_moronic,2,0,2
equally_tenuous,2,2,0
deeply_biological,2,0,2
best_inexpensive,2,2,0
already_advanced,2,2,0
insufficiently_precise,2,2,0
already_acceptable,2,2,0
beautifully_complex,2,1,1
fairly_creative,2,2,0
already_accurate,2,2,0
as_rife,2,1,1
fairly_crazy,2,1,1
as_ripe,2,1,1
depressingly_inevitable,2,2,0
insufficiently_nuanced,2,2,0
insufficiently_muscular,2,2,0
especially_deserving,2,1,1
especially_desirable,2,1,1
deeply_disorienting,2,2,0
deeply_disquieting,2,1,1
as_round,2,0,2
deeply_disingenuous,2,1,1
especially_delighted,2,2,0
fairly_confused,2,2,0
as_revelatory,2,0,2
depressingly_normal,2,2,0
alot_more,2,2,0
insufficiently_specific,2,2,0
insufficiently_skilled,2,1,1
fairly_crucial,2,0,2
genuinely_psychic,2,2,0
as_revealing,2,2,0
as_reversible,2,1,1
genuinely_puzzling,2,1,1
especially_deadly,2,2,0
impossibly_sad,2,1,1
altogether_distasteful,2,2,0
insufficiently_related,2,2,0
alot_worse,2,2,0
already_absent,2,2,0
depressingly_intolerant,2,2,0
already_aged,2,2,0
especially_destructive,2,2,0
already_agitated,2,2,0
insufficiently_deferential,2,2,0
already_ancient,2,2,0
especially_dumb,2,2,0
deeply_distraught,2,2,0
even_slippery,2,2,0
especially_economic,2,2,0
insufficiently_definite,2,2,0
already_apathetic,2,2,0
fairly_constant,2,2,0
especially_devious,2,2,0
deeply_divisive,2,1,1
insufficiently_critical,2,2,0
depressingly_easy,2,2,0
impossibly_thin,2,2,0
insufficiently_conservative,2,2,0
especially_efficient,2,2,0
clearly_undesirable,2,2,0
altogether_dead,2,2,0
already_amiss,2,2,0
as_saccharine,2,0,2
completely_greek,2,2,0
insufficiently_involved,2,2,0
especially_dim,2,2,0
heavily_drunk,2,2,0
especially_disingenuous,2,1,1
impossibly_slender,2,2,0
beautifully_cinematic,2,2,0
as_rowdy,2,2,0
insufficiently_gay,2,2,0
genuinely_radical,2,0,2
genuinely_random,2,1,1
extremely_claustrophobic,2,2,0
already_alright,2,2,0
deeply_distasteful,2,0,2
insufficiently_expert,2,2,0
impossibly_stupid,2,1,1
deeply_devoted,2,0,2
insufficiently_tough,2,2,0
especially_crowded,2,2,0
intellectually_flawed,2,2,0
as_regional,2,2,0
intellectually_hard,2,2,0
intellectually_gifted,2,2,0
intellectually_free,2,2,0
even_soothing,2,1,1
clearly_thin,2,2,0
especially_certain,2,2,0
as_regressive,2,1,1
impossibly_precise,2,2,0
especially_charismatic,2,2,0
intellectually_fascinating,2,2,0
especially_cheap,2,2,0
completely_haphazard,2,2,0
especially_chinese,2,1,1
especially_clean,2,2,0
intellectually_engaging,2,2,0
especially_brutal,2,1,1
altogether_easier,2,0,2
especially_british,2,1,1
as_regal,2,1,1
beautifully_ethereal,2,0,2
along_conscious,2,2,0
intellectually_invigorating,2,1,1
especially_blatant,2,0,2
impossibly_nerdy,2,2,0
genuinely_productive,2,0,2
impossibly_new,2,1,1
altogether_eerie,2,0,2
especially_bold,2,1,1
intellectually_indefensible,2,2,0
as_reflective,2,2,0
depressingly_similar,2,2,0
intellectually_inconsistent,2,2,0
especially_bright,2,2,0
intellectually_incoherent,2,1,1
fairly_debatable,2,2,0
fairly_daring,2,1,1
heavily_fatigued,2,2,0
as_restful,2,2,0
impossibly_rare,2,2,0
fairly_cynical,2,2,0
especially_costly,2,2,0
fairly_cyclical,2,2,0
intellectually_ambitious,2,1,1
fairly_cute,2,2,0
intellectually_advanced,2,2,0
beautifully_decorative,2,1,1
deeply_defective,2,1,1
intellectually_active,2,2,0
especially_cozy,2,1,1
intellectually_able,2,1,1
insufficiently_white,2,1,1
especially_crazy,2,1,1
clearly_unacceptable,2,2,0
impossibly_remote,2,2,0
alot_cheaper,2,2,0
especially_convincing,2,2,0
especially_convenient,2,1,1
alot_better,2,0,2
deeply_delicious,2,1,1
especially_commendable,2,2,0
as_repetitive,2,1,1
depressingly_relevant,2,2,0
intellectually_difficult,2,2,0
especially_competitive,2,2,0
especially_complex,2,2,0
especially_conducive,2,2,0
heavily_gendered,2,2,0
especially_confident,2,2,0
deeply_democratic,2,0,2
intellectually_creative,2,2,0
genuinely_profitable,2,1,1
intellectually_complex,2,2,0
heavily_flawed,2,2,0
genuinely_rare,2,1,1
heavily_derivative,2,2,0
especially_big,2,1,1
especially_hateful,2,1,1
fairly_central,2,1,1
especially_handsome,2,1,1
especially_handy,2,2,0
fairly_cavalier,2,2,0
instead_related,2,2,0
instead_prone,2,2,0
even_self-indulgent,2,2,0
especially_hazardous,2,2,0
basically_white,2,2,0
extremely_clumsy,2,2,0
fairly_catastrophic,2,2,0
genuinely_righteous,2,2,0
as_seedy,2,2,0
instead_interested,2,2,0
deeply_enigmatic,2,1,1
densely_theoretical,2,2,0
as_secondary,2,2,0
especially_greedy,2,2,0
genuinely_ready,2,2,0
especially_gifted,2,1,1
already_curious,2,2,0
fairly_chill,2,1,1
deeply_endearing,2,0,2
even_set,2,2,0
fairly_charming,2,2,0
even_sensational,2,2,0
even_selfless,2,2,0
impressively_beautiful,2,1,1
altogether_bolder,2,0,2
genuinely_repulsive,2,1,1
as_seasoned,2,0,2
genuinely_responsive,2,1,1
genuinely_rich,2,2,0
depressingly_accurate,2,2,0
especially_gracious,2,2,0
especially_gratified,2,2,0
already_dependent,2,2,0
already_depressed,2,1,1
heartbreakingly_vulnerable,2,1,1
extremely_co-operative,2,2,0
already_dirty,2,2,0
instantly_smitten,2,2,0
instantly_shareable,2,2,0
fairly_brilliant,2,2,0
deeply_envious,2,2,0
already_disappointed,2,2,0
especially_humid,2,2,0
clearly_unsuited,2,1,1
even_seductive,2,2,0
genuinely_scientific,2,1,1
instantly_reachable,2,2,0
heartbreakingly_simple,2,2,0
even_sappy,2,2,0
as_sensuous,2,0,2
especially_impactful,2,2,0
demonstrably_worse,2,2,0
fairly_brisk,2,2,0
instantly_suspicious,2,2,0
instantly_sympathetic,2,2,0
already_dire,2,2,0
already_detailed,2,2,0
deeply_enjoyable,2,0,2
even_sculptural,2,1,1
as_self-aware,2,1,1
as_self-centered,2,1,1
instantly_wonderful,2,1,1
even_savvy,2,2,0
already_determined,2,0,2
instantly_wearable,2,2,0
even_sassy,2,2,0
especially_horrid,2,1,1
especially_horrifying,2,1,1
instantly_unforgettable,2,2,0
genuinely_satisfied,2,2,0
genuinely_satisfying,2,0,2
as_seasonal,2,1,1
impressively_bad,2,2,0
depressingly_bad,2,2,0
deeply_dysfunctional,2,0,2
already_black,2,2,0
as_sassy,2,0,2
as_satirical,2,2,0
already_bright,2,1,1
already_brilliant,2,2,0
altogether_cooler,2,0,2
as_scalable,2,1,1
impossibly_unrealistic,2,2,0
as_schizophrenic,2,1,1
deeply_eerie,2,0,2
especially_exhausting,2,1,1
already_bullish,2,2,0
beautifully_awkward,2,2,0
especially_expert,2,2,0
even_sleazy,2,2,0
heavily_commercial,2,2,0
insufficiently_active,2,2,0
especially_endearing,2,0,2
heavily_cyclical,2,2,0
beautifully_bleak,2,1,1
already_awash,2,2,0
insufficiently_clear,2,2,0
especially_eloquent,2,2,0
fairly_concise,2,1,1
especially_emotional,2,2,0
already_barren,2,2,0
completely_gratuitous,2,1,1
already_beautiful,2,2,0
as_salient,2,2,0
insufficiently_attentive,2,2,0
insufficiently_assertive,2,2,0
beautifully_brilliant,2,2,0
fairly_concerned,2,2,0
already_beholden,2,2,0
completely_gratifying,2,0,2
even_situational,2,2,0
fairly_coherent,2,1,1
especially_fresh,2,0,2
deeply_emotive,2,1,1
as_scrappy,2,0,2
heavily_bureaucratic,2,2,0
instinctively_suspicious,2,2,0
as_searchable,2,2,0
instinctively_skeptical,2,2,0
heavily_black,2,2,0
impressively_articulate,2,2,0
especially_flattering,2,2,0
altogether_clear,2,2,0
especially_flawed,2,1,1
especially_flimsy,2,2,0
beautifully_american,2,1,1
altogether_brilliant,2,0,2
beautifully_aged,2,2,0
genuinely_remorseful,2,2,0
instinctively_hostile,2,0,2
impressively_accurate,2,2,0
already_conscious,2,2,0
already_complicated,2,2,0
especially_festive,2,2,0
already_certain,2,2,0
especially_far-reaching,2,2,0
altogether_chinese,2,0,2
altogether_chilling,2,0,2
insufferably_boring,2,2,0
impossibly_wonderful,2,1,1
insufferably_arrogant,2,1,1
impossibly_young,2,1,1
already_comfy,2,2,0
genuinely_relevant,2,2,0
even_sicker,2,2,0
already_commonplace,2,2,0
beautifully_artistic,2,1,1
institutionally_racist,2,2,0
extremely_cloudy,2,2,0
genuinely_practical,2,1,1
intellectually_mature,2,2,0
equally_thin,2,2,0
even_suspect,2,2,0
deeply_collaborative,2,2,0
intensely_sexual,2,2,0
intensely_sensual,2,1,1
as_primary,2,0,2
as_privy,2,2,0
fairly_eventful,2,2,0
almost_unnoticed,2,2,0
intensely_romantic,2,1,1
equally_unforgettable,2,2,0
equally_unhealthy,2,1,1
even_supreme,2,2,0
equally_unimpressed,2,2,0
equally_unimpressive,2,2,0
equally_uninformed,2,2,0
almost_unplayable,2,2,0
intensely_realistic,2,2,0
intensely_similar,2,2,0
extremely_characteristic,2,1,1
equally_unreal,2,1,1
even_symbiotic,2,2,0
heavily_shiite,2,2,0
intensely_superstitious,2,2,0
heavily_sexualized,2,2,0
genuinely_joyful,2,1,1
even_tactile,2,2,0
even_systemic,2,2,0
intensely_strong,2,2,0
even_swollen,2,2,0
equally_unfathomable,2,0,2
impossibly_crowded,2,2,0
almost_unforgivable,2,0,2
genuinely_keen,2,2,0
intensely_specific,2,2,0
fairly_excellent,2,2,0
impossibly_cute,2,0,2
equally_unethical,2,0,2
intensely_readable,2,2,0
intensely_radioactive,2,2,0
even_superhuman,2,2,0
as_pro-life,2,1,1
intensely_pathetic,2,0,2
clearly_separate,2,2,0
equally_unlucky,2,1,1
almost_unseemly,2,0,2
almost_unseen,2,0,2
impossibly_different,2,2,0
equally_unnecessary,2,1,1
almost_untouchable,2,2,0
intensely_quiet,2,2,0
genuinely_mad,2,2,0
equally_unpopular,2,1,1
as_profane,2,1,1
almost_upset,2,2,0
impossibly_easy,2,1,1
beautifully_hazy,2,2,0
equally_unpredictable,2,2,0
even_sublime,2,2,0
genuinely_loving,2,2,0
genuinely_lovely,2,2,0
intensely_pigmented,2,2,0
equally_uninspired,2,1,1
fairly_equivocal,2,2,0
fairly_equivalent,2,1,1
equally_unintelligible,2,0,2
even_sunni,2,2,0
equally_uninterested,2,2,0
even_such,2,2,0
almost_unrealistic,2,0,2
even_subtler,2,1,1
intensely_positive,2,0,2
extremely_cheerful,2,0,2
fairly_enticing,2,1,1
intensely_poetic,2,1,1
intensely_pleasing,2,0,2
heavily_satirical,2,2,0
as_prideful,2,0,2
fairly_exhausted,2,2,0
intensely_theatrical,2,0,2
intentionally_crude,2,1,1
intentionally_destructive,2,2,0
almost_tribal,2,1,1
genuinely_ironic,2,0,2
even_tiresome,2,2,0
intentionally_cynical,2,2,0
altogether_incorrect,2,2,0
equally_transparent,2,1,1
almost_triumphant,2,0,2
as_pregnant,2,1,1
intentionally_controversial,2,2,0
altogether_incomprehensible,2,0,2
intentionally_condescending,2,2,0
even_thematic,2,2,0
deeply_bored,2,2,0
altogether_inaccessible,2,2,0
deeply_boring,2,1,1
intentionally_difficult,2,1,1
even_tiring,2,2,0
intentionally_disorienting,2,2,0
intentionally_disrespectful,2,2,0
intentionally_full,2,2,0
deeply_bizarre,2,2,0
intentionally_fraudulent,2,1,1
even_touching,2,2,0
genuinely_interactive,2,1,1
intentionally_fake,2,2,0
intentionally_evil,2,2,0
as_precocious,2,0,2
heavily_verbal,2,2,0
desperately_insecure,2,2,0
clearly_responsible,2,2,0
almost_translucent,2,2,0
as_predatory,2,2,0
altogether_indifferent,2,2,0
deeply_blue,2,1,1
even_testy,2,2,0
equally_triumphant,2,2,0
as_prickly,2,0,2
altogether_ignorant,2,2,0
clearly_satirical,2,2,0
intensely_watchable,2,2,0
intensely_vulnerable,2,1,1
intensely_visceral,2,1,1
intensely_violent,2,2,0
desperately_enough,2,0,2
as_presentable,2,1,1
equally_unconstitutional,2,2,0
intentionally_careless,2,2,0
almost_unconventional,2,0,2
intensely_unhappy,2,2,0
as_presumptuous,2,1,1
intensely_undesirable,2,0,2
beautifully_imperfect,2,2,0
intensely_tropical,2,2,0
impossibly_cold,2,2,0
deeply_caring,2,2,0
intensely_worried,2,2,0
impossibly_clever,2,0,2
fairly_exotic,2,1,1
intentionally_brutal,2,2,0
fairly_experimental,2,2,0
intentionally_blind,2,2,0
almost_typical,2,1,1
heavily_symbolic,2,2,0
intentionally_beautiful,2,1,1
equally_truthful,2,2,0
desperately_familiar,2,2,0
even_tentative,2,2,0
almost_ubiquitous,2,1,1
even_tenable,2,2,0
almost_unacceptable,2,1,1
equally_typical,2,2,0
intentionally_aggressive,2,2,0
even_temperate,2,2,0
intensely_moving,2,1,1
equally_unreasonable,2,2,0
heavily_irish,2,2,0
even_spherical,2,2,0
equally_zealous,2,2,0
heavily_overweight,2,1,1
even_sporty,2,2,0
intensely_ambitious,2,2,0
heavily_overgrown,2,2,0
intensely_alluring,2,0,2
as_quotable,2,2,0
deeply_corrosive,2,0,2
intensely_arousing,2,1,1
fairly_disappointing,2,2,0
intellectually_worthless,2,2,0
altogether_false,2,2,0
deeply_counterintuitive,2,2,0
alone_happy,2,2,0
especially_acute,2,2,0
especially_adorable,2,2,0
intensely_aromatic,2,2,0
extremely_choosy,2,2,0
fairly_elegant,2,1,1
even_squeamish,2,2,0
even_stale,2,2,0
intensely_cold,2,1,1
almost_yellow,2,2,0
heavily_present,2,2,0
equally_wide,2,2,0
equally_wild,2,1,1
almost_zealous,2,1,1
deeply_conversant,2,1,1
alone_deep,2,1,1
equally_witty,2,0,2
heavily_polluted,2,2,0
heavily_physical,2,2,0
heavily_philosophical,2,1,1
intensely_black,2,2,0
as_puzzled,2,2,0
altogether_fascinating,2,0,2
deeply_counterproductive,2,2,0
clearly_subversive,2,1,1
especially_aggravating,2,1,1
fairly_dependable,2,1,1
clearly_terrible,2,1,1
especially_arduous,2,2,0
genuinely_personal,2,1,1
intellectually_precocious,2,2,0
fairly_deplorable,2,2,0
genuinely_philosophical,2,1,1
even_southern,2,2,0
clearly_terrified,2,2,0
especially_aggressive,2,1,1
genuinely_pleasant,2,0,2
especially_avid,2,2,0
especially_badass,2,1,1
heavily_ironic,2,2,0
beautifully_feminine,2,1,1
depressingly_stupid,2,2,0
beautifully_familiar,2,1,1
intellectually_profound,2,2,0
genuinely_perceptive,2,2,0
intellectually_resonant,2,1,1
genuinely_painful,2,0,2
impossibly_improbable,2,2,0
fairly_determined,2,2,0
heavily_misunderstood,2,2,0
as_reactive,2,2,0
especially_amusing,2,0,2
clearly_symbolic,2,2,0
depressingly_unimaginative,2,2,0
clearly_sympathetic,2,2,0
impossibly_intelligent,2,1,1
intellectually_serious,2,1,1
especially_appalling,2,0,2
especially_applicable,2,2,0
as_reclusive,2,1,1
even_sparkly,2,2,0
intellectually_restless,2,2,0
genuinely_oblivious,2,2,0
intensely_concerned,2,2,0
extremely_childish,2,1,1
even_stimulating,2,2,0
beautifully_harmonious,2,2,0
clearly_skilled,2,1,1
intensely_ideological,2,1,1
heavily_reminiscent,2,1,1
equally_untrustworthy,2,2,0
fairly_easier,2,2,0
altogether_greater,2,0,2
equally_unwilling,2,2,0
intensely_fruity,2,2,0
fairly_dumb,2,1,1
almost_virtual,2,2,0
deeply_connected,2,1,1
almost_warm,2,0,2
fairly_drinkable,2,2,0
equally_upsetting,2,1,1
intensely_funny,2,1,1
intensely_independent,2,2,0
equally_unthinkable,2,2,0
fairly_efficient,2,2,0
equally_unsupported,2,2,0
equally_unseemly,2,0,2
deeply_competitive,2,2,0
intensely_magnetic,2,2,0
clearly_sexual,2,1,1
completely_hideous,2,0,2
even_strongest,2,2,0
intensely_lonely,2,2,0
completely_heroic,2,1,1
equally_unsuitable,2,0,2
even_strict,2,2,0
intensely_jealous,2,2,0
intensely_irritating,2,2,0
intensely_intimate,2,1,1
genuinely_misunderstood,2,2,0
intensely_intelligent,2,2,0
fairly_dreadful,2,1,1
intensely_frightening,2,1,1
completely_hazardous,2,0,2
altogether_free,2,2,0
equally_volatile,2,2,0
intensely_disgusting,2,2,0
intensely_disagreeable,2,1,1
genuinely_newsworthy,2,0,2
desperately_anxious,2,2,0
intensely_detailed,2,2,0
equally_vulgar,2,0,2
intensely_delicious,2,1,1
intensely_fragile,2,2,0
equally_warped,2,2,0
fairly_dissatisfied,2,2,0
equally_wary,2,2,0
even_statistical,2,2,0
equally_welcoming,2,2,0
intensely_crowded,2,2,0
impossibly_good,2,2,0
almost_weightless,2,1,1
almost_weekly,2,2,0
even_steady,2,2,0
intensely_distrustful,2,2,0
even_sticky,2,2,0
fairly_downbeat,2,2,0
impossibly_fragile,2,1,1
intensely_familiar,2,1,1
extremely_chewy,2,2,0
even_stellar,2,2,0
fairly_dormant,2,2,0
fairly_dominant,2,2,0
equally_vicious,2,1,1
equally_virtuous,2,2,0
clearly_special,2,1,1
as_psychedelic,2,2,0
even_stealthy,2,2,0
intensely_disturbing,2,0,2
desperately_aware,2,1,1
equally_impenetrable,2,2,0
as_luminous,2,2,0
clearly_unsustainable,2,2,0
alarmingly_large,2,2,0
just_acoustic,2,1,1
fairly_steady,2,2,0
highly_famous,2,2,0
highly_fallible,2,2,0
biblically_illiterate,2,2,0
just_abusive,2,2,0
as_feasible,2,1,1
highly_extraordinary,2,1,1
as_favourable,2,1,1
evidently_present,2,2,0
biblically_correct,2,2,0
clearly_enthusiastic,2,2,0
highly_explosive,2,2,0
alarmingly_low,2,2,0
as_feeble,2,1,1
evidently_passionate,2,2,0
highly_fantastic,2,0,2
as_favorable,2,2,0
highly_enough,2,2,0
alarmingly_dangerous,2,1,1
alarmingly_close,2,2,0
just_addicting,2,2,0
alarmingly_clumsy,2,2,0
environmentally_friendlier,2,2,0
as_fatigued,2,2,0
clearly_emotional,2,2,0
evidently_sensible,2,2,0
highly_fertile,2,2,0
environmentally_important,2,2,0
highly_feminine,2,2,0
clearly_english,2,2,0
environmentally_helpful,2,1,1
disgustingly_hypocritical,2,2,0
highly_favourable,2,2,0
generally_unhelpful,2,2,0
biblically_literate,2,2,0
fairly_spontaneous,2,2,0
biblically_acceptable,2,2,0
environmentally_pure,2,2,0
completely_loving,2,1,1
as_fictitious,2,2,0
alarmingly_widespread,2,2,0
evidently_insecure,2,2,0
highly_erratic,2,2,0
fairly_speculative,2,2,0
always_appreciative,2,2,0
environmentally_useful,2,2,0
fairly_specialized,2,1,1
deceptively_tricky,2,2,0
fairly_special,2,1,1
decidedly_adult,2,1,1
as_firm,2,1,1
environmentally_wise,2,2,0
extremely_arousing,2,2,0
as_fishy,2,2,0
clearly_familiar,2,2,0
fairly_spicy,2,2,0
highly_excellent,2,2,0
beyond_thankful,2,2,0
immediately_impressive,2,2,0
highly_expansive,2,2,0
as_fertile,2,1,1
beyond_wonderful,2,2,0
always_askew,2,2,0
highly_exclusive,2,2,0
always_armed,2,2,0
environmentally_risky,2,2,0
disgustingly_cute,2,2,0
alarmingly_simple,2,2,0
evidently_new,2,1,1
beyond_unacceptable,2,2,0
environmentally_superior,2,2,0
highly_excitable,2,2,0
immediately_important,2,1,1
clearly_experimental,2,1,1
always_big,2,2,0
deceptively_reassuring,2,0,2
deceptively_quiet,2,2,0
as_exhausted,2,2,0
just_amateur,2,2,0
evolutionarily_novel,2,2,0
highly_frustrated,2,2,0
just_aloof,2,2,0
completely_mainstream,2,2,0
immediately_fun,2,1,1
generally_unattractive,2,2,0
just_alarming,2,1,1
just_agreeable,2,2,0
evolutionarily_innovative,2,2,0
fairly_stubborn,2,2,0
extremely_amicable,2,2,0
as_existential,2,0,2
aggressively_territorial,2,2,0
evolutionarily_healthy,2,2,0
generally_uncertain,2,2,0
just_amateurish,2,2,0
just_amazed,2,2,0
just_ambiguous,2,2,0
fairly_subdued,2,1,1
clearly_dishonest,2,2,0
generally_toxic,2,1,1
entirely_vital,2,1,1
entirely_watchable,2,2,0
just_antsy,2,2,0
disproportionately_costly,2,2,0
as_eventful,2,1,1
extremely_amateurish,2,2,0
immediately_foreseeable,2,2,0
generally_troublesome,2,2,0
just_anti-american,2,2,0
just_anonymous,2,2,0
generally_truthful,2,2,0
aggressively_progressive,2,1,1
clearly_distraught,2,2,0
disgustingly_sweet,2,2,0
just_agnostic,2,2,0
evidently_unhappy,2,2,0
generally_unfavorable,2,2,0
generally_unethical,2,2,0
deceptively_modest,2,1,1
deceptively_mundane,2,2,0
environmentally_detrimental,2,2,0
as_fanatical,2,2,0
highly_figurative,2,2,0
generally_unfamiliar,2,2,0
biologically_amazing,2,0,2
extremely_amused,2,2,0
biologically_alive,2,2,0
generally_unfriendly,2,2,0
always_bittersweet,2,2,0
deceptively_pleasant,2,2,0
clearly_educational,2,2,0
environmentally_efficient,2,2,0
deceptively_powerful,2,2,0
just_adventurous,2,2,0
immediately_global,2,2,0
generally_undesirable,2,2,0
ago_slight,2,2,0
always_bored,2,2,0
highly_focused,2,2,0
as_expendable,2,0,2
aggressively_visible,2,1,1
environmentally_conscientious,2,2,0
environmentally_considerate,2,2,0
just_affordable,2,2,0
awesomely_terrible,2,2,0
highly_flattered,2,2,0
evolutionarily_advantageous,2,2,0
evidently_wrong,2,1,1
as_extremist,2,1,1
just_affectionate,2,2,0
just_advisory,2,2,0
disgustingly_satisfying,2,0,2
highly_enthusiastic,2,2,0
highly_engaging,2,2,0
entirely_visible,2,2,0
equally_alien,2,1,1
fairly_sick,2,1,1
immediately_profound,2,1,1
all_consistent,2,1,1
fairly_short-term,2,1,1
beyond_cool,2,2,0
clearly_gorgeous,2,2,0
irresistibly_sweet,2,1,1
fairly_sheer,2,1,1
as_grumpy,2,1,1
disappointingly_weak,2,2,0
highly_defensive,2,2,0
highly_defensible,2,2,0
decidedly_evil,2,1,1
irresistibly_silly,2,1,1
irresistibly_sexy,2,2,0
ever_visible,2,1,1
ever_watchful,2,2,0
as_grueling,2,2,0
as_flippant,2,1,1
beyond_difficult,2,2,0
highly_dense,2,2,0
completely_lawless,2,2,0
generally_younger,2,2,0
all_closer,2,2,0
irritatingly_difficult,2,2,0
irritatingly_didactic,2,2,0
highly_delicious,2,1,1
as_gratifying,2,2,0
as_grievous,2,1,1
completely_lawful,2,2,0
equally_alarming,2,1,1
as_gregarious,2,1,1
beyond_delicious,2,2,0
completely_lackluster,2,2,0
all_complete,2,2,0
decidedly_easier,2,0,2
clearly_green,2,2,0
all_critical,2,2,0
ever_vigilant,2,2,0
genetically_deficient,2,1,1
disappointingly_slow,2,2,0
as_heated,2,2,0
fairly_secret,2,2,0
decidedly_fine,2,0,2
genetically_connected,2,1,1
disappointingly_simple,2,2,0
fairly_sceptical,2,2,0
irresistibly_hot,2,1,1
equally_alluring,2,1,1
better_true,2,2,0
highly_cruel,2,2,0
all_edible,2,2,0
irresistibly_glamorous,2,0,2
as_heavenly,2,0,2
fairly_scary,2,2,0
irresistibly_fun,2,0,2
completely_jealous,2,2,0
fairly_sedate,2,2,0
all_disappointed,2,2,0
equally_anonymous,2,2,0
as_gutsy,2,2,0
irresistibly_satisfying,2,1,1
equally_ambivalent,2,2,0
genetically_compatible,2,2,0
fairly_self-evident,2,2,0
fairly_self-contained,2,2,0
irresistibly_quaint,2,0,2
better_vegan,2,2,0
all_deficient,2,2,0
all_desperate,2,1,1
as_haphazard,2,2,0
highly_customisable,2,2,0
as_hapless,2,1,1
as_healthful,2,1,1
clearly_handmade,2,2,0
disarmingly_friendly,2,2,0
highly_dependable,2,2,0
fairly_slender,2,2,0
as_frantic,2,0,2
immediately_next,2,2,0
all_active,2,2,0
evidently_concerned,2,2,0
jaw-droppingly_gorgeous,2,2,0
immediately_nostalgic,2,0,2
all_afraid,2,2,0
as_fragrant,2,2,0
jaw-droppingly_funny,2,2,0
decidedly_conservative,2,2,0
as_fraudulent,2,1,1
jaw-droppingly_expensive,2,2,0
disarmingly_straightforward,2,1,1
immediately_onboard,2,2,0
highly_distinct,2,2,0
highly_dissimilar,2,2,0
as_fundamentalist,2,2,0
highly_elated,2,2,0
evidently_eager,2,1,1
as_forthright,2,1,1
all_acceptable,2,2,0
highly_endemic,2,2,0
as_flirty,2,2,0
always_amazed,2,2,0
immediately_likeable,2,2,0
albeit_small,2,0,2
decidedly_attractive,2,1,1
beyond_pissed,2,2,0
highly_emblematic,2,1,1
highly_elusive,2,1,1
immediately_measurable,2,2,0
as_foreseeable,2,1,1
as_forgetful,2,1,1
as_formative,2,2,0
generally_warmer,2,2,0
epically_stupid,2,1,1
clearly_fraudulent,2,1,1
generally_wet,2,2,0
irritatingly_long,2,2,0
highly_depressed,2,2,0
clearly_frivolous,2,2,0
decidedly_delicious,2,2,0
immediately_pleasing,2,2,0
fairly_sloppy,2,2,0
as_gleeful,2,2,0
as_gnarly,2,0,2
completely_lax,2,2,0
fairly_slim,2,2,0
equally_abysmal,2,2,0
everyday_essential,2,2,0
generally_worthwhile,2,2,0
fairly_slight,2,2,0
fairly_slick,2,2,0
highly_dependant,2,2,0
all_chinese,2,2,0
altogether_white,2,2,0
equally_aesthetic,2,2,0
all_bogus,2,2,0
immediately_personal,2,2,0
irritatingly_slow,2,2,0
as_garish,2,2,0
as_genteel,2,0,2
jaw-droppingly_bizarre,2,2,0
always_absent,2,1,1
jaw-droppingly_awesome,2,1,1
all_bearish,2,2,0
highly_discretionary,2,2,0
as_germane,2,2,0
fairly_sober,2,2,0
equally_admirable,2,1,1
as_glaring,2,2,0
highly_directional,2,2,0
irritatingly_stupid,2,2,0
everywhere_else,2,1,1
all_blind,2,2,0
as_evangelical,2,2,0
disproportionately_expensive,2,2,0
as_heretical,2,1,1
distinctively_human,2,1,1
highly_individualized,2,2,0
entirely_sympathetic,2,2,0
as_dismal,2,1,1
just_compelling,2,1,1
entirely_synthetic,2,2,0
highly_individualistic,2,2,0
just_commensurate,2,2,0
as_disorganized,2,0,2
just_conceivable,2,2,0
generally_skeptical,2,2,0
aesthetically_ugly,2,2,0
distinctively_good,2,0,2
as_dispassionate,2,2,0
aesthetically_undesirable,2,2,0
distinctively_german,2,1,1
entirely_theoretical,2,2,0
distinctively_japanese,2,0,2
just_conceptual,2,2,0
exactly_parallel,2,2,0
just_constant,2,2,0
aesthetically_preferable,2,2,0
just_convoluted,2,2,0
entirely_straightforward,2,2,0
biologically_relevant,2,1,1
exceedingly_abundant,2,2,0
distinctively_new,2,0,2
aesthetically_rewarding,2,2,0
just_consistent,2,2,0
highly_indulgent,2,1,1
distinctively_modern,2,0,2
immediately_correct,2,2,0
entirely_subversive,2,1,1
as_disgraceful,2,1,1
entirely_supportive,2,2,0
dead_right,2,2,0
immediately_deductible,2,2,0
biologically_plausible,2,2,0
biologically_necessary,2,2,0
as_disquieting,2,2,0
fairly_traumatic,2,1,1
generally_sore,2,2,0
just_chilly,2,2,0
generally_sorry,2,2,0
again_calm,2,2,0
highly_inclined,2,2,0
highly_inadequate,2,2,0
as_dominate,2,2,0
highly_inaccessible,2,2,0
biologically_irrational,2,2,0
just_cheerful,2,2,0
just_cheeky,2,2,0
entirely_uncommon,2,1,1
just_charitable,2,2,0
just_characteristic,2,2,0
distinctively_christian,2,1,1
again_christian,2,2,0
just_choosy,2,2,0
deathly_frail,2,2,0
immediately_digestible,2,1,1
immediately_detrimental,2,2,0
aesthetically_valuable,2,0,2
clearly_curious,2,2,0
exactly_related,2,1,1
extremely_able,2,2,0
distinctively_distinctive,2,2,0
extremely_absolute,2,2,0
extremely_abusive,2,2,0
again_active,2,2,0
just_cluttered,2,2,0
just_cloudy,2,2,0
as_distrustful,2,2,0
again_alive,2,2,0
just_clearer,2,2,0
entirely_unacceptable,2,2,0
generally_solid,2,2,0
aesthetically_powerful,2,1,1
entirely_sterile,2,2,0
biologically_sensitive,2,2,0
entirely_shameless,2,2,0
highly_intriguing,2,2,0
highly_intimate,2,2,0
highly_interwoven,2,2,0
distinctly_absent,2,1,1
dazzlingly_funny,2,2,0
distinctively_wrong,2,0,2
highly_intensive,2,2,0
aesthetically_correct,2,1,1
biologically_useful,2,0,2
aesthetically_creative,2,2,0
generally_sad,2,1,1
just_defensive,2,2,0
generally_satisfactory,2,2,0
exceedingly_angry,2,2,0
always_complex,2,2,0
always_compelling,2,2,0
entirely_self-contained,2,1,1
as_deserving,2,1,1
entirely_secure,2,2,0
entirely_secondary,2,2,0
clearly_biased,2,1,1
just_desirable,2,2,0
just_descriptive,2,2,0
highly_irreverent,2,2,0
distinctly_alluring,2,0,2
entirely_rich,2,2,0
entirely_ridiculous,2,1,1
dazzlingly_beautiful,2,2,0
entirely_rural,2,2,0
just_demented,2,2,0
dazzlingly_bright,2,2,0
always_confrontational,2,2,0
exceedingly_aware,2,2,0
as_descriptive,2,2,0
dazzlingly_clever,2,2,0
entirely_significant,2,1,1
distinctively_special,2,0,2
just_courageous,2,2,0
just_crass,2,2,0
dazzlingly_rich,2,2,0
highly_insensitive,2,1,1
just_crispy,2,2,0
just_creamy,2,2,0
as_deterministic,2,1,1
just_crazier,2,2,0
as_devoted,2,2,0
entirely_special,2,0,2
just_deaf,2,2,0
aesthetically_neutral,2,2,0
exceedingly_affectionate,2,2,0
as_dictatorial,2,2,0
dazzlingly_witty,2,1,1
entirely_spurious,2,2,0
aesthetically_perfect,2,1,1
dead_drunk,2,0,2
just_crowded,2,2,0
highly_instrumental,2,2,0
aesthetically_impressive,2,2,0
clearly_clueless,2,1,1
just_daunting,2,2,0
distinctively_sophisticated,2,0,2
aesthetically_exciting,2,1,1
just_damaging,2,2,0
just_daft,2,2,0
just_cutesy,2,2,0
entirely_silly,2,2,0
exceedingly_ancient,2,1,1
generally_satisfying,2,2,0
aesthetically_functional,2,2,0
entirely_singular,2,0,2
as_destitute,2,2,0
generally_savvy,2,1,1
clearly_close,2,1,1
fairly_unbelievable,2,2,0
just_certain,2,2,0
deathly_silent,2,2,0
clearly_dirty,2,2,0
just_astute,2,2,0
entirely_unproven,2,1,1
entirely_unreachable,2,2,0
just_attentive,2,2,0
completely_matte,2,1,1
entirely_unreal,2,1,1
entirely_unreasonable,2,2,0
fairly_suspicious,2,2,0
entirely_unrecognisable,2,0,2
extremely_agreeable,2,2,0
highly_hilarious,2,2,0
just_astronomical,2,2,0
aggressively_assertive,2,2,0
always_bubbly,2,2,0
as_enforceable,2,2,0
entirely_unsafe,2,1,1
highly_gregarious,2,2,0
just_audible,2,1,1
entirely_unprofessional,2,1,1
again_confused,2,2,0
entirely_unplanned,2,1,1
as_elite,2,1,1
again_silent,2,2,0
entirely_unnatural,2,0,2
disproportionately_subject,2,2,0
always_caring,2,1,1
always_careful,2,2,0
again_subject,2,2,0
as_empathetic,2,0,2
fairly_sweaty,2,2,0
just_bald,2,2,0
as_emphatic,2,2,0
fairly_synonymous,2,2,0
just_awestruck,2,2,0
just_awe,2,2,0
entirely_unprepared,2,2,0
just_averse,2,2,0
as_engrossing,2,2,0
just_artistic,2,2,0
highly_graphic,2,2,0
disproportionately_important,2,2,0
immediately_fatal,2,2,0
entirely_untenable,2,2,0
disproportionately_influential,2,2,0
entirely_unusable,2,2,0
immediately_feasible,2,0,2
entirely_unusual,2,0,2
entirely_unwanted,2,0,2
entirely_unwilling,2,2,0
biologically_diverse,2,2,0
aggressively_indifferent,2,2,0
highly_genetic,2,2,0
as_erotic,2,2,0
disproportionately_higher,2,2,0
entirely_useful,2,2,0
entirely_vacant,2,2,0
deceptively_banal,2,2,0
just_appreciative,2,2,0
just_apprehensive,2,2,0
just_approximate,2,2,0
as_enviable,2,2,0
as_enthralling,2,2,0
immediately_exciting,2,1,1
just_argumentative,2,2,0
extremely_alike,2,2,0
entirely_unseen,2,2,0
aggressively_confrontational,2,2,0
aggressively_conservative,2,1,1
as_entrepreneurial,2,0,2
disproportionately_jewish,2,2,0
clearly_detrimental,2,2,0
entirely_unsuitable,2,2,0
aggressively_dismissive,2,2,0
exactly_accurate,2,2,0
biologically_capable,2,2,0
generally_tired,2,2,0
just_banal,2,2,0
again_secure,2,2,0
just_barbaric,2,2,0
again_fine,2,2,0
just_bummed,2,2,0
again_evident,2,2,0
distinctively_canadian,2,0,2
distinctively_british,2,1,1
just_buggy,2,2,0
immediately_distinctive,2,2,0
exactly_happy,2,2,0
as_driven,2,1,1
as_easygoing,2,2,0
fairly_terrible,2,2,0
as_dusty,2,2,0
entirely_unethical,2,0,2
always_cheerful,2,2,0
extremely_acute,2,2,0
again_healthy,2,2,0
extremely_adaptable,2,2,0
just_bureaucratic,2,2,0
extremely_achievable,2,1,1
just_calmer,2,2,0
biologically_inactive,2,2,0
just_cause,2,2,0
again_convinced,2,2,0
again_dark,2,2,0
entirely_unconventional,2,1,1
just_cathartic,2,2,0
again_desperate,2,2,0
as_dour,2,2,0
generally_stupid,2,2,0
as_dreamy,2,1,1
fairly_tiny,2,2,0
just_candid,2,2,0
fairly_timeless,2,1,1
clearly_defective,2,2,0
exactly_horizontal,2,2,0
again_eligible,2,2,0
extremely_addicting,2,2,0
entirely_unforgettable,2,0,2
always_cautious,2,2,0
immediately_enjoyable,2,1,1
generally_sympathetic,2,2,0
disproportionately_wealthy,2,2,0
again_peaceful,2,2,0
exactly_different,2,2,0
clearly_delighted,2,2,0
again_possible,2,2,0
again_prevalent,2,2,0
again_quick,2,2,0
again_inconsistent,2,2,0
again_quiet,2,2,0
again_ready,2,2,0
just_bereft,2,2,0
entirely_uninteresting,2,1,1
generally_terrified,2,2,0
fairly_talented,2,2,0
again_rotten,2,2,0
again_open,2,2,0
just_bisexual,2,2,0
highly_hostile,2,2,0
highly_humorous,2,2,0
just_boyish,2,2,0
fairly_temperate,2,2,0
always_cheap,2,2,0
entirely_unfounded,2,2,0
as_edifying,2,2,0
just_bolder,2,2,0
fairly_tasteless,2,2,0
immediately_easy,2,2,0
as_effeminate,2,1,1
again_more,2,2,0
entirely_unimaginable,2,0,2
biologically_female,2,2,0
clearly_deliberate,2,2,0
just_blatant,2,2,0
fairly_tangible,2,2,0
genetically_dissimilar,2,0,2
ever_suspicious,2,1,1
clearly_missing,2,0,2
equally_endearing,2,2,0
intuitively_plausible,2,1,1
equally_emotive,2,2,0
equally_emphatic,2,2,0
allegedly_false,2,2,0
directly_connected,2,2,0
genuinely_artful,2,1,1
best_unrealistic,2,2,0
best_unproven,2,2,0
best_unreliable,2,2,0
highly_alluring,2,1,1
allegedly_fraudulent,2,2,0
fairly_noticeable,2,2,0
equally_engaging,2,1,1
allegedly_gay,2,2,0
decidedly_other,2,0,2
genuinely_astounding,2,2,0
decidedly_older,2,1,1
allegedly_drunk,2,2,0
fairly_negative,2,2,0
as_irregular,2,1,1
genuinely_angry,2,2,0
immensely_hopeful,2,1,1
intuitively_unwelcome,2,2,0
altogether_reasonable,2,1,1
ever_conscious,2,2,0
allegedly_bad,2,2,0
intuitively_understandable,2,1,1
fairly_odd,2,1,1
decidedly_old-school,2,1,1
fairly_obsessed,2,2,0
extremely_benevolent,2,2,0
equally_educational,2,2,0
decidedly_old-fashioned,2,0,2
ever_classic,2,2,0
equally_effortless,2,2,0
best_useless,2,2,0
allegedly_illegal,2,2,0
equally_enlightening,2,1,1
equally_enormous,2,0,2
intrinsically_wonderful,2,0,2
intrinsically_worthy,2,0,2
equally_explicit,2,1,1
decidedly_pink,2,2,0
immensely_kind,2,2,0
ever_appealing,2,1,1
highly_aesthetic,2,2,0
intrinsically_worthless,2,1,1
clearly_male,2,2,0
equally_enthralling,2,1,1
intrinsically_visual,2,1,1
equally_eye-catching,2,0,2
equally_fab,2,1,1
decidedly_plain,2,2,0
allegedly_trained,2,2,0
allegedly_true,2,2,0
directly_appealing,2,1,1
allegedly_relevant,2,2,0
equally_experienced,2,0,2
allegedly_related,2,2,0
genuinely_awkward,2,1,1
genuinely_awesome,2,1,1
equally_enthused,2,2,0
equally_esoteric,2,0,2
intuitively_correct,2,2,0
highly_agreeable,2,2,0
as_jazzy,2,2,0
genuinely_awful,2,0,2
clearly_lower,2,2,0
decidedly_peculiar,2,0,2
immensely_inspirational,2,2,0
highly_affluent,2,2,0
ever_available,2,2,0
best_uncertain,2,2,0
ever_attentive,2,2,0
directly_beneficial,2,2,0
allegedly_abusive,2,2,0
genuinely_ancient,2,2,0
all_younger,2,2,0
genuinely_affectionate,2,2,0
as_intent,2,2,0
better_close,2,1,1
altogether_scarier,2,0,2
equally_dim,2,2,0
invariably_present,2,2,0
highly_arbitrary,2,2,0
fairly_overwhelming,2,2,0
highly_approximate,2,2,0
highly_apparent,2,2,0
ever_easy,2,2,0
extremely_believable,2,2,0
fairly_outgoing,2,2,0
equally_dishonest,2,2,0
clearly_keen,2,2,0
all_unsure,2,2,0
equally_disingenuous,2,1,1
fairly_palatable,2,1,1
better_closer,2,2,0
all_underwater,2,2,0
all_underground,2,2,0
fairly_particular,2,2,0
clearly_intelligible,2,1,1
all_traceable,2,2,0
immensely_evil,2,0,2
equally_desolate,2,2,0
equally_despicable,2,1,1
immensely_fascinating,2,2,0
equally_destitute,2,2,0
better_concerned,2,2,0
directly_insulting,2,1,1
as_intellectual,2,0,2
as_intelligible,2,2,0
equally_devious,2,1,1
all_unavoidable,2,2,0
directly_incompatible,2,2,0
decidedly_naughty,2,1,1
all_uptight,2,2,0
decidedly_old,2,0,2
invariably_charming,2,1,1
all_weird,2,2,0
fairly_opaque,2,2,0
highly_annoyed,2,2,0
equally_dominant,2,2,0
better_alternative,2,2,0
completely_insular,2,1,1
fairly_older,2,2,0
decidedly_offbeat,2,2,0
all_useful,2,2,0
all_wonky,2,2,0
equally_dreadful,2,1,1
genuinely_amazing,2,1,1
fairly_ok,2,2,0
clearly_legal,2,2,0
better_acquainted,2,2,0
ever_cool,2,2,0
equally_dogmatic,2,2,0
clearly_lasting,2,2,0
all_vulnerable,2,2,0
fairly_open-minded,2,2,0
genuinely_alarming,2,1,1
invariably_good,2,2,0
all_valid,2,2,0
invariably_fatal,2,2,0
all_valuable,2,2,0
better_bigger,2,1,1
all_vegetarian,2,2,0
ever_different,2,2,0
better_big,2,2,0
as_intrepid,2,0,2
clearly_knowledgeable,2,2,0
altogether_riskier,2,0,2
equally_distracting,2,1,1
clearly_larger,2,2,0
invariably_disappointed,2,2,0
equally_fair,2,2,0
equally_fancy,2,1,1
all_tight,2,2,0
best_live,2,2,0
eventually_ok,2,2,0
almost_cliched,2,2,0
clearly_medieval,2,2,0
differently_unnecessary,2,2,0
immensely_profound,2,0,2
best_misguided,2,2,0
eventually_nuclear,2,2,0
equally_heartbreaking,2,2,0
almost_cliche,2,2,0
equally_heartwarming,2,1,1
almost_comic,2,1,1
almost_common,2,0,2
eventually_new,2,2,0
equally_helpless,2,1,1
immensely_readable,2,2,0
differently_skilled,2,2,0
intrinsically_romantic,2,0,2
almost_claustrophobic,2,2,0
highly_adaptive,2,2,0
almost_cheap,2,1,1
equally_gray,2,2,0
almost_carnal,2,0,2
equally_greasy,2,1,1
equally_green,2,2,0
intrinsically_safer,2,2,0
almost_ceremonial,2,0,2
immensely_practical,2,1,1
genuinely_comical,2,2,0
fairly_marginal,2,2,0
almost_cheerful,2,0,2
decidedly_short-lived,2,2,0
equally_grotesque,2,0,2
almost_chilling,2,0,2
as_liable,2,2,0
equally_gullible,2,2,0
immensely_professional,2,2,0
equally_hideous,2,2,0
almost_comprehensible,2,1,1
intrinsically_real,2,1,1
high_minded,2,2,0
extremely_bland,2,2,0
fairly_low-tech,2,1,1
immensely_satisfied,2,2,0
equally_illegal,2,2,0
completely_inescapable,2,1,1
almost_crisp,2,2,0
equally_illegible,2,2,0
almost_crude,2,1,1
equally_honorable,2,2,0
intrinsically_problematic,2,2,0
fairly_long-term,2,1,1
equally_illusory,2,1,1
almost_current,2,2,0
equally_imaginative,2,2,0
fairly_loathsome,2,2,0
almost_cynical,2,1,1
equally_ideal,2,2,0
genuinely_credible,2,2,0
high_skilled,2,1,1
best_intolerant,2,2,0
equally_hopeless,2,2,0
immensely_refreshing,2,1,1
eventually_meaningful,2,0,2
equally_hostile,2,1,1
equally_humble,2,1,1
decidedly_social,2,1,1
differently_religious,2,2,0
equally_hungry,2,2,0
intrinsically_racist,2,1,1
fairly_lucrative,2,1,1
almost_conservative,2,1,1
clearly_mindful,2,2,0
completely_informal,2,2,0
almost_contrary,2,0,2
almost_cool,2,1,1
intrinsically_sexy,2,0,2
fairly_meaningless,2,2,0
almost_campy,2,0,2
almost_ancient,2,0,2
best_ridiculous,2,2,0
equally_flamboyant,2,1,1
almost_american,2,0,2
almost_amusing,2,1,1
decidedly_rotten,2,1,1
equally_flattering,2,1,1
fairly_moot,2,2,0
best_reasonable,2,2,0
as_laudable,2,0,2
immensely_painful,2,2,0
almost_anonymous,2,2,0
intrinsically_unappealing,2,0,2
equally_fluent,2,1,1
genuinely_caring,2,2,0
clearly_masculine,2,2,0
immensely_passionate,2,2,0
best_right,2,2,0
decidedly_retro,2,1,1
almost_alike,2,2,0
genuinely_bizarre,2,0,2
immensely_liberating,2,0,2
as_judgemental,2,2,0
intrinsically_unusual,2,0,2
allegedly_willing,2,2,0
highly_acceptable,2,2,0
intrinsically_unsettling,2,0,2
equally_fearful,2,2,0
as_lacking,2,2,0
decidedly_positive,2,1,1
ever_acceptable,2,2,0
decidedly_practical,2,2,0
equally_ferocious,2,2,0
almost_addictive,2,0,2
highly_able,2,2,0
dimly_suggestive,2,0,2
higher_possible,2,2,0
equally_forgettable,2,0,2
immensely_positive,2,1,1
intrinsically_simple,2,0,2
equally_geeky,2,2,0
fairly_messy,2,2,0
almost_bittersweet,2,0,2
equally_genuine,2,2,0
digitally_illiterate,2,2,0
fairly_memorable,2,1,1
almost_blue,2,2,0
eventually_right,2,2,0
intrinsically_sweet,2,1,1
almost_boyish,2,0,2
equally_glorious,2,1,1
decidedly_secular,2,1,1
equally_good-looking,2,2,0
decidedly_serious,2,1,1
as_legible,2,2,0
as_lesser,2,0,2
intrinsically_sinister,2,0,2
almost_best,2,2,0
almost_benign,2,1,1
intrinsically_special,2,0,2
almost_astonishing,2,2,0
almost_asymptomatic,2,2,0
genuinely_charismatic,2,0,2
genuinely_charming,2,1,1
completely_inhuman,2,1,1
almost_autobiographical,2,0,2
as_lean,2,2,0
almost_awful,2,0,2
equally_freaky,2,0,2
equally_french,2,2,0
equally_friendly,2,2,0
equally_fruitless,2,2,0
equally_fundamental,2,1,1
digitally_related,2,1,1
fairly_miraculous,2,1,1
all_top-notch,2,2,0
equally_deplorable,2,2,0
genetically_female,2,1,1
as_immobile,2,0,2
all_insane,2,2,0
as_imaginary,2,1,1
all_instinctive,2,2,0
better_pleased,2,2,0
immediately_transparent,2,2,0
as_immaculate,2,2,0
as_imminent,2,2,0
irrationally_low,2,2,0
better_possible,2,1,1
all_interesting,2,2,0
all_internal,2,2,0
all_interwoven,2,2,0
ever_obvious,2,2,0
irrationally_irritable,2,2,0
as_immune,2,2,0
all_irrelevant,2,2,0
irrationally_optimistic,2,2,0
disappointingly_conventional,2,1,1
all_muddy,2,2,0
equally_beguiling,2,2,0
genetically_unrelated,2,2,0
disappointingly_drab,2,2,0
immediately_taxable,2,2,0
immediately_terrifying,2,1,1
all_incidental,2,2,0
as_illustrative,2,2,0
decidedly_inconvenient,2,1,1
all_indian,2,2,0
genetically_weaker,2,2,0
genetically_valuable,2,2,0
equally_belligerent,2,2,0
highly_colorful,2,2,0
immediately_transferable,2,2,0
clearly_honest,2,2,0
ever_patient,2,2,0
highly_cohesive,2,2,0
equally_bereft,2,1,1
highly_circumstantial,2,2,0
altogether_unaware,2,2,0
all_miserable,2,2,0
decidedly_lacking,2,1,1
irrationally_comforting,2,0,2
all_male,2,2,0
all_meaningless,2,2,0
all_merciful,2,2,0
disappointingly_average,2,2,0
irrationally_afraid,2,2,0
all_misleading,2,2,0
immediately_wary,2,2,0
all_modern,2,2,0
all_moot,2,2,0
as_improper,2,1,1
all_more,2,1,1
highly_caustic,2,2,0
clearly_imminent,2,2,0
fairly_prolific,2,2,0
fairly_provocative,2,2,0
all_loving,2,1,1
as_impolite,2,1,1
all_local,2,2,0
altogether_unattainable,2,1,1
equally_better,2,2,0
completely_irregular,2,2,0
all_keen,2,2,0
all_key,2,2,0
immediately_willing,2,2,0
fairly_quirky,2,2,0
disappointingly_bad,2,1,1
all_large,2,2,0
equally_biased,2,2,0
completely_irate,2,1,1
as_implausible,2,0,2
highly_charismatic,2,1,1
equally_black,2,2,0
all_live,2,2,0
equally_barbaric,2,1,1
irrationally_upset,2,2,0
completely_irreverent,2,2,0
irresistibly_cheesy,2,1,1
immediately_sensitive,2,2,0
fairly_rural,2,1,1
fairly_run,2,2,0
highly_convincing,2,2,0
all_fantastic,2,2,0
equally_armed,2,2,0
highly_controlled,2,2,0
disappointingly_light,2,2,0
immediately_shocking,2,1,1
fairly_risque,2,2,0
ever_rude,2,2,0
all_flat,2,2,0
all_flawless,2,2,0
fairly_rich,2,2,0
genetically_perfect,2,2,0
fairly_rewarding,2,1,1
as_homely,2,0,2
immediately_scary,2,1,1
all_exclusive,2,2,0
all_exciting,2,2,0
fairly_satisfying,2,1,1
fairly_sane,2,2,0
completely_jarring,2,1,1
completely_japanese,2,1,1
irresistibly_exciting,2,2,0
immediately_safe,2,2,0
immediately_satisfied,2,2,0
immediately_satisfying,2,2,0
all_essential,2,2,0
irresistibly_convenient,2,1,1
better_talented,2,1,1
genetically_intractable,2,2,0
highly_counterproductive,2,2,0
equally_apprehensive,2,2,0
all_exceptional,2,2,0
fairly_revolutionary,2,0,2
better_several,2,2,0
as_idyllic,2,2,0
fairly_redundant,2,2,0
all_gracious,2,2,0
highly_comparable,2,2,0
fairly_regular,2,2,0
as_hysterical,2,2,0
highly_common,2,2,0
all_handmade,2,2,0
genetically_superior,2,2,0
all_hard,2,2,0
irredeemably_stupid,2,2,0
decidedly_hip,2,0,2
altogether_unnatural,2,0,2
all_high,2,2,0
equally_badass,2,1,1
altogether_unfamiliar,2,2,0
better_quiet,2,2,0
as_idle,2,2,0
all_goofy,2,2,0
disappointingly_familiar,2,2,0
all_golden,2,2,0
better_ready,2,1,1
as_humid,2,2,0
highly_confused,2,2,0
immediately_skeptical,2,2,0
extremely_astute,2,2,0
decidedly_grotesque,2,2,0
fairly_respectable,2,1,1
immediately_smooth,2,2,0
fairly_resilient,2,2,0
altogether_unpleasant,2,1,1
clearly_higher,2,2,0
ever_related,2,0,2
as_hyperactive,2,0,2
fairly_remote,2,2,0
fairly_reminiscent,2,2,0
highly_compliant,2,2,0
as_inaccessible,2,2,0
as_incendiary,2,0,2
all_tidy,2,1,1
equally_corny,2,0,2
all_sick,2,2,0
ever_helpful,2,2,0
fairly_plausible,2,2,0
all_simple,2,2,0
all_single,2,2,0
highly_believable,2,1,1
gently_sentimental,2,2,0
decidedly_masculine,2,2,0
altogether_smarter,2,0,2
equally_crippling,2,0,2
highly_autonomous,2,2,0
all_smarter,2,2,0
equally_crude,2,0,2
all_smooth,2,2,0
equally_crunchy,2,0,2
ever_green,2,2,0
equally_consistent,2,2,0
all_sexy,2,1,1
clearly_immoral,2,2,0
ever_high,2,1,1
as_inhuman,2,0,2
ever_hopeful,2,2,0
equally_comforting,2,1,1
equally_comical,2,0,2
all_second,2,2,0
gently_nostalgic,2,0,2
as_inhumane,2,1,1
altogether_softer,2,0,2
equally_conservative,2,1,1
fairly_pleasant,2,2,0
completely_interesting,2,1,1
ironically_enjoyable,2,2,0
directly_present,2,2,0
equally_conflicted,2,2,0
all_sentimental,2,2,0
directly_prejudicial,2,2,0
clearly_inherent,2,2,0
as_inseparable,2,2,0
all_solid,2,2,0
directly_measurable,2,2,0
all_subject,2,2,0
clearly_intelligent,2,1,1
directly_next,2,2,0
all_sufficient,2,2,0
all_superfluous,2,2,0
fairly_passive,2,2,0
all_supportive,2,2,0
directly_meaningful,2,2,0
directly_personal,2,2,0
all_sweet,2,2,0
all_symbolic,2,2,0
equally_delighted,2,2,0
decidedly_modern,2,0,2
highly_aspirational,2,1,1
decidedly_modest,2,1,1
highly_arousing,2,2,0
clearly_insufficient,2,2,0
as_instant,2,2,0
fairly_persuasive,2,2,0
highly_atmospheric,2,2,0
better_enlightened,2,2,0
equally_cynical,2,0,2
equally_daft,2,0,2
ever_greater,2,1,1
equally_damned,2,2,0
equally_daring,2,2,0
equally_daunting,2,2,0
as_insistent,2,2,0
all_sticky,2,1,1
highly_auspicious,2,1,1
better_deeper,2,1,1
highly_atypical,2,2,0
equally_deceptive,2,2,0
ever_free,2,2,0
all_stuck,2,2,0
fairly_pointless,2,2,0
equally_colorless,2,1,1
ironically_funny,2,1,1
all_paranoid,2,2,0
gently_erotic,2,1,1
completely_intriguing,2,1,1
better_lucky,2,2,0
ever_lower,2,2,0
all_painful,2,2,0
as_indelible,2,0,2
as_indescribable,2,0,2
clearly_improper,2,1,1
altogether_sublime,2,0,2
equally_brash,2,0,2
all_personal,2,2,0
better_intentioned,2,2,0
equally_british,2,0,2
immensely_challenging,2,2,0
equally_broad,2,1,1
better_integrated,2,2,0
clearly_impressed,2,2,0
fairly_private,2,1,1
all_organic,2,2,0
all_online,2,2,0
better_off,2,2,0
as_incisive,2,1,1
all_neutral,2,2,0
decidedly_liberal,2,2,0
better_muslim,2,2,0
equally_bogus,2,2,0
ever_many,2,2,0
fairly_productive,2,1,1
clearly_impoverished,2,2,0
directly_usable,2,2,0
altogether_transcendent,2,0,2
ever_lucky,2,1,1
immensely_better,2,1,1
as_inconceivable,2,1,1
all_older,2,2,0
all_practical,2,2,0
directly_tangible,2,1,1
ironically_good,2,2,0
directly_reminiscent,2,2,0
equally_chilling,2,0,2
decidedly_luckier,2,0,2
all_regular,2,2,0
as_informational,2,2,0
better_full,2,2,0
immensely_complicated,2,1,1
all_reminiscent,2,2,0
clearly_incorrect,2,2,0
all_pregnant,2,2,0
better_free,2,1,1
completely_intimate,2,0,2
all_rich,2,2,0
decidedly_lukewarm,2,1,1
equally_cliched,2,1,1
directly_relatable,2,2,0
equally_cold,2,1,1
highly_bizarre,2,1,1
completely_intolerant,2,2,0
completely_intoxicated,2,2,0
equally_chaotic,2,2,0
better_hot,2,2,0
clearly_inaccurate,2,2,0
fairly_practical,2,1,1
clearly_incapable,2,2,0
all_private,2,2,0
gently_ironic,2,2,0
ever_larger,2,2,0
all_prone,2,2,0
all_proper,2,2,0
all_psychological,2,2,0
equally_catastrophic,2,0,2
altogether_special,2,0,2
as_inert,2,2,0
equally_cautious,2,2,0
decidedly_low-key,2,2,0
genuinely_sexy,2,1,1
deeply_evangelical,2,2,0
immediately_comprehensible,2,2,0
even_bloated,2,2,0
indeed_smaller,2,2,0
incredibly_dope,2,1,1
incredibly_drastic,2,0,2
extremely_spare,2,2,0
completely_devoted,2,0,2
even_bleak,2,2,0
extremely_soulful,2,0,2
incredibly_dreamy,2,0,2
even_bitchy,2,2,0
indeed_shocked,2,2,0
even_blond,2,2,0
even_bloodless,2,2,0
comparatively_minor,2,2,0
comparatively_modest,2,2,0
extremely_hardworking,2,2,0
extremely_solemn,2,2,0
extremely_speculative,2,2,0
incredibly_dominant,2,2,0
gratuitously_gory,2,2,0
half_dry,2,2,0
even_bewildered,2,2,0
even_biased,2,2,0
extremely_gruesome,2,1,1
indeed_stupid,2,2,0
even_initial,2,2,0
incredibly_distressing,2,1,1
comparatively_insignificant,2,1,1
half_demented,2,2,0
indeed_spare,2,2,0
extremely_grumpy,2,2,0
comparatively_large,2,2,0
also_risky,2,2,0
athletically_superior,2,1,1
indeed_spicy,2,2,0
even_infrequent,2,2,0
also_flat,2,2,0
authentically_amusing,2,2,0
deliberately_incorrect,2,2,0
indeed_scary,2,2,0
extremely_slender,2,2,0
authentically_beautiful,2,2,0
even_indulgent,2,2,0
even_bountiful,2,2,0
even_indignant,2,2,0
indeed_reluctant,2,2,0
indeed_religious,2,2,0
indeed_relevant,2,2,0
comparatively_rare,2,1,1
comparatively_negligent,2,2,0
even_brittle,2,2,0
incredibly_enchanting,2,0,2
even_indescribable,2,2,0
indeed_realistic,2,2,0
even_buddhist,2,2,0
deliberately_funny,2,1,1
even_bulky,2,2,0
extremely_slippery,2,2,0
indeed_reversible,2,2,0
gratuitously_brutal,2,2,0
extremely_slutty,2,0,2
incredibly_dysfunctional,2,1,1
incredibly_earnest,2,1,1
even_inflexible,2,2,0
even_boisterous,2,2,0
deeply_unseemly,2,0,2
even_inexperienced,2,2,0
half_cold,2,2,0
deliberately_idyllic,2,1,1
authentically_asian,2,1,1
even_bothersome,2,2,0
badly_unbalanced,2,2,0
completely_deterministic,2,2,0
even_ineffectual,2,2,0
badly_swollen,2,2,0
also_fraught,2,2,0
also_female,2,2,0
extremely_stingy,2,2,0
incredibly_distracting,2,2,0
astronomically_violent,2,0,2
even_articulate,2,2,0
indeed_wonderful,2,2,0
even_artsy,2,2,0
even_aspirational,2,2,0
barely_affordable,2,2,0
graphically_astounding,2,2,0
indeed_western,2,2,0
even_astonishing,2,1,1
comparatively_good,2,2,0
even_insipid,2,2,0
also_existent,2,2,0
graphically_attractive,2,2,0
incredibly_dirty,2,2,0
even_insincere,2,2,0
even_attentive,2,2,0
indeed_visionary,2,2,0
completely_disagreeable,2,1,1
even_aromatic,2,2,0
comparatively_dry,2,2,0
even_argumentative,2,2,0
even_instructive,2,1,1
independently_great,2,2,0
even_appreciative,2,2,0
even_arab,2,2,0
even_arcane,2,2,0
even_architectural,2,2,0
also_sacrosanct,2,0,2
deliberately_ridiculous,2,2,0
incredibly_descriptive,2,2,0
incredibly_deserving,2,1,1
even_instant,2,2,0
even_arduous,2,2,0
incredibly_devious,2,2,0
independently_adjustable,2,2,0
extremely_surreal,2,1,1
indeed_violent,2,2,0
deliberately_open-ended,2,1,1
barely_accessible,2,2,0
also_faster,2,2,0
also_fanciful,2,2,0
graphically_gorgeous,2,2,0
even_bearish,2,2,0
incredibly_disruptive,2,2,0
also_fascinating,2,1,1
also_fast,2,2,0
incredibly_distinct,2,1,1
also_fat,2,2,0
indeed_valuable,2,2,0
incredibly_distinctive,2,1,1
even_bent,2,2,0
indeed_temporary,2,2,0
deliberately_mediocre,2,2,0
comparatively_inconsequential,2,2,0
indeed_symbolic,2,1,1
incredibly_distorted,2,1,1
indeed_truthful,2,2,0
even_barren,2,2,0
deliberately_murky,2,2,0
deliberately_negative,2,1,1
even_autobiographical,2,2,0
even_autonomous,2,2,0
extremely_strenuous,2,2,0
half_good,2,1,1
even_backward,2,2,0
indeed_unjust,2,0,2
even_baffling,2,2,0
extremely_grim,2,1,1
also_faithful,2,2,0
deliberately_obnoxious,2,2,0
indeed_unfolding,2,2,0
incredibly_dishonest,2,2,0
even_baroque,2,2,0
deliberately_negligent,2,2,0
athletically_gifted,2,2,0
extremely_skillful,2,2,0
half_blind,2,2,0
completely_disconcerting,2,0,2
even_immobile,2,2,0
extremely_scrupulous,2,2,0
completely_dependable,2,2,0
gravely_reprehensible,2,2,0
also_handmade,2,2,0
authentically_inspiring,2,1,1
even_cohesive,2,2,0
authentically_italian,2,2,0
indeed_magical,2,1,1
deliberately_confrontational,2,1,1
extremely_sceptical,2,2,0
gravely_sick,2,2,0
authentically_japanese,2,1,1
also_relaxed,2,2,0
also_hazardous,2,2,0
deliberately_clueless,2,2,0
comparatively_young,2,2,0
even_coastal,2,2,0
comparatively_wealthy,2,2,0
completely_detailed,2,2,0
indeed_misunderstood,2,2,0
also_renewable,2,2,0
badly_outdated,2,2,0
extremely_self-aware,2,2,0
comparatively_unknown,2,2,0
also_grim,2,2,0
even_cloying,2,2,0
indeed_moral,2,2,0
also_reminiscent,2,2,0
also_relentless,2,2,0
even_clumsy,2,2,0
even_clunky,2,2,0
even_impassioned,2,2,0
gravely_mistaken,2,2,0
deliberately_contrary,2,2,0
comparatively_weaker,2,2,0
indeed_mental,2,2,0
compellingly_attractive,2,1,1
extremely_savvy,2,2,0
deliberately_challenging,2,2,0
even_contrived,2,1,1
indeed_interchangeable,2,2,0
also_holy,2,2,0
even_contemptible,2,2,0
authentically_mexican,2,1,1
deeply_vicious,2,2,0
indeed_insensitive,2,2,0
incredibly_fancy,2,1,1
incredibly_far-fetched,2,2,0
deliberately_cautious,2,2,0
indeed_inevitable,2,2,0
deliberately_antagonistic,2,2,0
completely_delightful,2,0,2
also_humble,2,2,0
extremely_rudimentary,2,1,1
deliberately_amusing,2,2,0
deliberately_amiss,2,2,0
indeed_internal,2,2,0
also_historic,2,2,0
incredibly_faithful,2,2,0
extremely_honorable,2,1,1
even_communal,2,2,0
even_immersive,2,1,1
even_compulsory,2,2,0
gravely_traumatic,2,2,0
deeply_useful,2,1,1
indeed_literal,2,2,0
extremely_homophobic,2,2,0
badly_misleading,2,2,0
badly_misinformed,2,2,0
badly_misguided,2,2,0
even_consequential,2,2,0
indeed_keen,2,2,0
extremely_sarcastic,2,2,0
indeed_jewish,2,2,0
even_considerate,2,2,0
deliberately_crude,2,2,0
also_grateful,2,2,0
indeed_negative,2,2,0
authentically_curious,2,1,1
indeed_priceless,2,2,0
comparatively_smaller,2,0,2
indeed_predictable,2,2,0
indeed_precious,2,1,1
also_frustrating,2,2,0
indeed_positive,2,2,0
even_capitalist,2,2,0
completely_despicable,2,1,1
indeed_permanent,2,2,0
extremely_shortsighted,2,2,0
completely_descriptive,2,2,0
deliberately_divisive,2,2,0
even_inconspicuous,2,2,0
even_inconsequential,2,2,0
indeed_philosophical,2,2,0
even_careful,2,2,0
deliberately_enigmatic,2,2,0
badly_reminiscent,2,0,2
even_campy,2,2,0
gratuitously_offensive,2,2,0
badly_scared,2,2,0
deliberately_exploitative,2,2,0
extremely_situational,2,2,0
even_buoyant,2,1,1
even_burdensome,2,2,0
gratuitously_hurtful,2,1,1
comparatively_scarce,2,2,0
even_buttery,2,2,0
indeed_proper,2,2,0
deliberately_evil,2,1,1
comparatively_short-term,2,2,0
even_incurable,2,2,0
also_resentful,2,2,0
gratuitously_nasty,2,2,0
indeed_professional,2,2,0
even_catchy,2,2,0
indeed_perfect,2,2,0
extremely_hilly,2,2,0
even_circumspect,2,2,0
indeed_offensive,2,2,0
incredibly_excellent,2,2,0
gravely_contrary,2,2,0
deliberately_devoid,2,2,0
incredibly_exceptional,2,1,1
extremely_sensuous,2,1,1
extremely_sensual,2,2,0
extremely_selfless,2,1,1
half_bad,2,2,0
even_circumstantial,2,2,0
even_classy,2,2,0
gravely_distressing,2,0,2
half_active,2,2,0
indeed_noble,2,2,0
deliberately_dangerous,2,2,0
completely_depressing,2,1,1
completely_derelict,2,2,0
indeed_offline,2,2,0
also_geometric,2,2,0
indeed_old,2,2,0
even_ceremonial,2,2,0
deliberately_distracting,2,2,0
deliberately_distorted,2,2,0
deliberately_disruptive,2,2,0
extremely_sheer,2,2,0
half_attractive,2,0,2
gravely_afraid,2,2,0
indeed_overwhelming,2,2,0
even_cheery,2,2,0
even_chewy,2,2,0
comparatively_tame,2,0,2
extremely_shabby,2,2,0
indeed_original,2,1,1
indeed_organic,2,2,0
indeed_open,2,2,0
even_apolitical,2,2,0
independently_related,2,2,0
also_humorous,2,2,0
astoundingly_familiar,2,0,2
deliciously_diabolical,2,0,2
even_joyous,2,2,0
extremely_understaffed,2,2,0
goddamn_funny,2,2,0
goddamn_great,2,2,0
even_jovial,2,2,0
incredibly_blunt,2,2,0
half_white,2,2,0
deeply_unattractive,2,1,1
commonly_black,2,2,0
extremely_uncomplicated,2,2,0
goddamn_incredible,2,2,0
completely_disposable,2,1,1
extremely_uncharacteristic,2,0,2
individually_small,2,2,0
barely_democratic,2,2,0
deliciously_dirty,2,2,0
even_jubilant,2,2,0
deliciously_campy,2,1,1
goddamn_cool,2,1,1
deeply_ugly,2,0,2
extremely_fluffy,2,2,0
ethnically_intolerant,2,2,0
inescapably_humorous,2,2,0
ethnically_italian,2,2,0
deliciously_erotic,2,2,0
deliciously_enjoyable,2,2,0
completely_distasteful,2,1,1
deeply_unappealing,2,0,2
also_disconcerting,2,1,1
barely_familiar,2,1,1
barely_evident,2,2,0
also_simplistic,2,2,0
deliciously_easy,2,2,0
extremely_underweight,2,2,0
ethnically_kurdish,2,2,0
even_jolly,2,2,0
incredibly_british,2,1,1
ethnically_specific,2,2,0
incredibly_central,2,1,1
also_diverse,2,1,1
individually_interesting,2,2,0
even_itchy,2,2,0
goddamn_serious,2,1,1
deliciously_comforting,2,0,2
deliciously_cold,2,1,1
even_abundant,2,2,0
incredibly_chaotic,2,2,0
individually_sensible,2,2,0
individually_excellent,2,2,0
even_irritated,2,2,0
incredibly_cheeky,2,2,0
extremely_frantic,2,2,0
also_serious,2,2,0
incredibly_chill,2,1,1
deeply_undesirable,2,2,0
deliciously_comic,2,1,1
even_abstract,2,2,0
deeply_undemocratic,2,1,1
also_disturbing,2,2,0
astoundingly_high,2,2,0
individually_rewarding,2,2,0
goddamn_nice,2,2,0
even_jaw-dropping,2,2,0
extremely_fragrant,2,2,0
barely_decent,2,2,0
goddamn_precious,2,2,0
individually_rational,2,2,0
incredibly_burdensome,2,2,0
commonly_evident,2,2,0
incredibly_bureaucratic,2,2,0
even_jaded,2,2,0
half_tragic,2,1,1
incredibly_candid,2,1,1
even_3d,2,2,0
inescapably_magical,2,0,2
commercially_unfeasible,2,2,0
also_direct,2,2,0
incredibly_ancient,2,1,1
extremely_unlikable,2,2,0
incredibly_allergic,2,2,0
also_deeper,2,2,0
incredibly_american,2,0,2
halfway_full,2,2,0
deeply_transformative,2,2,0
extremely_filthy,2,2,0
commercially_popular,2,2,0
halfway_convincing,2,0,2
inevitably_full,2,2,0
deliciously_indulgent,2,0,2
barely_indistinguishable,2,2,0
incredibly_annoyed,2,2,0
even_lawless,2,2,0
deeply_traumatizing,2,1,1
barely_imaginable,2,0,2
gloriously_successful,2,2,0
extremely_unnatural,2,2,0
extremely_fickle,2,2,0
even_leery,2,2,0
incredibly_advanced,2,2,0
even_lighthearted,2,2,0
even_libelous,2,2,0
also_deadly,2,2,0
extremely_unproductive,2,2,0
ethically_willing,2,2,0
gloriously_silly,2,2,0
deliciously_liberating,2,0,2
barely_interested,2,2,0
gloriously_slow,2,1,1
extremely_unorthodox,2,2,0
halfway_interested,2,1,1
also_decent,2,2,0
even_lesbian,2,2,0
incredibly_alarming,2,2,0
even_latin,2,1,1
inevitably_dead,2,2,0
even_junior,2,2,0
goddamn_busy,2,2,0
even_kind,2,2,0
commercially_sustainable,2,2,0
also_depressed,2,2,0
halfway_blind,2,2,0
extremely_uniform,2,2,0
deliciously_funny,2,2,0
also_single,2,2,0
deliciously_fragrant,2,2,0
completely_downloadable,2,2,0
also_detrimental,2,2,0
extremely_unfamiliar,2,2,0
halfway_believable,2,0,2
deliciously_flavorful,2,1,1
incredibly_believable,2,2,0
completely_dominant,2,1,1
also_devoid,2,2,0
even_kinky,2,2,0
inescapably_tragic,2,0,2
also_demanding,2,2,0
barely_funny,2,1,1
incredibly_articulate,2,2,0
incredibly_artistic,2,1,1
barely_higher,2,2,0
also_deliberate,2,2,0
extremely_flavorful,2,2,0
even_lasting,2,2,0
ethnically_distinct,2,2,0
deliciously_horrible,2,1,1
commercially_sterile,2,2,0
also_delightful,2,2,0
even_largest,2,2,0
incredibly_atypical,2,0,2
also_delusional,2,2,0
astoundingly_bad,2,2,0
completely_dominate,2,2,0
individually_distinct,2,2,0
individually_defensible,2,2,0
half_interested,2,1,1
indescribably_life-changing,2,1,1
even_intensive,2,2,0
extremely_gendered,2,1,1
indescribably_new,2,0,2
even_integrated,2,2,0
indescribably_magical,2,0,2
extremely_generic,2,1,1
incredibly_daft,2,2,0
deliberately_weak,2,2,0
incredibly_cuddly,2,2,0
indescribably_intense,2,0,2
half_off,2,2,0
incredibly_debilitating,2,2,0
incredibly_decadent,2,1,1
indescribably_horrible,2,0,2
even_agreeable,2,2,0
incredibly_dedicated,2,0,2
even_aghast,2,2,0
also_electrical,2,2,0
individually_customizable,2,2,0
extremely_futuristic,2,2,0
indescribably_weird,2,1,1
incredibly_courageous,2,1,1
indescribably_unique,2,0,2
also_safer,2,2,0
completely_discrete,2,2,0
also_dynamic,2,2,0
extremely_touching,2,2,0
even_intolerant,2,2,0
comparably_small,2,2,0
delicately_detailed,2,2,0
incredibly_critical,2,2,0
extremely_tiresome,2,2,0
even_interdependent,2,2,0
delicately_balanced,2,2,0
incredibly_cryptic,2,1,1
even_afloat,2,2,0
also_endangered,2,2,0
barely_applicable,2,2,0
comparatively_benign,2,2,0
deliberately_stupid,2,2,0
completely_discreet,2,1,1
also_sadistic,2,2,0
indescribably_bad,2,1,1
indescribably_awesome,2,0,2
indescribably_amazing,2,0,2
even_anti-gay,2,2,0
astronomically_high,2,2,0
extremely_gloomy,2,2,0
indescribably_fresh,2,0,2
also_enough,2,2,0
astronomically_large,2,2,0
grammatically_possible,2,2,0
deliberately_sketchy,2,2,0
half_jewish,2,2,0
independently_successful,2,2,0
deliberately_shocking,2,1,1
even_anti-democratic,2,2,0
deliberately_uncomfortable,2,2,0
also_enjoyable,2,2,0
deliberately_uncooperative,2,1,1
even_alike,2,2,0
even_alluring,2,2,0
grammatically_complex,2,1,1
even_ambitious,2,2,0
extremely_territorial,2,2,0
indescribably_delicious,2,1,1
comparatively_busy,2,2,0
incredibly_delightful,2,2,0
extremely_tempting,2,2,0
deliberately_unfair,2,2,0
indescribably_creepy,2,0,2
extremely_temporary,2,2,0
comparatively_cheap,2,2,0
extremely_tasteful,2,2,0
also_enforceable,2,2,0
also_salient,2,2,0
even_intriguing,2,2,0
indirectly_active,2,2,0
gorgeously_detailed,2,2,0
extremely_frigid,2,2,0
even_actionable,2,2,0
incredibly_commonplace,2,1,1
individually_accountable,2,2,0
even_invincible,2,2,0
indisputably_wrong,2,1,1
incredibly_compact,2,2,0
commonly_unknown,2,2,0
gorgeously_imperfect,2,2,0
extremely_fruitful,2,2,0
even_adaptive,2,2,0
deeply_unimpressed,2,2,0
incredibly_competent,2,2,0
astoundingly_positive,2,2,0
extremely_fulfilling,2,1,1
barely_believable,2,2,0
astoundingly_naive,2,1,1
incredibly_colorful,2,2,0
half_scared,2,1,1
half_sick,2,2,0
also_separate,2,2,0
individually_controllable,2,2,0
extremely_unappealing,2,2,0
deeply_unfamiliar,2,1,1
also_sentimental,2,2,0
deeply_unflattering,2,1,1
half_successful,2,2,0
individually_best,2,2,0
gorgeously_alive,2,0,2
individually_beautiful,2,2,0
half_strong,2,2,0
even_irresistible,2,2,0
incredibly_clunky,2,2,0
extremely_free,2,2,0
deliciously_bad,2,1,1
extremely_ubiquitous,2,2,0
comparably_bright,2,0,2
indirectly_adverse,2,2,0
astoundingly_simple,2,0,2
indirectly_proportional,2,2,0
indirectly_political,2,2,0
indirectly_observable,2,2,0
incredibly_contemporary,2,1,1
indirectly_liable,2,2,0
extremely_trendy,2,2,0
indirectly_interested,2,2,0
gorgeously_seductive,2,2,0
deliciously_absurd,2,2,0
comparably_good,2,2,0
indirectly_dependent,2,2,0
extremely_futile,2,2,0
also_durable,2,2,0
incredibly_convincing,2,2,0
extremely_tragic,2,1,1
incredibly_cosmopolitan,2,2,0
indirectly_relevant,2,2,0
deeply_unjust,2,1,1
incredibly_considerate,2,2,0
incredibly_conservative,2,2,0
incredibly_comprehensive,2,2,0
extremely_turbulent,2,2,0
even_adept,2,2,0
indisputably_grand,2,0,2
even_adjacent,2,2,0
indisputably_good,2,1,1
extremely_fundamental,2,1,1
deeply_uninspired,2,1,1
incredibly_confidential,2,2,0
barely_bearable,2,2,0
astoundingly_similar,2,1,1
deeply_unique,2,0,2
barely_average,2,2,0
incredibly_conscious,2,2,0
also_satisfying,2,2,0
authentically_personal,2,1,1
indeed_impressed,2,2,0
even_limited,2,2,0
awfully_quick,2,2,0
awfully_rude,2,1,1
incredibly_somber,2,1,1
awfully_rotten,2,2,0
extremely_irate,2,2,0
awfully_restrictive,2,2,0
even_erudite,2,2,0
even_esoteric,2,2,0
away_ready,2,2,0
grossly_bigoted,2,1,1
even_greener,2,2,0
incredibly_intentional,2,2,0
incredibly_skinny,2,2,0
incredibly_skillful,2,2,0
incredibly_skeptical,2,2,0
grossly_complicit,2,2,0
incredibly_simplistic,2,2,0
incredibly_sorry,2,2,0
incredibly_insignificant,2,0,2
completely_campy,2,2,0
definitely_magical,2,0,2
awfully_short,2,2,0
also_natural,2,2,0
completely_beholden,2,2,0
grossly_amiss,2,1,1
extremely_inviting,2,1,1
even_enlightened,2,2,0
completely_beneficial,2,1,1
even_enthralling,2,2,0
incredibly_insane,2,0,2
grossly_superstitious,2,2,0
incredibly_innocent,2,0,2
incredibly_spiritual,2,0,2
incredibly_spectacular,2,2,0
incredibly_specialized,2,2,0
awfully_savvy,2,2,0
incredibly_spacious,2,2,0
incredibly_intoxicating,2,1,1
incredibly_shortsighted,2,2,0
incredibly_short-sighted,2,2,0
also_portable,2,2,0
grossly_reckless,2,2,0
extremely_off-putting,2,1,1
completely_cooperative,2,2,0
even_evident,2,2,0
awesomely_awful,2,2,0
incredibly_secret,2,0,2
also_notorious,2,2,0
definitely_absent,2,2,0
awfully_prescient,2,2,0
even_graceful,2,2,0
also_nude,2,2,0
incredibly_knowledgable,2,2,0
incredibly_labor-intensive,2,2,0
definitely_impressed,2,2,0
incredibly_laborious,2,2,0
definitely_illegal,2,1,1
incredibly_self-destructive,2,0,2
definitely_intentional,2,2,0
extremely_irresponsible,2,2,0
awfully_odd,2,0,2
incredibly_shaky,2,2,0
incredibly_intrusive,2,2,0
awfully_powerful,2,1,1
extremely_onerous,2,2,0
incredibly_separate,2,1,1
incredibly_sentimental,2,1,1
grossly_demeaning,2,2,0
incredibly_involved,2,2,0
incredibly_ironic,2,1,1
incredibly_selfless,2,0,2
incredibly_self-sufficient,2,2,0
extremely_ominous,2,1,1
awesomely_adorable,2,1,1
grossly_sexist,2,1,1
awfully_ordinary,2,2,0
awfully_sick,2,2,0
incredibly_stiff,2,2,0
even_engaging,2,2,0
incredibly_tasteless,2,0,2
incredibly_implausible,2,2,0
even_elated,2,2,0
incredibly_impractical,2,2,0
grossly_understaffed,2,2,0
also_minor,2,2,0
also_misunderstood,2,2,0
also_mobile,2,1,1
definitely_pink,2,2,0
also_most,2,2,0
incredibly_tantalizing,2,1,1
extremely_perverse,2,1,1
completely_average,2,1,1
also_moderate,2,2,0
extremely_persuasive,2,2,0
even_hairless,2,2,0
extremely_persistent,2,2,0
incredibly_territorial,2,2,0
grimly_hilarious,2,2,0
incredibly_thorough,2,1,1
definitely_pleased,2,2,0
awfully_weak,2,2,0
completely_autobiographical,2,1,1
incredibly_troubling,2,1,1
incredibly_trivial,2,1,1
incredibly_tricky,2,2,0
grossly_unfit,2,1,1
also_mental,2,2,0
even_eerie,2,2,0
incredibly_tiring,2,2,0
even_effectual,2,2,0
grimly_fascinating,2,1,1
defiantly_hopeful,2,2,0
incredibly_timely,2,1,1
extremely_instrumental,2,2,0
incredibly_tidy,2,2,0
awfully_technical,2,2,0
completely_awe,2,1,1
also_native,2,2,0
extremely_oversold,2,2,0
grimly_realistic,2,0,2
even_groovy,2,1,1
incredibly_substantial,2,1,1
automatically_worth,2,2,0
grossly_unconstitutional,2,2,0
grimly_satisfying,2,1,1
completely_crispy,2,2,0
incredibly_infectious,2,1,1
incredibly_inconsistent,2,2,0
also_national,2,2,0
completely_barren,2,2,0
awfully_slow,2,2,0
incredibly_inflammatory,2,1,1
away_free,2,1,1
extremely_outrageous,2,1,1
incredibly_ingenious,2,2,0
grimly_real,2,2,0
even_encouraged,2,1,1
incredibly_sudden,2,2,0
also_preferable,2,2,0
even_employable,2,2,0
incredibly_inconvenient,2,2,0
even_enchanting,2,2,0
defiantly_informal,2,2,0
extremely_intentional,2,2,0
even_gullible,2,2,0
awfully_stupid,2,1,1
definitely_open,2,1,1
definitely_older,2,2,0
also_mysterious,2,2,0
automatically_worse,2,2,0
also_pregnant,2,2,0
incredibly_independent,2,2,0
definitely_obvious,2,2,0
extremely_partisan,2,2,0
awfully_lucky,2,2,0
even_exhausting,2,2,0
awfully_weird,2,1,1
also_persistent,2,2,0
incredibly_mean,2,2,0
incredibly_particular,2,1,1
even_floral,2,2,0
definitely_deserving,2,2,0
completely_collaborative,2,2,0
incredibly_paranoid,2,2,0
incredibly_overpriced,2,2,0
incredibly_outstanding,2,1,1
awfully_critical,2,2,0
incredibly_outgoing,2,2,0
incredibly_ornate,2,2,0
incredibly_organic,2,0,2
even_gaudy,2,2,0
even_galling,2,0,2
even_fluffy,2,2,0
also_own,2,2,0
also_overwhelming,2,2,0
incredibly_perfect,2,2,0
completely_carefree,2,0,2
incredibly_plain,2,1,1
extremely_leftist,2,2,0
definitely_disappointed,2,2,0
incredibly_portable,2,2,0
incredibly_pompous,2,1,1
incredibly_marketable,2,2,0
extremely_meticulous,2,2,0
even_flaky,2,2,0
also_ours,2,2,0
awfully_cynical,2,1,1
even_flamboyant,2,2,0
incredibly_massive,2,0,2
extremely_methodical,2,2,0
definitely_aware,2,2,0
incredibly_personable,2,2,0
also_outspoken,2,2,0
incredibly_mature,2,2,0
definitely_curious,2,2,0
awfully_compelling,2,1,1
incredibly_obtuse,2,2,0
awfully_amiss,2,1,1
also_partial,2,2,0
incredibly_naughty,2,1,1
definitely_black,2,2,0
awesomely_satisfying,2,1,1
awfully_appealing,2,1,1
definitely_clean,2,2,0
extremely_lovely,2,1,1
incredibly_moving,2,1,1
extremely_manipulative,2,2,0
extremely_local,2,0,2
even_friendlier,2,2,0
incredibly_moist,2,2,0
completely_complicated,2,1,1
definitely_capable,2,2,0
even_frazzled,2,2,0
even_freaky,2,2,0
grossly_insulting,2,0,2
even_forthcoming,2,2,0
grossly_insensitive,2,1,1
definitely_compatible,2,2,0
definitely_counterintuitive,2,0,2
even_fruitless,2,2,0
definitely_correct,2,2,0
incredibly_mechanical,2,2,0
also_painful,2,2,0
awfully_busy,2,2,0
awfully_bright,2,1,1
incredibly_nourishing,2,1,1
awesomely_powerful,2,0,2
extremely_mad,2,2,0
incredibly_normal,2,2,0
grossly_inferior,2,2,0
even_frigid,2,2,0
incredibly_noisy,2,2,0
incredibly_noble,2,0,2
awfully_dull,2,2,0
even_fixable,2,1,1
even_finite,2,2,0
extremely_lame,2,2,0
also_obsolete,2,2,0
definitely_gay,2,2,0
grossly_outdated,2,2,0
awfully_high,2,2,0
grossly_false,2,2,0
even_faithful,2,2,0
incredibly_resourceful,2,2,0
even_glib,2,2,0
incredibly_low-cost,2,2,0
extremely_mysterious,2,0,2
awfully_happy,2,2,0
incredibly_repetitive,2,1,1
incredibly_local,2,1,1
incredibly_loud,2,2,0
awfully_generous,2,2,0
incredibly_reminiscent,2,1,1
grossly_overblown,2,2,0
completely_conservative,2,2,0
definitely_greater,2,2,0
extremely_newsworthy,2,1,1
incredibly_scandalous,2,1,1
even_golden,2,2,0
incredibly_sarcastic,2,1,1
awfully_kind,2,2,0
definitely_helpful,2,2,0
completely_casual,2,1,1
also_obsessed,2,1,1
completely_catastrophic,2,2,0
awfully_interesting,2,0,2
incredibly_lethal,2,2,0
definitely_harmful,2,2,0
grossly_overworked,2,2,0
incredibly_robust,2,2,0
awfully_inconsistent,2,0,2
definitely_handy,2,2,0
extremely_laudable,2,2,0
also_playful,2,2,0
incredibly_prepared,2,2,0
definitely_eligible,2,2,0
incredibly_mad,2,2,0
grossly_imperfect,2,2,0
incredibly_protective,2,2,0
awesomely_hilarious,2,1,1
definitely_equal,2,2,0
grossly_improbable,2,2,0
definitely_english,2,1,1
incredibly_primitive,2,0,2
even_farcical,2,2,0
even_giddy,2,1,1
extremely_lax,2,2,0
definitely_easy,2,2,0
incredibly_present,2,2,0
even_feverish,2,2,0
awfully_easy,2,2,0
definitely_dodgy,2,2,0
grossly_materialistic,2,2,0
grossly_illegal,2,1,1
extremely_moist,2,2,0
awfully_exciting,2,1,1
extremely_muddy,2,2,0
awfully_funny,2,0,2
awfully_fun,2,2,0
definitely_allergic,2,2,0
even_gleeful,2,2,0
definitely_fine,2,2,0
definitely_female,2,2,0
also_plain,2,1,1
completely_classic,2,1,1
extremely_muddled,2,2,0
incredibly_random,2,1,1
incredibly_racy,2,1,1
grossly_misguided,2,2,0
incredibly_lush,2,2,0
incredibly_quiet,2,2,0
incredibly_unattractive,2,2,0
grimly_entertaining,2,2,0
deliberately_abrasive,2,2,0
automatically_correct,2,2,0
extremely_imprecise,2,0,2
indeed_criminal,2,2,0
extremely_random,2,1,1
definitely_unusual,2,1,1
also_inferior,2,2,0
even_dense,2,2,0
also_infinite,2,2,0
definitely_unsettling,2,2,0
even_demoralizing,2,2,0
indeed_corrupt,2,2,0
definitely_unreal,2,2,0
incredibly_frugal,2,2,0
also_innovative,2,2,0
automatically_damned,2,2,0
extremely_pushy,2,2,0
even_despondent,2,2,0
grotesquely_swollen,2,2,0
even_humbling,2,2,0
completely_agnostic,2,1,1
definitely_willing,2,2,0
extremely_regular,2,2,0
indeed_disturbing,2,2,0
competitively_important,2,2,0
extremely_regrettable,2,1,1
indeed_distant,2,2,0
even_hungover,2,2,0
extremely_red,2,1,1
even_delighted,2,2,0
also_inexpensive,2,2,0
extremely_implausible,2,2,0
extremely_impoverished,2,2,0
incredibly_fragrant,2,2,0
extremely_reassuring,2,0,2
extremely_readable,2,2,0
competitively_sensitive,2,2,0
definitely_useless,2,2,0
indeed_confusing,2,2,0
incredibly_functional,2,1,1
indeed_conducive,2,2,0
even_disagreeable,2,2,0
badly_disappointed,2,2,0
greatly_rewarding,2,2,0
even_dignified,2,2,0
definitely_understandable,2,2,0
extremely_prosperous,2,2,0
even_dim,2,2,0
even_diminutive,2,2,0
indeed_brilliant,2,2,0
indeed_concise,2,2,0
completely_aggressive,2,0,2
incredibly_glad,2,2,0
indeed_boring,2,2,0
greatly_satisfied,2,2,0
indeed_blue,2,2,0
indeed_black,2,2,0
indeed_bisexual,2,2,0
completely_aesthetic,2,2,0
automatically_evil,2,2,0
indeed_christian,2,2,0
even_deviant,2,2,0
greatly_popular,2,2,0
even_human-like,2,2,0
incredibly_fussy,2,2,0
even_destitute,2,2,0
indeed_complete,2,2,0
also_integral,2,2,0
incredibly_futile,2,0,2
incredibly_galling,2,0,2
also_intelligent,2,2,0
also_intense,2,2,0
indeed_coherent,2,2,0
completely_adequate,2,2,0
also_interactive,2,2,0
indeed_close,2,2,0
completely_adrift,2,2,0
extremely_relieved,2,2,0
also_ineffective,2,2,0
indeed_dry,2,2,0
even_crunchy,2,2,0
even_crooked,2,2,0
indeed_healthy,2,1,1
deeply_wary,2,2,0
even_crowded,2,2,0
extremely_ripe,2,2,0
indeed_greener,2,2,0
compellingly_readable,2,2,0
even_cryptic,2,2,0
extremely_revolutionary,2,1,1
even_crystal,2,2,0
compellingly_real,2,2,0
even_illuminating,2,2,0
even_customary,2,2,0
indeed_gay,2,2,0
extremely_humbled,2,2,0
definitively_right,2,1,1
incredibly_few,2,2,0
indeed_heroic,2,2,0
indeed_high,2,2,0
indeed_higher,2,2,0
extremely_rocky,2,2,0
also_iconic,2,2,0
also_ideological,2,2,0
indeed_ignorant,2,2,0
even_cozy,2,2,0
indeed_identical,2,2,0
indeed_iconic,2,2,0
greatly_appreciative,2,2,0
incredibly_feminine,2,0,2
indeed_hostile,2,2,0
indeed_horrific,2,2,0
indeed_horrible,2,2,0
even_cranky,2,2,0
authentically_present,2,2,0
incredibly_fertile,2,2,0
extremely_rigid,2,2,0
even_damned,2,2,0
also_racist,2,2,0
even_definite,2,2,0
definitively_different,2,0,2
greatly_essential,2,2,0
authentically_vintage,2,2,0
indeed_european,2,2,0
extremely_immature,2,2,0
even_hypnotic,2,2,0
completely_defective,2,2,0
automatically_able,2,2,0
even_danceable,2,2,0
extremely_immoral,2,1,1
even_hyper,2,2,0
extremely_reminiscent,2,2,0
incredibly_fond,2,2,0
indeed_effective,2,2,0
definitely_worthwhile,2,2,0
indeed_eager,2,2,0
completely_defensive,2,2,0
extremely_reputable,2,2,0
indeed_extraordinary,2,2,0
extremely_resilient,2,2,0
greatly_dependent,2,2,0
badly_irrelevant,2,2,0
completely_defunct,2,2,0
authentically_scary,2,1,1
extremely_hurtful,2,2,0
also_impractical,2,2,0
indeed_fishy,2,2,0
extremely_responsible,2,2,0
also_impulsive,2,2,0
incredibly_fishy,2,1,1
indeed_fatal,2,2,0
also_inaccessible,2,2,0
extremely_idiotic,2,1,1
also_reasonable,2,2,0
also_inappropriate,2,2,0
extremely_prone,2,2,0
indeed_bigger,2,2,0
awfully_wonderful,2,0,2
incredibly_humbled,2,2,0
automatically_ready,2,2,0
definitely_sad,2,2,0
incredibly_urgent,2,0,2
back_available,2,2,0
even_heartbroken,2,2,0
incredibly_uplifting,2,1,1
back_active,2,2,0
even_dreadful,2,2,0
incredibly_homogenous,2,1,1
even_dreary,2,2,0
even_dressy,2,2,0
extremely_ingenious,2,2,0
completely_armed,2,2,0
even_hardy,2,2,0
extremely_prejudicial,2,2,0
extremely_pregnant,2,2,0
incredibly_horrifying,2,0,2
incredibly_vain,2,1,1
extremely_prohibitive,2,2,0
even_dormant,2,2,0
definitely_serious,2,1,1
also_like,2,2,0
incredibly_heroic,2,0,2
incredibly_visual,2,1,1
even_hectic,2,2,0
also_live,2,2,0
even_dorky,2,1,1
defensively_strong,2,2,0
even_hearty,2,2,0
incredibly_vile,2,0,2
incredibly_vigilant,2,2,0
even_dour,2,1,1
incredibly_vexing,2,0,2
definitely_safe,2,2,0
also_lonely,2,2,0
extremely_inflexible,2,2,0
grotesquely_beautiful,2,2,0
incredibly_unreliable,2,2,0
also_privileged,2,2,0
incredibly_undisciplined,2,1,1
incredibly_unfortunate,2,1,1
automatically_suitable,2,2,0
incredibly_unexpected,2,0,2
awkwardly_close,2,1,1
definitely_queer,2,1,1
incredibly_illuminating,2,2,0
definitely_proud,2,2,0
incredibly_underwhelming,2,2,0
definitely_relevant,2,2,0
incredibly_underrated,2,2,0
also_meaningless,2,2,0
extremely_inscrutable,2,2,0
definitely_pregnant,2,2,0
extremely_insensitive,2,1,1
incredibly_uncertain,2,2,0
automatically_unfair,2,2,0
even_ecological,2,2,0
even_eclectic,2,2,0
incredibly_unhelpful,2,2,0
completely_audible,2,2,0
incredibly_hypocritical,2,2,0
completely_ashamed,2,2,0
incredibly_unprofessional,2,2,0
also_private,2,2,0
also_loyal,2,2,0
grotesquely_bad,2,1,1
incredibly_idiotic,2,0,2
even_dusty,2,2,0
extremely_playful,2,2,0
completely_attainable,2,0,2
incredibly_unnerving,2,2,0
incredibly_illegal,2,0,2
even_easiest,2,2,0
extremely_plausible,2,2,0
also_magical,2,2,0
incredibly_heartfelt,2,2,0
extremely_inexperienced,2,2,0
grimly_absurd,2,0,2
incredibly_gratified,2,2,0
even_disorganized,2,2,0
greatly_terrible,2,2,0
indeed_antithetical,2,2,0
badly_askew,2,2,0
even_homogeneous,2,2,0
definitely_suspect,2,2,0
also_irrational,2,2,0
even_disorienting,2,2,0
definitely_superior,2,2,0
indeed_american,2,2,0
definitely_surprised,2,2,0
definitely_sure,2,2,0
also_psychic,2,2,0
indeed_alien,2,2,0
indeed_alarming,2,2,0
definitely_supportive,2,2,0
completely_alternative,2,1,1
incredibly_graceful,2,0,2
completely_aloof,2,2,0
incredibly_goofy,2,2,0
completely_agreeable,2,2,0
indeed_awful,2,2,0
indeed_authentic,2,1,1
incredibly_good-looking,2,2,0
completely_alive,2,2,0
completely_allergic,2,2,0
indeed_atrocious,2,2,0
extremely_proactive,2,2,0
even_disillusioned,2,2,0
indeed_askew,2,2,0
even_dismal,2,2,0
greatly_superior,2,2,0
also_invisible,2,2,0
indeed_armed,2,2,0
extremely_inclusive,2,2,0
indeed_aggressive,2,2,0
incredibly_grey,2,2,0
completely_daft,2,1,1
definitely_slower,2,2,0
also_lacking,2,2,0
incredibly_worthy,2,2,0
back_nice,2,2,0
incredibly_worthwhile,2,1,1
incredibly_wordy,2,2,0
back_lit,2,2,0
incredibly_willing,2,2,0
also_legal,2,2,0
completely_amiss,2,2,0
even_hideous,2,2,0
automatically_moral,2,2,0
incredibly_wicked,2,0,2
incredibly_wholesome,2,1,1
also_protective,2,2,0
extremely_industrious,2,2,0
incredibly_weighty,2,1,1
also_knowledgeable,2,2,0
back_ready,2,2,0
incredibly_gruesome,2,2,0
back_refreshed,2,2,0
even_holistic,2,2,0
even_dispiriting,2,2,0
even_hip,2,1,1
definitely_stronger,2,1,1
completely_amusing,2,1,1
definitely_strong,2,2,0
indeed_acceptable,2,2,0
even_dissatisfied,2,2,0
even_hindu,2,2,0
indeed_absurd,2,1,1
even_dissimilar,2,2,0
incredibly_gross,2,0,2
extremely_indifferent,2,2,0
grotesquely_obese,2,2,0
incrementally_successful,2,2,0
gloriously_satisfying,2,1,1
completely_drastic,2,0,2
basically_uniform,2,2,0
also_vacant,2,2,0
innately_bad,2,2,0
improbably_lucky,2,2,0
as_touristy,2,2,0
especially_vocal,2,2,0
as_trans,2,1,1
geographically_inaccessible,2,2,0
even_programmable,2,2,0
deeply_intellectual,2,0,2
innately_better,2,2,0
deeply_interdependent,2,2,0
basically_incompetent,2,2,0
also_useless,2,2,0
as_transformational,2,2,0
geographically_local,2,2,0
deeply_internal,2,1,1
especially_wise,2,2,0
especially_violent,2,2,0
especially_vile,2,0,2
essentially_beautiful,2,0,2
innately_confident,2,1,1
even_prospective,2,2,0
delightfully_uncomfortable,2,2,0
innately_different,2,1,1
closely_concerned,2,1,1
innately_defective,2,1,1
already_reliant,2,2,0
innately_conservative,2,0,2
even_proprietary,2,2,0
extremely_customizable,2,2,0
geographically_exclusive,2,2,0
innately_clumsy,2,2,0
even_proportional,2,2,0
faintly_magical,2,0,2
already_resistant,2,2,0
closely_important,2,1,1
even_prophetic,2,2,0
especially_witty,2,1,1
initially_unrecognizable,2,1,1
deeply_intoxicating,2,0,2
essentially_automatic,2,2,0
already_set,2,2,0
deeply_invasive,2,2,0
in_tight,2,2,0
even_pricey,2,2,0
already_silent,2,2,0
already_similar,2,2,0
essentially_autobiographical,2,2,0
initially_sensitive,2,2,0
initially_unnoticed,2,2,0
as_tumultuous,2,1,1
hardly_true,2,2,0
initially_scared,2,2,0
basically_inaccessible,2,2,0
extremely_damning,2,1,1
as_tyrannical,2,2,0
as_un-american,2,0,2
cognitively_clear,2,0,2
even_prickly,2,2,0
already_self-sufficient,2,2,0
essentially_african,2,1,1
as_traumatizing,2,2,0
especially_worried,2,2,0
especially_worrisome,2,2,0
as_tremendous,2,1,1
initially_unhappy,2,2,0
hardly_useful,2,1,1
especially_worthwhile,2,1,1
even_prime,2,2,0
especially_young,2,1,1
geographically_related,2,2,0
even_primal,2,0,2
deeply_intrusive,2,1,1
initially_unable,2,2,0
cognitively_capable,2,2,0
deeply_intuitive,2,1,1
also_viewable,2,2,0
already_redundant,2,2,0
especially_unusual,2,2,0
especially_tiny,2,1,1
delightfully_whimsical,2,1,1
impressively_technical,2,2,0
delightfully_warm,2,2,0
even_quotable,2,2,0
especially_thick,2,2,0
especially_threatening,2,2,0
impressively_tight,2,2,0
especially_topical,2,2,0
especially_traumatic,2,0,2
completely_foul,2,1,1
already_political,2,2,0
already_positive,2,2,0
completely_forthcoming,2,2,0
already_powerful,2,2,0
innately_male,2,1,1
innately_magical,2,0,2
especially_tedious,2,1,1
innately_powerful,2,0,2
genuinely_worthy,2,1,1
clinically_stable,2,2,0
especially_strenuous,2,1,1
harshly_satirical,2,2,0
genuinely_vicious,2,0,2
clinically_related,2,2,0
deeply_incomplete,2,2,0
as_swift,2,1,1
also_wild,2,2,0
even_rabid,2,2,0
impressively_tall,2,2,0
deeply_incongruous,2,0,2
also_wide,2,2,0
basically_lazy,2,2,0
also_wet,2,2,0
especially_sympathetic,2,2,0
extremely_crunchy,2,1,1
especially_toxic,2,1,1
delightfully_wacky,2,0,2
extremely_curly,2,2,0
also_vocal,2,2,0
especially_unnerving,2,0,2
faintly_patronizing,2,0,2
basically_insane,2,2,0
innately_healthy,2,0,2
as_tepid,2,2,0
even_puffy,2,2,0
geographically_dependent,2,2,0
deeply_inept,2,2,0
even_qualitative,2,2,0
even_psychic,2,2,0
innately_familiar,2,0,2
already_real,2,2,0
innately_exciting,2,0,2
as_threatening,2,2,0
basically_inevitable,2,2,0
completely_forgivable,2,2,0
innately_humorous,2,0,2
even_purposeful,2,2,0
deeply_individual,2,1,1
also_warm,2,1,1
innately_likable,2,0,2
faintly_preposterous,2,1,1
especially_uncanny,2,0,2
innately_lacking,2,0,2
already_prevalent,2,2,0
geographically_bigger,2,2,0
harshly_judgmental,2,2,0
already_problematic,2,1,1
also_washable,2,2,0
especially_unfair,2,2,0
delightfully_vague,2,1,1
especially_unhappy,2,2,0
as_tense,2,2,0
already_proof,2,2,0
especially_unhealthy,2,0,2
even_prescient,2,2,0
hardly_sufficient,2,2,0
especially_stoic,2,0,2
essentially_flawed,2,1,1
as_unfathomable,2,0,2
completely_fearless,2,1,1
essentially_feminine,2,0,2
extremely_delinquent,2,2,0
incomparably_larger,2,2,0
already_terrible,2,2,0
also_unlimited,2,2,0
inherently_unusual,2,0,2
already_sympathetic,2,2,0
essentially_foreign,2,0,2
even_platonic,2,2,0
basically_great,2,2,0
as_unforeseen,2,2,0
inherently_unsatisfying,2,0,2
even_picturesque,2,2,0
delightfully_satisfying,2,1,1
as_unequal,2,1,1
hardly_ordinary,2,2,0
faintly_embarrassing,2,1,1
inherently_wholesome,2,0,2
glaringly_bad,2,1,1
essentially_empty,2,2,0
initially_able,2,2,0
already_sure,2,1,1
inappropriately_zealous,2,2,0
coldly_factual,2,2,0
inherently_wicked,2,1,1
even_populist,2,2,0
inherently_volatile,2,1,1
inherently_whimsical,2,0,2
also_unpopular,2,2,0
inherently_warm,2,0,2
extremely_deliberate,2,2,0
basically_happy,2,2,0
extremely_delightful,2,2,0
hardly_passable,2,2,0
also_uninsured,2,2,0
as_unforgivable,2,1,1
inherently_unpleasant,2,0,2
collectively_aware,2,2,0
also_unfortunate,2,2,0
already_tipsy,2,2,0
inherently_tricky,2,0,2
even_perfunctory,2,2,0
essentially_impersonal,2,0,2
as_unimaginative,2,0,2
inherently_transactional,2,1,1
inherently_thrilling,2,0,2
as_unforgiving,2,2,0
increasingly_aggressive,2,2,0
hardly_inferior,2,2,0
as_uninspired,2,2,0
as_uninterested,2,1,1
inherently_subversive,2,2,0
as_unknowable,2,1,1
inherently_stylish,2,1,1
inherently_ugly,2,0,2
delightfully_retro,2,2,0
deeply_memorable,2,0,2
inherently_unacceptable,2,2,0
inherently_unlikeable,2,1,1
inherently_uninteresting,2,2,0
as_ungrateful,2,1,1
coldly_sarcastic,2,2,0
inherently_unfamiliar,2,2,0
even_perplexing,2,2,0
basically_full,2,2,0
hardly_less,2,0,2
inherently_undesirable,2,0,2
glaringly_missing,2,0,2
even_peripheral,2,2,0
incomparably_unique,2,2,0
also_unhealthy,2,2,0
as_unhelpful,2,1,1
glaringly_negative,2,1,1
initially_afraid,2,2,0
also_unqualified,2,2,0
initially_amenable,2,2,0
as_uncanny,2,1,1
completely_fit,2,2,0
even_predisposed,2,2,0
deeply_kind,2,1,1
inappropriately_emotional,2,2,0
as_unbiased,2,1,1
geologically_instantaneous,2,2,0
essentially_clueless,2,2,0
essentially_collective,2,1,1
essentially_concerned,2,2,0
cognitively_weak,2,2,0
already_soft,2,1,1
as_unchanged,2,2,0
inappropriately_hilarious,2,1,1
inappropriately_intimate,2,2,0
essentially_comparable,2,2,0
initially_happy,2,2,0
as_unbalanced,2,0,2
even_premium,2,2,0
initially_mistaken,2,2,0
already_skittish,2,1,1
essentially_benign,2,2,0
faintly_embarrassed,2,2,0
faintly_disturbing,2,2,0
initially_pleasurable,2,1,1
extremely_damp,2,2,0
deeply_jarring,2,0,2
essentially_british,2,0,2
already_single,2,2,0
delightfully_tacky,2,1,1
as_unassuming,2,2,0
inappropriately_casual,2,2,0
initially_off-putting,2,1,1
also_unsuccessful,2,2,0
also_unstable,2,2,0
deeply_jewish,2,0,2
essentially_compatible,2,2,0
as_unclear,2,2,0
inappropriately_suggestive,2,1,1
already_steady,2,0,2
as_unconstitutional,2,1,1
deeply_local,2,1,1
as_unconvincing,2,1,1
inappropriately_sexual,2,2,0
faintly_comic,2,0,2
initially_controversial,2,2,0
initially_confused,2,2,0
coldly_distant,2,2,0
essentially_conservative,2,2,0
essentially_distinct,2,0,2
completely_feral,2,1,1
as_undeniable,2,1,1
glaringly_apparent,2,2,0
initially_available,2,2,0
initially_attractive,2,1,1
already_suitable,2,2,0
even_powerless,2,2,0
extremely_dedicated,2,2,0
essentially_dependent,2,2,0
faintly_contemptuous,2,1,1
already_special,2,1,1
basically_humanoid,2,2,0
basically_hostile,2,1,1
inappropriately_invasive,2,2,0
even_preachy,2,2,0
essentially_cosmetic,2,2,0
deeply_lazy,2,2,0
basically_hopeless,2,2,0
delightfully_strange,2,2,0
inappropriately_normal,2,2,0
essentially_decorative,2,0,2
basically_honest,2,2,0
as_unconditional,2,2,0
as_unconscionable,2,1,1
essentially_defunct,2,2,0
already_overworked,2,2,0
as_sweeping,2,1,1
factually_flawed,2,2,0
already_green,2,2,0
insanely_tough,2,2,0
even_riveting,2,2,0
already_funny,2,1,1
basically_straight,2,2,0
as_snowy,2,2,0
insanely_tasty,2,2,0
already_gray,2,2,0
insanely_tall,2,2,0
cleverly_detailed,2,2,0
as_sombre,2,1,1
altogether_alien,2,0,2
insanely_surreal,2,2,0
as_sound,2,2,0
as_spare,2,2,0
fairly_articulate,2,2,0
as_sparkly,2,2,0
completely_golden,2,1,1
genuinely_substantial,2,0,2
especially_open,2,2,0
insanely_valuable,2,1,1
as_sly,2,1,1
demonstrably_ineffective,2,2,0
as_smelly,2,2,0
as_snappy,2,2,0
especially_messy,2,1,1
heartbreakingly_endearing,2,1,1
especially_mindful,2,2,0
insanely_unreasonable,2,2,0
already_frail,2,2,0
even_robust,2,2,0
demonstrably_incorrect,2,2,0
insanely_uncomfortable,2,2,0
as_snarky,2,0,2
demonstrably_inconsistent,2,2,0
especially_modern,2,0,2
demonstrably_incompetent,2,2,0
completely_gluten-free,2,2,0
basically_single,2,2,0
already_heavy,2,2,0
impressively_imaginative,2,2,0
basically_selfish,2,1,1
already_idle,2,2,0
genuinely_sustainable,2,0,2
genuinely_symbolic,2,0,2
demonstrably_different,2,1,1
genuinely_sympathetic,2,2,0
especially_odious,2,0,2
as_spooky,2,1,1
especially_nervous,2,2,0
insanely_overpriced,2,2,0
insanely_optimistic,2,2,0
completely_fuzzy,2,2,0
deeply_heartbreaking,2,0,2
as_spot-on,2,2,0
as_square,2,1,1
insanely_nutritious,2,1,1
demonstrably_effective,2,2,0
even_rigorous,2,2,0
insanely_reassuring,2,0,2
cleverly_ironic,2,1,1
insanely_small,2,1,1
already_hip,2,2,0
especially_new,2,1,1
especially_newsworthy,2,1,1
genuinely_supportive,2,1,1
even_ripe,2,2,0
alternately_red,2,2,0
especially_normal,2,2,0
already_hostile,2,2,0
demonstrably_farcical,2,2,0
insanely_ridiculous,2,1,1
already_huge,2,2,0
especially_noxious,2,0,2
deeply_grotesque,2,0,2
extremely_confidential,2,2,0
deeply_fond,2,2,0
genuinely_strange,2,1,1
especially_many,2,0,2
especially_insidious,2,1,1
demonstrably_unfit,2,2,0
as_shadowy,2,2,0
even_ruinous,2,2,0
especially_innovative,2,2,0
basically_unavoidable,2,1,1
as_shameless,2,0,2
demonstrably_unable,2,2,0
especially_insightful,2,1,1
especially_irksome,2,2,0
clearly_vindictive,2,2,0
instantly_fresh,2,1,1
instantly_fatal,2,2,0
especially_intelligent,2,1,1
especially_intimate,2,1,1
even_rudimentary,2,2,0
basically_unattainable,2,2,0
instantly_illuminating,2,2,0
heartbreakingly_real,2,2,0
genuinely_significant,2,2,0
clearly_useful,2,2,0
already_due,2,2,0
as_sentient,2,2,0
especially_inappropriate,2,2,0
deeply_excellent,2,2,0
basically_unhappy,2,2,0
instantly_lovable,2,2,0
fairly_bleak,2,1,1
even_sanitary,2,2,0
as_serviceable,2,1,1
even_sandy,2,2,0
basically_unemployed,2,2,0
as_sexual,2,2,0
already_effective,2,2,0
fairly_bewildered,2,2,0
instantly_inspiring,2,1,1
instantly_enjoyable,2,2,0
demonstrably_superior,2,2,0
heartbreakingly_honest,2,2,0
especially_low,2,2,0
fairly_awesome,2,1,1
especially_liberal,2,1,1
especially_likable,2,2,0
fairly_autonomous,2,1,1
especially_long,2,2,0
fairly_authentic,2,1,1
especially_lovable,2,2,0
as_skittish,2,0,2
as_short-lived,2,2,0
deeply_flattered,2,2,0
fairly_atypical,2,0,2
as_sleepy,2,2,0
fairly_attainable,2,1,1
as_slutty,2,1,1
deeply_flavorful,2,2,0
heartbreakingly_human,2,1,1
instantly_apparent,2,2,0
impressively_entertaining,2,1,1
especially_late,2,2,0
instantly_attractive,2,1,1
instantly_different,2,2,0
even_royal,2,2,0
as_showy,2,0,2
instantly_dead,2,2,0
heartbreakingly_painful,2,2,0
instantly_curious,2,2,0
deeply_false,2,0,2
especially_juicy,2,0,2
instantly_compelling,2,1,1
instantly_comfortable,2,1,1
especially_kind,2,2,0
especially_kinky,2,0,2
as_single,2,2,0
fairly_banal,2,1,1
instantly_aware,2,2,0
already_implicit,2,2,0
especially_ornate,2,2,0
as_suspect,2,2,0
as_stunned,2,2,0
basically_obsolete,2,2,0
as_striking,2,2,0
basically_nonsense,2,2,0
deeply_imbalanced,2,0,2
deeply_immature,2,2,0
genuinely_unpleasant,2,2,0
especially_scared,2,2,0
extremely_courageous,2,2,0
genuinely_unforgettable,2,0,2
basically_nice,2,2,0
impressively_progressive,2,2,0
as_subservient,2,2,0
impressively_quick,2,2,0
deeply_immersive,2,1,1
also_wonderful,2,2,0
faintly_sinister,2,1,1
hauntingly_ethereal,2,1,1
deeply_illegitimate,2,0,2
as_staggering,2,2,0
hauntingly_gorgeous,2,2,0
especially_remote,2,2,0
already_lower,2,2,0
insanely_attractive,2,1,1
especially_repulsive,2,1,1
especially_resistant,2,2,0
deeply_hypothetical,2,2,0
especially_resonant,2,1,1
especially_ridiculous,2,1,1
deeply_ill-advised,2,1,1
extremely_convincing,2,2,0
especially_rigorous,2,2,0
extremely_corny,2,2,0
impressively_precise,2,2,0
genuinely_unforeseen,2,0,2
insanely_addicting,2,1,1
extremely_correct,2,1,1
genuinely_unprecedented,2,0,2
as_succulent,2,2,0
completely_friendly,2,2,0
innately_suspicious,2,2,0
already_obtainable,2,2,0
already_offline,2,2,0
already_ok,2,2,0
deeply_inappropriate,2,2,0
as_supple,2,2,0
innately_terrifying,2,0,2
also_wireless,2,2,0
extremely_creamy,2,2,0
deeply_implausible,2,2,0
innately_superior,2,1,1
especially_spooky,2,0,2
impressively_strong,2,2,0
already_out,2,2,0
already_outraged,2,0,2
especially_startling,2,2,0
innately_spiritual,2,0,2
especially_spectacular,2,1,1
already_observable,2,2,0
genuinely_unwell,2,2,0
already_nude,2,1,1
already_moist,2,2,0
basically_miserable,2,2,0
genuinely_unsure,2,2,0
inordinately_complex,2,1,1
clinically_overweight,2,2,0
especially_smart,2,2,0
extremely_cranky,2,2,0
clinically_paranoid,2,2,0
inordinately_beautiful,2,2,0
deeply_impoverished,2,2,0
especially_soft,2,2,0
impressively_self-aware,2,2,0
even_racy,2,2,0
deeply_inadequate,2,2,0
extremely_crass,2,1,1
as_strained,2,2,0
already_loose,2,2,0
already_long,2,2,0
even_repressive,2,2,0
deeply_hidden,2,0,2
basically_related,2,2,0
fairly_alien,2,1,1
even_resilient,2,2,0
insanely_huge,2,1,1
already_indifferent,2,2,0
especially_pleasant,2,0,2
deeply_historic,2,1,1
insanely_frustrated,2,2,0
genuinely_transformative,2,1,1
as_steadfast,2,0,2
insanely_gratifying,2,1,1
insanely_grateful,2,2,0
deeply_hopeful,2,0,2
clinically_beneficial,2,2,0
insanely_fun,2,2,0
especially_pertinent,2,1,1
already_incomplete,2,2,0
extremely_contagious,2,2,0
fairly_ambivalent,2,2,0
as_stagnant,2,2,0
basically_same,2,2,0
basically_rubbish,2,2,0
insanely_long,2,2,0
already_impressed,2,2,0
especially_passionate,2,1,1
insanely_lazy,2,2,0
even_reticent,2,2,0
deeply_heroic,2,0,2
already_incapable,2,2,0
extremely_constructive,2,2,0
even_restorative,2,1,1
genuinely_touching,2,1,1
hauntingly_sad,2,2,0
even_restless,2,2,0
genuinely_tropical,2,0,2
already_inherent,2,1,1
fairly_accustomed,2,1,1
insanely_concerned,2,2,0
especially_quiet,2,2,0
clinically_dependent,2,2,0
especially_radical,2,1,1
hauntingly_nostalgic,2,2,0
insanely_crazy,2,1,1
already_jealous,2,2,0
already_jittery,2,2,0
insanely_competitive,2,2,0
deeply_horrific,2,0,2
already_knowledgable,2,0,2
as_stinky,2,1,1
completely_fruitless,2,2,0
especially_refreshing,2,0,2
already_local,2,2,0
as_stout,2,0,2
fairly_acidic,2,2,0
insanely_delicious,2,2,0
basically_poor,2,2,0
completely_fun,2,1,1
basically_positive,2,2,0
already_intact,2,2,0
as_stellar,2,1,1
especially_prevalent,2,2,0
especially_privileged,2,2,0
already_interesting,2,1,1
even_regrettable,2,2,0
especially_protective,2,2,0
insanely_enormous,2,2,0
clinically_correct,2,2,0
especially_pure,2,0,2
fairly_adorable,2,1,1
clinically_crazy,2,2,0
as_stingy,2,1,1
insanely_different,2,0,2
already_irritable,2,2,0
already_tragic,2,0,2
collectively_dumber,2,2,0
incredibly_abundant,2,2,0
increasingly_possible,2,1,1
also_brown,2,2,0
extremely_endearing,2,0,2
infinitely_talented,2,1,1
infinitely_sublime,2,0,2
globally_relevant,2,1,1
delightfully_cheesy,2,0,2
deeply_simple,2,1,1
barely_usable,2,2,0
also_stuck,2,2,0
barely_understandable,2,2,0
also_canadian,2,2,0
eternally_youthful,2,0,2
astonishingly_different,2,0,2
infinitely_smaller,2,1,1
extremely_youthful,2,2,0
globally_significant,2,1,1
infinitely_unique,2,1,1
also_bright,2,2,0
extremely_wise,2,2,0
increasingly_optimistic,2,2,0
also_breathable,2,2,0
eternally_sorry,2,2,0
delightfully_comical,2,2,0
also_stylish,2,2,0
deeply_self-critical,2,2,0
delightfully_comforting,2,0,2
globally_minded,2,2,0
comically_intense,2,2,0
infinitely_vain,2,2,0
extremely_encouraging,2,2,0
deeply_selfish,2,2,0
also_brief,2,2,0
infinitely_wise,2,2,0
astonishingly_creepy,2,1,1
infinitely_wearable,2,2,0
infinitely_watchable,2,2,0
delightfully_british,2,1,1
globally_successful,2,2,0
infinitely_richer,2,1,1
even_merry,2,2,0
barely_tepid,2,2,0
infinitely_mysterious,2,1,1
extremely_erratic,2,2,0
increasingly_random,2,2,0
comically_outdated,2,2,0
ethically_bankrupt,2,2,0
extremely_worth,2,1,1
also_chinese,2,2,0
delightfully_baroque,2,0,2
astonishingly_flat,2,2,0
completely_enthralling,2,0,2
increasingly_remote,2,2,0
deeply_soulful,2,1,1
comically_overwrought,2,2,0
extremely_witty,2,2,0
completely_entertaining,2,1,1
barely_thicker,2,2,0
extremely_epic,2,2,0
delightfully_arcane,2,1,1
even_mesmerizing,2,2,0
extremely_enlightening,2,2,0
extremely_younger,2,0,2
astonishingly_easy,2,2,0
also_stressful,2,2,0
globally_unique,2,2,0
infinitely_regressive,2,2,0
also_careful,2,2,0
completely_enthusiastic,2,2,0
infinitely_qualified,2,1,1
extremely_enticing,2,2,0
even_methodical,2,2,0
also_cause,2,2,0
also_central,2,2,0
increasingly_prominent,2,2,0
also_certain,2,2,0
eternally_significant,2,1,1
even_mixed,2,2,0
infinitesimally_tiny,2,2,0
inherently_believable,2,1,1
as_wretched,2,2,0
globally_compatible,2,2,0
extremely_eccentric,2,1,1
even_muscular,2,2,0
comically_fake,2,2,0
increasingly_larger,2,2,0
also_beholden,2,2,0
also_sympathetic,2,2,0
extremly_high,2,2,0
inherently_badass,2,0,2
barely_younger,2,2,0
deeply_revolutionary,2,1,1
deeply_right,2,1,1
increasingly_liberal,2,2,0
even_moving,2,2,0
inherently_artistic,2,1,1
as_worth,2,2,0
basically_accessible,2,2,0
also_technological,2,2,0
also_banal,2,2,0
also_tender,2,2,0
inherently_classy,2,0,2
extremely_dusty,2,2,0
also_autobiographical,2,2,0
extremely_dysfunctional,2,2,0
basically_alone,2,2,0
inherently_cheesy,2,1,1
deeply_respected,2,1,1
even_narrow,2,2,0
as_wonky,2,0,2
as_wordy,2,1,1
also_avoidable,2,2,0
also_tedious,2,2,0
even_mystifying,2,2,0
even_mutual,2,2,0
inherently_artificial,2,0,2
globally_conscious,2,2,0
completely_envious,2,2,0
increasingly_nervous,2,2,0
completely_epic,2,1,1
also_blue,2,2,0
astonishingly_clear,2,2,0
astonishingly_clever,2,2,0
increasingly_negative,2,2,0
extremely_elastic,2,2,0
eternally_related,2,2,0
even_moribund,2,2,0
also_believable,2,2,0
eternally_romantic,2,0,2
even_moody,2,2,0
extremely_eminent,2,1,1
infuriatingly_difficult,2,2,0
astonishingly_complex,2,2,0
completely_ephemeral,2,1,1
extremely_empathetic,2,2,0
also_biodegradable,2,2,0
infuriatingly_slow,2,2,0
increasingly_more,2,2,0
increasingly_mobile,2,2,0
inherently_anti-semitic,2,2,0
globally_consistent,2,2,0
inherently_anomalous,2,0,2
extremely_educated,2,2,0
eternally_indebted,2,0,2
inherently_amazing,2,0,2
deeply_sadistic,2,0,2
inherently_agreeable,2,0,2
even_motivational,2,2,0
also_surprising,2,2,0
inherently_active,2,0,2
eternally_loyal,2,1,1
also_bilingual,2,2,0
also_superb,2,2,0
infuriatingly_unfair,2,2,0
deliciously_wonderful,2,1,1
completely_enlightening,2,0,2
also_audible,2,2,0
completely_eclectic,2,2,0
deliciously_romantic,2,0,2
also_sorry,2,2,0
increasingly_unfamiliar,2,1,1
increasingly_unhappy,2,2,0
barely_ready,2,2,0
astonishingly_principled,2,2,0
inexplicably_moody,2,2,0
deliciously_reminiscent,2,2,0
also_spanish,2,2,0
extremely_vain,2,2,0
deliciously_refreshing,2,1,1
even_low-income,2,2,0
extremely_useless,2,2,0
barely_present,2,2,0
even_low-cost,2,2,0
inexplicably_interesting,2,1,1
inexplicably_perfect,2,0,2
inexplicably_popular,2,2,0
infinitely_harder,2,1,1
also_special,2,2,0
extremely_vibrant,2,2,0
extremely_viable,2,1,1
also_convertible,2,2,0
inexplicably_sexy,2,0,2
also_spiritual,2,2,0
increasingly_tough,2,2,0
extremely_verbose,2,1,1
completely_egregious,2,0,2
inexplicably_powerful,2,0,2
inexplicably_rewarding,2,0,2
deeply_textured,2,2,0
ethically_murky,2,2,0
inexplicably_quirky,2,1,1
ethically_neutral,2,2,0
halfway_viable,2,2,0
gloriously_imperfect,2,1,1
increasingly_unresponsive,2,2,0
also_courteous,2,2,0
extremely_false,2,2,0
barely_measurable,2,2,0
inexplicably_different,2,1,1
ethically_sound,2,2,0
gloriously_new,2,1,1
increasingly_weird,2,1,1
completely_dumb,2,1,1
extremely_unstable,2,2,0
increasingly_worrying,2,2,0
ethically_unclear,2,2,0
barely_palatable,2,2,0
deliciously_natural,2,1,1
also_soft,2,2,0
halfway_presentable,2,0,2
inexplicably_attractive,2,0,2
inexplicably_appealing,2,0,2
incredibly_abrasive,2,2,0
deliciously_modern,2,0,2
inexplicably_difficult,2,1,1
extremely_unwieldy,2,1,1
even_live,2,2,0
extremely_favourable,2,1,1
even_lopsided,2,2,0
even_long-lived,2,2,0
inexplicably_french,2,1,1
commercially_acceptable,2,2,0
deliciously_perverse,2,0,2
astonishingly_self-aware,2,1,1
also_crazy,2,1,1
commercially_aggressive,2,2,0
inexplicably_evil,2,0,2
commercially_attractive,2,1,1
deliciously_old,2,0,2
also_creative,2,2,0
barely_operational,2,2,0
extremely_uplifting,2,1,1
gloriously_natural,2,1,1
deliciously_scary,2,1,1
also_convenient,2,2,0
extremely_vicious,2,2,0
extremely_exaggerated,2,2,0
deeply_superficial,2,2,0
happily_equal,2,2,0
also_comforting,2,2,0
deeply_surprised,2,2,0
completely_enchanting,2,0,2
even_matte,2,2,0
extremely_evocative,2,2,0
infinitely_deeper,2,0,2
extremely_excessive,2,2,0
infinitely_deep,2,0,2
infinitely_dear,2,1,1
increasingly_serious,2,1,1
extremely_weary,2,2,0
infinitely_creepy,2,0,2
happily_drunk,2,2,0
completely_emotional,2,2,0
infinitely_easy,2,1,1
increasingly_secular,2,2,0
increasingly_scarce,2,0,2
extremely_evident,2,2,0
increasingly_restive,2,2,0
infinitely_great,2,2,0
infinitely_grander,2,0,2
infinitely_gentle,2,1,1
even_melodic,2,2,0
deeply_subjective,2,2,0
increasingly_rigid,2,2,0
extremely_evasive,2,2,0
infinitely_fine,2,0,2
increasingly_risky,2,1,1
even_medieval,2,2,0
ethically_correct,2,2,0
extremely_widespread,2,2,0
also_cold,2,2,0
also_stiff,2,2,0
deliciously_tart,2,0,2
infinitely_comforting,2,1,1
extremely_vile,2,2,0
extremely_experiential,2,2,0
completely_embarrassing,2,1,1
happily_busy,2,2,0
deeply_technical,2,1,1
extremely_visual,2,2,0
ethically_improper,2,2,0
astonishingly_legitimate,2,2,0
ethically_indefensible,2,2,0
deliciously_snarky,2,1,1
infinitely_close,2,1,1
inexplicably_wonderful,2,0,2
inexplicably_weird,2,0,2
deliciously_smooth,2,2,0
gloriously_funny,2,2,0
also_contemporary,2,2,0
gloriously_glossy,2,1,1
extremely_virtuous,2,2,0
also_confident,2,2,0
deliciously_spooky,2,2,0
also_conducive,2,2,0
comically_sweaty,2,2,0
extremely_excitable,2,2,0
infinitely_chilling,2,0,2
infinitely_charming,2,1,1
barely_significant,2,2,0
astonishingly_intimate,2,2,0
infinitely_beautiful,2,0,2
even_malignant,2,2,0
also_complete,2,2,0
even_majestic,2,2,0
comically_stubborn,2,2,0
also_complimentary,2,2,0
gloriously_exciting,2,0,2
barely_ripe,2,2,0
deliciously_subversive,2,0,2
ethically_good,2,2,0
inherently_coercive,2,1,1
hard_easy,2,1,1
inherently_sterile,2,2,0
comfortably_dumb,2,2,0
also_unconscious,2,2,0
hardly_democratic,2,2,0
as_unstoppable,2,2,0
already_useful,2,2,0
inherently_morbid,2,0,2
delightfully_old-school,2,1,1
already_vegetarian,2,2,0
inherently_missing,2,0,2
essentially_optional,2,1,1
inherently_misleading,2,1,1
completely_experimental,2,1,1
inherently_melancholy,2,0,2
as_unsupported,2,2,0
inherently_measurable,2,2,0
essentially_perverse,2,1,1
extremely_disheartened,2,2,0
comfortably_cool,2,2,0
basically_dishonest,2,2,0
comfortably_profitable,2,2,0
gleefully_eager,2,2,0
fabulously_new,2,2,0
even_overgrown,2,2,0
increasingly_confident,2,2,0
inherently_ok,2,2,0
inherently_off-putting,2,0,2
delightfully_outspoken,2,2,0
essentially_oblivious,2,2,0
completely_extreme,2,2,0
completely_extravagant,2,1,1
essentially_obsolete,2,2,0
even_overdue,2,2,0
inherently_noisy,2,1,1
inherently_neutral,2,2,0
essentially_ok,2,2,0
even_overcrowded,2,2,0
inherently_natural,2,0,2
basically_democratic,2,1,1
as_unsustainable,2,2,0
inherently_manly,2,0,2
as_untouched,2,2,0
inherently_jarring,2,0,2
also_ugly,2,2,0
inherently_irrational,2,2,0
inherently_ironic,2,0,2
inherently_invasive,2,1,1
inherently_invalid,2,2,0
also_typical,2,2,0
inherently_intractable,2,2,0
inherently_malicious,2,1,1
increasingly_dark,2,2,0
inherently_intimate,2,0,2
essentially_pure,2,1,1
inherently_interested,2,2,0
essentially_racist,2,2,0
deeply_perceptive,2,2,0
delightfully_nutty,2,2,0
inherently_jewish,2,0,2
increasingly_cynical,2,2,0
inherently_joyful,2,0,2
deeply_peaceful,2,0,2
hardly_conducive,2,1,1
inherently_majestic,2,1,1
essentially_pointless,2,2,0
inherently_macho,2,0,2
already_viewable,2,2,0
essentially_positive,2,2,0
inherently_lovable,2,0,2
inherently_lonely,2,0,2
deeply_patriotic,2,2,0
inherently_limited,2,2,0
even_ornate,2,2,0
as_untested,2,0,2
even_oppressed,2,2,0
already_virtual,2,2,0
even_opportunistic,2,2,0
essentially_nonexistent,2,2,0
inherently_optimistic,2,1,1
essentially_non-existent,2,2,0
deeply_nefarious,2,0,2
deeply_natural,2,1,1
basically_expendable,2,2,0
inherently_self-destructive,2,2,0
inherently_secure,2,2,0
increasingly_bizarre,2,1,1
as_unoriginal,2,0,2
fabulously_unique,2,2,0
deeply_noble,2,0,2
inherently_religious,2,1,1
inherently_russian,2,0,2
inherently_rotten,2,0,2
basically_enjoyable,2,2,0
inherently_revolutionary,2,0,2
deeply_nourishing,2,1,1
inherently_republican,2,1,1
even_paramount,2,2,0
inherently_sexist,2,1,1
increasingly_better,2,1,1
inherently_shady,2,0,2
deeply_nationalistic,2,1,1
already_trained,2,2,0
basically_fat,2,2,0
already_trivial,2,2,0
essentially_inseparable,2,2,0
also_unforgettable,2,2,0
factually_complex,2,2,0
extremely_descriptive,2,2,0
inherently_slippery,2,0,2
increasingly_authoritarian,2,2,0
already_uncomfortable,2,1,1
essentially_interchangeable,2,2,0
even_patriarchal,2,2,0
inherently_sick,2,1,1
inherently_shocking,2,0,2
even_pastoral,2,2,0
hardly_fun,2,2,0
already_underwater,2,2,0
as_unsightly,2,2,0
inherently_perverse,2,0,2
deeply_okay,2,2,0
increasingly_cognizant,2,2,0
gleefully_bizarre,2,1,1
already_unionized,2,2,0
already_unlawful,2,1,1
already_unlocked,2,2,0
also_understaffed,2,2,0
increasingly_commonplace,2,2,0
essentially_lonely,2,2,0
even_overpowering,2,2,0
as_unselfish,2,0,2
delightfully_perverse,2,0,2
essentially_necessary,2,1,1
essentially_negative,2,2,0
inherently_parallel,2,2,0
as_unsettled,2,2,0
inherently_pointless,2,1,1
even_overrated,2,2,0
inherently_precious,2,0,2
deeply_obsessive,2,0,2
inherently_relaxing,2,0,2
hardly_flawless,2,2,0
also_unexpected,2,2,0
even_overwrought,2,2,0
inherently_reactionary,2,2,0
even_overworked,2,2,0
even_overwhelmed,2,2,0
extremely_devastating,2,2,0
essentially_mental,2,2,0
comfortably_affordable,2,2,0
already_unfolding,2,2,0
inherently_prone,2,2,0
as_unsatisfied,2,2,0
already_unhinged,2,1,1
inherently_pretentious,2,0,2
extremely_disheartening,2,2,0
already_whole,2,2,0
also_terrified,2,2,0
basically_available,2,2,0
comically_close,2,0,2
also_amiss,2,1,1
inherently_dodgy,2,0,2
also_analogous,2,2,0
inherently_distrustful,2,1,1
inherently_distinctive,2,2,0
gleefully_sadistic,2,2,0
gleefully_satisfying,2,0,2
also_ambiguous,2,2,0
inherently_dismissive,2,2,0
inherently_disgusting,2,0,2
as_voluminous,2,1,1
also_tired,2,2,0
also_tight,2,1,1
also_thoughtful,2,2,0
inherently_detrimental,2,2,0
delightfully_incongruous,2,0,2
inherently_dumb,2,1,1
essentially_rectangular,2,2,0
inherently_endearing,2,0,2
extremely_distrustful,2,1,1
extremely_divisive,2,2,0
also_tougher,2,2,0
extremely_doable,2,2,0
essentially_unique,2,2,0
also_agnostic,2,2,0
even_nonstop,2,2,0
essentially_unlimited,2,2,0
essentially_unregulated,2,2,0
increasingly_funny,2,2,0
delightfully_intimate,2,1,1
even_nonpartisan,2,2,0
increasingly_global,2,2,0
as_vitriolic,2,2,0
also_alive,2,2,0
deeply_realistic,2,1,1
inherently_destructive,2,2,0
inherently_destabilizing,2,0,2
even_nonchalant,2,2,0
even_next,2,2,0
delightfully_full,2,2,0
essentially_worth,2,1,1
inherently_creepier,2,0,2
delightfully_fresh,2,1,1
extremely_drinkable,2,2,0
as_wearable,2,1,1
inherently_controversial,2,1,1
essentially_zero,2,2,0
also_therapeutic,2,2,0
increasingly_incapable,2,2,0
even_negotiable,2,2,0
increasingly_incompatible,2,2,0
even_needy,2,2,0
comically_different,2,1,1
inherently_competitive,2,2,0
inherently_compassionate,2,2,0
delightfully_fun,2,2,0
delightfully_funny,2,1,1
essentially_vulnerable,2,2,0
essentially_voluntary,2,2,0
inherently_demonic,2,2,0
inherently_democratic,2,1,1
as_washable,2,2,0
inherently_delicious,2,0,2
gleefully_subversive,2,2,0
deeply_refreshing,2,1,1
inherently_deceitful,2,1,1
deeply_regressive,2,2,0
even_nominal,2,2,0
deeply_regrettable,2,1,1
basically_ashamed,2,2,0
also_appreciative,2,2,0
gleefully_unhinged,2,2,0
essentially_violent,2,2,0
as_watchable,2,2,0
as_verifiable,2,2,0
deeply_primitive,2,0,2
essentially_unemployed,2,2,0
inherently_horrifying,2,0,2
inherently_imperfect,2,2,0
also_troubling,2,1,1
completely_excited,2,2,0
inherently_ignorant,2,1,1
deeply_pleased,2,2,0
essentially_self-taught,2,2,0
deeply_pleasing,2,1,1
essentially_sexual,2,1,1
hardly_beautiful,2,2,0
inherently_hopeful,2,0,2
extremely_disrespectful,2,2,0
fabulously_free,2,2,0
as_upscale,2,1,1
increasingly_dissatisfied,2,2,0
increasingly_diverse,2,2,0
as_urban,2,0,2
deeply_pigmented,2,2,0
inherently_impersonal,2,1,1
essentially_rural,2,2,0
fabulously_fun,2,1,1
completely_exotic,2,2,0
extremely_dishonest,2,2,0
essentially_related,2,2,0
inherently_inefficient,2,1,1
deeply_phony,2,0,2
increasingly_different,2,1,1
delightfully_mysterious,2,2,0
inherently_incomplete,2,1,1
already_widespread,2,2,0
fabulously_gorgeous,2,2,0
already_wobbly,2,2,0
fabulously_good,2,2,0
comfortably_relaxed,2,2,0
basically_conservative,2,2,0
inherently_improbable,2,2,0
even_odious,2,2,0
extremely_dissimilar,2,2,0
basically_better,2,1,1
comically_appropriate,2,0,2
deeply_practical,2,0,2
inherently_fragile,2,0,2
basically_callous,2,2,0
comically_absurd,2,2,0
extremely_distinct,2,2,0
increasingly_erratic,2,2,0
deeply_prejudiced,2,2,0
inherently_faulty,2,1,1
essentially_spiritual,2,0,2
even_null,2,2,0
inherently_fascist,2,0,2
increasingly_evident,2,1,1
even_nude,2,2,0
even_novice,2,2,0
delightfully_juvenile,2,0,2
hardly_alone,2,2,0
comfortably_wide,2,2,0
fabulously_entertaining,2,1,1
basically_capable,2,2,0
deeply_positive,2,1,1
deeply_poor,2,2,0
fabulously_famous,2,2,0
essentially_subjective,2,0,2
increasingly_eager,2,1,1
also_accustomed,2,2,0
even_obtainable,2,2,0
as_utopian,2,2,0
comfortably_traditional,2,2,0
inherently_grotesque,2,0,2
even_observable,2,2,0
essentially_superfluous,2,2,0
inherently_governmental,2,2,0
gleefully_offensive,2,2,0
essentially_synonymous,2,2,0
also_acute,2,2,0
entirely_residential,2,2,0
as_extra,2,2,0
embarrassingly_outdated,2,2,0
absolutely_objective,2,1,1
both_depressing,2,2,0
downright_dim,2,2,0
else_enjoyable,2,1,1
brutally_stupid,2,1,1
curiously_disjointed,2,2,0
brutally_tortured,2,0,2
fully_laden,2,2,0
extraordinarily_evil,2,0,2
hilariously_vulgar,2,1,1
both_deliberate,2,2,0
fully_legitimate,2,2,0
brutally_true,2,2,0
horribly_stupid,2,1,1
curiously_empty,2,0,2
completely_vertical,2,2,0
fully_justifiable,2,2,0
fully_jewish,2,2,0
first_ready,2,2,0
excessively_little,2,2,0
fully_invisible,2,2,0
hilariously_witty,2,2,0
else_disappointing,2,2,0
first_skeptical,2,2,0
extraordinarily_eloquent,2,2,0
both_drunk,2,2,0
downright_disappointed,2,2,0
completely_visionary,2,1,1
brutally_strong,2,2,0
else_eager,2,1,1
completely_visual,2,1,1
absolutely_misleading,2,2,0
else_easy,2,2,0
both_detailed,2,2,0
first_noticeable,2,2,0
kinda_slow,2,2,0
kinda_sloppy,2,2,0
arguably_offensive,2,2,0
extraordinarily_excited,2,2,0
both_costly,2,2,0
hilariously_vile,2,1,1
both_corrupt,2,2,0
else_honest,2,2,0
absolutely_neutral,2,2,0
both_cool,2,2,0
absolutely_naked,2,2,0
absolutely_nonsense,2,2,0
fully_manual,2,2,0
downright_daft,2,2,0
arguably_overdue,2,2,0
downright_curious,2,2,0
else_imperative,2,1,1
first_necessary,2,2,0
downright_decadent,2,2,0
absolutely_monumental,2,1,1
downright_degrading,2,2,0
horribly_subjective,2,2,0
downright_demeaning,2,2,0
downright_demanding,2,2,0
completely_various,2,1,1
downright_delightful,2,1,1
curiously_flawed,2,2,0
completely_variable,2,2,0
absolutely_mysterious,2,2,0
completely_vacuous,2,1,1
first_new,2,2,0
completely_utopian,2,2,0
completely_useful,2,1,1
first_nervous,2,2,0
both_creative,2,2,0
else_difficult,2,1,1
downright_disingenuous,2,2,0
arguably_illegal,2,2,0
else_clear,2,1,1
else_cheaper,2,0,2
downright_elderly,2,2,0
kinda_vague,2,2,0
culturally_universal,2,1,1
fully_green,2,2,0
kinda_useful,2,2,0
fiscally_able,2,2,0
kinda_warm,2,2,0
fully_hard,2,2,0
kinda_unique,2,0,2
absolutely_loving,2,2,0
fully_hardy,2,2,0
arguably_easier,2,2,0
horribly_selfish,2,2,0
fiscally_cautious,2,2,0
brutally_sick,2,2,0
kinda_tough,2,2,0
absolutely_life-changing,2,1,1
completely_worthy,2,2,0
absolutely_laughable,2,2,0
excessively_messy,2,2,0
kinda_wrong,2,2,0
both_expansive,2,2,0
culturally_undesirable,2,0,2
completely_worthwhile,2,0,2
amusingly_straightforward,2,2,0
kinda_wild,2,2,0
else_brave,2,2,0
fully_fresh,2,2,0
downright_elusive,2,2,0
amusingly_strange,2,2,0
else_careful,2,2,0
absolutely_lucky,2,2,0
absolutely_luminous,2,2,0
both_ecstatic,2,2,0
fully_intelligible,2,2,0
extraordinarily_elegant,2,2,0
horribly_slow,2,2,0
else_dark,2,0,2
curiously_comforting,2,0,2
completely_weak,2,2,0
downright_divine,2,1,1
downright_distracting,2,2,0
both_eligible,2,2,0
arguably_greater,2,1,1
arguably_helpful,2,2,0
fully_interested,2,2,0
fully_international,2,2,0
downright_dismissive,2,2,0
absolutely_minimal,2,2,0
curiously_boring,2,0,2
completely_weightless,2,1,1
culturally_valuable,2,1,1
curiously_absent,2,2,0
kinda_tired,2,2,0
downright_dystopian,2,1,1
kinda_tight,2,2,0
both_enthusiastic,2,2,0
historically_ambiguous,2,2,0
else_confused,2,1,1
fully_immune,2,2,0
completely_welcome,2,2,0
kinda_surreal,2,2,0
fully_impartial,2,2,0
else_cool,2,2,0
completely_whimsical,2,2,0
extraordinarily_effective,2,1,1
curiously_attractive,2,1,1
curiously_interesting,2,2,0
kinda_reluctant,2,2,0
fully_safe,2,2,0
arguably_positive,2,2,0
both_appropriate,2,2,0
fully_receptive,2,2,0
hilariously_strange,2,2,0
downright_breathtaking,2,2,0
absolutely_relative,2,2,0
fully_recoverable,2,2,0
fully_reflective,2,2,0
fully_related,2,2,0
carefully_neutral,2,2,0
fully_relevant,2,2,0
absolutely_reminiscent,2,2,0
carefully_nuanced,2,2,0
else_rude,2,1,1
fully_reliant,2,2,0
fully_remote,2,2,0
first_aware,2,2,0
else_ready,2,2,0
kinda_mean,2,2,0
curiously_timeless,2,0,2
kinda_neutral,2,2,0
kinda_nerdy,2,1,1
downright_chic,2,2,0
kinda_nasty,2,2,0
both_awkward,2,2,0
downright_chaotic,2,2,0
else_present,2,2,0
else_rare,2,0,2
kinda_messy,2,2,0
both_awesome,2,2,0
downright_catastrophic,2,2,0
curiously_unfinished,2,2,0
around_bigger,2,2,0
fully_real,2,2,0
fully_resilient,2,2,0
absolutely_repulsive,2,0,2
around_busy,2,2,0
downright_black,2,2,0
downright_blurry,2,2,0
else_soft,2,1,1
carefully_polite,2,1,1
both_able,2,2,0
absolutely_ruthless,2,2,0
absolutely_sacred,2,1,1
downright_bitter,2,2,0
first_able,2,2,0
else_stunning,2,0,2
kinda_fuzzy,2,2,0
kinda_funky,2,1,1
downright_bitchy,2,2,0
else_successful,2,0,2
completely_uninspired,2,1,1
completely_uninspiring,2,2,0
kinda_great,2,1,1
first_afraid,2,2,0
hilariously_small,2,2,0
else_shocking,2,0,2
absolutely_retarded,2,1,1
both_amazing,2,2,0
downright_boisterous,2,2,0
absolutely_rewarding,2,1,1
fully_right,2,2,0
fully_rigid,2,2,0
else_simple,2,0,2
kinda_hilarious,2,1,1
currently_afraid,2,2,0
completely_unjust,2,2,0
absolutely_rubbish,2,2,0
else_similar,2,1,1
downright_bogus,2,2,0
absolutely_public,2,2,0
else_outrageous,2,0,2
absolutely_proud,2,2,0
completely_unsuccessful,2,2,0
horribly_traumatic,2,0,2
arguably_right,2,2,0
both_cold,2,2,0
else_lacking,2,2,0
completely_unsurprising,2,2,0
else_legitimate,2,2,0
else_less,2,0,2
completely_untenable,2,1,1
completely_unstructured,2,1,1
curiously_naive,2,2,0
absolutely_overwhelming,2,2,0
hilariously_true,2,2,0
both_classy,2,2,0
fully_obligatory,2,2,0
fully_negative,2,1,1
curiously_light,2,2,0
completely_unselfish,2,0,2
arguably_precise,2,2,0
hilariously_unfriendly,2,2,0
downright_crude,2,2,0
else_incredible,2,0,2
downright_crooked,2,2,0
absolutely_offensive,2,2,0
downright_cozy,2,2,0
first_interested,2,2,0
else_involved,2,0,2
curiously_legible,2,2,0
absolutely_old,2,2,0
kinda_random,2,2,0
fully_muslim,2,2,0
both_confused,2,2,0
downright_corny,2,2,0
kinda_predictable,2,2,0
fully_offline,2,2,0
fully_productive,2,1,1
downright_clunky,2,2,0
curiously_similar,2,1,1
arguably_wrong,2,2,0
kinda_odd,2,1,1
kinda_obsessed,2,2,0
else_noteworthy,2,1,1
both_black,2,2,0
absolutely_precious,2,2,0
else_non-existent,2,2,0
absolutely_present,2,1,1
around_addictive,2,2,0
completely_unreadable,2,2,0
both_beneficial,2,2,0
fully_predictable,2,2,0
fully_preventable,2,2,0
else_nonexistent,2,2,0
completely_unresolved,2,2,0
horribly_unfair,2,2,0
arguably_untrue,2,1,1
absolutely_pernicious,2,2,0
completely_unscientific,2,1,1
downright_confrontational,2,2,0
extraordinarily_famous,2,2,0
completely_unsatisfying,2,2,0
horribly_uninformed,2,2,0
fully_own,2,1,1
absolutely_powerless,2,2,0
amusingly_eccentric,2,1,1
else_monotonous,2,2,0
both_brutal,2,2,0
absolutely_pleased,2,2,0
downright_complicated,2,2,0
both_brown,2,2,0
arguably_deserving,2,2,0
absolutely_knowledgeable,2,2,0
historically_bad,2,2,0
else_bad,2,1,1
either_low,2,2,0
approximately_reasonable,2,2,0
either_misinformed,2,2,0
both_lengthy,2,2,0
frustratingly_small,2,2,0
both_legal,2,2,0
either_oblivious,2,2,0
brutally_dry,2,2,0
both_large,2,2,0
culturally_disadvantaged,2,2,0
extraordinarily_concerned,2,2,0
annoyingly_clever,2,2,0
culturally_enlightening,2,2,0
absolutely_high,2,0,2
absolutely_historic,2,1,1
culturally_destructive,2,2,0
absolutely_heavenly,2,2,0
frustratingly_similar,2,2,0
both_likely,2,2,0
culturally_christian,2,2,0
both_local,2,2,0
both_literate,2,2,0
downright_horrid,2,2,0
extraordinarily_competitive,2,2,0
largely_cultural,2,2,0
absolutely_gut-wrenching,2,2,0
flagrantly_lawless,2,2,0
conceptually_important,2,2,0
largely_critical,2,2,0
absolutely_harmless,2,2,0
culturally_derogatory,2,2,0
downright_homey,2,1,1
both_likable,2,2,0
either_open,2,2,0
both_kind,2,2,0
either_outdated,2,2,0
downright_harrowing,2,2,0
arbitrarily_cruel,2,2,0
both_internal,2,2,0
either_sick,2,2,0
largely_bogus,2,2,0
conceptually_dense,2,2,0
extraordinarily_costly,2,2,0
annoyingly_breezy,2,0,2
either_safe,2,2,0
absolutely_hypnotic,2,2,0
horribly_miscast,2,2,0
largely_benign,2,2,0
either_straight,2,2,0
absolutely_iconic,2,1,1
arbitrarily_large,2,2,0
either_satisfied,2,2,0
both_intriguing,2,2,0
downright_heretical,2,2,0
either_pregnant,2,2,0
largely_complementary,2,2,0
conceptually_engaging,2,2,0
largely_compatible,2,2,0
flagrantly_illegal,2,2,0
extraordinarily_constructive,2,1,1
both_irrelevant,2,2,0
brutally_fast,2,2,0
annoyingly_catchy,2,2,0
absolutely_hopeful,2,2,0
flagrantly_false,2,2,0
extraordinarily_contemporary,2,2,0
conceptually_different,2,1,1
absolutely_hostile,2,2,0
either_reluctant,2,2,0
brutally_close,2,2,0
culturally_chinese,2,1,1
downright_icky,2,1,1
annoyingly_difficult,2,2,0
crushingly_sad,2,2,0
broadly_unpopular,2,2,0
conceptually_sophisticated,2,2,0
frustratingly_oblique,2,2,0
annoyingly_distracting,2,2,0
approximately_accurate,2,2,0
downright_inconsistent,2,2,0
excessively_pornographic,2,2,0
flatly_false,2,2,0
downright_incongruous,2,2,0
downright_inconclusive,2,2,0
broadly_usable,2,0,2
crushingly_slow,2,2,0
approximately_closer,2,2,0
both_natural,2,2,0
downright_indecent,2,2,0
conceptually_simple,2,0,2
historically_inclined,2,1,1
absolutely_factual,2,1,1
both_obsessed,2,2,0
absolutely_fair,2,2,0
extraordinarily_brave,2,1,1
absolutely_faithful,2,2,0
flatly_incredible,2,2,0
broadly_true,2,2,0
conceptually_strong,2,2,0
both_normal,2,2,0
horribly_ill,2,2,0
frustratingly_murky,2,2,0
largely_enjoyable,2,1,1
flatly_incompatible,2,1,1
both_new,2,2,0
downright_incompatible,2,2,0
culturally_accessible,2,2,0
flagrantly_unconstitutional,2,1,1
culturally_appealing,2,0,2
frustratingly_opaque,2,2,0
both_luxurious,2,2,0
absolutely_glorious,2,2,0
absolutely_golden,2,2,0
downright_illiterate,2,2,0
either_good,2,2,0
absolutely_gross,2,1,1
absolutely_giddy,2,2,0
extraordinarily_clever,2,2,0
conceptually_new,2,0,2
culturally_barren,2,2,0
frustratingly_poor,2,2,0
either_illegal,2,1,1
both_loud,2,2,0
brutally_bad,2,2,0
brutally_aware,2,2,0
horribly_insensitive,2,2,0
approximately_equivalent,2,2,0
horribly_interesting,2,0,2
horribly_invasive,2,1,1
absolutely_foolish,2,1,1
absolutely_frank,2,2,0
frustratingly_obvious,2,2,0
absolutely_frightful,2,2,0
largely_democratic,2,2,0
flagrantly_wrong,2,1,1
conceptually_related,2,2,0
either_eligible,2,2,0
either_empty,2,2,0
both_masculine,2,2,0
absolutely_fun,2,1,1
downright_immature,2,2,0
absolutely_idiotic,2,1,1
extraordinarily_creative,2,2,0
culturally_homogenous,2,2,0
both_genuine,2,2,0
elegantly_modern,2,1,1
historically_different,2,0,2
culturally_resonant,2,1,1
both_glorious,2,2,0
horribly_overpriced,2,2,0
absolutely_intentional,2,2,0
historically_curious,2,2,0
fully_deaf,2,2,0
fiscally_smart,2,2,0
knowingly_present,2,2,0
horribly_painful,2,1,1
brutally_random,2,2,0
downright_fake,2,2,0
fiscally_possible,2,2,0
knowingly_silly,2,2,0
architecturally_unique,2,1,1
knowingly_inaccurate,2,2,0
absolutely_inoffensive,2,2,0
downright_fictional,2,2,0
fully_competitive,2,2,0
downright_farcical,2,2,0
culturally_problematic,2,2,0
both_horizontal,2,2,0
fully_concerned,2,2,0
absolutely_inseparable,2,1,1
brutally_physical,2,1,1
fiscally_unsustainable,2,2,0
both_high,2,2,0
elegantly_elusive,2,1,1
both_helpful,2,2,0
historically_dubious,2,2,0
brutally_personal,2,2,0
absolutely_interesting,2,1,1
elegantly_stylish,2,1,1
elegantly_beautiful,2,0,2
downright_exasperating,2,2,0
excessively_miserable,2,2,0
culturally_subversive,2,2,0
downright_exhausted,2,2,0
brutally_resistant,2,2,0
downright_excruciating,2,2,0
historically_big,2,0,2
culturally_taboo,2,2,0
fully_faithful,2,2,0
fully_female,2,2,0
brutally_sexist,2,2,0
fully_fertile,2,2,0
downright_erroneous,2,2,0
horribly_predictable,2,2,0
brutally_shocking,2,2,0
absolutely_irrational,2,0,2
knowingly_blind,2,2,0
absolutely_intolerant,2,2,0
historically_coherent,2,2,0
brutally_reductive,2,1,1
knowingly_funny,2,1,1
excessively_moist,2,2,0
arguably_bigger,2,1,1
knowingly_endangered,2,2,0
fully_entertaining,2,2,0
both_fresh,2,2,0
brutally_repressive,2,2,0
else_able,2,2,0
fully_evil,2,2,0
fiscally_impossible,2,2,0
downright_exploitative,2,2,0
else_afraid,2,2,0
extraordinarily_diverse,2,2,0
culturally_pluralistic,2,2,0
fiscally_viable,2,2,0
fucking_amazing,2,2,0
either_wrong,2,2,0
either_unwilling,2,2,0
culturally_influential,2,2,0
culturally_informative,2,2,0
architecturally_beautiful,2,2,0
conceptually_brilliant,2,2,0
fully_apparent,2,2,0
conceptually_bold,2,2,0
annoyingly_bad,2,2,0
absolutely_incapable,2,2,0
largely_anonymous,2,2,0
largely_ambivalent,2,2,0
both_impressed,2,2,0
downright_gimmicky,2,2,0
absolutely_incompatible,2,1,1
absolutely_impeccable,2,2,0
brutally_intense,2,2,0
fittingly_familiar,2,0,2
either_undecided,2,2,0
downright_handsome,2,2,0
fully_absent,2,2,0
excessively_personal,2,2,0
absolutely_immaculate,2,2,0
downright_grotesque,2,2,0
largely_atmospheric,2,1,1
culturally_impoverished,2,0,2
fully_african,2,1,1
fully_adept,2,2,0
downright_great,2,2,0
either_unfamiliar,2,2,0
fully_adult,2,2,0
excessively_onerous,2,2,0
conceptually_challenging,2,2,0
architecturally_exciting,2,1,1
downright_frustrated,2,2,0
horribly_oppressive,2,2,0
architecturally_pleasing,2,2,0
both_ideal,2,2,0
fully_clad,2,1,1
culturally_naive,2,2,0
fully_close,2,2,0
brutally_open,2,2,0
computationally_faster,2,2,0
downright_fishy,2,1,1
excessively_nervous,2,2,0
largely_abstract,2,2,0
absolutely_inevitable,2,1,1
extraordinarily_dense,2,2,0
historically_false,2,2,0
absolutely_infuriating,2,2,0
anatomically_similar,2,2,0
excessively_negative,2,1,1
horribly_nice,2,2,0
downright_frivolous,2,2,0
electrically_adjustable,2,2,0
historically_great,2,2,0
fully_automated,2,2,0
culturally_literate,2,2,0
fully_bald,2,2,0
downright_foolhardy,2,2,0
computationally_useful,2,0,2
computationally_universal,2,2,0
absolutely_independent,2,2,0
culturally_muslim,2,2,0
brutally_negative,2,2,0
fully_catholic,2,2,0
fully_christian,2,2,0
downright_flexible,2,2,0
electrically_noisy,2,2,0
else_symbolic,2,1,1
downright_bewildering,2,2,0
appropriately_ugly,2,1,1
around_ready,2,1,1
fundamentally_chinese,2,0,2
amazingly_intricate,2,2,0
categorically_exempt,2,0,2
absurdly_complicated,2,2,0
amazingly_intelligent,2,2,0
categorically_new,2,1,1
amazingly_inspirational,2,2,0
around_phenomenal,2,2,0
fundamentally_concerned,2,2,0
however_clumsy,2,1,1
blindingly_clear,2,2,0
excessively_bulky,2,2,0
around_pleasing,2,2,0
amazingly_incompetent,2,2,0
however_complex,2,0,2
daily_special,2,2,0
emotionally_direct,2,2,0
amazingly_inventive,2,1,1
fundamentally_brutal,2,2,0
justifiably_famous,2,1,1
justifiably_expensive,2,2,0
doubly_meaningful,2,2,0
excessively_chewy,2,2,0
blindingly_hot,2,2,0
completely_sophisticated,2,0,2
daily_fresh,2,2,0
blindingly_fast,2,2,0
excessively_cautious,2,2,0
emotionally_demanding,2,1,1
emotionally_depressed,2,2,0
financially_happy,2,2,0
emotionally_desperate,2,2,0
emotionally_destructive,2,2,0
fundamentally_core,2,0,2
extraordinarily_innovative,2,1,1
categorically_untrue,2,2,0
emotionally_harmful,2,2,0
around_prestigious,2,2,0
fundamentally_dependent,2,2,0
fundamentally_depressing,2,1,1
damn_attractive,2,2,0
emotionally_grueling,2,2,0
excessively_bad,2,2,0
completely_single,2,2,0
fundamentally_democratic,2,0,2
fundamentally_digital,2,2,0
blessedly_simple,2,1,1
completely_simplistic,2,0,2
amazingly_ignorant,2,2,0
doubly_frustrating,2,1,1
financially_equal,2,2,0
emotionally_full,2,2,0
absurdly_entertaining,2,2,0
fundamentally_crazy,2,1,1
around_possible,2,2,0
emotionally_erratic,2,2,0
fundamentally_creepy,2,0,2
emotionally_excruciating,2,2,0
hilariously_impractical,2,2,0
fundamentally_dangerous,2,1,1
blindingly_apparent,2,2,0
absurdly_delicious,2,2,0
fundamentally_deficient,2,1,1
fundamentally_deceptive,2,2,0
emotionally_false,2,2,0
cautiously_aware,2,2,0
around_practical,2,2,0
amazingly_impressive,2,1,1
emotionally_flat,2,2,0
fundamentally_biological,2,0,2
around_organized,2,2,0
emotionally_dead,2,2,0
financially_lucky,2,2,0
eminently_worthwhile,2,1,1
fundamentally_abnormal,2,1,1
blindly_secure,2,2,0
absolutely_worst,2,2,0
emotionally_accessible,2,2,0
excessively_dignified,2,2,0
fundamentally_absurd,2,0,2
extraordinarily_human,2,1,1
absurdly_abstract,2,2,0
amazingly_new,2,0,2
completely_spotless,2,2,0
doubly_sad,2,2,0
excessively_deferential,2,2,0
around_likeable,2,2,0
justifiably_suspicious,2,2,0
catastrophically_stupid,2,0,2
currently_unreachable,2,2,0
doubly_surprising,2,2,0
eminently_suitable,2,2,0
absolutely_visceral,2,1,1
financially_painful,2,2,0
completely_straightforward,2,2,0
currently_unfolding,2,0,2
excessively_drunk,2,2,0
financially_naive,2,2,0
completely_startling,2,0,2
financially_meaningful,2,0,2
blissfully_asleep,2,2,0
absolutely_weird,2,0,2
eminently_valuable,2,1,1
functionally_useful,2,1,1
absolutely_wild,2,2,0
fundamentally_alien,2,0,2
fundamentally_alone,2,2,0
emotionally_dangerous,2,2,0
excessively_confident,2,2,0
fundamentally_antithetical,2,0,2
currently_voluntary,2,2,0
currently_vulnerable,2,2,0
emotionally_closer,2,2,0
however_baseless,2,2,0
financially_incompetent,2,2,0
fundamentally_askew,2,0,2
completely_specific,2,2,0
fundamentally_attractive,2,1,1
financially_improbable,2,2,0
currently_willing,2,2,0
around_nicer,2,2,0
around_obsessed,2,2,0
amazingly_large,2,2,0
justifiably_mad,2,2,0
currently_untapped,2,2,0
emotionally_apocalyptic,2,1,1
emotionally_awkward,2,2,0
emotionally_armed,2,2,0
however_able,2,1,1
emotionally_astute,2,2,0
emotionally_authentic,2,2,0
currently_unrecognized,2,2,0
completely_spot-on,2,2,0
completely_spoilt,2,2,0
emotionally_burdensome,2,1,1
excessively_cynical,2,2,0
emotionally_barren,2,2,0
completely_spiritual,2,2,0
emotionally_bereft,2,2,0
fundamentally_anti-american,2,1,1
currently_unsure,2,2,0
cautiously_supportive,2,2,0
emotionally_imbalanced,2,1,1
hilariously_simple,2,2,0
blessedly_easy,2,2,0
certainly_cognizant,2,1,1
damn_different,2,2,0
emotionally_present,2,2,0
around_superb,2,2,0
fundamentally_hostile,2,0,2
fundamentally_hypocritical,2,1,1
emotionally_radiant,2,2,0
fundamentally_icky,2,0,2
damn_distracting,2,1,1
certainly_competent,2,2,0
amazingly_enough,2,1,1
emotionally_relevant,2,2,0
completely_sad,2,2,0
amazingly_enjoyable,2,2,0
around_sweet,2,2,0
however_full,2,2,0
dizzyingly_complex,2,2,0
emotionally_potent,2,1,1
absurdly_overpriced,2,2,0
amazingly_fit,2,2,0
damn_creative,2,2,0
damn_creepy,2,2,0
exceptionally_unpopular,2,2,0
fundamentally_great,2,1,1
emotionally_persuasive,2,2,0
just_windy,2,2,0
blatantly_unlawful,2,2,0
emotionally_positive,2,2,0
dizzyingly_fast,2,2,0
certainly_cause,2,2,0
absurdly_profound,2,2,0
absurdly_proud,2,2,0
completely_sanitary,2,2,0
exceptionally_thorough,2,2,0
certainly_consistent,2,2,0
absurdly_short,2,2,0
just_warmer,2,2,0
damn_enjoyable,2,2,0
certainly_delicious,2,2,0
however_impressive,2,0,2
however_improbable,2,0,2
around_tougher,2,2,0
absurdly_trivial,2,1,1
just_vocal,2,2,0
around_tough,2,2,0
certainly_depressing,2,1,1
around_tremendous,2,2,0
just_vile,2,2,0
damn_fantastic,2,2,0
certainly_disappointing,2,2,0
however_inconsequential,2,0,2
damn_emotional,2,2,0
fundamentally_incongruous,2,0,2
exceptionally_thick,2,2,0
emotionally_rigid,2,0,2
absurdly_silly,2,1,1
absurdly_small,2,2,0
absurdly_steep,2,2,0
finally_smart,2,2,0
emotionally_rewarding,2,2,0
amazingly_efficient,2,2,0
damn_eager,2,1,1
exceptionally_tasty,2,2,0
just_wealthy,2,2,0
absurdly_stupid,2,1,1
certainly_cool,2,2,0
just_watchful,2,2,0
certainly_correct,2,2,0
divinely_perfect,2,2,0
fundamentally_generous,2,0,2
financially_advisable,2,2,0
just_worldly,2,2,0
emotionally_lacking,2,1,1
excessively_abusive,2,2,0
emotionally_jarring,2,2,0
amazingly_hard,2,2,0
fundamentally_equivalent,2,2,0
absurdly_huge,2,1,1
amazingly_happy,2,2,0
emotionally_low,2,2,0
around_scary,2,2,0
blatantly_unwise,2,0,2
justifiably_annoyed,2,2,0
however_durable,2,2,0
emotionally_meaningful,2,1,1
certainly_amateur,2,2,0
amazingly_great,2,1,1
emotionally_intriguing,2,1,1
damn_chuffed,2,2,0
exceptionally_wonderful,2,2,0
financially_disastrous,2,2,0
emotionally_impactful,2,1,1
absurdly_good,2,1,1
emotionally_impossible,2,2,0
completely_shitty,2,2,0
emotionally_incapable,2,2,0
doubly_exciting,2,1,1
around_ridiculous,2,2,0
around_safe,2,2,0
certainly_able,2,2,0
around_riveting,2,2,0
doubly_disadvantaged,2,2,0
however_desperate,2,2,0
amazingly_huge,2,1,1
financially_desirable,2,2,0
justifiably_afraid,2,2,0
doubly_bright,2,2,0
emotionally_perceptive,2,2,0
fundamentally_frightening,2,0,2
certainly_attractive,2,2,0
around_sleek,2,2,0
certainly_available,2,2,0
double_minded,2,2,0
financially_appealing,2,2,0
around_slimmer,2,2,0
around_smart,2,2,0
double_quick,2,2,0
damn_confusing,2,2,0
fundamentally_frivolous,2,0,2
damn_convenient,2,1,1
absurdly_naive,2,2,0
damn_cozy,2,1,1
however_few,2,0,2
around_skilled,2,2,0
fundamentally_free,2,0,2
damn_common,2,2,0
exceptionally_wicked,2,2,0
fundamentally_false,2,2,0
completely_self-indulgent,2,1,1
emotionally_naked,2,1,1
exceptionally_windy,2,2,0
fundamentally_familiar,2,1,1
damn_compelling,2,0,2
absurdly_inexpensive,2,2,0
extraordinarily_interesting,2,2,0
financially_beholden,2,2,0
exceptionally_welcoming,2,2,0
exceptionally_weird,2,2,0
exceptionally_wealthy,2,2,0
certainly_applicable,2,2,0
amazingly_gorgeous,2,2,0
eminently_successful,2,2,0
functionally_necessary,2,2,0
hilariously_irreverent,2,1,1
financially_plausible,2,2,0
completely_undesirable,2,1,1
downright_aggravating,2,2,0
embarrassingly_cheesy,2,1,1
absolutely_successful,2,2,0
around_disappointing,2,2,0
casually_cool,2,1,1
fully_tender,2,2,0
kinda_corny,2,2,0
casually_curious,2,2,0
downright_absent,2,2,0
currently_idle,2,2,0
downright_abhorrent,2,2,0
embarrassingly_difficult,2,2,0
embarrassingly_dumb,2,0,2
kinda_confused,2,2,0
completely_undeveloped,2,2,0
fully_sustainable,2,2,0
downright_agreeable,2,1,1
currently_fine,2,2,0
completely_unenforceable,2,2,0
completely_unemployed,2,2,0
kinda_dependent,2,2,0
casually_chic,2,2,0
around_depressed,2,2,0
currently_fashionable,2,1,1
extraordinarily_funny,2,0,2
embarrassingly_amateurish,2,2,0
else_worthwhile,2,0,2
else_worthy,2,0,2
borderline_delusional,2,2,0
downright_alien,2,2,0
embarrassingly_absurd,2,1,1
horrifically_expensive,2,2,0
currently_inaccessible,2,2,0
kinda_complex,2,2,0
hilariously_pretentious,2,2,0
currently_mysterious,2,0,2
completely_unambiguous,2,2,0
embarrassingly_ignorant,2,2,0
completely_unafraid,2,2,0
completely_typical,2,2,0
currently_more,2,2,0
finely_wrought,2,2,0
down_lower,2,2,0
completely_unarmed,2,2,0
kinda_bored,2,2,0
casually_fashionable,2,2,0
embarrassingly_naive,2,1,1
kinda_blurry,2,2,0
amazingly_silly,2,1,1
embarrassingly_noticeable,2,2,0
firmly_aware,2,2,0
amazingly_small,2,2,0
fully_traditional,2,2,0
completely_uncertain,2,2,0
currently_incurable,2,2,0
completely_uncommon,2,0,2
embarrassingly_feeble,2,2,0
fully_treatable,2,2,0
fully_trustworthy,2,2,0
boldly_unique,2,2,0
embarrassingly_funny,2,2,0
amazingly_smart,2,2,0
currently_jobless,2,2,0
around_dreary,2,2,0
completely_unbearable,2,1,1
firmly_focused,2,2,0
currently_likely,2,2,0
amazingly_soft,2,2,0
else_wealthy,2,2,0
amazingly_unusual,2,0,2
absolutely_stationary,2,2,0
kinda_famous,2,1,1
downright_bearish,2,2,0
downright_baseless,2,2,0
hilariously_shocking,2,1,1
currently_close,2,2,0
carefully_understated,2,2,0
borderline_psychotic,2,2,0
downright_badass,2,2,0
downright_belligerent,2,1,1
fully_skilled,2,2,0
excessively_icy,2,2,0
completely_unhappy,2,2,0
else_undiscovered,2,2,0
absolutely_sickening,2,2,0
else_unfair,2,0,2
currently_capable,2,2,0
currently_blank,2,2,0
absolutely_sincere,2,2,0
completely_unified,2,2,0
borderline_unwatchable,2,2,0
amusingly_accurate,2,2,0
firmly_traditional,2,2,0
fully_satisfactory,2,2,0
completely_unimpressed,2,2,0
absolutely_secure,2,2,0
absolutely_senseless,2,1,1
downright_beneficial,2,2,0
around_classy,2,2,0
else_thick,2,2,0
carefully_related,2,2,0
borderline_unbearable,2,2,0
completely_unhealthy,2,1,1
else_tough,2,2,0
downright_authoritarian,2,2,0
around_complete,2,2,0
kinda_depressing,2,2,0
absolutely_spotless,2,2,0
downright_apathetic,2,2,0
absolutely_speechless,2,2,0
else_valuable,2,0,2
currently_dependent,2,1,1
amazingly_vibrant,2,2,0
absolutely_splendid,2,1,1
borderline_illegal,2,2,0
currently_democratic,2,2,0
around_crappy,2,2,0
downright_anti-social,2,2,0
hilariously_sarcastic,2,2,0
completely_unfeasible,2,2,0
around_crazy,2,2,0
currently_enduring,2,2,0
kinda_dry,2,2,0
currently_delinquent,2,2,0
downright_astounding,2,2,0
amazingly_weak,2,2,0
downright_ashamed,2,2,0
else_unhealthy,2,0,2
else_unimaginable,2,1,1
else_unique,2,0,2
completely_unforgivable,2,0,2
amazingly_weird,2,1,1
around_confusing,2,2,0
else_unusual,2,0,2
downright_appealing,2,1,1
completely_unfit,2,0,2
else_unstable,2,1,1
borderline_obsessed,2,2,0
absolutely_smitten,2,2,0
around_cooler,2,2,0
absolutely_tender,2,2,0
currently_new,2,2,0
embarrassingly_old,2,2,0
around_grumpy,2,2,0
eminently_enjoyable,2,0,2
excessively_feminine,2,2,0
currently_unaware,2,2,0
eminently_fixable,2,2,0
excessively_fearful,2,2,0
eminently_human,2,0,2
eminently_knowledgeable,2,2,0
currently_thin,2,2,0
functionally_essential,2,2,0
excessively_fatigued,2,2,0
financially_resilient,2,2,0
completely_subtle,2,1,1
justly_deserving,2,2,0
amazingly_positive,2,2,0
completely_supernatural,2,0,2
around_frustrated,2,2,0
eminently_logical,2,2,0
financially_sound,2,2,0
completely_supple,2,1,1
extraordinarily_healthy,2,2,0
amazingly_rare,2,2,0
eminently_deserving,2,2,0
amazingly_quiet,2,2,0
amazingly_quick,2,2,0
casually_racist,2,1,1
financially_similar,2,2,0
hilariously_mundane,2,2,0
eminently_do-able,2,2,0
functionally_different,2,1,1
absolutely_unimaginable,2,0,2
amazingly_prolific,2,2,0
financially_smart,2,2,0
doubtless_attributable,2,2,0
around_hard,2,2,0
excessively_flamboyant,2,2,0
doubly_unlucky,2,2,0
financially_practical,2,2,0
currently_underrepresented,2,1,1
eminently_satisfactory,2,2,0
blissfully_funny,2,2,0
eminently_satisfying,2,0,2
financially_powerful,2,2,0
blissfully_everyday,2,2,0
functionally_impossible,2,2,0
eminently_social,2,0,2
eminently_solvable,2,2,0
functionally_irrelevant,2,2,0
around_icky,2,2,0
doubly_unfortunate,2,2,0
completely_stuck,2,2,0
financially_precarious,2,2,0
completely_subconscious,2,2,0
currently_unclear,2,2,0
eminently_playable,2,2,0
financially_qualified,2,2,0
blissfully_normal,2,2,0
doubly_wrong,2,0,2
completely_subservient,2,2,0
financially_prohibitive,2,2,0
completely_subordinate,2,2,0
financially_privileged,2,2,0
around_hilarious,2,2,0
justly_appalled,2,2,0
around_helpful,2,2,0
blissfully_naive,2,2,0
absolutely_unthinkable,2,2,0
eminently_quotable,2,2,0
eminently_rational,2,2,0
completely_suspect,2,2,0
blissfully_unconcerned,2,2,0
kinda_beautiful,2,1,1
financially_weak,2,2,0
kinda_amazing,2,1,1
fully_viable,2,2,0
financially_wise,2,2,0
financially_weaker,2,1,1
fully_washable,2,2,0
embarrassingly_silly,2,2,0
financially_wasteful,2,2,0
excessively_harsh,2,2,0
fully_welcome,2,2,0
horrifically_racist,2,2,0
absolutely_truthful,2,2,0
horrifically_sad,2,2,0
excessively_happy,2,2,0
completely_transformative,2,1,1
amazingly_secure,2,1,1
currently_optional,2,2,0
embarrassingly_touristy,2,0,2
fully_usable,2,2,0
adorably_quirky,2,1,1
absolutely_timeless,2,1,1
finely_chopped,2,2,0
kinda_awkward,2,2,0
down_funny,2,2,0
fully_upright,2,2,0
absolutely_tragic,2,1,1
extraordinarily_great,2,1,1
currently_obese,2,0,2
fully_vegetarian,2,2,0
around_european,2,2,0
down_dependant,2,2,0
embarrassingly_positive,2,2,0
around_exceptional,2,2,0
financially_unwise,2,2,0
completely_transformational,2,1,1
eminently_danceable,2,1,1
currently_responsible,2,2,0
eminently_aware,2,1,1
horrifyingly_bad,2,1,1
eminently_beautiful,2,1,1
completely_thin,2,2,0
eminently_clear,2,1,1
blisteringly_dry,2,2,0
completely_temporary,2,2,0
amazingly_responsive,2,2,0
keenly_intelligent,2,2,0
currently_safe,2,2,0
hilariously_nasty,2,2,0
functionally_critical,2,2,0
absolutely_understandable,2,2,0
keenly_disappointed,2,2,0
extraordinarily_hard,2,1,1
absolutely_unaware,2,2,0
excessively_graphic,2,2,0
keenly_sensitive,2,2,0
hilariously_odd,2,2,0
fully_willing,2,2,0
hilariously_obscene,2,2,0
amazingly_robust,2,2,0
amazingly_right,2,2,0
embarrassingly_weird,2,1,1
keenly_self-aware,2,2,0
eminently_approachable,2,1,1
fully_worthy,2,1,1
horrifically_unnatural,2,0,2
eminently_affordable,2,2,0
around_fascinating,2,2,0
casually_messy,2,2,0
around_faster,2,2,0
egregiously_offensive,2,0,2
extraordinarily_bizarre,2,2,0
fundamentally_insecure,2,2,0
fortunately_easy,2,2,0
apparently_available,2,1,1
less_bellicose,2,1,1
less_beefy,2,1,1
less_bearish,2,2,0
less_banal,2,0,2
less_bald,2,2,0
easily_approachable,2,2,0
consistently_taut,2,1,1
easily_attributable,2,2,0
consistently_sweet,2,1,1
frankly_awful,2,2,0
less_autonomous,2,2,0
conveniently_unavailable,2,2,0
easily_big,2,2,0
less_autistic,2,2,0
about_due,2,2,0
less_better,2,2,0
brand_safe,2,2,0
dramatically_faster,2,2,0
less_blunt,2,1,1
apparently_uninterested,2,2,0
apparently_bad,2,0,2
exquisitely_good,2,2,0
less_blind,2,2,0
less_blessed,2,1,1
honestly_curious,2,2,0
less_biblical,2,1,1
conveniently_ready,2,2,0
hopelessly_bad,2,2,0
frankly_boring,2,2,0
hopelessly_biased,2,2,0
apparently_unnoticed,2,1,1
freshly_exotic,2,0,2
about_effortless,2,2,0
less_authoritarian,2,2,0
frankly_appealing,2,0,2
easily_convertible,2,2,0
frankly_abysmal,2,2,0
easily_conceivable,2,2,0
frankly_abusive,2,2,0
frankly_absurd,2,1,1
exclusively_responsible,2,2,0
exquisitely_lovely,2,1,1
less_antagonistic,2,1,1
hopelessly_confusing,2,2,0
brilliantly_catchy,2,2,0
about_fair,2,2,0
dramatically_convincing,2,1,1
apparently_valid,2,2,0
less_analogous,2,2,0
less_amoral,2,1,1
about_excellent,2,2,0
hopelessly_complicated,2,2,0
less_auspicious,2,0,2
less_aspirational,2,1,1
less_attainable,2,1,1
hopelessly_boring,2,2,0
consistently_solid,2,2,0
about_empty,2,2,0
hopelessly_chaotic,2,2,0
apparently_afraid,2,2,0
hopelessly_complex,2,1,1
apparently_absurd,2,1,1
less_artistic,2,1,1
about_enduring,2,2,0
bracingly_skeptical,2,2,0
about_enjoyable,2,2,0
apparently_untrue,2,2,0
less_appreciative,2,1,1
frankly_clueless,2,2,0
exclusively_spanish,2,0,2
dramatically_happier,2,2,0
frankly_disturbing,2,2,0
apparently_close,2,2,0
less_compact,2,2,0
about_crazy,2,2,0
conveniently_adjacent,2,0,2
less_comical,2,2,0
less_comic,2,1,1
less_collaborative,2,1,1
less_comparable,2,2,0
less_cognizant,2,2,0
apparently_busy,2,2,0
excruciatingly_beautiful,2,1,1
less_cocky,2,1,1
less_clueless,2,1,1
less_cloying,2,1,1
continuously_worried,2,2,0
apparently_closer,2,1,1
less_cloudy,2,2,0
continuously_visible,2,2,0
less_congenial,2,2,0
apparently_successful,2,2,0
conspicuously_close,2,1,1
conspicuously_better,2,2,0
apparently_comfortable,2,1,1
less_conciliatory,2,2,0
exquisitely_delightful,2,1,1
continuously_wet,2,2,0
exquisitely_different,2,1,1
brazenly_one-dimensional,2,2,0
about_cozy,2,2,0
less_compulsory,2,2,0
less_comprehensible,2,2,0
less_complicit,2,1,1
fresh_creative,2,2,0
less_classical,2,1,1
fresh_new,2,1,1
conveniently_obtainable,2,2,0
about_decadent,2,2,0
early_shaky,2,2,0
less_cartoony,2,1,1
apparently_unhappy,2,2,0
hopelessly_ambiguous,2,2,0
less_bumpy,2,1,1
apparently_benign,2,2,0
apparently_unfair,2,2,0
less_bullish,2,2,0
hopelessly_antiquated,2,2,0
less_brittle,2,1,1
less_breathable,2,2,0
less_brazen,2,2,0
easily_actionable,2,2,0
hopelessly_addicted,2,1,1
frankly_contemptuous,2,2,0
apparently_bigger,2,1,1
fresh_good,2,2,0
frankly_depressing,2,2,0
less_civil,2,2,0
consistently_upbeat,2,2,0
frankly_dangerous,2,2,0
less_circumstantial,2,2,0
brazenly_horrible,2,2,0
less_christian,2,2,0
brilliantly_authentic,2,0,2
consistently_unique,2,1,1
brazenly_honest,2,2,0
less_chilly,2,0,2
less_chic,2,1,1
less_chewy,2,1,1
less_chatty,2,2,0
less_amicable,2,2,0
about_fewer,2,2,0
legally_tenable,2,2,0
about_fit,2,2,0
both_visible,2,2,0
about_larger,2,2,0
about_late,2,2,0
convincingly_young,2,2,0
formerly_rich,2,2,0
legitimately_happy,2,1,1
coolly_distant,2,2,0
hopelessly_ill,2,2,0
exclusively_internal,2,2,0
downright_weak,2,2,0
about_light,2,2,0
hopelessly_immature,2,1,1
consistently_loyal,2,2,0
coolly_lethal,2,2,0
legitimately_difficult,2,2,0
legitimately_hilarious,2,2,0
easily_more,2,2,0
easily_marketable,2,1,1
hopelessly_hopeful,2,2,0
legitimately_loopy,2,2,0
convincingly_real,2,2,0
brilliantly_crazy,2,1,1
easily_lead,2,2,0
frighteningly_dangerous,2,1,1
about_international,2,2,0
both_warm,2,2,0
legitimately_ignorant,2,1,1
downright_wild,2,2,0
downright_wicked,2,2,0
easily_malleable,2,2,0
easily_maneuverable,2,2,0
legitimately_ill,2,2,0
appealingly_direct,2,1,1
downright_wasteful,2,2,0
hopelessly_inappropriate,2,1,1
formerly_popular,2,2,0
about_newer,2,2,0
formerly_involved,2,1,1
legally_weak,2,2,0
legally_vulnerable,2,2,0
frighteningly_fun,2,1,1
formerly_intimate,2,2,0
downright_unwatchable,2,2,0
formerly_industrial,2,2,0
consistently_incorrect,2,2,0
legally_unsound,2,2,0
downright_unusable,2,2,0
formerly_human,2,2,0
historically_white,2,2,0
downright_unsuccessful,2,2,0
legally_troubling,2,2,0
about_multiple,2,2,0
downright_utopian,2,2,0
legitimately_curious,2,2,0
downright_vindictive,2,2,0
legitimately_confused,2,2,0
easily_pliable,2,2,0
brilliantly_detailed,2,2,0
historically_wrong,2,2,0
legitimately_complicated,2,0,2
hopelessly_inefficient,2,2,0
legitimately_busy,2,2,0
formerly_jewish,2,2,0
exclusively_feminine,2,1,1
hopelessly_insane,2,2,0
downright_venomous,2,2,0
easily_soluble,2,2,0
anyway_related,2,2,0
legitimately_afraid,2,1,1
convincingly_human,2,2,0
hitherto_unprecedented,2,0,2
formerly_single,2,2,0
less_accommodative,2,2,0
less_adaptive,2,2,0
less_adaptable,2,2,0
frighteningly_adorable,2,2,0
consistently_rational,2,2,0
less_achievable,2,1,1
both_younger,2,2,0
less_abrupt,2,1,1
fortunately_able,2,2,0
easily_expandable,2,2,0
about_full,2,2,0
legitimately_worth,2,1,1
hopelessly_doomed,2,1,1
apparently_worried,2,2,0
easily_familiar,2,2,0
less_administrative,2,2,0
less_adroit,2,2,0
appallingly_low,2,2,0
easily_dismissive,2,2,0
consistently_shy,2,2,0
less_altruistic,2,1,1
less_alone,2,2,0
honestly_amazing,2,2,0
apparently_visible,2,0,2
less_alien,2,0,2
easily_disposable,2,2,0
less_aesthetic,2,1,1
freshly_single,2,2,0
consistently_safe,2,2,0
less_aggravating,2,1,1
apparently_weak,2,2,0
exclusively_predatory,2,2,0
less_affectionate,2,2,0
hopelessly_dull,2,2,0
conventionally_social,2,2,0
downright_worried,2,2,0
formerly_sovereign,2,2,0
about_happy,2,2,0
consistently_positive,2,2,0
legitimately_shady,2,0,2
frighteningly_common,2,1,1
frighteningly_competent,2,2,0
easily_imaginable,2,2,0
legitimately_related,2,2,0
downright_zany,2,2,0
about_high,2,2,0
about_higher,2,2,0
about_honest,2,2,0
downright_worthless,2,2,0
frighteningly_complex,2,1,1
easily_intelligible,2,2,0
legitimately_stupid,2,1,1
exclusively_online,2,2,0
easily_flammable,2,2,0
brilliantly_complex,2,0,2
both_wise,2,2,0
apparently_worst,2,2,0
legitimately_unique,2,0,2
conventionally_unattractive,2,2,0
dramatically_appropriate,2,2,0
appallingly_ignorant,2,2,0
legitimately_tough,2,2,0
easily_heartbroken,2,2,0
both_widespread,2,2,0
consistently_profitable,2,2,0
legitimately_terrifying,2,1,1
easily_good,2,2,0
exclusively_oral,2,2,0
legitimately_terrified,2,2,0
conspicuously_empty,2,2,0
excruciatingly_embarrassing,2,2,0
apparently_confused,2,2,0
hopefully_subtle,2,1,1
constantly_unfolding,2,2,0
apparently_homeless,2,2,0
less_explosive,2,0,2
explicitly_critical,2,2,0
constantly_confused,2,2,0
apparently_high,2,1,1
explicitly_right-wing,2,2,0
explicitly_sectarian,2,2,0
constantly_vigilant,2,1,1
less_existential,2,0,2
apparently_normal,2,2,0
drastically_uninformed,2,2,0
explicitly_sensual,2,2,0
frankly_sick,2,2,0
explicitly_sexist,2,2,0
drastically_understated,2,2,0
constantly_curious,2,1,1
less_extremist,2,2,0
less_fanatical,2,1,1
less_fast,2,2,0
breathtakingly_stupid,2,1,1
constantly_disappointed,2,2,0
less_far-reaching,2,0,2
drastically_amiss,2,1,1
explicitly_queer,2,2,0
explicitly_racial,2,2,0
frequently_annoyed,2,2,0
freely_willing,2,2,0
explicitly_different,2,1,1
less_fake,2,2,0
less_factual,2,2,0
frankly_terrified,2,2,0
frankly_terrible,2,2,0
hopefully_enough,2,1,1
explicitly_skeptical,2,2,0
frequently_disappointed,2,2,0
abnormally_thick,2,2,0
apparently_genuine,2,2,0
apparently_peaceful,2,2,0
frequently_good,2,2,0
less_empathetic,2,2,0
less_emotive,2,2,0
hopefully_happy,2,2,0
less_embarrassed,2,2,0
less_enamoured,2,1,1
less_elusive,2,0,2
apparently_frightened,2,2,0
apparently_perfect,2,2,0
less_egalitarian,2,2,0
less_edible,2,1,1
explicitly_anti-semitic,2,2,0
abnormally_strong,2,2,0
less_enlightening,2,2,0
less_exaggerated,2,1,1
less_ethereal,2,2,0
less_evocative,2,0,2
less_eventful,2,2,0
breathtakingly_wrong,2,1,1
explicitly_spiritual,2,1,1
explicitly_autobiographical,2,2,0
frankly_scary,2,2,0
less_established,2,0,2
hopefully_few,2,1,1
apparently_good,2,1,1
frankly_rubbish,2,2,0
less_equivocal,2,2,0
less_equitable,2,1,1
apparently_giddy,2,2,0
less_entrepreneurial,2,2,0
freely_scalable,2,2,0
apparently_impressed,2,2,0
less_fastidious,2,2,0
less_general,2,1,1
constantly_needy,2,2,0
less_glaring,2,2,0
less_gigantic,2,0,2
freakishly_flexible,2,2,0
less_gentle,2,2,0
less_genteel,2,0,2
apparently_malnourished,2,2,0
less_godly,2,1,1
constantly_guilty,2,2,0
honestly_willing,2,1,1
constantly_new,2,1,1
drastically_higher,2,2,0
less_geeky,2,0,2
less_gaudy,2,0,2
less_glossy,2,0,2
less_golden,2,2,0
less_fundamental,2,1,1
constantly_ill,2,2,0
apparently_loyal,2,1,1
less_grotesque,2,1,1
less_grisly,2,2,0
less_gripping,2,2,0
drastically_negative,2,1,1
less_grim,2,0,2
less_grievous,2,2,0
constantly_moist,2,2,0
less_grey,2,2,0
less_gray,2,2,0
constantly_low,2,2,0
less_gratifying,2,2,0
drastically_less,2,2,0
breathtakingly_reactionary,2,2,0
honestly_worth,2,2,0
less_fruity,2,1,1
abnormally_normal,2,2,0
less_ferocious,2,0,2
apparently_independent,2,2,0
hopefully_aware,2,2,0
apparently_incorrect,2,2,0
apparently_inconsistent,2,2,0
apparently_more,2,2,0
frankly_unnecessary,2,2,0
apparently_inane,2,0,2
breathtakingly_simple,2,2,0
constantly_drunk,2,2,0
less_fearsome,2,1,1
less_favorite,2,2,0
explicitly_partisan,2,2,0
explicitly_feminist,2,2,0
explicitly_personal,2,2,0
less_final,2,0,2
apparently_innocent,2,1,1
abnormally_cold,2,2,0
constantly_online,2,2,0
drastically_overweight,2,2,0
apparently_minor,2,1,1
apparently_irrational,2,1,1
freakishly_different,2,0,2
explicitly_homophobic,2,2,0
less_frantic,2,0,2
less_fragrant,2,1,1
less_floral,2,0,2
less_foul,2,2,0
apparently_miraculous,2,2,0
constantly_paranoid,2,2,0
apparently_insolvent,2,2,0
abnormally_hard,2,1,1
constantly_excited,2,2,0
explicitly_true,2,2,0
less_eclectic,2,0,2
dreadfully_ill,2,2,0
dreadfully_unhappy,2,2,0
less_cyclical,2,1,1
conspicuously_missing,2,1,1
less_customizable,2,2,0
brightly_pessimistic,2,2,0
less_curvy,2,1,1
continually_subject,2,2,0
excruciatingly_long,2,2,0
apparently_serious,2,2,0
less_cryptic,2,2,0
apparently_dangerous,2,1,1
breathtakingly_cold,2,2,0
conspicuously_male,2,2,0
about_beautiful,2,2,0
less_crisp,2,2,0
continually_present,2,2,0
less_dear,2,0,2
dreadfully_worse,2,2,0
hopefully_new,2,0,2
breathtakingly_dishonest,2,1,1
conspicuously_quiet,2,2,0
less_demeaning,2,1,1
less_delicate,2,1,1
breathtakingly_detailed,2,2,0
excruciatingly_personal,2,2,0
less_defiant,2,2,0
frankly_incredulous,2,2,0
dramatically_positive,2,2,0
less_defensive,2,2,0
about_awesome,2,2,0
exponentially_easier,2,2,0
excruciatingly_obvious,2,2,0
less_decorative,2,1,1
dreadfully_weak,2,2,0
less_creamy,2,1,1
less_despicable,2,1,1
frankly_frightening,2,2,0
less_conversant,2,2,0
about_comforting,2,2,0
less_controllable,2,1,1
less_contrite,2,2,0
about_comfy,2,2,0
frankly_funny,2,2,0
less_contemporary,2,1,1
less_convoluted,2,1,1
less_contemplative,2,1,1
apparently_controversial,2,2,0
less_constant,2,1,1
less_considerate,2,2,0
exquisitely_clear,2,2,0
less_considerable,2,2,0
about_comfortable,2,2,0
less_cordial,2,1,1
less_cranky,2,2,0
conspicuously_lacking,2,1,1
brightly_spirited,2,2,0
less_cozy,2,2,0
about_caring,2,2,0
apparently_small,2,2,0
excruciatingly_hot,2,1,1
frequently_unsuccessful,2,2,0
less_courteous,2,2,0
continuously_curious,2,2,0
about_cheap,2,2,0
less_cosmic,2,0,2
dramatically_negative,2,1,1
breathtakingly_audacious,2,2,0
less_cosmetic,2,1,1
apparently_solid,2,1,1
dreadfully_simple,2,2,0
excruciatingly_sad,2,2,0
constitutionally_qualified,2,2,0
less_divine,2,1,1
contextually_correct,2,2,0
frankly_obese,2,2,0
breathtakingly_handsome,2,2,0
apparently_fair,2,2,0
frankly_negative,2,2,0
frequently_late,2,2,0
apparently_quiet,2,2,0
constantly_anxious,2,2,0
frequently_less,2,2,0
less_disturbed,2,0,2
constantly_accessible,2,2,0
about_able,2,2,0
breathtakingly_good,2,2,0
about_active,2,2,0
hopefully_helpful,2,2,0
dramatically_superior,2,1,1
frequently_necessary,2,2,0
apparently_foreign,2,0,2
dreadfully_lacking,2,0,2
constitutionally_questionable,2,1,1
less_dysfunctional,2,0,2
less_dusty,2,1,1
explicitly_visible,2,2,0
less_due,2,2,0
less_drowsy,2,2,0
breathtakingly_honest,2,2,0
constitutionally_sound,2,2,0
apparently_poor,2,1,1
constitutionally_vague,2,2,0
apparently_fluent,2,2,0
constitutionally_wrong,2,0,2
abnormally_wet,2,2,0
less_distasteful,2,1,1
less_dissatisfied,2,2,0
less_detectable,2,2,0
conspicuously_strong,2,2,0
brightly_hued,2,2,0
less_discernible,2,2,0
less_disappointing,2,2,0
less_disadvantaged,2,2,0
less_dirty,2,1,1
less_directional,2,2,0
frankly_ludicrous,2,2,0
apparently_due,2,1,1
dramatically_safer,2,1,1
excruciatingly_specific,2,2,0
frequently_repeatable,2,2,0
less_devious,2,0,2
apparently_distinct,2,2,0
apparently_scared,2,2,0
less_discouraging,2,1,1
apparently_empty,2,2,0
contextually_related,2,2,0
explosively_powerful,2,1,1
contextually_rich,2,2,0
dramatically_smaller,2,1,1
excruciatingly_uncomfortable,2,2,0
explosively_funny,2,2,0
dramatically_slower,2,2,0
frequently_open,2,2,0
conspicuously_vacant,2,2,0
apparently_enjoyable,2,1,1
apparently_ephemeral,2,1,1
frequently_present,2,2,0
frankly_mediocre,2,2,0
frequently_problematic,2,2,0
about_affordable,2,2,0
apparently_enough,2,2,0
downright_unscrupulous,2,2,0
downright_unsatisfying,2,2,0
egregiously_misleading,2,2,0
forever_convinced,2,2,0
considerably_easy,2,1,1
largely_raw,2,2,0
eerily_sinister,2,1,1
downright_obese,2,2,0
frightfully_romantic,2,2,0
absolutely_alright,2,2,0
horribly_aware,2,2,0
both_safe,2,2,0
extra_fearful,2,2,0
horribly_bigoted,2,2,0
eerily_stoic,2,1,1
extra_friendly,2,2,0
considerably_difficult,2,2,0
considerably_dangerous,2,1,1
extra_important,2,2,0
frightfully_nice,2,2,0
extra_excited,2,1,1
annoyingly_perfect,2,2,0
horribly_afraid,2,2,0
considerably_harder,2,2,0
absolutely_adamant,2,2,0
absolutely_addicting,2,2,0
largely_self-explanatory,2,2,0
annoyingly_positive,2,2,0
extra_difficult,2,2,0
frightfully_keen,2,2,0
downright_obvious,2,2,0
downright_old,2,2,0
downright_offended,2,2,0
brilliantly_talented,2,2,0
extra_economical,2,2,0
eerily_recognizable,2,1,1
brilliantly_twisted,2,0,2
criminally_dangerous,2,2,0
absolutely_apparent,2,2,0
frightfully_stupid,2,2,0
annoyingly_nice,2,2,0
annoyingly_obvious,2,2,0
criminally_incompetent,2,2,0
appropriately_modest,2,2,0
broadly_cultural,2,2,0
downright_messy,2,2,0
absolutely_best,2,2,0
criminally_lazy,2,2,0
horribly_common,2,1,1
criminally_minded,2,2,0
criminally_motivated,2,2,0
frustratingly_close,2,2,0
absolutely_blind,2,2,0
criminally_naive,2,2,0
horribly_creepy,2,2,0
downright_mistaken,2,2,0
horribly_cold,2,1,1
downright_nervous,2,2,0
excessively_talkative,2,2,0
considerably_concerned,2,2,0
criminally_delicious,2,2,0
absolutely_arrogant,2,2,0
broadly_appealing,2,2,0
excessively_tall,2,2,0
downright_naughty,2,2,0
frustratingly_addictive,2,2,0
broadly_comparable,2,2,0
downright_mundane,2,2,0
excessively_suspicious,2,2,0
criminally_illegal,2,2,0
downright_moronic,2,2,0
extra_large,2,1,1
criminally_inclined,2,2,0
largely_stagnant,2,2,0
downright_orwellian,2,2,0
appropriately_glib,2,2,0
downright_predatory,2,2,0
creatively_stimulating,2,0,2
creatively_successful,2,2,0
downright_prickly,2,2,0
excessively_upsetting,2,2,0
considerably_quicker,2,2,0
downright_prescient,2,2,0
annoyingly_quirky,2,1,1
both_small,2,2,0
eerily_empty,2,2,0
brilliantly_silly,2,2,0
above_low,2,2,0
considerably_nasty,2,2,0
above_moderate,2,2,0
considerably_narrower,2,2,0
eerily_consistent,2,0,2
largely_unspoken,2,1,1
frightfully_easy,2,2,0
extra_bleak,2,0,2
horrendously_dangerous,2,2,0
creatively_refreshing,2,1,1
eerily_beguiling,2,0,2
appropriately_descriptive,2,1,1
horrendously_difficult,2,2,0
annoyingly_right,2,2,0
largely_unused,2,2,0
eerily_coincidental,2,1,1
downright_raw,2,2,0
excessively_verbose,2,2,0
brilliantly_prescient,2,2,0
eerily_captivating,2,1,1
frightfully_clever,2,1,1
considerably_richer,2,0,2
downright_philosophical,2,1,1
horrendously_malnourished,2,2,0
largely_superficial,2,2,0
absolute_worse,2,2,0
largely_unavailable,2,2,0
largely_unattainable,2,1,1
eerily_lifelike,2,1,1
brilliantly_subtle,2,2,0
downright_patriotic,2,1,1
appropriately_fun,2,2,0
absolutely_acceptable,2,1,1
largely_unconcerned,2,2,0
largely_transient,2,2,0
largely_traditional,2,2,0
downright_panicked,2,2,0
largely_temporary,2,2,0
largely_technical,2,2,0
downright_outlandish,2,2,0
considerably_large,2,2,0
horrendously_rude,2,1,1
downright_petty,2,2,0
appropriately_explosive,2,0,2
largely_uninformed,2,2,0
largely_unheralded,2,2,0
largely_unforeseen,2,1,1
downright_perverted,2,2,0
excessively_unpredictable,2,2,0
largely_unenforceable,2,2,0
downright_pernicious,2,2,0
considerably_longer,2,2,0
largely_undeveloped,2,2,0
downright_perfect,2,2,0
both_similar,2,2,0
eerily_identical,2,2,0
largely_undefined,2,2,0
both_silly,2,2,0
downright_malevolent,2,2,0
criminally_punishable,2,2,0
legally_suspect,2,2,0
effectively_extinct,2,2,0
consciously_dishonest,2,2,0
broadly_positive,2,2,0
absolutely_disappointing,2,2,0
extraordinarily_accurate,2,2,0
absolutely_disgusted,2,2,0
absolutely_distinct,2,2,0
absolutely_distinctive,2,0,2
both_problematic,2,2,0
annoyingly_happy,2,2,0
appropriately_sober,2,1,1
absolutely_dramatic,2,0,2
cruelly_dismissive,2,2,0
broadly_reflective,2,2,0
effortlessly_informative,2,2,0
extraordinarily_alive,2,2,0
both_proud,2,2,0
crucially_different,2,1,1
downright_insensitive,2,2,0
frustratingly_imprecise,2,2,0
absolutely_decadent,2,0,2
consciously_literary,2,1,1
critically_significant,2,0,2
effectively_worth,2,2,0
critically_underfunded,2,2,0
critically_useful,2,2,0
frustratingly_inaccurate,2,2,0
horribly_fascinating,2,1,1
both_reasonable,2,2,0
absolutely_depressing,2,2,0
horribly_false,2,1,1
largely_immune,2,2,0
excessively_rewarding,2,2,0
largely_imaginary,2,2,0
effortlessly_obtainable,2,2,0
largely_hereditary,2,2,0
absolutely_dull,2,0,2
both_oppressed,2,2,0
absolutely_evident,2,2,0
appropriately_sympathetic,2,1,1
absolutely_exclusive,2,0,2
largely_foreign,2,2,0
egregiously_flawed,2,2,0
both_optional,2,2,0
frustratingly_limited,2,2,0
egregiously_awful,2,0,2
confusingly_complex,2,2,0
historically_incorrect,2,2,0
confusingly_close,2,2,0
both_open,2,2,0
appropriately_transparent,2,2,0
crushingly_banal,2,2,0
confusingly_elaborate,2,2,0
extraordinarily_bad,2,2,0
absolutely_dumbfounded,2,2,0
downright_inflammatory,2,2,0
excessively_rare,2,1,1
horribly_gruesome,2,2,0
downright_inhumane,2,2,0
appropriately_spooky,2,1,1
excessively_proud,2,2,0
extraordinarily_attractive,2,1,1
both_perfect,2,2,0
effortlessly_watchable,2,1,1
broadly_secular,2,2,0
flatly_ridiculous,2,1,1
downright_infectious,2,1,1
both_painful,2,2,0
absolutely_enchanting,2,1,1
absolutely_enough,2,2,0
absolutely_dark,2,2,0
effectively_unsettling,2,2,0
excessively_sensitive,2,2,0
downright_legendary,2,2,0
critically_absent,2,2,0
horribly_depressed,2,2,0
excessively_soft,2,2,0
annoyingly_loud,2,2,0
largely_manual,2,2,0
absolutely_calm,2,2,0
downright_lavish,2,2,0
annoyingly_naive,2,1,1
broadly_humorous,2,2,0
downright_lame,2,2,0
downright_lacking,2,2,0
horribly_destructive,2,1,1
effectively_non-existent,2,2,0
horribly_disappointing,2,1,1
consequently_glad,2,2,0
effectively_invisible,2,2,0
excessively_simple,2,2,0
absolutely_bogus,2,2,0
criminally_reckless,2,2,0
appropriately_noteworthy,2,2,0
downright_luxurious,2,2,0
effectively_homeless,2,1,1
horribly_cynical,2,2,0
criminally_short,2,2,0
effectively_immutable,2,2,0
consequently_happy,2,2,0
effectively_impossible,2,2,0
largely_mythical,2,2,0
frustratingly_correct,2,2,0
extra_nice,2,2,0
downright_lovable,2,2,0
excessively_spicy,2,2,0
largely_jewish,2,2,0
horribly_dishonest,2,2,0
largely_incomprehensible,2,0,2
forever_alert,2,1,1
largely_indigenous,2,2,0
downright_intolerable,2,2,0
downright_interesting,2,2,0
frustratingly_familiar,2,2,0
frustratingly_formulaic,2,2,0
absolutely_counterproductive,2,1,1
excessively_serious,2,2,0
frustratingly_erratic,2,2,0
frustratingly_full,2,2,0
consciously_present,2,2,0
appropriately_related,2,2,0
absolutely_cruel,2,1,1
effectively_unregulated,2,2,0
largely_inconsequential,2,2,0
critically_different,2,0,2
forever_available,2,2,0
horribly_disorganized,2,2,0
downright_irrelevant,2,2,0
broadly_interdisciplinary,2,2,0
downright_irritable,2,2,0
excessively_short,2,2,0
absolutely_complimentary,2,2,0
downright_irresistible,2,2,0
largely_interchangeable,2,2,0
downright_irrational,2,2,0
critically_dangerous,2,2,0
downright_irate,2,2,0
critically_concerned,2,2,0
effectively_secular,2,2,0
largely_insensitive,2,2,0
largely_innocent,2,0,2
historically_new,2,0,2
about_yellow,2,2,0
largely_unwilling,2,2,0
creatively_powerful,2,1,1
downright_resistant,2,2,0
legally_deficient,2,2,0
downright_unattractive,2,2,0
about_rapid,2,2,0
legally_dead,2,2,0
anyway_acceptable,2,2,0
legally_dangerous,2,2,0
economically_conscious,2,2,0
legally_damaging,2,2,0
downright_unable,2,2,0
legally_complicated,2,2,0
exclusively_american,2,0,2
about_relative,2,2,0
economically_damaging,2,2,0
about_relaxed,2,2,0
historically_true,2,2,0
consistently_effective,2,2,0
legally_detrimental,2,2,0
hopelessly_narcissistic,2,2,0
formally_unusual,2,2,0
economically_advisable,2,2,0
legally_erroneous,2,2,0
appreciably_faster,2,2,0
consistently_enjoyable,2,2,0
exclusively_beneficial,2,1,1
hopelessly_mundane,2,1,1
legally_effective,2,2,0
legally_different,2,2,0
about_proud,2,1,1
legally_due,2,2,0
downright_uncool,2,1,1
economically_backward,2,2,0
legally_difficult,2,2,0
downright_unconstitutional,2,1,1
downright_troubling,2,2,0
downright_troublesome,2,2,0
economically_dependant,2,2,0
formally_minuscule,2,2,0
least_safe,2,2,0
least_royal,2,2,0
crazy_exciting,2,0,2
economically_healthy,2,2,0
least_reliable,2,2,0
least_profitable,2,2,0
about_satisfying,2,2,0
downright_thrilling,2,1,1
both_ugly,2,2,0
economically_impractical,2,2,0
brilliantly_green,2,2,0
frighteningly_low,2,2,0
downright_thick,2,2,0
about_scary,2,2,0
frighteningly_long,2,2,0
economically_fragile,2,2,0
economically_desirable,2,2,0
legally_ambiguous,2,2,0
legally_bankrupt,2,2,0
downright_tropical,2,2,0
about_rewarding,2,2,0
legally_armed,2,2,0
hopelessly_obsolete,2,2,0
consistently_damp,2,2,0
crazy_complicated,2,2,0
economically_favorable,2,2,0
legally_admissible,2,2,0
excitingly_unique,2,2,0
economically_disruptive,2,2,0
formally_religious,2,2,0
anymore_difficult,2,2,0
consistently_courteous,2,2,0
economically_advantaged,2,2,0
economically_active,2,2,0
extensively_clean,2,2,0
downright_unlucky,2,2,0
consistently_helpful,2,2,0
downright_unpalatable,2,2,0
cosmetically_unappealing,2,2,0
downright_unnecessary,2,2,0
ecologically_agreeable,2,2,0
cosmetically_unattractive,2,2,0
cosmetically_undesirable,2,2,0
about_open,2,2,0
downright_unlikely,2,2,0
historically_unusual,2,1,1
legally_old,2,2,0
exquisitely_terrifying,2,2,0
consistently_heavy,2,2,0
exclusively_concerned,2,1,1
legally_proper,2,2,0
appealingly_poignant,2,0,2
counter_effective,2,2,0
downright_unrealistic,2,2,0
both_unsatisfied,2,2,0
legally_sketchy,2,0,2
downright_unreasonable,2,2,0
legally_safe,2,2,0
easily_usable,2,2,0
easily_watchable,2,2,0
easily_willing,2,2,0
brilliantly_effective,2,2,0
legally_right,2,1,1
frighteningly_funny,2,2,0
historically_valid,2,1,1
legally_related,2,2,0
easily_winded,2,2,0
formerly_free,2,2,0
legally_obscene,2,2,0
downright_uninteresting,2,2,0
downright_unforgettable,2,2,0
formerly_british,2,2,0
downright_ungrateful,2,2,0
legally_incorrect,2,2,0
ecologically_responsible,2,1,1
downright_unfriendly,2,2,0
both_unique,2,2,0
ecologically_sound,2,2,0
formerly_black,2,2,0
ecologically_minded,2,2,0
ecologically_unsound,2,2,0
consistently_fast,2,2,0
anyway_creepy,2,2,0
legally_gray,2,2,0
about_practical,2,2,0
economically_able,2,2,0
downright_unhappy,2,2,0
frighteningly_high,2,2,0
downright_uninterested,2,2,0
crazily_beautiful,2,1,1
consistently_healthy,2,1,1
ecologically_disastrous,2,2,0
legally_meaningless,2,2,0
frighteningly_hard,2,2,0
both_unnecessary,2,2,0
hopelessly_liberal,2,2,0
consistently_hard,2,2,0
crazily_complex,2,2,0
ecologically_flexible,2,2,0
legally_mandatory,2,2,0
consistently_happy,2,2,0
legally_justified,2,2,0
legally_invisible,2,2,0
brilliantly_evil,2,2,0
both_typical,2,2,0
downright_testy,2,2,0
least_noticeable,2,2,0
hopelessly_unrealistic,2,2,0
forever_relevant,2,2,0
both_successful,2,2,0
about_traditional,2,2,0
creatively_curious,2,2,0
both_subtle,2,2,0
forever_present,2,2,0
later_unable,2,2,0
creatively_crafty,2,2,0
creatively_diverse,2,1,1
later_subject,2,2,0
downright_seductive,2,2,0
later_shocked,2,2,0
economically_unsustainable,2,2,0
later_relaxed,2,2,0
downright_shy,2,2,0
frighteningly_small,2,2,0
appropriately_concerned,2,2,0
frighteningly_sad,2,2,0
brilliantly_inventive,2,0,2
consistently_able,2,1,1
about_tender,2,2,0
considerably_wrong,2,1,1
downright_sloppy,2,2,0
frighteningly_reminiscent,2,2,0
historically_sensitive,2,2,0
excessively_windy,2,2,0
laughably_far-fetched,2,1,1
downright_skinny,2,2,0
forever_safe,2,2,0
downright_silent,2,2,0
about_tired,2,2,0
laughably_clunky,2,2,0
excessively_warm,2,2,0
both_strong,2,2,0
creatively_adventurous,2,2,0
frighteningly_violent,2,2,0
creatively_logical,2,2,0
forever_new,2,2,0
both_soft,2,2,0
downright_revolting,2,2,0
educationally_retarded,2,2,0
both_smart,2,2,0
both_smaller,2,2,0
considerably_superior,2,1,1
considerably_smarter,2,1,1
largely_valid,2,2,0
considerably_short,2,2,0
appropriately_critical,2,2,0
about_wonderful,2,2,0
extra_attentive,2,2,0
downright_rowdy,2,2,0
creatively_lazy,2,2,0
economically_valid,2,2,0
historically_religious,2,2,0
both_stressful,2,2,0
both_strange,2,2,0
economically_vital,2,2,0
creatively_expressive,2,0,2
historically_remote,2,2,0
considerably_taller,2,2,0
historically_reliable,2,2,0
educationally_appropriate,2,1,1
downright_ruthless,2,2,0
economically_worse,2,1,1
hopelessly_young,2,2,0
economically_wrong,2,1,1
about_visible,2,2,0
later_dependent,2,2,0
economically_stagnant,2,2,0
brilliantly_innovative,2,2,0
any_whiter,2,2,0
about_simpler,2,2,0
economically_literate,2,2,0
about_shorter,2,2,0
about_silly,2,2,0
lawfully_subject,2,2,0
formally_democratic,2,2,0
both_toxic,2,2,0
laughably_weak,2,2,0
any_shorter,2,2,0
laughably_useless,2,2,0
economically_marginalised,2,2,0
any_prettier,2,2,0
any_nicer,2,2,0
brilliantly_immature,2,2,0
hopelessly_reactionary,2,2,0
downright_surgical,2,2,0
extensively_misunderstood,2,2,0
economically_obsolete,2,2,0
downright_tasteless,2,2,0
economically_insignificant,2,2,0
any_weirder,2,2,0
extensively_intricate,2,2,0
appropriately_ambitious,2,2,0
any_tougher,2,2,0
economically_interdependent,2,2,0
appropriately_angry,2,2,0
any_simpler,2,0,2
any_taller,2,2,0
downright_tacky,2,2,0
about_sexy,2,2,0
economically_liberal,2,2,0
consistently_competitive,2,2,0
any_smaller,2,2,0
laughably_unbelievable,2,1,1
any_lesser,2,2,0
brilliantly_informative,2,2,0
downright_spoiled,2,2,0
excitingly_dramatic,2,2,0
about_straight,2,2,0
consistently_beautiful,2,2,0
about_straightforward,2,2,0
crazy_supportive,2,2,0
crazy_thrilled,2,2,0
about_strange,2,2,0
hopelessly_stuck,2,2,0
economically_robust,2,2,0
consistently_average,2,2,0
both_terrified,2,2,0
downright_sordid,2,2,0
laughably_inconsequential,2,1,1
any_clearer,2,1,1
laughably_naive,2,2,0
consistently_brilliant,2,2,0
both_tough,2,2,0
downright_sticky,2,2,0
crazy_romantic,2,0,2
economically_possible,2,2,0
frighteningly_new,2,1,1
about_specific,2,2,0
forever_wild,2,2,0
excitingly_good,2,2,0
laughably_simple,2,2,0
consistently_challenging,2,2,0
economically_profitable,2,2,0
economically_prudent,2,2,0
laughably_short,2,1,1
laughably_ridiculous,2,2,0
hopelessly_shallow,2,2,0
any_heavier,2,2,0
certainly_distinctive,2,1,1
incredibly_misinformed,2,2,0
exceptionally_stressful,2,2,0
always_male,2,2,0
actually_insane,2,2,0
hugely_unique,2,0,2
exceedingly_soft,2,2,0
actually_inspiring,2,1,1
always_mean,2,2,0
fantastically_successful,2,2,0
distinctly_recognisable,2,1,1
just_old-school,2,1,1
just_observant,2,2,0
actually_intentional,2,2,0
always_magical,2,1,1
just_obese,2,2,0
exceedingly_smug,2,2,0
as_benevolent,2,1,1
as_belligerent,2,1,1
generally_creative,2,2,0
actually_intriguing,2,2,0
actually_inconsequential,2,2,0
bitterly_misogynistic,2,2,0
highly_seductive,2,2,0
hugely_underrated,2,2,0
hugely_underrepresented,2,2,0
highly_secular,2,2,0
highly_sectarian,2,2,0
exceedingly_sticky,2,2,0
hugely_unhealthy,2,1,1
actually_independent,2,2,0
entirely_affordable,2,2,0
actually_indicative,2,2,0
actually_inferior,2,2,0
highly_sarcastic,2,2,0
just_open-minded,2,2,0
just_notorious,2,2,0
entirely_anecdotal,2,1,1
entirely_achievable,2,1,1
chemically_aggressive,2,2,0
actually_keen,2,2,0
hugely_wealthy,2,2,0
actually_lawful,2,2,0
actually_lazy,2,2,0
as_bereft,2,1,1
generally_depressed,2,2,0
highly_robust,2,2,0
hugely_watchable,2,1,1
exceedingly_sharp,2,2,0
actually_likable,2,2,0
generally_disinterested,2,2,0
actually_listenable,2,0,2
distinctly_racial,2,0,2
just_mysterious,2,2,0
entirely_average,2,1,1
just_naughty,2,2,0
just_noticeable,2,2,0
always_long,2,1,1
always_loud,2,2,0
actually_invalid,2,2,0
entirely_antithetical,2,1,1
hugely_uplifting,2,1,1
just_nonexistent,2,2,0
highly_safe,2,2,0
fantastically_right,2,2,0
actually_japanese,2,2,0
exceedingly_smart,2,2,0
actually_irrelevant,2,0,2
fantastically_rewarding,2,2,0
just_nerdy,2,2,0
hugely_volatile,2,2,0
actually_israeli,2,2,0
as_bearish,2,2,0
bitterly_negative,2,2,0
always_likable,2,2,0
distinctly_reminiscent,2,2,0
completely_offbeat,2,0,2
dangerously_sick,2,2,0
dangerously_similar,2,1,1
highly_serious,2,2,0
just_part-time,2,2,0
exceedingly_tough,2,2,0
just_overworked,2,2,0
bitterly_satirical,2,2,0
bitterly_resentful,2,2,0
completely_off-putting,2,0,2
just_overdue,2,2,0
entertainingly_goofy,2,2,0
actually_gray,2,2,0
as_averse,2,0,2
distinctly_retro,2,0,2
hugely_satisfied,2,2,0
bitterly_realistic,2,2,0
just_peripheral,2,2,0
exceedingly_ugly,2,2,0
highly_shocking,2,2,0
actually_formal,2,2,0
highly_sexist,2,1,1
bitterly_unfair,2,2,0
hugely_reliant,2,2,0
charmingly_quaint,2,1,1
hugely_romantic,2,0,2
hugely_repetitive,2,2,0
just_perceptible,2,2,0
always_obsessed,2,2,0
dangerously_sexy,2,0,2
always_obnoxious,2,2,0
enough_wrong,2,2,0
actually_green,2,2,0
charmingly_self-aware,2,1,1
as_baseless,2,0,2
entertainingly_wrong,2,2,0
just_other,2,1,1
always_moral,2,2,0
dangerously_strong,2,2,0
hugely_thankful,2,2,0
bitterly_partisan,2,2,0
actually_honest,2,2,0
just_orthodox,2,2,0
generally_comfortable,2,2,0
bitterly_nostalgic,2,2,0
distinctly_refreshing,2,0,2
entirely_able,2,2,0
just_oral,2,2,0
actually_ignorant,2,2,0
cheerfully_busy,2,2,0
exceedingly_supportive,2,2,0
actually_heterosexual,2,2,0
extraordinarily_terrible,2,0,2
highly_self-conscious,2,2,0
fantastically_wealthy,2,2,0
completely_off,2,2,0
as_awe,2,1,1
exceedingly_terrible,2,2,0
exceedingly_tasty,2,2,0
actually_happier,2,2,0
exceedingly_sweet,2,0,2
bitterly_poor,2,1,1
always_naked,2,1,1
as_backward,2,1,1
actually_hazardous,2,2,0
charmingly_unique,2,1,1
entertainingly_ridiculous,2,2,0
hugely_symbolic,2,2,0
actually_live,2,2,0
humanly_acceptable,2,2,0
extraordinarily_silly,2,1,1
highly_relatable,2,2,0
entirely_complete,2,2,0
exceedingly_precious,2,2,0
chemically_toxic,2,2,0
distinctly_pleasurable,2,0,2
actually_playable,2,1,1
bitingly_cold,2,2,0
as_brown,2,2,0
distinctly_poetic,2,1,1
exceedingly_poor,2,2,0
actually_poor,2,2,0
darkly_complex,2,2,0
generally_fair,2,2,0
bit_worried,2,2,0
always_inspiring,2,2,0
entirely_commonplace,2,1,1
just_logical,2,2,0
just_liquid,2,2,0
actually_overpriced,2,2,0
always_invalid,2,2,0
actually_outdated,2,2,0
just_mainstream,2,2,0
just_maddening,2,2,0
just_luxury,2,2,0
actually_overblown,2,2,0
entirely_commercial,2,2,0
always_intentional,2,1,1
actually_overwhelming,2,2,0
as_breezy,2,1,1
actually_palatable,2,1,1
fantastically_funny,2,2,0
just_lopsided,2,2,0
just_long-winded,2,2,0
entirely_conditional,2,2,0
darkly_creepy,2,1,1
actually_original,2,1,1
as_burdensome,2,0,2
actually_reasonable,2,2,0
fantastically_entertaining,2,2,0
entirely_contradictory,2,1,1
actually_red,2,2,0
completely_negligible,2,2,0
highly_refreshing,2,2,0
entirely_cool,2,0,2
actually_readable,2,1,1
bit_unrealistic,2,2,0
chemically_wrong,2,1,1
darkly_emotional,2,1,1
actually_reluctant,2,2,0
highly_recyclable,2,2,0
completely_needless,2,2,0
just_leery,2,2,0
highly_regressive,2,2,0
actually_profitable,2,2,0
darkly_cynical,2,2,0
actually_profound,2,2,0
actually_progressive,2,2,0
entirely_confused,2,2,0
always_inspirational,2,2,0
humanly_relatable,2,2,0
actually_proprietary,2,2,0
generally_fatal,2,2,0
just_legible,2,2,0
generally_favorable,2,2,0
actually_queer,2,2,0
distinctly_personal,2,1,1
exceedingly_pleasant,2,2,0
actually_random,2,2,0
actually_rarer,2,2,0
distinctly_populist,2,2,0
generally_expensive,2,2,0
actually_lonely,2,2,0
as_binary,2,2,0
exceedingly_rich,2,2,0
exceedingly_reluctant,2,2,0
fantastically_magical,2,0,2
chemically_imbalanced,2,2,0
fantastically_mad,2,1,1
actually_most,2,2,0
just_moral,2,2,0
actually_memorable,2,0,2
exceedingly_reckless,2,2,0
just_moot,2,2,0
generally_dry,2,2,0
just_moody,2,2,0
entirely_capitalist,2,2,0
as_blameless,2,2,0
actually_military,2,2,0
always_less,2,2,0
just_monogamous,2,2,0
just_muddy,2,2,0
generally_disruptive,2,2,0
actually_loose,2,2,0
exceedingly_secretive,2,1,1
always_liberal,2,1,1
entirely_bereft,2,2,0
just_murderous,2,2,0
always_liable,2,1,1
actually_many,2,2,0
actually_mad,2,2,0
actually_magical,2,2,0
as_bewildering,2,2,0
actually_malicious,2,2,0
dangerously_unprepared,2,2,0
bitterly_angry,2,2,0
actually_naked,2,2,0
highly_revealing,2,2,0
actually_online,2,2,0
just_marginal,2,2,0
always_irritated,2,2,0
as_bloated,2,1,1
as_bloodthirsty,2,2,0
just_meaningful,2,2,0
entirely_clad,2,2,0
just_married,2,2,0
just_manic,2,1,1
distinctly_problematic,2,2,0
as_blurry,2,2,0
highly_representative,2,2,0
bitingly_satirical,2,2,0
darkly_alluring,2,1,1
just_malevolent,2,2,0
entirely_classic,2,2,0
humanly_fallible,2,2,0
just_mesmerizing,2,2,0
just_moderate,2,2,0
fantastically_important,2,2,0
always_jumpy,2,2,0
just_mobile,2,2,0
entirely_cheery,2,0,2
generally_eager,2,2,0
dangerously_volatile,2,2,0
just_missing,2,2,0
actually_non-existent,2,2,0
dangerously_weak,2,2,0
distinctly_psychedelic,2,0,2
generally_enough,2,2,0
bitingly_witty,2,1,1
highly_resourceful,2,2,0
just_mindful,2,2,0
chemically_incompatible,2,2,0
highly_silly,2,2,0
just_perplexed,2,2,0
just_perplexing,2,2,0
just_sappy,2,2,0
completely_outraged,2,2,0
exceptionally_awful,2,2,0
actually_ancient,2,2,0
far_quieter,2,2,0
actually_antagonistic,2,2,0
hugely_kind,2,2,0
dangerously_irrelevant,2,2,0
hugely_inventive,2,2,0
enormously_strong,2,2,0
actually_artificial,2,2,0
actually_ashamed,2,2,0
far_prettier,2,0,2
actually_attainable,2,1,1
as_antisocial,2,1,1
actually_amiss,2,2,0
hugely_interactive,2,1,1
highly_superficial,2,2,0
far_second,2,2,0
exceptionally_basic,2,1,1
distinctly_unfair,2,0,2
distinctly_uneasy,2,2,0
enormously_rewarding,2,2,0
far_senior,2,1,1
completely_outstanding,2,1,1
enormously_satisfied,2,2,0
just_savvy,2,2,0
dangerously_impulsive,2,0,2
enormously_sensitive,2,2,0
dangerously_incomplete,2,2,0
hugely_instrumental,2,2,0
actually_allowable,2,2,0
bizarrely_specific,2,2,0
actually_authentic,2,2,0
extraordinarily_subtle,2,2,0
hugely_inefficient,2,2,0
far_milder,2,1,1
always_pleased,2,2,0
enormously_useful,2,2,0
exceptionally_annoying,2,2,0
always_plausible,2,2,0
always_physical,2,2,0
just_resentful,2,2,0
highly_subject,2,2,0
actually_boring,2,2,0
exceptionally_amazing,2,1,1
just_republican,2,2,0
as_approachable,2,1,1
far_luckier,2,2,0
hugely_offensive,2,1,1
charmingly_eccentric,2,2,0
always_plentiful,2,2,0
as_appalling,2,2,0
dangerously_loud,2,2,0
hugely_more,2,1,1
just_ruthless,2,2,0
highly_succesful,2,2,0
actually_believable,2,2,0
hugely_misunderstood,2,2,0
just_russian,2,2,0
just_run,2,2,0
dangerously_misguided,2,2,0
actually_bored,2,2,0
just_rougher,2,2,0
far_overdue,2,1,1
actually_bitter,2,2,0
actually_blind,2,2,0
always_political,2,2,0
enormously_unpopular,2,2,0
just_scarce,2,2,0
just_sci-fi,2,2,0
exceedingly_uncomfortable,2,2,0
just_sexist,2,2,0
further_distant,2,2,0
always_reachable,2,2,0
extraordinarily_sophisticated,2,1,1
blandly_inoffensive,2,1,1
actively_reluctant,2,2,0
hugely_frustrated,2,2,0
always_rational,2,1,1
just_sharp,2,2,0
just_severe,2,2,0
dangerously_easy,2,2,0
dangerously_effective,2,2,0
far_tighter,2,1,1
enormously_large,2,1,1
enormously_likeable,2,2,0
far_undiscovered,2,2,0
dangerously_drunk,2,2,0
exceptionally_cheap,2,2,0
always_remote,2,1,1
just_shrill,2,2,0
enormously_good,2,0,2
extraordinarily_similar,2,1,1
actively_offensive,2,2,0
just_shortsighted,2,2,0
actively_ongoing,2,2,0
always_reliable,2,2,0
as_amoral,2,1,1
hugely_flawed,2,2,0
far_unidentified,2,2,0
actively_predatory,2,2,0
extraordinarily_small,2,1,1
just_sheer,2,2,0
characteristically_different,2,2,0
further_good,2,2,0
completely_overt,2,2,0
far_sharper,2,1,1
always_prudent,2,2,0
extraordinarily_strange,2,1,1
always_psyched,2,2,0
bizarrely_wrong,2,2,0
highly_suspenseful,2,2,0
actively_willing,2,2,0
far_smoother,2,0,2
highly_surprising,2,2,0
enormously_positive,2,1,1
actually_abundant,2,2,0
actually_accessible,2,2,0
exceptionally_big,2,2,0
highly_surprised,2,2,0
highly_superstitious,2,1,1
actually_accountable,2,2,0
highly_sweet,2,2,0
highly_symmetrical,2,2,0
completely_overrated,2,1,1
hugely_humbling,2,1,1
just_self-indulgent,2,2,0
distinctly_unnerving,2,0,2
completely_overjoyed,2,2,0
actively_toxic,2,2,0
actively_ugly,2,1,1
enormously_offensive,2,0,2
exceptionally_capable,2,1,1
dangerously_flawed,2,2,0
enormously_patient,2,2,0
completely_overcooked,2,2,0
distinctly_ungrateful,2,2,0
distinctly_unfriendly,2,0,2
as_anarchic,2,0,2
far_softer,2,2,0
dangerously_narrow,2,2,0
hugely_overblown,2,2,0
just_reliant,2,2,0
charmingly_nerdy,2,2,0
just_potential,2,2,0
exceedingly_vulgar,2,1,1
just_pompous,2,2,0
actually_disturbing,2,2,0
actually_do-able,2,0,2
actually_dormant,2,2,0
highly_situational,2,2,0
exceedingly_vulnerable,2,2,0
actually_due,2,2,0
far_denser,2,1,1
charmingly_noble,2,0,2
actually_educational,2,1,1
generally_awful,2,2,0
completely_onboard,2,2,0
actually_dissatisfied,2,2,0
actually_dirty,2,2,0
hugely_productive,2,2,0
far_fairer,2,1,1
far_friendlier,2,1,1
actually_delectable,2,2,0
actually_deleterious,2,2,0
far_finer,2,0,2
actually_delighted,2,2,0
actually_delusional,2,2,0
actually_depressing,2,2,0
dangerously_premature,2,2,0
actually_desirable,2,2,0
bizarrely_comical,2,0,2
enough_impossible,2,2,0
actually_destructive,2,2,0
highly_spacious,2,2,0
exceedingly_wary,2,2,0
actually_elderly,2,2,0
hugely_professional,2,2,0
hugely_overpriced,2,2,0
as_austere,2,1,1
exceedingly_unpleasant,2,1,1
exceedingly_unique,2,1,1
actually_fantastic,2,2,0
exceedingly_unethical,2,2,0
distinctly_rotten,2,1,1
just_philosophical,2,2,0
actually_fast,2,2,0
exceedingly_unpopular,2,2,0
distinctly_roman,2,0,2
actually_fat,2,0,2
always_older,2,1,1
actually_female,2,2,0
far_available,2,1,1
highly_simplistic,2,2,0
always_optimistic,2,2,0
generally_black,2,1,1
actually_embarrassing,2,1,1
far_costlier,2,2,0
distinctly_scottish,2,0,2
charmingly_odd,2,2,0
as_astonishing,2,1,1
completely_old,2,0,2
far_creepier,2,0,2
distinctly_russian,2,0,2
bizarrely_appealing,2,1,1
hugely_protective,2,2,0
actually_excellent,2,2,0
actually_exciting,2,1,1
just_picturesque,2,2,0
far_cooler,2,1,1
far_contrary,2,2,0
always_optional,2,2,0
just_pristine,2,2,0
distinctly_shy,2,2,0
generally_allergic,2,2,0
just_rainy,2,2,0
actually_comical,2,2,0
just_raunchy,2,0,2
far_important,2,1,1
just_rational,2,2,0
bizarrely_fascinating,2,1,1
highly_strange,2,2,0
hugely_painful,2,2,0
actually_comforting,2,1,1
always_patient,2,2,0
just_radiant,2,2,0
actually_common,2,2,0
far_hotter,2,1,1
actually_compelling,2,1,1
highly_stereotypical,2,2,0
exceptionally_adorable,2,2,0
charmingly_goofy,2,2,0
completely_one-sided,2,2,0
hugely_overrated,2,2,0
completely_optimistic,2,2,0
actually_chinese,2,2,0
far_longer,2,2,0
bizarrely_impressive,2,0,2
exceptionally_affordable,2,2,0
far_leaner,2,1,1
actually_clueless,2,2,0
enough_aware,2,2,0
as_apt,2,1,1
actually_coherent,2,2,0
hugely_overweight,2,2,0
just_reckless,2,2,0
highly_strong,2,2,0
just_reasonable,2,2,0
just_questionable,2,2,0
generally_acceptable,2,2,0
generally_active,2,2,0
generally_affordable,2,2,0
actually_criminal,2,2,0
hugely_pleased,2,2,0
highly_spirited,2,2,0
just_promotional,2,2,0
far_fuller,2,1,1
actually_cultural,2,2,0
always_pale,2,2,0
distinctly_suburban,2,1,1
actually_current,2,2,0
actually_cute,2,1,1
bizarrely_different,2,2,0
actually_damaging,2,2,0
actually_dark,2,2,0
generally_agreeable,2,2,0
highly_spontaneous,2,2,0
actually_creative,2,0,2
exceedingly_young,2,1,1
just_proportional,2,2,0
enough_enough,2,2,0
generally_adverse,2,2,0
actually_cooler,2,2,0
generally_adequate,2,2,0
highly_stable,2,2,0
far_greener,2,2,0
just_protective,2,2,0
exceptionally_able,2,2,0
dangerously_obsessed,2,2,0
always_passionate,2,2,0
distinctly_strange,2,1,1
actually_confused,2,2,0
as_arid,2,1,1
actually_removable,2,2,0
just_kinky,2,2,0
bit_unpredictable,2,2,0
admirably_concise,2,2,0
darn_interesting,2,2,0
always_elegant,2,2,0
darn_intriguing,2,1,1
admirably_blunt,2,2,0
admirably_bold,2,2,0
entirely_joyful,2,1,1
highly_moral,2,1,1
always_elusive,2,2,0
as_cordial,2,2,0
immeasurably_grateful,2,2,0
fairly_usual,2,2,0
just_extinct,2,2,0
entirely_lawful,2,2,0
distinctly_familiar,2,1,1
admirably_ambitious,2,2,0
adequately_warm,2,2,0
admirably_gutsy,2,0,2
highly_narrative,2,2,0
just_festive,2,2,0
adequately_responsive,2,2,0
darn_high,2,2,0
exceedingly_easy,2,1,1
highly_nationalistic,2,2,0
darn_hilarious,2,2,0
exceedingly_dumb,2,1,1
as_convoluted,2,1,1
always_enough,2,2,0
as_controllable,2,0,2
as_convincing,2,2,0
classically_festive,2,1,1
immaculately_tidy,2,2,0
highly_musical,2,1,1
admirably_good,2,2,0
highly_modular,2,2,0
exceedingly_enthusiastic,2,2,0
admirably_strong,2,2,0
bit_embarrassed,2,1,1
highly_mature,2,2,0
fairly_upbeat,2,2,0
just_european,2,2,0
just_euphoric,2,2,0
always_double,2,2,0
exceedingly_definite,2,2,0
bit_exaggerated,2,2,0
extravagantly_international,2,2,0
bit_eccentric,2,1,1
exceedingly_dark,2,2,0
entirely_manageable,2,2,0
just_equivalent,2,2,0
always_disturbing,2,2,0
exceedingly_delicate,2,2,0
as_counterproductive,2,1,1
just_expedient,2,2,0
just_exclusive,2,2,0
entirely_liberating,2,0,2
just_exotic,2,1,1
just_exhilarating,2,2,0
as_corrosive,2,0,2
admirably_impoverished,2,2,0
immeasurably_greater,2,0,2
just_exasperating,2,2,0
as_counterintuitive,2,1,1
as_cost-effective,2,2,0
bit_expensive,2,2,0
generally_nice,2,2,0
just_evident,2,2,0
exceedingly_different,2,2,0
as_counter-intuitive,2,2,0
generally_moderate,2,1,1
bit_hard,2,2,0
highly_overcrowded,2,2,0
generally_loose,2,2,0
generally_lonely,2,2,0
as_congested,2,2,0
always_first,2,2,0
bit_inappropriate,2,2,0
entirely_inept,2,2,0
always_fictional,2,2,0
just_frightful,2,2,0
highly_opaque,2,2,0
classically_australian,2,0,2
just_fresher,2,2,0
highly_obvious,2,2,0
just_freaky,2,2,0
just_freakin,2,2,0
just_frazzled,2,2,0
ideologically_questionable,2,1,1
fairly_worried,2,2,0
just_fortuitous,2,2,0
highly_oppressive,2,2,0
additionally_different,2,2,0
just_gory,2,2,0
generally_light,2,2,0
just_gloomy,2,2,0
highly_outdated,2,2,0
additionally_enticing,2,0,2
falsely_confident,2,2,0
just_geeky,2,2,0
as_conflicted,2,1,1
additionally_free,2,2,0
exceedingly_fresh,2,1,1
exceedingly_formal,2,2,0
fairly_worthless,2,2,0
generally_likable,2,2,0
just_fraught,2,2,0
just_foreign,2,2,0
bit_harsh,2,2,0
fairly_vulnerable,2,2,0
always_fake,2,2,0
classically_comforting,2,0,2
as_contemptible,2,0,2
adequately_enough,2,2,0
just_filthy,2,2,0
highly_notable,2,1,1
highly_neurotic,2,2,0
generally_meaningless,2,2,0
always_exceptional,2,2,0
exceedingly_excited,2,2,0
just_fewer,2,2,0
always_evil,2,2,0
darn_heavy,2,1,1
entirely_intact,2,1,1
fairly_watchable,2,0,2
classically_chic,2,2,0
always_female,2,1,1
just_flirtatious,2,2,0
entirely_inhuman,2,1,1
as_consequential,2,0,2
just_fluffy,2,2,0
highly_observant,2,2,0
as_considerable,2,2,0
darn_frustrating,2,2,0
just_flippant,2,2,0
always_famous,2,2,0
generally_lovely,2,2,0
entirely_innovative,2,0,2
entirely_inoffensive,2,2,0
generally_low,2,2,0
as_constructive,2,2,0
just_flashy,2,2,0
just_ephemeral,2,1,1
exceedingly_dangerous,2,2,0
just_environmental,2,2,0
admittedly_speculative,2,2,0
entirely_physical,2,1,1
admittedly_short,2,2,0
just_dismissive,2,2,0
fairly_unhappy,2,2,0
distinctly_awesome,2,0,2
clearly_amazing,2,2,0
distinctly_average,2,2,0
generally_proprietary,2,2,0
darn_sure,2,2,0
entirely_platonic,2,2,0
as_deadpan,2,2,0
admittedly_subjective,2,2,0
entirely_political,2,1,1
distinctly_australian,2,0,2
distinctly_beautiful,2,1,1
exceedingly_clear,2,2,0
distinctly_atypical,2,2,0
generally_present,2,2,0
just_dodgy,2,2,0
admittedly_nervous,2,2,0
clearly_alien,2,0,2
generally_predisposed,2,1,1
entirely_peaceful,2,2,0
generally_prejudicial,2,2,0
clearly_alive,2,2,0
generally_prone,2,2,0
distinctly_blue,2,2,0
entirely_perfect,2,2,0
generally_professional,2,2,0
just_disposable,2,2,0
just_disorganized,2,2,0
darn_stupid,2,2,0
clearly_annoyed,2,2,0
fairly_unflappable,2,2,0
entirely_meaningful,2,1,1
bit_awkward,2,2,0
completely_mental,2,1,1
as_depressed,2,1,1
entirely_recognisable,2,2,0
adorably_hilarious,2,1,1
entirely_red,2,2,0
darn_useful,2,2,0
always_constructive,2,2,0
as_demonic,2,1,1
always_constant,2,1,1
adorably_naive,2,1,1
as_depressing,2,2,0
adorably_nerdy,2,1,1
highly_irritated,2,1,1
exceedingly_bitter,2,2,0
clearly_autobiographical,2,2,0
entirely_reactionary,2,1,1
immediately_comfortable,2,2,0
as_decrepit,2,1,1
darn_sweet,2,2,0
entirely_pragmatic,2,2,0
clearly_applicable,2,2,0
just_disgusted,2,2,0
clearly_armed,2,2,0
entirely_prosaic,2,2,0
darn_thick,2,2,0
generally_recognizable,2,2,0
always_contiguous,2,2,0
generally_reasonable,2,2,0
darn_ugly,2,2,0
as_delirious,2,1,1
bit_boring,2,2,0
entirely_radical,2,1,1
as_cyclical,2,2,0
generally_popular,2,2,0
darn_spectacular,2,1,1
just_elaborate,2,2,0
exceedingly_cool,2,1,1
as_cultural,2,2,0
entirely_muslim,2,2,0
just_elementary,2,2,0
as_cursory,2,0,2
just_electric,2,1,1
fairly_unremarkable,2,2,0
just_embarrassed,2,2,0
just_egotistical,2,2,0
always_dependent,2,2,0
classically_stylish,2,1,1
fairly_unpredictable,2,2,0
always_dependable,2,0,2
bit_depressing,2,1,1
as_cuddly,2,2,0
exceedingly_corrupt,2,2,0
highly_liberal,2,2,0
just_english,2,2,0
entirely_mental,2,2,0
always_disrespectful,2,2,0
distinctly_domestic,2,2,0
admittedly_bad,2,2,0
exceedingly_curious,2,2,0
admittedly_charming,2,0,2
entirely_misunderstood,2,2,0
entirely_more,2,0,2
exceedingly_cruel,2,2,0
highly_maneuverable,2,1,1
entirely_modern,2,0,2
highly_manageable,2,2,0
exceedingly_courteous,2,2,0
just_emerging,2,2,0
exceedingly_controversial,2,2,0
darn_scary,2,2,0
just_effortless,2,2,0
as_cutthroat,2,2,0
darn_simple,2,2,0
fairly_unlikely,2,2,0
just_drowsy,2,2,0
generally_plain,2,2,0
entirely_offline,2,2,0
entirely_one-sided,2,2,0
highly_likeable,2,2,0
fairly_unpleasant,2,2,0
admittedly_hilarious,2,2,0
immediately_bearish,2,1,1
fairly_uninteresting,2,2,0
admittedly_impressive,2,2,0
just_dope,2,2,0
clearly_adrift,2,1,1
immediately_attainable,2,1,1
just_due,2,2,0
entirely_obvious,2,1,1
entirely_obsolete,2,2,0
always_damp,2,2,0
always_dead,2,2,0
bit_contrived,2,0,2
just_east,2,2,0
distinctly_contemporary,2,0,2
exceedingly_confused,2,2,0
darn_serious,2,2,0
generally_peaceful,2,2,0
just_edible,2,2,0
just_educational,2,1,1
darn_sensitive,2,2,0
entirely_nomadic,2,2,0
classically_timeless,2,1,1
completely_mindless,2,1,1
darn_effective,2,2,0
entirely_counter-intuitive,2,2,0
actually_terrifying,2,0,2
darkly_sexual,2,1,1
actually_tastier,2,2,0
always_hotter,2,2,0
distinctly_nice,2,0,2
just_insipid,2,2,0
highly_prestigious,2,2,0
highly_present,2,2,0
exceedingly_low,2,2,0
bit_shaky,2,2,0
highly_prescriptive,2,1,1
just_insignificant,2,2,0
darkly_surreal,2,1,1
always_homemade,2,2,0
actually_tired,2,2,0
as_chill,2,2,0
always_ideal,2,2,0
extraordinarily_upset,2,2,0
fantastically_awesome,2,2,0
bit_slow,2,2,0
hyper_sexualized,2,2,0
just_intoxicating,2,2,0
just_intimidating,2,2,0
always_impatient,2,2,0
entirely_diverse,2,0,2
bit_skewed,2,2,0
entirely_dysfunctional,2,2,0
chillingly_good,2,2,0
entirely_domestic,2,2,0
highly_promiscuous,2,2,0
always_illusory,2,2,0
bit_silly,2,2,0
highly_prolific,2,2,0
entirely_english,2,1,1
as_christian,2,2,0
just_intricate,2,2,0
completely_motionless,2,2,0
hysterically_wrong,2,2,0
always_harmful,2,1,1
chillingly_similar,2,1,1
as_classical,2,1,1
just_indignant,2,2,0
just_indescribable,2,1,1
just_independent,2,2,0
just_inefficient,2,2,0
actually_unhealthy,2,2,0
always_handy,2,2,0
exceedingly_lazy,2,2,0
highly_pornographic,2,2,0
ideally_great,2,2,0
completely_mortified,2,1,1
entirely_exotic,2,0,2
actually_underground,2,2,0
generally_hostile,2,2,0
just_innate,2,2,0
actually_transparent,2,2,0
darkly_thrilling,2,2,0
generally_human,2,1,1
always_hilarious,2,2,0
just_innocuous,2,2,0
chillingly_prescient,2,2,0
entirely_erroneous,2,2,0
darn_adorable,2,2,0
as_chronic,2,1,1
actually_truthful,2,2,0
distinctly_melancholic,2,0,2
actually_uncomfortable,2,2,0
bit_rough,2,2,0
just_inexpensive,2,2,0
just_intrepid,2,2,0
entirely_distinctive,2,0,2
falsely_enthusiastic,2,2,0
entirely_delightful,2,1,1
generally_frustrated,2,2,0
darkly_ironic,2,1,1
actually_satisfied,2,2,0
actually_secondary,2,2,0
hyper_conscious,2,2,0
actually_selfish,2,2,0
actually_sensitive,2,2,0
chiefly_interested,2,2,0
highly_proud,2,1,1
actually_sexy,2,2,0
chillingly_accurate,2,2,0
as_changeable,2,1,1
actually_short,2,1,1
actually_shorter,2,2,0
always_individual,2,2,0
entirely_dangerous,2,2,0
hyper_energetic,2,1,1
completely_neat,2,2,0
actually_repressive,2,2,0
generally_fine,2,2,0
exceedingly_painful,2,1,1
highly_reckless,2,2,0
generally_flat,2,2,0
entirely_credible,2,2,0
highly_reasonable,2,2,0
actually_rubbish,2,2,0
as_carcinogenic,2,1,1
fantastically_different,2,2,0
actually_rich,2,2,0
just_jewish,2,2,0
highly_quotable,2,2,0
highly_quantitative,2,2,0
highly_prospective,2,2,0
bit_thin,2,0,2
just_introverted,2,2,0
distinctly_off-putting,2,0,2
actually_sorry,2,2,0
entirely_disgusting,2,2,0
darkly_pigmented,2,2,0
actually_specific,2,1,1
hyper_realistic,2,2,0
just_involved,2,2,0
actually_spiritual,2,2,0
distinctly_old,2,0,2
as_chatty,2,1,1
always_impeccable,2,1,1
chillingly_evil,2,2,0
darkly_playful,2,1,1
just_intuitive,2,2,0
entirely_dissimilar,2,1,1
bit_soft,2,2,0
extraordinarily_unlikely,2,2,0
bit_tense,2,2,0
entirely_destitute,2,2,0
just_irreverent,2,2,0
actually_simpler,2,2,0
entirely_desirable,2,1,1
actually_single,2,2,0
as_characteristic,2,1,1
as_chaste,2,1,1
just_irreplaceable,2,1,1
fantastically_boring,2,1,1
exceedingly_mild,2,2,0
actually_smarter,2,2,0
just_irregular,2,2,0
hyper_personal,2,1,1
extraordinarily_unique,2,0,2
bit_startling,2,2,0
completely_moronic,2,0,2
generally_inaccessible,2,2,0
just_inclined,2,2,0
just_helpless,2,2,0
just_hollow,2,2,0
chronically_malnourished,2,2,0
darn_creative,2,2,0
just_hispanic,2,2,0
ideologically_inconsistent,2,1,1
just_hereditary,2,2,0
highly_paradoxical,2,1,1
entirely_hopeless,2,2,0
just_heavier,2,2,0
famously_aromatic,2,2,0
chronically_overweight,2,2,0
entirely_identical,2,2,0
bit_mad,2,2,0
just_heavenly,2,2,0
bit_messy,2,2,0
generally_irritating,2,2,0
as_conceptual,2,2,0
acutely_mistaken,2,2,0
highly_paranoid,2,2,0
acutely_insightful,2,2,0
ideologically_identical,2,2,0
generally_interesting,2,2,0
chronically_irresponsible,2,2,0
ideologically_important,2,1,1
just_hotter,2,2,0
extravagantly_asymmetrical,2,2,0
ideologically_inclined,2,2,0
just_hostile,2,2,0
darn_crazy,2,1,1
bit_misleading,2,2,0
just_homophobic,2,2,0
entirely_homemade,2,1,1
entirely_illegitimate,2,2,0
generally_knowledgeable,2,2,0
exceedingly_knowledgeable,2,2,0
as_conducive,2,2,0
additionally_accessible,2,2,0
ideologically_neutral,2,2,0
highly_overweight,2,2,0
always_fleeting,2,2,0
additionally_available,2,2,0
darn_difficult,2,2,0
just_greener,2,2,0
falsely_innocent,2,2,0
chronically_underfunded,2,2,0
entirely_incoherent,2,1,1
highly_overpaid,2,2,0
darn_easy,2,2,0
entirely_incomplete,2,2,0
just_greasy,2,2,0
just_gut-wrenching,2,2,0
acutely_wrong,2,1,1
chronically_poor,2,2,0
ideologically_indistinguishable,2,2,0
generally_lacking,2,1,1
just_healthier,2,2,0
just_haunting,2,2,0
falsely_reassuring,2,2,0
highly_palpable,2,2,0
just_harrowing,2,2,0
just_harmless,2,2,0
chronically_suicidal,2,2,0
always_fond,2,2,0
bit_low,2,2,0
just_hardcore,2,2,0
just_haphazard,2,2,0
ideologically_moderate,2,2,0
falsely_low,2,2,0
distinctly_inhuman,2,0,2
just_humid,2,2,0
ideologically_homogenous,2,2,0
bit_patient,2,2,0
entirely_flexible,2,2,0
highly_plastic,2,2,0
actually_vegetarian,2,2,0
always_gonna,2,2,0
chronically_disorganized,2,2,0
ideologically_awful,2,2,0
entirely_friendly,2,2,0
just_impeccable,2,2,0
actually_violent,2,1,1
highly_pessimistic,2,2,0
entirely_functional,2,1,1
ideologically_certain,2,2,0
actually_vital,2,2,0
ideologically_challenging,2,2,0
highly_pleasant,2,2,0
as_collective,2,0,2
chronically_indecisive,2,2,0
bit_quirky,2,1,1
entirely_feminine,2,0,2
as_cloudy,2,2,0
just_impulsive,2,2,0
ideally_impossible,2,2,0
entirely_fitting,2,1,1
just_impressive,2,2,0
generally_inappropriate,2,2,0
just_imperfect,2,2,0
always_grey,2,2,0
ideally_several,2,2,0
entirely_flat,2,2,0
exceedingly_interesting,2,2,0
actually_uplifting,2,2,0
chronically_cynical,2,2,0
completely_modular,2,1,1
always_glamorous,2,1,1
entirely_generic,2,1,1
extraordinarily_weak,2,2,0
bit_naive,2,2,0
entirely_green,2,2,0
acutely_debilitating,2,2,0
always_frustrated,2,2,0
just_idle,2,2,0
entirely_gross,2,1,1
generally_inferior,2,2,0
darn_clever,2,2,0
generally_innocuous,2,2,0
ideologically_flexible,2,2,0
acutely_embarrassing,2,2,0
completely_minor,2,0,2
darn_confusing,2,2,0
acutely_fatal,2,2,0
always_fussy,2,2,0
bit_nervous,2,1,1
bit_obnoxious,2,2,0
darn_complicated,2,2,0
always_gay,2,2,0
famously_divisive,2,2,0
always_generous,2,2,0
as_comedic,2,1,1
highly_permeable,2,2,0
actually_worthless,2,2,0
chronically_fatigued,2,2,0
highly_persistent,2,2,0
actually_witty,2,1,1
actually_wise,2,2,0
actually_wild,2,1,1
actually_wider,2,2,0
actually_weird,2,2,0
exceptionally_cold,2,2,0
bitterly_sad,2,1,1
exceptionally_familiar,2,2,0
endlessly_watchable,2,1,1
damn_likable,2,1,1
fatally_damaging,2,2,0
artistically_true,2,2,0
academically_able,2,2,0
artificially_depressed,2,2,0
hugely_attractive,2,1,1
just_unreadable,2,2,0
exceptionally_fit,2,2,0
dang_addictive,2,2,0
highly_unreasonable,2,2,0
just_tolerable,2,2,0
artistically_superior,2,2,0
funnily_enough,2,2,0
just_unproven,2,2,0
completely_physical,2,1,1
just_unprofessional,2,2,0
just_unproductive,2,2,0
however_popular,2,1,1
extraordinarily_nasty,2,2,0
just_unprecedented,2,2,0
fatally_poisonous,2,2,0
certainly_hostile,2,2,0
blatantly_provocative,2,2,0
amazingly_awful,2,2,0
just_thinner,2,2,0
faster_stronger,2,1,1
artistically_valid,2,2,0
fundamentally_radical,2,1,1
disturbingly_racist,2,2,0
just_therapeutic,2,2,0
blatantly_ridiculous,2,1,1
disturbingly_prophetic,2,1,1
fundamentally_random,2,1,1
certainly_happy,2,2,0
just_thoughtful,2,2,0
fiercely_religious,2,2,0
highly_unnatural,2,1,1
achingly_apparent,2,2,0
hilariously_awesome,2,1,1
artistically_unique,2,1,1
exceptionally_remarkable,2,2,0
fiercely_sensual,2,2,0
certainly_surprising,2,2,0
fiercely_self-reliant,2,2,0
hilariously_embarrassing,2,1,1
certainly_suggestive,2,2,0
achingly_affectionate,2,2,0
energetically_efficient,2,2,0
artistically_special,2,1,1
damn_uninspired,2,2,0
artificially_harsh,2,2,0
exceptionally_graceful,2,1,1
hilariously_detailed,2,2,0
certainly_spectacular,2,2,0
damn_many,2,2,0
disturbingly_ambiguous,2,1,1
however_young,2,1,1
amazingly_amazing,2,2,0
blatantly_fake,2,1,1
exceptionally_handsome,2,2,0
exceptionally_happy,2,2,0
artistically_rewarding,2,2,0
amazingly_affordable,2,2,0
blatantly_fantastic,2,1,1
certainly_smaller,2,2,0
however_worthy,2,1,1
extraordinarily_new,2,0,2
exceptionally_promising,2,2,0
exceptionally_healthy,2,2,0
just_trivial,2,2,0
exceptionally_gorgeous,2,2,0
hilariously_different,2,0,2
federally_related,2,2,0
certainly_stronger,2,2,0
hugely_appreciative,2,2,0
academically_bright,2,2,0
certainly_subject,2,2,0
just_total,2,2,0
academically_capable,2,2,0
fatally_stupid,2,1,1
highly_unsettled,2,2,0
hugely_annoying,2,2,0
exceptionally_reasonable,2,1,1
always_submissive,2,2,0
hilariously_dirty,2,0,2
artistically_significant,2,2,0
federally_qualified,2,2,0
fundamentally_revolutionary,2,1,1
damn_lovely,2,1,1
completely_playable,2,1,1
damn_low,2,2,0
highly_unsuccessful,2,2,0
just_unorganized,2,2,0
fiercely_private,2,0,2
disturbingly_real,2,2,0
completely_pessimistic,2,2,0
amazingly_adaptable,2,2,0
dang_hard,2,2,0
certainly_fine,2,2,0
extraordinarily_rewarding,2,2,0
however_miniscule,2,0,2
damn_horny,2,1,1
highly_undemocratic,2,1,1
certainly_undesirable,2,2,0
exceptionally_rude,2,2,0
dang_nice,2,2,0
hugely_costly,2,2,0
as_accountable,2,1,1
around_worse,2,2,0
as_accommodating,2,2,0
hugely_corrupt,2,2,0
just_taboo,2,2,0
damn_humble,2,2,0
hugely_convenient,2,2,0
achingly_dull,2,2,0
extraordinarily_revealing,2,0,2
around_worth,2,2,0
highly_uneducated,2,2,0
always_slow,2,2,0
disturbingly_sexual,2,2,0
hugely_cynical,2,2,0
highly_unclear,2,2,0
distressingly_mute,2,2,0
abundantly_qualified,2,2,0
blatantly_dangerous,2,0,2
completely_perplexed,2,2,0
always_sinful,2,2,0
just_suitable,2,2,0
hugely_depressing,2,0,2
finally_capable,2,1,1
just_unwatchable,2,2,0
emotionally_unsafe,2,2,0
certainly_fewer,2,2,0
fundamentally_personal,2,2,0
dang_stingy,2,2,0
achingly_homesick,2,2,0
certainly_unexpected,2,1,1
emotionally_unsatisfying,2,2,0
amazingly_cheap,2,2,0
finally_big,2,2,0
highly_unbalanced,2,1,1
just_super,2,2,0
fundamentally_other,2,0,2
damn_ignorant,2,1,1
just_unskilled,2,2,0
abysmally_stupid,2,1,1
just_taller,2,2,0
fiercely_territorial,2,2,0
as_absorbent,2,2,0
always_soft,2,2,0
artistically_worthy,2,2,0
fast_relative,2,2,0
certainly_troubling,2,2,0
exceptionally_entertaining,2,2,0
damn_intriguing,2,2,0
artificially_beautiful,2,0,2
amazingly_brave,2,2,0
artistically_worthwhile,2,1,1
highly_unionized,2,2,0
abysmally_low,2,2,0
artificially_bright,2,2,0
faster_available,2,1,1
just_unseemly,2,2,0
distressingly_new,2,0,2
just_tentative,2,2,0
hugely_brave,2,2,0
exceptionally_evil,2,2,0
blatantly_erroneous,2,2,0
disturbingly_relatable,2,1,1
highly_unimpressed,2,2,0
amazingly_calm,2,2,0
hugely_competitive,2,1,1
around_wrong,2,2,0
fiercely_unique,2,1,1
highly_unethical,2,1,1
exceptionally_dumb,2,2,0
exceptionally_eager,2,2,0
as_academic,2,1,1
enjoyably_challenging,2,2,0
as_abysmal,2,1,1
enjoyably_bad,2,1,1
damn_inconvenient,2,2,0
emotionally_vacuous,2,2,0
hugely_compelling,2,2,0
highly_unfortunate,2,2,0
highly_unhealthy,2,2,0
amazingly_candid,2,2,0
fundamentally_powerful,2,1,1
blatantly_egregious,2,0,2
damn_intense,2,1,1
fiercely_traditional,2,2,0
hugely_collaborative,2,1,1
however_profitable,2,2,0
damn_thick,2,2,0
extraordinarily_satisfying,2,0,2
artistically_brilliant,2,2,0
certainly_mandatory,2,2,0
endlessly_busy,2,2,0
however_strange,2,0,2
just_understandable,2,2,0
fiercely_determined,2,2,0
always_unavailable,2,2,0
fundamentally_unsettling,2,0,2
accidentally_hurtful,2,1,1
certainly_many,2,1,1
disturbingly_easy,2,2,0
fundamentally_unsafe,2,2,0
fiendishly_challenging,2,2,0
fiendishly_complex,2,2,0
academically_smart,2,2,0
endearingly_funny,2,2,0
academically_sound,2,2,0
just_unexplained,2,2,0
however_tough,2,1,1
certainly_miserable,2,2,0
fundamentally_unresolved,2,0,2
completely_primitive,2,2,0
fundamentally_unsustainable,2,2,0
accidentally_miraculous,2,2,0
just_unfashionable,2,2,0
fundamentally_untrustworthy,2,1,1
artistically_effective,2,2,0
certainly_pleased,2,2,0
certainly_plausible,2,2,0
endearingly_cute,2,1,1
damn_simple,2,1,1
damn_similar,2,1,1
just_unfinished,2,2,0
exceptionally_loving,2,2,0
disturbingly_cynical,2,0,2
academically_proficient,2,2,0
blatantly_inappropriate,2,1,1
fundamentally_untrue,2,0,2
just_underdeveloped,2,2,0
endlessly_charming,2,1,1
accidentally_offensive,2,2,0
completely_proud,2,2,0
extraordinarily_ornate,2,2,0
endlessly_captivating,2,1,1
just_unfathomable,2,2,0
fundamentally_terrifying,2,0,2
just_unenforceable,2,2,0
hilariously_adorable,2,2,0
certainly_pleasing,2,2,0
just_uneducated,2,2,0
damn_sad,2,2,0
fundamentally_unnatural,2,0,2
fundamentally_unacceptable,2,1,1
blatantly_irresponsible,2,2,0
fundamentally_unknowable,2,1,1
damn_right,2,2,0
exceptionally_narrow,2,2,0
certainly_noticeable,2,1,1
endearingly_quirky,2,2,0
damn_rich,2,1,1
fundamentally_unconstitutional,2,1,1
certainly_offensive,2,2,0
artistically_creative,2,2,0
however_sure,2,2,0
exceptionally_nervous,2,2,0
exceptionally_new,2,2,0
endearingly_old-fashioned,2,1,1
endearingly_naive,2,2,0
fundamentally_uneasy,2,2,0
however_suitable,2,2,0
fundamentally_unhealthy,2,0,2
always_unfortunate,2,1,1
artistically_daring,2,1,1
endearingly_sentimental,2,1,1
endearingly_strange,2,1,1
exceptionally_oily,2,2,0
exceptionally_mature,2,2,0
fundamentally_tragic,2,1,1
always_unclear,2,2,0
fundamentally_unqualified,2,0,2
damn_scary,2,2,0
academically_unacceptable,2,2,0
disturbingly_erotic,2,2,0
extraordinarily_painful,2,2,0
exceptionally_mild,2,2,0
certainly_nice,2,2,0
however_terrible,2,1,1
endearingly_sincere,2,0,2
endearingly_innocent,2,1,1
damn_quick,2,2,0
extraordinarily_personal,2,2,0
fiercely_beautiful,2,0,2
completely_prohibitive,2,2,0
exceptionally_normal,2,1,1
fiercely_attractive,2,1,1
damn_slippery,2,2,0
always_vacant,2,2,0
extraordinarily_noisy,2,2,0
always_temporary,2,2,0
however_righteous,2,2,0
certainly_intelligent,2,1,1
certainly_reprehensible,2,2,0
just_unappreciated,2,2,0
academically_interested,2,2,0
damn_nervous,2,2,0
fundamentally_significant,2,0,2
empirically_incorrect,2,2,0
fundamentally_simple,2,2,0
disturbingly_calm,2,2,0
damn_noble,2,1,1
always_whole,2,2,0
completely_reactive,2,2,0
endlessly_grateful,2,2,0
always_weird,2,2,0
damn_obscure,2,2,0
just_unimaginable,2,2,0
fundamentally_soothing,2,0,2
blatantly_guilty,2,2,0
exceptionally_photogenic,2,1,1
artistically_minded,2,1,1
fiercely_jealous,2,2,0
exceptionally_poignant,2,2,0
just_unaccountable,2,2,0
fiercely_modern,2,1,1
disturbingly_negative,2,2,0
disturbingly_bizarre,2,2,0
extraordinarily_odd,2,0,2
hilariously_crude,2,2,0
always_young,2,2,0
always_worthwhile,2,2,0
always_worrisome,2,0,2
damn_tall,2,2,0
damn_neat,2,2,0
endlessly_intriguing,2,2,0
certainly_right,2,2,0
highly_vigilant,2,2,0
damn_successful,2,2,0
fundamentally_secure,2,2,0
highly_violent,2,2,0
fiercely_local,2,2,0
empirically_accurate,2,2,0
fundamentally_separate,2,2,0
exceptionally_inspiring,2,1,1
accurately_infamous,2,2,0
ferociously_intelligent,2,2,0
always_tempting,2,2,0
exceptionally_long,2,2,0
highly_wary,2,2,0
artistically_ambitious,2,1,1
always_timid,2,2,0
certainly_prone,2,2,0
damn_solid,2,2,0
artistically_attractive,2,1,1
exceptionally_painful,2,2,0
fundamentally_supportive,2,2,0
hilariously_clever,2,2,0
certainly_promising,2,2,0
certainly_present,2,2,0
endlessly_confusing,2,2,0
endearingly_awkward,2,2,0
disturbingly_common,2,2,0
always_vegan,2,2,0
always_valid,2,2,0
certainly_positive,2,1,1
endlessly_compassionate,2,2,0
always_toxic,2,2,0
extraordinarily_pleased,2,2,0
however_ugly,2,2,0
blatantly_immoral,2,1,1
exceptionally_lazy,2,2,0
completely_qualified,2,1,1
certainly_less,2,2,0
hilariously_crazy,2,2,0
certainly_reminiscent,2,2,0
certainly_remarkable,2,2,0
artistically_literate,2,1,1
fundamentally_spiritual,2,1,1
blatantly_partisan,2,2,0
exceptionally_perfect,2,2,0
always_thoughtful,2,2,0
always_tight,2,2,0
fundamentally_strange,2,0,2
accurately_descriptive,2,2,0
certainly_quiet,2,2,0
endlessly_excited,2,2,0
just_unbalanced,2,2,0
artistically_intriguing,2,1,1
endlessly_endearing,2,0,2
however_severe,2,2,0
certainly_larger,2,1,1
artistically_innovative,2,1,1
just_uncanny,2,2,0
fundamentally_subjective,2,0,2
finally_clean,2,2,0
certainly_objectionable,2,2,0
emotionally_unbearable,2,2,0
just_versatile,2,2,0
hugely_familiar,2,2,0
achingly_sexy,2,1,1
blatantly_bigoted,2,1,1
just_situational,2,2,0
divinely_delicious,2,2,0
highly_troubling,2,1,1
achingly_sincere,2,1,1
fundamentally_obvious,2,0,2
further_clear,2,2,0
just_spot,2,2,0
however_intelligent,2,0,2
just_strong,2,2,0
amazingly_clever,2,2,0
actively_helpful,2,1,1
highly_thoughtful,2,1,1
amazingly_consistent,2,2,0
just_vast,2,2,0
dangerously_awesome,2,1,1
however_low,2,2,0
exceptionally_delicate,2,2,0
fundamentally_off-kilter,2,2,0
emotionally_unhinged,2,2,0
fascinatingly_dark,2,0,2
always_rude,2,2,0
just_vegetarian,2,2,0
hugely_evocative,2,1,1
as_aggravating,2,2,0
fascinatingly_awesome,2,0,2
divinely_beautiful,2,2,0
blatantly_asinine,2,2,0
less_hairy,2,2,0
just_viable,2,2,0
hugely_distracting,2,2,0
enormously_enthusiastic,2,2,0
just_vegan,2,2,0
dangerously_allergic,2,2,0
fundamentally_negative,2,2,0
fundamentally_offensive,2,0,2
just_softer,2,2,0
certainly_enough,2,2,0
dangerously_arrogant,2,2,0
dangerously_broad,2,2,0
absurdly_wrong,2,1,1
just_skilled,2,2,0
damn_handsome,2,2,0
certainly_exceptional,2,2,0
completely_pathetic,2,2,0
fundamentally_lovely,2,1,1
however_lonely,2,0,2
actively_bad,2,2,0
emotionally_troubling,2,2,0
as_aimless,2,2,0
blatantly_awful,2,1,1
however_logical,2,1,1
exceptionally_complicated,2,1,1
achingly_young,2,2,0
highly_transient,2,2,0
just_submissive,2,2,0
amazingly_colorful,2,2,0
however_interesting,2,2,0
damn_grateful,2,2,0
however_lasting,2,2,0
completely_reusable,2,2,0
further_confused,2,2,0
highly_threatening,2,2,0
achingly_sweet,2,2,0
certifiably_false,2,2,0
certainly_english,2,2,0
completely_revolting,2,2,0
achingly_vulnerable,2,2,0
damn_goofy,2,1,1
just_stationary,2,2,0
exceptionally_slow,2,2,0
certainly_evident,2,2,0
fundamentally_irrelevant,2,2,0
certifiably_new,2,0,2
as_advantageous,2,2,0
certainly_enjoyable,2,1,1
abundantly_green,2,2,0
hugely_distant,2,2,0
fundamentally_interested,2,2,0
actively_depressing,2,2,0
blatantly_shallow,2,2,0
always_self-destructive,2,2,0
certainly_fake,2,2,0
fundamentally_natural,2,0,2
distinctly_white,2,1,1
hugely_detrimental,2,2,0
exceptionally_costly,2,2,0
dangerously_alive,2,1,1
certainly_wonderful,2,2,0
highly_traditional,2,1,1
exceptionally_confusing,2,2,0
emotionally_taxing,2,2,0
fundamentally_lacking,2,0,2
far_worth,2,2,0
certainly_vulnerable,2,2,0
hugely_famous,2,0,2
absurdly_unlucky,2,2,0
certainly_unknowable,2,1,1
around_unbelievable,2,2,0
just_sluggish,2,2,0
just_valuable,2,1,1
achingly_nostalgic,2,1,1
always_second,2,1,1
exceptionally_comfortable,2,1,1
blatantly_contemptuous,2,2,0
always_sensitive,2,1,1
achingly_painful,2,2,0
finally_interested,2,2,0
always_serious,2,2,0
just_snarky,2,1,1
actively_gay,2,2,0
just_unworthy,2,2,0
just_spanish,2,2,0
always_simple,2,2,0
around_ugly,2,2,0
emotionally_tangible,2,0,2
dangerously_cold,2,2,0
certainly_upsetting,2,1,1
hugely_divisive,2,2,0
exceptionally_cute,2,2,0
far_wider,2,2,0
certainly_doable,2,2,0
exceptionally_scrumptious,2,2,0
just_suggestive,2,2,0
enormously_frustrating,2,2,0
hugely_dramatic,2,2,0
just_stark,2,1,1
exceptionally_sexy,2,1,1
just_unworkable,2,2,0
highly_tribal,2,2,0
actively_malicious,2,2,0
actively_malevolent,2,2,0
fascinatingly_imaginative,2,1,1
blatantly_antagonistic,2,2,0
achingly_personal,2,2,0
certainly_doomed,2,2,0
certainly_unusual,2,2,0
actively_dishonest,2,2,0
certainly_durable,2,2,0
dangerously_askew,2,2,0
fascinatingly_weird,2,2,0
completely_permanent,2,2,0
damn_glad,2,2,0
achingly_tragic,2,2,0
completely_peripheral,2,2,0
achingly_tender,2,1,1
just_usable,2,2,0
fundamentally_normal,2,2,0
damn_hilarious,2,2,0
just_smug,2,2,0
certainly_exciting,2,2,0
just_upsetting,2,2,0
damn_frustrating,2,2,0
dangerously_confident,2,2,0
finally_okay,2,2,0
dangerously_complacent,2,2,0
enormously_exciting,2,2,0
further_able,2,2,0
emotionally_stimulating,2,2,0
fundamentally_kind,2,2,0
certainly_watchable,2,2,0
just_singular,2,2,0
achingly_poignant,2,2,0
enormously_demanding,2,2,0
fundamentally_ok,2,2,0
exceptionally_shrewd,2,2,0
completely_righteous,2,2,0
blatantly_corrupt,2,2,0
just_stressful,2,2,0
actively_aware,2,2,0
finally_correct,2,1,1
blatantly_simple,2,0,2
just_sinister,2,2,0
somehow_manipulative,1,1,0
completely_concerned,1,1,0
completely_rad,1,1,0
consistently_oppressive,1,1,0
so_villainous,1,1,0
completely_hokey,1,1,0
so_reputable,1,0,1
socially_conscientious,1,1,0
completely_depraved,1,0,1
completely_great,1,0,1
consistently_manic,1,1,0
consistently_nationwide,1,1,0
constantly_early,1,1,0
somehow_original,1,1,0
consistently_mediocre,1,1,0
completely_strict,1,1,0
so_repressive,1,1,0
constantly_endangered,1,1,0
consistently_nervous,1,1,0
consistently_lucrative,1,1,0
completely_loose,1,1,0
consistently_lucky,1,0,1
socially_violent,1,1,0
completely_psyched,1,1,0
completely_deranged,1,1,0
completely_stoic,1,1,0
solidly_proficient,1,1,0
solely_feminine,1,1,0
completely_steadfast,1,1,0
solidly_present,1,1,0
solely_national,1,1,0
solidly_pro-choice,1,1,0
consistently_online,1,1,0
consistently_obscure,1,1,0
somehow_particular,1,1,0
completely_steady,1,1,0
consistently_neutral,1,0,1
constantly_dry,1,1,0
completely_puzzled,1,1,0
consistently_nice,1,1,0
solidly_pro-israel,1,1,0
completely_stingy,1,1,0
completely_stale,1,1,0
solidly_pragmatic,1,1,0
conspicuously_young,1,1,0
somehow_shocking,1,1,0
completely_residential,1,1,0
sometimes_metallic,1,1,0
consistently_quantifiable,1,1,0
completely_degrading,1,1,0
consistently_proper,1,1,0
somehow_misunderstood,1,1,0
completely_humorous,1,1,0
so_worldly,1,0,1
completely_menial,1,0,1
solidly_orthodox,1,1,0
solely_political,1,0,1
solely_outdoors,1,1,0
constantly_dim,1,1,0
so_viscous,1,1,0
somehow_misleading,1,1,0
consistently_progressive,1,1,0
somehow_miraculous,1,1,0
completely_deliberate,1,1,0
somehow_sexy,1,1,0
completely_sanguine,1,1,0
sometimes_mexican,1,1,0
so_worrisome,1,1,0
constantly_disruptive,1,1,0
completely_spoiled,1,1,0
softly_democratic,1,1,0
consistently_outspoken,1,0,1
completely_gullible,1,1,0
constantly_decent,1,1,0
solely_effective,1,1,0
solely_experimental,1,1,0
somehow_sensible,1,1,0
completely_resentful,1,1,0
completely_specious,1,1,0
softly_fascinating,1,1,0
completely_spectacular,1,1,0
completely_low-key,1,1,0
somehow_sentient,1,1,0
consistently_rude,1,1,0
consistently_reactionary,1,1,0
so_workable,1,1,0
solely_possible,1,1,0
consistently_right,1,1,0
solidly_optimistic,1,1,0
somehow_serious,1,1,0
consistently_reliable,1,1,0
consistently_relevant,1,1,0
completely_speculative,1,1,0
consistently_recognizable,1,0,1
constantly_dependent,1,1,0
sometimes_middle,1,1,0
constantly_double,1,1,0
completely_delighted,1,1,0
consistently_partial,1,1,0
completely_hungover,1,1,0
socially_weird,1,1,0
somehow_shocked,1,1,0
socially_competent,1,1,0
completely_democratic,1,1,0
completely_demonstrative,1,1,0
completely_demoralizing,1,0,1
consistently_patient,1,1,0
solidly_positive,1,1,0
sometimes_miserable,1,1,0
completely_moderate,1,1,0
sometimes_grumpy,1,1,0
so_shrewd,1,1,0
solely_new,1,1,0
so_reserved,1,1,0
completely_squishy,1,1,0
completely_rare,1,1,0
completely_rainy,1,1,0
so_shrill,1,1,0
solely_natural,1,1,0
socially_vital,1,0,1
consistently_overrated,1,1,0
sometimes_mischievous,1,1,0
somehow_memorable,1,1,0
completely_holy,1,1,0
completely_reactionary,1,1,0
solely_fatter,1,1,0
so_virulent,1,1,0
somehow_shady,1,1,0
consistently_professional,1,1,0
completely_gruesome,1,1,0
socially_worthwhile,1,0,1
completely_spurious,1,1,0
so_virtual,1,1,0
sometimes_gritty,1,1,0
completely_square,1,1,0
consistently_problematic,1,1,0
sometimes_grey,1,1,0
somehow_metaphysical,1,0,1
somehow_sharper,1,1,0
consistently_predictive,1,0,1
completely_historical,1,1,0
consistently_possible,1,1,0
solidly_progressive,1,1,0
socially_wholesome,1,1,0
solidly_other,1,0,1
consistently_poor,1,1,0
socially_vibrant,1,1,0
consistently_ineffective,1,1,0
consistently_lower,1,1,0
so_woven,1,1,0
completely_rigid,1,1,0
solely_likely,1,1,0
somehow_appalling,1,1,0
socially_crucial,1,1,0
somehow_appealing,1,1,0
somehow_magical,1,1,0
completely_liable,1,1,0
constantly_harmonious,1,1,0
somehow_mad,1,1,0
completely_round,1,1,0
completely_substantial,1,1,0
solely_informational,1,1,0
socially_unnecessary,1,1,0
sometimes_financial,1,1,0
consistently_grander,1,1,0
solely_instrumental,1,1,0
completely_lazy,1,0,1
so_smarter,1,1,0
somehow_lower,1,0,1
consistently_genuine,1,1,0
somehow_outdated,1,1,0
consistently_generous,1,1,0
somehow_magnificent,1,1,0
sometimes_mysterious,1,1,0
somehow_akin,1,1,0
socially_unpleasant,1,1,0
sometimes_formal,1,1,0
sometimes_forgetful,1,1,0
socially_unskilled,1,1,0
socially_unsettling,1,1,0
sometimes_multiple,1,1,0
socially_unsavory,1,1,0
sometimes_fleeting,1,1,0
somehow_alluring,1,1,0
somehow_ambivalent,1,1,0
completely_detectable,1,1,0
somehow_sloppy,1,1,0
somehow_anxious,1,1,0
somehow_amusing,1,1,0
somehow_man-made,1,1,0
somehow_analogous,1,0,1
completely_proper,1,1,0
sometimes_mutual,1,1,0
completely_subdued,1,1,0
completely_sublime,1,1,0
somehow_antithetical,1,1,0
so_slutty,1,1,0
so_sly,1,1,0
consistently_fresh,1,1,0
socially_culpable,1,1,0
so_year-round,1,1,0
sometimes_nasty,1,1,0
somehow_awful,1,1,0
completely_diffuse,1,1,0
completely_mute,1,1,0
completely_risk-free,1,1,0
solely_liberal,1,1,0
completely_suggestive,1,0,1
consistently_empty,1,1,0
somehow_believable,1,1,0
sometimes_narrower,1,1,0
completely_suicidal,1,0,1
completely_ripe,1,1,0
somehow_ashamed,1,1,0
sometimes_ferocious,1,1,0
sometimes_natural,1,1,0
socially_deficient,1,1,0
sometimes_female,1,1,0
completely_narcissistic,1,0,1
completely_hygienic,1,1,0
constantly_innovative,1,0,1
sometimes_federal,1,1,0
somehow_lightweight,1,1,0
constantly_inquisitive,1,1,0
somehow_smarter,1,1,0
completely_profane,1,1,0
so_wrought,1,1,0
somehow_louder,1,1,0
constantly_hostile,1,1,0
completely_mournful,1,1,0
sometimes_fictitious,1,1,0
consistently_foul,1,1,0
somehow_outrageous,1,1,0
consistently_faster,1,1,0
sometimes_naive,1,0,1
sometimes_naked,1,1,0
completely_muddled,1,1,0
consistently_fabulous,1,1,0
sometimes_fictional,1,1,0
completely_rigorous,1,1,0
somehow_smaller,1,1,0
so_snazzy,1,1,0
socially_unexpected,1,0,1
consistently_exceptional,1,1,0
completely_robotic,1,1,0
so_snowy,1,1,0
consistently_epic,1,1,0
completely_mushy,1,1,0
completely_programmable,1,1,0
somehow_alive,1,0,1
consistently_high-quality,1,1,0
sometimes_glaring,1,1,0
consistently_inept,1,1,0
sometimes_frightening,1,1,0
consistently_japanese,1,1,0
completely_monotonous,1,1,0
so_replaceable,1,0,1
somehow_outstanding,1,1,0
completely_stubborn,1,1,0
consistently_irreverent,1,1,0
consistently_integral,1,1,0
solidly_unwilling,1,1,0
completely_liquid,1,0,1
somehow_mandatory,1,1,0
solidly_successful,1,1,0
somehow_modern,1,0,1
constantly_fatigued,1,1,0
socially_convenient,1,1,0
constantly_fearful,1,1,0
constantly_forgetful,1,1,0
solely_great,1,1,0
sometimes_friendly,1,1,0
completely_rural,1,1,0
completely_derivative,1,1,0
somehow_abnormal,1,1,0
sometimes_misunderstood,1,1,0
solidly_satisfying,1,0,1
solely_mellow,1,1,0
consistently_legendary,1,1,0
sometimes_genetic,1,1,0
solidly_real,1,0,1
sometimes_future,1,1,0
somehow_silly,1,0,1
consistently_loving,1,1,0
consistently_louder,1,1,0
sometimes_missing,1,1,0
completely_structural,1,1,0
solely_fictional,1,1,0
consistently_libertarian,1,1,0
completely_revelatory,1,0,1
sometimes_frustrating,1,1,0
completely_local,1,1,0
completely_literal,1,1,0
so_skilful,1,1,0
completely_conceptual,1,1,0
somehow_other,1,1,0
completely_ruthless,1,1,0
consistently_lazy,1,1,0
sometimes_funnier,1,1,0
consistently_joyful,1,1,0
sometimes_full,1,1,0
consistently_inappropriate,1,1,0
socially_conventional,1,0,1
sometimes_frequent,1,1,0
solely_ideological,1,1,0
completely_rhetorical,1,1,0
solely_hyperactive,1,1,0
somehow_accessible,1,1,0
sometimes_most,1,1,0
somehow_accidental,1,1,0
consistently_hilarious,1,1,0
completely_complicit,1,1,0
completely_liberating,1,1,0
somehow_accustomed,1,1,0
so_veiled,1,1,0
somehow_actionable,1,1,0
completely_concentrated,1,1,0
somehow_active,1,1,0
somehow_adrift,1,1,0
sometimes_fortunate,1,1,0
sometimes_formidable,1,1,0
completely_routine,1,0,1
completely_grateful,1,1,0
sometimes_former,1,1,0
socially_unstable,1,1,0
somehow_aesthetic,1,1,0
completely_liberal,1,1,0
sometimes_fraught,1,1,0
consistently_homeless,1,1,0
socially_corrupt,1,1,0
somehow_acceptable,1,1,0
completely_comprehensible,1,1,0
completely_likely,1,1,0
constantly_fresh,1,1,0
completely_stuffy,1,1,0
solely_heterosexual,1,1,0
completely_prosaic,1,1,0
so_verbose,1,1,0
completely_stunned,1,1,0
consistently_inadequate,1,1,0
constantly_grumpy,1,1,0
somehow_outside,1,1,0
somehow_sincere,1,1,0
consistently_impressed,1,1,0
socially_unworthy,1,1,0
somehow_abusive,1,1,0
somehow_sinful,1,1,0
socially_untenable,1,1,0
consistently_hot,1,1,0
completely_rewarding,1,1,0
so_slimmer,1,1,0
completely_stylish,1,1,0
so_wordy,1,1,0
completely_magnetic,1,0,1
completely_lucid,1,1,0
sometimes_intellectual,1,1,0
completely_crucial,1,0,1
so_sappy,1,0,1
conspicuously_inhumane,1,1,0
constantly_attainable,1,1,0
socially_at-risk,1,1,0
socially_admirable,1,1,0
completely_replaceable,1,0,1
conspicuously_incidental,1,1,0
conspicuously_illegal,1,1,0
completely_cruel,1,1,0
sometimes_intentional,1,1,0
somehow_reassuring,1,1,0
conspicuously_hairy,1,1,0
somehow_reflective,1,1,0
completely_horrid,1,0,1
solely_academic,1,1,0
so_winded,1,1,0
sometimes_insular,1,1,0
conspicuously_ignorant,1,1,0
somehow_practicable,1,1,0
solely_recreational,1,1,0
solely_transactional,1,1,0
completely_regrettable,1,1,0
conspicuously_happy,1,1,0
so_sanitary,1,1,0
sometimes_interwoven,1,1,0
conspicuously_invisible,1,1,0
sometimes_late,1,1,0
conspicuously_low,1,1,0
socially_aloof,1,1,0
solely_accessible,1,1,0
conspicuously_light,1,0,1
sometimes_invisible,1,1,0
sometimes_invasive,1,1,0
so_western,1,1,0
completely_shit,1,1,0
constantly_argumentative,1,1,0
so_sandy,1,1,0
completely_repetitive,1,1,0
somehow_reasonable,1,1,0
solely_subjective,1,0,1
sometimes_intuitive,1,1,0
completely_measurable,1,1,0
solely_theoretical,1,1,0
completely_religious,1,0,1
somehow_odd,1,1,0
completely_significant,1,0,1
solely_red,1,0,1
completely_similar,1,0,1
solely_tragic,1,1,0
constantly_asleep,1,1,0
completely_merry,1,1,0
conspicuously_flat,1,1,0
consistently_satisfying,1,1,0
completely_regional,1,1,0
completely_curly,1,1,0
completely_singular,1,0,1
completely_hateful,1,0,1
sometimes_incomprehensible,1,1,0
so_scrappy,1,1,0
constantly_attractive,1,1,0
completely_conversational,1,0,1
completely_meditative,1,1,0
solely_visual,1,1,0
solely_western,1,1,0
completely_sinister,1,0,1
constantly_audible,1,1,0
softly_tragic,1,1,0
softly_pornographic,1,1,0
sometimes_incompetent,1,1,0
sometimes_inclined,1,1,0
solidly_banal,1,1,0
softly_political,1,1,0
completely_harsh,1,0,1
completely_dazed,1,1,0
sometimes_inactive,1,1,0
completely_horrified,1,1,0
sometimes_inaccurate,1,1,0
sometimes_inaccessible,1,1,0
conspicuously_broad,1,1,0
so_sci-fi,1,1,0
conspicuously_cheap,1,1,0
sometimes_independent,1,1,0
somehow_regal,1,1,0
conspicuously_flashy,1,1,0
so_richer,1,1,0
so_weekly,1,1,0
softly_sensuous,1,0,1
sometimes_innocent,1,1,0
sometimes_infuriating,1,1,0
completely_reproducible,1,1,0
completely_courteous,1,1,0
conspicuously_esoteric,1,1,0
solely_unique,1,0,1
completely_cost-effective,1,1,0
somehow_relatable,1,1,0
softly_seductive,1,1,0
conspicuously_different,1,0,1
conspicuously_correct,1,1,0
completely_curable,1,1,0
socially_accountable,1,1,0
conspicuously_cool,1,1,0
sometimes_individual,1,1,0
completely_regressive,1,0,1
sometimes_indifferent,1,1,0
completely_mediocre,1,1,0
constantly_appropriate,1,1,0
completely_shameful,1,0,1
completely_credible,1,1,0
conspicuously_short,1,1,0
somehow_objective,1,1,0
solely_reliant,1,1,0
so_rocky,1,1,0
completely_critical,1,1,0
constantly_adaptive,1,1,0
completely_sensuous,1,1,0
somehow_productive,1,1,0
completely_serendipitous,1,1,0
completely_mature,1,1,0
completely_serene,1,0,1
solely_cheaper,1,1,0
sometimes_japanese,1,1,0
conspicuously_loyal,1,1,0
conspicuously_shady,1,0,1
sometimes_italian,1,1,0
somehow_obvious,1,1,0
conspicuously_secular,1,1,0
sometimes_irritable,1,1,0
solely_circumstantial,1,1,0
somehow_profound,1,0,1
so_runny,1,1,0
somehow_progressive,1,1,0
completely_self-centered,1,1,0
so_whiter,1,1,0
so_roman,1,1,0
completely_homosexual,1,1,0
somehow_primitive,1,1,0
completely_sensitive,1,1,0
solely_bad,1,1,0
completely_meaningful,1,1,0
solely_religious,1,1,0
completely_crippling,1,1,0
somehow_prior,1,1,0
conspicuously_wealthy,1,1,0
sometimes_juvenile,1,1,0
conspicuously_vague,1,1,0
so_rousing,1,0,1
somehow_obtuse,1,1,0
constantly_able,1,1,0
solely_biblical,1,0,1
socially_ambitious,1,1,0
completely_self-reliant,1,1,0
completely_mesmerising,1,0,1
completely_remorseful,1,1,0
conspicuously_unwilling,1,0,1
somehow_pro-life,1,1,0
conspicuously_uninterested,1,1,0
so_roomy,1,1,0
solely_repulsive,1,1,0
completely_mind-blowing,1,1,0
conspicuously_tall,1,1,0
completely_mindful,1,1,0
so_rural,1,1,0
conspicuously_religious,1,1,0
conspicuously_numerous,1,1,0
socially_altruistic,1,1,0
sometimes_irreplaceable,1,1,0
solely_applicable,1,1,0
constantly_apparent,1,1,0
sometimes_irregular,1,1,0
solely_african,1,1,0
completely_criminal,1,1,0
somehow_qualified,1,1,0
somehow_notable,1,1,0
somehow_racist,1,1,0
solely_commercial,1,1,0
completely_self-aware,1,1,0
somehow_random,1,0,1
somehow_ready,1,1,0
conspicuously_mannered,1,1,0
somehow_real,1,1,0
sometimes_irrational,1,1,0
socially_apt,1,1,0
solely_spooky,1,1,0
somehow_normal,1,1,0
so_safer,1,1,0
sometimes_ironic,1,1,0
sometimes_irate,1,1,0
completely_reluctant,1,1,0
conspicuously_old-fashioned,1,0,1
solely_romantic,1,1,0
solely_southern,1,1,0
somehow_prejudiced,1,1,0
conspicuously_qualified,1,0,1
socially_appealing,1,1,0
constantly_aggressive,1,1,0
solely_attainable,1,1,0
constantly_alert,1,1,0
conspicuously_present,1,1,0
conspicuously_precise,1,1,0
somehow_objectionable,1,1,0
constantly_alive,1,1,0
solely_sexual,1,0,1
conspicuously_positive,1,1,0
somehow_promiscuous,1,1,0
conspicuously_open,1,1,0
constantly_amazed,1,1,0
solely_small,1,1,0
constantly_annoyed,1,1,0
sometimes_irreversible,1,1,0
completely_sexist,1,1,0
somehow_provincial,1,1,0
sometimes_lame,1,1,0
somehow_pure,1,0,1
completely_shallow,1,1,0
completely_controllable,1,0,1
completely_skilled,1,0,1
constantly_awake,1,1,0
consistently_sunny,1,1,0
sometimes_horrible,1,1,0
constantly_cognizant,1,1,0
socially_cautious,1,1,0
socially_abstract,1,1,0
completely_savory,1,0,1
consistently_supportive,1,1,0
completely_sarcastic,1,0,1
constantly_cold,1,1,0
somehow_perverse,1,0,1
consistently_superior,1,1,0
sometimes_horizontal,1,1,0
consistently_substandard,1,1,0
solely_doable,1,1,0
sometimes_melodramatic,1,1,0
somehow_sacred,1,1,0
solidly_factual,1,1,0
consistently_stunning,1,1,0
consistently_spot-on,1,1,0
softly_hued,1,1,0
softly_hairy,1,1,0
softly_floral,1,1,0
somehow_sad,1,1,0
consistently_soft,1,1,0
completely_sore,1,1,0
somehow_naked,1,1,0
constantly_cloudy,1,1,0
solidly_evangelical,1,1,0
sometimes_mean,1,1,0
constantly_clear,1,1,0
solidly_decent,1,0,1
sometimes_malevolent,1,1,0
consistently_toxic,1,1,0
so_restrained,1,0,1
completely_handy,1,1,0
sometimes_human,1,1,0
socially_bold,1,1,0
so_self-sufficient,1,1,0
solely_due,1,1,0
completely_congested,1,1,0
sometimes_many,1,1,0
completely_gutsy,1,1,0
somehow_rude,1,1,0
somehow_narcissistic,1,1,0
so_restorative,1,1,0
completely_heavenly,1,0,1
completely_malevolent,1,1,0
completely_deductible,1,1,0
solely_profitable,1,1,0
sometimes_hostile,1,1,0
consistently_timely,1,1,0
socially_capable,1,1,0
somehow_mysterious,1,1,0
completely_sorry,1,1,0
solidly_forgetful,1,1,0
somehow_muddled,1,1,0
completely_defenseless,1,0,1
consistently_similar,1,1,0
solidly_impressive,1,1,0
so_sex,1,1,0
somehow_selective,1,1,0
sometimes_heartbroken,1,1,0
solely_potential,1,1,0
somehow_selfish,1,1,0
sometimes_heartbreaking,1,1,0
sometimes_hazardous,1,1,0
constantly_creative,1,1,0
consistently_silent,1,1,0
sometimes_harsh,1,1,0
sometimes_mental,1,0,1
completely_defiant,1,0,1
solidly_left-wing,1,1,0
somehow_more,1,1,0
solidly_libertarian,1,1,0
completely_southern,1,0,1
completely_deficient,1,1,0
consistently_shady,1,1,0
consistently_secure,1,1,0
completely_sovereign,1,1,0
sometimes_hesitant,1,1,0
so_set,1,1,0
somehow_safer,1,1,0
so_voluptuous,1,1,0
sometimes_homemade,1,1,0
socially_challenging,1,1,0
solidly_funny,1,1,0
consistently_small,1,1,0
completely_sound,1,1,0
sometimes_homeless,1,1,0
solidly_german,1,1,0
consistently_slower,1,1,0
consistently_skilled,1,1,0
somehow_satisfied,1,1,0
somehow_private,1,1,0
sometimes_historical,1,1,0
completely_lush,1,1,0
completely_sour,1,1,0
so_voracious,1,0,1
completely_defamatory,1,1,0
constantly_conscious,1,1,0
completely_minimal,1,1,0
socially_clueless,1,1,0
socially_clumsy,1,1,0
solely_preventable,1,1,0
completely_conclusive,1,1,0
completely_homegrown,1,1,0
completely_homeless,1,1,0
sometimes_mad,1,1,0
consistently_worth,1,1,0
completely_continuous,1,1,0
sometimes_imaginary,1,1,0
so_revered,1,0,1
constantly_bigger,1,0,1
somehow_nefarious,1,0,1
sometimes_illogical,1,1,0
completely_sleek,1,1,0
consistently_unwilling,1,1,0
completely_deadpan,1,1,0
so_retrograde,1,1,0
completely_deceitful,1,1,0
sometimes_ideological,1,1,0
solely_criminal,1,1,0
sometimes_humiliating,1,1,0
somehow_reminiscent,1,1,0
so_sedate,1,1,0
completely_manic,1,1,0
constantly_bored,1,1,0
completely_merciless,1,1,0
completely_slick,1,1,0
so_segregated,1,1,0
solidly_chinese,1,0,1
consistently_uninteresting,1,1,0
softly_open,1,1,0
so_waterproof,1,1,0
completely_masterful,1,1,0
solely_creative,1,1,0
consistently_uphill,1,1,0
consistently_upset,1,1,0
consistently_wonderful,1,1,0
completely_deadly,1,1,0
sometimes_important,1,1,0
somehow_reluctant,1,1,0
constantly_bad,1,1,0
consistently_witty,1,0,1
somehow_negative,1,1,0
consistently_wacky,1,0,1
sometimes_implicit,1,1,0
consistently_venomous,1,1,0
so_seasoned,1,0,1
softly_outspoken,1,1,0
completely_heartbreaking,1,1,0
sometimes_impatient,1,1,0
consistently_valuable,1,1,0
solidly_black,1,1,0
socially_awful,1,1,0
completely_reflective,1,1,0
so_secondary,1,1,0
sometimes_imminent,1,1,0
sometimes_libertarian,1,1,0
constantly_beneficial,1,1,0
sometimes_life-threatening,1,1,0
so_self-aware,1,1,0
sometimes_lighter,1,0,1
completely_seductive,1,1,0
so_self-critical,1,1,0
completely_social,1,1,0
completely_secret,1,1,0
completely_contemptible,1,0,1
so_self-destructive,1,1,0
solidly_classical,1,1,0
completely_scrumptious,1,1,0
constantly_cheerful,1,1,0
somehow_nearby,1,1,0
solely_devoted,1,0,1
consistently_uncertain,1,0,1
completely_recreational,1,1,0
consistently_true,1,1,0
completely_consuming,1,1,0
sometimes_hungry,1,1,0
completely_soggy,1,1,0
completely_dedicated,1,0,1
solidly_colourful,1,0,1
completely_homogeneous,1,1,0
completely_malleable,1,0,1
completely_scientific,1,1,0
completely_scathing,1,1,0
solidly_constructive,1,1,0
solidly_dangerous,1,0,1
so_wishful,1,1,0
somehow_resonant,1,1,0
consistently_unhappy,1,1,0
solidly_circular,1,0,1
sometimes_identical,1,1,0
socially_backward,1,1,0
completely_slimy,1,1,0
sometimes_literal,1,1,0
sometimes_local,1,1,0
consistently_underpaid,1,1,0
completely_small,1,0,1
completely_secretive,1,1,0
socially_bad,1,1,0
completely_contemptuous,1,1,0
sometimes_hysterical,1,1,0
consistently_uncomplicated,1,1,0
somehow_replete,1,1,0
sometimes_looser,1,1,0
solidly_cinematic,1,0,1
completely_repugnant,1,0,1
so_self-contained,1,0,1
completely_smitten,1,1,0
somehow_resistant,1,1,0
socially_beautiful,1,0,1
completely_humane,1,0,1
sometimes_hurtful,1,1,0
constantly_challenging,1,1,0
somehow_welcoming,1,1,0
completely_itchy,1,1,0
consistently_dramatic,1,1,0
conceptually_possible,1,1,0
so_transferable,1,1,0
completely_unofficial,1,1,0
so_transformational,1,1,0
sometime_red,1,1,0
completely_incredulous,1,1,0
conceptually_risky,1,1,0
completely_unorganized,1,1,0
so_translucent,1,1,0
somehow_unified,1,1,0
completely_incurable,1,1,0
conceptually_rich,1,1,0
conceptually_relevant,1,1,0
sometime_raucous,1,1,0
socially_inclusive,1,1,0
completely_frigid,1,1,0
completely_unpalatable,1,1,0
socially_polite,1,1,0
sometime_purple,1,1,0
socially_poignant,1,1,0
conceptually_profound,1,1,0
completely_unpleasant,1,1,0
somehow_impossible,1,1,0
socially_incompatible,1,1,0
completely_french,1,0,1
sometime_precise,1,1,0
completely_insufficient,1,1,0
completely_frank,1,1,0
socially_plausible,1,1,0
completely_indecisive,1,1,0
completely_unobtrusive,1,1,0
completely_inconvenient,1,1,0
conceptually_simpler,1,1,0
socially_powerless,1,1,0
conceptually_weird,1,0,1
conceptually_valid,1,1,0
somehow_unhappy,1,1,0
conceptually_useful,1,1,0
socially_incapable,1,1,0
sometime_valuable,1,1,0
conceptually_unsound,1,1,0
conceptually_unrelated,1,0,1
somehow_drunk,1,1,0
conceptually_unheard,1,0,1
conceptually_unbalanced,1,1,0
so_touristy,1,0,1
sometime_useless,1,1,0
completely_official,1,1,0
somehow_unhinged,1,1,0
so_unreachable,1,1,0
conceptually_true,1,1,0
conceptually_tangible,1,1,0
somehow_dynamic,1,1,0
conceptually_sound,1,1,0
completely_inconceivable,1,1,0
somehow_dysfunctional,1,1,0
completely_unmoved,1,1,0
so_unproven,1,0,1
somehow_unhealthy,1,1,0
sometime_simple,1,1,0
somehow_easy,1,1,0
somehow_eccentric,1,1,0
completely_excellent,1,1,0
completely_one-dimensional,1,1,0
so_taut,1,1,0
completely_perplexing,1,1,0
sometime_evil,1,1,0
conceptually_genuine,1,1,0
so_unplanned,1,0,1
so_unparalleled,1,0,1
completely_insubstantial,1,1,0
sometime_close,1,1,0
so_unpaid,1,1,0
socially_inevitable,1,1,0
sometime_better,1,1,0
sometime_absurd,1,0,1
sometime_absent,1,1,0
completely_indefensible,1,0,1
somehow_essential,1,1,0
someplace_wonderful,1,1,0
someplace_weird,1,1,0
completely_unruly,1,1,0
completely_operational,1,1,0
completely_unsatisfactory,1,0,1
somehow_evil,1,1,0
conceptually_faulty,1,1,0
completely_exhilarating,1,1,0
completely_unsatisfied,1,1,0
so_unofficial,1,1,0
completely_permeable,1,0,1
so_unnoticed,1,0,1
socially_other,1,1,0
conceptually_fascinating,1,0,1
so_unnoticeable,1,1,0
somehow_unkind,1,1,0
conceptually_identical,1,1,0
completely_permissive,1,0,1
sometime_extra,1,1,0
sometime_invisible,1,1,0
completely_unpretentious,1,0,1
conceptually_pleasing,1,1,0
conceptually_perfect,1,1,0
conceptually_original,1,1,0
sometime_late,1,1,0
completely_unpublished,1,1,0
sometime_last,1,1,0
conceptually_opaque,1,1,0
conceptually_meaningless,1,1,0
somehow_elitist,1,1,0
conceptually_meaningful,1,1,0
completely_fragile,1,1,0
somehow_emblematic,1,1,0
conceptually_invisible,1,1,0
somehow_entertaining,1,1,0
sometime_impossible,1,1,0
conceptually_intelligible,1,1,0
somehow_unjustified,1,1,0
socially_permissible,1,1,0
completely_unreleased,1,1,0
conceptually_insipid,1,1,0
conceptually_incongruous,1,1,0
somehow_empathetic,1,1,0
conceptually_incoherent,1,1,0
conceptually_impossible,1,0,1
completely_perpendicular,1,1,0
so_trusted,1,0,1
conceptually_imposing,1,0,1
confusingly_ambiguous,1,1,0
somehow_incidental,1,1,0
socially_precarious,1,1,0
completely_exasperating,1,1,0
consciously_green,1,1,0
somehow_indigenous,1,0,1
completely_uninhibited,1,0,1
somehow_indifferent,1,1,0
socially_proper,1,1,0
consciously_geometric,1,1,0
consciously_experienced,1,0,1
consciously_evil,1,1,0
consciously_eclectic,1,1,0
somehow_understated,1,0,1
completely_impressed,1,1,0
consciously_dry,1,1,0
completely_fundamental,1,0,1
somehow_undocumented,1,1,0
somehow_incorrect,1,1,0
somehow_unequal,1,1,0
sometimes_appropriate,1,1,0
consciously_derivative,1,1,0
consciously_cruel,1,1,0
consciously_conscious,1,1,0
completely_intelligent,1,0,1
consciously_complicated,1,1,0
so_wrinkled,1,1,0
socially_impoverished,1,1,0
consciously_cloying,1,1,0
completely_pervasive,1,1,0
consciously_available,1,1,0
sometimes_ambiguous,1,1,0
somehow_inconsistent,1,1,0
consciously_happy,1,1,0
sometimes_arbitrary,1,1,0
somehow_understandable,1,1,0
completely_interdependent,1,1,0
completely_unimaginative,1,1,0
sometimes_aware,1,1,0
socially_real,1,0,1
sometimes_avoidable,1,1,0
consciously_racist,1,1,0
consciously_quirky,1,1,0
consciously_principled,1,1,0
somehow_undefined,1,1,0
somehow_disposable,1,1,0
consciously_obvious,1,0,1
somehow_ineffective,1,1,0
socially_impaired,1,1,0
consciously_observant,1,1,0
sometimes_autistic,1,1,0
socially_impartial,1,1,0
consciously_naive,1,1,0
sometimes_australian,1,1,0
sometimes_asleep,1,1,0
consciously_mindful,1,1,0
socially_quiet,1,1,0
consciously_intellectual,1,1,0
somehow_dissatisfied,1,1,0
sometimes_artificial,1,1,0
consciously_ideological,1,1,0
consciously_horrific,1,1,0
consciously_harmful,1,1,0
so_terminal,1,1,0
completely_enticing,1,1,0
consciously_artistic,1,1,0
socially_improper,1,1,0
sometimes_aloof,1,1,0
confusingly_contradictory,1,1,0
socially_privileged,1,1,0
confusingly_variable,1,1,0
confusingly_unrelated,1,1,0
confusingly_sexy,1,1,0
sometimes_accurate,1,1,0
sometimes_accessible,1,1,0
confusingly_magical,1,0,1
completely_european,1,0,1
completely_insulting,1,0,1
confusingly_erotic,1,1,0
sometimes_abusive,1,1,0
completely_evident,1,1,0
somehow_downtrodden,1,1,0
sometimes_abrupt,1,1,0
so_tighter,1,1,0
socially_principled,1,1,0
confusingly_confused,1,1,0
completely_incidental,1,1,0
confusingly_complicated,1,1,0
completely_unlimited,1,1,0
completely_unmatched,1,0,1
completely_inclusive,1,1,0
so_tolerable,1,1,0
somehow_dramatic,1,1,0
somehow_unfulfilled,1,1,0
so_unreadable,1,1,0
sometimes_above,1,1,0
confusingly_beautiful,1,1,0
so_time-consuming,1,0,1
sometimes_acidic,1,1,0
so_thicker,1,1,0
consciously_afraid,1,1,0
consciously_apolitical,1,1,0
sometimes_aggressive,1,1,0
socially_profound,1,0,1
completely_equivocal,1,1,0
so_thinner,1,1,0
consciously_androgynous,1,1,0
completely_offended,1,1,0
so_thorny,1,1,0
sometimes_affectionate,1,1,0
completely_universal,1,0,1
sometimes_advisable,1,1,0
consciously_ambitious,1,0,1
consciously_alert,1,1,0
sometimes_additional,1,1,0
somehow_distinguishable,1,1,0
so_thrifty,1,1,0
consciously_aesthetic,1,0,1
socially_inadequate,1,1,0
consciously_advanced,1,1,0
completely_improbable,1,1,0
sometimes_acute,1,1,0
completely_erect,1,1,0
completely_personable,1,1,0
consciously_able,1,1,0
confusingly_various,1,1,0
completely_insurmountable,1,0,1
completely_frustrating,1,1,0
completely_unlikeable,1,1,0
conceptually_equivalent,1,1,0
completely_unscathed,1,1,0
so_un-american,1,0,1
so_undemocratic,1,0,1
someplace_cozy,1,1,0
completely_fast,1,0,1
so_undetected,1,1,0
so_undeveloped,1,1,0
somehow_frightening,1,1,0
socially_intimate,1,0,1
completely_veiled,1,1,0
completely_fatal,1,1,0
somehow_funny,1,1,0
completely_inebriated,1,1,0
somehow_holy,1,1,0
so_undisciplined,1,1,0
someplace_cold,1,1,0
socially_intolerable,1,1,0
completely_over,1,0,1
completely_fatigued,1,1,0
compulsively_early,1,1,0
somehow_genetic,1,0,1
compulsively_dishonest,1,1,0
somehow_hilarious,1,1,0
somehow_visible,1,1,0
compulsively_defensive,1,0,1
completely_vicious,1,0,1
completely_ineligible,1,1,0
completely_overbearing,1,1,0
completely_violent,1,1,0
compulsively_clean,1,1,0
someplace_big,1,1,0
somehow_grateful,1,1,0
somehow_identical,1,1,0
completely_focused,1,0,1
somehow_ill,1,1,0
somehow_upset,1,1,0
completely_peculiar,1,0,1
compulsively_superstitious,1,1,0
someplace_european,1,1,0
somehow_uplifting,1,1,0
someplace_essential,1,1,0
someplace_easy,1,1,0
compulsively_prolific,1,0,1
someplace_dreamy,1,1,0
compulsively_perfect,1,0,1
compulsively_orderly,1,1,0
completely_outside,1,1,0
someplace_distant,1,1,0
compulsively_neat,1,1,0
compulsively_likable,1,1,0
compulsively_entertaining,1,1,0
someplace_dirty,1,1,0
completely_farfetched,1,1,0
completely_vapid,1,1,0
compulsively_inventive,1,1,0
compulsively_interested,1,1,0
somehow_freer,1,1,0
somehow_urgent,1,1,0
compulsively_impulsive,1,1,0
so_underweight,1,1,0
completely_foolhardy,1,1,0
someplace_deeper,1,1,0
somehow_friendly,1,1,0
compulsively_honest,1,0,1
so_unemployed,1,1,0
completely_zero,1,1,0
someplace_better,1,1,0
completely_wholesome,1,1,0
completely_wondrous,1,1,0
somehow_hazardous,1,1,0
so_unfulfilled,1,1,0
somehow_harmonious,1,0,1
completely_passe,1,1,0
so_unfriendly,1,1,0
completely_pale,1,1,0
completely_witty,1,0,1
socially_manageable,1,1,0
somehow_handicapped,1,1,0
somehow_harder,1,1,0
so_unfazed,1,1,0
completely_washable,1,1,0
so_unfit,1,0,1
completely_warm,1,1,0
somehow_wondrous,1,1,0
somehow_wonderful,1,1,0
somehow_harmful,1,1,0
completely_paranoid,1,1,0
so_unflappable,1,0,1
somehow_wise,1,1,0
completely_western,1,1,0
completely_flabbergasted,1,1,0
completely_wasteful,1,0,1
somehow_harmless,1,1,0
completely_parallel,1,0,1
socially_lower,1,0,1
completely_fitting,1,1,0
somehow_worried,1,1,0
completely_firm,1,1,0
completely_wrinkled,1,1,0
completely_virtuous,1,1,0
someplace_beautiful,1,1,0
someplace_awesome,1,1,0
socially_motivated,1,1,0
completely_feminine,1,1,0
completely_inexcusable,1,1,0
completely_viral,1,1,0
completely_wretched,1,1,0
completely_passionate,1,1,0
somehow_gross,1,1,0
somehow_groundbreaking,1,1,0
somehow_heroic,1,1,0
somehow_vulgar,1,1,0
completely_overcrowded,1,1,0
somehow_wasteful,1,1,0
socially_irrelevant,1,1,0
completely_fifth,1,0,1
somehow_worthless,1,1,0
somehow_weak,1,1,0
completely_overkill,1,1,0
somehow_weaker,1,1,0
completely_worse,1,1,0
somehow_helpful,1,1,0
completely_overworked,1,1,0
completely_worried,1,1,0
somehow_healthier,1,1,0
completely_final,1,1,0
completely_vocal,1,1,0
completely_volatile,1,0,1
compulsively_tidy,1,1,0
completely_far-fetched,1,0,1
somehow_exciting,1,1,0
completely_foreseeable,1,0,1
conceptually_daring,1,1,0
somehow_fantastic,1,1,0
someplace_sophisticated,1,1,0
conceptually_crude,1,1,0
conceptually_correct,1,1,0
somehow_fashionable,1,1,0
conceptually_contradictory,1,1,0
completely_inhumane,1,1,0
completely_explicit,1,1,0
conceptually_consistent,1,1,0
conceptually_compatible,1,1,0
someplace_riskier,1,1,0
conceptually_coherent,1,0,1
conceptually_clever,1,1,0
socially_injurious,1,1,0
so_unjustified,1,1,0
completely_unsympathetic,1,1,0
socially_innovative,1,1,0
so_united,1,0,1
so_unbreakable,1,1,0
somehow_feminine,1,1,0
so_uncanny,1,0,1
completely_untouchable,1,1,0
so_uninterrupted,1,1,0
somehow_feminist,1,1,0
someplace_pleasant,1,1,0
conceptually_barren,1,1,0
somehow_feral,1,1,0
conceptually_bankrupt,1,1,0
conceptually_deep,1,1,0
so_unapologetic,1,1,0
completely_innate,1,0,1
somehow_unlocked,1,1,0
socially_oriented,1,1,0
someplace_unfamiliar,1,1,0
somehow_unknown,1,1,0
conceptually_empty,1,1,0
conceptually_difficult,1,1,0
somehow_impervious,1,1,0
somehow_unlawful,1,1,0
completely_unsettled,1,1,0
so_unmarked,1,0,1
so_unmanageable,1,1,0
completely_instant,1,1,0
completely_inspiring,1,0,1
so_unaccounted,1,1,0
somehow_exotic,1,1,0
completely_perky,1,0,1
completely_unskilled,1,1,0
completely_expendable,1,1,0
somehow_extreme,1,1,0
completely_unspoken,1,0,1
completely_unstoppable,1,1,0
so_unafraid,1,1,0
somehow_unmoved,1,1,0
somehow_unnatural,1,1,0
someplace_sunny,1,1,0
completely_indestructible,1,1,0
somehow_unnecessary,1,1,0
completely_inspirational,1,1,0
completely_inoffensive,1,0,1
so_uncharted,1,1,0
conceptually_aware,1,1,0
socially_oppressed,1,1,0
completely_unwieldy,1,0,1
someplace_important,1,1,0
somehow_fraudulent,1,1,0
completely_indiscriminate,1,1,0
socially_intelligent,1,1,0
somehow_immature,1,1,0
somehow_untouchable,1,1,0
computationally_explicit,1,1,0
completely_ours,1,1,0
somehow_illicit,1,1,0
socially_notable,1,1,0
socially_intense,1,1,0
computationally_efficient,1,1,0
computationally_cheaper,1,1,0
so_uncooperative,1,1,0
somehow_fragile,1,1,0
completely_individualistic,1,1,0
someplace_grey,1,1,0
somehow_unwelcome,1,1,0
completely_infuriating,1,1,0
completely_out,1,1,0
socially_new,1,0,1
completely_upset,1,1,0
so_undecided,1,1,0
someplace_glamorous,1,1,0
completely_urgent,1,1,0
someplace_foreign,1,1,0
someplace_familiar,1,1,0
computationally_arduous,1,1,0
socially_oblivious,1,1,0
socially_obnoxious,1,1,0
completely_unwanted,1,0,1
somehow_forgiving,1,0,1
completely_orange,1,1,0
conceptually_artistic,1,1,0
conceptually_accurate,1,1,0
socially_odd,1,1,0
completely_unwatchable,1,1,0
completely_fab,1,1,0
completely_inhospitable,1,1,0
someplace_nicer,1,1,0
somehow_unreal,1,1,0
computationally_large,1,1,0
someplace_nice,1,1,0
somehow_unrelated,1,1,0
so_unconditional,1,0,1
completely_formulaic,1,1,0
someplace_inconspicuous,1,1,0
computationally_intense,1,1,0
somehow_unsuccessful,1,1,0
completely_fanatical,1,1,0
so_unintentional,1,1,0
somehow_fortunate,1,1,0
completely_indian,1,1,0
computationally_impossible,1,1,0
so_unconstitutional,1,0,1
somehow_unsure,1,1,0
socially_obtuse,1,1,0
computationally_hungry,1,1,0
somehow_immortal,1,1,0
someplace_informal,1,1,0
somehow_disingenuous,1,1,0
socially_reckless,1,1,0
consistently_disappointed,1,1,0
so_staunch,1,1,0
considerably_trickier,1,1,0
considerably_tough,1,1,0
completely_disoriented,1,1,0
considerably_tighter,1,0,1
somehow_crazier,1,0,1
somehow_surprising,1,1,0
considerably_thinner,1,1,0
sometimes_dissonant,1,1,0
considerably_thicker,1,1,0
completely_trendy,1,0,1
sometimes_dissimilar,1,1,0
completely_trite,1,1,0
considerably_thick,1,1,0
somehow_crazy,1,1,0
socially_discriminatory,1,1,0
so_unwelcome,1,1,0
somehow_creepy,1,1,0
socially_substantive,1,0,1
socially_disgruntled,1,1,0
completely_ill-equipped,1,1,0
socially_disparate,1,1,0
considerably_surprising,1,1,0
sometimes_disruptive,1,1,0
so_stationary,1,1,0
completely_tropical,1,1,0
somehow_suspect,1,1,0
completely_potential,1,1,0
completely_twisted,1,0,1
somehow_critical,1,1,0
somehow_courageous,1,0,1
considerably_unpleasant,1,1,0
considerably_valuable,1,0,1
considerably_wise,1,1,0
somehow_subject,1,1,0
consistently_askew,1,1,0
somehow_subservient,1,1,0
consistently_appropriate,1,1,0
completely_ill,1,1,0
consistently_accurate,1,1,0
consistently_absent,1,1,0
consistently_above,1,1,0
somehow_corporate,1,1,0
completely_traumatic,1,1,0
so_sporty,1,1,0
somehow_corrupt,1,1,0
somehow_subversive,1,0,1
sometimes_drunk,1,1,0
completely_dismal,1,1,0
sometimes_dreary,1,1,0
considerably_wealthy,1,1,0
considerably_wealthier,1,1,0
considerably_weak,1,1,0
sometimes_dreamy,1,1,0
so_squeamish,1,1,0
somehow_costly,1,1,0
completely_gracious,1,1,0
completely_pragmatic,1,1,0
somehow_supportive,1,1,0
completely_discretionary,1,0,1
completely_disheveled,1,1,0
socially_subtle,1,1,0
so_statistical,1,0,1
considerably_surprised,1,1,0
socially_impactful,1,1,0
completely_illegitimate,1,1,0
socially_divisive,1,1,0
sometimes_different,1,1,0
completely_unattractive,1,0,1
sometimes_devastating,1,1,0
completely_unbreakable,1,0,1
somehow_interesting,1,1,0
sometimes_destructive,1,1,0
sometimes_desperate,1,1,0
somehow_customizable,1,1,0
considerably_rougher,1,0,1
somehow_tantamount,1,1,0
considerably_reckless,1,1,0
somehow_tasteful,1,1,0
considerably_rarer,1,0,1
somehow_interested,1,1,0
somehow_taut,1,1,0
sometimes_depressed,1,1,0
sometimes_dependent,1,1,0
so_storied,1,1,0
so_stout,1,1,0
sometimes_delicate,1,1,0
completely_unchallenged,1,1,0
considerably_pricier,1,0,1
considerably_prettier,1,0,1
completely_distraught,1,1,0
considerably_powerful,1,0,1
somehow_terrifying,1,1,0
considerably_poor,1,1,0
considerably_pleased,1,1,0
completely_niche,1,0,1
somehow_taboo,1,1,0
completely_unassuming,1,0,1
completely_negotiable,1,1,0
completely_disorienting,1,1,0
socially_distant,1,1,0
somehow_symptomatic,1,1,0
considerably_successful,1,1,0
somehow_invisible,1,1,0
considerably_solid,1,1,0
socially_stronger,1,1,0
completely_disparate,1,1,0
so_unusable,1,1,0
considerably_softer,1,1,0
completely_gooey,1,1,0
socially_distasteful,1,0,1
socially_stiff,1,1,0
considerably_small,1,1,0
considerably_rubbish,1,0,1
completely_unannounced,1,1,0
considerably_shocked,1,1,0
somehow_intrinsic,1,1,0
somehow_intimidating,1,1,0
sometimes_dire,1,1,0
socially_sophisticated,1,0,1
considerably_sexier,1,0,1
completely_nerdy,1,0,1
considerably_savvy,1,0,1
completely_nerve-wracking,1,1,0
considerably_safer,1,1,0
sometimes_dim,1,1,0
somehow_crucial,1,1,0
sometimes_dry,1,1,0
somehow_stupid,1,1,0
somehow_cooler,1,1,0
completely_negligent,1,1,0
completely_thankful,1,1,0
sometimes_exhilarating,1,1,0
somehow_bright,1,1,0
consistently_confusing,1,0,1
completely_therapeutic,1,0,1
somehow_cathartic,1,1,0
completely_thick,1,1,0
sometimes_exclusive,1,1,0
so_usable,1,1,0
somehow_certain,1,1,0
completely_jewish,1,1,0
somehow_legal,1,1,0
sometimes_excitable,1,1,0
somehow_soggy,1,1,0
socially_unattractive,1,1,0
sometimes_everyday,1,1,0
sometimes_esoteric,1,1,0
somehow_lawful,1,1,0
completely_pro-life,1,1,0
somehow_childish,1,1,0
completely_thrilling,1,0,1
socially_dependent,1,1,0
completely_iconic,1,1,0
somehow_solvable,1,1,0
somehow_sparkly,1,1,0
completely_tidy,1,0,1
so_sought-after,1,1,0
sometimes_equal,1,1,0
completely_ideal,1,0,1
completely_hysterical,1,1,0
consistently_creative,1,1,0
sometimes_existential,1,1,0
completely_hyperactive,1,1,0
completely_justified,1,1,0
somehow_sneaky,1,1,0
completely_dim,1,1,0
completely_disabled,1,0,1
somehow_soft,1,1,0
so_soggy,1,0,1
sometimes_faster,1,1,0
consistently_difficult,1,1,0
consistently_demonstrative,1,1,0
sometimes_fast,1,1,0
sometimes_false,1,1,0
sometimes_faint,1,0,1
consistently_dangerous,1,1,0
so_solitary,1,0,1
consistently_critical,1,1,0
completely_sustainable,1,1,0
completely_swollen,1,1,0
socially_deleterious,1,1,0
completely_joyous,1,0,1
so_solvable,1,0,1
somehow_blank,1,1,0
sometimes_exuberant,1,1,0
somehow_bleaker,1,1,0
completely_sympathetic,1,1,0
so_sombre,1,0,1
somehow_brave,1,0,1
sometimes_expensive,1,1,0
consistently_curious,1,1,0
completely_naturalistic,1,1,0
socially_truthful,1,1,0
socially_topical,1,1,0
consistently_broad,1,0,1
somehow_stuck,1,1,0
completely_idle,1,1,0
completely_primal,1,0,1
socially_supportive,1,1,0
so_spartan,1,1,0
somehow_confused,1,1,0
sometimes_eerie,1,0,1
completely_jaded,1,1,0
somehow_conscious,1,1,0
somehow_irritated,1,1,0
somehow_contemporary,1,1,0
consistently_brutal,1,1,0
sometimes_easy,1,0,1
completely_translucent,1,1,0
consistently_chaotic,1,1,0
somehow_contiguous,1,1,0
so_unwise,1,1,0
consistently_black,1,1,0
somehow_contrary,1,1,0
completely_presidential,1,1,0
completely_premature,1,1,0
sometimes_dusty,1,1,0
socially_liberating,1,1,0
completely_irreversible,1,1,0
completely_predictive,1,1,0
sometimes_dull,1,1,0
consistently_awkward,1,1,0
consistently_awake,1,1,0
completely_transferable,1,1,0
consistently_clean,1,1,0
completely_graphic,1,0,1
completely_tough,1,1,0
consistently_competent,1,1,0
sometimes_engaging,1,1,0
socially_tolerant,1,1,0
completely_tolerant,1,1,0
somehow_closer,1,1,0
somehow_strange,1,1,0
socially_therapeutic,1,1,0
somehow_compliant,1,1,0
somehow_complicit,1,1,0
socially_themed,1,1,0
completely_nauseating,1,1,0
sometimes_emotional,1,1,0
sometimes_embarrassing,1,1,0
somehow_conducive,1,1,0
sometimes_efficient,1,1,0
consistently_compelling,1,0,1
consistently_compassionate,1,1,0
sometimes_elusive,1,1,0
consistently_cold,1,1,0
completely_primary,1,1,0
sometimes_eloquent,1,1,0
socially_synonymous,1,1,0
consistently_closer,1,1,0
completely_traceable,1,1,0
completely_tragic,1,1,0
somehow_strident,1,1,0
somehow_judgmental,1,1,0
sometimes_electrical,1,1,0
considerably_old,1,1,0
somehow_thoughtful,1,1,0
considerably_obvious,1,1,0
sometimes_commercial,1,1,0
completely_elated,1,1,0
consequently_passionate,1,1,0
consequently_many,1,1,0
consequently_low,1,1,0
sometimes_chaotic,1,1,0
completely_electric,1,1,0
socially_hapless,1,1,0
sometimes_caustic,1,1,0
sometimes_catholic,1,1,0
completely_else,1,0,1
sometimes_casual,1,1,0
sometimes_careless,1,1,0
consequently_incredible,1,1,0
sometimes_captivating,1,1,0
socially_responsive,1,1,0
sometimes_capable,1,1,0
somehow_unaccounted,1,1,0
somehow_unattainable,1,1,0
consequently_inclined,1,1,0
consequently_immense,1,1,0
consequently_ideal,1,1,0
sometimes_canadian,1,1,0
so_unscrupulous,1,1,0
somehow_innocuous,1,1,0
somehow_difficult,1,1,0
completely_emblematic,1,0,1
completely_geometric,1,1,0
somehow_injurious,1,1,0
completely_general,1,1,0
so_suspect,1,1,0
consequently_useful,1,1,0
sometimes_chilly,1,1,0
somehow_ugly,1,1,0
sometimes_comical,1,1,0
sometimes_comforting,1,1,0
considerably_confused,1,1,0
socially_fun,1,1,0
socially_right,1,0,1
completely_nonsense,1,1,0
completely_intoxicating,1,1,0
completely_eccentric,1,0,1
completely_poetic,1,0,1
considerably_challenging,1,1,0
considerably_brighter,1,1,0
considerably_boring,1,0,1
considerably_artistic,1,1,0
considerably_arduous,1,1,0
considerably_accurate,1,1,0
considerably_alcoholic,1,1,0
socially_generous,1,1,0
completely_pleasant,1,1,0
sometimes_cloudy,1,1,0
completely_eco-friendly,1,1,0
completely_nonstop,1,0,1
considerably_aggravating,1,1,0
completely_global,1,1,0
considerably_active,1,1,0
completely_giddy,1,1,0
somehow_desirable,1,1,0
sometimes_claustrophobic,1,1,0
socially_goofy,1,1,0
sometimes_british,1,1,0
sometimes_bright,1,1,0
completely_platonic,1,1,0
consciously_stylish,1,1,0
consciously_ugly,1,1,0
somehow_dishonest,1,1,0
somehow_unconstitutional,1,1,0
consciously_theatrical,1,0,1
completely_english,1,1,0
consciously_subversive,1,1,0
completely_obtainable,1,0,1
so_unsafe,1,1,0
completely_enough,1,1,0
sometimes_best,1,1,0
sometimes_beneficial,1,1,0
completely_obtrusive,1,1,0
sometimes_beautiful,1,1,0
consciously_short-sighted,1,1,0
socially_human,1,1,0
socially_immobile,1,1,0
so_tangential,1,0,1
consciously_sexist,1,1,0
consciously_separate,1,1,0
so_tantamount,1,0,1
completely_important,1,1,0
consciously_salty,1,1,0
consciously_ripe,1,1,0
completely_unidentified,1,1,0
somehow_uncool,1,0,1
consciously_relaxing,1,1,0
consciously_related,1,1,0
sometimes_awkward,1,1,0
consciously_unconscious,1,1,0
sometimes_bizarre,1,1,0
so_symbiotic,1,1,0
consequently_clear,1,1,0
somehow_dirtier,1,1,0
somehow_inherent,1,1,0
completely_unfulfilled,1,1,0
consequently_harder,1,1,0
completely_numerous,1,0,1
socially_heterogeneous,1,1,0
completely_funny,1,0,1
sometimes_boring,1,1,0
socially_respectable,1,0,1
completely_unfunny,1,1,0
completely_ungrateful,1,0,1
completely_enamoured,1,1,0
consequently_crucial,1,1,0
somehow_unconnected,1,1,0
so_tactful,1,0,1
consequently_arrogant,1,1,0
socially_hip,1,1,0
socially_homogeneous,1,1,0
so_systemic,1,1,0
completely_nutty,1,0,1
consciously_willing,1,1,0
completely_imperfect,1,1,0
somehow_disappointed,1,1,0
somehow_disgusting,1,1,0
socially_hostile,1,1,0
completely_endearing,1,0,1
completely_engaging,1,1,0
consciously_unworthy,1,1,0
completely_unfavorable,1,0,1
sometimes_common,1,1,0
considerably_obese,1,1,0
sometimes_compatible,1,1,0
somehow_tougher,1,1,0
sometimes_cuter,1,1,0
sometimes_cute,1,1,0
sometimes_cunning,1,1,0
sometimes_cryptic,1,1,0
completely_uncool,1,0,1
sometimes_cruel,1,1,0
considerably_inexpensive,1,1,0
considerably_impressed,1,1,0
considerably_hotter,1,1,0
completely_dramatic,1,1,0
socially_selfish,1,1,0
completely_underfunded,1,1,0
somehow_debilitating,1,1,0
socially_secure,1,1,0
considerably_hot,1,1,0
sometimes_creative,1,1,0
completely_understaffed,1,1,0
considerably_heavy,1,1,0
somehow_deep,1,1,0
sometimes_crazy,1,1,0
sometimes_crass,1,1,0
completely_nondescript,1,0,1
somehow_traumatic,1,1,0
sometimes_covert,1,1,0
completely_political,1,1,0
so_suave,1,0,1
completely_polite,1,1,0
considerably_healthier,1,1,0
so_unstructured,1,1,0
completely_downtrodden,1,1,0
socially_egregious,1,1,0
somehow_daunting,1,1,0
socially_dominant,1,1,0
somehow_threatening,1,1,0
socially_durable,1,1,0
completely_intuitive,1,1,0
considerably_minor,1,1,0
socially_shareable,1,1,0
somehow_dark,1,1,0
completely_poor,1,1,0
considerably_milder,1,1,0
somehow_thrilling,1,1,0
completely_uncontroversial,1,1,0
considerably_low,1,1,0
sometimes_deceptive,1,1,0
somehow_interdependent,1,1,0
considerably_insightful,1,1,0
somehow_tighter,1,1,0
sometimes_dead,1,1,0
completely_dorky,1,0,1
so_structural,1,1,0
considerably_louder,1,1,0
completely_unconvincing,1,1,0
so_unsuccessful,1,1,0
somehow_dear,1,0,1
so_unsubstantiated,1,1,0
completely_double,1,1,0
completely_non-traditional,1,0,1
considerably_long,1,1,0
somehow_tolerable,1,1,0
considerably_hard,1,1,0
considerably_funnier,1,1,0
considerably_fresher,1,1,0
completely_uneven,1,1,0
so_unsound,1,1,0
so_such,1,1,0
completely_intransigent,1,1,0
considerably_diverse,1,1,0
completely_undiscovered,1,1,0
somehow_insubstantial,1,1,0
somehow_demented,1,1,0
socially_forbidden,1,1,0
sometimes_conditional,1,1,0
so_sufficient,1,1,0
sometimes_concerned,1,1,0
socially_forward,1,1,0
considerably_disturbing,1,1,0
considerably_disappointing,1,1,0
somehow_deluded,1,1,0
considerably_dirty,1,1,0
sometimes_conceptual,1,1,0
completely_intractable,1,1,0
considerably_dim,1,1,0
completely_unfashionable,1,1,0
sometimes_comprehensive,1,1,0
considerably_denser,1,1,0
completely_dystopian,1,0,1
considerably_dark,1,1,0
completely_eager,1,1,0
somehow_depraved,1,1,0
considerably_costly,1,1,0
socially_risky,1,1,0
considerably_drunk,1,1,0
socially_experimental,1,1,0
considerably_firmer,1,1,0
considerably_extravagant,1,1,0
so_subordinate,1,1,0
somehow_interchangeable,1,1,0
sometimes_courageous,1,1,0
sometimes_costly,1,1,0
so_subservient,1,1,0
completely_immature,1,1,0
somehow_integral,1,1,0
sometimes_corrupt,1,1,0
sometimes_correct,1,1,0
somehow_defamatory,1,1,0
considerably_fewer,1,1,0
sometimes_cooperative,1,1,0
sometimes_cool,1,1,0
completely_poisonous,1,1,0
sometimes_confrontational,1,1,0
completely_intrinsic,1,0,1
sometimes_contentious,1,1,0
socially_equitable,1,1,0
considerably_expensive,1,1,0
so_suburban,1,0,1
somehow_troubled,1,1,0
considerably_excited,1,1,0
socially_satisfied,1,0,1
sometimes_conservative,1,1,0
sometimes_conscious,1,1,0
sometimes_confusing,1,0,1
considerably_enduring,1,0,1
socially_equivalent,1,1,0
solely_lacking,1,0,1
less_handy,1,1,0
sometimes_naughty,1,1,0
certainly_observable,1,1,0
still_shorter,1,1,0
certainly_motivational,1,1,0
certainly_negative,1,1,0
certainly_nomadic,1,1,0
certainly_noteworthy,1,1,0
still_shallow,1,1,0
certainly_oblique,1,1,0
still_severe,1,1,0
certainly_monstrous,1,1,0
certainly_obvious,1,1,0
certainly_odd,1,1,0
still_serendipitous,1,1,0
still_sentient,1,1,0
certainly_ok,1,1,0
still_selfish,1,1,0
certainly_okay,1,1,0
certainly_moral,1,1,0
certainly_modular,1,1,0
still_segregated,1,1,0
certainly_ludicrous,1,0,1
certainly_literal,1,1,0
certainly_lively,1,0,1
certainly_louder,1,1,0
certainly_lower,1,1,0
still_sluggish,1,1,0
certainly_loyal,1,1,0
certainly_luckier,1,1,0
still_slimy,1,1,0
certainly_modest,1,1,0
still_slick,1,1,0
certainly_lurid,1,1,0
certainly_mad,1,1,0
certainly_magical,1,0,1
still_sizable,1,1,0
still_sinful,1,1,0
certainly_misleading,1,0,1
still_selective,1,1,0
still_seedy,1,1,0
certainly_recognizable,1,1,0
still_risque,1,1,0
still_rustic,1,1,0
still_rural,1,1,0
still_rudimentary,1,1,0
still_rude,1,1,0
still_round,1,1,0
certainly_popular,1,1,0
certainly_predictable,1,1,0
still_ripe,1,1,0
still_saddened,1,1,0
certainly_privileged,1,1,0
certainly_professional,1,1,0
still_richer,1,1,0
certainly_psychological,1,1,0
certainly_qualified,1,1,0
still_revelatory,1,1,0
certainly_quirky,1,1,0
still_rusty,1,1,0
certainly_pink,1,1,0
certainly_old,1,1,0
certainly_overdue,1,1,0
still_secretive,1,1,0
certainly_older,1,1,0
still_secondary,1,1,0
certainly_one-sided,1,1,0
certainly_opportunistic,1,1,0
certainly_other,1,0,1
certainly_outdated,1,1,0
still_savage,1,1,0
certainly_physical,1,1,0
still_satisfying,1,1,0
certainly_passionate,1,1,0
still_satisfactory,1,1,0
certainly_perfect,1,1,0
still_same,1,1,0
certainly_permanent,1,1,0
still_salient,1,1,0
still_smooth,1,1,0
certainly_likely,1,1,0
certainly_lesser,1,1,0
certainly_inadequate,1,0,1
certainly_harmful,1,1,0
certainly_healthier,1,1,0
certainly_high,1,1,0
certainly_hotter,1,1,0
certainly_hurtful,1,0,1
certainly_identical,1,1,0
certainly_illegal,1,1,0
certainly_inappropriate,1,1,0
certainly_harder,1,1,0
still_superior,1,1,0
still_superb,1,1,0
still_sunny,1,1,0
still_summery,1,1,0
certainly_incredible,1,1,0
still_sufficient,1,1,0
still_such,1,1,0
still_symbolic,1,1,0
still_synonymous,1,1,0
still_social,1,1,0
certainly_germane,1,1,0
certainly_fresher,1,1,0
certainly_full,1,1,0
certainly_funnier,1,1,0
still_terrific,1,1,0
certainly_gay,1,1,0
still_tenuous,1,1,0
certainly_genuine,1,1,0
certainly_gigantic,1,1,0
still_synthetic,1,1,0
certainly_global,1,1,0
still_tedious,1,1,0
certainly_grateful,1,1,0
certainly_greater,1,1,0
certainly_greener,1,1,0
still_tall,1,1,0
certainly_haphazard,1,1,0
certainly_indicative,1,1,0
still_subordinate,1,1,0
certainly_inevitable,1,1,0
certainly_involved,1,1,0
still_staunch,1,1,0
certainly_intense,1,1,0
still_startling,1,1,0
certainly_intriguing,1,0,1
still_stagnant,1,1,0
certainly_inventive,1,1,0
still_spot-on,1,1,0
still_speechless,1,1,0
still_subdued,1,1,0
certainly_jewish,1,1,0
still_specific,1,1,0
certainly_justified,1,1,0
still_sovereign,1,1,0
certainly_key,1,1,0
certainly_knowledgeable,1,1,0
certainly_legit,1,1,0
still_stereotypical,1,1,0
certainly_insufficient,1,1,0
still_stiff,1,1,0
still_stingy,1,1,0
certainly_infectious,1,0,1
certainly_inferior,1,1,0
still_stunning,1,1,0
certainly_infinite,1,1,0
certainly_innocent,1,0,1
certainly_innovative,1,1,0
still_stronger,1,1,0
certainly_insightful,1,1,0
still_striking,1,1,0
still_strict,1,1,0
still_stressful,1,1,0
certainly_inspirational,1,1,0
certainly_inspiring,1,1,0
still_straight,1,1,0
still_stinky,1,1,0
certainly_radical,1,1,0
still_resourceful,1,1,0
certifiably_dead,1,1,0
certainly_unequal,1,1,0
certainly_undemocratic,1,1,0
certainly_understandable,1,0,1
still_perpendicular,1,1,0
certainly_underway,1,1,0
still_perilous,1,1,0
certainly_undocumented,1,1,0
still_perceptible,1,1,0
certainly_unethical,1,1,0
still_pessimistic,1,1,0
still_patient,1,1,0
still_pathetic,1,1,0
still_passive,1,1,0
still_paramount,1,1,0
still_paradoxical,1,1,0
still_palpable,1,1,0
still_pale,1,1,0
still_pervasive,1,1,0
certainly_unconstitutional,1,1,0
certainly_unfair,1,1,0
still_polite,1,1,0
certainly_unacceptable,1,1,0
still_portable,1,1,0
certainly_unappreciated,1,1,0
still_poorer,1,1,0
certainly_unavailable,1,1,0
still_polluted,1,1,0
still_political,1,1,0
still_poisonous,1,1,0
still_photogenic,1,1,0
still_pointless,1,1,0
still_pliable,1,1,0
certainly_unaware,1,1,0
certainly_uncalled,1,1,0
certainly_unclear,1,1,0
still_plastic,1,1,0
still_pink,1,1,0
still_palatable,1,1,0
certainly_unfamiliar,1,1,0
still_resonant,1,0,1
certainly_winnable,1,1,0
certainly_valuable,1,1,0
certainly_vexing,1,1,0
certainly_warm,1,1,0
still_off-putting,1,1,0
still_off-kilter,1,1,0
still_odd,1,1,0
certainly_weekly,1,1,0
still_obstinate,1,1,0
certainly_unwanted,1,1,0
certainly_wise,1,1,0
still_observant,1,1,0
still_observable,1,1,0
certainly_workable,1,1,0
certainly_worried,1,1,0
certifiably_amazing,1,1,0
certifiably_classy,1,1,0
certainly_upset,1,1,0
certainly_unsettling,1,1,0
certainly_unintended,1,1,0
still_outdoors,1,1,0
certainly_universal,1,1,0
certainly_unknown,1,0,1
still_overjoyed,1,1,0
still_overgrown,1,1,0
still_overcrowded,1,1,0
certainly_unlikely,1,1,0
certainly_unmarried,1,1,0
certainly_unnecessary,1,1,0
still_oppressed,1,1,0
certainly_unprecedented,1,1,0
certainly_unpredictable,1,0,1
still_ordinary,1,1,0
still_orange,1,1,0
still_oral,1,1,0
still_optional,1,1,0
certainly_unreported,1,1,0
certainly_unable,1,1,0
certainly_toxic,1,1,0
certainly_touchy,1,1,0
certainly_skilled,1,1,0
certainly_senior,1,1,0
certainly_serious,1,1,0
certainly_similar,1,1,0
certainly_simple,1,1,0
still_realistic,1,1,0
certainly_sincere,1,1,0
certainly_singular,1,1,0
still_reactive,1,1,0
certainly_safer,1,1,0
certainly_socialist,1,1,0
still_rational,1,1,0
certainly_special,1,1,0
still_rampant,1,1,0
still_radioactive,1,1,0
still_rad,1,1,0
certainly_speculative,1,1,0
certainly_seasonal,1,1,0
still_redeemable,1,1,0
still_precarious,1,1,0
still_reminiscent,1,0,1
still_resolute,1,0,1
certainly_reluctant,1,1,0
still_resilient,1,1,0
still_republican,1,1,0
still_replaceable,1,1,0
still_removable,1,1,0
still_remote,1,0,1
still_remarkable,1,1,0
still_regular,1,1,0
certainly_revolutionary,1,1,0
certainly_richer,1,1,0
certainly_risque,1,1,0
certainly_rotten,1,1,0
still_relative,1,1,0
certainly_rude,1,1,0
certainly_safe,1,1,0
still_quirky,1,1,0
certainly_spiritual,1,1,0
certainly_spotty,1,1,0
certainly_terminal,1,1,0
certainly_sure,1,1,0
certainly_surprised,1,1,0
certainly_suspect,1,1,0
certainly_sweet,1,1,0
still_prevailing,1,1,0
certainly_tempting,1,0,1
still_preposterous,1,1,0
still_premium,1,1,0
certainly_strict,1,1,0
still_premature,1,1,0
certainly_terrible,1,1,0
certainly_thankful,1,1,0
certainly_tired,1,1,0
still_predisposed,1,1,0
still_precise,1,1,0
still_precious,1,1,0
still_privileged,1,1,0
still_pro,1,1,0
still_probable,1,1,0
certainly_supportive,1,1,0
still_queer,1,1,0
still_qualified,1,1,0
certainly_strong,1,1,0
still_purposeful,1,1,0
certainly_strongest,1,1,0
certainly_stupid,1,0,1
certainly_subjective,1,1,0
still_proprietary,1,1,0
still_proportional,1,1,0
still_proof,1,1,0
certainly_suicidal,1,1,0
still_prohibitive,1,1,0
still_programmable,1,1,0
certainly_sunni,1,1,0
certainly_superior,1,1,0
still_thicker,1,1,0
certainly_free,1,1,0
certainly_freaky,1,1,0
straight_scary,1,0,1
categorically_closer,1,1,0
straight_wrong,1,1,0
straight_villainous,1,1,0
straight_vertical,1,1,0
categorically_contrary,1,0,1
straight_stronger,1,1,0
straight_serious,1,1,0
straight_ridiculous,1,1,0
strangely_accessible,1,0,1
straight_retarded,1,1,0
categorically_crappy,1,1,0
categorically_damp,1,1,0
straight_pale,1,1,0
straight_other,1,1,0
straight_offensive,1,1,0
straight_mysterious,1,0,1
strangely_abstract,1,0,1
strangely_accurate,1,1,0
straight_linear,1,1,0
strangely_alike,1,1,0
strangely_angry,1,1,0
strangely_anachronistic,1,0,1
catastrophically_overrated,1,1,0
catastrophically_painful,1,0,1
strangely_ambivalent,1,1,0
strangely_ambitious,1,1,0
strangely_alive,1,0,1
strangely_alarmist,1,1,0
strangely_acoustic,1,1,0
catastrophically_unproductive,1,1,0
strangely_aggressive,1,1,0
strangely_affectionate,1,0,1
categorically_absent,1,1,0
categorically_awesome,1,1,0
categorically_bad,1,1,0
categorically_boring,1,1,0
straight_manipulative,1,1,0
straight_laughable,1,1,0
still_threatening,1,1,0
categorically_unable,1,1,0
categorically_other,1,0,1
categorically_prevalent,1,1,0
categorically_superior,1,0,1
categorically_suspect,1,1,0
still_worst,1,1,0
categorically_true,1,1,0
still_worrisome,1,1,0
categorically_unavailable,1,1,0
categorically_happy,1,1,0
still_wonky,1,1,0
still_wondrous,1,1,0
categorically_unhealthy,1,1,0
still_wishful,1,1,0
categorically_wet,1,1,0
cautiously_adult,1,1,0
still_wider,1,1,0
categorically_human,1,0,1
still_yummy,1,1,0
categorically_distinct,1,0,1
categorically_effortless,1,0,1
straight_intact,1,1,0
straight_illegal,1,1,0
straight_gnarly,1,0,1
categorically_easy,1,1,0
straight_first,1,1,0
straight_filthy,1,1,0
straight_fabulous,1,1,0
straight_embarrassing,1,1,0
categorically_eligible,1,1,0
straight_electronic,1,1,0
straight_dumb,1,1,0
straight_crazy,1,1,0
straight_cold,1,1,0
straight_black,1,1,0
straight_big,1,1,0
straight_apocalyptic,1,1,0
strangely_anxious,1,1,0
catastrophically_mean,1,1,0
catastrophically_incoherent,1,1,0
casually_oppressive,1,1,0
casually_obtuse,1,0,1
strangely_energetic,1,0,1
casually_offensive,1,1,0
strangely_elegant,1,1,0
strangely_electrifying,1,0,1
strangely_elated,1,1,0
strangely_effective,1,1,0
strangely_eccentric,1,1,0
strangely_enthralling,1,0,1
strangely_easy,1,1,0
strangely_dynamic,1,1,0
strangely_dull,1,1,0
strangely_disturbing,1,0,1
strangely_disquieting,1,0,1
strangely_disconcerting,1,0,1
strangely_dim,1,1,0
casually_obsessive,1,1,0
strangely_enticing,1,0,1
catastrophically_ill,1,1,0
casually_humorous,1,1,0
strangely_foreign,1,0,1
casually_great,1,1,0
casually_hardcore,1,1,0
strangely_final,1,0,1
strangely_fierce,1,1,0
strangely_festive,1,0,1
strangely_fastidious,1,1,0
strangely_famous,1,1,0
strangely_erotic,1,0,1
casually_hurtful,1,1,0
strangely_faithful,1,1,0
strangely_exotic,1,0,1
strangely_existential,1,1,0
strangely_exhilarating,1,1,0
casually_indifferent,1,1,0
strangely_ethereal,1,0,1
casually_pleasurable,1,1,0
strangely_devoid,1,1,0
strangely_depressing,1,0,1
catastrophically_dry,1,1,0
casually_suggestive,1,0,1
casually_supportive,1,1,0
catastrophically_amazing,1,0,1
catastrophically_crappy,1,0,1
strangely_blase,1,1,0
strangely_beguiling,1,0,1
catastrophically_devastating,1,0,1
strangely_awake,1,1,0
casually_related,1,1,0
strangely_averse,1,1,0
catastrophically_huge,1,1,0
strangely_assertive,1,0,1
strangely_askew,1,0,1
strangely_artistic,1,0,1
strangely_arbitrary,1,1,0
strangely_apt,1,0,1
strangely_childlike,1,0,1
strangely_chilling,1,0,1
strangely_chronic,1,0,1
casually_subconscious,1,1,0
strangely_deferential,1,0,1
strangely_damp,1,1,0
strangely_courageous,1,0,1
strangely_counterintuitive,1,1,0
strangely_cool,1,0,1
strangely_convincing,1,0,1
casually_relaxed,1,1,0
strangely_connected,1,1,0
strangely_compulsive,1,0,1
casually_religious,1,1,0
casually_sadistic,1,1,0
casually_sexy,1,0,1
strangely_cold,1,1,0
casually_simple,1,0,1
casually_sophisticated,1,0,1
cautiously_courteous,1,1,0
cautiously_indifferent,1,1,0
cautiously_open,1,1,0
certainly_do-able,1,1,0
certainly_deplorable,1,1,0
still_uneducated,1,1,0
certainly_desirable,1,1,0
certainly_desperate,1,1,0
certainly_distinct,1,1,0
certainly_distressing,1,1,0
still_underweight,1,1,0
still_understated,1,0,1
still_unexpected,1,1,0
still_understandable,1,1,0
certainly_dominant,1,1,0
certainly_due,1,1,0
certainly_easy,1,1,0
certainly_eccentric,1,1,0
certainly_efficient,1,1,0
certainly_eligible,1,1,0
certainly_dependent,1,1,0
certainly_dependant,1,1,0
certainly_compelling,1,0,1
still_unimaginable,1,0,1
certainly_confusing,1,1,0
still_unknowable,1,1,0
certainly_conscientious,1,0,1
certainly_conscious,1,0,1
certainly_considerate,1,1,0
certainly_convenient,1,1,0
still_unimpressed,1,1,0
still_unified,1,1,0
still_unfair,1,1,0
certainly_convincing,1,1,0
certainly_cooler,1,1,0
certainly_creepier,1,1,0
certainly_critical,1,1,0
certainly_cuter,1,1,0
still_unfazed,1,1,0
certainly_damned,1,1,0
still_unconcerned,1,1,0
still_uncompromising,1,1,0
still_uncommon,1,0,1
still_total,1,1,0
still_translucent,1,1,0
still_transient,1,1,0
certainly_extreme,1,1,0
certainly_fallible,1,1,0
certainly_farcical,1,1,0
still_touchy,1,1,0
still_totalitarian,1,1,0
certainly_faster,1,1,0
certainly_endearing,1,1,0
certainly_feasible,1,1,0
certainly_female,1,1,0
certainly_feverish,1,1,0
certainly_few,1,1,0
still_timeless,1,0,1
still_thrilling,1,1,0
certainly_fraudulent,1,1,0
still_transparent,1,1,0
still_treacherous,1,1,0
certainly_extinct,1,1,0
still_trendy,1,1,0
still_unbroken,1,1,0
still_unbelievable,1,1,0
still_unbeatable,1,1,0
certainly_equal,1,0,1
certainly_essential,1,1,0
certainly_exclusive,1,0,1
certainly_existential,1,1,0
still_ugly,1,1,0
still_ubiquitous,1,1,0
still_typical,1,0,1
still_truer,1,0,1
certainly_expensive,1,1,0
still_troubling,1,1,0
still_troublesome,1,1,0
still_tricky,1,1,0
still_unlocked,1,1,0
still_unmatched,1,1,0
cautiously_present,1,1,0
certainly_affordable,1,1,0
certainly_admirable,1,1,0
still_vibrant,1,0,1
certainly_advantageous,1,1,0
still_vertical,1,0,1
still_veiled,1,1,0
certainly_advisable,1,1,0
still_vast,1,1,0
certainly_afoot,1,1,0
certainly_accurate,1,1,0
certainly_alien,1,1,0
certainly_alive,1,1,0
still_useless,1,1,0
certainly_amazing,1,1,0
certainly_american,1,1,0
certainly_amusing,1,1,0
certainly_angry,1,1,0
still_vigilant,1,1,0
still_violent,1,1,0
still_unmistakable,1,1,0
cautiously_thrilled,1,1,0
still_welcoming,1,1,0
cautiously_receptive,1,1,0
cautiously_revelatory,1,0,1
still_weekly,1,1,0
still_weary,1,1,0
cautiously_safe,1,1,0
still_wealthy,1,1,0
still_warmer,1,1,0
certainly_accidental,1,1,0
cautiously_tolerant,1,1,0
cautiously_wary,1,1,0
cautiously_welcoming,1,1,0
still_voluminous,1,0,1
cautiously_willing,1,1,0
still_vociferous,1,1,0
certainly_absurd,1,1,0
certainly_anomalous,1,1,0
certainly_apocryphal,1,1,0
still_unwell,1,1,0
certainly_catholic,1,1,0
certainly_blind,1,1,0
certainly_busy,1,1,0
still_unrecognized,1,1,0
certainly_calmer,1,1,0
still_unreal,1,1,0
still_unreachable,1,1,0
certainly_cathartic,1,0,1
certainly_cautious,1,1,0
still_unwanted,1,0,1
certainly_challenging,1,1,0
certainly_clear,1,1,0
certainly_coercive,1,1,0
still_unofficial,1,1,0
still_unnerved,1,1,0
still_unnecessary,1,1,0
certainly_comparable,1,1,0
certainly_bizarre,1,1,0
certainly_bittersweet,1,1,0
still_unscathed,1,1,0
certainly_beneficial,1,1,0
certainly_apparent,1,1,0
certainly_appealing,1,1,0
still_unusable,1,1,0
still_untrained,1,1,0
certainly_apt,1,1,0
still_untenable,1,1,0
certainly_athletic,1,1,0
still_unsustainable,1,1,0
certainly_attributable,1,1,0
certainly_awake,1,1,0
certainly_awesome,1,1,0
still_unspoiled,1,0,1
certainly_basic,1,1,0
still_unsettling,1,1,0
certainly_beautiful,1,1,0
certifiably_compatible,1,1,0
certifiably_equivalent,1,0,1
sometimes_neat,1,1,0
chronically_lovable,1,1,0
chronically_ignorant,1,1,0
chronically_inefficient,1,1,0
still_destitute,1,1,0
chronically_insecure,1,1,0
chronically_lame,1,1,0
chronically_lonely,1,1,0
still_dense,1,1,0
still_delirious,1,1,0
chronically_harmful,1,1,0
still_delightful,1,1,0
chronically_manic,1,1,0
chronically_meaningless,1,1,0
chronically_overpriced,1,1,0
chronically_overworked,1,1,0
still_decadent,1,1,0
still_dear,1,1,0
chronically_high,1,1,0
still_dire,1,1,0
chronically_progressive,1,1,0
still_disparate,1,1,0
still_disturbing,1,1,0
still_distrustful,1,1,0
still_distraught,1,1,0
chronically_drunk,1,1,0
still_distant,1,1,0
chronically_dry,1,1,0
still_displeased,1,1,0
still_disorganized,1,1,0
still_direct,1,1,0
still_dismal,1,1,0
still_discretionary,1,1,0
still_discoverable,1,1,0
still_discerning,1,1,0
still_discernible,1,1,0
chronically_frightened,1,1,0
chronically_frustrating,1,1,0
still_deaf,1,1,0
chronically_restless,1,1,0
classically_cool,1,1,0
classically_brilliant,1,1,0
still_cozy,1,1,0
still_cost-effective,1,1,0
still_corrupt,1,1,0
still_core,1,1,0
still_cooler,1,1,0
classically_basic,1,1,0
still_convincing,1,1,0
classically_british,1,0,1
classically_artistic,1,1,0
still_contextual,1,1,0
still_contentious,1,1,0
still_contagious,1,1,0
still_constitutional,1,1,0
still_consistent,1,1,0
classically_christian,1,1,0
classically_complex,1,1,0
classically_artsy,1,0,1
still_creepy,1,1,0
chronically_shy,1,1,0
still_cryptic,1,1,0
still_daunting,1,1,0
chronically_stressful,1,1,0
chronically_swollen,1,1,0
still_damned,1,1,0
still_cynical,1,1,0
chronically_tense,1,1,0
chronically_tight,1,1,0
still_crunchy,1,0,1
still_criminal,1,1,0
still_crumbly,1,1,0
chronically_unfit,1,1,0
chronically_unsafe,1,1,0
chronically_upset,1,1,0
chronically_worried,1,1,0
classically_alluring,1,0,1
classically_anti-semitic,1,1,0
chronically_dissatisfied,1,1,0
chronically_disruptive,1,1,0
still_dodgy,1,1,0
still_euphoric,1,1,0
chillingly_familiar,1,0,1
still_excessive,1,1,0
still_exceptional,1,1,0
chillingly_grim,1,1,0
chillingly_gruesome,1,0,1
chillingly_horrifying,1,1,0
still_evasive,1,1,0
still_ethnic,1,1,0
still_exhaustive,1,1,0
chillingly_macabre,1,1,0
still_erotic,1,1,0
still_erect,1,1,0
chillingly_new,1,0,1
still_epic,1,1,0
still_envious,1,1,0
still_entire,1,1,0
chillingly_exciting,1,1,0
still_exhilarating,1,1,0
still_dominate,1,1,0
still_fair,1,1,0
chiefly_thankful,1,1,0
still_fascist,1,1,0
chiefly_unfinished,1,1,0
chillingly_alive,1,1,0
chillingly_appropriate,1,0,1
still_false,1,1,0
chillingly_blue,1,1,0
still_factual,1,1,0
chillingly_enough,1,1,0
chillingly_childlike,1,1,0
chillingly_credible,1,1,0
still_extraordinary,1,1,0
chillingly_disturbing,1,1,0
still_explosive,1,1,0
chillingly_effective,1,1,0
still_exploitable,1,1,0
still_enticing,1,0,1
chillingly_odd,1,1,0
chillingly_ordinary,1,0,1
chronically_awesome,1,1,0
chillingly_violent,1,1,0
chillingly_vivid,1,1,0
chronically_acidic,1,1,0
chronically_active,1,1,0
chronically_angry,1,1,0
still_durable,1,1,0
chronically_apathetic,1,1,0
still_dubious,1,1,0
chillingly_poetic,1,1,0
chronically_bad,1,1,0
chronically_cold,1,1,0
still_drowsy,1,1,0
chronically_cranky,1,1,0
chronically_dehydrated,1,1,0
still_dope,1,1,0
still_doomed,1,1,0
still_edgy,1,1,0
chillingly_vain,1,0,1
still_editable,1,1,0
chillingly_unfunny,1,0,1
still_enormous,1,1,0
chillingly_possible,1,1,0
still_enigmatic,1,1,0
still_english,1,1,0
still_endemic,1,1,0
still_encouraged,1,1,0
chillingly_profound,1,1,0
still_employable,1,1,0
chillingly_real,1,1,0
chillingly_reminiscent,1,1,0
still_embarrassing,1,1,0
chillingly_satisfying,1,0,1
chillingly_shocking,1,0,1
chillingly_threatening,1,1,0
still_electrifying,1,1,0
classically_conservative,1,1,0
still_conducive,1,1,0
still_nonexistent,1,1,0
still_awestruck,1,1,0
still_beholden,1,1,0
clearly_antagonistic,1,1,0
clearly_apprehensive,1,1,0
clearly_articulate,1,1,0
clearly_asian,1,0,1
clearly_askew,1,0,1
clearly_asleep,1,1,0
clearly_aspirational,1,1,0
still_bent,1,1,0
still_awash,1,1,0
clearly_astounding,1,0,1
clearly_attainable,1,0,1
clearly_autistic,1,1,0
still_autistic,1,1,0
clearly_avoidable,1,1,0
clearly_awake,1,0,1
still_beneficial,1,1,0
still_bereft,1,1,0
clearly_awestruck,1,1,0
still_blissful,1,1,0
clearly_academic,1,1,0
still_boring,1,0,1
clearly_acceptable,1,0,1
still_bolder,1,1,0
still_bohemian,1,1,0
clearly_achievable,1,0,1
clearly_admissible,1,1,0
clearly_agile,1,1,0
clearly_analogous,1,1,0
still_blase,1,1,0
clearly_agitated,1,1,0
clearly_alarming,1,1,0
still_bisexual,1,1,0
clearly_aloof,1,1,0
clearly_alright,1,1,0
still_bewildering,1,1,0
still_attributable,1,1,0
clearly_beautiful,1,0,1
still_conditional,1,1,0
clearly_communist,1,1,0
still_annoying,1,1,0
clearly_central,1,1,0
clearly_cinematic,1,0,1
clearly_classy,1,1,0
clearly_comic,1,0,1
still_amicable,1,1,0
still_american,1,1,0
still_ambitious,1,1,0
still_antiquated,1,1,0
clearly_compatible,1,1,0
clearly_confident,1,1,0
clearly_confidential,1,1,0
still_amateur,1,1,0
clearly_conflicting,1,1,0
clearly_considerable,1,1,0
clearly_conspicuous,1,1,0
clearly_canadian,1,1,0
still_antithetical,1,0,1
still_atrocious,1,1,0
clearly_boring,1,1,0
still_athletic,1,1,0
clearly_belligerent,1,1,0
still_aspirational,1,1,0
clearly_bitter,1,0,1
still_arrogant,1,1,0
clearly_bold,1,0,1
still_archaic,1,1,0
clearly_brave,1,1,0
clearly_busy,1,1,0
clearly_bright,1,1,0
still_appreciative,1,1,0
clearly_buddhist,1,1,0
clearly_bullish,1,1,0
clearly_bureaucratic,1,1,0
still_appalling,1,1,0
still_apolitical,1,1,0
still_brazen,1,1,0
still_breathless,1,1,0
clearly_absent,1,1,0
classically_grotesque,1,0,1
still_colder,1,0,1
classically_foreboding,1,1,0
still_coarse,1,1,0
still_clunky,1,1,0
classically_girly,1,1,0
classically_glamorous,1,1,0
classically_good,1,1,0
still_closed,1,1,0
still_colorful,1,1,0
classically_hilarious,1,1,0
still_clearer,1,0,1
classically_indian,1,1,0
still_cleaner,1,1,0
classically_lush,1,0,1
still_civil,1,1,0
still_circumstantial,1,1,0
still_collectible,1,1,0
classically_fine,1,0,1
clearly_abnormal,1,1,0
classically_elite,1,1,0
classically_correct,1,1,0
classically_crazy,1,1,0
still_compulsory,1,1,0
still_complimentary,1,1,0
still_complicit,1,1,0
classically_delicious,1,1,0
still_compliant,1,1,0
classically_epic,1,0,1
still_commercial,1,1,0
still_complementary,1,1,0
still_complacent,1,1,0
classically_erotic,1,1,0
classically_european,1,0,1
classically_feminine,1,1,0
still_compassionate,1,1,0
still_commonplace,1,1,0
still_chunky,1,1,0
still_chubby,1,1,0
classically_misleading,1,1,0
still_buoyant,1,1,0
classically_solid,1,1,0
still_captivating,1,1,0
classically_sophisticated,1,1,0
still_canadian,1,1,0
still_campy,1,1,0
still_calm,1,1,0
classically_stupid,1,0,1
classically_subject,1,1,0
classically_modern,1,1,0
classically_sympathetic,1,1,0
still_bulky,1,1,0
still_bubbly,1,1,0
classically_tragic,1,0,1
still_broader,1,0,1
still_broad,1,1,0
classically_victorian,1,1,0
still_careful,1,1,0
classically_smooth,1,1,0
classically_skillful,1,1,0
classically_simple,1,1,0
still_chilly,1,1,0
classically_moist,1,0,1
classically_perfect,1,0,1
classically_possible,1,1,0
still_cheerful,1,1,0
still_cheeky,1,1,0
classically_pure,1,1,0
classically_resonant,1,0,1
classically_romantic,1,0,1
still_chaotic,1,1,0
classically_savory,1,0,1
still_certain,1,1,0
still_central,1,1,0
still_celebrated,1,0,1
classically_scary,1,0,1
chiefly_responsible,1,1,0
chiefly_notable,1,1,0
chiefly_mental,1,1,0
charmingly_funny,1,1,0
charmingly_disconcerting,1,0,1
still_late,1,1,0
still_large,1,1,0
still_lame,1,1,0
charmingly_exotic,1,0,1
charmingly_farcical,1,1,0
charmingly_french,1,0,1
still_justified,1,1,0
charmingly_decorative,1,0,1
charmingly_futile,1,0,1
still_joyful,1,1,0
still_jittery,1,1,0
charmingly_humble,1,0,1
charmingly_impolite,1,1,0
still_jarring,1,1,0
charmingly_impossible,1,1,0
charmingly_deluded,1,1,0
charmingly_courteous,1,1,0
still_itchy,1,1,0
still_like,1,0,1
charmingly_artsy,1,0,1
charmingly_bleak,1,0,1
still_literary,1,0,1
charmingly_bonkers,1,0,1
still_limp,1,1,0
still_limited,1,1,0
charmingly_british,1,1,0
charmingly_calm,1,1,0
charmingly_close,1,1,0
charmingly_chaste,1,0,1
still_lethargic,1,1,0
still_lethal,1,1,0
charmingly_cheap,1,1,0
still_lesbian,1,1,0
still_legitimate,1,1,0
still_legit,1,1,0
still_jaded,1,1,0
still_italian,1,1,0
still_favorable,1,1,0
still_inexpensive,1,1,0
still_insecure,1,1,0
still_informal,1,1,0
charmingly_normal,1,1,0
still_inflammatory,1,1,0
charmingly_old,1,0,1
still_inexplicable,1,1,0
charmingly_old-school,1,1,0
still_inevitable,1,1,0
still_instinctive,1,1,0
still_ineligible,1,1,0
still_inebriated,1,1,0
charmingly_original,1,0,1
charmingly_outrageous,1,1,0
still_incredulous,1,1,0
charmingly_perfect,1,0,1
still_inconvenient,1,1,0
still_insistent,1,1,0
charmingly_meticulous,1,1,0
still_israeli,1,1,0
still_intolerant,1,1,0
charmingly_inappropriate,1,1,0
charmingly_informative,1,1,0
charmingly_innocent,1,1,0
charmingly_insecure,1,1,0
charmingly_instructive,1,1,0
still_invalid,1,1,0
still_intriguing,1,1,0
charmingly_insular,1,0,1
charmingly_mediocre,1,1,0
charmingly_ironic,1,1,0
still_intent,1,1,0
still_intensive,1,0,1
still_intense,1,1,0
still_intelligible,1,1,0
charmingly_manipulative,1,1,0
charmingly_medieval,1,0,1
charmingly_antiquated,1,1,0
still_livid,1,1,0
still_loath,1,1,0
still_monthly,1,1,0
characteristically_christian,1,0,1
still_mundane,1,1,0
characteristically_circumspect,1,1,0
characteristically_clever,1,0,1
still_motionless,1,1,0
still_most,1,1,0
characteristically_difficult,1,1,0
still_monochromatic,1,1,0
characteristically_bad,1,0,1
characteristically_english,1,0,1
characteristically_european,1,1,0
characteristically_forgetful,1,1,0
still_mixed,1,1,0
characteristically_hard,1,1,0
characteristically_japanese,1,1,0
characteristically_low,1,1,0
characteristically_blunt,1,1,0
still_mystifying,1,1,0
charmingly_antagonistic,1,1,0
certifiably_sexy,1,1,0
still_non-existent,1,0,1
still_noble,1,0,1
still_niche,1,1,0
still_next,1,0,1
certifiably_inoffensive,1,1,0
still_neutral,1,1,0
certifiably_psychotic,1,1,0
still_negligent,1,1,0
still_mythical,1,1,0
certifiably_shocking,1,1,0
certifiably_slow,1,1,0
certifiably_stupid,1,1,0
certifiably_ugly,1,1,0
still_nascent,1,1,0
characteristically_asinine,1,0,1
characteristically_audacious,1,0,1
still_minuscule,1,1,0
characteristically_male,1,0,1
still_mindful,1,1,0
characteristically_western,1,1,0
still_magic,1,1,0
characteristically_sombre,1,1,0
characteristically_straightforward,1,1,0
characteristically_territorial,1,1,0
characteristically_unreliable,1,1,0
still_lucid,1,1,0
characteristically_weak,1,1,0
characteristically_witty,1,1,0
still_miffed,1,1,0
still_lovely,1,1,0
still_loveable,1,1,0
still_lousy,1,1,0
charmingly_adorable,1,1,0
charmingly_amateurish,1,0,1
still_long,1,1,0
charmingly_ambitious,1,0,1
characteristically_snarky,1,1,0
characteristically_selfish,1,0,1
still_mainstream,1,1,0
still_male,1,1,0
characteristically_menacing,1,1,0
still_menacing,1,1,0
characteristically_miraculous,1,0,1
still_mellow,1,1,0
still_medieval,1,1,0
still_meaningless,1,1,0
characteristically_modern,1,1,0
characteristically_quirky,1,1,0
still_marvelous,1,1,0
still_married,1,0,1
characteristically_resourceful,1,1,0
characteristically_risky,1,1,0
characteristically_savage,1,1,0
still_malicious,1,1,0
still_male-dominated,1,1,0
still_inconsistent,1,1,0
charmingly_persistent,1,1,0
charmingly_persuasive,1,0,1
chemically_magical,1,0,1
still_gay,1,1,0
chemically_inactive,1,1,0
still_futuristic,1,1,0
chemically_inconvenient,1,1,0
chemically_individual,1,1,0
chemically_inert,1,1,0
chemically_interesting,1,0,1
chemically_neutral,1,1,0
still_generous,1,1,0
chemically_nutritious,1,1,0
still_frustrating,1,1,0
chemically_potent,1,1,0
chemically_pure,1,1,0
still_frigid,1,1,0
still_frightened,1,1,0
chemically_satisfying,1,0,1
still_generic,1,1,0
still_german,1,1,0
chemically_depressed,1,1,0
still_graceful,1,1,0
chemically_dynamic,1,1,0
chemically_equivalent,1,1,0
chemically_feasible,1,1,0
chemically_harmless,1,1,0
chemically_hazardous,1,1,0
still_grand,1,0,1
still_grainy,1,1,0
chemically_heterogeneous,1,1,0
chemically_impossible,1,1,0
still_gooey,1,1,0
chemically_identical,1,1,0
still_golden,1,1,0
still_glum,1,1,0
still_glorious,1,1,0
chemically_impaired,1,1,0
still_girly,1,0,1
chemically_sensible,1,1,0
chemically_sophisticated,1,1,0
still_frazzled,1,1,0
still_fiery,1,1,0
still_fishy,1,1,0
still_first,1,1,0
chiefly_british,1,1,0
still_finer,1,1,0
chiefly_civilian,1,1,0
still_financial,1,1,0
chiefly_economic,1,1,0
chiefly_historical,1,1,0
chemically_sound,1,1,0
still_fertile,1,1,0
still_feral,1,1,0
still_feminine,1,0,1
still_female,1,1,0
still_feeble,1,1,0
chiefly_important,1,1,0
still_favourite,1,1,0
still_fixable,1,1,0
chemically_useful,1,0,1
still_flattering,1,1,0
chemically_unsuited,1,1,0
still_fragrant,1,1,0
chemically_specific,1,1,0
chemically_treatable,1,1,0
still_forlorn,1,1,0
chemically_unavailable,1,1,0
still_forecast,1,1,0
still_foolish,1,1,0
still_foolhardy,1,1,0
chemically_unbalanced,1,1,0
chemically_unchanged,1,1,0
still_flustered,1,1,0
still_flush,1,1,0
still_fluid,1,1,0
chemically_unique,1,1,0
chemically_unrelated,1,1,0
chemically_dissimilar,1,1,0
still_gross,1,1,0
charmingly_philosophical,1,1,0
charmingly_sweet,1,0,1
charmingly_rusty,1,1,0
charmingly_secretive,1,0,1
still_ill-equipped,1,1,0
charmingly_serendipitous,1,1,0
charmingly_sexist,1,0,1
charmingly_silly,1,1,0
still_identical,1,1,0
still_icy,1,1,0
still_imaginable,1,1,0
charmingly_ugly,1,1,0
still_hybrid,1,1,0
charmingly_unconvincing,1,1,0
charmingly_understated,1,0,1
still_humble,1,1,0
charmingly_versatile,1,1,0
charmingly_whimsical,1,1,0
still_illogical,1,1,0
charmingly_rustic,1,0,1
chemically_abrasive,1,0,1
still_impressed,1,1,0
charmingly_playful,1,1,0
still_inaudible,1,1,0
still_inappropriate,1,1,0
charmingly_poignant,1,0,1
still_inaccurate,1,1,0
charmingly_polite,1,1,0
still_improper,1,1,0
still_impractical,1,1,0
still_imminent,1,1,0
charmingly_quixotic,1,0,1
charmingly_relentless,1,0,1
charmingly_retro,1,0,1
still_imperative,1,1,0
still_impatient,1,1,0
charmingly_romantic,1,0,1
still_immoral,1,1,0
charmingly_witty,1,1,0
cheerfully_apprehensive,1,1,0
still_horrified,1,1,0
cheerfully_outspoken,1,1,0
cheerfully_multicultural,1,1,0
still_hazardous,1,1,0
still_haunting,1,1,0
still_harsh,1,1,0
cheerfully_obscene,1,1,0
cheerfully_optimistic,1,1,0
cheerfully_outlandish,1,1,0
cheerfully_perverse,1,1,0
still_horrific,1,1,0
cheerfully_positive,1,1,0
cheerfully_profane,1,1,0
cheerfully_sexist,1,1,0
cheerfully_unemployed,1,1,0
still_gung,1,1,0
still_gullible,1,1,0
cheerfully_willing,1,1,0
cheerfully_inclusive,1,1,0
cheerfully_idiosyncratic,1,1,0
still_heartbroken,1,1,0
cheerfully_happy,1,1,0
cheerfully_available,1,1,0
cheerfully_brutal,1,0,1
cheerfully_careless,1,1,0
cheerfully_cheesy,1,0,1
cheerfully_contradictory,1,1,0
still_homesick,1,1,0
cheerfully_crazy,1,1,0
cheerfully_emblematic,1,1,0
still_hollow,1,1,0
still_historic,1,1,0
cheerfully_exploitative,1,1,0
cheerfully_friendly,1,1,0
cheerfully_full,1,1,0
cheerfully_gaudy,1,0,1
cheerfully_geeky,1,1,0
strangely_forgiving,1,1,0
strangely_fresh,1,0,1
casually_friendly,1,1,0
stunningly_inaccurate,1,1,0
brilliantly_evocative,1,1,0
stunningly_intense,1,0,1
stunningly_insensitive,1,0,1
stunningly_inexpensive,1,1,0
stunningly_ineffective,1,1,0
stunningly_incorrect,1,1,0
stunningly_inappropriate,1,1,0
stunningly_important,1,0,1
stunningly_lifelike,1,1,0
stunningly_imperfect,1,1,0
stunningly_immediate,1,0,1
stunningly_imaginative,1,1,0
stunningly_hypnotic,1,0,1
stunningly_honest,1,0,1
stunningly_high,1,1,0
stunningly_haunting,1,1,0
stunningly_large,1,1,0
stunningly_lovely,1,1,0
brilliantly_exciting,1,1,0
brilliantly_episodic,1,1,0
stunningly_racist,1,1,0
brilliantly_dystopian,1,0,1
stunningly_perfect,1,1,0
brilliantly_emotional,1,0,1
stunningly_opulent,1,1,0
stunningly_older,1,1,0
stunningly_offensive,1,1,0
stunningly_obtuse,1,1,0
stunningly_mediocre,1,1,0
brilliantly_erudite,1,1,0
stunningly_naturalistic,1,1,0
stunningly_natural,1,1,0
stunningly_mundane,1,1,0
stunningly_misogynistic,1,1,0
stunningly_misinformed,1,1,0
stunningly_memorable,1,1,0
stunningly_great,1,1,0
stunningly_good-looking,1,1,0
stubbornly_sure,1,1,0
stunningly_bad,1,1,0
stunningly_casual,1,1,0
stunningly_careless,1,1,0
stunningly_brutal,1,1,0
stunningly_brilliant,1,1,0
stunningly_bright,1,1,0
stunningly_blind,1,1,0
brilliantly_haunting,1,0,1
stunningly_awkward,1,0,1
stunningly_clever,1,1,0
stunningly_awesome,1,1,0
brilliantly_hilarious,1,1,0
stunningly_appropriate,1,0,1
stunningly_appealing,1,1,0
brilliantly_horrid,1,1,0
stunningly_abstract,1,1,0
stubbornly_unwilling,1,1,0
brilliantly_functional,1,1,0
stunningly_complete,1,0,1
brilliantly_explicit,1,0,1
stunningly_edgy,1,1,0
stunningly_fast,1,1,0
stunningly_fabulous,1,1,0
stunningly_expensive,1,1,0
stunningly_exotic,1,1,0
stunningly_excellent,1,1,0
stunningly_elegant,1,1,0
stunningly_effective,1,1,0
brilliantly_fallible,1,1,0
brilliantly_fun,1,1,0
stunningly_different,1,1,0
stunningly_detailed,1,1,0
stunningly_delicious,1,0,1
stunningly_cute,1,1,0
stunningly_crude,1,1,0
brilliantly_fast,1,1,0
stunningly_corrupt,1,1,0
brilliantly_droll,1,1,0
stunningly_real,1,1,0
stunningly_realistic,1,1,0
stupidly_busy,1,1,0
stupidly_critical,1,1,0
stupidly_crass,1,0,1
stupidly_crafty,1,1,0
stupidly_complicated,1,1,0
stupidly_cheap,1,1,0
stupidly_catchy,1,1,0
stupidly_careless,1,1,0
stupidly_brutal,1,1,0
brilliantly_convincing,1,1,0
stupidly_brilliant,1,1,0
stupidly_brash,1,0,1
stupidly_blind,1,1,0
stupidly_amazing,1,1,0
stupidly_aggressive,1,1,0
stupidly_afraid,1,1,0
stupidly_affordable,1,1,0
stupidly_curious,1,1,0
stupidly_delicious,1,1,0
stunningly_refreshing,1,0,1
stupidly_feminine,1,1,0
stupidly_honest,1,1,0
stupidly_hilarious,1,1,0
stupidly_high,1,1,0
stupidly_good,1,1,0
stupidly_friendly,1,1,0
stupidly_frank,1,1,0
stupidly_flat,1,1,0
stupidly_fearless,1,1,0
stupidly_deranged,1,1,0
stupidly_fast,1,1,0
brilliantly_clear,1,1,0
stupidly_excited,1,1,0
brilliantly_colorful,1,0,1
stupidly_empty,1,1,0
brilliantly_confident,1,1,0
stupidly_destructive,1,1,0
stupendously_strange,1,0,1
stupendously_silly,1,0,1
stupendously_senseless,1,0,1
stunningly_successful,1,1,0
brilliantly_different,1,0,1
stunningly_unexpected,1,1,0
stunningly_unbalanced,1,1,0
stunningly_trivial,1,1,0
stunningly_surreal,1,1,0
stunningly_surprising,1,1,0
stunningly_supportive,1,1,0
brilliantly_disturbing,1,1,0
stupendously_quirky,1,0,1
brilliantly_dramatic,1,1,0
stunningly_short,1,1,0
stunningly_sharp,1,1,0
stunningly_serious,1,1,0
brilliantly_dreadful,1,1,0
stunningly_rustic,1,1,0
stunningly_romantic,1,0,1
stunningly_uninformed,1,1,0
stunningly_unreal,1,0,1
brilliantly_delicious,1,0,1
stunningly_violent,1,1,0
stupendously_interesting,1,0,1
stupendously_impractical,1,1,0
stupendously_ignorant,1,1,0
stupendously_high,1,1,0
stupendously_great,1,0,1
stupendously_expensive,1,1,0
stupendously_dull,1,1,0
stupendously_creative,1,1,0
stupendously_complex,1,0,1
stupendously_awesome,1,0,1
stupendously_absurd,1,1,0
stunningly_wondrous,1,0,1
brilliantly_deceptive,1,0,1
stunningly_wearable,1,1,0
stunningly_vivid,1,1,0
stubbornly_traditional,1,1,0
stubbornly_stupid,1,1,0
strangely_gentle,1,1,0
brilliantly_scathing,1,1,0
strongly_suggestive,1,1,0
strongly_successful,1,1,0
brilliantly_retarded,1,0,1
brilliantly_right,1,1,0
brilliantly_satisfying,1,1,0
strongly_significant,1,1,0
strongly_secure,1,1,0
strongly_sculptural,1,1,0
brilliantly_proactive,1,1,0
strongly_satisfied,1,1,0
strongly_right-wing,1,1,0
strongly_rhythmic,1,1,0
strongly_resistant,1,0,1
brilliantly_sci-fi,1,0,1
brilliantly_skillful,1,1,0
strongly_reliant,1,1,0
brilliantly_relatable,1,0,1
strongly_sweet,1,0,1
brilliantly_sparkly,1,1,0
strongly_yellow,1,1,0
structurally_conservative,1,1,0
structurally_complicated,1,1,0
brilliantly_perceptive,1,1,0
structurally_chaotic,1,1,0
structurally_challenging,1,0,1
brilliantly_pigmented,1,1,0
structurally_able,1,1,0
strongly_xenophobic,1,1,0
strongly_sympathetic,1,0,1
brilliantly_pink,1,1,0
strongly_willing,1,1,0
brilliantly_precise,1,1,0
strongly_visible,1,1,0
strongly_viable,1,1,0
strongly_unique,1,0,1
strongly_unappreciated,1,1,0
brilliantly_smart,1,1,0
strongly_regional,1,1,0
brilliantly_hued,1,1,0
brilliantly_tactical,1,1,0
strongly_obsessive,1,0,1
strongly_new,1,1,0
strongly_neutral,1,1,0
brilliantly_surprising,1,1,0
strongly_nationalist,1,1,0
strongly_naive,1,1,0
strongly_muslim,1,1,0
strongly_masculine,1,0,1
strongly_optimistic,1,1,0
strongly_magnetic,1,1,0
strongly_likely,1,1,0
brilliantly_tense,1,0,1
brilliantly_terrible,1,1,0
strongly_introverted,1,1,0
brilliantly_undetectable,1,1,0
strongly_interdisciplinary,1,1,0
brilliantly_supportive,1,1,0
strongly_outspoken,1,1,0
strongly_psychological,1,1,0
strongly_possible,1,1,0
brilliantly_specific,1,1,0
strongly_proficient,1,1,0
brilliantly_spot-on,1,1,0
brilliantly_sticky,1,1,0
brilliantly_strategic,1,1,0
brilliantly_stupid,1,1,0
strongly_prejudiced,1,1,0
brilliantly_stylish,1,1,0
brilliantly_sunny,1,1,0
strongly_pink,1,1,0
strongly_pigmented,1,1,0
strongly_philosophical,1,1,0
strongly_persuasive,1,1,0
strongly_personal,1,0,1
strongly_patriarchal,1,1,0
strongly_passionate,1,1,0
structurally_critical,1,1,0
brilliantly_passive,1,0,1
brilliantly_painful,1,1,0
stubbornly_antagonistic,1,1,0
brilliantly_impressed,1,1,0
stubbornly_high,1,1,0
brilliantly_individual,1,0,1
stubbornly_consistent,1,1,0
stubbornly_conservative,1,1,0
stubbornly_blind,1,1,0
stubbornly_apt,1,1,0
stubbornly_ambitious,1,1,0
brilliantly_impactful,1,1,0
stubbornly_adverse,1,1,0
structurally_worse,1,1,0
brilliantly_instrumental,1,0,1
brilliantly_intact,1,1,0
brilliantly_intoxicating,1,1,0
brilliantly_intriguing,1,0,1
structurally_unfair,1,1,0
stubbornly_inaccessible,1,1,0
stubbornly_intractable,1,1,0
brilliantly_paced,1,1,0
stubbornly_practical,1,1,0
stubbornly_sedentary,1,1,0
brilliantly_humble,1,0,1
stubbornly_resilient,1,1,0
stubbornly_reluctant,1,1,0
brilliantly_hysterical,1,1,0
stubbornly_procedural,1,0,1
stubbornly_pragmatic,1,0,1
stubbornly_possessive,1,1,0
stubbornly_low,1,1,0
stubbornly_perverse,1,1,0
stubbornly_persistent,1,1,0
stubbornly_obtuse,1,1,0
stubbornly_nostalgic,1,1,0
stubbornly_negative,1,1,0
stubbornly_melancholic,1,1,0
stubbornly_low-tech,1,1,0
structurally_unbalanced,1,1,0
structurally_sustainable,1,1,0
structurally_suspect,1,1,0
brilliantly_nonsensical,1,1,0
structurally_intricate,1,0,1
brilliantly_new,1,0,1
structurally_insolvent,1,1,0
structurally_inadequate,1,1,0
structurally_impressive,1,1,0
structurally_impossible,1,1,0
structurally_important,1,0,1
structurally_great,1,1,0
brilliantly_ironic,1,1,0
structurally_fundamental,1,0,1
brilliantly_normal,1,1,0
structurally_fine,1,1,0
structurally_faulty,1,1,0
structurally_familiar,1,0,1
brilliantly_obnoxious,1,0,1
structurally_elliptical,1,1,0
structurally_inventive,1,1,0
structurally_lacking,1,0,1
brilliantly_manic,1,0,1
structurally_new,1,1,0
structurally_stable,1,1,0
brilliantly_lit,1,1,0
structurally_simplistic,1,1,0
brilliantly_luscious,1,0,1
structurally_separate,1,1,0
structurally_safe,1,1,0
brilliantly_mad,1,1,0
structurally_reasonable,1,1,0
structurally_random,1,1,0
structurally_present,1,1,0
structurally_preferable,1,1,0
structurally_poor,1,1,0
structurally_paradoxical,1,0,1
structurally_ok,1,1,0
structurally_obsolete,1,1,0
stupidly_hopeful,1,1,0
stupidly_hot,1,1,0
brilliantly_cinematic,1,1,0
briefly_dizzy,1,1,0
substantially_irrelevant,1,1,0
substantially_irregular,1,1,0
substantially_involved,1,0,1
substantially_interesting,1,1,0
substantially_interested,1,1,0
substantially_intact,1,1,0
substantially_industrial,1,1,0
briefly_drowsy,1,1,0
briefly_crazy,1,1,0
substantially_incomplete,1,1,0
briefly_entertaining,1,1,0
substantially_inaccurate,1,1,0
substantially_improper,1,1,0
substantially_important,1,1,0
briefly_famous,1,1,0
substantially_hopeful,1,1,0
briefly_disappointed,1,1,0
briefly_clear,1,0,1
briefly_faster,1,1,0
substantially_narrow,1,1,0
briefly_aged,1,1,0
substantially_offensive,1,1,0
substantially_obscure,1,1,0
substantially_normal,1,1,0
substantially_newsworthy,1,1,0
briefly_alright,1,1,0
substantially_nationwide,1,1,0
briefly_audible,1,1,0
substantially_lighter,1,0,1
briefly_available,1,1,0
substantially_milder,1,1,0
substantially_luxurious,1,0,1
briefly_brighter,1,1,0
substantially_longer,1,1,0
substantially_limited,1,1,0
substantially_likely,1,1,0
substantially_historical,1,1,0
substantially_high,1,1,0
stupidly_idealistic,1,1,0
brightly_energetic,1,1,0
substantially_disastrous,1,1,0
substantially_difficult,1,1,0
briefly_successful,1,1,0
substantially_detrimental,1,1,0
briefly_visible,1,1,0
brightly_dark,1,1,0
substantially_creative,1,0,1
brightly_enough,1,1,0
briefly_startling,1,1,0
substantially_complex,1,1,0
substantially_common,1,1,0
substantially_close,1,1,0
brightly_illuminating,1,1,0
substantially_challenging,1,0,1
brightly_intense,1,1,0
substantially_broader,1,1,0
substantially_disproportionate,1,1,0
substantially_drier,1,1,0
briefly_fortunate,1,1,0
substantially_favorable,1,1,0
substantially_healthier,1,1,0
substantially_harmful,1,0,1
briefly_happy,1,1,0
briefly_hopeful,1,1,0
briefly_hysterical,1,1,0
briefly_immune,1,1,0
briefly_inaccessible,1,1,0
briefly_notorious,1,1,0
substantially_drunk,1,1,0
substantially_existent,1,1,0
substantially_excellent,1,0,1
briefly_sad,1,1,0
briefly_silent,1,1,0
substantially_enough,1,1,0
substantially_easier,1,1,0
substantially_due,1,1,0
substantially_opaque,1,1,0
briefly_able,1,1,0
substantially_poorer,1,1,0
substantively_bad,1,1,0
breathtakingly_scenic,1,1,0
substantively_flawed,1,1,0
substantively_excellent,1,1,0
substantively_erroneous,1,1,0
breathtakingly_similar,1,1,0
substantively_correct,1,1,0
substantively_better,1,1,0
substantively_appealing,1,0,1
substantively_interesting,1,0,1
breathtakingly_smart,1,1,0
breathtakingly_steep,1,1,0
substantially_wider,1,1,0
substantially_weaker,1,1,0
substantially_warmer,1,1,0
substantially_verbatim,1,1,0
substantially_valuable,1,0,1
breathtakingly_sad,1,1,0
substantively_irrational,1,1,0
substantially_popular,1,1,0
breathtakingly_realistic,1,1,0
subtly_awful,1,0,1
subtly_awesome,1,0,1
subtly_aware,1,1,0
subtly_asymmetrical,1,1,0
subtly_appropriate,1,0,1
subtly_anti-israel,1,1,0
subtly_alive,1,1,0
substantively_untested,1,1,0
substantively_less,1,1,0
substantively_unqualified,1,1,0
substantively_unimportant,1,1,0
substantively_similar,1,1,0
breathtakingly_rude,1,1,0
substantively_neutral,1,0,1
substantively_misguided,1,1,0
substantively_meaningful,1,0,1
substantially_urban,1,1,0
substantially_uninterrupted,1,1,0
substantially_uninformed,1,1,0
breathtakingly_unrealistic,1,0,1
breathtakingly_unpredictable,1,1,0
substantially_significant,1,1,0
substantially_serious,1,0,1
substantially_scary,1,0,1
substantially_safer,1,1,0
substantially_rigid,1,1,0
substantially_resistant,1,1,0
substantially_regular,1,1,0
substantially_unimportant,1,1,0
substantially_rectangular,1,1,0
substantially_real,1,1,0
breathtakingly_vivid,1,1,0
substantially_proportionate,1,1,0
substantially_present,1,1,0
substantially_powerful,1,1,0
substantially_positive,1,1,0
substantially_slower,1,1,0
breathtakingly_unique,1,0,1
substantially_stable,1,1,0
breathtakingly_unexpected,1,1,0
breathtakingly_stunning,1,1,0
substantially_unfair,1,1,0
substantially_underweight,1,1,0
substantially_underway,1,1,0
substantially_underrepresented,1,1,0
substantially_underpaid,1,1,0
substantially_underdeveloped,1,1,0
substantially_uncertain,1,1,0
substantially_truthful,1,1,0
breathtakingly_successful,1,1,0
substantially_transparent,1,1,0
substantially_translucent,1,1,0
substantially_thinner,1,1,0
breathtakingly_territorial,1,1,0
substantially_superior,1,0,1
substantially_brighter,1,1,0
brightly_lit,1,1,0
brightly_metallic,1,1,0
stylishly_sophisticated,1,1,0
brilliantly_beautiful,1,0,1
stylistically_approachable,1,1,0
stylistically_adventurous,1,1,0
stylishly_watchable,1,0,1
stylishly_unique,1,0,1
stylishly_understated,1,1,0
stylishly_straightforward,1,1,0
stylishly_similar,1,0,1
stylistically_bankrupt,1,1,0
stylishly_sexy,1,0,1
stylishly_modern,1,1,0
stylishly_easy,1,0,1
stylishly_cute,1,1,0
stylishly_contemporary,1,0,1
stylishly_classic,1,1,0
stupidly_wrong,1,1,0
stylistically_bad,1,0,1
stylistically_challenging,1,1,0
stylistically_innovative,1,1,0
stylistically_difficult,1,1,0
brilliantly_artful,1,1,0
stylistically_good,1,1,0
stylistically_fresh,1,0,1
stylistically_formal,1,1,0
brilliantly_astute,1,1,0
stylistically_divergent,1,1,0
brilliantly_atmospheric,1,1,0
stylistically_daring,1,1,0
stylistically_close,1,1,0
stylistically_current,1,1,0
stylistically_crude,1,1,0
stylistically_crucial,1,1,0
stylistically_correct,1,0,1
stylistically_conservative,1,1,0
stylistically_complex,1,1,0
stylistically_complementary,1,1,0
stupidly_wonderful,1,1,0
stupidly_unrealistic,1,1,0
stupidly_unconscious,1,1,0
stupidly_literal,1,1,0
stupidly_paranoid,1,1,0
brilliantly_brutal,1,1,0
stupidly_nice,1,1,0
brilliantly_challenging,1,1,0
stupidly_macho,1,0,1
stupidly_low,1,1,0
stupidly_long,1,1,0
stupidly_lazy,1,1,0
stupidly_unclear,1,1,0
stupidly_inert,1,0,1
stupidly_incorrect,1,1,0
stupidly_incompetent,1,1,0
stupidly_incoherent,1,1,0
stupidly_impossible,1,1,0
stupidly_important,1,1,0
stupidly_ignorant,1,1,0
brilliantly_british,1,1,0
stupidly_productive,1,1,0
stupidly_provocative,1,0,1
stupidly_real,1,1,0
stupidly_unable,1,1,0
stupidly_tiny,1,1,0
stupidly_sure,1,1,0
stupidly_stupid,1,0,1
stupidly_strong,1,1,0
stupidly_stereotypical,1,0,1
brilliantly_bizarre,1,0,1
stupidly_similar,1,1,0
brilliantly_bold,1,0,1
stupidly_shocking,1,0,1
stupidly_shocked,1,0,1
brilliantly_bonkers,1,0,1
stupidly_sanguine,1,1,0
stupidly_rude,1,1,0
stupidly_romantic,1,1,0
stylistically_indistinguishable,1,1,0
stylistically_inventive,1,1,0
brightly_modern,1,1,0
sublimely_nuanced,1,1,0
sublimely_tender,1,1,0
sublimely_surreal,1,0,1
brightly_pink,1,1,0
brightly_present,1,1,0
sublimely_romantic,1,0,1
sublimely_popular,1,1,0
sublimely_peaceful,1,1,0
sublimely_natural,1,0,1
sublimely_visceral,1,0,1
sublimely_mystical,1,1,0
sublimely_melodic,1,1,0
sublimely_majestic,1,0,1
sublimely_magical,1,0,1
sublimely_kind,1,1,0
sublimely_ironic,1,0,1
sublimely_innocent,1,1,0
sublimely_ugly,1,1,0
sublimely_weird,1,1,0
stylistically_memorable,1,1,0
subsequently_simple,1,1,0
substantially_autonomous,1,0,1
substantially_american,1,1,0
substantially_alike,1,1,0
brightly_optimistic,1,1,0
subsequently_worth,1,1,0
subsequently_unable,1,1,0
subsequently_typical,1,1,0
subsequently_similar,1,1,0
sublimely_wonderful,1,1,0
subsequently_mistaken,1,1,0
subsequently_likely,1,1,0
subsequently_happy,1,1,0
subsequently_famous,1,1,0
subsequently_deeper,1,1,0
subsequently_covert,1,1,0
subsequently_available,1,1,0
brightly_visible,1,1,0
sublimely_impractical,1,1,0
sublimely_idiotic,1,1,0
brilliantly_adept,1,1,0
sublimely_admirable,1,1,0
stylistically_unusual,1,1,0
stylistically_unique,1,0,1
stylistically_unified,1,1,0
stylistically_sophisticated,1,1,0
stylistically_sinister,1,0,1
brilliantly_active,1,1,0
stylistically_respectful,1,1,0
sublimely_hilarious,1,1,0
stylistically_representative,1,1,0
brilliantly_amazing,1,1,0
brilliantly_anecdotal,1,1,0
stylistically_progressive,1,1,0
stylistically_pleasing,1,1,0
stylistically_most,1,1,0
stylistically_moderate,1,1,0
sublimely_aloof,1,0,1
sublimely_amusing,1,0,1
sublimely_appropriate,1,1,0
brilliantly_accessible,1,1,0
brightly_yellow,1,1,0
sublimely_funny,1,1,0
sublimely_feminine,1,0,1
sublimely_entertaining,1,1,0
sublimely_elegant,1,0,1
sublimely_dysfunctional,1,1,0
brilliantly_abstract,1,0,1
sublimely_detailed,1,1,0
sublimely_delicious,1,0,1
sublimely_dangerous,1,0,1
sublimely_daft,1,1,0
sublimely_cool,1,1,0
sublimely_comforting,1,1,0
sublimely_brilliant,1,1,0
sublimely_bizarre,1,1,0
strongly_interdependent,1,1,0
strongly_intellectual,1,1,0
strongly_insightful,1,1,0
strategically_best,1,1,0
strategically_cryptic,1,1,0
brutally_strategic,1,1,0
brutally_strict,1,1,0
strategically_correct,1,1,0
strategically_compelling,1,1,0
strategically_brilliant,1,0,1
strategically_better,1,0,1
strategically_awesome,1,1,0
strategically_deeper,1,1,0
strategically_astute,1,1,0
strategically_appropriate,1,1,0
strategically_advantageous,1,1,0
brutally_sweet,1,1,0
brutally_tough,1,1,0
strangely_wild,1,1,0
strangely_white,1,0,1
strategically_cunning,1,1,0
strategically_defensive,1,1,0
strangely_wearable,1,0,1
strategically_ineffective,1,1,0
strategically_moderate,1,1,0
strategically_minded,1,1,0
strategically_marginal,1,1,0
brutally_skeptical,1,1,0
strategically_insignificant,1,1,0
strategically_inert,1,1,0
strategically_inept,1,1,0
strategically_incompatible,1,1,0
strategically_detailed,1,1,0
brutally_slow,1,1,0
brutally_steep,1,1,0
strategically_ideal,1,1,0
strategically_expedient,1,1,0
strategically_efficient,1,0,1
strategically_disappointing,1,1,0
brutally_straightforward,1,1,0
strangely_welcome,1,1,0
strangely_watchable,1,0,1
strictly_exploratory,1,1,0
brutally_underrepresented,1,0,1
strangely_unaware,1,1,0
strangely_unable,1,1,0
strangely_true,1,1,0
strangely_triumphant,1,0,1
strangely_titillating,1,1,0
strangely_timely,1,0,1
strangely_thrilling,1,0,1
brutally_uninspired,1,1,0
strangely_unconcerned,1,1,0
strangely_terrifying,1,0,1
brutally_unkind,1,1,0
strangely_tense,1,1,0
strangely_tender,1,1,0
strangely_tempting,1,0,1
strangely_tame,1,1,0
brutally_visceral,1,1,0
strangely_uncomfortable,1,0,1
strangely_understated,1,0,1
strangely_vulnerable,1,0,1
strangely_unreported,1,1,0
strangely_vicious,1,1,0
strangely_vague,1,1,0
strangely_upsetting,1,0,1
brutally_truthful,1,1,0
strangely_upbeat,1,1,0
strangely_unsettling,1,0,1
strangely_unsatisfying,1,0,1
brutally_ugly,1,1,0
strangely_unexpected,1,0,1
strangely_unnerving,1,1,0
strangely_unlikely,1,1,0
strangely_universal,1,0,1
strangely_unique,1,0,1
strangely_uninterested,1,1,0
strangely_uninhabited,1,1,0
strangely_unfamiliar,1,0,1
brutally_simplistic,1,1,0
strategically_orchestrated,1,1,0
strategically_prudent,1,1,0
strictly_comic,1,1,0
strictly_corporate,1,1,0
strictly_conventional,1,1,0
strictly_controlled,1,1,0
brutally_present,1,0,1
strictly_competitive,1,1,0
strictly_comparable,1,1,0
brutally_public,1,1,0
strictly_comedic,1,1,0
strictly_cultural,1,1,0
strictly_coincidental,1,1,0
strictly_coherent,1,1,0
brutally_punishable,1,1,0
strictly_cinematic,1,1,0
strictly_chronological,1,1,0
strictly_christian,1,1,0
brutally_quick,1,1,0
strictly_criminal,1,1,0
strictly_custom,1,1,0
strategically_rational,1,1,0
strictly_divine,1,1,0
brutally_new,1,0,1
strictly_english,1,1,0
strictly_endemic,1,1,0
strictly_emotional,1,1,0
brutally_nonsensical,1,1,0
strictly_dull,1,1,0
strictly_dominant,1,1,0
strictly_directional,1,1,0
strictly_data-driven,1,1,0
strictly_digital,1,1,0
strictly_devout,1,1,0
strictly_deterministic,1,1,0
brutally_oppressed,1,1,0
strictly_deliberate,1,1,0
brutally_particular,1,1,0
brutally_pedantic,1,1,0
strictly_capitalist,1,1,0
strictly_bizarre,1,1,0
strictly_biological,1,1,0
strategically_specific,1,0,1
strategically_unwise,1,1,0
strategically_unprepared,1,1,0
strategically_unenforceable,1,1,0
strategically_unconventional,1,1,0
strategically_unclear,1,1,0
strategically_subtle,1,1,0
strategically_stoic,1,1,0
strategically_special,1,0,1
strictly_binary,1,0,1
strategically_sound,1,0,1
strategically_sophisticated,1,1,0
strategically_serious,1,0,1
strategically_sensitive,1,1,0
strategically_satisfying,1,1,0
strategically_relevant,1,1,0
strategically_related,1,0,1
brutally_sharp,1,1,0
strategically_vague,1,1,0
strategically_vital,1,1,0
brutally_selfish,1,1,0
strictly_biblical,1,1,0
strictly_autobiographical,1,1,0
strictly_astronomical,1,1,0
strictly_asian,1,1,0
strictly_artistic,1,1,0
strictly_applicable,1,1,0
strictly_anti-israel,1,1,0
strictly_annual,1,1,0
strictly_analogous,1,1,0
strictly_american,1,0,1
strictly_alternate,1,1,0
strictly_allergic,1,0,1
strictly_airborne,1,1,0
brutally_right,1,1,0
brutally_self-critical,1,1,0
strangely_suspicious,1,0,1
strangely_suspect,1,1,0
strangely_surreal,1,0,1
strangely_lovely,1,1,0
casually_clad,1,1,0
strangely_macabre,1,0,1
strangely_lyrical,1,1,0
strangely_luxurious,1,0,1
strangely_lush,1,0,1
casually_comfortable,1,1,0
strangely_low,1,1,0
strangely_lopsided,1,1,0
strangely_majestic,1,0,1
strangely_logical,1,1,0
casually_cuddly,1,1,0
strangely_kinky,1,1,0
strangely_irrelevant,1,1,0
casually_demure,1,1,0
casually_disappointed,1,1,0
strangely_intoxicating,1,0,1
strangely_magnetic,1,0,1
strangely_meaningful,1,0,1
strangely_obscure,1,1,0
strangely_musical,1,0,1
strangely_novel,1,0,1
casually_affectionate,1,1,0
strangely_new,1,0,1
casually_antagonistic,1,1,0
strangely_naive,1,1,0
strangely_mystical,1,0,1
strangely_mysterious,1,1,0
strangely_murky,1,1,0
strangely_mechanical,1,1,0
strangely_more,1,0,1
strangely_morbid,1,0,1
strangely_monstrous,1,0,1
strangely_misunderstood,1,1,0
casually_aware,1,1,0
strangely_menacing,1,0,1
casually_bloody,1,1,0
strangely_intolerant,1,1,0
strangely_intimate,1,1,0
casually_disinterested,1,1,0
strangely_hilarious,1,1,0
strangely_identical,1,1,0
strangely_hypocritical,1,1,0
strangely_humane,1,0,1
strangely_human,1,0,1
strangely_hot,1,0,1
strangely_hospitable,1,0,1
casually_fast,1,1,0
strangely_heavenly,1,1,0
casually_dismissive,1,1,0
strangely_heartening,1,0,1
strangely_heartbreaking,1,1,0
strangely_haunting,1,0,1
strangely_gripping,1,1,0
strangely_green,1,1,0
casually_flippant,1,1,0
strangely_glorious,1,0,1
strangely_ignorant,1,1,0
strangely_illogical,1,1,0
strangely_immersive,1,0,1
strangely_implausible,1,1,0
strangely_insistent,1,1,0
casually_dominant,1,1,0
strangely_insightful,1,1,0
strangely_inscrutable,1,1,0
strangely_innocent,1,1,0
strangely_inevitable,1,0,1
strangely_inept,1,1,0
strangely_indulgent,1,0,1
strangely_indifferent,1,1,0
casually_drunk,1,1,0
strangely_inconsequential,1,1,0
casually_dynamic,1,1,0
strangely_inadequate,1,0,1
strangely_inaccessible,1,1,0
casually_elite,1,1,0
strangely_numb,1,1,0
strangely_off-kilter,1,1,0
strangely_surprised,1,1,0
carefully_deceptive,1,1,0
strangely_sexual,1,1,0
strangely_sexist,1,1,0
strangely_serious,1,1,0
strangely_serene,1,0,1
carefully_clean,1,1,0
carefully_custom,1,1,0
strangely_schizophrenic,1,0,1
strangely_salty,1,1,0
strangely_shallow,1,1,0
strangely_sad,1,1,0
strangely_rude,1,1,0
carefully_descriptive,1,1,0
strangely_robotic,1,0,1
carefully_elementary,1,1,0
strangely_restful,1,0,1
strangely_remote,1,1,0
strangely_sexy,1,0,1
strangely_sharp,1,1,0
strangely_offensive,1,0,1
brutally_witty,1,1,0
strangely_suggestive,1,0,1
strangely_subversive,1,0,1
strangely_subtle,1,0,1
strangely_subdued,1,1,0
strangely_stilted,1,1,0
strangely_static,1,1,0
strangely_spooky,1,0,1
strangely_special,1,0,1
strangely_short,1,1,0
strangely_sorrowful,1,0,1
carefully_aged,1,1,0
strangely_solemn,1,1,0
strangely_slow,1,1,0
strangely_simple,1,1,0
carefully_american,1,1,0
carefully_brilliant,1,1,0
carefully_enough,1,1,0
strangely_remarkable,1,0,1
carefully_legal,1,1,0
carefully_symmetrical,1,1,0
carefully_realistic,1,1,0
strangely_pleasurable,1,1,0
strangely_plausible,1,1,0
strangely_philosophical,1,0,1
carefully_respectful,1,1,0
strangely_persuasive,1,0,1
strangely_personal,1,0,1
strangely_pathetic,1,0,1
carefully_moderate,1,1,0
carefully_undone,1,1,0
carefully_vague,1,1,0
strangely_other,1,0,1
strangely_original,1,0,1
strangely_organic,1,0,1
strangely_open,1,1,0
strangely_old-fashioned,1,0,1
carefully_qualified,1,1,0
strangely_polite,1,0,1
strangely_positive,1,1,0
strangely_potent,1,0,1
strangely_relatable,1,1,0
carefully_narrow,1,1,0
carefully_orchestrated,1,1,0
strangely_rational,1,0,1
carefully_overdone,1,1,0
strangely_quaint,1,0,1
strangely_puzzling,1,0,1
strangely_protracted,1,0,1
strangely_prophetic,1,0,1
strangely_prone,1,1,0
strangely_profound,1,1,0
carefully_polish,1,1,0
strangely_pregnant,1,0,1
strangely_predictable,1,1,0
carefully_professional,1,1,0
strictly_experimental,1,1,0
strictly_external,1,1,0
brilliantly_witty,1,1,0
strikingly_picturesque,1,0,1
strikingly_regressive,1,1,0
broadly_literate,1,0,1
strikingly_prophetic,1,0,1
strikingly_present,1,1,0
broadly_mainstream,1,0,1
strikingly_popular,1,1,0
strikingly_poignant,1,1,0
broadly_marketable,1,0,1
broadly_likeable,1,1,0
strikingly_paradoxical,1,1,0
strikingly_pale,1,1,0
broadly_misunderstood,1,1,0
broadly_national,1,0,1
broadly_nationalist,1,1,0
strikingly_noticeable,1,1,0
broadly_neutral,1,1,0
strikingly_relevant,1,1,0
strikingly_rich,1,1,0
broadly_nostalgic,1,0,1
strikingly_strange,1,1,0
strikingly_unbearable,1,1,0
strikingly_unaware,1,1,0
strikingly_unafraid,1,1,0
strikingly_thin,1,1,0
broadly_interested,1,1,0
strikingly_subversive,1,1,0
strikingly_stylish,1,0,1
strikingly_spectacular,1,0,1
strikingly_sad,1,1,0
broadly_international,1,1,0
broadly_leftist,1,1,0
strikingly_short,1,1,0
strikingly_serene,1,1,0
strikingly_sensual,1,1,0
strikingly_sectarian,1,1,0
strikingly_savory,1,1,0
strikingly_negative,1,1,0
strikingly_memorable,1,1,0
strictly_factual,1,1,0
strikingly_entrepreneurial,1,1,0
broadly_preferable,1,1,0
strikingly_funny,1,1,0
broadly_random,1,1,0
broadly_recognisable,1,1,0
strikingly_explosive,1,1,0
strikingly_expensive,1,1,0
strikingly_exact,1,1,0
strikingly_empty,1,1,0
strikingly_green,1,1,0
strikingly_emotional,1,1,0
broadly_regional,1,1,0
strikingly_effective,1,1,0
strikingly_eerie,1,0,1
strikingly_eclectic,1,1,0
broadly_relatable,1,1,0
broadly_religious,1,1,0
broadly_predictable,1,1,0
strikingly_homogenous,1,1,0
strikingly_mature,1,0,1
strikingly_interesting,1,0,1
strikingly_low,1,1,0
strikingly_long,1,1,0
strikingly_literal,1,1,0
strikingly_lifelike,1,1,0
strikingly_liberal,1,1,0
broadly_offline,1,1,0
broadly_ok,1,1,0
strikingly_intelligent,1,1,0
strikingly_honest,1,1,0
broadly_palatable,1,1,0
strikingly_ineffectual,1,1,0
strikingly_individual,1,0,1
strikingly_incongruous,1,1,0
broadly_political,1,1,0
broadly_populist,1,1,0
strikingly_humorous,1,1,0
broadly_informative,1,1,0
strikingly_unexpected,1,1,0
broadly_independent,1,1,0
broadly_australian,1,1,0
broadly_absent,1,0,1
broadly_acute,1,1,0
strongly_evangelical,1,1,0
broadly_akin,1,0,1
strongly_dramatic,1,1,0
strongly_dominant,1,1,0
strongly_divisive,1,1,0
strongly_dissatisfied,1,1,0
strongly_familiar,1,1,0
broadly_aware,1,1,0
strongly_desirous,1,1,0
broadly_beneficial,1,1,0
broadly_christian,1,1,0
broadly_comedic,1,1,0
broadly_confusing,1,1,0
broadly_conservative,1,1,0
strongly_faithful,1,1,0
strongly_favorable,1,1,0
broadly_illustrative,1,0,1
strongly_impassioned,1,1,0
brilliantly_wonderful,1,0,1
strongly_individual,1,1,0
strongly_indicative,1,1,0
brilliantly_worthwhile,1,1,0
strongly_inappropriate,1,1,0
strongly_impulsive,1,1,0
strongly_impressive,1,1,0
strongly_imaginative,1,1,0
strongly_feminist,1,1,0
strongly_ideological,1,1,0
strongly_hostile,1,0,1
strongly_harmonious,1,1,0
strongly_green,1,0,1
strongly_gothic,1,0,1
strongly_good,1,1,0
strongly_gendered,1,1,0
strongly_creative,1,1,0
strongly_counterintuitive,1,1,0
strongly_convinced,1,1,0
strikingly_younger,1,1,0
strongly_armed,1,1,0
broadly_equivalent,1,1,0
strongly_anti-gay,1,1,0
broadly_familiar,1,1,0
strongly_analytical,1,1,0
strongly_agricultural,1,1,0
broadly_functional,1,1,0
broadly_hilarious,1,1,0
strongly_contrary,1,1,0
strikingly_wonderful,1,1,0
strikingly_white,1,0,1
strikingly_wasteful,1,1,0
broadly_hostile,1,1,0
strikingly_visible,1,1,0
strikingly_vast,1,0,1
strikingly_unnatural,1,1,0
strongly_artistic,1,1,0
strongly_attributable,1,1,0
strongly_autobiographical,1,1,0
strongly_averse,1,1,0
broadly_cooperative,1,1,0
strongly_conscious,1,1,0
strongly_conceptual,1,1,0
strongly_competitive,1,1,0
strongly_competent,1,1,0
strongly_compatible,1,1,0
strongly_close,1,1,0
strongly_challenging,1,1,0
strongly_celebratory,1,1,0
strongly_catholic,1,1,0
strongly_catchy,1,1,0
strongly_buddhist,1,1,0
strongly_bright,1,1,0
strongly_blue,1,1,0
broadly_elliptical,1,1,0
broadly_repressive,1,1,0
strikingly_devoid,1,1,0
strikingly_descriptive,1,1,0
strictly_military,1,1,0
brutally_expensive,1,1,0
strictly_non-partisan,1,1,0
strictly_neutral,1,1,0
brutally_familiar,1,1,0
strictly_native,1,1,0
strictly_national,1,1,0
strictly_monogamous,1,1,0
strictly_methodical,1,1,0
brutally_dull,1,1,0
strictly_meditative,1,0,1
strictly_mechanical,1,1,0
strictly_meaningless,1,1,0
brutally_final,1,0,1
strictly_malicious,1,1,0
strictly_lyrical,1,1,0
strictly_luxurious,1,1,0
brutally_efficient,1,1,0
strictly_official,1,1,0
strictly_procedural,1,1,0
brutally_consequential,1,1,0
brutally_claustrophobic,1,1,0
strictly_prescriptive,1,1,0
strictly_practical,1,1,0
brutally_commercial,1,1,0
brutally_complicated,1,0,1
strictly_poisonous,1,1,0
strictly_pleasurable,1,1,0
strictly_pink,1,1,0
strictly_online,1,1,0
brutally_cool,1,1,0
brutally_cruel,1,1,0
strictly_passive,1,1,0
brutally_dark,1,1,0
strictly_orthodox,1,1,0
brutally_debilitating,1,1,0
brutally_dismissive,1,1,0
brutally_formal,1,1,0
brutally_forthcoming,1,1,0
brutally_genuine,1,1,0
strictly_gendered,1,1,0
brutally_irrational,1,1,0
strictly_hip,1,1,0
strictly_high,1,1,0
strictly_heterosexual,1,1,0
strictly_good,1,1,0
strictly_genetic,1,0,1
strictly_generic,1,1,0
strictly_gay,1,1,0
brutally_gory,1,1,0
brutally_irritating,1,1,0
brutally_loud,1,1,0
strictly_foreign,1,1,0
brutally_medieval,1,1,0
brutally_modern,1,1,0
brutally_murderous,1,1,0
strictly_fictional,1,1,0
brutally_ironic,1,1,0
strictly_homogeneous,1,1,0
strictly_honorable,1,1,0
strictly_hygienic,1,1,0
brutally_hilarious,1,1,0
strictly_lethal,1,1,0
strictly_less,1,1,0
strictly_legit,1,1,0
brutally_humorous,1,1,0
strictly_italian,1,1,0
strictly_instrumental,1,1,0
strictly_inspirational,1,1,0
strictly_informative,1,1,0
brutally_immediate,1,1,0
brutally_impactful,1,1,0
strictly_incidental,1,1,0
strictly_improper,1,1,0
brutally_inferior,1,1,0
strictly_ideological,1,1,0
strictly_privileged,1,1,0
brutally_casual,1,1,0
strikingly_delicious,1,0,1
broadly_spiritual,1,1,0
strikingly_ambivalent,1,1,0
strikingly_ambitious,1,1,0
strikingly_ambiguous,1,1,0
broadly_speculative,1,1,0
strikingly_accurate,1,1,0
strikingly_absent,1,1,0
strikingly_abrupt,1,1,0
broadly_stylish,1,0,1
strikingly_arrogant,1,1,0
strictly_whimsical,1,1,0
broadly_symmetrical,1,1,0
strictly_virtual,1,1,0
strictly_vigilant,1,1,0
broadly_sympathetic,1,1,0
broadly_theatrical,1,1,0
strictly_vegan,1,1,0
strikingly_apparent,1,1,0
broadly_social,1,1,0
brutally_broken,1,1,0
strikingly_clever,1,1,0
broadly_respectable,1,0,1
strikingly_counter-intuitive,1,1,0
broadly_responsible,1,1,0
strikingly_conspicuous,1,1,0
broadly_right,1,1,0
strikingly_compatible,1,1,0
broadly_significant,1,0,1
strikingly_clear,1,1,0
strikingly_atypical,1,1,0
strikingly_clean,1,0,1
strikingly_candid,1,1,0
strikingly_brilliant,1,1,0
strikingly_bold,1,1,0
strikingly_bizarre,1,1,0
strikingly_better,1,1,0
broadly_silly,1,1,0
broadly_threatening,1,0,1
strictly_universal,1,1,0
strictly_unique,1,1,0
brutally_ashamed,1,1,0
strictly_savory,1,0,1
broadly_welcome,1,1,0
strictly_roman,1,1,0
strictly_rhetorical,1,1,0
strictly_residential,1,1,0
brutally_abrupt,1,0,1
brutally_abusive,1,1,0
strictly_recreational,1,1,0
strictly_unconstitutional,1,1,0
brutally_brief,1,1,0
strictly_rational,1,0,1
brutally_brilliant,1,1,0
strictly_racist,1,1,0
strictly_racial,1,1,0
strictly_quiet,1,1,0
strictly_punctual,1,1,0
strictly_sci-fi,1,0,1
broadly_visible,1,1,0
strictly_seasonal,1,0,1
broadly_utopian,1,1,0
strictly_unavailable,1,1,0
broadly_unacceptable,1,0,1
strictly_transactional,1,1,0
broadly_unhappy,1,1,0
strictly_therapeutic,1,1,0
strictly_tender,1,0,1
strictly_symbolic,1,1,0
strictly_stuck,1,0,1
strictly_spontaneous,1,1,0
strictly_specific,1,1,0
broadly_upbeat,1,1,0
strictly_separate,1,1,0
strictly_sentimental,1,1,0
strictly_selfish,1,1,0
strictly_segregated,1,1,0
still_alarming,1,1,0
still_ailing,1,1,0
still_agreeable,1,1,0
somewhat_needy,1,1,0
somewhat_neutral,1,1,0
comically_concerned,1,1,0
somewhat_nerve-wracking,1,0,1
somewhat_negligible,1,1,0
comically_confusing,1,1,0
comically_contradictory,1,1,0
somewhat_nefarious,1,1,0
comically_convoluted,1,1,0
comically_circular,1,0,1
comically_crippling,1,1,0
somewhat_neat,1,1,0
somewhat_nearer,1,1,0
somewhat_nearby,1,1,0
somewhat_nauseating,1,1,0
somewhat_naughty,1,1,0
comically_cynical,1,1,0
comically_compelling,1,1,0
somewhat_niche,1,1,0
somewhat_nastier,1,0,1
somewhat_obese,1,1,0
comically_bloody,1,1,0
comically_british,1,0,1
comically_brutal,1,1,0
somewhat_oblivious,1,1,0
somewhat_obligatory,1,1,0
somewhat_objective,1,1,0
comically_bumpy,1,1,0
somewhat_nutty,1,1,0
somewhat_nomadic,1,1,0
somewhat_nutritious,1,0,1
comically_bureaucratic,1,1,0
somewhat_notorious,1,1,0
somewhat_noticeable,1,1,0
somewhat_noteworthy,1,1,0
somewhat_nostalgic,1,1,0
comically_casual,1,0,1
somewhat_nasty,1,1,0
comically_dark,1,1,0
comically_heavy,1,1,0
somewhat_melodic,1,0,1
comically_exaggerated,1,1,0
somewhat_miserable,1,1,0
comically_exasperating,1,1,0
somewhat_militant,1,1,0
somewhat_milder,1,1,0
comically_explosive,1,1,0
somewhat_mesmerizing,1,1,0
somewhat_mellow,1,1,0
comically_endearing,1,0,1
somewhat_melancholic,1,1,0
somewhat_meh,1,1,0
somewhat_mediocre,1,1,0
comically_fallible,1,1,0
comically_gifted,1,0,1
comically_gigantic,1,1,0
comically_grotesque,1,0,1
comically_evil,1,1,0
somewhat_mobile,1,1,0
comically_deadpan,1,1,0
somewhat_mournful,1,1,0
comically_delicious,1,1,0
comically_desperate,1,1,0
somewhat_myopic,1,1,0
comically_distorted,1,1,0
comically_divergent,1,1,0
comically_dogmatic,1,1,0
somewhat_muddled,1,1,0
somewhat_mortified,1,1,0
comically_embarrassing,1,1,0
somewhat_morose,1,1,0
comically_edgy,1,1,0
somewhat_moot,1,1,0
somewhat_moody,1,1,0
somewhat_monotonous,1,1,0
somewhat_moist,1,1,0
somewhat_modest,1,0,1
comically_biblical,1,0,1
somewhat_obtuse,1,1,0
comically_apocalyptic,1,1,0
comfortably_invisible,1,1,0
comfortably_faster,1,1,0
comfortably_fluent,1,1,0
somewhat_playful,1,0,1
comfortably_historic,1,1,0
comfortably_hot,1,1,0
somewhat_picky,1,1,0
comfortably_intimate,1,0,1
somewhat_pertinent,1,0,1
comfortably_eclectic,1,1,0
comfortably_miserable,1,1,0
comfortably_naked,1,1,0
somewhat_permeable,1,1,0
somewhat_permanent,1,1,0
somewhat_peripheral,1,1,0
comfortably_nostalgic,1,0,1
somewhat_peachy,1,1,0
comfortably_enough,1,1,0
somewhat_poorer,1,1,0
somewhat_off,1,1,0
somewhat_pretentious,1,1,0
somewhat_pro-life,1,1,0
somewhat_pro-choice,1,1,0
somewhat_private,1,1,0
somewhat_primitive,1,1,0
comfortably_challenging,1,1,0
somewhat_pricier,1,1,0
comfortably_chic,1,1,0
comfortably_clear,1,1,0
comfortably_easy,1,0,1
comfortably_convenient,1,1,0
somewhat_preliminary,1,1,0
somewhat_prejudiced,1,1,0
comfortably_dead,1,1,0
comfortably_disheveled,1,1,0
somewhat_powerless,1,1,0
somewhat_porous,1,1,0
comfortably_oblivious,1,1,0
somewhat_past,1,1,0
somewhat_passe,1,1,0
comfortably_symmetrical,1,1,0
comfortably_solid,1,0,1
comfortably_spacious,1,1,0
somewhat_optional,1,1,0
comfortably_superior,1,1,0
somewhat_oppressive,1,1,0
somewhat_open-minded,1,1,0
somewhat_open-ended,1,1,0
somewhat_onerous,1,1,0
somewhat_partisan,1,1,0
somewhat_ominous,1,1,0
comfortably_usable,1,1,0
comfortably_wealthy,1,1,0
somewhat_okay,1,1,0
comically_accurate,1,1,0
comically_amateurish,1,1,0
comically_anachronistic,1,1,0
comfortably_small,1,1,0
somewhat_ostentatious,1,0,1
comfortably_slow,1,1,0
somewhat_outspoken,1,1,0
somewhat_partial,1,1,0
comfortably_recognizable,1,1,0
somewhat_paradoxical,1,1,0
somewhat_panicked,1,1,0
comfortably_rigid,1,1,0
somewhat_overworked,1,1,0
comfortably_sentimental,1,1,0
comfortably_serene,1,0,1
somewhat_oversized,1,1,0
somewhat_overrated,1,1,0
somewhat_overpriced,1,1,0
somewhat_overpowering,1,1,0
somewhat_overdone,1,1,0
comfortably_simple,1,1,0
somewhat_overbearing,1,1,0
comically_heartless,1,1,0
somewhat_manic,1,1,0
cleverly_reversible,1,1,0
somewhat_inaccessible,1,1,0
somewhat_inconclusive,1,1,0
comically_superfluous,1,1,0
comically_tall,1,1,0
comically_territorial,1,1,0
comically_thick,1,1,0
somewhat_inadequate,1,1,0
comically_transparent,1,1,0
somewhat_impulsive,1,1,0
comically_small,1,1,0
somewhat_improper,1,1,0
somewhat_improbable,1,1,0
somewhat_impressive,1,1,0
comically_trivial,1,0,1
comically_true,1,1,0
somewhat_impractical,1,1,0
somewhat_impossible,1,1,0
comically_smarter,1,1,0
comically_sincere,1,1,0
somewhat_impervious,1,1,0
somewhat_ineffective,1,1,0
somewhat_informal,1,0,1
somewhat_influential,1,1,0
comically_sexual,1,1,0
somewhat_infamous,1,1,0
comically_shabby,1,1,0
somewhat_inept,1,1,0
somewhat_inefficient,1,1,0
somewhat_inebriated,1,1,0
somewhat_incorrect,1,1,0
comically_shallow,1,1,0
somewhat_indirect,1,1,0
comically_similar,1,1,0
comically_simple,1,1,0
somewhat_indecisive,1,1,0
somewhat_incredulous,1,1,0
somewhat_incredible,1,1,0
comically_unaware,1,1,0
somewhat_impersonal,1,1,0
comically_hostile,1,1,0
comically_vulgar,1,1,0
somewhat_humid,1,1,0
somewhat_humbling,1,0,1
somewhat_humanoid,1,1,0
somewhat_human,1,0,1
comically_variable,1,0,1
comically_violent,1,1,0
somewhat_hollow,1,1,0
somewhat_hip,1,1,0
somewhat_hungover,1,1,0
comically_weak,1,1,0
commercially_accurate,1,1,0
somewhat_hierarchical,1,1,0
somewhat_helpless,1,1,0
commercially_bankable,1,1,0
commercially_chic,1,1,0
commercially_clever,1,1,0
comically_vain,1,1,0
comically_vague,1,1,0
comically_uneven,1,1,0
comically_unreliable,1,1,0
somewhat_impenetrable,1,1,0
comically_unfortunate,1,1,0
comically_unpleasant,1,1,0
somewhat_immersive,1,1,0
somewhat_immature,1,1,0
somewhat_immaterial,1,1,0
somewhat_imaginary,1,1,0
comically_unsavory,1,1,0
somewhat_hypocritical,1,1,0
somewhat_illiquid,1,1,0
somewhat_illicit,1,0,1
somewhat_illegal,1,1,0
comically_unsuited,1,1,0
somewhat_idiotic,1,1,0
comically_unsustainable,1,1,0
comically_useless,1,1,0
somewhat_infuriating,1,1,0
somewhat_innocent,1,1,0
somewhat_innovative,1,1,0
somewhat_lesser,1,1,0
somewhat_like,1,0,1
comically_inconvenient,1,1,0
somewhat_lightweight,1,1,0
comically_indifferent,1,1,0
somewhat_light,1,0,1
comically_ineffective,1,1,0
comically_inflated,1,1,0
somewhat_legitimate,1,1,0
comically_incongruous,1,0,1
somewhat_legit,1,1,0
somewhat_legible,1,1,0
comically_irresponsible,1,1,0
somewhat_lean,1,1,0
comically_joyful,1,1,0
somewhat_laughable,1,1,0
comically_larger,1,0,1
somewhat_likeable,1,1,0
comically_incidental,1,1,0
comically_self-indulgent,1,0,1
comically_hypocritical,1,1,0
somewhat_malicious,1,1,0
comically_huge,1,1,0
somewhat_maddening,1,1,0
comically_hyperbolic,1,1,0
somewhat_macabre,1,1,0
somewhat_lukewarm,1,1,0
somewhat_loyal,1,1,0
somewhat_low-cost,1,1,0
somewhat_limp,1,1,0
somewhat_loud,1,1,0
comically_ignorant,1,1,0
somewhat_looser,1,1,0
comically_inappropriate,1,1,0
somewhat_loopy,1,1,0
somewhat_long,1,1,0
comically_incapable,1,1,0
comically_low,1,1,0
comically_macabre,1,1,0
somewhat_lackluster,1,1,0
comically_rich,1,1,0
comically_overpriced,1,1,0
somewhat_introspective,1,1,0
somewhat_intriguing,1,1,0
comically_posh,1,1,0
comically_prescient,1,1,0
comically_relentless,1,1,0
somewhat_intentional,1,1,0
comically_sad,1,1,0
comically_miserable,1,1,0
somewhat_intact,1,1,0
somewhat_insulting,1,1,0
somewhat_insular,1,1,0
somewhat_insubstantial,1,1,0
somewhat_inspirational,1,1,0
comically_satisfying,1,0,1
comically_secretive,1,0,1
comically_outrageous,1,1,0
comically_outraged,1,1,0
somewhat_inventive,1,1,0
comically_oriented,1,1,0
somewhat_labor-intensive,1,1,0
comically_mistaken,1,1,0
somewhat_kinky,1,1,0
somewhat_juvenile,1,1,0
somewhat_judgmental,1,1,0
somewhat_jovial,1,1,0
somewhat_jazzy,1,1,0
somewhat_jarring,1,1,0
somewhat_jaded,1,1,0
somewhat_itchy,1,1,0
somewhat_irritating,1,1,0
comically_misunderstood,1,1,0
comically_nasty,1,1,0
comically_oblivious,1,1,0
comically_off-kilter,1,1,0
comfortably_casual,1,1,0
somewhat_procedural,1,1,0
comfortably_british,1,0,1
clinically_superior,1,1,0
somewhat_tempting,1,1,0
somewhat_temperate,1,1,0
clinically_sterile,1,1,0
clinically_successful,1,1,0
somewhat_tasty,1,1,0
somewhat_tannic,1,1,0
somewhat_tangible,1,1,0
somewhat_tame,1,1,0
clinically_severe,1,1,0
clinically_unbalanced,1,1,0
somewhat_tacky,1,1,0
somewhat_taboo,1,1,0
clinically_unhealthy,1,1,0
clinically_uninteresting,1,1,0
clinically_unrecognized,1,1,0
somewhat_symbiotic,1,1,0
clinically_silent,1,1,0
clinically_sedate,1,1,0
clinically_unsound,1,1,0
somewhat_thin,1,1,0
somewhat_tiresome,1,1,0
clinically_protective,1,1,0
somewhat_time-consuming,1,1,0
somewhat_tight,1,1,0
clinically_psychotic,1,1,0
clinically_pure,1,0,1
somewhat_thinner,1,1,0
clinically_qualified,1,0,1
clinically_safe,1,1,0
somewhat_therapeutic,1,1,0
clinically_respectable,1,0,1
somewhat_themed,1,1,0
somewhat_theatrical,1,1,0
somewhat_thankless,1,1,0
clinically_rigorous,1,1,0
somewhat_terrified,1,1,0
clinically_unsafe,1,1,0
clinically_urgent,1,1,0
somewhat_professional,1,1,0
somewhat_stimulating,1,1,0
closely_observant,1,1,0
somewhat_stubborn,1,1,0
closely_parallel,1,1,0
closely_proportional,1,1,0
closely_representative,1,1,0
closely_suitable,1,1,0
somewhat_stodgy,1,0,1
closely_supportive,1,1,0
closely_identifiable,1,1,0
somewhat_stiffer,1,1,0
somewhat_stiff,1,1,0
somewhat_sticky,1,1,0
somewhat_stellar,1,1,0
somewhat_steep,1,1,0
somewhat_static,1,0,1
closely_traceable,1,1,0
somewhat_stuffy,1,1,0
somewhat_subdued,1,1,0
clinically_vague,1,1,0
somewhat_superfluous,1,1,0
clinically_viable,1,0,1
clinically_violent,1,1,0
clinically_worse,1,1,0
closely_accessible,1,1,0
closely_acquainted,1,0,1
closely_approximate,1,1,0
closely_attuned,1,1,0
closely_autobiographical,1,1,0
closely_equivalent,1,0,1
somewhat_sunny,1,1,0
somewhat_suitable,1,1,0
closely_comparable,1,0,1
closely_competitive,1,1,0
somewhat_subtler,1,0,1
somewhat_substantive,1,1,0
closely_dependent,1,1,0
somewhat_tiring,1,1,0
somewhat_tolerant,1,1,0
somewhat_touchy,1,1,0
clinically_competent,1,1,0
somewhat_unnerved,1,1,0
somewhat_unnecessary,1,1,0
clinically_amiss,1,1,0
clinically_applicable,1,1,0
somewhat_unlikable,1,0,1
clinically_asymptomatic,1,1,0
clinically_clear,1,1,0
somewhat_uninspired,1,1,0
somewhat_unorthodox,1,1,0
clinically_confused,1,1,0
somewhat_unheard,1,0,1
clinically_cool,1,1,0
somewhat_unfounded,1,1,0
somewhat_unfortunate,1,1,0
somewhat_unfamiliar,1,1,0
clinically_deficient,1,1,0
somewhat_unnerving,1,1,0
clinically_ambiguous,1,1,0
clinically_perverse,1,1,0
somewhat_unrelated,1,0,1
cleverly_subtle,1,1,0
cleverly_subversive,1,1,0
somewhat_unsatisfactory,1,1,0
cleverly_surprising,1,1,0
somewhat_unruly,1,1,0
cleverly_themed,1,1,0
cleverly_witty,1,0,1
somewhat_unrecognizable,1,0,1
somewhat_unpopular,1,1,0
somewhat_unreasonable,1,1,0
clinically_acceptable,1,1,0
somewhat_unreal,1,1,0
somewhat_unproven,1,1,0
clinically_active,1,1,0
clinically_adept,1,1,0
somewhat_unprecedented,1,1,0
clinically_depressing,1,1,0
clinically_difficult,1,1,0
somewhat_undeveloped,1,1,0
clinically_observable,1,1,0
somewhat_typical,1,1,0
somewhat_trustworthy,1,1,0
clinically_institutional,1,1,0
clinically_mild,1,1,0
somewhat_troublesome,1,1,0
clinically_necessary,1,1,0
somewhat_trite,1,1,0
somewhat_treatable,1,1,0
clinically_disadvantaged,1,1,0
somewhat_treacherous,1,1,0
somewhat_traumatizing,1,1,0
clinically_obvious,1,1,0
somewhat_transient,1,1,0
somewhat_trans,1,1,0
clinically_perfect,1,1,0
somewhat_tougher,1,0,1
somewhat_ubiquitous,1,1,0
somewhat_unattractive,1,1,0
somewhat_unaware,1,1,0
clinically_implausible,1,1,0
somewhat_underweight,1,1,0
somewhat_understated,1,1,0
clinically_dry,1,1,0
clinically_efficacious,1,1,0
somewhat_underdeveloped,1,1,0
somewhat_underappreciated,1,1,0
somewhat_undemocratic,1,0,1
clinically_empirical,1,1,0
clinically_equivalent,1,1,0
clinically_excellent,1,1,0
clinically_explicit,1,1,0
somewhat_uncommon,1,1,0
clinically_helpful,1,1,0
clinically_huge,1,0,1
clinically_hysterical,1,0,1
somewhat_stale,1,1,0
somewhat_staid,1,1,0
somewhat_stagnant,1,1,0
somewhat_relieved,1,1,0
coldly_skeptical,1,1,0
coldly_solitary,1,1,0
coldly_surreal,1,1,0
collectively_accountable,1,1,0
somewhat_remarkable,1,1,0
collectively_afraid,1,1,0
collectively_aghast,1,1,0
somewhat_reliant,1,1,0
coldly_satirical,1,1,0
collectively_bad,1,1,0
collectively_blameless,1,1,0
collectively_conscious,1,1,0
somewhat_relative,1,1,0
collectively_deserving,1,1,0
somewhat_relatable,1,1,0
collectively_disappointed,1,1,0
coldly_satisfying,1,0,1
somewhat_responsive,1,0,1
coldly_judgmental,1,1,0
somewhat_rugged,1,1,0
coldly_malevolent,1,1,0
somewhat_sarcastic,1,1,0
somewhat_sanguine,1,1,0
somewhat_safer,1,1,0
coldly_melancholic,1,1,0
somewhat_saddened,1,1,0
coldly_objective,1,1,0
somewhat_rudimentary,1,1,0
somewhat_reticent,1,1,0
somewhat_rosy,1,1,0
somewhat_rocky,1,1,0
somewhat_risque,1,1,0
coldly_ominous,1,1,0
coldly_regal,1,0,1
coldly_sadistic,1,1,0
somewhat_rich,1,1,0
somewhat_regional,1,1,0
somewhat_refreshing,1,1,0
somewhat_red,1,1,0
collectively_worse,1,1,0
collectively_wealthy,1,1,0
somewhat_quicker,1,1,0
somewhat_quick,1,1,0
collectively_willing,1,1,0
somewhat_quantifiable,1,1,0
somewhat_qualitative,1,1,0
collectively_wonderful,1,0,1
somewhat_public,1,0,1
somewhat_recoverable,1,1,0
comfortably_agreeable,1,1,0
somewhat_provocative,1,1,0
comfortably_asleep,1,1,0
comfortably_attainable,1,1,0
somewhat_prone,1,1,0
comfortably_bad,1,1,0
comfortably_better,1,1,0
collectively_tired,1,1,0
collectively_sufficient,1,1,0
collectively_subject,1,1,0
somewhat_radical,1,1,0
collectively_equivalent,1,1,0
somewhat_reclusive,1,1,0
collectively_excited,1,1,0
collectively_exhaustive,1,1,0
somewhat_rebellious,1,1,0
collectively_fond,1,1,0
collectively_happier,1,1,0
collectively_healthy,1,0,1
collectively_human,1,1,0
somewhat_readable,1,1,0
collectively_lazy,1,1,0
somewhat_raw,1,1,0
collectively_loose,1,1,0
collectively_revolutionary,1,1,0
collectively_smart,1,1,0
coldly_logical,1,1,0
somewhat_scandalous,1,0,1
somewhat_stable,1,1,0
cognitively_necessary,1,1,0
cognitively_inflexible,1,1,0
cognitively_lazy,1,1,0
somewhat_slim,1,1,0
somewhat_slight,1,1,0
somewhat_skinny,1,1,0
somewhat_skillful,1,1,0
cognitively_mature,1,1,0
somewhat_sizable,1,1,0
cognitively_impenetrable,1,1,0
somewhat_situational,1,1,0
cognitively_present,1,1,0
somewhat_single,1,1,0
somewhat_simultaneous,1,1,0
cognitively_slow,1,1,0
somewhat_simpler,1,1,0
cognitively_unable,1,1,0
cognitively_inferior,1,1,0
cognitively_fit,1,1,0
somewhat_scant,1,1,0
somewhat_spare,1,1,0
somewhat_sporadic,1,1,0
somewhat_spiritual,1,1,0
somewhat_spherical,1,1,0
cognitively_aware,1,1,0
somewhat_specious,1,1,0
cognitively_biased,1,1,0
somewhat_sparse,1,1,0
somewhat_sombre,1,1,0
somewhat_smarter,1,1,0
somewhat_solid,1,1,0
cognitively_deficient,1,1,0
cognitively_demanding,1,1,0
somewhat_sobering,1,1,0
somewhat_snarky,1,1,0
cognitively_dysfunctional,1,1,0
cognitively_fine,1,1,0
cognitively_valid,1,1,0
cognitively_vital,1,1,0
somewhat_silent,1,1,0
somewhat_seductive,1,0,1
somewhat_sensitive,1,1,0
coldly_ethereal,1,1,0
somewhat_self-explanatory,1,1,0
somewhat_self-conscious,1,1,0
somewhat_self-aware,1,1,0
coldly_evil,1,0,1
somewhat_seedy,1,1,0
somewhat_secular,1,1,0
coldly_alien,1,1,0
coldly_frightening,1,0,1
somewhat_secondary,1,1,0
somewhat_seasoned,1,1,0
coldly_functional,1,1,0
coldly_humorous,1,1,0
coldly_impersonal,1,1,0
coldly_intellectual,1,1,0
somewhat_sentimental,1,1,0
coldly_cynical,1,1,0
somewhat_serviceable,1,0,1
somewhat_set,1,1,0
coldly_automatic,1,1,0
somewhat_shrill,1,1,0
coldly_certain,1,1,0
somewhat_short-lived,1,1,0
coldly_civil,1,1,0
coldly_clear,1,1,0
coldly_cognizant,1,1,0
somewhat_sharper,1,1,0
somewhat_sharp,1,1,0
somewhat_shallow,1,1,0
coldly_contemptuous,1,1,0
coldly_correct,1,1,0
somewhat_sexist,1,1,0
somewhat_sex,1,1,0
somewhat_severe,1,1,0
somewhat_hearty,1,0,1
commercially_confident,1,1,0
commercially_crucial,1,1,0
completely_anecdotal,1,1,0
sometimes_wider,1,1,0
sometimes_wet,1,1,0
completely_amoral,1,1,0
completely_anachronistic,1,0,1
sometimes_wavy,1,1,0
sometimes_watery,1,1,0
completely_ancient,1,0,1
completely_annoyed,1,1,0
completely_ambivalent,1,1,0
sometimes_voluntary,1,1,0
completely_anomalous,1,1,0
sometimes_viral,1,1,0
completely_antagonistic,1,1,0
sometimes_vicious,1,1,0
sometimes_vibrant,1,1,0
sometimes_verbal,1,1,0
sometimes_wild,1,1,0
sometimes_wise,1,1,0
sometimes_vague,1,0,1
completely_allowable,1,1,0
somewhat_affordable,1,1,0
somewhat_affectionate,1,1,0
completely_adventurous,1,1,0
somewhat_addicted,1,1,0
somewhat_adaptive,1,1,0
completely_airborne,1,0,1
completely_alert,1,1,0
somewhat_absent,1,1,0
sometimes_wishful,1,1,0
completely_alluring,1,0,1
completely_alright,1,1,0
sometimes_worthwhile,1,1,0
sometimes_worthless,1,1,0
sometimes_worst,1,1,0
completely_ambiguous,1,0,1
sometimes_wooden,1,1,0
sometimes_vain,1,1,0
completely_antisocial,1,1,0
comparatively_worthless,1,0,1
completely_archaic,1,0,1
sometimes_unfortunate,1,1,0
sometimes_unfinished,1,1,0
sometimes_unfair,1,1,0
sometimes_unethical,1,1,0
sometimes_undulating,1,1,0
sometimes_undesirable,1,1,0
sometimes_understated,1,1,0
sometimes_unclear,1,1,0
sometimes_unhappy,1,1,0
sometimes_uncertain,1,1,0
completely_armored,1,1,0
completely_artful,1,0,1
sometimes_unattractive,1,1,0
completely_articulate,1,1,0
sometimes_typical,1,1,0
completely_askew,1,1,0
sometimes_unfounded,1,1,0
completely_approachable,1,1,0
sometimes_urgent,1,1,0
sometimes_unreliable,1,1,0
sometimes_upright,1,1,0
completely_appalling,1,1,0
sometimes_unwieldy,1,1,0
sometimes_unusual,1,1,0
sometimes_untrue,1,1,0
sometimes_unsettling,1,1,0
sometimes_unseen,1,1,0
sometimes_unregulated,1,1,0
sometimes_unlikely,1,0,1
sometimes_unrealistic,1,1,0
sometimes_unpredictable,1,1,0
completely_apparent,1,0,1
sometimes_unofficial,1,1,0
sometimes_unnoticed,1,1,0
completely_appealing,1,0,1
sometimes_unnamed,1,1,0
somewhat_aghast,1,1,0
somewhat_agnostic,1,1,0
somewhat_aimless,1,1,0
compellingly_poignant,1,1,0
somewhat_baggy,1,1,0
compellingly_fragile,1,1,0
compellingly_monstrous,1,1,0
compellingly_new,1,0,1
somewhat_awesome,1,0,1
compellingly_personal,1,0,1
compellingly_poetic,1,1,0
somewhat_authoritative,1,0,1
compellingly_fascinating,1,1,0
somewhat_austere,1,1,0
somewhat_audacious,1,0,1
somewhat_attributable,1,1,0
somewhat_attractive,1,1,0
somewhat_attentive,1,1,0
somewhat_atmospheric,1,1,0
compellingly_smart,1,1,0
somewhat_balanced,1,1,0
compellingly_experimental,1,1,0
completely_addicting,1,0,1
compellingly_bad,1,0,1
somewhat_brief,1,1,0
somewhat_brazen,1,1,0
somewhat_bouncy,1,1,0
compellingly_awful,1,1,0
somewhat_blunt,1,1,0
somewhat_blue,1,1,0
somewhat_blind,1,1,0
compellingly_beautiful,1,1,0
somewhat_benign,1,1,0
compellingly_bizarre,1,0,1
compellingly_crazy,1,1,0
compellingly_eccentric,1,0,1
somewhat_biased,1,1,0
compellingly_emotional,1,0,1
compellingly_entertaining,1,1,0
compellingly_ephemeral,1,0,1
somewhat_asymptomatic,1,1,0
compellingly_strange,1,1,0
compellingly_suspenseful,1,1,0
somewhat_amoral,1,1,0
competitively_low,1,1,0
competitively_neutral,1,1,0
competitively_priced,1,1,0
somewhat_anachronistic,1,1,0
competitively_superior,1,1,0
competitively_unfair,1,1,0
somewhat_amorphous,1,1,0
somewhat_amiable,1,1,0
compellingly_sweet,1,1,0
competitively_unreasonable,1,1,0
completely_3d,1,1,0
completely_absorbing,1,1,0
completely_achievable,1,1,0
somewhat_alluring,1,0,1
completely_adaptable,1,1,0
completely_addicted,1,0,1
competitively_intelligent,1,1,0
somewhat_anomalous,1,1,0
competitively_hilarious,1,0,1
somewhat_anticlimactic,1,1,0
somewhat_artful,1,0,1
compellingly_theatrical,1,0,1
compellingly_urgent,1,1,0
compellingly_watchable,1,0,1
competitively_advantageous,1,1,0
competitively_appealing,1,1,0
competitively_benign,1,1,0
somewhat_appetizing,1,0,1
competitively_best,1,1,0
somewhat_appalled,1,1,0
competitively_drunk,1,1,0
somewhat_apolitical,1,1,0
competitively_handicapped,1,1,0
somewhat_antithetical,1,1,0
somewhat_antisocial,1,1,0
completely_atrocious,1,0,1
sometimes_triumphant,1,1,0
sometimes_treacherous,1,1,0
sometimes_powerful,1,1,0
sometimes_protestant,1,1,0
completely_childish,1,1,0
completely_cinematic,1,0,1
sometimes_prior,1,1,0
completely_circumstantial,1,1,0
sometimes_preliminary,1,1,0
sometimes_powerless,1,1,0
completely_civil,1,1,0
sometimes_psychic,1,1,0
sometimes_positive,1,1,0
sometimes_political,1,1,0
sometimes_polite,1,1,0
sometimes_poetic,1,1,0
sometimes_pleasant,1,1,0
sometimes_playful,1,1,0
sometimes_plastic,1,1,0
completely_chemical,1,0,1
sometimes_psychotic,1,1,0
completely_callous,1,1,0
completely_cathartic,1,0,1
sometimes_reluctant,1,1,0
sometimes_relevant,1,1,0
completely_careful,1,1,0
sometimes_regional,1,1,0
sometimes_redundant,1,1,0
sometimes_ready,1,1,0
sometimes_raw,1,1,0
sometimes_random,1,1,0
sometimes_public,1,1,0
sometimes_radical,1,1,0
completely_cause,1,1,0
completely_changeable,1,1,0
sometimes_quicker,1,1,0
sometimes_quick,1,1,0
sometimes_queer,1,1,0
completely_cheerful,1,0,1
completely_classical,1,1,0
completely_clear-cut,1,1,0
sometimes_philosophical,1,1,0
sometimes_notorious,1,1,0
sometimes_obvious,1,1,0
sometimes_obsessive,1,1,0
sometimes_obscene,1,1,0
sometimes_oblivious,1,1,0
sometimes_oblique,1,1,0
completely_commendable,1,0,1
sometimes_null,1,1,0
completely_common,1,1,0
completely_clever,1,0,1
completely_commonplace,1,0,1
completely_competent,1,1,0
sometimes_noble,1,1,0
completely_complementary,1,0,1
sometimes_nervous,1,1,0
completely_complex,1,0,1
sometimes_needy,1,1,0
sometimes_odd,1,1,0
completely_comic,1,1,0
sometimes_okay,1,1,0
completely_comforting,1,0,1
completely_cliched,1,1,0
sometimes_pathetic,1,1,0
sometimes_partial,1,1,0
sometimes_parallel,1,1,0
completely_closed,1,1,0
completely_clumsy,1,1,0
sometimes_outstanding,1,1,0
sometimes_outspoken,1,1,0
completely_cognizant,1,0,1
sometimes_outraged,1,1,0
completely_cohesive,1,1,0
sometimes_original,1,1,0
sometimes_opportunistic,1,1,0
sometimes_open,1,1,0
sometimes_older,1,1,0
sometimes_reminiscent,1,1,0
sometimes_right-wing,1,1,0
sometimes_tragic,1,1,0
sometimes_stimulating,1,0,1
sometimes_substantive,1,1,0
sometimes_substandard,1,1,0
sometimes_stupid,1,1,0
sometimes_stubborn,1,1,0
sometimes_stronger,1,1,0
sometimes_strange,1,1,0
sometimes_straight,1,1,0
sometimes_stationary,1,1,0
sometimes_successful,1,1,0
sometimes_stark,1,1,0
completely_backward,1,1,0
sometimes_sporadic,1,1,0
sometimes_spontaneous,1,1,0
completely_badass,1,1,0
completely_barbaric,1,1,0
sometimes_sordid,1,1,0
completely_awash,1,1,0
sometimes_sugary,1,1,0
sometimes_romantic,1,1,0
sometimes_terrible,1,1,0
completely_attuned,1,0,1
sometimes_touching,1,1,0
sometimes_total,1,1,0
sometimes_thoughtful,1,1,0
completely_authoritarian,1,1,0
completely_authoritative,1,1,0
sometimes_terrifying,1,1,0
sometimes_temporary,1,1,0
sometimes_suggestive,1,1,0
sometimes_systematic,1,1,0
sometimes_synonymous,1,1,0
sometimes_suspect,1,1,0
sometimes_surprised,1,1,0
sometimes_surgical,1,1,0
sometimes_supportive,1,1,0
sometimes_superior,1,1,0
sometimes_soothing,1,1,0
completely_baroque,1,1,0
sometimes_socialist,1,1,0
completely_blurry,1,1,0
completely_bisexual,1,1,0
completely_blase,1,1,0
completely_bleak,1,1,0
sometimes_sensual,1,1,0
completely_bloated,1,1,0
sometimes_sensible,1,1,0
completely_blunt,1,1,0
sometimes_scottish,1,1,0
sometimes_snowy,1,1,0
sometimes_scary,1,1,0
completely_brave,1,0,1
sometimes_safer,1,1,0
sometimes_safe,1,1,0
completely_breathless,1,1,0
sometimes_ruthless,1,1,0
sometimes_rough,1,1,0
completely_biological,1,1,0
sometimes_sexual,1,1,0
sometimes_shady,1,1,0
sometimes_shaky,1,1,0
sometimes_smooth,1,1,0
completely_basic,1,0,1
sometimes_sluggish,1,1,0
sometimes_slow,1,1,0
sometimes_sloppy,1,1,0
sometimes_skimpy,1,1,0
sometimes_sixth,1,1,0
sometimes_single,1,1,0
sometimes_simpler,1,1,0
completely_bewildered,1,1,0
completely_biblical,1,1,0
sometimes_silent,1,1,0
completely_bigger,1,0,1
completely_bilingual,1,1,0
sometimes_short,1,1,0
somewhat_brighter,1,1,0
somewhat_broad,1,1,0
commercially_devastating,1,1,0
somewhat_equitable,1,1,0
commonly_existent,1,0,1
somewhat_ethical,1,1,0
commonly_external,1,1,0
commonly_extravagant,1,0,1
commonly_famous,1,1,0
somewhat_equivocal,1,1,0
somewhat_equivalent,1,1,0
commonly_good,1,0,1
commonly_exclusive,1,1,0
somewhat_episodic,1,1,0
commonly_greater,1,1,0
commonly_last,1,1,0
somewhat_envious,1,1,0
somewhat_entrepreneurial,1,1,0
commonly_legitimate,1,1,0
commonly_libertarian,1,1,0
somewhat_evident,1,1,0
commonly_exact,1,1,0
commonly_non-existent,1,1,0
commonly_benign,1,1,0
commercially_wrong,1,0,1
somewhat_farcical,1,1,0
commonly_absent,1,1,0
commonly_active,1,1,0
commonly_attainable,1,1,0
commonly_beneficial,1,1,0
somewhat_extremist,1,1,0
somewhat_exploitative,1,1,0
commonly_enough,1,1,0
commonly_blue,1,1,0
commonly_characteristic,1,1,0
commonly_different,1,1,0
commonly_eligible,1,1,0
somewhat_exhausting,1,0,1
somewhat_exhausted,1,1,0
somewhat_exemplary,1,1,0
commonly_muslim,1,1,0
somewhat_encouraging,1,1,0
somewhat_brown,1,1,0
somewhat_doomed,1,1,0
comparably_better,1,1,0
comparably_big,1,0,1
comparably_cartoonish,1,1,0
somewhat_dramatic,1,1,0
comparably_competitive,1,1,0
somewhat_downbeat,1,1,0
comparably_delicious,1,0,1
comparably_difficult,1,1,0
somewhat_dumbfounded,1,1,0
somewhat_dogmatic,1,1,0
comparably_easy,1,1,0
somewhat_dizzy,1,1,0
comparably_effective,1,1,0
somewhat_divergent,1,1,0
comparably_expensive,1,1,0
somewhat_distrustful,1,1,0
somewhat_dull,1,1,0
comparably_beautiful,1,0,1
somewhat_empty,1,1,0
commonly_responsible,1,1,0
somewhat_empowering,1,1,0
somewhat_emotional,1,1,0
commonly_observable,1,1,0
commonly_own,1,1,0
commonly_popular,1,1,0
commonly_rational,1,1,0
somewhat_elegant,1,1,0
somewhat_efficient,1,1,0
comparably_amusing,1,0,1
somewhat_effeminate,1,1,0
commonly_short,1,1,0
somewhat_eerie,1,1,0
commonly_subject,1,1,0
somewhat_economical,1,1,0
somewhat_eco-friendly,1,1,0
commonly_useful,1,0,1
commercially_workable,1,1,0
commercially_vulnerable,1,1,0
commercially_vibrant,1,1,0
commercially_obsolete,1,0,1
somewhat_governmental,1,1,0
commercially_marginal,1,1,0
somewhat_glossy,1,0,1
somewhat_glamorous,1,1,0
somewhat_glad,1,1,0
somewhat_gimmicky,1,1,0
somewhat_genuine,1,1,0
somewhat_generous,1,1,0
somewhat_gradual,1,1,0
commercially_obtainable,1,1,0
somewhat_general,1,1,0
commercially_oriented,1,0,1
commercially_pleasing,1,0,1
somewhat_fussy,1,1,0
somewhat_fundamental,1,1,0
somewhat_functional,1,1,0
somewhat_graceful,1,1,0
somewhat_granular,1,1,0
commercially_unsustainable,1,1,0
somewhat_handicapped,1,1,0
commercially_driven,1,1,0
commercially_eccentric,1,1,0
commercially_extinct,1,1,0
commercially_friendly,1,1,0
commercially_great,1,1,0
somewhat_hapless,1,1,0
commercially_happy,1,0,1
commercially_impossible,1,1,0
commercially_mainstream,1,1,0
somewhat_gullible,1,1,0
commercially_impressive,1,1,0
somewhat_grumpy,1,1,0
somewhat_grotesque,1,0,1
commercially_interchangeable,1,1,0
commercially_judicious,1,1,0
somewhat_greedy,1,1,0
commercially_practicable,1,0,1
commercially_pragmatic,1,1,0
commercially_prepared,1,1,0
somewhat_fit,1,1,0
somewhat_flippant,1,1,0
somewhat_flimsy,1,1,0
commercially_unacceptable,1,1,0
somewhat_flattering,1,0,1
commercially_unfavorable,1,1,0
somewhat_flammable,1,1,0
somewhat_flaky,1,1,0
commercially_unimportant,1,1,0
commercially_prescient,1,1,0
somewhat_fine,1,1,0
somewhat_fewer,1,1,0
somewhat_feverish,1,1,0
somewhat_festive,1,0,1
somewhat_fertile,1,1,0
somewhat_feisty,1,1,0
commercially_unsound,1,1,0
somewhat_flirtatious,1,1,0
somewhat_flush,1,1,0
somewhat_flustered,1,1,0
somewhat_foggy,1,1,0
commercially_prohibitive,1,1,0
commercially_related,1,1,0
commercially_relevant,1,1,0
commercially_rewarding,1,1,0
somewhat_frequent,1,1,0
commercially_risky,1,1,0
commercially_romantic,1,0,1
somewhat_frail,1,1,0
commercially_self-sufficient,1,1,0
somewhat_fortunate,1,1,0
commercially_sensible,1,0,1
commercially_simple,1,1,0
somewhat_forgetful,1,1,0
somewhat_foreign,1,1,0
somewhat_foolhardy,1,1,0
comparably_fantastic,1,1,0
somewhat_distracting,1,1,0
somewhat_distinctive,1,0,1
comparatively_plausible,1,0,1
somewhat_conflicted,1,1,0
comparatively_neutral,1,0,1
comparatively_obscure,1,0,1
comparatively_old,1,1,0
somewhat_complimentary,1,1,0
comparatively_peaceful,1,1,0
comparatively_plain,1,1,0
comparatively_poorer,1,1,0
somewhat_congested,1,1,0
comparatively_powerful,1,1,0
somewhat_compelling,1,1,0
comparatively_precious,1,1,0
somewhat_commonplace,1,0,1
comparatively_prosaic,1,0,1
comparatively_pure,1,1,0
somewhat_comic,1,1,0
somewhat_confrontational,1,1,0
comparatively_mild,1,1,0
somewhat_counterintuitive,1,1,0
comparatively_interesting,1,1,0
somewhat_cost-efficient,1,1,0
comparatively_ineffective,1,1,0
comparatively_inexperienced,1,1,0
comparatively_innocuous,1,0,1
somewhat_cordial,1,1,0
comparatively_intelligent,1,0,1
somewhat_convoluted,1,1,0
somewhat_conventional,1,1,0
comparatively_meaningless,1,0,1
somewhat_contrived,1,1,0
comparatively_lenient,1,1,0
comparatively_lightweight,1,1,0
somewhat_contemptuous,1,1,0
somewhat_constant,1,1,0
comparatively_marginal,1,1,0
somewhat_considerate,1,1,0
comparatively_quick,1,1,0
comparatively_rational,1,1,0
comparatively_reasonable,1,1,0
somewhat_cathartic,1,1,0
somewhat_charming,1,0,1
comparatively_tricky,1,1,0
somewhat_changeable,1,1,0
comparatively_trivial,1,0,1
somewhat_certain,1,1,0
somewhat_cavalier,1,1,0
somewhat_cautious,1,1,0
somewhat_casual,1,1,0
comparatively_sane,1,0,1
comparatively_unchanged,1,1,0
comparatively_undeveloped,1,1,0
comparatively_unimportant,1,1,0
comparatively_unintelligible,1,1,0
comparatively_unrecognizable,1,1,0
somewhat_burdensome,1,1,0
comparatively_urban,1,1,0
comparatively_tiny,1,1,0
somewhat_chewy,1,1,0
somewhat_chilling,1,1,0
comparatively_sustainable,1,0,1
somewhat_cognizant,1,1,0
somewhat_cluttered,1,1,0
somewhat_clunky,1,1,0
somewhat_clueless,1,1,0
comparatively_selfish,1,1,0
somewhat_cliched,1,1,0
comparatively_silent,1,1,0
comparatively_square,1,1,0
comparatively_stable,1,1,0
comparatively_stoic,1,1,0
somewhat_circular,1,1,0
somewhat_circuitous,1,1,0
somewhat_cinematic,1,0,1
somewhat_chubby,1,1,0
somewhat_chinese,1,0,1
somewhat_costlier,1,1,0
somewhat_counterproductive,1,1,0
comparably_high,1,1,0
comparatively_anonymous,1,1,0
comparably_weak,1,1,0
comparatively_abundant,1,1,0
comparatively_amazing,1,1,0
somewhat_didactic,1,1,0
comparatively_ancient,1,1,0
somewhat_diabolical,1,1,0
somewhat_detrimental,1,1,0
somewhat_despondent,1,1,0
somewhat_directional,1,1,0
somewhat_despicable,1,1,0
somewhat_desirable,1,1,0
somewhat_derogatory,1,1,0
somewhat_deranged,1,1,0
comparatively_close,1,1,0
comparatively_coarse,1,1,0
somewhat_dense,1,1,0
somewhat_dim,1,1,0
comparably_warm,1,1,0
comparatively_impressive,1,0,1
comparably_monstrous,1,0,1
comparably_improbable,1,0,1
somewhat_disproportionate,1,1,0
comparably_influential,1,1,0
comparably_insulting,1,0,1
comparably_lacking,1,0,1
comparably_minor,1,0,1
somewhat_disillusioned,1,1,0
somewhat_disheartened,1,1,0
somewhat_disagreeable,1,1,0
comparably_negative,1,1,0
somewhat_disgruntled,1,1,0
comparably_odd,1,0,1
comparably_painful,1,0,1
comparably_satirical,1,0,1
somewhat_disastrous,1,1,0
comparably_smooth,1,1,0
somewhat_demonic,1,1,0
somewhat_demeaning,1,1,0
comparatively_common,1,0,1
somewhat_crucial,1,1,0
somewhat_customizable,1,1,0
somewhat_curly,1,1,0
comparatively_fair,1,1,0
somewhat_culpable,1,1,0
comparatively_hazy,1,1,0
somewhat_cruel,1,0,1
somewhat_crude,1,1,0
comparatively_healthy,1,1,0
somewhat_delicate,1,1,0
comparatively_higher,1,1,0
comparatively_hollow,1,1,0
comparatively_humane,1,1,0
comparatively_idle,1,1,0
somewhat_crass,1,1,0
somewhat_cramped,1,1,0
comparatively_important,1,1,0
comparatively_extreme,1,1,0
comparatively_empty,1,1,0
comparatively_early,1,1,0
somewhat_damp,1,1,0
somewhat_dehydrated,1,1,0
somewhat_definite,1,1,0
somewhat_deficient,1,1,0
comparatively_cool,1,1,0
somewhat_defective,1,1,0
somewhat_decorative,1,1,0
somewhat_deceptive,1,1,0
comparatively_cooler,1,1,0
comparatively_costly,1,1,0
comparatively_cruel,1,1,0
somewhat_deadpan,1,1,0
comparatively_dapper,1,0,1
comparatively_dark,1,1,0
comparatively_deep,1,0,1
comparatively_delicate,1,1,0
cleverly_satirical,1,1,0
cleverly_quirky,1,1,0
still_aggressive,1,1,0
spiritually_masculine,1,1,0
spiritually_needy,1,1,0
spiritually_motivated,1,1,0
spiritually_moral,1,0,1
clearly_implausible,1,1,0
spiritually_meaningful,1,1,0
spiritually_maternal,1,0,1
spiritually_materialistic,1,1,0
spiritually_lethargic,1,1,0
spiritually_nomadic,1,0,1
spiritually_lead,1,1,0
spiritually_lacking,1,0,1
spiritually_involved,1,1,0
spiritually_intrinsic,1,0,1
spiritually_intriguing,1,0,1
spiritually_intimate,1,0,1
spiritually_interesting,1,0,1
spiritually_new,1,0,1
spiritually_offensive,1,1,0
spiritually_intellectual,1,0,1
spiritually_progressive,1,1,0
clearly_hurtful,1,0,1
spiritually_refreshing,1,0,1
spiritually_real,1,0,1
clearly_hypothetical,1,1,0
spiritually_pure,1,1,0
spiritually_proud,1,1,0
spiritually_proper,1,1,0
clearly_ideological,1,1,0
clearly_immediate,1,1,0
clearly_idiotic,1,1,0
clearly_ignorant,1,0,1
spiritually_positive,1,0,1
spiritually_poorer,1,1,0
spiritually_poor,1,1,0
clearly_imaginary,1,1,0
spiritually_passive,1,1,0
spiritually_intelligent,1,1,0
spiritually_inspiring,1,1,0
spiritually_deficient,1,1,0
clearly_ineffective,1,1,0
spiritually_evocative,1,1,0
spiritually_evil,1,1,0
clearly_individual,1,1,0
clearly_industrial,1,1,0
clearly_inebriated,1,1,0
spiritually_edifying,1,1,0
spiritually_eclectic,1,1,0
clearly_inept,1,1,0
clearly_independent,1,0,1
spiritually_diverse,1,1,0
spiritually_distinctive,1,0,1
spiritually_different,1,0,1
clearly_inevitable,1,1,0
spiritually_depressed,1,1,0
spiritually_dependent,1,1,0
spiritually_dense,1,1,0
clearly_indignant,1,1,0
spiritually_fatigued,1,1,0
spiritually_insightful,1,1,0
spiritually_iconic,1,0,1
spiritually_inferior,1,1,0
spiritually_inept,1,1,0
spiritually_impossible,1,1,0
spiritually_immature,1,1,0
spiritually_illiterate,1,1,0
clearly_incidental,1,1,0
clearly_inclined,1,1,0
clearly_incompetent,1,1,0
clearly_indefensible,1,1,0
spiritually_homeless,1,1,0
clearly_incomplete,1,1,0
spiritually_healthy,1,1,0
spiritually_healthier,1,1,0
clearly_inconsistent,1,1,0
spiritually_formative,1,0,1
spiritually_fit,1,1,0
spiritually_relaxed,1,1,0
spiritually_religious,1,1,0
spiritually_rewarding,1,0,1
splendidly_good,1,1,0
splendidly_oversized,1,1,0
splendidly_ornate,1,1,0
splendidly_obvious,1,0,1
splendidly_melodramatic,1,0,1
splendidly_inappropriate,1,1,0
splendidly_immense,1,0,1
splendidly_happy,1,1,0
splendidly_exciting,1,1,0
clearly_helpful,1,1,0
splendidly_evocative,1,1,0
splendidly_bonkers,1,0,1
splendidly_basic,1,0,1
splendidly_armed,1,1,0
spiritually_younger,1,1,0
clearly_heretical,1,1,0
spiritually_worrisome,1,1,0
splendidly_parochial,1,0,1
splendidly_sensible,1,0,1
spiritually_rich,1,1,0
spotlessly_pure,1,1,0
staggeringly_cool,1,1,0
staggeringly_convoluted,1,0,1
staggeringly_clever,1,1,0
staggeringly_brutal,1,1,0
clearly_hard,1,1,0
clearly_healthier,1,1,0
staggeringly_abundant,1,1,0
clearly_heartbroken,1,1,0
splendidly_simple,1,1,0
splendidly_witty,1,1,0
splendidly_weird,1,0,1
splendidly_unprecedented,1,0,1
splendidly_surprising,1,1,0
splendidly_super,1,1,0
splendidly_stimulating,1,0,1
splendidly_sincere,1,1,0
spiritually_wonderful,1,0,1
spiritually_wise,1,1,0
spiritually_whiny,1,1,0
spiritually_sophisticated,1,1,0
spiritually_supportive,1,1,0
clearly_homosexual,1,1,0
spiritually_substantive,1,0,1
spiritually_substantial,1,0,1
spiritually_stimulating,1,1,0
spiritually_spicy,1,1,0
spiritually_sore,1,1,0
spiritually_solid,1,1,0
clearly_heroic,1,1,0
spiritually_sinister,1,0,1
clearly_hopeless,1,1,0
clearly_horny,1,1,0
clearly_horrible,1,1,0
spiritually_savory,1,0,1
clearly_hostile,1,0,1
spiritually_rotten,1,1,0
spiritually_surprising,1,1,0
clearly_historic,1,1,0
spiritually_tangible,1,0,1
spiritually_thirsty,1,1,0
spiritually_valuable,1,1,0
spiritually_valid,1,0,1
spiritually_vacuous,1,1,0
spiritually_vacant,1,1,0
spiritually_useful,1,1,0
spiritually_unwilling,1,1,0
spiritually_unsafe,1,1,0
spiritually_unresolved,1,1,0
spiritually_unpredictable,1,1,0
spiritually_unorthodox,1,1,0
spiritually_unique,1,0,1
spiritually_unexplained,1,1,0
spiritually_undeveloped,1,1,0
clearly_hilarious,1,0,1
clearly_hispanic,1,1,0
spiritually_dehydrated,1,1,0
spiritually_defensible,1,1,0
cleverly_playful,1,1,0
spectacularly_idiosyncratic,1,0,1
spectacularly_incorrect,1,1,0
clearly_mature,1,1,0
clearly_mean-spirited,1,1,0
spectacularly_impractical,1,1,0
spectacularly_imperfect,1,1,0
spectacularly_impactful,1,0,1
spectacularly_ignorant,1,1,0
spectacularly_hurtful,1,1,0
clearly_mass,1,1,0
clearly_meaningful,1,0,1
spectacularly_horrible,1,0,1
spectacularly_helpful,1,1,0
spectacularly_heavy,1,1,0
spectacularly_harmful,1,1,0
spectacularly_gross,1,1,0
spectacularly_green,1,1,0
spectacularly_inept,1,1,0
spectacularly_inspiring,1,1,0
spectacularly_gory,1,1,0
spectacularly_obvious,1,0,1
spectacularly_profitable,1,1,0
spectacularly_positive,1,1,0
spectacularly_poor,1,1,0
spectacularly_pointless,1,0,1
spectacularly_overpriced,1,1,0
spectacularly_original,1,1,0
spectacularly_odious,1,1,0
spectacularly_obnoxious,1,1,0
spectacularly_italian,1,0,1
spectacularly_nutritious,1,0,1
spectacularly_notable,1,1,0
clearly_marvelous,1,0,1
spectacularly_naive,1,1,0
spectacularly_misunderstood,1,1,0
spectacularly_loud,1,0,1
spectacularly_life-changing,1,0,1
spectacularly_great,1,0,1
clearly_measurable,1,1,0
clearly_inhospitable,1,1,0
spectacularly_attractive,1,1,0
spectacularly_bold,1,1,0
spectacularly_bizarre,1,1,0
clearly_mistaken,1,1,0
clearly_misunderstood,1,1,0
clearly_mixed,1,1,0
spectacularly_awesome,1,1,0
spectacularly_average,1,0,1
spectacularly_appalling,1,0,1
spectacularly_cheesy,1,0,1
spectacularly_absurd,1,0,1
specifically_younger,1,0,1
clearly_mortal,1,1,0
specifically_worried,1,1,0
specifically_wise,1,1,0
specifically_wide,1,1,0
specifically_western,1,0,1
spectacularly_bright,1,1,0
spectacularly_cinematic,1,1,0
spectacularly_gloomy,1,1,0
clearly_mental,1,1,0
spectacularly_entertaining,1,1,0
spectacularly_efficient,1,1,0
spectacularly_effective,1,1,0
spectacularly_dull,1,1,0
spectacularly_drunk,1,1,0
spectacularly_dramatic,1,1,0
spectacularly_disappointing,1,1,0
spectacularly_deadly,1,1,0
clearly_misogynistic,1,1,0
spectacularly_dangerous,1,0,1
spectacularly_cruel,1,1,0
spectacularly_criminal,1,0,1
spectacularly_crazy,1,0,1
clearly_misinformed,1,1,0
spectacularly_compelling,1,1,0
clearly_misleading,1,1,0
spectacularly_random,1,0,1
clearly_manifest,1,1,0
clearly_man-made,1,1,0
spiritually_apathetic,1,1,0
clearly_involved,1,0,1
clearly_irritated,1,1,0
clearly_junior,1,1,0
spiritually_autistic,1,1,0
spiritually_attractive,1,1,0
spiritually_astute,1,1,0
spiritually_asleep,1,1,0
spiritually_anemic,1,1,0
spiritually_beautiful,1,0,1
spiritually_alert,1,1,0
spiritually_advantageous,1,1,0
spiritually_adequate,1,1,0
clearly_lazy,1,1,0
spiritually_accurate,1,0,1
spiritually_acceptable,1,1,0
spiritually_abusive,1,1,0
spiritually_barren,1,1,0
spiritually_beneficial,1,1,0
spectacularly_remarkable,1,1,0
spiritually_conscious,1,1,0
clearly_insincere,1,0,1
clearly_instinctive,1,1,0
spiritually_deaf,1,1,0
spiritually_deadly,1,1,0
spiritually_damaging,1,1,0
spiritually_curious,1,1,0
spiritually_controversial,1,1,0
spiritually_complete,1,1,0
spiritually_better,1,0,1
spiritually_compelling,1,1,0
spiritually_comforting,1,1,0
spiritually_cold,1,1,0
spiritually_challenging,1,1,0
spiritually_calm,1,1,0
spiritually_busy,1,1,0
clearly_internal,1,1,0
clearly_leftist,1,1,0
spectacularly_worse,1,1,0
clearly_legitimate,1,1,0
spectacularly_slow,1,1,0
clearly_loyal,1,1,0
clearly_ludicrous,1,1,0
spectacularly_spicy,1,1,0
spectacularly_specific,1,0,1
clearly_mad,1,1,0
spectacularly_solid,1,1,0
spectacularly_smooth,1,1,0
spectacularly_significant,1,0,1
spectacularly_wealthy,1,1,0
spectacularly_sharp,1,0,1
spectacularly_self-destructive,1,0,1
spectacularly_rotten,1,1,0
clearly_malignant,1,1,0
spectacularly_rich,1,1,0
spectacularly_rewarding,1,0,1
spectacularly_revolutionary,1,1,0
spectacularly_tedious,1,0,1
spectacularly_terrible,1,0,1
spectacularly_ugly,1,1,0
clearly_low,1,1,0
spectacularly_volatile,1,1,0
spectacularly_vibrant,1,1,0
spectacularly_valuable,1,0,1
spectacularly_unusual,1,1,0
spectacularly_unsuccessful,1,1,0
spectacularly_unreliable,1,1,0
clearly_less,1,0,1
spectacularly_unpredictable,1,0,1
spectacularly_unpopular,1,1,0
clearly_likeable,1,1,0
clearly_local,1,1,0
spectacularly_uninformed,1,1,0
clearly_lonely,1,1,0
spectacularly_unfunny,1,0,1
clearly_lousy,1,0,1
staggeringly_crass,1,0,1
staggeringly_cruel,1,1,0
staggeringly_delicious,1,1,0
statistically_invisible,1,1,0
statistically_noteworthy,1,1,0
clearly_diabolical,1,0,1
clearly_difficult,1,0,1
statistically_minuscule,1,1,0
statistically_meaningful,1,0,1
statistically_larger,1,1,0
clearly_disoriented,1,1,0
clearly_displeased,1,1,0
statistically_popular,1,1,0
clearly_disproportionate,1,1,0
clearly_disrespectful,1,1,0
statistically_indicative,1,0,1
statistically_independent,1,1,0
statistically_inconclusive,1,1,0
statistically_impressive,1,1,0
statistically_impossible,1,1,0
statistically_outrageous,1,0,1
statistically_possible,1,1,0
clearly_divisible,1,1,0
clearly_desperate,1,1,0
statistically_striking,1,1,0
statistically_sound,1,1,0
statistically_sophisticated,1,1,0
clearly_deserving,1,1,0
statistically_small,1,1,0
statistically_skeptical,1,1,0
clearly_desirable,1,0,1
statistically_safer,1,1,0
statistically_powerful,1,1,0
statistically_robust,1,1,0
statistically_rigorous,1,0,1
statistically_right,1,1,0
clearly_determined,1,1,0
statistically_relevant,1,0,1
statistically_puny,1,1,0
clearly_devastating,1,1,0
statistically_illiterate,1,1,0
statistically_greater,1,1,0
staggeringly_dense,1,1,0
startlingly_universal,1,1,0
clearly_durable,1,1,0
startlingly_wicked,1,1,0
startlingly_white,1,1,0
startlingly_vulnerable,1,1,0
clearly_earnest,1,0,1
startlingly_useful,1,1,0
startlingly_upbeat,1,1,0
clearly_economic,1,1,0
statistically_accurate,1,0,1
clearly_edgy,1,1,0
startlingly_troublesome,1,1,0
startlingly_sweet,1,1,0
clearly_effective,1,1,0
startlingly_specific,1,1,0
startlingly_sophisticated,1,1,0
clearly_elitist,1,1,0
startlingly_young,1,1,0
statistically_agnostic,1,1,0
statistically_flawed,1,1,0
statistically_considerable,1,0,1
statistically_favorable,1,1,0
statistically_equal,1,1,0
statistically_dominant,1,0,1
statistically_distinguishable,1,1,0
statistically_disadvantaged,1,1,0
clearly_divisive,1,1,0
statistically_dangerous,1,1,0
statistically_compatible,1,1,0
statistically_alive,1,1,0
statistically_common,1,1,0
statistically_close,1,0,1
statistically_bogus,1,0,1
clearly_domestic,1,1,0
statistically_better,1,1,0
statistically_appropriate,1,1,0
clearly_dumber,1,1,0
statistically_substantial,1,0,1
statistically_testy,1,1,0
statistically_true,1,1,0
stereotypically_one-sided,1,1,0
clearly_dark,1,1,0
still_abnormal,1,1,0
clearly_deadlier,1,1,0
clearly_deadly,1,0,1
stereotypically_stoic,1,1,0
stereotypically_ridiculous,1,0,1
stereotypically_racist,1,0,1
clearly_deaf,1,1,0
still_absurd,1,0,1
stereotypically_manly,1,0,1
stereotypically_male,1,0,1
stereotypically_lower,1,1,0
clearly_decrepit,1,1,0
stereotypically_japanese,1,1,0
stereotypically_irish,1,1,0
stereotypically_good-looking,1,1,0
still_abstract,1,1,0
clearly_damaging,1,1,0
clearly_descriptive,1,1,0
still_adjustable,1,1,0
clearly_contentious,1,1,0
still_afoot,1,1,0
clearly_contradictory,1,1,0
clearly_controversial,1,1,0
clearly_convincing,1,1,0
clearly_correct,1,1,0
still_admissible,1,1,0
still_adjacent,1,1,0
clearly_culpable,1,1,0
still_adequate,1,1,0
still_adaptive,1,1,0
clearly_costly,1,1,0
clearly_creative,1,1,0
still_achievable,1,1,0
still_accustomed,1,1,0
clearly_credible,1,1,0
stereotypically_girly,1,1,0
stereotypically_gay,1,0,1
stereotypically_foolish,1,1,0
staunchly_anti-american,1,1,0
staunchly_monogamous,1,1,0
staunchly_libertarian,1,1,0
staunchly_individualistic,1,1,0
staunchly_independent,1,1,0
staunchly_committed,1,1,0
staunchly_certain,1,1,0
staunchly_catholic,1,1,0
clearly_dependable,1,0,1
stereotypically_female,1,1,0
clearly_depressed,1,1,0
statistically_useful,1,0,1
statistically_unsound,1,1,0
statistically_unreliable,1,1,0
statistically_unpredictable,1,0,1
clearly_deranged,1,0,1
statistically_unhelpful,1,1,0
staunchly_pro-choice,1,1,0
clearly_dejected,1,0,1
staunchly_protestant,1,1,0
staunchly_radical,1,1,0
stereotypically_dismal,1,1,0
stereotypically_descriptive,1,1,0
stereotypically_comical,1,1,0
stereotypically_chinese,1,0,1
stereotypically_canadian,1,0,1
clearly_defensible,1,1,0
stereotypically_available,1,1,0
stereotypically_american,1,1,0
steadily_worse,1,1,0
steadily_progressive,1,1,0
steadily_poignant,1,0,1
steadily_high,1,0,1
steadily_brilliant,1,1,0
clearly_defensive,1,1,0
clearly_deficient,1,1,0
clearly_eminent,1,1,0
startlingly_sad,1,0,1
startlingly_revelatory,1,1,0
starkly_male,1,1,0
clearly_friendly,1,1,0
starkly_personal,1,1,0
starkly_partisan,1,1,0
starkly_original,1,0,1
starkly_noticeable,1,1,0
clearly_frightened,1,1,0
starkly_melodic,1,0,1
starkly_lonely,1,1,0
starkly_racial,1,1,0
starkly_literal,1,1,0
starkly_ignorant,1,1,0
starkly_honest,1,1,0
starkly_higher,1,1,0
starkly_heartbreaking,1,1,0
starkly_geometric,1,1,0
starkly_clear,1,1,0
clearly_fresh,1,1,0
clearly_french,1,1,0
startlingly_blue,1,1,0
startlingly_adept,1,1,0
clearly_flimsy,1,1,0
startlingly_awful,1,1,0
startlingly_attractive,1,1,0
startlingly_astute,1,1,0
startlingly_apt,1,0,1
startlingly_anarchic,1,1,0
startlingly_aggressive,1,1,0
clearly_foreseeable,1,1,0
clearly_free,1,1,0
startlingly_absurd,1,1,0
starkly_visual,1,0,1
clearly_formal,1,1,0
starkly_violent,1,1,0
starkly_true,1,1,0
starkly_tragic,1,1,0
starkly_threatening,1,1,0
clearly_frustrated,1,1,0
clearly_fun,1,1,0
starkly_awkward,1,1,0
clearly_great,1,1,0
staggeringly_obtuse,1,1,0
staggeringly_normal,1,1,0
staggeringly_new,1,0,1
staggeringly_naive,1,1,0
staggeringly_lazy,1,1,0
staggeringly_ironic,1,1,0
staggeringly_insecure,1,1,0
staggeringly_impressive,1,0,1
clearly_functional,1,1,0
staggeringly_ignorant,1,1,0
staggeringly_grateful,1,1,0
staggeringly_good,1,1,0
clearly_handicapped,1,0,1
staggeringly_entertaining,1,0,1
staggeringly_effective,1,1,0
staggeringly_drunk,1,1,0
staggeringly_original,1,0,1
staggeringly_powerful,1,0,1
staggeringly_progressive,1,1,0
staggeringly_relevant,1,1,0
clearly_funny,1,1,0
clearly_futile,1,1,0
staggeringly_unusual,1,1,0
staggeringly_unqualified,1,1,0
staggeringly_unpopular,1,1,0
staggeringly_unique,1,1,0
staggeringly_tragic,1,1,0
staggeringly_talented,1,0,1
clearly_german,1,1,0
staggeringly_spot-on,1,1,0
staggeringly_slow,1,1,0
staggeringly_simple,1,0,1
staggeringly_short-term,1,1,0
staggeringly_serious,1,1,0
staggeringly_sad,1,1,0
clearly_flawed,1,1,0
startlingly_bold,1,1,0
startlingly_reminiscent,1,1,0
clearly_expendable,1,1,0
clearly_excellent,1,1,0
startlingly_mature,1,1,0
startlingly_male-dominated,1,1,0
startlingly_lyrical,1,1,0
startlingly_low,1,1,0
startlingly_literary,1,1,0
clearly_exempt,1,1,0
clearly_extreme,1,1,0
clearly_european,1,1,0
startlingly_intelligent,1,1,0
startlingly_insulting,1,1,0
startlingly_innovative,1,1,0
startlingly_independent,1,1,0
startlingly_inconsistent,1,1,0
startlingly_inconsequential,1,1,0
startlingly_impulsive,1,1,0
startlingly_naturalistic,1,1,0
clearly_essential,1,1,0
startlingly_bright,1,1,0
startlingly_pink,1,0,1
startlingly_reflective,1,1,0
clearly_endearing,1,1,0
startlingly_racist,1,1,0
startlingly_provocative,1,1,0
startlingly_practical,1,1,0
startlingly_polite,1,1,0
startlingly_pleasant,1,0,1
startlingly_perverse,1,0,1
startlingly_nude,1,1,0
startlingly_pertinent,1,1,0
startlingly_overweight,1,1,0
clearly_enjoyable,1,1,0
startlingly_organic,1,0,1
startlingly_old,1,1,0
startlingly_obvious,1,0,1
startlingly_objective,1,1,0
startlingly_impersonal,1,1,0
startlingly_imaginative,1,1,0
startlingly_humorous,1,1,0
startlingly_consistent,1,1,0
clearly_feasible,1,1,0
startlingly_delightful,1,1,0
clearly_fictitious,1,1,0
startlingly_dead,1,1,0
startlingly_critical,1,1,0
startlingly_costly,1,1,0
startlingly_cool,1,1,0
startlingly_comic,1,1,0
clearly_extremist,1,1,0
startlingly_comforting,1,0,1
startlingly_combative,1,1,0
clearly_fine,1,1,0
clearly_fit,1,1,0
startlingly_cheery,1,1,0
startlingly_candid,1,1,0
clearly_flattering,1,1,0
startlingly_direct,1,1,0
startlingly_disturbing,1,1,0
clearly_fatigued,1,1,0
startlingly_eccentric,1,1,0
startlingly_high,1,1,0
startlingly_healthy,1,0,1
startlingly_green,1,1,0
startlingly_graphic,1,1,0
clearly_fanciful,1,1,0
clearly_fantastical,1,1,0
clearly_fascist,1,1,0
startlingly_forthright,1,1,0
startlingly_fierce,1,1,0
startlingly_fast,1,1,0
clearly_fast,1,1,0
startlingly_explicit,1,1,0
startlingly_expensive,1,1,0
startlingly_evocative,1,1,0
clearly_faster,1,1,0
specifically_weird,1,1,0
specifically_visual,1,0,1
clearly_mythical,1,1,0
soon_old,1,1,0
soon_strong,1,1,0
soon_silent,1,1,0
soon_serene,1,1,0
soon_right,1,1,0
clearly_thankful,1,1,0
soon_present,1,1,0
soon_outdated,1,1,0
clearly_threatening,1,0,1
soon_tired,1,0,1
clearly_thrilled,1,1,0
soon_involved,1,1,0
soon_inseparable,1,1,0
soon_impressed,1,1,0
soon_happy,1,1,0
soon_good,1,1,0
soon_full,1,1,0
soon_sure,1,1,0
soon_unavailable,1,1,0
soon_enthusiastic,1,1,0
sooo_boring,1,1,0
clearly_surprised,1,1,0
clearly_suspicious,1,1,0
sooo_darned,1,1,0
sooo_creative,1,1,0
sooo_close,1,0,1
sooo_childish,1,1,0
clearly_temporary,1,1,0
clearly_tender,1,1,0
soon_underway,1,1,0
sooo_basic,1,1,0
sooo_awkward,1,1,0
sooo_annoying,1,1,0
soon_upcoming,1,1,0
soon_unexpected,1,0,1
soon_unemployed,1,1,0
clearly_terrifying,1,1,0
soon_exploitative,1,1,0
clearly_torture,1,1,0
clearly_seasonal,1,1,0
soo_exciting,1,1,0
soo_impressed,1,1,0
soo_helpful,1,1,0
soo_hard,1,1,0
soo_green,1,1,0
soo_great,1,1,0
clearly_unbalanced,1,1,0
soo_fresh,1,1,0
clearly_uncalled,1,0,1
clearly_unaware,1,1,0
soo_endless,1,1,0
clearly_unconvinced,1,1,0
soo_dry,1,1,0
soo_delicious,1,1,0
soo_deep,1,1,0
clearly_uncooperative,1,1,0
soo_cool,1,1,0
soo_lazy,1,1,0
soo_perfect,1,1,0
soon_deep,1,1,0
soo_terrified,1,1,0
clearly_traditional,1,1,0
soon_busy,1,1,0
clearly_traumatic,1,0,1
clearly_troubled,1,0,1
soon_angry,1,1,0
clearly_typical,1,0,1
soo_weird,1,1,0
soo_tempting,1,1,0
soo_popular,1,1,0
soo_sweet,1,1,0
soo_sweaty,1,1,0
soo_surreal,1,1,0
soo_stressful,1,1,0
clearly_unattainable,1,1,0
soo_simple,1,1,0
soo_rich,1,1,0
clearly_sunni,1,1,0
sooo_dry,1,1,0
clearly_sufficient,1,1,0
clearly_sober,1,1,0
clearly_short,1,1,0
clearly_sick,1,1,0
clearly_similar,1,1,0
clearly_sinful,1,1,0
soooo_different,1,1,0
soooo_decadent,1,0,1
clearly_smart,1,1,0
soooo_comfortable,1,0,1
clearly_sexist,1,1,0
clearly_solvable,1,1,0
soooo_clear,1,1,0
soooo_busy,1,1,0
soooo_boring,1,0,1
soooo_bizarre,1,0,1
soooo_beautiful,1,1,0
clearly_sophisticated,1,1,0
soooo_fake,1,1,0
soooo_glad,1,1,0
sooo_exaggerated,1,1,0
soooo_ignorant,1,1,0
soooo_lazy,1,1,0
soooo_late,1,1,0
soooo_lame,1,1,0
soooo_jealous,1,1,0
soooo_insane,1,1,0
soooo_impressed,1,1,0
soooo_important,1,1,0
clearly_secular,1,1,0
soooo_glamorous,1,0,1
soooo_horny,1,1,0
soooo_hard,1,1,0
soooo_great,1,1,0
soooo_gratifying,1,1,0
soooo_grateful,1,1,0
clearly_serious,1,1,0
soooo_gloomy,1,1,0
soooo_ambiguous,1,1,0
soooo_amazing,1,1,0
soooo_affordable,1,1,0
sooo_important,1,1,0
sooo_old,1,1,0
clearly_straight,1,1,0
sooo_mexican,1,0,1
sooo_light,1,1,0
sooo_lazy,1,1,0
sooo_jealous,1,1,0
sooo_interesting,1,1,0
clearly_structured,1,1,0
soooo_adorable,1,1,0
sooo_handsome,1,1,0
sooo_grumpy,1,1,0
clearly_subordinate,1,1,0
sooo_funny,1,1,0
sooo_fun,1,1,0
sooo_fab,1,1,0
sooo_expensive,1,1,0
sooo_perfect,1,1,0
sooo_random,1,1,0
sooo_respectful,1,1,0
sooo_savory,1,1,0
clearly_specious,1,1,0
sooo_young,1,1,0
clearly_spurious,1,1,0
sooo_wonderful,1,1,0
sooo_wide,1,1,0
clearly_standard,1,1,0
sooo_stuffy,1,1,0
sooo_stressful,1,1,0
sooo_soft,1,1,0
sooo_smart,1,1,0
clearly_sterile,1,1,0
sooo_sleepy,1,1,0
sooo_shocked,1,1,0
sooo_sexy,1,1,0
sooo_scared,1,1,0
soo_concerned,1,1,0
soo_comfortable,1,1,0
soo_cheesy,1,1,0
somewhat_worthy,1,1,0
somewhere_capable,1,0,1
clearly_violent,1,0,1
somewhere_accessible,1,1,0
constantly_irritable,1,1,0
somewhat_young,1,1,0
clearly_weird,1,0,1
clearly_welcome,1,1,0
somewhat_worthwhile,1,1,0
somewhere_cheap,1,1,0
clearly_western,1,1,0
somewhat_worrisome,1,1,0
clearly_wise,1,1,0
somewhat_wobbly,1,1,0
somewhat_wistful,1,1,0
somewhat_winnable,1,1,0
clearly_wobbly,1,1,0
somewhere_central,1,1,0
clearly_victorian,1,1,0
somewhere_higher,1,0,1
somewhere_else,1,1,0
somewhere_gay,1,1,0
clearly_unsupported,1,1,0
somewhere_fantastic,1,1,0
somewhere_famous,1,1,0
somewhere_familiar,1,1,0
somewhere_fabulous,1,1,0
somewhere_exciting,1,1,0
somewhere_easy,1,1,0
clearly_utilitarian,1,1,0
somewhere_dry,1,1,0
somewhere_distant,1,1,0
clearly_untenable,1,1,0
clearly_unusual,1,1,0
somewhere_dear,1,1,0
somewhere_cooler,1,1,0
clearly_upsetting,1,1,0
somewhat_wild,1,1,0
clearly_worrisome,1,1,0
somewhat_whole,1,1,0
cleverly_indistinguishable,1,1,0
somewhat_utilitarian,1,1,0
somewhat_usual,1,1,0
cleverly_funny,1,1,0
cleverly_humorous,1,1,0
somewhat_usable,1,0,1
somewhat_urgent,1,1,0
somewhat_upsetting,1,1,0
somewhat_upscale,1,1,0
somewhat_whimsical,1,1,0
somewhat_unworkable,1,1,0
somewhat_unwilling,1,1,0
somewhat_unwarranted,1,1,0
cleverly_interwoven,1,1,0
somewhat_untrue,1,1,0
cleverly_inventive,1,1,0
cleverly_negative,1,0,1
cleverly_double,1,1,0
somewhat_vain,1,1,0
somewhat_valuable,1,1,0
cleverly_deceptive,1,1,0
somewhat_weird,1,1,0
somewhat_weary,1,1,0
clearly_worthy,1,1,0
clearly_young,1,1,0
somewhat_watchable,1,1,0
cleverly_amusing,1,1,0
cleverly_awkward,1,1,0
somewhat_wacky,1,0,1
cleverly_bizarre,1,1,0
cleverly_confident,1,1,0
cleverly_creative,1,1,0
somewhat_vindictive,1,1,0
somewhat_victorious,1,1,0
somewhat_vertical,1,1,0
cleverly_daunting,1,0,1
somewhere_good,1,1,0
clearly_unstable,1,1,0
clearly_underrepresented,1,0,1
sonically_dense,1,1,0
clearly_uneven,1,1,0
clearly_unfamiliar,1,1,0
sonically_impressive,1,1,0
sonically_hefty,1,1,0
sonically_epic,1,0,1
clearly_unforgivable,1,1,0
clearly_unfounded,1,1,0
sonically_correct,1,1,0
sonically_lush,1,1,0
sonically_cool,1,1,0
sonically_colorful,1,1,0
clearly_unhealthy,1,1,0
sonically_beautiful,1,0,1
sonically_asymmetrical,1,0,1
sonically_askew,1,0,1
sonically_appealing,1,0,1
sonically_joyful,1,0,1
sonically_modest,1,1,0
clearly_unsafe,1,1,0
sonically_tangible,1,0,1
soo_big,1,0,1
soo_beautiful,1,0,1
soo_bad,1,1,0
soo_awesome,1,1,0
soo_amazing,1,0,1
sonically_varied,1,0,1
sonically_unrecognizable,1,1,0
sonically_stunning,1,1,0
clearly_unenforceable,1,1,0
sonically_sophisticated,1,1,0
sonically_similar,1,0,1
sonically_rich,1,1,0
sonically_progressive,1,1,0
sonically_preferable,1,1,0
sonically_palatable,1,0,1
sonically_overwhelming,1,0,1
sonically_akin,1,0,1
clearly_uniform,1,1,0
sonically_acceptable,1,1,0
somewhere_mysterious,1,1,0
somewhere_outdoors,1,1,0
clearly_unpredictable,1,1,0
somewhere_ordinary,1,1,0
somewhere_nicer,1,1,0
somewhere_new,1,1,0
clearly_unreachable,1,0,1
clearly_unreal,1,1,0
somewhere_milder,1,1,0
clearly_unimpressed,1,1,0
somewhere_local,1,1,0
somewhere_likely,1,1,0
somewhere_lesser,1,1,0
somewhere_less,1,1,0
clearly_unreliable,1,1,0
somewhere_informal,1,0,1
somewhere_inaccessible,1,1,0
somewhere_posh,1,1,0
somewhere_productive,1,1,0
somewhere_public,1,1,0
clearly_unnatural,1,1,0
somewhere_welcome,1,1,0
somewhere_warm,1,1,0
somewhere_unusual,1,1,0
somewhere_unknown,1,1,0
somewhere_uncomfortable,1,0,1
somewhere_tropical,1,1,0
somewhere_trendy,1,1,0
clearly_uninhibited,1,1,0
somewhere_small,1,1,0
somewhere_similar,1,1,0
somewhere_short,1,1,0
clearly_uninterested,1,1,0
clearly_unlawful,1,1,0
somewhere_rural,1,1,0
somewhere_relaxing,1,1,0
soooo_natural,1,1,0
soooo_old,1,1,0
clearly_naive,1,1,0
specifically_attractive,1,1,0
clearly_permissible,1,1,0
specifically_busy,1,1,0
specifically_british,1,1,0
clearly_phony,1,1,0
clearly_photogenic,1,1,0
specifically_autobiographical,1,1,0
specifically_attributable,1,1,0
specifically_applicable,1,1,0
clearly_perceptible,1,1,0
specifically_appealing,1,0,1
clearly_plastic,1,1,0
clearly_plausible,1,1,0
specifically_aggravating,1,1,0
specifically_afraid,1,1,0
clearly_pointless,1,0,1
specifically_advanced,1,1,0
specifically_challenging,1,1,0
clearly_patriotic,1,1,0
specially_wretched,1,1,0
specifically_cruel,1,1,0
specifically_disappointing,1,1,0
clearly_overjoyed,1,1,0
specifically_derivative,1,1,0
specifically_dependent,1,1,0
specifically_dental,1,1,0
specifically_customizable,1,1,0
specifically_custom,1,0,1
specifically_creepy,1,1,0
clearly_painful,1,0,1
specifically_crappy,1,1,0
specifically_conversational,1,0,1
specifically_contradictory,1,0,1
specifically_constitutional,1,1,0
clearly_overwrought,1,1,0
specifically_clear,1,1,0
specifically_classical,1,1,0
specifically_academic,1,1,0
specially_willing,1,1,0
soooo_perfect,1,1,0
specially_dry,1,1,0
specially_interesting,1,0,1
clearly_pornographic,1,1,0
clearly_posh,1,1,0
specially_higher,1,0,1
specially_high,1,1,0
specially_good,1,0,1
specially_essential,1,1,0
specially_curious,1,1,0
specially_loud,1,1,0
specially_concerned,1,1,0
specially_cautious,1,1,0
specially_capable,1,1,0
specially_aware,1,1,0
specially_admirable,1,0,1
spatially_unstructured,1,1,0
spatially_uniform,1,1,0
specially_liable,1,1,0
specially_miserable,1,1,0
specially_vital,1,1,0
specially_simple,1,1,0
specially_valuable,1,1,0
specially_true,1,1,0
specially_trained,1,1,0
specially_talented,1,1,0
specially_symbolic,1,0,1
specially_susceptible,1,1,0
clearly_poor,1,1,0
specially_sexy,1,0,1
specially_new,1,0,1
specially_selfish,1,0,1
specially_sad,1,1,0
specially_repulsive,1,0,1
specially_related,1,1,0
specially_privileged,1,1,0
specially_practical,1,1,0
specially_perilous,1,1,0
specifically_disinterested,1,1,0
specifically_distinct,1,1,0
specifically_empty,1,1,0
specifically_queer,1,0,1
specifically_satisfying,1,0,1
specifically_russian,1,0,1
specifically_reminiscent,1,1,0
clearly_non-partisan,1,1,0
clearly_nonexistent,1,1,0
clearly_nonpartisan,1,1,0
specifically_red,1,1,0
specifically_qualified,1,1,0
specifically_serious,1,1,0
specifically_protective,1,0,1
specifically_problematic,1,1,0
specifically_present,1,1,0
specifically_positive,1,1,0
specifically_popular,1,0,1
specifically_political,1,1,0
specifically_physical,1,0,1
specifically_sensitive,1,1,0
specifically_sexual,1,1,0
clearly_overdone,1,1,0
specifically_true,1,1,0
specifically_urban,1,0,1
specifically_upset,1,1,0
specifically_universal,1,1,0
clearly_naked,1,1,0
specifically_unhappy,1,1,0
specifically_undesirable,1,0,1
specifically_underpaid,1,1,0
specifically_technical,1,1,0
specifically_significant,1,0,1
specifically_tangential,1,1,0
specifically_suitable,1,1,0
specifically_stupid,1,0,1
specifically_sticky,1,1,0
clearly_narcissistic,1,1,0
specifically_southern,1,0,1
specifically_socialist,1,1,0
specifically_personal,1,0,1
clearly_nonsense,1,1,0
specifically_obligated,1,1,0
specifically_fundamental,1,1,0
specifically_healthy,1,1,0
specifically_harmful,1,1,0
specifically_handy,1,1,0
specifically_greek,1,0,1
specifically_good,1,1,0
clearly_orchestrated,1,1,0
specifically_general,1,1,0
clearly_original,1,1,0
specifically_new,1,0,1
clearly_outlandish,1,1,0
specifically_fat,1,1,0
specifically_fascinating,1,1,0
specifically_false,1,1,0
clearly_outraged,1,1,0
specifically_evil,1,1,0
specifically_evangelical,1,1,0
specifically_heartbreaking,1,1,0
clearly_optimal,1,1,0
specifically_hot,1,0,1
specifically_iconic,1,0,1
specifically_negative,1,1,0
specifically_national,1,0,1
specifically_mobile,1,1,0
specifically_lower,1,1,0
clearly_nonsensical,1,1,0
specifically_lacking,1,0,1
clearly_obsolete,1,1,0
specifically_islamic,1,0,1
clearly_odd,1,0,1
specifically_interesting,1,0,1
clearly_off,1,1,0
specifically_indian,1,1,0
clearly_opposite,1,1,0
specifically_illegal,1,0,1
specifically_identifiable,1,0,1
spatially_unaware,1,1,0
spatially_sensitive,1,1,0
spatially_intriguing,1,1,0
clearly_representative,1,1,0
soooooo_brilliant,1,1,0
clearly_reminiscent,1,1,0
soooooo_bad,1,1,0
soooooo_amazing,1,1,0
sooooo_worth,1,1,0
sooooo_worried,1,1,0
sooooo_unhappy,1,1,0
sooooo_thrilling,1,1,0
soooooo_delicious,1,1,0
clearly_resonant,1,1,0
sooooo_surprised,1,1,0
sooooo_soft,1,1,0
sooooo_sick,1,1,0
clearly_responsive,1,0,1
sooooo_old,1,1,0
sooooo_noteworthy,1,1,0
soooooo_confusing,1,1,0
soooooo_friendly,1,1,0
clearly_questionable,1,1,0
soooooo_young,1,0,1
clearly_readable,1,1,0
clearly_real,1,1,0
sorely_insufficient,1,1,0
clearly_recyclable,1,1,0
sorely_corrupt,1,1,0
clearly_relaxed,1,1,0
clearly_religious,1,0,1
soooooo_tight,1,1,0
soooooo_good,1,1,0
soooooo_subjective,1,1,0
soooooo_stupid,1,1,0
soooooo_normal,1,1,0
soooooo_jealous,1,1,0
soooooo_hot,1,1,0
soooooo_helpful,1,1,0
soooooo_handy,1,1,0
sooooo_nice,1,1,0
sooooo_mad,1,1,0
sooooo_long,1,1,0
clearly_scared,1,0,1
soooo_tempted,1,1,0
soooo_sweet,1,1,0
soooo_stoked,1,1,0
clearly_satisfied,1,1,0
soooo_small,1,1,0
soooo_simple,1,1,0
soooo_sexy,1,1,0
soooo_sensitive,1,1,0
sooooo_kind,1,1,0
soooo_scared,1,1,0
clearly_schizophrenic,1,1,0
clearly_scientific,1,1,0
soooo_ready,1,1,0
soooo_positive,1,1,0
soooo_pleased,1,1,0
soooo_pleasant,1,1,0
soooo_tempting,1,1,0
soooo_true,1,1,0
clearly_sarcastic,1,1,0
sooooo_anxious,1,1,0
sooooo_interesting,1,1,0
sooooo_inspiring,1,1,0
clearly_restless,1,1,0
sooooo_great,1,1,0
sooooo_gorgeous,1,1,0
clearly_right-wing,1,1,0
clearly_ripe,1,1,0
sooooo_fake,1,1,0
clearly_rubbish,1,1,0
sooooo_easy,1,1,0
clearly_safe,1,1,0
sooooo_casual,1,1,0
sooooo_busy,1,1,0
sooooo_boring,1,1,0
sooooo_bad,1,1,0
clearly_racial,1,0,1
clearly_quality,1,1,0
spatially_feasible,1,1,0
sorta_sci-fi,1,0,1
sorta_uncommon,1,0,1
sorta_true,1,1,0
sorta_terrible,1,1,0
sorta_tacky,1,1,0
sorta_stuck,1,1,0
sorta_strange,1,1,0
sorta_sloppy,1,1,0
sorta_sad,1,1,0
sorta_vague,1,1,0
sorta_rustic,1,0,1
clearly_professional,1,1,0
sorta_related,1,0,1
sorta_raunchy,1,1,0
sorta_proud,1,1,0
sorta_professional,1,1,0
sorta_prime,1,1,0
sorta_unexpected,1,0,1
sorta_violent,1,1,0
sorely_oppressive,1,1,0
sparsely_present,1,1,0
spatially_distant,1,1,0
spatially_disoriented,1,1,0
spatially_continuous,1,1,0
clearly_powerful,1,0,1
spatially_awake,1,1,0
spatially_ambiguous,1,1,0
clearly_practical,1,1,0
clearly_prejudicial,1,1,0
clearly_privileged,1,1,0
sparsely_noticeable,1,1,0
sparsely_elegant,1,1,0
sparsely_electronic,1,1,0
sparsely_crowded,1,1,0
clearly_prevalent,1,0,1
sparsely_available,1,1,0
sparsely_audible,1,1,0
sorta_ok,1,1,0
sorta_obvious,1,1,0
clearly_proficient,1,1,0
sorta_bleak,1,1,0
sorta_conversant,1,1,0
sorta_confused,1,1,0
sorta_clean,1,1,0
sorta_cheesy,1,1,0
sorta_cheap,1,1,0
clearly_promising,1,1,0
sorta_blue,1,1,0
clearly_prophetic,1,1,0
sorta_missing,1,0,1
sorta_amazing,1,1,0
sorta_accurate,1,1,0
clearly_protectionist,1,1,0
sorely_upset,1,1,0
sorely_underused,1,1,0
sorely_underrated,1,1,0
clearly_psychotic,1,1,0
sorta_creepy,1,1,0
sorta_cute,1,0,1
sorta_dark,1,0,1
clearly_prominent,1,0,1
sorta_lacking,1,1,0
sorta_inappropriate,1,1,0
sorta_hazy,1,1,0
sorta_gross,1,1,0
sorta_great,1,1,0
sorta_glad,1,1,0
sorta_futile,1,1,0
sorta_funny,1,1,0
sorta_fun,1,0,1
sorta_fond,1,1,0
sorta_false,1,0,1
sorta_edgy,1,0,1
sorta_disturbing,1,1,0
sorta_disappointed,1,1,0
sorta_depressing,1,1,0
clearly_wary,1,1,0
decidedly_idyllic,1,0,1
constantly_irritating,1,1,0
seemingly_compact,1,1,0
distinctively_visible,1,1,0
seemingly_conflicting,1,1,0
seemingly_concrete,1,0,1
distinctly_abnormal,1,0,1
seemingly_compliant,1,0,1
distinctly_abstract,1,0,1
seemingly_complete,1,1,0
seemingly_commonplace,1,1,0
seemingly_content,1,1,0
distinctly_acoustic,1,1,0
seemingly_comfortable,1,1,0
seemingly_colossal,1,1,0
seemingly_coherent,1,1,0
distinctly_administrative,1,1,0
seemingly_closest,1,1,0
seemingly_clever,1,0,1
seemingly_constant,1,1,0
distinctively_unsettling,1,0,1
seemingly_circumstantial,1,1,0
distinctively_similar,1,0,1
distinctively_representative,1,1,0
seemingly_dependent,1,0,1
seemingly_democratic,1,1,0
seemingly_delirious,1,1,0
distinctively_savory,1,1,0
distinctively_scottish,1,0,1
seemingly_dark,1,0,1
seemingly_cute,1,0,1
distinctively_true,1,0,1
distinctively_simple,1,0,1
distinctively_sinful,1,1,0
seemingly_credible,1,1,0
distinctively_sociable,1,1,0
seemingly_counterintuitive,1,0,1
seemingly_convinced,1,1,0
seemingly_controversial,1,1,0
seemingly_clear,1,0,1
seemingly_christian,1,1,0
second_worse,1,1,0
distinctly_attractive,1,0,1
seemingly_bland,1,0,1
seemingly_black,1,1,0
distinctly_astounding,1,0,1
seemingly_bigoted,1,1,0
seemingly_bigger,1,0,1
seemingly_biblical,1,1,0
distinctly_asymmetrical,1,1,0
seemingly_belligerent,1,1,0
seemingly_blasphemous,1,1,0
seemingly_beautiful,1,0,1
distinctly_authentic,1,0,1
distinctly_authoritarian,1,1,0
seemingly_baffling,1,1,0
seemingly_aware,1,1,0
seemingly_authoritative,1,0,1
seemingly_authentic,1,0,1
seemingly_blank,1,1,0
distinctly_asian,1,0,1
distinctly_amateurish,1,1,0
distinctly_antithetical,1,0,1
seemingly_certain,1,1,0
seemingly_central,1,1,0
seemingly_casual,1,1,0
seemingly_caring,1,1,0
distinctly_ambitious,1,0,1
seemingly_carefree,1,1,0
seemingly_capricious,1,1,0
seemingly_candid,1,1,0
distinctly_artificial,1,0,1
seemingly_calm,1,1,0
seemingly_callous,1,0,1
distinctly_apolitical,1,0,1
seemingly_bulletproof,1,0,1
seemingly_bulky,1,0,1
seemingly_brown,1,1,0
seemingly_british,1,1,0
distinctively_religious,1,0,1
seemingly_desirable,1,0,1
seemingly_desolate,1,1,0
seemingly_few,1,1,0
seemingly_foolproof,1,0,1
seemingly_foolish,1,1,0
seemingly_flush,1,1,0
seemingly_flippant,1,1,0
seemingly_fleeting,1,0,1
seemingly_flashy,1,0,1
distinctively_chinese,1,1,0
seemingly_female,1,1,0
seemingly_fragile,1,0,1
seemingly_favorable,1,0,1
seemingly_fatal,1,1,0
seemingly_fascinating,1,1,0
seemingly_farfetched,1,0,1
seemingly_farcical,1,1,0
seemingly_far-fetched,1,1,0
seemingly_fantastical,1,0,1
seemingly_foreign,1,1,0
seemingly_fraudulent,1,0,1
distinctively_recognisable,1,1,0
distantly_remote,1,1,0
seemingly_guilty,1,1,0
distantly_dangerous,1,1,0
seemingly_greatest,1,0,1
distantly_disappointing,1,1,0
seemingly_gratuitous,1,1,0
seemingly_goofy,1,0,1
distantly_polite,1,1,0
distantly_secondary,1,1,0
seemingly_fraught,1,1,0
seemingly_futuristic,1,1,0
distantly_similar,1,0,1
distantly_worried,1,1,0
seemingly_fruitless,1,1,0
distinctively_catholic,1,0,1
distinctively_characteristic,1,1,0
seemingly_free,1,1,0
seemingly_fantastic,1,1,0
distinctively_cool,1,0,1
distinctively_creepy,1,0,1
seemingly_disgusting,1,1,0
distinctively_mexican,1,1,0
distinctively_minimalist,1,1,0
seemingly_double,1,1,0
seemingly_dormant,1,1,0
seemingly_doable,1,1,0
seemingly_distant,1,0,1
seemingly_dishonest,1,1,0
seemingly_discriminatory,1,1,0
distinctively_crisp,1,1,0
seemingly_disappointed,1,0,1
distinctively_present,1,0,1
distinctively_protective,1,1,0
distinctively_quirky,1,1,0
distinctively_radical,1,0,1
seemingly_detrimental,1,1,0
seemingly_despondent,1,1,0
seemingly_dumb,1,0,1
distinctively_innovative,1,0,1
seemingly_earnest,1,1,0
seemingly_eccentric,1,1,0
distinctively_darker,1,0,1
seemingly_extraordinary,1,0,1
seemingly_external,1,0,1
seemingly_expensive,1,1,0
distinctively_drunken,1,0,1
distinctively_evangelical,1,1,0
distinctively_familiar,1,0,1
seemingly_epic,1,1,0
seemingly_ephemeral,1,0,1
seemingly_enthusiastic,1,1,0
seemingly_enormous,1,0,1
seemingly_energized,1,0,1
distinctively_french,1,0,1
seemingly_emblematic,1,0,1
seemingly_effective,1,1,0
seemingly_attainable,1,0,1
distinctly_bizarre,1,0,1
seemingly_arrogant,1,1,0
secretly_homosexual,1,1,0
secretly_insecure,1,1,0
secretly_impressed,1,1,0
secretly_ill,1,1,0
secretly_hungry,1,1,0
secretly_humble,1,1,0
secretly_hostile,1,1,0
secretly_hopeful,1,1,0
secretly_hollow,1,1,0
secretly_introverted,1,1,0
secretly_heartbroken,1,0,1
distinctly_frightening,1,0,1
secretly_guilty,1,1,0
secretly_gratified,1,1,0
secretly_grateful,1,1,0
secretly_gothic,1,1,0
distinctly_fruity,1,1,0
distinctly_foreign,1,0,1
secretly_involved,1,1,0
secretly_ready,1,1,0
distinctly_fabulous,1,0,1
distinctly_elementary,1,0,1
secretly_pregnant,1,1,0
distinctly_emblematic,1,0,1
distinctly_english,1,0,1
secretly_passionate,1,1,0
distinctly_extra,1,0,1
secretly_nutritious,1,1,0
secretly_malicious,1,1,0
distinctly_fishy,1,1,0
distinctly_feeble,1,0,1
secretly_loveable,1,1,0
secretly_lovable,1,1,0
secretly_loud,1,1,0
secretly_kind,1,0,1
secretly_joyous,1,1,0
secretly_jewish,1,0,1
distinctly_fun,1,0,1
secretly_full,1,1,0
distinctly_fundamentalist,1,1,0
secretly_bad,1,1,0
distinctly_happier,1,1,0
secretly_confused,1,1,0
secretly_confident,1,1,0
secretly_catholic,1,1,0
secretly_canadian,1,0,1
secretly_brilliant,1,1,0
distinctly_harder,1,1,0
distinctly_haunting,1,0,1
secretly_fond,1,1,0
secretly_ashamed,1,1,0
secretly_anti-semitic,1,1,0
secretly_alluring,1,1,0
secretly_alive,1,1,0
secretly_aghast,1,1,0
distinctly_homegrown,1,1,0
secretly_adorable,1,0,1
secretly_crazy,1,1,0
secretly_curious,1,1,0
secretly_deaf,1,1,0
distinctly_green,1,1,0
secretly_flattered,1,1,0
secretly_fearful,1,1,0
secretly_famous,1,1,0
secretly_fair,1,1,0
secretly_exciting,1,1,0
distinctly_futuristic,1,0,1
distinctly_gay,1,0,1
distinctly_german,1,0,1
secretly_egotistical,1,1,0
distinctly_glad,1,1,0
secretly_divine,1,1,0
secretly_dissatisfied,1,1,0
distinctly_gothic,1,0,1
distinctly_grander,1,0,1
distinctly_gray,1,1,0
secretly_racist,1,1,0
distinctly_elaborate,1,0,1
seemingly_armed,1,0,1
distinctly_conservative,1,1,0
seemingly_accidental,1,1,0
seemingly_academic,1,1,0
seemingly_abundant,1,0,1
distinctly_cheap,1,0,1
distinctly_chinese,1,0,1
distinctly_chubby,1,1,0
distinctly_compelling,1,1,0
distinctly_cool,1,1,0
seemingly_afraid,1,1,0
seductively_sweet,1,0,1
seductively_subjective,1,1,0
distinctly_cooler,1,0,1
seductively_soothing,1,0,1
seductively_sleazy,1,0,1
seductively_sinister,1,0,1
distinctly_cozy,1,0,1
seemingly_accurate,1,1,0
distinctly_charming,1,1,0
secretly_relieved,1,1,0
seemingly_anomalous,1,1,0
seemingly_arid,1,1,0
distinctly_bleaker,1,0,1
distinctly_bored,1,1,0
seemingly_apparent,1,1,0
seemingly_apocalyptic,1,1,0
distinctly_cartoonish,1,0,1
seemingly_anonymous,1,1,0
seemingly_angry,1,1,0
distinctly_characteristic,1,1,0
seemingly_ambivalent,1,1,0
distinctly_cartoony,1,1,0
seemingly_altruistic,1,1,0
distinctly_casual,1,1,0
distinctly_catholic,1,0,1
distinctly_caucasian,1,1,0
distinctly_ceremonial,1,0,1
seductively_rhythmic,1,1,0
seductively_peculiar,1,0,1
seductively_peaceful,1,1,0
secretly_smart,1,0,1
distinctly_dodgy,1,1,0
secretly_terrible,1,1,0
secretly_suspicious,1,1,0
secretly_supportive,1,1,0
secretly_spiritual,1,1,0
secretly_special,1,0,1
secretly_sneaky,1,1,0
secretly_sick,1,1,0
seductively_lush,1,1,0
secretly_sentimental,1,1,0
secretly_selfish,1,1,0
distinctly_dystopian,1,1,0
secretly_rich,1,1,0
secretly_rewarding,1,0,1
distinctly_easier,1,1,0
secretly_religious,1,1,0
distinctly_dishonest,1,0,1
distinctly_digital,1,1,0
secretly_tortured,1,1,0
secretly_underrated,1,1,0
seductively_innocent,1,1,0
seductively_good,1,1,0
seductively_floral,1,1,0
seductively_exotic,1,1,0
seductively_destructive,1,0,1
seductively_delicious,1,0,1
seductively_clad,1,1,0
seductively_bizarre,1,0,1
seductively_beautiful,1,1,0
seductively_attractive,1,1,0
seductively_atmospheric,1,1,0
secretly_wrong,1,0,1
distinctly_damaging,1,1,0
distinctly_danceable,1,1,0
distinctly_desperate,1,0,1
distantly_close,1,1,0
distantly_aware,1,1,0
seemingly_hard,1,0,1
seemingly_raunchy,1,1,0
seemingly_relevant,1,1,0
disastrously_expensive,1,1,0
disastrously_funny,1,0,1
disastrously_inadequate,1,0,1
seemingly_redundant,1,1,0
seemingly_real,1,1,0
disastrously_messy,1,1,0
seemingly_rational,1,1,0
seemingly_resistant,1,0,1
disastrously_small,1,1,0
disastrously_terrible,1,1,0
disastrously_true,1,1,0
disastrously_uneventful,1,1,0
seemingly_quaint,1,0,1
seemingly_purposeful,1,1,0
seemingly_public,1,1,0
disastrously_erroneous,1,1,0
seemingly_restless,1,1,0
disarmingly_tender,1,1,0
disarmingly_witty,1,1,0
disarmingly_upbeat,1,1,0
seemingly_self-sufficient,1,1,0
seemingly_selective,1,1,0
seemingly_secular,1,1,0
seemingly_sci-fi,1,0,1
seemingly_scary,1,1,0
disarmingly_vague,1,1,0
seemingly_satisfied,1,1,0
seemingly_rhythmic,1,1,0
disastrously_bad,1,0,1
disastrously_burdensome,1,1,0
seemingly_rude,1,1,0
seemingly_routine,1,0,1
disastrously_costly,1,1,0
disastrously_counterproductive,1,1,0
disastrously_easy,1,0,1
seemingly_psychotic,1,1,0
seemingly_proud,1,1,0
seemingly_prosaic,1,0,1
seemingly_peripheral,1,0,1
seemingly_plentiful,1,0,1
seemingly_pleased,1,1,0
disgustingly_corrupt,1,1,0
seemingly_perverse,1,0,1
seemingly_personal,1,1,0
seemingly_perplexed,1,1,0
seemingly_permanent,1,0,1
disgustingly_dirty,1,1,0
seemingly_prophetic,1,0,1
disgustingly_drunk,1,1,0
disgustingly_easy,1,1,0
disgustingly_erotic,1,1,0
seemingly_particular,1,1,0
seemingly_paradoxical,1,1,0
disgustingly_fascinating,1,1,0
disgustingly_filthy,1,1,0
disgustingly_cool,1,1,0
seemingly_poisonous,1,1,0
seemingly_polite,1,1,0
seemingly_poor,1,1,0
seemingly_prohibitive,1,1,0
disgustingly_awkward,1,1,0
seemingly_profound,1,0,1
seemingly_productive,1,0,1
seemingly_privileged,1,1,0
seemingly_private,1,1,0
seemingly_primitive,1,1,0
seemingly_prevalent,1,1,0
seemingly_present,1,1,0
seemingly_prescient,1,1,0
disgustingly_beautiful,1,0,1
disgustingly_blatant,1,1,0
seemingly_powerless,1,1,0
disgustingly_brutal,1,1,0
disgustingly_condescending,1,1,0
seemingly_sentient,1,1,0
seemingly_serious,1,0,1
seemingly_outside,1,0,1
disarmingly_goofy,1,1,0
disarmingly_funny,1,1,0
seemingly_tragic,1,0,1
seemingly_tiny,1,0,1
seemingly_thrilled,1,1,0
disarmingly_good,1,1,0
disarmingly_good-natured,1,1,0
seemingly_technical,1,1,0
disarmingly_gorgeous,1,1,0
seemingly_troubling,1,1,0
seemingly_taller,1,0,1
seemingly_tacky,1,0,1
seemingly_taboo,1,0,1
seemingly_synonymous,1,1,0
seemingly_sympathetic,1,1,0
seemingly_symbolic,1,0,1
seemingly_sweet,1,0,1
seemingly_trite,1,0,1
disarmingly_frank,1,1,0
seemingly_sexual,1,0,1
disarmingly_beautiful,1,1,0
seemingly_uncomfortable,1,1,0
seemingly_uncertain,1,1,0
seemingly_unbreakable,1,0,1
seemingly_unbelievable,1,1,0
seemingly_unbeatable,1,1,0
disarmingly_accurate,1,1,0
disarmingly_astute,1,1,0
seemingly_unavailable,1,1,0
seemingly_trustworthy,1,0,1
seemingly_unattractive,1,0,1
disarmingly_candid,1,1,0
seemingly_unarmed,1,1,0
seemingly_unaffiliated,1,1,0
disarmingly_cosy,1,1,0
disarmingly_endearing,1,0,1
seemingly_ugly,1,1,0
disarmingly_human,1,0,1
seemingly_susceptible,1,1,0
disarmingly_humorous,1,1,0
seemingly_simultaneous,1,1,0
seemingly_special,1,1,0
disarmingly_ordinary,1,0,1
seemingly_soft,1,1,0
disarmingly_personal,1,1,0
disarmingly_pleasant,1,1,0
disarmingly_practical,1,1,0
seemingly_sinister,1,0,1
disarmingly_serene,1,0,1
seemingly_surprising,1,0,1
disarmingly_silly,1,0,1
disarmingly_similar,1,1,0
disarmingly_sincere,1,1,0
seemingly_significant,1,0,1
seemingly_shrewd,1,1,0
seemingly_shameful,1,1,0
seemingly_shallow,1,0,1
seemingly_spontaneous,1,1,0
disarmingly_open,1,1,0
seemingly_static,1,1,0
disarmingly_obvious,1,0,1
seemingly_sure,1,1,0
seemingly_supernatural,1,1,0
seemingly_superhuman,1,1,0
disarmingly_imperceptible,1,1,0
disarmingly_impressive,1,1,0
seemingly_sudden,1,1,0
disarmingly_incredulous,1,1,0
seemingly_subtle,1,0,1
disarmingly_innocent,1,0,1
seemingly_submissive,1,1,0
disarmingly_lifelike,1,1,0
disarmingly_logical,1,1,0
seemingly_stunned,1,0,1
disarmingly_mundane,1,1,0
disarmingly_nimble,1,1,0
seemingly_overbearing,1,1,0
disgustingly_frightful,1,1,0
seemingly_harder,1,1,0
disproportionately_larger,1,1,0
seemingly_inefficient,1,1,0
seemingly_ineffectual,1,1,0
seemingly_ineffective,1,1,0
seemingly_individual,1,1,0
seemingly_indistinguishable,1,1,0
seemingly_indispensable,1,1,0
disproportionately_invasive,1,1,0
seemingly_incurable,1,1,0
seemingly_inexplicable,1,0,1
seemingly_incremental,1,1,0
seemingly_incredible,1,0,1
seemingly_inconspicuous,1,0,1
disproportionately_lax,1,1,0
disproportionately_less,1,1,0
disproportionately_long,1,1,0
disproportionately_mild,1,1,0
seemingly_inescapable,1,1,0
seemingly_infallible,1,1,0
seemingly_irreversible,1,0,1
seemingly_internal,1,0,1
seemingly_irregular,1,1,0
disproportionately_available,1,1,0
seemingly_involved,1,1,0
disproportionately_big,1,1,0
seemingly_invaluable,1,0,1
disproportionately_black,1,1,0
seemingly_intolerant,1,1,0
seemingly_interested,1,1,0
disproportionately_immigrant,1,1,0
disproportionately_dependant,1,1,0
disproportionately_dependent,1,1,0
seemingly_intangible,1,0,1
disproportionately_great,1,1,0
disproportionately_greater,1,1,0
seemingly_innovative,1,0,1
disproportionately_hilarious,1,1,0
disproportionately_more,1,1,0
disproportionately_pink,1,1,0
disproportionately_poor,1,1,0
seemingly_heroic,1,0,1
disproportionately_troublesome,1,1,0
seemingly_hypocritical,1,1,0
seemingly_human,1,0,1
disproportionately_useful,1,1,0
seemingly_horrendous,1,0,1
seemingly_hollow,1,1,0
disproportionately_white,1,1,0
seemingly_helpless,1,1,0
disproportionately_popular,1,1,0
seemingly_helpful,1,0,1
seemingly_heartless,1,1,0
seemingly_heartfelt,1,0,1
disproportionately_wide,1,1,0
seemingly_healthier,1,1,0
disproportionately_worse,1,1,0
seemingly_harmful,1,1,0
disproportionately_tiny,1,1,0
seemingly_ill,1,1,0
seemingly_illegal,1,1,0
disproportionately_susceptible,1,1,0
seemingly_inane,1,0,1
disproportionately_privileged,1,1,0
disproportionately_punitive,1,1,0
seemingly_improbable,1,0,1
seemingly_impressive,1,1,0
seemingly_impractical,1,1,0
disproportionately_responsible,1,1,0
disproportionately_rich,1,1,0
disproportionately_sad,1,0,1
seemingly_impervious,1,1,0
seemingly_imperceptible,1,1,0
disproportionately_scant,1,1,0
disproportionately_stronger,1,1,0
seemingly_immense,1,1,0
seemingly_imaginary,1,0,1
disproportionately_active,1,1,0
seemingly_islamic,1,1,0
seemingly_outlandish,1,0,1
disgustingly_pathetic,1,1,0
disgustingly_naked,1,1,0
disgustingly_negligent,1,1,0
seemingly_nonchalant,1,1,0
seemingly_non-stop,1,1,0
disgustingly_nice,1,1,0
seemingly_noble,1,1,0
disgustingly_obvious,1,1,0
disgustingly_photogenic,1,1,0
seemingly_nutritious,1,1,0
disgustingly_precocious,1,1,0
disgustingly_predictable,1,1,0
seemingly_negligent,1,1,0
disgustingly_pretentious,1,1,0
seemingly_nefarious,1,1,0
disgustingly_pure,1,0,1
seemingly_narcissistic,1,1,0
disgustingly_ironic,1,1,0
seemingly_nutty,1,1,0
seemingly_jaded,1,1,0
seemingly_older,1,1,0
disgustingly_full,1,1,0
seemingly_other,1,0,1
seemingly_organic,1,1,0
disgustingly_funny,1,1,0
disgustingly_gross,1,1,0
seemingly_open,1,1,0
seemingly_omnipotent,1,1,0
seemingly_okay,1,1,0
seemingly_objectionable,1,1,0
disgustingly_handsome,1,1,0
disgustingly_hilarious,1,1,0
disgustingly_horrible,1,1,0
disgustingly_idyllic,1,1,0
disgustingly_inaccurate,1,1,0
seemingly_obligatory,1,1,0
seemingly_objective,1,0,1
disgustingly_quick,1,1,0
seemingly_myopic,1,1,0
disgustingly_rich,1,1,0
seemingly_lifeless,1,0,1
disgustingly_tantalizing,1,0,1
seemingly_low-key,1,1,0
seemingly_loose,1,0,1
seemingly_little,1,1,0
seemingly_limitless,1,1,0
seemingly_lighter,1,0,1
disgustingly_ugly,1,1,0
seemingly_lethal,1,1,0
seemingly_most,1,0,1
disgustingly_unlikable,1,1,0
seemingly_lazy,1,1,0
seemingly_lawless,1,1,0
seemingly_late,1,1,0
disgustingly_wealthy,1,1,0
disgustingly_wrong,1,0,1
seemingly_kind,1,1,0
disgustingly_slow,1,1,0
seemingly_mad,1,1,0
disgustingly_similar,1,1,0
seemingly_major,1,1,0
seemingly_moribund,1,1,0
seemingly_monstrous,1,1,0
seemingly_monotonous,1,0,1
seemingly_modern,1,1,0
seemingly_missing,1,1,0
disgustingly_selfish,1,1,0
disgustingly_sexist,1,1,0
disgustingly_sexual,1,0,1
seemingly_minimum,1,0,1
disgustingly_shoddy,1,1,0
seemingly_mediocre,1,1,0
disgustingly_sick,1,1,0
seemingly_meaningful,1,0,1
seemingly_malignant,1,0,1
seemingly_male,1,1,0
distinctly_homely,1,0,1
second_pure,1,0,1
roughly_proportionate,1,1,0
sadly_prophetic,1,1,0
sadly_sheer,1,1,0
sadly_serious,1,1,0
sadly_self-destructive,1,1,0
sadly_retro,1,1,0
sadly_reluctant,1,1,0
sadly_relatable,1,1,0
distinctly_scary,1,1,0
sadly_prone,1,1,0
sadly_short,1,1,0
sadly_poignant,1,1,0
sadly_poetic,1,0,1
sadly_perverted,1,0,1
distinctly_secondary,1,1,0
distinctly_secular,1,1,0
sadly_optimistic,1,0,1
sadly_observable,1,1,0
sadly_shocked,1,1,0
sadly_shorter,1,1,0
sadly_non-existent,1,1,0
sadly_unavailable,1,1,0
sadly_unheard,1,0,1
sadly_undone,1,1,0
sadly_underrated,1,1,0
sadly_underdeveloped,1,1,0
sadly_underappreciated,1,1,0
sadly_uncommon,1,1,0
distinctly_right-wing,1,1,0
sadly_unappreciated,1,1,0
distinctly_run,1,1,0
sadly_twisted,1,0,1
sadly_thoughtful,1,1,0
sadly_sweet,1,0,1
sadly_surreal,1,0,1
sadly_surprised,1,1,0
sadly_stale,1,1,0
sadly_slim,1,1,0
sadly_oblivious,1,1,0
sadly_naive,1,1,0
second_possible,1,1,0
distinctly_steep,1,1,0
sadly_happy,1,1,0
sadly_generic,1,1,0
sadly_futile,1,1,0
sadly_funny,1,1,0
distinctly_spanish,1,1,0
sadly_expensive,1,1,0
sadly_entertaining,1,1,0
sadly_empty,1,1,0
distinctly_slimy,1,0,1
sadly_elusive,1,1,0
sadly_effective,1,1,0
sadly_disingenuous,1,1,0
sadly_devoid,1,1,0
sadly_dense,1,0,1
distinctly_subversive,1,0,1
sadly_deliberate,1,0,1
sadly_humorous,1,0,1
sadly_impersonal,1,0,1
sadly_mysterious,1,0,1
sadly_irreversible,1,1,0
sadly_more,1,1,0
sadly_misunderstood,1,1,0
distinctly_sensual,1,0,1
sadly_missing,1,1,0
distinctly_sexy,1,0,1
sadly_misguided,1,1,0
distinctly_shady,1,0,1
distinctly_shocked,1,1,0
sadly_inaccurate,1,1,0
sadly_inhospitable,1,1,0
sadly_ineffectual,1,1,0
sadly_indistinguishable,1,1,0
sadly_indicative,1,1,0
sadly_incurable,1,1,0
sadly_incorrect,1,1,0
distinctly_sinful,1,1,0
sadly_unidentified,1,1,0
sadly_unique,1,0,1
sadly_universal,1,1,0
distinctly_reflective,1,1,0
satisfyingly_hectic,1,1,0
satisfyingly_hearty,1,1,0
satisfyingly_grisly,1,1,0
distinctly_recognizable,1,1,0
satisfyingly_foreboding,1,1,0
satisfyingly_fast,1,1,0
satisfyingly_fantastic,1,0,1
satisfyingly_entertaining,1,1,0
satisfyingly_indulgent,1,0,1
satisfyingly_dark,1,0,1
satisfyingly_consistent,1,1,0
satisfyingly_complex,1,0,1
satisfyingly_complete,1,1,0
satisfyingly_comforting,1,1,0
satisfyingly_circular,1,0,1
satisfyingly_challenging,1,1,0
satisfyingly_humble,1,1,0
satisfyingly_ironic,1,0,1
sadly_unprofitable,1,1,0
satisfyingly_romantic,1,1,0
satisfyingly_unique,1,0,1
satisfyingly_unexpected,1,1,0
satisfyingly_tragic,1,1,0
satisfyingly_surreal,1,1,0
satisfyingly_sticky,1,0,1
satisfyingly_stereotypical,1,1,0
satisfyingly_simple,1,1,0
satisfyingly_quick,1,1,0
satisfyingly_jarring,1,0,1
satisfyingly_primitive,1,0,1
satisfyingly_primal,1,0,1
satisfyingly_predictable,1,1,0
satisfyingly_melancholy,1,0,1
satisfyingly_meaty,1,1,0
satisfyingly_masculine,1,1,0
satisfyingly_kinky,1,1,0
satisfyingly_campy,1,0,1
satisfyingly_blunt,1,0,1
satisfyingly_bent,1,1,0
distinctly_retrograde,1,0,1
distinctly_reluctant,1,0,1
safely_conventional,1,1,0
distinctly_representative,1,0,1
safely_available,1,1,0
distinctly_restless,1,1,0
safely_aloof,1,1,0
safely_afloat,1,1,0
sadly_worse,1,1,0
satisfyingly_annoying,1,1,0
sadly_willing,1,1,0
sadly_unthinkable,1,0,1
sadly_unsurprising,1,0,1
sadly_unsupported,1,1,0
sadly_unsuccessful,1,1,0
sadly_unstoppable,1,1,0
sadly_unrealistic,1,0,1
distinctly_relevant,1,0,1
safely_edible,1,1,0
distinctly_relative,1,1,0
safely_inoffensive,1,1,0
satisfyingly_angry,1,1,0
satisfyingly_airy,1,1,0
safely_wide,1,1,0
safely_wholesome,1,1,0
safely_viable,1,1,0
safely_unattractive,1,1,0
safely_satisfied,1,1,0
safely_reusable,1,1,0
distinctly_regional,1,1,0
safely_ready,1,1,0
safely_predictable,1,1,0
safely_past,1,1,0
safely_partisan,1,1,0
safely_onboard,1,1,0
safely_manageable,1,1,0
sadly_defunct,1,1,0
distinctly_summery,1,0,1
sadly_defective,1,0,1
round_hard,1,1,0
round_immersive,1,1,0
round_icky,1,1,0
round_humorous,1,1,0
round_hot,1,1,0
round_helpful,1,1,0
round_healthy,1,1,0
round_healthier,1,1,0
distinctly_unsavory,1,0,1
round_larger,1,1,0
distinctly_unsettling,1,0,1
round_gross,1,1,0
round_great,1,1,0
round_gorgeous,1,1,0
distinctly_unwanted,1,1,0
round_general,1,1,0
distinctly_upsetting,1,0,1
round_important,1,1,0
round_legendary,1,1,0
round_talented,1,1,0
round_sad,1,1,0
round_superior,1,1,0
round_superb,1,1,0
round_sufficient,1,1,0
round_stupid,1,1,0
round_stunning,1,1,0
round_stronger,1,1,0
round_smarter,1,1,0
distinctly_unhappy,1,1,0
distinctly_unsatisfying,1,0,1
round_powerful,1,1,0
distinctly_unnatural,1,0,1
round_okay,1,1,0
distinctly_unpalatable,1,1,0
round_mediocre,1,1,0
round_many,1,1,0
distinctly_unpopular,1,1,0
round_frustrated,1,1,0
round_flawless,1,1,0
round_flat,1,1,0
roughly_true,1,1,0
round_badass,1,1,0
round_bad,1,1,0
round_awful,1,1,0
distinctly_wonky,1,1,0
distinctly_worried,1,1,0
roughly_understandable,1,1,0
distinctly_worthy,1,0,1
roughly_tall,1,1,0
distinctly_urban,1,1,0
distressingly_absent,1,0,1
roughly_symmetrical,1,1,0
roughly_steady,1,1,0
roughly_stable,1,1,0
roughly_simultaneous,1,1,0
distressingly_aware,1,1,0
roughly_round,1,1,0
round_beautiful,1,1,0
distinctly_wobbly,1,1,0
distinctly_winnable,1,1,0
round_bloody,1,1,0
round_fabulous,1,1,0
distinctly_victorian,1,0,1
round_entertaining,1,1,0
round_enough,1,1,0
round_engrossing,1,1,0
round_emotional,1,1,0
distinctly_wary,1,1,0
round_destructive,1,1,0
round_delightful,1,1,0
round_delicious,1,1,0
distinctly_western,1,1,0
round_crazy,1,1,0
round_cool,1,1,0
round_commendable,1,1,0
round_cheerful,1,1,0
distinctly_unfamiliar,1,0,1
round_terrible,1,1,0
sadly_dead,1,1,0
ruthlessly_rational,1,1,0
distinctly_traumatic,1,0,1
sadly_accustomed,1,0,1
distinctly_tribal,1,0,1
distinctly_tropical,1,0,1
ruthlessly_violent,1,1,0
ruthlessly_tenacious,1,1,0
ruthlessly_specific,1,1,0
ruthlessly_pragmatic,1,1,0
sadly_anachronistic,1,0,1
ruthlessly_powerful,1,1,0
ruthlessly_hot,1,0,1
distinctly_troublesome,1,1,0
ruthlessly_greedy,1,1,0
ruthlessly_funny,1,1,0
distinctly_troubling,1,0,1
distinctly_uncommon,1,1,0
distinctly_traditional,1,1,0
distinctly_therapeutic,1,0,1
round_thin,1,1,0
sadly_brittle,1,1,0
distinctly_swollen,1,1,0
sadly_compelling,1,0,1
sadly_common,1,1,0
sadly_comical,1,1,0
sadly_clear,1,1,0
sadly_circumstantial,1,1,0
sadly_cheap,1,1,0
sadly_better,1,1,0
sadly_anonymous,1,0,1
sadly_believable,1,1,0
distinctly_tasteless,1,0,1
sadly_awesome,1,1,0
distinctly_technological,1,1,0
sadly_automatic,1,0,1
sadly_apt,1,1,0
sadly_appropriate,1,0,1
ruthlessly_diligent,1,1,0
ruthlessly_decisive,1,1,0
ruthlessly_dark,1,1,0
routinely_addictive,1,1,0
routinely_late,1,1,0
routinely_hideous,1,1,0
routinely_great,1,1,0
routinely_full,1,1,0
routinely_first,1,1,0
routinely_endemic,1,1,0
routinely_attractive,1,1,0
routinely_active,1,1,0
distinctly_unconvincing,1,1,0
round_yummy,1,1,0
round_wonderful,1,1,0
round_welcoming,1,1,0
round_weird,1,1,0
round_upset,1,1,0
round_tired,1,1,0
round_tighter,1,1,0
routinely_possessive,1,0,1
routinely_present,1,1,0
routinely_provocative,1,1,0
routinely_ridiculous,1,1,0
ruthlessly_commercial,1,1,0
ruthlessly_authoritarian,1,1,0
ruthlessly_articulate,1,1,0
distinctly_uncool,1,1,0
ruggedly_sexy,1,1,0
ruggedly_obstinate,1,1,0
ruggedly_individualistic,1,0,1
distinctly_uncooperative,1,1,0
ruggedly_exciting,1,0,1
distinctly_underwhelming,1,1,0
routinely_visible,1,1,0
routinely_unsuccessful,1,1,0
routinely_unpleasant,1,1,0
routinely_unavoidable,1,1,0
routinely_subject,1,1,0
satisfyingly_wholesome,1,0,1
savagely_abusive,1,1,0
savagely_acute,1,1,0
distinctly_mad,1,0,1
distinctly_low-tech,1,0,1
scientifically_suspect,1,1,0
scientifically_spot,1,1,0
scientifically_specific,1,1,0
distinctly_lurid,1,1,0
scientifically_sophisticated,1,1,0
scientifically_solid,1,1,0
distinctly_magical,1,0,1
distinctly_lovable,1,0,1
distinctly_marginal,1,1,0
scientifically_ridiculous,1,1,0
scientifically_reasonable,1,1,0
scientifically_radical,1,1,0
distinctly_marketable,1,0,1
scientifically_qualified,1,1,0
scientifically_psychological,1,0,1
scientifically_understandable,1,1,0
scientifically_uninformed,1,1,0
scrupulously_apolitical,1,1,0
scientifically_useless,1,1,0
scientifically_worthwhile,1,1,0
distinctly_irrational,1,0,1
scientifically_wild,1,1,0
distinctly_italian,1,0,1
distinctly_juvenile,1,1,0
distinctly_lackluster,1,1,0
distinctly_less,1,0,1
scientifically_useful,1,0,1
scientifically_unjustified,1,1,0
scientifically_unwarranted,1,1,0
scientifically_untested,1,1,0
scientifically_unsupported,1,1,0
distinctly_liberating,1,0,1
scientifically_unsophisticated,1,1,0
distinctly_literary,1,0,1
distinctly_loose,1,1,0
scientifically_prudent,1,1,0
scientifically_productive,1,1,0
scientifically_prejudicial,1,1,0
scientifically_impenetrable,1,1,0
distinctly_multicultural,1,0,1
scientifically_inadequate,1,1,0
distinctly_national,1,1,0
scientifically_improbable,1,0,1
distinctly_nefarious,1,1,0
distinctly_negative,1,1,0
scientifically_implausible,1,1,0
scientifically_illegitimate,1,1,0
distinctly_mature,1,0,1
distinctly_nomadic,1,0,1
scientifically_heavy,1,1,0
scientifically_frightening,1,0,1
scientifically_fraudulent,1,1,0
scientifically_formal,1,1,0
scientifically_flawed,1,1,0
distinctly_nostalgic,1,0,1
scientifically_inexplicable,1,0,1
scientifically_informational,1,1,0
scientifically_informative,1,1,0
distinctly_middle,1,0,1
distinctly_mean-spirited,1,0,1
distinctly_meaty,1,0,1
scientifically_persuasive,1,1,0
scientifically_perfect,1,0,1
scientifically_outdated,1,1,0
scientifically_objective,1,1,0
scientifically_novel,1,1,0
scientifically_noteworthy,1,1,0
distinctly_mediocre,1,1,0
scientifically_naive,1,1,0
distinctly_melancholy,1,0,1
scientifically_meaningful,1,0,1
distinctly_memorable,1,1,0
scientifically_legitimate,1,1,0
distinctly_mexican,1,0,1
distinctly_irish,1,1,0
scrupulously_bipartisan,1,1,0
scientifically_exact,1,1,0
seasonally_related,1,1,0
seasonally_useful,1,1,0
seasonally_toxic,1,0,1
seasonally_strong,1,1,0
seasonally_special,1,1,0
seasonally_slow,1,1,0
seasonally_scottish,1,0,1
seasonally_relevant,1,0,1
seasonally_poor,1,1,0
seasonally_weak,1,1,0
seasonally_perfect,1,1,0
seasonally_nomadic,1,1,0
seasonally_moist,1,1,0
seasonally_merry,1,1,0
seasonally_low,1,1,0
distinctly_impressive,1,1,0
seasonally_important,1,1,0
seasonally_variable,1,1,0
seasonally_weaker,1,1,0
scrupulously_centrist,1,1,0
distinctly_humanistic,1,1,0
second_open,1,1,0
distinctly_homemade,1,0,1
second_lower,1,1,0
distinctly_horrifying,1,1,0
second_important,1,1,0
distinctly_humane,1,0,1
second_favourite,1,1,0
second_earliest,1,1,0
distinctly_impossible,1,0,1
distinctly_humbling,1,0,1
distinctly_humiliating,1,0,1
second_big,1,1,0
distinctly_illegal,1,1,0
second_beautiful,1,1,0
second-most_serious,1,1,0
second-most_popular,1,1,0
seasonally_highest,1,1,0
seasonally_high,1,1,0
seasonally_finite,1,1,0
scrupulously_neat,1,1,0
searingly_cold,1,1,0
scrupulously_true,1,1,0
scrupulously_safe,1,1,0
scrupulously_respectful,1,1,0
scrupulously_pure,1,1,0
distinctly_insidious,1,0,1
scrupulously_pious,1,1,0
scrupulously_legal,1,1,0
distinctly_improbable,1,0,1
scrupulously_honourable,1,0,1
distinctly_insular,1,0,1
scrupulously_fresh,1,1,0
distinctly_interested,1,0,1
scrupulously_decent,1,1,0
scrupulously_clever,1,1,0
distinctly_intolerant,1,1,0
searingly_funny,1,1,0
searingly_high,1,1,0
searingly_hot,1,1,0
searingly_insightful,1,1,0
seasonally_exclusive,1,1,0
distinctly_independent,1,1,0
seasonally_different,1,1,0
seasonally_depressed,1,1,0
seasonally_dependent,1,1,0
seasonally_dangerous,1,1,0
seasonally_busy,1,1,0
distinctly_indistinguishable,1,1,0
seasonally_arid,1,1,0
distinctly_individual,1,1,0
searingly_poignant,1,1,0
searingly_personal,1,1,0
searingly_painful,1,1,0
searingly_loud,1,1,0
searingly_intelligent,1,1,0
distinctly_noticeable,1,1,0
scientifically_enticing,1,1,0
savagely_bleak,1,1,0
scarcely_attainable,1,1,0
distinctly_predatory,1,0,1
scarcely_big,1,1,0
distinctly_primal,1,0,1
distinctly_primary,1,0,1
distinctly_privileged,1,1,0
scarcely_awake,1,1,0
distinctly_prominent,1,1,0
scarcely_apparent,1,1,0
scarcely_comprehensible,1,1,0
scarcely_alone,1,1,0
scarcely_acceptable,1,1,0
distinctly_queer,1,0,1
scantily_available,1,1,0
scandalously_young,1,1,0
scandalously_wrong,1,0,1
scandalously_unwilling,1,1,0
scarcely_compatible,1,1,0
scarcely_concerned,1,1,0
distinctly_perverse,1,0,1
scarcely_human,1,0,1
scarcely_old,1,1,0
distinctly_pleasing,1,0,1
scarcely_natural,1,1,0
scarcely_likely,1,1,0
scarcely_legible,1,1,0
scarcely_legal,1,1,0
distinctly_poignant,1,1,0
scarcely_free,1,1,0
scarcely_credible,1,0,1
scarcely_fine,1,1,0
scarcely_fanatical,1,1,0
scarcely_evident,1,0,1
scarcely_edible,1,1,0
scarcely_discernible,1,1,0
distinctly_positive,1,0,1
scarcely_criminal,1,1,0
scandalously_seductive,1,0,1
scandalously_repulsive,1,1,0
scandalously_reactionary,1,1,0
savagely_misguided,1,1,0
savagely_special,1,0,1
savagely_satirical,1,0,1
savagely_powerful,1,1,0
savagely_partisan,1,0,1
savagely_oppressive,1,1,0
savagely_observant,1,1,0
savagely_misogynistic,1,1,0
savagely_jealous,1,1,0
scandalously_pornographic,1,1,0
savagely_intense,1,1,0
savagely_ideological,1,1,0
savagely_hostile,1,1,0
distinctly_racy,1,0,1
savagely_damaging,1,0,1
savagely_cruel,1,1,0
distinctly_ragged,1,1,0
savagely_steep,1,1,0
savagely_sweet,1,0,1
savagely_tortured,1,1,0
savagely_violent,1,0,1
scandalously_poor,1,1,0
scandalously_particular,1,0,1
scandalously_modern,1,1,0
scandalously_juicy,1,0,1
scandalously_immoral,1,1,0
scandalously_illicit,1,1,0
scandalously_illegal,1,1,0
scandalously_ignorant,1,1,0
scandalously_hot,1,0,1
distinctly_quiet,1,0,1
scandalously_gorgeous,1,0,1
scandalously_expensive,1,1,0
scandalously_difficult,1,1,0
scandalously_deeper,1,0,1
scandalously_bleak,1,1,0
distinctly_playful,1,1,0
scarcely_possible,1,1,0
scientifically_enlightened,1,1,0
scarily_supernatural,1,0,1
distinctly_old-fashioned,1,0,1
distinctly_opinionated,1,1,0
distinctly_optimistic,1,0,1
scientifically_able,1,1,0
scarily_violent,1,1,0
scarily_unaware,1,1,0
scarily_true,1,1,0
scarily_superficial,1,0,1
scientifically_aware,1,1,0
scarily_sinister,1,0,1
distinctly_original,1,1,0
scarily_sexual,1,1,0
scarily_sensible,1,1,0
scarily_robotic,1,0,1
scarily_reminiscent,1,1,0
scarily_recognisable,1,1,0
scientifically_adept,1,1,0
scientifically_believable,1,1,0
scarcely_reasonable,1,1,0
scientifically_dangerous,1,1,0
scientifically_embarrassing,1,1,0
scientifically_elitist,1,1,0
scientifically_efficient,1,1,0
scientifically_dubious,1,1,0
scientifically_disconcerting,1,0,1
scientifically_difficult,1,1,0
distinctly_novel,1,1,0
distinctly_odious,1,0,1
scientifically_bizarre,1,1,0
distinctly_off,1,0,1
scientifically_controversial,1,1,0
scientifically_complex,1,0,1
scientifically_clueless,1,1,0
scientifically_clever,1,1,0
scientifically_bonkers,1,1,0
scientifically_bogus,1,1,0
scarily_realistic,1,1,0
scarily_prescient,1,1,0
scarily_pragmatic,1,1,0
scarcely_worth,1,1,0
scarily_credible,1,1,0
distinctly_ours,1,0,1
scarily_capable,1,1,0
distinctly_pagan,1,0,1
distinctly_patronizing,1,0,1
scarily_abusive,1,1,0
scarcely_younger,1,1,0
scarcely_usable,1,1,0
scarily_powerful,1,0,1
scarcely_unknown,1,1,0
scarcely_traceable,1,1,0
scarcely_symptomatic,1,1,0
scarcely_surprising,1,1,0
scarcely_secret,1,1,0
scarcely_recognizable,1,1,0
scarcely_recognisable,1,1,0
scarily_dark,1,1,0
scarily_deeper,1,1,0
scarily_devoted,1,1,0
scarily_eager,1,1,0
scarily_plausible,1,0,1
scarily_nerve-wracking,1,1,0
scarily_low,1,1,0
scarily_large,1,1,0
scarily_intelligent,1,1,0
scarily_honest,1,1,0
scarily_hawkish,1,0,1
scarily_grey,1,1,0
scarily_good,1,1,0
scarily_free,1,1,0
scarily_fast,1,1,0
distinctly_other,1,1,0
scarily_expensive,1,1,0
scarily_excessive,1,1,0
scarily_easy,1,1,0
seemingly_uncomplicated,1,0,1
seemingly_uncompromising,1,1,0
seemingly_unconcerned,1,1,0
sexually_physical,1,1,0
desperately_necessary,1,0,1
desperately_oblivious,1,1,0
sexually_potent,1,1,0
sexually_pornographic,1,1,0
sexually_pleasurable,1,0,1
desperately_obsolete,1,1,0
sexually_playful,1,1,0
desperately_optimistic,1,0,1
sexually_proficient,1,1,0
sexually_perfect,1,1,0
sexually_passive,1,1,0
desperately_paranoid,1,1,0
desperately_pathetic,1,1,0
sexually_oppressive,1,1,0
desperately_perverted,1,1,0
sexually_old,1,1,0
sexually_problematic,1,1,0
desperately_narrow,1,1,0
desperately_reckless,1,1,0
sexually_responsible,1,1,0
sexually_sluggish,1,1,0
sexually_skilled,1,1,0
sexually_sensual,1,0,1
desperately_hopeful,1,1,0
desperately_impoverished,1,1,0
desperately_insistent,1,1,0
desperately_interested,1,1,0
sexually_repressive,1,1,0
desperately_mundane,1,1,0
sexually_relevant,1,1,0
desperately_interesting,1,0,1
sexually_reckless,1,1,0
desperately_local,1,0,1
sexually_ready,1,1,0
sexually_reactive,1,1,0
sexually_pure,1,0,1
desperately_poignant,1,1,0
sexually_obscene,1,1,0
disappointingly_wrong,1,1,0
desperately_uncertain,1,1,0
sexually_insecure,1,1,0
sexually_insatiable,1,1,0
sexually_inflammatory,1,1,0
desperately_tragic,1,0,1
sexually_inept,1,1,0
sexually_indiscriminate,1,1,0
sexually_independent,1,1,0
desperately_uncomfortable,1,1,0
desperately_timely,1,1,0
desperately_uncool,1,1,0
desperately_understaffed,1,1,0
sexually_implicit,1,1,0
desperately_unfair,1,1,0
desperately_unhealthy,1,0,1
sexually_ignorant,1,1,0
sexually_hot,1,1,0
sexually_intact,1,1,0
sexually_interesting,1,1,0
sexually_new,1,0,1
sexually_magnetic,1,1,0
desperately_romantic,1,0,1
sexually_nervous,1,1,0
desperately_rotten,1,1,0
desperately_shy,1,1,0
desperately_silly,1,1,0
sexually_manipulative,1,1,0
sexually_mainstream,1,1,0
sexually_magical,1,0,1
sexually_intimidating,1,1,0
sexually_loose,1,1,0
desperately_thin,1,1,0
sexually_jaded,1,1,0
sexually_irresponsible,1,1,0
sexually_irresistible,1,1,0
sexually_intuitive,1,1,0
sexually_intrepid,1,1,0
sexually_sophisticated,1,1,0
sexually_sordid,1,0,1
desperately_fragile,1,1,0
shamefully_primitive,1,0,1
shamefully_young,1,1,0
shamefully_wrong,1,0,1
shamefully_willing,1,0,1
shamefully_slow,1,1,0
shamefully_silent,1,1,0
shamefully_self-centered,1,1,0
shamefully_quiet,1,1,0
shamefully_oppressed,1,1,0
shamelessly_cliched,1,1,0
shamefully_new,1,0,1
shamefully_narrow,1,1,0
shamefully_naive,1,1,0
shamefully_misogynistic,1,1,0
shamefully_low,1,1,0
shamefully_legal,1,0,1
shamefully_late,1,1,0
desperately_distant,1,0,1
shamelessly_corrupt,1,1,0
sexually_stable,1,1,0
shamelessly_human,1,0,1
shamelessly_provocative,1,1,0
desperately_discouraging,1,1,0
desperately_disgusting,1,1,0
shamelessly_obvious,1,1,0
shamelessly_materialistic,1,0,1
desperately_dishonest,1,1,0
shamelessly_invalid,1,1,0
shamelessly_graphic,1,1,0
shamelessly_creamy,1,0,1
shamelessly_geeky,1,0,1
shamelessly_enjoyable,1,1,0
shamelessly_embarrassing,1,0,1
shamelessly_dynamic,1,1,0
shamelessly_desperate,1,1,0
shamelessly_delicious,1,1,0
shamelessly_deceitful,1,1,0
shamefully_lacking,1,0,1
shamefully_funny,1,1,0
shamefully_deceptive,1,1,0
desperately_fearful,1,1,0
sexually_unfulfilled,1,1,0
sexually_unexpected,1,1,0
desperately_evil,1,1,0
sexually_uncertain,1,1,0
sexually_unavailable,1,1,0
sexually_unappealing,1,1,0
sexually_titillating,1,0,1
sexually_themed,1,1,0
shamefully_consistent,1,1,0
sexually_tempting,1,1,0
sexually_suspect,1,1,0
desperately_feeble,1,0,1
sexually_such,1,1,0
sexually_successful,1,1,0
desperately_flawed,1,1,0
desperately_flimsy,1,1,0
sexually_uninhibited,1,1,0
sexually_uninterested,1,1,0
sexually_unresponsive,1,1,0
sexually_unsatisfied,1,1,0
shamefully_better,1,1,0
shamefully_bad,1,1,0
shamefully_atrocious,1,1,0
shamefully_apathetic,1,1,0
sexually_wrong,1,0,1
sexually_weird,1,1,0
desperately_dull,1,1,0
desperately_embarrassing,1,1,0
sexually_visual,1,1,0
sexually_visible,1,1,0
desperately_endangered,1,1,0
sexually_vigorous,1,1,0
sexually_versatile,1,1,0
sexually_valid,1,1,0
sexually_unsuccessful,1,1,0
sexually_honest,1,1,0
sexually_hideous,1,0,1
sexually_healthy,1,1,0
devastatingly_magical,1,0,1
devastatingly_large,1,1,0
severely_shortsighted,1,1,0
devastatingly_low,1,1,0
severely_shocked,1,1,0
severely_sharp,1,1,0
severely_serious,1,1,0
severely_selfish,1,1,0
severely_sadistic,1,1,0
severely_slow,1,1,0
severely_sad,1,1,0
severely_romantic,1,1,0
devastatingly_misleading,1,1,0
severely_restrained,1,1,0
devastatingly_negative,1,1,0
severely_real,1,1,0
severely_reactive,1,1,0
severely_sinister,1,0,1
severely_sore,1,1,0
severely_unemployed,1,1,0
severely_unclear,1,1,0
devastatingly_huge,1,1,0
devastatingly_human,1,0,1
devastatingly_humorous,1,1,0
devastatingly_immoral,1,1,0
severely_underfunded,1,1,0
severely_underdeveloped,1,1,0
devastatingly_inaccurate,1,0,1
severely_unbalanced,1,1,0
devastatingly_lame,1,1,0
devastatingly_incomplete,1,1,0
severely_traumatic,1,1,0
devastatingly_insane,1,1,0
devastatingly_intelligent,1,1,0
severely_symptomatic,1,1,0
devastatingly_intense,1,1,0
severely_stupid,1,1,0
severely_punishable,1,1,0
severely_protestant,1,1,0
severely_prone,1,1,0
devastatingly_stupid,1,0,1
severely_moody,1,1,0
severely_misunderstood,1,1,0
severely_mistaken,1,1,0
severely_mediocre,1,1,0
devastatingly_shy,1,1,0
severely_low,1,1,0
severely_life-threatening,1,1,0
severely_jealous,1,1,0
devastatingly_painful,1,1,0
severely_irritating,1,1,0
severely_irritated,1,1,0
severely_intoxicated,1,1,0
severely_intolerant,1,1,0
severely_insufficient,1,1,0
severely_injured,1,1,0
severely_infectious,1,1,0
devastatingly_short,1,1,0
severely_narcissistic,1,1,0
severely_nostalgic,1,1,0
devastatingly_serious,1,1,0
severely_premature,1,1,0
severely_pregnant,1,1,0
severely_powerful,1,1,0
devastatingly_perfect,1,0,1
severely_pessimistic,1,1,0
devastatingly_permanent,1,1,0
devastatingly_perverse,1,0,1
devastatingly_potent,1,1,0
severely_overworked,1,1,0
severely_overwhelmed,1,1,0
severely_overpriced,1,1,0
severely_overgrown,1,1,0
devastatingly_premature,1,1,0
devastatingly_quiet,1,1,0
severely_offensive,1,1,0
devastatingly_hot,1,1,0
severely_unhealthy,1,0,1
sexually_happy,1,1,0
sexually_distressing,1,0,1
sexually_erotic,1,1,0
determinedly_old-school,1,1,0
sexually_embarrassing,1,1,0
determinedly_patriotic,1,1,0
sexually_dormant,1,1,0
sexually_dominant,1,1,0
determinedly_tactile,1,0,1
sexually_dissatisfied,1,1,0
determinedly_misinformed,1,1,0
sexually_discriminatory,1,1,0
determinedly_unaware,1,1,0
determinedly_undisciplined,1,1,0
determinedly_upfront,1,1,0
devastatingly_addictive,1,1,0
devastatingly_awful,1,0,1
devastatingly_blunt,1,1,0
determinedly_non-partisan,1,1,0
determinedly_humble,1,1,0
severely_unimpressed,1,1,0
sexually_foul,1,0,1
desperately_unoriginal,1,0,1
desperately_unreasonable,1,0,1
sexually_functional,1,1,0
desperately_unsatisfying,1,0,1
sexually_frigid,1,1,0
desperately_unsuited,1,0,1
desperately_upsetting,1,1,0
desperately_urgent,1,1,0
sexually_exhausted,1,1,0
desperately_weary,1,1,0
sexually_expressive,1,1,0
determinedly_alien,1,0,1
determinedly_conservative,1,1,0
sexually_exploitable,1,1,0
determinedly_hostile,1,1,0
sexually_expired,1,1,0
sexually_degrading,1,1,0
sexually_defunct,1,1,0
devastatingly_catastrophic,1,0,1
devastatingly_good,1,1,0
devastatingly_expensive,1,1,0
devastatingly_explicit,1,1,0
devastatingly_familiar,1,1,0
devastatingly_fast,1,1,0
sexually_alive,1,1,0
devastatingly_fatal,1,1,0
sexually_afraid,1,1,0
devastatingly_hard,1,1,0
devastatingly_chronic,1,1,0
sexually_able,1,1,0
devastatingly_heartbreaking,1,1,0
severely_vulnerable,1,1,0
devastatingly_hilarious,1,1,0
severely_upset,1,1,0
severely_unwell,1,1,0
severely_unsettling,1,1,0
devastatingly_dramatic,1,0,1
devastatingly_disappointing,1,1,0
devastatingly_different,1,0,1
sexually_avid,1,1,0
sexually_crazy,1,0,1
sexually_cowardly,1,1,0
sexually_controversial,1,1,0
devastatingly_contrary,1,1,0
devastatingly_crass,1,0,1
devastatingly_creative,1,1,0
sexually_compulsive,1,1,0
devastatingly_current,1,1,0
devastatingly_damaging,1,1,0
sexually_charming,1,1,0
sexually_challenging,1,1,0
devastatingly_destructive,1,1,0
sexually_biased,1,1,0
sexually_bewildered,1,1,0
sexually_aware,1,1,0
shamelessly_romantic,1,1,0
desperately_difficult,1,1,0
shamelessly_subtle,1,1,0
shockingly_utilitarian,1,1,0
depressingly_critical,1,0,1
shockingly_vivid,1,1,0
shockingly_visceral,1,1,0
depressingly_dim,1,1,0
shockingly_vicious,1,1,0
shockingly_vibrant,1,1,0
shockingly_venomous,1,1,0
shockingly_unwilling,1,1,0
shockingly_wet,1,1,0
shockingly_unsympathetic,1,1,0
shockingly_unpretentious,1,1,0
shockingly_unpleasant,1,1,0
shockingly_unoriginal,1,1,0
shockingly_unkind,1,1,0
depressingly_dismal,1,1,0
shockingly_unconscionable,1,1,0
shockingly_weak,1,1,0
shockingly_willing,1,1,0
sickeningly_horrifying,1,1,0
sickeningly_cutesy,1,1,0
sickeningly_gory,1,1,0
sickeningly_good,1,1,0
sickeningly_funny,1,1,0
depressingly_beautiful,1,1,0
sickeningly_evil,1,1,0
sickeningly_earnest,1,1,0
sickeningly_eager,1,1,0
sickeningly_cute,1,0,1
shockingly_worse,1,0,1
sickeningly_cheerful,1,1,0
sickeningly_capitalist,1,0,1
sickeningly_awful,1,1,0
sickeningly_amiss,1,0,1
sickeningly_adorable,1,1,0
depressingly_boring,1,1,0
depressingly_bureaucratic,1,1,0
shockingly_unbelievable,1,0,1
shockingly_unaware,1,1,0
shockingly_unable,1,1,0
shockingly_respectable,1,1,0
depressingly_inconclusive,1,1,0
shockingly_sensitive,1,1,0
shockingly_sensible,1,1,0
shockingly_senseless,1,1,0
shockingly_savage,1,1,0
shockingly_rude,1,1,0
shockingly_revelatory,1,1,0
shockingly_realistic,1,1,0
depressingly_empty,1,1,0
shockingly_reactionary,1,1,0
depressingly_mediocre,1,1,0
shockingly_raunchy,1,1,0
depressingly_naive,1,1,0
shockingly_quick,1,1,0
shockingly_public,1,1,0
shockingly_provincial,1,0,1
shockingly_silly,1,1,0
depressingly_inactive,1,1,0
depressingly_impersonal,1,1,0
shockingly_skinny,1,1,0
shockingly_transformative,1,1,0
shockingly_timeless,1,1,0
depressingly_foreseeable,1,1,0
shockingly_terrifying,1,1,0
shockingly_terrible,1,1,0
depressingly_frantic,1,1,0
depressingly_great,1,1,0
shockingly_sudden,1,0,1
depressingly_heartbreaking,1,1,0
depressingly_hilarious,1,0,1
shockingly_straightforward,1,1,0
shockingly_stark,1,1,0
shockingly_smooth,1,1,0
shockingly_small,1,1,0
shockingly_slow,1,1,0
sickeningly_harmonious,1,1,0
sickeningly_hot,1,1,0
shockingly_prevalent,1,1,0
densely_real,1,0,1
densely_narrative,1,1,0
densely_overgrown,1,1,0
significantly_cleaner,1,1,0
densely_pigmented,1,1,0
significantly_challenging,1,1,0
significantly_busier,1,1,0
significantly_broader,1,1,0
significantly_blurred,1,0,1
densely_lyrical,1,1,0
densely_symbolic,1,1,0
significantly_big,1,0,1
densely_theological,1,1,0
significantly_beneficial,1,1,0
significantly_asymmetrical,1,1,0
significantly_askew,1,1,0
significantly_annoying,1,1,0
significantly_cool,1,0,1
significantly_costlier,1,1,0
sickeningly_idealistic,1,1,0
densely_cloudy,1,1,0
demonstrably_weaker,1,1,0
significantly_disappointed,1,1,0
significantly_dirty,1,1,0
significantly_difficult,1,1,0
significantly_devastating,1,1,0
significantly_detrimental,1,1,0
densely_academic,1,1,0
densely_evil,1,1,0
significantly_costly,1,1,0
densely_hairy,1,1,0
significantly_deep,1,1,0
densely_interwoven,1,1,0
significantly_dangerous,1,0,1
significantly_cumbersome,1,1,0
significantly_creepy,1,0,1
significantly_counterproductive,1,1,0
significantly_amiss,1,1,0
significantly_amenable,1,1,0
significantly_alive,1,1,0
sickeningly_surprising,1,1,0
sickly_brown,1,1,0
sickly_blue,1,1,0
depressingly_banal,1,1,0
sickeningly_unnatural,1,1,0
sickeningly_trivial,1,1,0
sickeningly_trite,1,1,0
depressingly_barren,1,1,0
sickeningly_successful,1,1,0
significantly_aged,1,1,0
sickeningly_stupid,1,0,1
sickeningly_sentimental,1,1,0
sickeningly_proud,1,1,0
sickeningly_perverse,1,0,1
sickeningly_new,1,1,0
sickeningly_lower,1,1,0
sickeningly_lame,1,1,0
sickly_elderly,1,1,0
depressingly_awesome,1,1,0
sickly_gray,1,1,0
depressingly_apathetic,1,1,0
significantly_advanced,1,1,0
significantly_active,1,1,0
densely_unaware,1,1,0
significantly_abnormal,1,0,1
significantly_able,1,1,0
sickly_unsettling,1,1,0
depressingly_alike,1,1,0
depressingly_anticlimactic,1,1,0
sickly_pious,1,1,0
sickly_pink,1,1,0
sickly_other,1,1,0
sickly_numb,1,1,0
sickly_ironic,1,0,1
sickly_ill,1,1,0
sickly_heavy,1,1,0
shockingly_profane,1,1,0
shockingly_practical,1,1,0
shamelessly_wide,1,1,0
shockingly_blue,1,1,0
shockingly_coarse,1,1,0
deservedly_obstinate,1,1,0
deservedly_odious,1,1,0
shockingly_candid,1,1,0
deservedly_ominous,1,0,1
shockingly_brazen,1,0,1
shockingly_blunt,1,1,0
shockingly_bloody,1,1,0
shockingly_confident,1,1,0
shockingly_better,1,1,0
shockingly_benign,1,1,0
deservedly_strident,1,1,0
shockingly_banal,1,1,0
desperately_alone,1,1,0
shockingly_archaic,1,0,1
shockingly_applicable,1,1,0
deservedly_obscure,1,1,0
shockingly_confrontational,1,1,0
deservedly_busy,1,1,0
shockingly_defective,1,1,0
shockingly_disruptive,1,1,0
shockingly_dishonest,1,1,0
shockingly_difficult,1,1,0
deservedly_excited,1,1,0
shockingly_devoid,1,0,1
shockingly_delicious,1,1,0
shockingly_deliberate,1,1,0
shockingly_decent,1,1,0
shockingly_consistent,1,0,1
shockingly_deadly,1,1,0
shockingly_dark,1,1,0
deservedly_fearful,1,1,0
shockingly_corrupt,1,0,1
shockingly_cool,1,1,0
shockingly_conventional,1,1,0
shockingly_contemporary,1,1,0
shockingly_apparent,1,1,0
shockingly_angry,1,1,0
shockingly_amoral,1,1,0
sharply_complex,1,0,1
desperately_cruel,1,1,0
sharply_divergent,1,0,1
desperately_curious,1,1,0
desperately_dark,1,0,1
desperately_dependent,1,1,0
sharply_creative,1,1,0
sharply_conscious,1,1,0
sharply_brilliant,1,1,0
shockingly_aggressive,1,1,0
desperately_depraved,1,1,0
desperately_depressed,1,1,0
sharply_attuned,1,1,0
sharply_antagonistic,1,1,0
desperately_derivative,1,1,0
sharply_angled,1,1,0
desperately_desperate,1,1,0
desperately_crazy,1,1,0
sharply_insensitive,1,1,0
sharply_insightful,1,1,0
sharply_intelligent,1,1,0
shockingly_aged,1,1,0
desperately_amiss,1,1,0
desperately_anecdotal,1,1,0
sharply_weaker,1,1,0
sharply_stronger,1,0,1
sharply_reminiscent,1,0,1
desperately_awkward,1,1,0
sharply_poignant,1,1,0
sharply_personal,1,1,0
sharply_perceptive,1,1,0
desperately_cheap,1,1,0
sharply_observant,1,0,1
desperately_clingy,1,1,0
sharply_modern,1,1,0
desperately_concerned,1,1,0
shockingly_distasteful,1,1,0
shockingly_dramatic,1,1,0
depressingly_narrow,1,1,0
shockingly_invasive,1,1,0
shockingly_loud,1,1,0
depressingly_recognizable,1,1,0
shockingly_light,1,1,0
shockingly_lax,1,1,0
depressingly_repetitive,1,1,0
shockingly_lame,1,1,0
shockingly_inventive,1,1,0
shockingly_intimate,1,1,0
shockingly_lyrical,1,1,0
shockingly_interesting,1,1,0
shockingly_interested,1,1,0
shockingly_intense,1,1,0
shockingly_innocuous,1,0,1
shockingly_inexpensive,1,1,0
shockingly_incapable,1,1,0
depressingly_sad,1,1,0
depressingly_realistic,1,1,0
shockingly_misleading,1,1,0
shockingly_dreadful,1,1,0
depressingly_obvious,1,1,0
depressingly_nil,1,1,0
shockingly_pleasant,1,1,0
shockingly_petty,1,1,0
shockingly_perverse,1,1,0
depressingly_numb,1,1,0
shockingly_painful,1,1,0
shockingly_outrageous,1,1,0
shockingly_oppressive,1,1,0
depressingly_prescient,1,1,0
depressingly_paltry,1,1,0
shockingly_obese,1,1,0
shockingly_nice,1,0,1
depressingly_pleasant,1,1,0
shockingly_negative,1,1,0
shockingly_narrow,1,1,0
shockingly_naive,1,1,0
shockingly_impressive,1,1,0
shockingly_important,1,0,1
shockingly_illegal,1,1,0
depressingly_tedious,1,1,0
shockingly_forgetful,1,1,0
shockingly_foreign,1,1,0
shockingly_feeble,1,1,0
shockingly_fast,1,1,0
shockingly_fancy,1,1,0
shockingly_false,1,1,0
shockingly_explicit,1,1,0
depressingly_tight,1,1,0
shockingly_ill,1,1,0
shockingly_entertaining,1,1,0
depressingly_timely,1,1,0
shockingly_electric,1,1,0
depressingly_unhappy,1,1,0
shockingly_educational,1,1,0
shockingly_dusty,1,1,0
shockingly_dull,1,0,1
shockingly_forgiving,1,1,0
shockingly_forward,1,1,0
shockingly_frank,1,1,0
shockingly_friendly,1,1,0
shockingly_identifiable,1,0,1
shockingly_human,1,1,0
shockingly_hostile,1,1,0
shockingly_hollow,1,1,0
shockingly_hilarious,1,1,0
depressingly_simple,1,1,0
depressingly_spot-on,1,1,0
shockingly_heavy,1,0,1
shockingly_healthy,1,1,0
depressingly_stereotypical,1,1,0
shockingly_great,1,1,0
depressingly_substandard,1,0,1
depressingly_tactical,1,1,0
shockingly_fun,1,1,0
shockingly_frugal,1,1,0
devastatingly_tempting,1,1,0
devastatingly_terrified,1,1,0
severely_improper,1,0,1
directly_similar,1,1,0
seriously_anxious,1,1,0
seriously_anti-social,1,1,0
seriously_annoying,1,1,0
directly_revolutionary,1,1,0
seriously_amusing,1,1,0
directly_selfish,1,0,1
seriously_ambivalent,1,1,0
seriously_allergic,1,1,0
seriously_artistic,1,1,0
seriously_alcoholic,1,0,1
directly_stimulating,1,1,0
directly_subject,1,1,0
directly_subservient,1,1,0
directly_supportive,1,1,0
seriously_adverse,1,1,0
seriously_adrift,1,1,0
seriously_arrogant,1,1,0
seriously_asleep,1,1,0
seriously_clean,1,1,0
seriously_bespoke,1,1,0
seriously_challenging,1,1,0
seriously_catholic,1,0,1
directly_predictable,1,1,0
seriously_bored,1,1,0
seriously_bold,1,1,0
seriously_bizarre,1,0,1
directly_productive,1,1,0
seriously_bent,1,0,1
seriously_attentive,1,1,0
seriously_beefy,1,0,1
directly_protective,1,0,1
seriously_badass,1,0,1
directly_reflective,1,1,0
seriously_awkward,1,1,0
directly_religious,1,1,0
seriously_aware,1,1,0
directly_technological,1,1,0
seriously_addicting,1,1,0
seriously_abusive,1,1,0
semi_legitimate,1,1,0
semi_positive,1,0,1
directly_valid,1,1,0
semi_opaque,1,1,0
directly_white,1,1,0
directly_willing,1,1,0
semi_local,1,0,1
disappointingly_absent,1,1,0
semi_interesting,1,0,1
seriously_absurd,1,1,0
semi_intact,1,1,0
semi_industrial,1,1,0
semi_human,1,0,1
semi_frantic,1,1,0
disappointingly_accessible,1,1,0
semi_final,1,1,0
semi_feral,1,1,0
semi_precious,1,1,0
directly_upset,1,1,0
semi_procedural,1,1,0
directly_unpleasant,1,1,0
seriously_abnormal,1,0,1
semi_wet,1,1,0
directly_titillating,1,0,1
directly_transactional,1,0,1
semi_translucent,1,0,1
semi_thick,1,0,1
directly_unable,1,1,0
semi_special,1,0,1
semi_solid,1,1,0
semi_soft,1,1,0
semi_smart,1,0,1
directly_uncomfortable,1,1,0
semi_sheer,1,1,0
semi_rigid,1,1,0
semi_realistic,1,0,1
seriously_chic,1,1,0
seriously_clever,1,0,1
semi_erect,1,1,0
seriously_disadvantaged,1,1,0
directly_expressive,1,1,0
seriously_dissatisfied,1,1,0
directly_faithful,1,0,1
seriously_displeased,1,1,0
directly_familiar,1,1,0
directly_female,1,1,0
directly_global,1,1,0
directly_governmental,1,1,0
seriously_divine,1,0,1
seriously_dire,1,1,0
directly_harmless,1,1,0
directly_hazardous,1,1,0
seriously_devious,1,0,1
seriously_detrimental,1,1,0
seriously_desperate,1,1,0
directly_hot,1,1,0
directly_experimental,1,1,0
seriously_doable,1,1,0
seriously_close,1,1,0
directly_educational,1,1,0
seriously_erroneous,1,1,0
seriously_erotic,1,1,0
directly_disgusting,1,1,0
directly_dismissive,1,1,0
directly_downloadable,1,1,0
seriously_enjoyable,1,0,1
directly_east,1,1,0
seriously_enchanting,1,0,1
seriously_dodgy,1,0,1
directly_effective,1,1,0
directly_emotional,1,0,1
seriously_eerie,1,0,1
seriously_educational,1,0,1
directly_empathic,1,1,0
directly_enough,1,1,0
directly_erotic,1,0,1
seriously_deranged,1,0,1
directly_impactful,1,1,0
directly_important,1,0,1
seriously_contemporary,1,0,1
directly_open,1,1,0
directly_other,1,0,1
directly_outdoors,1,1,0
directly_parallel,1,1,0
directly_peripheral,1,1,0
seriously_convinced,1,1,0
seriously_controversial,1,0,1
seriously_constructive,1,0,1
seriously_dependent,1,1,0
seriously_confusing,1,1,0
seriously_confident,1,1,0
directly_physical,1,1,0
seriously_complicated,1,1,0
directly_pop,1,1,0
directly_positive,1,1,0
seriously_clueless,1,1,0
directly_obvious,1,1,0
seriously_criminal,1,0,1
seriously_crucial,1,0,1
seriously_curious,1,1,0
directly_inconsistent,1,1,0
directly_indicative,1,1,0
directly_intensive,1,1,0
directly_interactive,1,1,0
directly_interchangeable,1,1,0
seriously_defamatory,1,1,0
seriously_deep,1,0,1
seriously_deceptive,1,1,0
directly_introspective,1,1,0
directly_man-made,1,1,0
seriously_deadly,1,1,0
seriously_dead,1,1,0
seriously_damp,1,1,0
directly_mischievous,1,1,0
seriously_custom,1,0,1
semi_famous,1,0,1
semi_dull,1,1,0
seriously_exaggerated,1,1,0
disappointingly_mundane,1,1,0
seemingly_usual,1,0,1
disappointingly_modest,1,1,0
seemingly_uphill,1,1,0
seemingly_upbeat,1,0,1
seemingly_unworthy,1,1,0
seemingly_unwilling,1,1,0
seemingly_unwanted,1,1,0
seemingly_untrue,1,1,0
seemingly_viable,1,1,0
disappointingly_perfunctory,1,1,0
disappointingly_predictable,1,1,0
seemingly_unsympathetic,1,0,1
seemingly_unsustainable,1,0,1
disappointingly_retrograde,1,0,1
seemingly_unsuitable,1,0,1
seemingly_unsuccessful,1,0,1
seemingly_vapid,1,1,0
seemingly_vindictive,1,1,0
seldom_available,1,0,1
disappointingly_malty,1,1,0
seldom_able,1,1,0
disappointingly_high,1,1,0
seismically_active,1,1,0
disappointingly_ineffective,1,1,0
disappointingly_lacklustre,1,1,0
disappointingly_lame,1,1,0
seemingly_worse,1,0,1
disappointingly_meaty,1,1,0
seemingly_violent,1,1,0
seemingly_whiter,1,1,0
seemingly_whimsical,1,1,0
seemingly_welcoming,1,1,0
disappointingly_mediocre,1,0,1
seemingly_wealthy,1,1,0
seemingly_wasteful,1,0,1
seemingly_vital,1,0,1
seemingly_unsettled,1,1,0
seemingly_unscathed,1,1,0
seemingly_unremarkable,1,1,0
seemingly_unfair,1,1,0
disappointingly_tepid,1,1,0
seemingly_unfunny,1,1,0
seemingly_unforgivable,1,0,1
disappointingly_thin,1,1,0
seemingly_unfinished,1,1,0
disappointingly_uneventful,1,1,0
disappointingly_unresolved,1,1,0
seemingly_uneventful,1,0,1
disappointingly_short,1,1,0
seemingly_unending,1,1,0
disappointingly_vulgar,1,1,0
seemingly_undisciplined,1,1,0
disappointingly_watery,1,1,0
seemingly_underdeveloped,1,1,0
seemingly_uncontroversial,1,0,1
seemingly_unconscious,1,1,0
seemingly_unharmed,1,1,0
seemingly_unimaginable,1,0,1
disappointingly_tame,1,1,0
seemingly_uninhabited,1,1,0
disappointingly_similar,1,1,0
seemingly_unreal,1,1,0
seemingly_unpredictable,1,0,1
seemingly_unpleasant,1,0,1
seemingly_unorthodox,1,1,0
seemingly_unobtrusive,1,0,1
disappointingly_simplistic,1,1,0
seemingly_unlocked,1,1,0
seemingly_unlimited,1,1,0
seemingly_unlikely,1,1,0
disappointingly_soft,1,1,0
seemingly_universal,1,0,1
seemingly_unique,1,0,1
disappointingly_stale,1,1,0
seemingly_uninspired,1,1,0
seldom_angry,1,1,0
seldom_decorative,1,1,0
semi_dry,1,1,0
self-consciously_wacky,1,1,0
self_motivated,1,1,0
disappointingly_calm,1,1,0
disappointingly_cheap,1,1,0
disappointingly_close,1,1,0
disappointingly_commonplace,1,1,0
disappointingly_defensive,1,0,1
self-consciously_whimsical,1,0,1
self-consciously_ugly,1,1,0
self_reliable,1,1,0
self-consciously_small,1,1,0
self-consciously_shy,1,1,0
self-consciously_religious,1,1,0
disappointingly_dim,1,1,0
self-consciously_playful,1,1,0
self-consciously_personal,1,1,0
self-consciously_naughty,1,1,0
disappointingly_brutal,1,1,0
self_satisfied,1,1,0
seldom_demonstrative,1,1,0
semi_casual,1,0,1
semi_dressy,1,0,1
semi_depressed,1,1,0
semi_crazy,1,0,1
semi_controversial,1,0,1
semi_conscious,1,1,0
semi_concerned,1,1,0
semi_co-operative,1,1,0
semi_boring,1,0,1
semi_accurate,1,1,0
semi_blind,1,1,0
semi_autonomous,1,1,0
disappointingly_banal,1,1,0
semi_audible,1,1,0
semi_attractive,1,1,0
semi_arid,1,1,0
semi_adjustable,1,1,0
self-consciously_mythic,1,1,0
self-consciously_liberal,1,1,0
self-consciously_islamic,1,1,0
disappointingly_flat,1,1,0
seldom_static,1,1,0
seldom_specific,1,1,0
seldom_simple,1,1,0
disappointingly_feminine,1,0,1
seldom_revelatory,1,1,0
seldom_reliable,1,1,0
seldom_ready,1,1,0
seldom_pleasant,1,1,0
self-consciously_grand,1,1,0
seldom_opposite,1,1,0
seldom_open,1,1,0
seldom_memorable,1,1,0
seldom_guilty,1,1,0
disappointingly_formulaic,1,1,0
seldom_equal,1,1,0
seldom_easy,1,0,1
seldom_stupid,1,1,0
seldom_transferable,1,1,0
seldom_unwilling,1,0,1
seldom_used,1,1,0
self-consciously_geeky,1,0,1
self-consciously_dreary,1,1,0
self-consciously_daring,1,1,0
disappointingly_fake,1,1,0
self-consciously_critical,1,1,0
self-consciously_contrived,1,0,1
self-consciously_christian,1,1,0
self-consciously_cheeky,1,1,0
self-consciously_cerebral,1,1,0
self-consciously_brazen,1,1,0
self-consciously_bizarre,1,1,0
self-consciously_beautiful,1,1,0
self-consciously_artistic,1,1,0
self-consciously_active,1,1,0
seldom_wrong,1,1,0
directly_digital,1,1,0
seriously_excited,1,1,0
severely_immature,1,1,0
seriously_unable,1,1,0
seriously_understated,1,1,0
seriously_underpaid,1,1,0
devoutly_pious,1,1,0
seriously_uncool,1,0,1
devoutly_satirical,1,1,0
seriously_uncalled,1,1,0
seriously_unbalanced,1,1,0
seriously_twisted,1,0,1
devoutly_observant,1,1,0
seriously_true,1,1,0
seriously_troublesome,1,1,0
seriously_trippy,1,1,0
seriously_tricky,1,1,0
diametrically_wrong,1,1,0
seriously_tough,1,1,0
differently_alive,1,0,1
seriously_underused,1,1,0
devoutly_loyal,1,1,0
seriously_unusual,1,1,0
seriously_unjust,1,0,1
seriously_unsavory,1,0,1
seriously_unreliable,1,1,0
seriously_unreasonable,1,0,1
devilishly_spooky,1,0,1
devilishly_subtle,1,1,0
devilishly_tasty,1,1,0
seriously_unlikely,1,1,0
seriously_unhinged,1,1,0
devoutly_interested,1,1,0
devoutly_austere,1,1,0
seriously_unfriendly,1,1,0
seriously_unforeseen,1,0,1
seriously_unfair,1,0,1
seriously_unexplained,1,1,0
seriously_unexpected,1,0,1
seriously_unequal,1,1,0
differently_ambiguous,1,0,1
differently_awesome,1,1,0
seriously_tedious,1,1,0
seriously_skewed,1,1,0
seriously_smoky,1,1,0
seriously_smelly,1,0,1
seriously_smart,1,1,0
seriously_sluggish,1,1,0
differently_funny,1,0,1
seriously_slimy,1,0,1
seriously_sleazy,1,1,0
seriously_sketchy,1,0,1
seriously_technical,1,0,1
differently_good,1,1,0
seriously_sinful,1,0,1
differently_idiotic,1,1,0
seriously_significant,1,1,0
differently_intense,1,1,0
seriously_short,1,1,0
seriously_shitty,1,0,1
seriously_solid,1,1,0
differently_functional,1,1,0
seriously_spectacular,1,1,0
seriously_spicy,1,0,1
seriously_tasty,1,1,0
differently_awkward,1,0,1
seriously_symbolic,1,0,1
seriously_sweet,1,1,0
seriously_sweaty,1,1,0
seriously_suspicious,1,0,1
seriously_surprising,1,1,0
seriously_superior,1,0,1
seriously_substantive,1,1,0
differently_beautiful,1,1,0
differently_dark,1,1,0
seriously_stuck,1,1,0
differently_delicious,1,1,0
seriously_spot-on,1,1,0
seriously_spooky,1,0,1
devilishly_smart,1,1,0
seriously_unwise,1,0,1
differently_nuanced,1,0,1
developmentally_mature,1,1,0
severely_discriminatory,1,1,0
developmentally_cool,1,1,0
developmentally_debilitating,1,1,0
developmentally_incapable,1,1,0
severely_devastating,1,1,0
severely_detrimental,1,1,0
developmentally_incorrect,1,1,0
severely_delusional,1,1,0
developmentally_beneficial,1,1,0
developmentally_normal,1,1,0
developmentally_ready,1,1,0
severely_defective,1,1,0
developmentally_related,1,1,0
developmentally_similar,1,1,0
developmentally_typical,1,1,0
devilishly_charming,1,1,0
severely_disoriented,1,1,0
severely_dissatisfied,1,1,0
seriously_uplifting,1,1,0
devastatingly_unprepared,1,1,0
severely_imbalanced,1,1,0
severely_ill-advised,1,1,0
devastatingly_tired,1,1,0
severely_hungover,1,1,0
severely_horizontal,1,1,0
devastatingly_ugly,1,1,0
devastatingly_unfavorable,1,1,0
severely_guilty,1,1,0
developmentally_advanced,1,1,0
severely_frightening,1,1,0
severely_fragmented,1,1,0
devastatingly_vulnerable,1,1,0
severely_faulty,1,1,0
severely_fashionable,1,0,1
devastatingly_wrong,1,0,1
developmentally_able,1,0,1
severely_cramped,1,1,0
severely_counterproductive,1,1,0
severely_confused,1,1,0
devilishly_obscure,1,0,1
devilishly_impulsive,1,0,1
devilishly_malignant,1,1,0
devilishly_mundane,1,1,0
seriously_wonky,1,1,0
seriously_windy,1,1,0
seriously_willing,1,1,0
seriously_wild,1,0,1
devilishly_pleasing,1,1,0
severely_complicated,1,1,0
seriously_vulnerable,1,1,0
seriously_violent,1,0,1
seriously_vast,1,1,0
seriously_useless,1,0,1
devilishly_satisfying,1,0,1
devilishly_sexy,1,1,0
devilishly_similar,1,1,0
seriously_young,1,0,1
devilishly_fun,1,0,1
severely_accountable,1,1,0
severely_acute,1,1,0
severely_close,1,1,0
severely_claustrophobic,1,1,0
severely_bereft,1,0,1
severely_awesome,1,1,0
devilishly_complicated,1,1,0
severely_askew,1,1,0
devilishly_coy,1,1,0
devilishly_decadent,1,0,1
severely_angry,1,1,0
devilishly_deep,1,0,1
devilishly_delicious,1,1,0
devilishly_different,1,0,1
severely_agitated,1,1,0
severely_aggressive,1,1,0
severely_aged,1,1,0
differently_moral,1,1,0
seriously_scientific,1,0,1
seriously_exciting,1,0,1
seriously_impaired,1,1,0
seriously_inappropriate,1,0,1
directly_apparent,1,1,0
seriously_inaccurate,1,1,0
directly_appropriate,1,1,0
directly_attractive,1,1,0
directly_awkward,1,1,0
seriously_impolite,1,1,0
seriously_impactful,1,0,1
seriously_inconvenient,1,1,0
seriously_immoral,1,1,0
seriously_illegal,1,1,0
directly_bad,1,1,0
seriously_hypnotic,1,1,0
directly_cerebral,1,0,1
directly_cheesy,1,1,0
directly_civilian,1,1,0
directly_antithetical,1,1,0
directly_akin,1,0,1
seriously_jaded,1,1,0
seriously_intensive,1,1,0
seriously_irritated,1,1,0
seriously_irresponsible,1,1,0
seriously_ironic,1,1,0
dimly_hopeful,1,0,1
seriously_invasive,1,1,0
seriously_intrepid,1,1,0
dimly_related,1,1,0
seriously_intense,1,1,0
seriously_individual,1,0,1
seriously_intelligent,1,1,0
seriously_insulting,1,1,0
seriously_insufficient,1,1,0
seriously_inspirational,1,1,0
seriously_injurious,1,0,1
seriously_injured,1,1,0
seriously_indulgent,1,0,1
seriously_horrible,1,0,1
seriously_hopeful,1,1,0
seriously_honest,1,1,0
directly_culpable,1,1,0
directly_criminal,1,1,0
directly_crucial,1,1,0
seriously_frightful,1,0,1
seriously_frightened,1,1,0
seriously_friendly,1,1,0
seriously_fresh,1,1,0
seriously_formal,1,1,0
directly_democratic,1,1,0
directly_clean,1,1,0
seriously_flabbergasted,1,1,0
directly_dependant,1,1,0
seriously_filthy,1,1,0
seriously_far-fetched,1,1,0
seriously_famous,1,1,0
seriously_experienced,1,1,0
directly_diabolical,1,0,1
directly_controllable,1,1,0
seriously_glamorous,1,1,0
seriously_gnarly,1,0,1
seriously_goofy,1,1,0
seriously_heinous,1,0,1
seriously_hectic,1,1,0
seriously_heavy,1,1,0
seriously_heartfelt,1,1,0
seriously_healthy,1,1,0
seriously_hazardous,1,1,0
seriously_harmful,1,1,0
seriously_hardcore,1,1,0
seriously_hard,1,1,0
seriously_happy,1,1,0
directly_commercial,1,1,0
seriously_gross,1,1,0
directly_communicative,1,1,0
directly_complicit,1,1,0
directly_confrontational,1,1,0
seriously_islamic,1,1,0
dimly_conscious,1,1,0
seriously_schizophrenic,1,1,0
seriously_posh,1,0,1
seriously_provocative,1,0,1
seriously_proud,1,1,0
seriously_proof,1,1,0
differently_real,1,1,0
seriously_practical,1,1,0
differently_sensitive,1,1,0
seriously_potential,1,1,0
seriously_poor,1,1,0
seriously_qualified,1,1,0
seriously_political,1,1,0
seriously_poisonous,1,1,0
differently_special,1,0,1
differently_strong,1,1,0
seriously_perverse,1,1,0
differently_unattractive,1,1,0
seriously_perplexing,1,1,0
seriously_psychotic,1,1,0
differently_rarer,1,1,0
dimly_charming,1,1,0
seriously_romantic,1,0,1
differently_other,1,0,1
seriously_scared,1,1,0
differently_pigmented,1,1,0
differently_privileged,1,1,0
seriously_sad,1,0,1
seriously_rude,1,1,0
differently_productive,1,1,0
differently_prominent,1,1,0
seriously_ready,1,1,0
seriously_retro,1,1,0
seriously_reprehensible,1,1,0
seriously_relaxing,1,1,0
differently_qualitative,1,0,1
seriously_regressive,1,1,0
seriously_refreshing,1,0,1
seriously_real,1,1,0
differently_unique,1,1,0
seriously_overwhelming,1,1,0
seriously_overpriced,1,1,0
digitally_sophisticated,1,1,0
digitally_obscure,1,1,0
digitally_perfect,1,1,0
digitally_rich,1,1,0
digitally_secure,1,1,0
seriously_minor,1,1,0
seriously_major,1,0,1
seriously_magnetic,1,0,1
seriously_lower,1,1,0
differently_useful,1,1,0
seriously_low,1,1,0
seriously_long,1,1,0
seriously_laughable,1,1,0
digitally_superior,1,1,0
digitally_unorganized,1,1,0
digitally_vulnerable,1,1,0
seriously_kinky,1,1,0
digitally_new,1,0,1
digitally_interactive,1,1,0
digitally_downloadable,1,1,0
seriously_neurotic,1,1,0
seriously_outrageous,1,1,0
differently_wrong,1,0,1
seriously_open,1,1,0
seriously_one-dimensional,1,1,0
digitally_advanced,1,1,0
seriously_offensive,1,1,0
digitally_akin,1,0,1
seriously_off,1,1,0
seriously_odd,1,0,1
digitally_astute,1,1,0
digitally_aware,1,1,0
digitally_competent,1,1,0
seriously_obedient,1,0,1
seriously_nice,1,1,0
digitally_distressed,1,1,0
distressingly_bad,1,1,0
roughly_proportional,1,1,0
significantly_distinctive,1,1,0
downright_menacing,1,1,0
relatively_unprecedented,1,0,1
relatively_unpopular,1,1,0
relatively_unorthodox,1,1,0
downright_malignant,1,1,0
downright_mandatory,1,1,0
downright_massive,1,1,0
downright_melancholic,1,0,1
relatively_universal,1,1,0
downright_macabre,1,1,0
relatively_united,1,1,0
downright_mesmerising,1,1,0
relatively_uninteresting,1,1,0
downright_mesmerizing,1,1,0
downright_microscopic,1,1,0
downright_miffed,1,1,0
downright_mind-boggling,1,1,0
downright_macho,1,1,0
downright_lucrative,1,1,0
relatively_unfortunate,1,1,0
relatively_unstructured,1,1,0
relatively_unwilling,1,1,0
relatively_untrained,1,1,0
downright_life-threatening,1,1,0
downright_lighthearted,1,1,0
downright_likable,1,1,0
downright_livid,1,1,0
downright_lonely,1,1,0
relatively_unstable,1,1,0
downright_lucky,1,1,0
relatively_unsophisticated,1,1,0
downright_loopy,1,1,0
relatively_unsettling,1,1,0
relatively_unsettled,1,1,0
downright_low,1,1,0
relatively_unsatisfied,1,1,0
relatively_unresponsive,1,1,0
relatively_unharmed,1,1,0
relatively_unfazed,1,1,0
downright_smart,1,1,0
downright_neurotic,1,1,0
relatively_unattractive,1,1,0
downright_nefarious,1,1,0
relatively_turbulent,1,1,0
downright_nerve-wracking,1,1,0
relatively_trite,1,1,0
relatively_tricky,1,1,0
relatively_trendy,1,0,1
downright_nightmarish,1,1,0
relatively_uncertain,1,1,0
relatively_toxic,1,1,0
relatively_tougher,1,1,0
relatively_tolerant,1,1,0
relatively_toasty,1,0,1
downright_nihilistic,1,1,0
relatively_timid,1,1,0
downright_non-existent,1,1,0
relatively_unaware,1,1,0
downright_nauseating,1,1,0
downright_miniscule,1,1,0
downright_morbid,1,1,0
downright_mischievous,1,1,0
relatively_unexplored,1,1,0
downright_missing,1,1,0
relatively_uneven,1,1,0
downright_monotonous,1,1,0
relatively_undocumented,1,1,0
downright_moody,1,1,0
relatively_understandable,1,1,0
relatively_uncharted,1,0,1
relatively_unconventional,1,0,1
downright_mournful,1,1,0
relatively_uncontrollable,1,1,0
relatively_uncompromising,1,1,0
downright_mysterious,1,0,1
relatively_unclear,1,1,0
relatively_unchecked,1,1,0
relatively_useful,1,0,1
downright_judgemental,1,1,0
downright_joyful,1,1,0
relentlessly_good,1,1,0
relentlessly_infectious,1,0,1
relentlessly_ideological,1,1,0
relentlessly_horrible,1,1,0
relentlessly_honest,1,1,0
relentlessly_happy,1,1,0
relentlessly_grim,1,1,0
relentlessly_graphic,1,1,0
relentlessly_giddy,1,1,0
downright_insignificant,1,0,1
relentlessly_generic,1,0,1
downright_inspirational,1,0,1
relentlessly_far-fetched,1,1,0
downright_inspired,1,1,0
relentlessly_energetic,1,1,0
relentlessly_endearing,1,0,1
relentlessly_embarrassing,1,1,0
downright_insipid,1,1,0
relentlessly_ironic,1,1,0
relatively_versatile,1,1,0
relentlessly_persistent,1,1,0
relentlessly_regular,1,1,0
relentlessly_real,1,1,0
downright_innocent,1,1,0
relentlessly_predictable,1,1,0
downright_inscrutable,1,1,0
relentlessly_pointless,1,1,0
relentlessly_pessimistic,1,1,0
relentlessly_passionate,1,1,0
relentlessly_irritating,1,0,1
relentlessly_original,1,1,0
relentlessly_ongoing,1,1,0
downright_insidious,1,0,1
relentlessly_mountainous,1,1,0
relentlessly_modest,1,0,1
relentlessly_modern,1,1,0
relentlessly_microscopic,1,0,1
relentlessly_educational,1,1,0
relentlessly_dumb,1,1,0
downright_insufferable,1,1,0
relatively_weekly,1,1,0
downright_intriguing,1,1,0
downright_invasive,1,1,0
downright_invigorating,1,0,1
relatively_wrong,1,1,0
downright_inviting,1,0,1
relatively_wholesome,1,1,0
relatively_whole,1,0,1
relatively_weaker,1,1,0
relentlessly_dismissive,1,1,0
downright_jarring,1,1,0
relatively_watchable,1,1,0
downright_jaw-dropping,1,1,0
downright_jittery,1,1,0
relatively_vital,1,1,0
relatively_vigorous,1,1,0
relatively_victorious,1,1,0
relatively_yummy,1,0,1
relentlessly_accessible,1,0,1
relentlessly_artificial,1,0,1
relentlessly_artistic,1,1,0
relentlessly_dirty,1,1,0
relentlessly_direct,1,0,1
relentlessly_depressing,1,1,0
relentlessly_cynical,1,1,0
relentlessly_cruel,1,1,0
downright_intense,1,1,0
relentlessly_conservative,1,1,0
relentlessly_clueless,1,1,0
relentlessly_challenging,1,1,0
relentlessly_captivating,1,1,0
relentlessly_bloody,1,0,1
relentlessly_bleak,1,0,1
relentlessly_beautiful,1,1,0
relentlessly_autobiographical,1,1,0
relentlessly_attuned,1,1,0
relatively_tight,1,1,0
relatively_tidy,1,1,0
downright_normal,1,1,0
downright_riveting,1,1,0
relatively_refreshing,1,0,1
relatively_recognizable,1,0,1
relatively_reclusive,1,0,1
downright_retro,1,0,1
relatively_reassuring,1,1,0
downright_rich,1,1,0
relatively_real,1,1,0
downright_romantic,1,1,0
downright_restless,1,1,0
downright_rough,1,1,0
downright_rugged,1,1,0
downright_rural,1,1,0
relatively_quantitative,1,1,0
relatively_qualified,1,1,0
relatively_pure,1,1,0
relatively_puny,1,1,0
relatively_regular,1,1,0
relatively_relaxing,1,1,0
downright_psychic,1,1,0
relatively_robust,1,0,1
downright_psychotic,1,1,0
downright_racy,1,1,0
downright_radical,1,0,1
downright_rainy,1,1,0
downright_reassuring,1,1,0
relatively_routine,1,1,0
downright_reductive,1,1,0
downright_refreshing,1,0,1
downright_respectful,1,1,0
downright_regressive,1,1,0
downright_remarkable,1,0,1
downright_reprehensible,1,1,0
relatively_revolutionary,1,0,1
relatively_respectful,1,1,0
downright_repugnant,1,1,0
relatively_religious,1,1,0
relatively_public,1,1,0
relatively_proud,1,1,0
relatively_prominent,1,1,0
downright_sincere,1,1,0
relatively_pleasurable,1,0,1
downright_shoddy,1,1,0
downright_shrill,1,1,0
relatively_platonic,1,0,1
relatively_placid,1,1,0
relatively_pessimistic,1,1,0
relatively_personal,1,0,1
downright_sketchy,1,1,0
downright_sarcastic,1,1,0
relatively_pedestrian,1,1,0
relatively_peachy,1,1,0
downright_sleepy,1,1,0
relatively_partial,1,1,0
downright_slimy,1,1,0
relatively_paltry,1,1,0
downright_slow,1,1,0
downright_shameless,1,1,0
downright_sensitive,1,1,0
relatively_political,1,1,0
downright_sensible,1,1,0
relatively_profitable,1,1,0
relatively_productive,1,1,0
downright_satirical,1,1,0
relatively_private,1,1,0
downright_savage,1,0,1
downright_scarier,1,1,0
downright_scathing,1,1,0
relatively_precise,1,0,1
relatively_practical,1,0,1
downright_sceptical,1,1,0
downright_scottish,1,1,0
relatively_posh,1,1,0
relatively_porous,1,1,0
downright_senseless,1,1,0
relatively_poorer,1,1,0
relatively_scalable,1,0,1
downright_proud,1,0,1
downright_notorious,1,1,0
downright_opaque,1,1,0
relatively_suave,1,1,0
downright_ominous,1,0,1
relatively_stupid,1,0,1
relatively_stronger,1,1,0
downright_onerous,1,1,0
relatively_strict,1,1,0
relatively_streamlined,1,1,0
downright_operatic,1,1,0
relatively_substantial,1,0,1
downright_ordinary,1,1,0
downright_original,1,1,0
relatively_stationary,1,1,0
downright_ostentatious,1,1,0
downright_outdated,1,1,0
relatively_spry,1,1,0
relatively_speedy,1,1,0
relatively_subdued,1,1,0
downright_off-kilter,1,1,0
downright_primitive,1,0,1
relatively_sympathetic,1,1,0
relatively_thankless,1,0,1
relatively_terse,1,1,0
relatively_tense,1,1,0
relatively_tender,1,1,0
relatively_tedious,1,1,0
downright_objectionable,1,1,0
downright_obsessed,1,1,0
relatively_swift,1,1,0
relatively_succinct,1,1,0
relatively_sweet,1,1,0
relatively_surprised,1,1,0
downright_obstinate,1,1,0
relatively_superfluous,1,1,0
relatively_super,1,0,1
relatively_summery,1,1,0
relatively_sudden,1,1,0
relatively_specialized,1,1,0
downright_passionate,1,1,0
relatively_southern,1,1,0
downright_predictable,1,1,0
downright_pitiful,1,1,0
downright_pivotal,1,1,0
downright_plain,1,1,0
downright_playful,1,1,0
relatively_shitty,1,0,1
relatively_sheer,1,1,0
downright_political,1,1,0
relatively_sensitive,1,1,0
relatively_sophisticated,1,1,0
relatively_sensible,1,0,1
relatively_senior,1,1,0
downright_pricey,1,1,0
relatively_self-explanatory,1,1,0
relatively_self-aware,1,1,0
relatively_sedate,1,1,0
downright_primal,1,0,1
downright_picky,1,1,0
downright_physical,1,1,0
relatively_silly,1,0,1
downright_phenomenal,1,1,0
downright_peachy,1,1,0
downright_pedantic,1,1,0
relatively_socialist,1,1,0
relatively_sobering,1,1,0
relatively_sober,1,0,1
downright_penetrating,1,1,0
relatively_smarter,1,1,0
relatively_smart,1,1,0
downright_perilous,1,1,0
relatively_slower,1,1,0
downright_personal,1,1,0
relatively_slight,1,1,0
downright_pertinent,1,1,0
downright_pessimistic,1,1,0
relatively_simpler,1,1,0
relentlessly_rigid,1,1,0
relentlessly_sharp,1,0,1
relentlessly_showy,1,1,0
remarkably_corny,1,1,0
remarkably_cynical,1,1,0
downright_glamorous,1,1,0
remarkably_creepy,1,0,1
downright_gloomy,1,1,0
remarkably_coy,1,1,0
remarkably_counterintuitive,1,1,0
remarkably_costly,1,1,0
remarkably_cordial,1,1,0
remarkably_daring,1,1,0
downright_gracious,1,1,0
downright_grainy,1,1,0
remarkably_convenient,1,1,0
remarkably_continuous,1,1,0
downright_graphic,1,1,0
remarkably_constant,1,1,0
downright_greedy,1,1,0
remarkably_dangerous,1,1,0
remarkably_decadent,1,0,1
remarkably_elastic,1,1,0
remarkably_diversified,1,1,0
remarkably_educated,1,1,0
downright_fond,1,1,0
remarkably_earnest,1,1,0
remarkably_early,1,1,0
remarkably_dumb,1,1,0
remarkably_dull,1,1,0
remarkably_docile,1,1,0
downright_free,1,1,0
remarkably_deep,1,1,0
remarkably_dismissive,1,1,0
downright_frightened,1,1,0
remarkably_direct,1,1,0
downright_geeky,1,1,0
remarkably_devious,1,1,0
downright_gentle,1,1,0
remarkably_delightful,1,0,1
remarkably_conscientious,1,1,0
remarkably_congruent,1,1,0
remarkably_confused,1,1,0
remarkably_better,1,1,0
downright_heartwarming,1,0,1
remarkably_british,1,0,1
downright_heavenly,1,0,1
remarkably_brief,1,1,0
remarkably_boring,1,1,0
remarkably_blase,1,1,0
remarkably_big,1,1,0
remarkably_beneficial,1,0,1
downright_gritty,1,1,0
downright_heavy,1,1,0
downright_helpful,1,1,0
remarkably_awkward,1,0,1
downright_helpless,1,1,0
remarkably_available,1,1,0
remarkably_athletic,1,1,0
downright_hidden,1,1,0
remarkably_brutal,1,0,1
downright_hawkish,1,1,0
downright_haunting,1,1,0
remarkably_capable,1,1,0
remarkably_competitive,1,1,0
downright_groundbreaking,1,1,0
downright_guilty,1,1,0
downright_gullible,1,1,0
remarkably_cohesive,1,1,0
remarkably_clueless,1,1,0
downright_gut-wrenching,1,1,0
downright_handy,1,1,0
downright_happy,1,1,0
downright_hardcore,1,1,0
remarkably_chilling,1,0,1
remarkably_childlike,1,0,1
remarkably_cheery,1,1,0
remarkably_cheap,1,1,0
remarkably_catchy,1,1,0
downright_flimsy,1,1,0
remarkably_eloquent,1,1,0
remarkably_appropriate,1,0,1
remarkably_honest,1,0,1
remarkably_identical,1,1,0
remarkably_humane,1,0,1
remarkably_human-like,1,1,0
remarkably_human,1,0,1
remarkably_huge,1,1,0
remarkably_hot,1,0,1
remarkably_hopeful,1,0,1
remarkably_homogenous,1,1,0
remarkably_immobile,1,1,0
downright_familiar,1,0,1
remarkably_hideous,1,1,0
remarkably_heterogeneous,1,1,0
remarkably_heroic,1,1,0
remarkably_helpful,1,1,0
remarkably_heartening,1,0,1
remarkably_healthy,1,1,0
remarkably_illiterate,1,1,0
downright_faithful,1,1,0
remarkably_empathetic,1,0,1
downright_extraordinary,1,0,1
remarkably_intimate,1,0,1
downright_existential,1,1,0
remarkably_interdependent,1,1,0
remarkably_interchangeable,1,1,0
downright_experimental,1,1,0
downright_explosive,1,1,0
remarkably_insane,1,1,0
downright_extravagant,1,1,0
downright_fabulous,1,1,0
remarkably_informative,1,0,1
remarkably_informal,1,1,0
remarkably_inexpensive,1,1,0
remarkably_inept,1,1,0
remarkably_independent,1,1,0
downright_extreme,1,1,0
downright_eye-catching,1,1,0
remarkably_harmonious,1,1,0
downright_famous,1,1,0
remarkably_happy,1,1,0
remarkably_extraordinary,1,0,1
remarkably_flattering,1,1,0
downright_fictitious,1,1,0
downright_finicky,1,1,0
remarkably_feminine,1,0,1
remarkably_fanatical,1,1,0
downright_flattered,1,1,0
remarkably_faithful,1,1,0
downright_flattering,1,1,0
downright_fanatical,1,1,0
remarkably_exciting,1,1,0
remarkably_exact,1,1,0
remarkably_evocative,1,1,0
downright_flawless,1,1,0
remarkably_entrepreneurial,1,1,0
remarkably_energetic,1,1,0
remarkably_endearing,1,1,0
remarkably_focused,1,1,0
remarkably_formal,1,1,0
remarkably_fortunate,1,1,0
downright_ferocious,1,1,0
remarkably_gullible,1,1,0
remarkably_gross,1,1,0
remarkably_grim,1,0,1
remarkably_green,1,1,0
remarkably_great,1,1,0
remarkably_gracious,1,1,0
downright_fanciful,1,1,0
remarkably_glib,1,0,1
downright_fancy,1,1,0
downright_far-fetched,1,1,0
remarkably_general,1,1,0
remarkably_garish,1,1,0
downright_fatal,1,1,0
remarkably_fruitful,1,1,0
downright_faulty,1,1,0
remarkably_apt,1,1,0
remarkably_approachable,1,0,1
relentlessly_silly,1,1,0
reliably_productive,1,1,0
reliably_right-wing,1,0,1
downright_ineffective,1,1,0
downright_ineffectual,1,1,0
reliably_reproducible,1,1,0
reliably_refreshing,1,0,1
reliably_red,1,1,0
reliably_realistic,1,1,0
reliably_predictive,1,1,0
reliably_skilled,1,1,0
reliably_predictable,1,1,0
reliably_polished,1,1,0
reliably_objective,1,1,0
reliably_mundane,1,1,0
reliably_meaningful,1,1,0
reliably_liberal,1,1,0
reliably_incisive,1,1,0
reliably_short,1,1,0
reliably_slick,1,1,0
downright_incriminating,1,1,0
reliably_true,1,1,0
religiously_adequate,1,1,0
religiously_acceptable,1,1,0
reliably_warm,1,1,0
reliably_vegan,1,1,0
reliably_valuable,1,1,0
reliably_unreliable,1,1,0
reliably_uninterested,1,1,0
reliably_tough,1,0,1
reliably_sly,1,1,0
reliably_tight,1,1,0
reliably_thrilling,1,0,1
reliably_surprising,1,0,1
reliably_superior,1,1,0
reliably_successful,1,1,0
reliably_steady,1,1,0
downright_indifferent,1,1,0
reliably_inaccurate,1,1,0
reliably_human,1,1,0
reliably_hardy,1,1,0
reliably_amusing,1,1,0
reliably_comfortable,1,0,1
reliably_cheap,1,1,0
reliably_bright,1,1,0
reliably_blue,1,1,0
reliably_bland,1,1,0
reliably_best,1,0,1
reliably_available,1,1,0
reliably_agreeable,1,0,1
reliably_hardcore,1,1,0
reliably_accurate,1,1,0
reliably_able,1,1,0
downright_injurious,1,0,1
relentlessly_therapeutic,1,0,1
relentlessly_sweet,1,1,0
relentlessly_stupid,1,1,0
relentlessly_stalwart,1,1,0
reliably_commercial,1,0,1
reliably_correct,1,1,0
reliably_crass,1,1,0
reliably_crisp,1,0,1
reliably_handy,1,1,0
reliably_gruff,1,1,0
downright_inefficient,1,1,0
downright_inexpensive,1,1,0
reliably_funny,1,1,0
reliably_free,1,1,0
reliably_familiar,1,1,0
reliably_fair,1,1,0
reliably_excellent,1,1,0
reliably_engaging,1,1,0
reliably_effective,1,1,0
downright_inferior,1,1,0
reliably_distinct,1,0,1
downright_inhuman,1,1,0
reliably_cute,1,1,0
religiously_aware,1,1,0
religiously_consistent,1,1,0
remarkably_anti-israel,1,1,0
religiously_shallow,1,1,0
religiously_unconcerned,1,1,0
religiously_unacceptable,1,1,0
downright_hot,1,1,0
religiously_traditional,1,1,0
downright_humbling,1,1,0
religiously_specific,1,1,0
religiously_significant,1,1,0
religiously_satisfying,1,1,0
religiously_unorthodox,1,1,0
religiously_sacred,1,0,1
religiously_righteous,1,0,1
religiously_right,1,1,0
religiously_repugnant,1,1,0
religiously_religious,1,1,0
religiously_related,1,1,0
downright_iconic,1,1,0
religiously_unique,1,1,0
religiously_unpopular,1,1,0
religiously_controversial,1,1,0
remarkably_advanced,1,1,0
remarkably_amenable,1,1,0
remarkably_ambivalent,1,1,0
downright_hokey,1,1,0
remarkably_agile,1,1,0
remarkably_aggressive,1,1,0
downright_homely,1,1,0
remarkably_adventurous,1,1,0
remarkably_adept,1,1,0
religiously_weary,1,1,0
remarkably_adaptable,1,1,0
remarkably_acute,1,1,0
downright_hopeless,1,1,0
downright_horny,1,1,0
remarkably_absent,1,1,0
religiously_zealous,1,1,0
downright_horrendous,1,1,0
religiously_provocative,1,1,0
religiously_prophetic,1,1,0
religiously_populist,1,0,1
religiously_equivalent,1,1,0
downright_inaccessible,1,1,0
religiously_important,1,1,0
downright_incapable,1,1,0
downright_incoherent,1,1,0
religiously_fearful,1,1,0
downright_incompetent,1,1,0
religiously_extreme,1,1,0
religiously_dogmatic,1,1,0
downright_ill,1,1,0
religiously_disrespectful,1,1,0
religiously_discriminatory,1,1,0
downright_incredulous,1,1,0
religiously_delicate,1,1,0
religiously_defamatory,1,1,0
religiously_deep,1,1,0
religiously_correct,1,1,0
religiously_incorrect,1,1,0
downright_imposing,1,1,0
religiously_innovative,1,1,0
religiously_insensitive,1,1,0
religiously_orthodox,1,1,0
religiously_oriented,1,1,0
downright_illegitimate,1,1,0
religiously_oblivious,1,1,0
religiously_objectionable,1,1,0
downright_illusory,1,1,0
religiously_mystical,1,1,0
downright_imaginative,1,1,0
religiously_mixed,1,0,1
religiously_mature,1,1,0
downright_impeccable,1,0,1
downright_imperfect,1,1,0
religiously_islamic,1,1,0
religiously_irrelevant,1,1,0
downright_implausible,1,1,0
relatively_pain-free,1,1,0
relatively_overweight,1,1,0
distressingly_bland,1,1,0
refreshingly_relatable,1,1,0
refreshingly_sour,1,0,1
dramatically_pedestrian,1,0,1
refreshingly_short,1,1,0
refreshingly_romantic,1,1,0
refreshingly_risky,1,0,1
refreshingly_reminiscent,1,1,0
dramatically_political,1,1,0
refreshingly_realistic,1,1,0
dramatically_pale,1,1,0
refreshingly_real,1,0,1
refreshingly_rare,1,0,1
refreshingly_random,1,0,1
refreshingly_radical,1,1,0
refreshingly_quiet,1,1,0
refreshingly_quaint,1,0,1
refreshingly_primal,1,0,1
refreshingly_spontaneous,1,0,1
refreshingly_surprising,1,1,0
refreshingly_perverse,1,1,0
refreshingly_underground,1,0,1
refreshingly_useful,1,0,1
refreshingly_upfront,1,1,0
refreshingly_unusual,1,1,0
dramatically_more,1,1,0
dramatically_murky,1,1,0
dramatically_narrower,1,1,0
dramatically_natural,1,0,1
refreshingly_trivial,1,0,1
refreshingly_surreal,1,1,0
dramatically_overdone,1,1,0
dramatically_overrated,1,1,0
refreshingly_thoughtful,1,1,0
refreshingly_terrifying,1,0,1
refreshingly_tart,1,1,0
refreshingly_tangible,1,0,1
dramatically_overweight,1,1,0
dramatically_powerful,1,1,0
refreshingly_parochial,1,0,1
relatively_outlandish,1,1,0
dramatically_shy,1,1,0
refreshingly_juicy,1,1,0
refreshingly_joyful,1,1,0
refreshingly_ironic,1,0,1
refreshingly_inventive,1,1,0
refreshingly_innovative,1,1,0
dramatically_selective,1,1,0
refreshingly_inexpensive,1,1,0
refreshingly_inclusive,1,1,0
refreshingly_light,1,0,1
refreshingly_ideal,1,1,0
refreshingly_humorous,1,1,0
dramatically_simple,1,0,1
dramatically_slow,1,1,0
refreshingly_hairy,1,1,0
refreshingly_great,1,0,1
refreshingly_good,1,1,0
refreshingly_liberating,1,0,1
refreshingly_likeable,1,0,1
dramatically_pricier,1,1,0
refreshingly_normal,1,0,1
dramatically_rapid,1,1,0
dramatically_realistic,1,0,1
dramatically_rewarding,1,1,0
refreshingly_odd,1,0,1
refreshingly_oblivious,1,1,0
refreshingly_obedient,1,0,1
refreshingly_novel,1,0,1
dramatically_riveting,1,1,0
refreshingly_loose,1,1,0
refreshingly_necessary,1,1,0
refreshingly_modest,1,1,0
refreshingly_modern,1,0,1
refreshingly_mellow,1,1,0
refreshingly_lucid,1,1,0
refreshingly_low-tech,1,0,1
refreshingly_low,1,1,0
refreshingly_welcome,1,1,0
refreshingly_welcoming,1,1,0
dramatically_modern,1,1,0
relatively_absent,1,1,0
dramatically_inert,1,1,0
dramatically_intense,1,1,0
relatively_academic,1,1,0
relatively_abundant,1,1,0
dramatically_larger,1,1,0
relatively_absorbent,1,1,0
relatively_absolute,1,1,0
relatively_able,1,1,0
dramatically_incongruous,1,0,1
regularly_willing,1,1,0
regularly_unused,1,1,0
regularly_uncommon,1,0,1
regularly_successful,1,1,0
regularly_similar,1,1,0
regularly_present,1,1,0
regularly_open,1,1,0
relatively_achievable,1,1,0
relatively_adorable,1,0,1
refreshingly_wonderful,1,0,1
dramatically_heartwarming,1,1,0
dramatically_gripping,1,1,0
relatively_austere,1,1,0
relatively_audacious,1,0,1
dramatically_haunting,1,0,1
relatively_astounding,1,0,1
relatively_arcane,1,0,1
relatively_apparent,1,0,1
dramatically_high,1,1,0
dramatically_inclined,1,1,0
relatively_amateur,1,1,0
relatively_alright,1,1,0
relatively_alike,1,1,0
dramatically_impressive,1,1,0
dramatically_inaccurate,1,1,0
relatively_adverse,1,1,0
dramatically_incisive,1,1,0
regularly_negative,1,1,0
regularly_mistaken,1,1,0
regularly_misleading,1,1,0
regionally_diverse,1,1,0
regionally_influential,1,1,0
dramatically_mexican,1,0,1
regionally_ignorant,1,1,0
regionally_focused,1,1,0
regionally_famous,1,1,0
regionally_extinct,1,1,0
regionally_exclusive,1,1,0
regionally_distinctive,1,1,0
regularly_late,1,1,0
regionally_disruptive,1,1,0
dramatically_mistaken,1,1,0
regionally_dependent,1,1,0
regionally_controversial,1,1,0
regionally_close,1,1,0
dramatically_misunderstood,1,1,0
regionally_advanced,1,1,0
dramatically_manipulative,1,1,0
regionally_responsive,1,1,0
regionally_sensitive,1,1,0
dramatically_lopsided,1,1,0
regularly_involved,1,1,0
regularly_inclined,1,1,0
regularly_free,1,1,0
regularly_enough,1,1,0
regularly_due,1,1,0
regularly_drunk,1,1,0
regularly_disappointed,1,1,0
regularly_confused,1,1,0
dramatically_lazy,1,1,0
dramatically_liberating,1,1,0
regularly_active,1,1,0
regularly_accessible,1,1,0
regionally_stronger,1,1,0
regionally_strange,1,0,1
dramatically_life-changing,1,1,0
dramatically_sophisticated,1,0,1
refreshingly_fun,1,0,1
refreshingly_full,1,1,0
drastically_creative,1,0,1
recklessly_curious,1,1,0
drastically_awful,1,1,0
recklessly_aggressive,1,1,0
recently_young,1,1,0
recently_vulnerable,1,1,0
recently_untested,1,1,0
drastically_big,1,0,1
recently_unaware,1,1,0
recklessly_expensive,1,1,0
recently_unacceptable,1,1,0
recently_unable,1,1,0
recently_turbulent,1,1,0
recently_subject,1,1,0
recently_spooky,1,0,1
recently_sober,1,1,0
drastically_daring,1,0,1
recklessly_dangerous,1,1,0
recklessly_false,1,1,0
recklessly_unjust,1,1,0
dramatically_younger,1,0,1
dramatically_wealthier,1,1,0
recklessly_selfish,1,1,0
recklessly_problematic,1,1,0
recklessly_personal,1,0,1
recklessly_passionate,1,1,0
recklessly_opportunistic,1,1,0
recklessly_naive,1,1,0
recklessly_irresponsible,1,1,0
recklessly_foolish,1,1,0
recklessly_inventive,1,1,0
drastically_allergic,1,1,0
recklessly_incompetent,1,1,0
recklessly_inane,1,1,0
recklessly_impulsive,1,1,0
recklessly_impatient,1,1,0
recklessly_generous,1,1,0
drastically_deficient,1,1,0
recently_short,1,0,1
recently_responsible,1,1,0
drastically_imperfect,1,0,1
drastically_high,1,1,0
recently_green,1,1,0
recently_good,1,1,0
recently_furious,1,0,1
recently_fresh,1,1,0
recently_fashionable,1,1,0
drastically_ill,1,1,0
drastically_impossible,1,0,1
recently_reliable,1,1,0
drastically_inappropriate,1,1,0
recently_emerging,1,1,0
recently_defunct,1,1,0
drastically_low,1,1,0
recently_concerned,1,1,0
recently_complete,1,1,0
recently_competent,1,1,0
recently_illegal,1,1,0
recently_imperfect,1,1,0
recently_independent,1,1,0
recently_interested,1,1,0
recently_relevant,1,1,0
recently_reachable,1,1,0
drastically_dissimilar,1,1,0
drastically_divergent,1,1,0
drastically_evil,1,0,1
drastically_extra,1,1,0
drastically_faster,1,0,1
recently_notorious,1,1,0
drastically_harmful,1,0,1
recently_native,1,1,0
recently_monumental,1,0,1
recently_low,1,1,0
recently_liquid,1,1,0
recently_lifeless,1,1,0
recently_jobless,1,1,0
recklessly_tragic,1,0,1
recklessly_vicious,1,1,0
refreshingly_friendly,1,1,0
refreshingly_boring,1,1,0
dramatically_successful,1,1,0
refreshingly_clean,1,0,1
refreshingly_classic,1,0,1
refreshingly_cheap,1,1,0
refreshingly_caustic,1,1,0
dramatically_symbolic,1,1,0
refreshingly_brutal,1,0,1
refreshingly_bonkers,1,1,0
refreshingly_concise,1,1,0
dramatically_tense,1,1,0
dramatically_tepid,1,1,0
dramatically_thin,1,1,0
refreshingly_bland,1,1,0
refreshingly_bereft,1,1,0
refreshingly_beautiful,1,1,0
refreshingly_basic,1,1,0
refreshingly_competitive,1,1,0
refreshingly_confrontational,1,1,0
recklessly_willing,1,1,0
refreshingly_earnest,1,0,1
refreshingly_fresh,1,1,0
refreshingly_free,1,1,0
dramatically_steep,1,1,0
refreshingly_enthusiastic,1,0,1
refreshingly_entertaining,1,0,1
refreshingly_energetic,1,1,0
refreshingly_effective,1,1,0
refreshingly_dry,1,0,1
refreshingly_contemporary,1,1,0
refreshingly_direct,1,0,1
dramatically_strong,1,1,0
refreshingly_cynical,1,1,0
refreshingly_creative,1,1,0
refreshingly_correct,1,1,0
dramatically_stupid,1,0,1
refreshingly_convenient,1,1,0
refreshingly_baffling,1,1,0
refreshingly_awesome,1,0,1
refreshingly_atypical,1,1,0
recognizably_expensive,1,1,0
recognizably_humanoid,1,1,0
dramatically_universal,1,0,1
recognizably_fresh,1,0,1
recognizably_foreign,1,1,0
recognizably_female,1,1,0
dramatically_unpleasant,1,1,0
dramatically_unsatisfying,1,1,0
recognizably_dramatic,1,1,0
refreshingly_archaic,1,0,1
dramatically_unsuccessful,1,1,0
dramatically_unusual,1,0,1
recognizably_christian,1,1,0
recognizably_big,1,0,1
dramatically_visible,1,1,0
recognizably_adult,1,0,1
recognizably_accurate,1,1,0
dramatically_uninformed,1,1,0
recognizably_medical,1,1,0
recognizably_new,1,0,1
recognizably_philosophical,1,0,1
refreshingly_affordable,1,1,0
refreshingly_admirable,1,1,0
refreshingly_absent,1,1,0
red_worse,1,1,0
red_scared,1,1,0
dramatically_trivial,1,1,0
red_delicious,1,1,0
recognizably_worthy,1,0,1
recognizably_sympathetic,1,1,0
recognizably_stylish,1,1,0
recognizably_solid,1,0,1
dramatically_unexpected,1,1,0
recognizably_revolutionary,1,0,1
recognizably_real,1,0,1
recognizably_plausible,1,1,0
relatively_available,1,1,0
relatively_average,1,1,0
relatively_awkward,1,1,0
relatively_inaccurate,1,1,0
relatively_inconvenient,1,1,0
relatively_incompetent,1,1,0
relatively_incoherent,1,1,0
relatively_inclusive,1,1,0
relatively_inappropriate,1,0,1
relatively_inane,1,1,0
downright_unforgivable,1,1,0
downright_unfortunate,1,1,0
downright_unfeasible,1,1,0
relatively_impulsive,1,1,0
relatively_important,1,1,0
relatively_impersonal,1,1,0
relatively_imperceptible,1,1,0
relatively_impatient,1,1,0
downright_unhelpful,1,1,0
relatively_ill,1,1,0
downright_unflattering,1,1,0
relatively_indirect,1,1,0
relatively_keen,1,0,1
downright_uncalled,1,1,0
relatively_intuitive,1,1,0
relatively_intimate,1,1,0
downright_tumultuous,1,1,0
relatively_interested,1,1,0
relatively_intangible,1,0,1
downright_unappealing,1,1,0
relatively_insufficient,1,1,0
relatively_inoffensive,1,0,1
downright_unfathomable,1,1,0
downright_uncanny,1,1,0
downright_unclear,1,1,0
relatively_inflexible,1,1,0
downright_understandable,1,1,0
downright_unequal,1,1,0
downright_unexpected,1,1,0
relatively_inefficient,1,1,0
downright_unhinged,1,1,0
downright_unimaginative,1,0,1
relatively_identical,1,0,1
downright_unscientific,1,1,0
relatively_grey,1,1,0
downright_unreachable,1,1,0
downright_unreal,1,1,0
relatively_germane,1,1,0
relatively_generous,1,1,0
downright_unruly,1,1,0
downright_unsavory,1,0,1
downright_unsympathetic,1,1,0
relatively_hungry,1,1,0
downright_unthinkable,1,1,0
relatively_frivolous,1,0,1
downright_untrustworthy,1,1,0
relatively_frequent,1,1,0
relatively_frail,1,1,0
relatively_fragrant,1,1,0
downright_unwieldy,1,1,0
relatively_gritty,1,0,1
relatively_handsome,1,1,0
downright_unproductive,1,1,0
downright_unplayable,1,1,0
relatively_humid,1,1,0
downright_unimportant,1,1,0
relatively_humane,1,1,0
relatively_human,1,1,0
relatively_hot,1,1,0
relatively_hostile,1,1,0
relatively_hopeless,1,1,0
downright_unjust,1,1,0
downright_unlawful,1,1,0
relatively_heterogeneous,1,1,0
relatively_hereditary,1,1,0
downright_unlikable,1,1,0
relatively_heartwarming,1,0,1
relatively_healthful,1,0,1
relatively_harsh,1,0,1
relatively_ironic,1,1,0
relatively_knowledgeable,1,1,0
downright_uplifting,1,1,0
downright_stingy,1,1,0
downright_spurious,1,1,0
downright_squishy,1,1,0
downright_stagnant,1,1,0
downright_steamy,1,1,0
downright_stellar,1,1,0
downright_stiff,1,1,0
relatively_negative,1,1,0
relatively_near,1,1,0
relatively_noisy,1,1,0
relatively_nascent,1,1,0
downright_stinky,1,1,0
relatively_musical,1,1,0
relatively_muscular,1,1,0
downright_stormy,1,1,0
downright_strong,1,1,0
downright_stylish,1,1,0
relatively_noble,1,1,0
relatively_nominal,1,1,0
downright_trivial,1,1,0
relatively_one-sided,1,1,0
downright_snappy,1,1,0
relatively_organized,1,1,0
downright_snug,1,1,0
downright_soggy,1,1,0
downright_somber,1,1,0
downright_soothing,1,1,0
relatively_opaque,1,1,0
downright_sophisticated,1,0,1
relatively_non-toxic,1,1,0
relatively_okay,1,1,0
downright_sour,1,1,0
downright_sparse,1,1,0
downright_specific,1,1,0
relatively_notable,1,1,0
downright_spoilt,1,1,0
relatively_nonpartisan,1,1,0
downright_subjective,1,1,0
downright_sublime,1,1,0
downright_subversive,1,1,0
downright_tiring,1,1,0
relatively_long-term,1,1,0
relatively_long-lasting,1,1,0
downright_thirsty,1,1,0
relatively_logical,1,1,0
downright_thorny,1,1,0
downright_thoughtful,1,1,0
relatively_likely,1,1,0
downright_torture,1,1,0
downright_successful,1,1,0
downright_torturous,1,1,0
downright_touching,1,1,0
relatively_lenient,1,1,0
relatively_legit,1,1,0
downright_touchy,1,1,0
downright_trashy,1,1,0
downright_treacherous,1,1,0
downright_theological,1,1,0
relatively_low-key,1,1,0
relatively_low-level,1,1,0
relatively_low-risk,1,1,0
downright_succulent,1,1,0
downright_superficial,1,1,0
relatively_mellow,1,1,0
downright_superfluous,1,1,0
downright_taboo,1,1,0
relatively_massive,1,1,0
relatively_masculine,1,0,1
relatively_marginalised,1,0,1
relatively_marginal,1,0,1
relatively_many,1,1,0
downright_talkative,1,1,0
relatively_mad,1,1,0
relatively_luxurious,1,1,0
downright_taxing,1,1,0
downright_temperamental,1,1,0
relatively_fortunate,1,1,0
relatively_flush,1,1,0
dramatically_good,1,0,1
dramatically_cool,1,0,1
relatively_complete,1,1,0
relatively_complacent,1,1,0
relatively_competent,1,1,0
dramatically_consistent,1,1,0
relatively_compact,1,1,0
dramatically_convenient,1,1,0
relatively_comical,1,1,0
relatively_coherent,1,0,1
dramatically_comic,1,1,0
relatively_clunky,1,1,0
dramatically_crappy,1,1,0
relatively_closed,1,1,0
dramatically_credible,1,1,0
dramatically_curly,1,1,0
relatively_cleaner,1,1,0
dramatically_dark,1,1,0
dramatically_complicated,1,1,0
relatively_conceptual,1,1,0
relatively_crowded,1,1,0
relatively_conventional,1,1,0
relatively_crisp,1,1,0
dramatically_bad,1,1,0
relatively_crazy,1,1,0
dramatically_beautiful,1,1,0
relatively_correct,1,1,0
relatively_cordial,1,1,0
dramatically_bigger,1,0,1
dramatically_bleak,1,1,0
dramatically_close,1,1,0
relatively_controversial,1,1,0
relatively_contentious,1,1,0
relatively_contemporary,1,0,1
dramatically_bold,1,1,0
dramatically_breathtaking,1,1,0
dramatically_challenging,1,0,1
dramatically_clear,1,1,0
relatively_classic,1,0,1
relatively_civilized,1,0,1
dramatically_depressing,1,1,0
relatively_blind,1,1,0
dramatically_emotional,1,1,0
dramatically_evil,1,1,0
relatively_brave,1,0,1
dramatically_exciting,1,0,1
relatively_bold,1,1,0
relatively_blunt,1,1,0
relatively_blue,1,1,0
dramatically_expressive,1,1,0
relatively_chunky,1,0,1
relatively_black,1,0,1
dramatically_exuberant,1,0,1
dramatically_eye-catching,1,0,1
relatively_bereft,1,1,0
dramatically_fresh,1,1,0
relatively_banal,1,1,0
relatively_balanced,1,1,0
dramatically_easier,1,1,0
relatively_broader,1,1,0
relatively_brutal,1,1,0
relatively_buoyant,1,0,1
relatively_cheery,1,1,0
dramatically_detrimental,1,1,0
dramatically_difficult,1,1,0
relatively_charming,1,1,0
relatively_chaotic,1,1,0
relatively_challenging,1,1,0
dramatically_disruptive,1,1,0
relatively_centrist,1,1,0
relatively_central,1,1,0
relatively_cautious,1,1,0
relatively_catastrophic,1,1,0
dramatically_diverse,1,1,0
relatively_calmer,1,1,0
dramatically_dubious,1,1,0
relatively_busy,1,1,0
relatively_critical,1,1,0
dramatically_authentic,1,0,1
relatively_flimsy,1,1,0
downright_wealthy,1,1,0
relatively_expendable,1,0,1
relatively_exact,1,1,0
relatively_evil,1,0,1
relatively_even,1,1,0
relatively_eternal,1,1,0
relatively_established,1,1,0
relatively_equivalent,1,1,0
downright_wearable,1,1,0
relatively_explosive,1,1,0
relatively_ephemeral,1,0,1
relatively_entertaining,1,1,0
relatively_enlightened,1,1,0
relatively_enjoyable,1,1,0
downright_weary,1,1,0
relatively_empowered,1,0,1
relatively_elitist,1,1,0
relatively_explicit,1,1,0
downright_wary,1,1,0
dramatically_apt,1,1,0
relatively_feminine,1,1,0
downright_vague,1,1,0
relatively_fleeting,1,0,1
downright_verbose,1,1,0
downright_vexing,1,1,0
downright_victorious,1,0,1
relatively_final,1,1,0
relatively_fewer,1,1,0
downright_visceral,1,1,0
relatively_factual,1,1,0
relatively_favourable,1,1,0
relatively_fat,1,1,0
downright_visible,1,1,0
relatively_fascinating,1,1,0
downright_volatile,1,1,0
downright_warm,1,1,0
relatively_faint,1,1,0
relatively_elite,1,0,1
downright_welcome,1,1,0
downright_wet,1,1,0
relatively_defenseless,1,1,0
downright_wretched,1,1,0
downright_yummy,1,0,1
relatively_devious,1,0,1
relatively_devastating,1,0,1
relatively_democratic,1,0,1
relatively_delicate,1,0,1
dramatically_accustomed,1,1,0
dramatically_anti-democratic,1,1,0
downright_wholesome,1,1,0
relatively_decisive,1,1,0
relatively_decent,1,0,1
relatively_dead,1,1,0
relatively_dangerous,1,1,0
relatively_cynical,1,1,0
dramatically_apropos,1,1,0
relatively_curious,1,1,0
relatively_dignified,1,1,0
relatively_direct,1,1,0
relatively_dirty,1,1,0
relatively_disadvantaged,1,1,0
downright_windy,1,1,0
relatively_dynamic,1,0,1
relatively_durable,1,1,0
relatively_dumb,1,1,0
downright_witty,1,1,0
downright_wonderful,1,1,0
relatively_drastic,1,1,0
relatively_drab,1,1,0
relatively_dormant,1,1,0
downright_wonky,1,1,0
relatively_diverse,1,1,0
relatively_distinct,1,1,0
relatively_disproportionate,1,1,0
downright_worth,1,1,0
relatively_discrete,1,1,0
remarkably_intricate,1,1,0
remarkably_irritating,1,1,0
remarkably_joyful,1,0,1
ridiculously_racist,1,0,1
ridiculously_repetitive,1,1,0
disturbingly_romantic,1,1,0
ridiculously_religious,1,1,0
ridiculously_refreshing,1,0,1
ridiculously_reasonable,1,0,1
ridiculously_rare,1,1,0
disturbingly_sexist,1,1,0
ridiculously_quiet,1,1,0
ridiculously_retro,1,0,1
ridiculously_quaint,1,1,0
ridiculously_prosaic,1,1,0
ridiculously_professional,1,1,0
ridiculously_pro-american,1,0,1
disturbingly_shallow,1,0,1
ridiculously_premature,1,1,0
ridiculously_precious,1,1,0
ridiculously_restrictive,1,1,0
disturbingly_retro,1,1,0
disturbingly_spot-on,1,1,0
ridiculously_shameful,1,1,0
disturbingly_quiet,1,1,0
disturbingly_radical,1,1,0
disturbingly_realistic,1,1,0
ridiculously_sick,1,1,0
disturbingly_reassuring,1,1,0
ridiculously_shit,1,0,1
ridiculously_shiny,1,0,1
ridiculously_sexual,1,1,0
ridiculously_robust,1,1,0
ridiculously_sexist,1,1,0
ridiculously_sentimental,1,1,0
ridiculously_sensational,1,0,1
ridiculously_self-indulgent,1,1,0
disturbingly_relevant,1,0,1
ridiculously_rude,1,1,0
ridiculously_rough,1,0,1
disturbingly_socialist,1,0,1
disturbingly_static,1,1,0
remarkably_keen,1,1,0
ridiculously_odd,1,1,0
disturbingly_ugly,1,1,0
disturbingly_universal,1,0,1
disturbingly_unprofessional,1,0,1
ridiculously_oppressive,1,1,0
ridiculously_old-fashioned,1,1,0
ridiculously_old,1,0,1
disturbingly_unrealistic,1,1,0
disturbingly_unthinkable,1,0,1
ridiculously_overgrown,1,1,0
disturbingly_vague,1,1,0
ridiculously_nonsensical,1,1,0
disturbingly_vile,1,1,0
ridiculously_new,1,0,1
ridiculously_nervous,1,1,0
ridiculously_negative,1,0,1
ridiculously_narrow,1,1,0
ridiculously_overblown,1,1,0
ridiculously_overpaid,1,1,0
disturbingly_strong,1,1,0
ridiculously_perverted,1,0,1
ridiculously_playable,1,1,0
ridiculously_pigmented,1,1,0
ridiculously_picky,1,1,0
disturbingly_suggestive,1,1,0
ridiculously_phony,1,1,0
disturbingly_surreal,1,0,1
ridiculously_pessimistic,1,1,0
disturbingly_treacherous,1,1,0
disturbingly_true,1,1,0
ridiculously_passionate,1,1,0
ridiculously_partisan,1,1,0
ridiculously_paranoid,1,1,0
ridiculously_paltry,1,0,1
ridiculously_pagan,1,1,0
ridiculously_overweight,1,1,0
ridiculously_oversized,1,1,0
disturbingly_psychotic,1,1,0
ridiculously_special,1,0,1
disturbingly_prone,1,1,0
ridiculously_upbeat,1,1,0
ridiculously_wonderful,1,1,0
ridiculously_witty,1,0,1
ridiculously_wealthy,1,1,0
disturbingly_macho,1,1,0
ridiculously_vulgar,1,1,0
ridiculously_vivid,1,1,0
disturbingly_manipulative,1,0,1
disturbingly_misogynistic,1,0,1
ridiculously_wretched,1,0,1
disturbingly_mundane,1,0,1
ridiculously_unqualified,1,1,0
ridiculously_unorganized,1,1,0
ridiculously_unnecessary,1,0,1
ridiculously_unlucky,1,1,0
ridiculously_unlikely,1,0,1
ridiculously_unjust,1,1,0
ridiculously_wordy,1,1,0
disturbingly_loud,1,1,0
disturbingly_present,1,1,0
disturbingly_irrelevant,1,1,0
disturbingly_indignant,1,1,0
right_black,1,1,0
right_big,1,1,0
right_biased,1,1,0
disturbingly_inhuman,1,0,1
disturbingly_insidious,1,0,1
right_baffling,1,1,0
disturbingly_keen,1,1,0
disturbingly_loose,1,1,0
disturbingly_lame,1,1,0
right_asian,1,1,0
right_armed,1,1,0
disturbingly_lifelike,1,1,0
disturbingly_likable,1,1,0
right_amazing,1,1,0
right_alike,1,1,0
ridiculously_unintelligible,1,0,1
ridiculously_unfair,1,1,0
ridiculously_unenforceable,1,1,0
ridiculously_successful,1,1,0
disturbingly_overt,1,1,0
disturbingly_parallel,1,1,0
ridiculously_supportive,1,1,0
ridiculously_superior,1,1,0
disturbingly_passive,1,0,1
ridiculously_superficial,1,1,0
ridiculously_summery,1,0,1
ridiculously_subtle,1,1,0
ridiculously_underpaid,1,1,0
ridiculously_sublime,1,1,0
ridiculously_subjective,1,1,0
disturbingly_pleased,1,1,0
ridiculously_stronger,1,1,0
ridiculously_stressful,1,1,0
ridiculously_strange,1,1,0
ridiculously_straightforward,1,1,0
ridiculously_talkative,1,0,1
disturbingly_orwellian,1,0,1
disturbingly_open,1,1,0
ridiculously_technical,1,1,0
ridiculously_uncalled,1,1,0
ridiculously_unaware,1,1,0
disturbingly_negligent,1,1,0
ridiculously_trendy,1,1,0
ridiculously_touristy,1,0,1
ridiculously_tough,1,1,0
ridiculously_tiring,1,1,0
disturbingly_normal,1,1,0
disturbingly_old-fashioned,1,0,1
ridiculously_thrilled,1,1,0
ridiculously_thoughtful,1,1,0
ridiculously_thin,1,1,0
ridiculously_thick,1,1,0
ridiculously_tempting,1,1,0
ridiculously_tedious,1,1,0
ridiculously_mundane,1,0,1
ridiculously_moronic,1,1,0
ridiculously_moody,1,1,0
ridiculously_costly,1,1,0
ridiculously_curious,1,1,0
ridiculously_cumbersome,1,1,0
ridiculously_critical,1,1,0
ridiculously_cramped,1,1,0
ridiculously_cozy,1,0,1
ridiculously_courteous,1,1,0
ridiculously_courageous,1,1,0
double_deep,1,1,0
double_blind,1,1,0
double_major,1,1,0
ridiculously_controversial,1,0,1
ridiculously_contrived,1,1,0
ridiculously_consistent,1,1,0
double_open,1,1,0
double_redundant,1,1,0
double_safe,1,1,0
ridiculously_curvy,1,1,0
double_bad,1,0,1
ridiculously_erroneous,1,0,1
ridiculously_dull,1,1,0
ridiculously_energetic,1,1,0
ridiculously_elegant,1,0,1
ridiculously_elaborate,1,0,1
ridiculously_efficient,1,0,1
ridiculously_ecstatic,1,1,0
dizzyingly_confusing,1,1,0
ridiculously_dynamic,1,0,1
ridiculously_dry,1,1,0
dizzyingly_steep,1,1,0
dizzyingly_good,1,1,0
ridiculously_distant,1,1,0
ridiculously_disgusting,1,0,1
dizzyingly_happy,1,1,0
dizzyingly_intense,1,1,0
ridiculously_delectable,1,1,0
dizzyingly_powerful,1,1,0
ridiculously_comic,1,1,0
ridiculously_comfortable,1,1,0
double_serious,1,1,0
ridiculously_awful,1,0,1
ridiculously_boring,1,0,1
ridiculously_bored,1,1,0
ridiculously_bigoted,1,0,1
doubly_chilling,1,0,1
ridiculously_biased,1,1,0
doubly_complicated,1,1,0
doubly_contrary,1,0,1
doubly_dangerous,1,1,0
ridiculously_clunky,1,1,0
doubly_daring,1,0,1
ridiculously_attainable,1,1,0
doubly_delightful,1,1,0
ridiculously_astonishing,1,1,0
ridiculously_arbitrary,1,1,0
ridiculously_appealing,1,1,0
ridiculously_ambitious,1,1,0
ridiculously_brave,1,1,0
ridiculously_breathless,1,1,0
ridiculously_brilliant,1,0,1
doubly_chic,1,1,0
double_thick,1,1,0
ridiculously_cliche,1,1,0
ridiculously_clever,1,1,0
double_true,1,1,0
ridiculously_childish,1,1,0
doubly_anonymous,1,1,0
ridiculously_cheerful,1,1,0
doubly_bad,1,1,0
ridiculously_charming,1,1,0
ridiculously_charismatic,1,1,0
ridiculously_challenging,1,1,0
ridiculously_careless,1,1,0
doubly_carefree,1,0,1
ridiculously_cagey,1,1,0
doubly_careful,1,1,0
divinely_unique,1,1,0
ridiculously_erudite,1,1,0
ridiculously_modern,1,0,1
divinely_eloquent,1,1,0
ridiculously_inexpensive,1,1,0
divinely_different,1,0,1
ridiculously_inconvenient,1,1,0
ridiculously_inadequate,1,1,0
divinely_dull,1,1,0
ridiculously_improbable,1,1,0
ridiculously_impressive,1,1,0
divinely_equal,1,0,1
ridiculously_innovative,1,1,0
divinely_fresh,1,1,0
ridiculously_imaginative,1,1,0
divinely_good,1,1,0
ridiculously_idiotic,1,1,0
ridiculously_humiliating,1,0,1
ridiculously_human,1,1,0
divinely_happy,1,1,0
ridiculously_infectious,1,1,0
divinely_decadent,1,0,1
ridiculously_ethereal,1,1,0
ridiculously_loyal,1,1,0
ridiculously_misinformed,1,1,0
disturbingly_visible,1,1,0
ridiculously_melodramatic,1,1,0
ridiculously_marvelous,1,1,0
ridiculously_magic,1,0,1
ridiculously_ludicrous,1,1,0
disturbingly_weirder,1,1,0
disturbingly_wet,1,1,0
ridiculously_intense,1,1,0
disturbingly_whole,1,1,0
ridiculously_literary,1,1,0
ridiculously_linear,1,1,0
divinely_artistic,1,0,1
ridiculously_labor-intensive,1,0,1
ridiculously_irrational,1,1,0
ridiculously_intimate,1,0,1
divinely_inspired,1,0,1
ridiculously_horrifying,1,1,0
ridiculously_horrible,1,1,0
ridiculously_far-fetched,1,1,0
ridiculously_friendly,1,1,0
ridiculously_fond,1,0,1
ridiculously_flawed,1,1,0
ridiculously_flashy,1,1,0
divinely_scientific,1,1,0
divinely_serendipitous,1,1,0
ridiculously_fascinating,1,0,1
ridiculously_fanciful,1,1,0
divinely_intentional,1,0,1
ridiculously_famous,1,1,0
divinely_silent,1,1,0
divinely_soothing,1,0,1
ridiculously_exhausted,1,1,0
divinely_sweet,1,0,1
divinely_talented,1,1,0
ridiculously_exaggerated,1,0,1
ridiculously_frivolous,1,0,1
ridiculously_frustrating,1,1,0
divinely_sacred,1,1,0
divinely_right,1,0,1
divinely_luxurious,1,1,0
ridiculously_hideous,1,1,0
ridiculously_helpless,1,1,0
divinely_marvelous,1,1,0
divinely_merciful,1,1,0
divinely_necessary,1,0,1
ridiculously_gullible,1,1,0
ridiculously_green,1,1,0
ridiculously_grateful,1,1,0
ridiculously_grand,1,1,0
divinely_new,1,0,1
ridiculously_gloomy,1,1,0
ridiculously_garish,1,1,0
ridiculously_futile,1,1,0
divinely_possible,1,1,0
right_chaotic,1,1,0
right_chatty,1,1,0
disturbingly_inconsistent,1,1,0
distressingly_pedestrian,1,0,1
rigidly_academic,1,1,0
distressingly_odd,1,0,1
distressingly_one-dimensional,1,1,0
rightly_wary,1,1,0
rightly_upset,1,1,0
rightly_top,1,1,0
rightly_tired,1,1,0
distressingly_predictable,1,1,0
rigidly_consistent,1,1,0
rightly_suspect,1,1,0
rightly_subject,1,1,0
distressingly_remote,1,1,0
distressingly_routine,1,1,0
rightly_sensitive,1,1,0
distressingly_scarce,1,0,1
rightly_resistant,1,1,0
distressingly_obvious,1,1,0
rigidly_conventional,1,1,0
rigorously_complex,1,1,0
rigidly_logical,1,1,0
rigidly_traditional,1,1,0
rigidly_symmetrical,1,1,0
rigidly_philosophical,1,1,0
rigidly_perfect,1,1,0
rigidly_orthodox,1,1,0
rigidly_obedient,1,1,0
rigidly_modern,1,1,0
rigidly_limited,1,1,0
rigidly_defensive,1,1,0
rigidly_ideological,1,1,0
rigidly_hierarchical,1,1,0
rigidly_hard,1,1,0
rigidly_geometric,1,1,0
rigidly_formulaic,1,1,0
rigidly_formal,1,1,0
rigidly_factual,1,1,0
distressingly_similar,1,1,0
distressingly_simple,1,1,0
rightly_protective,1,1,0
rightfully_unsatisfied,1,1,0
rightly_available,1,1,0
rightly_anonymous,1,1,0
distressingly_weak,1,1,0
rightly_afraid,1,1,0
disturbingly_accurate,1,1,0
disturbingly_akin,1,0,1
disturbingly_amazing,1,0,1
rightfully_tense,1,1,0
rightly_predisposed,1,1,0
rightfully_special,1,0,1
disturbingly_amoral,1,1,0
disturbingly_angry,1,1,0
rightfully_scared,1,1,0
rightfully_resentful,1,1,0
rightfully_quick,1,1,0
disturbingly_apparent,1,1,0
rightly_bitter,1,1,0
rightly_cautious,1,1,0
rightly_clear,1,1,0
distressingly_unattractive,1,1,0
rightly_perfect,1,1,0
distressingly_simplistic,1,1,0
rightly_open,1,1,0
rightly_nervous,1,1,0
rightly_miserable,1,1,0
rightly_mesmerizing,1,0,1
rightly_leery,1,1,0
rightly_impressed,1,1,0
rightly_illegal,1,1,0
rightly_frightened,1,1,0
rightly_exploitative,1,1,0
rightly_excited,1,1,0
rightly_eager,1,1,0
rightly_disturbing,1,0,1
rightly_deserving,1,1,0
rigorously_beautiful,1,1,0
rigorously_critical,1,1,0
disturbingly_authoritarian,1,0,1
distressingly_illogical,1,1,0
roughly_commensurate,1,1,0
roughly_civilized,1,1,0
distressingly_high,1,1,0
roughly_chopped,1,1,0
roughly_cheery,1,0,1
roughly_bad,1,1,0
roughly_aware,1,1,0
roughly_alike,1,1,0
roughly_competitive,1,1,0
distressingly_industrial,1,1,0
roughly_achievable,1,1,0
romantically_wishful,1,1,0
romantically_unavailable,1,1,0
distressingly_irrational,1,1,0
romantically_stylish,1,1,0
romantically_sterile,1,1,0
distressingly_heroic,1,1,0
roughly_consistent,1,1,0
rigorously_dispassionate,1,1,0
distressingly_disinterested,1,1,0
roughly_optimal,1,1,0
roughly_negligent,1,1,0
roughly_most,1,1,0
roughly_intense,1,1,0
distressingly_callous,1,0,1
roughly_humanoid,1,1,0
roughly_human,1,1,0
roughly_female,1,0,1
roughly_contemporary,1,1,0
roughly_favourable,1,1,0
distressingly_easy,1,0,1
distressingly_fast,1,1,0
distressingly_flawed,1,1,0
distressingly_fragile,1,1,0
roughly_correct,1,1,0
roughly_conversant,1,0,1
romantically_satisfying,1,1,0
romantically_rustic,1,1,0
romantically_retro,1,1,0
rigorously_marvelous,1,0,1
romantically_adorable,1,1,0
rigorously_unmarried,1,1,0
rigorously_trained,1,1,0
rigorously_systematic,1,1,0
rigorously_scientific,1,1,0
rigorously_scalable,1,1,0
rigorously_modern,1,1,0
rigorously_logical,1,0,1
romantically_related,1,1,0
rigorously_invalid,1,1,0
rigorously_intellectual,1,1,0
rigorously_identifiable,1,1,0
rigorously_favorable,1,1,0
rigorously_exact,1,1,0
rigorously_ethical,1,1,0
rigorously_earnest,1,1,0
romantically_alluring,1,0,1
romantically_appealing,1,1,0
romantically_attractive,1,1,0
romantically_charming,1,1,0
romantically_poetic,1,1,0
romantically_perfect,1,1,0
romantically_nostalgic,1,1,0
romantically_meek,1,1,0
distressingly_lazy,1,1,0
romantically_intimate,1,1,0
distressingly_liberal,1,1,0
distressingly_light,1,1,0
distressingly_literal,1,1,0
romantically_hopeful,1,1,0
romantically_feeble,1,1,0
romantically_expressive,1,1,0
romantically_exclusive,1,1,0
romantically_dramatic,1,1,0
romantically_dead,1,1,0
rightfully_present,1,1,0
disturbingly_aware,1,1,0
right_cheesy,1,1,0
right_fraudulent,1,1,0
disturbingly_forgettable,1,0,1
right_gorgeous,1,1,0
disturbingly_formulaic,1,0,1
disturbingly_freaky,1,1,0
right_fundamentalist,1,1,0
right_full,1,1,0
right_friendly,1,1,0
right_foreign,1,1,0
right_happy,1,1,0
right_forbidden,1,1,0
disturbingly_frightening,1,1,0
right_filthy,1,1,0
right_false,1,1,0
right_fair,1,1,0
disturbingly_genteel,1,0,1
right_expensive,1,1,0
disturbingly_eye-opening,1,1,0
disturbingly_evocative,1,1,0
right_lovely,1,1,0
right_inconvenient,1,1,0
right_likely,1,1,0
right_likable,1,0,1
right_lethal,1,1,0
right_legendary,1,1,0
right_interesting,1,1,0
right_inferior,1,1,0
right_incredible,1,1,0
right_inaccurate,1,1,0
right_high,1,1,0
right_imaginable,1,1,0
disturbingly_erroneous,1,1,0
right_ideal,1,1,0
right_hungry,1,1,0
right_human,1,1,0
right_historical,1,1,0
disturbingly_evil,1,1,0
right_exciting,1,1,0
right_essential,1,1,0
right_equivalent,1,1,0
right_correct,1,1,0
disturbingly_homophobic,1,1,0
disturbingly_hot,1,0,1
disturbingly_human,1,1,0
right_cruel,1,1,0
disturbingly_humorous,1,1,0
right_crazy,1,1,0
right_corrupt,1,1,0
disturbingly_immature,1,0,1
right_entertaining,1,1,0
right_controversial,1,1,0
right_contradictory,1,1,0
right_continuous,1,1,0
disturbingly_impressive,1,1,0
right_condescending,1,1,0
disturbingly_impulsive,1,0,1
right_clever,1,1,0
right_delusional,1,1,0
disturbingly_high,1,1,0
right_despicable,1,1,0
right_detrimental,1,1,0
disturbingly_glib,1,0,1
right_endangered,1,1,0
disturbingly_good,1,1,0
right_dumb,1,1,0
disturbingly_graphic,1,1,0
disturbingly_happy,1,1,0
right_dodgy,1,1,0
right_disrespectful,1,1,0
right_dismissive,1,1,0
right_dishonest,1,1,0
right_disheartening,1,1,0
right_disastrous,1,1,0
right_disappointed,1,1,0
right_dirty,1,1,0
disturbingly_heretical,1,1,0
right_little,1,1,0
disturbingly_enthusiastic,1,1,0
disturbingly_awful,1,1,0
right_strange,1,1,0
right_true,1,1,0
right_tired,1,1,0
right_tight,1,1,0
right_terrible,1,1,0
right_sure,1,1,0
disturbingly_candid,1,0,1
right_stubborn,1,1,0
right_spooky,1,1,0
right_unattractive,1,1,0
right_speedy,1,1,0
right_spectacular,1,1,0
right_specific,1,1,0
disturbingly_catchy,1,1,0
right_smooth,1,1,0
disturbingly_cheerful,1,1,0
right_sketchy,1,1,0
right_truer,1,1,0
right_unfair,1,1,0
disturbingly_empirical,1,1,0
rightfully_anxious,1,1,0
rightfully_obsessed,1,1,0
rightfully_nervous,1,1,0
rightfully_hopeful,1,1,0
disturbingly_bad,1,1,0
rightfully_excited,1,1,0
rightfully_cynical,1,1,0
disturbingly_blatant,1,1,0
disturbingly_bloody,1,1,0
right_unpleasant,1,1,0
rightfully_accessible,1,1,0
right_xenophobic,1,1,0
disturbingly_boring,1,1,0
disturbingly_brutal,1,1,0
right_vulgar,1,1,0
right_upfront,1,1,0
right_unspoken,1,1,0
disturbingly_clear,1,1,0
right_similar,1,1,0
right_silly,1,1,0
disturbingly_dark,1,0,1
right_personal,1,1,0
disturbingly_concrete,1,1,0
right_over,1,0,1
right_outstanding,1,1,0
right_outside,1,1,0
disturbingly_credible,1,1,0
right_okay,1,1,0
right_odd,1,1,0
right_sick,1,1,0
right_obnoxious,1,1,0
right_nice,1,1,0
disturbingly_dynamic,1,0,1
right_necessary,1,1,0
right_naughty,1,1,0
right_natural,1,1,0
disturbingly_eccentric,1,1,0
right_possible,1,1,0
right_pregnant,1,1,0
right_prejudiced,1,1,0
right_proper,1,1,0
right_shocking,1,1,0
right_sharp,1,1,0
disturbingly_cold,1,0,1
right_sensational,1,1,0
disturbingly_comforting,1,0,1
disturbingly_comic,1,1,0
right_sarcastic,1,1,0
right_safer,1,1,0
right_saddening,1,1,0
disturbingly_compelling,1,0,1
right_reliable,1,1,0
right_relevant,1,0,1
right_relative,1,1,0
right_related,1,1,0
right_proud,1,1,0
ridiculously_aggressive,1,1,0
doubly_disastrous,1,1,0
doubly_embarrassing,1,1,0
remotely_bad,1,0,1
remotely_childish,1,1,0
remotely_challenging,1,0,1
remotely_casual,1,1,0
downright_callous,1,1,0
downright_captivating,1,1,0
remotely_beneficial,1,1,0
downright_careless,1,1,0
remotely_average,1,1,0
downright_bubbly,1,1,0
remotely_available,1,1,0
downright_cathartic,1,0,1
remotely_arousing,1,1,0
downright_celebratory,1,1,0
downright_cheerful,1,1,0
remotely_anti-semitic,1,1,0
downright_clear,1,1,0
downright_burdensome,1,1,0
downright_brazen,1,1,0
remotely_controllable,1,1,0
remotely_complete,1,1,0
remotely_constitutional,1,1,0
remotely_consistent,1,1,0
remotely_considerate,1,0,1
remotely_conscious,1,1,0
remotely_connected,1,0,1
remotely_conclusive,1,0,1
remotely_complex,1,0,1
downright_bold,1,1,0
downright_bored,1,1,0
remotely_compatible,1,0,1
downright_bonkers,1,1,0
remotely_commensurate,1,1,0
remotely_comic,1,1,0
remotely_comfortable,1,1,0
remotely_colorful,1,1,0
remotely_cohesive,1,0,1
remotely_amusing,1,0,1
remotely_alcoholic,1,0,1
downright_cliche,1,0,1
remarkably_unscathed,1,1,0
remarkably_uplifting,1,1,0
downright_confident,1,1,0
downright_conflicting,1,1,0
remarkably_untrained,1,1,0
remarkably_unsuccessful,1,1,0
remarkably_unsophisticated,1,0,1
remarkably_unsettling,1,0,1
remarkably_unpopular,1,1,0
downright_clingy,1,1,0
remarkably_unlucky,1,1,0
remarkably_unlikely,1,1,0
remarkably_universal,1,1,0
downright_conservative,1,1,0
remarkably_uninteresting,1,1,0
remarkably_uninformed,1,1,0
remarkably_uniform,1,0,1
remarkably_useful,1,0,1
remarkably_valid,1,1,0
remarkably_valuable,1,1,0
remarkably_vibrant,1,1,0
remotely_admirable,1,0,1
downright_cloying,1,1,0
remotely_actionable,1,1,0
remotely_achievable,1,1,0
downright_clumsy,1,1,0
downright_cocky,1,1,0
downright_comedic,1,1,0
remarkably_young,1,1,0
remarkably_wrong,1,1,0
remarkably_witty,1,1,0
remarkably_wise,1,1,0
downright_comforting,1,1,0
downright_comic,1,1,0
downright_concerned,1,1,0
remarkably_violent,1,1,0
remotely_contentious,1,0,1
downright_bohemian,1,0,1
remarkably_unfettered,1,1,0
remotely_guilty,1,1,0
remotely_hostile,1,1,0
remotely_horrific,1,1,0
downright_ambivalent,1,1,0
downright_annoyed,1,1,0
downright_antagonistic,1,1,0
remotely_haunting,1,1,0
remotely_harmful,1,1,0
remotely_gritty,1,0,1
remotely_humane,1,1,0
remotely_gothic,1,0,1
downright_anxious,1,1,0
remotely_fun,1,1,0
remotely_frightening,1,1,0
remotely_fresh,1,0,1
remotely_fine,1,1,0
remotely_feminist,1,1,0
downright_ambiguous,1,1,0
downright_amazed,1,1,0
remotely_convincing,1,1,0
downright_agonizing,1,1,0
remotely_legal,1,0,1
remotely_laughable,1,0,1
downright_adverse,1,1,0
remotely_justifiable,1,1,0
remotely_joyful,1,0,1
remotely_inventive,1,1,0
remotely_intriguing,1,1,0
downright_alarmed,1,1,0
remotely_iconic,1,1,0
remotely_insignificant,1,0,1
downright_allergic,1,1,0
remotely_innocent,1,1,0
remotely_inappropriate,1,1,0
remotely_impossible,1,0,1
downright_amateurish,1,1,0
remotely_ill,1,0,1
downright_apocalyptic,1,1,0
remotely_fashionable,1,0,1
remotely_fascinating,1,0,1
remotely_digestible,1,0,1
downright_best,1,1,0
remotely_dull,1,1,0
remotely_dominant,1,0,1
remotely_disturbing,1,0,1
remotely_disagreeable,1,0,1
remotely_dirty,1,0,1
remotely_dignified,1,0,1
remotely_difficult,1,0,1
downright_archaic,1,1,0
remotely_desirable,1,1,0
downright_biased,1,1,0
downright_big,1,1,0
downright_bloody,1,1,0
downright_blue,1,1,0
remotely_crafty,1,1,0
remotely_correct,1,1,0
remotely_eccentric,1,1,0
remotely_edgy,1,0,1
downright_benign,1,1,0
remotely_educational,1,0,1
downright_arduous,1,1,0
remotely_factual,1,1,0
downright_audacious,1,0,1
downright_averse,1,1,0
remotely_everyday,1,0,1
remotely_even-handed,1,1,0
remotely_evangelical,1,1,0
remotely_european,1,0,1
remotely_erotic,1,1,0
remotely_equivalent,1,0,1
remotely_equal,1,1,0
remotely_enthusiastic,1,0,1
remotely_enlightening,1,1,0
remotely_emblematic,1,0,1
remotely_elaborate,1,1,0
remarkably_unflattering,1,1,0
remarkably_uneventful,1,1,0
downright_adversarial,1,1,0
remarkably_personable,1,1,0
downright_downtrodden,1,1,0
downright_drab,1,1,0
downright_draconian,1,1,0
remarkably_poetic,1,1,0
remarkably_plain,1,1,0
remarkably_persuasive,1,1,0
remarkably_personal,1,0,1
remarkably_perceptive,1,1,0
downright_dormant,1,1,0
remarkably_peculiar,1,1,0
downright_dramatic,1,1,0
remarkably_patient,1,1,0
remarkably_pale,1,1,0
remarkably_painless,1,1,0
remarkably_overpriced,1,1,0
downright_dry,1,1,0
downright_doubtful,1,1,0
downright_dogmatic,1,1,0
remarkably_relatable,1,0,1
downright_disheartening,1,1,0
downright_disconcerting,1,1,0
downright_discriminatory,1,1,0
remarkably_radical,1,0,1
remarkably_racist,1,0,1
remarkably_quirky,1,1,0
downright_disgraceful,1,1,0
downright_disgruntled,1,1,0
remarkably_provincial,1,1,0
remarkably_pragmatic,1,1,0
downright_disinterested,1,1,0
remarkably_prosperous,1,1,0
downright_disorienting,1,0,1
remarkably_pristine,1,1,0
remarkably_prickly,1,1,0
remarkably_present,1,1,0
downright_distasteful,1,0,1
remarkably_original,1,0,1
remarkably_orderly,1,1,0
downright_edible,1,1,0
downright_erudite,1,1,0
downright_enlightening,1,0,1
remarkably_merciful,1,0,1
remarkably_memorable,1,1,0
downright_enthusiastic,1,1,0
remarkably_lucky,1,1,0
remarkably_low-tech,1,1,0
remarkably_long-lived,1,1,0
remarkably_logical,1,1,0
remarkably_opaque,1,1,0
remarkably_literate,1,1,0
remarkably_linear,1,1,0
remarkably_lighter,1,0,1
downright_esoteric,1,1,0
downright_evasive,1,1,0
remarkably_lame,1,1,0
remarkably_knowledgeable,1,0,1
remarkably_mischievous,1,0,1
downright_engaging,1,1,0
downright_endearing,1,0,1
downright_empty,1,1,0
downright_educational,1,1,0
remarkably_okay,1,1,0
remarkably_offbeat,1,1,0
remarkably_odious,1,1,0
downright_effusive,1,1,0
remarkably_obvious,1,1,0
remarkably_obtuse,1,1,0
remarkably_obscure,1,1,0
remarkably_objective,1,1,0
remarkably_nutritious,1,1,0
downright_electable,1,1,0
remarkably_noble,1,0,1
downright_eloquent,1,1,0
remarkably_neat,1,1,0
downright_embarrassed,1,1,0
remarkably_recent,1,1,0
remarkably_relaxed,1,1,0
remarkably_uneven,1,1,0
downright_cutthroat,1,1,0
remarkably_tall,1,1,0
downright_crappy,1,1,0
remarkably_sustainable,1,0,1
remarkably_surreal,1,1,0
downright_crunchy,1,1,0
downright_cuddly,1,1,0
remarkably_superstitious,1,1,0
remarkably_stunning,1,0,1
downright_counterintuitive,1,1,0
downright_damning,1,1,0
downright_danceable,1,1,0
downright_daring,1,1,0
remarkably_stinky,1,1,0
remarkably_steady,1,1,0
remarkably_startling,1,0,1
downright_dark,1,1,0
downright_cowardly,1,1,0
remarkably_tense,1,0,1
remarkably_reluctant,1,1,0
remarkably_tranquil,1,1,0
remarkably_undeveloped,1,1,0
remarkably_unaware,1,1,0
remarkably_unappealing,1,1,0
remarkably_unafraid,1,1,0
remarkably_unaffected,1,1,0
downright_considerable,1,1,0
remarkably_transparent,1,0,1
downright_contentious,1,1,0
remarkably_tentative,1,1,0
downright_contrary,1,0,1
remarkably_timely,1,1,0
downright_controversial,1,1,0
remarkably_thrilling,1,1,0
remarkably_thoughtful,1,1,0
remarkably_therapeutic,1,0,1
downright_counter-intuitive,1,1,0
remarkably_specific,1,1,0
downright_daunting,1,1,0
downright_dead,1,1,0
downright_different,1,1,0
downright_desolate,1,1,0
remarkably_sane,1,1,0
downright_despondent,1,1,0
downright_didactic,1,1,0
remarkably_rude,1,0,1
remarkably_romantic,1,0,1
remarkably_robust,1,1,0
remarkably_rhythmic,1,1,0
remarkably_solid,1,0,1
remarkably_revelatory,1,1,0
remarkably_reticent,1,1,0
remarkably_respectful,1,1,0
downright_diminutive,1,1,0
downright_diplomatic,1,1,0
remarkably_remote,1,1,0
remarkably_reminiscent,1,1,0
downright_depraved,1,1,0
remarkably_scant,1,1,0
remarkably_sedate,1,0,1
downright_dense,1,1,0
remarkably_social,1,1,0
downright_decent,1,1,0
remarkably_smart,1,1,0
downright_decorative,1,1,0
downright_defamatory,1,1,0
remarkably_sloppy,1,0,1
remarkably_skillful,1,1,0
remarkably_skilful,1,0,1
downright_deluded,1,1,0
remarkably_short-term,1,1,0
remarkably_short-lived,1,1,0
downright_demonic,1,1,0
remarkably_sharp,1,1,0
remarkably_serene,1,1,0
remarkably_sensible,1,1,0
remotely_likable,1,1,0
downright_acrimonious,1,1,0
ridiculously_able,1,1,0
resolutely_inaccessible,1,1,0
resolutely_single,1,1,0
resolutely_sexist,1,1,0
resolutely_pure,1,0,1
resolutely_partisan,1,1,0
resolutely_normal,1,1,0
resolutely_nonpartisan,1,1,0
resolutely_independent,1,1,0
resolutely_human,1,0,1
resolutely_tragic,1,0,1
resolutely_heroic,1,1,0
resolutely_green,1,0,1
resolutely_contemporary,1,1,0
resolutely_cheerful,1,0,1
resolutely_abstract,1,1,0
reportedly_worried,1,1,0
reportedly_willing,1,1,0
resolutely_straight,1,1,0
resolutely_trendy,1,1,0
respectfully_aware,1,1,0
resoundingly_inconclusive,1,1,0
resoundingly_supportive,1,1,0
doubly_nervous,1,1,0
resoundingly_stupid,1,1,0
resoundingly_right,1,0,1
resoundingly_positive,1,1,0
resoundingly_negative,1,1,0
doubly_noisy,1,1,0
resoundingly_heroic,1,1,0
resolutely_unflappable,1,1,0
resoundingly_fun,1,0,1
doubly_pedantic,1,1,0
resoundingly_damned,1,1,0
resoundingly_clear,1,1,0
resoundingly_ambitious,1,0,1
resolutely_unresolved,1,1,0
resolutely_unlikable,1,0,1
reportedly_wary,1,1,0
reportedly_violent,1,1,0
reportedly_unthinkable,1,0,1
reportedly_potent,1,1,0
doubly_sweet,1,1,0
reportedly_real,1,1,0
doubly_tall,1,1,0
reportedly_prominent,1,1,0
reportedly_privy,1,0,1
doubly_unfair,1,1,0
reportedly_pregnant,1,1,0
reportedly_poor,1,1,0
reportedly_unnecessary,1,1,0
reportedly_overcrowded,1,1,0
reportedly_ok,1,1,0
reportedly_necessary,1,1,0
reportedly_muslim,1,1,0
reportedly_more,1,1,0
reportedly_less,1,1,0
reportedly_korean,1,1,0
doubly_suspect,1,0,1
reportedly_resentful,1,1,0
reportedly_sectarian,1,1,0
doubly_sure,1,1,0
doubly_safe,1,1,0
reportedly_unfit,1,1,0
reportedly_unemployed,1,1,0
reportedly_uneasy,1,1,0
reportedly_undocumented,1,0,1
reportedly_undecided,1,1,0
reportedly_unconscious,1,1,0
doubly_sophisticated,1,1,0
reportedly_terrified,1,1,0
reportedly_sympathetic,1,1,0
doubly_stupid,1,1,0
reportedly_sufficient,1,1,0
doubly_subversive,1,0,1
reportedly_subject,1,1,0
reportedly_stronger,1,1,0
respectfully_attentive,1,1,0
respectfully_human,1,1,0
doubly_valid,1,1,0
richly_hued,1,1,0
richly_meaningful,1,0,1
richly_laden,1,1,0
doubly_infinite,1,1,0
doubly_insulting,1,1,0
richly_interwoven,1,1,0
richly_intelligent,1,1,0
richly_humorous,1,1,0
richly_horrible,1,0,1
richly_perfect,1,1,0
richly_fruitful,1,1,0
richly_expressive,1,1,0
doubly_intolerant,1,1,0
richly_entertaining,1,1,0
richly_emotive,1,0,1
doubly_intractable,1,1,0
richly_emblematic,1,1,0
richly_nuanced,1,1,0
richly_persuasive,1,1,0
respectfully_inquisitive,1,1,0
richly_sophisticated,1,0,1
richly_varied,1,1,0
richly_vacuous,1,1,0
richly_theatrical,1,1,0
doubly_extensive,1,1,0
doubly_flippant,1,1,0
richly_suggestive,1,1,0
richly_successful,1,1,0
richly_seasoned,1,0,1
doubly_heavy,1,1,0
richly_romantic,1,0,1
doubly_funny,1,1,0
richly_resonant,1,1,0
richly_religious,1,1,0
richly_psychological,1,1,0
doubly_great,1,1,0
richly_playable,1,1,0
richly_dissonant,1,1,0
doubly_irksome,1,0,1
doubly_irritating,1,1,0
rhythmically_distinct,1,1,0
rhythmically_obvious,1,1,0
rhythmically_magical,1,0,1
rhythmically_intricate,1,1,0
rhythmically_innovative,1,1,0
rhythmically_free,1,1,0
rhythmically_dynamic,1,1,0
rhythmically_diverse,1,1,0
rhythmically_difficult,1,0,1
richly_dense,1,1,0
rhythmically_crisp,1,1,0
rhythmically_correct,1,1,0
rhythmically_appealing,1,1,0
respectfully_tenacious,1,1,0
respectfully_somber,1,1,0
respectfully_serious,1,1,0
respectfully_separate,1,1,0
rhythmically_precise,1,1,0
rhythmically_spot,1,1,0
rhythmically_taut,1,1,0
rhythmically_tight,1,1,0
richly_decadent,1,1,0
doubly_lonely,1,1,0
richly_creepy,1,1,0
richly_complex,1,1,0
richly_compelling,1,1,0
richly_comic,1,1,0
richly_cogent,1,0,1
richly_clad,1,1,0
richly_cinematic,1,1,0
richly_brown,1,1,0
richly_authentic,1,1,0
richly_atmospheric,1,1,0
richly_answerable,1,1,0
richly_amusing,1,1,0
richly_alive,1,1,0
doubly_unproductive,1,1,0
reportedly_intent,1,1,0
remotely_literal,1,1,0
remotely_representative,1,1,0
remotely_satisfied,1,1,0
remotely_sarcastic,1,1,0
remotely_same,1,1,0
down_closer,1,0,1
down_conventional,1,1,0
down_deeper,1,1,0
remotely_respectful,1,1,0
down_first,1,1,0
down_awful,1,1,0
down_flat,1,1,0
remotely_reliable,1,1,0
down_good,1,1,0
remotely_relatable,1,1,0
down_hard,1,1,0
down_huge,1,1,0
remotely_real,1,1,0
remotely_satisfying,1,1,0
doubtless_willing,1,1,0
remotely_suggestive,1,0,1
doubtless_typical,1,1,0
doubtless_representative,1,1,0
remotely_substantial,1,0,1
remotely_stylish,1,0,1
doubtless_surprised,1,1,0
remotely_steamy,1,1,0
remotely_special,1,0,1
doubtless_trivial,1,1,0
doubtless_unavoidable,1,1,0
doubtless_vulnerable,1,1,0
remotely_shy,1,1,0
remotely_shocking,1,0,1
remotely_sharp,1,0,1
remotely_sexy,1,1,0
doubtless_unknown,1,1,0
remotely_serviceable,1,0,1
remotely_serious,1,0,1
down_inappropriate,1,1,0
down_long,1,1,0
remotely_racist,1,1,0
remotely_nice,1,0,1
down_silly,1,1,0
down_small,1,1,0
remotely_odd,1,0,1
remotely_obvious,1,1,0
remotely_objective,1,1,0
remotely_objectionable,1,0,1
down_sufficient,1,1,0
down_tough,1,1,0
down_most,1,1,0
down_wrong,1,0,1
remotely_naughty,1,0,1
remotely_memorable,1,1,0
remotely_melodramatic,1,1,0
downright_abrasive,1,1,0
remotely_lovely,1,1,0
remotely_logical,1,1,0
remotely_okay,1,1,0
remotely_open,1,0,1
remotely_ordinary,1,1,0
down_sick,1,1,0
down_much,1,1,0
remotely_profitable,1,1,0
remotely_probable,1,1,0
remotely_private,1,1,0
remotely_practicable,1,1,0
down_nice,1,1,0
down_political,1,1,0
down_quicker,1,1,0
down_ready,1,1,0
down_rude,1,1,0
down_safe,1,1,0
remotely_perfect,1,1,0
remotely_palatable,1,0,1
remotely_outrageous,1,1,0
remotely_orthodox,1,1,0
remotely_sufficient,1,1,0
remotely_surprising,1,1,0
reportedly_intact,1,1,0
repeatedly_wrong,1,1,0
reportedly_asleep,1,1,0
doubtless_capable,1,1,0
reportedly_anxious,1,1,0
doubtless_detrimental,1,1,0
doubtless_disappointed,1,1,0
reportedly_aged,1,1,0
doubtless_fresh,1,1,0
repeatedly_variable,1,1,0
reportedly_better,1,1,0
repeatedly_unhappy,1,1,0
repeatedly_rude,1,1,0
repeatedly_present,1,1,0
repeatedly_open,1,1,0
repeatedly_late,1,1,0
repeatedly_hostile,1,1,0
repeatedly_homeless,1,1,0
reportedly_aware,1,1,0
reportedly_black,1,1,0
doubtless_pleased,1,1,0
doubly_vulnerable,1,1,0
reportedly_illiterate,1,1,0
reportedly_ill,1,1,0
reportedly_hungry,1,1,0
reportedly_healthy,1,1,0
doubly_valuable,1,1,0
reportedly_furious,1,1,0
reportedly_free,1,1,0
reportedly_fearful,1,1,0
doubtless_active,1,1,0
reportedly_edible,1,1,0
reportedly_eager,1,1,0
reportedly_due,1,1,0
reportedly_drunk,1,1,0
doubly_weak,1,1,0
doubly_welcome,1,1,0
reportedly_closer,1,1,0
repeatedly_enough,1,1,0
repeatedly_cruel,1,1,0
repeatedly_correct,1,1,0
remotely_tiny,1,1,0
remotely_understandable,1,0,1
remotely_uncommon,1,1,0
remotely_unappealing,1,0,1
doubtless_invaluable,1,0,1
doubtless_obsolete,1,1,0
remotely_traumatic,1,0,1
remotely_traditional,1,0,1
remotely_threatening,1,0,1
repeatedly_absent,1,1,0
remotely_thankful,1,1,0
remotely_terrifying,1,1,0
remotely_technical,1,0,1
remotely_talented,1,1,0
doubtless_old,1,1,0
remotely_sweet,1,1,0
doubtless_pious,1,1,0
remotely_unhappy,1,1,0
remotely_unique,1,0,1
remotely_unpleasant,1,1,0
remotely_unsafe,1,1,0
doubtless_full,1,0,1
doubtless_grateful,1,1,0
doubtless_honest,1,1,0
doubtless_illicit,1,1,0
remotely_wise,1,0,1
doubtless_independent,1,1,0
remotely_visible,1,0,1
remotely_verifiable,1,1,0
doubtless_intentional,1,1,0
doubtless_interesting,1,1,0
remotely_upsetting,1,1,0
remotely_upset,1,1,0
remotely_uplifting,1,1,0
remotely_upbeat,1,1,0
remotely_unusual,1,1,0
significantly_dissimilar,1,1,0
significantly_diverse,1,1,0
constantly_itchy,1,1,0
decently_dry,1,1,0
deathly_wrong,1,1,0
decently_absorbent,1,1,0
decently_athletic,1,1,0
decently_attractive,1,1,0
decently_cheap,1,1,0
decently_close,1,1,0
decently_comfortable,1,1,0
decently_effective,1,1,0
so_bellicose,1,1,0
decently_exciting,1,1,0
decently_fast,1,1,0
decently_friendly,1,1,0
so_bankrupt,1,1,0
decently_funny,1,1,0
decently_good,1,1,0
decently_good-looking,1,1,0
deathly_worried,1,1,0
deathly_thin,1,1,0
decently_healthy,1,0,1
deathly_boring,1,1,0
deadly_silent,1,1,0
deadly_similar,1,0,1
so_binary,1,1,0
deadly_toxic,1,1,0
so_biggest,1,1,0
deathly_accurate,1,1,0
deathly_bored,1,1,0
deathly_calm,1,1,0
deathly_terrified,1,1,0
deathly_cold,1,1,0
deathly_curious,1,1,0
so_bespoke,1,0,1
deathly_frightened,1,1,0
deathly_hot,1,1,0
deathly_important,1,1,0
deathly_poisonous,1,1,0
decently_happy,1,1,0
decently_heroic,1,0,1
slyly_celebratory,1,1,0
deceptively_brief,1,1,0
deceptively_anachronistic,1,1,0
deceptively_angry,1,1,0
deceptively_aspirational,1,0,1
so_audible,1,1,0
deceptively_athletic,1,1,0
deceptively_attractive,1,1,0
deceptively_beautiful,1,1,0
deceptively_casual,1,1,0
deceptively_alcoholic,1,1,0
deceptively_certain,1,1,0
deceptively_challenging,1,1,0
deceptively_cheerful,1,1,0
deceptively_concise,1,1,0
deceptively_cute,1,1,0
deceptively_dark,1,1,0
deceptively_deep,1,1,0
deceptively_alluring,1,0,1
so_autobiographical,1,1,0
decently_hot,1,1,0
decently_spacious,1,1,0
decently_intentioned,1,1,0
decently_large,1,0,1
decently_mechanical,1,0,1
decently_okay,1,1,0
decently_outrageous,1,0,1
decently_sharp,1,1,0
decently_solid,1,1,0
decently_sturdy,1,1,0
so_automated,1,1,0
decently_talented,1,1,0
so_avid,1,0,1
decently_unique,1,0,1
decently_valuable,1,1,0
decently_warm,1,0,1
so_autonomous,1,1,0
decently_wet,1,1,0
deadly_obvious,1,1,0
deadly_effective,1,1,0
dead_smooth,1,1,0
darn_stressful,1,1,0
darn_similar,1,1,0
darn_slow,1,1,0
darn_small,1,1,0
darn_smart,1,1,0
darn_sore,1,1,0
darn_specific,1,1,0
darn_steep,1,1,0
darn_stunning,1,0,1
darn_sexy,1,1,0
so_campy,1,1,0
darn_stylish,1,1,0
darn_subtle,1,1,0
darn_surprising,1,1,0
so_businesslike,1,1,0
darn_talented,1,1,0
darn_tedious,1,1,0
darn_short,1,1,0
darn_severe,1,1,0
dead_simple,1,1,0
darn_real,1,1,0
darn_overpriced,1,1,0
darn_patient,1,1,0
darn_pessimistic,1,1,0
darn_pleased,1,1,0
darn_positive,1,1,0
darn_powerful,1,1,0
darn_quick,1,1,0
darn_relatable,1,0,1
so_catholic,1,1,0
darn_relaxing,1,1,0
darn_repetitive,1,1,0
darn_risky,1,1,0
darn_sappy,1,1,0
so_celebrated,1,1,0
darn_satisfying,1,0,1
darn_scared,1,1,0
darn_tempting,1,1,0
darn_tense,1,1,0
darn_tricky,1,1,0
dead_accurate,1,1,0
dazzlingly_outstanding,1,1,0
dazzlingly_physical,1,1,0
so_bohemian,1,1,0
dazzlingly_successful,1,1,0
dazzlingly_surreal,1,0,1
dazzlingly_unique,1,0,1
dazzlingly_white,1,1,0
so_bloodless,1,0,1
darn_uncomfortable,1,1,0
dead_afraid,1,1,0
dead_earnest,1,1,0
dead_flat,1,1,0
dead_honest,1,1,0
dead_permanent,1,1,0
dead_quiet,1,1,0
dead_silent,1,1,0
dazzlingly_original,1,1,0
dazzlingly_old-school,1,1,0
dazzlingly_inventive,1,1,0
dazzlingly_intense,1,1,0
darn_unethical,1,1,0
darn_unfair,1,1,0
darn_uninteresting,1,1,0
so_broken,1,0,1
darn_variable,1,1,0
darn_wonderful,1,1,0
darn_yummy,1,0,1
dazzlingly_accessible,1,1,0
dazzlingly_angular,1,1,0
dazzlingly_clear,1,1,0
dazzlingly_colorful,1,1,0
dazzlingly_complex,1,1,0
dazzlingly_crystal,1,1,0
dazzlingly_different,1,0,1
dazzlingly_difficult,1,1,0
deceptively_delicate,1,1,0
deceptively_distant,1,1,0
deceptively_effortless,1,1,0
so_additional,1,1,0
decidedly_contemporary,1,0,1
decidedly_controversial,1,1,0
so_adrift,1,1,0
decidedly_conventional,1,1,0
decidedly_convincing,1,1,0
decidedly_corny,1,1,0
decidedly_crude,1,0,1
decidedly_curious,1,1,0
decidedly_complicated,1,1,0
decidedly_current,1,1,0
decidedly_dangerous,1,1,0
decidedly_deadpan,1,1,0
decidedly_decadent,1,0,1
decidedly_deceptive,1,1,0
decidedly_decorative,1,1,0
decidedly_depressing,1,0,1
so_advantaged,1,0,1
decidedly_complex,1,1,0
decidedly_bold,1,0,1
decidedly_cheesy,1,0,1
decidedly_boyish,1,0,1
decidedly_campy,1,1,0
decidedly_canadian,1,0,1
decidedly_carnal,1,1,0
decidedly_casual,1,1,0
decidedly_charming,1,0,1
decidedly_cheeky,1,1,0
decidedly_chinese,1,0,1
decidedly_commercial,1,0,1
decidedly_cinematic,1,0,1
so_african,1,1,0
decidedly_civil,1,1,0
decidedly_clean,1,0,1
so_affluent,1,1,0
decidedly_comfortable,1,1,0
decidedly_comic,1,1,0
decidedly_disappointing,1,1,0
decidedly_disconcerting,1,0,1
so_achievable,1,0,1
slyly_playful,1,1,0
decidedly_exotic,1,1,0
decidedly_experimental,1,1,0
decidedly_extreme,1,1,0
decidedly_false,1,0,1
slyly_sexy,1,1,0
slyly_seductive,1,1,0
slyly_satirical,1,1,0
decidedly_famous,1,1,0
decidedly_disgusting,1,1,0
slyly_intelligent,1,1,0
decidedly_fantastic,1,0,1
decidedly_fashionable,1,1,0
decidedly_favorable,1,1,0
slyly_feminist,1,0,1
slyly_eclectic,1,1,0
slyly_critical,1,1,0
decidedly_existential,1,0,1
decidedly_erroneous,1,1,0
decidedly_erotic,1,1,0
decidedly_endearing,1,0,1
decidedly_disingenuous,1,0,1
decidedly_dissimilar,1,1,0
decidedly_distasteful,1,0,1
decidedly_disturbing,1,0,1
so_acclaimed,1,0,1
decidedly_divisive,1,1,0
decidedly_dodgy,1,1,0
decidedly_downbeat,1,1,0
decidedly_dubious,1,1,0
so_abysmal,1,1,0
decidedly_eager,1,1,0
decidedly_earnest,1,1,0
decidedly_eccentric,1,1,0
decidedly_eerie,1,0,1
decidedly_emphatic,1,0,1
decidedly_boring,1,1,0
so_alarmist,1,1,0
so_askew,1,1,0
deceptively_short,1,1,0
deceptively_placid,1,1,0
deceptively_plain,1,1,0
deceptively_quick,1,1,0
deceptively_rational,1,1,0
deceptively_reliable,1,1,0
so_apocalyptic,1,0,1
deceptively_secretive,1,1,0
deceptively_simplistic,1,1,0
deceptively_narcissistic,1,1,0
deceptively_skillful,1,1,0
deceptively_slight,1,1,0
deceptively_sly,1,1,0
deceptively_specific,1,0,1
deceptively_strong,1,1,0
deceptively_subtle,1,1,0
deceptively_sweet,1,1,0
deceptively_peaceful,1,1,0
so_apropos,1,1,0
decidedly_bland,1,0,1
deceptively_inferior,1,1,0
deceptively_evil,1,1,0
deceptively_expensive,1,1,0
deceptively_happy,1,1,0
deceptively_heavy,1,1,0
deceptively_high,1,1,0
deceptively_homogeneous,1,0,1
deceptively_imprecise,1,1,0
deceptively_innocent,1,0,1
deceptively_meaty,1,1,0
deceptively_innocuous,1,0,1
deceptively_inquisitive,1,1,0
deceptively_intricate,1,1,0
deceptively_large,1,1,0
so_arguable,1,1,0
deceptively_light,1,1,0
deceptively_low,1,1,0
so_anomalous,1,0,1
so_annual,1,1,0
deceptively_treacherous,1,0,1
so_alternative,1,0,1
decidedly_anachronistic,1,0,1
decidedly_annoyed,1,1,0
decidedly_antiquated,1,1,0
decidedly_apocalyptic,1,0,1
decidedly_appealing,1,0,1
decidedly_artificial,1,0,1
decidedly_atheist,1,1,0
so_alright,1,1,0
so_angular,1,1,0
decidedly_athletic,1,1,0
decidedly_atypical,1,1,0
decidedly_averse,1,1,0
decidedly_banal,1,0,1
decidedly_beautiful,1,1,0
decidedly_belligerent,1,1,0
decidedly_beneficial,1,1,0
decidedly_ambivalent,1,1,0
decidedly_ambitious,1,1,0
decidedly_ambiguous,1,1,0
decidedly_alternative,1,1,0
deceptively_unappealing,1,1,0
deceptively_unhealthy,1,1,0
deceptively_unproductive,1,1,0
so_anecdotal,1,1,0
deceptively_unstable,1,1,0
deceptively_wiser,1,1,0
so_anarchic,1,0,1
deceptively_young,1,1,0
so_analogous,1,1,0
decidedly_abnormal,1,0,1
decidedly_academic,1,1,0
decidedly_adorable,1,0,1
so_ample,1,1,0
decidedly_advanced,1,0,1
decidedly_agnostic,1,1,0
darn_opaque,1,1,0
darn_old,1,1,0
darn_nervous,1,1,0
dangerously_prideful,1,1,0
dangerously_passive,1,1,0
so_deceitful,1,1,0
dangerously_personal,1,1,0
dangerously_pleasant,1,0,1
dangerously_poisonous,1,1,0
dangerously_populist,1,1,0
dangerously_present,1,1,0
dangerously_problematic,1,1,0
dangerously_outdated,1,1,0
dangerously_prophetic,1,0,1
dangerously_quick,1,1,0
dangerously_radical,1,1,0
dangerously_real,1,1,0
dangerously_reckless,1,0,1
dangerously_red,1,1,0
dangerously_reliant,1,1,0
dangerously_overpowering,1,1,0
dangerously_obsessive,1,1,0
dangerously_liberal,1,1,0
dangerously_myopic,1,1,0
so_deleterious,1,1,0
dangerously_messy,1,1,0
so_dejected,1,1,0
dangerously_misinformed,1,1,0
dangerously_misunderstood,1,1,0
dangerously_muddy,1,1,0
dangerously_mundane,1,0,1
dangerously_mysterious,1,0,1
dangerously_obese,1,1,0
dangerously_nearby,1,1,0
dangerously_negligent,1,1,0
dangerously_new,1,0,1
so_defamatory,1,1,0
so_deeper,1,1,0
dangerously_nuclear,1,1,0
so_deductible,1,1,0
dangerously_reminiscent,1,1,0
dangerously_retrograde,1,1,0
dangerously_rough,1,1,0
dangerously_sweet,1,1,0
dangerously_subversive,1,1,0
so_culpable,1,1,0
dangerously_superficial,1,1,0
so_crystal,1,1,0
dangerously_susceptible,1,1,0
so_crunchy,1,0,1
so_crumbly,1,1,0
dangerously_tasty,1,0,1
dangerously_rugged,1,1,0
dangerously_tired,1,1,0
dangerously_treacherous,1,1,0
so_crooked,1,1,0
dangerously_tribal,1,1,0
dangerously_true,1,1,0
dangerously_understaffed,1,1,0
dangerously_unfashionable,1,0,1
dangerously_subtle,1,1,0
dangerously_substandard,1,1,0
dangerously_steep,1,1,0
dangerously_sordid,1,1,0
dangerously_sane,1,0,1
dangerously_sensitive,1,1,0
dangerously_shallow,1,1,0
dangerously_short,1,1,0
so_daily,1,1,0
dangerously_sleepy,1,1,0
dangerously_slippery,1,0,1
so_cutesy,1,1,0
dangerously_sloppy,1,1,0
dangerously_slow,1,1,0
dangerously_small,1,1,0
so_customisable,1,1,0
so_customary,1,1,0
dangerously_smaller,1,1,0
so_curvy,1,0,1
dangerously_manipulative,1,1,0
dangerously_late,1,1,0
dangerously_uninformed,1,1,0
dangerously_clueless,1,1,0
so_discrete,1,1,0
dangerously_anemic,1,1,0
dangerously_angled,1,1,0
dangerously_armed,1,1,0
dangerously_autonomous,1,1,0
dangerously_bewildering,1,1,0
dangerously_blatant,1,0,1
dangerously_competitive,1,1,0
so_discriminatory,1,1,0
dangerously_contagious,1,1,0
dangerously_corrupt,1,1,0
dangerously_crazy,1,1,0
dangerously_curious,1,1,0
so_digestible,1,0,1
dangerously_daft,1,1,0
dangerously_damaging,1,1,0
so_discretionary,1,1,0
dangerously_amorphous,1,0,1
dangerously_irresponsible,1,1,0
dang_smart,1,1,0
so_dispiriting,1,1,0
dang_irresistible,1,1,0
dang_large,1,1,0
dang_ridiculous,1,1,0
dang_similar,1,1,0
dang_small,1,1,0
so_dismayed,1,1,0
dang_smug,1,1,0
dangerously_akin,1,0,1
dang_special,1,0,1
dang_sure,1,1,0
dang_talented,1,1,0
dang_tired,1,1,0
dang_troublesome,1,1,0
dang_wonderful,1,1,0
dangerously_adorable,1,1,0
dangerously_decadent,1,0,1
dangerously_deceptive,1,1,0
dangerously_deep,1,1,0
dangerously_hostile,1,1,0
dangerously_foolish,1,1,0
dangerously_forbidden,1,0,1
dangerously_foreign,1,0,1
dangerously_funky,1,0,1
dangerously_good,1,1,0
dangerously_gorgeous,1,1,0
dangerously_higher,1,1,0
dangerously_hungover,1,1,0
dangerously_defective,1,1,0
dangerously_ill-advised,1,1,0
dangerously_inexperienced,1,1,0
dangerously_inquisitive,1,1,0
dangerously_intoxicating,1,0,1
dangerously_intriguing,1,0,1
dangerously_irresistible,1,0,1
so_delinquent,1,1,0
so_derelict,1,1,0
dangerously_flammable,1,1,0
dangerously_filthy,1,1,0
dangerously_fat,1,1,0
dangerously_deficient,1,1,0
dangerously_dehydrated,1,1,0
dangerously_deluded,1,1,0
dangerously_delusional,1,1,0
dangerously_depressed,1,1,0
dangerously_deranged,1,1,0
dangerously_detrimental,1,1,0
dangerously_difficult,1,1,0
dangerously_dirty,1,1,0
dangerously_dumb,1,1,0
dangerously_enthusiastic,1,1,0
dangerously_evil,1,1,0
dangerously_exciting,1,0,1
dangerously_fascinating,1,0,1
dangerously_fast,1,1,0
dangerously_unhinged,1,1,0
dangerously_unique,1,0,1
darn_magnificent,1,1,0
so_collegial,1,1,0
darn_compelling,1,1,0
darn_competitive,1,1,0
darn_confused,1,1,0
so_comedic,1,0,1
so_combative,1,1,0
darn_contagious,1,1,0
darn_crappy,1,1,0
so_collective,1,1,0
so_commanding,1,1,0
darn_creepy,1,1,0
darn_curious,1,1,0
darn_decent,1,1,0
so_coherent,1,0,1
so_cognizant,1,1,0
darn_depressing,1,1,0
darn_despicable,1,1,0
darn_comforting,1,0,1
darn_comfortable,1,1,0
darn_addictive,1,1,0
darn_blind,1,1,0
darn_annoying,1,1,0
darn_appealing,1,1,0
darn_attractive,1,1,0
darn_awful,1,1,0
darn_awkward,1,1,0
darn_bizarre,1,0,1
darn_bleak,1,1,0
darn_brilliant,1,1,0
darn_cliche,1,1,0
darn_careful,1,1,0
darn_casual,1,1,0
so_comparable,1,1,0
darn_catchy,1,1,0
darn_certain,1,1,0
darn_charismatic,1,1,0
darn_chilly,1,1,0
darn_determined,1,1,0
darn_distressing,1,1,0
darn_dry,1,1,0
so_choppy,1,1,0
darn_harsh,1,1,0
darn_hateful,1,1,0
darn_helpful,1,1,0
so_chunky,1,1,0
darn_iconic,1,1,0
so_chronic,1,0,1
darn_impressive,1,1,0
darn_incredible,1,0,1
darn_efficient,1,1,0
darn_insightful,1,1,0
darn_intuitive,1,1,0
darn_likeable,1,0,1
darn_loud,1,1,0
darn_lovable,1,1,0
darn_low,1,1,0
darn_lucky,1,1,0
darn_guilty,1,1,0
darn_green,1,1,0
darn_great,1,1,0
darn_grateful,1,1,0
darn_endearing,1,1,0
so_closest,1,1,0
darn_enjoyable,1,1,0
darn_entertaining,1,1,0
darn_excited,1,1,0
darn_exhausted,1,1,0
darn_familiar,1,1,0
darn_fancy,1,1,0
darn_fascinating,1,1,0
darn_fine,1,1,0
darn_forgetful,1,1,0
darn_full,1,1,0
so_claustrophobic,1,1,0
darn_fun,1,1,0
darn_gorgeous,1,1,0
darn_angry,1,1,0
darn_accurate,1,1,0
dangerously_unorthodox,1,1,0
darkly_determined,1,0,1
darkly_awful,1,0,1
darkly_bitter,1,1,0
darkly_blue,1,1,0
darkly_cinematic,1,0,1
darkly_coincidental,1,0,1
darkly_cryptic,1,1,0
darkly_desperate,1,0,1
darkly_dramatic,1,1,0
darkly_atmospheric,1,1,0
darkly_elegant,1,1,0
darkly_elemental,1,0,1
darkly_entertaining,1,0,1
darkly_evil,1,1,0
darkly_evocative,1,1,0
so_controlled,1,1,0
darkly_exotic,1,1,0
darkly_attractive,1,0,1
darkly_appealing,1,0,1
darkly_wrong,1,0,1
dangerously_visible,1,1,0
dangerously_unpredictable,1,1,0
dangerously_unreliable,1,1,0
dangerously_unspoken,1,0,1
dangerously_upset,1,1,0
dangerously_useless,1,0,1
dangerously_venomous,1,1,0
dangerously_vicious,1,1,0
so_coveted,1,0,1
so_cost-effective,1,0,1
dangerously_vulnerable,1,1,0
dangerously_wild,1,1,0
so_countless,1,1,0
dangerously_windy,1,1,0
darkly_absurd,1,1,0
darkly_ambiguous,1,0,1
darkly_amiss,1,1,0
darkly_fantastical,1,1,0
darkly_gothic,1,1,0
darkly_honest,1,0,1
darkly_strange,1,0,1
darkly_realistic,1,1,0
darkly_reassuring,1,0,1
darkly_satirical,1,1,0
darkly_sensual,1,0,1
darkly_serious,1,1,0
so_conductive,1,0,1
darkly_special,1,0,1
darkly_subversive,1,1,0
so_content,1,1,0
darkly_superstitious,1,1,0
darkly_surprising,1,0,1
so_conciliatory,1,0,1
darkly_suspicious,1,1,0
darkly_wild,1,1,0
so_conceivable,1,1,0
so_compulsory,1,0,1
darkly_powerful,1,0,1
darkly_poetic,1,0,1
so_congruent,1,1,0
darkly_pessimistic,1,1,0
so_contemptuous,1,1,0
so_contemptible,1,0,1
darkly_horrific,1,1,0
darkly_ingenious,1,1,0
darkly_intriguing,1,0,1
so_constructive,1,1,0
darkly_light,1,1,0
darkly_lit,1,1,0
darkly_lyrical,1,1,0
darkly_majestic,1,0,1
so_considerable,1,1,0
darkly_melancholy,1,0,1
darkly_minded,1,1,0
so_consensual,1,1,0
darkly_moody,1,1,0
slyly_comic,1,1,0
slyly_antagonistic,1,1,0
slightly_floral,1,0,1
deeply_corporate,1,1,0
slightly_mushy,1,1,0
deeply_cool,1,0,1
deeply_corny,1,0,1
slightly_muddy,1,1,0
slightly_muddled,1,1,0
slightly_mournful,1,1,0
slightly_morose,1,0,1
deeply_correct,1,1,0
slightly_mystifying,1,1,0
slightly_moot,1,1,0
slightly_moody,1,0,1
slightly_monotonous,1,0,1
slightly_modern,1,1,0
slightly_moderate,1,1,0
slightly_mixed,1,0,1
slightly_mistaken,1,1,0
deeply_conventional,1,1,0
slightly_naive,1,1,0
deeply_crazy,1,1,0
slightly_nerve-racking,1,1,0
deeply_comic,1,1,0
deeply_commendable,1,0,1
deeply_communal,1,0,1
slightly_neutral,1,0,1
slightly_neurotic,1,1,0
deeply_condescending,1,0,1
deeply_confident,1,0,1
deeply_congested,1,1,0
slightly_narrow,1,1,0
deeply_consistent,1,0,1
slightly_necessary,1,1,0
slightly_nauseating,1,0,1
deeply_contentious,1,1,0
slightly_natural,1,0,1
deeply_contextual,1,1,0
deeply_convenient,1,1,0
deeply_courteous,1,1,0
slightly_misinformed,1,1,0
decidedly_flat,1,1,0
slightly_loud,1,1,0
slightly_magnetic,1,1,0
deeply_decisive,1,1,0
deeply_deluded,1,1,0
slightly_ludicrous,1,1,0
slightly_luckier,1,1,0
deeply_depraved,1,1,0
deeply_deserving,1,1,0
deeply_desperate,1,0,1
deeply_debilitating,1,1,0
deeply_destructive,1,1,0
deeply_devious,1,0,1
slightly_long,1,1,0
slightly_limp,1,1,0
slightly_limited,1,1,0
slightly_light,1,1,0
deeply_disenchanted,1,1,0
slightly_malicious,1,0,1
deeply_data-driven,1,1,0
deeply_creative,1,1,0
deeply_cryptic,1,1,0
slightly_miraculous,1,0,1
slightly_minor,1,1,0
slightly_mindless,1,0,1
slightly_mind-boggling,1,1,0
slightly_milder,1,0,1
deeply_credible,1,0,1
deeply_criminal,1,0,1
slightly_memorable,1,1,0
slightly_marginal,1,1,0
deeply_cut,1,1,0
deeply_cyclical,1,1,0
deeply_dangerous,1,1,0
slightly_medicinal,1,0,1
deeply_dark,1,0,1
slightly_meaningful,1,0,1
slightly_masculine,1,1,0
slightly_nightmarish,1,0,1
slightly_normal,1,1,0
deeply_comfortable,1,1,0
slightly_patronizing,1,1,0
slightly_petrified,1,0,1
slightly_pessimistic,1,1,0
slightly_perverted,1,1,0
deeply_attuned,1,1,0
slightly_perplexing,1,1,0
deeply_australian,1,1,0
deeply_authoritarian,1,1,0
deeply_autistic,1,0,1
slightly_physical,1,1,0
deeply_autocratic,1,1,0
slightly_parallel,1,1,0
deeply_average,1,1,0
slightly_panicked,1,1,0
slightly_pale,1,1,0
deeply_awful,1,0,1
slightly_overworked,1,1,0
slightly_philosophical,1,1,0
deeply_astonishing,1,0,1
slightly_noticeable,1,1,0
slightly_possessive,1,0,1
deeply_analytical,1,1,0
slightly_preposterous,1,1,0
deeply_ancient,1,0,1
slightly_predictable,1,1,0
deeply_annoyed,1,1,0
slightly_precarious,1,1,0
slightly_possible,1,0,1
slightly_porous,1,1,0
slightly_plausible,1,0,1
slightly_pornographic,1,0,1
slightly_popular,1,1,0
deeply_anti-social,1,0,1
deeply_antithetical,1,1,0
deeply_appropriate,1,0,1
slightly_pointless,1,1,0
deeply_artificial,1,0,1
deeply_bad,1,0,1
deeply_banal,1,0,1
slightly_overused,1,1,0
deeply_chill,1,1,0
deeply_characteristic,1,0,1
deeply_charismatic,1,0,1
deeply_charming,1,0,1
deeply_cheesy,1,1,0
slightly_obvious,1,0,1
slightly_obtuse,1,1,0
deeply_childish,1,1,0
deeply_claustrophobic,1,0,1
slightly_overrated,1,1,0
deeply_coercive,1,0,1
slightly_obnoxious,1,0,1
deeply_coherent,1,0,1
slightly_nutty,1,0,1
slightly_numb,1,1,0
slightly_nude,1,1,0
slightly_novel,1,1,0
deeply_capable,1,1,0
deeply_calm,1,1,0
deeply_brown,1,1,0
deeply_brilliant,1,0,1
deeply_beloved,1,0,1
slightly_overpowering,1,1,0
slightly_overpaid,1,1,0
slightly_overhead,1,1,0
deeply_biblical,1,0,1
slightly_overcast,1,1,0
slightly_overblown,1,1,0
deeply_blessed,1,1,0
slightly_other,1,1,0
deeply_bloody,1,1,0
slightly_organic,1,1,0
slightly_ordinary,1,0,1
slightly_orange,1,1,0
slightly_oppressive,1,1,0
slightly_opposite,1,0,1
slightly_libelous,1,1,0
deeply_disgusting,1,1,0
deeply_disheartening,1,1,0
deeply_fundamental,1,0,1
slightly_heartbroken,1,1,0
slightly_heartbreaking,1,0,1
deeply_fraught,1,1,0
deeply_free,1,1,0
slightly_haunting,1,0,1
slightly_hateful,1,0,1
deeply_fruitful,1,1,0
deeply_funky,1,1,0
deeply_fragmented,1,1,0
deeply_futuristic,1,0,1
deeply_gendered,1,1,0
slightly_happier,1,0,1
slightly_hapless,1,1,0
deeply_goofy,1,0,1
slightly_grumpy,1,1,0
slightly_gruesome,1,1,0
deeply_fragrant,1,1,0
slightly_hectic,1,1,0
deeply_extreme,1,1,0
slightly_horrible,1,0,1
deeply_fallible,1,1,0
deeply_fashionable,1,1,0
deeply_fatigued,1,1,0
slightly_human-like,1,1,0
slightly_hotter,1,1,0
deeply_fishy,1,0,1
slightly_horrifying,1,1,0
slightly_hoppy,1,1,0
deeply_formal,1,1,0
slightly_hopeless,1,1,0
slightly_holy,1,0,1
deeply_flattering,1,1,0
slightly_hokey,1,1,0
slightly_hilarious,1,0,1
deeply_focused,1,1,0
deeply_forlorn,1,0,1
deeply_guilty,1,1,0
deeply_harmful,1,1,0
slightly_grim,1,0,1
deeply_hypnotic,1,0,1
slightly_full,1,1,0
deeply_hungry,1,0,1
slightly_frustrated,1,1,0
deeply_hydrated,1,1,0
slightly_frivolous,1,1,0
slightly_frightening,1,0,1
slightly_frightened,1,1,0
slightly_frenetic,1,1,0
slightly_grey,1,1,0
slightly_fraudulent,1,1,0
slightly_fragile,1,0,1
deeply_idealistic,1,1,0
deeply_idiosyncratic,1,1,0
deeply_ill,1,1,0
slightly_forgettable,1,1,0
deeply_illogical,1,0,1
slightly_fuller,1,1,0
deeply_hungover,1,1,0
deeply_humanistic,1,1,0
deeply_horrified,1,1,0
deeply_healthy,1,0,1
deeply_heartening,1,1,0
slightly_gray,1,1,0
slightly_grateful,1,1,0
slightly_granular,1,1,0
slightly_graceful,1,1,0
slightly_good,1,0,1
slightly_gloomy,1,1,0
slightly_glamorous,1,0,1
slightly_giddy,1,1,0
slightly_genuine,1,0,1
slightly_generous,1,1,0
slightly_galling,1,0,1
deeply_homesick,1,1,0
slightly_futile,1,0,1
deeply_fake,1,1,0
slightly_icy,1,0,1
slightly_lesbian,1,1,0
slightly_inventive,1,1,0
deeply_dramatic,1,1,0
deeply_dull,1,0,1
deeply_dumb,1,1,0
slightly_irksome,1,0,1
slightly_irish,1,0,1
slightly_involved,1,1,0
slightly_invisible,1,1,0
slightly_intrusive,1,1,0
slightly_irresponsible,1,1,0
slightly_introverted,1,1,0
slightly_intricate,1,0,1
deeply_elemental,1,0,1
slightly_interwoven,1,1,0
deeply_elusive,1,0,1
deeply_emblematic,1,0,1
slightly_intelligent,1,0,1
slightly_irrelevant,1,1,0
deeply_divergent,1,1,0
slightly_idealistic,1,1,0
deeply_disrespectful,1,1,0
slightly_left-wing,1,1,0
slightly_left-leaning,1,1,0
slightly_lazy,1,1,0
slightly_laughable,1,0,1
deeply_dismayed,1,1,0
deeply_disordered,1,0,1
slightly_lackluster,1,1,0
slightly_knowledgeable,1,0,1
deeply_distracting,1,1,0
slightly_kinky,1,0,1
slightly_kinder,1,0,1
slightly_junior,1,0,1
slightly_jumpy,1,1,0
deeply_disruptive,1,1,0
slightly_japanese,1,1,0
slightly_jaded,1,1,0
slightly_insulting,1,0,1
slightly_insignificant,1,1,0
slightly_insecure,1,1,0
deeply_excited,1,1,0
deeply_equivocal,1,1,0
deeply_esoteric,1,1,0
deeply_essential,1,0,1
slightly_improper,1,1,0
deeply_ethical,1,0,1
slightly_impractical,1,1,0
slightly_implausible,1,1,0
deeply_expert,1,1,0
slightly_inscrutable,1,0,1
slightly_impatient,1,1,0
slightly_immature,1,1,0
slightly_illicit,1,0,1
slightly_illegible,1,1,0
deeply_exploitative,1,1,0
deeply_expressive,1,1,0
slightly_iffy,1,1,0
slightly_incoherent,1,1,0
slightly_incompatible,1,1,0
deeply_enticing,1,0,1
slightly_inconsistent,1,1,0
deeply_empowering,1,0,1
deeply_enamoured,1,1,0
slightly_informative,1,0,1
slightly_inflammatory,1,1,0
deeply_engrossing,1,0,1
slightly_infamous,1,1,0
slightly_inexplicable,1,0,1
slightly_inexpensive,1,1,0
slightly_indulgent,1,1,0
slightly_indirect,1,1,0
slightly_indifferent,1,1,0
slightly_indian,1,1,0
slightly_incredible,1,1,0
deeply_entertaining,1,1,0
slightly_inconvenient,1,1,0
slightly_presentable,1,1,0
slightly_pricey,1,1,0
slightly_pricier,1,1,0
slightly_unbelievable,1,1,0
slightly_underground,1,1,0
slightly_under-appreciated,1,1,0
slightly_undecided,1,1,0
slightly_uncommon,1,0,1
slightly_unclear,1,1,0
decidedly_morbid,1,1,0
decidedly_mortal,1,0,1
decidedly_mundane,1,1,0
decidedly_mixed,1,1,0
slightly_unattractive,1,0,1
slightly_unattainable,1,0,1
decidedly_mysterious,1,0,1
slightly_unacceptable,1,0,1
slightly_un-american,1,0,1
decidedly_narcissistic,1,0,1
slightly_twisted,1,1,0
slightly_undervalued,1,1,0
decidedly_missing,1,0,1
slightly_unnerved,1,1,0
decidedly_mad,1,1,0
slightly_unknowable,1,1,0
slightly_uninteresting,1,1,0
slightly_unimpressed,1,1,0
slightly_unheralded,1,1,0
slightly_unhealthy,1,0,1
decidedly_luxurious,1,1,0
decidedly_macho,1,0,1
slightly_unfinished,1,0,1
decidedly_misleading,1,1,0
decidedly_male,1,1,0
decidedly_manly,1,0,1
decidedly_meh,1,1,0
decidedly_mild,1,1,0
slightly_unethical,1,0,1
decidedly_militant,1,1,0
decidedly_minimalist,1,1,0
decidedly_nebulous,1,1,0
slightly_tropical,1,0,1
slightly_trite,1,1,0
slightly_tame,1,0,1
slightly_tentative,1,1,0
slightly_tempting,1,1,0
slightly_temperamental,1,1,0
decidedly_pleasing,1,0,1
decidedly_poignant,1,1,0
slightly_tangy,1,1,0
slightly_tangible,1,0,1
decidedly_political,1,1,0
slightly_tricky,1,1,0
decidedly_poor,1,1,0
decidedly_pornographic,1,1,0
decidedly_preventable,1,1,0
decidedly_progressive,1,1,0
slightly_susceptible,1,1,0
decidedly_raw,1,0,1
decidedly_rebellious,1,1,0
slightly_tenuous,1,1,0
decidedly_personal,1,1,0
slightly_thankless,1,1,0
slightly_theatrical,1,1,0
decidedly_neutral,1,1,0
decidedly_nicer,1,1,0
decidedly_non,1,1,0
decidedly_non-traditional,1,1,0
decidedly_objectionable,1,0,1
decidedly_off,1,1,0
slightly_tolerant,1,1,0
slightly_tiresome,1,1,0
slightly_timid,1,1,0
slightly_tight,1,1,0
slightly_thrilling,1,0,1
decidedly_ordinary,1,0,1
decidedly_outdated,1,1,0
decidedly_paradoxical,1,0,1
slightly_theoretical,1,1,0
decidedly_lower,1,0,1
slightly_unorthodox,1,0,1
decidedly_ridiculous,1,1,0
slightly_wild,1,0,1
decidedly_green,1,1,0
decidedly_grim,1,1,0
slightly_wooden,1,1,0
slightly_wonky,1,0,1
slightly_wonderful,1,1,0
decidedly_harder,1,0,1
decidedly_hateful,1,1,0
decidedly_higher,1,1,0
slightly_worth,1,0,1
slightly_wide,1,1,0
decidedly_hollow,1,0,1
slightly_wetter,1,1,0
decidedly_humble,1,0,1
subtly_beautiful,1,0,1
decidedly_imperfect,1,1,0
slightly_wearable,1,0,1
decidedly_graver,1,0,1
decidedly_gratifying,1,0,1
decidedly_low,1,1,0
decidedly_fun,1,0,1
slowly_woven,1,0,1
decidedly_formidable,1,1,0
decidedly_foul,1,1,0
slowly_traumatizing,1,0,1
slowly_suicidal,1,1,0
decidedly_fresh,1,0,1
slowly_relaxed,1,1,0
decidedly_funky,1,0,1
decidedly_glum,1,1,0
slowly_lovely,1,1,0
slowly_insane,1,1,0
slowly_fake,1,1,0
slowly_dim,1,1,0
slowly_cold,1,1,0
decidedly_futuristic,1,0,1
decidedly_fuzzy,1,1,0
slightly_wealthier,1,1,0
decidedly_indifferent,1,1,0
decidedly_inhuman,1,0,1
slightly_unruly,1,1,0
slightly_untouchable,1,1,0
decidedly_lesser,1,1,0
slightly_unsteady,1,1,0
decidedly_light,1,0,1
decidedly_lighter,1,0,1
slightly_unsavory,1,0,1
slightly_unsatisfactory,1,0,1
decidedly_literary,1,1,0
slightly_watery,1,0,1
slightly_unreliable,1,1,0
slightly_unrelated,1,0,1
slightly_unreasonable,1,1,0
decidedly_local,1,1,0
decidedly_louder,1,0,1
decidedly_lovable,1,0,1
slightly_unpopular,1,1,0
decidedly_leftist,1,1,0
decidedly_left-wing,1,1,0
slightly_unwieldy,1,1,0
decidedly_larger,1,1,0
decidedly_insane,1,1,0
slightly_warped,1,1,0
decidedly_insidious,1,0,1
decidedly_insipid,1,1,0
decidedly_intellectual,1,0,1
decidedly_intimidating,1,0,1
decidedly_irish,1,1,0
decidedly_irrational,1,1,0
slightly_vertical,1,1,0
slightly_variable,1,1,0
decidedly_irregular,1,1,0
decidedly_irreverent,1,0,1
slightly_upward,1,1,0
decidedly_juvenile,1,1,0
slightly_upright,1,1,0
decidedly_rewarding,1,1,0
slightly_sugary,1,0,1
slightly_prideful,1,1,0
decidedly_unwelcome,1,1,0
decidedly_unreal,1,0,1
decidedly_unrealistic,1,0,1
slightly_rustic,1,1,0
decidedly_unreliable,1,1,0
decidedly_unresponsive,1,1,0
decidedly_unscientific,1,1,0
slightly_roomy,1,1,0
slightly_riveting,1,1,0
slightly_sadder,1,1,0
decidedly_upbeat,1,1,0
decidedly_upscale,1,1,0
decidedly_violent,1,1,0
decidedly_wacky,1,1,0
decidedly_wary,1,1,0
slightly_revolutionary,1,0,1
decidedly_weirder,1,1,0
slightly_saddening,1,1,0
decidedly_unpopular,1,1,0
slightly_severe,1,1,0
slightly_scarier,1,0,1
slightly_self-destructive,1,1,0
decidedly_unimpressive,1,0,1
decidedly_uninspired,1,0,1
slightly_secret,1,0,1
slightly_schizophrenic,1,0,1
slightly_sceptical,1,1,0
decidedly_uninspiring,1,1,0
slightly_savory,1,0,1
slightly_safe,1,0,1
slightly_satisfying,1,0,1
slightly_satisfied,1,1,0
slightly_satirical,1,0,1
decidedly_unnatural,1,0,1
slightly_sane,1,1,0
slightly_sandy,1,1,0
decidedly_unnerving,1,0,1
slightly_restrictive,1,1,0
decidedly_welcoming,1,0,1
decidedly_wet,1,0,1
deeply_alive,1,1,0
slightly_radical,1,1,0
deeply_active,1,1,0
deeply_adventurous,1,1,0
slightly_quiet,1,1,0
deeply_affected,1,1,0
deeply_affecting,1,1,0
slightly_qualified,1,1,0
slightly_psychedelic,1,1,0
slightly_reprehensible,1,0,1
slightly_proud,1,1,0
slightly_protective,1,1,0
deeply_alone,1,1,0
slightly_progressive,1,1,0
deeply_ambiguous,1,0,1
slightly_productive,1,0,1
slightly_probable,1,1,0
deeply_accustomed,1,1,0
slightly_rainy,1,1,0
slightly_raw,1,1,0
slightly_reactionary,1,0,1
decidedly_wicked,1,0,1
decidedly_young,1,1,0
slightly_remarkable,1,0,1
decidedly_youthful,1,0,1
slightly_religious,1,1,0
deep_clean,1,1,0
deep_golden,1,1,0
slightly_refreshing,1,1,0
deep_meaningful,1,1,0
deep_purple,1,1,0
deep_red,1,0,1
deep_underground,1,1,0
slightly_reassuring,1,0,1
slightly_reasonable,1,1,0
slightly_real,1,1,0
decidedly_unimpressed,1,1,0
decidedly_unfunny,1,1,0
decidedly_rude,1,1,0
decidedly_stale,1,1,0
slightly_square,1,1,0
slightly_spurious,1,0,1
decidedly_southern,1,1,0
decidedly_special,1,0,1
decidedly_spiritual,1,0,1
slightly_speculative,1,1,0
slightly_spectacular,1,1,0
decidedly_strange,1,0,1
decidedly_smelly,1,1,0
slightly_soulful,1,0,1
slightly_sordid,1,0,1
decidedly_stylish,1,1,0
decidedly_subdued,1,0,1
decidedly_suburban,1,1,0
slightly_sneaky,1,1,0
slightly_smug,1,0,1
decidedly_sour,1,0,1
slightly_steep,1,1,0
slightly_sexist,1,1,0
slightly_strident,1,1,0
slightly_suburban,1,0,1
slightly_subjective,1,1,0
slightly_subject,1,1,0
decidedly_rustic,1,0,1
slightly_stuck,1,0,1
decidedly_satisfying,1,0,1
slightly_strong,1,1,0
decidedly_scottish,1,0,1
decidedly_smaller,1,0,1
slightly_stretchy,1,1,0
decidedly_sexy,1,0,1
slightly_stoic,1,0,1
decidedly_short,1,1,0
decidedly_skeptical,1,1,0
slightly_sterile,1,1,0
slightly_stereotypical,1,1,0
decidedly_subversive,1,0,1
decidedly_suggestive,1,0,1
decidedly_superb,1,0,1
decidedly_underwhelming,1,1,0
decidedly_un-american,1,0,1
decidedly_unambiguous,1,0,1
slightly_shrill,1,1,0
decidedly_unattractive,1,1,0
decidedly_unclear,1,1,0
decidedly_uncomfortable,1,0,1
decidedly_uncommon,1,0,1
slightly_sheer,1,1,0
decidedly_sweet,1,0,1
decidedly_unexpected,1,1,0
decidedly_unfashionable,1,0,1
slightly_shallow,1,1,0
slightly_shady,1,1,0
decidedly_unfortunate,1,1,0
slightly_sexualized,1,1,0
decidedly_unfriendly,1,1,0
decidedly_ugly,1,1,0
decidedly_typical,1,0,1
slightly_silver,1,1,0
decidedly_tranquil,1,0,1
decidedly_tender,1,1,0
decidedly_terrible,1,1,0
slightly_sloppy,1,0,1
slightly_slippery,1,1,0
slightly_slimy,1,0,1
decidedly_theological,1,1,0
slightly_sleazy,1,0,1
slightly_skinny,1,0,1
decidedly_thicker,1,0,1
slightly_sketchy,1,1,0
decidedly_thorny,1,1,0
decidedly_tiny,1,1,0
slightly_sinful,1,0,1
decidedly_tougher,1,1,0
slightly_simple,1,1,0
dang_hungry,1,1,0
dang_great,1,1,0
dang_funny,1,1,0
creepily_fascinating,1,0,1
creepily_close,1,0,1
creepily_dystopian,1,0,1
creepily_effective,1,1,0
so_mischievous,1,1,0
creepily_expedient,1,1,0
creepily_exploitative,1,1,0
creepily_faithful,1,1,0
creepily_gorgeous,1,1,0
so_misogynistic,1,1,0
creepily_hilarious,1,1,0
creepily_intact,1,1,0
creepily_interactive,1,1,0
creepily_interested,1,1,0
creepily_intimate,1,1,0
creepily_menacing,1,1,0
so_military,1,1,0
creepily_charming,1,1,0
so_missing,1,1,0
creepily_narcissistic,1,1,0
so_monochromatic,1,1,0
creatively_supportive,1,0,1
so_moral,1,1,0
creatively_uninspiring,1,1,0
creatively_unique,1,0,1
creatively_unsound,1,1,0
creatively_useful,1,0,1
creatively_vegetarian,1,0,1
creatively_visible,1,0,1
creepily_awesome,1,1,0
creatively_witty,1,1,0
creepily_absurd,1,0,1
creepily_accurate,1,1,0
creepily_affectionate,1,1,0
creepily_alive,1,1,0
creepily_apt,1,0,1
creepily_authoritarian,1,0,1
creepily_mundane,1,1,0
creepily_ominous,1,1,0
dang_fast,1,1,0
criminally_disingenuous,1,1,0
criminally_clueless,1,1,0
criminally_clunky,1,1,0
criminally_complacent,1,1,0
so_meditative,1,0,1
criminally_cruel,1,1,0
so_medical,1,1,0
criminally_defunct,1,1,0
criminally_disturbing,1,1,0
so_melodic,1,1,0
criminally_exciting,1,1,0
criminally_explicit,1,1,0
criminally_ignorant,1,1,0
criminally_ill-equipped,1,1,0
so_matte,1,1,0
criminally_imaginable,1,0,1
criminally_inane,1,1,0
criminally_beautiful,1,1,0
criminally_awful,1,1,0
creepily_organic,1,0,1
creepily_utilitarian,1,1,0
creepily_reminiscent,1,1,0
creepily_retro,1,0,1
creepily_sadistic,1,1,0
creepily_sexy,1,0,1
creepily_similar,1,1,0
creepily_solicitous,1,1,0
creepily_upbeat,1,1,0
criminally_absent,1,0,1
criminally_asymptomatic,1,1,0
criminally_abusive,1,1,0
criminally_actionable,1,1,0
criminally_active,1,1,0
criminally_ambivalent,1,1,0
so_mental,1,1,0
criminally_amiss,1,1,0
criminally_apathetic,1,1,0
creatively_slutty,1,0,1
creatively_skilled,1,1,0
creatively_rich,1,1,0
so_newsworthy,1,0,1
so_non-existent,1,1,0
so_nominal,1,1,0
crazy_satisfied,1,1,0
crazy_serious,1,1,0
crazy_unsafe,1,0,1
crazy_warm,1,1,0
crazy_wonderful,1,0,1
creatively_active,1,1,0
so_non-stop,1,1,0
creatively_autonomous,1,1,0
creatively_beautiful,1,1,0
creatively_bloated,1,1,0
creatively_brilliant,1,1,0
so_nerve-racking,1,1,0
creatively_bummed,1,1,0
so_negotiable,1,0,1
so_non-partisan,1,1,0
so_non-traditional,1,0,1
creatively_rewarding,1,1,0
crazy_fresh,1,0,1
so_nurturing,1,1,0
crazy_delusional,1,1,0
crazy_difficult,1,0,1
so_nude,1,1,0
so_noxious,1,1,0
crazy_extravagant,1,0,1
crazy_fantastic,1,1,0
crazy_frustrating,1,1,0
crazy_risky,1,1,0
crazy_hot,1,0,1
crazy_huge,1,1,0
crazy_impossible,1,0,1
crazy_intelligent,1,1,0
crazy_mad,1,1,0
crazy_ridiculous,1,1,0
so_nonexistent,1,1,0
creatively_busy,1,1,0
creatively_charming,1,0,1
creatively_coherent,1,0,1
so_murderous,1,1,0
creatively_liberating,1,0,1
creatively_minded,1,1,0
creatively_motivating,1,0,1
creatively_new,1,0,1
creatively_nice,1,0,1
creatively_obscene,1,0,1
creatively_original,1,1,0
creatively_outlandish,1,1,0
creatively_compelling,1,1,0
creatively_possible,1,1,0
creatively_prepared,1,1,0
creatively_prolific,1,1,0
creatively_ready,1,1,0
so_mountainous,1,1,0
creatively_responsible,1,1,0
creatively_restrictive,1,1,0
creatively_lacking,1,1,0
creatively_involved,1,1,0
creatively_impressive,1,1,0
creatively_important,1,1,0
creatively_complicated,1,1,0
creatively_desirable,1,1,0
creatively_disappointing,1,1,0
so_nearer,1,1,0
creatively_distinct,1,1,0
creatively_dramatic,1,0,1
creatively_engaging,1,0,1
creatively_enticing,1,1,0
creatively_entrepreneurial,1,1,0
creatively_exciting,1,1,0
creatively_flexible,1,1,0
creatively_free,1,1,0
creatively_fun,1,1,0
creatively_good,1,0,1
creatively_groundbreaking,1,0,1
criminally_indifferent,1,1,0
criminally_ineffective,1,1,0
criminally_inept,1,1,0
crushingly_expensive,1,1,0
cruelly_unjustified,1,1,0
cruelly_violent,1,1,0
cruelly_whimsical,1,1,0
crushingly_devoid,1,1,0
crushingly_difficult,1,1,0
crushingly_disappointed,1,1,0
crushingly_disappointing,1,1,0
crushingly_heavy,1,1,0
cruelly_unfair,1,1,0
crushingly_honest,1,1,0
crushingly_impactful,1,1,0
crushingly_invisible,1,1,0
crushingly_ironic,1,1,0
crushingly_lonely,1,1,0
crushingly_lyrical,1,0,1
crushingly_mediocre,1,1,0
cruelly_unjust,1,1,0
so_laborious,1,1,0
so_legal,1,1,0
cruelly_misleading,1,1,0
cruelly_insane,1,1,0
cruelly_insensitive,1,1,0
cruelly_intimate,1,0,1
so_law-abiding,1,1,0
cruelly_lacking,1,1,0
cruelly_lonely,1,1,0
cruelly_long,1,1,0
so_last,1,1,0
cruelly_tired,1,1,0
cruelly_oppressive,1,1,0
cruelly_random,1,0,1
cruelly_real,1,0,1
cruelly_sadistic,1,1,0
cruelly_satirical,1,1,0
cruelly_small,1,1,0
cruelly_suspicious,1,1,0
crushingly_new,1,1,0
crushingly_normal,1,0,1
crushingly_poor,1,1,0
culturally_complex,1,0,1
culturally_averse,1,1,0
culturally_bankrupt,1,1,0
culturally_barbaric,1,0,1
culturally_beautiful,1,0,1
culturally_beneficial,1,1,0
culturally_cautious,1,1,0
culturally_celebratory,1,1,0
culturally_cool,1,0,1
crushingly_predictable,1,1,0
culturally_critical,1,0,1
culturally_curious,1,1,0
culturally_damning,1,1,0
so_intransigent,1,1,0
culturally_daring,1,0,1
culturally_deficient,1,1,0
culturally_dependent,1,1,0
culturally_authentic,1,0,1
culturally_arcane,1,1,0
so_irksome,1,1,0
culturally_amiss,1,1,0
so_jaw-dropping,1,1,0
crushingly_saddening,1,1,0
crushingly_sexist,1,1,0
crushingly_shy,1,1,0
crushingly_tragic,1,1,0
so_israeli,1,1,0
crushingly_unimaginative,1,1,0
crushingly_wrong,1,1,0
so_irreverent,1,0,1
culturally_accommodating,1,1,0
culturally_accurate,1,1,0
culturally_acute,1,1,0
culturally_adept,1,1,0
culturally_advantageous,1,1,0
so_irreconcilable,1,0,1
cruelly_hot,1,1,0
cruelly_honest,1,1,0
criminally_involved,1,1,0
so_lucid,1,1,0
critically_bad,1,1,0
critically_balanced,1,1,0
critically_bigger,1,0,1
critically_compelling,1,0,1
so_lukewarm,1,0,1
critically_crucial,1,1,0
critically_damned,1,1,0
critically_defensible,1,1,0
so_lyrical,1,0,1
critically_deficient,1,1,0
so_low-tech,1,0,1
critically_divisive,1,1,0
critically_helpful,1,1,0
critically_hurt,1,1,0
critically_interdependent,1,1,0
critically_lacking,1,0,1
so_luxury,1,1,0
critically_aware,1,1,0
so_legit,1,0,1
criminally_selfish,1,1,0
so_marketable,1,1,0
so_marginalized,1,0,1
criminally_irresponsible,1,1,0
criminally_misleading,1,1,0
so_maneuverable,1,0,1
criminally_narcissistic,1,1,0
criminally_poor,1,1,0
criminally_threatening,1,1,0
critically_astute,1,1,0
criminally_unacceptable,1,0,1
criminally_underappreciated,1,1,0
criminally_underdeveloped,1,1,0
criminally_unfunny,1,0,1
so_magic,1,0,1
critically_ambiguous,1,1,0
critically_amiss,1,0,1
critically_minded,1,1,0
critically_new,1,0,1
critically_objective,1,0,1
cruelly_disappointing,1,1,0
crucially_interested,1,0,1
crucially_lucky,1,1,0
crucially_nasty,1,0,1
crucially_relevant,1,1,0
crucially_wrong,1,1,0
cruelly_brief,1,1,0
cruelly_deliberate,1,1,0
cruelly_discriminatory,1,1,0
critically_off,1,1,0
cruelly_disproportionate,1,1,0
cruelly_dynamic,1,1,0
cruelly_effective,1,1,0
cruelly_ephemeral,1,1,0
cruelly_funny,1,1,0
cruelly_futile,1,1,0
cruelly_harsh,1,1,0
crucially_flawed,1,0,1
crucially_dependent,1,1,0
so_limp,1,1,0
crucially_blank,1,0,1
so_loopy,1,1,0
critically_poor,1,1,0
critically_predisposed,1,0,1
critically_relevant,1,1,0
critically_rewarding,1,1,0
critically_rigorous,1,0,1
critically_sick,1,1,0
critically_sophisticated,1,1,0
critically_substantial,1,1,0
critically_unappreciated,1,1,0
so_livid,1,1,0
critically_underrated,1,1,0
critically_unsafe,1,1,0
critically_valuable,1,1,0
critically_weak,1,1,0
crazy_cool,1,1,0
crazy_confusing,1,1,0
crazy_busy,1,1,0
continually_interesting,1,1,0
so_principled,1,1,0
continually_grateful,1,1,0
continually_guilty,1,1,0
continually_hard,1,1,0
continually_homeless,1,1,0
continually_impressed,1,1,0
so_pricy,1,1,0
continually_jarring,1,1,0
continually_concerned,1,1,0
continually_late,1,1,0
continually_passionate,1,1,0
continually_potent,1,1,0
continually_pregnant,1,1,0
so_prevailing,1,0,1
continually_special,1,0,1
continually_swollen,1,1,0
continually_funny,1,1,0
continually_close,1,1,0
so_promotional,1,1,0
contextually_unique,1,1,0
contextually_fascinating,1,1,0
contextually_identifiable,1,1,0
so_prolonged,1,1,0
contextually_inaccurate,1,1,0
contextually_independent,1,0,1
contextually_misleading,1,1,0
contextually_trivial,1,0,1
continually_anxious,1,1,0
so_pro,1,1,0
continually_applicable,1,1,0
continually_available,1,1,0
continually_awful,1,0,1
continually_bothersome,1,1,0
so_pro-business,1,0,1
continually_challenging,1,1,0
so_pro-active,1,1,0
so_pressing,1,1,0
so_presidential,1,1,0
continually_unsettled,1,1,0
continuously_sober,1,1,0
continuously_moist,1,1,0
continuously_operational,1,1,0
continuously_passionate,1,1,0
continuously_popular,1,1,0
continuously_present,1,1,0
continuously_resident,1,1,0
so_porous,1,1,0
continuously_uninhabited,1,1,0
continually_vigilant,1,1,0
so_populist,1,0,1
continuously_welcoming,1,1,0
so_ponderous,1,1,0
conveniently_approachable,1,1,0
conveniently_artistic,1,1,0
conveniently_awake,1,1,0
conveniently_black,1,1,0
so_potential,1,1,0
continuously_mobile,1,1,0
continuously_misunderstood,1,1,0
continuously_jewish,1,1,0
continually_wrong,1,0,1
continuously_compliant,1,1,0
continuously_concerned,1,1,0
continuously_creative,1,1,0
so_prejudicial,1,1,0
continuously_dependent,1,1,0
so_predictive,1,1,0
continuously_dry,1,1,0
so_predatory,1,1,0
so_precocious,1,0,1
continuously_envious,1,1,0
continuously_evil,1,1,0
continuously_grateful,1,1,0
so_praiseworthy,1,0,1
continuously_hot,1,1,0
contextually_familiar,1,1,0
contextually_dependant,1,1,0
conveniently_congruent,1,1,0
constantly_sunny,1,1,0
constantly_prone,1,1,0
constantly_responsible,1,1,0
constantly_right,1,0,1
constantly_sad,1,1,0
constantly_satisfied,1,1,0
constantly_scared,1,1,0
constantly_stressful,1,1,0
constantly_surprising,1,1,0
constantly_pricey,1,1,0
so_raucous,1,1,0
constantly_suspicious,1,1,0
constantly_tense,1,0,1
constantly_thirsty,1,1,0
constantly_underappreciated,1,1,0
constantly_understaffed,1,1,0
constantly_unhappy,1,1,0
constantly_progressive,1,1,0
constantly_positive,1,1,0
contextually_demanding,1,1,0
so_refreshed,1,1,0
constantly_lean,1,1,0
so_relational,1,0,1
constantly_mindful,1,1,0
so_regressive,1,0,1
constantly_negotiable,1,1,0
constantly_nervous,1,1,0
constantly_obsessed,1,1,0
constantly_offline,1,1,0
constantly_popular,1,1,0
constantly_open,1,1,0
so_reductive,1,1,0
constantly_painful,1,1,0
so_recreational,1,1,0
constantly_perfect,1,1,0
constantly_picky,1,1,0
constantly_pleased,1,1,0
constantly_unresponsive,1,1,0
constantly_useful,1,1,0
constantly_variable,1,1,0
so_psychotic,1,1,0
constitutionally_legal,1,1,0
constitutionally_limited,1,1,0
constitutionally_murky,1,1,0
constitutionally_objectionable,1,1,0
constitutionally_problematic,1,0,1
constitutionally_proper,1,1,0
constitutionally_prudent,1,1,0
constitutionally_relevant,1,1,0
so_racy,1,1,0
constitutionally_sorrowful,1,1,0
constitutionally_troubling,1,1,0
constitutionally_uniform,1,1,0
contextually_aware,1,1,0
so_proprietary,1,1,0
so_prophetic,1,0,1
contextually_conscious,1,1,0
constitutionally_irregular,1,1,0
constitutionally_intrusive,1,1,0
constitutionally_ineligible,1,1,0
constitutionally_illiterate,1,1,0
so_racial,1,1,0
constantly_visible,1,1,0
constantly_wicked,1,1,0
constantly_willing,1,0,1
constantly_wrong,1,1,0
constitutionally_alike,1,1,0
constitutionally_ambitious,1,0,1
constitutionally_appropriate,1,1,0
constitutionally_capable,1,1,0
so_quantifiable,1,1,0
so_quality,1,0,1
constitutionally_correct,1,1,0
constitutionally_eligible,1,1,0
constitutionally_free,1,1,0
constitutionally_honest,1,1,0
conveniently_blind,1,1,0
conveniently_conservative,1,1,0
crazy_brave,1,1,0
correspondingly_thinner,1,1,0
so_outdoors,1,1,0
correspondingly_downbeat,1,0,1
so_ours,1,1,0
correspondingly_higher,1,1,0
correspondingly_modest,1,1,0
so_orthodox,1,1,0
correspondingly_rude,1,1,0
correspondingly_uncomfortable,1,1,0
correspondingly_busy,1,1,0
cosmetically_aesthetic,1,1,0
cosmetically_annoying,1,1,0
cosmetically_appealing,1,0,1
cosmetically_attractive,1,1,0
cosmetically_concerned,1,1,0
cosmetically_desirable,1,1,0
cosmetically_different,1,1,0
correspondingly_deep,1,0,1
coolly_unexpected,1,0,1
convincingly_intimidating,1,1,0
coolly_clever,1,1,0
convincingly_normal,1,1,0
convincingly_realistic,1,0,1
convincingly_similar,1,1,0
so_oversized,1,0,1
convincingly_tough,1,1,0
convincingly_unlikable,1,1,0
coolly_adversarial,1,1,0
coolly_danceable,1,1,0
coolly_spicy,1,1,0
coolly_evasive,1,1,0
coolly_existential,1,1,0
so_overcooked,1,1,0
coolly_feminine,1,1,0
coolly_intellectual,1,1,0
coolly_obscure,1,1,0
coolly_pragmatic,1,1,0
cosmetically_elegant,1,1,0
cosmetically_inferior,1,1,0
cosmetically_pleasing,1,1,0
crazily_resilient,1,1,0
crazily_hyperactive,1,1,0
crazily_ideological,1,1,0
crazily_inventive,1,1,0
crazily_new,1,1,0
crazily_normal,1,1,0
crazily_obsessed,1,1,0
crazily_optimistic,1,0,1
crazily_specific,1,1,0
cosmetically_poor,1,1,0
crazily_strange,1,1,0
crazily_unpredictable,1,1,0
crazily_violent,1,1,0
crazily_wrong,1,1,0
crazy_ambitious,1,0,1
so_obligatory,1,0,1
crazy_awesome,1,0,1
crazily_huge,1,0,1
crazily_hot,1,1,0
crazily_evil,1,1,0
crazily_enough,1,1,0
cosmetically_right,1,0,1
cosmetically_unfit,1,1,0
cosmetically_unsatisfactory,1,1,0
cosmetically_visual,1,1,0
so_omnipotent,1,0,1
crazily_adventurous,1,0,1
crazily_artistic,1,1,0
crazily_bizarre,1,1,0
crazily_compelling,1,0,1
crazily_conservative,1,1,0
crazily_crispy,1,1,0
crazily_crowded,1,1,0
crazily_detailed,1,1,0
crazily_diverse,1,1,0
crazily_eclectic,1,1,0
convincingly_local,1,1,0
so_paced,1,1,0
conveniently_cryptic,1,1,0
conveniently_suitable,1,1,0
conveniently_probable,1,1,0
conveniently_reachable,1,1,0
conveniently_right,1,1,0
conveniently_short,1,1,0
conveniently_silent,1,1,0
conveniently_simple,1,1,0
conveniently_specific,1,0,1
conveniently_terrible,1,1,0
conveniently_photogenic,1,1,0
conveniently_unaware,1,1,0
conveniently_useless,1,1,0
conveniently_vague,1,1,0
conveniently_wet,1,1,0
conventionally_appealing,1,0,1
conventionally_appropriate,1,1,0
conventionally_armed,1,1,0
conveniently_possible,1,1,0
conveniently_perfect,1,1,0
convincingly_happy,1,1,0
conveniently_mobile,1,1,0
so_plump,1,1,0
conveniently_downloadable,1,1,0
conveniently_drinkable,1,1,0
conveniently_handy,1,1,0
conveniently_high,1,1,0
conveniently_incompetent,1,1,0
conveniently_indifferent,1,1,0
so_platonic,1,0,1
conveniently_palatable,1,1,0
conveniently_near,1,1,0
conveniently_neat,1,1,0
conveniently_nude,1,1,0
conveniently_oblique,1,1,0
conveniently_oblivious,1,1,0
conveniently_obtuse,1,1,0
conveniently_open,1,1,0
conventionally_buddhist,1,0,1
so_permissive,1,1,0
conventionally_busy,1,1,0
convincingly_attractive,1,1,0
so_past,1,1,0
conventionally_polite,1,0,1
conventionally_political,1,1,0
conventionally_productive,1,1,0
conventionally_romantic,1,1,0
conventionally_tasteful,1,0,1
conventionally_theatrical,1,1,0
so_paramount,1,0,1
conventionally_cathartic,1,1,0
convincingly_balanced,1,1,0
convincingly_caring,1,0,1
convincingly_childlike,1,1,0
convincingly_clueless,1,0,1
convincingly_desperate,1,1,0
convincingly_directional,1,1,0
convincingly_enough,1,1,0
conventionally_modern,1,1,0
conventionally_meaningful,1,0,1
conventionally_literary,1,1,0
conventionally_inspirational,1,0,1
so_perishable,1,0,1
conventionally_chic,1,1,0
conventionally_coherent,1,1,0
conventionally_decorative,1,1,0
conventionally_desirable,1,1,0
conventionally_dramatic,1,0,1
so_perceptible,1,1,0
so_penetrating,1,0,1
conventionally_easy,1,1,0
conventionally_entertaining,1,1,0
conventionally_existent,1,0,1
conventionally_exotic,1,0,1
conventionally_good,1,1,0
conventionally_hot,1,1,0
so_patriarchal,1,0,1
culturally_depraved,1,1,0
culturally_deterministic,1,0,1
culturally_dissimilar,1,1,0
so_favourable,1,1,0
damn_complex,1,1,0
damn_conceptual,1,1,0
damn_concerned,1,1,0
so_feral,1,1,0
so_feminist,1,1,0
damn_confident,1,1,0
so_feasible,1,1,0
so_favorite,1,1,0
so_fictional,1,1,0
damn_crowded,1,1,0
damn_curious,1,1,0
damn_curvy,1,1,0
damn_dear,1,0,1
damn_deep,1,1,0
damn_delectable,1,1,0
damn_delightful,1,1,0
damn_competitive,1,1,0
damn_colorful,1,1,0
damn_believable,1,1,0
damn_careless,1,1,0
damn_bizarre,1,1,0
damn_blunt,1,1,0
damn_bored,1,1,0
damn_brilliant,1,0,1
damn_british,1,0,1
damn_brutal,1,1,0
damn_callous,1,1,0
damn_challenging,1,1,0
damn_cocky,1,1,0
damn_cheesy,1,1,0
so_fishy,1,1,0
damn_classy,1,0,1
damn_clear,1,1,0
so_finest,1,1,0
damn_cliche,1,1,0
damn_clueless,1,1,0
damn_depressed,1,1,0
damn_desirable,1,1,0
damn_desperate,1,1,0
damn_german,1,1,0
so_extremist,1,1,0
damn_freaky,1,1,0
damn_fresh,1,1,0
damn_full,1,1,0
damn_fun,1,1,0
damn_fuzzy,1,1,0
damn_geeky,1,0,1
damn_gigantic,1,1,0
damn_diminutive,1,1,0
so_exploratory,1,0,1
so_exploitative,1,0,1
damn_glamorous,1,0,1
so_experiential,1,0,1
damn_gorgeous,1,0,1
so_expendable,1,1,0
so_expedient,1,1,0
damn_flimsy,1,1,0
damn_ferocious,1,1,0
damn_fast,1,1,0
damn_fascinating,1,1,0
so_farcical,1,0,1
damn_dirty,1,1,0
damn_disgusting,1,1,0
damn_distressing,1,1,0
damn_dope,1,1,0
damn_drunk,1,1,0
damn_dumb,1,0,1
damn_eclectic,1,1,0
damn_effective,1,1,0
damn_embarrassed,1,1,0
damn_embarrassing,1,0,1
damn_excellent,1,0,1
damn_expendable,1,1,0
damn_fabulous,1,1,0
damn_familiar,1,1,0
damn_bitter,1,1,0
damn_basic,1,1,0
damn_greedy,1,1,0
currently_unnecessary,1,1,0
so_full-time,1,1,0
currently_unfounded,1,1,0
currently_unhappy,1,1,0
currently_unimaginable,1,1,0
currently_uninhabited,1,1,0
currently_unknowable,1,0,1
currently_unmanageable,1,1,0
so_frightful,1,1,0
currently_unfit,1,1,0
currently_unoccupied,1,1,0
currently_unofficial,1,1,0
currently_unparalleled,1,1,0
currently_unpopular,1,0,1
currently_unprepared,1,1,0
currently_unprofitable,1,1,0
currently_unqualified,1,1,0
so_fuller,1,1,0
currently_unfashionable,1,0,1
damn_badass,1,1,0
currently_undefined,1,1,0
so_genetic,1,1,0
currently_unbeaten,1,1,0
currently_uncomfortable,1,1,0
so_gendered,1,0,1
currently_unconfirmed,1,1,0
currently_unconnected,1,1,0
currently_unconscious,1,1,0
so_galling,1,1,0
currently_unfamiliar,1,1,0
currently_underfunded,1,1,0
so_future,1,1,0
currently_undervalued,1,1,0
currently_underweight,1,1,0
currently_undetectable,1,1,0
currently_undeveloped,1,1,0
currently_unexplained,1,1,0
currently_unrealistic,1,1,0
currently_unseen,1,1,0
currently_unsolved,1,1,0
damn_alright,1,1,0
damn_addictive,1,0,1
damn_adorable,1,0,1
damn_aimless,1,1,0
damn_akin,1,1,0
damn_alike,1,1,0
so_flustered,1,1,0
damn_alive,1,1,0
damn_american,1,1,0
so_fraudulent,1,1,0
damn_annoyed,1,1,0
so_flowery,1,1,0
damn_appealing,1,1,0
damn_appreciative,1,1,0
damn_arbitrary,1,1,0
damn_arrogant,1,1,0
damn_atrocious,1,1,0
damn_accurate,1,1,0
daily_internal,1,1,0
daily_essential,1,1,0
daily_challenging,1,1,0
currently_unstable,1,1,0
currently_unsteady,1,1,0
currently_unsubstantiated,1,1,0
currently_unsupported,1,1,0
currently_unwilling,1,1,0
currently_vegan,1,1,0
currently_viable,1,1,0
currently_weaker,1,1,0
currently_welcome,1,1,0
currently_wide,1,1,0
currently_worse,1,1,0
currently_worth,1,1,0
currently_worthless,1,1,0
so_forlorn,1,0,1
daily_active,1,1,0
damn_greasy,1,1,0
damn_grim,1,1,0
currently_unbeatable,1,1,0
damn_swollen,1,1,0
damn_stressful,1,1,0
damn_stunning,1,1,0
so_dystopian,1,1,0
damn_subjective,1,1,0
damn_subtle,1,1,0
damn_supportive,1,1,0
damn_surreal,1,0,1
damn_terrible,1,1,0
damn_spoiled,1,1,0
damn_terrified,1,1,0
so_drunken,1,1,0
damn_terrifying,1,1,0
damn_thoughtful,1,1,0
damn_timid,1,1,0
so_dressy,1,1,0
damn_tragic,1,0,1
damn_stoked,1,1,0
damn_spirited,1,1,0
damn_sharp,1,1,0
damn_smooth,1,0,1
damn_shocking,1,1,0
so_egalitarian,1,1,0
damn_silly,1,1,0
so_efficacious,1,1,0
damn_sinister,1,1,0
damn_sloppy,1,1,0
damn_small,1,1,0
so_edifying,1,0,1
so_eastern,1,1,0
damn_sobering,1,1,0
damn_soft,1,1,0
so_eco-friendly,1,1,0
damn_sordid,1,1,0
damn_sorry,1,1,0
damn_specific,1,1,0
damn_spectacular,1,1,0
damn_trashy,1,1,0
damn_uncomfortable,1,1,0
damn_unhappy,1,1,0
dang_difficult,1,1,0
dang_clean,1,1,0
dang_close,1,0,1
dang_cold,1,1,0
dang_comfortable,1,1,0
dang_controversial,1,1,0
dang_depressing,1,1,0
dang_different,1,1,0
dang_effective,1,1,0
damn_unlikeable,1,1,0
so_distinguished,1,0,1
so_distinguishable,1,1,0
dang_enthusiastic,1,1,0
dang_excited,1,1,0
dang_exciting,1,1,0
dang_expensive,1,1,0
dang_fabulous,1,1,0
dang_cheap,1,1,0
dang_big,1,0,1
dang_bad,1,1,0
dang_awesome,1,1,0
damn_unlikely,1,1,0
damn_unlucky,1,1,0
damn_unnerving,1,1,0
so_down,1,0,1
damn_unpleasant,1,0,1
damn_unpredictable,1,1,0
damn_vague,1,1,0
damn_white,1,1,0
damn_wild,1,1,0
damn_wonderful,1,1,0
damn_wordy,1,1,0
damn_worried,1,1,0
damn_worth,1,1,0
dang_attractive,1,1,0
so_do-able,1,1,0
damn_shocked,1,1,0
damn_sexist,1,1,0
damn_groovy,1,1,0
damn_macho,1,1,0
so_eternal,1,0,1
damn_limited,1,1,0
damn_literal,1,1,0
so_erudite,1,1,0
damn_long,1,1,0
so_ergonomic,1,1,0
so_equipped,1,0,1
so_episodic,1,0,1
so_ethnic,1,1,0
damn_magical,1,1,0
damn_mellow,1,1,0
damn_memorable,1,1,0
damn_miserable,1,1,0
damn_misleading,1,1,0
damn_more,1,1,0
damn_much,1,1,0
damn_likeable,1,1,0
damn_legit,1,1,0
damn_sensible,1,1,0
damn_impressed,1,0,1
damn_haunting,1,0,1
damn_hollow,1,1,0
damn_honest,1,1,0
damn_horrifying,1,1,0
damn_huge,1,1,0
so_excitable,1,1,0
damn_humbling,1,1,0
damn_incapable,1,1,0
so_european,1,1,0
damn_incredible,1,1,0
damn_intimidating,1,1,0
damn_ironic,1,1,0
damn_irregular,1,1,0
damn_irritating,1,1,0
damn_large,1,0,1
damn_laughable,1,1,0
damn_mundane,1,1,0
damn_nasty,1,1,0
damn_near,1,1,0
damn_readable,1,1,0
damn_pricey,1,1,0
damn_prickly,1,1,0
damn_pristine,1,1,0
damn_professional,1,1,0
damn_provocative,1,1,0
damn_quiet,1,1,0
damn_racist,1,0,1
damn_relatable,1,0,1
damn_normal,1,1,0
damn_remarkable,1,0,1
damn_reticent,1,1,0
damn_rough,1,1,0
damn_same,1,1,0
damn_sappy,1,1,0
damn_sassy,1,1,0
damn_satisfying,1,0,1
damn_predictable,1,1,0
damn_pointless,1,1,0
damn_pleasing,1,1,0
damn_pleasant,1,1,0
damn_obtuse,1,1,0
damn_odd,1,1,0
damn_overweight,1,1,0
damn_overwhelming,1,1,0
damn_pale,1,1,0
damn_passionate,1,1,0
damn_pathetic,1,1,0
so_endless,1,1,0
damn_perky,1,0,1
damn_phenomenal,1,1,0
so_endangered,1,1,0
damn_photogenic,1,1,0
so_encouraged,1,1,0
so_encompassing,1,0,1
damn_picky,1,1,0
so_genial,1,0,1
currently_unaccounted,1,1,0
culturally_enlightened,1,1,0
curiously_amiss,1,0,1
culturally_variable,1,1,0
culturally_white,1,1,0
so_incisive,1,1,0
curiously_abnormal,1,1,0
curiously_accurate,1,1,0
curiously_addictive,1,0,1
curiously_ambivalent,1,1,0
curiously_apt,1,0,1
culturally_uplifting,1,0,1
curiously_bad,1,1,0
curiously_bored,1,1,0
curiously_clever,1,1,0
curiously_compelling,1,0,1
curiously_complex,1,1,0
so_impregnable,1,1,0
so_imprecise,1,0,1
culturally_useless,1,1,0
culturally_unimportant,1,1,0
so_indiscriminate,1,1,0
so_indecent,1,0,1
culturally_sound,1,1,0
culturally_strange,1,0,1
culturally_subjective,1,1,0
culturally_subservient,1,1,0
culturally_substantial,1,0,1
culturally_successful,1,1,0
culturally_surreal,1,1,0
culturally_tasty,1,1,0
culturally_uniform,1,1,0
culturally_tolerant,1,1,0
culturally_true,1,1,0
culturally_ubiquitous,1,1,0
culturally_unable,1,1,0
culturally_unaffiliated,1,1,0
culturally_unattractive,1,0,1
culturally_unfamiliar,1,0,1
curiously_contemporary,1,0,1
curiously_contradictory,1,0,1
curiously_cryptic,1,1,0
curiously_indifferent,1,1,0
curiously_great,1,0,1
curiously_haunting,1,1,0
curiously_heartless,1,0,1
curiously_human,1,0,1
curiously_idiosyncratic,1,1,0
curiously_impersonal,1,0,1
curiously_indecent,1,0,1
so_illiquid,1,1,0
curiously_deep,1,0,1
curiously_infrequent,1,1,0
curiously_interwoven,1,1,0
curiously_intimate,1,0,1
curiously_invigorating,1,1,0
curiously_irrelevant,1,0,1
curiously_lacking,1,0,1
so_idle,1,1,0
curiously_frigid,1,0,1
curiously_french,1,1,0
curiously_forgettable,1,1,0
curiously_expressive,1,1,0
so_imposing,1,0,1
curiously_definitive,1,0,1
curiously_delicious,1,0,1
so_implicit,1,1,0
curiously_delighted,1,1,0
curiously_devoid,1,1,0
curiously_different,1,0,1
curiously_difficult,1,1,0
curiously_diplomatic,1,1,0
curiously_distant,1,1,0
curiously_effeminate,1,1,0
so_impartial,1,1,0
so_impaired,1,1,0
curiously_engaging,1,1,0
curiously_english,1,0,1
so_indirect,1,1,0
culturally_smart,1,1,0
curiously_lonely,1,1,0
culturally_inferior,1,1,0
culturally_illuminating,1,1,0
culturally_immature,1,1,0
culturally_incendiary,1,1,0
culturally_inclusive,1,1,0
culturally_incompatible,1,1,0
culturally_inconsequential,1,1,0
culturally_incorrect,1,1,0
culturally_ingrained,1,0,1
culturally_iconic,1,1,0
culturally_instinctive,1,1,0
culturally_intelligent,1,1,0
culturally_intoxicating,1,0,1
culturally_intriguing,1,0,1
culturally_invisible,1,1,0
culturally_knowledgeable,1,0,1
so_insatiable,1,1,0
culturally_illiterate,1,1,0
so_insufficient,1,1,0
culturally_shocking,1,1,0
culturally_famous,1,1,0
culturally_equal,1,1,0
culturally_erudite,1,1,0
culturally_european,1,1,0
culturally_exclusive,1,1,0
culturally_fair,1,1,0
so_intentioned,1,1,0
culturally_familiar,1,0,1
culturally_foreign,1,1,0
culturally_hybrid,1,1,0
culturally_fun,1,0,1
culturally_german,1,1,0
culturally_greek,1,1,0
so_integrated,1,1,0
culturally_heterogeneous,1,1,0
culturally_homogeneous,1,1,0
so_insurmountable,1,1,0
culturally_lead,1,1,0
culturally_less,1,0,1
culturally_marginalized,1,1,0
culturally_rewarding,1,1,0
culturally_recognizable,1,1,0
culturally_reflective,1,1,0
culturally_refreshing,1,0,1
culturally_remote,1,0,1
culturally_resistant,1,1,0
culturally_respectful,1,1,0
culturally_responsive,1,1,0
culturally_richer,1,1,0
culturally_minded,1,0,1
so_industrious,1,1,0
so_industrialized,1,1,0
so_industrial,1,0,1
culturally_robust,1,1,0
culturally_sacred,1,0,1
culturally_scary,1,0,1
culturally_separate,1,1,0
culturally_provocative,1,1,0
so_infamous,1,0,1
culturally_progressive,1,1,0
culturally_predisposed,1,1,0
culturally_misguided,1,1,0
so_inner,1,0,1
so_injurious,1,1,0
so_injured,1,1,0
culturally_myopic,1,1,0
so_inhospitable,1,1,0
culturally_necessary,1,1,0
culturally_negative,1,1,0
culturally_new,1,0,1
culturally_obligatory,1,1,0
culturally_oppressive,1,1,0
culturally_oriented,1,1,0
culturally_parallel,1,1,0
culturally_poignant,1,0,1
culturally_poorer,1,1,0
curiously_liberating,1,0,1
curiously_magnetic,1,0,1
currently_true,1,1,0
so_groovy,1,1,0
currently_ineligible,1,1,0
currently_informative,1,1,0
currently_inseparable,1,1,0
currently_key,1,1,0
so_grueling,1,1,0
so_groundbreaking,1,1,0
currently_late,1,1,0
currently_limited,1,1,0
so_handicapped,1,0,1
currently_lower,1,1,0
currently_manifest,1,1,0
currently_mass,1,1,0
currently_missing,1,0,1
currently_moot,1,1,0
currently_native,1,1,0
currently_nearby,1,1,0
currently_incompatible,1,1,0
currently_hot,1,1,0
currently_earthy,1,1,0
currently_flaky,1,0,1
currently_evident,1,1,0
currently_existent,1,1,0
currently_false,1,1,0
so_hawkish,1,0,1
currently_familiar,1,1,0
currently_famous,1,0,1
so_hassle,1,0,1
currently_flawed,1,1,0
currently_higher,1,1,0
currently_foreign,1,1,0
so_hardy,1,1,0
currently_furious,1,1,0
currently_good,1,1,0
currently_guilty,1,1,0
currently_handmade,1,1,0
currently_high,1,0,1
currently_negative,1,1,0
currently_neutral,1,1,0
currently_nice,1,1,0
currently_set,1,1,0
currently_republican,1,1,0
currently_reserved,1,1,0
currently_resident,1,1,0
currently_right,1,1,0
currently_robust,1,1,0
so_globalized,1,1,0
currently_secret,1,1,0
currently_shy,1,1,0
currently_obscure,1,1,0
currently_silent,1,1,0
currently_small,1,1,0
currently_suicidal,1,1,0
currently_suitable,1,1,0
currently_sunny,1,1,0
currently_taxable,1,1,0
currently_tired,1,1,0
currently_remote,1,1,0
currently_religious,1,1,0
currently_quiet,1,1,0
currently_public,1,1,0
currently_old,1,1,0
currently_onboard,1,1,0
currently_outdated,1,1,0
currently_overcrowded,1,1,0
currently_overpriced,1,1,0
currently_part-time,1,1,0
currently_pink,1,1,0
currently_plastic,1,0,1
currently_playable,1,1,0
currently_poor,1,1,0
so_gothic,1,1,0
currently_privileged,1,1,0
currently_problematic,1,1,0
currently_professional,1,1,0
so_gooey,1,1,0
currently_entertaining,1,1,0
currently_drier,1,1,0
curiously_masculine,1,1,0
curiously_silent,1,1,0
curiously_related,1,1,0
curiously_satisfying,1,1,0
curiously_selective,1,1,0
so_humanitarian,1,1,0
so_humanistic,1,0,1
so_humane,1,1,0
so_human-like,1,0,1
curiously_stale,1,1,0
curiously_reassuring,1,1,0
curiously_static,1,0,1
curiously_strange,1,0,1
curiously_supportive,1,1,0
curiously_surreal,1,0,1
curiously_systematic,1,0,1
curiously_thin,1,1,0
curiously_tidy,1,1,0
curiously_redundant,1,1,0
curiously_quiet,1,1,0
currently_disappointed,1,1,0
curiously_ornamental,1,1,0
curiously_merry,1,1,0
curiously_mesmerizing,1,0,1
curiously_metaphysical,1,0,1
curiously_misguided,1,1,0
curiously_moral,1,1,0
curiously_naked,1,1,0
curiously_obtuse,1,0,1
curiously_passe,1,0,1
curiously_prophetic,1,1,0
curiously_pastoral,1,1,0
curiously_pedestrian,1,1,0
curiously_persuasive,1,0,1
so_hybrid,1,1,0
curiously_phony,1,1,0
curiously_placid,1,1,0
curiously_possessive,1,1,0
curiously_uncanny,1,0,1
curiously_unchanged,1,1,0
curiously_uncomfortable,1,0,1
currently_compatible,1,1,0
currently_bearish,1,1,0
so_high-quality,1,1,0
currently_best,1,1,0
currently_better,1,1,0
currently_clear,1,1,0
so_heretical,1,0,1
currently_comfortable,1,1,0
so_hellish,1,0,1
curiously_uninterested,1,1,0
currently_conceivable,1,1,0
currently_cool,1,1,0
currently_crazy,1,1,0
currently_dangerous,1,1,0
currently_dead,1,1,0
currently_defective,1,1,0
currently_depressed,1,1,0
currently_bankrupt,1,1,0
so_highest,1,1,0
currently_at-risk,1,1,0
so_hilly,1,1,0
curiously_unique,1,1,0
curiously_unmoved,1,1,0
curiously_unreal,1,0,1
so_homogenous,1,1,0
curiously_upright,1,1,0
curiously_vacant,1,0,1
curiously_voracious,1,0,1
so_homemade,1,1,0
currently_accurate,1,1,0
currently_adrift,1,1,0
so_holistic,1,0,1
currently_aged,1,1,0
currently_aggressive,1,1,0
currently_appealing,1,1,0
currently_applicable,1,1,0
slightly_fluffy,1,0,1
deeply_illusory,1,0,1
demonstrably_valid,1,1,0
simply_degrading,1,1,0
simply_demanding,1,1,0
deliciously_sarcastic,1,1,0
deliciously_satisfied,1,1,0
simply_delirious,1,1,0
deliciously_savory,1,0,1
simply_delighted,1,1,0
deliciously_scandalous,1,1,0
simply_defunct,1,1,0
simply_depraved,1,1,0
simply_definitive,1,1,0
deliciously_scrumptious,1,0,1
deliciously_seductive,1,0,1
deliciously_sensuous,1,1,0
simply_deceptive,1,1,0
simply_debilitating,1,1,0
deliciously_shiny,1,0,1
simply_dense,1,1,0
deliciously_salty,1,0,1
deliciously_silly,1,1,0
simply_devout,1,1,0
deliciously_rare,1,1,0
simply_disagreeable,1,1,0
deliciously_reassuring,1,0,1
deliciously_relaxed,1,1,0
simply_digital,1,1,0
deliciously_ridiculous,1,1,0
deliciously_righteous,1,0,1
simply_devoid,1,1,0
simply_depressing,1,1,0
simply_despondent,1,1,0
deliciously_ripe,1,1,0
simply_desirous,1,1,0
deliciously_rural,1,1,0
simply_descriptive,1,1,0
deliciously_rustic,1,1,0
deliciously_safe,1,1,0
deliciously_sick,1,1,0
simply_dazzling,1,1,0
delightfully_gothic,1,0,1
deliciously_therapeutic,1,0,1
simply_costlier,1,1,0
simply_cost,1,1,0
deliciously_tasteless,1,1,0
simply_correct,1,1,0
simply_cooler,1,1,0
deliciously_tender,1,1,0
simply_conventional,1,1,0
deliciously_thick,1,1,0
deliciously_tactile,1,0,1
deliciously_thin,1,0,1
simply_contradictory,1,1,0
simply_contextual,1,1,0
deliciously_threatening,1,1,0
simply_contemptible,1,1,0
simply_constitutional,1,1,0
deliciously_thrilling,1,0,1
simply_coy,1,1,0
simply_crafty,1,1,0
deliciously_smug,1,0,1
simply_curable,1,1,0
simply_daft,1,1,0
simply_cynical,1,1,0
deliciously_sneaky,1,0,1
deliciously_solemn,1,1,0
simply_customizable,1,1,0
deliciously_sophisticated,1,1,0
deliciously_special,1,0,1
deliciously_steep,1,0,1
simply_cranky,1,1,0
deliciously_stereotypical,1,0,1
deliciously_stimulating,1,0,1
deliciously_stylish,1,1,0
deliciously_successful,1,1,0
deliciously_taboo,1,0,1
simply_crazier,1,1,0
simply_crass,1,1,0
deliciously_random,1,1,0
simply_disconcerting,1,1,0
deliciously_racy,1,0,1
deliciously_malicious,1,0,1
deliciously_kinky,1,1,0
deliciously_late,1,0,1
deliciously_lazy,1,0,1
deliciously_light,1,0,1
deliciously_low,1,1,0
simply_eloquent,1,1,0
deliciously_ludicrous,1,1,0
simply_elated,1,1,0
simply_enigmatic,1,1,0
simply_effortless,1,1,0
deliciously_mellow,1,1,0
simply_eerie,1,1,0
deliciously_melodramatic,1,1,0
simply_edifying,1,1,0
simply_edgy,1,1,0
deliciously_minor,1,1,0
simply_enduring,1,1,0
deliciously_juicy,1,1,0
deliciously_quiet,1,1,0
simply_equivocal,1,1,0
simply_evocative,1,1,0
simply_evident,1,1,0
simply_everyday,1,1,0
simply_euphoric,1,1,0
deliciously_infectious,1,0,1
simply_erratic,1,1,0
deliciously_informal,1,0,1
simply_equivalent,1,1,0
deliciously_jewish,1,0,1
simply_equal,1,1,0
simply_episodic,1,1,0
simply_epic,1,1,0
deliciously_intoxicating,1,1,0
simply_enthralling,1,1,0
deliciously_inventive,1,0,1
deliciously_irreplaceable,1,0,1
simply_economic,1,1,0
deliciously_mischievous,1,0,1
simply_easiest,1,1,0
simply_disposable,1,1,0
simply_distraught,1,1,0
deliciously_old-school,1,0,1
simply_distant,1,1,0
deliciously_overwhelming,1,1,0
deliciously_pagan,1,1,0
simply_disrespectful,1,1,0
simply_disproportionate,1,1,0
simply_displeased,1,1,0
deliciously_moody,1,1,0
simply_disoriented,1,1,0
deliciously_plain,1,1,0
deliciously_poetic,1,1,0
deliciously_precious,1,1,0
deliciously_present,1,1,0
deliciously_pure,1,1,0
deliciously_queer,1,0,1
simply_distressing,1,1,0
simply_distrustful,1,1,0
deliciously_offensive,1,0,1
deliciously_off-kilter,1,0,1
simply_earthy,1,0,1
deliciously_nasty,1,0,1
simply_dysfunctional,1,1,0
simply_dusty,1,1,0
simply_dumbfounded,1,1,0
deliciously_new,1,0,1
deliciously_newsworthy,1,1,0
deliciously_noisy,1,1,0
deliciously_novel,1,0,1
deliciously_nutritious,1,1,0
simply_dreamy,1,1,0
deliciously_nutty,1,0,1
deliciously_obscene,1,0,1
deliciously_obsessive,1,1,0
simply_dope,1,1,0
simply_consequential,1,1,0
deliciously_timeless,1,0,1
deliciously_toxic,1,0,1
delightfully_distinct,1,1,0
simply_barbaric,1,1,0
delightfully_difficult,1,1,0
delightfully_dirty,1,1,0
delightfully_disgusting,1,1,0
simply_baffled,1,1,0
simply_badass,1,1,0
delightfully_dismissive,1,1,0
delightfully_distracting,1,0,1
delightfully_devoid,1,1,0
delightfully_divine,1,0,1
delightfully_drinkable,1,1,0
delightfully_droll,1,1,0
delightfully_eccentric,1,1,0
delightfully_educational,1,1,0
delightfully_eerie,1,1,0
delightfully_english,1,1,0
simply_bare,1,1,0
delightfully_devious,1,0,1
delightfully_crunchy,1,1,0
delightfully_dense,1,1,0
delightfully_daft,1,1,0
simply_bland,1,1,0
delightfully_daring,1,0,1
delightfully_dark,1,0,1
delightfully_deceptive,1,1,0
simply_bisexual,1,1,0
delightfully_demented,1,0,1
delightfully_deranged,1,0,1
simply_beneficial,1,1,0
simply_bewildered,1,1,0
delightfully_derivative,1,1,0
delightfully_destructive,1,1,0
simply_bereft,1,1,0
simply_bent,1,0,1
delightfully_detailed,1,1,0
simply_benevolent,1,1,0
delightfully_ephemeral,1,1,0
simply_autistic,1,1,0
simply_authoritative,1,1,0
delightfully_frank,1,1,0
simply_arbitrary,1,1,0
simply_appropriate,1,1,0
delightfully_flippant,1,1,0
simply_appreciative,1,1,0
simply_applicable,1,1,0
delightfully_fragrant,1,1,0
simply_apparent,1,1,0
delightfully_free,1,1,0
simply_attributable,1,1,0
delightfully_french,1,1,0
simply_antiquated,1,1,0
simply_angrier,1,1,0
delightfully_geeky,1,1,0
simply_androgynous,1,1,0
simply_anachronistic,1,1,0
delightfully_geometric,1,1,0
simply_arcane,1,1,0
delightfully_fine,1,1,0
simply_arduous,1,1,0
simply_arguable,1,1,0
delightfully_esoteric,1,1,0
simply_attainable,1,1,0
delightfully_excessive,1,0,1
simply_athletic,1,1,0
simply_astute,1,1,0
delightfully_exquisite,1,1,0
delightfully_extra,1,0,1
delightfully_familiar,1,1,0
simply_asinine,1,1,0
simply_asian,1,1,0
delightfully_fantastical,1,1,0
delightfully_farcical,1,1,0
simply_artificial,1,1,0
delightfully_feminine,1,0,1
simply_arousing,1,1,0
simply_blatant,1,1,0
simply_blissful,1,1,0
deliciously_trashy,1,0,1
delightfully_amateurish,1,0,1
delightfully_aged,1,1,0
delightfully_agonizing,1,1,0
simply_coherent,1,1,0
simply_coastal,1,1,0
simply_coarse,1,1,0
delightfully_air-conditioned,1,0,1
delightfully_airy,1,1,0
delightfully_ambiguous,1,0,1
simply_colorful,1,1,0
delightfully_apropos,1,1,0
simply_clear-cut,1,1,0
delightfully_archaic,1,1,0
simply_classy,1,1,0
delightfully_aromatic,1,1,0
simply_circumstantial,1,1,0
simply_christian,1,1,0
simply_colder,1,1,0
simply_colossal,1,1,0
simply_bloodthirsty,1,1,0
deliciously_unprofitable,1,1,0
deliciously_unapologetic,1,1,0
simply_complicated,1,1,0
deliciously_unbearable,1,1,0
deliciously_unfamiliar,1,0,1
simply_complementary,1,1,0
deliciously_unorthodox,1,1,0
simply_competitive,1,1,0
deliciously_unrecognizable,1,0,1
delightfully_accurate,1,1,0
simply_compact,1,1,0
simply_commonplace,1,1,0
deliciously_unresolved,1,1,0
deliciously_whimsical,1,1,0
deliciously_wrong,1,0,1
simply_comfy,1,1,0
delightfully_absent,1,1,0
simply_chinese,1,1,0
simply_childlike,1,1,0
delightfully_awful,1,1,0
simply_brief,1,1,0
delightfully_clean,1,1,0
delightfully_cold,1,1,0
simply_bureaucratic,1,1,0
simply_bulky,1,1,0
simply_buggy,1,1,0
simply_brutal,1,1,0
delightfully_comedic,1,1,0
delightfully_comic,1,1,0
delightfully_bad,1,1,0
simply_bothersome,1,1,0
delightfully_confused,1,1,0
delightfully_controversial,1,1,0
delightfully_convincing,1,0,1
delightfully_crazy,1,1,0
simply_blurry,1,1,0
delightfully_creative,1,1,0
simply_calming,1,1,0
delightfully_classic,1,0,1
delightfully_childlike,1,0,1
delightfully_cheap,1,1,0
simply_cheesy,1,1,0
simply_cheerful,1,1,0
simply_cheeky,1,1,0
delightfully_badass,1,1,0
delightfully_bitter,1,0,1
delightfully_brutal,1,1,0
delightfully_caustic,1,0,1
simply_celebratory,1,1,0
simply_cautious,1,1,0
simply_cause,1,1,0
simply_caucasian,1,1,0
simply_catastrophic,1,1,0
delightfully_chaotic,1,1,0
simply_cartoonish,1,1,0
simply_carnal,1,1,0
deliciously_improper,1,0,1
deliciously_impossible,1,1,0
deliciously_imaginative,1,0,1
simply_inaudible,1,1,0
deliberately_stubborn,1,1,0
deliberately_suggestive,1,0,1
deliberately_trivial,1,1,0
deliberately_unbalanced,1,1,0
deliberately_uncertain,1,1,0
simply_incendiary,1,1,0
deliberately_under-reported,1,1,0
deliberately_uneasy,1,1,0
simply_incongruous,1,0,1
deliberately_unhelpful,1,1,0
deliberately_unlikable,1,1,0
simply_impulsive,1,1,0
simply_improbable,1,1,0
deliberately_unnatural,1,1,0
deliberately_unrealistic,1,1,0
deliberately_unrelated,1,1,0
deliberately_strange,1,1,0
deliberately_short,1,1,0
simply_inert,1,1,0
deliberately_repetitive,1,1,0
simply_ineligible,1,1,0
deliberately_rebellious,1,1,0
deliberately_reckless,1,1,0
deliberately_relational,1,0,1
simply_industrial,1,1,0
simply_indistinguishable,1,1,0
simply_indispensable,1,1,0
deliberately_restrictive,1,1,0
deliberately_sexy,1,1,0
simply_indescribable,1,1,0
deliberately_rubbish,1,1,0
deliberately_sadistic,1,1,0
deliberately_sarcastic,1,1,0
simply_indecent,1,1,0
deliberately_secret,1,1,0
deliberately_sexual,1,1,0
deliberately_unscientific,1,0,1
deliberately_violent,1,1,0
simply_important,1,1,0
delicately_open,1,1,0
simply_idle,1,1,0
delicately_interwoven,1,1,0
simply_idiosyncratic,1,1,0
simply_ideological,1,1,0
delicately_low,1,1,0
simply_identical,1,1,0
delicately_militant,1,0,1
simply_icy,1,1,0
deliberately_vulnerable,1,1,0
simply_iconic,1,1,0
simply_hysterical,1,1,0
delicately_pink,1,1,0
simply_hypocritical,1,1,0
simply_hyperbolic,1,1,0
delicately_pleased,1,1,0
delicately_puffy,1,1,0
delicately_enough,1,0,1
simply_ill-advised,1,1,0
delicately_comic,1,1,0
delicately_brown,1,1,0
simply_implicit,1,1,0
deliberately_wacky,1,0,1
simply_imperfect,1,1,0
simply_imperceptible,1,1,0
simply_impassioned,1,1,0
deliberately_whimsical,1,0,1
deliberately_wild,1,1,0
simply_immobile,1,1,0
simply_immediate,1,0,1
simply_immaterial,1,1,0
deliberately_worldly,1,1,0
simply_illusory,1,1,0
delicately_aromatic,1,1,0
delicately_artificial,1,1,0
simply_illiquid,1,1,0
deliberately_racist,1,1,0
deliberately_pretentious,1,1,0
delicately_reflective,1,1,0
deliberately_intrusive,1,1,0
deliberately_ineffective,1,1,0
deliberately_inflammatory,1,1,0
deliberately_informal,1,1,0
deliberately_inhuman,1,0,1
simply_irritable,1,1,0
deliberately_inseparable,1,1,0
deliberately_intentional,1,1,0
deliberately_irritating,1,1,0
simply_joyous,1,1,0
deliberately_lame,1,1,0
deliberately_larger,1,1,0
deliberately_lazy,1,1,0
simply_ironic,1,1,0
simply_irish,1,1,0
deliberately_less,1,1,0
deliberately_literary,1,1,0
simply_joyful,1,1,0
deliberately_inconsistent,1,1,0
deliberately_preposterous,1,1,0
simply_lesser,1,1,0
simply_liveable,1,1,0
simply_little,1,1,0
simply_linear,1,1,0
simply_limited,1,1,0
deliberately_hateful,1,1,0
deliberately_hidden,1,0,1
simply_liable,1,1,0
deliberately_hoppy,1,1,0
deliberately_incomplete,1,1,0
deliberately_horrific,1,1,0
deliberately_humorous,1,1,0
deliberately_illogical,1,1,0
deliberately_inappropriate,1,1,0
deliberately_incendiary,1,1,0
deliberately_inclusive,1,1,0
simply_kind,1,1,0
simply_invalid,1,1,0
deliberately_loud,1,1,0
simply_intrusive,1,1,0
simply_ingenious,1,1,0
deliberately_noisy,1,1,0
simply_inopportune,1,1,0
deliberately_oblivious,1,1,0
deliberately_obstinate,1,1,0
deliberately_odd,1,1,0
deliberately_old-fashioned,1,1,0
deliberately_open,1,1,0
simply_infuriating,1,1,0
simply_introspective,1,1,0
simply_informative,1,1,0
simply_informal,1,1,0
deliberately_outlandish,1,1,0
deliberately_pedestrian,1,1,0
simply_infectious,1,1,0
deliberately_poetic,1,1,0
deliberately_political,1,0,1
simply_inscrutable,1,1,0
simply_insightful,1,1,0
simply_insipid,1,1,0
simply_inspirational,1,1,0
deliberately_lousy,1,1,0
deliberately_lower,1,1,0
deliberately_malevolent,1,1,0
simply_intimate,1,1,0
deliberately_manipulative,1,1,0
deliberately_mean-spirited,1,1,0
simply_interchangeable,1,1,0
simply_interactive,1,1,0
deliberately_meaningless,1,1,0
simply_intensive,1,1,0
simply_integral,1,1,0
simply_insulting,1,1,0
deliberately_misinformed,1,1,0
simply_instrumental,1,1,0
deliberately_missing,1,0,1
simply_hungover,1,1,0
simply_humid,1,1,0
deliciously_illicit,1,0,1
simply_foolhardy,1,1,0
deliciously_devious,1,0,1
simply_frail,1,1,0
simply_formidable,1,1,0
simply_formal,1,1,0
deliciously_divine,1,1,0
deliciously_dubious,1,0,1
deliciously_eerie,1,0,1
deliciously_elegant,1,1,0
simply_freaky,1,1,0
simply_fluffy,1,1,0
simply_flirtatious,1,1,0
deliciously_elusive,1,0,1
deliciously_engrossing,1,1,0
simply_first,1,1,0
simply_final,1,1,0
simply_filthy,1,1,0
simply_frazzled,1,1,0
deliciously_dense,1,1,0
simply_futuristic,1,1,0
deliciously_dead,1,0,1
deliciously_criminal,1,0,1
deliciously_curious,1,0,1
simply_funnier,1,1,0
simply_fundamental,1,1,0
deliciously_cynical,1,0,1
deliciously_daring,1,0,1
deliciously_darker,1,0,1
deliciously_decorative,1,0,1
deliciously_demure,1,1,0
simply_frivolous,1,1,0
simply_frigid,1,1,0
simply_frightening,1,1,0
simply_frightened,1,1,0
simply_friendly,1,1,0
simply_fresher,1,1,0
deliciously_deep,1,1,0
deliciously_exciting,1,0,1
simply_fictional,1,1,0
deliciously_exotic,1,1,0
deliciously_hot,1,0,1
simply_exuberant,1,1,0
simply_extravagant,1,1,0
deliciously_horrific,1,0,1
simply_extra,1,1,0
simply_extinct,1,1,0
simply_external,1,1,0
simply_extensive,1,1,0
simply_expressive,1,1,0
deliciously_familiar,1,0,1
simply_expired,1,1,0
deliciously_humble,1,0,1
deliciously_humiliating,1,0,1
deliciously_humorous,1,1,0
deliciously_ignorant,1,1,0
simply_exhausted,1,1,0
simply_exciting,1,1,0
simply_facile,1,1,0
deliciously_hoppy,1,1,0
simply_faint,1,1,0
deliciously_homemade,1,1,0
deliciously_feverish,1,1,0
simply_fatal,1,1,0
deliciously_forbidden,1,0,1
deliciously_fruity,1,0,1
simply_fashionable,1,1,0
simply_farcical,1,1,0
simply_fantastical,1,1,0
deliciously_geeky,1,0,1
deliciously_generic,1,0,1
deliciously_gooey,1,1,0
deliciously_gothic,1,1,0
deliciously_greasy,1,1,0
deliciously_greater,1,0,1
simply_fallible,1,1,0
deliciously_heartbreaking,1,1,0
simply_fussy,1,1,0
deliciously_creative,1,0,1
simply_humble,1,1,0
deliciously_appetizing,1,0,1
deliciously_addicting,1,1,0
deliciously_addictive,1,0,1
simply_hideous,1,1,0
deliciously_ambiguous,1,1,0
deliciously_amusing,1,1,0
simply_hereditary,1,1,0
deliciously_anarchic,1,1,0
simply_hectic,1,1,0
simply_hip,1,1,0
simply_heavy,1,1,0
simply_heavier,1,1,0
deliciously_appropriate,1,0,1
deliciously_askew,1,1,0
deliciously_attractive,1,0,1
simply_healthy,1,1,0
simply_heady,1,1,0
deliciously_acerbic,1,1,0
simply_historic,1,1,0
deliciously_creamy,1,1,0
delicately_sweet,1,1,0
simply_humane,1,1,0
delicately_romantic,1,0,1
delicately_sad,1,0,1
simply_hued,1,1,0
delicately_seasoned,1,1,0
delicately_sensitive,1,1,0
delicately_suggestive,1,1,0
simply_horrendous,1,1,0
delicately_vulnerable,1,1,0
simply_horny,1,1,0
simply_hopeless,1,1,0
simply_honorable,1,1,0
delicately_transcendent,1,0,1
simply_homophobic,1,1,0
simply_homesick,1,1,0
simply_homemade,1,1,0
simply_haunting,1,0,1
deliciously_audacious,1,0,1
simply_harmonious,1,1,0
simply_good-natured,1,1,0
deliciously_chilling,1,0,1
deliciously_classic,1,1,0
deliciously_clean,1,1,0
simply_graphic,1,1,0
simply_graceful,1,1,0
simply_governmental,1,1,0
deliciously_comical,1,1,0
deliciously_complex,1,1,0
simply_harmless,1,1,0
deliciously_complicated,1,1,0
deliciously_cool,1,1,0
deliciously_correct,1,1,0
simply_german,1,1,0
simply_genetic,1,1,0
simply_generous,1,1,0
deliciously_corrupt,1,1,0
simply_greater,1,1,0
simply_greatest,1,1,0
deliciously_charming,1,0,1
deliciously_captivating,1,1,0
deliciously_bigger,1,0,1
simply_hardcore,1,1,0
deliciously_bitchy,1,1,0
deliciously_bizarre,1,0,1
deliciously_bleak,1,1,0
simply_haphazard,1,1,0
simply_handy,1,1,0
simply_handsome,1,1,0
simply_handmade,1,1,0
simply_hairless,1,1,0
simply_gullible,1,1,0
deliciously_brilliant,1,1,0
simply_grumpy,1,1,0
simply_groundbreaking,1,1,0
simply_grotesque,1,1,0
delightfully_goofy,1,1,0
delightfully_gross,1,1,0
slightly_flat,1,0,1
similarly_crass,1,0,1
delightfully_wrong,1,0,1
similarly_daft,1,0,1
similarly_cryptic,1,0,1
similarly_crude,1,0,1
delightfully_young,1,1,0
delightfully_zany,1,1,0
deliriously_abstract,1,1,0
similarly_counterproductive,1,1,0
similarly_dead,1,1,0
similarly_convenient,1,0,1
deliriously_beautiful,1,1,0
deliriously_charming,1,0,1
deliriously_complex,1,1,0
deliriously_easy,1,1,0
similarly_compulsory,1,1,0
similarly_complimentary,1,0,1
delightfully_witty,1,1,0
similarly_decent,1,1,0
deliriously_excessive,1,1,0
similarly_destitute,1,1,0
similarly_discouraging,1,1,0
similarly_disastrous,1,0,1
similarly_dignified,1,0,1
similarly_different,1,0,1
similarly_devious,1,0,1
similarly_devastating,1,0,1
similarly_destructive,1,0,1
similarly_desperate,1,1,0
similarly_defensive,1,1,0
similarly_deserving,1,1,0
delightfully_wide,1,1,0
similarly_dense,1,0,1
similarly_demeaning,1,0,1
similarly_delusional,1,1,0
similarly_delightful,1,1,0
delightfully_wild,1,0,1
deliriously_entertaining,1,1,0
similarly_competitive,1,1,0
delightfully_gruesome,1,0,1
deliriously_unable,1,1,0
deliriously_rich,1,1,0
deliriously_silly,1,0,1
similarly_bigoted,1,0,1
similarly_better,1,1,0
similarly_bereft,1,1,0
deliriously_surreal,1,1,0
similarly_banal,1,0,1
deliriously_wild,1,1,0
similarly_blind,1,1,0
deliriously_wonderful,1,0,1
similarly_awesome,1,0,1
democratically_american,1,1,0
democratically_concerned,1,1,0
similarly_austere,1,0,1
similarly_auspicious,1,0,1
similarly_audacious,1,0,1
deliriously_proud,1,0,1
similarly_bogus,1,0,1
deliriously_excited,1,1,0
deliriously_joyful,1,0,1
similarly_comforting,1,1,0
similarly_clueless,1,1,0
similarly_close,1,1,0
deliriously_funny,1,1,0
similarly_christian,1,1,0
deliriously_insane,1,1,0
similarly_cheap,1,1,0
deliriously_joyous,1,1,0
deliriously_optimistic,1,1,0
deliriously_mad,1,1,0
similarly_captive,1,1,0
similarly_captivating,1,0,1
deliriously_oblivious,1,0,1
similarly_calm,1,0,1
similarly_bright,1,0,1
similarly_bottomless,1,1,0
similarly_discriminatory,1,1,0
similarly_disinterested,1,1,0
similarly_disoriented,1,1,0
similarly_fruitless,1,1,0
delightfully_trashy,1,1,0
similarly_funny,1,0,1
similarly_fundamental,1,1,0
similarly_functional,1,0,1
similarly_fun,1,0,1
similarly_full,1,1,0
similarly_frustrating,1,0,1
similarly_frightening,1,0,1
similarly_generous,1,1,0
similarly_free,1,1,0
similarly_forgiving,1,1,0
similarly_flawed,1,1,0
similarly_flashy,1,0,1
similarly_fickle,1,1,0
similarly_festive,1,0,1
similarly_favorable,1,1,0
similarly_generic,1,0,1
similarly_gifted,1,0,1
similarly_disparate,1,1,0
similarly_grueling,1,0,1
similarly_heartless,1,0,1
similarly_healthy,1,1,0
similarly_harsh,1,1,0
delightfully_terrifying,1,0,1
delightfully_tiny,1,1,0
similarly_happy,1,1,0
similarly_gruesome,1,0,1
similarly_grotesque,1,0,1
similarly_glib,1,0,1
delightfully_tolerant,1,1,0
similarly_great,1,1,0
similarly_grateful,1,1,0
similarly_graceful,1,0,1
similarly_gorgeous,1,1,0
similarly_good-natured,1,0,1
similarly_good,1,1,0
similarly_fascinating,1,0,1
similarly_false,1,1,0
similarly_explosive,1,1,0
delightfully_unsettling,1,0,1
similarly_ecstatic,1,0,1
similarly_eclectic,1,0,1
delightfully_unpredictable,1,0,1
similarly_dysfunctional,1,1,0
similarly_durable,1,1,0
similarly_dumb,1,0,1
delightfully_unsavory,1,1,0
similarly_drunk,1,0,1
delightfully_trippy,1,0,1
similarly_dreadful,1,0,1
similarly_drab,1,0,1
similarly_dominant,1,1,0
similarly_divisive,1,1,0
similarly_disturbing,1,0,1
similarly_dissonant,1,1,0
similarly_disquieting,1,0,1
similarly_edgy,1,0,1
similarly_eerie,1,0,1
delightfully_unique,1,1,0
delightfully_underwhelming,1,0,1
similarly_exotic,1,0,1
similarly_exclusive,1,1,0
similarly_exciting,1,0,1
delightfully_twisted,1,1,0
similarly_essential,1,1,0
similarly_esoteric,1,1,0
similarly_erroneous,1,0,1
delightfully_uncomplicated,1,1,0
delightfully_unconscious,1,1,0
similarly_enticing,1,0,1
delightfully_unconventional,1,1,0
similarly_emphatic,1,0,1
delightfully_understated,1,1,0
similarly_elegant,1,0,1
similarly_egregious,1,0,1
similarly_attractive,1,0,1
similarly_atrocious,1,0,1
similarly_assertive,1,1,0
significantly_long,1,1,0
significantly_moderate,1,1,0
significantly_misleading,1,1,0
significantly_milder,1,1,0
significantly_meaningful,1,0,1
demonstrably_inexpensive,1,1,0
demonstrably_insane,1,1,0
significantly_louder,1,1,0
demonstrably_interested,1,1,0
significantly_muscular,1,1,0
significantly_libertarian,1,1,0
significantly_lesser,1,1,0
demonstrably_knowledgeable,1,1,0
demonstrably_miserable,1,1,0
demonstrably_offensive,1,1,0
demonstrably_other,1,1,0
significantly_irritating,1,1,0
significantly_moreso,1,1,0
significantly_negligible,1,1,0
significantly_reliant,1,1,0
significantly_present,1,1,0
demonstrably_higher,1,1,0
significantly_rarer,1,1,0
significantly_radical,1,0,1
significantly_quieter,1,1,0
demonstrably_imaginary,1,1,0
significantly_quick,1,1,0
significantly_problematic,1,1,0
significantly_powerful,1,1,0
demonstrably_indifferent,1,0,1
demonstrably_important,1,1,0
demonstrably_impossible,1,1,0
demonstrably_inaccurate,1,1,0
demonstrably_inadequate,1,1,0
significantly_outdated,1,1,0
significantly_numerous,1,1,0
significantly_newsworthy,1,1,0
significantly_interesting,1,0,1
significantly_interested,1,1,0
demonstrably_phony,1,1,0
significantly_extra,1,1,0
demonstrably_unfair,1,1,0
significantly_great,1,0,1
significantly_good,1,0,1
significantly_gendered,1,1,0
significantly_fewer,1,1,0
demonstrably_unfounded,1,1,0
demonstrably_unsafe,1,1,0
significantly_expensive,1,1,0
demonstrably_quick,1,1,0
significantly_exciting,1,0,1
significantly_enjoyable,1,1,0
significantly_endangered,1,1,0
significantly_empty,1,1,0
significantly_emblematic,1,0,1
significantly_efficient,1,1,0
significantly_effective,1,1,0
significantly_happy,1,1,0
demonstrably_truthful,1,1,0
demonstrably_tighter,1,1,0
significantly_harsher,1,1,0
significantly_incorrect,1,0,1
significantly_incomplete,1,1,0
significantly_incompatible,1,1,0
demonstrably_real,1,0,1
significantly_improper,1,0,1
significantly_impressed,1,1,0
demonstrably_regressive,1,1,0
significantly_ill,1,1,0
significantly_hurtful,1,1,0
demonstrably_reluctant,1,1,0
demonstrably_sexist,1,1,0
demonstrably_smaller,1,1,0
significantly_helpful,1,1,0
demonstrably_terrible,1,1,0
significantly_hazardous,1,1,0
significantly_relative,1,1,0
significantly_reminiscent,1,0,1
similarly_asinine,1,0,1
demographically_similar,1,1,0
similarly_adverse,1,1,0
similarly_advanced,1,0,1
similarly_abusive,1,1,0
similarly_absurd,1,0,1
similarly_absorbent,1,0,1
demographically_predisposed,1,1,0
demographically_relevant,1,1,0
demonstrably_absurd,1,1,0
similarly_affordable,1,0,1
demonstrably_accurate,1,1,0
demonstrably_alien,1,0,1
significantly_vulnerable,1,1,0
significantly_viable,1,1,0
demonstrably_angry,1,1,0
significantly_useful,1,0,1
significantly_unwell,1,1,0
similarly_affluent,1,1,0
similarly_afraid,1,1,0
demonstrably_harmful,1,1,0
similarly_anomalous,1,0,1
similarly_artsy,1,0,1
democratically_credible,1,1,0
similarly_arbitrary,1,1,0
democratically_minded,1,1,0
similarly_appreciative,1,0,1
similarly_appealing,1,0,1
similarly_apocalyptic,1,0,1
similarly_ancient,1,0,1
demographically_diverse,1,1,0
similarly_amenable,1,1,0
democratically_oriented,1,0,1
similarly_ambiguous,1,1,0
demographically_appropriate,1,0,1
similarly_aloof,1,0,1
similarly_alarming,1,1,0
demographically_different,1,1,0
significantly_unpleasant,1,1,0
significantly_unmistakable,1,1,0
significantly_unfavorable,1,1,0
demonstrably_erroneous,1,1,0
demonstrably_destructive,1,0,1
significantly_stealthy,1,0,1
significantly_staunch,1,1,0
significantly_sophisticated,1,1,0
significantly_snowy,1,1,0
demonstrably_difficult,1,0,1
demonstrably_empty,1,1,0
significantly_simpler,1,1,0
significantly_unexpected,1,0,1
demonstrably_factual,1,1,0
significantly_silent,1,1,0
demonstrably_fallible,1,1,0
significantly_severe,1,1,0
demonstrably_good,1,0,1
significantly_riskier,1,1,0
demonstrably_hard,1,1,0
significantly_successful,1,1,0
demonstrably_criminal,1,0,1
significantly_susceptible,1,1,0
demonstrably_corrupt,1,1,0
significantly_undesirable,1,1,0
significantly_underweight,1,1,0
significantly_underway,1,1,0
significantly_understated,1,1,0
significantly_underrated,1,1,0
significantly_underpaid,1,1,0
significantly_underdeveloped,1,1,0
demonstrably_bigger,1,1,0
significantly_uncomfortable,1,1,0
significantly_trickier,1,1,0
significantly_tougher,1,1,0
demonstrably_bogus,1,1,0
demonstrably_capricious,1,1,0
significantly_synonymous,1,1,0
significantly_symbolic,1,0,1
delightfully_tedious,1,0,1
similarly_hefty,1,0,1
similarly_helpful,1,0,1
similarly_successful,1,0,1
similarly_systematic,1,0,1
similarly_sweet,1,0,1
delightfully_offbeat,1,1,0
similarly_surreal,1,0,1
similarly_sure,1,1,0
delightfully_offensive,1,1,0
similarly_superior,1,1,0
similarly_subtle,1,1,0
similarly_tacky,1,0,1
similarly_subject,1,1,0
similarly_stylish,1,0,1
similarly_sturdy,1,0,1
delightfully_old,1,0,1
similarly_stunning,1,1,0
similarly_stuck,1,1,0
similarly_strong,1,1,0
similarly_taboo,1,1,0
similarly_talented,1,1,0
similarly_unconstitutional,1,1,0
delightfully_naive,1,1,0
similarly_uncomplicated,1,1,0
similarly_uncomfortable,1,0,1
delightfully_morbid,1,1,0
delightfully_musical,1,0,1
similarly_unapologetic,1,1,0
similarly_unambiguous,1,0,1
similarly_unacceptable,1,0,1
similarly_trite,1,0,1
delightfully_off-kilter,1,1,0
similarly_toxic,1,0,1
similarly_titillating,1,0,1
similarly_thrilled,1,1,0
similarly_threatening,1,0,1
delightfully_obscene,1,0,1
similarly_technical,1,0,1
delightfully_obvious,1,1,0
similarly_striking,1,1,0
similarly_straightforward,1,1,0
similarly_stimulating,1,0,1
delightfully_prosaic,1,1,0
delightfully_powerful,1,0,1
similarly_short-sighted,1,1,0
similarly_short,1,1,0
similarly_shocking,1,0,1
similarly_shit,1,1,0
similarly_shallow,1,0,1
delightfully_predictable,1,1,0
similarly_sensible,1,0,1
similarly_stiff,1,1,0
similarly_selfish,1,0,1
similarly_secure,1,1,0
similarly_secondary,1,1,0
similarly_scary,1,0,1
similarly_scared,1,1,0
similarly_satisfied,1,1,0
similarly_salacious,1,0,1
delightfully_positive,1,0,1
delightfully_playful,1,1,0
similarly_simplistic,1,0,1
similarly_singular,1,1,0
similarly_sterile,1,1,0
similarly_stereotypical,1,0,1
similarly_static,1,1,0
similarly_startling,1,0,1
similarly_spotty,1,1,0
similarly_spicy,1,1,0
delightfully_organized,1,1,0
delightfully_outrageous,1,1,0
similarly_snug,1,1,0
similarly_smooth,1,1,0
similarly_smart,1,1,0
delightfully_overwrought,1,1,0
similarly_slow,1,1,0
delightfully_perfect,1,1,0
similarly_sinister,1,0,1
similarly_unconcerned,1,1,0
similarly_understated,1,0,1
similarly_rough,1,0,1
simply_adamant,1,1,0
delightfully_intoxicating,1,0,1
simply_admirable,1,1,0
simply_administrative,1,1,0
delightfully_intriguing,1,1,0
simply_adept,1,1,0
simply_additional,1,1,0
simply_addictive,1,1,0
delightfully_irrational,1,0,1
simply_advanced,1,1,0
delightfully_irresistible,1,0,1
delightfully_irreverent,1,1,0
simply_abusive,1,1,0
delightfully_light,1,1,0
delightfully_loathsome,1,1,0
simply_absolute,1,1,0
delightfully_loopy,1,1,0
simply_adrift,1,1,0
simply_adversarial,1,1,0
similarly_undesirable,1,0,1
delightfully_imperfect,1,1,0
delightfully_grumpy,1,1,0
delightfully_healthy,1,1,0
simply_alternate,1,1,0
simply_alright,1,1,0
delightfully_human,1,1,0
simply_alluring,1,0,1
delightfully_humorous,1,1,0
delightfully_impractical,1,0,1
simply_advisory,1,1,0
simply_alarming,1,0,1
simply_agnostic,1,1,0
simply_aggressive,1,1,0
delightfully_improbable,1,0,1
delightfully_indian,1,1,0
delightfully_insufferable,1,1,0
delightfully_intellectual,1,1,0
delightfully_loose,1,1,0
simply_abhorrent,1,1,0
similarly_young,1,1,0
similarly_unlikely,1,1,0
similarly_unsuitable,1,1,0
similarly_unsettled,1,1,0
similarly_unremarkable,1,1,0
similarly_unreasonable,1,0,1
similarly_unproven,1,1,0
similarly_unpopular,1,1,0
similarly_unpleasant,1,0,1
delightfully_memorable,1,1,0
similarly_worth,1,1,0
delightfully_modern,1,1,0
delightfully_monstrous,1,1,0
similarly_uninspired,1,0,1
similarly_unimpressive,1,1,0
similarly_unimpressed,1,1,0
similarly_unfathomable,1,0,1
similarly_uneducated,1,1,0
similarly_unwanted,1,1,0
similarly_unwarranted,1,1,0
similarly_unwelcome,1,1,0
similarly_unwilling,1,1,0
similarly_wonderful,1,0,1
similarly_white,1,1,0
similarly_whimsical,1,0,1
similarly_weird,1,0,1
similarly_wealthy,1,1,0
delightfully_low-tech,1,1,0
delightfully_lurid,1,1,0
similarly_vital,1,0,1
similarly_visceral,1,0,1
similarly_vile,1,0,1
similarly_versatile,1,0,1
delightfully_macabre,1,1,0
delightfully_mad,1,1,0
similarly_useless,1,1,0
similarly_upsetting,1,0,1
similarly_rugged,1,0,1
similarly_romantic,1,0,1
similarly_hesitant,1,1,0
similarly_life-changing,1,0,1
delightfully_soft,1,1,0
similarly_liquid,1,0,1
similarly_limited,1,0,1
delightfully_soothing,1,1,0
similarly_lighthearted,1,0,1
delightfully_spontaneous,1,1,0
similarly_life-threatening,1,0,1
similarly_lavish,1,1,0
similarly_low-risk,1,1,0
delightfully_startling,1,1,0
delightfully_strenuous,1,1,0
similarly_justifiable,1,1,0
similarly_irreverent,1,1,0
similarly_irresistible,1,1,0
similarly_invisible,1,0,1
similarly_intriguing,1,0,1
similarly_low,1,1,0
delightfully_slutty,1,0,1
similarly_motivating,1,0,1
similarly_meticulous,1,1,0
delightfully_sinful,1,1,0
similarly_misleading,1,0,1
similarly_misguided,1,1,0
similarly_mischievous,1,0,1
similarly_minor,1,0,1
similarly_mindless,1,1,0
similarly_minded,1,0,1
similarly_messy,1,0,1
delightfully_sinister,1,1,0
similarly_mental,1,0,1
similarly_memorable,1,0,1
similarly_medicinal,1,0,1
similarly_meaty,1,0,1
similarly_meaningful,1,1,0
similarly_manly,1,0,1
similarly_magical,1,0,1
similarly_interesting,1,0,1
similarly_interested,1,1,0
similarly_intense,1,0,1
similarly_humble,1,0,1
delightfully_sweet,1,0,1
similarly_impossible,1,1,0
similarly_implausible,1,0,1
similarly_impatient,1,1,0
similarly_idiotic,1,0,1
similarly_iconic,1,0,1
similarly_humorous,1,1,0
delightfully_tangy,1,0,1
similarly_intelligent,1,1,0
similarly_hot,1,1,0
delightfully_tasty,1,1,0
similarly_horrific,1,0,1
similarly_horrible,1,0,1
similarly_horrendous,1,1,0
similarly_hoppy,1,0,1
similarly_hilarious,1,0,1
similarly_inaccurate,1,1,0
similarly_inactive,1,1,0
delightfully_surreal,1,1,0
delightfully_superficial,1,0,1
similarly_insulting,1,0,1
delightfully_stretchy,1,1,0
similarly_inspired,1,1,0
delightfully_subjective,1,1,0
similarly_innocent,1,0,1
similarly_inhospitable,1,1,0
delightfully_submissive,1,1,0
similarly_infinite,1,1,0
similarly_inexperienced,1,0,1
similarly_inexpensive,1,1,0
delightfully_subversive,1,0,1
similarly_inconsistent,1,1,0
similarly_inconsequential,1,0,1
similarly_incomplete,1,1,0
similarly_inclined,1,1,0
delightfully_similar,1,0,1
delightfully_shorter,1,1,0
similarly_robust,1,0,1
similarly_productive,1,0,1
similarly_qualified,1,1,0
similarly_pungent,1,1,0
similarly_provocative,1,0,1
similarly_progressive,1,1,0
delightfully_raucous,1,1,0
similarly_profitable,1,1,0
similarly_profane,1,0,1
delightfully_relaxing,1,1,0
similarly_racist,1,1,0
similarly_pricey,1,1,0
similarly_priced,1,0,1
similarly_pretentious,1,0,1
similarly_prestigious,1,0,1
similarly_present,1,1,0
similarly_prescient,1,0,1
similarly_preposterous,1,0,1
similarly_quiet,1,1,0
similarly_radical,1,0,1
delightfully_short,1,1,0
delightfully_quaint,1,0,1
similarly_risky,1,1,0
delightfully_pure,1,1,0
similarly_restrictive,1,0,1
similarly_respectful,1,0,1
similarly_repulsive,1,0,1
similarly_remarkable,1,0,1
similarly_reliant,1,1,0
similarly_relaxed,1,1,0
similarly_raunchy,1,1,0
delightfully_random,1,1,0
similarly_relatable,1,1,0
similarly_regional,1,1,0
delightfully_rare,1,1,0
similarly_reassuring,1,0,1
similarly_reasonable,1,0,1
similarly_ready,1,1,0
similarly_prejudiced,1,1,0
delightfully_relentless,1,0,1
delightfully_restful,1,1,0
similarly_normal,1,0,1
delightfully_satisfied,1,1,0
delightfully_schizophrenic,1,0,1
similarly_obscene,1,1,0
similarly_oblivious,1,1,0
similarly_nutty,1,0,1
similarly_nuanced,1,1,0
delightfully_seasoned,1,1,0
similarly_non-toxic,1,0,1
similarly_portable,1,0,1
similarly_niche,1,0,1
delightfully_sexy,1,1,0
similarly_nervous,1,1,0
delightfully_shallow,1,1,0
similarly_naughty,1,0,1
similarly_nasty,1,0,1
similarly_mysterious,1,0,1
similarly_official,1,0,1
similarly_open,1,1,0
similarly_opinionated,1,1,0
similarly_optimistic,1,0,1
similarly_popular,1,0,1
similarly_political,1,1,0
similarly_poignant,1,0,1
delightfully_rich,1,1,0
similarly_playful,1,1,0
delightfully_ridiculous,1,0,1
similarly_perplexing,1,0,1
similarly_permissive,1,1,0
similarly_permanent,1,0,1
delightfully_romantic,1,0,1
similarly_outstanding,1,1,0
similarly_outrageous,1,1,0
similarly_outraged,1,1,0
similarly_outlandish,1,0,1
similarly_outdated,1,1,0
simply_loath,1,1,0
simply_loathsome,1,0,1
deliberately_harsh,1,1,0
simultaneously_unexpected,1,0,1
simultaneously_whimsical,1,0,1
simultaneously_urgent,1,1,0
simultaneously_unwelcome,1,0,1
simultaneously_unsettling,1,0,1
simultaneously_unprepared,1,1,0
simultaneously_unique,1,1,0
simultaneously_unified,1,0,1
simultaneously_ubiquitous,1,1,0
simultaneously_worthless,1,1,0
deeply_unlikable,1,1,0
simultaneously_trite,1,0,1
simultaneously_tranquil,1,0,1
simultaneously_tragic,1,0,1
simultaneously_terrifying,1,0,1
simultaneously_terrified,1,0,1
simultaneously_temporary,1,1,0
simultaneously_worse,1,0,1
simultaneously_wrong,1,1,0
simultaneously_talented,1,1,0
sincerely_depressed,1,1,0
sincerely_good,1,1,0
sincerely_funny,1,1,0
sincerely_friendly,1,1,0
sincerely_excited,1,1,0
sincerely_enthusiastic,1,1,0
sincerely_enough,1,1,0
sincerely_desirous,1,1,0
sincerely_defensible,1,1,0
sincerely_afraid,1,1,0
deeply_unfulfilled,1,1,0
sincerely_creepy,1,0,1
sincerely_confused,1,1,0
deeply_unimaginative,1,0,1
sincerely_compassionate,1,1,0
sincerely_apologetic,1,1,0
sincerely_amazing,1,0,1
simultaneously_tedious,1,1,0
simultaneously_sympathetic,1,1,0
deliberately_guilty,1,1,0
simultaneously_pragmatic,1,0,1
simultaneously_real,1,0,1
deeply_unprofitable,1,1,0
simultaneously_provocative,1,1,0
simultaneously_privileged,1,1,0
simultaneously_primitive,1,0,1
deeply_unreal,1,1,0
simultaneously_predictable,1,1,0
deeply_unreliable,1,1,0
simultaneously_refreshing,1,1,0
deeply_unresolved,1,0,1
simultaneously_positive,1,1,0
deeply_unsafe,1,1,0
simultaneously_past,1,1,0
simultaneously_outrageous,1,1,0
deeply_unsavory,1,0,1
simultaneously_orwellian,1,0,1
simultaneously_recognizable,1,1,0
simultaneously_relatable,1,1,0
simultaneously_sweet,1,0,1
simultaneously_shocking,1,1,0
simultaneously_suspicious,1,0,1
simultaneously_superficial,1,0,1
deeply_unlikeable,1,1,0
simultaneously_strange,1,1,0
simultaneously_startling,1,1,0
simultaneously_spiritual,1,1,0
deeply_unlikely,1,1,0
simultaneously_satisfied,1,1,0
simultaneously_reluctant,1,1,0
deeply_unpalatable,1,0,1
simultaneously_right,1,1,0
deeply_unproductive,1,0,1
simultaneously_rhythmic,1,1,0
simultaneously_resistant,1,1,0
simultaneously_repressive,1,1,0
simultaneously_reminiscent,1,1,0
sincerely_holistic,1,0,1
sincerely_impressed,1,1,0
sincerely_infuriating,1,1,0
singularly_attractive,1,0,1
singularly_bleak,1,0,1
singularly_beneficial,1,0,1
deeply_tranquil,1,0,1
singularly_bad,1,1,0
singularly_awful,1,0,1
deeply_transcendent,1,0,1
singularly_available,1,1,0
singularly_appealing,1,0,1
singularly_captivating,1,0,1
singularly_analogous,1,0,1
singularly_american,1,1,0
singularly_agreeable,1,0,1
singularly_admirable,1,0,1
sinfully_young,1,1,0
sinfully_wicked,1,0,1
sinfully_unhealthy,1,1,0
deeply_traditional,1,1,0
deeply_toxic,1,0,1
sincerely_insane,1,1,0
singularly_fascinating,1,0,1
singularly_impressive,1,0,1
deeply_threatening,1,0,1
singularly_graceful,1,1,0
deeply_thrilled,1,1,0
singularly_fun,1,0,1
singularly_full,1,1,0
singularly_fresh,1,0,1
singularly_expressive,1,0,1
singularly_comforting,1,0,1
deeply_tiresome,1,1,0
singularly_disgusting,1,1,0
singularly_difficult,1,0,1
singularly_different,1,0,1
singularly_devoted,1,1,0
deeply_tiring,1,0,1
singularly_compelling,1,0,1
sinfully_tasty,1,0,1
sinfully_spicy,1,0,1
sinfully_single,1,1,0
deeply_unaware,1,1,0
sincerely_uninterested,1,1,0
sincerely_unaware,1,1,0
sincerely_true,1,1,0
sincerely_tired,1,1,0
sincerely_simple,1,1,0
sincerely_rude,1,1,0
sincerely_retro,1,1,0
deeply_uncool,1,1,0
deeply_troublesome,1,1,0
sincerely_outraged,1,1,0
sincerely_optimistic,1,1,0
sincerely_odd,1,0,1
sincerely_mystical,1,0,1
sincerely_mistaken,1,1,0
sincerely_irrational,1,1,0
sincerely_interesting,1,1,0
sincerely_unnerving,1,0,1
sincerely_vulnerable,1,1,0
sincerely_worried,1,1,0
deeply_twisted,1,0,1
sinfully_proud,1,1,0
sinfully_pleasing,1,0,1
sinfully_oppressive,1,1,0
sinfully_mistaken,1,1,0
sinfully_literal,1,1,0
sinfully_indulgent,1,0,1
sinfully_heady,1,0,1
sinfully_handsome,1,1,0
sinfully_guilty,1,1,0
sinfully_good,1,0,1
sinfully_expensive,1,1,0
sinfully_delightful,1,0,1
deeply_truthful,1,0,1
sinfully_cynical,1,1,0
sinfully_attractive,1,1,0
simultaneously_organic,1,1,0
simultaneously_ordinary,1,1,0
simultaneously_optimistic,1,1,0
defensively_effective,1,1,0
defensively_deficient,1,1,0
simply_youthful,1,1,0
simply_younger,1,1,0
defensively_dismissive,1,1,0
simply_xenophobic,1,1,0
defensively_domestic,1,0,1
simply_worthy,1,1,0
defensively_hostile,1,1,0
simultaneously_admirable,1,0,1
defensively_indifferent,1,1,0
defensively_limited,1,1,0
simply_wooden,1,1,0
defensively_offensive,1,1,0
defensively_outraged,1,1,0
simply_wiser,1,1,0
defensively_protective,1,1,0
simultaneously_actual,1,1,0
defensively_bland,1,0,1
simultaneously_challenging,1,1,0
deeply_worthwhile,1,0,1
simultaneously_brilliant,1,0,1
simultaneously_bored,1,1,0
simultaneously_black,1,1,0
simultaneously_biological,1,1,0
deeply_worth,1,0,1
simultaneously_barbaric,1,0,1
simultaneously_baffling,1,1,0
simultaneously_averse,1,1,0
defensively_astute,1,1,0
deeply_woven,1,1,0
simultaneously_antiquated,1,0,1
defensively_active,1,1,0
simultaneously_angry,1,1,0
simultaneously_ancient,1,0,1
simultaneously_ambiguous,1,1,0
simultaneously_alluring,1,0,1
simply_winless,1,1,0
simply_windy,1,1,0
defensively_reliable,1,1,0
defiantly_criminal,1,1,0
simply_voracious,1,1,0
simply_voluntary,1,1,0
defiantly_cheeky,1,0,1
defiantly_confrontational,1,1,0
simply_virulent,1,1,0
simply_virtuous,1,1,0
simply_vintage,1,1,0
defiantly_disinterested,1,1,0
simply_wild,1,1,0
defiantly_distinctive,1,0,1
simply_venomous,1,1,0
simply_vegetarian,1,1,0
defiantly_empty,1,0,1
defiantly_english,1,0,1
defiantly_good,1,0,1
defiantly_impenetrable,1,1,0
defiantly_celebratory,1,0,1
simply_vulnerable,1,1,0
defiantly_big,1,0,1
simply_warmer,1,1,0
simply_wide,1,1,0
defensively_skilled,1,1,0
simply_whiny,1,1,0
simply_whimsical,1,1,0
defensively_solid,1,1,0
simply_welcoming,1,1,0
simply_welcome,1,1,0
defensively_uncertain,1,1,0
defiantly_angry,1,1,0
simply_wealthier,1,1,0
simply_weaker,1,1,0
defiantly_austere,1,1,0
simply_waterproof,1,1,0
simply_wasteful,1,1,0
defiantly_bad,1,0,1
simultaneously_calming,1,0,1
simultaneously_colourful,1,1,0
simultaneously_operational,1,1,0
simultaneously_humorous,1,1,0
simultaneously_introspective,1,1,0
deeply_unusual,1,0,1
simultaneously_impressive,1,1,0
simultaneously_important,1,0,1
simultaneously_immediate,1,1,0
simultaneously_illogical,1,1,0
simultaneously_identical,1,1,0
simultaneously_humbling,1,1,0
simultaneously_logical,1,0,1
simultaneously_humble,1,0,1
simultaneously_hotter,1,1,0
simultaneously_hot,1,1,0
simultaneously_horrific,1,1,0
simultaneously_holy,1,1,0
deeply_unwelcome,1,1,0
simultaneously_heroic,1,0,1
simultaneously_invigorating,1,1,0
simultaneously_long,1,1,0
deeply_white,1,0,1
simultaneously_national,1,1,0
simultaneously_opaque,1,1,0
simultaneously_old-fashioned,1,0,1
simultaneously_offensive,1,1,0
simultaneously_nostalgic,1,0,1
simultaneously_noble,1,0,1
simultaneously_new,1,0,1
simultaneously_natural,1,1,0
simultaneously_mysterious,1,1,0
simultaneously_lovable,1,1,0
simultaneously_modern,1,1,0
simultaneously_mesmerizing,1,0,1
simultaneously_mechanical,1,0,1
simultaneously_massive,1,1,0
simultaneously_magnificent,1,1,0
deeply_unsure,1,1,0
simultaneously_loyal,1,1,0
deeply_unwell,1,1,0
deeply_unworthy,1,0,1
simultaneously_gritty,1,0,1
simultaneously_dead,1,1,0
simultaneously_eclectic,1,1,0
simultaneously_divine,1,1,0
simultaneously_disturbing,1,1,0
simultaneously_distinct,1,1,0
simultaneously_different,1,0,1
simultaneously_destructive,1,1,0
simultaneously_delightful,1,0,1
simultaneously_creepy,1,1,0
deeply_uplifting,1,0,1
simultaneously_creative,1,0,1
simultaneously_correct,1,1,0
simultaneously_cool,1,0,1
simultaneously_convenient,1,0,1
simultaneously_complicated,1,0,1
simultaneously_compelling,1,0,1
simultaneously_comical,1,0,1
simultaneously_elegant,1,1,0
simultaneously_emotive,1,1,0
simultaneously_endangered,1,1,0
simultaneously_excellent,1,1,0
simultaneously_gorgeous,1,0,1
deeply_utilitarian,1,1,0
simultaneously_furious,1,1,0
deeply_varied,1,1,0
simultaneously_functional,1,1,0
simultaneously_frustrating,1,0,1
simultaneously_forlorn,1,1,0
simultaneously_festive,1,1,0
deeply_victorian,1,1,0
simultaneously_faithful,1,0,1
simultaneously_extreme,1,0,1
simultaneously_exquisite,1,0,1
deeply_vulnerable,1,1,0
deeply_warm,1,1,0
simultaneously_excited,1,1,0
deeply_theoretical,1,1,0
deeply_theological,1,1,0
singularly_inept,1,1,0
slightly_delirious,1,1,0
slightly_deranged,1,1,0
deeply_malicious,1,1,0
deeply_marginalized,1,1,0
slightly_denser,1,1,0
slightly_demeaning,1,0,1
deeply_maternal,1,0,1
slightly_deluded,1,0,1
slightly_deleterious,1,1,0
slightly_desperate,1,1,0
slightly_delectable,1,0,1
slightly_dehydrated,1,1,0
deeply_mediocre,1,0,1
deeply_melancholy,1,0,1
slightly_defective,1,1,0
deeply_melodic,1,1,0
slightly_deceptive,1,1,0
deeply_male,1,0,1
slightly_detailed,1,1,0
deeply_laden,1,1,0
deeply_logical,1,0,1
deeply_laudable,1,0,1
slightly_dishonest,1,0,1
deeply_likable,1,1,0
deeply_likeable,1,0,1
slightly_disheartened,1,1,0
deeply_loathsome,1,0,1
slightly_disgusted,1,1,0
deeply_loveable,1,1,0
slightly_devious,1,1,0
deeply_lucky,1,1,0
slightly_disagreeable,1,0,1
deeply_ludicrous,1,1,0
slightly_diffuse,1,1,0
deeply_luscious,1,0,1
deeply_magnificent,1,1,0
slightly_diabolical,1,1,0
slightly_debilitating,1,0,1
deeply_mesmerising,1,0,1
deeply_metaphysical,1,0,1
slightly_contrived,1,1,0
slightly_cranky,1,1,0
slightly_cramped,1,1,0
slightly_cost,1,1,0
slightly_corrupt,1,1,0
deeply_objectionable,1,0,1
deeply_oblivious,1,1,0
deeply_observant,1,0,1
slightly_contemptible,1,0,1
deeply_mindful,1,1,0
deeply_ominous,1,1,0
deeply_online,1,1,0
deeply_oppressed,1,0,1
deeply_optimistic,1,1,0
deeply_original,1,0,1
deeply_overwhelmed,1,1,0
deeply_pagan,1,1,0
deeply_nutritious,1,1,0
deeply_nuanced,1,1,0
slightly_credible,1,1,0
deeply_needy,1,1,0
slightly_daring,1,1,0
deeply_miserable,1,1,0
deeply_misinformed,1,1,0
slightly_damaged,1,1,0
slightly_daft,1,1,0
deeply_missing,1,0,1
slightly_cuter,1,1,0
deeply_modern,1,1,0
deeply_monogamous,1,1,0
deeply_mundane,1,1,0
deeply_murky,1,1,0
slightly_cryptic,1,1,0
deeply_mystical,1,0,1
deeply_naive,1,1,0
deeply_narcissistic,1,0,1
slightly_disoriented,1,1,0
slightly_disquieting,1,0,1
deeply_paradoxical,1,1,0
slightly_excited,1,1,0
slightly_expired,1,1,0
deeply_incorrect,1,0,1
deeply_incriminating,1,0,1
deeply_indifferent,1,1,0
slightly_exhilarating,1,0,1
slightly_exhausted,1,0,1
slightly_exciting,1,1,0
slightly_excessive,1,1,0
slightly_famous,1,1,0
slightly_exaggerated,1,1,0
slightly_ethereal,1,1,0
slightly_esoteric,1,1,0
slightly_erratic,1,1,0
deeply_inefficient,1,1,0
slightly_equal,1,1,0
deeply_inherent,1,0,1
slightly_fake,1,1,0
slightly_fanciful,1,1,0
slightly_disruptive,1,0,1
slightly_festive,1,1,0
slightly_flashy,1,0,1
slightly_flaky,1,1,0
slightly_firmer,1,1,0
deeply_impactful,1,1,0
deeply_imperfect,1,1,0
slightly_fictional,1,1,0
slightly_feverish,1,1,0
slightly_feisty,1,1,0
slightly_fantastic,1,1,0
slightly_favorable,1,1,0
slightly_fatigued,1,1,0
slightly_fat,1,1,0
slightly_fascinating,1,0,1
deeply_incoherent,1,1,0
slightly_farcical,1,0,1
slightly_fantastical,1,1,0
deeply_inhuman,1,1,0
slightly_enlightened,1,1,0
slightly_enjoyable,1,1,0
slightly_doomed,1,1,0
deeply_irritating,1,1,0
deeply_jaded,1,1,0
slightly_downward,1,1,0
slightly_down,1,1,0
slightly_dovish,1,1,0
slightly_dour,1,1,0
deeply_japanese,1,0,1
slightly_dizzy,1,1,0
slightly_enigmatic,1,1,0
slightly_diverse,1,0,1
slightly_divergent,1,1,0
slightly_distrustful,1,1,0
slightly_distracting,1,0,1
deeply_juvenile,1,0,1
deeply_knowledgable,1,0,1
slightly_dissatisfied,1,1,0
slightly_dumb,1,1,0
deeply_intriguing,1,0,1
deeply_intricate,1,1,0
slightly_dysfunctional,1,1,0
slightly_empty,1,0,1
slightly_emotive,1,1,0
slightly_emotional,1,1,0
deeply_injurious,1,1,0
deeply_innocent,1,1,0
deeply_insidious,1,0,1
deeply_insignificant,1,1,0
slightly_electric,1,1,0
deeply_instinctive,1,0,1
deeply_integrated,1,1,0
slightly_educational,1,0,1
slightly_edible,1,0,1
slightly_easy,1,1,0
slightly_east,1,1,0
deeply_intransigent,1,1,0
slightly_conceptual,1,1,0
deeply_paranoid,1,1,0
singularly_intangible,1,0,1
slightly_agitated,1,1,0
slightly_alike,1,1,0
deeply_snarky,1,0,1
slightly_alcoholic,1,1,0
slightly_alarmist,1,0,1
deeply_solemn,1,0,1
deeply_solitary,1,1,0
slightly_airy,1,1,0
slightly_aghast,1,1,0
deeply_skilled,1,1,0
deeply_sorrowful,1,0,1
slightly_aged,1,1,0
deeply_spooky,1,0,1
slightly_affordable,1,1,0
slightly_adverse,1,0,1
deeply_straightforward,1,0,1
slightly_adrift,1,1,0
slightly_alive,1,1,0
deeply_skewed,1,1,0
deeply_scared,1,1,0
deeply_secretive,1,1,0
deeply_scary,1,0,1
slightly_appealing,1,0,1
slightly_apparent,1,1,0
deeply_schizophrenic,1,0,1
deeply_scholarly,1,0,1
deeply_scientific,1,0,1
deeply_secret,1,1,0
deeply_seductive,1,0,1
slightly_altruistic,1,1,0
deeply_self-centered,1,0,1
slightly_anemic,1,1,0
deeply_sensual,1,1,0
deeply_sexy,1,0,1
deeply_shrewd,1,1,0
deeply_similar,1,0,1
deeply_simplistic,1,1,0
deeply_strategic,1,1,0
deeply_structural,1,1,0
deeply_substantive,1,1,0
singularly_qualified,1,1,0
singularly_spectacular,1,1,0
singularly_skilled,1,1,0
deeply_tempting,1,1,0
deeply_terrible,1,1,0
singularly_responsible,1,1,0
singularly_representative,1,1,0
singularly_related,1,0,1
singularly_pleasing,1,0,1
deeply_suitable,1,0,1
singularly_picturesque,1,1,0
singularly_pernicious,1,1,0
deeply_terrified,1,1,0
singularly_mesmerizing,1,0,1
singularly_magnetic,1,0,1
singularly_magical,1,0,1
singularly_lacking,1,1,0
deeply_tangible,1,0,1
singularly_talented,1,1,0
singularly_thrilling,1,0,1
singularly_turbulent,1,1,0
deeply_sumptuous,1,1,0
slightly_absent,1,0,1
slightly_abrupt,1,1,0
deeply_sure,1,1,0
singularly_worthy,1,1,0
singularly_useless,1,1,0
singularly_unwilling,1,0,1
singularly_unsuitable,1,0,1
singularly_unsettled,1,0,1
singularly_unpleasant,1,0,1
deeply_surprising,1,1,0
singularly_uninspiring,1,0,1
singularly_unfunny,1,1,0
deeply_susceptible,1,1,0
singularly_unable,1,1,0
slightly_arbitrary,1,1,0
slightly_armed,1,1,0
slightly_common,1,1,0
slightly_bummed,1,1,0
slightly_charming,1,0,1
deeply_polarized,1,1,0
deeply_polarizing,1,1,0
slightly_caustic,1,0,1
slightly_cathartic,1,0,1
deeply_polite,1,1,0
slightly_busy,1,1,0
deeply_populist,1,1,0
slightly_childish,1,0,1
slightly_bulky,1,1,0
slightly_broader,1,0,1
deeply_precious,1,0,1
slightly_brittle,1,1,0
deeply_present,1,1,0
slightly_breathless,1,1,0
deeply_principled,1,1,0
slightly_cheeky,1,1,0
slightly_chilling,1,0,1
slightly_arousing,1,1,0
deeply_peculiar,1,0,1
deeply_passive,1,1,0
slightly_comic,1,1,0
slightly_comforting,1,0,1
deeply_pastoral,1,1,0
deeply_patriarchal,1,1,0
deeply_patronizing,1,0,1
slightly_coastal,1,0,1
deeply_penetrating,1,1,0
slightly_chilly,1,1,0
deeply_perplexing,1,1,0
slightly_cliched,1,0,1
deeply_personable,1,0,1
deeply_physical,1,1,0
slightly_chubby,1,1,0
deeply_pleasant,1,0,1
slightly_chinese,1,0,1
deeply_promising,1,0,1
deeply_provincial,1,0,1
slightly_bold,1,1,0
slightly_austere,1,1,0
deeply_restorative,1,1,0
deeply_retro,1,1,0
slightly_awful,1,0,1
slightly_awestruck,1,1,0
slightly_awesome,1,0,1
deeply_revelatory,1,0,1
slightly_autistic,1,1,0
slightly_attractive,1,0,1
slightly_boisterous,1,0,1
deeply_rich,1,0,1
deeply_rigorous,1,1,0
slightly_asleep,1,1,0
deeply_rural,1,0,1
slightly_artistic,1,1,0
deeply_sarcastic,1,1,0
slightly_arrogant,1,1,0
deeply_restful,1,0,1
deeply_responsible,1,1,0
slightly_barbaric,1,0,1
slightly_bare,1,1,0
deeply_punitive,1,0,1
deeply_puzzling,1,1,0
slightly_blunt,1,1,0
deeply_rebellious,1,0,1
slightly_bleak,1,1,0
slightly_bland,1,1,0
deeply_recognizable,1,0,1
deeply_relaxed,1,1,0
slightly_big,1,1,0
deeply_reliant,1,1,0
deeply_reluctant,1,1,0
deeply_repetitive,1,1,0
deeply_reprehensible,1,1,0
deeply_repressive,1,1,0
deeply_repugnant,1,0,1
defiantly_imperfect,1,1,0
simply_utopian,1,1,0
defiantly_independent,1,1,0
definitely_truer,1,1,0
definitely_tired,1,1,0
definitely_tough,1,1,0
simply_preferable,1,1,0
definitely_toxic,1,1,0
definitely_traceable,1,1,0
simply_precocious,1,1,0
definitely_trickier,1,1,0
definitely_unacceptable,1,0,1
simply_pretentious,1,1,0
simply_powerful,1,1,0
simply_potential,1,1,0
definitely_unavoidable,1,1,0
simply_positive,1,1,0
simply_posh,1,1,0
definitely_uncool,1,1,0
simply_pop,1,1,0
definitely_thrilled,1,1,0
definitely_thick,1,1,0
simply_quantitative,1,1,0
simply_promotional,1,1,0
simply_pure,1,1,0
simply_psychotic,1,1,0
definitely_stubborn,1,1,0
simply_prudent,1,1,0
definitely_successful,1,1,0
definitely_suggestive,1,1,0
simply_prophetic,1,1,0
definitely_surprising,1,1,0
simply_primary,1,1,0
simply_prohibitive,1,1,0
simply_progressive,1,1,0
definitely_suspicious,1,1,0
definitely_tasty,1,1,0
simply_privy,1,1,0
definitely_terrible,1,0,1
simply_primitive,1,1,0
simply_poorer,1,1,0
definitely_undetectable,1,1,0
simply_polite,1,1,0
definitely_vintage,1,1,0
simply_persistent,1,1,0
definitely_untrue,1,1,0
definitely_upsetting,1,1,0
simply_peachy,1,1,0
definitely_usable,1,1,0
simply_patriotic,1,1,0
definitely_viable,1,1,0
definitely_warmer,1,1,0
simply_polished,1,1,0
simply_passable,1,1,0
definitely_watchable,1,1,0
simply_particular,1,1,0
definitely_wise,1,1,0
simply_parallel,1,1,0
simply_par,1,1,0
simply_pale,1,1,0
simply_pervasive,1,1,0
simply_perverted,1,0,1
simply_pessimistic,1,1,0
simply_petrified,1,1,0
definitely_unethical,1,0,1
definitely_uneven,1,1,0
simply_poetic,1,0,1
simply_plump,1,1,0
definitely_unexplored,1,0,1
definitely_unfortunate,1,0,1
definitely_unfunny,1,0,1
definitely_unhappy,1,1,0
simply_platonic,1,1,0
definitely_unheard,1,1,0
definitely_universal,1,1,0
simply_pitiful,1,1,0
definitely_unnecessary,1,1,0
definitely_unorthodox,1,1,0
definitely_unprecedented,1,1,0
simply_quaint,1,1,0
definitely_strict,1,1,0
simply_own,1,1,0
simply_revolting,1,1,0
definitely_remarkable,1,1,0
definitely_reminiscent,1,1,0
definitely_revolutionary,1,1,0
simply_richer,1,1,0
definitely_rewarding,1,0,1
simply_rhetorical,1,1,0
simply_rewarding,1,0,1
simply_reversible,1,1,0
definitely_recyclable,1,1,0
simply_retro,1,1,0
definitely_righteous,1,1,0
simply_restless,1,1,0
definitely_ripe,1,1,0
simply_respectful,1,1,0
simply_resourceful,1,1,0
definitely_sacred,1,0,1
simply_riveting,1,1,0
simply_rosy,1,1,0
simply_quick,1,1,0
definitely_racial,1,1,0
simply_savvy,1,1,0
definitely_qualified,1,1,0
simply_satisfactory,1,1,0
simply_satirical,1,1,0
simply_sarcastic,1,1,0
simply_sane,1,1,0
simply_salty,1,1,0
definitely_reactionary,1,1,0
simply_rough,1,1,0
definitely_reasonable,1,1,0
simply_sacrosanct,1,1,0
simply_ruthless,1,1,0
definitely_reassuring,1,1,0
definitely_recognizable,1,1,0
simply_rubbish,1,1,0
simply_rougher,1,1,0
simply_repulsive,1,1,0
simply_repugnant,1,1,0
simply_representative,1,1,0
definitely_smooth,1,1,0
simply_rebellious,1,1,0
definitely_smaller,1,1,0
definitely_smarter,1,1,0
simply_readable,1,1,0
simply_reactionary,1,1,0
simply_raw,1,1,0
simply_rational,1,1,0
definitely_sneaky,1,0,1
simply_reprehensible,1,1,0
simply_radical,1,1,0
simply_radiant,1,1,0
definitely_special,1,0,1
simply_rabid,1,1,0
simply_quieter,1,1,0
definitely_standard,1,1,0
definitely_straight,1,1,0
definitely_sleepy,1,1,0
simply_recognizable,1,1,0
simply_recreational,1,1,0
simply_recyclable,1,1,0
simply_replaceable,1,1,0
simply_reminiscent,1,1,0
definitely_satisfied,1,1,0
definitely_scared,1,1,0
definitely_scary,1,0,1
simply_relevant,1,1,0
definitely_secondary,1,1,0
definitely_secure,1,1,0
definitely_sex,1,1,0
definitely_shady,1,1,0
definitely_shocked,1,1,0
definitely_sick,1,1,0
definitely_silly,1,1,0
simply_reductive,1,1,0
definitely_sleazy,1,1,0
simply_pagan,1,1,0
definitely_wonky,1,1,0
simply_scrumptious,1,1,0
simply_middle,1,1,0
deliberately_dark,1,0,1
deliberately_deceitful,1,1,0
deliberately_delightful,1,0,1
simply_minimal,1,1,0
deliberately_depressing,1,1,0
deliberately_derivative,1,1,0
deliberately_descriptive,1,1,0
simply_metaphorical,1,1,0
deliberately_daft,1,1,0
simply_messy,1,1,0
deliberately_dictatorial,1,1,0
simply_melodic,1,1,0
simply_meh,1,1,0
deliberately_dirty,1,1,0
simply_medieval,1,1,0
simply_medical,1,1,0
deliberately_damaging,1,1,0
deliberately_cozy,1,1,0
simply_nationwide,1,1,0
simply_motionless,1,1,0
simply_narrow,1,1,0
deliberately_comical,1,1,0
simply_naked,1,1,0
deliberately_commonplace,1,1,0
simply_mushy,1,1,0
deliberately_complex,1,1,0
simply_murderous,1,1,0
simply_most,1,1,0
deliberately_costly,1,1,0
deliberately_contemptuous,1,1,0
simply_moot,1,1,0
simply_monstrous,1,1,0
simply_monetary,1,1,0
deliberately_contrived,1,1,0
simply_moderate,1,1,0
simply_mobile,1,1,0
simply_meaty,1,1,0
deliberately_disheveled,1,1,0
simply_meaningful,1,1,0
deliberately_flimsy,1,1,0
deliberately_excessive,1,1,0
simply_luckier,1,1,0
simply_lucid,1,1,0
deliberately_exclusive,1,1,0
simply_low-tech,1,1,0
deliberately_fake,1,1,0
deliberately_fearsome,1,1,0
simply_lovable,1,1,0
simply_mean-spirited,1,1,0
simply_lousy,1,1,0
simply_louder,1,1,0
simply_looser,1,1,0
deliberately_fuzzy,1,1,0
simply_longer,1,1,0
simply_long-winded,1,1,0
deliberately_gloomy,1,1,0
simply_luxurious,1,1,0
deliberately_even-handed,1,1,0
simply_lyrical,1,0,1
simply_macabre,1,1,0
simply_mature,1,1,0
deliberately_disproportionate,1,1,0
simply_marvellous,1,1,0
simply_many,1,1,0
simply_manual,1,1,0
deliberately_disturbing,1,1,0
simply_manic,1,1,0
deliberately_diverse,1,1,0
deliberately_dramatic,1,0,1
deliberately_easier,1,1,0
simply_mainstream,1,1,0
deliberately_eclectic,1,1,0
deliberately_empty,1,1,0
simply_maddening,1,1,0
deliberately_ephemeral,1,1,0
deliberately_comedic,1,1,0
simply_native,1,1,0
definitely_worried,1,1,0
simply_optimistic,1,1,0
simply_orthodox,1,1,0
simply_ornamental,1,1,0
definitively_gay,1,1,0
definitively_insane,1,1,0
simply_ordinary,1,1,0
simply_oral,1,1,0
simply_optional,1,1,0
simply_oppressive,1,1,0
simply_other,1,1,0
definitively_magical,1,0,1
definitively_monstrous,1,0,1
definitively_new,1,0,1
simply_old-fashioned,1,1,0
definitively_one-sided,1,1,0
definitively_related,1,0,1
simply_oily,1,1,0
simply_ostentatious,1,1,0
definitively_functional,1,0,1
simply_nauseous,1,1,0
definitively_canadian,1,1,0
definitely_worrisome,1,1,0
simply_overwhelmed,1,1,0
simply_oversold,1,1,0
definitely_younger,1,1,0
definitively_attractive,1,0,1
simply_overpowering,1,1,0
definitively_bad,1,1,0
simply_overjoyed,1,1,0
definitively_female,1,0,1
simply_overdue,1,1,0
simply_overcrowded,1,1,0
simply_overcooked,1,1,0
simply_overcome,1,1,0
definitively_creepy,1,0,1
definitively_cuter,1,1,0
definitively_equal,1,1,0
simply_offline,1,1,0
definitively_shady,1,1,0
simply_off-putting,1,1,0
simply_next,1,1,0
deliberately_awkward,1,1,0
simply_noisy,1,1,0
simply_nocturnal,1,1,0
simply_noble,1,1,0
simply_nil,1,1,0
simply_nicer,1,1,0
deliberately_belligerent,1,1,0
deliberately_better,1,1,0
definitively_southern,1,0,1
deliberately_black,1,1,0
deliberately_blurred,1,1,0
simply_neurotic,1,1,0
deliberately_broken,1,1,0
simply_negligible,1,1,0
deliberately_childlike,1,1,0
deliberately_close,1,1,0
deliberately_aware,1,1,0
deliberately_artificial,1,1,0
deliberately_arrogant,1,1,0
deliberately_apparent,1,1,0
simply_occasional,1,1,0
definitively_supportive,1,1,0
simply_obtainable,1,1,0
simply_obsolete,1,1,0
definitively_unusual,1,0,1
simply_observable,1,1,0
definitively_vile,1,0,1
simply_obscene,1,1,0
deliberately_amateurish,1,1,0
simply_oblique,1,1,0
deliberately_androgynous,1,1,0
simply_nude,1,1,0
deliberately_annoying,1,1,0
deliberately_anonymous,1,0,1
deliberately_antiquated,1,1,0
definitely_progressive,1,1,0
definitely_preferable,1,1,0
defiantly_individual,1,1,0
definitely_controversial,1,0,1
definitely_complex,1,1,0
definitely_congenial,1,1,0
simply_unfunny,1,1,0
simply_unfulfilled,1,1,0
definitely_conscious,1,1,0
definitely_considerable,1,1,0
definitely_constructive,1,1,0
simply_unfolding,1,1,0
definitely_common,1,0,1
definitely_costly,1,1,0
definitely_creative,1,1,0
simply_unfathomable,1,0,1
definitely_creepy,1,0,1
definitely_critical,1,1,0
definitely_current,1,1,0
simply_unexplained,1,1,0
definitely_competitive,1,1,0
definitely_closer,1,1,0
simply_unlawful,1,1,0
simply_uninsured,1,1,0
definitely_bogus,1,1,0
definitely_breathtaking,1,1,0
definitely_bullish,1,1,0
definitely_canadian,1,1,0
definitely_carcinogenic,1,1,0
definitely_careful,1,1,0
definitely_centrist,1,1,0
simply_uninspiring,1,1,0
simply_unidentified,1,1,0
definitely_chic,1,1,0
simply_uninhibited,1,1,0
simply_uninhabitable,1,1,0
definitely_cleaner,1,1,0
definitely_clearer,1,1,0
simply_unimaginative,1,1,0
definitely_close,1,1,0
definitely_cuter,1,1,0
simply_uneven,1,1,0
definitely_decorative,1,1,0
definitely_excellent,1,1,0
simply_unconnected,1,1,0
definitely_enjoyable,1,1,0
definitely_entertaining,1,1,0
definitely_erotic,1,1,0
definitely_essential,1,1,0
simply_unbalanced,1,1,0
definitely_evident,1,1,0
definitely_exceptional,1,1,0
definitely_deficient,1,1,0
definitely_exhausting,1,0,1
definitely_exotic,1,1,0
definitely_expensive,1,1,0
definitely_fair,1,1,0
simply_unafraid,1,1,0
definitely_fake,1,1,0
definitely_faster,1,1,0
definitely_eerie,1,0,1
definitely_eager,1,1,0
definitely_drunk,1,1,0
definitely_dope,1,1,0
definitely_desirable,1,0,1
simply_uneasy,1,1,0
simply_undone,1,1,0
simply_undisciplined,1,1,0
simply_undetected,1,1,0
definitely_desperate,1,1,0
definitely_detrimental,1,1,0
definitely_difficult,1,1,0
simply_understaffed,1,1,0
simply_underrepresented,1,1,0
simply_underpaid,1,1,0
definitely_dirty,1,0,1
definitely_discriminatory,1,1,0
simply_undefined,1,1,0
definitely_disquieting,1,0,1
definitely_blind,1,1,0
simply_unlikable,1,1,0
definitely_firmer,1,1,0
simply_unsuccessful,1,1,0
simply_untouched,1,1,0
simply_untouchable,1,1,0
defiantly_unpretentious,1,1,0
defiantly_upright,1,1,0
defiantly_weird,1,1,0
defiantly_wrong,1,1,0
definitely_able,1,1,0
definitely_accessible,1,0,1
defiantly_underground,1,1,0
simply_unstoppable,1,1,0
simply_unsteady,1,1,0
definitely_accountable,1,0,1
simply_unspoken,1,1,0
simply_unsound,1,1,0
definitely_accurate,1,1,0
simply_unsettling,1,1,0
simply_untrained,1,1,0
defiantly_unconventional,1,1,0
simply_unlikeable,1,1,0
defiantly_obscure,1,1,0
simply_usable,1,1,0
simply_urban,1,1,0
simply_uptight,1,1,0
defiantly_insane,1,0,1
defiantly_male,1,1,0
simply_uplifting,1,1,0
defiantly_niche,1,0,1
defiantly_old-school,1,1,0
defiantly_silly,1,1,0
simply_unwieldy,1,1,0
defiantly_pretentious,1,1,0
simply_unwelcome,1,1,0
simply_unwatchable,1,1,0
simply_unwarranted,1,1,0
defiantly_reluctant,1,0,1
defiantly_self-contained,1,0,1
definitely_admirable,1,1,0
definitely_adventurous,1,1,0
definitely_affordable,1,1,0
simply_unoriginal,1,1,0
definitely_attainable,1,1,0
definitely_attractive,1,1,0
definitely_attributable,1,1,0
definitely_awesome,1,1,0
simply_unpalatable,1,1,0
simply_unpaid,1,1,0
simply_unorthodox,1,1,0
definitely_beneficial,1,1,0
simply_unscrupulous,1,1,0
simply_unnerved,1,1,0
definitely_benign,1,1,0
definitely_best,1,1,0
simply_unmoved,1,1,0
simply_unmatched,1,1,0
definitely_big,1,1,0
definitely_bittersweet,1,0,1
simply_unproductive,1,1,0
definitely_asleep,1,1,0
definitely_askew,1,1,0
definitely_applicable,1,1,0
simply_unsavory,1,1,0
simply_unsatisfying,1,1,0
definitely_african,1,0,1
simply_unsatisfactory,1,1,0
definitely_air-conditioned,1,1,0
definitely_alien,1,1,0
simply_unreported,1,1,0
definitely_alive,1,1,0
simply_unreleased,1,1,0
simply_unregulated,1,1,0
definitely_alright,1,1,0
simply_unrecognisable,1,1,0
definitely_amazing,1,0,1
definitely_anxious,1,1,0
simply_unreachable,1,1,0
definitely_fatter,1,1,0
simply_ubiquitous,1,1,0
simply_secondary,1,1,0
definitely_monumental,1,1,0
simply_sorry,1,1,0
simply_sophisticated,1,1,0
simply_soothing,1,1,0
simply_solid,1,1,0
definitely_misguided,1,1,0
simply_social,1,1,0
definitely_mistaken,1,1,0
definitely_most,1,1,0
definitely_massive,1,0,1
definitely_moving,1,0,1
definitely_natural,1,1,0
definitely_negative,1,1,0
definitely_nostalgia,1,1,0
definitely_noticeable,1,0,1
definitely_novel,1,0,1
definitely_nutritious,1,0,1
definitely_measurable,1,1,0
definitely_marginal,1,1,0
definitely_less,1,1,0
definitely_low,1,1,0
simply_stringent,1,1,0
definitely_likely,1,1,0
definitely_louder,1,1,0
simply_strained,1,1,0
definitely_lovable,1,0,1
simply_stingy,1,1,0
simply_stimulating,1,1,0
simply_stereotypical,1,1,0
definitely_manageable,1,1,0
simply_stellar,1,1,0
definitely_lucrative,1,1,0
definitely_mad,1,1,0
simply_stagnant,1,1,0
simply_spurious,1,1,0
simply_spot,1,1,0
definitely_male,1,0,1
simply_sleek,1,1,0
definitely_obsessed,1,1,0
simply_sinister,1,1,0
definitely_popular,1,1,0
definitely_personal,1,1,0
simply_serene,1,1,0
simply_serendipitous,1,0,1
simply_separate,1,1,0
simply_sentimental,1,1,0
definitely_poisonous,1,1,0
definitely_polish,1,1,0
simply_self-explanatory,1,1,0
simply_singular,1,1,0
simply_self-destructive,1,1,0
simply_self-contained,1,1,0
simply_self-conscious,1,1,0
simply_self-centered,1,1,0
definitely_practical,1,1,0
simply_secular,1,1,0
simply_secretive,1,1,0
definitely_perfect,1,1,0
definitely_pathological,1,1,0
simply_shady,1,1,0
simply_sheer,1,1,0
simply_sinful,1,1,0
definitely_old,1,1,0
simply_similar,1,0,1
definitely_original,1,1,0
simply_sicker,1,1,0
definitely_outrageous,1,0,1
definitely_outstanding,1,1,0
simply_shrewd,1,1,0
definitely_overrated,1,1,0
simply_short-sighted,1,1,0
definitely_painful,1,1,0
simply_shoddy,1,1,0
definitely_participatory,1,1,0
definitely_passionate,1,1,0
simply_shiny,1,1,0
definitely_lighter,1,1,0
definitely_legitimate,1,1,0
definitely_flawed,1,1,0
simply_thoughtful,1,1,0
simply_titillating,1,1,0
definitely_glad,1,1,0
definitely_gorgeous,1,0,1
simply_timely,1,1,0
definitely_greener,1,1,0
simply_thrilling,1,1,0
simply_threatening,1,1,0
definitely_happy,1,1,0
simply_tolerant,1,1,0
definitely_harsh,1,1,0
simply_theoretical,1,1,0
definitely_harsher,1,1,0
simply_thankful,1,1,0
definitely_healthier,1,1,0
definitely_higher,1,1,0
definitely_hilarious,1,1,0
definitely_futuristic,1,1,0
simply_top,1,1,0
definitely_legit,1,1,0
simply_trashy,1,1,0
simply_truer,1,1,0
definitely_forgettable,1,1,0
definitely_fortunate,1,1,0
definitely_foul,1,1,0
simply_tricky,1,1,0
simply_trendy,1,1,0
simply_tremendous,1,1,0
simply_transformative,1,1,0
simply_top-notch,1,1,0
definitely_frustrating,1,1,0
simply_trans,1,1,0
simply_tranquil,1,1,0
definitely_full,1,1,0
definitely_funnier,1,1,0
simply_tougher,1,1,0
definitely_funny,1,1,0
simply_tempting,1,1,0
simply_temporary,1,1,0
definitely_hostile,1,1,0
definitely_jewish,1,1,0
simply_sunny,1,1,0
simply_sunni,1,1,0
definitely_intriguing,1,1,0
simply_such,1,1,0
simply_successful,1,1,0
simply_subversive,1,1,0
definitely_ironic,1,0,1
simply_subjective,1,1,0
definitely_huge,1,1,0
definitely_justifiable,1,1,0
simply_stylish,1,1,0
definitely_keen,1,1,0
definitely_key,1,1,0
simply_stunned,1,1,0
simply_stuffy,1,1,0
definitely_last,1,1,0
definitely_intense,1,1,0
definitely_intelligible,1,0,1
simply_superfluous,1,1,0
definitely_inspiring,1,1,0
definitely_hungry,1,1,0
definitely_idiotic,1,0,1
simply_tangible,1,1,0
simply_tall,1,1,0
simply_tactile,1,1,0
definitely_imperative,1,1,0
definitely_inappropriate,1,1,0
simply_sweeter,1,1,0
definitely_incorrect,1,1,0
definitely_independent,1,0,1
definitely_inferior,1,1,0
definitely_innocent,1,1,0
simply_sure,1,1,0
definitely_innovative,1,0,1
simply_supernatural,1,1,0
subtly_awkward,1,1,0
surprisingly_believable,1,1,0
subtly_better,1,1,0
unusually_unhappy,1,1,0
unusually_underweight,1,1,0
unusually_uncomfortable,1,1,0
unusually_uncertain,1,1,0
unusually_true,1,1,0
also_anti-semitic,1,1,0
unusually_touching,1,0,1
also_appalled,1,1,0
unusually_tight,1,0,1
unusually_thin,1,1,0
also_apt,1,1,0
unusually_testy,1,1,0
unusually_tender,1,1,0
unusually_tenacious,1,1,0
unusually_tangible,1,0,1
also_arab,1,1,0
also_arbitrary,1,1,0
unusually_susceptible,1,1,0
unusually_uneven,1,1,0
unusually_uninspiring,1,0,1
typically_taller,1,1,0
unusually_uninterested,1,1,0
up_first,1,1,0
also_alarmed,1,1,0
up_cuter,1,1,0
up_cold,1,1,0
up_closer,1,1,0
also_alarming,1,1,0
also_alcoholic,1,1,0
unusually_young,1,1,0
also_allowable,1,1,0
also_amenable,1,1,0
unusually_wide,1,1,0
also_androgynous,1,1,0
unusually_vivid,1,0,1
unusually_vital,1,0,1
unusually_virtuous,1,1,0
unusually_vibrant,1,1,0
also_anti-american,1,1,0
also_arrogant,1,1,0
also_artistic,1,1,0
unusually_substantive,1,0,1
also_asleep,1,1,0
unusually_shy,1,1,0
also_awkward,1,1,0
unusually_sheer,1,1,0
also_backward,1,1,0
unusually_severe,1,1,0
unusually_serious,1,0,1
unusually_sentimental,1,0,1
also_bankrupt,1,1,0
unusually_sensible,1,0,1
unusually_self-contained,1,1,0
unusually_sedate,1,1,0
unusually_secure,1,0,1
unusually_scrupulous,1,1,0
also_baseless,1,1,0
unusually_salty,1,1,0
unusually_rowdy,1,1,0
unusually_risky,1,1,0
unusually_sinister,1,0,1
unusually_skilled,1,1,0
unusually_skinny,1,1,0
unusually_stable,1,1,0
also_astounding,1,1,0
unusually_stringent,1,1,0
unusually_striking,1,0,1
unusually_strident,1,1,0
unusually_strenuous,1,1,0
unusually_stiff,1,1,0
unusually_stale,1,1,0
also_asymptomatic,1,1,0
also_average,1,1,0
unusually_specific,1,1,0
unusually_sparse,1,1,0
unusually_snarky,1,1,0
unusually_smooth,1,1,0
also_authentic,1,1,0
unusually_sloppy,1,1,0
unusually_slender,1,1,0
also_agonizing,1,1,0
up_generous,1,1,0
also_aghast,1,1,0
usually_amiss,1,1,0
also_abundant,1,1,0
usually_basic,1,1,0
also_abusive,1,1,0
usually_awesome,1,1,0
also_academic,1,1,0
usually_averse,1,1,0
also_accidental,1,1,0
usually_attributable,1,1,0
usually_asymptomatic,1,1,0
also_accountable,1,1,0
usually_argumentative,1,1,0
usually_arbitrary,1,1,0
usually_appropriate,1,1,0
usually_applicable,1,1,0
usually_apocryphal,1,0,1
usually_anti-social,1,1,0
usually_anti-semitic,1,0,1
also_abrupt,1,1,0
also_abrasive,1,1,0
usually_bitter,1,1,0
usually_chatty,1,1,0
usually_complex,1,0,1
usually_complete,1,1,0
usually_competent,1,1,0
usually_comfortable,1,1,0
usually_clueless,1,1,0
already_wild,1,1,0
usually_cheap,1,1,0
usually_challenging,1,1,0
usually_blind,1,1,0
usually_cautious,1,0,1
usually_casual,1,1,0
usually_carefree,1,1,0
already_wondrous,1,1,0
already_yellow,1,0,1
also_above,1,1,0
usually_boring,1,1,0
usually_anonymous,1,0,1
usually_amenable,1,1,0
up_huge,1,1,0
usually_allergic,1,1,0
also_admirable,1,1,0
urgently_important,1,1,0
urgently_hungry,1,1,0
urgently_distressing,1,1,0
also_advantageous,1,1,0
also_affluent,1,1,0
upwardly_compatible,1,1,0
up_wrong,1,1,0
up_worrying,1,1,0
also_african-american,1,1,0
up_tall,1,1,0
up_shallow,1,1,0
up_nice,1,1,0
also_aged,1,1,0
up_more,1,1,0
up_less,1,1,0
also_aggressive,1,1,0
urgently_passionate,1,1,0
urgently_political,1,0,1
urgently_relevant,1,1,0
usually_achievable,1,0,1
usually_aged,1,1,0
usually_afraid,1,1,0
usually_affordable,1,1,0
usually_advisable,1,1,0
usually_adverse,1,1,0
also_acidic,1,1,0
usually_active,1,1,0
usually_accessible,1,1,0
urgently_rich,1,1,0
also_adamant,1,1,0
usually_abundant,1,1,0
also_adaptable,1,1,0
also_addicted,1,1,0
also_adjustable,1,1,0
urgently_valuable,1,1,0
urgently_significant,1,0,1
unusually_right,1,1,0
unusually_retarded,1,1,0
unusually_remote,1,0,1
unusually_disorganized,1,1,0
unusually_extreme,1,1,0
unusually_explicit,1,0,1
also_circular,1,1,0
unusually_expedient,1,1,0
unusually_excitable,1,1,0
unusually_exacting,1,1,0
unusually_evil,1,1,0
also_classic,1,1,0
unusually_enough,1,0,1
also_closed,1,1,0
unusually_elegant,1,1,0
unusually_elaborate,1,1,0
unusually_educational,1,0,1
unusually_eager,1,1,0
also_clueless,1,1,0
unusually_dominant,1,1,0
unusually_diverse,1,1,0
unusually_fatigued,1,1,0
unusually_fine,1,1,0
unusually_foolish,1,1,0
also_chaotic,1,1,0
unusually_helpful,1,1,0
also_caucasian,1,1,0
unusually_healthy,1,1,0
also_cerebral,1,0,1
unusually_hairy,1,1,0
also_changeable,1,1,0
unusually_gorgeous,1,1,0
also_charming,1,1,0
unusually_fortunate,1,1,0
unusually_glossy,1,1,0
also_chic,1,1,0
unusually_fuzzy,1,0,1
unusually_fussy,1,1,0
unusually_frightening,1,0,1
unusually_friendly,1,1,0
unusually_frequent,1,1,0
also_clumsy,1,1,0
unusually_dishonest,1,1,0
unusually_honest,1,1,0
unusually_dirty,1,1,0
unusually_corrupt,1,1,0
unusually_cool,1,1,0
also_competitive,1,1,0
unusually_conservative,1,1,0
unusually_conscientious,1,0,1
also_complicated,1,1,0
also_complicit,1,1,0
unusually_colorful,1,1,0
unusually_collaborative,1,1,0
also_compulsive,1,0,1
unusually_cohesive,1,1,0
also_compulsory,1,1,0
also_conciliatory,1,1,0
unusually_clever,1,0,1
unusually_civilized,1,1,0
unusually_civil,1,1,0
unusually_chic,1,0,1
also_competent,1,1,0
also_committed,1,1,0
unusually_creepy,1,0,1
unusually_delicious,1,0,1
also_cognizant,1,1,0
unusually_dim,1,1,0
unusually_different,1,0,1
unusually_desirable,1,1,0
unusually_depressed,1,1,0
unusually_dependent,1,1,0
unusually_dense,1,1,0
unusually_deadly,1,1,0
also_commercial,1,1,0
also_comfy,1,1,0
unusually_daring,1,1,0
unusually_dangerous,1,1,0
unusually_damp,1,1,0
unusually_damaging,1,0,1
unusually_curious,1,1,0
unusually_cryptic,1,1,0
also_catholic,1,1,0
unusually_horrid,1,1,0
unusually_reluctant,1,1,0
unusually_odd,1,1,0
unusually_popular,1,1,0
unusually_poetic,1,1,0
unusually_pessimistic,1,1,0
also_blase,1,1,0
unusually_persistent,1,1,0
also_bogus,1,1,0
unusually_penetrating,1,1,0
unusually_peaceful,1,1,0
unusually_paranoid,1,1,0
unusually_pale,1,1,0
unusually_painful,1,1,0
unusually_overwhelmed,1,1,0
unusually_overpriced,1,1,0
unusually_outlandish,1,0,1
also_bohemian,1,1,0
unusually_oppressive,1,0,1
unusually_open,1,1,0
unusually_porous,1,1,0
unusually_potent,1,1,0
unusually_precise,1,1,0
also_bent,1,1,0
unusually_religious,1,1,0
unusually_regular,1,1,0
unusually_reflective,1,1,0
unusually_reckless,1,1,0
unusually_receptive,1,1,0
unusually_real,1,0,1
unusually_radical,1,1,0
unusually_quick,1,1,0
also_bigoted,1,1,0
unusually_qualified,1,1,0
unusually_public,1,1,0
unusually_provocative,1,1,0
also_bereft,1,1,0
also_bigger,1,1,0
unusually_promising,1,1,0
unusually_productive,1,1,0
also_brave,1,1,0
unusually_obsessed,1,1,0
also_captive,1,1,0
unusually_nutritious,1,1,0
unusually_joyous,1,1,0
also_bullish,1,1,0
unusually_intriguing,1,0,1
also_buoyant,1,1,0
also_candid,1,1,0
unusually_intact,1,1,0
unusually_insufficient,1,1,0
unusually_insightful,1,1,0
unusually_infrequent,1,1,0
unusually_indecisive,1,1,0
unusually_impulsive,1,1,0
also_captivating,1,1,0
unusually_important,1,1,0
unusually_immune,1,1,0
unusually_idyllic,1,1,0
unusually_idealistic,1,1,0
unusually_hungry,1,1,0
unusually_jumpy,1,1,0
also_bulky,1,1,0
unusually_late,1,1,0
unusually_messy,1,1,0
unusually_noisy,1,1,0
unusually_narrow,1,1,0
unusually_mystical,1,0,1
unusually_mundane,1,1,0
unusually_moody,1,0,1
unusually_minimal,1,1,0
unusually_meticulous,1,0,1
unusually_mellow,1,1,0
unusually_liberal,1,1,0
unusually_mature,1,1,0
unusually_lush,1,1,0
unusually_lucky,1,1,0
unusually_lovable,1,0,1
also_british,1,1,0
unusually_likely,1,1,0
also_budget-friendly,1,1,0
usually_complicated,1,1,0
usually_condescending,1,1,0
usually_confrontational,1,1,0
usually_sophisticated,1,1,0
usually_tall,1,1,0
usually_taboo,1,1,0
usually_synthetic,1,1,0
usually_synonymous,1,0,1
already_sparse,1,1,0
usually_sure,1,1,0
usually_supernatural,1,1,0
usually_superfluous,1,0,1
usually_suicidal,1,1,0
already_specific,1,1,0
usually_subtle,1,1,0
usually_substandard,1,1,0
usually_strongest,1,1,0
usually_stronger,1,1,0
usually_strong,1,1,0
usually_standard,1,1,0
usually_spot,1,1,0
already_sore,1,1,0
already_solid,1,1,0
usually_thin,1,1,0
usually_unavailable,1,0,1
usually_unique,1,1,0
usually_uninhabited,1,1,0
usually_unforgivable,1,0,1
usually_unemployed,1,1,0
usually_underway,1,1,0
usually_understaffed,1,1,0
usually_unconnected,1,1,0
usually_unattractive,1,1,0
already_smooth,1,1,0
usually_unarmed,1,0,1
usually_turkish,1,1,0
already_slim,1,1,0
usually_tricky,1,0,1
already_smarter,1,1,0
usually_tragic,1,0,1
usually_traceable,1,1,0
usually_spicy,1,1,0
already_spectacular,1,0,1
usually_unknown,1,0,1
usually_smug,1,0,1
already_superhuman,1,1,0
usually_responsive,1,0,1
usually_respectful,1,1,0
usually_residential,1,1,0
usually_repulsive,1,1,0
usually_removable,1,1,0
usually_relaxing,1,0,1
already_susceptible,1,1,0
usually_redundant,1,1,0
usually_recognizable,1,1,0
already_sweaty,1,1,0
already_sweet,1,0,1
usually_rare,1,1,0
usually_radioactive,1,1,0
usually_racist,1,1,0
already_taxable,1,1,0
usually_primitive,1,1,0
usually_righteous,1,1,0
usually_russian,1,0,1
already_superb,1,1,0
usually_similar,1,1,0
usually_smooth,1,1,0
usually_smaller,1,1,0
already_spoiled,1,1,0
usually_slow,1,1,0
already_stable,1,1,0
usually_sixth,1,1,0
usually_simple,1,1,0
already_stationary,1,1,0
usually_scared,1,1,0
usually_silent,1,1,0
already_stunning,1,1,0
usually_shallow,1,1,0
already_stupid,1,1,0
already_such,1,1,0
already_sufficient,1,1,0
usually_selfless,1,0,1
usually_unjustified,1,1,0
usually_unnecessary,1,1,0
already_terminal,1,1,0
utterly_alike,1,1,0
utterly_arrogant,1,1,0
utterly_arid,1,1,0
already_ripe,1,1,0
utterly_apt,1,1,0
utterly_approachable,1,1,0
already_romantic,1,1,0
already_rough,1,1,0
utterly_appalled,1,1,0
utterly_apathetic,1,1,0
utterly_anonymous,1,1,0
already_rusty,1,1,0
utterly_amusing,1,0,1
utterly_amorphous,1,1,0
already_ruthless,1,0,1
already_sacred,1,1,0
already_sad,1,1,0
already_savvy,1,1,0
utterly_artistic,1,1,0
utterly_ashamed,1,1,0
already_rife,1,1,0
already_restless,1,1,0
already_relevant,1,1,0
already_religious,1,1,0
already_remarkable,1,1,0
already_remote,1,1,0
already_reproducible,1,1,0
already_resentful,1,1,0
already_resident,1,1,0
already_reverent,1,1,0
already_revolting,1,1,0
utterly_awash,1,0,1
utterly_aware,1,1,0
utterly_avoidable,1,1,0
utterly_averse,1,1,0
utterly_available,1,1,0
utterly_authentic,1,1,0
utterly_astounding,1,1,0
utterly_alive,1,1,0
already_scarce,1,1,0
usually_unnoticeable,1,1,0
utterly_alarming,1,1,0
already_sinful,1,0,1
usually_vital,1,1,0
usually_visible,1,1,0
usually_violent,1,0,1
usually_victorious,1,1,0
usually_upsetting,1,1,0
usually_unwanted,1,1,0
usually_unusual,1,1,0
usually_unstable,1,0,1
usually_unspoken,1,0,1
usually_unseen,1,0,1
usually_unsatisfied,1,1,0
usually_unreported,1,1,0
usually_unreliable,1,1,0
usually_unreasonable,1,1,0
usually_unproductive,1,1,0
usually_unnoticed,1,1,0
usually_weak,1,1,0
usually_wet,1,1,0
already_simple,1,1,0
utterly_accessible,1,1,0
utterly_aimless,1,1,0
utterly_affordable,1,1,0
already_sceptical,1,1,0
already_second,1,0,1
utterly_addictive,1,0,1
utterly_addicted,1,1,0
utterly_accidental,1,0,1
utterly_abysmal,1,1,0
usually_wholesome,1,0,1
already_self-conscious,1,1,0
utterly_abstract,1,0,1
already_sensitive,1,1,0
usually_zero,1,0,1
already_sexy,1,1,0
usually_worthy,1,1,0
already_shrinking,1,1,0
usually_previous,1,1,0
usually_pregnant,1,1,0
already_wearable,1,1,0
usually_famous,1,0,1
usually_funky,1,1,0
usually_functional,1,0,1
usually_fun,1,1,0
already_unprepared,1,1,0
usually_fresher,1,1,0
already_unreadable,1,1,0
already_unsafe,1,1,0
usually_fleeting,1,1,0
usually_flawed,1,1,0
usually_flat,1,1,0
usually_firm,1,1,0
already_unsatisfied,1,1,0
usually_filthy,1,1,0
already_unsuccessful,1,1,0
already_unsure,1,1,0
already_untapped,1,1,0
already_unusual,1,0,1
usually_funny,1,0,1
usually_futile,1,1,0
already_unnatural,1,1,0
usually_hereditary,1,1,0
usually_humble,1,1,0
usually_huge,1,0,1
usually_hot,1,0,1
usually_honest,1,1,0
already_unfamiliar,1,1,0
already_unfathomable,1,1,0
usually_hidden,1,1,0
already_unforgettable,1,1,0
usually_gluten-free,1,1,0
usually_harmful,1,1,0
already_unified,1,1,0
already_uniform,1,1,0
already_uninhabitable,1,1,0
usually_guilty,1,1,0
usually_gregarious,1,1,0
usually_green,1,1,0
usually_fascinating,1,1,0
usually_faint,1,1,0
usually_important,1,1,0
already_unwell,1,1,0
usually_depressed,1,1,0
already_villainous,1,1,0
usually_deep,1,1,0
usually_decent,1,1,0
usually_deadly,1,1,0
usually_dark,1,1,0
usually_dangerous,1,1,0
usually_damp,1,1,0
usually_curious,1,1,0
usually_crucial,1,1,0
usually_crowded,1,1,0
usually_crazy,1,1,0
usually_cranky,1,1,0
usually_costly,1,1,0
already_voluntary,1,1,0
already_warm,1,1,0
usually_convenient,1,1,0
usually_detrimental,1,1,0
usually_devoid,1,1,0
already_victorious,1,1,0
already_valuable,1,1,0
already_unwilling,1,1,0
already_upbeat,1,1,0
usually_excellent,1,1,0
usually_evident,1,1,0
already_urgent,1,1,0
usually_erotic,1,1,0
usually_empty,1,1,0
already_vertical,1,1,0
usually_direct,1,1,0
usually_durable,1,1,0
usually_drunk,1,1,0
usually_drastic,1,0,1
usually_disoriented,1,1,0
usually_discouraging,1,1,0
usually_disastrous,1,1,0
usually_disappointed,1,1,0
already_undone,1,1,0
usually_impossible,1,0,1
usually_preferable,1,1,0
already_top-notch,1,1,0
usually_okay,1,1,0
already_thin,1,1,0
usually_oblivious,1,1,0
usually_objectionable,1,1,0
usually_nude,1,0,1
usually_normal,1,1,0
usually_nice,1,1,0
already_thrilled,1,1,0
usually_nerdy,1,0,1
usually_negative,1,1,0
already_tidy,1,1,0
usually_naughty,1,1,0
usually_most,1,0,1
usually_monthly,1,1,0
usually_moderate,1,1,0
usually_mediocre,1,0,1
usually_medical,1,1,0
already_theatrical,1,1,0
usually_older,1,0,1
usually_online,1,1,0
usually_permanent,1,1,0
already_terrific,1,0,1
usually_portable,1,1,0
usually_poor,1,0,1
usually_political,1,0,1
usually_poisonous,1,1,0
usually_pleased,1,1,0
usually_pink,1,1,0
usually_pale,1,1,0
already_terrified,1,1,0
usually_painful,1,0,1
usually_overblown,1,1,0
usually_outstanding,1,1,0
usually_outgoing,1,0,1
usually_organic,1,1,0
usually_optimistic,1,1,0
usually_opposite,1,0,1
already_tolerant,1,1,0
already_total,1,1,0
usually_inaccessible,1,1,0
usually_loud,1,1,0
usually_insubstantial,1,0,1
usually_insightful,1,1,0
usually_innocuous,1,0,1
usually_innocent,1,1,0
usually_infinite,1,1,0
usually_inferior,1,1,0
usually_inexplicable,1,1,0
already_undecided,1,1,0
already_underpaid,1,1,0
usually_ineffective,1,1,0
usually_indifferent,1,1,0
usually_indian,1,1,0
usually_independent,1,1,0
usually_incredible,1,0,1
usually_incorrect,1,1,0
usually_inconsequential,1,0,1
usually_inaudible,1,1,0
usually_insufficient,1,1,0
already_unconvinced,1,1,0
usually_intriguing,1,0,1
usually_leftist,1,0,1
usually_long,1,1,0
already_tough,1,1,0
usually_light,1,1,0
usually_liable,1,1,0
usually_lethal,1,1,0
usually_lesser,1,1,0
usually_legitimate,1,1,0
usually_leaner,1,1,0
already_unchecked,1,1,0
usually_last,1,1,0
usually_larger,1,0,1
usually_large,1,1,0
already_unaccounted,1,1,0
usually_irritating,1,1,0
already_unbearable,1,1,0
usually_involved,1,1,0
also_confrontational,1,1,0
also_congested,1,1,0
unusually_chatty,1,1,0
also_expert,1,1,0
unnecessarily_intense,1,1,0
unnecessarily_injurious,1,1,0
unnecessarily_indirect,1,1,0
also_exceptional,1,1,0
unnecessarily_hot,1,1,0
also_exclusive,1,1,0
unnecessarily_horrible,1,0,1
also_exhausting,1,1,0
unnecessarily_hesitant,1,1,0
unnecessarily_heavy,1,1,0
also_exhilarating,1,1,0
also_expandable,1,1,0
unnecessarily_gruesome,1,1,0
unnecessarily_gross,1,1,0
unnecessarily_grim,1,1,0
unnecessarily_gratuitous,1,1,0
also_experimental,1,1,0
unnecessarily_intricate,1,1,0
also_ethical,1,1,0
unnecessarily_judgmental,1,0,1
unnecessarily_messy,1,1,0
unnecessarily_obtrusive,1,1,0
also_entrepreneurial,1,1,0
also_environmental,1,1,0
unnecessarily_objectionable,1,1,0
also_epic,1,1,0
unnecessarily_negative,1,1,0
unnecessarily_nasty,1,0,1
unnecessarily_mean,1,1,0
unnecessarily_jumpy,1,1,0
unnecessarily_luxurious,1,1,0
unnecessarily_low,1,1,0
unnecessarily_loud,1,1,0
unnecessarily_long-winded,1,1,0
also_equivalent,1,1,0
unnecessarily_lengthy,1,1,0
unnecessarily_large,1,1,0
unnecessarily_gloomy,1,1,0
also_explicit,1,1,0
unnecessarily_offensive,1,1,0
also_exquisite,1,1,0
unnecessarily_disappointed,1,1,0
unnecessarily_descriptive,1,1,0
also_fast-paced,1,1,0
unnecessarily_depressing,1,1,0
also_favorable,1,1,0
unnecessarily_defamatory,1,1,0
unnecessarily_deep,1,1,0
unnecessarily_dark,1,1,0
also_favourable,1,1,0
unnecessarily_cynical,1,1,0
unnecessarily_custom,1,0,1
unnecessarily_cumbersome,1,1,0
also_federal,1,1,0
also_fictional,1,1,0
unnecessarily_convoluted,1,1,0
also_fictitious,1,1,0
also_finite,1,1,0
unnecessarily_dismissive,1,1,0
unnecessarily_disruptive,1,1,0
unnecessarily_distracting,1,1,0
unnecessarily_exclusive,1,1,0
unnecessarily_frightful,1,1,0
unnecessarily_frightening,1,1,0
unnecessarily_flashy,1,1,0
unnecessarily_fearful,1,1,0
unnecessarily_extreme,1,1,0
unnecessarily_extravagant,1,1,0
also_extra,1,1,0
unnecessarily_evil,1,1,0
also_false,1,1,0
unnecessarily_entertaining,1,1,0
unnecessarily_emotional,1,1,0
unnecessarily_embarrassing,1,1,0
unnecessarily_elaborate,1,1,0
unnecessarily_easy,1,1,0
unnecessarily_dull,1,1,0
unnecessarily_drastic,1,1,0
unnecessarily_obtuse,1,1,0
unnecessarily_operational,1,1,0
also_firm,1,1,0
unnecessarily_testy,1,1,0
unnervingly_confident,1,1,0
also_edgy,1,1,0
unnervingly_brash,1,1,0
unnervingly_apocalyptic,1,0,1
also_eerie,1,1,0
unnecessarily_wordy,1,1,0
unnecessarily_weird,1,1,0
also_effusive,1,1,0
unnecessarily_verbose,1,1,0
also_elegant,1,1,0
unnecessarily_unpleasant,1,0,1
unnecessarily_unfair,1,1,0
also_elusive,1,1,0
unnecessarily_ugly,1,1,0
unnecessarily_transient,1,0,1
unnecessarily_titillating,1,1,0
unnecessarily_tiring,1,1,0
also_ecstatic,1,1,0
unnervingly_different,1,0,1
unnervingly_expensive,1,1,0
unnervingly_polite,1,1,0
unnervingly_slow,1,1,0
unnervingly_serious,1,1,0
unnervingly_serene,1,1,0
unnervingly_realistic,1,1,0
unnervingly_real,1,0,1
unnervingly_problematic,1,0,1
unnervingly_predatory,1,0,1
unnervingly_plausible,1,1,0
also_early,1,1,0
unnervingly_open,1,1,0
unnervingly_new,1,0,1
unnervingly_neat,1,1,0
unnervingly_intentional,1,1,0
unnervingly_human,1,0,1
unnervingly_good,1,1,0
unnervingly_fluent,1,1,0
unnecessarily_tight,1,1,0
unnecessarily_tempting,1,1,0
unnecessarily_opulent,1,1,0
also_empathetic,1,1,0
also_endless,1,1,0
unnecessarily_rigorous,1,1,0
also_enlightened,1,0,1
unnecessarily_reductive,1,1,0
unnecessarily_punitive,1,1,0
also_enlightening,1,1,0
unnecessarily_protective,1,1,0
unnecessarily_promotional,1,1,0
unnecessarily_profane,1,1,0
unnecessarily_prickly,1,1,0
also_enormous,1,1,0
unnecessarily_personal,1,1,0
unnecessarily_permissive,1,1,0
unnecessarily_paranoid,1,1,0
also_enticing,1,1,0
unnecessarily_overweight,1,1,0
unnecessarily_ornate,1,1,0
unnecessarily_rowdy,1,1,0
also_endemic,1,1,0
unnecessarily_sensitive,1,1,0
unnecessarily_specific,1,1,0
also_emphatic,1,1,0
unnecessarily_surgical,1,1,0
unnecessarily_stupid,1,1,0
unnecessarily_strident,1,1,0
unnecessarily_strict,1,1,0
unnecessarily_stressful,1,1,0
unnecessarily_steep,1,1,0
unnecessarily_snarky,1,1,0
unnecessarily_severe,1,1,0
also_endearing,1,0,1
unnecessarily_slick,1,1,0
unnecessarily_sketchy,1,1,0
unnecessarily_shiny,1,1,0
unnecessarily_shaky,1,1,0
unnecessarily_sexy,1,1,0
unnecessarily_sexualized,1,1,0
unnecessarily_concerned,1,1,0
unnecessarily_compliant,1,1,0
unnervingly_weird,1,1,0
universally_sensible,1,1,0
universally_uplifting,1,0,1
universally_unwanted,1,0,1
universally_unreal,1,0,1
universally_unlikeable,1,1,0
universally_unique,1,1,0
universally_unexpected,1,0,1
universally_truthful,1,0,1
also_genuine,1,1,0
universally_tragic,1,0,1
universally_toxic,1,0,1
universally_thankful,1,1,0
universally_terrifying,1,1,0
universally_terrible,1,1,0
universally_superior,1,1,0
universally_soft,1,1,0
universally_simple,1,0,1
universally_shocking,1,1,0
universally_upward,1,1,0
also_gentle,1,1,0
also_genetic,1,1,0
unmistakably_compelling,1,0,1
unmistakably_exclusive,1,0,1
unmistakably_erotic,1,0,1
unmistakably_endearing,1,0,1
unmistakably_empty,1,1,0
also_fruitful,1,1,0
also_fundamental,1,1,0
also_futile,1,1,0
also_future,1,1,0
also_generous,1,1,0
unmistakably_brutal,1,1,0
unmistakably_awesome,1,0,1
unmistakably_authentic,1,1,0
unmistakably_american,1,0,1
unmistakably_african,1,0,1
also_general,1,1,0
universally_welcoming,1,1,0
universally_shocked,1,1,0
universally_scary,1,1,0
also_french,1,1,0
universally_satisfying,1,0,1
universally_meaningful,1,0,1
universally_magnetic,1,0,1
universally_lovable,1,0,1
universally_lawful,1,1,0
universally_lacking,1,0,1
universally_kind,1,1,0
universally_intelligible,1,0,1
universally_incompetent,1,1,0
universally_illegal,1,1,0
universally_humorous,1,0,1
also_groovy,1,1,0
universally_guilty,1,1,0
universally_greater,1,0,1
universally_great,1,1,0
universally_fun,1,0,1
universally_fluent,1,1,0
also_harder,1,1,0
universally_misunderstood,1,1,0
universally_moral,1,1,0
also_grey,1,1,0
also_graceful,1,1,0
universally_rubbish,1,1,0
universally_riveting,1,0,1
also_gloomy,1,1,0
universally_resonant,1,0,1
universally_resistant,1,1,0
also_glorious,1,1,0
also_good-looking,1,1,0
universally_recognisable,1,1,0
universally_peachy,1,1,0
universally_profound,1,0,1
also_grand,1,1,0
universally_present,1,0,1
universally_possible,1,1,0
also_greener,1,1,0
universally_plentiful,1,1,0
universally_pleasant,1,1,0
also_frivolous,1,1,0
unmistakably_gorgeous,1,1,0
also_first,1,1,0
unnaturally_melodic,1,1,0
also_fragrant,1,1,0
unnaturally_tidy,1,1,0
also_frail,1,1,0
unnaturally_sweet,1,1,0
unnaturally_strong,1,1,0
unnaturally_straight,1,1,0
unnaturally_stilted,1,0,1
unnaturally_small,1,1,0
unnaturally_slow,1,1,0
unnaturally_short,1,1,0
unnaturally_poor,1,1,0
unnaturally_placid,1,1,0
unnaturally_peaceful,1,1,0
unnaturally_pale,1,1,0
unnaturally_orange,1,1,0
unnaturally_obese,1,1,0
also_fraudulent,1,1,0
also_fragmented,1,1,0
unnecessarily_abstract,1,1,0
unnecessarily_academic,1,1,0
unnecessarily_blurry,1,1,0
unnecessarily_comfortable,1,1,0
unnecessarily_combative,1,1,0
unnecessarily_cold,1,1,0
unnecessarily_caustic,1,1,0
unnecessarily_capricious,1,1,0
also_flaky,1,1,0
also_forbidden,1,1,0
unnecessarily_bleak,1,1,0
also_fragile,1,1,0
unnecessarily_belligerent,1,1,0
unnecessarily_bad,1,0,1
also_forecast,1,1,0
also_foreign,1,1,0
unnecessarily_ambitious,1,1,0
also_formative,1,1,0
also_fourth,1,1,0
unnaturally_natural,1,1,0
unnaturally_malicious,1,1,0
unmistakably_grand,1,0,1
unnaturally_low,1,1,0
unmistakably_titillating,1,0,1
unmistakably_similar,1,0,1
unmistakably_sensual,1,1,0
unmistakably_scrumptious,1,0,1
unmistakably_religious,1,1,0
unmistakably_real,1,0,1
unmistakably_prolific,1,1,0
unmistakably_pleased,1,1,0
unmistakably_original,1,0,1
unmistakably_new,1,0,1
unmistakably_naturalistic,1,1,0
unmistakably_native,1,0,1
unmistakably_misogynistic,1,0,1
unmistakably_jewish,1,1,0
unmistakably_interesting,1,0,1
unmistakably_identifiable,1,0,1
unmistakably_greater,1,0,1
unmistakably_unique,1,0,1
unmistakably_visible,1,1,0
unmistakably_warm,1,0,1
unnaturally_friendly,1,1,0
unnaturally_long-lived,1,1,0
unnaturally_irritating,1,1,0
unnaturally_interwoven,1,1,0
unnaturally_hot,1,1,0
unnaturally_high,1,0,1
unnaturally_good,1,1,0
unnaturally_funny,1,0,1
unnaturally_formal,1,1,0
unnaturally_alluring,1,1,0
unnaturally_fit,1,1,0
unnaturally_clean,1,1,0
unnaturally_cheerful,1,1,0
unnaturally_calm,1,1,0
unnaturally_broad,1,1,0
unnaturally_big,1,1,0
unnaturally_beautiful,1,0,1
unnervingly_surreal,1,1,0
unpleasantly_akin,1,0,1
unusually_charming,1,1,0
unrelentingly_pathetic,1,1,0
unspeakably_cynical,1,1,0
also_curly,1,1,0
unspeakably_creepy,1,0,1
unspeakably_cramped,1,1,0
also_cyclical,1,1,0
unspeakably_civil,1,1,0
unspeakably_boring,1,1,0
unspeakably_bored,1,1,0
also_data-driven,1,1,0
unspeakably_appealing,1,0,1
unspeakably_ancient,1,0,1
also_dear,1,1,0
unrelentingly_unfriendly,1,1,0
unrelentingly_suspenseful,1,1,0
unrelentingly_stubborn,1,1,0
unrelentingly_stark,1,1,0
unrelentingly_sad,1,1,0
unspeakably_dark,1,0,1
unspeakably_depraved,1,1,0
unspeakably_desirable,1,1,0
also_cryptic,1,1,0
also_creepy,1,1,0
unspeakably_high,1,1,0
unspeakably_heroic,1,0,1
unspeakably_heinous,1,0,1
unspeakably_harsh,1,1,0
unspeakably_happy,1,1,0
unspeakably_great,1,0,1
unspeakably_expensive,1,1,0
unspeakably_difficult,1,0,1
also_culpable,1,1,0
unspeakably_entertaining,1,1,0
unspeakably_embarrassing,1,1,0
unspeakably_eerie,1,0,1
unspeakably_dry,1,0,1
unspeakably_dreadful,1,0,1
unspeakably_dirty,1,0,1
also_debatable,1,1,0
unrelentingly_horrific,1,1,0
unspeakably_ignorant,1,1,0
also_deceptive,1,1,0
unreasonably_pushy,1,1,0
unreasonably_poor,1,1,0
unreasonably_picky,1,1,0
unreasonably_persistent,1,1,0
unreasonably_perfunctory,1,1,0
unreasonably_patient,1,1,0
unreasonably_passionate,1,1,0
unreasonably_outrageous,1,1,0
also_deficient,1,1,0
unreasonably_noisy,1,1,0
unreasonably_lucky,1,1,0
also_definite,1,1,0
unreasonably_loud,1,1,0
unreasonably_long,1,1,0
unreasonably_limited,1,1,0
unreasonably_jealous,1,1,0
also_delighted,1,1,0
unreasonably_quick,1,1,0
unreasonably_reasonable,1,1,0
unreasonably_safe,1,1,0
unrelentingly_bad,1,1,0
unrelentingly_evil,1,1,0
unrelentingly_dark,1,0,1
unrelentingly_cynical,1,1,0
unrelentingly_cute,1,0,1
unrelentingly_cruel,1,1,0
also_decisive,1,1,0
unrelentingly_bizarre,1,1,0
also_decorative,1,1,0
unreasonably_short,1,1,0
unreasonably_vindictive,1,1,0
unreasonably_upbeat,1,1,0
unreasonably_tired,1,1,0
unreasonably_substantial,1,1,0
unreasonably_small,1,1,0
unreasonably_skeptical,1,1,0
unreasonably_similar,1,1,0
unspeakably_hot,1,1,0
unspeakably_intelligent,1,0,1
unreasonably_intense,1,1,0
unusually_accessible,1,1,0
unusually_awkward,1,0,1
unusually_awful,1,0,1
unusually_aware,1,1,0
unusually_available,1,1,0
unusually_attentive,1,1,0
unusually_astute,1,1,0
unusually_assertive,1,1,0
also_core,1,1,0
also_corporate,1,1,0
unusually_annoying,1,1,0
unusually_american,1,0,1
unusually_amenable,1,1,0
unusually_amazing,1,0,1
unusually_agitated,1,1,0
also_cost-effective,1,1,0
unusually_admirable,1,1,0
unusually_adept,1,1,0
unusually_bare,1,0,1
also_controllable,1,1,0
unusually_blind,1,1,0
also_considerate,1,1,0
unusually_challenging,1,1,0
unusually_cautious,1,1,0
unusually_casual,1,1,0
unusually_careless,1,1,0
unusually_capricious,1,1,0
also_conservative,1,1,0
unusually_candid,1,1,0
also_contagious,1,1,0
also_contrary,1,1,0
unusually_bulky,1,0,1
unusually_brutal,1,1,0
unusually_brilliant,1,1,0
unusually_bright,1,0,1
unusually_brief,1,1,0
unusually_boyish,1,1,0
unusually_bold,1,0,1
unusually_active,1,1,0
unsurprisingly_unable,1,1,0
unspeakably_lousy,1,1,0
unsurprisingly_reluctant,1,1,0
unspeakably_traumatic,1,0,1
unspeakably_tragic,1,1,0
unspeakably_touching,1,1,0
unspeakably_terrifying,1,0,1
also_cozy,1,1,0
unspeakably_stupid,1,0,1
unspeakably_spirited,1,1,0
unspeakably_special,1,0,1
unspeakably_solemn,1,0,1
also_crass,1,1,0
unspeakably_scary,1,1,0
also_creamy,1,1,0
unspeakably_romantic,1,0,1
unspeakably_revolting,1,0,1
unspeakably_peaceful,1,0,1
unspeakably_painful,1,0,1
unspeakably_melancholy,1,0,1
unspeakably_twisted,1,0,1
unspeakably_understandable,1,1,0
unspeakably_unlikely,1,0,1
unsurprisingly_dominant,1,1,0
unsurprisingly_practical,1,1,0
unsurprisingly_illogical,1,1,0
unsurprisingly_full,1,1,0
unsurprisingly_expensive,1,1,0
unsurprisingly_excellent,1,1,0
unsurprisingly_ecstatic,1,1,0
also_counter-intuitive,1,1,0
unsurprisingly_critical,1,1,0
also_courageous,1,1,0
unsurprisingly_bad,1,1,0
unsurprisingly_angry,1,1,0
unsurprisingly_amenable,1,1,0
also_counterproductive,1,1,0
unspeakably_wretched,1,1,0
unspeakably_worse,1,0,1
unspeakably_weird,1,0,1
unreasonably_intractable,1,1,0
unreasonably_hot,1,1,0
unpleasantly_bad,1,1,0
unquestionably_attributable,1,0,1
unquestionably_easier,1,1,0
unquestionably_dominant,1,0,1
unquestionably_disturbing,1,1,0
unquestionably_distinct,1,1,0
unquestionably_dark,1,1,0
unquestionably_damp,1,1,0
unquestionably_curious,1,1,0
unquestionably_cruel,1,1,0
unquestionably_critical,1,1,0
unquestionably_credible,1,1,0
unquestionably_creative,1,0,1
unquestionably_consensual,1,1,0
unquestionably_complex,1,0,1
unquestionably_competent,1,1,0
unquestionably_central,1,0,1
unquestionably_better,1,1,0
unquestionably_awe,1,0,1
unquestionably_easy,1,1,0
unquestionably_exhilarating,1,0,1
unquestionably_fishy,1,1,0
unquestionably_important,1,1,0
unquestionably_malevolent,1,0,1
unquestionably_loyal,1,1,0
unquestionably_lovable,1,0,1
unquestionably_legal,1,1,0
unquestionably_jewish,1,1,0
unquestionably_indicative,1,1,0
unquestionably_impressive,1,1,0
unquestionably_ideal,1,1,0
also_do-able,1,1,0
unquestionably_human,1,0,1
unquestionably_hot,1,0,1
unquestionably_horrendous,1,1,0
unquestionably_hilarious,1,1,0
unquestionably_great,1,1,0
also_divisible,1,1,0
unquestionably_fundamental,1,1,0
unquestionably_aware,1,1,0
also_dodgy,1,1,0
unquestionably_noble,1,0,1
unpleasantly_true,1,1,0
unpleasantly_grainy,1,1,0
unpleasantly_full,1,1,0
unpleasantly_frustrated,1,1,0
also_dubious,1,1,0
unpleasantly_difficult,1,1,0
unpleasantly_crunchy,1,1,0
unpleasantly_costly,1,1,0
unpleasantly_convoluted,1,1,0
also_dull,1,1,0
unpleasantly_cocky,1,1,0
unpleasantly_close,1,0,1
unpleasantly_childlike,1,0,1
also_dumb,1,1,0
unpleasantly_chemical,1,0,1
unpleasantly_bloody,1,1,0
unpleasantly_bitter,1,1,0
unpleasantly_bellicose,1,1,0
unpleasantly_graphic,1,1,0
unpleasantly_green,1,0,1
unpleasantly_hard,1,1,0
also_drinkable,1,1,0
unpleasantly_tough,1,1,0
unpleasantly_tight,1,1,0
unpleasantly_thin,1,1,0
unpleasantly_surprising,1,1,0
also_dreadful,1,0,1
unpleasantly_sticky,1,1,0
unpleasantly_shocked,1,1,0
unpleasantly_real,1,1,0
unpleasantly_ironic,1,1,0
unpleasantly_public,1,1,0
unpleasantly_patriarchal,1,0,1
unpleasantly_overpowering,1,1,0
unpleasantly_noticeable,1,1,0
unpleasantly_negative,1,1,0
unpleasantly_misogynistic,1,1,0
unpleasantly_itchy,1,1,0
unquestionably_new,1,1,0
unquestionably_passionate,1,1,0
unreasonably_hopeful,1,1,0
unrealistically_long,1,1,0
unreasonably_awesome,1,1,0
unreasonably_arbitrary,1,0,1
also_digital,1,1,0
also_disappointing,1,1,0
unrealistically_white,1,1,0
unrealistically_virtuous,1,1,0
unrealistically_strong,1,1,0
unrealistically_sophisticated,1,1,0
unrealistically_short,1,1,0
unrealistically_quick,1,1,0
unrealistically_psychic,1,1,0
unrealistically_prodigious,1,1,0
unrealistically_preposterous,1,1,0
also_discernible,1,1,0
also_discoverable,1,1,0
unrealistically_nice,1,1,0
also_discriminatory,1,1,0
unreasonably_beholden,1,0,1
unreasonably_bossy,1,1,0
unreasonably_broad,1,1,0
unreasonably_energetic,1,1,0
also_delinquent,1,1,0
unreasonably_harsh,1,1,0
unreasonably_good,1,1,0
unreasonably_gigantic,1,0,1
unreasonably_fond,1,1,0
unreasonably_fat,1,1,0
unreasonably_fanatical,1,1,0
unreasonably_emotional,1,1,0
also_detectable,1,1,0
also_democratic,1,1,0
also_dense,1,1,0
also_desirous,1,1,0
unreasonably_dainty,1,1,0
unreasonably_critical,1,1,0
also_destructive,1,1,0
unreasonably_clever,1,1,0
unrealistically_loud,1,1,0
also_disgruntled,1,1,0
unquestionably_provocative,1,1,0
also_disgusted,1,1,0
unquestionably_trivial,1,0,1
unquestionably_tough,1,1,0
unquestionably_terrible,1,1,0
unquestionably_superior,1,0,1
unquestionably_successful,1,1,0
unquestionably_stupid,1,0,1
unquestionably_standard,1,1,0
also_disruptive,1,1,0
unquestionably_sleazy,1,1,0
unquestionably_searchable,1,1,0
also_distinct,1,1,0
unquestionably_rude,1,0,1
also_distracting,1,1,0
also_distraught,1,1,0
unquestionably_rare,1,1,0
unquestionably_racist,1,1,0
also_distressed,1,1,0
also_disposable,1,1,0
unquestionably_uncompromising,1,0,1
also_disorganized,1,1,0
unrealistically_cumbersome,1,1,0
unrealistically_grand,1,1,0
unrealistically_good,1,1,0
unrealistically_generous,1,1,0
unrealistically_expensive,1,1,0
unrealistically_enthusiastic,1,1,0
unrealistically_dogmatic,1,1,0
unrealistically_difficult,1,0,1
unrealistically_critical,1,1,0
unquestionably_unique,1,0,1
unrealistically_conservative,1,1,0
unrealistically_clumsy,1,1,0
unrealistically_clever,1,1,0
unrealistically_cheerful,1,1,0
unrealistically_charismatic,1,1,0
also_dishonest,1,1,0
unquestionably_white,1,1,0
utterly_beneficial,1,0,1
utterly_benign,1,1,0
already_related,1,1,0
almost_troubling,1,0,1
vaguely_representative,1,0,1
vaguely_reprehensible,1,0,1
almost_tolerable,1,1,0
almost_torturous,1,1,0
almost_touching,1,0,1
almost_toxic,1,1,0
vaguely_regressive,1,0,1
vaguely_red,1,0,1
almost_traditional,1,1,0
almost_trendy,1,1,0
vaguely_reasonable,1,1,0
vaguely_realistic,1,1,0
vaguely_real,1,1,0
vaguely_rational,1,1,0
almost_triple,1,1,0
vaguely_quaint,1,0,1
vaguely_prophetic,1,0,1
vaguely_resentful,1,1,0
vaguely_retro,1,0,1
vaguely_revolutionary,1,0,1
almost_theatrical,1,0,1
almost_technological,1,1,0
vaguely_significant,1,0,1
almost_terrible,1,0,1
vaguely_shocking,1,0,1
vaguely_shiny,1,1,0
vaguely_serious,1,0,1
vaguely_sentient,1,1,0
vaguely_scared,1,1,0
vaguely_rhythmic,1,0,1
vaguely_scandalous,1,0,1
almost_theoretical,1,0,1
almost_thin,1,1,0
almost_tiny,1,1,0
almost_tired,1,1,0
vaguely_robotic,1,0,1
vaguely_right,1,1,0
vaguely_promising,1,0,1
almost_truer,1,0,1
almost_tasteful,1,0,1
vaguely_problematic,1,1,0
vaguely_perplexing,1,0,1
vaguely_patronizing,1,0,1
vaguely_patriotic,1,1,0
vaguely_patriarchal,1,1,0
almost_uncontrollable,1,0,1
vaguely_passable,1,0,1
vaguely_pagan,1,0,1
almost_underground,1,1,0
almost_understandable,1,1,0
almost_undone,1,1,0
vaguely_organic,1,1,0
vaguely_omnipotent,1,1,0
almost_unexpected,1,0,1
vaguely_old-fashioned,1,0,1
vaguely_official,1,0,1
almost_unfeasible,1,0,1
vaguely_off-putting,1,0,1
almost_uncertain,1,1,0
almost_unbreakable,1,1,0
vaguely_perverted,1,0,1
vaguely_portable,1,0,1
vaguely_presumptuous,1,0,1
vaguely_presentable,1,0,1
vaguely_present,1,1,0
vaguely_predictive,1,1,0
almost_turbulent,1,0,1
vaguely_praiseworthy,1,0,1
vaguely_powerful,1,0,1
almost_tyrannical,1,1,0
almost_unassailable,1,0,1
vaguely_populist,1,0,1
vaguely_ponderous,1,0,1
vaguely_pleasurable,1,1,0
vaguely_pleasing,1,0,1
almost_un-american,1,0,1
almost_unanimous,1,1,0
vaguely_physical,1,0,1
vaguely_sinful,1,1,0
vaguely_skeptical,1,1,0
almost_unfit,1,1,0
vaguely_unfortunate,1,0,1
vaguely_visible,1,1,0
vaguely_violent,1,0,1
almost_stable,1,1,0
almost_stale,1,1,0
almost_standard,1,0,1
vaguely_usable,1,0,1
vaguely_upset,1,1,0
vaguely_uplifting,1,0,1
vaguely_untrustworthy,1,0,1
vaguely_unseemly,1,0,1
vaguely_unsavory,1,0,1
vaguely_unsatisfactory,1,1,0
vaguely_unreal,1,0,1
almost_sticky,1,1,0
vaguely_unpalatable,1,0,1
vaguely_unnerving,1,0,1
vaguely_unhealthy,1,0,1
vaguely_weird,1,0,1
vaguely_western,1,1,0
vaguely_wild,1,0,1
almost_sophisticated,1,1,0
vastly_cerebral,1,0,1
almost_smoky,1,0,1
almost_smug,1,1,0
almost_somber,1,1,0
vastly_aware,1,1,0
vastly_amusing,1,1,0
vanishingly_thin,1,1,0
almost_sore,1,1,0
vaguely_witty,1,1,0
vanishingly_low,1,1,0
vanishingly_improbable,1,1,0
vanishingly_few,1,1,0
almost_spartan,1,1,0
vaguely_worthy,1,0,1
almost_spectacular,1,1,0
vaguely_worried,1,1,0
vaguely_unhappy,1,1,0
almost_stilted,1,0,1
vaguely_slippery,1,0,1
vaguely_unethical,1,0,1
vaguely_supportive,1,0,1
vaguely_superficial,1,0,1
vaguely_suitable,1,0,1
vaguely_sugary,1,1,0
almost_tame,1,1,0
vaguely_substantial,1,0,1
vaguely_suave,1,0,1
vaguely_stressful,1,1,0
vaguely_square,1,0,1
almost_tangential,1,0,1
vaguely_spicy,1,1,0
vaguely_southern,1,1,0
vaguely_soothing,1,1,0
vaguely_socialist,1,0,1
almost_tart,1,0,1
vaguely_smart,1,0,1
vaguely_small,1,0,1
vaguely_suspect,1,1,0
vaguely_sustainable,1,1,0
vaguely_symbolic,1,0,1
almost_sufficient,1,1,0
vaguely_uneasy,1,1,0
vaguely_undemocratic,1,0,1
almost_stunning,1,0,1
vaguely_true,1,1,0
almost_subconscious,1,1,0
almost_successful,1,1,0
vaguely_transcendent,1,0,1
vaguely_traceable,1,1,0
vaguely_sympathetic,1,0,1
vaguely_totalitarian,1,0,1
vaguely_titillating,1,0,1
almost_suggestive,1,0,1
vaguely_therapeutic,1,0,1
almost_sultry,1,0,1
vaguely_tangible,1,0,1
vaguely_tangential,1,0,1
vaguely_odd,1,0,1
vaguely_oblivious,1,1,0
vastly_complicated,1,1,0
vaguely_dissatisfied,1,1,0
vaguely_ethereal,1,0,1
vaguely_erotic,1,1,0
vaguely_equivalent,1,0,1
vaguely_enticing,1,0,1
almost_wholesome,1,0,1
vaguely_enlightened,1,1,0
almost_worried,1,1,0
vaguely_engaging,1,0,1
vaguely_endearing,1,0,1
vaguely_empty,1,1,0
almost_worrisome,1,0,1
vaguely_elemental,1,0,1
vaguely_electronic,1,0,1
almost_worst,1,1,0
vaguely_eastern,1,0,1
vaguely_earthy,1,0,1
almost_young,1,1,0
vaguely_european,1,0,1
vaguely_evil,1,1,0
vaguely_evocative,1,0,1
vaguely_fishy,1,1,0
vaguely_forgivable,1,1,0
vaguely_foolish,1,0,1
vaguely_floral,1,0,1
vaguely_flirtatious,1,0,1
vaguely_flexible,1,0,1
vaguely_flattering,1,0,1
vaguely_flaky,1,0,1
vaguely_figurative,1,0,1
almost_wet,1,1,0
vaguely_fashionable,1,0,1
vaguely_fascinating,1,0,1
vaguely_farcical,1,0,1
vaguely_fancy,1,1,0
vaguely_famous,1,0,1
almost_weary,1,1,0
vaguely_existential,1,0,1
alone_accountable,1,1,0
alone_comforting,1,1,0
vaguely_french,1,0,1
vaguely_dismissive,1,1,0
alone_great,1,1,0
vaguely_criminal,1,1,0
vaguely_credible,1,0,1
vaguely_cosmic,1,0,1
vaguely_cool,1,0,1
vaguely_contradictory,1,1,0
vaguely_contemptuous,1,1,0
alone_hard,1,1,0
alone_less,1,0,1
alone_lonely,1,1,0
vaguely_confused,1,1,0
vaguely_conditional,1,1,0
vaguely_condescending,1,0,1
alone_nationwide,1,1,0
vaguely_comprehensible,1,0,1
vaguely_complimentary,1,1,0
vaguely_complete,1,0,1
vaguely_curious,1,1,0
alone_enough,1,1,0
vaguely_decadent,1,1,0
vaguely_despicable,1,0,1
vaguely_disingenuous,1,0,1
vaguely_disgusting,1,1,0
vaguely_disgusted,1,1,0
alone_crazy,1,1,0
alone_culpable,1,1,0
vaguely_detectable,1,1,0
vaguely_despondent,1,1,0
vaguely_desperate,1,0,1
vaguely_decent,1,0,1
vaguely_derivative,1,0,1
alone_effective,1,1,0
vaguely_depressed,1,1,0
vaguely_dependable,1,1,0
vaguely_democratic,1,1,0
vaguely_degrading,1,0,1
vaguely_decorative,1,0,1
vaguely_fraudulent,1,0,1
vaguely_friendly,1,1,0
vaguely_noticeable,1,1,0
almost_unsettling,1,0,1
vaguely_melancholy,1,0,1
vaguely_meh,1,1,0
almost_unreachable,1,1,0
vaguely_medical,1,0,1
vaguely_mechanical,1,0,1
vaguely_meaty,1,0,1
vaguely_malty,1,0,1
vaguely_malleable,1,0,1
vaguely_magic,1,1,0
vaguely_lucid,1,1,0
vaguely_loud,1,0,1
almost_unscathed,1,1,0
vaguely_listenable,1,0,1
vaguely_liberal,1,1,0
vaguely_left-wing,1,0,1
vaguely_latin,1,0,1
vaguely_knowledgeable,1,1,0
almost_unprotected,1,1,0
vaguely_metaphorical,1,0,1
almost_unplanned,1,1,0
almost_unmarked,1,1,0
vaguely_notable,1,0,1
vaguely_non,1,1,0
vaguely_noble,1,0,1
vaguely_nicer,1,1,0
almost_unimportant,1,1,0
vaguely_new,1,1,0
almost_uninhabitable,1,1,0
vaguely_natural,1,0,1
almost_unparalleled,1,1,0
almost_unmoved,1,0,1
vaguely_mythic,1,0,1
almost_unnerving,1,0,1
vaguely_muslim,1,1,0
vaguely_missing,1,0,1
vaguely_mischievous,1,0,1
vaguely_mindful,1,0,1
vaguely_kinky,1,1,0
vaguely_intriguing,1,1,0
vaguely_frightened,1,1,0
almost_unskilled,1,1,0
vaguely_idealistic,1,0,1
vaguely_icky,1,0,1
almost_valiant,1,0,1
vaguely_humanitarian,1,1,0
almost_vegan,1,1,0
almost_vegetarian,1,1,0
vaguely_horrifying,1,0,1
vaguely_horrified,1,1,0
vaguely_homophobic,1,1,0
vaguely_historical,1,1,0
almost_victorian,1,0,1
vaguely_heartwarming,1,0,1
almost_vigilant,1,1,0
vaguely_green,1,0,1
vaguely_general,1,1,0
almost_vintage,1,0,1
vaguely_frustrating,1,0,1
vaguely_identifiable,1,1,0
almost_vague,1,0,1
vaguely_imminent,1,1,0
vaguely_inoffensive,1,0,1
almost_unspoken,1,0,1
almost_unwarranted,1,1,0
almost_unworthy,1,1,0
vaguely_insulting,1,0,1
vaguely_inspirational,1,0,1
almost_utopian,1,0,1
vaguely_inquisitive,1,1,0
vaguely_indistinguishable,1,1,0
vaguely_important,1,1,0
almost_vacant,1,1,0
vaguely_incorrect,1,0,1
vaguely_incongruous,1,0,1
vaguely_incoherent,1,0,1
vaguely_inappropriate,1,0,1
vaguely_improbable,1,0,1
vaguely_impressed,1,1,0
almost_small,1,1,0
vastly_constructive,1,1,0
vaguely_comparable,1,0,1
very_angled,1,1,0
almost_nauseating,1,0,1
almost_nervous,1,1,0
very_apolitical,1,1,0
very_apocryphal,1,1,0
very_apocalyptic,1,1,0
almost_nightmarish,1,0,1
very_antsy,1,1,0
almost_notorious,1,1,0
very_antisocial,1,1,0
very_anti-social,1,1,0
very_anti-semitic,1,1,0
very_anti-israel,1,1,0
very_anti-democratic,1,1,0
very_antagonistic,1,1,0
almost_obligatory,1,0,1
almost_oblivious,1,1,0
almost_obnoxious,1,0,1
almost_mystifying,1,0,1
almost_muslim,1,1,0
almost_mournful,1,1,0
almost_metaphysical,1,0,1
very_asleep,1,1,0
very_askew,1,1,0
almost_medical,1,0,1
almost_medicinal,1,0,1
almost_memorable,1,0,1
almost_merciful,1,0,1
very_arresting,1,1,0
very_arid,1,1,0
almost_mountainous,1,1,0
almost_mind-boggling,1,1,0
almost_mindless,1,0,1
very_ardent,1,1,0
almost_minimalist,1,1,0
almost_momentous,1,0,1
almost_monumental,1,0,1
almost_moot,1,1,0
almost_offended,1,1,0
very_anecdotal,1,1,0
almost_maternal,1,0,1
almost_official,1,1,0
almost_pagan,1,0,1
almost_painless,1,1,0
almost_painstaking,1,1,0
almost_palatable,1,0,1
almost_paranoid,1,1,0
almost_passable,1,0,1
almost_passionate,1,1,0
almost_passive,1,1,0
almost_pastoral,1,0,1
very_agricultural,1,1,0
almost_platonic,1,0,1
very_agonizing,1,1,0
almost_playful,1,0,1
almost_possessive,1,0,1
almost_practical,1,1,0
almost_praiseworthy,1,0,1
almost_prescient,1,1,0
almost_overwhelmed,1,1,0
almost_overpowering,1,1,0
almost_overgrown,1,1,0
almost_ominous,1,1,0
almost_oily,1,1,0
almost_old-fashioned,1,0,1
very_anachronistic,1,1,0
almost_older,1,1,0
very_ample,1,1,0
very_amorphous,1,1,0
very_amoral,1,1,0
almost_omnipotent,1,1,0
almost_overcrowded,1,1,0
almost_omnipresent,1,1,0
almost_only,1,1,0
almost_open,1,1,0
almost_optimal,1,1,0
almost_over,1,0,1
almost_overbearing,1,0,1
almost_overcome,1,1,0
almost_matte,1,1,0
very_astonishing,1,1,0
very_affected,1,1,0
almost_insubstantial,1,0,1
very_bigoted,1,1,0
very_biggest,1,1,0
almost_improbable,1,0,1
almost_inappropriate,1,1,0
almost_incapable,1,1,0
very_bewildered,1,1,0
almost_incoherent,1,0,1
very_bespoke,1,1,0
almost_indestructible,1,1,0
almost_individual,1,0,1
almost_infinite,1,1,0
almost_inhumane,1,1,0
almost_innate,1,0,1
very_beholden,1,1,0
almost_insane,1,1,0
almost_insecure,1,1,0
almost_inspirational,1,0,1
almost_impregnable,1,1,0
very_bisexual,1,1,0
almost_important,1,0,1
almost_hyperactive,1,1,0
almost_homogeneous,1,1,0
almost_honest,1,1,0
almost_honorable,1,1,0
almost_hopeless,1,1,0
almost_humane,1,0,1
almost_humanistic,1,1,0
almost_hurtful,1,1,0
almost_hypothetical,1,0,1
almost_impervious,1,1,0
very_bloodthirsty,1,1,0
very_bloodless,1,0,1
almost_ideal,1,1,0
almost_illegitimate,1,0,1
almost_immobile,1,1,0
almost_immortal,1,0,1
almost_immutable,1,1,0
almost_instinctive,1,1,0
very_bashful,1,1,0
almost_mandatory,1,1,0
very_baroque,1,1,0
very_autistic,1,1,0
almost_lifelike,1,1,0
almost_like,1,1,0
almost_limitless,1,1,0
almost_local,1,1,0
almost_lovely,1,1,0
very_audacious,1,0,1
almost_loving,1,1,0
almost_lurid,1,1,0
almost_luxurious,1,0,1
almost_macabre,1,0,1
almost_macho,1,0,1
very_atrocious,1,1,0
almost_mad,1,1,0
almost_magic,1,0,1
almost_majestic,1,0,1
almost_male,1,1,0
almost_libertarian,1,1,0
very_autocratic,1,1,0
almost_lethal,1,1,0
almost_invulnerable,1,1,0
almost_insufferable,1,1,0
almost_insurmountable,1,1,0
almost_integral,1,0,1
almost_intentional,1,1,0
very_baggy,1,1,0
almost_intrinsic,1,1,0
almost_invaluable,1,0,1
almost_irreverent,1,0,1
almost_lengthy,1,1,0
almost_irritating,1,0,1
almost_jealous,1,0,1
very_avoidable,1,1,0
almost_jolly,1,1,0
almost_joyful,1,1,0
almost_juvenile,1,0,1
almost_large,1,1,0
very_affecting,1,1,0
almost_prescriptive,1,0,1
vastly_contrasting,1,1,0
vastly_non-traditional,1,0,1
vastly_richer,1,1,0
vastly_refreshing,1,0,1
vastly_refined,1,1,0
vastly_preventable,1,1,0
vastly_premature,1,1,0
almost_second,1,1,0
vastly_poorer,1,1,0
vastly_pleased,1,1,0
vastly_overweight,1,1,0
vastly_oversold,1,1,0
almost_secretive,1,0,1
almost_self-destructive,1,0,1
almost_sensual,1,0,1
almost_sentient,1,0,1
vastly_outdated,1,1,0
vastly_ornate,1,1,0
almost_sentimental,1,0,1
vastly_rural,1,1,0
vastly_sad,1,0,1
almost_seamless,1,1,0
vastly_tiring,1,0,1
vastly_underwhelming,1,1,0
vastly_underrepresented,1,1,0
almost_satisfying,1,0,1
vastly_underfunded,1,1,0
vastly_unaware,1,1,0
vastly_unappealing,1,1,0
vastly_tougher,1,0,1
almost_savage,1,0,1
almost_scientific,1,0,1
vastly_symbolic,1,1,0
almost_scandalous,1,0,1
almost_scared,1,0,1
vastly_stricter,1,1,0
vastly_smoother,1,1,0
almost_schizophrenic,1,1,0
vastly_smaller,1,1,0
vastly_obscure,1,0,1
vastly_negative,1,1,0
almost_sarcastic,1,1,0
vastly_mysterious,1,0,1
almost_shocked,1,1,0
vastly_happier,1,1,0
almost_shrill,1,1,0
vastly_funny,1,1,0
vastly_fatigued,1,1,0
vastly_fantastical,1,0,1
vastly_expansive,1,1,0
vastly_exciting,1,1,0
almost_significant,1,1,0
vastly_divergent,1,1,0
vastly_distinct,1,1,0
vastly_dissimilar,1,1,0
vastly_disproportionate,1,1,0
vastly_disparate,1,0,1
almost_simplistic,1,1,0
vastly_democratic,1,0,1
almost_sincere,1,1,0
vastly_harsher,1,1,0
vastly_heroic,1,0,1
vastly_humbling,1,0,1
almost_shameless,1,1,0
almost_sexual,1,1,0
vastly_large,1,1,0
vastly_intriguing,1,1,0
vastly_intimate,1,0,1
vastly_interesting,1,1,0
vastly_interested,1,1,0
vastly_insufficient,1,1,0
vastly_independent,1,1,0
almost_sheer,1,1,0
vastly_incorrect,1,1,0
vastly_inconvenient,1,1,0
vastly_incomplete,1,1,0
vastly_inappropriate,1,1,0
vastly_inaccurate,1,1,0
vastly_impressive,1,0,1
almost_sharp,1,1,0
vastly_uninformed,1,1,0
vastly_unoriginal,1,0,1
almost_prideful,1,0,1
almost_robotic,1,1,0
almost_realistic,1,0,1
almost_reasonable,1,1,0
almost_rebellious,1,0,1
almost_recognizable,1,0,1
almost_red,1,1,0
very_accomplished,1,1,0
almost_reflective,1,1,0
almost_regal,1,0,1
almost_related,1,1,0
almost_relentless,1,1,0
almost_republican,1,1,0
almost_restorative,1,0,1
almost_retrograde,1,0,1
almost_revered,1,0,1
very_absolute,1,1,0
almost_rhetorical,1,1,0
almost_rich,1,1,0
almost_raw,1,1,0
very_acquainted,1,1,0
almost_ragged,1,0,1
very_additional,1,1,0
almost_private,1,0,1
almost_profane,1,1,0
almost_professional,1,1,0
almost_protective,1,0,1
almost_proud,1,1,0
almost_provocative,1,0,1
very_adequate,1,1,0
almost_purple,1,1,0
very_actionable,1,0,1
almost_pushy,1,0,1
very_adaptive,1,1,0
almost_quantifiable,1,0,1
almost_quixotic,1,1,0
almost_racist,1,0,1
very_actual,1,1,0
almost_radical,1,0,1
almost_risk-free,1,1,0
verbally_vicious,1,1,0
almost_sappy,1,0,1
verbally_uncooperative,1,1,0
verbally_complex,1,0,1
verbally_communicative,1,1,0
almost_ruthless,1,0,1
verbally_clumsy,1,1,0
verbally_challenging,1,1,0
verbally_brutal,1,1,0
verbally_articulate,1,1,0
verbally_antagonistic,1,1,0
verbally_ambiguous,1,1,0
almost_sacrosanct,1,0,1
verbally_advanced,1,1,0
almost_sadistic,1,0,1
almost_salty,1,0,1
verbally_abused,1,1,0
almost_sandy,1,1,0
almost_sanitary,1,0,1
vastly_wealthy,1,1,0
verbally_consensual,1,1,0
verbally_critical,1,1,0
verbally_cruel,1,1,0
verbally_identical,1,1,0
verbally_toxic,1,1,0
verbally_responsive,1,1,0
verbally_present,1,1,0
verbally_monstrous,1,0,1
verbally_incompetent,1,1,0
verbally_incoherent,1,1,0
verbally_identifiable,1,1,0
verbally_hostile,1,1,0
verbally_damaging,1,1,0
verbally_fluent,1,1,0
verbally_fine,1,0,1
almost_round,1,1,0
almost_rugged,1,0,1
verbally_engaging,1,1,0
verbally_disruptive,1,1,0
almost_runny,1,1,0
vaguely_compelling,1,0,1
alone_physical,1,1,0
utterly_bewildering,1,1,0
utterly_helpless,1,1,0
already_imminent,1,1,0
utterly_identifiable,1,1,0
utterly_identical,1,1,0
utterly_hysterical,1,0,1
utterly_hypnotic,1,1,0
utterly_humorous,1,1,0
utterly_humiliating,1,0,1
already_immortal,1,1,0
utterly_huge,1,0,1
utterly_hostile,1,1,0
already_impassable,1,1,0
utterly_horrified,1,1,0
already_impatient,1,1,0
already_imperfect,1,1,0
already_impotent,1,1,0
utterly_honest,1,1,0
already_impoverished,1,1,0
already_ideological,1,1,0
already_iconic,1,1,0
utterly_immaterial,1,1,0
utterly_inadequate,1,1,0
already_heartbroken,1,1,0
utterly_incomplete,1,1,0
already_hollow,1,1,0
utterly_incoherent,1,1,0
already_holy,1,1,0
utterly_inappropriate,1,1,0
already_homesick,1,1,0
utterly_impractical,1,1,0
already_hypocritical,1,1,0
already_horizontal,1,1,0
already_hotter,1,1,0
already_hybrid,1,1,0
utterly_imperceptible,1,1,0
utterly_impenetrable,1,1,0
utterly_impeccable,1,1,0
utterly_immune,1,0,1
utterly_heroic,1,1,0
utterly_heinous,1,0,1
already_harder,1,1,0
utterly_heartwarming,1,0,1
utterly_genuine,1,1,0
utterly_generic,1,1,0
already_inebriated,1,1,0
already_ineligible,1,1,0
already_inescapable,1,1,0
already_inexcusable,1,1,0
utterly_frustrated,1,1,0
already_insufficient,1,1,0
utterly_frail,1,1,0
utterly_fragile,1,1,0
utterly_foundational,1,0,1
utterly_foul,1,0,1
utterly_forlorn,1,0,1
already_integral,1,1,0
already_internal,1,0,1
utterly_flawless,1,1,0
utterly_flabbergasted,1,1,0
utterly_german,1,0,1
utterly_germane,1,0,1
utterly_giddy,1,1,0
utterly_hapless,1,0,1
utterly_heartfelt,1,0,1
utterly_heartbroken,1,1,0
already_inactive,1,1,0
utterly_hateful,1,0,1
utterly_harmless,1,1,0
utterly_harmful,1,1,0
utterly_happy,1,1,0
utterly_guilty,1,1,0
utterly_gleeful,1,1,0
already_inclusive,1,1,0
already_incoherent,1,1,0
utterly_gratifying,1,0,1
utterly_grateful,1,1,0
already_independent,1,1,0
utterly_good,1,1,0
utterly_glorious,1,1,0
utterly_incongruous,1,0,1
utterly_incredible,1,1,0
utterly_fine,1,1,0
utterly_jewish,1,0,1
already_fast,1,1,0
utterly_loyal,1,0,1
utterly_loving,1,0,1
utterly_lovely,1,1,0
utterly_logical,1,0,1
utterly_likely,1,0,1
utterly_light,1,1,0
utterly_lifelike,1,1,0
utterly_life-changing,1,1,0
utterly_liberating,1,0,1
utterly_legal,1,1,0
utterly_lazy,1,1,0
utterly_laughable,1,1,0
utterly_laudable,1,1,0
already_fatigued,1,1,0
utterly_kinky,1,0,1
utterly_kind,1,0,1
utterly_luxurious,1,0,1
already_fantastical,1,0,1
utterly_maddening,1,1,0
already_faint,1,1,0
already_explosive,1,0,1
utterly_minor,1,0,1
utterly_miniscule,1,1,0
utterly_minimal,1,0,1
already_extant,1,1,0
utterly_mesmerizing,1,0,1
already_extraordinary,1,1,0
already_fair,1,1,0
already_fantastic,1,1,0
utterly_masterful,1,1,0
utterly_masculine,1,0,1
utterly_marvelous,1,1,0
utterly_marginal,1,1,0
utterly_manly,1,0,1
utterly_manic,1,1,0
already_false,1,1,0
utterly_joyous,1,1,0
already_fatter,1,1,0
already_handy,1,1,0
utterly_jam-packed,1,1,0
utterly_insulting,1,0,1
utterly_insufficient,1,1,0
already_fragmented,1,1,0
utterly_insipid,1,1,0
already_fragrant,1,1,0
utterly_insidious,1,0,1
already_french,1,1,0
already_frightened,1,1,0
already_frustrated,1,1,0
already_fuel-efficient,1,1,0
already_glad,1,1,0
already_gloomy,1,1,0
already_gluten-free,1,1,0
already_grim,1,1,0
already_groggy,1,1,0
utterly_independent,1,0,1
utterly_indelible,1,0,1
utterly_integral,1,1,0
utterly_intense,1,1,0
utterly_intentional,1,1,0
utterly_invisible,1,1,0
already_filthy,1,1,0
utterly_irresponsible,1,1,0
already_final,1,1,0
already_fit,1,1,0
already_flat,1,1,0
already_flawed,1,1,0
utterly_irrational,1,1,0
utterly_invaluable,1,1,0
utterly_interactive,1,1,0
already_fond,1,1,0
utterly_intrigued,1,1,0
already_foreign,1,1,0
already_foul,1,1,0
utterly_intimate,1,0,1
utterly_international,1,1,0
utterly_interchangeable,1,1,0
already_invincible,1,1,0
already_irate,1,1,0
utterly_missing,1,0,1
already_pleased,1,1,0
utterly_damning,1,1,0
utterly_daft,1,0,1
utterly_cynical,1,1,0
utterly_current,1,0,1
utterly_curious,1,1,0
already_partisan,1,1,0
already_passe,1,1,0
utterly_critical,1,1,0
utterly_criminal,1,0,1
utterly_creepy,1,0,1
utterly_creative,1,0,1
already_permanent,1,1,0
utterly_crass,1,0,1
utterly_crappy,1,1,0
utterly_courteous,1,1,0
utterly_counterintuitive,1,1,0
already_playable,1,1,0
already_partial,1,1,0
utterly_dangerous,1,0,1
already_paranoid,1,0,1
utterly_delicate,1,0,1
utterly_depressed,1,1,0
already_outspoken,1,1,0
utterly_demeaning,1,1,0
already_outstanding,1,1,0
already_over,1,1,0
utterly_delighted,1,1,0
already_pale,1,1,0
utterly_dejected,1,1,0
utterly_dear,1,1,0
utterly_defunct,1,1,0
utterly_decrepit,1,1,0
utterly_decisive,1,0,1
utterly_decent,1,1,0
utterly_deceitful,1,1,0
utterly_decadent,1,0,1
utterly_debilitating,1,1,0
utterly_correct,1,1,0
already_poisonous,1,1,0
utterly_derogatory,1,1,0
utterly_contrasting,1,0,1
utterly_certain,1,1,0
utterly_catastrophic,1,1,0
utterly_careful,1,1,0
already_quiet,1,1,0
utterly_campy,1,0,1
utterly_callous,1,1,0
already_racist,1,1,0
already_rare,1,0,1
utterly_brief,1,1,0
already_rarer,1,1,0
already_raw,1,1,0
utterly_bonkers,1,0,1
utterly_bold,1,0,1
already_receptive,1,1,0
utterly_blissful,1,1,0
already_red,1,1,0
utterly_blameless,1,1,0
already_questionable,1,1,0
already_punishable,1,1,0
already_psychic,1,1,0
already_pro,1,1,0
already_practical,1,1,0
utterly_contentious,1,0,1
already_precarious,1,1,0
already_prepared,1,0,1
utterly_consuming,1,1,0
utterly_consensual,1,1,0
already_privy,1,1,0
already_professional,1,1,0
already_proud,1,1,0
already_progressive,1,1,0
utterly_commonplace,1,1,0
already_prominent,1,0,1
utterly_cold,1,1,0
utterly_close,1,1,0
utterly_cliche,1,0,1
utterly_clever,1,1,0
already_organic,1,1,0
already_optimistic,1,1,0
already_irreversible,1,1,0
utterly_dumb,1,0,1
already_lucky,1,1,0
utterly_enjoyable,1,1,0
already_male-dominated,1,1,0
utterly_english,1,1,0
already_mandatory,1,1,0
already_manifest,1,1,0
already_many,1,1,0
utterly_emotional,1,1,0
already_marvellous,1,0,1
utterly_embarrassed,1,1,0
already_massive,1,1,0
already_meaningful,1,0,1
utterly_electric,1,0,1
utterly_effortless,1,1,0
utterly_effective,1,1,0
already_measurable,1,1,0
utterly_easy,1,1,0
utterly_ephemeral,1,1,0
already_loyal,1,1,0
utterly_exceptional,1,0,1
already_islamic,1,1,0
utterly_fictitious,1,0,1
utterly_feminist,1,1,0
utterly_feminine,1,1,0
utterly_female,1,0,1
utterly_fearful,1,1,0
utterly_faulty,1,1,0
already_irritated,1,1,0
already_israeli,1,1,0
utterly_excited,1,1,0
utterly_faithful,1,1,0
utterly_facile,1,1,0
already_lean,1,0,1
utterly_extinct,1,1,0
utterly_exquisite,1,1,0
utterly_expendable,1,1,0
utterly_exciting,1,0,1
utterly_dumbfounded,1,1,0
utterly_dull,1,1,0
already_oppressive,1,1,0
utterly_drunk,1,1,0
already_multicultural,1,1,0
already_multiple,1,1,0
utterly_discouraging,1,0,1
already_mythic,1,1,0
already_narrow,1,1,0
already_native,1,1,0
already_neat,1,1,0
utterly_disagreeable,1,1,0
already_necessary,1,1,0
utterly_dim,1,1,0
utterly_dignified,1,1,0
already_negative,1,1,0
utterly_diabolical,1,0,1
already_nice,1,0,1
already_numb,1,1,0
utterly_detached,1,1,0
already_onboard,1,1,0
already_motivated,1,1,0
already_moot,1,1,0
utterly_disoriented,1,1,0
utterly_distressing,1,1,0
utterly_drinkable,1,0,1
already_messy,1,1,0
utterly_drastic,1,0,1
utterly_dominate,1,1,0
utterly_dominant,1,1,0
utterly_dogmatic,1,1,0
already_military,1,1,0
utterly_distracting,1,1,0
utterly_disorienting,1,1,0
already_mobile,1,1,0
utterly_distinct,1,0,1
already_modern,1,1,0
utterly_dissimilar,1,1,0
utterly_disrespectful,1,0,1
utterly_disproportionate,1,1,0
utterly_disposable,1,0,1
already_explicit,1,1,0
utterly_misunderstood,1,1,0
alone_pregnant,1,1,0
utterly_uninspiring,1,1,0
utterly_unqualified,1,1,0
utterly_unproductive,1,0,1
alot_ok,1,1,0
utterly_unprepared,1,1,0
alot_shorter,1,0,1
alot_smaller,1,0,1
utterly_unpleasant,1,0,1
alot_smarter,1,1,0
utterly_unpalatable,1,1,0
alot_trickier,1,1,0
alot_younger,1,1,0
utterly_unmistakable,1,1,0
utterly_unlikely,1,1,0
already_abstract,1,0,1
utterly_unjust,1,1,0
already_absurd,1,1,0
already_abusive,1,1,0
alot_lower,1,1,0
alot_higher,1,1,0
alot_harder,1,0,1
utterly_unsurprising,1,0,1
utterly_unusable,1,1,0
utterly_untrue,1,1,0
utterly_untouched,1,1,0
utterly_untouchable,1,0,1
alot_cooler,1,1,0
utterly_untested,1,0,1
utterly_unsustainable,1,1,0
utterly_unsure,1,1,0
alot_happier,1,1,0
utterly_unsuitable,1,0,1
alot_crazy,1,1,0
utterly_unsubstantiated,1,1,0
utterly_unsettling,1,0,1
utterly_unsatisfied,1,1,0
utterly_unruly,1,0,1
utterly_unremarkable,1,0,1
utterly_uninterested,1,1,0
utterly_unimpressive,1,0,1
alot_bigger,1,1,0
already_achievable,1,1,0
utterly_uncomplicated,1,1,0
utterly_uncharacteristic,1,0,1
utterly_uncalled,1,1,0
already_amazing,1,1,0
already_ambivalent,1,0,1
utterly_unavailable,1,1,0
utterly_unattainable,1,0,1
utterly_unapologetic,1,1,0
utterly_unaccountable,1,0,1
already_annoying,1,1,0
utterly_un-american,1,0,1
utterly_truthful,1,1,0
already_anti-semitic,1,1,0
already_anti-social,1,1,0
utterly_triumphant,1,0,1
utterly_trite,1,1,0
utterly_tremendous,1,1,0
already_alien,1,0,1
utterly_unconnected,1,0,1
utterly_unconstitutional,1,1,0
already_afoot,1,0,1
already_admissible,1,1,0
utterly_unhinged,1,1,0
utterly_unheard,1,0,1
utterly_unfounded,1,1,0
already_affluent,1,1,0
utterly_unforeseen,1,0,1
already_affordable,1,1,0
already_aghast,1,1,0
already_agricultural,1,1,0
utterly_unenforceable,1,1,0
utterly_undeserved,1,1,0
utterly_underwhelming,1,1,0
already_agreeable,1,1,0
utterly_undeniable,1,1,0
utterly_uncool,1,1,0
utterly_unconvincing,1,0,1
utterly_unwatchable,1,1,0
along_welcome,1,0,1
utterly_transient,1,1,0
vaguely_angry,1,1,0
vaguely_biological,1,1,0
vaguely_big,1,0,1
vaguely_biblical,1,1,0
vaguely_better,1,1,0
along_accessible,1,1,0
vaguely_autobiographical,1,1,0
vaguely_autistic,1,0,1
vaguely_audacious,1,0,1
along_active,1,1,0
vaguely_asian,1,1,0
along_apprehensive,1,1,0
along_averse,1,1,0
vaguely_arousing,1,1,0
along_deep,1,1,0
vaguely_apologetic,1,0,1
vaguely_anxious,1,1,0
along_delighted,1,1,0
along_able,1,1,0
vaguely_bohemian,1,1,0
vaguely_buddhist,1,0,1
alone_true,1,1,0
vaguely_comfortable,1,0,1
vaguely_cold,1,0,1
alone_quiet,1,1,0
alone_satisfying,1,1,0
vaguely_clear,1,1,0
vaguely_classical,1,0,1
vaguely_circumstantial,1,1,0
vaguely_chronological,1,1,0
alone_worthy,1,1,0
alone_unable,1,1,0
vaguely_chinese,1,1,0
vaguely_childlike,1,1,0
alone_upfront,1,1,0
alone_wide,1,1,0
vaguely_charming,1,1,0
alone_worth,1,1,0
vaguely_annoyed,1,0,1
vaguely_androgynous,1,0,1
utterly_utopian,1,1,0
vaguely_analogous,1,0,1
utterly_wretched,1,0,1
along_joint,1,1,0
utterly_worth,1,1,0
along_many,1,1,0
along_ok,1,1,0
along_old,1,0,1
utterly_wholesome,1,0,1
along_open,1,1,0
utterly_wealthy,1,1,0
utterly_warm,1,0,1
utterly_vulnerable,1,0,1
utterly_vulgar,1,1,0
utterly_vital,1,1,0
along_ready,1,1,0
along_strong,1,1,0
along_untrue,1,1,0
utterly_vague,1,0,1
along_insincere,1,1,0
vaguely_absurd,1,0,1
along_improbable,1,1,0
along_high,1,1,0
along_easier,1,1,0
vaguely_amiss,1,1,0
vaguely_amenable,1,0,1
vaguely_alluring,1,0,1
vaguely_alien,1,0,1
vaguely_alcoholic,1,1,0
vaguely_alarming,1,1,0
vaguely_agricultural,1,0,1
vaguely_accessible,1,0,1
vaguely_aggressive,1,0,1
vaguely_aggravating,1,0,1
vaguely_african,1,1,0
vaguely_admirable,1,0,1
vaguely_active,1,0,1
vaguely_accustomed,1,1,0
along_hopeful,1,1,0
already_appealing,1,1,0
utterly_transformative,1,0,1
utterly_modern,1,0,1
already_disadvantaged,1,1,0
utterly_precise,1,0,1
already_desperate,1,1,0
already_destitute,1,1,0
utterly_poetic,1,0,1
utterly_pleasing,1,1,0
utterly_pleasant,1,0,1
already_detectable,1,1,0
utterly_platonic,1,1,0
utterly_plastic,1,1,0
utterly_pertinent,1,1,0
utterly_persuasive,1,0,1
already_devoid,1,1,0
utterly_perplexing,1,0,1
utterly_perplexed,1,1,0
already_digital,1,1,0
utterly_peculiar,1,0,1
utterly_passive,1,1,0
utterly_primary,1,0,1
utterly_primitive,1,0,1
utterly_private,1,1,0
utterly_puzzling,1,1,0
already_dear,1,0,1
utterly_readable,1,1,0
utterly_raw,1,0,1
utterly_rational,1,0,1
already_decrepit,1,1,0
already_definitive,1,0,1
already_delinquent,1,1,0
utterly_pure,1,0,1
utterly_proactive,1,0,1
utterly_psychedelic,1,0,1
utterly_proud,1,1,0
already_demented,1,1,0
already_dense,1,1,0
utterly_productive,1,1,0
utterly_problematic,1,0,1
utterly_probable,1,1,0
utterly_overwhelming,1,1,0
already_discoverable,1,1,0
utterly_reckless,1,1,0
utterly_organic,1,1,0
already_early,1,1,0
utterly_nerve-wracking,1,1,0
utterly_negligent,1,1,0
already_easy,1,1,0
already_economic,1,1,0
utterly_nebulous,1,1,0
already_edgy,1,1,0
already_elite,1,1,0
utterly_mystifying,1,1,0
utterly_mysterious,1,0,1
already_emotional,1,1,0
already_excessive,1,1,0
utterly_motivated,1,1,0
utterly_morose,1,0,1
already_expert,1,1,0
utterly_monstrous,1,0,1
utterly_momentous,1,0,1
utterly_nondescript,1,1,0
utterly_nonsense,1,1,0
already_dysfunctional,1,1,0
utterly_odd,1,0,1
already_disenchanted,1,1,0
utterly_optimistic,1,0,1
utterly_oppressive,1,0,1
utterly_opposite,1,0,1
utterly_opaque,1,0,1
utterly_one-sided,1,1,0
already_distinct,1,1,0
already_doable,1,1,0
utterly_nonstop,1,1,0
already_dominate,1,1,0
already_double,1,1,0
already_downloadable,1,1,0
utterly_obscene,1,0,1
utterly_obnoxious,1,1,0
already_drinkable,1,1,0
already_dusty,1,1,0
utterly_realistic,1,1,0
already_deaf,1,1,0
already_archaic,1,1,0
already_closer,1,1,0
utterly_sterile,1,1,0
utterly_static,1,1,0
utterly_startling,1,1,0
utterly_staggering,1,0,1
utterly_stable,1,0,1
utterly_spurious,1,1,0
utterly_spontaneous,1,1,0
already_calm,1,1,0
already_catholic,1,1,0
already_cautious,1,1,0
utterly_solid,1,0,1
utterly_smooth,1,0,1
utterly_smitten,1,1,0
utterly_skeptical,1,1,0
utterly_singular,1,1,0
already_challenging,1,1,0
utterly_simplistic,1,1,0
utterly_stimulating,1,0,1
already_bountiful,1,1,0
already_blurred,1,1,0
utterly_tedious,1,1,0
already_armed,1,1,0
utterly_toothless,1,1,0
already_articulate,1,1,0
already_ashamed,1,1,0
utterly_theatrical,1,1,0
already_awesome,1,0,1
already_bald,1,1,0
utterly_tasteful,1,0,1
already_bitter,1,1,0
utterly_taboo,1,1,0
utterly_symptomatic,1,0,1
already_bent,1,1,0
already_bigger,1,1,0
utterly_superficial,1,1,0
utterly_superb,1,1,0
utterly_subversive,1,1,0
already_cheaper,1,1,0
already_collaborative,1,1,0
utterly_refreshing,1,1,0
already_committed,1,0,1
already_creative,1,1,0
utterly_right,1,1,0
already_criminal,1,1,0
utterly_revolutionary,1,0,1
already_crucial,1,1,0
utterly_retarded,1,0,1
already_current,1,1,0
already_custom,1,1,0
already_customary,1,1,0
already_cynical,1,0,1
utterly_reliant,1,1,0
already_damned,1,1,0
utterly_relevant,1,1,0
already_damp,1,1,0
utterly_related,1,1,0
utterly_relatable,1,0,1
utterly_regrettable,1,1,0
already_creamy,1,1,0
utterly_rosy,1,1,0
already_cost-effective,1,1,0
utterly_seductive,1,0,1
utterly_shit,1,0,1
utterly_shallow,1,1,0
utterly_sexy,1,1,0
already_complex,1,0,1
utterly_senseless,1,1,0
already_conversant,1,0,1
utterly_self-confident,1,1,0
already_convinced,1,1,0
utterly_ruinous,1,1,0
utterly_scary,1,0,1
utterly_scandalous,1,0,1
already_correct,1,1,0
utterly_satisfied,1,1,0
utterly_sane,1,1,0
utterly_sacred,1,0,1
utterly_ruthless,1,1,0
universally_fatal,1,1,0
universally_fascinating,1,1,0
universally_famous,1,1,0
unbelievably_present,1,1,0
unbelievably_secure,1,1,0
unbelievably_scenic,1,0,1
unbelievably_satisfying,1,0,1
altogether_desirable,1,0,1
altogether_destructive,1,0,1
unbelievably_romantic,1,0,1
unbelievably_ridiculous,1,1,0
unbelievably_rich,1,1,0
unbelievably_restless,1,1,0
unbelievably_relatable,1,0,1
unbelievably_rapid,1,1,0
unbelievably_random,1,0,1
unbelievably_radical,1,0,1
unbelievably_quick,1,1,0
unbelievably_purple,1,1,0
altogether_disinterested,1,1,0
altogether_disparate,1,1,0
altogether_dense,1,0,1
unbelievably_sharp,1,1,0
altogether_daunting,1,1,0
altogether_cruel,1,1,0
altogether_contemporary,1,0,1
altogether_contemptible,1,1,0
unbelievably_stressful,1,1,0
unbelievably_strange,1,1,0
unbelievably_straightforward,1,1,0
unbelievably_sophisticated,1,1,0
altogether_creepier,1,0,1
altogether_curious,1,0,1
unbelievably_shy,1,1,0
unbelievably_small,1,1,0
altogether_cute,1,0,1
unbelievably_skilled,1,1,0
unbelievably_sincere,1,0,1
altogether_dark,1,1,0
unbelievably_silly,1,1,0
unbelievably_sick,1,1,0
unbelievably_productive,1,0,1
unbelievably_precious,1,0,1
altogether_comforting,1,0,1
unbelievably_powerful,1,0,1
unbelievably_malicious,1,1,0
altogether_dumber,1,0,1
unbelievably_lush,1,1,0
unbelievably_low,1,1,0
unbelievably_loving,1,1,0
unbelievably_long,1,1,0
unbelievably_likeable,1,0,1
unbelievably_lazy,1,1,0
unbelievably_laughable,1,0,1
altogether_easy,1,1,0
unbelievably_joyous,1,1,0
altogether_elusive,1,1,0
unbelievably_intense,1,1,0
altogether_erroneous,1,1,0
altogether_ethereal,1,0,1
unbelievably_insignificant,1,0,1
unbelievably_innocuous,1,0,1
unbelievably_massive,1,0,1
unbelievably_miraculous,1,0,1
altogether_dumb,1,1,0
unbelievably_overdone,1,1,0
unbelievably_potential,1,1,0
unbelievably_potent,1,1,0
unbelievably_plain,1,0,1
unbelievably_passionate,1,1,0
unbelievably_painful,1,1,0
unbelievably_overwhelming,1,1,0
unbelievably_overwhelmed,1,1,0
unbelievably_outrageous,1,0,1
unbelievably_narrow,1,1,0
unbelievably_outlandish,1,1,0
altogether_doubtful,1,1,0
unbelievably_obsessed,1,1,0
unbelievably_obnoxious,1,1,0
unbelievably_obese,1,1,0
altogether_drunk,1,1,0
unbelievably_new,1,0,1
unbelievably_stunning,1,1,0
unbelievably_stylish,1,1,0
unbelievably_inconsequential,1,0,1
uncharacteristically_high,1,1,0
uncharacteristically_sensitive,1,1,0
uncharacteristically_sappy,1,0,1
uncharacteristically_positive,1,0,1
altogether_banal,1,1,0
uncharacteristically_polite,1,1,0
uncharacteristically_pleasant,1,1,0
altogether_barren,1,1,0
uncharacteristically_optimistic,1,0,1
uncharacteristically_open,1,1,0
altogether_bizarre,1,0,1
uncharacteristically_new,1,0,1
uncharacteristically_modest,1,1,0
uncharacteristically_messy,1,0,1
uncharacteristically_lower,1,1,0
uncharacteristically_large,1,1,0
uncharacteristically_kind,1,1,0
uncharacteristically_japanese,1,0,1
uncharacteristically_short,1,1,0
altogether_avoidable,1,1,0
uncharacteristically_sloppy,1,1,0
uncomfortably_blunt,1,1,0
altogether_anonymous,1,1,0
altogether_apolitical,1,1,0
uncomfortably_clear,1,1,0
uncomfortably_casual,1,1,0
uncomfortably_candid,1,1,0
uncomfortably_bulky,1,1,0
uncomfortably_boring,1,1,0
uncomfortably_bitter,1,1,0
uncharacteristically_soft,1,1,0
altogether_appropriate,1,0,1
altogether_astonishing,1,0,1
uncomfortably_accurate,1,1,0
uncharacteristically_wasteful,1,1,0
uncharacteristically_vague,1,1,0
uncharacteristically_useful,1,0,1
uncharacteristically_unaware,1,1,0
uncharacteristically_hostile,1,1,0
uncharacteristically_hesitant,1,1,0
altogether_clueless,1,1,0
uncharacteristically_grumpy,1,1,0
unbelievably_warped,1,1,0
unbelievably_violent,1,1,0
unbelievably_vicious,1,1,0
unbelievably_vast,1,1,0
altogether_boring,1,1,0
unbelievably_utopian,1,0,1
unbelievably_unusual,1,0,1
unbelievably_unknown,1,1,0
unbelievably_uncool,1,0,1
unbelievably_ugly,1,1,0
altogether_captivating,1,0,1
altogether_certain,1,1,0
unbelievably_tired,1,1,0
unbelievably_tight,1,1,0
unbelievably_thin,1,1,0
unbelievably_thankful,1,1,0
altogether_charming,1,0,1
altogether_blind,1,1,0
altogether_bleak,1,1,0
unbelievably_wooden,1,1,0
uncharacteristically_circumspect,1,1,0
uncharacteristically_festive,1,1,0
uncharacteristically_explosive,1,0,1
uncharacteristically_empty,1,1,0
uncharacteristically_easy,1,1,0
uncharacteristically_destructive,1,1,0
uncharacteristically_courageous,1,0,1
uncharacteristically_comical,1,1,0
uncharacteristically_canadian,1,0,1
unbelievably_worth,1,1,0
uncharacteristically_brave,1,0,1
uncharacteristically_bold,1,1,0
uncharacteristically_bad,1,1,0
uncharacteristically_argumentative,1,1,0
uncharacteristically_angry,1,1,0
unbelievably_young,1,1,0
altogether_blank,1,1,0
unbelievably_incredible,1,1,0
altogether_evil,1,1,0
uncomfortably_complex,1,1,0
unbelievably_adorable,1,1,0
altogether_improbable,1,0,1
unbelievably_bitter,1,1,0
unbelievably_bigger,1,0,1
unbelievably_better,1,1,0
unbelievably_believable,1,1,0
altogether_incoherent,1,1,0
altogether_incurable,1,1,0
altogether_indestructible,1,1,0
unbelievably_awe,1,1,0
unbelievably_audacious,1,0,1
unbelievably_astonishing,1,1,0
unbelievably_arousing,1,0,1
unbelievably_annoying,1,1,0
unbelievably_angry,1,1,0
altogether_inferior,1,0,1
unbelievably_alike,1,1,0
unbelievably_alarmist,1,1,0
unbelievably_brave,1,1,0
altogether_impressive,1,0,1
unbelievably_brutal,1,1,0
unbelievably_close,1,1,0
unbelievably_complex,1,0,1
unbelievably_compelling,1,0,1
unbelievably_common,1,0,1
unbelievably_comical,1,1,0
unbelievably_comforting,1,0,1
unbelievably_comfortable,1,1,0
unbelievably_cold,1,1,0
unbelievably_clear,1,1,0
altogether_impenetrable,1,1,0
unbelievably_chilling,1,0,1
unbelievably_cheery,1,1,0
altogether_imaginary,1,1,0
unbelievably_charismatic,1,0,1
altogether_impactful,1,0,1
unbelievably_calm,1,1,0
unbelievably_callous,1,1,0
unbelievably_affectionate,1,1,0
unbelievably_accurate,1,1,0
unbelievably_confrontational,1,1,0
unbelievably_abysmal,1,0,1
unbearably_stupid,1,1,0
unbearably_stuffy,1,1,0
unbearably_stressful,1,1,0
unbearably_stinky,1,1,0
unbearably_stale,1,1,0
unbearably_sore,1,1,0
altogether_intimate,1,0,1
unbearably_slow,1,1,0
unbearably_skinny,1,1,0
unbearably_single,1,1,0
unbearably_silly,1,1,0
unbearably_sick,1,1,0
unbearably_shy,1,1,0
altogether_intolerable,1,1,0
unbearably_rough,1,1,0
unbearably_rewarding,1,1,0
altogether_intriguing,1,0,1
unbearably_sweet,1,1,0
unbearably_tangy,1,1,0
unbearably_tedious,1,1,0
unbearably_uplifting,1,1,0
unbelievably_abusive,1,1,0
unbearably_wrong,1,0,1
unbearably_wretched,1,1,0
unbearably_white,1,1,0
unbearably_weak,1,1,0
unbearably_warm,1,1,0
unbearably_vivid,1,1,0
unbearably_uninteresting,1,1,0
altogether_intellectual,1,1,0
unbearably_uncomfortable,1,1,0
unbearably_ugly,1,1,0
altogether_inhuman,1,0,1
altogether_insane,1,1,0
unbearably_touching,1,1,0
unbearably_tired,1,1,0
unbearably_thick,1,0,1
unbelievably_complicated,1,1,0
unbelievably_consistent,1,1,0
unbelievably_inappropriate,1,1,0
unbelievably_flagrant,1,1,0
unbelievably_hard,1,1,0
unbelievably_happy,1,1,0
unbelievably_grotesque,1,1,0
unbelievably_great,1,0,1
unbelievably_grateful,1,1,0
altogether_feminine,1,0,1
altogether_fictitious,1,1,0
altogether_fierce,1,1,0
unbelievably_futuristic,1,0,1
unbelievably_fussy,1,1,0
altogether_flat,1,0,1
altogether_foreign,1,0,1
unbelievably_frustrating,1,1,0
unbelievably_friendly,1,1,0
unbelievably_fresh,1,0,1
unbelievably_fortunate,1,1,0
unbelievably_foolish,1,1,0
unbelievably_harmonious,1,1,0
unbelievably_harsh,1,1,0
unbelievably_heavy,1,1,0
unbelievably_hysterical,1,0,1
altogether_exciting,1,0,1
unbelievably_impressed,1,1,0
altogether_exempt,1,1,0
unbelievably_imaginative,1,1,0
unbelievably_illogical,1,1,0
unbelievably_ignorant,1,1,0
unbelievably_idiotic,1,0,1
unbelievably_hungry,1,1,0
unbelievably_heinous,1,1,0
altogether_extraordinary,1,0,1
unbelievably_hot,1,1,0
unbelievably_horrid,1,1,0
altogether_fake,1,1,0
unbelievably_horny,1,1,0
unbelievably_hideous,1,1,0
altogether_fantastic,1,0,1
unbelievably_flawed,1,1,0
unbelievably_fierce,1,0,1
altogether_idle,1,1,0
unbelievably_fat,1,1,0
altogether_heavier,1,0,1
unbelievably_decadent,1,0,1
unbelievably_dead,1,1,0
unbelievably_dark,1,1,0
altogether_hellish,1,0,1
altogether_hideous,1,1,0
unbelievably_cute,1,0,1
altogether_higher,1,0,1
altogether_historic,1,0,1
unbelievably_crisp,1,1,0
altogether_human,1,1,0
unbelievably_crass,1,1,0
unbelievably_cranky,1,1,0
unbelievably_coy,1,1,0
unbelievably_courageous,1,0,1
unbelievably_cosy,1,1,0
altogether_icky,1,0,1
unbelievably_dense,1,0,1
unbelievably_depressed,1,1,0
unbelievably_despicable,1,0,1
unbelievably_enjoyable,1,0,1
unbelievably_fascinating,1,1,0
unbelievably_extreme,1,1,0
unbelievably_extraordinary,1,0,1
altogether_fun,1,0,1
altogether_glorious,1,0,1
altogether_graceful,1,1,0
unbelievably_entertaining,1,0,1
altogether_grand,1,0,1
altogether_healthy,1,1,0
altogether_great,1,0,1
altogether_harsher,1,0,1
unbelievably_dull,1,0,1
unbelievably_doomed,1,1,0
unbelievably_disturbing,1,1,0
unbelievably_disingenuous,1,1,0
altogether_haunting,1,0,1
uncomfortably_comfortable,1,1,0
uncomfortably_confident,1,1,0
unbearably_pretentious,1,1,0
also_unsettling,1,1,0
undeniably_gory,1,1,0
also_unrealistic,1,1,0
also_unrecognisable,1,0,1
undeniably_glamorous,1,1,0
undeniably_girly,1,0,1
undeniably_genuine,1,0,1
undeniably_futuristic,1,1,0
also_unrelated,1,1,0
undeniably_funnier,1,1,0
undeniably_funky,1,0,1
also_unreliable,1,1,0
also_unremarkable,1,1,0
undeniably_french,1,1,0
also_unsatisfactory,1,1,0
undeniably_formulaic,1,0,1
undeniably_foreign,1,0,1
undeniably_festive,1,0,1
undeniably_grand,1,0,1
undeniably_grateful,1,1,0
undeniably_grim,1,0,1
also_unnamed,1,1,0
undeniably_intelligent,1,0,1
also_unlawful,1,1,0
undeniably_indulgent,1,0,1
also_unmarked,1,1,0
undeniably_immediate,1,0,1
undeniably_iconic,1,0,1
undeniably_humorous,1,0,1
undeniably_hot,1,0,1
undeniably_gripping,1,0,1
undeniably_horrifying,1,1,0
also_unoccupied,1,1,0
undeniably_heartwarming,1,0,1
undeniably_healthy,1,1,0
also_unprecedented,1,1,0
undeniably_hard,1,1,0
undeniably_happy,1,1,0
also_unsettled,1,1,0
undeniably_fancy,1,0,1
also_universal,1,1,0
undeniably_famous,1,1,0
also_upscale,1,1,0
undeniably_eerie,1,0,1
undeniably_earthy,1,0,1
undeniably_dynamic,1,0,1
undeniably_dramatic,1,1,0
undeniably_divine,1,0,1
undeniably_distasteful,1,1,0
undeniably_disconcerting,1,0,1
undeniably_different,1,0,1
undeniably_detrimental,1,1,0
undeniably_despicable,1,1,0
undeniably_desirable,1,1,0
undeniably_depressing,1,0,1
undeniably_delightful,1,0,1
undeniably_delicious,1,0,1
also_usable,1,1,0
also_useable,1,1,0
undeniably_elaborate,1,1,0
undeniably_electronic,1,0,1
undeniably_elegant,1,0,1
also_unsympathetic,1,1,0
undeniably_familiar,1,0,1
also_unsolved,1,1,0
undeniably_extreme,1,0,1
undeniably_extraordinary,1,1,0
undeniably_expensive,1,0,1
also_unsound,1,1,0
undeniably_evil,1,0,1
also_untrustworthy,1,1,0
also_uplifting,1,1,0
undeniably_enthralling,1,0,1
also_unwanted,1,1,0
undeniably_enriching,1,0,1
also_unwelcome,1,1,0
undeniably_engrossing,1,0,1
undeniably_engaging,1,1,0
also_uphill,1,1,0
also_unknowable,1,1,0
undeniably_invigorating,1,0,1
undeniably_crude,1,1,0
also_unexplained,1,1,0
undeniably_religious,1,0,1
also_under-appreciated,1,1,0
also_underdeveloped,1,1,0
undeniably_racist,1,1,0
undeniably_questionable,1,1,0
undeniably_pure,1,0,1
undeniably_prominent,1,1,0
undeniably_progressive,1,1,0
also_undetectable,1,1,0
undeniably_primal,1,0,1
undeniably_pretty,1,1,0
undeniably_pretentious,1,1,0
also_uneducated,1,1,0
undeniably_precious,1,0,1
also_unethical,1,1,0
undeniably_potent,1,0,1
undeniably_pleasurable,1,0,1
undeniably_repulsive,1,0,1
also_undemocratic,1,1,0
undeniably_rewarding,1,0,1
undeniably_serene,1,0,1
undeniably_skillful,1,0,1
also_unaffiliated,1,1,0
undeniably_sinful,1,0,1
undeniably_sincere,1,1,0
also_unarmed,1,1,0
also_unavoidable,1,1,0
undeniably_sexist,1,1,0
also_unchanged,1,1,0
undeniably_ridiculous,1,0,1
undeniably_seedy,1,1,0
also_uncomplicated,1,1,0
undeniably_sculptural,1,1,0
also_unconfirmed,1,1,0
undeniably_sad,1,0,1
also_unconstitutional,1,1,0
also_unconventional,1,1,0
undeniably_pleasant,1,0,1
undeniably_perfect,1,0,1
also_unheard,1,0,1
undeniably_peaceful,1,0,1
undeniably_mature,1,0,1
undeniably_masculine,1,0,1
undeniably_male,1,0,1
undeniably_majestic,1,0,1
undeniably_magnificent,1,0,1
undeniably_magnetic,1,0,1
undeniably_magic,1,0,1
undeniably_macho,1,0,1
undeniably_luxurious,1,1,0
also_unharmed,1,1,0
undeniably_loud,1,0,1
undeniably_local,1,0,1
undeniably_likeable,1,0,1
undeniably_liberating,1,0,1
undeniably_large,1,0,1
undeniably_japanese,1,0,1
undeniably_irritating,1,0,1
undeniably_meaningful,1,0,1
undeniably_memorable,1,1,0
undeniably_militaristic,1,0,1
also_unfinished,1,1,0
undeniably_orwellian,1,0,1
undeniably_original,1,0,1
undeniably_organic,1,1,0
undeniably_old-fashioned,1,0,1
undeniably_old,1,0,1
undeniably_odd,1,0,1
undeniably_obvious,1,0,1
undeniably_noble,1,0,1
undeniably_misogynistic,1,1,0
undeniably_nimble,1,0,1
also_unfit,1,1,0
undeniably_mystical,1,0,1
undeniably_mysterious,1,0,1
undeniably_motivating,1,0,1
undeniably_morbid,1,0,1
undeniably_modern,1,0,1
also_usual,1,1,0
undeniably_crazy,1,0,1
uncomfortably_conscious,1,1,0
uncomfortably_nasty,1,1,0
uncomfortably_slippery,1,1,0
uncomfortably_sincere,1,1,0
alternately_enchanting,1,0,1
uncomfortably_short,1,1,0
uncomfortably_sexualized,1,1,0
uncomfortably_rough,1,1,0
alternately_exuberant,1,1,0
alternately_fascinating,1,1,0
uncomfortably_realistic,1,1,0
alternately_finite,1,0,1
uncomfortably_racist,1,1,0
uncomfortably_quiet,1,1,0
uncomfortably_quick,1,1,0
uncomfortably_prophetic,1,1,0
uncomfortably_pretentious,1,1,0
uncomfortably_personal,1,1,0
alternately_hilarious,1,1,0
uncomfortably_small,1,1,0
uncomfortably_smaller,1,0,1
alternately_disposable,1,1,0
uncomfortably_unresponsive,1,1,0
uncommonly_agonizing,1,0,1
uncomfortably_willing,1,1,0
uncomfortably_wet,1,1,0
alternately_dark,1,1,0
uncomfortably_vulnerable,1,1,0
uncomfortably_vivid,1,1,0
uncomfortably_victorian,1,0,1
uncomfortably_trendy,1,1,0
uncomfortably_sterile,1,0,1
uncomfortably_transparent,1,1,0
alternately_dismissive,1,1,0
uncomfortably_thin,1,1,0
uncomfortably_thick,1,1,0
uncomfortably_tense,1,1,0
uncomfortably_sunny,1,1,0
uncomfortably_stiff,1,1,0
uncomfortably_open,1,1,0
uncomfortably_lumpy,1,1,0
uncommonly_cheerful,1,1,0
uncomfortably_low,1,1,0
uncomfortably_explicit,1,0,1
altogether_alternative,1,1,0
uncomfortably_enjoyable,1,1,0
uncomfortably_empty,1,1,0
uncomfortably_elitist,1,0,1
altogether_amazing,1,0,1
uncomfortably_dumb,1,1,0
altogether_ambiguous,1,1,0
uncomfortably_disturbing,1,1,0
uncomfortably_direct,1,1,0
uncomfortably_different,1,1,0
uncomfortably_detailed,1,1,0
uncomfortably_deep,1,0,1
uncomfortably_crowded,1,1,0
altogether_angelic,1,1,0
uncomfortably_cozy,1,0,1
uncomfortably_cool,1,1,0
altogether_alive,1,1,0
uncomfortably_fitting,1,1,0
altogether_absurd,1,1,0
uncomfortably_incisive,1,1,0
alternately_mushy,1,1,0
alternately_offensive,1,1,0
uncomfortably_invasive,1,0,1
uncomfortably_intrusive,1,1,0
alternately_parallel,1,1,0
uncomfortably_intense,1,1,0
uncomfortably_insistent,1,1,0
uncomfortably_impersonal,1,1,0
alternately_troubling,1,1,0
uncomfortably_humid,1,1,0
alternately_regretful,1,1,0
alternately_same,1,1,0
alternately_smoky,1,0,1
alternately_spooky,1,0,1
uncomfortably_harsh,1,1,0
alternately_thrilling,1,0,1
alternately_criminal,1,1,0
uncommonly_classical,1,1,0
also_venerable,1,0,1
also_welcoming,1,1,0
undeniably_british,1,1,0
undeniably_brilliant,1,1,0
undeniably_bohemian,1,0,1
also_walkable,1,1,0
undeniably_bizarre,1,1,0
undeniably_bittersweet,1,0,1
undeniably_biological,1,0,1
undeniably_bigger,1,0,1
undeniably_beneficial,1,1,0
undeniably_badass,1,0,1
also_wealthier,1,1,0
undeniably_awkward,1,0,1
also_wealthy,1,1,0
also_weary,1,1,0
undeniably_atmospheric,1,1,0
undeniably_arresting,1,0,1
undeniably_arousing,1,0,1
also_vivid,1,1,0
also_virtuous,1,1,0
undeniably_certain,1,1,0
also_viable,1,1,0
also_venomous,1,1,0
also_verbal,1,1,0
undeniably_convenient,1,1,0
undeniably_contrived,1,0,1
undeniably_contemporary,1,0,1
undeniably_conservative,1,1,0
undeniably_conscious,1,1,0
undeniably_comical,1,0,1
also_viral,1,1,0
undeniably_comic,1,0,1
also_vicious,1,0,1
undeniably_cold,1,0,1
also_victorious,1,1,0
also_vintage,1,0,1
undeniably_chic,1,1,0
undeniably_cheerful,1,0,1
also_weekly,1,1,0
undeniably_amiss,1,1,0
uncommonly_cool,1,0,1
undeniably_alive,1,0,1
uncommonly_quiet,1,1,0
uncommonly_patient,1,1,0
uncommonly_particular,1,1,0
also_wishful,1,1,0
uncommonly_interesting,1,0,1
also_yellow,1,1,0
alternately_charming,1,0,1
uncommonly_great,1,0,1
alternately_creepy,1,1,0
uncommonly_friendly,1,1,0
uncommonly_fair,1,1,0
uncommonly_expansive,1,1,0
uncommonly_exasperating,1,1,0
uncommonly_empty,1,1,0
uncommonly_difficult,1,1,0
uncommonly_depressing,1,1,0
uncommonly_creative,1,1,0
uncommonly_savory,1,0,1
uncommonly_sexy,1,0,1
uncommonly_simple,1,1,0
unconstitutionally_broad,1,1,0
undeniably_african,1,1,0
undeniably_adult,1,0,1
undeniably_admirable,1,0,1
undeniably_addictive,1,1,0
undeniably_absurd,1,0,1
also_windy,1,1,0
unconstitutionally_intrusive,1,1,0
uncommonly_young,1,1,0
uncommonly_skilled,1,1,0
uncommonly_vain,1,1,0
uncommonly_tender,1,1,0
uncommonly_stupid,1,1,0
also_wise,1,1,0
uncommonly_spurious,1,0,1
uncommonly_spirited,1,1,0
uncommonly_smooth,1,1,0
unbearably_real,1,1,0
unbearably_precious,1,0,1
also_unaffected,1,1,0
ultimately_null,1,1,0
ultimately_raw,1,1,0
ultimately_rational,1,1,0
ultimately_quixotic,1,1,0
ultimately_quantitative,1,1,0
ultimately_proud,1,1,0
ultimately_problematic,1,1,0
ultimately_present,1,1,0
ultimately_predictable,1,1,0
ultimately_powerless,1,1,0
ultimately_powerful,1,1,0
ultimately_positive,1,0,1
ultimately_political,1,1,0
altogether_unreported,1,1,0
altogether_unsatisfied,1,1,0
ultimately_personal,1,1,0
altogether_unsavory,1,0,1
ultimately_painful,1,0,1
ultimately_reactionary,1,0,1
altogether_unrelated,1,0,1
ultimately_redeemable,1,1,0
ultimately_sacred,1,0,1
altogether_unequal,1,1,0
ultimately_structural,1,1,0
altogether_unfair,1,1,0
ultimately_shabby,1,0,1
ultimately_sensitive,1,1,0
altogether_unhelpful,1,1,0
ultimately_safer,1,1,0
altogether_unnerving,1,1,0
altogether_unreadable,1,1,0
altogether_unnoticeable,1,1,0
ultimately_rich,1,1,0
ultimately_revelatory,1,0,1
altogether_unorganized,1,1,0
ultimately_replaceable,1,1,0
altogether_unpalatable,1,0,1
ultimately_relevant,1,1,0
ultimately_optional,1,1,0
ultimately_new,1,0,1
ultimately_subordinate,1,1,0
ultimately_needless,1,1,0
ultimately_larger,1,1,0
ultimately_judgmental,1,1,0
ultimately_jewish,1,1,0
ultimately_jarring,1,0,1
ultimately_irresistible,1,0,1
altogether_vicious,1,1,0
ultimately_interested,1,1,0
ultimately_intent,1,1,0
ultimately_intangible,1,0,1
ultimately_inspiring,1,1,0
ultimately_innocent,1,1,0
altogether_warm,1,0,1
altogether_warmer,1,0,1
ultimately_individual,1,1,0
ultimately_indigenous,1,1,0
altogether_weird,1,1,0
ultimately_indian,1,0,1
ultimately_leftist,1,1,0
ultimately_liable,1,1,0
ultimately_liberating,1,1,0
altogether_unwelcome,1,1,0
altogether_unseemly,1,0,1
ultimately_natural,1,1,0
ultimately_more,1,1,0
ultimately_moral,1,1,0
altogether_unsettling,1,0,1
ultimately_minor,1,1,0
altogether_untrue,1,1,0
ultimately_mathematical,1,1,0
ultimately_life-threatening,1,0,1
ultimately_loyal,1,1,0
ultimately_lower,1,1,0
ultimately_lovable,1,1,0
ultimately_louder,1,1,0
ultimately_long-lasting,1,1,0
ultimately_local,1,1,0
altogether_vain,1,1,0
altogether_undetectable,1,1,0
ultimately_subservient,1,1,0
ultimately_incompatible,1,1,0
altogether_subtler,1,0,1
altogether_soothing,1,0,1
ultra_compact,1,0,1
ultra_comforting,1,0,1
ultra_comfortable,1,1,0
ultra_clever,1,1,0
ultra_cheery,1,1,0
ultra_cautious,1,1,0
ultra_casual,1,1,0
ultra_calm,1,1,0
ultra_bizarre,1,1,0
ultra_bitter,1,1,0
ultra_amazing,1,1,0
ultra_adorable,1,1,0
ultimately_wrong,1,0,1
altogether_startling,1,0,1
altogether_subjective,1,0,1
ultimately_utilitarian,1,1,0
ultra_concerned,1,1,0
ultra_conscious,1,1,0
ultra_contemporary,1,1,0
altogether_simple,1,0,1
altogether_sexier,1,0,1
altogether_sexy,1,1,0
altogether_shiny,1,0,1
altogether_shorter,1,0,1
ultra_familiar,1,1,0
ultra_fabulous,1,0,1
ultra_exciting,1,1,0
ultra_erotic,1,0,1
ultra_creative,1,0,1
ultra_entertaining,1,1,0
ultra_elegant,1,1,0
ultra_edgy,1,1,0
ultra_easy,1,1,0
ultra_dramatic,1,1,0
ultra_discreet,1,1,0
altogether_sinister,1,0,1
altogether_submissive,1,0,1
ultimately_uplifting,1,1,0
altogether_undeserved,1,0,1
ultimately_unworthy,1,1,0
altogether_unable,1,1,0
ultimately_unfeasible,1,1,0
altogether_unaffordable,1,1,0
ultimately_underwhelming,1,1,0
ultimately_underpaid,1,1,0
ultimately_unattractive,1,0,1
ultimately_unattainable,1,0,1
ultimately_tragic,1,0,1
altogether_uncomfortable,1,1,0
ultimately_terrible,1,1,0
ultimately_temporary,1,1,0
altogether_unconnected,1,1,0
altogether_unconscious,1,1,0
ultimately_sustainable,1,1,0
ultimately_surprised,1,1,0
ultimately_superior,1,1,0
ultimately_sunny,1,1,0
ultimately_unfulfilled,1,1,0
ultimately_ungrateful,1,1,0
ultimately_unhappy,1,1,0
altogether_tighter,1,0,1
ultimately_unwilling,1,1,0
ultimately_untrustworthy,1,1,0
ultimately_untrue,1,1,0
altogether_superior,1,0,1
altogether_supernatural,1,0,1
altogether_suspicious,1,1,0
ultimately_unsatisfied,1,1,0
ultimately_unqualified,1,1,0
ultimately_unhealthy,1,1,0
altogether_true,1,0,1
altogether_truthful,1,1,0
ultimately_unmanageable,1,0,1
altogether_ugly,1,0,1
ultimately_unique,1,1,0
ultimately_uninteresting,1,1,0
ultimately_unimportant,1,1,0
ultimately_independent,1,0,1
ultimately_incapable,1,1,0
ultra_generic,1,0,1
uber_painful,1,1,0
always_autobiographical,1,1,0
always_avoidable,1,1,0
ultimately_adult,1,0,1
ultimately_adjustable,1,1,0
ultimately_actionable,1,1,0
always_awful,1,1,0
ultimately_accidental,1,1,0
always_bare,1,1,0
always_bearish,1,1,0
always_beneficial,1,1,0
always_benevolent,1,0,1
uber_supportive,1,1,0
uber_simple,1,0,1
uber_sexy,1,0,1
uber_serious,1,0,1
always_bitter,1,1,0
uber_realistic,1,1,0
ultimately_answerable,1,1,0
always_authentic,1,1,0
always_asleep,1,1,0
ultimately_bigger,1,0,1
ultimately_cliched,1,1,0
ultimately_clever,1,1,0
ultimately_civilized,1,0,1
ultimately_cheaper,1,1,0
ultimately_capricious,1,1,0
ultimately_blameless,1,1,0
ultimately_bipartisan,1,1,0
ultimately_best,1,1,0
ultimately_artificial,1,1,0
always_artificial,1,1,0
ultimately_bankrupt,1,1,0
ultimately_bad,1,1,0
ultimately_avoidable,1,1,0
ultimately_autobiographical,1,1,0
ultimately_attractive,1,0,1
ultimately_attainable,1,1,0
uber_rare,1,0,1
uber_modern,1,0,1
ultimately_conducive,1,1,0
uber_masculine,1,0,1
typically_wrong,1,1,0
typically_witty,1,1,0
typically_wise,1,0,1
always_brash,1,1,0
typically_warmer,1,1,0
typically_wacky,1,1,0
typically_viewable,1,1,0
typically_venomous,1,0,1
always_breathtaking,1,1,0
typically_unlawful,1,1,0
always_brilliant,1,1,0
typically_unidentified,1,1,0
typically_unbelievable,1,1,0
typically_unaware,1,1,0
typically_unable,1,1,0
typically_typical,1,1,0
typically_traceable,1,1,0
typically_yellow,1,1,0
typically_younger,1,0,1
uber_affordable,1,1,0
uber_expensive,1,1,0
always_blind,1,1,0
always_blissful,1,1,0
uber_healthy,1,1,0
uber_generous,1,1,0
uber_frustrating,1,1,0
uber_fashionable,1,1,0
uber_fabulous,1,0,1
uber_excited,1,1,0
always_blurry,1,1,0
uber_deficient,1,1,0
always_blond,1,0,1
uber_complicated,1,1,0
uber_comfy,1,1,0
uber_comfortable,1,1,0
uber_clean,1,1,0
uber_careful,1,1,0
ultimately_compassionate,1,1,0
ultimately_conservative,1,1,0
ultimately_inadequate,1,1,0
always_actionable,1,1,0
ultimately_greater,1,0,1
ultimately_grand,1,0,1
ultimately_graceful,1,0,1
always_absurd,1,0,1
ultimately_glorious,1,0,1
ultimately_glad,1,1,0
always_acceptable,1,1,0
ultimately_frustrating,1,0,1
ultimately_fruitful,1,1,0
ultimately_frivolous,1,1,0
always_accountable,1,1,0
ultimately_forgivable,1,0,1
ultimately_forgettable,1,1,0
ultimately_foreign,1,0,1
ultimately_flexible,1,1,0
ultimately_fleeting,1,1,0
ultimately_fine,1,1,0
ultimately_handsome,1,1,0
ultimately_happier,1,1,0
always_abrasive,1,1,0
ultimately_imaginary,1,1,0
ultimately_inaccurate,1,1,0
ultimately_inaccessible,1,1,0
ultimately_impotent,1,1,0
ultimately_impossible,1,1,0
altogether_willing,1,1,0
ultimately_imperfect,1,1,0
altogether_worthless,1,1,0
ultimately_illusory,1,1,0
altogether_younger,1,0,1
ultimately_illegal,1,0,1
ultimately_hopeless,1,1,0
ultimately_hollow,1,1,0
ultimately_helpless,1,1,0
ultimately_helpful,1,1,0
altogether_young,1,1,0
ultimately_harmless,1,0,1
always_achievable,1,1,0
ultimately_experiential,1,1,0
ultimately_consistent,1,1,0
ultimately_exhilarating,1,0,1
always_agreeable,1,1,0
always_alluring,1,1,0
ultimately_depressing,1,1,0
always_amusing,1,1,0
ultimately_definitive,1,1,0
ultimately_defensive,1,1,0
ultimately_decisive,1,1,0
ultimately_decadent,1,0,1
ultimately_deadly,1,1,0
ultimately_dead,1,0,1
ultimately_daring,1,0,1
always_androgynous,1,1,0
ultimately_curious,1,1,0
always_annoyed,1,1,0
always_apparent,1,1,0
ultimately_correct,1,1,0
ultimately_contradictory,1,1,0
ultimately_devoid,1,1,0
ultimately_different,1,1,0
ultimately_disappointed,1,1,0
always_affecting,1,1,0
ultimately_exempt,1,1,0
ultimately_evil,1,0,1
ultimately_equivalent,1,1,0
ultimately_enticing,1,0,1
ultimately_enlightening,1,0,1
always_adjacent,1,1,0
ultimately_elegant,1,1,0
ultimately_educational,1,0,1
always_aggressive,1,1,0
ultimately_easy,1,0,1
ultimately_easier,1,1,0
always_afoot,1,1,0
ultimately_dull,1,1,0
ultimately_due,1,1,0
ultimately_doomed,1,1,0
ultimately_discretionary,1,1,0
ultra_geeky,1,1,0
ultra_girly,1,1,0
altogether_invalid,1,1,0
unapologetically_trivial,1,1,0
unashamedly_judgemental,1,1,0
unashamedly_humane,1,1,0
unashamedly_goofy,1,0,1
unashamedly_funny,1,0,1
unashamedly_direct,1,1,0
unashamedly_different,1,1,0
unashamedly_demonic,1,0,1
unashamedly_crude,1,1,0
unashamedly_corrupt,1,1,0
unashamedly_commercial,1,1,0
unashamedly_bigoted,1,1,0
unashamedly_bad,1,0,1
unashamedly_australian,1,0,1
unashamedly_aspirational,1,0,1
unashamedly_ancient,1,0,1
unapologetically_unproductive,1,1,0
altogether_nastier,1,0,1
unashamedly_linear,1,1,0
unashamedly_luxurious,1,1,0
unashamedly_lyrical,1,1,0
unashamedly_rural,1,0,1
unavoidably_central,1,0,1
unavoidably_beautiful,1,0,1
unavoidably_awful,1,0,1
unavoidably_aggressive,1,1,0
altogether_naked,1,1,0
unashamedly_true,1,1,0
unashamedly_scottish,1,1,0
unashamedly_religious,1,1,0
unashamedly_malicious,1,0,1
unashamedly_patriotic,1,1,0
unashamedly_partial,1,1,0
unashamedly_opportunistic,1,1,0
unashamedly_old-fashioned,1,0,1
unashamedly_old,1,1,0
unashamedly_naked,1,1,0
unashamedly_misogynistic,1,1,0
unapologetically_uncool,1,0,1
unapologetically_subjective,1,1,0
unavoidably_cloudy,1,0,1
unapologetically_romantic,1,0,1
unapologetically_entertaining,1,0,1
unapologetically_easy,1,1,0
unapologetically_dramatic,1,1,0
unapologetically_discriminatory,1,0,1
unapologetically_direct,1,0,1
unapologetically_derivative,1,1,0
unapologetically_defiant,1,1,0
unapologetically_crude,1,1,0
unapologetically_critical,1,1,0
unapologetically_cozy,1,0,1
unapologetically_corrupt,1,1,0
unapologetically_commercial,1,1,0
unapologetically_christian,1,1,0
unapologetically_catholic,1,0,1
unapologetically_blunt,1,1,0
altogether_nourishing,1,0,1
unapologetically_artificial,1,0,1
unapologetically_excessive,1,0,1
unapologetically_feminist,1,1,0
unapologetically_frugal,1,1,0
unapologetically_new,1,0,1
unapologetically_rambunctious,1,1,0
unapologetically_racist,1,1,0
unapologetically_pro-life,1,1,0
unapologetically_pro-israel,1,1,0
unapologetically_positive,1,1,0
altogether_necessary,1,1,0
altogether_negative,1,0,1
unapologetically_materialistic,1,1,0
unapologetically_gay,1,1,0
unapologetically_masculine,1,0,1
unapologetically_loyal,1,1,0
unapologetically_irreverent,1,1,0
unapologetically_ignorant,1,1,0
unapologetically_human,1,1,0
unapologetically_hoppy,1,1,0
unapologetically_honest,1,1,0
unavoidably_charming,1,0,1
unavoidably_confrontational,1,1,0
unambiguously_wonderful,1,0,1
unbearably_corny,1,0,1
unbearably_horrifying,1,1,0
unbearably_honest,1,1,0
altogether_italian,1,0,1
unbearably_grim,1,1,0
unbearably_frantic,1,1,0
unbearably_filthy,1,1,0
unbearably_fast,1,1,0
unbearably_evocative,1,1,0
altogether_lighter,1,0,1
unbearably_dry,1,1,0
unbearably_disturbing,1,1,0
altogether_looser,1,0,1
altogether_low,1,1,0
unbearably_depressing,1,1,0
unbearably_demanding,1,1,0
altogether_manipulative,1,1,0
unbearably_cutesy,1,1,0
altogether_irregular,1,1,0
unbearably_human,1,1,0
unbearably_humiliating,1,0,1
unbearably_melodramatic,1,1,0
unbearably_pessimistic,1,1,0
unbearably_personal,1,0,1
unbearably_offensive,1,1,0
unbearably_noisy,1,1,0
unbearably_neurotic,1,1,0
unbearably_nerve-wracking,1,1,0
unbearably_negative,1,0,1
unbearably_lovely,1,1,0
unbearably_ignorant,1,1,0
unbearably_loud,1,1,0
unbearably_long,1,1,0
unbearably_lonely,1,1,0
altogether_irrational,1,1,0
altogether_irreconcilable,1,0,1
unbearably_institutional,1,0,1
unbearably_illogical,1,1,0
altogether_middle,1,0,1
unbearably_confusing,1,1,0
unavoidably_crass,1,0,1
unbearably_complex,1,0,1
unavoidably_speculative,1,1,0
unavoidably_safe,1,1,0
unavoidably_sad,1,0,1
unavoidably_retrograde,1,0,1
unavoidably_reminiscent,1,0,1
unavoidably_public,1,1,0
unavoidably_political,1,1,0
unavoidably_offended,1,1,0
unavoidably_nostalgic,1,0,1
unavoidably_mathematical,1,1,0
unavoidably_lacking,1,1,0
unavoidably_inspiring,1,0,1
unavoidably_human,1,0,1
unavoidably_horrible,1,0,1
unavoidably_hierarchical,1,1,0
unavoidably_expensive,1,1,0
unavoidably_dry,1,1,0
unavoidably_unsafe,1,1,0
unavoidably_vacant,1,1,0
unbearably_aggressive,1,1,0
unbearably_brutal,1,1,0
altogether_mind-blowing,1,1,0
unbearably_clunky,1,1,0
unbearably_cliched,1,1,0
unbearably_clever,1,1,0
altogether_miraculous,1,0,1
unbearably_busy,1,1,0
altogether_misleading,1,1,0
altogether_missing,1,1,0
unbearably_angry,1,1,0
unbearably_bleak,1,1,0
unbearably_bitter,1,1,0
unbearably_bad,1,1,0
altogether_mysterious,1,0,1
unbearably_awesome,1,0,1
unbearably_atrocious,1,1,0
unbearably_annoying,1,1,0
unambiguously_wrong,1,1,0
unambiguously_useful,1,0,1
altogether_serious,1,0,1
ultra_technical,1,1,0
altogether_proud,1,0,1
altogether_quieter,1,0,1
unabashedly_british,1,0,1
unabashedly_blunt,1,1,0
unabashedly_blatant,1,1,0
unabashedly_big,1,1,0
unabashedly_biased,1,1,0
unabashedly_beautiful,1,1,0
unabashedly_authoritarian,1,1,0
unabashedly_aspirational,1,0,1
unabashedly_american,1,1,0
ultra_worse,1,1,0
ultra_weird,1,1,0
ultra_vulnerable,1,1,0
ultra_violent,1,1,0
altogether_quirky,1,0,1
ultra_tough,1,1,0
unabashedly_christian,1,1,0
unabashedly_comfortable,1,1,0
unabashedly_commercial,1,1,0
unabashedly_garish,1,1,0
unabashedly_indifferent,1,1,0
unabashedly_idiosyncratic,1,0,1
altogether_present,1,1,0
unabashedly_high,1,1,0
unabashedly_heroic,1,1,0
unabashedly_heartwarming,1,0,1
unabashedly_gruesome,1,0,1
unabashedly_false,1,1,0
unabashedly_direct,1,1,0
unabashedly_fake,1,1,0
unabashedly_extravagant,1,1,0
unabashedly_expensive,1,1,0
altogether_prettier,1,0,1
unabashedly_erotic,1,1,0
unabashedly_enthusiastic,1,1,0
unabashedly_dorky,1,1,0
ultra_thin,1,1,0
ultra_sweet,1,1,0
unabashedly_joyful,1,0,1
ultra_susceptible,1,1,0
ultra_pissed,1,0,1
altogether_sane,1,0,1
ultra_optimistic,1,1,0
ultra_oily,1,1,0
ultra_nutritious,1,1,0
ultra_nerdy,1,1,0
ultra_narcissistic,1,1,0
altogether_satisfied,1,1,0
ultra_majestic,1,0,1
ultra_low,1,1,0
ultra_loving,1,1,0
ultra_loud,1,1,0
ultra_light,1,0,1
ultra_interactive,1,1,0
ultra_hot,1,1,0
altogether_sensitive,1,1,0
ultra_happy,1,1,0
altogether_sad,1,0,1
altogether_robotic,1,1,0
ultra_profitable,1,1,0
ultra_savvy,1,1,0
ultra_successful,1,1,0
ultra_specific,1,1,0
altogether_radiant,1,0,1
altogether_rare,1,0,1
altogether_rarer,1,0,1
ultra_slippery,1,1,0
ultra_short,1,1,0
ultra_satisfying,1,0,1
altogether_right,1,0,1
altogether_reliable,1,1,0
ultra_sad,1,1,0
ultra_rude,1,1,0
altogether_rich,1,0,1
ultra_right-wing,1,1,0
ultra_reliable,1,1,0
ultra_relaxed,1,1,0
unabashedly_indulgent,1,0,1
unabashedly_liberal,1,0,1
unambiguously_sunny,1,1,0
unacceptably_conventional,1,0,1
altogether_peachy,1,1,0
unacceptably_raw,1,1,0
unacceptably_quiet,1,1,0
unacceptably_pornographic,1,1,0
altogether_perfect,1,0,1
unacceptably_patronizing,1,1,0
unacceptably_oblivious,1,1,0
altogether_philosophical,1,0,1
unacceptably_lenient,1,1,0
unacceptably_intimidating,1,1,0
unacceptably_insulting,1,0,1
altogether_physical,1,0,1
unacceptably_harsh,1,1,0
unacceptably_girly,1,1,0
unacceptably_extreme,1,1,0
unacceptably_drunk,1,1,0
unacceptably_draconian,1,1,0
unacceptably_sloppy,1,1,0
unacceptably_slow,1,1,0
unacceptably_small,1,1,0
unambiguously_foreign,1,1,0
unambiguously_stupid,1,1,0
unambiguously_personal,1,0,1
unambiguously_observable,1,1,0
unambiguously_jewish,1,1,0
unambiguously_incendiary,1,1,0
unambiguously_heroic,1,1,0
altogether_outdated,1,1,0
unambiguously_false,1,1,0
unacceptably_superior,1,1,0
unambiguously_decisive,1,0,1
unambiguously_celebrated,1,0,1
unambiguously_bad,1,0,1
unambiguously_authentic,1,0,1
unambiguously_arab,1,1,0
unacceptably_vague,1,1,0
unacceptably_thoughtful,1,1,0
unacceptably_dangerous,1,1,0
unacceptably_brief,1,1,0
altogether_premature,1,0,1
unacceptably_bad,1,1,0
unabashedly_retro,1,1,0
unabashedly_religious,1,1,0
unabashedly_rebellious,1,1,0
unabashedly_racist,1,1,0
unabashedly_pro-israel,1,1,0
altogether_precious,1,0,1
unabashedly_positive,1,1,0
unabashedly_playful,1,1,0
unabashedly_patriotic,1,1,0
unabashedly_partisan,1,1,0
unabashedly_outspoken,1,1,0
unabashedly_optimistic,1,0,1
unabashedly_offensive,1,1,0
unabashedly_nerdy,1,1,0
unabashedly_negative,1,1,0
unabashedly_mystical,1,1,0
unabashedly_magical,1,0,1
altogether_possible,1,1,0
unabashedly_sarcastic,1,1,0
unabashedly_secular,1,1,0
unabashedly_unapologetic,1,1,0
unacceptably_authoritarian,1,1,0
unacceptably_angry,1,1,0
unabashedly_wonderful,1,0,1
unabashedly_willing,1,1,0
unabashedly_vulgar,1,1,0
unabashedly_utopian,1,1,0
unabashedly_unstoppable,1,1,0
unabashedly_thematic,1,1,0
unabashedly_selfish,1,1,0
unabashedly_thankful,1,1,0
unabashedly_tender,1,1,0
unabashedly_tasteless,1,1,0
unabashedly_simplistic,1,1,0
altogether_pleased,1,1,0
unabashedly_sexual,1,1,0
altogether_positive,1,0,1
undeniably_soothing,1,0,1
undeniably_soulful,1,1,0
also_harsh,1,1,0
unimaginably_peaceful,1,1,0
unintentionally_amateurish,1,1,0
unintentionally_acute,1,0,1
also_nostalgic,1,1,0
unimaginably_unlikely,1,1,0
unimaginably_tragic,1,1,0
unimaginably_tight,1,1,0
unimaginably_thick,1,1,0
also_null,1,1,0
unimaginably_stupid,1,1,0
unimaginably_stronger,1,0,1
also_numb,1,1,0
unimaginably_smooth,1,0,1
unimaginably_slim,1,1,0
unimaginably_significant,1,0,1
unimaginably_shocking,1,0,1
unimaginably_precious,1,1,0
unimaginably_practical,1,0,1
also_normal,1,1,0
unintentionally_artistic,1,1,0
unintentionally_awkward,1,1,0
unintentionally_clumsy,1,0,1
also_nimble,1,1,0
also_nocturnal,1,1,0
unintentionally_cramped,1,1,0
unintentionally_confusing,1,1,0
also_noisy,1,1,0
also_nomadic,1,1,0
unintentionally_comedic,1,1,0
unintentionally_cliched,1,1,0
also_non-toxic,1,1,0
unintentionally_chewy,1,1,0
unintentionally_casual,1,1,0
also_non-existent,1,1,0
unintentionally_brutal,1,1,0
unintentionally_bland,1,1,0
unintentionally_bigoted,1,0,1
unintentionally_biased,1,1,0
also_obese,1,1,0
also_obligated,1,1,0
unintentionally_dangerous,1,1,0
unimaginably_luxurious,1,0,1
unimaginably_distant,1,0,1
also_obsessive,1,1,0
unimaginably_cruel,1,1,0
unimaginably_creepy,1,0,1
unimaginably_cool,1,0,1
unimaginably_complicated,1,1,0
unimaginably_brilliant,1,1,0
unimaginably_bigger,1,1,0
unimaginably_better,1,0,1
also_obtainable,1,1,0
also_obvious,1,1,0
unimaginably_awful,1,0,1
unimaginably_awesome,1,0,1
unimaginably_ancient,1,0,1
uniformly_yellow,1,1,0
also_off-putting,1,1,0
also_offensive,1,1,0
unimaginably_dreadful,1,0,1
unimaginably_embarrassing,1,0,1
unimaginably_epic,1,0,1
unimaginably_hideous,1,0,1
unimaginably_long,1,1,0
also_oblivious,1,1,0
unimaginably_intricate,1,1,0
unimaginably_intimate,1,0,1
unimaginably_innovative,1,0,1
also_obscure,1,1,0
unimaginably_horrific,1,1,0
unimaginably_heinous,1,0,1
unimaginably_evil,1,1,0
unimaginably_hard,1,0,1
unimaginably_happy,1,1,0
unimaginably_greater,1,1,0
unimaginably_grander,1,0,1
unimaginably_grand,1,1,0
unimaginably_fragile,1,0,1
unimaginably_fortunate,1,1,0
unintentionally_cute,1,1,0
unintentionally_deep,1,0,1
uniformly_vile,1,1,0
unintentionally_reflective,1,1,0
uniquely_alluring,1,0,1
uniquely_alien,1,0,1
uniquely_aggravating,1,0,1
also_mundane,1,1,0
uniquely_adorable,1,1,0
also_muscular,1,1,0
uniquely_actual,1,1,0
also_naive,1,1,0
unintentionally_wonky,1,1,0
unintentionally_wonderful,1,1,0
unintentionally_theatrical,1,1,0
unintentionally_stupid,1,0,1
also_narrow,1,1,0
unintentionally_sad,1,0,1
unintentionally_rude,1,1,0
unintentionally_rough,1,1,0
unintentionally_ridiculous,1,1,0
uniquely_alone,1,1,0
uniquely_amazing,1,1,0
uniquely_ambitious,1,0,1
uniquely_authoritative,1,0,1
uniquely_better,1,1,0
also_metaphysical,1,1,0
uniquely_beloved,1,1,0
also_microscopic,1,1,0
also_military,1,1,0
uniquely_autobiographical,1,1,0
uniquely_autistic,1,0,1
also_modern,1,0,1
also_much,1,1,0
uniquely_attuned,1,0,1
uniquely_attributable,1,1,0
also_moral,1,1,0
uniquely_atmospheric,1,0,1
uniquely_asian,1,0,1
uniquely_appropriate,1,0,1
also_motivating,1,1,0
unintentionally_reminiscent,1,1,0
unintentionally_racy,1,0,1
unintentionally_depressed,1,1,0
also_nasty,1,1,0
also_negligent,1,1,0
also_nerdy,1,1,0
unintentionally_hostile,1,1,0
unintentionally_horrible,1,0,1
unintentionally_homeless,1,1,0
also_newer,1,1,0
unintentionally_harmful,1,1,0
also_next,1,1,0
unintentionally_false,1,1,0
unintentionally_exclusive,1,1,0
unintentionally_entertaining,1,1,0
unintentionally_disturbing,1,0,1
also_nicer,1,1,0
unintentionally_disgusting,1,0,1
unintentionally_discouraging,1,1,0
unintentionally_destructive,1,1,0
unintentionally_depressing,1,1,0
unintentionally_ignorant,1,1,0
also_near,1,1,0
unintentionally_incomplete,1,1,0
unintentionally_negative,1,0,1
unintentionally_quixotic,1,0,1
unintentionally_popular,1,0,1
unintentionally_patronizing,1,1,0
unintentionally_painful,1,1,0
unintentionally_obtuse,1,1,0
also_nationwide,1,1,0
unintentionally_noisy,1,1,0
unintentionally_monochromatic,1,1,0
unintentionally_incriminating,1,0,1
unintentionally_mistaken,1,1,0
unintentionally_lonely,1,0,1
unintentionally_laughable,1,1,0
unintentionally_judgemental,1,1,0
unintentionally_intentional,1,1,0
unintentionally_insensitive,1,1,0
unintentionally_infuriating,1,1,0
also_official,1,1,0
uniformly_utilitarian,1,1,0
uniquely_blessed,1,1,0
unfortunately_invalid,1,1,0
unfortunately_sceptical,1,1,0
unfortunately_scarce,1,1,0
unfortunately_reminiscent,1,1,0
unfortunately_real,1,1,0
also_pedestrian,1,1,0
unfortunately_premium,1,1,0
unfortunately_physical,1,0,1
unfortunately_paradoxical,1,1,0
unfortunately_ostentatious,1,1,0
unfortunately_offensive,1,1,0
unfortunately_natural,1,0,1
unfortunately_national,1,1,0
unfortunately_more,1,1,0
unfortunately_mistaken,1,1,0
unfortunately_lucky,1,1,0
unfortunately_lethal,1,1,0
unfortunately_lacklustre,1,1,0
unfortunately_secondary,1,1,0
unfortunately_similar,1,1,0
unfortunately_slower,1,1,0
unfortunately_unknown,1,1,0
uniformly_angry,1,1,0
uniformly_airy,1,1,0
uniformly_accurate,1,1,0
unfortunately_worried,1,1,0
unfortunately_wet,1,1,0
unfortunately_unsurprising,1,1,0
unfortunately_unlikely,1,1,0
unfortunately_unintentional,1,1,0
unfortunately_standard,1,1,0
unfortunately_uncommon,1,1,0
unfortunately_unavailable,1,1,0
also_patient,1,1,0
unfortunately_true,1,1,0
unfortunately_synonymous,1,1,0
unfortunately_subject,1,1,0
unfortunately_static,1,1,0
unfortunately_involved,1,1,0
also_perceptive,1,1,0
also_parallel,1,1,0
unfortunately_incurable,1,1,0
unfortunately_adept,1,1,0
unfortunately_able,1,1,0
unflinchingly_tough,1,1,0
unflinchingly_succinct,1,1,0
also_plastic,1,1,0
unflinchingly_private,1,0,1
also_pleasurable,1,1,0
unflinchingly_human,1,0,1
also_pluralistic,1,1,0
also_poetic,1,1,0
unflinchingly_explicit,1,1,0
unflinchingly_direct,1,1,0
unflinchingly_confrontational,1,1,0
also_poisonous,1,1,0
unflinchingly_brutal,1,1,0
unflinchingly_authentic,1,1,0
unflinchingly_ambitious,1,0,1
also_pink,1,1,0
unfortunately_bereft,1,1,0
unfortunately_bland,1,0,1
unfortunately_famous,1,1,0
unfortunately_inconclusive,1,1,0
unfortunately_ignorant,1,1,0
unfortunately_horrible,1,1,0
also_permanent,1,1,0
unfortunately_heinous,1,1,0
unfortunately_hard,1,1,0
unfortunately_final,1,1,0
unfortunately_expensive,1,1,0
unfortunately_clunky,1,1,0
also_pertinent,1,0,1
unfortunately_dumb,1,1,0
unfortunately_deplorable,1,1,0
unfortunately_delusional,1,1,0
unfortunately_confused,1,1,0
unfortunately_complex,1,1,0
also_phony,1,1,0
also_paramount,1,1,0
also_paradoxical,1,1,0
uniformly_ugly,1,1,0
uniformly_liberal,1,1,0
also_oppressive,1,1,0
uniformly_poor,1,1,0
uniformly_pigmented,1,1,0
also_optimal,1,1,0
uniformly_outstanding,1,1,0
uniformly_one-dimensional,1,1,0
uniformly_nondescript,1,1,0
also_orange,1,1,0
uniformly_murky,1,1,0
uniformly_monumental,1,1,0
also_ornamental,1,1,0
uniformly_messy,1,1,0
uniformly_memorable,1,1,0
uniformly_marvelous,1,1,0
uniformly_magnificent,1,1,0
uniformly_lower,1,1,0
uniformly_low,1,1,0
uniformly_predictable,1,1,0
uniformly_present,1,1,0
also_opposite,1,1,0
uniformly_tall,1,1,0
uniformly_totalitarian,1,1,0
uniformly_thoughtful,1,1,0
uniformly_thin,1,1,0
uniformly_thick,1,1,0
uniformly_terrific,1,1,0
also_oily,1,1,0
also_one-sided,1,1,0
also_opinionated,1,1,0
uniformly_resilient,1,1,0
uniformly_strong,1,1,0
uniformly_spectacular,1,1,0
uniformly_smooth,1,1,0
uniformly_simplistic,1,1,0
uniformly_russian,1,1,0
uniformly_round,1,1,0
uniformly_ripe,1,1,0
uniformly_light,1,1,0
uniformly_lenient,1,1,0
uniformly_beautiful,1,1,0
uniformly_large,1,1,0
uniformly_dreadful,1,1,0
uniformly_downtrodden,1,1,0
uniformly_distracting,1,1,0
uniformly_disastrous,1,1,0
uniformly_desirable,1,1,0
uniformly_crispy,1,1,0
uniformly_credible,1,1,0
uniformly_correct,1,1,0
uniformly_consistent,1,1,0
uniformly_cloudy,1,1,0
uniformly_clean,1,1,0
uniformly_chic,1,1,0
uniformly_capitalist,1,1,0
uniformly_brown,1,1,0
also_pagan,1,1,0
also_painstaking,1,1,0
uniformly_better,1,1,0
uniformly_dull,1,1,0
uniformly_dumb,1,1,0
uniformly_dystopian,1,0,1
also_outlandish,1,0,1
uniformly_kind,1,1,0
uniformly_interested,1,1,0
uniformly_imperfect,1,1,0
uniformly_illegal,1,1,0
uniformly_hot,1,1,0
uniformly_horizontal,1,1,0
uniformly_honest,1,1,0
uniformly_healthy,1,1,0
uniformly_eccentric,1,1,0
uniformly_harsh,1,1,0
uniformly_good-natured,1,1,0
also_overdone,1,1,0
also_overpriced,1,1,0
uniformly_exploitative,1,1,0
uniformly_exceptional,1,1,0
uniformly_effective,1,1,0
uniquely_bizarre,1,1,0
also_metaphorical,1,1,0
unfathomably_timely,1,1,0
uniquely_quirky,1,1,0
also_indiscriminate,1,1,0
uniquely_revolutionary,1,0,1
uniquely_resourceful,1,1,0
uniquely_repulsive,1,0,1
uniquely_remarkable,1,0,1
uniquely_relevant,1,0,1
uniquely_relentless,1,0,1
uniquely_related,1,1,0
uniquely_relatable,1,1,0
also_inefficient,1,1,0
uniquely_reflective,1,1,0
uniquely_red,1,0,1
uniquely_recognizable,1,1,0
uniquely_reckless,1,1,0
uniquely_receptive,1,1,0
uniquely_reassuring,1,0,1
uniquely_reasonable,1,1,0
uniquely_righteous,1,1,0
uniquely_riveting,1,1,0
uniquely_romantic,1,0,1
uniquely_sexy,1,1,0
uniquely_smart,1,0,1
uniquely_skilled,1,1,0
uniquely_singular,1,1,0
uniquely_simple,1,1,0
uniquely_similar,1,0,1
uniquely_silly,1,0,1
also_incompatible,1,1,0
also_incomplete,1,1,0
uniquely_russian,1,1,0
uniquely_sentimental,1,0,1
uniquely_sensitive,1,0,1
also_inconsistent,1,1,0
uniquely_scientific,1,0,1
uniquely_scary,1,0,1
also_incurable,1,1,0
also_indifferent,1,1,0
uniquely_real,1,0,1
also_inexperienced,1,1,0
uniquely_soulful,1,0,1
uniquely_pure,1,0,1
uniquely_patriotic,1,0,1
uniquely_participatory,1,0,1
uniquely_outstanding,1,0,1
uniquely_outraged,1,1,0
uniquely_organic,1,0,1
also_intensive,1,1,0
uniquely_odd,1,0,1
uniquely_obsessed,1,1,0
uniquely_obscene,1,0,1
uniquely_objectionable,1,1,0
uniquely_noxious,1,0,1
uniquely_novel,1,0,1
uniquely_noble,1,0,1
also_interchangeable,1,1,0
uniquely_negative,1,0,1
uniquely_nefarious,1,0,1
uniquely_needy,1,1,0
uniquely_peaceful,1,1,0
also_inspiring,1,1,0
also_insistent,1,1,0
uniquely_precarious,1,1,0
uniquely_provocative,1,0,1
uniquely_prosperous,1,1,0
uniquely_prominent,1,1,0
also_infectious,1,1,0
uniquely_professional,1,1,0
uniquely_primitive,1,0,1
also_inflammatory,1,1,0
also_inherent,1,1,0
uniquely_perilous,1,0,1
uniquely_positive,1,0,1
uniquely_political,1,0,1
also_insecure,1,1,0
also_insignificant,1,1,0
uniquely_perverse,1,0,1
uniquely_pervasive,1,1,0
also_insipid,1,1,0
uniquely_sophisticated,1,0,1
also_inactive,1,1,0
uniquely_mystical,1,0,1
uniquely_white,1,1,0
also_hindu,1,1,0
universally_beautiful,1,1,0
universally_bad,1,1,0
universally_awful,1,1,0
also_homegrown,1,1,0
also_homophobic,1,1,0
universally_antagonistic,1,1,0
universally_agreeable,1,1,0
universally_afraid,1,1,0
also_hopeless,1,1,0
also_horny,1,1,0
also_horrible,1,1,0
also_hot,1,1,0
uniquely_worthwhile,1,0,1
uniquely_worth,1,1,0
uniquely_worrisome,1,0,1
uniquely_wise,1,1,0
also_hideous,1,1,0
universally_better,1,1,0
universally_bisexual,1,1,0
universally_creepy,1,0,1
universally_exciting,1,0,1
universally_entertaining,1,1,0
also_heartbreaking,1,1,0
also_helpless,1,1,0
also_hereditary,1,1,0
universally_decrepit,1,1,0
universally_cute,1,0,1
universally_comprehensible,1,1,0
universally_calming,1,0,1
universally_compelling,1,0,1
also_heretical,1,1,0
universally_common,1,1,0
universally_comfortable,1,1,0
universally_clear,1,1,0
universally_christian,1,0,1
universally_captivating,1,0,1
uniquely_whole,1,0,1
also_humid,1,1,0
uniquely_specific,1,0,1
also_hurtful,1,1,0
also_immortal,1,1,0
uniquely_threatening,1,0,1
also_immune,1,1,0
also_immutable,1,1,0
also_impatient,1,1,0
uniquely_tasty,1,0,1
uniquely_tangible,1,0,1
also_imperceptible,1,1,0
also_impotent,1,1,0
uniquely_susceptible,1,1,0
also_impoverished,1,1,0
uniquely_summery,1,0,1
uniquely_sublime,1,0,1
also_improbable,1,1,0
uniquely_stressful,1,0,1
uniquely_spiritual,1,0,1
also_inaccurate,1,1,0
uniquely_transcendent,1,0,1
uniquely_transformative,1,1,0
uniquely_tribal,1,0,1
also_ill-equipped,1,1,0
uniquely_vintage,1,1,0
also_hypocritical,1,1,0
uniquely_urgent,1,1,0
uniquely_upsetting,1,0,1
uniquely_untrustworthy,1,0,1
uniquely_unsuited,1,1,0
also_ill,1,1,0
uniquely_unpleasant,1,0,1
uniquely_troubling,1,0,1
uniquely_unlikable,1,1,0
uniquely_unforgettable,1,0,1
also_imaginary,1,1,0
uniquely_uncommon,1,0,1
uniquely_unaware,1,1,0
uniquely_turkish,1,0,1
also_imminent,1,1,0
uniquely_narcissistic,1,1,0
uniquely_mysterious,1,0,1
uniquely_brilliant,1,0,1
uniquely_delusional,1,1,0
uniquely_dope,1,0,1
uniquely_diverse,1,1,0
also_long-term,1,1,0
uniquely_distressing,1,0,1
also_loud,1,1,0
uniquely_disruptive,1,1,0
uniquely_disgusting,1,1,0
uniquely_discouraging,1,0,1
uniquely_digital,1,1,0
uniquely_difficult,1,1,0
also_low-income,1,1,0
uniquely_determined,1,1,0
uniquely_detailed,1,1,0
uniquely_deserving,1,1,0
uniquely_descriptive,1,1,0
also_low-key,1,1,0
uniquely_dependant,1,1,0
uniquely_dumb,1,0,1
uniquely_eccentric,1,0,1
uniquely_eclectic,1,0,1
also_loath,1,1,0
also_liquid,1,1,0
uniquely_eternal,1,0,1
uniquely_essential,1,0,1
uniquely_erotic,1,0,1
uniquely_enticing,1,0,1
uniquely_enthralling,1,0,1
uniquely_entertaining,1,0,1
uniquely_engrossing,1,0,1
uniquely_educational,1,0,1
also_logical,1,1,0
uniquely_enduring,1,0,1
uniquely_embarrassing,1,0,1
uniquely_elegant,1,0,1
uniquely_electric,1,0,1
uniquely_efficient,1,1,0
also_long,1,1,0
uniquely_demanding,1,0,1
uniquely_delightful,1,0,1
uniquely_exceptional,1,1,0
also_low-tech,1,1,0
uniquely_compassionate,1,1,0
also_massive,1,1,0
uniquely_collectible,1,1,0
uniquely_coherent,1,0,1
uniquely_cinematic,1,0,1
also_mechanical,1,1,0
uniquely_chilling,1,1,0
also_medieval,1,1,0
uniquely_chaotic,1,0,1
also_meditative,1,1,0
uniquely_cathartic,1,0,1
uniquely_catastrophic,1,0,1
also_mellow,1,1,0
also_memorable,1,1,0
uniquely_callous,1,0,1
uniquely_buddhist,1,0,1
also_metallic,1,1,0
also_manual,1,0,1
also_manipulative,1,1,0
uniquely_concerned,1,1,0
uniquely_cute,1,0,1
uniquely_deficient,1,0,1
uniquely_defective,1,1,0
uniquely_deep,1,1,0
uniquely_daunting,1,0,1
uniquely_dark,1,0,1
uniquely_daring,1,0,1
also_mad,1,1,0
uniquely_cultural,1,1,0
uniquely_conservative,1,1,0
also_major,1,1,0
also_man-made,1,1,0
uniquely_correct,1,1,0
also_manageable,1,1,0
uniquely_contentious,1,1,0
also_manifest,1,1,0
uniquely_consistent,1,1,0
uniquely_evocative,1,0,1
also_lightweight,1,1,0
also_interdependent,1,1,0
also_irreverent,1,1,0
uniquely_irresponsible,1,0,1
uniquely_irresistible,1,0,1
uniquely_irish,1,1,0
uniquely_invigorating,1,0,1
uniquely_inventive,1,0,1
uniquely_intriguing,1,0,1
uniquely_intractable,1,0,1
also_irksome,1,0,1
uniquely_inspiring,1,0,1
uniquely_insidious,1,0,1
uniquely_insane,1,1,0
uniquely_inhuman,1,0,1
uniquely_inherent,1,0,1
uniquely_ingenious,1,0,1
also_irrelevant,1,1,0
also_irresponsible,1,1,0
uniquely_inappropriate,1,1,0
uniquely_irritating,1,0,1
uniquely_islamic,1,0,1
also_irish,1,1,0
uniquely_maddening,1,0,1
uniquely_miserable,1,0,1
uniquely_mexican,1,0,1
uniquely_mercurial,1,0,1
also_intermittent,1,1,0
uniquely_mean-spirited,1,0,1
uniquely_masculine,1,0,1
also_internal,1,1,0
uniquely_luxurious,1,0,1
uniquely_italian,1,1,0
uniquely_lukewarm,1,1,0
also_intimate,1,1,0
uniquely_liberating,1,0,1
also_intriguing,1,1,0
uniquely_joyful,1,1,0
also_invalid,1,1,0
also_invigorating,1,0,1
uniquely_inadequate,1,1,0
also_irritable,1,1,0
uniquely_exhilarating,1,0,1
uniquely_imperfect,1,1,0
uniquely_gendered,1,1,0
also_laden,1,1,0
uniquely_functional,1,1,0
also_last,1,1,0
uniquely_frustrating,1,0,1
also_late,1,1,0
also_latino,1,1,0
uniquely_foul,1,0,1
also_legit,1,1,0
also_lengthy,1,1,0
uniquely_favorable,1,1,0
also_lethal,1,1,0
uniquely_fantastic,1,0,1
uniquely_familiar,1,0,1
uniquely_expressive,1,1,0
uniquely_experiential,1,0,1
also_light,1,1,0
uniquely_german,1,0,1
also_justified,1,1,0
uniquely_grand,1,0,1
also_japanese,1,1,0
also_italian,1,0,1
uniquely_immersive,1,0,1
uniquely_ill,1,1,0
uniquely_idiosyncratic,1,1,0
also_itchy,1,1,0
uniquely_humiliating,1,0,1
also_jaded,1,1,0
uniquely_horrible,1,0,1
uniquely_great,1,0,1
uniquely_high,1,1,0
uniquely_heroic,1,0,1
uniquely_harmful,1,0,1
also_jealous,1,1,0
uniquely_handicapped,1,1,0
uniquely_gullible,1,1,0
uniquely_grotesque,1,0,1
unflinchingly_accurate,1,0,1
unfathomably_tender,1,1,0
also_unacceptable,1,1,0
undoubtedly_interesting,1,1,0
undoubtedly_popular,1,1,0
undoubtedly_pleasant,1,0,1
undoubtedly_personal,1,1,0
undoubtedly_peaceful,1,1,0
undoubtedly_passionate,1,1,0
undoubtedly_painful,1,1,0
undoubtedly_outstanding,1,1,0
undoubtedly_ordinary,1,0,1
undoubtedly_nervous,1,1,0
also_solvable,1,1,0
undoubtedly_narcissistic,1,1,0
undoubtedly_more,1,0,1
undoubtedly_monotonous,1,1,0
undoubtedly_mistaken,1,1,0
undoubtedly_magical,1,0,1
undoubtedly_liquid,1,1,0
undoubtedly_late,1,1,0
undoubtedly_positive,1,1,0
also_soluble,1,1,0
undoubtedly_predisposed,1,0,1
undoubtedly_ripe,1,0,1
also_sobering,1,1,0
undoubtedly_sexy,1,1,0
undoubtedly_sexual,1,1,0
undoubtedly_scared,1,1,0
undoubtedly_satisfying,1,1,0
undoubtedly_safer,1,1,0
undoubtedly_rude,1,0,1
undoubtedly_retro,1,0,1
undoubtedly_present,1,1,0
undoubtedly_responsible,1,0,1
undoubtedly_religious,1,1,0
undoubtedly_relevant,1,1,0
also_solid,1,1,0
undoubtedly_real,1,1,0
undoubtedly_proud,1,0,1
undoubtedly_preventable,1,1,0
undoubtedly_keen,1,1,0
undoubtedly_interested,1,1,0
undoubtedly_similar,1,1,0
undoubtedly_indicative,1,1,0
also_square,1,1,0
undoubtedly_financial,1,1,0
undoubtedly_fatal,1,1,0
undoubtedly_fantastic,1,1,0
also_squeamish,1,1,0
also_stable,1,1,0
undoubtedly_erroneous,1,1,0
undoubtedly_environmental,1,1,0
undoubtedly_envious,1,1,0
undoubtedly_enticing,1,1,0
undoubtedly_entertaining,1,1,0
undoubtedly_eastern,1,0,1
undoubtedly_eager,1,1,0
also_steep,1,1,0
undoubtedly_dreadful,1,1,0
undoubtedly_disgusting,1,1,0
undoubtedly_disappointed,1,1,0
undoubtedly_frivolous,1,1,0
undoubtedly_funny,1,1,0
undoubtedly_futuristic,1,1,0
undoubtedly_icky,1,0,1
undoubtedly_incongruous,1,0,1
undoubtedly_impressive,1,1,0
also_splendid,1,1,0
undoubtedly_imperative,1,1,0
undoubtedly_imaginable,1,1,0
undoubtedly_illegal,1,1,0
undoubtedly_idiotic,1,1,0
undoubtedly_huge,1,1,0
undoubtedly_gay,1,1,0
undoubtedly_high,1,1,0
undoubtedly_heroic,1,1,0
undoubtedly_heartfelt,1,1,0
undoubtedly_happy,1,1,0
also_sporty,1,1,0
also_spurious,1,1,0
undoubtedly_gimmicky,1,1,0
undoubtedly_sick,1,1,0
undoubtedly_sincere,1,1,0
undoubtedly_deserving,1,1,0
unduly_bold,1,1,0
unduly_disrespectful,1,1,0
also_shameless,1,1,0
also_shareable,1,1,0
unduly_detrimental,1,1,0
also_shocking,1,1,0
unduly_cumbersome,1,1,0
unduly_critical,1,1,0
unduly_crass,1,1,0
unduly_costly,1,1,0
unduly_convoluted,1,1,0
also_shorter,1,1,0
also_silent,1,1,0
unduly_complicated,1,1,0
unduly_catastrophic,1,1,0
unduly_casual,1,1,0
also_sinful,1,1,0
unduly_bulky,1,1,0
unduly_disruptive,1,1,0
unduly_distracting,1,1,0
unduly_elated,1,1,0
unduly_hasty,1,1,0
unduly_long,1,1,0
unduly_lenient,1,1,0
unduly_judgmental,1,1,0
unduly_invasive,1,1,0
unduly_intimidating,1,1,0
unduly_impressive,1,1,0
unduly_hostile,1,1,0
also_several,1,1,0
unduly_excited,1,1,0
unduly_generous,1,1,0
also_sexist,1,1,0
unduly_favourable,1,1,0
also_sexual,1,1,0
unduly_fatigued,1,1,0
unduly_extravagant,1,1,0
also_shallow,1,1,0
unduly_broad,1,1,0
unduly_biased,1,1,0
undoubtedly_sinful,1,1,0
unduly_bent,1,1,0
undoubtedly_unfair,1,0,1
also_smarter,1,1,0
undoubtedly_traumatic,1,1,0
undoubtedly_timely,1,0,1
undoubtedly_technical,1,1,0
undoubtedly_tasty,1,1,0
also_smug,1,1,0
undoubtedly_symbolic,1,1,0
undoubtedly_suspicious,1,1,0
undoubtedly_surprising,1,0,1
undoubtedly_successful,1,1,0
undoubtedly_straight,1,1,0
undoubtedly_spurious,1,1,0
undoubtedly_spooky,1,0,1
undoubtedly_special,1,0,1
undoubtedly_smarter,1,1,0
undoubtedly_small,1,1,0
undoubtedly_unhappy,1,1,0
undoubtedly_unhealthy,1,1,0
undoubtedly_unknown,1,0,1
undoubtedly_worth,1,1,0
unduly_assertive,1,1,0
unduly_anxious,1,1,0
unduly_aggressive,1,1,0
unduly_afraid,1,1,0
unduly_academic,1,1,0
also_skinny,1,1,0
undoubtedly_worthy,1,1,0
undoubtedly_worried,1,1,0
undoubtedly_upset,1,1,0
also_skittish,1,1,0
undoubtedly_wild,1,0,1
undoubtedly_welcome,1,1,0
undoubtedly_wary,1,1,0
undoubtedly_vulgar,1,1,0
undoubtedly_vintage,1,0,1
also_slimy,1,1,0
undoubtedly_different,1,0,1
undoubtedly_depressed,1,1,0
unduly_mysterious,1,1,0
also_transferable,1,1,0
understandably_conscious,1,1,0
understandably_comforting,1,0,1
also_tolerant,1,1,0
understandably_brutal,1,0,1
also_top,1,1,0
understandably_antsy,1,1,0
understandably_anonymous,1,1,0
understandably_annoying,1,1,0
also_torture,1,1,0
understandably_ambivalent,1,1,0
understandably_afraid,1,1,0
understandably_adamant,1,1,0
also_touristy,1,1,0
undeniably_worthwhile,1,1,0
undeniably_worth,1,1,0
undeniably_worse,1,1,0
undeniably_wooden,1,0,1
also_thicker,1,1,0
understandably_defensive,1,1,0
understandably_delighted,1,1,0
understandably_elated,1,1,0
understandably_frustrating,1,1,0
also_tempting,1,1,0
understandably_frightened,1,1,0
also_tense,1,1,0
understandably_exhausting,1,1,0
understandably_english,1,1,0
understandably_emotional,1,1,0
also_territorial,1,1,0
understandably_depressed,1,1,0
also_thankful,1,1,0
understandably_distraught,1,1,0
understandably_disillusioned,1,1,0
understandably_discouraged,1,1,0
also_thematic,1,1,0
understandably_difficult,1,1,0
also_theoretical,1,1,0
undeniably_wondrous,1,0,1
undeniably_wise,1,0,1
also_temporary,1,1,0
also_transgender,1,1,0
also_tremendous,1,1,0
also_troubled,1,1,0
undeniably_theatrical,1,0,1
undeniably_terrifying,1,0,1
undeniably_tempting,1,0,1
undeniably_tall,1,1,0
also_trustworthy,1,1,0
undeniably_superior,1,1,0
undeniably_sumptuous,1,1,0
undeniably_sultry,1,0,1
undeniably_subversive,1,0,1
undeniably_subtle,1,1,0
undeniably_sublime,1,0,1
undeniably_stunning,1,1,0
undeniably_strong,1,1,0
undeniably_stimulating,1,0,1
undeniably_sterile,1,0,1
undeniably_timeless,1,0,1
also_traumatizing,1,1,0
undeniably_tragic,1,0,1
undeniably_uplifting,1,0,1
undeniably_wholesome,1,0,1
undeniably_white,1,1,0
also_transient,1,1,0
undeniably_weak,1,1,0
undeniably_watchable,1,0,1
undeniably_vital,1,0,1
undeniably_valuable,1,1,0
undeniably_unusual,1,0,1
undeniably_transcendent,1,0,1
also_translucent,1,1,0
undeniably_unhappy,1,1,0
undeniably_ugly,1,0,1
undeniably_uglier,1,1,0
also_transparent,1,1,0
also_trashy,1,1,0
undeniably_transformative,1,0,1
understandably_heartbroken,1,1,0
understandably_ignorant,1,1,0
undoubtedly_delicious,1,1,0
also_subjective,1,1,0
undoubtedly_bigger,1,1,0
also_strategic,1,1,0
undoubtedly_beneficial,1,1,0
also_stronger,1,1,0
undoubtedly_authentic,1,1,0
undoubtedly_australian,1,1,0
also_structural,1,1,0
undoubtedly_attractive,1,0,1
undoubtedly_artistic,1,1,0
undoubtedly_apocryphal,1,1,0
undoubtedly_anti-semitic,1,1,0
undoubtedly_amusing,1,1,0
undoubtedly_amiss,1,1,0
undoubtedly_absurd,1,0,1
understandably_wise,1,1,0
understandably_weird,1,1,0
understandably_weary,1,1,0
undoubtedly_bogus,1,1,0
undoubtedly_bold,1,1,0
also_straightforward,1,1,0
undoubtedly_crazy,1,1,0
undoubtedly_defunct,1,1,0
undoubtedly_decisive,1,1,0
undoubtedly_dear,1,0,1
undoubtedly_dangerous,1,0,1
undoubtedly_curious,1,1,0
undoubtedly_cultural,1,1,0
undoubtedly_cruel,1,0,1
also_straight,1,1,0
undoubtedly_catholic,1,1,0
undoubtedly_cool,1,0,1
undoubtedly_controversial,1,1,0
undoubtedly_concerned,1,1,0
undoubtedly_clear,1,1,0
undoubtedly_classic,1,0,1
undoubtedly_chemical,1,1,0
undoubtedly_charming,1,1,0
also_stupid,1,1,0
also_sublime,1,1,0
understandably_introspective,1,1,0
understandably_unsettling,1,1,0
also_sustainable,1,1,0
understandably_quick,1,1,0
understandably_protective,1,1,0
understandably_pleased,1,1,0
understandably_parochial,1,1,0
understandably_overwhelming,1,1,0
understandably_odd,1,1,0
understandably_obsessed,1,1,0
also_symptomatic,1,1,0
understandably_naive,1,1,0
understandably_mistaken,1,1,0
understandably_loath,1,1,0
also_tacky,1,1,0
also_technical,1,1,0
understandably_late,1,1,0
understandably_irate,1,1,0
understandably_involved,1,1,0
understandably_resentful,1,1,0
understandably_resistant,1,1,0
also_surreal,1,1,0
also_such,1,1,0
understandably_unsettled,1,1,0
also_substantive,1,1,0
understandably_uncomfortable,1,1,0
understandably_uncertain,1,1,0
also_suburban,1,1,0
also_subversive,1,1,0
understandably_terrifying,1,1,0
understandably_small,1,1,0
understandably_sad,1,1,0
understandably_slow,1,1,0
also_sufficient,1,1,0
understandably_sick,1,1,0
understandably_short,1,1,0
also_suicidal,1,1,0
understandably_selfish,1,1,0
also_superstitious,1,1,0
unduly_massive,1,1,0
also_sentient,1,1,0
unfathomably_spectacular,1,0,1
unexpectedly_sick,1,1,0
also_provocative,1,1,0
unexpectedly_thoughtful,1,1,0
unexpectedly_terrifying,1,1,0
unexpectedly_tender,1,0,1
unexpectedly_tasty,1,1,0
also_prudent,1,1,0
unexpectedly_surprised,1,1,0
unexpectedly_supportive,1,1,0
unexpectedly_superior,1,0,1
unexpectedly_sunny,1,1,0
unexpectedly_sudden,1,1,0
unexpectedly_strong,1,0,1
unexpectedly_strange,1,1,0
also_psychological,1,1,0
also_punishable,1,1,0
unexpectedly_small,1,1,0
unexpectedly_simple,1,0,1
unexpectedly_unavailable,1,1,0
unexpectedly_underwhelming,1,1,0
unexpectedly_unemployed,1,1,0
unexpectedly_warm,1,1,0
unfailingly_candid,1,1,0
unfailingly_attractive,1,0,1
unfailingly_accurate,1,1,0
unexpectedly_youthful,1,0,1
unexpectedly_wrong,1,0,1
also_prohibitive,1,1,0
also_proper,1,1,0
unexpectedly_vigorous,1,0,1
unexpectedly_unequal,1,1,0
unexpectedly_vicious,1,1,0
unexpectedly_vegan,1,1,0
unexpectedly_useful,1,0,1
unexpectedly_unsettling,1,0,1
unexpectedly_unreachable,1,1,0
unexpectedly_universal,1,1,0
unexpectedly_unhelpful,1,0,1
unexpectedly_significant,1,0,1
also_pure,1,1,0
unfailingly_civil,1,1,0
unexpectedly_sharp,1,1,0
unexpectedly_perfect,1,0,1
unexpectedly_perceptive,1,1,0
unexpectedly_pastoral,1,1,0
unexpectedly_painful,1,0,1
unexpectedly_overwhelming,1,1,0
unexpectedly_overwhelmed,1,1,0
unexpectedly_organic,1,0,1
unexpectedly_offline,1,1,0
unexpectedly_odd,1,0,1
unexpectedly_null,1,1,0
unexpectedly_moving,1,0,1
unexpectedly_motivating,1,0,1
also_receptive,1,1,0
unexpectedly_modern,1,0,1
unexpectedly_moderate,1,1,0
unexpectedly_memorable,1,0,1
unexpectedly_melodic,1,1,0
unexpectedly_personable,1,1,0
also_realistic,1,1,0
also_reactive,1,1,0
unexpectedly_relevant,1,0,1
unexpectedly_sensitive,1,1,0
also_questionable,1,1,0
unexpectedly_sad,1,0,1
unexpectedly_rude,1,1,0
unexpectedly_romantic,1,1,0
unexpectedly_rewarding,1,0,1
unexpectedly_resilient,1,1,0
unexpectedly_relaxing,1,0,1
also_raw,1,1,0
also_quicker,1,1,0
unexpectedly_quiet,1,1,0
also_quiet,1,1,0
unexpectedly_professional,1,0,1
unexpectedly_pregnant,1,1,0
unexpectedly_predictable,1,1,0
also_rapid,1,1,0
also_programmable,1,1,0
unfailingly_classy,1,1,0
unexpectedly_meaningful,1,0,1
also_premium,1,1,0
unfathomably_complicated,1,1,0
unfathomably_better,1,0,1
unfairly_unfriendly,1,1,0
unfairly_targeted,1,1,0
unfairly_sweet,1,1,0
unfairly_surprised,1,1,0
unfairly_superior,1,1,0
unfairly_short,1,1,0
unfairly_selective,1,1,0
also_pragmatic,1,1,0
unfairly_partisan,1,1,0
unfairly_oppressive,1,1,0
also_precise,1,1,0
unfairly_negative,1,1,0
unfairly_misunderstood,1,1,0
unfairly_mistaken,1,1,0
also_predictable,1,1,0
unfathomably_dangerous,1,1,0
unfathomably_despicable,1,0,1
unfathomably_dire,1,1,0
also_polite,1,1,0
unfathomably_scary,1,0,1
also_polish,1,1,0
unfathomably_powerful,1,0,1
unfathomably_popular,1,1,0
unfathomably_nonsensical,1,1,0
unfathomably_nice,1,1,0
unfathomably_monumental,1,1,0
unfathomably_magnificent,1,0,1
unfathomably_evil,1,1,0
unfathomably_lucky,1,1,0
unfathomably_liberating,1,0,1
unfathomably_irritating,1,1,0
unfathomably_infinite,1,0,1
unfathomably_horrific,1,1,0
unfathomably_great,1,0,1
unfathomably_fragile,1,1,0
unfairly_good-looking,1,1,0
unfairly_distracting,1,1,0
unfailingly_congenial,1,1,0
also_prepared,1,1,0
also_prior,1,1,0
unfailingly_modest,1,1,0
unfailingly_loyal,1,1,0
also_privy,1,1,0
unfailingly_helpful,1,1,0
also_pro-choice,1,1,0
unfailingly_gracious,1,1,0
unfailingly_generous,1,1,0
unfailingly_funny,1,1,0
also_probable,1,1,0
unfailingly_fair,1,1,0
unfailingly_enthusiastic,1,1,0
unfailingly_earnest,1,1,0
unfailingly_dysfunctional,1,1,0
unfailingly_delicious,1,1,0
also_professional,1,1,0
also_profitable,1,1,0
unfailingly_nostalgic,1,1,0
unfailingly_open,1,1,0
unfailingly_optimistic,1,0,1
unfairly_biased,1,1,0
unfairly_difficult,1,1,0
unfairly_detrimental,1,1,0
unfairly_darker,1,1,0
also_preposterous,1,1,0
unfairly_controversial,1,1,0
unfairly_cheap,1,1,0
unfairly_bright,1,1,0
unfairly_balanced,1,1,0
also_prime,1,1,0
unfairly_aggressive,1,1,0
unfairly_advantageous,1,1,0
unfairly_advantaged,1,1,0
unfailingly_truthful,1,1,0
also_preventable,1,1,0
unfailingly_reliable,1,1,0
also_pricier,1,1,0
unexpectedly_medical,1,0,1
unexpectedly_magical,1,0,1
unduly_nervous,1,1,0
unequivocally_beautiful,1,0,1
unequivocally_french,1,0,1
unequivocally_flawed,1,1,0
also_sadder,1,0,1
unequivocally_excellent,1,0,1
unequivocally_evil,1,1,0
unequivocally_effective,1,1,0
unequivocally_due,1,1,0
unequivocally_doubtful,1,1,0
unequivocally_damning,1,1,0
unequivocally_cruel,1,0,1
unequivocally_critical,1,1,0
unequivocally_complimentary,1,1,0
unequivocally_colorful,1,1,0
unequivocally_charming,1,1,0
unequivocally_carcinogenic,1,1,0
unequivocally_bleak,1,1,0
unequivocally_better,1,1,0
unequivocally_funny,1,1,0
also_sacred,1,1,0
unequivocally_impossible,1,0,1
unequivocally_new,1,0,1
also_rough,1,1,0
unequivocally_pro-choice,1,0,1
also_rude,1,1,0
unequivocally_peaceful,1,1,0
unequivocally_outrageous,1,0,1
unequivocally_online,1,1,0
unequivocally_novel,1,0,1
also_rugged,1,1,0
unequivocally_incompatible,1,1,0
unequivocally_meaningful,1,0,1
unequivocally_male,1,1,0
also_russian,1,1,0
unequivocally_lovely,1,0,1
unequivocally_inhumane,1,0,1
unequivocally_indispensable,1,0,1
unequivocally_incorrect,1,1,0
unequivocally_beneficial,1,0,1
unequivocally_bad,1,0,1
unequivocally_spectacular,1,0,1
unequivocally_awful,1,0,1
also_searchable,1,1,0
also_seasonal,1,1,0
unduly_repetitive,1,1,0
unduly_reliant,1,1,0
unduly_reckless,1,1,0
unduly_punitive,1,1,0
also_secular,1,1,0
unduly_positive,1,1,0
also_self-indulgent,1,1,0
unduly_personal,1,0,1
unduly_persistent,1,1,0
also_self-taught,1,1,0
also_selfish,1,1,0
unduly_oppressive,1,1,0
also_sensual,1,1,0
unduly_obnoxious,1,1,0
unduly_nostalgic,1,1,0
unduly_reticent,1,1,0
also_scalable,1,1,0
also_satisfied,1,1,0
unduly_threatening,1,1,0
unequivocally_american,1,0,1
unequivocally_able,1,1,0
unduly_wrong,1,1,0
unduly_worried,1,1,0
unduly_vulnerable,1,1,0
unduly_violent,1,1,0
unduly_upset,1,0,1
unduly_terrible,1,1,0
unduly_skeptical,1,1,0
unduly_sympathetic,1,1,0
unduly_sweaty,1,1,0
unduly_succinct,1,1,0
unduly_strict,1,1,0
unduly_speculative,1,1,0
unduly_smelly,1,1,0
also_satisfactory,1,0,1
unequivocally_special,1,0,1
unequivocally_torture,1,1,0
unexpectedly_lyrical,1,1,0
unexpectedly_enlightening,1,0,1
unexpectedly_heartbreaking,1,0,1
unexpectedly_happy,1,1,0
unexpectedly_gorgeous,1,1,0
also_removable,1,1,0
unexpectedly_fruitful,1,1,0
also_replaceable,1,1,0
also_representative,1,1,0
unexpectedly_forthright,1,0,1
unexpectedly_foolish,1,0,1
unexpectedly_fluffy,1,1,0
unexpectedly_filthy,1,1,0
unexpectedly_ferocious,1,0,1
also_republican,1,1,0
unexpectedly_fabulous,1,0,1
unexpectedly_extraordinary,1,1,0
unexpectedly_expensive,1,1,0
unexpectedly_exciting,1,0,1
unexpectedly_helpful,1,1,0
also_relaxing,1,1,0
unexpectedly_higher,1,1,0
unexpectedly_inventive,1,1,0
unexpectedly_low,1,1,0
also_recognizable,1,1,0
unexpectedly_late,1,1,0
unexpectedly_large,1,1,0
also_rectangular,1,1,0
unexpectedly_jealous,1,0,1
unexpectedly_irresistible,1,0,1
also_redundant,1,1,0
also_regular,1,1,0
also_refreshing,1,0,1
also_regional,1,1,0
unexpectedly_ineffective,1,1,0
unexpectedly_impressive,1,1,0
unexpectedly_imaginative,1,0,1
unexpectedly_ill,1,1,0
unexpectedly_humane,1,1,0
also_repulsive,1,0,1
unexpectedly_empowering,1,0,1
unequivocally_ugly,1,1,0
unexpectedly_emotional,1,0,1
unexpectedly_close,1,1,0
unexpectedly_civil,1,1,0
unexpectedly_cheap,1,1,0
unexpectedly_charming,1,0,1
also_retrograde,1,1,0
unexpectedly_bold,1,1,0
unexpectedly_blunt,1,0,1
also_reusable,1,1,0
also_reversible,1,1,0
also_rife,1,1,0
unexpectedly_aspirational,1,0,1
unexpectedly_alive,1,0,1
unexpectedly_affordable,1,1,0
also_riskier,1,1,0
unequivocally_worth,1,0,1
unequivocally_unwilling,1,1,0
unequivocally_universal,1,0,1
also_retro,1,1,0
unexpectedly_colorful,1,0,1
also_respectful,1,1,0
also_resident,1,1,0
unexpectedly_electrifying,1,0,1
unexpectedly_easy,1,1,0
unexpectedly_drab,1,0,1
unexpectedly_divine,1,0,1
also_reputable,1,1,0
unexpectedly_devastating,1,0,1
unexpectedly_desirable,1,0,1
also_residential,1,1,0
unexpectedly_complicated,1,1,0
unexpectedly_delicate,1,1,0
unexpectedly_deeper,1,0,1
unexpectedly_deep,1,1,0
unexpectedly_darker,1,0,1
also_resonant,1,0,1
unexpectedly_cute,1,1,0
also_resourceful,1,1,0
almost_homely,1,0,1
very_bountiful,1,1,0
almost_homeless,1,1,0
absolutely_praiseworthy,1,1,0
well_seasoned,1,1,0
well_scary,1,1,0
absolutely_pitiful,1,1,0
well_safe,1,1,0
well_run,1,1,0
well_rude,1,1,0
well_round,1,1,0
well_risky,1,1,0
absolutely_pivotal,1,0,1
well_ridiculous,1,1,0
well_rich,1,1,0
well_relevant,1,1,0
well_relaxed,1,1,0
well_receptive,1,1,0
well_realistic,1,1,0
well_real,1,1,0
absolutely_practical,1,1,0
well_secondary,1,1,0
well_secure,1,1,0
well_serious,1,1,0
absolutely_painful,1,1,0
well_stupid,1,1,0
well_structured,1,1,0
well_straight,1,1,0
well_sporty,1,1,0
well_sorry,1,1,0
well_social,1,1,0
well_smart,1,1,0
absolutely_panicked,1,1,0
absolutely_perplexing,1,1,0
well_slim,1,1,0
absolutely_paranoid,1,1,0
well_sinister,1,0,1
absolutely_pathetic,1,1,0
absolutely_peaceful,1,1,0
well_showy,1,1,0
absolutely_perpendicular,1,1,0
well_radical,1,1,0
well_proportionate,1,1,0
well_superior,1,1,0
well_primary,1,1,0
absolutely_readable,1,1,0
well_obvious,1,1,0
well_nasty,1,1,0
well_mystical,1,1,0
well_much,1,1,0
well_motivated,1,1,0
absolutely_reckless,1,1,0
well_mortal,1,1,0
absolutely_recommendable,1,1,0
well_monthly,1,1,0
well_moisturized,1,1,0
absolutely_refreshing,1,0,1
well_modern,1,0,1
absolutely_regrettable,1,1,0
well_mindful,1,1,0
well_mediocre,1,1,0
absolutely_related,1,1,0
absolutely_rational,1,1,0
well_ok,1,0,1
well_okay,1,1,0
absolutely_pristine,1,1,0
well_pricey,1,1,0
well_prepared,1,1,0
well_predictable,1,1,0
well_precious,1,1,0
absolutely_preventable,1,1,0
well_playable,1,1,0
well_plausible,1,1,0
well_personal,1,0,1
absolutely_puzzling,1,1,0
absolutely_private,1,1,0
absolutely_privileged,1,1,0
absolutely_pro-choice,1,1,0
absolutely_psyched,1,1,0
well_operational,1,1,0
absolutely_punctual,1,1,0
absolutely_purple,1,1,0
well_stylish,1,1,0
well_supportive,1,1,0
absolutely_relaxing,1,0,1
absolutely_negligible,1,1,0
wholly_cerebral,1,1,0
wholly_capricious,1,1,0
absolutely_moronic,1,0,1
wholly_british,1,1,0
wholly_boring,1,1,0
wholly_bleak,1,0,1
wholly_biblical,1,1,0
wholly_bewildering,1,0,1
absolutely_mushy,1,0,1
wholly_beautiful,1,0,1
wholly_baseless,1,1,0
absolutely_mute,1,1,0
wholly_available,1,1,0
wholly_australian,1,1,0
absolutely_nasty,1,0,1
wholly_articulate,1,1,0
wholly_arrogant,1,1,0
wholly_challenging,1,0,1
absolutely_moral,1,1,0
wholly_clear,1,1,0
wholly_correct,1,1,0
wholly_debilitating,1,0,1
wholly_dead,1,1,0
wholly_darker,1,0,1
absolutely_monogamous,1,1,0
wholly_cruel,1,1,0
wholly_criminal,1,1,0
wholly_cozy,1,1,0
wholly_convincing,1,0,1
wholly_coherent,1,0,1
wholly_contrived,1,1,0
wholly_contrary,1,0,1
absolutely_monolithic,1,1,0
wholly_confident,1,1,0
wholly_committed,1,1,0
wholly_commendable,1,1,0
wholly_comfortable,1,1,0
absolutely_naughty,1,0,1
wholly_appreciative,1,0,1
well_sure,1,1,0
wholly_apolitical,1,0,1
well_weak,1,1,0
absolutely_optional,1,0,1
well_usual,1,1,0
well_usable,1,1,0
well_unknown,1,1,0
well_unfavorable,1,1,0
absolutely_ours,1,1,0
absolutely_overwhelmed,1,1,0
well_tricky,1,1,0
well_treatable,1,1,0
well_trained,1,1,0
well_tiny,1,1,0
well_tidy,1,1,0
well_thorny,1,1,0
well_textured,1,1,0
well_tasty,1,1,0
well_tall,1,1,0
well_weary,1,1,0
well_wet,1,1,0
well_white,1,1,0
absolutely_nude,1,1,0
absolutely_nightmarish,1,0,1
wholly_ambivalent,1,1,0
absolutely_non-existent,1,1,0
wholly_aesthetic,1,1,0
wholly_advisable,1,1,0
wholly_adverse,1,1,0
absolutely_nonsensical,1,1,0
wholly_accidental,1,1,0
absolutely_okay,1,1,0
wholly_acceptable,1,0,1
wholly_able,1,1,0
well_youthful,1,1,0
well_wrought,1,1,0
absolutely_obligatory,1,0,1
absolutely_obsolete,1,0,1
absolutely_off,1,1,0
well_massive,1,1,0
well_manageable,1,1,0
absolutely_modern,1,0,1
weirdly_theatrical,1,1,0
well_addictive,1,1,0
well_acquainted,1,0,1
absolutely_staggering,1,1,0
well_accessible,1,1,0
well_abundant,1,1,0
absolutely_sterile,1,1,0
absolutely_straight,1,1,0
weirdly_watchable,1,1,0
weirdly_visible,1,1,0
weirdly_upsetting,1,1,0
weirdly_unrealistic,1,1,0
weirdly_unfamiliar,1,0,1
weirdly_unfair,1,1,0
weirdly_tranquil,1,1,0
weirdly_traditional,1,1,0
weirdly_touching,1,1,0
weirdly_timeless,1,0,1
absolutely_stable,1,0,1
well_adult,1,1,0
well_airy,1,1,0
well_balanced,1,0,1
well_blameless,1,1,0
well_bilingual,1,1,0
well_big,1,1,0
absolutely_sinister,1,0,1
well_best,1,1,0
well_beautiful,1,0,1
well_bashful,1,1,0
well_bad,1,0,1
well_amiss,1,1,0
absolutely_sketchy,1,1,0
absolutely_smooth,1,1,0
absolutely_sound,1,1,0
absolutely_southern,1,0,1
well_apt,1,1,0
well_appropriate,1,1,0
well_anxious,1,1,0
weirdly_therapeutic,1,0,1
weirdly_sweet,1,1,0
well_blissful,1,1,0
weirdly_surprising,1,1,0
weirdly_retro,1,1,0
weirdly_reminiscent,1,0,1
weirdly_related,1,1,0
absolutely_suspicious,1,0,1
absolutely_sympathetic,1,0,1
weirdly_ready,1,1,0
weirdly_profound,1,1,0
weirdly_pristine,1,0,1
weirdly_prescient,1,1,0
weirdly_political,1,0,1
weirdly_poetic,1,0,1
weirdly_pleasurable,1,1,0
weirdly_pleasant,1,1,0
absolutely_taboo,1,0,1
weirdly_personal,1,0,1
weirdly_peaceful,1,0,1
weirdly_pathological,1,0,1
weirdly_revealing,1,1,0
weirdly_richer,1,0,1
weirdly_right,1,1,0
weirdly_sleepy,1,1,0
weirdly_successful,1,0,1
weirdly_stimulating,1,0,1
weirdly_sticky,1,0,1
weirdly_sterile,1,0,1
absolutely_straightforward,1,0,1
absolutely_strange,1,0,1
weirdly_smart,1,1,0
absolutely_subject,1,1,0
weirdly_sacred,1,1,0
weirdly_single,1,1,0
absolutely_submissive,1,1,0
weirdly_silent,1,1,0
weirdly_sharp,1,0,1
absolutely_sufficient,1,1,0
weirdly_schizophrenic,1,1,0
absolutely_surprised,1,1,0
well_blended,1,1,0
well_bloody,1,1,0
well_lucrative,1,1,0
absolutely_satisfying,1,0,1
absolutely_routine,1,1,0
well_hard,1,1,0
absolutely_rude,1,1,0
well_green,1,1,0
absolutely_ruinous,1,1,0
well_glad,1,1,0
well_functional,1,1,0
well_full,1,1,0
well_fitting,1,1,0
well_fine,1,1,0
well_fatigued,1,1,0
well_expert,1,1,0
absolutely_safer,1,1,0
absolutely_same,1,1,0
well_established,1,1,0
well_essential,1,1,0
well_equipped,1,1,0
absolutely_rigid,1,0,1
well_higher,1,1,0
well_historical,1,1,0
well_lax,1,1,0
well_lower,1,1,0
absolutely_relentless,1,1,0
well_lit,1,0,1
well_likely,1,1,0
well_light,1,1,0
absolutely_remote,1,1,0
absolutely_repeatable,1,1,0
well_late,1,1,0
absolutely_righteous,1,1,0
absolutely_repugnant,1,1,0
absolutely_resonant,1,1,0
well_intricate,1,1,0
absolutely_responsive,1,1,0
well_insensitive,1,1,0
well_inconvenient,1,1,0
well_hungry,1,1,0
well_entertaining,1,1,0
well_educated,1,0,1
absolutely_singular,1,1,0
well_easy,1,1,0
well_confident,1,1,0
absolutely_shareable,1,1,0
well_complete,1,1,0
well_competent,1,1,0
well_comparable,1,1,0
absolutely_sheer,1,1,0
well_common,1,1,0
well_cold,1,1,0
well_coarse,1,1,0
absolutely_short,1,1,0
well_clad,1,1,0
well_chilly,1,1,0
well_childish,1,1,0
absolutely_simultaneous,1,1,0
well_challenging,1,1,0
well_busy,1,1,0
well_brown,1,1,0
absolutely_shameful,1,1,0
well_controllable,1,1,0
absolutely_sexy,1,1,0
absolutely_sensational,1,0,1
well_east,1,1,0
well_easier,1,1,0
well_early,1,1,0
absolutely_seamless,1,1,0
well_disappointed,1,1,0
well_directional,1,1,0
absolutely_selfless,1,0,1
absolutely_sensual,1,1,0
well_convinced,1,1,0
well_dark,1,0,1
well_dangerous,1,1,0
well_damn,1,1,0
well_cumbersome,1,1,0
well_covert,1,1,0
absolutely_separate,1,1,0
absolutely_severe,1,1,0
wholly_deceptive,1,1,0
wholly_delicious,1,1,0
weirdly_ordinary,1,1,0
wholly_sweet,1,1,0
wholly_uncommon,1,0,1
absolutely_incomplete,1,1,0
absolutely_inconceivable,1,0,1
wholly_unavailable,1,1,0
wholly_unattractive,1,0,1
wholly_unassuming,1,1,0
wholly_unappealing,1,1,0
wholly_unaffiliated,1,1,0
wholly_unacceptable,1,1,0
wholly_unable,1,0,1
wholly_truthful,1,1,0
wholly_trustworthy,1,1,0
absolutely_inconsistent,1,1,0
wholly_transcendent,1,0,1
wholly_theological,1,1,0
wholly_terrifying,1,0,1
wholly_technical,1,1,0
absolutely_incompetent,1,1,0
wholly_unconscious,1,1,0
wholly_unconventional,1,1,0
wholly_unexplained,1,1,0
wholly_unimaginable,1,0,1
wholly_unhelpful,1,1,0
wholly_unfounded,1,1,0
wholly_unfathomable,1,0,1
absolutely_impressed,1,1,0
wholly_unfair,1,1,0
wholly_unexplored,1,0,1
absolutely_impressive,1,1,0
wholly_undecided,1,0,1
wholly_unequal,1,1,0
wholly_unenforceable,1,1,0
wholly_uneducated,1,1,0
wholly_undeveloped,1,1,0
wholly_undeserved,1,0,1
wholly_underwater,1,1,0
wholly_underground,1,1,0
wholly_symbolic,1,1,0
wholly_surreal,1,0,1
wholly_unimpressed,1,1,0
wholly_sure,1,1,0
wholly_secular,1,1,0
wholly_scientific,1,1,0
absolutely_innocent,1,1,0
wholly_sane,1,1,0
wholly_sad,1,1,0
wholly_romantic,1,0,1
wholly_right,1,1,0
absolutely_innocuous,1,1,0
wholly_rewarding,1,0,1
absolutely_innovative,1,0,1
wholly_representative,1,1,0
wholly_reliant,1,1,0
wholly_regrettable,1,0,1
wholly_realistic,1,1,0
wholly_real,1,0,1
wholly_ready,1,1,0
absolutely_insignificant,1,1,0
wholly_self-evident,1,0,1
wholly_selfless,1,1,0
wholly_sensible,1,1,0
wholly_spurious,1,1,0
wholly_superficial,1,1,0
wholly_suitable,1,0,1
absolutely_indescribable,1,1,0
wholly_subordinate,1,1,0
absolutely_ineffective,1,1,0
wholly_subject,1,1,0
wholly_state-owned,1,1,0
wholly_spiritual,1,1,0
absolutely_inexplicable,1,0,1
absolutely_ineffectual,1,0,1
wholly_special,1,0,1
wholly_skeptical,1,1,0
wholly_singular,1,0,1
wholly_simple,1,1,0
wholly_similar,1,1,0
wholly_shocking,1,0,1
absolutely_impartial,1,1,0
wholly_unimpressive,1,1,0
wholly_qualified,1,1,0
wholly_upsetting,1,0,1
wickedly_cold,1,1,0
absolutely_hidden,1,1,0
wickedly_appealing,1,0,1
wickedly_antisocial,1,1,0
wickedly_amusing,1,1,0
wickedly_amazing,1,0,1
wickedly_alluring,1,1,0
absolutely_historical,1,0,1
wholly_worthy,1,0,1
absolutely_holy,1,0,1
absolutely_homeless,1,1,0
wholly_worth,1,0,1
wholly_worse,1,0,1
wholly_wicked,1,0,1
absolutely_homemade,1,1,0
wholly_weird,1,0,1
wholly_warped,1,0,1
wickedly_comic,1,1,0
wickedly_compact,1,1,0
wickedly_cool,1,1,0
wickedly_enticing,1,1,0
absolutely_hard,1,1,0
absolutely_hassle,1,0,1
wickedly_fresh,1,0,1
wickedly_filthy,1,0,1
absolutely_haunting,1,1,0
wickedly_expensive,1,1,0
absolutely_healthy,1,1,0
absolutely_hectic,1,0,1
absolutely_heroic,1,1,0
wickedly_enjoyable,1,1,0
wickedly_eccentric,1,1,0
wickedly_dramatic,1,1,0
wickedly_distinct,1,0,1
absolutely_helpful,1,1,0
wickedly_delightful,1,1,0
absolutely_helpless,1,1,0
wholly_vindictive,1,1,0
wholly_upfront,1,1,0
wholly_uninhabited,1,1,0
wholly_unworkable,1,1,0
absolutely_illegitimate,1,1,0
wholly_unprecedented,1,0,1
absolutely_illiterate,1,1,0
wholly_unpalatable,1,1,0
wholly_unoriginal,1,1,0
absolutely_illogical,1,1,0
wholly_unmanageable,1,0,1
wholly_unlikely,1,1,0
wholly_unlikeable,1,1,0
wholly_unlawful,1,0,1
absolutely_immaterial,1,1,0
wholly_unknowable,1,0,1
wholly_unjustified,1,1,0
wholly_universal,1,0,1
absolutely_immense,1,1,0
wholly_uninterested,1,1,0
absolutely_immersive,1,0,1
wholly_unprepared,1,1,0
wholly_unprofitable,1,1,0
absolutely_ignorant,1,1,0
absolutely_human,1,1,0
wholly_unwarranted,1,1,0
wholly_unusual,1,1,0
wholly_unused,1,1,0
absolutely_hot,1,0,1
wholly_untrained,1,1,0
wholly_untouched,1,1,0
wholly_unsympathetic,1,1,0
absolutely_humbling,1,1,0
wholly_unreadable,1,1,0
wholly_unsuitable,1,1,0
wholly_unsubstantiated,1,1,0
wholly_unsettling,1,0,1
wholly_unsatisfied,1,1,0
absolutely_hypocritical,1,1,0
wholly_unreliable,1,1,0
wholly_unrecognizable,1,1,0
wholly_random,1,0,1
wholly_purple,1,1,0
wholly_delusional,1,1,0
absolutely_mellow,1,1,0
wholly_governmental,1,1,0
absolutely_lyrical,1,1,0
wholly_generic,1,0,1
wholly_futile,1,1,0
wholly_functional,1,1,0
wholly_fruity,1,0,1
wholly_fruitless,1,1,0
absolutely_mainstream,1,1,0
wholly_fraudulent,1,1,0
absolutely_majestic,1,1,0
wholly_fictitious,1,1,0
absolutely_malicious,1,1,0
absolutely_meaningful,1,0,1
wholly_faulty,1,1,0
wholly_far-reaching,1,1,0
wholly_fantastical,1,1,0
wholly_fantastic,1,1,0
wholly_gratifying,1,1,0
wholly_harder,1,0,1
wholly_heavy,1,1,0
absolutely_lovable,1,0,1
absolutely_live,1,1,0
absolutely_local,1,1,0
absolutely_logical,1,1,0
wholly_inaccessible,1,1,0
wholly_improbable,1,1,0
absolutely_lonely,1,1,0
absolutely_loopy,1,1,0
absolutely_loveable,1,1,0
wholly_heroic,1,1,0
wholly_immersive,1,0,1
wholly_imbalanced,1,0,1
wholly_illiterate,1,1,0
wholly_illegal,1,1,0
wholly_ill-equipped,1,1,0
absolutely_loyal,1,1,0
wholly_homemade,1,1,0
wholly_fanciful,1,1,0
absolutely_memorable,1,1,0
wholly_inclusive,1,1,0
wholly_extinct,1,1,0
wholly_divine,1,1,0
wholly_distinctive,1,0,1
absolutely_mischievous,1,0,1
wholly_dissatisfied,1,1,0
wholly_disparate,1,1,0
wholly_dismissive,1,1,0
wholly_disinterested,1,0,1
wholly_disappointed,1,1,0
wholly_diffuse,1,1,0
absolutely_misguided,1,1,0
wholly_devout,1,1,0
wholly_detrimental,1,1,0
absolutely_missing,1,1,0
wholly_desirable,1,1,0
wholly_depressing,1,1,0
absolutely_misunderstood,1,1,0
wholly_demeaning,1,1,0
wholly_divisible,1,1,0
wholly_domestic,1,1,0
wholly_dysfunctional,1,1,0
wholly_european,1,1,0
wholly_external,1,0,1
wholly_expressive,1,0,1
wholly_explicit,1,1,0
absolutely_microscopic,1,1,0
wholly_excellent,1,1,0
absolutely_mind-boggling,1,1,0
wholly_evident,1,1,0
wholly_erroneous,1,1,0
wholly_economic,1,1,0
absolutely_mindless,1,1,0
wholly_enjoyable,1,1,0
wholly_engrossing,1,1,0
wholly_engaging,1,0,1
absolutely_miraculous,1,1,0
wholly_elemental,1,0,1
wholly_editable,1,1,0
wholly_incapable,1,1,0
absolutely_literal,1,1,0
wholly_public,1,1,0
wholly_miserable,1,1,0
wholly_obnoxious,1,1,0
wholly_objective,1,1,0
wholly_novel,1,0,1
wholly_normal,1,1,0
wholly_nonsensical,1,0,1
wholly_non-existent,1,1,0
wholly_negligent,1,1,0
absolutely_interwoven,1,1,0
absolutely_intimate,1,0,1
wholly_naive,1,1,0
wholly_muslim,1,1,0
absolutely_intriguing,1,0,1
wholly_motivated,1,1,0
absolutely_invalid,1,1,0
wholly_misunderstood,1,1,0
wholly_mistaken,1,1,0
wholly_misleading,1,1,0
wholly_obvious,1,0,1
wholly_optional,1,1,0
wholly_oral,1,1,0
wholly_porous,1,1,0
wholly_protestant,1,1,0
wholly_prosaic,1,0,1
wholly_profound,1,0,1
wholly_private,1,0,1
absolutely_inspirational,1,1,0
absolutely_inspiring,1,1,0
absolutely_intact,1,1,0
wholly_pleasant,1,1,0
absolutely_interchangeable,1,0,1
wholly_plausible,1,1,0
wholly_plastic,1,1,0
absolutely_intent,1,1,0
wholly_pessimistic,1,1,0
wholly_persistent,1,1,0
wholly_paradoxical,1,1,0
absolutely_interactive,1,1,0
wholly_misinformed,1,1,0
absolutely_irate,1,1,0
absolutely_linear,1,1,0
wholly_memorable,1,1,0
absolutely_jaw-dropping,1,1,0
wholly_instrumental,1,1,0
wholly_inspiring,1,1,0
wholly_insignificant,1,0,1
wholly_inseparable,1,1,0
absolutely_jealous,1,1,0
absolutely_keen,1,1,0
absolutely_kind,1,1,0
wholly_ineligible,1,1,0
absolutely_last,1,1,0
wholly_indirect,1,1,0
wholly_indian,1,1,0
absolutely_lethal,1,1,0
wholly_indefensible,1,1,0
wholly_incorrect,1,1,0
absolutely_limitless,1,1,0
wholly_incomplete,1,1,0
wholly_insufferable,1,1,0
wholly_intact,1,1,0
wholly_intangible,1,0,1
wholly_legible,1,1,0
wholly_mechanical,1,1,0
wholly_male,1,1,0
wholly_magical,1,0,1
wholly_lucid,1,1,0
wholly_lovable,1,1,0
wholly_likable,1,1,0
wholly_light,1,1,0
wholly_lawless,1,1,0
wholly_interactive,1,0,1
wholly_lacking,1,1,0
wholly_irreverent,1,1,0
wholly_irresistible,1,0,1
absolutely_irreplaceable,1,1,0
absolutely_irresponsible,1,1,0
absolutely_jam-packed,1,1,0
wholly_interesting,1,0,1
weirdly_oversized,1,1,0
weirdly_operatic,1,0,1
wickedly_hilarious,1,1,0
visually_innovative,1,1,0
absurdly_larger,1,1,0
visually_mesmerising,1,1,0
absurdly_lovely,1,0,1
visually_mediocre,1,1,0
visually_meaningful,1,0,1
absurdly_meaningless,1,1,0
visually_loud,1,1,0
visually_literate,1,1,0
visually_larger,1,1,0
visually_lacking,1,1,0
absurdly_nasty,1,1,0
absurdly_nonsensical,1,1,0
visually_intrusive,1,1,0
absurdly_obvious,1,1,0
visually_intoxicating,1,0,1
absurdly_offensive,1,0,1
visually_intense,1,1,0
visually_messy,1,1,0
absurdly_large,1,1,0
visually_naive,1,1,0
visually_oriented,1,1,0
absurdly_inclusive,1,0,1
visually_potent,1,1,0
absurdly_inconvenient,1,1,0
visually_playful,1,0,1
visually_palatable,1,0,1
absurdly_insane,1,1,0
absurdly_irrelevant,1,1,0
absurdly_knowledgeable,1,1,0
absurdly_lacking,1,1,0
visually_off-putting,1,1,0
visually_obvious,1,1,0
visually_obsessed,1,1,0
visually_noticeable,1,1,0
visually_noteworthy,1,1,0
visually_noisy,1,1,0
visually_nice,1,0,1
absurdly_opulent,1,1,0
visually_inherent,1,1,0
visually_pristine,1,0,1
visually_indicative,1,1,0
visually_fun,1,0,1
visually_fresh,1,0,1
visually_flawed,1,1,0
visually_flat,1,1,0
visually_filthy,1,1,0
absurdly_real,1,1,0
absurdly_refreshing,1,0,1
absurdly_remote,1,1,0
visually_faithful,1,1,0
visually_extreme,1,1,0
absurdly_rich,1,1,0
visually_expressive,1,1,0
visually_exhilarating,1,1,0
absurdly_sensible,1,0,1
absurdly_serious,1,1,0
absurdly_shallow,1,1,0
visually_erotic,1,0,1
visually_funny,1,1,0
visually_good,1,0,1
absurdly_rare,1,0,1
visually_imaginative,1,1,0
visually_incompatible,1,1,0
visually_incoherent,1,1,0
visually_important,1,1,0
visually_impolite,1,1,0
absurdly_positive,1,1,0
visually_impenetrable,1,1,0
absurdly_powerful,1,1,0
visually_identifiable,1,1,0
visually_graceful,1,1,0
visually_humble,1,1,0
visually_horrifying,1,0,1
visually_hilarious,1,1,0
visually_heavy,1,1,0
visually_heavier,1,1,0
visually_handicapped,1,1,0
visually_graphic,1,1,0
absurdly_inaccurate,1,1,0
visually_prominent,1,1,0
visually_enchanting,1,1,0
visually_thrilling,1,1,0
absurdly_flowery,1,1,0
absurdly_foolish,1,1,0
absurdly_formulaic,1,1,0
visually_witty,1,1,0
visually_weak,1,1,0
visually_vibrant,1,1,0
visually_useless,1,1,0
visually_useful,1,0,1
absurdly_futile,1,0,1
visually_uninteresting,1,1,0
visually_uniform,1,0,1
visually_unexpected,1,0,1
visually_undetectable,1,1,0
visually_underwhelming,1,1,0
visually_understandable,1,0,1
absurdly_generous,1,1,0
visually_traumatic,1,0,1
vitally_american,1,0,1
absurdly_false,1,1,0
vitally_critical,1,1,0
absurdly_distant,1,1,0
vividly_akin,1,1,0
vitally_young,1,0,1
vitally_useful,1,1,0
vitally_urgent,1,0,1
vitally_real,1,0,1
vitally_outdated,1,1,0
absurdly_different,1,0,1
vitally_inventive,1,0,1
vitally_crucial,1,1,0
absurdly_embarrassing,1,1,0
vitally_ill,1,1,0
vitally_human,1,0,1
vitally_essential,1,0,1
vitally_eager,1,1,0
absurdly_evil,1,1,0
absurdly_excited,1,1,0
visually_transcendent,1,1,0
visually_terse,1,1,0
visually_provocative,1,1,0
visually_tantalizing,1,1,0
absurdly_horrible,1,0,1
visually_significant,1,1,0
visually_shocking,1,1,0
visually_severe,1,1,0
absurdly_humane,1,1,0
visually_sensible,1,0,1
visually_seductive,1,1,0
absurdly_humble,1,1,0
visually_ridiculous,1,0,1
absurdly_hyperbolic,1,1,0
visually_repulsive,1,1,0
absurdly_idiotic,1,1,0
absurdly_illogical,1,1,0
visually_relevant,1,0,1
absurdly_imaginative,1,1,0
visually_real,1,0,1
visually_puzzling,1,1,0
visually_softer,1,0,1
visually_soothing,1,0,1
visually_sophisticated,1,1,0
visually_subtle,1,1,0
visually_tangible,1,0,1
visually_sweet,1,0,1
visually_suspect,1,1,0
visually_surprising,1,1,0
visually_superb,1,1,0
absurdly_gory,1,1,0
visually_suggestive,1,0,1
absurdly_gritty,1,1,0
visually_special,1,0,1
absurdly_hard,1,1,0
absurdly_hateful,1,0,1
absurdly_heavy,1,1,0
visually_startling,1,1,0
visually_staggering,1,1,0
absurdly_hilarious,1,1,0
absurdly_hopeful,1,0,1
absurdly_specific,1,0,1
visually_embarrassing,1,1,0
vividly_amazing,1,1,0
visibly_political,1,0,1
visibly_straight,1,0,1
visibly_special,1,0,1
visibly_sparse,1,1,0
visibly_smoother,1,1,0
visibly_similar,1,0,1
abundantly_pleasing,1,1,0
abundantly_possible,1,1,0
visibly_sharp,1,1,0
abundantly_real,1,1,0
abundantly_restrictive,1,1,0
visibly_reluctant,1,1,0
abundantly_sufficient,1,1,0
visibly_queer,1,1,0
visibly_public,1,1,0
visibly_proud,1,1,0
visibly_problematic,1,1,0
abundantly_transparent,1,1,0
visibly_stronger,1,1,0
abundantly_obvious,1,1,0
visibly_substandard,1,1,0
visibly_troubled,1,1,0
visibly_unqualified,1,0,1
visibly_unpopular,1,0,1
visibly_unique,1,1,0
visibly_unhappy,1,1,0
visibly_unfit,1,1,0
visibly_underway,1,1,0
abundantly_joyful,1,1,0
abundantly_laden,1,1,0
visibly_surprised,1,1,0
visibly_tight,1,1,0
visibly_thrilled,1,1,0
visibly_thin,1,1,0
visibly_thicker,1,1,0
visibly_terrified,1,1,0
visibly_tense,1,1,0
abundantly_likeable,1,1,0
abundantly_triumphant,1,1,0
visibly_pleasing,1,1,0
visibly_unstable,1,1,0
visibly_pleased,1,1,0
abysmally_incompetent,1,1,0
visibly_insecure,1,1,0
visibly_insane,1,1,0
visibly_inhuman,1,1,0
visibly_infectious,1,1,0
abysmally_small,1,1,0
visibly_human,1,1,0
visibly_hot,1,1,0
visibly_hesitant,1,1,0
visibly_healthy,1,1,0
visibly_green,1,1,0
visibly_gay,1,0,1
abysmally_vile,1,1,0
visibly_frail,1,1,0
visibly_fearful,1,1,0
visibly_fat,1,1,0
visibly_faster,1,1,0
visibly_invisible,1,1,0
visibly_irritated,1,0,1
visibly_jewish,1,1,0
visibly_older,1,1,0
visibly_patriotic,1,1,0
visibly_pathetic,1,1,0
abundantly_visible,1,1,0
visibly_overcome,1,1,0
visibly_outrageous,1,0,1
visibly_orthodox,1,1,0
visibly_oppressive,1,0,1
visibly_old,1,1,0
visibly_juicy,1,1,0
abundantly_willing,1,1,0
abysmally_evil,1,1,0
visibly_neurotic,1,1,0
abysmally_excited,1,1,0
visibly_nearby,1,1,0
visibly_male,1,1,0
visibly_lumpy,1,1,0
abundantly_infinite,1,1,0
abundantly_impressed,1,1,0
visually_elegant,1,1,0
visually_comedic,1,1,0
absurdly_ugly,1,1,0
visually_daunting,1,1,0
visually_daring,1,0,1
visually_damaging,1,1,0
visually_customizable,1,1,0
absurdly_undemocratic,1,1,0
visually_cool,1,0,1
visually_convoluted,1,1,0
visually_convincing,1,1,0
absurdly_underfunded,1,1,0
visually_conspicuous,1,0,1
visually_consistent,1,1,0
visually_concrete,1,0,1
visually_concerned,1,1,0
absurdly_unsophisticated,1,1,0
absurdly_vacuous,1,0,1
absurdly_vain,1,1,0
visually_delicate,1,1,0
visually_delicious,1,1,0
visually_dense,1,1,0
visually_diverse,1,1,0
visually_effective,1,1,0
visually_easy,1,1,0
absurdly_strong,1,0,1
visually_dry,1,1,0
absurdly_stylish,1,1,0
visually_drab,1,1,0
visually_dominant,1,1,0
absurdly_symbolic,1,1,0
visually_descriptive,1,1,0
absurdly_talented,1,1,0
absurdly_tame,1,1,0
absurdly_thick,1,1,0
visually_disruptive,1,1,0
visually_disadvantaged,1,1,0
visually_difficult,1,1,0
absurdly_thin,1,1,0
visually_compatible,1,1,0
visually_colorful,1,1,0
abundantly_human,1,1,0
absurdly_variable,1,1,0
visually_appropriate,1,0,1
abundantly_blessed,1,1,0
abundantly_confident,1,1,0
visually_antiquated,1,1,0
visually_ambitious,1,0,1
abundantly_delighted,1,1,0
abundantly_familiar,1,1,0
visually_alive,1,1,0
abundantly_fun,1,0,1
visually_affective,1,0,1
visually_adventurous,1,1,0
abundantly_gorgeous,1,1,0
abundantly_grateful,1,1,0
visibly_worse,1,1,0
visibly_weird,1,1,0
visibly_weary,1,1,0
abundantly_hard,1,1,0
abundantly_aware,1,1,0
visually_articulate,1,1,0
visually_artistic,1,0,1
visually_bold,1,0,1
absurdly_violent,1,0,1
visually_clean,1,1,0
visually_charming,1,1,0
absurdly_weak,1,1,0
visually_brilliant,1,1,0
visually_breathtaking,1,0,1
absurdly_wealthy,1,1,0
visually_believable,1,1,0
visually_askew,1,0,1
visually_beguiling,1,0,1
abundantly_able,1,1,0
visually_awesome,1,1,0
abundantly_ample,1,1,0
visually_authentic,1,1,0
abundantly_annoying,1,1,0
abundantly_apparent,1,1,0
absurdly_dangerous,1,1,0
vividly_apparent,1,1,0
weirdly_old,1,1,0
absolutely_unfortunate,1,0,1
weirdly_askew,1,1,0
weirdly_arousing,1,0,1
weirdly_appropriate,1,0,1
weirdly_anonymous,1,0,1
weirdly_anomalous,1,0,1
absolutely_undisturbed,1,1,0
weirdly_androgynous,1,1,0
absolutely_uneducated,1,1,0
absolutely_unfamiliar,1,1,0
weirdly_ambitious,1,1,0
weirdly_amazing,1,0,1
weirdly_alluring,1,0,1
weirdly_agricultural,1,1,0
weirdly_aggressive,1,1,0
weirdly_advantageous,1,1,0
weirdly_adorable,1,0,1
weirdly_accurate,1,1,0
weirdly_atmospheric,1,1,0
weirdly_attractive,1,0,1
weirdly_awesome,1,1,0
absolutely_uncertain,1,0,1
weirdly_creepy,1,1,0
weirdly_cool,1,1,0
weirdly_consistent,1,1,0
weirdly_confident,1,1,0
absolutely_unbearable,1,1,0
weirdly_compact,1,1,0
weirdly_commonplace,1,0,1
weirdly_charming,1,0,1
weirdly_bad,1,1,0
weirdly_charismatic,1,1,0
weirdly_challenging,1,1,0
weirdly_cathartic,1,0,1
weirdly_brilliant,1,0,1
weirdly_breathable,1,1,0
absolutely_unconscionable,1,1,0
weirdly_baggy,1,1,0
absolutely_unforeseen,1,1,0
way_worst,1,1,0
weirdly_decadent,1,0,1
way_wide,1,0,1
absolutely_unplayable,1,0,1
absolutely_unpredictable,1,1,0
way_sharper,1,1,0
absolutely_unproductive,1,1,0
absolutely_unrealistic,1,1,0
absolutely_unreasonable,1,1,0
way_richer,1,0,1
way_rarer,1,0,1
way_quicker,1,1,0
way_proud,1,1,0
way_profitable,1,1,0
way_prettier,1,1,0
way_possible,1,1,0
way_pissed,1,1,0
way_overwhelming,1,1,0
way_overused,1,1,0
absolutely_unsettling,1,1,0
way_simpler,1,1,0
way_slower,1,1,0
absolutely_unnoticed,1,1,0
way_tasty,1,1,0
absolutely_uninformed,1,1,0
way_vague,1,1,0
way_upset,1,1,0
absolutely_uninterested,1,1,0
way_uncomfortable,1,1,0
absolutely_universal,1,0,1
way_tight,1,1,0
way_tastier,1,0,1
way_smart,1,1,0
absolutely_unjust,1,1,0
way_sweeter,1,0,1
way_successful,1,1,0
way_stupid,1,0,1
absolutely_unjustified,1,0,1
way_strange,1,1,0
absolutely_unknown,1,0,1
absolutely_unavailable,1,0,1
weirdly_delightful,1,0,1
way_overkill,1,1,0
weirdly_hungry,1,1,0
weirdly_liberating,1,0,1
weirdly_less,1,1,0
weirdly_jarring,1,0,1
weirdly_irritating,1,1,0
weirdly_irrelevant,1,1,0
weirdly_ironic,1,0,1
weirdly_invasive,1,0,1
weirdly_intuitive,1,0,1
weirdly_intrusive,1,1,0
weirdly_inspiring,1,0,1
weirdly_insincere,1,0,1
absolutely_thoughtful,1,0,1
weirdly_inhuman,1,0,1
weirdly_inevitable,1,1,0
absolutely_torturous,1,1,0
weirdly_implausible,1,1,0
weirdly_impersonal,1,1,0
weirdly_likable,1,1,0
weirdly_likeable,1,0,1
weirdly_loud,1,0,1
weirdly_mystical,1,1,0
weirdly_off-kilter,1,1,0
absolutely_tame,1,1,0
weirdly_normal,1,1,0
weirdly_nightmarish,1,0,1
absolutely_tasteless,1,1,0
weirdly_nervous,1,1,0
weirdly_narcissistic,1,0,1
weirdly_mysterious,1,1,0
weirdly_lovely,1,1,0
weirdly_modern,1,0,1
weirdly_mesmerizing,1,0,1
weirdly_menacing,1,0,1
weirdly_masculine,1,0,1
weirdly_magical,1,0,1
weirdly_mad,1,1,0
weirdly_lumpy,1,1,0
weirdly_identical,1,1,0
absolutely_tranquil,1,1,0
weirdly_depressing,1,0,1
weirdly_hopeful,1,0,1
weirdly_exact,1,1,0
absolutely_typical,1,0,1
weirdly_ethereal,1,0,1
weirdly_epic,1,1,0
absolutely_ugly,1,1,0
absolutely_unable,1,1,0
weirdly_enjoyable,1,1,0
weirdly_engrossing,1,1,0
weirdly_engaging,1,0,1
absolutely_unaffordable,1,1,0
absolutely_unapologetic,1,1,0
weirdly_disturbing,1,1,0
weirdly_distracting,1,1,0
weirdly_distorted,1,1,0
weirdly_dispassionate,1,0,1
absolutely_unattainable,1,0,1
weirdly_detached,1,1,0
weirdly_exotic,1,0,1
weirdly_expensive,1,1,0
weirdly_expressive,1,1,0
weirdly_gorgeous,1,0,1
weirdly_honest,1,1,0
weirdly_hilarious,1,0,1
weirdly_heartbreaking,1,0,1
weirdly_grueling,1,1,0
weirdly_grotesque,1,1,0
weirdly_gregarious,1,0,1
weirdly_grateful,1,1,0
weirdly_good,1,1,0
absolutely_trustworthy,1,0,1
weirdly_generic,1,0,1
absolutely_traumatic,1,0,1
weirdly_friendly,1,1,0
weirdly_fond,1,1,0
weirdly_foggy,1,1,0
weirdly_fluffy,1,1,0
weirdly_fitting,1,0,1
absolutely_untouchable,1,1,0
absolutely_unwilling,1,1,0
vividly_audible,1,1,0
vocally_gratifying,1,1,0
absurdly_circular,1,1,0
vocally_strong,1,1,0
vocally_strident,1,1,0
vocally_spectacular,1,1,0
vocally_skeptical,1,1,0
vocally_showy,1,1,0
vocally_sad,1,1,0
vocally_responsive,1,1,0
vocally_proud,1,1,0
vocally_pro-life,1,1,0
vocally_passionate,1,1,0
vocally_outraged,1,1,0
vocally_monotonous,1,1,0
vocally_large,1,1,0
absurdly_colorful,1,1,0
vocally_imperfect,1,1,0
vocally_impeccable,1,1,0
vocally_ungrateful,1,1,0
vocally_upset,1,1,0
vocally_welcoming,1,1,0
warmly_expressive,1,0,1
warmly_informal,1,0,1
warmly_humorous,1,1,0
warmly_human,1,1,0
warmly_hopeful,1,1,0
warmly_fuzzy,1,0,1
warmly_funny,1,1,0
absurdly_campy,1,1,0
warmly_enthusiastic,1,1,0
absurdly_catchy,1,1,0
warmly_entertaining,1,1,0
warmly_easygoing,1,1,0
warmly_compelling,1,0,1
warmly_communicative,1,0,1
warmly_close,1,1,0
warmly_cinematic,1,0,1
warmly_alien,1,0,1
vocally_ignorant,1,1,0
vocally_excellent,1,1,0
warmly_maternal,1,0,1
vocally_dramatic,1,1,0
vividly_identical,1,1,0
absurdly_contradictory,1,1,0
vividly_floral,1,1,0
vividly_familiar,1,1,0
vividly_expressive,1,1,0
absurdly_convoluted,1,1,0
vividly_engaging,1,1,0
vividly_electric,1,1,0
vividly_different,1,0,1
vividly_detailed,1,1,0
vividly_crisp,1,0,1
vividly_concrete,1,1,0
absurdly_costly,1,1,0
vividly_colorful,1,1,0
absurdly_crazy,1,1,0
vividly_christian,1,1,0
absurdly_creative,1,1,0
vividly_imaginative,1,1,0
vividly_luminous,1,1,0
absurdly_confusing,1,1,0
absurdly_comforting,1,0,1
vocally_docile,1,1,0
vocally_dissatisfied,1,1,0
absurdly_comedic,1,1,0
vocally_blunt,1,1,0
vocally_appealing,1,1,0
vocally_active,1,1,0
vividly_violent,1,1,0
vividly_tangible,1,0,1
vividly_naturalistic,1,1,0
vividly_tacky,1,0,1
vividly_specific,1,1,0
vividly_reminiscent,1,1,0
vividly_realistic,1,1,0
absurdly_complex,1,1,0
vividly_raw,1,1,0
vividly_outstanding,1,0,1
warmly_interested,1,1,0
warmly_melodic,1,1,0
way_overdone,1,1,0
absolutely_wearable,1,1,0
way_jealous,1,1,0
way_intense,1,1,0
way_impressed,1,1,0
absolutely_versatile,1,1,0
way_hot,1,1,0
absolutely_vertical,1,1,0
absolutely_vicious,1,1,0
absolutely_violent,1,1,0
absolutely_visible,1,1,0
way_hard,1,1,0
absolutely_voluntary,1,1,0
way_greater,1,0,1
way_goofy,1,1,0
way_glad,1,1,0
absolutely_vulnerable,1,1,0
absolutely_wacky,1,1,0
way_fresher,1,1,0
way_lame,1,1,0
way_large,1,1,0
absolutely_vast,1,1,0
way_nicer,1,1,0
way_overcooked,1,1,0
absolutely_upfront,1,1,0
way_outside,1,1,0
way_out,1,1,0
absolutely_urban,1,0,1
way_old,1,1,0
way_noticeable,1,1,0
absolutely_urgent,1,1,0
absolutely_varied,1,0,1
absolutely_vacant,1,1,0
way_mild,1,1,0
way_mad,1,1,0
absolutely_vague,1,0,1
absolutely_valuable,1,0,1
way_louder,1,1,0
way_lopsided,1,1,0
way_fatter,1,1,0
way_extreme,1,1,0
warmly_mysterious,1,1,0
way_expired,1,1,0
absurdly_attractive,1,1,0
absurdly_bad,1,1,0
absurdly_basic,1,1,0
way_beneficial,1,1,0
absurdly_beautiful,1,1,0
way_angry,1,1,0
warmly_yummy,1,1,0
warmly_yellow,1,1,0
absurdly_big,1,1,0
absurdly_bullish,1,1,0
warmly_sympathetic,1,1,0
warmly_supportive,1,1,0
warmly_spicy,1,1,0
warmly_satisfying,1,0,1
warmly_rich,1,1,0
warmly_reminiscent,1,1,0
warmly_nostalgic,1,1,0
absurdly_alarming,1,1,0
absurdly_aggressive,1,1,0
absurdly_adorable,1,1,0
way_decent,1,0,1
way_enough,1,1,0
absolutely_western,1,0,1
absolutely_white,1,1,0
way_dry,1,1,0
way_diverse,1,1,0
absolutely_willing,1,1,0
absolutely_wise,1,1,0
way_deadlier,1,0,1
way_colder,1,1,0
way_dead,1,1,0
absolutely_wondrous,1,0,1
absolutely_yummy,1,1,0
way_creepier,1,0,1
way_credible,1,0,1
absolutely_zany,1,0,1
absurdly_absurd,1,0,1
wickedly_gruesome,1,0,1
wickedly_hysterical,1,0,1
visibly_excited,1,1,0
wonderfully_sacred,1,0,1
wonderfully_shocking,1,1,0
wonderfully_shiny,1,1,0
wonderfully_sharp,1,1,0
wonderfully_shadowy,1,1,0
about_gray,1,1,0
wonderfully_sensual,1,0,1
wonderfully_sensitive,1,1,0
wonderfully_selfless,1,0,1
wonderfully_selfish,1,1,0
wonderfully_self-aware,1,1,0
about_greater,1,1,0
wonderfully_seasonal,1,1,0
wonderfully_schizophrenic,1,1,0
wonderfully_scathing,1,0,1
about_green,1,1,0
wonderfully_sarcastic,1,1,0
wonderfully_sane,1,1,0
wonderfully_short,1,1,0
about_gorgeous,1,1,0
about_glad,1,1,0
wonderfully_soothing,1,1,0
wonderfully_spooky,1,1,0
wonderfully_spontaneous,1,1,0
wonderfully_spiritual,1,0,1
wonderfully_spirited,1,1,0
wonderfully_speedy,1,1,0
wonderfully_speculative,1,1,0
about_forgivable,1,1,0
wonderfully_solid,1,1,0
about_functional,1,1,0
about_formative,1,1,0
wonderfully_social,1,0,1
wonderfully_snarky,1,1,0
wonderfully_smug,1,1,0
wonderfully_slimy,1,1,0
wonderfully_slim,1,1,0
wonderfully_sleek,1,0,1
wonderfully_salty,1,0,1
wonderfully_rugged,1,1,0
wonderfully_stable,1,0,1
wonderfully_rude,1,1,0
wonderfully_racy,1,1,0
wonderfully_quiet,1,1,0
wonderfully_queer,1,1,0
wonderfully_quaint,1,0,1
about_intimidating,1,1,0
wonderfully_psychotic,1,0,1
about_invisible,1,1,0
wonderfully_proud,1,1,0
wonderfully_promising,1,1,0
wonderfully_profound,1,0,1
wonderfully_professional,1,1,0
about_kinky,1,1,0
wonderfully_primitive,1,0,1
about_lacklustre,1,1,0
wonderfully_practical,1,0,1
about_lazy,1,1,0
wonderfully_poor,1,1,0
about_internal,1,1,0
about_interesting,1,1,0
wonderfully_rare,1,1,0
wonderfully_representative,1,1,0
about_heavy,1,1,0
about_helpful,1,1,0
wonderfully_right,1,1,0
about_horny,1,1,0
about_huge,1,1,0
about_human,1,1,0
wonderfully_resonant,1,0,1
wonderfully_remote,1,1,0
about_insecure,1,1,0
wonderfully_reminiscent,1,1,0
about_hypothetical,1,1,0
wonderfully_relative,1,1,0
about_illegal,1,1,0
wonderfully_rebellious,1,0,1
about_indifferent,1,1,0
about_innocuous,1,1,0
wonderfully_sporadic,1,1,0
about_floral,1,1,0
wonderfully_poignant,1,1,0
wonderfully_unorganized,1,1,0
about_discretionary,1,1,0
about_disposable,1,1,0
about_dry,1,1,0
wonderfully_vital,1,0,1
wonderfully_vicious,1,1,0
wonderfully_vibrant,1,1,0
wonderfully_versatile,1,1,0
wonderfully_various,1,0,1
about_eager,1,1,0
wonderfully_utopian,1,0,1
wonderfully_useless,1,0,1
about_easier,1,1,0
wonderfully_upsetting,1,1,0
wonderfully_upbeat,1,0,1
about_edgy,1,1,0
wonderfully_unstable,1,1,0
wonderfully_unsettling,1,0,1
about_discerning,1,1,0
about_dirty,1,1,0
about_difficult,1,1,0
wondrously_decadent,1,1,0
wondrously_mysterious,1,1,0
wondrously_intrusive,1,0,1
wondrously_high-tech,1,1,0
wondrously_golden,1,1,0
wondrously_epic,1,0,1
wondrously_elemental,1,0,1
wondrously_easy,1,1,0
wondrously_complex,1,1,0
about_desperate,1,1,0
wondrously_cinematic,1,1,0
about_deep,1,1,0
wondrously_aggressive,1,1,0
wonderfully_young,1,1,0
about_definite,1,1,0
about_dense,1,1,0
wonderfully_wise,1,1,0
wonderfully_unpretentious,1,0,1
about_elegant,1,1,0
wonderfully_stereotypical,1,1,0
wonderfully_unified,1,1,0
about_fabulous,1,1,0
wonderfully_sympathetic,1,1,0
wonderfully_symbolic,1,0,1
wonderfully_suspicious,1,1,0
about_fake,1,1,0
about_famous,1,1,0
about_fancy,1,1,0
about_ferocious,1,1,0
wonderfully_suitable,1,1,0
about_flawed,1,1,0
wonderfully_sublime,1,0,1
wonderfully_stylish,1,0,1
wonderfully_stupid,1,1,0
wonderfully_stubborn,1,0,1
about_flawless,1,1,0
wonderfully_straightforward,1,1,0
wonderfully_stinky,1,0,1
wonderfully_tactful,1,1,0
wonderfully_tactical,1,1,0
about_extreme,1,1,0
wonderfully_touching,1,1,0
wonderfully_unhinged,1,0,1
wonderfully_unhappy,1,1,0
wonderfully_unfunny,1,1,0
about_endless,1,1,0
wonderfully_unconventional,1,0,1
wonderfully_uncompromising,1,0,1
wonderfully_transcendent,1,0,1
wonderfully_therapeutic,1,0,1
about_exciting,1,1,0
wonderfully_theatrical,1,0,1
about_equivalent,1,1,0
wonderfully_tense,1,1,0
about_ethical,1,1,0
about_exaggerated,1,1,0
wonderfully_tart,1,1,0
wonderfully_tangible,1,0,1
wonderfully_pointless,1,1,0
about_leaner,1,1,0
wondrously_perfect,1,1,0
wonderfully_gruesome,1,0,1
wonderfully_hot,1,0,1
about_plausible,1,1,0
wonderfully_horrific,1,1,0
wonderfully_horrible,1,0,1
wonderfully_horny,1,1,0
wonderfully_hopeful,1,0,1
about_playful,1,1,0
about_poor,1,1,0
wonderfully_hilly,1,1,0
wonderfully_heroic,1,0,1
about_powerless,1,1,0
wonderfully_hearty,1,1,0
wonderfully_heartwarming,1,1,0
wonderfully_haunting,1,0,1
wonderfully_hateful,1,1,0
wonderfully_harmonious,1,1,0
wonderfully_hard,1,1,0
wonderfully_human,1,0,1
wonderfully_humanistic,1,0,1
about_personal,1,1,0
about_passable,1,0,1
about_particular,1,1,0
wonderfully_indescribable,1,0,1
wonderfully_inconsistent,1,1,0
wonderfully_incongruous,1,0,1
wonderfully_inclusive,1,0,1
wonderfully_inappropriate,1,1,0
wonderfully_impossible,1,0,1
wonderfully_impersonal,1,0,1
about_perplexing,1,1,0
wonderfully_imperfect,1,1,0
wonderfully_impactful,1,0,1
wonderfully_immediate,1,1,0
wonderfully_imaginative,1,1,0
wonderfully_idyllic,1,1,0
about_permanent,1,1,0
wonderfully_iconic,1,0,1
about_present,1,1,0
wonderfully_great,1,0,1
wonderfully_inept,1,1,0
wonderfully_gratifying,1,1,0
wonderfully_fragile,1,1,0
wonderfully_formal,1,1,0
about_recognisable,1,1,0
wonderfully_fond,1,0,1
wonderfully_flexible,1,0,1
wonderfully_flawless,1,1,0
about_reflective,1,1,0
wonderfully_flat,1,1,0
wonderfully_flamboyant,1,1,0
wonderfully_fine,1,1,0
wonderfully_fertile,1,1,0
about_relevant,1,1,0
wonderfully_fantastic,1,0,1
about_residential,1,1,0
wonderfully_fake,1,1,0
wonderfully_eye-opening,1,1,0
about_rich,1,1,0
wonderfully_freaky,1,0,1
wonderfully_free,1,1,0
about_random,1,1,0
about_proper,1,1,0
wonderfully_graceful,1,0,1
about_pricey,1,1,0
wonderfully_gooey,1,0,1
about_prior,1,1,0
wonderfully_glorious,1,1,0
about_progressive,1,1,0
about_promotional,1,1,0
wonderfully_gaudy,1,0,1
about_racist,1,1,0
wonderfully_garish,1,0,1
about_proprietary,1,1,0
wonderfully_functional,1,1,0
wonderfully_full,1,1,0
wonderfully_fulfilling,1,1,0
wonderfully_fuel-efficient,1,1,0
about_quiet,1,1,0
about_overwhelming,1,1,0
wonderfully_inexpensive,1,1,0
wonderfully_pleasing,1,0,1
wonderfully_moody,1,1,0
wonderfully_nutritious,1,1,0
about_medical,1,1,0
about_mental,1,1,0
about_milder,1,1,0
about_mindful,1,1,0
wonderfully_nonsensical,1,1,0
about_minimal,1,1,0
about_minor,1,1,0
about_mobile,1,1,0
wonderfully_neat,1,1,0
wonderfully_naughty,1,0,1
wonderfully_natural,1,0,1
wonderfully_nasty,1,1,0
wonderfully_narrative,1,1,0
about_moderate,1,1,0
about_modern,1,1,0
wonderfully_musical,1,1,0
wonderfully_oblique,1,0,1
wonderfully_obnoxious,1,1,0
about_meaningful,1,0,1
wonderfully_outrageous,1,0,1
about_legal,1,1,0
about_less,1,1,0
wonderfully_personal,1,0,1
wonderfully_perfect,1,0,1
about_lighter,1,1,0
about_little,1,1,0
wonderfully_partial,1,1,0
wonderfully_outlandish,1,1,0
wonderfully_off-kilter,1,0,1
about_lovely,1,1,0
about_mad,1,1,0
about_mandatory,1,1,0
wonderfully_optimistic,1,0,1
wonderfully_open,1,1,0
about_masculine,1,1,0
about_mature,1,1,0
wonderfully_more,1,0,1
wonderfully_minuscule,1,0,1
wonderfully_infectious,1,0,1
wonderfully_mind-blowing,1,1,0
wonderfully_japanese,1,1,0
wonderfully_irresponsible,1,0,1
about_ok,1,1,0
about_okay,1,1,0
wonderfully_intriguing,1,1,0
wonderfully_intricate,1,0,1
about_older,1,1,0
wonderfully_interdisciplinary,1,1,0
wonderfully_intense,1,1,0
wonderfully_intact,1,1,0
wonderfully_instructive,1,1,0
about_ordinary,1,1,0
wonderfully_insightful,1,1,0
wonderfully_insane,1,0,1
about_outstanding,1,1,0
about_overkill,1,1,0
wonderfully_informative,1,1,0
wonderfully_jealous,1,1,0
about_noticable,1,1,0
about_nostalgic,1,1,0
wonderfully_magic,1,1,0
wonderfully_melodramatic,1,1,0
about_naughty,1,1,0
wonderfully_meditative,1,0,1
about_nice,1,1,0
wonderfully_mature,1,0,1
wonderfully_manipulative,1,0,1
about_nil,1,1,0
wonderfully_mad,1,1,0
wonderfully_late,1,1,0
wonderfully_loving,1,1,0
wonderfully_literal,1,1,0
wonderfully_limited,1,1,0
wonderfully_light,1,0,1
wonderfully_lifelike,1,0,1
about_non-existent,1,1,0
wonderfully_lazy,1,1,0
wondrously_new,1,0,1
wondrously_talented,1,1,0
about_ripe,1,1,0
abnormally_threatening,1,1,0
yet_rewarding,1,0,1
yet_respectful,1,1,0
yet_reputable,1,0,1
yet_remarkable,1,0,1
yet_relevant,1,0,1
yet_relaxing,1,0,1
yet_related,1,0,1
yet_rebellious,1,0,1
yet_realistic,1,0,1
yet_real,1,1,0
yet_random,1,0,1
abnormally_stupid,1,0,1
yet_qualified,1,0,1
yet_progressive,1,0,1
abnormally_swell,1,1,0
yet_professional,1,0,1
yet_priceless,1,0,1
yet_romantic,1,0,1
abnormally_skinny,1,1,0
yet_sedate,1,0,1
yet_single,1,1,0
yet_steady,1,1,0
yet_steadfast,1,1,0
yet_specific,1,0,1
yet_sorrowful,1,0,1
abnormally_scarce,1,1,0
abnormally_short,1,1,0
yet_sinister,1,0,1
yet_sincere,1,0,1
yet_separate,1,0,1
abnormally_significant,1,1,0
yet_silly,1,0,1
yet_silent,1,1,0
yet_significant,1,0,1
yet_shy,1,0,1
yet_sharp,1,0,1
yet_sexy,1,0,1
abnormally_temperate,1,1,0
abnormally_underweight,1,1,0
yet_stimulating,1,0,1
yet_portable,1,0,1
abnormally_wrong,1,0,1
yet_mature,1,0,1
yet_masterful,1,0,1
yet_married,1,0,1
yet_many,1,1,0
yet_magical,1,0,1
yet_maddening,1,0,1
yet_luxurious,1,0,1
yet_lovely,1,0,1
yet_lopsided,1,0,1
yet_knowledgeable,1,1,0
yet_keen,1,1,0
yet_invisible,1,1,0
yet_intriguing,1,0,1
yet_international,1,1,0
yet_interesting,1,0,1
yet_intelligible,1,1,0
yet_miserable,1,1,0
yet_modern,1,0,1
yet_modest,1,1,0
yet_open,1,1,0
yet_pleasing,1,0,1
yet_playful,1,0,1
yet_photogenic,1,0,1
abnormally_unsuited,1,1,0
yet_peaceful,1,0,1
yet_passionate,1,1,0
yet_paradoxical,1,0,1
yet_onboard,1,1,0
yet_much,1,1,0
yet_old,1,0,1
yet_official,1,1,0
yet_obscure,1,1,0
yet_nostalgic,1,0,1
abnormally_unusual,1,1,0
abnormally_warm,1,1,0
yet_mysterious,1,0,1
yet_stern,1,1,0
yet_straightforward,1,1,0
yet_inconceivable,1,1,0
yet_unforeseen,1,0,1
yet_untapped,1,1,0
abnormally_curious,1,1,0
yet_unsettling,1,0,1
yet_unsettled,1,1,0
abnormally_dangerous,1,0,1
abnormally_difficult,1,1,0
abnormally_distressed,1,1,0
yet_unrecognized,1,1,0
abnormally_empathic,1,1,0
abnormally_faster,1,1,0
yet_unplanned,1,1,0
yet_unnamed,1,1,0
abnormally_grotesque,1,1,0
abnormally_happy,1,1,0
yet_unimaginable,1,0,1
abnormally_healthy,1,1,0
yet_unheard,1,1,0
yet_untouched,1,1,0
yet_unwilling,1,1,0
yet_upmarket,1,0,1
yet_whole,1,1,0
abnormally_anxious,1,1,0
yet_worthwhile,1,0,1
abnormally_attractive,1,1,0
yet_wonderful,1,0,1
yet_wise,1,0,1
abnormally_brown,1,1,0
yet_wholesome,1,0,1
yet_wet,1,1,0
abnormally_close,1,1,0
yet_wearable,1,0,1
abnormally_calm,1,1,0
abnormally_cautious,1,1,0
yet_visible,1,1,0
abnormally_chaste,1,1,0
yet_valuable,1,0,1
abnormally_cheap,1,1,0
yet_unfulfilled,1,1,0
yet_unfit,1,1,0
abnormally_sad,1,1,0
yet_unfinished,1,0,1
abnormally_resistant,1,1,0
yet_troublesome,1,1,0
yet_transparent,1,0,1
abnormally_rigid,1,1,0
yet_traditional,1,0,1
yet_timely,1,0,1
yet_tender,1,0,1
abnormally_risky,1,0,1
yet_tasteful,1,0,1
yet_tangible,1,0,1
yet_systematic,1,0,1
yet_sweet,1,0,1
yet_supportive,1,1,0
yet_subtle,1,1,0
yet_subject,1,1,0
yet_stylish,1,0,1
yet_stunning,1,0,1
yet_unanswered,1,1,0
yet_unavoidable,1,0,1
abnormally_pale,1,1,0
abnormally_lazy,1,1,0
yet_unfathomable,1,1,0
abnormally_immoral,1,1,0
abnormally_inadequate,1,1,0
yet_unexplained,1,1,0
abnormally_intelligent,1,1,0
yet_unequal,1,1,0
abnormally_interested,1,1,0
abnormally_loose,1,1,0
yet_unbearable,1,1,0
yet_understated,1,0,1
abnormally_narrow,1,1,0
abnormally_nice,1,1,0
yet_unconfirmed,1,1,0
yet_uncharted,1,1,0
abnormally_ominous,1,0,1
yet_uncanny,1,0,1
yet_insightful,1,0,1
yet_incomplete,1,1,0
wondrously_terrifying,1,0,1
worst_unknown,1,1,0
about_constant,1,1,0
yet_achievable,1,0,1
yet_accustomed,1,0,1
yet_accessible,1,0,1
about_convenient,1,1,0
about_cooler,1,1,0
yearly_online,1,1,0
yearly_normal,1,1,0
yearly_guilty,1,1,0
yearly_full,1,1,0
yearly_flat,1,1,0
yearly_financial,1,1,0
about_corrupt,1,1,0
yearly_equivalent,1,1,0
yearly_detailed,1,1,0
yearly_complete,1,1,0
about_countless,1,1,0
yet_affordable,1,0,1
yet_airy,1,0,1
about_confused,1,1,0
yet_basic,1,0,1
yet_careful,1,1,0
about_chilling,1,1,0
yet_capable,1,0,1
yet_bright,1,0,1
about_classic,1,1,0
about_classy,1,1,0
about_cliche,1,1,0
yet_awesome,1,0,1
yet_alluring,1,0,1
yet_authentic,1,0,1
yet_attractive,1,0,1
yet_asleep,1,1,0
yet_appealing,1,0,1
about_configurable,1,1,0
yet_amusing,1,0,1
yet_ambivalent,1,1,0
worst_unwilling,1,1,0
worst_uncomfortable,1,1,0
about_challenging,1,1,0
worst_unable,1,1,0
worryingly_good,1,1,0
about_cunning,1,1,0
worryingly_empty,1,1,0
worryingly_easy,1,1,0
worryingly_drunk,1,1,0
worryingly_difficult,1,1,0
worryingly_contentious,1,1,0
about_custom,1,1,0
worryingly_clever,1,1,0
worryingly_childish,1,1,0
worryingly_awful,1,0,1
worryingly_amiss,1,1,0
worryingly_absent,1,1,0
worldwide_identical,1,1,0
worldwide_equal,1,1,0
worldwide_available,1,0,1
wondrously_tiny,1,0,1
worryingly_hard,1,1,0
worryingly_high,1,1,0
worryingly_imprecise,1,1,0
worryingly_young,1,1,0
worst_right,1,1,0
worst_imaginable,1,1,0
worst_ignorant,1,1,0
worst_empty,1,1,0
worst_difficult,1,1,0
worst_dangerous,1,1,0
worst_busy,1,1,0
worryingly_weak,1,1,0
worryingly_insane,1,1,0
worryingly_unhealthy,1,1,0
worryingly_soft,1,1,0
worryingly_slippery,1,1,0
about_criminal,1,1,0
worryingly_negative,1,1,0
worryingly_low,1,1,0
worryingly_loose,1,1,0
about_chic,1,1,0
yet_charming,1,1,0
about_acceptable,1,1,0
yet_excited,1,1,0
yet_generous,1,1,0
yet_generic,1,0,1
yet_general,1,0,1
about_aged,1,1,0
about_alike,1,1,0
about_alive,1,1,0
yet_fresh,1,1,0
about_alone,1,1,0
yet_former,1,0,1
yet_flexible,1,0,1
yet_flashy,1,0,1
yet_flamboyant,1,0,1
yet_fancy,1,0,1
about_aloof,1,1,0
yet_faithful,1,1,0
yet_fair,1,0,1
yet_eye-catching,1,0,1
yet_gentler,1,0,1
yet_good,1,0,1
yet_gorgeous,1,0,1
yet_high,1,0,1
yet_ignorant,1,1,0
yet_hypnotic,1,0,1
yet_humbling,1,0,1
yet_horrible,1,1,0
yet_hopeful,1,0,1
yet_honest,1,1,0
about_actual,1,1,0
yet_helpful,1,0,1
yet_graceful,1,0,1
yet_heavy,1,1,0
yet_hearty,1,0,1
yet_heartfelt,1,0,1
about_advanced,1,1,0
yet_harmful,1,0,1
about_aesthetic,1,1,0
yet_great,1,0,1
about_alright,1,1,0
yet_excessive,1,1,0
yet_chic,1,0,1
yet_evasive,1,0,1
about_balanced,1,1,0
yet_darker,1,1,0
yet_dangerous,1,0,1
yet_crucial,1,0,1
yet_critical,1,1,0
yet_creamy,1,0,1
yet_cozy,1,0,1
about_bearable,1,1,0
yet_contemporary,1,0,1
about_bland,1,1,0
yet_complementary,1,0,1
yet_competent,1,1,0
yet_comfy,1,0,1
about_boisterous,1,1,0
about_busy,1,1,0
yet_colorful,1,0,1
about_catastrophic,1,1,0
yet_deep,1,0,1
yet_deeper,1,0,1
yet_delicious,1,0,1
yet_efficient,1,0,1
yet_essential,1,0,1
yet_entertaining,1,0,1
yet_engrossing,1,0,1
yet_energetic,1,1,0
yet_emotional,1,0,1
about_amazing,1,1,0
about_attractive,1,1,0
about_authoritative,1,1,0
yet_democratic,1,1,0
about_average,1,1,0
yet_educational,1,0,1
yet_dynamic,1,0,1
yet_dramatic,1,0,1
yet_distinct,1,0,1
about_bad,1,1,0
yet_desirous,1,1,0
wonderfully_expansive,1,0,1
about_riskier,1,1,0
wickedly_independent,1,1,0
wildly_incomplete,1,1,0
absolutely_contrary,1,0,1
absolutely_cool,1,1,0
wildly_intolerant,1,0,1
absolutely_cooperative,1,1,0
wildly_interested,1,1,0
wildly_intense,1,1,0
wildly_inspiring,1,1,0
wildly_insignificant,1,1,0
wildly_insensitive,1,1,0
absolutely_counter-intuitive,1,0,1
absolutely_creamy,1,1,0
wildly_inexplicable,1,1,0
wildly_inept,1,1,0
wildly_inefficient,1,1,0
wildly_ineffective,1,1,0
wildly_individualistic,1,1,0
absolutely_credible,1,0,1
wildly_ironic,1,0,1
wildly_irrational,1,1,0
absolutely_contradictory,1,1,0
wildly_mistaken,1,1,0
wildly_obsessed,1,1,0
wildly_nonsensical,1,1,0
wildly_nerdy,1,1,0
absolutely_compulsory,1,1,0
absolutely_concerned,1,1,0
wildly_modern,1,1,0
absolutely_conclusive,1,1,0
absolutely_concrete,1,0,1
absolutely_contemporary,1,1,0
absolutely_conscious,1,1,0
absolutely_considerable,1,1,0
wildly_melodramatic,1,1,0
wildly_lucky,1,1,0
wildly_loyal,1,1,0
wildly_lofty,1,0,1
wildly_liberating,1,1,0
wildly_inconvenient,1,0,1
absolutely_curious,1,1,0
wildly_opposite,1,0,1
absolutely_customizable,1,1,0
absolutely_dependant,1,1,0
wildly_harmful,1,1,0
wildly_hard,1,0,1
wildly_happy,1,1,0
wildly_green,1,1,0
absolutely_deserving,1,1,0
wildly_generic,1,1,0
absolutely_detrimental,1,0,1
absolutely_diabolical,1,1,0
wildly_frustrating,1,1,0
wildly_frustrated,1,1,0
wildly_fresh,1,0,1
wildly_forgettable,1,1,0
wildly_favorable,1,0,1
absolutely_direct,1,1,0
absolutely_disastrous,1,0,1
absolutely_discrete,1,1,0
wildly_homosexual,1,1,0
wildly_hopeful,1,0,1
wildly_horny,1,1,0
absolutely_decent,1,1,0
absolutely_dangerous,1,1,0
wildly_impulsive,1,1,0
absolutely_deadly,1,1,0
absolutely_debilitating,1,1,0
wildly_implausible,1,1,0
wildly_immigrant,1,0,1
wildly_immature,1,1,0
wildly_illegal,1,0,1
wildly_horrible,1,1,0
absolutely_deluded,1,1,0
absolutely_delusional,1,1,0
wildly_hypocritical,1,1,0
wildly_hyperbolic,1,1,0
wildly_humorous,1,1,0
wildly_humid,1,1,0
wildly_hot,1,1,0
absolutely_compelling,1,1,0
absolutely_compatible,1,1,0
absolutely_distraught,1,0,1
wildly_selfish,1,0,1
wildly_thankful,1,1,0
wildly_tense,1,0,1
wildly_technical,1,1,0
wildly_tangential,1,1,0
wildly_tacky,1,1,0
wildly_synthetic,1,1,0
absolutely_black,1,1,0
absolutely_blameless,1,1,0
absolutely_blasphemous,1,1,0
absolutely_blatant,1,1,0
wildly_spectacular,1,1,0
wildly_skilled,1,1,0
wildly_simple,1,0,1
wildly_silly,1,1,0
wildly_short,1,1,0
absolutely_blissful,1,1,0
absolutely_bloodthirsty,1,1,0
absolutely_bespoke,1,1,0
wildly_themed,1,1,0
wildly_theoretical,1,1,0
absolutely_beneficial,1,1,0
wildly_unfamiliar,1,0,1
absolutely_available,1,1,0
absolutely_average,1,0,1
absolutely_bare,1,1,0
absolutely_belligerent,1,1,0
wildly_undervalued,1,1,0
wildly_underrated,1,1,0
wildly_under-appreciated,1,0,1
wildly_thrilling,1,0,1
absolutely_benign,1,0,1
wildly_unclear,1,1,0
wildly_uncharacteristic,1,0,1
wildly_uncertain,1,1,0
wildly_unbalanced,1,1,0
wildly_unaffordable,1,1,0
wildly_titillating,1,1,0
wildly_sensational,1,1,0
wildly_self-aware,1,1,0
absolutely_common,1,1,0
wildly_secretive,1,1,0
wildly_prejudicial,1,1,0
wildly_predictive,1,1,0
absolutely_captivating,1,1,0
wildly_poor,1,1,0
absolutely_chaotic,1,1,0
absolutely_characteristic,1,0,1
wildly_picky,1,1,0
wildly_patient,1,1,0
absolutely_chic,1,1,0
absolutely_chuffed,1,1,0
absolutely_classic,1,1,0
wildly_overgrown,1,1,0
absolutely_cognitive,1,1,0
absolutely_colossal,1,0,1
absolutely_comfortable,1,1,0
absolutely_comforting,1,0,1
absolutely_committed,1,0,1
wildly_premature,1,1,0
wildly_pretentious,1,1,0
wildly_productive,1,1,0
wildly_resilient,1,1,0
wildly_satisfying,1,1,0
wildly_sassy,1,1,0
wildly_rude,1,1,0
absolutely_bloody,1,1,0
absolutely_brazen,1,1,0
wildly_rich,1,1,0
wildly_rewarding,1,0,1
wildly_relevant,1,1,0
absolutely_brown,1,1,0
wildly_recognizable,1,1,0
wildly_readable,1,0,1
wildly_radical,1,0,1
wildly_racist,1,0,1
wildly_promotional,1,1,0
wildly_promiscuous,1,1,0
absolutely_brief,1,1,0
wildly_exotic,1,1,0
absolutely_disturbing,1,1,0
wildly_unhealthy,1,1,0
widely_celebrated,1,1,0
widely_qualified,1,0,1
absolutely_fishy,1,1,0
absolutely_fit,1,1,0
widely_possible,1,1,0
absolutely_fitting,1,1,0
widely_palatable,1,0,1
absolutely_flavorful,1,1,0
absolutely_flexible,1,1,0
widely_innovative,1,1,0
widely_inclusive,1,1,0
widely_inappropriate,1,1,0
widely_inaccurate,1,1,0
widely_effective,1,1,0
absolutely_freaky,1,1,0
widely_dissimilar,1,1,0
absolutely_frustrated,1,1,0
absolutely_frustrating,1,1,0
widely_recognizable,1,1,0
widely_relevant,1,1,0
widely_representative,1,0,1
widely_unwelcome,1,1,0
wildly_accurate,1,1,0
wildly_absurd,1,1,0
wildly_abnormal,1,1,0
widely_welcoming,1,1,0
widely_visible,1,1,0
absolutely_fearful,1,1,0
widely_useful,1,1,0
absolutely_fictional,1,1,0
widely_respected,1,0,1
absolutely_fierce,1,1,0
absolutely_final,1,1,0
widely_unacceptable,1,1,0
widely_talented,1,1,0
widely_surprised,1,1,0
absolutely_finite,1,0,1
widely_speculative,1,1,0
widely_contradictory,1,1,0
widely_beloved,1,1,0
wildly_addicting,1,0,1
widely_aware,1,1,0
wickedly_sinful,1,1,0
wickedly_sharp,1,0,1
wickedly_shallow,1,1,0
absolutely_groundless,1,1,0
wickedly_satisfying,1,0,1
absolutely_gung,1,1,0
wickedly_right,1,0,1
wickedly_quick,1,1,0
wickedly_precise,1,1,0
wickedly_possible,1,0,1
wickedly_poisonous,1,1,0
wickedly_mad,1,1,0
wickedly_irreverent,1,1,0
wickedly_intrusive,1,0,1
wickedly_intelligent,1,1,0
wickedly_innovative,1,1,0
wickedly_indulgent,1,1,0
wickedly_smart,1,1,0
wickedly_strange,1,0,1
wickedly_strong,1,1,0
wide_extreme,1,1,0
absolutely_galling,1,1,0
absolutely_generic,1,0,1
widely_annoying,1,1,0
widely_admired,1,1,0
widely_adaptable,1,1,0
absolutely_gleeful,1,1,0
wide_right,1,1,0
absolutely_grand,1,0,1
wickedly_subtle,1,1,0
absolutely_grateful,1,1,0
wickedly_wrong,1,1,0
wickedly_wonderful,1,1,0
wickedly_unexpected,1,0,1
wickedly_tasteless,1,1,0
wickedly_talented,1,1,0
wickedly_subversive,1,1,0
wildly_active,1,1,0
wildly_addictive,1,0,1
wildly_euphoric,1,1,0
absolutely_enviable,1,0,1
wildly_disheveled,1,1,0
wildly_disappointed,1,1,0
wildly_dire,1,1,0
absolutely_elegant,1,0,1
absolutely_elemental,1,0,1
wildly_devastating,1,1,0
wildly_detailed,1,1,0
wildly_desperate,1,1,0
absolutely_elementary,1,0,1
wildly_depressed,1,1,0
absolutely_elite,1,1,0
wildly_defensive,1,1,0
wildly_decorative,1,1,0
absolutely_embarrassing,1,0,1
absolutely_enjoyable,1,1,0
wildly_courageous,1,1,0
wildly_counterintuitive,1,1,0
wildly_dishonest,1,1,0
absolutely_elated,1,1,0
wildly_disinterested,1,1,0
wildly_elastic,1,0,1
wildly_erratic,1,1,0
absolutely_doomed,1,1,0
absolutely_dreamy,1,1,0
wildly_encouraging,1,1,0
wildly_enamored,1,1,0
wildly_embarrassing,1,1,0
wildly_elated,1,1,0
absolutely_dry,1,1,0
wildly_disorganized,1,1,0
wildly_eerie,1,0,1
wildly_ecstatic,1,1,0
wildly_eclectic,1,1,0
absolutely_dysfunctional,1,1,0
absolutely_earnest,1,0,1
absolutely_easy,1,1,0
absolutely_effective,1,1,0
wildly_cosmopolitan,1,1,0
absolutely_erotic,1,0,1
wildly_adrift,1,1,0
absolutely_erratic,1,1,0
wildly_bad,1,0,1
absolutely_extra,1,0,1
wildly_aware,1,1,0
wildly_artistic,1,1,0
wildly_arrogant,1,0,1
wildly_arbitrary,1,1,0
wildly_approachable,1,1,0
wildly_angry,1,1,0
wildly_amiss,1,1,0
wildly_ambivalent,1,1,0
absolutely_fake,1,1,0
wildly_ambiguous,1,1,0
wildly_amazing,1,0,1
wildly_alien,1,1,0
wildly_afraid,1,1,0
wildly_affordable,1,1,0
absolutely_favorable,1,1,0
wildly_baroque,1,1,0
absolutely_explicit,1,1,0
absolutely_expensive,1,0,1
wildly_collaborative,1,1,0
wildly_contrasting,1,1,0
absolutely_erroneous,1,1,0
wildly_conflicted,1,1,0
absolutely_exciting,1,0,1
wildly_comical,1,1,0
wildly_combative,1,1,0
absolutely_existential,1,0,1
wildly_cheap,1,1,0
wildly_bloated,1,1,0
wildly_charismatic,1,1,0
absolutely_exorbitant,1,1,0
wildly_cathartic,1,0,1
wildly_captivating,1,0,1
wildly_bullish,1,1,0
wildly_brilliant,1,1,0
wildly_blurry,1,1,0
wildly_unflattering,1,1,0
absolutely_automatic,1,1,0
about_rough,1,1,0
wonderfully_agreeable,1,0,1
about_thick,1,1,0
wonderfully_astute,1,1,0
wonderfully_articulate,1,1,0
wonderfully_aromatic,1,1,0
wonderfully_apt,1,0,1
about_thicker,1,1,0
wonderfully_appetizing,1,1,0
about_thin,1,1,0
wonderfully_angry,1,0,1
about_thirsty,1,1,0
about_tiny,1,1,0
wonderfully_amorphous,1,0,1
wonderfully_ambitious,1,1,0
about_toasty,1,1,0
wonderfully_alluring,1,1,0
wonderfully_alive,1,1,0
wonderfully_alike,1,1,0
wonderfully_attentive,1,1,0
wonderfully_audacious,1,0,1
about_tall,1,1,0
wonderfully_bold,1,0,1
about_strong,1,1,0
wonderfully_busy,1,1,0
wonderfully_british,1,0,1
wonderfully_brilliant,1,1,0
about_subtle,1,1,0
wonderfully_brave,1,0,1
wonderfully_brash,1,0,1
wonderfully_blessed,1,1,0
about_tacky,1,1,0
about_such,1,1,0
about_superb,1,1,0
wonderfully_believable,1,1,0
about_superior,1,1,0
about_surprising,1,1,0
about_symbolic,1,1,0
wonderfully_awful,1,1,0
wonderfully_alien,1,0,1
wonderfully_affordable,1,1,0
wonderfully_capable,1,1,0
wonderfully_affectionate,1,1,0
woefully_unhealthy,1,1,0
about_upscale,1,1,0
about_useable,1,1,0
about_useful,1,1,0
woefully_understated,1,1,0
about_useless,1,1,0
about_vertical,1,1,0
woefully_underrepresented,1,1,0
woefully_underrated,1,1,0
about_vintage,1,1,0
about_visual,1,1,0
woefully_underappreciated,1,1,0
woefully_unclear,1,1,0
about_warm,1,1,0
woefully_unable,1,1,0
woefully_stupid,1,1,0
woefully_stale,1,1,0
about_uplifting,1,1,0
woefully_unmatched,1,1,0
woefully_unpredictable,1,1,0
about_typical,1,1,0
wonderfully_adventurous,1,1,0
wonderfully_adorable,1,0,1
wonderfully_addictive,1,0,1
wonderfully_accurate,1,1,0
wonderfully_accidental,1,0,1
about_transformational,1,1,0
about_translucent,1,1,0
wonderfully_absorbent,1,1,0
about_unprecedented,1,0,1
about_unchanged,1,0,1
woefully_weak,1,1,0
woefully_vulnerable,1,1,0
woefully_vague,1,1,0
woefully_unsuitable,1,1,0
woefully_unreported,1,1,0
about_unheard,1,1,0
wonderfully_candid,1,1,0
wonderfully_capitalist,1,0,1
about_watchable,1,1,0
wonderfully_decent,1,0,1
wonderfully_dramatic,1,1,0
wonderfully_disturbing,1,1,0
wonderfully_distracting,1,1,0
wonderfully_distinct,1,0,1
about_scientific,1,1,0
wonderfully_discerning,1,1,0
wonderfully_disastrous,1,1,0
wonderfully_dirty,1,1,0
about_second,1,1,0
about_sensible,1,1,0
about_serious,1,1,0
wonderfully_descriptive,1,1,0
wonderfully_dense,1,0,1
about_set,1,1,0
wonderfully_delighted,1,1,0
wonderfully_delicate,1,1,0
wonderfully_delectable,1,0,1
wonderfully_dreamy,1,1,0
wonderfully_droll,1,1,0
wonderfully_dry,1,1,0
about_safer,1,1,0
about_sad,1,1,0
wonderfully_essential,1,0,1
wonderfully_esoteric,1,1,0
wonderfully_epic,1,0,1
wonderfully_enthusiastic,1,1,0
about_safe,1,1,0
wonderfully_enlightened,1,1,0
wonderfully_emotional,1,1,0
wonderfully_dysfunctional,1,1,0
wonderfully_egalitarian,1,0,1
wonderfully_efficient,1,1,0
about_salty,1,1,0
about_same,1,1,0
wonderfully_edible,1,0,1
wonderfully_eclectic,1,1,0
wonderfully_eccentric,1,1,0
wonderfully_defensive,1,1,0
about_shiny,1,1,0
wonderfully_catchy,1,1,0
about_shocking,1,1,0
wonderfully_comfy,1,1,0
about_soothing,1,1,0
wonderfully_colorful,1,1,0
wonderfully_collaborative,1,1,0
wonderfully_cloudy,1,1,0
wonderfully_close,1,1,0
wonderfully_clever,1,1,0
about_spicy,1,1,0
about_sporty,1,1,0
wonderfully_civilized,1,1,0
about_stable,1,1,0
wonderfully_cinematic,1,0,1
wonderfully_chilling,1,1,0
wonderfully_cheesy,1,1,0
wonderfully_cheerful,1,0,1
about_stereotypical,1,1,0
wonderfully_charismatic,1,1,0
wonderfully_comic,1,1,0
wonderfully_compact,1,0,1
wonderfully_compassionate,1,1,0
wonderfully_corny,1,0,1
wonderfully_cute,1,1,0
wonderfully_curvy,1,1,0
wonderfully_crispy,1,1,0
about_silver,1,1,0
wonderfully_creamy,1,0,1
wonderfully_courteous,1,1,0
about_smaller,1,1,0
wonderfully_cooperative,1,1,0
wonderfully_complementary,1,1,0
about_soft,1,1,0
wonderfully_convenient,1,1,0
wonderfully_contrary,1,0,1
wonderfully_constructive,1,1,0
wonderfully_consistent,1,0,1
about_solid,1,1,0
about_solitary,1,1,0
woefully_soft,1,1,0
woefully_similar,1,1,0
absolutely_athletic,1,1,0
willfully_clueless,1,1,0
willfully_evil,1,1,0
willfully_disturbing,1,1,0
willfully_distant,1,1,0
absolutely_addictive,1,0,1
absolutely_adjustable,1,1,0
willfully_dishonest,1,1,0
willfully_difficult,1,1,0
willfully_dense,1,1,0
willfully_defective,1,1,0
absolutely_aesthetic,1,1,0
absolutely_affluent,1,1,0
willfully_deaf,1,1,0
willfully_dangerous,1,1,0
willfully_daft,1,1,0
absolutely_affordable,1,1,0
willfully_cruel,1,1,0
willfully_confused,1,1,0
willfully_heartless,1,1,0
willfully_homeless,1,1,0
willfully_hostile,1,0,1
willfully_messy,1,0,1
above_true,1,1,0
absolute_delicious,1,1,0
absolute_genuine,1,1,0
absolute_incorrect,1,1,0
willfully_nebulous,1,1,0
willfully_nasty,1,1,0
absolute_pure,1,0,1
willfully_mean-spirited,1,1,0
willfully_hypocritical,1,1,0
willfully_malicious,1,1,0
willfully_malevolent,1,1,0
willfully_inscrutable,1,1,0
willfully_innocent,1,1,0
absolutely_accountable,1,1,0
willfully_incomprehensible,1,1,0
willfully_inaccurate,1,1,0
willfully_coarse,1,1,0
absolutely_akin,1,0,1
willfully_other,1,1,0
willfully_biased,1,1,0
wildly_untrustworthy,1,1,0
absolutely_anonymous,1,1,0
absolutely_antagonistic,1,1,0
wildly_unsuitable,1,1,0
absolutely_appalled,1,1,0
wildly_unscientific,1,1,0
wildly_unreliable,1,1,0
wildly_unreasonable,1,1,0
absolutely_apt,1,1,0
absolutely_arbitrary,1,0,1
wildly_unprecedented,1,0,1
absolutely_ashamed,1,1,0
wildly_unnerving,1,0,1
absolutely_astonished,1,1,0
absolutely_astronomical,1,1,0
wildly_unintentional,1,1,0
wildly_unintended,1,1,0
wildly_unusual,1,0,1
wildly_upbeat,1,0,1
wildly_upset,1,1,0
wildly_weird,1,1,0
absolutely_alike,1,1,0
willfully_amateurish,1,1,0
willfully_accidental,1,0,1
willfully_abstract,1,1,0
absolutely_alive,1,0,1
wildly_worried,1,1,0
wildly_wonderful,1,1,0
wildly_wasteful,1,1,0
wildly_useful,1,1,0
wildly_volatile,1,1,0
wildly_vivid,1,1,0
wildly_vital,1,0,1
wildly_viral,1,1,0
absolutely_angelic,1,1,0
wildly_variable,1,1,0
wildly_valuable,1,1,0
above_rapid,1,1,0
willfully_perverse,1,1,0
woefully_silent,1,1,0
woefully_imprecise,1,1,0
woefully_low-tech,1,1,0
above_able,1,1,0
woefully_late,1,1,0
above_absent,1,1,0
above_better,1,0,1
woefully_insecure,1,1,0
above_bland,1,1,0
above_capable,1,1,0
above_competent,1,0,1
above_cute,1,1,0
woefully_independent,1,1,0
above_easier,1,0,1
above_enough,1,1,0
woefully_incompetent,1,1,0
woefully_incoherent,1,1,0
woefully_incapable,1,1,0
above_familiar,1,1,0
woefully_messy,1,1,0
about_zero,1,1,0
about_young,1,1,0
about_whole,1,1,0
about_wealthy,1,1,0
about_white,1,1,0
woefully_pitiful,1,1,0
woefully_passe,1,1,0
woefully_overwrought,1,1,0
woefully_overweight,1,1,0
woefully_overcrowded,1,1,0
woefully_one-dimensional,1,1,0
about_wrong,1,1,0
woefully_obtuse,1,1,0
woefully_negligent,1,1,0
woefully_narrow,1,1,0
woefully_myopic,1,1,0
about_worthless,1,1,0
woefully_mistaken,1,1,0
woefully_missing,1,0,1
woefully_inaccurate,1,1,0
woefully_ill-equipped,1,1,0
willfully_powerless,1,1,0
woefully_ill,1,1,0
woefully_amiss,1,1,0
woefully_abused,1,0,1
above_neutral,1,1,0
above_nice,1,1,0
willfully_weird,1,1,0
willfully_unsettling,1,1,0
above_possible,1,1,0
willfully_unfair,1,1,0
willfully_unemployed,1,1,0
above_preferable,1,1,0
willfully_tight,1,1,0
willfully_subject,1,1,0
above_protective,1,1,0
willfully_silly,1,0,1
willfully_revolting,1,1,0
willfully_rebellious,1,1,0
willfully_provocative,1,1,0
woefully_apparent,1,1,0
woefully_archaic,1,1,0
woefully_bereft,1,1,0
woefully_dull,1,1,0
above_feasible,1,1,0
woefully_idiotic,1,1,0
woefully_hungover,1,1,0
woefully_expensive,1,1,0
woefully_exaggerated,1,1,0
woefully_evil,1,0,1
woefully_dysfunctional,1,1,0
woefully_divisive,1,1,0
woefully_boring,1,1,0
above_important,1,1,0
woefully_different,1,0,1
woefully_devoid,1,1,0
woefully_delusional,1,1,0
above_lousy,1,1,0
woefully_conventional,1,1,0
woefully_clad,1,1,0
visibly_exciting,1,0,1
visibly_evident,1,1,0
almost_historical,1,0,1
alarmingly_overweight,1,1,0
alarmingly_greater,1,1,0
alarmingly_happy,1,1,0
alarmingly_harsh,1,1,0
alarmingly_hypocritical,1,0,1
alarmingly_ideal,1,1,0
alarmingly_ill-equipped,1,1,0
alarmingly_impenetrable,1,0,1
alarmingly_incoherent,1,0,1
alarmingly_intimate,1,1,0
very_indelible,1,0,1
alarmingly_lopsided,1,0,1
very_indebted,1,1,0
alarmingly_loud,1,1,0
very_incredulous,1,1,0
alarmingly_menacing,1,1,0
alarmingly_naive,1,1,0
alarmingly_nonsensical,1,1,0
alarmingly_frequent,1,1,0
alarmingly_fascinating,1,0,1
alarmingly_extreme,1,1,0
alarmingly_common,1,1,0
agonizingly_wrong,1,1,0
alarmingly_abnormal,1,0,1
very_informed,1,1,0
alarmingly_absurd,1,0,1
alarmingly_beautiful,1,1,0
alarmingly_calm,1,1,0
alarmingly_clever,1,1,0
alarmingly_complete,1,1,0
alarmingly_evident,1,1,0
very_infamous,1,1,0
alarmingly_creative,1,1,0
alarmingly_direct,1,1,0
very_inert,1,0,1
alarmingly_eager,1,1,0
alarmingly_easy,1,1,0
alarmingly_erratic,1,0,1
alarmingly_obvious,1,0,1
alarmingly_permanent,1,0,1
very_inhospitable,1,1,0
alarmingly_personal,1,1,0
alarmingly_wide,1,1,0
albeit_ambiguous,1,0,1
albeit_bizarre,1,1,0
albeit_childish,1,1,0
albeit_complex,1,0,1
albeit_contentious,1,0,1
very_imperceptible,1,1,0
albeit_creepy,1,0,1
albeit_dark,1,0,1
very_impassioned,1,1,0
albeit_dope,1,0,1
albeit_entertaining,1,0,1
very_immune,1,1,0
albeit_faint,1,0,1
very_imminent,1,1,0
albeit_good,1,0,1
very_immense,1,0,1
alarmingly_vulnerable,1,1,0
very_impotent,1,0,1
alarmingly_vivid,1,1,0
alarmingly_scarce,1,1,0
alarmingly_possible,1,1,0
alarmingly_prescient,1,1,0
alarmingly_professional,1,1,0
very_incisive,1,0,1
very_incidental,1,0,1
alarmingly_relevant,1,1,0
very_inane,1,0,1
alarmingly_serious,1,1,0
alarmingly_unhelpful,1,1,0
alarmingly_sincere,1,1,0
alarmingly_spot-on,1,1,0
alarmingly_strange,1,0,1
alarmingly_strong,1,1,0
alarmingly_tasty,1,0,1
alarmingly_thin,1,1,0
alarmingly_trivial,1,1,0
very_inherent,1,1,0
very_inhuman,1,0,1
albeit_important,1,0,1
aggressively_superior,1,1,0
aggressively_patient,1,1,0
aggressively_physical,1,1,0
aggressively_playful,1,1,0
aggressively_political,1,1,0
aggressively_positive,1,1,0
aggressively_protective,1,1,0
aggressively_reasonable,1,1,0
aggressively_sarcastic,1,0,1
aggressively_sentimental,1,1,0
very_intimidated,1,1,0
aggressively_sexual,1,1,0
very_interwoven,1,1,0
aggressively_shocking,1,1,0
aggressively_short,1,1,0
aggressively_slim,1,1,0
aggressively_snarky,1,1,0
aggressively_standard,1,0,1
aggressively_passionate,1,1,0
very_invalid,1,1,0
aggressively_parochial,1,1,0
aggressively_misunderstood,1,1,0
aggressively_inventive,1,1,0
aggressively_involved,1,0,1
aggressively_irrelevant,1,1,0
aggressively_male,1,1,0
aggressively_mean,1,1,0
aggressively_meaningful,1,1,0
aggressively_misogynistic,1,1,0
very_irksome,1,1,0
aggressively_paranoid,1,1,0
aggressively_nonpartisan,1,0,1
very_irate,1,1,0
aggressively_noteworthy,1,1,0
aggressively_odd,1,1,0
aggressively_offensive,1,1,0
aggressively_outgoing,1,1,0
aggressively_palatable,1,1,0
aggressively_stylish,1,1,0
very_interchangeable,1,1,0
agonizingly_tragic,1,0,1
aggressively_tender,1,1,0
very_insipid,1,1,0
ago_tired,1,1,0
ago_wrong,1,1,0
agonisingly_abusive,1,1,0
agonisingly_aware,1,1,0
agonisingly_difficult,1,1,0
agonisingly_painful,1,1,0
very_insatiable,1,0,1
agonisingly_self-indulgent,1,1,0
agonisingly_worried,1,1,0
agonizingly_obvious,1,1,0
agonizingly_painful,1,1,0
agonizingly_real,1,1,0
agonizingly_self-indulgent,1,1,0
agonizingly_suspenseful,1,1,0
agonizingly_tepid,1,1,0
very_injured,1,1,0
ago_relative,1,1,0
ago_okay,1,1,0
ago_last,1,1,0
aggressively_virulent,1,1,0
aggressively_thirsty,1,1,0
aggressively_toxic,1,0,1
aggressively_traditional,1,1,0
aggressively_trivial,1,1,0
aggressively_unappealing,1,1,0
aggressively_unfunny,1,1,0
aggressively_unsettling,1,0,1
very_intact,1,1,0
ago_evident,1,1,0
aggressively_vocal,1,1,0
very_insufficient,1,1,0
aggressively_youthful,1,1,0
ago_different,1,0,1
very_institutional,1,1,0
ago_distraught,1,1,0
very_instantaneous,1,1,0
albeit_greasy,1,0,1
very_immaterial,1,0,1
aggressively_insecure,1,1,0
very_gutsy,1,0,1
very_hawkish,1,1,0
all_clueless,1,1,0
all_clumsy,1,1,0
all_cognitive,1,1,0
all_cognizant,1,1,0
all_coincidental,1,1,0
all_colorful,1,0,1
all_communal,1,1,0
all_competitive,1,1,0
all_complementary,1,1,0
very_hard-hitting,1,1,0
all_complicit,1,1,0
all_complimentary,1,1,0
all_connected,1,0,1
all_consensual,1,1,0
all_conservative,1,1,0
very_handmade,1,0,1
all_clingy,1,1,0
all_clever,1,1,0
all_classy,1,1,0
very_heavenly,1,0,1
all_brutal,1,1,0
all_bubbly,1,1,0
very_hellish,1,1,0
all_cagey,1,1,0
all_calm,1,1,0
all_caring,1,1,0
all_charismatic,1,1,0
all_charming,1,1,0
all_civil,1,1,0
all_chatty,1,1,0
all_cheap,1,1,0
very_heartless,1,1,0
all_cheery,1,1,0
all_chopped,1,1,0
all_christian,1,1,0
all_circumstantial,1,1,0
very_handicapped,1,1,0
all_contextual,1,1,0
all_breathless,1,1,0
all_continuous,1,1,0
all_darker,1,1,0
all_deaf,1,1,0
all_decent,1,1,0
all_defiant,1,1,0
all_destructive,1,1,0
all_detached,1,1,0
all_detailed,1,1,0
all_detectable,1,1,0
all_detrimental,1,1,0
all_difficult,1,1,0
all_disgusting,1,1,0
very_governmental,1,1,0
all_disorganized,1,1,0
all_distinct,1,1,0
all_divine,1,1,0
all_doable,1,1,0
all_dour,1,1,0
all_dangerous,1,1,0
all_damp,1,1,0
all_damn,1,1,0
all_crappy,1,1,0
all_contrived,1,1,0
all_conventional,1,1,0
all_cooler,1,1,0
very_grueling,1,1,0
very_grotesque,1,1,0
all_cozy,1,1,0
all_cranky,1,1,0
all_crazier,1,1,0
all_cynical,1,1,0
all_creative,1,1,0
all_crooked,1,1,0
very_grievous,1,0,1
all_cunning,1,0,1
all_current,1,1,0
all_custom,1,1,0
all_cute,1,1,0
very_heretical,1,1,0
all_bored,1,1,0
albeit_impressive,1,0,1
all_amusing,1,1,0
albeit_uncomfortable,1,0,1
albeit_understandable,1,0,1
albeit_unfortunate,1,0,1
albeit_unusual,1,0,1
albeit_virtual,1,0,1
very_hyperbolic,1,1,0
all_abnormal,1,1,0
all_accidental,1,1,0
all_accurate,1,1,0
all_accustomed,1,1,0
all_acoustic,1,1,0
all_actual,1,1,0
all_adjustable,1,1,0
all_aesthetic,1,1,0
all_african,1,1,0
all_african-american,1,1,0
all_aghast,1,1,0
albeit_trivial,1,0,1
albeit_transient,1,0,1
albeit_tiny,1,1,0
very_ill-equipped,1,1,0
very_imbalanced,1,1,0
albeit_irritating,1,1,0
very_illustrative,1,1,0
albeit_likely,1,0,1
albeit_minuscule,1,0,1
very_illegitimate,1,1,0
albeit_misguided,1,0,1
albeit_misleading,1,0,1
albeit_talented,1,0,1
albeit_similar,1,0,1
albeit_simpler,1,0,1
albeit_singular,1,0,1
very_idiotic,1,0,1
albeit_smart,1,1,0
albeit_spectacular,1,0,1
albeit_symbolic,1,0,1
all_agreeable,1,1,0
all_anecdotal,1,1,0
all_boisterous,1,0,1
all_anonymous,1,0,1
all_autobiographical,1,1,0
all_awake,1,1,0
all_awesome,1,1,0
all_awful,1,1,0
all_bereft,1,1,0
all_best,1,1,0
all_biased,1,1,0
all_bigger,1,1,0
all_bilingual,1,1,0
all_biological,1,1,0
all_bland,1,1,0
all_blank,1,1,0
very_high-tech,1,1,0
all_blended,1,0,1
very_high-profile,1,0,1
all_bloody,1,1,0
all_blue,1,1,0
very_homogenous,1,1,0
all_authentic,1,1,0
very_homosexual,1,1,0
all_appropriate,1,1,0
all_antsy,1,0,1
all_anxious,1,1,0
all_apathetic,1,1,0
all_apparent,1,1,0
very_horrifying,1,1,0
very_horrified,1,1,0
all_appealing,1,1,0
all_arrogant,1,1,0
all_australian,1,1,0
all_artificial,1,1,0
very_hoppy,1,1,0
all_asian,1,1,0
all_askew,1,1,0
very_honourable,1,1,0
all_atrocious,1,1,0
all_attainable,1,1,0
aggressively_interested,1,0,1
aggressively_incorrect,1,1,0
all_dumb,1,1,0
aesthetically_expressive,1,1,0
aesthetically_charming,1,1,0
aesthetically_close,1,0,1
very_myopic,1,1,0
aesthetically_compact,1,0,1
aesthetically_compatible,1,0,1
aesthetically_complex,1,0,1
aesthetically_condescending,1,1,0
aesthetically_cool,1,1,0
very_murderous,1,0,1
aesthetically_crucial,1,1,0
aesthetically_crude,1,1,0
aesthetically_decadent,1,1,0
aesthetically_different,1,0,1
aesthetically_distinct,1,1,0
very_mournful,1,1,0
aesthetically_easier,1,0,1
aesthetically_easy,1,1,0
aesthetically_challenging,1,1,0
aesthetically_assertive,1,1,0
aesthetically_amazing,1,1,0
very_nauseous,1,1,0
very_needed,1,1,0
adorably_retro,1,0,1
adorably_romantic,1,0,1
adorably_scary,1,1,0
very_nearer,1,1,0
adorably_shoddy,1,1,0
adorably_smug,1,1,0
adorably_snarky,1,0,1
aesthetically_alien,1,0,1
adorably_sweet,1,1,0
adorably_terrific,1,1,0
adorably_typical,1,1,0
adorably_unique,1,0,1
adorably_wholesome,1,0,1
adorably_wrong,1,1,0
adorably_young,1,1,0
aesthetically_enticing,1,1,0
aesthetically_eye-catching,1,1,0
adorably_pompous,1,0,1
aesthetically_fascinating,1,1,0
aesthetically_outstanding,1,1,0
aesthetically_painful,1,1,0
very_minimum,1,1,0
aesthetically_picturesque,1,1,0
aesthetically_pleasant,1,0,1
aesthetically_potent,1,0,1
very_mind-boggling,1,1,0
very_military,1,1,0
very_militaristic,1,0,1
aesthetically_remarkable,1,1,0
aesthetically_restless,1,1,0
very_mighty,1,0,1
aesthetically_rich,1,1,0
aesthetically_rigid,1,1,0
aesthetically_rubbish,1,1,0
aesthetically_satisfying,1,1,0
very_metaphorical,1,1,0
aesthetically_original,1,1,0
aesthetically_offensive,1,1,0
aesthetically_obsolete,1,1,0
aesthetically_incompatible,1,1,0
aesthetically_good,1,1,0
aesthetically_gratifying,1,0,1
aesthetically_heinous,1,0,1
very_monochromatic,1,1,0
aesthetically_horrifying,1,1,0
aesthetically_ideal,1,1,0
very_modular,1,1,0
aesthetically_intriguing,1,1,0
aesthetically_objectionable,1,1,0
aesthetically_irrelevant,1,1,0
aesthetically_jaw-dropping,1,1,0
aesthetically_magical,1,0,1
aesthetically_magnificent,1,1,0
aesthetically_mind-blowing,1,1,0
aesthetically_minded,1,0,1
aesthetically_nice,1,1,0
very_needless,1,1,0
adorably_petrified,1,1,0
aesthetically_sick,1,1,0
very_objectionable,1,0,1
admittedly_prominent,1,1,0
admittedly_quixotic,1,0,1
admittedly_real,1,1,0
very_odious,1,1,0
admittedly_refreshing,1,1,0
admittedly_regrettable,1,1,0
admittedly_related,1,1,0
admittedly_ridiculous,1,1,0
very_obtrusive,1,1,0
admittedly_sad,1,1,0
admittedly_sci-fi,1,0,1
admittedly_selfish,1,1,0
admittedly_simple,1,1,0
very_observable,1,0,1
admittedly_skeptical,1,1,0
admittedly_small,1,1,0
admittedly_sticky,1,1,0
admittedly_preposterous,1,1,0
admittedly_peculiar,1,1,0
admittedly_overweight,1,1,0
admittedly_hot,1,0,1
admittedly_harder,1,0,1
admittedly_harmless,1,1,0
very_opportune,1,1,0
admittedly_hazy,1,1,0
very_operational,1,1,0
admittedly_heretical,1,1,0
admittedly_heterosexual,1,1,0
admittedly_illusory,1,1,0
admittedly_outside,1,1,0
admittedly_intelligent,1,1,0
admittedly_jarring,1,1,0
admittedly_large,1,1,0
admittedly_likable,1,1,0
admittedly_mercurial,1,1,0
admittedly_minimal,1,1,0
admittedly_naive,1,1,0
admittedly_straight,1,1,0
admittedly_strong,1,1,0
very_negotiable,1,1,0
admittedly_stronger,1,1,0
admittedly_wrong,1,0,1
adorably_adorable,1,0,1
adorably_bad,1,1,0
adorably_canadian,1,0,1
adorably_chubby,1,1,0
adorably_clueless,1,1,0
very_nightmarish,1,1,0
adorably_clumsy,1,0,1
adorably_creepy,1,1,0
adorably_expressive,1,1,0
adorably_funny,1,1,0
adorably_harmless,1,0,1
adorably_humbling,1,1,0
adorably_innocent,1,0,1
adorably_kind,1,0,1
adorably_lazy,1,1,0
adorably_loveable,1,1,0
admittedly_violent,1,1,0
very_nondescript,1,1,0
admittedly_vague,1,1,0
admittedly_tough,1,1,0
very_nutritional,1,1,0
admittedly_superficial,1,1,0
admittedly_technical,1,1,0
very_numb,1,1,0
admittedly_tedious,1,1,0
admittedly_tenuous,1,1,0
admittedly_torturous,1,1,0
admittedly_unconventional,1,1,0
admittedly_unsure,1,1,0
very_notorious,1,0,1
admittedly_unconvinced,1,1,0
admittedly_unfair,1,1,0
admittedly_unimportant,1,1,0
admittedly_uninformed,1,0,1
admittedly_unnerving,1,0,1
admittedly_unrelated,1,1,0
aesthetically_sharp,1,1,0
aesthetically_simple,1,1,0
aggressively_incompetent,1,1,0
very_laughable,1,1,0
very_liable,1,1,0
again_shocked,1,1,0
again_sinister,1,1,0
again_small,1,1,0
again_sorry,1,1,0
again_spanish,1,1,0
again_stupid,1,1,0
very_leftist,1,1,0
again_surprising,1,1,0
again_suspect,1,1,0
again_sweet,1,1,0
again_taller,1,1,0
again_thin,1,1,0
again_unable,1,1,0
again_unconscious,1,1,0
again_unfettered,1,1,0
very_law-abiding,1,1,0
again_sarcastic,1,1,0
again_rosy,1,1,0
again_relevant,1,1,0
again_ok,1,1,0
again_mistaken,1,1,0
again_moist,1,1,0
again_mortal,1,1,0
again_needless,1,1,0
again_normal,1,1,0
again_obtuse,1,1,0
again_obvious,1,1,0
again_okay,1,1,0
again_related,1,1,0
again_ours,1,1,0
again_pathetic,1,1,0
again_perfect,1,1,0
very_limp,1,1,0
again_proud,1,1,0
very_like,1,1,0
again_regular,1,1,0
again_unique,1,1,0
again_unlimited,1,1,0
again_low-key,1,0,1
again_unsettled,1,1,0
aggressively_defensive,1,1,0
aggressively_democratic,1,1,0
aggressively_destructive,1,1,0
aggressively_dominant,1,1,0
aggressively_drunk,1,1,0
aggressively_empathetic,1,1,0
very_judgemental,1,1,0
aggressively_favorable,1,1,0
aggressively_fearful,1,1,0
aggressively_fresh,1,1,0
aggressively_friendly,1,1,0
aggressively_gay,1,1,0
aggressively_generic,1,1,0
aggressively_groovy,1,0,1
aggressively_hateful,1,0,1
aggressively_humorous,1,1,0
aggressively_ignorant,1,1,0
aggressively_contradictory,1,1,0
aggressively_coarse,1,1,0
aggressively_clean,1,1,0
aggressively_bad,1,1,0
again_willing,1,1,0
very_lasting,1,0,1
again_worth,1,0,1
very_largest,1,1,0
aggressively_active,1,1,0
very_large-scale,1,1,0
aggressively_astringent,1,0,1
very_lacklustre,1,1,0
very_kinetic,1,1,0
very_lackluster,1,1,0
aggressively_boring,1,1,0
aggressively_candid,1,1,0
very_labor-intensive,1,1,0
aggressively_capitalist,1,0,1
aggressively_cheesy,1,1,0
aggressively_christian,1,1,0
again_magical,1,1,0
again_lovely,1,1,0
aesthetically_smart,1,1,0
very_maneuverable,1,1,0
very_meaningless,1,1,0
aesthetically_vulgar,1,1,0
aesthetically_worthwhile,1,0,1
aesthetically_worthy,1,1,0
again_abundant,1,1,0
again_accessible,1,1,0
again_afoot,1,1,0
very_materialistic,1,0,1
again_amazing,1,1,0
again_american,1,0,1
again_angry,1,1,0
again_appalled,1,1,0
very_marginalized,1,1,0
again_attractive,1,1,0
again_aware,1,1,0
again_better,1,1,0
again_capable,1,1,0
aesthetically_vile,1,1,0
aesthetically_unsatisfying,1,0,1
aesthetically_unsatisfactory,1,1,0
aesthetically_successful,1,1,0
aesthetically_spare,1,1,0
very_meritorious,1,0,1
very_mercurial,1,1,0
very_merciful,1,1,0
very_mental,1,1,0
aesthetically_sterile,1,0,1
aesthetically_stunning,1,1,0
aesthetically_superior,1,1,0
very_medicinal,1,1,0
aesthetically_unacceptable,1,1,0
aesthetically_unattractive,1,1,0
very_meh,1,1,0
aesthetically_unfortunate,1,1,0
aesthetically_uninspiring,1,1,0
aesthetically_unmatched,1,1,0
aesthetically_unpleasant,1,1,0
again_careful,1,1,0
again_certain,1,1,0
again_irrelevant,1,1,0
again_cheaper,1,1,0
again_fantastic,1,1,0
again_fascinating,1,1,0
again_frail,1,1,0
very_lower,1,1,0
again_fraught,1,1,0
again_fresh,1,1,0
again_full,1,1,0
again_fuzzy,1,1,0
again_great,1,1,0
again_higher,1,1,0
again_homeless,1,1,0
again_illegal,1,1,0
again_important,1,1,0
again_inactive,1,1,0
again_incredible,1,1,0
again_indicative,1,0,1
again_intriguing,1,0,1
again_false,1,1,0
again_fake,1,1,0
again_evangelical,1,1,0
again_disappointed,1,1,0
very_malty,1,1,0
very_malnourished,1,1,0
very_malignant,1,0,1
again_clean,1,1,0
again_clueless,1,1,0
again_dead,1,1,0
again_different,1,0,1
very_magic,1,0,1
again_empty,1,1,0
very_maddening,1,1,0
again_doomed,1,1,0
again_due,1,0,1
very_macabre,1,1,0
again_dull,1,1,0
again_easy,1,1,0
very_luscious,1,0,1
all_dreamy,1,1,0
all_easier,1,1,0
admittedly_grey,1,1,0
almost_ambitious,1,0,1
almost_abhorrent,1,1,0
almost_able,1,1,0
almost_absolute,1,1,0
almost_accurate,1,1,0
almost_achievable,1,1,0
very_damn,1,1,0
almost_adorable,1,1,0
very_daily,1,1,0
very_daft,1,1,0
almost_adversarial,1,0,1
almost_aggressive,1,1,0
very_cutthroat,1,1,0
almost_airy,1,0,1
almost_allergic,1,1,0
almost_alone,1,1,0
almost_alright,1,1,0
almost_alternate,1,1,0
almost_3d,1,1,0
allegedly_wrong,1,0,1
very_data-driven,1,1,0
allegedly_sustainable,1,1,0
allegedly_serious,1,1,0
allegedly_sexual,1,1,0
allegedly_sick,1,1,0
very_defective,1,1,0
allegedly_skeptical,1,1,0
allegedly_sober,1,1,0
allegedly_steep,1,1,0
allegedly_unafraid,1,0,1
very_dazed,1,1,0
allegedly_undecided,1,1,0
allegedly_unemployed,1,1,0
allegedly_unhappy,1,0,1
allegedly_unmarried,1,1,0
very_deadpan,1,1,0
allegedly_unnecessary,1,1,0
allegedly_unpublished,1,0,1
very_cursory,1,1,0
almost_anachronistic,1,0,1
allegedly_religious,1,1,0
almost_analytical,1,1,0
almost_bankrupt,1,1,0
almost_bearable,1,1,0
almost_believable,1,1,0
very_cowardly,1,1,0
almost_benevolent,1,1,0
almost_bewildering,1,1,0
almost_big,1,1,0
almost_bitter,1,1,0
almost_blank,1,1,0
almost_bleak,1,1,0
very_cost,1,1,0
almost_bloodless,1,1,0
very_cosmetic,1,1,0
almost_boring,1,0,1
almost_bottomless,1,1,0
almost_brave,1,0,1
almost_breathtaking,1,1,0
almost_banal,1,1,0
almost_bald,1,1,0
very_crappy,1,1,0
almost_appalling,1,1,0
almost_anarchic,1,0,1
almost_androgynous,1,0,1
very_crystal,1,1,0
almost_angry,1,1,0
very_crumbly,1,1,0
almost_anti-semitic,1,0,1
almost_antithetical,1,0,1
almost_archaic,1,0,1
almost_aware,1,1,0
very_crooked,1,1,0
almost_arrogant,1,0,1
almost_artificial,1,1,0
almost_artistic,1,0,1
almost_audacious,1,0,1
almost_audible,1,0,1
almost_autistic,1,1,0
allegedly_reluctant,1,1,0
very_deft,1,1,0
almost_brutal,1,1,0
allegedly_delinquent,1,1,0
very_disadvantaged,1,1,0
all_worthless,1,1,0
all_xenophobic,1,1,0
all_young,1,1,0
allegedly_able,1,1,0
very_diminutive,1,1,0
allegedly_afraid,1,1,0
allegedly_ancient,1,1,0
allegedly_armed,1,1,0
allegedly_bisexual,1,0,1
allegedly_blasphemous,1,0,1
allegedly_burdensome,1,1,0
allegedly_christian,1,1,0
allegedly_clad,1,1,0
allegedly_connected,1,0,1
allegedly_corrupt,1,1,0
allegedly_criminal,1,0,1
all_worse,1,1,0
all_worrisome,1,1,0
all_workable,1,1,0
very_discriminatory,1,1,0
all_visible,1,1,0
all_visual,1,1,0
all_vital,1,1,0
all_vocal,1,1,0
all_wacky,1,1,0
all_walkable,1,1,0
very_disgraceful,1,0,1
very_discretionary,1,1,0
very_discernible,1,1,0
all_wholesome,1,0,1
all_willing,1,1,0
all_wireless,1,1,0
all_wise,1,1,0
all_wishful,1,1,0
all_wistful,1,0,1
all_wonderful,1,1,0
allegedly_culpable,1,0,1
allegedly_distinct,1,1,0
allegedly_ready,1,1,0
allegedly_educational,1,1,0
very_demonstrative,1,0,1
very_demonic,1,0,1
allegedly_married,1,1,0
very_demented,1,0,1
very_demeaning,1,1,0
allegedly_naked,1,1,0
very_delusional,1,1,0
very_deluded,1,1,0
very_delirious,1,1,0
allegedly_partial,1,0,1
allegedly_pregnant,1,1,0
allegedly_present,1,1,0
allegedly_primitive,1,1,0
allegedly_problematic,1,1,0
very_deleterious,1,1,0
allegedly_racist,1,1,0
very_dejected,1,1,0
allegedly_involved,1,0,1
allegedly_interested,1,0,1
allegedly_inaccurate,1,1,0
allegedly_fat,1,1,0
allegedly_endangered,1,1,0
allegedly_erroneous,1,1,0
allegedly_expert,1,1,0
very_destitute,1,1,0
very_destabilizing,1,1,0
allegedly_famous,1,0,1
very_despicable,1,0,1
very_desolate,1,1,0
allegedly_immoral,1,1,0
allegedly_favourable,1,0,1
allegedly_female,1,1,0
allegedly_free,1,1,0
allegedly_french,1,1,0
allegedly_glorious,1,0,1
allegedly_good,1,1,0
allegedly_greener,1,0,1
almost_brisk,1,1,0
almost_buddhist,1,0,1
all_virtual,1,1,0
almost_festive,1,0,1
almost_enlightened,1,1,0
almost_enviable,1,0,1
almost_envious,1,1,0
almost_esoteric,1,0,1
almost_euphoric,1,1,0
almost_exciting,1,0,1
very_chemical,1,0,1
almost_exemplary,1,1,0
almost_exotic,1,0,1
very_cheaper,1,1,0
almost_experimental,1,1,0
almost_facile,1,0,1
almost_fair,1,1,0
almost_false,1,1,0
almost_fatal,1,1,0
almost_favorite,1,1,0
almost_feminine,1,0,1
almost_enigmatic,1,0,1
very_chubby,1,1,0
almost_emotional,1,0,1
almost_drab,1,1,0
almost_disagreeable,1,1,0
very_closest,1,0,1
almost_disorienting,1,1,0
almost_disposable,1,1,0
almost_distasteful,1,0,1
almost_disturbing,1,0,1
almost_doomed,1,1,0
almost_dreadful,1,0,1
almost_elusive,1,0,1
almost_drunken,1,1,0
almost_dystopian,1,0,1
almost_easy,1,0,1
almost_effeminate,1,1,0
almost_effusive,1,1,0
almost_elegant,1,0,1
almost_eligible,1,1,0
almost_feral,1,0,1
almost_feverish,1,0,1
almost_digital,1,1,0
almost_fictional,1,0,1
very_callous,1,1,0
almost_generic,1,0,1
almost_genteel,1,0,1
almost_genuine,1,0,1
almost_geometric,1,0,1
very_buoyant,1,1,0
almost_glib,1,0,1
almost_godly,1,0,1
almost_gorgeous,1,0,1
almost_graphic,1,0,1
almost_grey,1,1,0
almost_healthy,1,1,0
almost_heartfelt,1,0,1
almost_heavenly,1,1,0
almost_heinous,1,0,1
almost_helpless,1,1,0
almost_hereditary,1,0,1
almost_futuristic,1,0,1
almost_futile,1,1,0
almost_functional,1,1,0
almost_fond,1,1,0
very_centrist,1,1,0
almost_figurative,1,0,1
almost_fit,1,1,0
very_cavalier,1,1,0
almost_flashy,1,1,0
almost_floral,1,0,1
almost_flowery,1,0,1
almost_foolproof,1,0,1
very_capitalist,1,1,0
almost_former,1,1,0
almost_frantic,1,1,0
almost_friendly,1,1,0
almost_frivolous,1,0,1
very_carcinogenic,1,1,0
almost_fruitless,1,1,0
almost_fruity,1,0,1
almost_direct,1,1,0
almost_didactic,1,1,0
almost_busy,1,1,0
very_conciliatory,1,1,0
very_consequential,1,1,0
very_consensual,1,1,0
almost_coarse,1,1,0
almost_cohesive,1,0,1
almost_comedic,1,1,0
almost_communicative,1,1,0
almost_communist,1,0,1
almost_comparable,1,0,1
almost_compassionate,1,0,1
almost_compelling,1,0,1
very_configurable,1,1,0
almost_competitive,1,1,0
very_conductive,1,1,0
almost_comprehensive,1,1,0
almost_concerned,1,0,1
almost_conclusive,1,1,0
almost_conflicting,1,1,0
almost_clumsy,1,1,0
almost_clueless,1,1,0
almost_cloying,1,1,0
almost_cheaper,1,1,0
almost_calm,1,1,0
almost_capricious,1,1,0
almost_captivating,1,0,1
almost_cavalier,1,1,0
almost_celebratory,1,0,1
almost_cerebral,1,0,1
almost_chaotic,1,0,1
almost_cheesy,1,1,0
almost_closer,1,0,1
almost_chemical,1,0,1
very_contemptuous,1,1,0
almost_chinese,1,1,0
very_contemplative,1,1,0
almost_classy,1,1,0
very_constitutional,1,0,1
almost_closed,1,1,0
almost_confrontational,1,0,1
very_concerted,1,1,0
very_coastal,1,0,1
almost_confused,1,1,0
almost_curious,1,0,1
very_commanding,1,0,1
almost_cute,1,1,0
almost_daring,1,0,1
almost_daunting,1,0,1
almost_deadly,1,0,1
almost_decorative,1,1,0
almost_decrepit,1,1,0
almost_defensive,1,0,1
almost_definite,1,1,0
almost_degrading,1,0,1
almost_delightful,1,0,1
almost_demure,1,1,0
almost_depressed,1,1,0
very_cognitive,1,1,0
very_cogent,1,1,0
almost_devastating,1,1,0
almost_cultural,1,1,0
almost_crucial,1,0,1
almost_critical,1,1,0
almost_cosy,1,0,1
almost_confusing,1,1,0
almost_congruent,1,1,0
almost_contemptuous,1,0,1
almost_continuous,1,1,0
almost_contrived,1,0,1
almost_corny,1,0,1
almost_correct,1,1,0
almost_counterintuitive,1,0,1
very_communist,1,1,0
almost_courageous,1,0,1
almost_covert,1,1,0
very_compelled,1,1,0
almost_cozy,1,0,1
almost_creative,1,0,1
almost_criminal,1,0,1
almost_crippling,1,1,0
very_disinterested,1,1,0
all_viewable,1,0,1
very_golden,1,1,0
all_jovial,1,1,0
all_inevitable,1,1,0
all_influential,1,1,0
all_inhuman,1,1,0
all_innocent,1,1,0
all_inspiring,1,1,0
all_intact,1,1,0
all_integrated,1,0,1
very_financial,1,1,0
all_interactive,1,1,0
all_interdependent,1,1,0
very_figurative,1,1,0
all_intriguing,1,1,0
all_invisible,1,1,0
very_fervent,1,1,0
all_irreplaceable,1,1,0
very_ferocious,1,1,0
very_feral,1,1,0
all_ineligible,1,1,0
very_flabbergasted,1,1,0
all_ineffective,1,1,0
all_impossible,1,1,0
all_hostile,1,1,0
all_hotter,1,1,0
all_hungry,1,1,0
all_hyper,1,1,0
all_ideal,1,1,0
all_identical,1,1,0
all_ignorant,1,1,0
all_impressed,1,1,0
all_individualistic,1,1,0
all_inadequate,1,1,0
all_incapable,1,1,0
all_incompatible,1,1,0
all_incompetent,1,1,0
all_inconsistent,1,1,0
all_indie,1,1,0
all_individual,1,1,0
all_jealous,1,1,0
all_jubilant,1,1,0
all_homemade,1,1,0
all_judgmental,1,1,0
all_muddled,1,0,1
all_nasty,1,1,0
all_negotiable,1,1,0
all_nerdy,1,1,0
all_nervous,1,1,0
very_extra,1,1,0
very_external,1,0,1
all_notable,1,1,0
all_noteworthy,1,1,0
all_novice,1,1,0
all_oblivious,1,1,0
all_obsessed,1,1,0
very_exploitative,1,1,0
all_obvious,1,1,0
all_off,1,1,0
all_offended,1,1,0
all_offensive,1,1,0
all_motivated,1,1,0
very_facile,1,1,0
all_morose,1,1,0
all_limited,1,1,0
very_fearsome,1,0,1
all_kind,1,1,0
all_knowledgeable,1,1,0
all_larger,1,1,0
all_lazy,1,1,0
all_less,1,1,0
all_light,1,1,0
all_little,1,1,0
all_moral,1,0,1
all_loose,1,1,0
very_fascist,1,0,1
very_farfetched,1,1,0
all_lukewarm,1,1,0
very_far,1,1,0
all_miniscule,1,1,0
all_mobile,1,1,0
all_homophobic,1,1,0
all_hesitant,1,1,0
all_organized,1,0,1
all_fertile,1,1,0
all_even,1,1,0
all_evident,1,1,0
all_excellent,1,1,0
all_expansive,1,1,0
all_expendable,1,1,0
all_experienced,1,1,0
all_exquisite,1,1,0
all_external,1,1,0
all_extraordinary,1,1,0
very_furious,1,1,0
all_exuberant,1,0,1
all_fab,1,1,0
all_fabulous,1,1,0
all_fast,1,1,0
all_fearful,1,1,0
all_feisty,1,1,0
very_fuel-efficient,1,1,0
all_ethnic,1,1,0
all_equivalent,1,1,0
all_epic,1,1,0
all_elderly,1,1,0
very_godly,1,0,1
very_glum,1,1,0
all_editable,1,1,0
all_eerie,1,1,0
all_effective,1,1,0
all_effortless,1,1,0
all_elastic,1,1,0
all_electric,1,1,0
all_ephemeral,1,1,0
all_electronic,1,1,0
all_eligible,1,1,0
all_elite,1,1,0
very_ghastly,1,1,0
all_entertaining,1,1,0
all_enthused,1,1,0
all_envious,1,1,0
very_fucking,1,0,1
all_firm,1,0,1
all_hazy,1,1,0
all_flashy,1,1,0
all_gimmicky,1,1,0
very_fractious,1,1,0
all_glad,1,1,0
all_glamorous,1,1,0
all_gloomy,1,1,0
all_glossy,1,1,0
all_gluten-free,1,1,0
all_gooey,1,1,0
all_grateful,1,1,0
all_gray,1,1,0
very_forgivable,1,1,0
all_groovy,1,1,0
all_gung,1,1,0
very_foreseeable,1,1,0
all_handsome,1,1,0
all_haphazard,1,1,0
very_foolhardy,1,1,0
very_fragmented,1,1,0
all_german,1,1,0
all_genetic,1,1,0
all_foreign,1,1,0
very_fruitless,1,1,0
all_fleeting,1,1,0
very_front,1,1,0
all_flustered,1,1,0
very_frightful,1,1,0
all_focused,1,0,1
all_foggy,1,1,0
all_fraught,1,1,0
all_fuzzy,1,1,0
all_freaky,1,1,0
all_french,1,1,0
all_frustrated,1,1,0
all_fundamentalist,1,1,0
very_freakin,1,1,0
all_funny,1,1,0
all_futile,1,1,0
all_official,1,1,0
all_orthodox,1,1,0
all_verifiable,1,1,0
all_touristy,1,1,0
all_stunning,1,1,0
very_earliest,1,1,0
all_stupid,1,1,0
very_dystopian,1,1,0
all_stylish,1,1,0
all_subconscious,1,1,0
all_subjective,1,1,0
all_suburban,1,1,0
all_successful,1,1,0
all_superior,1,1,0
all_sustainable,1,1,0
all_sweaty,1,1,0
all_synonymous,1,1,0
all_talented,1,1,0
all_tense,1,1,0
all_theoretical,1,1,0
all_thin,1,1,0
all_stronger,1,1,0
very_easiest,1,1,0
all_strong,1,0,1
very_edible,1,1,0
very_effusive,1,1,0
all_smug,1,1,0
all_sneaky,1,1,0
all_snug,1,1,0
all_soggy,1,1,0
all_sour,1,1,0
very_editable,1,1,0
all_special,1,1,0
very_eastern,1,1,0
all_speedy,1,1,0
all_spontaneous,1,1,0
all_spot-on,1,1,0
all_spotty,1,0,1
all_standard,1,1,0
all_stiff,1,1,0
all_straightforward,1,1,0
very_draconian,1,1,0
very_dovish,1,1,0
very_egregious,1,0,1
very_dour,1,1,0
all_universal,1,1,0
all_unknowable,1,1,0
all_unlikable,1,1,0
all_unnatural,1,0,1
all_unnecessary,1,1,0
all_unprepared,1,0,1
all_unrelated,1,1,0
all_unsafe,1,1,0
very_dissonant,1,1,0
all_unsuitable,1,1,0
all_untrue,1,1,0
all_unwilling,1,1,0
all_upfront,1,0,1
all_vacant,1,1,0
all_vacuous,1,1,0
all_varied,1,1,0
all_venomous,1,1,0
all_uniform,1,1,0
all_unified,1,1,0
very_distrustful,1,1,0
all_transient,1,1,0
very_dormant,1,1,0
very_dorky,1,1,0
very_dope,1,0,1
very_doomed,1,1,0
very_dominating,1,0,1
all_traditional,1,1,0
all_tragic,1,1,0
all_trippy,1,1,0
all_unhealthy,1,1,0
all_unable,1,1,0
all_uncertain,1,1,0
all_unemployed,1,1,0
all_uneven,1,1,0
all_unforgettable,1,1,0
all_unhappy,1,0,1
all_unharmed,1,1,0
all_smaller,1,1,0
all_slimmer,1,1,0
all_ours,1,0,1
all_redundant,1,1,0
all_precious,1,0,1
all_prejudiced,1,1,0
all_pretty,1,1,0
very_ethnic,1,1,0
all_preventable,1,1,0
all_pricier,1,1,0
all_professional,1,1,0
all_proficient,1,1,0
very_equivocal,1,1,0
very_equivalent,1,0,1
very_equitable,1,1,0
all_public,1,1,0
all_qualified,1,1,0
all_radiant,1,0,1
all_random,1,1,0
all_rare,1,1,0
all_reactionary,1,1,0
very_even,1,1,0
all_popular,1,1,0
all_political,1,1,0
all_passive,1,1,0
all_overrated,1,1,0
very_exhaustive,1,1,0
all_overworked,1,1,0
all_overwrought,1,1,0
very_executive,1,0,1
all_pale,1,1,0
all_par,1,1,0
very_excessive,1,1,0
all_polite,1,1,0
all_patriotic,1,1,0
all_permissible,1,0,1
all_persuasive,1,1,0
all_phenomenal,1,1,0
all_pink,1,1,0
all_poetic,1,1,0
all_pointless,1,1,0
very_enviable,1,1,0
very_entrenched,1,1,0
all_slim,1,1,0
all_relational,1,1,0
very_empirical,1,1,0
all_secure,1,1,0
all_self-conscious,1,1,0
all_self-taught,1,1,0
all_selfish,1,1,0
all_sensible,1,1,0
all_serendipitous,1,1,0
all_serene,1,1,0
all_short,1,1,0
all_shy,1,1,0
all_silly,1,1,0
all_silver,1,1,0
all_sinister,1,1,0
all_skeptical,1,1,0
very_electable,1,1,0
all_skinny,1,1,0
all_slick,1,0,1
very_empowered,1,1,0
all_secondary,1,1,0
all_scrumptious,1,1,0
all_ripe,1,1,0
all_reliable,1,1,0
very_enthralling,1,1,0
all_representative,1,1,0
all_reputable,1,1,0
all_retarded,1,1,0
all_rhetorical,1,1,0
all_rigid,1,1,0
all_robotic,1,1,0
all_scary,1,1,0
all_rough,1,1,0
all_routine,1,1,0
all_rugged,1,1,0
all_sadistic,1,1,0
all_same,1,1,0
all_sassy,1,1,0
all_satisfied,1,1,0
admittedly_hard,1,0,1
very_optional,1,1,0
abysmally_worse,1,1,0
actively_heterosexual,1,1,0
actively_disappointed,1,1,0
very_villainous,1,0,1
actively_disingenuous,1,1,0
actively_disinterested,1,1,0
actively_dissonant,1,1,0
actively_distasteful,1,1,0
actively_dumb,1,0,1
actively_elegant,1,1,0
actively_enough,1,1,0
actively_expressive,1,1,0
actively_frustrating,1,1,0
actively_funny,1,1,0
actively_grateful,1,1,0
very_venerable,1,1,0
actively_gross,1,1,0
very_vegetarian,1,1,0
actively_guilty,1,1,0
actively_destructive,1,1,0
very_viral,1,1,0
actively_cruel,1,1,0
actively_cautious,1,1,0
very_washable,1,0,1
actively_awful,1,1,0
very_wacky,1,0,1
actively_belligerent,1,1,0
actively_beneficial,1,0,1
actively_bisexual,1,1,0
actively_callous,1,1,0
actively_challenging,1,1,0
actively_critical,1,1,0
very_vociferous,1,1,0
actively_communicative,1,1,0
actively_compassionate,1,1,0
actively_complicit,1,1,0
actively_considerable,1,1,0
actively_correct,1,1,0
actively_creative,1,1,0
very_various,1,1,0
actively_horrible,1,0,1
actively_anti-democratic,1,1,0
actively_horrifying,1,1,0
actively_poisonous,1,1,0
actively_promotional,1,1,0
very_unwarranted,1,1,0
actively_proud,1,1,0
actively_ready,1,1,0
very_unused,1,1,0
actively_related,1,1,0
actively_religious,1,1,0
very_untrained,1,1,0
very_unsympathetic,1,1,0
very_unsustainable,1,1,0
very_unsurprising,1,1,0
actively_responsible,1,1,0
actively_sadistic,1,1,0
actively_schizophrenic,1,1,0
actively_short,1,1,0
actively_sick,1,1,0
actively_pernicious,1,1,0
actively_paranoid,1,1,0
actively_online,1,1,0
actively_judgmental,1,1,0
very_valiant,1,1,0
actively_humbling,1,0,1
actively_idle,1,1,0
actively_ill,1,0,1
actively_important,1,0,1
actively_injurious,1,1,0
actively_intriguing,1,1,0
actively_malignant,1,1,0
very_upmarket,1,1,0
actively_militant,1,1,0
actively_misleading,1,0,1
actively_mobile,1,1,0
actively_moderate,1,1,0
actively_new,1,0,1
actively_objectionable,1,1,0
very_upright,1,1,0
actively_averse,1,1,0
actively_annoying,1,1,0
actively_small,1,1,0
achingly_heavy,1,1,0
vibrantly_personal,1,0,1
vibrantly_organic,1,1,0
vibrantly_interwoven,1,1,0
vibrantly_human,1,1,0
achingly_dry,1,1,0
vibrantly_funny,1,1,0
achingly_expressive,1,1,0
achingly_frank,1,1,0
vibrantly_detailed,1,1,0
vibrantly_delicious,1,1,0
vibrantly_defiant,1,1,0
vibrantly_contemporary,1,0,1
vibrantly_colourful,1,1,0
vibrantly_colorful,1,1,0
vibrantly_bold,1,1,0
vibrantly_apparent,1,1,0
achingly_good,1,1,0
vibrantly_physical,1,0,1
vibrantly_productive,1,1,0
achingly_difficult,1,1,0
viciously_difficult,1,1,0
viciously_menacing,1,1,0
viciously_malevolent,1,1,0
viciously_loud,1,1,0
viciously_jealous,1,1,0
viciously_hostile,1,1,0
viciously_economical,1,1,0
viciously_dismissive,1,1,0
viciously_cool,1,0,1
vibrantly_spiritual,1,1,0
achingly_desperate,1,1,0
viciously_circular,1,1,0
viciously_binary,1,1,0
viciously_bigoted,1,1,0
viciously_awkward,1,0,1
viciously_anti-american,1,1,0
viciously_antagonistic,1,1,0
achingly_gorgeous,1,0,1
achingly_hip,1,1,0
actively_angry,1,1,0
very_younger,1,1,0
very_winded,1,1,0
achingly_smooth,1,1,0
achingly_tempting,1,1,0
achingly_true,1,1,0
very_whole,1,0,1
achingly_wonderful,1,0,1
acoustically_different,1,1,0
acoustically_dry,1,1,0
acoustically_flattering,1,1,0
acoustically_helpful,1,1,0
acoustically_impossible,1,1,0
acoustically_odd,1,1,0
acoustically_precise,1,1,0
acoustically_pristine,1,1,0
acoustically_warm,1,0,1
actively_abusive,1,1,0
actively_afraid,1,1,0
achingly_significant,1,0,1
achingly_reminiscent,1,0,1
achingly_relatable,1,1,0
achingly_intimate,1,0,1
achingly_honest,1,1,0
very_xenophobic,1,0,1
achingly_human,1,1,0
very_wrinkled,1,1,0
achingly_idyllic,1,0,1
achingly_important,1,0,1
achingly_innocent,1,0,1
achingly_large,1,0,1
achingly_reflective,1,1,0
achingly_literal,1,1,0
achingly_lonely,1,1,0
achingly_mournful,1,1,0
achingly_poor,1,0,1
achingly_practical,1,1,0
achingly_predictable,1,1,0
achingly_real,1,1,0
very_unspoken,1,1,0
very_unskilled,1,1,0
viciously_nihilistic,1,1,0
actually_confusing,1,1,0
very_unattainable,1,0,1
actually_cohesive,1,1,0
actually_cold,1,1,0
actually_combustible,1,1,0
very_unafraid,1,1,0
very_unaccountable,1,1,0
very_unable,1,1,0
actually_commendable,1,1,0
actually_commercial,1,1,0
very_ubiquitous,1,0,1
very_tyrannical,1,1,0
actually_comparable,1,0,1
actually_complex,1,1,0
actually_complicit,1,1,0
very_trusted,1,1,0
actually_compulsory,1,1,0
actually_conceivable,1,1,0
actually_clear,1,1,0
actually_civilised,1,0,1
actually_civil,1,1,0
actually_canadian,1,1,0
very_underappreciated,1,0,1
actually_breathtaking,1,1,0
actually_brighter,1,1,0
very_uncool,1,0,1
actually_brilliant,1,1,0
actually_broader,1,1,0
very_uncontroversial,1,1,0
very_unconfirmed,1,1,0
very_unbiased,1,1,0
very_uncompromising,1,0,1
actually_catastrophic,1,0,1
actually_catholic,1,1,0
actually_celebrated,1,1,0
actually_central,1,1,0
actually_charitable,1,1,0
actually_circular,1,1,0
actually_conditional,1,1,0
very_triumphant,1,0,1
actually_breathable,1,1,0
actually_conscious,1,1,0
actually_deductible,1,1,0
actually_dehydrated,1,1,0
actually_deliberate,1,1,0
actually_demonic,1,1,0
actually_descriptive,1,0,1
actually_despicable,1,1,0
actually_despondent,1,1,0
very_time-consuming,1,1,0
actually_diabolical,1,0,1
actually_dictatorial,1,1,0
actually_digestible,1,0,1
actually_dishonest,1,1,0
actually_disquieting,1,0,1
actually_disruptive,1,1,0
actually_distasteful,1,0,1
actually_double,1,1,0
actually_drinkable,1,0,1
actually_deceptive,1,1,0
very_torturous,1,1,0
very_totalitarian,1,0,1
actually_counter-intuitive,1,1,0
actually_consensual,1,1,0
actually_conservative,1,1,0
actually_consistent,1,1,0
actually_convertible,1,1,0
very_tremendous,1,1,0
actually_core,1,1,0
actually_cosmetic,1,1,0
actually_crazier,1,1,0
actually_deadly,1,1,0
actually_creepy,1,1,0
very_transformational,1,1,0
actually_crucial,1,1,0
very_transcendent,1,0,1
actually_curable,1,0,1
actually_curious,1,1,0
actually_cynical,1,1,0
very_underdeveloped,1,1,0
very_underpaid,1,1,0
actively_social,1,1,0
actually_addictive,1,1,0
actively_unsympathetic,1,1,0
actively_useful,1,1,0
actively_utopian,1,1,0
actively_violent,1,1,0
actively_vocal,1,1,0
actively_warm,1,1,0
actively_worse,1,1,0
actually_3d,1,1,0
actually_absent,1,1,0
actually_absurd,1,1,0
very_unobtrusive,1,1,0
very_unnoticed,1,1,0
actually_accidental,1,1,0
actually_accustomed,1,1,0
very_unmanageable,1,1,0
actually_actionable,1,1,0
actually_actual,1,1,0
actively_unskilled,1,1,0
very_unprofitable,1,1,0
very_unproven,1,1,0
actively_unconvincing,1,1,0
actively_soothing,1,0,1
actively_straight,1,1,0
actively_stupid,1,1,0
actively_symptomatic,1,1,0
very_unscrupulous,1,0,1
actively_taboo,1,1,0
actively_uncomfortable,1,0,1
actively_uncooperative,1,1,0
actively_unsafe,1,1,0
actively_underway,1,1,0
very_unresponsive,1,1,0
actively_unfolding,1,1,0
actively_unhappy,1,1,0
very_unrelated,1,0,1
actively_unhealthy,1,1,0
actively_unhelpful,1,1,0
actually_addicted,1,1,0
actually_adept,1,1,0
actually_brave,1,1,0
actually_adequate,1,1,0
very_unfocused,1,1,0
actually_attractive,1,0,1
actually_automatic,1,1,0
actually_awkward,1,1,0
actually_bald,1,1,0
actually_bankrupt,1,1,0
actually_baseless,1,1,0
actually_basic,1,1,0
actually_bearable,1,1,0
very_uneducated,1,1,0
actually_big,1,1,0
very_undulating,1,1,0
actually_bigoted,1,1,0
actually_bloody,1,1,0
very_underused,1,1,0
actually_bonkers,1,1,0
very_underserved,1,1,0
very_unforgettable,1,1,0
actually_asian,1,1,0
actually_arrogant,1,1,0
very_uninhabited,1,0,1
actually_admirable,1,0,1
actually_adorable,1,1,0
actually_adult,1,1,0
actually_adventurous,1,1,0
actually_aggressive,1,1,0
very_unintelligible,1,1,0
actually_airborne,1,1,0
actually_alluring,1,0,1
actually_appealing,1,1,0
actually_amenable,1,1,0
very_unimaginative,1,0,1
very_unimaginable,1,1,0
actually_annoying,1,1,0
actually_antithetical,1,1,0
actually_anxious,1,1,0
actually_apologetic,1,1,0
viciously_negative,1,1,0
viciously_organic,1,0,1
actually_economic,1,1,0
virtually_unified,1,1,0
virtually_unselfish,1,1,0
virtually_unscathed,1,1,0
virtually_unregulated,1,1,0
academically_stimulating,1,1,0
virtually_unreadable,1,1,0
academically_stodgy,1,1,0
virtually_unnoticed,1,0,1
academically_undisciplined,1,1,0
academically_vacuous,1,1,0
academically_weak,1,1,0
virtually_unknowable,1,0,1
virtually_universal,1,1,0
accidentally_abstract,1,1,0
virtually_uninterrupted,1,1,0
accidentally_close,1,1,0
virtually_uninhabited,1,1,0
virtually_unimaginable,1,0,1
academically_sophisticated,1,1,0
virtually_untouchable,1,1,0
academically_robust,1,1,0
virulently_acidic,1,1,0
virulently_homophobic,1,1,0
virulently_hateful,1,1,0
virulently_controversial,1,1,0
virulently_catchy,1,0,1
academically_powerful,1,1,0
virulently_anti-israel,1,1,0
academically_privileged,1,1,0
academically_productive,1,1,0
virtually_untrained,1,1,0
virtually_wrong,1,1,0
virtually_weird,1,1,0
virtually_verbatim,1,1,0
academically_progressive,1,1,0
virtually_unwatchable,1,1,0
academically_reliable,1,1,0
virtually_unusable,1,1,0
virtually_uniform,1,1,0
virtually_unidentified,1,1,0
virulently_insensitive,1,1,0
accidentally_complex,1,1,0
virtually_taboo,1,1,0
accidentally_good,1,1,0
virtually_sure,1,1,0
virtually_superhuman,1,1,0
virtually_strange,1,1,0
virtually_stagnant,1,1,0
virtually_spherical,1,1,0
accidentally_hairy,1,1,0
virtually_socialist,1,1,0
accidentally_harmful,1,1,0
virtually_self-taught,1,1,0
virtually_self-explanatory,1,1,0
virtually_seamless,1,1,0
virtually_right,1,1,0
virtually_real-time,1,1,0
accidentally_helpful,1,1,0
virtually_ready,1,1,0
accidentally_fortuitous,1,1,0
virtually_true,1,1,0
accidentally_fabulous,1,1,0
virtually_unbreakable,1,1,0
virtually_unfamiliar,1,0,1
accidentally_correct,1,1,0
virtually_underweight,1,1,0
virtually_uncontrollable,1,0,1
virtually_uncomfortable,1,0,1
accidentally_destructive,1,1,0
accidentally_educational,1,1,0
virtually_unbelievable,1,1,0
virtually_unacceptable,1,1,0
virtually_unbeatable,1,1,0
virtually_unaware,1,1,0
accidentally_effective,1,1,0
virtually_unavailable,1,1,0
accidentally_erroneous,1,1,0
virtually_unannounced,1,1,0
virtually_unaffected,1,1,0
virulently_hostile,1,1,0
virulently_pro-israel,1,1,0
virtually_primary,1,1,0
viscerally_upset,1,1,0
visibly_asymmetrical,1,1,0
visibly_astounding,1,0,1
visibly_askew,1,1,0
visibly_ashamed,1,1,0
academically_competent,1,1,0
academically_correct,1,1,0
academically_credible,1,1,0
academically_curious,1,1,0
academically_deficient,1,1,0
academically_dense,1,1,0
academically_different,1,1,0
academically_dishonest,1,1,0
visibly_aged,1,1,0
visibly_adorable,1,1,0
visibly_active,1,1,0
visibly_accessible,1,1,0
viscerally_wrong,1,0,1
visibly_available,1,1,0
visibly_better,1,1,0
academically_closer,1,1,0
academically_astute,1,1,0
visibly_enough,1,1,0
abysmally_wrong,1,1,0
visibly_embarrassed,1,1,0
visibly_elegant,1,1,0
visibly_due,1,1,0
visibly_disturbed,1,1,0
academically_accurate,1,1,0
visibly_disinterested,1,1,0
visibly_buoyant,1,1,0
academically_better,1,1,0
academically_brilliant,1,1,0
visibly_damaged,1,0,1
visibly_critical,1,1,0
academically_clever,1,1,0
visibly_clean,1,1,0
visibly_cavalier,1,1,0
viscerally_violent,1,1,0
viscerally_unsettling,1,0,1
virulently_racial,1,1,0
viscerally_unnerving,1,0,1
viscerally_frightening,1,1,0
viscerally_familiar,1,1,0
viscerally_expressive,1,1,0
academically_irresponsible,1,1,0
viscerally_evocative,1,0,1
viscerally_enjoyable,1,0,1
academically_mediocre,1,1,0
academically_minded,1,1,0
viscerally_decent,1,0,1
viscerally_cool,1,0,1
viscerally_congruent,1,0,1
viscerally_concerned,1,1,0
viscerally_complicated,1,0,1
viscerally_clear,1,1,0
viscerally_captivating,1,1,0
academically_outstanding,1,1,0
viscerally_afraid,1,1,0
viscerally_gratifying,1,0,1
viscerally_grotesque,1,1,0
viscerally_hard,1,1,0
academically_inappropriate,1,1,0
viscerally_unappealing,1,0,1
viscerally_true,1,0,1
viscerally_traumatic,1,0,1
academically_fascinating,1,1,0
academically_fluent,1,1,0
viscerally_tempting,1,0,1
academically_harmless,1,1,0
viscerally_revolting,1,0,1
viscerally_hostile,1,1,0
academically_intelligent,1,1,0
academically_interesting,1,1,0
viscerally_pleasant,1,0,1
viscerally_personal,1,0,1
viscerally_offensive,1,0,1
viscerally_interested,1,1,0
viscerally_human,1,0,1
virtually_pristine,1,1,0
virtually_priceless,1,1,0
achingly_depressing,1,1,0
violently_intense,1,1,0
violently_sick,1,1,0
violently_rebellious,1,1,0
violently_random,1,1,0
violently_provocative,1,1,0
violently_protective,1,1,0
violently_prevalent,1,1,0
violently_poetic,1,0,1
accurately_spicy,1,1,0
violently_pagan,1,1,0
violently_off,1,1,0
violently_moody,1,1,0
accurately_tribal,1,1,0
violently_militant,1,1,0
violently_majestic,1,0,1
accurately_unconscious,1,1,0
violently_local,1,1,0
violently_lawless,1,1,0
accurately_southern,1,1,0
violently_surreal,1,1,0
violently_titillating,1,1,0
virtually_artificial,1,1,0
virtually_blind,1,1,0
virtually_black,1,1,0
virtually_bereft,1,1,0
virtually_bankrupt,1,1,0
accurately_respectable,1,1,0
accurately_retro,1,1,0
virtually_automatic,1,1,0
accurately_sick,1,1,0
violently_tyrannical,1,1,0
virtually_alive,1,0,1
virtually_accessible,1,1,0
accurately_slimy,1,1,0
accurately_slow,1,1,0
violently_wrong,1,1,0
violently_unstable,1,1,0
violently_unforgiving,1,1,0
accurately_underwater,1,1,0
accurately_vulnerable,1,1,0
accurately_non-partisan,1,1,0
violently_inhuman,1,0,1
violently_beautiful,1,0,1
violently_arrogant,1,1,0
violently_anti-semitic,1,1,0
achingly_aware,1,1,0
violently_antagonistic,1,1,0
achingly_bad,1,1,0
violently_ambivalent,1,1,0
achingly_chic,1,1,0
achingly_clear,1,0,1
violently_absurd,1,1,0
violently_abstract,1,1,0
viciously_verbal,1,1,0
viciously_untrue,1,1,0
viciously_treacherous,1,1,0
viciously_stereotypical,1,1,0
viciously_selfish,1,1,0
viciously_righteous,1,1,0
violently_brutal,1,1,0
violently_clear,1,1,0
violently_coercive,1,1,0
violently_eventful,1,1,0
violently_incongruous,1,1,0
accurately_willing,1,1,0
violently_hued,1,1,0
violently_hateful,1,1,0
violently_expressive,1,1,0
violently_explicit,1,1,0
violently_exclusive,1,1,0
achingly_alive,1,0,1
violently_consequential,1,1,0
violently_emotional,1,1,0
violently_drunk,1,1,0
violently_deficient,1,1,0
violently_dangerous,1,1,0
violently_creative,1,1,0
violently_counter-intuitive,1,1,0
violently_contemptuous,1,1,0
accurately_passive,1,1,0
virtually_colorless,1,1,0
virtually_present,1,1,0
virtually_indifferent,1,1,0
virtually_limitless,1,1,0
virtually_lifeless,1,1,0
virtually_lawless,1,1,0
accidentally_perfect,1,1,0
accidentally_poignant,1,1,0
virtually_invincible,1,1,0
accidentally_present,1,1,0
accidentally_related,1,1,0
virtually_instantaneous,1,1,0
virtually_insolvent,1,0,1
virtually_inseparable,1,0,1
accidentally_rude,1,1,0
virtually_inexperienced,1,1,0
virtually_inexhaustible,1,1,0
accidentally_suggestive,1,1,0
virtually_inert,1,1,0
virtually_ineffective,1,1,0
virtually_live,1,1,0
virtually_magical,1,0,1
accidentally_open,1,1,0
virtually_obsolete,1,1,0
virtually_powerless,1,1,0
accidentally_hilarious,1,0,1
virtually_plain,1,1,0
accidentally_honest,1,1,0
virtually_passive,1,1,0
accidentally_insightful,1,1,0
virtually_omnipotent,1,1,0
virtually_obscene,1,1,0
virtually_miraculous,1,1,0
virtually_oblivious,1,1,0
virtually_null,1,1,0
accidentally_lower,1,1,0
accidentally_obese,1,1,0
virtually_negligible,1,1,0
virtually_motionless,1,0,1
virtually_moribund,1,0,1
accidentally_unbalanced,1,1,0
accidentally_vulgar,1,1,0
accurately_multiple,1,1,0
virtually_indefensible,1,1,0
accurately_enduring,1,1,0
accurately_exclusive,1,1,0
accurately_first,1,1,0
virtually_fascinating,1,1,0
virtually_false,1,1,0
accurately_foreboding,1,1,0
virtually_existent,1,1,0
virtually_essential,1,1,0
accurately_forecast,1,1,0
accurately_impossible,1,1,0
virtually_electronic,1,1,0
virtually_effortless,1,1,0
virtually_difficult,1,0,1
virtually_different,1,1,0
virtually_defenseless,1,1,0
accurately_misunderstood,1,1,0
virtually_credible,1,1,0
virtually_full,1,1,0
virtually_futile,1,1,0
virtually_harmless,1,0,1
virtually_imperceptible,1,1,0
accurately_absurd,1,1,0
accurately_ancient,1,1,0
accurately_attributable,1,1,0
accurately_bigger,1,1,0
accurately_british,1,1,0
virtually_important,1,1,0
virtually_implausible,1,1,0
accurately_contradictory,1,1,0
virtually_helpless,1,1,0
virtually_immediate,1,1,0
virtually_illiterate,1,0,1
virtually_illegible,1,1,0
virtually_idle,1,1,0
accurately_detailed,1,1,0
virtually_hidden,1,0,1
virtually_heretical,1,1,0
actually_dull,1,1,0
actually_efficient,1,1,0
admittedly_great,1,1,0
acutely_psychological,1,1,0
acutely_evident,1,1,0
acutely_familiar,1,1,0
acutely_funny,1,1,0
acutely_harrowing,1,1,0
acutely_human,1,0,1
acutely_hyperactive,1,1,0
acutely_intelligent,1,1,0
acutely_interested,1,1,0
acutely_local,1,1,0
very_provincial,1,1,0
acutely_meaningful,1,0,1
acutely_modern,1,1,0
acutely_necessary,1,0,1
acutely_obvious,1,0,1
very_proprietary,1,1,0
acutely_physical,1,1,0
acutely_political,1,1,0
acutely_embarrassed,1,1,0
acutely_disturbing,1,1,0
acutely_distressing,1,1,0
acutely_atmospheric,1,0,1
very_radioactive,1,0,1
actually_young,1,1,0
very_racy,1,1,0
acutely_accountable,1,1,0
very_racial,1,1,0
acutely_alive,1,1,0
acutely_allergic,1,1,0
acutely_attuned,1,1,0
acutely_distinct,1,1,0
acutely_audible,1,1,0
acutely_boring,1,1,0
acutely_concerned,1,1,0
acutely_confused,1,1,0
acutely_contemporary,1,1,0
acutely_depressed,1,1,0
acutely_disappointing,1,1,0
acutely_profound,1,1,0
very_promotional,1,1,0
actually_wooden,1,1,0
acutely_psychotic,1,1,0
acutely_unpleasant,1,0,1
acutely_unsettled,1,1,0
acutely_visual,1,0,1
acutely_worried,1,0,1
additionally_acceptable,1,1,0
additionally_amazing,1,0,1
additionally_annoying,1,1,0
additionally_astounding,1,1,0
additionally_baffling,1,1,0
additionally_beneficial,1,1,0
very_priceless,1,0,1
very_previous,1,1,0
additionally_blurry,1,1,0
additionally_capable,1,1,0
additionally_captivating,1,1,0
additionally_challenging,1,1,0
additionally_complicated,1,1,0
very_pro-american,1,1,0
acutely_unhappy,1,1,0
very_pro-life,1,1,0
acutely_self-aware,1,1,0
acutely_rare,1,1,0
acutely_realistic,1,1,0
acutely_resentful,1,1,0
acutely_responsive,1,1,0
acutely_sad,1,1,0
acutely_scary,1,1,0
very_programmable,1,1,0
acutely_short,1,1,0
acutely_uneducated,1,1,0
acutely_shy,1,1,0
acutely_suicidal,1,1,0
very_profane,1,1,0
acutely_threatening,1,1,0
acutely_unaware,1,1,0
acutely_uncomfortable,1,1,0
acutely_uneasy,1,1,0
actually_worst,1,0,1
actually_welcoming,1,1,0
additionally_concerned,1,1,0
actually_unfounded,1,1,0
actually_troublesome,1,0,1
very_residential,1,1,0
actually_truer,1,1,0
actually_typical,1,1,0
actually_ugly,1,1,0
actually_unconscious,1,1,0
very_reproducible,1,1,0
actually_unconstitutional,1,1,0
actually_under-appreciated,1,1,0
actually_under-reported,1,1,0
very_replaceable,1,1,0
very_repeatable,1,1,0
very_renowned,1,1,0
actually_underpaid,1,1,0
actually_underway,1,1,0
actually_underweight,1,1,0
actually_unexpected,1,1,0
actually_trivial,1,1,0
very_resolute,1,1,0
actually_trickier,1,1,0
actually_therapeutic,1,1,0
actually_synonymous,1,1,0
actually_synthetic,1,1,0
actually_taxable,1,1,0
very_revolting,1,1,0
actually_tender,1,1,0
very_revelatory,1,1,0
actually_thankful,1,1,0
actually_thin,1,1,0
actually_transgender,1,0,1
actually_thinner,1,1,0
actually_threatening,1,0,1
actually_thrifty,1,1,0
actually_thrilled,1,1,0
actually_tougher,1,1,0
actually_traditional,1,1,0
actually_trans,1,1,0
actually_unfortunate,1,1,0
actually_unheard,1,0,1
actually_weary,1,1,0
actually_unimportant,1,1,0
actually_usable,1,1,0
very_recyclable,1,1,0
actually_vacant,1,1,0
actually_various,1,0,1
actually_verbatim,1,1,0
actually_vertical,1,1,0
actually_vicious,1,1,0
actually_villainous,1,1,0
actually_vintage,1,1,0
actually_viral,1,1,0
actually_viscous,1,1,0
actually_visual,1,1,0
actually_washable,1,0,1
actually_watchful,1,1,0
actually_wavy,1,1,0
actually_wealthy,1,1,0
very_reachable,1,1,0
actually_urgent,1,1,0
actually_unwell,1,1,0
actually_unsympathetic,1,1,0
actually_unreadable,1,1,0
actually_unimpressive,1,1,0
actually_uninsured,1,1,0
actually_uninterested,1,1,0
actually_unlocked,1,1,0
actually_unoccupied,1,1,0
actually_unpaid,1,1,0
actually_unpredictable,1,0,1
actually_unreal,1,1,0
very_refreshed,1,1,0
actually_unrealistic,1,1,0
actually_unrelated,1,1,0
actually_unsatisfied,1,1,0
actually_unsettling,1,1,0
actually_unstoppable,1,1,0
actually_unsupported,1,1,0
actually_unsure,1,1,0
very_pressing,1,1,0
additionally_discouraging,1,1,0
actually_suspenseful,1,1,0
admittedly_claustrophobic,1,0,1
admirably_specific,1,1,0
admirably_sure,1,1,0
admirably_unapologetic,1,0,1
admirably_unflattering,1,1,0
admirably_utopian,1,1,0
admirably_weird,1,1,0
admittedly_alarming,1,1,0
admittedly_altruistic,1,1,0
admittedly_amusing,1,1,0
admittedly_appalling,1,1,0
admittedly_arbitrary,1,1,0
very_paramount,1,1,0
admittedly_authoritarian,1,1,0
very_paradoxical,1,0,1
admittedly_awful,1,1,0
admittedly_beautiful,1,0,1
admittedly_brilliant,1,1,0
admirably_sound,1,1,0
admirably_short,1,1,0
very_patronizing,1,1,0
admirably_loyal,1,1,0
admirably_fun,1,0,1
admirably_genuine,1,0,1
very_perpendicular,1,1,0
admirably_hopeful,1,1,0
admirably_human,1,1,0
admirably_humanistic,1,1,0
admirably_lofty,1,1,0
admirably_mature,1,0,1
admirably_scholarly,1,1,0
admirably_open-minded,1,0,1
admirably_proactive,1,1,0
admirably_realistic,1,1,0
admirably_remarkable,1,0,1
very_pedestrian,1,1,0
admirably_responsive,1,1,0
admirably_savvy,1,0,1
admittedly_cheap,1,1,0
very_pagan,1,1,0
admirably_expansive,1,1,0
admittedly_complex,1,1,0
admittedly_disconcerting,1,0,1
admittedly_disturbing,1,1,0
admittedly_dysfunctional,1,1,0
admittedly_easy,1,1,0
admittedly_excited,1,1,0
very_ostentatious,1,1,0
admittedly_exciting,1,1,0
admittedly_fake,1,1,0
admittedly_fearful,1,1,0
admittedly_few,1,0,1
admittedly_flippant,1,0,1
admittedly_frustrating,1,1,0
admittedly_fun,1,1,0
admittedly_funnier,1,1,0
admittedly_funny,1,1,0
very_orchestrated,1,1,0
admittedly_good,1,1,0
very_outraged,1,1,0
admittedly_disappointed,1,1,0
admittedly_different,1,0,1
admittedly_cuter,1,0,1
very_overwrought,1,1,0
admittedly_confusing,1,1,0
admittedly_contradictory,1,1,0
admittedly_crass,1,0,1
admittedly_crazy,1,1,0
admittedly_creepy,1,0,1
very_oversold,1,1,0
admittedly_dangerous,1,0,1
admittedly_devout,1,1,0
admittedly_dark,1,1,0
admittedly_decent,1,1,0
admittedly_desperate,1,1,0
very_overcome,1,1,0
very_overcast,1,1,0
very_overblown,1,1,0
very_overbearing,1,1,0
admirably_fair,1,1,0
admirably_effortless,1,0,1
additionally_disturbing,1,0,1
very_polluted,1,1,0
very_practicable,1,1,0
very_powerless,1,1,0
additionally_surprising,1,1,0
additionally_unassuming,1,1,0
additionally_unemployed,1,1,0
additionally_unlawful,1,1,0
additionally_vital,1,1,0
adequately_challenging,1,1,0
adequately_clad,1,1,0
adequately_clean,1,1,0
very_pornographic,1,1,0
adequately_clear,1,1,0
adequately_coarse,1,1,0
adequately_comfortable,1,1,0
very_poorer,1,1,0
adequately_competent,1,1,0
very_ponderous,1,1,0
additionally_stunning,1,1,0
additionally_risk-free,1,1,0
additionally_related,1,1,0
very_preferable,1,1,0
very_preposterous,1,1,0
additionally_exact,1,1,0
very_preoccupied,1,1,0
additionally_frustrating,1,0,1
additionally_genuine,1,1,0
additionally_green,1,1,0
additionally_handmade,1,1,0
additionally_intriguing,1,1,0
very_preachy,1,1,0
very_predictive,1,1,0
additionally_like,1,1,0
very_predatory,1,1,0
additionally_odd,1,0,1
additionally_popular,1,1,0
additionally_powerful,1,1,0
additionally_profound,1,0,1
adequately_cool,1,1,0
adequately_distant,1,1,0
admirably_earnest,1,0,1
adequately_enjoyable,1,1,0
adequately_shiny,1,1,0
adequately_similar,1,0,1
adequately_single,1,1,0
very_pitiful,1,1,0
very_pissed,1,1,0
adequately_skilled,1,1,0
adequately_sober,1,1,0
adequately_strong,1,1,0
adequately_valuable,1,0,1
admirably_alert,1,1,0
admirably_allergic,1,1,0
admirably_american,1,1,0
very_phenomenal,1,0,1
admirably_bizarre,1,0,1
admirably_christian,1,1,0
very_pervasive,1,0,1
admirably_decent,1,1,0
adequately_sharp,1,1,0
adequately_satisfied,1,1,0
adequately_safe,1,1,0
very_plush,1,1,0
very_polish,1,0,1
adequately_excited,1,1,0
adequately_fearful,1,1,0
adequately_feminist,1,1,0
adequately_final,1,0,1
adequately_full,1,1,0
adequately_humane,1,1,0
very_pluralistic,1,1,0
adequately_sad,1,1,0
adequately_iconic,1,1,0
adequately_liquid,1,1,0
adequately_nutritious,1,1,0
adequately_potent,1,1,0
adequately_powerful,1,1,0
adequately_qualified,1,1,0
adequately_regal,1,1,0
actually_sympathetic,1,1,0
actually_surreal,1,1,0
very_textured,1,1,0
very_steadfast,1,0,1
actually_inaudible,1,1,0
actually_incompatible,1,1,0
actually_incomplete,1,1,0
very_strained,1,1,0
actually_indian,1,1,0
very_stout,1,1,0
actually_infinite,1,1,0
actually_informative,1,1,0
actually_injurious,1,1,0
actually_innocuous,1,1,0
actually_innovative,1,1,0
actually_insecure,1,1,0
actually_insightful,1,1,0
actually_intact,1,1,0
very_stellar,1,1,0
actually_intense,1,1,0
very_steamy,1,1,0
actually_inadequate,1,1,0
actually_imperative,1,1,0
actually_impactful,1,1,0
actually_humorous,1,1,0
actually_hispanic,1,1,0
actually_historical,1,1,0
very_suave,1,1,0
actually_hollow,1,1,0
actually_homemade,1,1,0
actually_homosexual,1,1,0
actually_hotter,1,1,0
actually_hungover,1,1,0
very_stretchy,1,1,0
actually_ideal,1,1,0
actually_idiotic,1,1,0
actually_illusory,1,1,0
actually_imaginary,1,1,0
actually_imaginative,1,1,0
actually_immoral,1,1,0
actually_immune,1,1,0
actually_interactive,1,1,0
actually_interchangeable,1,1,0
actually_hesitant,1,1,0
actually_interdependent,1,1,0
actually_liberating,1,1,0
actually_lighter,1,1,0
actually_likeable,1,0,1
actually_literal,1,1,0
actually_local,1,1,0
actually_logical,1,1,0
very_south,1,1,0
actually_long,1,1,0
actually_lovely,1,1,0
actually_low,1,1,0
actually_low-income,1,1,0
actually_lucid,1,1,0
actually_magnetic,1,1,0
very_soluble,1,1,0
actually_manageable,1,1,0
actually_mathematical,1,1,0
actually_mature,1,1,0
actually_liberal,1,1,0
actually_lethal,1,1,0
actually_lesbian,1,1,0
very_squishy,1,1,0
actually_intrinsic,1,1,0
actually_intuitive,1,1,0
actually_invincible,1,1,0
actually_invisible,1,1,0
very_stagnant,1,1,0
actually_irish,1,1,0
actually_ironic,1,1,0
actually_irreverent,1,1,0
actually_leery,1,1,0
very_spurious,1,1,0
very_spot,1,0,1
actually_judgmental,1,1,0
actually_jumpy,1,1,0
actually_kind,1,1,0
actually_latino,1,1,0
actually_laudable,1,1,0
actually_high-quality,1,1,0
actually_heroic,1,1,0
actually_minor,1,1,0
actually_frequent,1,1,0
very_tasteless,1,1,0
actually_fairer,1,1,0
actually_farcical,1,1,0
very_tannic,1,1,0
actually_fashionable,1,1,0
very_tangential,1,1,0
actually_fatal,1,1,0
actually_first,1,1,0
actually_flavorful,1,1,0
actually_flawless,1,1,0
very_tactful,1,1,0
actually_fleeting,1,1,0
actually_fond,1,1,0
actually_foolish,1,1,0
actually_forecast,1,1,0
actually_formidable,1,1,0
actually_forthcoming,1,1,0
actually_fair,1,1,0
very_taut,1,1,0
actually_faint,1,1,0
actually_equivalent,1,1,0
actually_elite,1,1,0
actually_embarrassed,1,1,0
actually_endearing,1,1,0
actually_endless,1,1,0
actually_enthusiastic,1,1,0
actually_envious,1,1,0
actually_environmental,1,1,0
actually_erotic,1,1,0
actually_eye-catching,1,0,1
actually_european,1,1,0
actually_exclusive,1,1,0
actually_existent,1,0,1
actually_exploitative,1,1,0
actually_extra,1,1,0
actually_extraordinary,1,1,0
actually_extreme,1,1,0
actually_fortunate,1,1,0
actually_fresh,1,0,1
very_subservient,1,1,0
actually_frightened,1,1,0
very_sumptuous,1,1,0
actually_greener,1,1,0
actually_grey,1,1,0
actually_grievous,1,1,0
very_suicidal,1,1,0
actually_grim,1,1,0
actually_groundbreaking,1,1,0
very_sufficient,1,1,0
actually_handmade,1,1,0
very_such,1,1,0
actually_harmonious,1,1,0
actually_harsher,1,1,0
actually_hateful,1,1,0
very_suburban,1,1,0
actually_heavier,1,1,0
actually_heinous,1,1,0
very_substandard,1,1,0
actually_greater,1,1,0
actually_grand,1,1,0
actually_graceful,1,1,0
actually_german,1,1,0
actually_front,1,1,0
actually_fruitful,1,1,0
actually_frustrated,1,1,0
actually_frustrating,1,1,0
actually_generic,1,1,0
actually_genetic,1,1,0
actually_gentle,1,1,0
actually_germane,1,1,0
very_supernatural,1,0,1
actually_giant,1,1,0
actually_gluten-free,1,1,0
actually_gonna,1,1,0
very_surgical,1,1,0
actually_good-natured,1,1,0
actually_goofy,1,1,0
actually_gothic,1,1,0
actually_mediocre,1,1,0
actually_misinformed,1,1,0
actually_sure,1,1,0
very_satirical,1,1,0
actually_roman,1,1,0
actually_romantic,1,1,0
actually_rude,1,1,0
very_scrumptious,1,1,0
very_scrappy,1,1,0
actually_runny,1,1,0
actually_same,1,1,0
actually_sane,1,1,0
very_schizophrenic,1,1,0
actually_schizophrenic,1,1,0
actually_second,1,1,0
actually_sedentary,1,1,0
actually_sensible,1,1,0
actually_sexist,1,1,0
actually_shallow,1,1,0
actually_shit,1,1,0
actually_shy,1,1,0
actually_robust,1,1,0
actually_riskier,1,1,0
actually_ripe,1,1,0
very_select,1,1,0
very_self-reliant,1,1,0
very_self-indulgent,1,0,1
very_self-destructive,1,1,0
actually_reminiscent,1,1,0
very_self-confident,1,1,0
actually_representative,1,1,0
actually_republican,1,1,0
very_seedy,1,1,0
actually_richer,1,1,0
actually_repulsive,1,1,0
actually_resident,1,1,0
actually_retarded,1,1,0
actually_retro,1,1,0
actually_reusable,1,1,0
very_sectarian,1,1,0
actually_revolutionary,1,0,1
actually_silent,1,1,0
very_sassy,1,1,0
very_self-taught,1,1,0
actually_silly,1,1,0
actually_state-owned,1,1,0
very_rousing,1,1,0
actually_stimulating,1,0,1
actually_strategic,1,0,1
actually_structural,1,1,0
actually_stubborn,1,1,0
actually_stuck,1,1,0
actually_subconscious,1,1,0
actually_subjective,1,1,0
actually_subordinate,1,1,0
actually_substantive,1,1,0
actually_subversive,1,1,0
actually_suggestive,1,1,0
actually_suicidal,1,1,0
actually_suitable,1,1,0
actually_superb,1,1,0
actually_supernatural,1,0,1
actually_stale,1,1,0
actually_stable,1,1,0
actually_spurious,1,1,0
actually_smoother,1,1,0
actually_simultaneous,1,1,0
actually_sixth,1,0,1
actually_skeptical,1,1,0
actually_skilled,1,1,0
very_salacious,1,0,1
very_sadistic,1,1,0
actually_smooth,1,1,0
actually_snappy,1,1,0
actually_spot-on,1,1,0
actually_soft,1,1,0
actually_softer,1,1,0
actually_solid,1,1,0
actually_spacious,1,1,0
actually_spanish,1,1,0
actually_speechless,1,1,0
very_run,1,1,0
actually_religious,1,1,0
actually_reliant,1,1,0
actually_mistaken,1,1,0
very_single,1,1,0
actually_nuanced,1,1,0
actually_nutty,1,1,0
actually_obese,1,1,0
actually_objectionable,1,0,1
actually_obscure,1,1,0
actually_observable,1,1,0
very_sleazy,1,1,0
actually_obsessed,1,1,0
actually_obtainable,1,1,0
actually_obvious,1,1,0
actually_off-putting,1,1,0
actually_offline,1,1,0
actually_onboard,1,1,0
very_skewed,1,1,0
actually_opposite,1,1,0
very_sizable,1,1,0
actually_optimal,1,1,0
very_slimy,1,0,1
actually_notorious,1,1,0
actually_noteworthy,1,0,1
actually_muscular,1,0,1
actually_misunderstood,1,1,0
actually_monstrous,1,1,0
actually_monthly,1,1,0
actually_motivated,1,1,0
very_snazzy,1,1,0
actually_motivational,1,1,0
actually_mundane,1,1,0
actually_mute,1,1,0
actually_nonexistent,1,1,0
actually_nefarious,1,0,1
actually_negligent,1,1,0
actually_neutral,1,1,0
very_smaller,1,0,1
actually_newer,1,1,0
actually_newsworthy,1,1,0
actually_noble,1,0,1
actually_optimistic,1,1,0
actually_ours,1,1,0
actually_relatable,1,0,1
actually_outrageous,1,0,1
actually_powerful,1,0,1
actually_pricey,1,1,0
actually_privy,1,1,0
actually_problematic,1,1,0
actually_promising,1,1,0
actually_prone,1,1,0
actually_proof,1,1,0
actually_psychic,1,1,0
actually_psychological,1,1,0
actually_pure,1,1,0
actually_quick,1,1,0
actually_quirky,1,1,0
actually_raw,1,1,0
actually_reassuring,1,1,0
actually_recognizable,1,0,1
actually_reflective,1,1,0
actually_refreshing,1,1,0
very_shareable,1,1,0
actually_potent,1,1,0
actually_poorer,1,1,0
actually_past,1,1,0
very_simplest,1,1,0
very_silver,1,1,0
actually_overweight,1,1,0
actually_pagan,1,1,0
actually_parallel,1,1,0
actually_particular,1,0,1
actually_passive,1,1,0
actually_peaceful,1,1,0
actually_pointless,1,1,0
actually_permanent,1,1,0
actually_perverse,1,1,0
actually_petrified,1,1,0
actually_physical,1,1,0
very_shoddy,1,1,0
actually_pleasing,1,1,0
actually_plentiful,1,1,0
typically_toxic,1,1,0
typically_taboo,1,1,0
subtly_bizarre,1,0,1
terribly_adorable,1,1,0
terribly_addicting,1,0,1
terribly_adaptive,1,0,1
better_discernible,1,1,0
terribly_abusive,1,1,0
better_diversified,1,1,0
better_effective,1,1,0
terminally_unhealthy,1,1,0
better_equal,1,1,0
terminally_uncool,1,1,0
terminally_unable,1,1,0
terminally_suicidal,1,1,0
better_established,1,1,0
terminally_stubborn,1,1,0
better_experienced,1,0,1
terminally_serious,1,1,0
terminally_psychotic,1,1,0
terminally_pretentious,1,1,0
terribly_addictive,1,0,1
terribly_adventurous,1,1,0
typically_sympathetic,1,0,1
terribly_affectionate,1,1,0
terribly_appropriate,1,1,0
terribly_appalling,1,0,1
better_comfortable,1,1,0
terribly_annoyed,1,1,0
terribly_angry,1,1,0
terribly_ancient,1,1,0
better_configurable,1,1,0
better_convenient,1,0,1
better_cool,1,1,0
better_creative,1,1,0
terribly_amazing,1,1,0
terribly_alluring,1,1,0
better_critical,1,1,0
terribly_alive,1,0,1
terribly_alarming,1,0,1
terribly_alarmed,1,1,0
better_deep,1,1,0
better_fast,1,1,0
terminally_lazy,1,1,0
terminally_lame,1,1,0
terminally_juvenile,1,1,0
temporarily_uninhabitable,1,1,0
temporarily_unfavorable,1,1,0
better_happier,1,1,0
better_helpful,1,1,0
better_homemade,1,1,0
better_humorous,1,1,0
temporarily_subservient,1,1,0
temporarily_static,1,1,0
temporarily_soothing,1,0,1
temporarily_sick,1,1,0
temporarily_separate,1,1,0
better_international,1,1,0
better_lacking,1,1,0
better_loving,1,0,1
temporarily_prosperous,1,1,0
temporarily_prevalent,1,1,0
better_mannered,1,1,0
better_greater,1,0,1
temporarily_unpleasant,1,1,0
temporarily_unusable,1,1,0
better_focused,1,1,0
terminally_insensitive,1,1,0
terminally_inept,1,1,0
terminally_indifferent,1,1,0
terminally_impossible,1,1,0
better_faster,1,1,0
terminally_exhausted,1,1,0
terminally_embarrassing,1,1,0
terminally_dishonest,1,1,0
temporarily_useful,1,1,0
terminally_dependent,1,1,0
terminally_cute,1,1,0
terminally_bored,1,1,0
terminally_arrogant,1,1,0
terminally_annoying,1,1,0
temporarily_worse,1,1,0
better_general,1,1,0
terribly_archaic,1,0,1
terribly_arrogant,1,1,0
terribly_athletic,1,1,0
best_warped,1,1,0
best_uncomfortable,1,1,0
best_undecided,1,1,0
terribly_conflicting,1,1,0
best_understated,1,1,0
best_uneducated,1,1,0
best_unethical,1,1,0
best_uninhibited,1,1,0
terribly_complacent,1,0,1
terribly_competitive,1,1,0
best_uninteresting,1,1,0
best_unprofitable,1,1,0
terribly_common,1,1,0
terribly_comic,1,0,1
terribly_comedic,1,1,0
terribly_coincidental,1,1,0
terribly_coherent,1,1,0
terribly_clinical,1,1,0
terribly_conscious,1,1,0
best_unclear,1,1,0
terribly_contrived,1,0,1
terribly_criminal,1,0,1
best_synonymous,1,1,0
terribly_current,1,1,0
best_tasteless,1,1,0
terribly_cruel,1,0,1
terribly_crude,1,0,1
terribly_crowded,1,1,0
best_temporary,1,1,0
terribly_creepy,1,0,1
terribly_convincing,1,1,0
terribly_creative,1,1,0
best_tolerable,1,1,0
terribly_cosy,1,1,0
terribly_costly,1,1,0
terribly_corrosive,1,0,1
best_troubling,1,1,0
best_ugly,1,1,0
best_virtuous,1,1,0
best_wary,1,1,0
terribly_atmospheric,1,1,0
terribly_civilised,1,1,0
terribly_blue,1,1,0
better_awful,1,0,1
terribly_blasphemous,1,0,1
terribly_blase,1,1,0
terribly_bizarre,1,1,0
terribly_believable,1,1,0
better_bitter,1,1,0
better_bloody,1,1,0
terribly_banal,1,1,0
better_brighter,1,1,0
better_characteristic,1,1,0
better_cheaper,1,1,0
better_christian,1,1,0
terribly_averse,1,1,0
terribly_austere,1,1,0
better_circular,1,1,0
terribly_atrocious,1,0,1
terribly_blurry,1,1,0
better_armored,1,1,0
better_apologetic,1,1,0
terribly_central,1,1,0
terribly_circuitous,1,1,0
terribly_chilling,1,0,1
terribly_childish,1,1,0
better_accustomed,1,1,0
terribly_cheerful,1,1,0
terribly_cheap,1,0,1
terribly_charismatic,1,1,0
terribly_catastrophic,1,0,1
terribly_brave,1,1,0
terribly_careless,1,1,0
better_afloat,1,0,1
terribly_captivating,1,1,0
terribly_campy,1,1,0
terribly_burdensome,1,1,0
terribly_brittle,1,0,1
better_american,1,1,0
better_mild,1,1,0
temporarily_permanent,1,0,1
temporarily_paranoid,1,0,1
technically_unique,1,1,0
technologically_appropriate,1,1,0
technologically_aesthetic,1,1,0
better_spiritual,1,1,0
technologically_adroit,1,1,0
better_stronger,1,1,0
better_suitable,1,1,0
technically_worthless,1,1,0
technically_weak,1,1,0
better_themed,1,1,0
technically_versatile,1,1,0
better_thick,1,1,0
better_traditional,1,1,0
technically_unusual,1,0,1
technically_unusable,1,1,0
technically_unsuitable,1,0,1
technically_unsophisticated,1,1,0
technically_unnecessary,1,0,1
technologically_artsy,1,0,1
technologically_astounding,1,1,0
better_specific,1,1,0
technologically_daunting,1,0,1
technologically_fascinating,1,1,0
technologically_enthusiastic,1,1,0
technologically_easy,1,1,0
technologically_driven,1,1,0
technologically_doable,1,1,0
technologically_deterministic,1,1,0
technologically_dependent,1,1,0
better_sick,1,1,0
technologically_averse,1,1,0
technologically_competitive,1,1,0
better_simple,1,1,0
technologically_clever,1,0,1
better_simpler,1,1,0
better_situational,1,1,0
technologically_bent,1,1,0
better_sober,1,1,0
technically_unknown,1,1,0
technically_unheard,1,1,0
technologically_fluent,1,1,0
better_trained,1,1,0
technically_subject,1,1,0
technically_stylish,1,1,0
beyond_absurd,1,1,0
beyond_adorable,1,1,0
beyond_appreciative,1,1,0
technically_specific,1,1,0
beyond_better,1,1,0
beyond_blessed,1,1,0
technically_solvable,1,1,0
beyond_busy,1,1,0
technically_sneaky,1,1,0
beyond_clever,1,1,0
technically_small,1,1,0
beyond_complicated,1,1,0
technically_skilful,1,1,0
technically_shaky,1,1,0
technically_serious,1,1,0
better_worse,1,1,0
technically_subservient,1,1,0
better_willing,1,1,0
technically_toxic,1,1,0
technically_unemployed,1,1,0
technically_uneducated,1,1,0
technically_underground,1,1,0
better_undone,1,1,0
technically_tricky,1,0,1
technically_treatable,1,1,0
technically_traditional,1,1,0
technically_tight,1,1,0
technically_suitable,1,1,0
technically_thorough,1,1,0
better_unique,1,1,0
technically_terrible,1,1,0
better_unlocked,1,1,0
better_untold,1,1,0
better_vague,1,1,0
better_vocal,1,1,0
better_set,1,1,0
technologically_forward,1,1,0
temporarily_ok,1,1,0
better_perceptive,1,1,0
temporarily_existent,1,1,0
better_other,1,1,0
temporarily_empty,1,1,0
temporarily_effective,1,1,0
better_outraged,1,1,0
temporarily_disappointed,1,1,0
temporarily_disabled,1,0,1
temporarily_diffuse,1,1,0
temporarily_depressed,1,1,0
temporarily_delusional,1,1,0
temporarily_dead,1,1,0
temporarily_contagious,1,1,0
temporarily_confusing,1,1,0
temporarily_confused,1,1,0
temporarily_concerned,1,1,0
better_paced,1,1,0
better_parallel,1,1,0
temporarily_famous,1,1,0
temporarily_full,1,1,0
temporarily_good,1,1,0
temporarily_interesting,1,1,0
better_more,1,1,0
temporarily_nonexistent,1,1,0
better_motivated,1,1,0
temporarily_monotonous,1,1,0
temporarily_lower,1,1,0
temporarily_large,1,1,0
temporarily_lame,1,1,0
better_necessary,1,1,0
temporarily_green,1,1,0
better_non-partisan,1,1,0
temporarily_inaccessible,1,1,0
temporarily_hot,1,1,0
better_old-fashioned,1,1,0
temporarily_high,1,1,0
temporarily_heroic,1,1,0
temporarily_hazy,1,1,0
temporarily_asymmetrical,1,1,0
better_perfect,1,1,0
technologically_futuristic,1,1,0
technologically_wonderful,1,1,0
technologically_naive,1,1,0
technologically_minded,1,0,1
better_rare,1,1,0
technologically_involved,1,1,0
technologically_interesting,1,1,0
better_raw,1,1,0
technologically_inferior,1,1,0
technologically_inexperienced,1,1,0
technologically_incompatible,1,1,0
better_real,1,0,1
technologically_impressive,1,1,0
better_red,1,1,0
technologically_important,1,0,1
better_rich,1,1,0
technologically_ignorant,1,1,0
better_separate,1,1,0
technologically_groundbreaking,1,1,0
technologically_necessary,1,1,0
technologically_obsolete,1,1,0
technologically_ominous,1,0,1
technologically_smart,1,1,0
better_personal,1,1,0
technologically_unique,1,1,0
technologically_unaware,1,1,0
technologically_stilted,1,1,0
technologically_stable,1,0,1
technologically_sound,1,1,0
better_predictable,1,1,0
better_priced,1,0,1
technologically_outdated,1,1,0
technologically_sensitive,1,1,0
better_professional,1,1,0
better_quicker,1,1,0
technologically_rational,1,1,0
technologically_progressive,1,0,1
technologically_proficient,1,1,0
technologically_problematic,1,1,0
best_suspicious,1,1,0
terribly_cynical,1,0,1
best_successful,1,1,0
terribly_mortal,1,0,1
terribly_obnoxious,1,1,0
beautifully_visual,1,1,0
terribly_obese,1,1,0
terribly_novel,1,0,1
terribly_noticeable,1,1,0
terribly_noteworthy,1,1,0
terribly_notable,1,1,0
terribly_noisy,1,1,0
beautifully_vivid,1,1,0
beautifully_weird,1,1,0
beautifully_wild,1,1,0
terribly_nasty,1,1,0
beautifully_wonky,1,0,1
terribly_narcissistic,1,0,1
beautifully_wrenching,1,0,1
below_adequate,1,1,0
terribly_much,1,1,0
terribly_obscene,1,0,1
beautifully_useful,1,0,1
beautifully_unusual,1,1,0
beautifully_thin,1,1,0
terribly_parochial,1,0,1
terribly_paradoxical,1,1,0
beautifully_terrifying,1,1,0
terribly_overpriced,1,1,0
terribly_outrageous,1,1,0
terribly_outdated,1,1,0
beautifully_theatrical,1,1,0
terribly_open,1,1,0
beautifully_unfolding,1,1,0
beautifully_traditional,1,1,0
beautifully_transformative,1,1,0
beautifully_triumphant,1,1,0
terribly_official,1,0,1
beautifully_true,1,1,0
beautifully_unexpected,1,0,1
terribly_off-putting,1,0,1
terribly_moving,1,1,0
terribly_monstrous,1,0,1
terribly_pathetic,1,0,1
terribly_modern,1,1,0
best_accomplished,1,1,0
terribly_lazy,1,1,0
best_adequate,1,1,0
best_affordable,1,1,0
best_amenable,1,1,0
terribly_knowledgeable,1,1,0
terribly_judgmental,1,1,0
best_apathetic,1,1,0
terribly_irritating,1,1,0
terribly_irresponsible,1,1,0
terribly_irregular,1,1,0
terribly_irrational,1,0,1
best_arguable,1,1,0
terribly_intrusive,1,1,0
terribly_intriguing,1,0,1
terribly_intoxicating,1,1,0
terribly_intimate,1,1,0
terribly_lightweight,1,1,0
terribly_likeable,1,0,1
best_accessible,1,1,0
terribly_mesmerizing,1,0,1
below_casual,1,1,0
below_dreadful,1,1,0
below_excellent,1,0,1
below_free,1,1,0
below_oversold,1,1,0
terribly_minor,1,0,1
terribly_mild,1,1,0
terribly_melodramatic,1,1,0
best_acceptable,1,1,0
below_red,1,1,0
terribly_mature,1,1,0
terribly_marvelous,1,1,0
terribly_mad,1,1,0
below_standard,1,1,0
best_absurd,1,1,0
terribly_long,1,1,0
terribly_passive,1,1,0
terribly_patient,1,1,0
best_bad,1,1,0
beautifully_serene,1,0,1
terribly_shallow,1,0,1
beautifully_rhythmic,1,1,0
terribly_sexist,1,0,1
terribly_severe,1,0,1
terribly_serene,1,0,1
terribly_senseless,1,1,0
terribly_selfish,1,1,0
beautifully_right,1,0,1
terribly_self-critical,1,1,0
beautifully_ripe,1,1,0
terribly_secluded,1,1,0
terribly_scrupulous,1,1,0
terribly_scientific,1,1,0
beautifully_scary,1,1,0
beautifully_sculptural,1,1,0
terribly_sarcastic,1,1,0
beautifully_seasoned,1,1,0
beautifully_reverent,1,1,0
beautifully_responsive,1,1,0
terribly_shoddy,1,1,0
beautifully_red,1,1,0
terribly_soothing,1,0,1
terribly_smelly,1,0,1
terribly_slower,1,1,0
beautifully_reassuring,1,0,1
terribly_slick,1,1,0
terribly_sleepy,1,1,0
terribly_skewed,1,0,1
beautifully_reflective,1,1,0
beautifully_resonant,1,1,0
beautifully_refreshing,1,0,1
beautifully_relaxing,1,0,1
beautifully_reliable,1,1,0
terribly_significant,1,0,1
beautifully_repulsive,1,0,1
terribly_shy,1,1,0
terribly_shrill,1,1,0
beautifully_self-contained,1,0,1
terribly_royal,1,0,1
terribly_perceptive,1,1,0
terribly_rough,1,0,1
terribly_profound,1,1,0
terribly_primitive,1,0,1
beautifully_structured,1,1,0
beautifully_stylish,1,0,1
terribly_preachy,1,1,0
terribly_practical,1,1,0
beautifully_surprising,1,1,0
terribly_positive,1,1,0
beautifully_surreal,1,1,0
terribly_ponderous,1,1,0
beautifully_symbolic,1,1,0
beautifully_symmetrical,1,0,1
terribly_pleasant,1,1,0
terribly_perverse,1,0,1
terribly_pertinent,1,0,1
terribly_pernicious,1,0,1
terribly_perfect,1,1,0
terribly_prolific,1,1,0
beautifully_straight,1,1,0
terribly_provocative,1,0,1
terribly_remote,1,1,0
beautifully_set,1,1,0
beautifully_simplistic,1,1,0
terribly_right-wing,1,0,1
terribly_ridiculous,1,0,1
terribly_rich,1,1,0
beautifully_sinister,1,1,0
terribly_repetitive,1,1,0
beautifully_skilled,1,1,0
beautifully_spare,1,1,0
beautifully_smooth,1,1,0
terribly_relaxed,1,1,0
terribly_regal,1,0,1
terribly_rational,1,1,0
terribly_rare,1,0,1
beautifully_spacious,1,1,0
terribly_quixotic,1,1,0
best_aspirational,1,1,0
terribly_intelligent,1,1,0
terribly_damning,1,0,1
best_mistaken,1,1,0
best_irrelevant,1,1,0
best_just,1,1,0
terribly_esoteric,1,1,0
terribly_erotic,1,0,1
terribly_envious,1,1,0
best_known,1,1,0
best_lacking,1,1,0
terribly_enlightening,1,1,0
terribly_enjoyable,1,1,0
terribly_enigmatic,1,1,0
terribly_engaging,1,0,1
best_manifest,1,1,0
terribly_efficient,1,1,0
terribly_effective,1,1,0
terribly_eerie,1,0,1
terribly_edifying,1,1,0
terribly_edgy,1,1,0
best_ironic,1,1,0
best_introspective,1,1,0
terribly_explicit,1,1,0
terribly_fine,1,1,0
terribly_formal,1,1,0
terribly_forgettable,1,1,0
terribly_foreign,1,0,1
terribly_foolish,1,1,0
best_inefficient,1,1,0
terribly_flammable,1,1,0
terribly_fishy,1,1,0
terribly_fickle,1,1,0
terribly_false,1,1,0
terribly_fearful,1,0,1
terribly_faulty,1,0,1
terribly_fast,1,0,1
terribly_fashionable,1,0,1
best_inspirational,1,1,0
terribly_farcical,1,1,0
best_intentioned,1,1,0
terribly_eclectic,1,1,0
best_negligible,1,1,0
terribly_fraught,1,1,0
terribly_early,1,1,0
best_powerful,1,1,0
terribly_dirty,1,1,0
best_professional,1,1,0
best_questionable,1,1,0
best_ready,1,1,0
terribly_devastating,1,1,0
terribly_desperate,1,0,1
terribly_derivative,1,1,0
best_risky,1,1,0
terribly_dehydrated,1,1,0
terribly_degrading,1,0,1
terribly_deficient,1,1,0
best_seasoned,1,1,0
terribly_debilitating,1,1,0
best_silent,1,1,0
terribly_dark,1,0,1
best_skilled,1,1,0
best_pointless,1,1,0
best_plausible,1,1,0
terribly_disgusting,1,0,1
best_perfect,1,1,0
best_obtainable,1,1,0
terribly_dysfunctional,1,0,1
terribly_dumb,1,0,1
terribly_dull,1,1,0
best_optimistic,1,1,0
terribly_drunk,1,1,0
best_pathetic,1,1,0
terribly_disturbed,1,1,0
terribly_disheartening,1,0,1
terribly_distressed,1,1,0
best_perfunctory,1,1,0
terribly_disruptive,1,1,0
terribly_disorganized,1,1,0
terribly_disjointed,1,1,0
terribly_disingenuous,1,0,1
terribly_dishonest,1,1,0
terribly_fragile,1,1,0
terribly_french,1,1,0
terribly_inspiring,1,1,0
best_expedient,1,1,0
terribly_improper,1,1,0
terribly_improbable,1,0,1
best_debatable,1,1,0
terribly_imprecise,1,1,0
best_disappointing,1,1,0
best_disconcerting,1,1,0
terribly_imperfect,1,1,0
best_disingenuous,1,1,0
terribly_impassioned,1,1,0
terribly_immoral,1,0,1
terribly_illusory,1,0,1
best_drunk,1,1,0
terribly_ignorant,1,1,0
terribly_idealistic,1,0,1
terribly_icky,1,0,1
best_embarrassing,1,1,0
terribly_humorous,1,1,0
best_damned,1,1,0
terribly_inane,1,1,0
best_convenient,1,1,0
terribly_infectious,1,0,1
best_benign,1,1,0
terribly_insensitive,1,1,0
terribly_insecure,1,1,0
best_bored,1,1,0
terribly_informative,1,1,0
best_capricious,1,1,0
terribly_inflated,1,0,1
terribly_inexperienced,1,1,0
terribly_incompetent,1,1,0
best_cautious,1,1,0
terribly_ineffectual,1,1,0
terribly_indulgent,1,1,0
terribly_indifferent,1,1,0
terribly_indecent,1,1,0
best_challenging,1,1,0
best_closer,1,1,0
terribly_humane,1,1,0
terribly_horrible,1,0,1
terribly_friendly,1,1,0
terribly_horny,1,1,0
terribly_grateful,1,1,0
terribly_grand,1,1,0
terribly_gothic,1,1,0
best_free,1,1,0
best_happy,1,1,0
terribly_glad,1,1,0
best_ideal,1,1,0
best_idiosyncratic,1,1,0
terribly_fuzzy,1,1,0
best_ignorant,1,1,0
terribly_fussy,1,1,0
best_impotent,1,1,0
best_inaccurate,1,1,0
best_incomplete,1,1,0
terribly_frigid,1,1,0
best_incomprehensible,1,1,0
best_inconclusive,1,1,0
terribly_great,1,1,0
terribly_green,1,1,0
terribly_grim,1,1,0
terribly_heartbreaking,1,1,0
terribly_hopeful,1,0,1
terribly_honest,1,1,0
terribly_homesick,1,1,0
terribly_hilarious,1,1,0
best_experienced,1,0,1
terribly_hectic,1,0,1
terribly_heartbroken,1,1,0
best_factual,1,1,0
terribly_gross,1,1,0
terribly_harmful,1,1,0
best_fit,1,1,0
best_fitting,1,1,0
terribly_handsome,1,1,0
best_flimsy,1,1,0
terribly_gruesome,1,1,0
terribly_grotesque,1,0,1
technically_secure,1,1,0
technically_secret,1,1,0
technically_sci-fi,1,1,0
systemically_disadvantaged,1,1,0
tactically_correct,1,1,0
bit_contradictory,1,1,0
tactically_cautious,1,1,0
tactically_brilliant,1,1,0
tactically_best,1,1,0
tactically_bearish,1,1,0
bit_crazy,1,1,0
bit_dark,1,1,0
systemically_unwell,1,1,0
systemically_unjust,1,1,0
systemically_similar,1,0,1
bit_daunting,1,1,0
systemically_serious,1,0,1
systemically_right,1,1,0
systemically_responsible,1,1,0
systemically_reactive,1,1,0
bit_defensive,1,1,0
tactically_cowardly,1,1,0
tactically_daft,1,1,0
tactically_different,1,1,0
tactically_necessary,1,1,0
tactically_smarter,1,1,0
tactically_smart,1,1,0
tactically_shrewd,1,1,0
tactically_rigid,1,1,0
tactically_responsible,1,1,0
bit_choppy,1,1,0
tactically_pushy,1,1,0
tactically_misguided,1,1,0
tactically_exciting,1,1,0
tactically_meaningful,1,0,1
tactically_inflexible,1,1,0
tactically_inept,1,1,0
tactically_incredible,1,0,1
bit_commonplace,1,0,1
tactically_generous,1,1,0
tactically_feasible,1,1,0
systemically_flawed,1,0,1
systemically_different,1,0,1
bit_chilly,1,1,0
bit_disingenuous,1,1,0
bit_dry,1,1,0
bit_elusive,1,1,0
symbolically_relevant,1,1,0
symbolically_partisan,1,1,0
symbolically_meaningless,1,1,0
symbolically_intriguing,1,0,1
symbolically_interesting,1,1,0
symbolically_frightening,1,0,1
symbolically_effeminate,1,1,0
symbolically_confused,1,1,0
symbolically_autobiographical,1,1,0
symbolically_australian,1,0,1
symbolically_alarming,1,1,0
sweetly_wholesome,1,1,0
bit_experimental,1,0,1
sweetly_vulgar,1,0,1
sweetly_vague,1,1,0
symbolically_small,1,1,0
symbolically_trashy,1,1,0
symbolically_true,1,1,0
systematically_incompetent,1,1,0
systemically_complex,1,1,0
bit_dismayed,1,1,0
systematically_unable,1,1,0
systematically_tortured,1,1,0
systematically_smart,1,0,1
systematically_present,1,1,0
systematically_possible,1,1,0
systematically_flawed,1,1,0
bit_dramatic,1,1,0
systematically_false,1,1,0
bit_distracting,1,1,0
systematically_delusional,1,1,0
systematically_corrupt,1,1,0
systematically_confusing,1,1,0
systematically_careless,1,1,0
systematically_available,1,1,0
tactically_stoic,1,1,0
tactically_superior,1,1,0
sweetly_unaware,1,1,0
bit_aggressive,1,1,0
biologically_similar,1,1,0
tad_easy,1,0,1
biologically_stressful,1,1,0
tad_dysfunctional,1,1,0
tad_dry,1,1,0
tad_disturbing,1,1,0
tad_distinctive,1,0,1
biologically_true,1,0,1
biologically_unable,1,1,0
biologically_unsafe,1,1,0
biologically_verifiable,1,1,0
biologically_vulnerable,1,1,0
tad_desolate,1,1,0
tad_derogatory,1,1,0
tad_depressing,1,1,0
tad_deliberate,1,1,0
tad_daunting,1,1,0
tad_eerie,1,1,0
tad_elitist,1,1,0
tad_embarrassing,1,1,0
tad_finicky,1,1,0
tad_higher,1,1,0
tad_heartbreaking,1,1,0
biologically_productive,1,1,0
biologically_real,1,1,0
tad_gratuitous,1,1,0
tad_gloomy,1,1,0
tad_frightening,1,1,0
biologically_repulsive,1,0,1
tad_envious,1,1,0
tad_explicit,1,1,0
tad_experimental,1,0,1
biologically_sick,1,0,1
tad_exotic,1,1,0
tad_excessive,1,1,0
tad_esoteric,1,1,0
tad_erratic,1,1,0
biologically_youthful,1,1,0
tad_curious,1,1,0
tactically_unfair,1,1,0
tad_crooked,1,1,0
bit_bizarre,1,1,0
bit_blurry,1,1,0
bit_childish,1,1,0
tad_ancient,1,1,0
tad_ambitious,1,1,0
tad_aged,1,1,0
tad_adventurous,1,1,0
tad_absurd,1,1,0
tad_abhorrent,1,1,0
tactically_wrong,1,0,1
tactically_wise,1,1,0
tactically_versatile,1,1,0
tactically_useless,1,1,0
tactically_useful,1,1,0
tactically_unwise,1,1,0
tactically_unsound,1,1,0
tactically_uninspiring,1,1,0
tad_biased,1,1,0
tad_bizarre,1,1,0
tad_bland,1,0,1
tad_complicated,1,1,0
bit_ambiguous,1,0,1
tad_corny,1,1,0
bit_ambivalent,1,1,0
tad_contrived,1,1,0
bit_angry,1,1,0
bit_annoying,1,1,0
tad_concerned,1,1,0
bit_antsy,1,0,1
tad_blurry,1,1,0
tad_competitive,1,1,0
tad_clunky,1,1,0
tad_clumsy,1,1,0
tad_childish,1,1,0
bit_artificial,1,1,0
bit_austere,1,1,0
tad_brighter,1,0,1
sweetly_unspoken,1,1,0
sweetly_touching,1,0,1
tad_ineffectual,1,1,0
surprisingly_welcome,1,0,1
suspiciously_bland,1,0,1
suspiciously_bad,1,1,0
suspiciously_askew,1,1,0
suspiciously_articulate,1,1,0
suspiciously_appropriate,1,1,0
suspiciously_ancient,1,1,0
suspiciously_american,1,1,0
suspiciously_alluring,1,0,1
suspiciously_alike,1,1,0
suspiciously_akin,1,0,1
surprisingly_yummy,1,1,0
surprisingly_wrong,1,1,0
surprisingly_witty,1,1,0
surprisingly_wistful,1,1,0
bit_obscure,1,1,0
bit_odd,1,0,1
surprisingly_wide,1,1,0
suspiciously_blind,1,1,0
suspiciously_busy,1,1,0
bit_mysterious,1,1,0
suspiciously_free,1,1,0
suspiciously_lacking,1,1,0
bit_lucky,1,1,0
suspiciously_good,1,1,0
suspiciously_glib,1,0,1
suspiciously_generous,1,1,0
suspiciously_friendly,1,1,0
suspiciously_fresh,1,1,0
suspiciously_fake,1,0,1
suspiciously_clean,1,1,0
suspiciously_endearing,1,0,1
suspiciously_empty,1,1,0
suspiciously_easy,1,1,0
suspiciously_disinterested,1,1,0
suspiciously_delicious,1,1,0
suspiciously_collaborative,1,0,1
suspiciously_coincidental,1,1,0
surprisingly_whimsical,1,1,0
surprisingly_weird,1,1,0
bit_loud,1,1,0
bit_offbeat,1,0,1
surprisingly_unsuccessful,1,1,0
surprisingly_unscrupulous,1,1,0
surprisingly_unscathed,1,1,0
surprisingly_unreasonable,1,1,0
surprisingly_unpredictable,1,1,0
surprisingly_unpleasant,1,1,0
surprisingly_unofficial,1,1,0
surprisingly_unnerving,1,0,1
surprisingly_unnatural,1,1,0
bit_radical,1,0,1
surprisingly_uninspiring,1,1,0
surprisingly_uninspired,1,1,0
surprisingly_uniform,1,1,0
surprisingly_unheralded,1,0,1
bit_real,1,0,1
surprisingly_unfocused,1,1,0
surprisingly_unfamiliar,1,0,1
surprisingly_unsure,1,1,0
surprisingly_unsympathetic,1,1,0
surprisingly_upfront,1,1,0
surprisingly_viable,1,1,0
bit_optimistic,1,1,0
surprisingly_wary,1,1,0
bit_outlandish,1,1,0
surprisingly_vulnerable,1,0,1
surprisingly_vivid,1,1,0
surprisingly_visceral,1,1,0
bit_painful,1,1,0
bit_pathetic,1,1,0
surprisingly_uplifting,1,1,0
bit_precocious,1,1,0
surprisingly_vague,1,1,0
bit_premature,1,1,0
surprisingly_usable,1,1,0
surprisingly_urban,1,1,0
surprisingly_upset,1,1,0
surprisingly_upscale,1,1,0
suspiciously_large,1,1,0
suspiciously_magical,1,1,0
bit_extreme,1,1,0
sweetly_endearing,1,1,0
sweetly_optimistic,1,1,0
bit_giddy,1,1,0
sweetly_oblivious,1,1,0
sweetly_misguided,1,1,0
bit_heavy,1,1,0
sweetly_melancholic,1,0,1
sweetly_meditative,1,0,1
bit_high,1,1,0
bit_iffy,1,1,0
sweetly_idyllic,1,0,1
sweetly_gorgeous,1,1,0
sweetly_goofy,1,1,0
sweetly_gentle,1,0,1
sweetly_futile,1,0,1
bit_illogical,1,1,0
sweetly_floral,1,0,1
sweetly_feminine,1,1,0
bit_generic,1,1,0
sweetly_pink,1,1,0
sweetly_poignant,1,1,0
sweetly_sensitive,1,1,0
sweetly_symbolic,1,0,1
sweetly_supportive,1,1,0
sweetly_soothing,1,1,0
sweetly_simplistic,1,0,1
bit_fantastic,1,0,1
sweetly_sheer,1,1,0
sweetly_sexy,1,0,1
bit_flashy,1,1,0
sweetly_polite,1,1,0
sweetly_sarcastic,1,1,0
bit_fraudulent,1,0,1
bit_frustrated,1,1,0
sweetly_retrograde,1,0,1
sweetly_quiet,1,1,0
sweetly_proud,1,1,0
bit_frustrating,1,1,0
sweetly_familiar,1,0,1
sweetly_earnest,1,0,1
suspiciously_meaty,1,1,0
sweetly_drunken,1,1,0
suspiciously_symmetrical,1,1,0
suspiciously_superhuman,1,1,0
suspiciously_soggy,1,1,0
suspiciously_smooth,1,1,0
bit_intimidating,1,1,0
bit_lifeless,1,1,0
bit_light,1,0,1
suspiciously_seductive,1,1,0
suspiciously_rich,1,1,0
suspiciously_reluctant,1,1,0
suspiciously_red,1,0,1
suspiciously_quiet,1,1,0
suspiciously_quick,1,1,0
suspiciously_positive,1,1,0
suspiciously_particular,1,1,0
suspiciously_murky,1,1,0
suspiciously_merry,1,1,0
suspiciously_thin,1,1,0
suspiciously_tight,1,0,1
suspiciously_unable,1,1,0
sweetly_contemplative,1,1,0
sweetly_discreet,1,1,0
sweetly_delicious,1,1,0
sweetly_delicate,1,0,1
sweetly_deceptive,1,0,1
sweetly_corrupt,1,0,1
sweetly_cool,1,0,1
sweetly_conventional,1,1,0
sweetly_condescending,1,1,0
suspiciously_unanimous,1,1,0
sweetly_comical,1,1,0
sweetly_benign,1,0,1
sweetly_appropriate,1,0,1
sweetly_aggressive,1,0,1
suspiciously_zany,1,1,0
bit_inflated,1,1,0
suspiciously_unfamiliar,1,0,1
tad_impractical,1,1,0
tad_insensitive,1,1,0
beyond_cute,1,1,0
technically_deft,1,1,0
technically_exotic,1,1,0
technically_exempt,1,1,0
beyond_ridiculous,1,1,0
technically_equal,1,1,0
technically_enforceable,1,1,0
beyond_satisfied,1,1,0
technically_elegant,1,1,0
technically_effective,1,1,0
beyond_scared,1,1,0
technically_easy,1,1,0
beyond_successful,1,1,0
technically_doable,1,1,0
technically_distinguishable,1,1,0
technically_disruptive,1,1,0
technically_discriminatory,1,1,0
beyond_sweet,1,1,0
beyond_talented,1,1,0
technically_experimental,1,1,0
technically_exquisite,1,1,0
technically_facile,1,1,0
beyond_positive,1,1,0
technically_healthy,1,1,0
technically_harmful,1,1,0
technically_great,1,1,0
technically_gratuitous,1,1,0
beyond_political,1,0,1
technically_gifted,1,1,0
technically_friendly,1,0,1
technically_formidable,1,1,0
technically_factual,1,1,0
technically_flawed,1,1,0
technically_fixable,1,1,0
technically_first,1,1,0
technically_fine,1,1,0
beyond_qualified,1,1,0
technically_fascinating,1,1,0
technically_fantastic,1,0,1
beyond_terrible,1,1,0
beyond_traditional,1,1,0
technically_homophobic,1,1,0
beyond_tragic,1,1,0
technically_audacious,1,0,1
technically_attributable,1,1,0
biblically_inaccurate,1,1,0
technically_astounding,1,1,0
technically_asleep,1,1,0
technically_artificial,1,1,0
technically_applicable,1,1,0
technically_appealing,1,0,1
technically_anonymous,1,1,0
technically_amiss,1,0,1
biblically_naive,1,1,0
biblically_old,1,1,0
biblically_rich,1,1,0
biblically_solid,1,1,0
technically_affordable,1,1,0
biblically_sound,1,1,0
biblically_wrong,1,1,0
biblically_faithful,1,1,0
technically_bad,1,1,0
biblically_defensible,1,1,0
beyond_wary,1,1,0
beyond_tricky,1,1,0
technically_cumbersome,1,1,0
technically_crude,1,1,0
technically_consistent,1,1,0
technically_confident,1,1,0
technically_concrete,1,1,0
beyond_unlikely,1,1,0
technically_compatible,1,1,0
biblically_conservative,1,1,0
technically_clever,1,0,1
beyond_worth,1,1,0
biblically_ambiguous,1,1,0
technically_breathtaking,1,1,0
technically_blind,1,1,0
technically_black,1,1,0
technically_bilingual,1,1,0
beyond_pathetic,1,1,0
technically_ignorant,1,1,0
biologically_absurd,1,1,0
technically_nonpartisan,1,1,0
technically_poor,1,1,0
technically_polished,1,1,0
technically_permissible,1,0,1
beyond_fantastic,1,1,0
technically_peaceful,1,1,0
technically_partisan,1,1,0
technically_outstanding,1,1,0
technically_outdated,1,1,0
technically_optional,1,1,0
technically_opposite,1,1,0
technically_operational,1,1,0
beyond_frightening,1,0,1
technically_older,1,1,0
technically_old,1,1,0
technically_ok,1,1,0
technically_obsolete,1,1,0
technically_obsessed,1,1,0
beyond_familiar,1,1,0
technically_powerful,1,1,0
technically_practicable,1,1,0
technically_real,1,1,0
technically_russian,1,1,0
technically_robust,1,1,0
technically_rigorous,1,1,0
technically_responsible,1,1,0
technically_religious,1,1,0
beyond_depressed,1,1,0
technically_recoverable,1,1,0
beyond_disheartening,1,1,0
beyond_excellent,1,1,0
beyond_disillusioned,1,1,0
beyond_dumbfounded,1,1,0
beyond_eager,1,1,0
technically_profound,1,0,1
beyond_ecstatic,1,1,0
technically_productive,1,1,0
technically_premium,1,1,0
technically_obese,1,1,0
technically_nimble,1,1,0
beyond_passionate,1,1,0
beyond_frivolous,1,1,0
beyond_lovely,1,1,0
beyond_lucky,1,1,0
technically_indifferent,1,1,0
beyond_masterful,1,0,1
beyond_misleading,1,1,0
technically_incomplete,1,1,0
technically_incompetent,1,1,0
beyond_nervous,1,1,0
technically_incapable,1,1,0
technically_inappropriate,1,1,0
beyond_obsessed,1,1,0
technically_impractical,1,1,0
beyond_obvious,1,1,0
technically_important,1,0,1
technically_imperfect,1,1,0
technically_imperative,1,1,0
beyond_outraged,1,1,0
technically_inflexible,1,1,0
technically_innocent,1,1,0
beyond_laughable,1,1,0
technically_legitimate,1,1,0
beyond_frugal,1,1,0
beyond_frustrating,1,1,0
technically_natural,1,1,0
beyond_hot,1,1,0
technically_mediocre,1,1,0
technically_magnificent,1,1,0
technically_literate,1,0,1
beyond_hungry,1,1,0
technically_insane,1,0,1
beyond_implausible,1,1,0
beyond_incredible,1,1,0
technically_irrelevant,1,1,0
technically_inventive,1,1,0
technically_intricate,1,1,0
beyond_interesting,1,1,0
beyond_intriguing,1,1,0
technically_adequate,1,1,0
technically_active,1,1,0
tad_intelligent,1,1,0
tad_reminiscent,1,1,0
tad_sorry,1,1,0
tad_soft,1,1,0
tad_smelly,1,1,0
biologically_handicapped,1,1,0
tad_slippery,1,1,0
tad_sketchy,1,1,0
biologically_human,1,1,0
biologically_immoral,1,1,0
tad_short,1,1,0
tad_shocked,1,1,0
tad_sceptical,1,1,0
tad_scary,1,1,0
tad_scarier,1,0,1
biologically_implausible,1,0,1
tad_rude,1,1,0
tad_risky,1,1,0
tad_ridiculous,1,1,0
tad_sparse,1,1,0
tad_stiff,1,1,0
biologically_exhausting,1,1,0
tad_tricky,1,1,0
tad_uneasy,1,1,0
tad_underwhelming,1,1,0
biologically_efficient,1,1,0
tad_unclear,1,1,0
tad_uncertain,1,1,0
tad_trivial,1,1,0
tad_trite,1,1,0
tad_tough,1,1,0
tad_superficial,1,1,0
tad_thicker,1,1,0
tad_tedious,1,1,0
tad_technical,1,1,0
biologically_equivalent,1,1,0
biologically_essential,1,1,0
tad_suspicious,1,1,0
tad_surprised,1,1,0
tad_restless,1,1,0
tad_regretful,1,1,0
tad_unfamiliar,1,1,0
tad_redundant,1,1,0
biologically_informative,1,1,0
tad_nostalgic,1,0,1
tad_newsworthy,1,0,1
biologically_inherent,1,0,1
tad_naive,1,1,0
tad_mystifying,1,1,0
tad_myopic,1,1,0
tad_mundane,1,1,0
tad_melodramatic,1,1,0
tad_mellow,1,1,0
tad_manipulative,1,1,0
tad_mad,1,1,0
tad_ludicrous,1,0,1
biologically_interesting,1,1,0
tad_lazy,1,0,1
tad_larger,1,0,1
tad_irritating,1,1,0
tad_obvious,1,1,0
biologically_inert,1,1,0
tad_off-putting,1,0,1
tad_personal,1,1,0
tad_quicker,1,1,0
tad_pungent,1,1,0
tad_problematic,1,1,0
biologically_inaccurate,1,1,0
tad_preposterous,1,1,0
tad_powerful,1,1,0
tad_poor,1,1,0
tad_perfunctory,1,1,0
tad_oily,1,1,0
tad_paranoid,1,1,0
tad_overwrought,1,1,0
biologically_inclined,1,1,0
tad_oversized,1,1,0
tad_overrated,1,1,0
biologically_incorrect,1,1,0
tad_overcooked,1,1,0
tad_unfair,1,0,1
tad_ungrateful,1,1,0
technically_achievable,1,1,0
tantalizingly_obscure,1,1,0
tantalizingly_yummy,1,0,1
tantalizingly_visible,1,1,0
tantalizingly_vibrant,1,0,1
tantalizingly_unclear,1,1,0
tantalizingly_tenuous,1,1,0
tantalizingly_tasty,1,1,0
tantalizingly_subtle,1,1,0
tantalizingly_subjective,1,1,0
tantalizingly_strange,1,1,0
tantalizingly_singular,1,0,1
tantalizingly_scant,1,1,0
tantalizingly_romantic,1,1,0
tantalizingly_rich,1,0,1
tantalizingly_reachable,1,1,0
tantalizingly_purple,1,1,0
tantalizingly_possible,1,0,1
tantalizingly_pleasurable,1,0,1
tastefully_aged,1,1,0
tastefully_casual,1,1,0
tastefully_chic,1,1,0
tastefully_seductive,1,1,0
biologically_adaptive,1,1,0
technically_accomplished,1,1,0
technically_accessible,1,0,1
tastefully_wealthy,1,1,0
tastefully_vegan,1,1,0
tastefully_unpredictable,1,1,0
biologically_appealing,1,0,1
tastefully_satisfying,1,1,0
tastefully_colorful,1,1,0
tastefully_offensive,1,1,0
tastefully_nude,1,1,0
tastefully_laughable,1,1,0
tastefully_invisible,1,1,0
tastefully_erotic,1,1,0
tastefully_engaging,1,1,0
tastefully_delightful,1,0,1
tantalizingly_physical,1,0,1
tantalizingly_nonsensical,1,0,1
tad_unhinged,1,1,0
tantalizingly_lacking,1,1,0
tangentially_insistent,1,1,0
tangentially_famous,1,0,1
tangentially_culpable,1,1,0
biologically_contiguous,1,1,0
tad_worried,1,1,0
tad_wooden,1,1,0
tad_wobbly,1,1,0
biologically_correct,1,1,0
biologically_distinct,1,1,0
tad_unsure,1,1,0
tad_unsavory,1,1,0
tad_unsatisfactory,1,1,0
tad_unrealistic,1,1,0
tad_unpredictable,1,1,0
tad_unprecedented,1,1,0
tad_unorthodox,1,1,0
tad_unnerving,1,1,0
tangentially_interested,1,0,1
tangentially_involved,1,1,0
biologically_beautiful,1,1,0
tantalizingly_cruel,1,1,0
tantalizingly_indulgent,1,0,1
tantalizingly_illicit,1,0,1
tantalizingly_hard,1,1,0
tantalizingly_fresh,1,1,0
biologically_appropriate,1,1,0
tantalizingly_difficult,1,1,0
tantalizingly_different,1,1,0
tantalizingly_complex,1,1,0
biologically_bad,1,0,1
biologically_available,1,1,0
tantalizingly_brief,1,1,0
tantalizingly_beautiful,1,1,0
tantalizingly_ambiguous,1,1,0
tantalizingly_absent,1,1,0
tangentially_troubling,1,0,1
tangentially_theological,1,1,0
beautifully_readable,1,1,0
beautifully_raw,1,1,0
terribly_sore,1,1,0
then_spectacular,1,1,0
basically_disproportionate,1,1,0
basically_divisive,1,0,1
then_vacant,1,1,0
then_usual,1,0,1
then_upper,1,1,0
then_unknown,1,1,0
then_unemployed,1,1,0
then_uncertain,1,0,1
basically_dreadful,1,1,0
then_transcendent,1,1,0
then_tired,1,1,0
then_thinner,1,1,0
then_terrific,1,0,1
basically_dry,1,1,0
then_surprised,1,1,0
basically_dysfunctional,1,1,0
basically_easy,1,1,0
then_white,1,0,1
basically_devoid,1,0,1
then_worth,1,1,0
theologically_controversial,1,1,0
theologically_explicit,1,1,0
basically_corrupt,1,1,0
theologically_elitist,1,1,0
theologically_desirable,1,1,0
theologically_dependent,1,1,0
basically_crazy,1,1,0
basically_data-driven,1,1,0
basically_depressing,1,0,1
then_zero,1,1,0
theologically_childish,1,1,0
theologically_challenging,1,1,0
theologically_brilliant,1,1,0
theologically_astute,1,1,0
theologically_ambiguous,1,1,0
theologically_advanced,1,1,0
theologically_accurate,1,1,0
then_stellar,1,1,0
basically_economic,1,1,0
theologically_flawed,1,1,0
then_skeptical,1,1,0
then_pleased,1,1,0
basically_fair,1,1,0
then_plastic,1,0,1
then_permanent,1,1,0
basically_fast,1,1,0
then_peaceful,1,1,0
then_overjoyed,1,1,0
then_overgrown,1,1,0
then_other,1,0,1
then_ordinary,1,0,1
then_optimal,1,1,0
basically_fearful,1,1,0
then_offline,1,1,0
then_obvious,1,1,0
then_obscure,1,1,0
then_novel,1,0,1
basically_female,1,1,0
then_pleasing,1,1,0
then_potential,1,1,0
basically_even,1,1,0
then_revolutionary,1,1,0
then_similar,1,1,0
basically_edible,1,1,0
then_sentimental,1,1,0
then_satisfied,1,1,0
then_same,1,0,1
then_safer,1,1,0
then_safe,1,1,0
basically_electronic,1,1,0
then_puzzling,1,1,0
then_relaxed,1,0,1
basically_empty,1,1,0
basically_english,1,1,0
then_reasonable,1,1,0
then_random,1,1,0
basically_equivalent,1,1,0
then_qualified,1,1,0
theologically_false,1,1,0
theologically_fluent,1,1,0
basically_fictional,1,1,0
basically_changeable,1,1,0
theoretically_independent,1,1,0
basically_big,1,1,0
basically_british,1,1,0
theoretically_important,1,1,0
theoretically_harder,1,0,1
theoretically_groundbreaking,1,1,0
theoretically_greater,1,1,0
theoretically_fun,1,1,0
theoretically_friendly,1,1,0
basically_calm,1,1,0
basically_caucasian,1,1,0
theoretically_enthusiastic,1,1,0
theoretically_easier,1,1,0
theoretically_dubious,1,1,0
theoretically_desirable,1,1,0
theoretically_dense,1,1,0
basically_certain,1,1,0
theoretically_ingenious,1,0,1
theoretically_innovative,1,1,0
theoretically_insufficient,1,1,0
basically_awful,1,1,0
theoretically_related,1,1,0
theoretically_reassuring,1,1,0
theoretically_ready,1,1,0
theoretically_pure,1,1,0
theoretically_promising,1,1,0
theoretically_privileged,1,0,1
basically_awesome,1,1,0
theoretically_nuanced,1,1,0
theoretically_intelligible,1,1,0
theoretically_neat,1,1,0
theoretically_mobile,1,1,0
theoretically_meaningless,1,0,1
theoretically_loyal,1,1,0
basically_barbaric,1,0,1
theoretically_interested,1,1,0
theoretically_interchangeable,1,1,0
theoretically_convenient,1,1,0
theoretically_competent,1,1,0
theologically_harmonious,1,1,0
theoretically_compelling,1,1,0
theologically_rich,1,1,0
theologically_related,1,1,0
theologically_permissible,1,1,0
theologically_pedantic,1,1,0
theologically_orthodox,1,1,0
theologically_okay,1,1,0
theologically_new,1,0,1
theologically_meaty,1,1,0
theologically_malignant,1,1,0
basically_continuous,1,1,0
theologically_legitimate,1,1,0
theologically_leftist,1,1,0
theologically_knowledgeable,1,1,0
theologically_inept,1,1,0
theologically_incoherent,1,1,0
theologically_ignorant,1,0,1
theologically_heretical,1,1,0
basically_confused,1,1,0
basically_confident,1,1,0
theologically_sophisticated,1,1,0
theoretically_achievable,1,1,0
theoretically_close,1,1,0
basically_clean,1,1,0
basically_common,1,0,1
theoretically_bare,1,1,0
basically_complete,1,1,0
theoretically_astute,1,1,0
theoretically_akin,1,0,1
theoretically_accountable,1,1,0
basically_concerned,1,0,1
theoretically_able,1,1,0
theologically_unsustainable,1,1,0
basically_complimentary,1,1,0
theologically_true,1,1,0
theologically_stupid,1,0,1
theologically_strong,1,1,0
theologically_squishy,1,1,0
then_neutral,1,0,1
then_nearer,1,1,0
theoretically_right,1,1,0
thats_special,1,0,1
thematically_akin,1,0,1
thematically_accurate,1,1,0
basically_immune,1,1,0
basically_impartial,1,1,0
basically_important,1,1,0
thats_worse,1,0,1
thats_vegan,1,0,1
thats_useful,1,0,1
thats_unstable,1,0,1
basically_inaccurate,1,1,0
thats_unfair,1,1,0
thats_underground,1,0,1
thats_ugly,1,1,0
thats_true,1,1,0
thats_thoughtful,1,0,1
thats_tall,1,0,1
thats_sweet,1,0,1
basically_immoral,1,0,1
thematically_awesome,1,1,0
thematically_bigger,1,0,1
thematically_devastating,1,0,1
thematically_inconsistent,1,1,0
thematically_incongruous,1,1,0
thematically_heavy,1,1,0
thematically_good,1,1,0
thematically_fresh,1,1,0
thematically_fitting,1,1,0
basically_illiquid,1,1,0
thematically_dense,1,0,1
thematically_central,1,1,0
thematically_deeper,1,0,1
thematically_dark,1,0,1
thematically_correct,1,1,0
thematically_consistent,1,1,0
thematically_complex,1,0,1
thematically_compelling,1,1,0
basically_illiterate,1,1,0
basically_inadequate,1,1,0
thats_simple,1,0,1
thematically_new,1,0,1
thats_similar,1,0,1
thats_important,1,0,1
thats_huge,1,0,1
basically_indescribable,1,1,0
basically_indestructible,1,1,0
thats_high,1,0,1
basically_indicative,1,1,0
thats_great,1,1,0
thats_gory,1,0,1
basically_indifferent,1,1,0
thats_funny,1,0,1
thats_friendly,1,0,1
thats_exotic,1,0,1
thats_exclusive,1,0,1
thats_eligible,1,0,1
thats_disruptive,1,0,1
thats_difficult,1,0,1
basically_inexcusable,1,1,0
basically_incredible,1,1,0
thats_intriguing,1,0,1
thats_invisible,1,0,1
basically_inclined,1,1,0
thats_scalable,1,0,1
thats_richer,1,0,1
thats_relevant,1,0,1
thats_realistic,1,0,1
basically_incapable,1,1,0
thats_proud,1,0,1
thats_potent,1,0,1
thats_playable,1,0,1
thats_meaningful,1,0,1
thats_painful,1,0,1
thats_ok,1,0,1
basically_incomprehensible,1,1,0
thats_new,1,0,1
basically_incorrect,1,1,0
thats_natural,1,0,1
thats_narrow,1,0,1
basically_illegitimate,1,0,1
thematically_perfect,1,1,0
then_mutual,1,1,0
then_easy,1,1,0
then_honest,1,1,0
basically_functional,1,0,1
basically_fundamental,1,0,1
then_haphazard,1,1,0
then_handy,1,0,1
then_guilty,1,1,0
then_green,1,1,0
basically_futile,1,1,0
then_full,1,1,0
basically_guilty,1,1,0
basically_handmade,1,1,0
then_familiar,1,0,1
then_existent,1,1,0
then_excited,1,1,0
then_enthusiastic,1,1,0
then_empty,1,1,0
then_eligible,1,1,0
then_hopeful,1,1,0
then_hostile,1,1,0
basically_fun,1,0,1
basically_friendly,1,1,0
basically_financial,1,1,0
then_miserable,1,0,1
basically_flawless,1,1,0
then_lush,1,1,0
then_lower,1,1,0
basically_flush,1,1,0
basically_fraudulent,1,1,0
then_italian,1,0,1
then_illegal,1,0,1
then_invalid,1,1,0
basically_frightening,1,1,0
then_impressive,1,0,1
then_impregnable,1,1,0
then_important,1,1,0
basically_frustrated,1,1,0
then_immoral,1,1,0
then_effortless,1,1,0
then_easier,1,1,0
thematically_pertinent,1,1,0
then_doomed,1,1,0
then_brighter,1,1,0
then_blue,1,0,1
then_better,1,1,0
then_bad,1,1,0
basically_homogenous,1,1,0
then_american,1,0,1
then_alright,1,1,0
basically_hopeful,1,0,1
thematically_worthwhile,1,0,1
thematically_unified,1,1,0
thematically_specific,1,1,0
basically_horrid,1,1,0
basically_horrified,1,1,0
basically_hungry,1,1,0
thematically_provocative,1,1,0
basically_hypocritical,1,0,1
thematically_positive,1,1,0
then_busy,1,1,0
then_calm,1,0,1
basically_homeless,1,1,0
then_damned,1,1,0
then_dominant,1,1,0
then_distant,1,0,1
basically_heartbroken,1,1,0
then_deserving,1,1,0
then_derelict,1,1,0
then_deep,1,0,1
basically_helpless,1,1,0
then_correct,1,1,0
basically_heterosexual,1,1,0
then_cool,1,0,1
then_convertible,1,1,0
then_conventional,1,1,0
then_controversial,1,1,0
then_complete,1,1,0
then_collective,1,1,0
then_cold,1,1,0
theoretically_relevant,1,1,0
basically_average,1,1,0
thats_cute,1,0,1
thoroughly_awake,1,1,0
barely_permissible,1,1,0
thoroughly_comedic,1,1,0
barely_pleasant,1,1,0
thoroughly_christian,1,1,0
barely_rational,1,1,0
thoroughly_charismatic,1,1,0
thoroughly_catastrophic,1,1,0
thoroughly_captivating,1,1,0
thoroughly_british,1,0,1
thoroughly_bloody,1,1,0
thoroughly_bizarre,1,1,0
thoroughly_bipartisan,1,1,0
barely_reasonable,1,1,0
thoroughly_bad,1,1,0
thoroughly_awful,1,1,0
thoroughly_awesome,1,1,0
thoroughly_awash,1,1,0
thoroughly_comforting,1,0,1
thoroughly_compelling,1,1,0
thoroughly_competent,1,1,0
thoroughly_dark,1,1,0
barely_north,1,1,0
thoroughly_democratic,1,1,0
barely_obsessed,1,1,0
thoroughly_delicious,1,1,0
barely_original,1,1,0
thoroughly_deadly,1,1,0
thoroughly_dead,1,1,0
thoroughly_daft,1,1,0
thoroughly_confident,1,1,0
thoroughly_creepy,1,1,0
thoroughly_courteous,1,1,0
barely_outraged,1,1,0
thoroughly_convinced,1,1,0
thoroughly_contrary,1,1,0
thoroughly_contemptible,1,1,0
barely_parallel,1,1,0
barely_relevant,1,1,0
barely_reliable,1,1,0
thoroughly_descriptive,1,1,0
thoroughly_australian,1,1,0
this_easy,1,1,0
this_cautious,1,1,0
this_bright,1,0,1
this_big,1,0,1
third_worst,1,1,0
third_wide,1,1,0
third_possible,1,0,1
third_largest,1,1,0
third_interesting,1,1,0
barely_satisfying,1,1,0
third_biggest,1,1,0
barely_sensible,1,1,0
third_alternate,1,1,0
barely_soft,1,1,0
thinly_precarious,1,1,0
thinly_positive,1,1,0
thinly_artificial,1,1,0
barely_responsive,1,1,0
this_serious,1,0,1
this_upbeat,1,1,0
thoroughly_amazed,1,1,0
barely_repeatable,1,1,0
thoroughly_apt,1,1,0
thoroughly_appealing,1,1,0
thoroughly_antiquated,1,1,0
thoroughly_annoying,1,1,0
thoroughly_amusing,1,0,1
thoroughly_amiss,1,1,0
thoroughly_alien,1,0,1
thoroughly_able,1,1,0
thoroughly_afraid,1,1,0
thoroughly_adorable,1,1,0
thoroughly_adjustable,1,1,0
thoroughly_adept,1,1,0
thoroughly_active,1,1,0
thoroughly_accustomed,1,1,0
thoroughly_academic,1,1,0
barely_newsworthy,1,1,0
barely_navigable,1,1,0
thermally_stable,1,1,0
thoroughly_futuristic,1,0,1
thoroughly_inconvenient,1,1,0
thoroughly_inappropriate,1,0,1
barely_historic,1,1,0
thoroughly_implausible,1,0,1
thoroughly_ignorant,1,1,0
barely_humanoid,1,0,1
barely_ill,1,1,0
thoroughly_horrible,1,1,0
thoroughly_homely,1,1,0
thoroughly_historical,1,1,0
thoroughly_heated,1,1,0
thoroughly_hard,1,1,0
thoroughly_green,1,1,0
thoroughly_gratuitous,1,1,0
thoroughly_gratifying,1,1,0
thoroughly_grateful,1,1,0
thoroughly_gifted,1,1,0
thoroughly_inhuman,1,1,0
thoroughly_insane,1,1,0
barely_healthy,1,1,0
thoroughly_legal,1,1,0
barely_french,1,1,0
thoroughly_meaningless,1,1,0
thoroughly_mean,1,1,0
thoroughly_mature,1,1,0
thoroughly_magical,1,0,1
barely_fruitful,1,1,0
thoroughly_lovely,1,0,1
thoroughly_knowledgeable,1,1,0
barely_good,1,1,0
thoroughly_kind,1,0,1
thoroughly_israeli,1,1,0
thoroughly_irritating,1,1,0
thoroughly_irrational,1,1,0
thoroughly_irish,1,1,0
thoroughly_interested,1,1,0
thoroughly_inspiring,1,1,0
thoroughly_genteel,1,1,0
thoroughly_funny,1,0,1
barely_moving,1,1,0
thoroughly_frustrated,1,1,0
thoroughly_enchanting,1,1,0
barely_knowledgeable,1,1,0
barely_little,1,1,0
thoroughly_dubious,1,1,0
barely_loud,1,1,0
barely_lower,1,1,0
thoroughly_dreamy,1,1,0
barely_lucid,1,1,0
thoroughly_dominant,1,1,0
thoroughly_domestic,1,1,0
thoroughly_dissatisfied,1,1,0
thoroughly_dismissive,1,0,1
thoroughly_disgusted,1,1,0
thoroughly_discreet,1,1,0
thoroughly_disappointing,1,1,0
barely_midnight,1,1,0
thoroughly_different,1,0,1
thoroughly_engaging,1,0,1
thoroughly_english,1,1,0
barely_involved,1,0,1
barely_intelligent,1,1,0
thoroughly_flattered,1,1,0
thoroughly_feminine,1,1,0
thoroughly_fantastical,1,1,0
barely_insightful,1,0,1
thoroughly_false,1,1,0
thoroughly_exhausting,1,1,0
thoroughly_exhausted,1,1,0
barely_interactive,1,1,0
barely_interesting,1,1,0
thoroughly_exceptional,1,0,1
thoroughly_excellent,1,1,0
thoroughly_evil,1,0,1
thoroughly_eventful,1,1,0
thoroughly_european,1,0,1
thoroughly_enthusiastic,1,1,0
thoroughly_enough,1,1,0
barely_soluble,1,1,0
thermally_sensitive,1,1,0
theoretically_robust,1,0,1
there_less,1,1,0
there_strong,1,1,0
there_simple,1,1,0
there_similar,1,1,0
there_short,1,1,0
there_safe,1,1,0
there_right,1,1,0
there_realistic,1,1,0
there_real,1,1,0
there_rapid,1,1,0
there_prompt,1,1,0
basically_able,1,0,1
there_poor,1,1,0
there_other,1,1,0
there_open,1,1,0
there_only,1,1,0
there_next,1,1,0
basically_absurd,1,1,0
there_stupid,1,1,0
barely_worthwhile,1,1,0
there_unseen,1,1,0
thereby_immune,1,1,0
barely_verbal,1,1,0
therefore_able,1,1,0
thereby_unhappy,1,1,0
thereby_ugly,1,1,0
thereby_satisfied,1,1,0
thereby_qualified,1,1,0
thereby_influential,1,0,1
thereby_equal,1,1,0
there_welcoming,1,1,0
thereby_endangered,1,1,0
thereby_dependent,1,1,0
thereby_complicit,1,1,0
there_wrong,1,1,0
barely_white,1,1,0
there_worse,1,1,0
barely_willing,1,1,0
there_many,1,1,0
there_late,1,1,0
therefore_artificial,1,1,0
there_higher,1,0,1
there_appropriate,1,1,0
basically_apprehensive,1,1,0
there_able,1,0,1
theoretically_workable,1,1,0
theoretically_weak,1,1,0
theoretically_vulnerable,1,1,0
theoretically_unconstitutional,1,1,0
theoretically_unclear,1,0,1
theoretically_tricky,1,1,0
theoretically_treatable,1,1,0
theoretically_tantalizing,1,0,1
theoretically_suitable,1,1,0
basically_asleep,1,1,0
basically_autobiographical,1,1,0
theoretically_simple,1,0,1
theoretically_significant,1,1,0
theoretically_savvy,1,1,0
there_attentive,1,1,0
basically_anonymous,1,1,0
basically_anarchic,1,1,0
basically_alive,1,1,0
there_happy,1,1,0
there_greater,1,0,1
basically_accountable,1,1,0
basically_adorable,1,1,0
basically_adverse,1,1,0
there_everyday,1,1,0
basically_alien,1,0,1
there_disturbing,1,0,1
there_biggest,1,1,0
there_deeper,1,1,0
there_deep,1,1,0
basically_ambitious,1,1,0
there_curious,1,1,0
there_crazy,1,1,0
basically_amiss,1,1,0
there_challenging,1,1,0
therefore_alluring,1,0,1
therefore_available,1,1,0
thermally_reflective,1,1,0
therefore_photogenic,1,1,0
therefore_surreal,1,0,1
therefore_surprised,1,1,0
therefore_sure,1,1,0
barely_swollen,1,1,0
therefore_suitable,1,1,0
therefore_successful,1,1,0
barely_tall,1,1,0
therefore_sparse,1,1,0
therefore_skeptical,1,1,0
therefore_sharp,1,1,0
therefore_safe,1,1,0
therefore_rough,1,0,1
therefore_restful,1,1,0
therefore_responsible,1,1,0
therefore_resistant,1,1,0
therefore_relevant,1,1,0
therefore_predictable,1,1,0
therefore_suspicious,1,1,0
therefore_territorial,1,1,0
barely_sufficient,1,1,0
therefore_vital,1,1,0
thermally_productive,1,1,0
thermally_efficient,1,1,0
barely_sore,1,1,0
therefore_worthless,1,1,0
therefore_worth,1,1,0
therefore_willing,1,1,0
therefore_weak,1,1,0
therefore_verbal,1,1,0
barely_successful,1,1,0
therefore_valuable,1,1,0
therefore_useful,1,1,0
therefore_unwell,1,1,0
therefore_unreliable,1,1,0
therefore_unoccupied,1,1,0
barely_strong,1,1,0
therefore_true,1,1,0
barely_tangible,1,0,1
therefore_outdated,1,1,0
therefore_backward,1,1,0
therefore_normal,1,1,0
barely_useable,1,0,1
therefore_desperate,1,1,0
therefore_defenseless,1,1,0
therefore_defective,1,1,0
therefore_dead,1,1,0
therefore_critical,1,0,1
therefore_costly,1,1,0
therefore_correct,1,1,0
therefore_considerable,1,1,0
therefore_concerned,1,1,0
therefore_complete,1,1,0
therefore_competent,1,1,0
therefore_challenging,1,1,0
therefore_cautious,1,1,0
therefore_capable,1,0,1
barely_useful,1,1,0
therefore_beautiful,1,1,0
therefore_disappointed,1,1,0
therefore_eligible,1,1,0
therefore_exciting,1,1,0
therefore_imperative,1,1,0
barely_thin,1,1,0
therefore_liable,1,1,0
therefore_irrelevant,1,1,0
therefore_instrumental,1,1,0
therefore_inevitable,1,1,0
therefore_impressionable,1,1,0
barely_traceable,1,1,0
therefore_handy,1,1,0
therefore_false,1,1,0
barely_traditional,1,1,0
therefore_good,1,1,0
therefore_glad,1,1,0
therefore_fundamental,1,0,1
therefore_free,1,1,0
therefore_forgivable,1,1,0
therefore_feasible,1,1,0
thats_dangerous,1,0,1
thats_cumbersome,1,0,1
beautifully_quaint,1,1,0
terrifyingly_vague,1,1,0
thankfully_healthy,1,1,0
thankfully_free,1,1,0
thankfully_few,1,0,1
thankfully_empty,1,1,0
thankfully_defunct,1,1,0
thankfully_curable,1,1,0
thankfully_aware,1,1,0
thankfully_available,1,1,0
thankfully_amusing,1,1,0
thankfully_alright,1,1,0
thankfully_alive,1,1,0
thankfully_able,1,1,0
beautifully_gentle,1,0,1
terrifyingly_worse,1,1,0
terrifyingly_wise,1,1,0
terrifyingly_vital,1,1,0
beautifully_glamorous,1,0,1
thankfully_intact,1,1,0
beautifully_funny,1,0,1
thankfully_negative,1,1,0
thankfully_untouched,1,1,0
that_advantageous,1,0,1
that_adorable,1,1,0
beautifully_fragrant,1,0,1
beautifully_free,1,0,1
beautifully_friendly,1,0,1
beautifully_full,1,1,0
thankfully_wrong,1,1,0
thankfully_slim,1,1,0
thankfully_nonexistent,1,1,0
beautifully_fundamental,1,0,1
thankfully_rare,1,1,0
thankfully_quick,1,1,0
thankfully_present,1,1,0
thankfully_positive,1,1,0
thankfully_passionate,1,1,0
thankfully_okay,1,1,0
terrifyingly_vast,1,1,0
terrifyingly_unique,1,0,1
that_affluent,1,1,0
terrifyingly_unclear,1,1,0
terrifyingly_other,1,0,1
beautifully_grand,1,0,1
terrifyingly_narcissistic,1,0,1
terrifyingly_memorable,1,1,0
terrifyingly_majestic,1,1,0
terrifyingly_low,1,1,0
terrifyingly_lonely,1,1,0
terrifyingly_likeable,1,1,0
terrifyingly_liberal,1,1,0
terrifyingly_larger,1,0,1
terrifyingly_intrusive,1,1,0
terrifyingly_interesting,1,1,0
terrifyingly_inhuman,1,1,0
terrifyingly_horrific,1,1,0
terrifyingly_gruesome,1,1,0
terrifyingly_green,1,0,1
terrifyingly_fat,1,1,0
terrifyingly_painful,1,1,0
terrifyingly_pathological,1,0,1
terrifyingly_persuasive,1,1,0
terrifyingly_sensible,1,1,0
terrifyingly_strict,1,1,0
terrifyingly_spectacular,1,0,1
terrifyingly_sparse,1,0,1
terrifyingly_small,1,0,1
terrifyingly_single,1,1,0
terrifyingly_similar,1,1,0
terrifyingly_silent,1,1,0
terrifyingly_reminiscent,1,1,0
beautifully_graceful,1,1,0
terrifyingly_relevant,1,1,0
beautifully_golden,1,1,0
beautifully_gothic,1,1,0
terrifyingly_random,1,1,0
terrifyingly_radical,1,1,0
terrifyingly_quiet,1,1,0
terrifyingly_prolific,1,1,0
beautifully_fragile,1,0,1
that_afraid,1,1,0
terrifyingly_exciting,1,0,1
that_closer,1,1,0
beautifully_concise,1,1,0
that_contemporary,1,1,0
beautifully_consistent,1,1,0
that_conscientious,1,1,0
beautifully_contemporary,1,1,0
that_conducive,1,0,1
beautifully_contradictory,1,0,1
beautifully_correct,1,1,0
beautifully_creative,1,1,0
beautifully_crisp,1,1,0
that_competent,1,1,0
beautifully_dark,1,1,0
that_commonplace,1,1,0
that_committed,1,1,0
beautifully_destructive,1,1,0
beautifully_devastating,1,1,0
that_cocky,1,1,0
that_convenient,1,1,0
that_convincing,1,1,0
that_cool,1,1,0
that_cynical,1,1,0
that_deluded,1,1,0
beautifully_chic,1,1,0
that_decisive,1,1,0
that_deceitful,1,1,0
that_dead,1,1,0
beautifully_classic,1,1,0
beautifully_clever,1,1,0
beautifully_close,1,0,1
beautifully_complicated,1,0,1
that_curious,1,1,0
beautifully_cohesive,1,1,0
beautifully_colorful,1,0,1
that_crooked,1,1,0
beautifully_complementary,1,1,0
that_credible,1,1,0
that_cozy,1,1,0
beautifully_difficult,1,1,0
beautifully_disquieting,1,0,1
that_agreeable,1,1,0
that_clever,1,1,0
that_beguiling,1,1,0
beautifully_energetic,1,0,1
beautifully_english,1,0,1
that_awkward,1,1,0
beautifully_enigmatic,1,0,1
beautifully_enjoyable,1,0,1
beautifully_ephemeral,1,0,1
that_avoidable,1,1,0
beautifully_exclusive,1,0,1
beautifully_extra,1,1,0
that_anxious,1,0,1
beautifully_fine,1,1,0
that_amicable,1,1,0
that_ambitious,1,1,0
beautifully_fluid,1,1,0
that_altruistic,1,1,0
that_alluring,1,1,0
beautifully_elusive,1,0,1
beautifully_eloquent,1,1,0
beautifully_elegant,1,1,0
that_bullish,1,1,0
beautifully_distinguishable,1,1,0
that_classy,1,1,0
that_careless,1,1,0
that_carefree,1,1,0
that_captivating,1,1,0
that_calm,1,1,0
beautifully_disturbing,1,1,0
that_brutal,1,1,0
that_bigger,1,1,0
beautifully_diverse,1,1,0
beautifully_doomed,1,0,1
beautifully_dramatic,1,0,1
beautifully_dumb,1,0,1
that_bold,1,1,0
beautifully_earthy,1,0,1
beautifully_eccentric,1,1,0
terrifyingly_expressive,1,1,0
terrifyingly_evocative,1,0,1
that_depressing,1,1,0
beautifully_optimistic,1,0,1
terribly_unimportant,1,0,1
terribly_unimaginative,1,1,0
terribly_unhealthy,1,1,0
beautifully_nostalgic,1,0,1
terribly_unfunny,1,0,1
beautifully_obscure,1,1,0
terribly_unforgivable,1,0,1
terribly_unflattering,1,1,0
terribly_unfamiliar,1,1,0
beautifully_odd,1,0,1
terribly_unethical,1,0,1
terribly_uneducated,1,1,0
terribly_underweight,1,1,0
beautifully_opaque,1,1,0
terribly_underpaid,1,1,0
terribly_underfunded,1,1,0
beautifully_open-minded,1,1,0
beautifully_noble,1,0,1
terribly_unjust,1,0,1
terribly_unkind,1,1,0
beautifully_morose,1,1,0
terribly_unwell,1,1,0
beautifully_mesmerising,1,0,1
terribly_unsuited,1,1,0
terribly_unsophisticated,1,1,0
beautifully_minimal,1,1,0
beautifully_modern,1,0,1
terribly_unsatisfied,1,1,0
beautifully_naive,1,0,1
beautifully_nerdy,1,1,0
terribly_unprofessional,1,1,0
terribly_unproductive,1,1,0
terribly_unpopular,1,1,0
beautifully_naked,1,0,1
terribly_unpalatable,1,1,0
terribly_unnatural,1,1,0
beautifully_nasty,1,0,1
terribly_undefined,1,0,1
terribly_uncertain,1,1,0
beautifully_meaningful,1,0,1
beautifully_orange,1,0,1
terribly_symbolic,1,0,1
beautifully_personal,1,1,0
terribly_sustainable,1,1,0
terribly_suspicious,1,0,1
beautifully_poignant,1,1,0
beautifully_practical,1,0,1
terribly_supportive,1,1,0
beautifully_pragmatic,1,0,1
terribly_stylish,1,1,0
beautifully_predictable,1,1,0
terribly_strong,1,0,1
terribly_strict,1,1,0
beautifully_prepared,1,0,1
terribly_stereotypical,1,1,0
terribly_steep,1,1,0
beautifully_pretentious,1,1,0
terribly_spoilt,1,1,0
terribly_taboo,1,0,1
terribly_tangible,1,0,1
terribly_technical,1,1,0
terribly_traditional,1,0,1
beautifully_organic,1,0,1
beautifully_outstanding,1,1,0
terribly_troubling,1,1,0
beautifully_painful,1,0,1
terribly_trippy,1,1,0
terribly_traumatic,1,0,1
beautifully_pale,1,1,0
terribly_touchy,1,1,0
terribly_tedious,1,1,0
terribly_tiresome,1,1,0
beautifully_perfect,1,1,0
terribly_timid,1,0,1
terribly_thrilling,1,0,1
terribly_thirsty,1,1,0
terribly_thin,1,1,0
terribly_therapeutic,1,1,0
beautifully_melancholic,1,0,1
beautifully_magical,1,1,0
terrifyingly_evil,1,0,1
terrifically_interested,1,1,0
terrifically_upbeat,1,1,0
terrifically_unpopular,1,1,0
terrifically_unhappy,1,1,0
terrifically_tight,1,1,0
terrifically_supportive,1,1,0
beautifully_hot,1,1,0
terrifically_silly,1,1,0
terrifically_scary,1,1,0
beautifully_humble,1,1,0
terrifically_proud,1,1,0
terrifically_powerful,1,0,1
terrifically_positive,1,1,0
terrifically_photogenic,1,1,0
terrifically_perceptive,1,1,0
terrifically_outspoken,1,1,0
terrifically_moving,1,1,0
terrifically_morbid,1,0,1
terrifically_valuable,1,0,1
beautifully_horrible,1,1,0
terrifyingly_accurate,1,1,0
beautifully_hellish,1,1,0
terrifyingly_epic,1,1,0
terrifyingly_easy,1,1,0
terrifyingly_divisive,1,1,0
terrifyingly_distinct,1,0,1
terrifyingly_democratic,1,0,1
terrifyingly_dark,1,0,1
terrifyingly_confusing,1,1,0
beautifully_hilarious,1,0,1
terrifyingly_aggressive,1,1,0
terrifyingly_challenging,1,1,0
terrifyingly_bland,1,1,0
beautifully_historic,1,1,0
beautifully_homemade,1,1,0
terrifyingly_authoritative,1,1,0
terrifyingly_aimless,1,1,0
terrifyingly_agile,1,1,0
terrifically_lucky,1,1,0
terrifically_inspiring,1,1,0
terribly_vague,1,1,0
terrifically_inconvenient,1,1,0
beautifully_intuitive,1,1,0
beautifully_listenable,1,0,1
terribly_wobbly,1,1,0
beautifully_luminous,1,1,0
terribly_wistful,1,0,1
beautifully_lush,1,1,0
terribly_windy,1,1,0
beautifully_luxurious,1,1,0
beautifully_lyrical,1,1,0
terribly_wary,1,1,0
beautifully_mad,1,1,0
terribly_vulgar,1,1,0
terribly_viscous,1,0,1
terribly_violent,1,1,0
terribly_vindictive,1,0,1
terribly_vicious,1,1,0
beautifully_maddening,1,1,0
terribly_worrisome,1,1,0
beautifully_intentioned,1,1,0
beautifully_inspiring,1,1,0
beautifully_incoherent,1,1,0
terrifically_important,1,0,1
terrifically_immediate,1,1,0
terrifically_helpful,1,1,0
terrifically_hard,1,0,1
beautifully_hungover,1,1,0
terrifically_fun,1,1,0
beautifully_impossible,1,0,1
terrifically_different,1,0,1
beautifully_insane,1,0,1
terrifically_cool,1,0,1
terrifically_complicated,1,1,0
terrifically_bummed,1,1,0
terrifically_awesome,1,0,1
terrifically_admirable,1,0,1
terrifically_adept,1,1,0
terribly_young,1,1,0
beautifully_chaotic,1,0,1
beautifully_ceremonial,1,1,0
basically_informative,1,1,0
basically_responsible,1,1,0
that_serene,1,1,0
that_sensitive,1,1,0
that_sensible,1,1,0
basically_quiet,1,1,0
basically_quixotic,1,1,0
basically_quotable,1,1,0
that_satisfying,1,1,0
that_satisfactory,1,0,1
basically_racist,1,1,0
that_salty,1,1,0
basically_random,1,1,0
basically_real,1,1,0
that_rude,1,1,0
that_rough,1,0,1
that_robust,1,1,0
basically_relaxed,1,1,0
that_respectful,1,1,0
basically_pure,1,1,0
that_shallow,1,1,0
that_sharp,1,1,0
that_slow,1,1,0
basically_organic,1,1,0
that_sorry,1,1,0
that_sophisticated,1,1,0
that_sociable,1,1,0
that_snappy,1,1,0
basically_overdue,1,1,0
basically_overwhelming,1,1,0
basically_palatable,1,1,0
basically_profitable,1,1,0
that_sincere,1,1,0
that_simplistic,1,1,0
that_simpler,1,1,0
basically_passive,1,1,0
that_silly,1,1,0
basically_possible,1,1,0
that_shrewd,1,1,0
that_reluctant,1,1,0
basically_righteous,1,1,0
that_specific,1,1,0
that_recognizable,1,1,0
that_pleasant,1,1,0
basically_shameful,1,0,1
basically_shit,1,1,0
that_personal,1,0,1
that_persistent,1,1,0
basically_silent,1,1,0
that_peculiar,1,1,0
that_patriotic,1,1,0
basically_sinister,1,0,1
basically_spiritual,1,1,0
that_paranoid,1,1,0
that_palatable,1,1,0
that_outrageous,1,1,0
that_outlandish,1,1,0
that_original,1,1,0
basically_stuck,1,1,0
that_onerous,1,1,0
basically_sexual,1,1,0
basically_separate,1,0,1
that_plentiful,1,1,0
that_probable,1,1,0
that_reasonable,1,1,0
that_realistic,1,1,0
that_rational,1,1,0
basically_round,1,1,0
that_pronounced,1,1,0
that_progressive,1,1,0
that_productive,1,1,0
basically_sane,1,1,0
that_poor,1,1,0
that_presumptuous,1,1,0
that_prescient,1,1,0
basically_satisfied,1,1,0
basically_scared,1,1,0
basically_sci-fi,1,1,0
that_potent,1,1,0
basically_scientific,1,1,0
basically_ordinary,1,1,0
that_spectacular,1,1,0
basically_stupid,1,1,0
basically_loving,1,1,0
that_wise,1,1,0
basically_invisible,1,1,0
basically_islamic,1,1,0
basically_jobless,1,1,0
basically_kind,1,1,0
basically_lacking,1,1,0
that_viable,1,1,0
that_vast,1,0,1
basically_legal,1,0,1
basically_limitless,1,1,0
basically_liquid,1,1,0
basically_little,1,1,0
that_unworthy,1,1,0
that_unwilling,1,1,0
basically_local,1,1,0
that_unpretentious,1,1,0
that_unlucky,1,1,0
that_witty,1,1,0
basically_invincible,1,1,0
that_worried,1,1,0
basically_inscrutable,1,1,0
thats_cool,1,1,0
basically_inhuman,1,1,0
thats_catchy,1,0,1
thats_bulky,1,0,1
thats_big,1,0,1
thats_beneficial,1,0,1
thats_beautiful,1,1,0
basically_insignificant,1,0,1
basically_internal,1,1,0
thats_amazing,1,0,1
thats_achievable,1,0,1
thats_acceptable,1,0,1
that_younger,1,1,0
basically_intact,1,1,0
basically_intelligent,1,1,0
basically_interested,1,1,0
that_unknown,1,1,0
that_unimportant,1,1,0
basically_online,1,1,0
that_unhappy,1,1,0
basically_needy,1,1,0
that_sweeter,1,1,0
basically_negative,1,1,0
that_sweaty,1,1,0
basically_nerdy,1,0,1
basically_next,1,1,0
that_supportive,1,0,1
basically_non-stop,1,1,0
that_subtle,1,1,0
that_substantial,1,0,1
that_stylish,1,1,0
that_stunning,1,1,0
basically_normal,1,1,0
basically_numb,1,1,0
basically_offensive,1,1,0
basically_old,1,1,0
that_stellar,1,1,0
basically_natural,1,1,0
basically_naked,1,1,0
basically_modest,1,0,1
that_tougher,1,1,0
that_unfamiliar,1,1,0
that_understandable,1,1,0
basically_low,1,1,0
that_trustworthy,1,1,0
basically_luckier,1,1,0
that_traumatic,1,1,0
basically_lucky,1,1,0
basically_ludicrous,1,1,0
that_terrific,1,1,0
basically_materialistic,1,1,0
basically_mediocre,1,1,0
that_tiny,1,1,0
basically_mindless,1,1,0
that_threatening,1,1,0
that_thoughtful,1,1,0
that_thorough,1,1,0
that_ominous,1,1,0
that_ok,1,1,0
that_desolate,1,1,0
that_farfetched,1,0,1
basically_zero,1,1,0
that_full,1,1,0
that_frustrated,1,1,0
that_fruitful,1,1,0
that_frivolous,1,0,1
beautifully_accidental,1,1,0
that_fragile,1,1,0
that_formidable,1,1,0
that_foolish,1,0,1
that_fond,1,0,1
beautifully_anarchic,1,0,1
that_flimsy,1,1,0
beautifully_appealing,1,1,0
that_flavorful,1,1,0
that_fickle,1,1,0
that_feeble,1,1,0
that_favorable,1,1,0
basically_worried,1,1,0
that_glamorous,1,0,1
basically_wonderful,1,0,1
that_harder,1,1,0
basically_unwilling,1,1,0
that_heinous,1,1,0
basically_unworkable,1,0,1
that_heartbreaking,1,1,0
basically_upbeat,1,1,0
that_hateful,1,1,0
that_harsh,1,1,0
basically_vacant,1,1,0
that_gorgeous,1,1,0
basically_vertical,1,1,0
that_handsome,1,0,1
basically_weird,1,1,0
that_grumpy,1,1,0
that_grateful,1,1,0
that_gracious,1,1,0
that_graceful,1,0,1
that_fashionable,1,1,0
that_fantastic,1,1,0
that_high-profile,1,0,1
beautifully_aspirational,1,0,1
beautifully_bright,1,1,0
beautifully_british,1,0,1
that_driven,1,0,1
that_dreadful,1,1,0
that_diverse,1,0,1
that_distinctive,1,1,0
that_distinct,1,1,0
beautifully_busy,1,1,0
that_disruptive,1,1,0
beautifully_calm,1,0,1
that_disinterested,1,1,0
that_disciplined,1,1,0
beautifully_captivating,1,0,1
beautifully_casual,1,1,0
that_determined,1,1,0
that_destructive,1,0,1
beautifully_cathartic,1,0,1
beautifully_bold,1,0,1
beautifully_big,1,1,0
that_efficient,1,1,0
that_exceptional,1,1,0
beautifully_atmospheric,1,1,0
that_fabulous,1,1,0
that_extreme,1,1,0
that_extraordinary,1,0,1
beautifully_attractive,1,0,1
beautifully_attuned,1,0,1
beautifully_authentic,1,1,0
that_evil,1,1,0
that_effortless,1,1,0
that_erudite,1,1,0
beautifully_bare,1,1,0
beautifully_bespoke,1,0,1
that_enjoyable,1,1,0
that_endearing,1,1,0
that_encouraging,1,1,0
that_elusive,1,1,0
basically_unwell,1,1,0
that_higher,1,1,0
that_offensive,1,1,0
that_logical,1,0,1
basically_terrifying,1,1,0
that_myopic,1,1,0
basically_tolerant,1,1,0
that_moot,1,1,0
that_monumental,1,0,1
basically_transient,1,1,0
that_misguided,1,1,0
that_messy,1,1,0
that_menacing,1,1,0
basically_trivial,1,0,1
that_mediocre,1,1,0
basically_typical,1,1,0
that_magnificent,1,0,1
basically_unacceptable,1,1,0
basically_unaffected,1,1,0
that_loyal,1,1,0
basically_unappreciated,1,1,0
that_narcissistic,1,1,0
that_nasty,1,1,0
that_natural,1,1,0
that_nuanced,1,1,0
basically_subject,1,1,0
that_observant,1,0,1
that_obscure,1,1,0
basically_sunny,1,1,0
that_oblivious,1,1,0
that_numerous,1,1,0
that_numb,1,1,0
basically_supportive,1,1,0
basically_synonymous,1,1,0
that_noticable,1,0,1
basically_susceptible,1,1,0
that_new,1,1,0
basically_sweet,1,1,0
that_needed,1,1,0
that_necessary,1,0,1
that_neat,1,1,0
that_loud,1,1,0
that_local,1,1,0
basically_unwatchable,1,1,0
that_likeable,1,1,0
that_inane,1,1,0
that_improbable,1,1,0
basically_unprotected,1,1,0
that_impressed,1,1,0
basically_unproven,1,0,1
that_impatient,1,1,0
that_impassioned,1,1,0
basically_unrecognizable,1,1,0
that_ill,1,0,1
basically_unsustainable,1,1,0
that_hysterical,1,1,0
basically_untapped,1,1,0
basically_untested,1,0,1
basically_untouched,1,1,0
basically_untrue,1,1,0
basically_unusable,1,1,0
that_honorable,1,1,0
basically_universal,1,1,0
basically_uninteresting,1,1,0
that_inconvenient,1,1,0
basically_undecided,1,1,0
that_liberal,1,0,1
that_lenient,1,1,0
that_lazy,1,1,0
that_late,1,1,0
basically_unbeatable,1,1,0
basically_unclear,1,1,0
basically_unconscious,1,1,0
that_intuitive,1,1,0
that_inefficient,1,1,0
basically_unenforceable,1,1,0
basically_unfair,1,1,0
basically_unfathomable,1,1,0
that_integral,1,0,1
that_inspiring,1,1,0
that_insensitive,1,1,0
that_inhospitable,1,1,0
surprisingly_unexpected,1,0,1
surprisingly_understated,1,1,0
bit_reluctant,1,1,0
both_prior,1,1,0
both_pleased,1,1,0
both_poignant,1,1,0
super_atmospheric,1,0,1
both_popular,1,1,0
super_aspirational,1,1,0
super_artistic,1,1,0
super_articulate,1,1,0
super_arousing,1,1,0
super_approachable,1,1,0
both_powerful,1,1,0
both_powerless,1,1,0
both_precious,1,1,0
both_precise,1,1,0
both_pregnant,1,1,0
both_preventable,1,1,0
both_pricey,1,1,0
super_ancient,1,1,0
super_authentic,1,0,1
super_automatic,1,1,0
both_phenomenal,1,1,0
super_bitter,1,1,0
both_ordinary,1,1,0
super_bloated,1,1,0
super_blessed,1,0,1
super_bleak,1,0,1
both_outspoken,1,1,0
super_black,1,1,0
super_bizarre,1,1,0
super_biodegradable,1,1,0
both_perplexed,1,1,0
both_overrated,1,1,0
super_biblical,1,0,1
both_palatable,1,1,0
both_passionate,1,1,0
both_patriotic,1,1,0
both_peculiar,1,1,0
both_permanent,1,1,0
super_amusing,1,1,0
super_amazed,1,1,0
super_bouncy,1,1,0
super_aloof,1,1,0
suitably_witty,1,0,1
suitably_weird,1,1,0
suitably_weary,1,1,0
suitably_wacky,1,1,0
suitably_vocal,1,1,0
suitably_violent,1,1,0
suitably_vigilant,1,1,0
both_relaxing,1,1,0
suitably_vacant,1,0,1
suitably_useable,1,0,1
suitably_upset,1,1,0
suitably_unsuitable,1,0,1
suitably_unique,1,0,1
suitably_unimpressed,1,1,0
suitably_torturous,1,0,1
suitably_toasty,1,1,0
suitably_thrilled,1,1,0
super_abrasive,1,1,0
both_relatable,1,1,0
super_abundant,1,1,0
super_adventurous,1,1,0
super_allergic,1,1,0
super_agitated,1,1,0
super_agile,1,0,1
both_productive,1,1,0
both_professional,1,1,0
both_prosperous,1,1,0
super_affluent,1,1,0
both_provocative,1,1,0
both_reckless,1,1,0
both_puzzling,1,1,0
both_qualitative,1,1,0
super_addicted,1,1,0
super_adamant,1,1,0
both_quirky,1,1,0
both_raw,1,1,0
super_accountable,1,1,0
both_opinionated,1,1,0
super_boyish,1,1,0
suitably_tacky,1,0,1
both_moderate,1,1,0
super_compliant,1,1,0
both_lower,1,1,0
super_complacent,1,1,0
both_lucky,1,1,0
super_competent,1,0,1
both_magnificent,1,1,0
both_marvellous,1,1,0
super_commercial,1,0,1
both_mature,1,1,0
both_meaningless,1,1,0
super_colourful,1,1,0
both_memorable,1,1,0
both_minimal,1,1,0
super_cohesive,1,1,0
super_cognizant,1,1,0
super_cocky,1,1,0
both_misleading,1,1,0
both_low-income,1,1,0
super_complimentary,1,1,0
both_low-cost,1,1,0
super_contradictory,1,1,0
super_covert,1,1,0
super_courteous,1,1,0
super_courageous,1,0,1
super_cost-effective,1,1,0
super_corny,1,1,0
both_limited,1,1,0
super_controversial,1,0,1
super_contemporary,1,1,0
super_conductive,1,1,0
super_constructive,1,1,0
super_conspicuous,1,1,0
both_lonely,1,1,0
both_long,1,1,0
both_looser,1,1,0
both_lousy,1,1,0
both_lovely,1,0,1
both_mobile,1,1,0
both_monotonous,1,1,0
super_brave,1,1,0
both_mortal,1,1,0
both_nostalgic,1,1,0
super_cartoony,1,1,0
super_caring,1,1,0
super_careless,1,1,0
both_noteworthy,1,1,0
both_null,1,1,0
super_capitalist,1,1,0
super_capable,1,0,1
both_observable,1,1,0
both_obsessive,1,1,0
both_obsolete,1,1,0
both_ok,1,1,0
super_buggy,1,1,0
super_budget-friendly,1,1,0
super_bubbly,1,1,0
both_ominous,1,1,0
super_broad,1,1,0
super_catastrophic,1,0,1
super_cathartic,1,0,1
both_nominal,1,1,0
super_chinese,1,1,0
super_cleaner,1,1,0
both_motivated,1,1,0
both_naive,1,1,0
both_naked,1,1,0
super_chunky,1,1,0
super_chummy,1,1,0
super_chuffed,1,1,0
super_chilly,1,1,0
both_nightmarish,1,1,0
both_narrow,1,1,0
both_native,1,1,0
super_chewy,1,1,0
super_cheery,1,1,0
super_cheeky,1,1,0
both_negative,1,1,0
super_charismatic,1,1,0
both_relevant,1,1,0
suitably_sweaty,1,0,1
super_crafty,1,0,1
both_seamless,1,1,0
suitably_exotic,1,1,0
suitably_exciting,1,0,1
both_sacred,1,1,0
suitably_excellent,1,1,0
suitably_european,1,0,1
both_satisfied,1,1,0
suitably_enthused,1,1,0
suitably_embarrassed,1,1,0
suitably_edgy,1,0,1
suitably_earnest,1,1,0
suitably_dry,1,1,0
suitably_disgusting,1,0,1
suitably_demonic,1,0,1
suitably_definitive,1,0,1
suitably_deep,1,0,1
suitably_decadent,1,1,0
suitably_cute,1,0,1
suitably_expansive,1,0,1
suitably_eye-catching,1,0,1
suitably_fantastical,1,0,1
suitably_general,1,1,0
both_ruthless,1,1,0
suitably_gothic,1,1,0
suitably_gorgeous,1,1,0
suitably_glamorous,1,0,1
suitably_gimmicky,1,1,0
suitably_german,1,0,1
suitably_generic,1,0,1
suitably_gaudy,1,1,0
suitably_far-flung,1,1,0
suitably_fun,1,1,0
suitably_frightening,1,1,0
suitably_flavorful,1,1,0
suitably_fictional,1,1,0
suitably_festive,1,0,1
suitably_feminine,1,0,1
suitably_female,1,0,1
suitably_cryptic,1,0,1
suitably_confused,1,1,0
both_romantic,1,1,0
suitably_comforting,1,0,1
suitably_amusing,1,0,1
suitably_ambiguous,1,0,1
suitably_amazed,1,1,0
suitably_afraid,1,1,0
sufficiently_worthy,1,1,0
sufficiently_worried,1,1,0
sufficiently_wonderful,1,0,1
sufficiently_willing,1,1,0
sufficiently_widespread,1,1,0
both_simpler,1,1,0
sufficiently_wet,1,1,0
sufficiently_weird,1,1,0
sufficiently_wealthy,1,1,0
both_sincere,1,1,0
both_singular,1,1,0
sufficiently_villainous,1,1,0
sufficiently_vast,1,1,0
suitably_angry,1,0,1
suitably_anxious,1,1,0
suitably_appealing,1,1,0
suitably_bohemian,1,0,1
suitably_comfortable,1,0,1
both_sedentary,1,1,0
suitably_cinematic,1,1,0
suitably_challenging,1,1,0
suitably_calm,1,1,0
both_sensational,1,1,0
suitably_brave,1,0,1
both_sensitive,1,1,0
suitably_arcane,1,0,1
suitably_bittersweet,1,1,0
suitably_beautiful,1,1,0
both_separate,1,1,0
suitably_awkward,1,1,0
both_short,1,1,0
both_sick,1,1,0
both_significant,1,1,0
suitably_greasy,1,1,0
suitably_groggy,1,1,0
suitably_surprising,1,0,1
suitably_official,1,0,1
suitably_savory,1,0,1
suitably_satisfied,1,1,0
suitably_rustic,1,1,0
suitably_rousing,1,0,1
suitably_roman,1,0,1
suitably_rigid,1,1,0
suitably_righteous,1,0,1
suitably_right,1,1,0
both_remote,1,1,0
suitably_rich,1,0,1
suitably_relaxed,1,1,0
suitably_related,1,1,0
suitably_random,1,1,0
both_representative,1,1,0
suitably_poetic,1,0,1
suitably_pleased,1,1,0
suitably_outrageous,1,0,1
suitably_scary,1,0,1
suitably_shady,1,1,0
suitably_shocked,1,1,0
suitably_stinky,1,0,1
suitably_surprised,1,1,0
suitably_summery,1,0,1
suitably_suicidal,1,0,1
suitably_stylish,1,0,1
suitably_stunned,1,1,0
suitably_stuffy,1,0,1
suitably_straightforward,1,0,1
both_reliable,1,1,0
suitably_shocking,1,1,0
suitably_sparkly,1,0,1
suitably_somber,1,1,0
suitably_solemn,1,0,1
suitably_smug,1,1,0
suitably_sleek,1,0,1
suitably_sincere,1,0,1
suitably_silly,1,0,1
both_respectable,1,1,0
both_respectful,1,1,0
suitably_gruesome,1,1,0
suitably_noisy,1,1,0
suitably_indulgent,1,0,1
suitably_impressive,1,0,1
both_ripe,1,1,0
suitably_important,1,0,1
suitably_humbling,1,0,1
suitably_humble,1,1,0
both_robust,1,1,0
suitably_horrifying,1,1,0
suitably_horrified,1,1,0
suitably_horrific,1,0,1
suitably_horrible,1,1,0
suitably_horrendous,1,1,0
suitably_hilarious,1,1,0
suitably_hideous,1,0,1
suitably_harsh,1,0,1
suitably_harmless,1,0,1
suitably_happy,1,1,0
suitably_ingenious,1,0,1
suitably_innovative,1,0,1
suitably_interested,1,1,0
suitably_merry,1,1,0
suitably_nifty,1,1,0
suitably_new,1,0,1
suitably_nervous,1,1,0
both_rigorous,1,1,0
suitably_modest,1,1,0
suitably_modern,1,0,1
suitably_minor,1,1,0
suitably_many,1,1,0
suitably_interesting,1,0,1
suitably_macho,1,0,1
suitably_lovely,1,0,1
suitably_irreverent,1,0,1
suitably_ironic,1,0,1
suitably_irish,1,0,1
suitably_intimidating,1,0,1
suitably_intimate,1,1,0
super_cozy,1,0,1
super_cranky,1,1,0
both_skilled,1,1,0
super_immature,1,1,0
both_crucial,1,1,0
super_innocuous,1,0,1
both_cryptic,1,1,0
both_current,1,1,0
both_deaf,1,1,0
super_inflammatory,1,0,1
both_debilitating,1,1,0
super_inept,1,1,0
super_industrial,1,1,0
both_decorative,1,1,0
both_deep,1,1,0
both_defective,1,1,0
super_incompetent,1,1,0
super_inane,1,0,1
super_inaccurate,1,1,0
both_delicious,1,1,0
both_delighted,1,1,0
super_insecure,1,1,0
super_inspirational,1,1,0
both_creepy,1,1,0
super_ironic,1,1,0
both_constant,1,1,0
super_itchy,1,1,0
super_irritating,1,1,0
super_irritable,1,1,0
both_convincing,1,1,0
super_irrelevant,1,1,0
super_irregular,1,1,0
both_convoluted,1,1,0
super_intellectual,1,1,0
super_introverted,1,1,0
super_intriguing,1,1,0
super_intimidating,1,1,0
super_international,1,1,0
both_counterintuitive,1,1,0
both_courageous,1,1,0
both_courteous,1,1,0
both_dependent,1,1,0
super_ill,1,1,0
both_confusing,1,1,0
super_identifiable,1,1,0
both_elderly,1,1,0
super_hardy,1,1,0
both_elegant,1,1,0
both_eloquent,1,1,0
both_embarrassing,1,1,0
super_handsome,1,1,0
super_hairy,1,1,0
super_gullible,1,1,0
both_endearing,1,1,0
both_enjoyable,1,1,0
both_enormous,1,1,0
super_groggy,1,1,0
super_gritty,1,0,1
super_grey,1,1,0
both_enthused,1,1,0
both_equal,1,1,0
super_gratifying,1,1,0
super_healthful,1,1,0
both_elated,1,1,0
both_educational,1,1,0
both_dumbfounded,1,1,0
super_hyperactive,1,1,0
both_desirable,1,1,0
both_disappointing,1,1,0
both_diverse,1,1,0
super_humbled,1,1,0
both_domestic,1,1,0
both_dressy,1,1,0
both_dynamic,1,1,0
both_educated,1,1,0
both_dysfunctional,1,1,0
super_hoppy,1,0,1
both_eager,1,1,0
both_earnest,1,1,0
both_economic,1,1,0
super_high-tech,1,1,0
both_edible,1,1,0
both_conservative,1,1,0
super_juvenile,1,1,0
both_evil,1,1,0
super_meaty,1,1,0
both_apologetic,1,1,0
super_nationalist,1,1,0
super_nasty,1,1,0
both_appreciative,1,1,0
super_muddy,1,1,0
both_artificial,1,1,0
both_asian,1,1,0
both_asleep,1,1,0
super_modest,1,1,0
both_attractive,1,1,0
super_minor,1,1,0
super_minimal,1,1,0
super_mindful,1,1,0
both_believable,1,1,0
super_melodramatic,1,1,0
super_melodic,1,1,0
super_medieval,1,1,0
super_naturalistic,1,1,0
both_anxious,1,1,0
super_nauseous,1,1,0
both_abnormal,1,1,0
borderline_unfriendly,1,1,0
super_observant,1,1,0
super_obscure,1,1,0
borderline_unpleasant,1,1,0
super_obedient,1,1,0
borderline_watchable,1,0,1
super_nourishing,1,1,0
both_absorbent,1,1,0
both_amusing,1,1,0
super_nimble,1,1,0
both_active,1,1,0
both_actual,1,1,0
both_advisable,1,1,0
both_alluring,1,1,0
both_amazed,1,1,0
both_amused,1,1,0
both_bitter,1,1,0
super_mature,1,1,0
both_compliant,1,1,0
both_blind,1,1,0
super_livable,1,1,0
super_lit,1,1,0
both_chilly,1,1,0
super_likely,1,1,0
both_christian,1,1,0
both_circular,1,1,0
super_lighthearted,1,1,0
both_clever,1,1,0
both_close,1,1,0
super_legitimate,1,1,0
both_cohesive,1,1,0
both_colorless,1,1,0
both_comforting,1,1,0
both_common,1,1,0
both_comparable,1,1,0
both_competent,1,1,0
both_complete,1,1,0
super_local,1,0,1
super_lofty,1,0,1
both_cheaper,1,1,0
super_lucrative,1,0,1
super_manly,1,0,1
super_manageable,1,1,0
super_major,1,1,0
both_bright,1,1,0
both_brilliant,1,1,0
super_macho,1,0,1
super_lush,1,1,0
both_burdensome,1,1,0
super_long-lasting,1,1,0
both_busy,1,1,0
both_capable,1,1,0
super_low-cost,1,1,0
both_cartoonish,1,1,0
both_challenging,1,1,0
both_cheap,1,1,0
super_loose,1,1,0
both_erroneous,1,1,0
both_excellent,1,1,0
both_lightweight,1,1,0
super_drastic,1,0,1
both_impersonal,1,1,0
super_eerie,1,1,0
both_implicit,1,1,0
super_economical,1,1,0
super_easygoing,1,1,0
both_inadequate,1,1,0
super_easier,1,1,0
super_earthy,1,0,1
both_inclusive,1,1,0
both_incompetent,1,1,0
super_dynamic,1,0,1
both_incomplete,1,1,0
both_incredible,1,1,0
super_dull,1,1,0
both_indispensable,1,1,0
both_inefficient,1,1,0
super_drinkable,1,1,0
both_impatient,1,1,0
super_elaborate,1,0,1
super_elderly,1,1,0
super_empty,1,1,0
both_humbled,1,1,0
both_humbling,1,1,0
super_enlightening,1,1,0
both_hungry,1,1,0
both_identical,1,1,0
super_endearing,1,0,1
super_enchanting,1,0,1
both_immaterial,1,1,0
super_electric,1,1,0
both_immoral,1,1,0
super_embarrassed,1,1,0
super_eloquent,1,1,0
super_elitist,1,1,0
super_elite,1,1,0
super_elemental,1,1,0
both_impartial,1,1,0
super_dressy,1,1,0
both_inexpensive,1,1,0
both_human,1,1,0
super_dorky,1,0,1
super_degrading,1,1,0
super_deficient,1,1,0
super_defensive,1,0,1
super_decadent,1,0,1
super_debilitating,1,1,0
both_irritating,1,1,0
both_italian,1,1,0
super_dainty,1,0,1
both_jarring,1,1,0
super_curvy,1,1,0
super_curly,1,1,0
both_knowledgeable,1,1,0
super_crunchy,1,1,0
super_crucial,1,1,0
both_late,1,1,0
both_less,1,0,1
both_liable,1,1,0
super_delicate,1,1,0
both_invisible,1,1,0
super_dense,1,0,1
both_insatiable,1,1,0
both_inexperienced,1,1,0
both_inhumane,1,1,0
super_domestic,1,1,0
super_disorganized,1,1,0
both_innocent,1,1,0
super_disconcerting,1,0,1
super_discerning,1,1,0
both_insightful,1,1,0
both_inventive,1,1,0
super_disabled,1,1,0
both_inspirational,1,1,0
super_digital,1,1,0
both_intact,1,1,0
both_intelligent,1,1,0
both_intimidating,1,1,0
super_descriptive,1,1,0
super_enticing,1,1,0
super_exceptional,1,0,1
super_gracious,1,1,0
both_frustrating,1,1,0
both_fast,1,1,0
both_fictional,1,1,0
super_fundamental,1,0,1
both_filthy,1,1,0
both_fine,1,1,0
both_flattered,1,1,0
both_fond,1,1,0
both_formative,1,1,0
both_fortunate,1,1,0
super_frigid,1,1,0
super_frightened,1,1,0
both_fragile,1,1,0
both_freer,1,1,0
super_freakin,1,1,0
super_frail,1,1,0
super_fragile,1,1,0
super_forthcoming,1,1,0
both_famous,1,1,0
both_fake,1,1,0
super_geeky,1,1,0
super_global,1,1,0
super_gothic,1,0,1
both_exceptional,1,1,0
both_exclusive,1,1,0
super_gooey,1,0,1
super_good-looking,1,1,0
both_exhausted,1,1,0
both_exotic,1,1,0
super_glamorous,1,1,0
super_gendered,1,1,0
both_experimental,1,1,0
super_gifted,1,1,0
super_german,1,1,0
both_expert,1,1,0
super_gentle,1,1,0
both_expired,1,1,0
super_generic,1,0,1
both_friendly,1,1,0
super_fluffy,1,1,0
super_excitable,1,1,0
super_flirty,1,1,0
both_groundbreaking,1,1,0
both_harmful,1,1,0
both_heartwarming,1,1,0
both_hearty,1,1,0
both_heavy,1,1,0
super_faithful,1,1,0
both_higher,1,1,0
both_horrible,1,1,0
super_extraordinary,1,0,1
super_expressive,1,1,0
super_experimental,1,1,0
both_horrified,1,1,0
super_exotic,1,0,1
super_exhausted,1,1,0
super_exclusive,1,0,1
both_hot,1,1,0
both_huge,1,1,0
both_great,1,1,0
super_fast-paced,1,1,0
both_greasy,1,1,0
both_generous,1,1,0
super_flirtatious,1,1,0
both_funnier,1,1,0
super_flawed,1,1,0
super_flavourful,1,1,0
both_gay,1,1,0
both_gendered,1,1,0
both_general,1,1,0
super_flaky,1,1,0
super_fatal,1,1,0
both_gentler,1,1,0
super_fishy,1,1,0
super_fiery,1,1,0
super_festive,1,0,1
super_feminist,1,1,0
both_gracious,1,1,0
super_feisty,1,1,0
both_skeptical,1,1,0
both_slow,1,1,0
borderline_unethical,1,0,1
suddenly_dreary,1,1,0
suddenly_giddy,1,1,0
brazenly_tentative,1,1,0
brazenly_unconcerned,1,1,0
brazenly_unconstitutional,1,1,0
brazenly_unsophisticated,1,1,0
brazenly_xenophobic,1,1,0
suddenly_fraught,1,1,0
breathtakingly_ambitious,1,0,1
breathtakingly_aromatic,1,1,0
suddenly_feverish,1,1,0
suddenly_feeble,1,1,0
suddenly_fearful,1,1,0
suddenly_fatal,1,1,0
suddenly_fascinating,1,0,1
breathtakingly_bad,1,1,0
suddenly_expired,1,1,0
breathtakingly_banal,1,1,0
suddenly_good,1,1,0
suddenly_grey,1,1,0
suddenly_hard,1,1,0
brazenly_political,1,1,0
suddenly_inert,1,1,0
suddenly_indispensable,1,1,0
suddenly_inaccessible,1,1,0
suddenly_important,1,1,0
suddenly_impatient,1,1,0
suddenly_immobile,1,1,0
suddenly_imminent,1,0,1
suddenly_hungry,1,1,0
suddenly_harder,1,1,0
suddenly_huge,1,1,0
suddenly_hot,1,1,0
suddenly_hopeful,1,1,0
brazenly_shameless,1,1,0
suddenly_hispanic,1,1,0
suddenly_hip,1,1,0
suddenly_hilarious,1,1,0
suddenly_eerie,1,1,0
suddenly_dissatisfied,1,1,0
suddenly_involved,1,1,0
breathtakingly_brilliant,1,1,0
suddenly_closed,1,1,0
suddenly_close,1,1,0
suddenly_chic,1,1,0
breathtakingly_dirty,1,0,1
suddenly_bulletproof,1,1,0
breathtakingly_dumb,1,0,1
breathtakingly_easy,1,1,0
suddenly_bold,1,1,0
suddenly_blond,1,1,0
suddenly_black,1,1,0
suddenly_bitter,1,1,0
suddenly_biodegradable,1,1,0
suddenly_bereft,1,1,0
suddenly_benign,1,1,0
suddenly_beautiful,1,1,0
suddenly_bankrupt,1,1,0
suddenly_awkward,1,1,0
suddenly_cloudy,1,1,0
breathtakingly_cynical,1,1,0
suddenly_colder,1,1,0
suddenly_cooler,1,1,0
suddenly_destitute,1,1,0
suddenly_depressed,1,1,0
suddenly_defunct,1,1,0
breathtakingly_candid,1,1,0
breathtakingly_confident,1,1,0
suddenly_crisp,1,1,0
suddenly_coy,1,1,0
breathtakingly_crisp,1,1,0
suddenly_complex,1,0,1
suddenly_convinced,1,1,0
suddenly_controversial,1,1,0
suddenly_contrary,1,1,0
suddenly_contemplative,1,1,0
suddenly_conservative,1,1,0
suddenly_confused,1,1,0
breathtakingly_cruel,1,1,0
brazenly_partisan,1,1,0
suddenly_keen,1,1,0
breathtakingly_exciting,1,0,1
brazenly_bad,1,1,0
suddenly_skittish,1,1,0
brand_conscious,1,1,0
brand_related,1,1,0
suddenly_significant,1,1,0
brand_sensitive,1,1,0
suddenly_shy,1,1,0
suddenly_short,1,1,0
suddenly_shiny,1,1,0
suddenly_sharp,1,1,0
suddenly_sexy,1,1,0
brand_specific,1,1,0
suddenly_sensitive,1,1,0
suddenly_scared,1,1,0
suddenly_satisfied,1,1,0
suddenly_sane,1,1,0
brazenly_aggressive,1,1,0
brazenly_alive,1,1,0
suddenly_slow,1,1,0
suddenly_smart,1,1,0
suddenly_sober,1,1,0
suddenly_tangible,1,1,0
suddenly_unavailable,1,1,0
bracingly_real-time,1,1,0
suddenly_turbulent,1,1,0
suddenly_trivial,1,1,0
bracingly_sour,1,1,0
suddenly_timely,1,1,0
bracingly_strange,1,1,0
suddenly_sympathetic,1,1,0
suddenly_strenuous,1,1,0
suddenly_swollen,1,1,0
bracingly_unprecedented,1,0,1
brand_agnostic,1,1,0
suddenly_surprised,1,1,0
suddenly_stupid,1,0,1
suddenly_stuck,1,1,0
suddenly_stronger,1,1,0
suddenly_ridiculous,1,0,1
suddenly_responsible,1,1,0
suddenly_late,1,1,0
brazenly_candid,1,1,0
suddenly_older,1,1,0
suddenly_old,1,1,0
brazenly_indifferent,1,1,0
brazenly_loud,1,1,0
suddenly_offensive,1,1,0
brazenly_ludicrous,1,0,1
suddenly_non-existent,1,1,0
suddenly_nice,1,1,0
brazenly_misleading,1,0,1
suddenly_nervous,1,1,0
suddenly_negotiable,1,1,0
suddenly_naked,1,1,0
suddenly_mute,1,1,0
brazenly_naked,1,1,0
suddenly_mad,1,1,0
suddenly_less,1,1,0
suddenly_legal,1,1,0
brazenly_illogical,1,1,0
suddenly_opportunistic,1,1,0
suddenly_other,1,1,0
suddenly_proud,1,1,0
brazenly_dishonest,1,1,0
suddenly_radioactive,1,1,0
suddenly_radical,1,0,1
suddenly_quieter,1,1,0
brazenly_dismissive,1,1,0
suddenly_queer,1,1,0
suddenly_purple,1,1,0
suddenly_pro-choice,1,1,0
suddenly_outdated,1,1,0
brazenly_essential,1,1,0
suddenly_powerless,1,1,0
brazenly_false,1,1,0
brazenly_gross,1,0,1
suddenly_playable,1,1,0
suddenly_past,1,1,0
suddenly_passionate,1,1,0
breathtakingly_epic,1,0,1
breathtakingly_fabulous,1,1,0
suddenly_uncomfortable,1,1,0
subtly_insane,1,1,0
subtly_plain,1,1,0
subtly_patronizing,1,1,0
subtly_painful,1,0,1
subtly_oppressive,1,0,1
subtly_ominous,1,1,0
subtly_odd,1,0,1
breathtakingly_open,1,1,0
subtly_noticeable,1,1,0
subtly_natural,1,1,0
subtly_misunderstood,1,1,0
subtly_misleading,1,1,0
subtly_menacing,1,0,1
breathtakingly_original,1,0,1
subtly_major,1,0,1
subtly_magical,1,0,1
subtly_keen,1,1,0
subtly_intense,1,1,0
subtly_powerful,1,0,1
subtly_present,1,1,0
subtly_provocative,1,1,0
subtly_satisfying,1,0,1
subtly_strange,1,1,0
subtly_spiritual,1,1,0
subtly_skewed,1,1,0
breathtakingly_lovely,1,1,0
breathtakingly_naive,1,1,0
subtly_self-destructive,1,1,0
subtly_seductive,1,0,1
subtly_sadistic,1,1,0
breathtakingly_offensive,1,0,1
breathtakingly_obvious,1,1,0
subtly_rewarding,1,1,0
subtly_revolutionary,1,0,1
subtly_retro,1,1,0
subtly_resonant,1,1,0
subtly_relative,1,1,0
subtly_related,1,1,0
subtly_insidious,1,0,1
subtly_improper,1,0,1
breathtakingly_joyful,1,1,0
subtly_imprecise,1,1,0
subtly_defensive,1,0,1
subtly_darker,1,0,1
subtly_dark,1,1,0
subtly_daring,1,0,1
subtly_dangerous,1,1,0
subtly_critical,1,1,0
subtly_counter-intuitive,1,0,1
subtly_contrary,1,0,1
subtly_conscious,1,1,0
subtly_complex,1,1,0
subtly_colorful,1,1,0
subtly_cold,1,1,0
subtly_coarse,1,0,1
breathtakingly_quick,1,1,0
subtly_challenging,1,0,1
subtly_candid,1,1,0
subtly_brilliant,1,1,0
breathtakingly_proper,1,1,0
subtly_disconcerting,1,1,0
subtly_disquieting,1,0,1
subtly_feminist,1,0,1
breathtakingly_painful,1,1,0
subtly_hostile,1,0,1
subtly_hilarious,1,1,0
subtly_gorgeous,1,1,0
subtly_good,1,0,1
breathtakingly_perfect,1,1,0
breathtakingly_precise,1,1,0
subtly_fantastical,1,1,0
subtly_distinct,1,0,1
subtly_fantastic,1,1,0
subtly_false,1,0,1
subtly_essential,1,1,0
breathtakingly_profound,1,0,1
subtly_enough,1,1,0
subtly_emotional,1,1,0
subtly_dusty,1,1,0
subtly_stylish,1,1,0
subtly_suggestive,1,1,0
suddenly_automatic,1,1,0
sudden_desperate,1,0,1
sudden_suspicious,1,1,0
sudden_rich,1,1,0
breathtakingly_great,1,1,0
sudden_permissible,1,1,0
sudden_okay,1,1,0
sudden_obsessed,1,1,0
sudden_loyal,1,0,1
sudden_jarring,1,1,0
sudden_interested,1,0,1
breathtakingly_heroic,1,1,0
sudden_important,1,1,0
sudden_green,1,1,0
sudden_great,1,1,0
sudden_good,1,1,0
sudden_free,1,1,0
sudden_empty,1,1,0
sudden_disinterested,1,1,0
sudden_uncontrollable,1,1,0
sudden_uplifting,1,1,0
sudden_vulnerable,1,1,0
breathtakingly_fast,1,1,0
suddenly_appealing,1,0,1
suddenly_anxious,1,0,1
suddenly_angry,1,1,0
suddenly_amiss,1,1,0
suddenly_alright,1,1,0
suddenly_alone,1,1,0
suddenly_allergic,1,1,0
breathtakingly_fresh,1,1,0
sudden_welcoming,1,1,0
suddenly_afraid,1,1,0
suddenly_affordable,1,1,0
suddenly_active,1,1,0
suddenly_actionable,1,1,0
suddenly_acceptable,1,1,0
suddenly_abundant,1,1,0
breathtakingly_funny,1,1,0
sudden_different,1,1,0
sudden_deeper,1,1,0
subtly_supportive,1,0,1
sudden_dead,1,1,0
successfully_clear,1,1,0
successfully_cinematic,1,0,1
successfully_appealing,1,1,0
successfully_affectionate,1,1,0
breathtakingly_innovative,1,1,0
breathtakingly_intelligent,1,1,0
subtly_whimsical,1,1,0
subtly_violent,1,0,1
subtly_unstable,1,1,0
subtly_unsettling,1,0,1
subtly_unscrupulous,1,0,1
subtly_unique,1,0,1
subtly_unfamiliar,1,0,1
subtly_understated,1,1,0
subtly_traditional,1,0,1
subtly_terrifying,1,1,0
subtly_symbolic,1,0,1
breathtakingly_illegal,1,1,0
successfully_inventive,1,1,0
successfully_reversible,1,1,0
breathtakingly_hot,1,1,0
sudden_corrupt,1,1,0
sudden_conscious,1,0,1
breathtakingly_horrible,1,1,0
sudden_cold,1,0,1
sudden_boring,1,1,0
sudden_big,1,1,0
sudden_better,1,1,0
sudden_awake,1,0,1
successfully_satisfied,1,1,0
sudden_angry,1,1,0
sudden_active,1,1,0
breathtakingly_ignorant,1,1,0
successfully_treatable,1,1,0
successfully_tiny,1,1,0
successfully_stylish,1,1,0
successfully_single,1,1,0
suddenly_unclear,1,1,0
bracingly_personal,1,0,1
sufficiently_upset,1,1,0
sufficiently_limp,1,1,0
sufficiently_nervous,1,1,0
sufficiently_negligent,1,0,1
sufficiently_negative,1,1,0
sufficiently_nasty,1,1,0
sufficiently_motivated,1,1,0
sufficiently_moist,1,1,0
sufficiently_minor,1,1,0
sufficiently_meaningful,1,1,0
sufficiently_mature,1,1,0
sufficiently_massive,1,0,1
sufficiently_malicious,1,1,0
sufficiently_major,1,0,1
sufficiently_luxurious,1,1,0
sufficiently_luminous,1,0,1
sufficiently_loyal,1,1,0
sufficiently_long-term,1,1,0
sufficiently_loathsome,1,0,1
sufficiently_new,1,0,1
sufficiently_noteworthy,1,1,0
both_timely,1,1,0
sufficiently_paranoid,1,1,0
sufficiently_pure,1,1,0
sufficiently_probable,1,1,0
sufficiently_precise,1,1,0
both_tempting,1,1,0
both_tentative,1,1,0
both_thankful,1,1,0
sufficiently_partisan,1,0,1
sufficiently_overweight,1,1,0
sufficiently_objective,1,1,0
sufficiently_outrageous,1,0,1
sufficiently_original,1,1,0
sufficiently_open,1,1,0
both_theoretical,1,1,0
sufficiently_ok,1,1,0
both_thrilled,1,1,0
both_timeless,1,1,0
both_tranquil,1,1,0
sufficiently_likely,1,1,0
sufficiently_quirky,1,1,0
sufficiently_lightweight,1,1,0
sufficiently_idiosyncratic,1,1,0
sufficiently_humanitarian,1,1,0
sufficiently_huge,1,1,0
both_understated,1,1,0
sufficiently_hopeful,1,1,0
sufficiently_holy,1,1,0
both_undervalued,1,1,0
sufficiently_helpful,1,1,0
sufficiently_heavy,1,1,0
sufficiently_harmful,1,1,0
sufficiently_hard,1,1,0
sufficiently_handsome,1,1,0
sufficiently_gruesome,1,1,0
sufficiently_grim,1,1,0
sufficiently_great,1,1,0
both_undesirable,1,1,0
both_undocumented,1,1,0
both_understandable,1,1,0
both_understaffed,1,1,0
both_unclear,1,1,0
sufficiently_intimidating,1,1,0
sufficiently_less,1,0,1
both_trans,1,1,0
both_treatable,1,1,0
sufficiently_jealous,1,1,0
sufficiently_irreconcilable,1,1,0
sufficiently_irrational,1,1,0
sufficiently_intricate,1,1,0
both_trite,1,1,0
both_unbelievable,1,1,0
both_ubiquitous,1,1,0
sufficiently_inspirational,1,1,0
sufficiently_inoffensive,1,1,0
both_unable,1,1,0
sufficiently_indecisive,1,1,0
sufficiently_incompetent,1,1,0
sufficiently_incendiary,1,0,1
both_temporary,1,1,0
both_tasty,1,1,0
sufficiently_generous,1,1,0
sufficiently_spectacular,1,1,0
sufficiently_tough,1,0,1
sufficiently_timely,1,1,0
sufficiently_thorough,1,1,0
sufficiently_thick,1,1,0
sufficiently_terrible,1,1,0
sufficiently_tender,1,1,0
sufficiently_tame,1,1,0
sufficiently_swift,1,1,0
sufficiently_sustainable,1,1,0
sufficiently_suspicious,1,1,0
sufficiently_suspect,1,1,0
sufficiently_sure,1,1,0
sufficiently_subjective,1,1,0
both_sophisticated,1,1,0
both_specific,1,1,0
sufficiently_strange,1,0,1
sufficiently_startling,1,0,1
sufficiently_traumatic,1,1,0
sufficiently_trite,1,1,0
sufficiently_troubling,1,1,0
sufficiently_unknown,1,0,1
sufficiently_unwell,1,1,0
sufficiently_unusual,1,1,0
sufficiently_unstable,1,1,0
sufficiently_unscrupulous,1,0,1
sufficiently_unpopular,1,1,0
sufficiently_unpleasant,1,1,0
sufficiently_unnerving,1,0,1
sufficiently_universal,1,1,0
sufficiently_trustworthy,1,0,1
sufficiently_underwater,1,1,0
sufficiently_unconstitutional,1,0,1
sufficiently_uncommon,1,1,0
sufficiently_unclear,1,1,0
sufficiently_uncertain,1,1,0
sufficiently_typical,1,1,0
sufficiently_turbulent,1,1,0
sufficiently_stable,1,1,0
both_spectacular,1,1,0
sufficiently_raunchy,1,0,1
sufficiently_spacious,1,1,0
both_subjective,1,1,0
sufficiently_self-aware,1,1,0
sufficiently_scary,1,1,0
sufficiently_satisfying,1,0,1
both_superb,1,1,0
sufficiently_safe,1,1,0
both_superior,1,1,0
sufficiently_ridiculous,1,1,0
both_suspenseful,1,1,0
sufficiently_restrictive,1,1,0
sufficiently_respectable,1,1,0
sufficiently_remarkable,1,0,1
both_talented,1,1,0
sufficiently_relevant,1,1,0
sufficiently_relaxed,1,1,0
both_tastier,1,1,0
sufficiently_reactive,1,1,0
sufficiently_self-explanatory,1,1,0
both_stupid,1,1,0
sufficiently_sensible,1,1,0
sufficiently_slow,1,1,0
both_stable,1,1,0
sufficiently_soft,1,1,0
sufficiently_socialist,1,1,0
sufficiently_smug,1,1,0
sufficiently_smart,1,1,0
sufficiently_smaller,1,1,0
both_stimulating,1,1,0
both_straight,1,1,0
sufficiently_sensitive,1,1,0
sufficiently_shrewd,1,0,1
sufficiently_shiny,1,0,1
sufficiently_sharp,1,1,0
sufficiently_shameless,1,1,0
sufficiently_shallow,1,1,0
both_stuck,1,1,0
both_stunning,1,1,0
sufficiently_golden,1,1,0
sufficiently_general,1,1,0
suddenly_uninterested,1,1,0
sufficiently_alike,1,1,0
both_wealthy,1,1,0
sufficiently_big,1,1,0
sufficiently_baffled,1,1,0
sufficiently_bad,1,1,0
sufficiently_awesome,1,0,1
both_weighty,1,1,0
both_wet,1,1,0
sufficiently_auspicious,1,1,0
both_white,1,1,0
sufficiently_artistic,1,0,1
sufficiently_armored,1,1,0
sufficiently_armed,1,1,0
sufficiently_appealing,1,1,0
sufficiently_annoyed,1,1,0
sufficiently_analogous,1,1,0
sufficiently_amusing,1,1,0
sufficiently_ample,1,1,0
sufficiently_bloody,1,1,0
sufficiently_bold,1,0,1
sufficiently_bored,1,1,0
sufficiently_comfortable,1,1,0
both_vegan,1,1,0
both_versatile,1,1,0
both_vigilant,1,1,0
sufficiently_compelling,1,0,1
sufficiently_compatible,1,0,1
sufficiently_comparable,1,1,0
both_violent,1,1,0
sufficiently_collective,1,1,0
sufficiently_brave,1,1,0
sufficiently_cold,1,1,0
sufficiently_coherent,1,1,0
both_vital,1,1,0
sufficiently_cheap,1,1,0
sufficiently_challenging,1,1,0
both_wary,1,1,0
sufficiently_bright,1,1,0
both_wild,1,1,0
sufficiently_alien,1,0,1
both_vast,1,1,0
sufficiently_agreeable,1,1,0
suddenly_warm,1,1,0
suddenly_vulnerable,1,1,0
bracingly_literate,1,1,0
suddenly_violent,1,1,0
suddenly_vast,1,0,1
suddenly_useless,1,1,0
bracingly_original,1,0,1
suddenly_unworthy,1,1,0
suddenly_unwilling,1,1,0
suddenly_unwell,1,1,0
suddenly_unusable,1,1,0
suddenly_unresponsive,1,1,0
suddenly_unoccupied,1,1,0
suddenly_unnecessary,1,1,0
suddenly_unnatural,1,1,0
suddenly_unmatched,1,1,0
suddenly_unlocked,1,1,0
bracingly_honest,1,1,0
bracingly_fresh,1,0,1
suddenly_worldly,1,1,0
sufficiently_adept,1,1,0
sufficiently_aggressive,1,1,0
both_worth,1,1,0
sufficiently_aerodynamic,1,0,1
sufficiently_adverse,1,1,0
sufficiently_advantageous,1,0,1
both_worthwhile,1,1,0
both_worthy,1,1,0
bracingly_cool,1,1,0
bracingly_frank,1,1,0
sufficiently_accountable,1,1,0
sufficiently_abundant,1,1,0
sufficiently_absurd,1,0,1
bracingly_crisp,1,0,1
suddenly_worthless,1,1,0
bracingly_direct,1,1,0
bracingly_fast,1,1,0
sufficiently_concrete,1,1,0
both_valid,1,1,0
both_unexpected,1,1,0
sufficiently_dignified,1,0,1
sufficiently_enjoyable,1,0,1
sufficiently_energetic,1,0,1
sufficiently_embarrassed,1,1,0
sufficiently_egregious,1,1,0
both_unlikely,1,1,0
sufficiently_eager,1,1,0
sufficiently_dry,1,1,0
both_unpleasant,1,1,0
sufficiently_dressy,1,1,0
sufficiently_dreadful,1,1,0
both_unpopular,1,1,0
sufficiently_distinctive,1,1,0
both_unprecedented,1,1,0
sufficiently_distant,1,1,0
sufficiently_disruptive,1,1,0
sufficiently_dishonest,1,1,0
sufficiently_direct,1,1,0
sufficiently_enlightened,1,1,0
both_unknown,1,1,0
sufficiently_evil,1,1,0
both_unhealthy,1,1,0
sufficiently_full,1,1,0
sufficiently_fresh,1,1,0
both_unhappy,1,1,0
sufficiently_fit,1,1,0
sufficiently_fantastical,1,1,0
sufficiently_famous,1,0,1
sufficiently_familiar,1,0,1
sufficiently_extensive,1,1,0
sufficiently_evocative,1,1,0
sufficiently_explicit,1,1,0
sufficiently_expert,1,1,0
sufficiently_experimental,1,1,0
sufficiently_experienced,1,0,1
sufficiently_exhausted,1,1,0
sufficiently_excited,1,1,0
sufficiently_exact,1,1,0
sufficiently_diligent,1,1,0
both_unprofitable,1,1,0
sufficiently_conscious,1,1,0
both_unreal,1,1,0
sufficiently_current,1,1,0
both_unsustainable,1,1,0
sufficiently_culpable,1,1,0
sufficiently_cruel,1,0,1
sufficiently_crowded,1,1,0
both_untested,1,1,0
sufficiently_credible,1,1,0
sufficiently_cowardly,1,1,0
sufficiently_cost-effective,1,1,0
sufficiently_cosmetic,1,1,0
sufficiently_corrupt,1,1,0
both_unwanted,1,1,0
both_user-friendly,1,1,0
sufficiently_conversant,1,1,0
sufficiently_conventional,1,0,1
sufficiently_considerate,1,1,0
both_vacant,1,1,0
sufficiently_cynical,1,1,0
sufficiently_damning,1,1,0
sufficiently_dangerous,1,1,0
sufficiently_delusional,1,1,0
sufficiently_determined,1,0,1
both_unrealistic,1,1,0
sufficiently_destructive,1,1,0
sufficiently_deranged,1,1,0
sufficiently_deplorable,1,1,0
sufficiently_dependent,1,1,0
sufficiently_democratic,1,1,0
sufficiently_delicate,1,0,1
sufficiently_dark,1,1,0
sufficiently_delectable,1,0,1
sufficiently_definitive,1,1,0
sufficiently_deficient,1,1,0
sufficiently_defective,1,1,0
sufficiently_defamatory,1,1,0
both_unsettling,1,1,0
sufficiently_dedicated,1,0,1
super_obsessive,1,1,0
super_offensive,1,1,0
bit_rich,1,1,0
surprisingly_amazing,1,1,0
surprisingly_balanced,1,1,0
blatantly_aware,1,1,0
surprisingly_average,1,1,0
blatantly_bad,1,1,0
surprisingly_attentive,1,1,0
surprisingly_attainable,1,1,0
blatantly_bothersome,1,0,1
surprisingly_athletic,1,1,0
surprisingly_artistic,1,1,0
blatantly_callous,1,1,0
surprisingly_artful,1,1,0
blatantly_cheery,1,0,1
surprisingly_approachable,1,1,0
surprisingly_appealing,1,1,0
surprisingly_anemic,1,1,0
surprisingly_amusing,1,1,0
surprisingly_amiable,1,0,1
blatantly_artistic,1,1,0
surprisingly_beefy,1,1,0
recently_better,1,1,0
surprisingly_blind,1,1,0
surprisingly_brisk,1,1,0
surprisingly_brilliant,1,1,0
blatantly_aggressive,1,1,0
blatantly_alive,1,0,1
blatantly_altruistic,1,0,1
blatantly_amiss,1,0,1
surprisingly_blunt,1,1,0
surprisingly_bleak,1,1,0
blatantly_arrogant,1,1,0
blatantly_anti-american,1,1,0
surprisingly_blase,1,1,0
surprisingly_bland,1,1,0
surprisingly_bizarre,1,0,1
blatantly_anti-israel,1,1,0
surprisingly_bereft,1,1,0
blatantly_apparent,1,1,0
blatantly_comical,1,0,1
surprisingly_alive,1,0,1
blandly_unlikable,1,1,0
surprisingly_aggressive,1,1,0
surely_unworthy,1,0,1
surely_untrue,1,1,0
surely_unrealistic,1,1,0
surely_unproductive,1,1,0
surely_unprecedented,1,1,0
surely_unique,1,0,1
surely_unintended,1,1,0
surely_unheard,1,0,1
surely_unexpected,1,0,1
surely_uncertain,1,1,0
blatantly_cynical,1,0,1
surely_traceable,1,1,0
surely_tired,1,1,0
surely_symptomatic,1,1,0
surely_supernatural,1,0,1
blatantly_deceptive,1,1,0
surely_skeptical,1,1,0
surely_useful,1,1,0
surely_useless,1,1,0
blatantly_cruel,1,0,1
surprisingly_abstract,1,1,0
blatantly_condescending,1,0,1
surprisingly_affable,1,0,1
surprisingly_adorable,1,1,0
surprisingly_adept,1,1,0
surprisingly_addictive,1,1,0
blatantly_confused,1,1,0
surprisingly_accommodating,1,1,0
blatantly_creepy,1,1,0
surely_wise,1,1,0
surprisingly_able,1,1,0
surely_yellow,1,1,0
blatantly_criminal,1,0,1
surely_worthy,1,1,0
blatantly_critical,1,1,0
surely_worried,1,1,0
surely_wiser,1,1,0
blatantly_adversarial,1,1,0
blandly_reassuring,1,0,1
surely_significant,1,1,0
surprisingly_conspicuous,1,1,0
surprisingly_dead,1,1,0
surprisingly_darker,1,1,0
surprisingly_daring,1,0,1
surprisingly_danceable,1,1,0
surprisingly_cursory,1,1,0
surprisingly_current,1,1,0
surprisingly_crude,1,1,0
surprisingly_crowded,1,1,0
bizarrely_supportive,1,1,0
surprisingly_crisp,1,1,0
bizarrely_surreal,1,1,0
bizarrely_suspicious,1,1,0
bizarrely_unflattering,1,1,0
surprisingly_counterintuitive,1,1,0
surprisingly_counter-intuitive,1,1,0
bizarrely_visionary,1,1,0
bizarrely_vitriolic,1,1,0
surprisingly_decadent,1,1,0
bizarrely_serene,1,0,1
bizarrely_self-destructive,1,0,1
bizarrely_petty,1,1,0
bizarrely_nationalistic,1,1,0
bizarrely_nonsensical,1,0,1
bizarrely_oblivious,1,1,0
bizarrely_outspoken,1,1,0
bizarrely_overdone,1,1,0
surprisingly_discreet,1,1,0
bizarrely_patronizing,1,1,0
bizarrely_real,1,1,0
surprisingly_defective,1,1,0
bizarrely_reckless,1,0,1
surprisingly_devout,1,1,0
bizarrely_relevant,1,1,0
surprisingly_desirable,1,1,0
surprisingly_dense,1,1,0
bizarrely_rigid,1,1,0
bizarrely_romantic,1,0,1
surprisingly_conventional,1,1,0
bizarrely_watchable,1,1,0
blandly_practical,1,1,0
surprisingly_confident,1,1,0
blandly_inappropriate,1,1,0
blandly_indifferent,1,1,0
blandly_industrial,1,1,0
surprisingly_classic,1,0,1
surprisingly_civilized,1,0,1
surprisingly_cinematic,1,0,1
surprisingly_chill,1,1,0
surprisingly_cheesy,1,1,0
blandly_likable,1,1,0
surprisingly_chatty,1,1,0
blandly_likeable,1,1,0
blandly_nice,1,0,1
surprisingly_cathartic,1,0,1
surprisingly_catchy,1,1,0
blandly_patriotic,1,1,0
surprisingly_carefree,1,1,0
surprisingly_captivating,1,1,0
surprisingly_clumsy,1,1,0
surprisingly_clunky,1,1,0
surprisingly_cohesive,1,1,0
blandly_amusing,1,0,1
surprisingly_concrete,1,1,0
surprisingly_concerned,1,1,0
surprisingly_complimentary,1,1,0
surprisingly_complicated,1,1,0
blandly_acceptable,1,0,1
surprisingly_complete,1,1,0
blandly_affable,1,1,0
blandly_approachable,1,0,1
blandly_familiar,1,1,0
surprisingly_comparable,1,1,0
blandly_attractive,1,1,0
surprisingly_comical,1,1,0
blandly_boring,1,1,0
surprisingly_comforting,1,1,0
blandly_controversial,1,0,1
surprisingly_colourful,1,1,0
surely_similar,1,1,0
surely_sick,1,1,0
surprisingly_dull,1,0,1
supremely_sweet,1,1,0
sure_crucial,1,1,0
blatantly_full,1,1,0
supremely_worthwhile,1,0,1
blatantly_funny,1,1,0
supremely_wasteful,1,1,0
blatantly_good,1,0,1
supremely_useful,1,0,1
supremely_upset,1,1,0
blatantly_goofy,1,1,0
supremely_unpopular,1,1,0
supremely_unique,1,0,1
supremely_unimportant,1,0,1
blatantly_gross,1,1,0
supremely_uncomfortable,1,1,0
supremely_uncanny,1,1,0
supremely_tasty,1,0,1
supremely_tasteful,1,1,0
sure_entertaining,1,1,0
blatantly_flawed,1,1,0
blatantly_fantastical,1,1,0
blatantly_extreme,1,0,1
blatantly_explicit,1,1,0
blatantly_exploitative,1,1,0
surely_appropriate,1,1,0
surely_apocryphal,1,1,0
surely_annoying,1,1,0
surely_annoyed,1,1,0
surely_angry,1,1,0
surely_aesthetic,1,1,0
sure_necessary,1,1,0
surely_accurate,1,1,0
blatantly_fanciful,1,1,0
sure_safer,1,1,0
sure_responsible,1,1,0
sure_reminiscent,1,1,0
sure_proud,1,1,0
sure_obnoxious,1,1,0
blatantly_harmful,1,0,1
supremely_suspicious,1,1,0
surely_bogus,1,1,0
supremely_suspenseful,1,1,0
supremely_rewarding,1,1,0
supremely_relaxed,1,1,0
supremely_reasonable,1,1,0
blatantly_ideological,1,1,0
supremely_public,1,1,0
blatantly_illogical,1,1,0
supremely_professional,1,1,0
supremely_positive,1,1,0
supremely_popular,1,1,0
supremely_political,1,1,0
supremely_polite,1,1,0
supremely_physical,1,1,0
blatantly_impossible,1,1,0
blatantly_improper,1,1,0
supremely_odious,1,0,1
supremely_obnoxious,1,1,0
supremely_natural,1,1,0
supremely_ridiculous,1,1,0
supremely_sad,1,0,1
blatantly_hypocritical,1,1,0
blatantly_horrific,1,1,0
supremely_successful,1,1,0
blatantly_hateful,1,1,0
blatantly_homophobic,1,1,0
supremely_stubborn,1,1,0
supremely_strong,1,1,0
supremely_stressful,1,1,0
supremely_spectacular,1,1,0
blatantly_hurtful,1,1,0
blatantly_hyperbolic,1,0,1
supremely_smart,1,1,0
supremely_slim,1,1,0
supremely_skilled,1,1,0
supremely_skeptical,1,1,0
supremely_sinister,1,0,1
supremely_silly,1,1,0
supremely_selfish,1,1,0
surely_better,1,1,0
surely_breathtaking,1,0,1
surely_shocked,1,1,0
surely_humble,1,0,1
surely_new,1,1,0
blatantly_early,1,1,0
surely_mistaken,1,1,0
blatantly_eclectic,1,1,0
surely_likely,1,1,0
surely_legit,1,1,0
blatantly_emotional,1,0,1
surely_justifiable,1,1,0
surely_intolerable,1,0,1
surely_interesting,1,1,0
surely_intentional,1,1,0
surely_insane,1,1,0
blatantly_enough,1,1,0
surely_indefensible,1,1,0
surely_important,1,0,1
surely_imminent,1,1,0
surely_illegal,1,0,1
surely_objectionable,1,1,0
blatantly_drunk,1,1,0
surely_open,1,1,0
surely_qualified,1,1,0
surely_scary,1,1,0
surely_ruthless,1,1,0
blatantly_defiant,1,1,0
blatantly_demeaning,1,0,1
surely_repulsive,1,0,1
surely_related,1,1,0
surely_real,1,1,0
surely_present,1,1,0
surely_peculiar,1,1,0
surely_preposterous,1,1,0
surely_preferable,1,1,0
surely_practical,1,1,0
blatantly_destructive,1,1,0
surely_political,1,1,0
surely_pleased,1,1,0
blatantly_discouraging,1,1,0
surely_hungry,1,1,0
surely_human,1,1,0
blatantly_experimental,1,1,0
surely_helpful,1,1,0
surely_due,1,1,0
surely_dubious,1,1,0
surely_doomed,1,1,0
surely_disruptive,1,1,0
surely_disappointed,1,1,0
surely_difficult,1,0,1
surely_depressing,1,1,0
blatantly_expedient,1,1,0
surely_dead,1,1,0
surely_cyclical,1,1,0
surely_critical,1,1,0
surely_correct,1,1,0
surely_cool,1,1,0
surely_controversial,1,1,0
surely_confused,1,1,0
surely_circumstantial,1,1,0
surely_cause,1,1,0
surely_eager,1,1,0
surely_easier,1,1,0
surely_eligible,1,1,0
surely_genetic,1,1,0
blatantly_erotic,1,1,0
surely_hapless,1,1,0
surely_great,1,1,0
surely_grateful,1,1,0
surely_good,1,1,0
surely_glad,1,1,0
surely_genuine,1,1,0
surely_faulty,1,1,0
surely_equal,1,1,0
surely_fascinating,1,1,0
blatantly_evident,1,1,0
surely_extreme,1,1,0
surely_extraordinary,1,1,0
surely_expendable,1,1,0
blatantly_excessive,1,1,0
surely_evil,1,1,0
surprisingly_dry,1,1,0
bizarrely_mundane,1,1,0
supremely_modern,1,1,0
surprisingly_pleased,1,1,0
surprisingly_profound,1,1,0
surprisingly_professional,1,1,0
bitingly_relevant,1,1,0
surprisingly_prodigious,1,1,0
surprisingly_pricey,1,1,0
bitingly_sad,1,1,0
bitingly_sarcastic,1,1,0
bitingly_sharp,1,1,0
bitingly_suspenseful,1,1,0
surprisingly_potent,1,1,0
bitingly_tense,1,1,0
surprisingly_popular,1,1,0
bitingly_true,1,1,0
surprisingly_polite,1,1,0
surprisingly_pointless,1,1,0
bitingly_vital,1,1,0
surprisingly_pleasurable,1,1,0
bitingly_painful,1,1,0
bitingly_incisive,1,1,0
bitingly_humorous,1,1,0
surprisingly_recognizable,1,1,0
bit_unwieldy,1,1,0
surprisingly_reluctant,1,1,0
bit_vague,1,1,0
surprisingly_relaxing,1,1,0
surprisingly_relaxed,1,1,0
surprisingly_related,1,1,0
bit_wet,1,1,0
bit_young,1,1,0
bitingly_direct,1,1,0
surprisingly_rebellious,1,0,1
bitingly_acidic,1,1,0
bitingly_charming,1,1,0
surprisingly_racy,1,1,0
surprisingly_racist,1,0,1
surprisingly_quirky,1,1,0
bitingly_cynical,1,1,0
surprisingly_pleasing,1,1,0
bitterly_acerbic,1,1,0
bit_unstable,1,1,0
bitterly_adversarial,1,1,0
surprisingly_onerous,1,1,0
surprisingly_ominous,1,0,1
bitterly_brutal,1,1,0
bitterly_close,1,1,0
surprisingly_odd,1,1,0
surprisingly_oblivious,1,1,0
bitterly_comic,1,0,1
surprisingly_nutritious,1,1,0
surprisingly_normal,1,1,0
surprisingly_noble,1,0,1
surprisingly_nifty,1,0,1
bitterly_competitive,1,1,0
bitterly_controversial,1,1,0
bitterly_cruel,1,1,0
surprisingly_negligible,1,1,0
surprisingly_negative,1,1,0
surprisingly_neat,1,1,0
bitterly_bitter,1,1,0
surprisingly_optimistic,1,1,0
surprisingly_orderly,1,1,0
surprisingly_peaceful,1,1,0
surprisingly_pigmented,1,1,0
surprisingly_philosophical,1,1,0
surprisingly_petite,1,1,0
surprisingly_persuasive,1,1,0
bitterly_afraid,1,1,0
surprisingly_pedestrian,1,1,0
surprisingly_peculiar,1,1,0
surprisingly_pastoral,1,1,0
bitterly_appropriate,1,1,0
bitterly_amusing,1,0,1
surprisingly_paltry,1,1,0
surprisingly_pale,1,1,0
surprisingly_palatable,1,0,1
surprisingly_outdated,1,1,0
bitterly_antagonistic,1,1,0
surprisingly_organic,1,0,1
surprisingly_resistant,1,1,0
surprisingly_resourceful,1,1,0
surprisingly_naturalistic,1,1,0
surprisingly_specific,1,1,0
bit_shocked,1,1,0
surprisingly_surreal,1,1,0
bit_shy,1,1,0
surprisingly_supple,1,1,0
surprisingly_superior,1,1,0
surprisingly_sufficient,1,1,0
bit_similar,1,0,1
surprisingly_subversive,1,1,0
bit_sketchy,1,1,0
surprisingly_stylish,1,1,0
surprisingly_sturdy,1,1,0
bit_sleazy,1,0,1
bit_sloppy,1,1,0
bit_small,1,1,0
surprisingly_stable,1,1,0
surprisingly_spot-on,1,1,0
surprisingly_spontaneous,1,1,0
surprisingly_symbolic,1,1,0
surprisingly_sympathetic,1,1,0
surprisingly_talented,1,1,0
surprisingly_thrilling,1,0,1
surprisingly_unaffected,1,1,0
surprisingly_trite,1,1,0
bit_sacred,1,0,1
surprisingly_transcendent,1,0,1
surprisingly_traditional,1,1,0
bit_sad,1,1,0
surprisingly_tiny,1,1,0
bit_sensitive,1,1,0
surprisingly_tasteful,1,1,0
surprisingly_thin,1,1,0
surprisingly_terrible,1,1,0
surprisingly_tepid,1,1,0
surprisingly_tentative,1,1,0
surprisingly_technical,1,1,0
surprisingly_taut,1,1,0
bit_sharp,1,0,1
surprisingly_spicy,1,0,1
surprisingly_spacious,1,1,0
surprisingly_reticent,1,1,0
bit_staid,1,1,0
surprisingly_sentimental,1,1,0
surprisingly_sensuous,1,1,0
bit_unfortunate,1,1,0
surprisingly_sensible,1,1,0
surprisingly_selfless,1,1,0
surprisingly_sedate,1,1,0
surprisingly_scenic,1,1,0
surprisingly_scared,1,1,0
surprisingly_savvy,1,1,0
bit_unhealthy,1,0,1
surprisingly_satisfactory,1,1,0
bit_unique,1,0,1
surprisingly_rude,1,1,0
surprisingly_romantic,1,1,0
surprisingly_robust,1,1,0
surprisingly_right,1,1,0
surprisingly_rewarding,1,1,0
surprisingly_serene,1,1,0
surprisingly_sexual,1,1,0
bit_uneven,1,1,0
surprisingly_sketchy,1,1,0
bit_stressful,1,1,0
surprisingly_solid,1,1,0
surprisingly_soft-spoken,1,1,0
surprisingly_soft,1,1,0
bit_technical,1,1,0
bit_tenuous,1,1,0
bit_timid,1,1,0
bit_tired,1,1,0
surprisingly_shallow,1,1,0
bit_tough,1,1,0
bit_troublesome,1,1,0
surprisingly_significant,1,1,0
surprisingly_shy,1,1,0
bit_twisted,1,0,1
bit_unbalanced,1,0,1
bit_uncomfortable,1,1,0
surprisingly_naughty,1,1,0
surprisingly_natural,1,1,0
bizarrely_miscast,1,1,0
surprisingly_flattering,1,1,0
surprisingly_grandiose,1,0,1
surprisingly_graceful,1,1,0
surprisingly_gentle,1,1,0
bizarrely_complicated,1,1,0
surprisingly_fuzzy,1,1,0
bizarrely_compulsive,1,0,1
surprisingly_funky,1,1,0
bizarrely_dangerous,1,0,1
surprisingly_full,1,1,0
bizarrely_endearing,1,0,1
surprisingly_free,1,1,0
bizarrely_enjoyable,1,1,0
surprisingly_forthcoming,1,1,0
surprisingly_forgiving,1,1,0
surprisingly_flexible,1,1,0
surprisingly_fleeting,1,1,0
surprisingly_flavourful,1,1,0
surprisingly_graphic,1,1,0
bizarrely_coincidental,1,0,1
bizarrely_chaotic,1,1,0
bizarrely_beautiful,1,1,0
surprisingly_hospitable,1,1,0
bizarrely_angry,1,1,0
surprisingly_hilarious,1,0,1
surprisingly_high-quality,1,1,0
bizarrely_arbitrary,1,1,0
surprisingly_helpful,1,1,0
bizarrely_awesome,1,1,0
surprisingly_heartbreaking,1,0,1
surprisingly_grey,1,1,0
bizarrely_british,1,0,1
surprisingly_hawkish,1,1,0
bizarrely_candid,1,1,0
surprisingly_hardy,1,1,0
bizarrely_capricious,1,1,0
bizarrely_cavalier,1,1,0
surprisingly_grim,1,1,0
surprisingly_flavorful,1,1,0
surprisingly_fitting,1,0,1
surprisingly_hot,1,1,0
surprisingly_fine,1,1,0
surprisingly_enormous,1,1,0
bizarrely_inspiring,1,1,0
surprisingly_engrossing,1,0,1
surprisingly_engaging,1,1,0
surprisingly_energetic,1,1,0
surprisingly_enduring,1,0,1
surprisingly_empathetic,1,1,0
surprisingly_emotional,1,1,0
bizarrely_interesting,1,1,0
surprisingly_elegant,1,1,0
bizarrely_irrelevant,1,1,0
surprisingly_efficient,1,1,0
bizarrely_low,1,1,0
surprisingly_educated,1,0,1
surprisingly_edible,1,0,1
surprisingly_eclectic,1,1,0
surprisingly_easygoing,1,1,0
bizarrely_innocuous,1,0,1
surprisingly_enthusiastic,1,1,0
surprisingly_enticing,1,1,0
bizarrely_extremist,1,1,0
surprisingly_fiery,1,1,0
surprisingly_fierce,1,1,0
bizarrely_entertaining,1,1,0
surprisingly_feminine,1,1,0
surprisingly_feasible,1,1,0
surprisingly_favourable,1,1,0
surprisingly_fast,1,1,0
surprisingly_eye-opening,1,1,0
bizarrely_hilarious,1,1,0
surprisingly_eye-catching,1,1,0
surprisingly_extensive,1,1,0
bizarrely_flamboyant,1,0,1
bizarrely_fortunate,1,1,0
bizarrely_frenetic,1,1,0
bizarrely_fun,1,1,0
bizarrely_hard,1,1,0
surprisingly_hostile,1,1,0
bizarrely_amusing,1,1,0
surprisingly_nationalist,1,1,0
surprisingly_joyous,1,1,0
surprisingly_lucrative,1,1,0
surprisingly_lucid,1,1,0
bitterly_observant,1,1,0
surprisingly_long-lived,1,1,0
surprisingly_long-lasting,1,1,0
bitterly_personal,1,1,0
surprisingly_literal,1,1,0
bitterly_pessimistic,1,1,0
surprisingly_lenient,1,1,0
surprisingly_lengthy,1,1,0
surprisingly_lax,1,1,0
bitterly_reactionary,1,1,0
bitterly_real,1,0,1
surprisingly_lackluster,1,1,0
surprisingly_kinky,1,1,0
surprisingly_kind,1,1,0
surprisingly_juvenile,1,1,0
surprisingly_lyrical,1,1,0
surprisingly_magnificent,1,0,1
surprisingly_major,1,1,0
bitterly_divisive,1,1,0
surprisingly_nasty,1,1,0
surprisingly_narrow,1,1,0
surprisingly_musical,1,1,0
surprisingly_mushy,1,1,0
bitterly_cynical,1,1,0
surprisingly_moving,1,1,0
bitterly_disappointing,1,1,0
surprisingly_moderate,1,1,0
bitterly_irreverent,1,0,1
bitterly_entertaining,1,1,0
surprisingly_memorable,1,0,1
bitterly_familiar,1,1,0
surprisingly_mellow,1,1,0
bitterly_hilarious,1,0,1
surprisingly_meaningful,1,0,1
bitterly_indignant,1,1,0
surprisingly_judgmental,1,1,0
surprisingly_joyful,1,1,0
surprisingly_human-like,1,1,0
surprisingly_jealous,1,1,0
bitterly_sweet,1,1,0
surprisingly_incapable,1,1,0
surprisingly_inaccurate,1,1,0
surprisingly_impressive,1,1,0
surprisingly_impressed,1,1,0
bitterly_vocal,1,1,0
surprisingly_immune,1,1,0
bizarrely_absent,1,1,0
surprisingly_immature,1,1,0
surprisingly_illuminating,1,1,0
surprisingly_ill-equipped,1,1,0
surprisingly_ill,1,1,0
bizarrely_abstract,1,1,0
surprisingly_idyllic,1,1,0
surprisingly_identical,1,1,0
bizarrely_addictive,1,0,1
surprisingly_humane,1,1,0
surprisingly_incomplete,1,1,0
surprisingly_indirect,1,1,0
surprisingly_individual,1,0,1
surprisingly_intelligent,1,1,0
surprisingly_irresponsible,1,1,0
surprisingly_irregular,1,1,0
surprisingly_invisible,1,1,0
surprisingly_invigorating,1,0,1
surprisingly_intriguing,1,0,1
bitterly_refreshing,1,0,1
surprisingly_interested,1,1,0
surprisingly_intellectual,1,1,0
surprisingly_indulgent,1,1,0
surprisingly_instinctive,1,1,0
bitterly_sarcastic,1,1,0
surprisingly_informative,1,1,0
surprisingly_influential,1,1,0
bitterly_sharp,1,1,0
surprisingly_inefficient,1,1,0
surprisingly_ineffective,1,1,0
supremely_naive,1,0,1
supremely_miffed,1,1,0
super_official,1,1,0
blissfully_cheap,1,1,0
blindly_irresponsible,1,1,0
blindly_jealous,1,1,0
blindly_naive,1,1,0
blindly_obvious,1,0,1
super_stuck,1,1,0
blindly_offensive,1,1,0
blindly_pragmatic,1,1,0
super_stretchy,1,1,0
blindly_subservient,1,1,0
super_streamlined,1,1,0
super_strategic,1,1,0
blissfully_acrobatic,1,0,1
blissfully_air-conditioned,1,1,0
blissfully_automatic,1,1,0
super_stinky,1,0,1
blissfully_bloated,1,0,1
super_sticky,1,1,0
blindly_ideological,1,1,0
blindly_hostile,1,1,0
blindly_fanatical,1,1,0
super_symmetrical,1,0,1
blindly_absent,1,1,0
blindly_angry,1,0,1
super_tasteful,1,1,0
super_tangy,1,1,0
blindly_arrogant,1,1,0
blindly_brilliant,1,1,0
super_tacky,1,1,0
super_symbolic,1,1,0
super_superficial,1,1,0
super_swell,1,1,0
blindly_cruel,1,1,0
super_suspicious,1,1,0
blindly_curious,1,1,0
blindly_devoted,1,1,0
blindly_dogmatic,1,1,0
super_superior,1,0,1
super_stereotypical,1,1,0
blissfully_clear,1,1,0
super_temporary,1,1,0
super_stale,1,1,0
super_snug,1,0,1
blissfully_naughty,1,0,1
super_smug,1,1,0
blissfully_new,1,1,0
blissfully_non-existent,1,1,0
blissfully_nonexistent,1,1,0
super_slutty,1,1,0
super_sloppy,1,1,0
super_slippery,1,1,0
super_slimy,1,1,0
blissfully_optimistic,1,1,0
blissfully_pleasant,1,1,0
super_slender,1,1,0
blissfully_pleasurable,1,0,1
blissfully_psychedelic,1,1,0
blissfully_relaxing,1,1,0
super_skimpy,1,0,1
blissfully_indulgent,1,0,1
super_soggy,1,1,0
blissfully_indifferent,1,1,0
blissfully_ecstatic,1,1,0
blissfully_close,1,1,0
blissfully_confident,1,1,0
blissfully_despondent,1,1,0
blissfully_easy,1,1,0
super_sporadic,1,1,0
super_spooky,1,1,0
super_spontaneous,1,0,1
blissfully_entertaining,1,1,0
blissfully_hypnotic,1,1,0
super_speculative,1,1,0
super_spectacular,1,0,1
blissfully_fresh,1,1,0
blissfully_full,1,1,0
super_southern,1,0,1
blissfully_gentle,1,1,0
blissfully_helpless,1,0,1
super_tedious,1,0,1
blindingly_wealthy,1,1,0
blissfully_right,1,1,0
blindingly_bland,1,0,1
blessedly_peaceful,1,1,0
blessedly_polite,1,1,0
blessedly_reasonable,1,1,0
super_user-friendly,1,1,0
super_urgent,1,1,0
blessedly_tasty,1,1,0
blessedly_unaffected,1,1,0
blessedly_uneventful,1,1,0
super_upfront,1,1,0
blessedly_unique,1,1,0
super_unusual,1,0,1
blindingly_accurate,1,1,0
super_unproductive,1,1,0
super_unpleasant,1,0,1
super_unnerving,1,1,0
super_unlikable,1,1,0
super_uninspired,1,1,0
super_vapid,1,0,1
super_vegan,1,1,0
blessedly_fast,1,1,0
blazingly_original,1,1,0
blazingly_bitter,1,1,0
super_wild,1,1,0
blazingly_clear,1,1,0
super_wicked,1,1,0
blazingly_good,1,0,1
blazingly_humid,1,1,0
blazingly_intelligent,1,1,0
blazingly_outlandish,1,0,1
blessedly_dry,1,1,0
blazingly_stupid,1,1,0
super_watery,1,1,0
blessedly_alone,1,1,0
super_walkable,1,1,0
super_vocal,1,1,0
blessedly_brief,1,1,0
blessedly_cool,1,1,0
blindingly_awful,1,0,1
super_unforeseen,1,1,0
blindingly_sunny,1,1,0
blindingly_brilliant,1,1,0
blindingly_good,1,1,0
blindingly_gorgeous,1,1,0
super_timely,1,1,0
super_tidy,1,1,0
blindingly_intelligent,1,1,0
blindingly_loyal,1,1,0
super_thoughtful,1,1,0
super_thorny,1,0,1
blindingly_magical,1,0,1
blindingly_new,1,0,1
blindingly_original,1,1,0
blindingly_overpowering,1,1,0
blindingly_poor,1,1,0
blindingly_positive,1,0,1
blindingly_quick,1,1,0
super_tentative,1,1,0
blindingly_selfish,1,0,1
super_topical,1,1,0
super_touristy,1,0,1
blindingly_fabulous,1,1,0
blindingly_delicious,1,1,0
super_unexpected,1,1,0
super_uneasy,1,1,0
super_underground,1,1,0
blindingly_brisk,1,1,0
super_unconfirmed,1,1,0
super_unbalanced,1,1,0
super_unattractive,1,1,0
blindingly_delightful,1,1,0
blindingly_exquisite,1,1,0
super_true,1,1,0
super_troubling,1,0,1
super_trivial,1,0,1
blindingly_destructive,1,1,0
blindingly_evident,1,1,0
super_traumatizing,1,1,0
super_tragic,1,1,0
blissfully_ridiculous,1,0,1
super_skeptical,1,1,0
super_wise,1,1,0
borderline_disgraceful,1,1,0
super_profitable,1,1,0
boldly_unpredictable,1,0,1
bone_marrow,1,1,0
super_problematic,1,1,0
super_proactive,1,1,0
super_pro,1,1,0
super_private,1,1,0
borderline_able,1,1,0
borderline_acceptable,1,1,0
super_premium,1,1,0
borderline_adorable,1,1,0
borderline_amazing,1,1,0
borderline_boring,1,1,0
borderline_corrupt,1,0,1
borderline_cute,1,1,0
borderline_dangerous,1,1,0
borderline_depressed,1,1,0
super_progressive,1,1,0
super_prolific,1,1,0
super_promotional,1,0,1
boldly_political,1,1,0
boldly_mad,1,0,1
boldly_minimal,1,1,0
super_rainy,1,1,0
boldly_misogynistic,1,1,0
boldly_naked,1,1,0
boldly_new,1,0,1
super_racist,1,0,1
boldly_provocative,1,1,0
super_proper,1,1,0
super_quality,1,1,0
boldly_psychological,1,1,0
super_pushy,1,1,0
super_purple,1,1,0
super_punctual,1,1,0
boldly_tentative,1,1,0
boldly_transparent,1,1,0
borderline_detrimental,1,1,0
borderline_disgusting,1,1,0
super_ready,1,1,0
borderline_expensive,1,0,1
borderline_offensive,1,1,0
super_painful,1,1,0
borderline_optimistic,1,1,0
super_outlandish,1,0,1
borderline_overwhelming,1,1,0
super_outdated,1,1,0
super_original,1,1,0
super_organized,1,1,0
borderline_psychological,1,0,1
super_orderly,1,1,0
borderline_significant,1,0,1
borderline_threatening,1,1,0
borderline_trivial,1,1,0
super_opaque,1,1,0
super_one-dimensional,1,1,0
borderline_unavailable,1,1,0
super_ok,1,1,0
super_particular,1,1,0
borderline_obsessive,1,1,0
super_patient,1,1,0
borderline_hostile,1,1,0
super_poisonous,1,0,1
super_pleasurable,1,1,0
borderline_exploitative,1,1,0
borderline_hilarious,1,1,0
super_playful,1,1,0
super_plausible,1,1,0
super_pissed,1,1,0
borderline_humorous,1,1,0
super_patriotic,1,1,0
super_photogenic,1,1,0
super_petty,1,1,0
super_perverted,1,0,1
borderline_idiotic,1,1,0
borderline_impossible,1,1,0
borderline_irrational,1,1,0
borderline_moronic,1,1,0
boldly_loving,1,0,1
boldly_larger,1,0,1
super_simplistic,1,1,0
blisteringly_white,1,1,0
blissfully_weird,1,0,1
super_senior,1,1,0
super_selfish,1,1,0
blisteringly_awesome,1,0,1
super_selective,1,1,0
blisteringly_bad,1,1,0
blisteringly_calm,1,1,0
super_seasonal,1,0,1
super_scrumptious,1,1,0
blisteringly_exciting,1,1,0
blisteringly_fast,1,1,0
blisteringly_funny,1,1,0
super_scandalous,1,0,1
super_savvy,1,1,0
blisteringly_honest,1,1,0
blisteringly_interesting,1,0,1
blisteringly_political,1,1,0
super_sentimental,1,1,0
blissfully_unfamiliar,1,0,1
super_severe,1,0,1
blissfully_sick,1,1,0
blissfully_satisfied,1,1,0
blissfully_self-aware,1,1,0
blissfully_self-contained,1,1,0
super_silky,1,1,0
super_silent,1,1,0
super_significant,1,1,0
blissfully_serene,1,1,0
blissfully_solitary,1,0,1
blissfully_uneventful,1,1,0
super_shocked,1,1,0
super_shitty,1,1,0
blissfully_stupid,1,0,1
super_sheer,1,1,0
blissfully_sweet,1,1,0
blissfully_therapeutic,1,0,1
blissfully_unclear,1,1,0
super_sassy,1,1,0
boldly_blue,1,1,0
boldly_interesting,1,1,0
boldly_candid,1,1,0
super_resourceful,1,1,0
super_repetitive,1,1,0
super_remote,1,1,0
super_remarkable,1,1,0
boldly_eye-catching,1,1,0
boldly_feminist,1,1,0
boldly_fresh,1,1,0
boldly_fun,1,1,0
boldly_geometric,1,1,0
boldly_inaccessible,1,0,1
super_regular,1,1,0
super_regional,1,1,0
boldly_individualistic,1,1,0
boldly_infuriating,1,1,0
super_recent,1,1,0
super_rebellious,1,1,0
boldly_innovative,1,1,0
boldly_evocative,1,1,0
super_responsible,1,1,0
boldly_energetic,1,1,0
boldly_contrasting,1,1,0
boldly_challenging,1,1,0
super_runny,1,1,0
boldly_cinematic,1,0,1
boldly_comic,1,1,0
boldly_confrontational,1,1,0
boldly_contemporary,1,0,1
super_robust,1,1,0
super_risky,1,1,0
super_restful,1,1,0
super_ripe,1,1,0
super_ridiculous,1,0,1
boldly_critical,1,1,0
super_rhythmic,1,1,0
boldly_dramatic,1,1,0
super_retro,1,0,1
super_restrictive,1,1,0
blatantly_wicked,1,1,0
blatantly_vulnerable,1,0,1
supremely_melodramatic,1,1,0
blatantly_problematic,1,1,0
supremely_absurd,1,1,0
blatantly_prejudiced,1,1,0
supposedly_wonderful,1,0,1
supposedly_witty,1,0,1
supposedly_wise,1,1,0
blatantly_prejudicial,1,1,0
supposedly_widespread,1,0,1
supposedly_waterproof,1,1,0
blatantly_prescriptive,1,1,0
supposedly_virtuous,1,0,1
supposedly_unnerving,1,1,0
supposedly_unnatural,1,0,1
supposedly_unlikely,1,1,0
supposedly_unique,1,1,0
supposedly_uncontrollable,1,1,0
blatantly_present,1,1,0
supposedly_unaware,1,1,0
supremely_accurate,1,1,0
blatantly_positive,1,1,0
supremely_adequate,1,1,0
supremely_avoidable,1,1,0
supremely_boring,1,1,0
supremely_bland,1,0,1
supremely_benevolent,1,1,0
supremely_beautiful,1,0,1
supremely_bad,1,1,0
blatantly_patriotic,1,1,0
supremely_awake,1,1,0
supremely_attractive,1,1,0
supremely_adroit,1,1,0
supremely_athletic,1,1,0
blatantly_populist,1,1,0
supremely_arousing,1,0,1
supremely_angry,1,1,0
supremely_ambitious,1,0,1
supremely_affecting,1,1,0
supremely_advantageous,1,0,1
supposedly_unable,1,1,0
supposedly_terrified,1,0,1
supremely_callous,1,1,0
supposedly_terrible,1,1,0
supposedly_rare,1,1,0
supposedly_rampant,1,1,0
supposedly_quick,1,1,0
supposedly_qualified,1,1,0
supposedly_proud,1,0,1
supposedly_private,1,1,0
supposedly_pregnant,1,1,0
blatantly_sadistic,1,1,0
supposedly_polite,1,1,0
supposedly_perfect,1,1,0
supposedly_patriotic,1,0,1
supposedly_outraged,1,1,0
supposedly_older,1,0,1
supposedly_okay,1,1,0
supposedly_objective,1,1,0
supposedly_new,1,1,0
supposedly_negative,1,0,1
supposedly_rational,1,1,0
supposedly_real,1,1,0
supposedly_related,1,1,0
supposedly_significant,1,1,0
supposedly_supernatural,1,1,0
supposedly_subject,1,1,0
supposedly_strong,1,1,0
supposedly_stationary,1,0,1
supposedly_solvable,1,1,0
supposedly_smart,1,1,0
supposedly_skilled,1,0,1
supposedly_shocking,1,1,0
supposedly_representative,1,1,0
supposedly_scary,1,1,0
supposedly_savvy,1,1,0
supposedly_satirical,1,1,0
supposedly_safe,1,1,0
supposedly_sacred,1,0,1
supposedly_ruthless,1,1,0
supposedly_repulsive,1,1,0
supremely_bright,1,1,0
supremely_calm,1,1,0
supposedly_momentous,1,0,1
supremely_expressive,1,1,0
supremely_ignorant,1,1,0
supremely_identifiable,1,0,1
supremely_hostile,1,1,0
supremely_homesick,1,1,0
supremely_heroic,1,1,0
supremely_helpful,1,1,0
blatantly_liberal,1,1,0
supremely_gullible,1,1,0
supremely_great,1,0,1
supremely_grateful,1,1,0
supremely_gorgeous,1,1,0
blatantly_loud,1,1,0
supremely_glamorous,1,0,1
supremely_gifted,1,1,0
supremely_funny,1,1,0
supremely_functional,1,1,0
blatantly_malicious,1,1,0
blatantly_libelous,1,1,0
blatantly_intolerant,1,1,0
supremely_incompetent,1,1,0
supremely_keen,1,1,0
supremely_meaningful,1,0,1
supremely_magnetic,1,1,0
supremely_magical,1,0,1
supremely_luxurious,1,1,0
supremely_loving,1,1,0
supremely_listenable,1,1,0
supremely_lazy,1,1,0
supremely_irritating,1,1,0
blatantly_insecure,1,1,0
blatantly_incompatible,1,1,0
supremely_invigorating,1,0,1
blatantly_indigenous,1,1,0
supremely_interested,1,1,0
supremely_intelligent,1,1,0
supremely_intellectual,1,1,0
supremely_insulting,1,0,1
supremely_fantastic,1,0,1
supremely_excited,1,1,0
supremely_calming,1,0,1
supremely_evil,1,1,0
supremely_cruel,1,1,0
blatantly_nostalgic,1,0,1
blatantly_obscene,1,1,0
blatantly_odd,1,0,1
blatantly_one-sided,1,0,1
blatantly_outlandish,1,1,0
supremely_concerned,1,1,0
supremely_complex,1,1,0
supremely_competitive,1,1,0
blatantly_outrageous,1,0,1
blatantly_overdone,1,1,0
supremely_close,1,0,1
blatantly_painful,1,1,0
blatantly_paramount,1,1,0
supremely_clean,1,1,0
supremely_challenging,1,1,0
blatantly_patriarchal,1,1,0
supremely_curious,1,1,0
blatantly_non-existent,1,1,0
supremely_depressed,1,1,0
blatantly_mean-spirited,1,1,0
blatantly_manipulative,1,1,0
supremely_enjoyable,1,1,0
blatantly_mean,1,1,0
supremely_effortless,1,1,0
supremely_efficient,1,1,0
supremely_eerie,1,0,1
supremely_eccentric,1,0,1
supremely_durable,1,1,0
supremely_depressing,1,0,1
supremely_dominant,1,1,0
supremely_distrustful,1,1,0
supremely_distasteful,1,0,1
blatantly_missing,1,0,1
supremely_disappointed,1,1,0
blatantly_naked,1,1,0
supremely_detrimental,1,1,0
supposedly_moral,1,1,0
supposedly_minor,1,1,0
blatantly_vulgar,1,1,0
superbly_sophisticated,1,1,0
superficially_compatible,1,1,0
superficially_commercial,1,1,0
superficially_cheerful,1,1,0
blatantly_unhealthy,1,1,0
superficially_boring,1,1,0
superficially_bohemian,1,1,0
superficially_bizarre,1,1,0
blatantly_unjust,1,1,0
superficially_alike,1,1,0
superbly_vulnerable,1,1,0
superbly_user-friendly,1,1,0
superbly_talented,1,1,0
superbly_symbolic,1,0,1
superbly_supportive,1,1,0
superbly_stupid,1,0,1
superbly_stubborn,1,1,0
superbly_stable,1,1,0
superficially_complete,1,1,0
superficially_conversant,1,1,0
superficially_counterintuitive,1,0,1
superficially_good,1,1,0
blatantly_unaware,1,1,0
superficially_macho,1,1,0
superficially_likeable,1,1,0
superficially_interested,1,1,0
superficially_harsh,1,1,0
superficially_harmful,1,1,0
superficially_happier,1,1,0
superficially_full,1,1,0
superficially_courteous,1,1,0
superficially_finicky,1,1,0
superficially_fascinating,1,1,0
superficially_familiar,1,0,1
superficially_faithful,1,1,0
superficially_fair,1,1,0
superficially_external,1,1,0
blatantly_unfit,1,1,0
superbly_spicy,1,1,0
blatantly_unnecessary,1,1,0
superficially_obvious,1,1,0
superbly_sick,1,1,0
superbly_dangerous,1,1,0
superbly_creepy,1,0,1
superbly_creative,1,1,0
superbly_cool,1,0,1
superbly_complicated,1,1,0
superbly_complex,1,1,0
superbly_clear,1,1,0
superbly_chuffed,1,1,0
superbly_capable,1,1,0
superbly_british,1,1,0
superbly_better,1,1,0
superbly_beautiful,1,1,0
superbly_articulate,1,1,0
superbly_amusing,1,1,0
superbly_alive,1,1,0
blatantly_unworthy,1,0,1
blatantly_visible,1,1,0
superbly_delicious,1,1,0
superbly_detailed,1,1,0
superbly_dignified,1,1,0
superbly_lucid,1,1,0
superbly_sharp,1,1,0
blatantly_unprofessional,1,1,0
superbly_ridiculous,1,0,1
blatantly_unsafe,1,1,0
superbly_overblown,1,1,0
superbly_outrageous,1,1,0
superbly_mindful,1,1,0
superbly_kind,1,1,0
superbly_easy,1,1,0
superbly_ironic,1,1,0
superbly_informative,1,1,0
superbly_generous,1,1,0
superbly_fine,1,1,0
superbly_entertaining,1,1,0
superbly_enjoyable,1,1,0
superbly_effective,1,1,0
superficially_nostalgic,1,1,0
superficially_okay,1,1,0
supposedly_mind-blowing,1,1,0
supposedly_discriminatory,1,1,0
supposedly_illegal,1,0,1
supposedly_higher,1,0,1
supposedly_helpful,1,0,1
blatantly_sexy,1,1,0
supposedly_happy,1,1,0
supposedly_guilty,1,0,1
supposedly_greater,1,0,1
blatantly_shady,1,1,0
supposedly_funny,1,0,1
supposedly_friendly,1,1,0
supposedly_fine,1,1,0
supposedly_fierce,1,1,0
supposedly_elementary,1,1,0
supposedly_easier,1,1,0
supposedly_dumb,1,0,1
supposedly_due,1,1,0
supposedly_divine,1,0,1
supposedly_imaginary,1,0,1
blatantly_sectarian,1,1,0
supposedly_impossible,1,0,1
supposedly_larger,1,0,1
supposedly_mainstream,1,1,0
supposedly_magic,1,1,0
supposedly_lucky,1,1,0
supposedly_lower,1,1,0
supposedly_long,1,1,0
supposedly_legit,1,1,0
supposedly_legal,1,1,0
supposedly_jewish,1,1,0
supposedly_impressive,1,1,0
supposedly_irish,1,1,0
supposedly_involved,1,0,1
blatantly_safe,1,1,0
blatantly_sarcastic,1,1,0
supposedly_intact,1,1,0
supposedly_insignificant,1,1,0
supposedly_independent,1,1,0
supposedly_disposable,1,1,0
supposedly_different,1,1,0
superficially_plausible,1,1,0
blatantly_sinister,1,0,1
supposedly_astute,1,0,1
supposedly_alive,1,0,1
blatantly_transparent,1,1,0
superficially_white,1,1,0
superficially_uplifting,1,1,0
superficially_unsatisfying,1,1,0
superficially_unimportant,1,1,0
superficially_uncomfortable,1,1,0
superficially_sweet,1,1,0
superficially_substantial,1,0,1
blatantly_trivial,1,0,1
superficially_smart,1,1,0
blatantly_true,1,1,0
superficially_sentimental,1,1,0
superficially_sceptical,1,1,0
superficially_religious,1,1,0
superficially_related,1,1,0
supposedly_attractive,1,0,1
blatantly_symbolic,1,1,0
supposedly_backward,1,1,0
supposedly_chinese,1,1,0
supposedly_cute,1,1,0
supposedly_cool,1,1,0
supposedly_conservative,1,1,0
supposedly_concerned,1,0,1
blatantly_spectacular,1,1,0
supposedly_clean,1,1,0
supposedly_classical,1,0,1
supposedly_capable,1,1,0
blatantly_sweet,1,0,1
supposedly_calm,1,1,0
supposedly_brave,1,1,0
supposedly_bloody,1,1,0
blatantly_stereotypical,1,1,0
blatantly_supportive,1,1,0
supposedly_beneficial,1,1,0
supposedly_beautiful,1,1,0
thoroughly_memorable,1,1,0
thoroughly_miserable,1,1,0
thoroughly_misleading,1,1,0
totally_villainous,1,1,0
totally_wholesome,1,0,1
totally_whole,1,1,0
annoyingly_sexy,1,1,0
annoyingly_shrill,1,1,0
annoyingly_simplistic,1,0,1
annoyingly_slow,1,1,0
totally_weightless,1,1,0
annoyingly_small,1,1,0
annoyingly_smart,1,1,0
annoyingly_smug,1,1,0
totally_warm,1,1,0
annoyingly_solid,1,1,0
annoyingly_squishy,1,1,0
totally_vulgar,1,0,1
annoyingly_steep,1,1,0
totally_vital,1,1,0
annoyingly_stingy,1,1,0
totally_wicked,1,0,1
totally_wide,1,1,0
annoyingly_sentimental,1,1,0
annoyingly_reverent,1,1,0
touchingly_close,1,0,1
touchingly_childlike,1,0,1
touchingly_brief,1,1,0
totally_zero,1,1,0
totally_yummy,1,0,1
annoyingly_repetitive,1,1,0
totally_wretched,1,1,0
annoyingly_rhetorical,1,1,0
annoyingly_self-aware,1,1,0
annoyingly_rough,1,1,0
totally_worried,1,1,0
totally_workable,1,1,0
totally_wondrous,1,0,1
annoyingly_sarcastic,1,1,0
totally_witty,1,1,0
totally_wireless,1,1,0
totally_virtuous,1,1,0
totally_vigilant,1,1,0
touchingly_defiant,1,0,1
totally_vibrant,1,0,1
annoyingly_wise,1,1,0
annoyingly_youthful,1,1,0
any_able,1,1,0
any_brighter,1,1,0
any_busier,1,1,0
totally_unused,1,1,0
totally_unusable,1,1,0
any_crazier,1,1,0
totally_untrained,1,1,0
totally_untouched,1,1,0
any_darker,1,1,0
any_dumber,1,1,0
any_fairer,1,1,0
totally_unsustainable,1,1,0
totally_unsurprising,1,1,0
any_fewer,1,1,0
totally_unsung,1,1,0
totally_upfront,1,1,0
totally_upset,1,1,0
totally_urban,1,1,0
totally_variable,1,1,0
totally_viable,1,1,0
totally_vexing,1,1,0
annoyingly_stubborn,1,1,0
annoyingly_stupid,1,1,0
annoyingly_submissive,1,1,0
annoyingly_talented,1,1,0
annoyingly_talkative,1,1,0
totally_vapid,1,1,0
annoyingly_vocal,1,1,0
totally_valuable,1,1,0
annoyingly_temperamental,1,1,0
totally_vague,1,1,0
annoyingly_unclear,1,1,0
totally_utopian,1,0,1
annoyingly_uneven,1,1,0
annoyingly_unreliable,1,1,0
touchingly_considerate,1,1,0
touchingly_disturbing,1,0,1
any_hotter,1,1,0
traditionally_casual,1,0,1
traditionally_expensive,1,1,0
traditionally_exempt,1,1,0
traditionally_evil,1,1,0
traditionally_european,1,1,0
traditionally_enticing,1,1,0
traditionally_english,1,0,1
traditionally_elegant,1,1,0
annoyingly_partisan,1,1,0
traditionally_demonic,1,0,1
traditionally_dark,1,1,0
traditionally_dangerous,1,1,0
traditionally_correct,1,1,0
annoyingly_peaceful,1,0,1
traditionally_complex,1,0,1
traditionally_closer,1,1,0
traditionally_christian,1,1,0
annoyingly_picky,1,1,0
traditionally_familiar,1,1,0
annoyingly_particular,1,1,0
traditionally_forbidden,1,0,1
traditionally_historic,1,0,1
traditionally_irish,1,0,1
traditionally_inspirational,1,1,0
traditionally_innocent,1,1,0
traditionally_inexpensive,1,1,0
traditionally_inept,1,1,0
traditionally_indian,1,1,0
traditionally_important,1,1,0
traditionally_higher,1,0,1
annoyingly_opaque,1,1,0
annoyingly_oily,1,1,0
traditionally_heavy,1,1,0
traditionally_harsh,1,1,0
traditionally_hard,1,1,0
traditionally_good-looking,1,0,1
traditionally_good,1,1,0
traditionally_friendly,1,1,0
traditionally_catholic,1,1,0
annoyingly_populist,1,1,0
annoyingly_religious,1,0,1
traditionally_canadian,1,0,1
annoyingly_prone,1,1,0
touchingly_patriotic,1,0,1
touchingly_pathetic,1,1,0
touchingly_ordinary,1,1,0
annoyingly_protective,1,1,0
annoyingly_punitive,1,1,0
touchingly_mundane,1,1,0
touchingly_lifelike,1,1,0
touchingly_joyful,1,0,1
touchingly_irrelevant,1,1,0
touchingly_ironic,1,1,0
touchingly_humble,1,0,1
touchingly_hopeful,1,0,1
touchingly_good,1,1,0
touchingly_forthright,1,0,1
touchingly_familiar,1,0,1
touchingly_expressive,1,1,0
touchingly_positive,1,1,0
touchingly_quaint,1,0,1
touchingly_reassuring,1,1,0
annoyingly_precious,1,1,0
traditionally_busy,1,1,0
traditionally_beautiful,1,0,1
traditionally_awful,1,1,0
annoyingly_precarious,1,1,0
traditionally_authentic,1,0,1
traditionally_attractive,1,1,0
traditionally_appealing,1,0,1
traditionally_afraid,1,1,0
touchingly_retro,1,0,1
traditionally_able,1,1,0
annoyingly_presumptuous,1,0,1
touchingly_vain,1,1,0
touchingly_transparent,1,1,0
annoyingly_pretentious,1,1,0
touchingly_surreal,1,0,1
touchingly_stunning,1,1,0
any_greater,1,1,0
totally_unstable,1,1,0
traditionally_italian,1,0,1
appallingly_funny,1,1,0
totally_unappreciated,1,1,0
totally_unappealing,1,1,0
totally_unapologetic,1,1,0
appallingly_apathetic,1,1,0
totally_unanimous,1,1,0
totally_unaffordable,1,1,0
totally_unaffiliated,1,1,0
appallingly_appealing,1,0,1
appallingly_atrocious,1,1,0
appallingly_awful,1,1,0
totally_un-american,1,1,0
appallingly_boring,1,1,0
appallingly_easy,1,1,0
totally_tropical,1,1,0
appallingly_effeminate,1,1,0
appallingly_evident,1,1,0
appallingly_fake,1,1,0
appallingly_adrift,1,1,0
anywhere_public,1,1,0
anywhere_okay,1,1,0
totally_uncomfortable,1,1,0
totally_uncontrollable,1,1,0
anyway_silly,1,1,0
anyway_sticky,1,1,0
anyway_suitable,1,1,0
totally_unconfirmed,1,1,0
totally_unconcerned,1,0,1
anyway_unclear,1,1,0
totally_unclear,1,1,0
anywhere_intimate,1,1,0
anyway_uncomfortable,1,1,0
anyway_unhappy,1,1,0
anyway_unusual,1,1,0
anyway_violent,1,1,0
totally_unbearable,1,1,0
anyway_worth,1,1,0
anyway_wrong,1,1,0
totally_trashy,1,1,0
totally_transformative,1,0,1
anyway_relatable,1,1,0
totally_transformational,1,1,0
totally_suspicious,1,1,0
totally_suspect,1,1,0
appallingly_sad,1,0,1
appallingly_selfish,1,1,0
appallingly_sloppy,1,1,0
appallingly_small,1,1,0
appallingly_stupid,1,1,0
totally_supernatural,1,0,1
appallingly_true,1,1,0
totally_superficial,1,1,0
totally_sunni,1,1,0
appallingly_unsafe,1,1,0
totally_sufficient,1,1,0
totally_successful,1,1,0
appallingly_wrong,1,0,1
totally_subordinate,1,1,0
totally_submissive,1,1,0
totally_sustainable,1,1,0
appallingly_racist,1,1,0
appallingly_poor,1,1,0
appallingly_inept,1,1,0
totally_transferable,1,1,0
appallingly_hateful,1,1,0
appallingly_high,1,1,0
appallingly_horrible,1,1,0
totally_thrilling,1,1,0
appallingly_hot,1,1,0
appallingly_hypocritical,1,1,0
totally_terrific,1,0,1
totally_taboo,1,1,0
appallingly_insensitive,1,1,0
totally_tense,1,1,0
appallingly_messy,1,1,0
totally_tasteless,1,1,0
appallingly_painful,1,0,1
totally_tangential,1,1,0
totally_tacky,1,1,0
anyway_right,1,1,0
totally_uncooperative,1,1,0
totally_unsolved,1,1,0
anyway_comparable,1,0,1
anymore_hard,1,0,1
totally_unparalleled,1,0,1
totally_unpalatable,1,1,0
totally_unorthodox,1,0,1
anymore_ready,1,1,0
totally_unobtrusive,1,1,0
anymore_thrilled,1,1,0
anymore_troublesome,1,1,0
anymore_worthwhile,1,1,0
anymore_wrong,1,1,0
totally_unmarked,1,1,0
totally_unlocked,1,0,1
totally_unlikely,1,1,0
totally_unlawful,1,1,0
anyway_appropriate,1,1,0
anyway_available,1,1,0
anyway_bummed,1,1,0
totally_unplayable,1,1,0
anymore_costly,1,1,0
anymore_amusing,1,1,0
totally_unrecognized,1,1,0
totally_unsettling,1,1,0
totally_unselfish,1,1,0
totally_unsatisfying,1,1,0
any_riskier,1,1,0
any_scarier,1,1,0
totally_unremarkable,1,0,1
totally_unreleased,1,1,0
any_sweeter,1,1,0
any_wiser,1,1,0
any_thinner,1,1,0
any_tighter,1,1,0
any_warmer,1,1,0
any_weaker,1,1,0
totally_unprotected,1,1,0
any_wider,1,1,0
totally_unproductive,1,1,0
totally_universal,1,0,1
anyway_condescending,1,1,0
anyway_possible,1,1,0
anyway_contradictory,1,1,0
anyway_inferior,1,1,0
anyway_involved,1,1,0
totally_unexplored,1,1,0
anyway_irrelevant,1,1,0
anyway_less,1,1,0
anyway_murky,1,1,0
totally_unenforceable,1,1,0
totally_uneducated,1,1,0
totally_undeveloped,1,1,0
totally_undetected,1,1,0
totally_undesirable,1,0,1
anyway_offensive,1,1,0
totally_underwhelming,1,0,1
anyway_outlandish,1,1,0
totally_undervalued,1,1,0
anyway_painful,1,1,0
totally_underrated,1,1,0
anyway_indifferent,1,1,0
totally_unfeasible,1,1,0
anyway_incorrect,1,1,0
anyway_detrimental,1,1,0
anyway_corrupt,1,1,0
anyway_cosmic,1,0,1
totally_uninspired,1,1,0
anyway_deleterious,1,1,0
anyway_deranged,1,1,0
totally_unimpressive,1,1,0
totally_unimpressed,1,1,0
anyway_emotional,1,1,0
anyway_inappropriate,1,1,0
totally_unheralded,1,1,0
anyway_english,1,1,0
anyway_experiential,1,1,0
totally_unharmed,1,1,0
anyway_fashionable,1,1,0
anyway_gray,1,1,0
anyway_immortal,1,1,0
traditionally_irrational,1,1,0
traditionally_laudable,1,0,1
apparently_actual,1,1,0
tremendously_boring,1,1,0
tremendously_cruel,1,1,0
tremendously_crucial,1,1,0
tremendously_costly,1,1,0
tremendously_convincing,1,0,1
tremendously_concerned,1,1,0
tremendously_complicated,1,1,0
annoyingly_blunt,1,1,0
tremendously_compelling,1,0,1
tremendously_compassionate,1,1,0
tremendously_committed,1,0,1
tremendously_colorful,1,1,0
tremendously_clever,1,1,0
annoyingly_calm,1,1,0
tremendously_chaotic,1,1,0
tremendously_careless,1,1,0
tremendously_capable,1,1,0
annoyingly_charming,1,1,0
tremendously_cute,1,1,0
tremendously_dark,1,1,0
tremendously_deferential,1,1,0
tremendously_driven,1,1,0
tremendously_embarrassed,1,1,0
tremendously_elegant,1,1,0
annoyingly_appealing,1,0,1
tremendously_efficient,1,1,0
annoyingly_arbitrary,1,1,0
tremendously_earnest,1,1,0
tremendously_eager,1,1,0
tremendously_divisive,1,1,0
tremendously_delicious,1,1,0
tremendously_distracting,1,1,0
annoyingly_audible,1,1,0
annoyingly_aware,1,1,0
tremendously_devastating,1,1,0
tremendously_destructive,1,1,0
annoyingly_bland,1,1,0
tremendously_dependent,1,1,0
tremendously_brilliant,1,0,1
tremendously_bold,1,0,1
tremendously_emotional,1,1,0
tremendously_bittersweet,1,0,1
transparently_temporary,1,1,0
annoyingly_complex,1,1,0
transparently_specious,1,1,0
transparently_sincere,1,1,0
transparently_sick,1,1,0
transparently_shallow,1,1,0
transparently_related,1,1,0
transparently_provocative,1,1,0
transparently_political,1,1,0
transparently_phony,1,1,0
transparently_partisan,1,1,0
annoyingly_complicated,1,1,0
transparently_manipulative,1,1,0
transparently_luminous,1,1,0
transparently_likely,1,0,1
transparently_incorrect,1,1,0
transparently_fraudulent,1,1,0
transparently_unprepared,1,0,1
transparently_untrue,1,1,0
transparently_wrong,1,1,0
annoyingly_commercial,1,1,0
tremendously_big,1,0,1
tremendously_better,1,1,0
annoyingly_cheerful,1,1,0
tremendously_awesome,1,0,1
annoyingly_close,1,1,0
tremendously_artful,1,1,0
tremendously_appreciative,1,1,0
annoyingly_compelling,1,0,1
tremendously_abundant,1,1,0
tremendously_angry,1,1,0
tremendously_amusing,1,0,1
annoyingly_competitive,1,1,0
tremendously_amazing,1,0,1
tremendously_alluring,1,0,1
tremendously_addicting,1,1,0
tremendously_adaptive,1,1,0
tremendously_embarrassing,1,0,1
tremendously_encouraging,1,1,0
transparently_feeble,1,1,0
tremendously_interested,1,1,0
tremendously_natural,1,0,1
tremendously_narcissistic,1,1,0
tremendously_moving,1,1,0
tremendously_meaningful,1,0,1
tremendously_mass,1,1,0
tremendously_lucky,1,1,0
amusingly_vicious,1,1,0
amusingly_weird,1,0,1
tremendously_lonely,1,1,0
amusingly_whimsical,1,1,0
tremendously_large,1,1,0
tremendously_knowledgeable,1,1,0
amusingly_wicked,1,1,0
tremendously_irresponsible,1,1,0
tremendously_ironic,1,0,1
tremendously_involved,1,0,1
tremendously_invigorating,1,0,1
amusingly_unrealistic,1,1,0
tremendously_new,1,0,1
amusingly_trivial,1,1,0
amusingly_specific,1,1,0
tremendously_profound,1,1,0
tremendously_profitable,1,1,0
tremendously_professional,1,1,0
amusingly_shameless,1,1,0
tremendously_potent,1,1,0
amusingly_silly,1,1,0
amusingly_sketchy,1,1,0
tremendously_physical,1,1,0
tremendously_noisy,1,0,1
tremendously_passionate,1,1,0
tremendously_overwrought,1,1,0
tremendously_overwhelming,1,1,0
tremendously_overweight,1,1,0
tremendously_overpriced,1,1,0
tremendously_old,1,1,0
tremendously_offensive,1,1,0
anatomically_abnormal,1,1,0
tremendously_intelligent,1,1,0
annoyingly_angry,1,1,0
tremendously_inspiring,1,1,0
anatomically_related,1,1,0
anatomically_unmatched,1,1,0
annoyingly_abrupt,1,1,0
tremendously_galling,1,0,1
annoyingly_accurate,1,1,0
annoyingly_active,1,1,0
tremendously_frivolous,1,1,0
tremendously_fraught,1,1,0
tremendously_fat,1,1,0
tremendously_fast,1,1,0
tremendously_expensive,1,1,0
annoyingly_adamant,1,1,0
annoyingly_aggressive,1,1,0
tremendously_evocative,1,0,1
tremendously_evil,1,1,0
tremendously_erotic,1,0,1
tremendously_entertaining,1,1,0
anatomically_odd,1,0,1
tremendously_harder,1,1,0
tremendously_harmful,1,1,0
anatomically_improbable,1,1,0
tremendously_inspirational,1,1,0
tremendously_innovative,1,1,0
anatomically_believable,1,1,0
anatomically_challenging,1,1,0
tremendously_inconsistent,1,1,0
anatomically_complicated,1,1,0
anatomically_difficult,1,1,0
anatomically_inaccurate,1,1,0
tremendously_healthy,1,1,0
tremendously_hurtful,1,1,0
tremendously_huge,1,0,1
tremendously_high,1,1,0
anatomically_incorrect,1,1,0
anatomically_larger,1,1,0
tremendously_heavy,1,0,1
tremendously_heartbroken,1,1,0
transparently_fictional,1,1,0
annoyingly_cutesy,1,1,0
traditionally_leftist,1,1,0
traditionally_suspicious,1,0,1
tragically_alive,1,1,0
traditionally_worried,1,0,1
traditionally_wholesome,1,1,0
traditionally_white,1,1,0
traditionally_wary,1,0,1
traditionally_vulnerable,1,1,0
traditionally_unpopular,1,0,1
traditionally_unheard,1,0,1
traditionally_unhappy,1,1,0
traditionally_underserved,1,1,0
traditionally_underrepresented,1,1,0
traditionally_unattractive,1,1,0
traditionally_troublesome,1,0,1
traditionally_tasteful,1,1,0
traditionally_taboo,1,0,1
annoyingly_itchy,1,1,0
traditionally_sweet,1,1,0
tragically_amiss,1,1,0
tragically_analogous,1,0,1
tragically_artificial,1,0,1
tragically_complex,1,1,0
tragically_delicious,1,1,0
tragically_defunct,1,1,0
tragically_debilitating,1,1,0
tragically_deadly,1,1,0
annoyingly_indestructible,1,1,0
tragically_damned,1,1,0
tragically_cynical,1,1,0
tragically_compelling,1,1,0
annoyingly_irreverent,1,1,0
tragically_comical,1,1,0
annoyingly_insane,1,1,0
tragically_clear,1,1,0
tragically_boring,1,1,0
tragically_bleak,1,1,0
tragically_bizarre,1,1,0
annoyingly_insignificant,1,1,0
traditionally_sustainable,1,0,1
traditionally_supportive,1,1,0
tragically_dramatic,1,0,1
traditionally_successful,1,1,0
traditionally_orange,1,1,0
traditionally_oral,1,1,0
traditionally_open,1,1,0
traditionally_observant,1,1,0
traditionally_non-traditional,1,1,0
traditionally_nomadic,1,1,0
traditionally_negative,1,1,0
traditionally_naughty,1,0,1
traditionally_moral,1,0,1
traditionally_modern,1,1,0
traditionally_mobile,1,1,0
annoyingly_oblivious,1,1,0
traditionally_marketable,1,1,0
traditionally_male-dominated,1,1,0
annoyingly_obtrusive,1,1,0
traditionally_low,1,0,1
traditionally_local,1,1,0
traditionally_partisan,1,1,0
traditionally_pleasant,1,1,0
annoyingly_needy,1,1,0
traditionally_sinister,1,0,1
traditionally_subject,1,1,0
traditionally_stylish,1,1,0
annoyingly_juvenile,1,1,0
traditionally_spooky,1,1,0
traditionally_spiritual,1,1,0
traditionally_soft,1,1,0
traditionally_smaller,1,1,0
traditionally_simple,1,0,1
traditionally_predictable,1,0,1
annoyingly_liberal,1,1,0
traditionally_sad,1,1,0
traditionally_respectful,1,1,0
traditionally_republican,1,1,0
annoyingly_moody,1,1,0
traditionally_related,1,1,0
annoyingly_narrow,1,1,0
annoyingly_inconvenient,1,1,0
tragically_easy,1,1,0
transparently_fake,1,1,0
tragically_predictable,1,1,0
tragically_surprised,1,1,0
tragically_successful,1,1,0
tragically_subject,1,1,0
tragically_stupid,1,0,1
tragically_sordid,1,1,0
tragically_small,1,1,0
annoyingly_enigmatic,1,1,0
annoyingly_evident,1,1,0
tragically_similar,1,1,0
annoyingly_expensive,1,1,0
tragically_shocked,1,1,0
tragically_shitty,1,1,0
tragically_sexy,1,0,1
annoyingly_fake,1,1,0
annoyingly_fanciful,1,1,0
tragically_related,1,1,0
tragically_reflective,1,0,1
tragically_true,1,1,0
tragically_ugly,1,1,0
tragically_unavoidable,1,1,0
annoyingly_distinct,1,1,0
transparently_exploitative,1,1,0
transparently_evil,1,1,0
transparently_cunning,1,1,0
transparently_commercial,1,0,1
annoyingly_different,1,1,0
transparently_biased,1,1,0
transparently_beautiful,1,1,0
annoyingly_dumb,1,1,0
tragically_unaware,1,1,0
tragically_visible,1,1,0
tragically_unsuccessful,1,1,0
tragically_unrealistic,1,1,0
tragically_uninformed,1,1,0
tragically_unfunny,1,1,0
tragically_unfamiliar,1,1,0
tragically_unfair,1,1,0
tragically_real,1,1,0
annoyingly_frigid,1,1,0
tragically_enough,1,1,0
tragically_perilous,1,1,0
tragically_imprecise,1,1,0
tragically_illegal,1,1,0
tragically_ignorant,1,1,0
tragically_hilarious,1,1,0
tragically_heterosexual,1,1,0
tragically_heartbreaking,1,1,0
tragically_haunting,1,1,0
tragically_good,1,1,0
tragically_fleeting,1,1,0
annoyingly_hard,1,1,0
tragically_feasible,1,1,0
tragically_fatal,1,1,0
annoyingly_inaccessible,1,1,0
tragically_false,1,1,0
tragically_extant,1,1,0
annoyingly_inconsistent,1,1,0
tragically_erroneous,1,1,0
tragically_inaccurate,1,1,0
tragically_individualistic,1,1,0
annoyingly_grumpy,1,1,0
annoyingly_gimmicky,1,1,0
tragically_outdated,1,1,0
annoyingly_frustrating,1,1,0
tragically_oblivious,1,1,0
tragically_negative,1,1,0
tragically_naive,1,1,0
annoyingly_fuzzy,1,1,0
tragically_misinformed,1,1,0
tragically_miscast,1,1,0
tragically_inevitable,1,1,0
tragically_many,1,1,0
tragically_ludicrous,1,1,0
tragically_literal,1,1,0
tragically_laughable,1,1,0
tragically_joyful,1,0,1
annoyingly_good,1,1,0
tragically_insecure,1,1,0
apparently_accountable,1,1,0
totally_stylish,1,1,0
amusingly_sexual,1,1,0
appealingly_childlike,1,0,1
totally_gruesome,1,0,1
apparently_welcome,1,1,0
totally_grey,1,1,0
apparently_western,1,1,0
apparently_white,1,1,0
totally_gracious,1,1,0
apparently_wicked,1,1,0
totally_goofy,1,1,0
totally_global,1,1,0
totally_glamorous,1,0,1
apparently_worthless,1,0,1
apparently_worthwhile,1,1,0
apparently_young,1,1,0
totally_gentle,1,0,1
totally_generic,1,0,1
totally_geeky,1,0,1
apparently_younger,1,0,1
apparently_weightless,1,1,0
totally_happier,1,1,0
totally_harmful,1,1,0
apparently_upset,1,1,0
totally_hopeless,1,1,0
apparently_unseen,1,1,0
totally_homemade,1,1,0
totally_homegrown,1,1,0
totally_hokey,1,1,0
apparently_unsuitable,1,1,0
apparently_unthinkable,1,0,1
apparently_urgent,1,1,0
apparently_valuable,1,1,0
totally_heinous,1,1,0
totally_heartless,1,1,0
totally_heartfelt,1,1,0
apparently_useless,1,1,0
totally_harsh,1,0,1
totally_harrowing,1,0,1
totally_harmonious,1,1,0
totally_futile,1,1,0
appealingly_cinematic,1,0,1
totally_horrible,1,0,1
appealingly_complex,1,1,0
totally_foolish,1,1,0
totally_foolhardy,1,1,0
appealingly_matte,1,1,0
totally_flustered,1,1,0
totally_fluid,1,1,0
totally_fluent,1,1,0
appealingly_modest,1,1,0
appealingly_naive,1,1,0
totally_flattering,1,1,0
appealingly_nerdy,1,1,0
appealingly_old,1,0,1
appealingly_persuasive,1,0,1
totally_firm,1,1,0
appealingly_poetic,1,1,0
appealingly_primal,1,0,1
appealingly_quixotic,1,0,1
appealingly_reassuring,1,0,1
totally_foolproof,1,1,0
appealingly_loose,1,0,1
appealingly_irreverent,1,0,1
appealingly_hard,1,1,0
appealingly_delicate,1,0,1
appealingly_democratic,1,1,0
totally_frustrating,1,1,0
appealingly_eccentric,1,0,1
appealingly_feral,1,0,1
appealingly_genuine,1,0,1
appealingly_grandiose,1,0,1
totally_french,1,1,0
appealingly_intimate,1,0,1
appealingly_honest,1,0,1
totally_freakin,1,1,0
appealingly_horrific,1,1,0
totally_frank,1,1,0
totally_formative,1,1,0
appealingly_human,1,0,1
totally_forgiving,1,1,0
apparently_unsafe,1,1,0
apparently_unresponsive,1,0,1
totally_fatigued,1,1,0
apparently_submissive,1,1,0
apparently_significant,1,1,0
apparently_silent,1,1,0
apparently_sinister,1,0,1
totally_indistinguishable,1,0,1
totally_indie,1,1,0
apparently_solitary,1,1,0
apparently_sterile,1,1,0
totally_indefensible,1,1,0
totally_indecisive,1,1,0
apparently_straightforward,1,0,1
apparently_strategic,1,1,0
totally_inconvenient,1,0,1
apparently_strong,1,0,1
apparently_stronger,1,1,0
apparently_stupid,1,1,0
totally_inconclusive,1,1,0
totally_inconceivable,1,0,1
apparently_sick,1,1,0
apparently_short,1,0,1
totally_inescapable,1,1,0
totally_innate,1,0,1
apparently_sad,1,1,0
apparently_scarce,1,1,0
totally_inscrutable,1,1,0
totally_inoffensive,1,0,1
apparently_sectarian,1,1,0
apparently_secular,1,1,0
apparently_senseless,1,1,0
totally_inhuman,1,1,0
apparently_shocking,1,0,1
totally_ingenious,1,1,0
apparently_separate,1,1,0
totally_inflexible,1,1,0
totally_inflammatory,1,0,1
totally_infinite,1,1,0
totally_infectious,1,1,0
totally_inexperienced,1,1,0
apparently_subjective,1,1,0
apparently_subordinate,1,1,0
totally_horrified,1,1,0
totally_incoherent,1,0,1
apparently_unconcerned,1,1,0
totally_immobile,1,1,0
totally_immersive,1,1,0
apparently_unconvinced,1,1,0
totally_imaginative,1,1,0
apparently_unforgivable,1,0,1
apparently_unfounded,1,0,1
apparently_unheard,1,0,1
apparently_unimportant,1,1,0
apparently_unintended,1,0,1
apparently_unintentional,1,1,0
totally_idealistic,1,1,0
totally_hypocritical,1,1,0
totally_humbled,1,1,0
apparently_unproductive,1,1,0
apparently_unremarkable,1,0,1
totally_horrifying,1,0,1
apparently_unchecked,1,1,0
apparently_unaccountable,1,1,0
totally_impatient,1,1,0
apparently_tired,1,0,1
apparently_sudden,1,1,0
apparently_superfluous,1,1,0
apparently_superior,1,1,0
apparently_supportive,1,1,0
apparently_symbolic,1,1,0
apparently_terrible,1,0,1
apparently_terrified,1,1,0
apparently_tortured,1,1,0
apparently_ugly,1,1,0
apparently_traditional,1,1,0
apparently_trashy,1,0,1
totally_impotent,1,1,0
apparently_traumatic,1,1,0
apparently_trite,1,1,0
apparently_troubled,1,0,1
totally_impervious,1,0,1
appealingly_refreshing,1,0,1
appealingly_romantic,1,0,1
totally_insincere,1,1,0
totally_desolate,1,0,1
totally_discretionary,1,1,0
totally_discreet,1,1,0
totally_disastrous,1,1,0
totally_disappointing,1,0,1
totally_disappointed,1,1,0
appropriately_dramatic,1,0,1
totally_dirty,1,1,0
totally_dim,1,1,0
appropriately_effective,1,1,0
appropriately_emotional,1,1,0
appropriately_energetic,1,1,0
totally_diabolical,1,0,1
appropriately_english,1,1,0
appropriately_epic,1,1,0
totally_detrimental,1,1,0
appropriately_feminine,1,1,0
appropriately_foreboding,1,1,0
totally_disgraceful,1,0,1
totally_disgruntled,1,1,0
appropriately_dour,1,1,0
appropriately_crowded,1,1,0
totally_diverse,1,0,1
totally_divergent,1,0,1
totally_disturbing,1,0,1
totally_distrustful,1,1,0
appropriately_crazy,1,0,1
totally_distinctive,1,0,1
appropriately_crisp,1,1,0
totally_disproportionate,1,1,0
totally_disheartened,1,1,0
appropriately_cryptic,1,1,0
totally_disparate,1,1,0
appropriately_dark,1,1,0
appropriately_darker,1,0,1
appropriately_different,1,1,0
appropriately_diligent,1,1,0
appropriately_disturbing,1,0,1
totally_despicable,1,0,1
appropriately_formal,1,1,0
appropriately_controlled,1,1,0
appropriately_freaky,1,1,0
appropriately_holy,1,0,1
totally_debatable,1,1,0
appropriately_horrible,1,1,0
totally_deadpan,1,1,0
appropriately_humble,1,0,1
totally_daunting,1,1,0
appropriately_humbling,1,0,1
totally_dangerous,1,0,1
totally_daft,1,1,0
appropriately_impressive,1,0,1
appropriately_indigenous,1,0,1
appropriately_intimidating,1,1,0
totally_customisable,1,1,0
appropriately_intricate,1,1,0
appropriately_involved,1,1,0
totally_curable,1,1,0
totally_cultural,1,1,0
appropriately_heroic,1,0,1
totally_deceitful,1,1,0
totally_defenseless,1,0,1
totally_demeaning,1,0,1
totally_derelict,1,1,0
totally_deranged,1,1,0
appropriately_functional,1,1,0
appropriately_funny,1,1,0
appropriately_gracious,1,0,1
totally_demonic,1,1,0
totally_demented,1,0,1
appropriately_gruesome,1,1,0
totally_defensible,1,1,0
totally_deluded,1,1,0
appropriately_happy,1,1,0
appropriately_healthy,1,1,0
totally_deliberate,1,1,0
appropriately_hellish,1,1,0
totally_defunct,1,1,0
totally_definitive,1,1,0
appropriately_controversial,1,1,0
appropriately_contrite,1,1,0
totally_fashionable,1,1,0
appropriately_angular,1,1,0
appreciably_interesting,1,1,0
totally_exotic,1,0,1
appreciably_larger,1,1,0
totally_exhausting,1,1,0
appreciably_short,1,0,1
appreciably_smaller,1,1,0
appreciably_tougher,1,0,1
appreciably_worse,1,1,0
appropriately_abstract,1,1,0
totally_excessive,1,1,0
appropriately_accountable,1,1,0
totally_exact,1,1,0
appropriately_affluent,1,0,1
appropriately_aggressive,1,1,0
appropriately_amazed,1,1,0
appropriately_analogous,1,0,1
totally_erotic,1,0,1
totally_expensive,1,1,0
totally_exquisite,1,1,0
appreciably_hotter,1,1,0
appealingly_stable,1,0,1
appealingly_seductive,1,0,1
totally_farfetched,1,1,0
appealingly_sentimental,1,0,1
appealingly_simple,1,0,1
totally_fanciful,1,0,1
totally_fanatical,1,1,0
appealingly_sleazy,1,0,1
appealingly_thorny,1,1,0
appreciably_higher,1,1,0
totally_faithful,1,1,0
appreciably_close,1,1,0
appreciably_coherent,1,0,1
totally_facile,1,1,0
appreciably_darker,1,0,1
totally_eye-catching,1,0,1
appreciably_different,1,1,0
totally_erect,1,1,0
appropriately_anxious,1,1,0
appropriately_constructive,1,1,0
appropriately_applicable,1,1,0
appropriately_british,1,0,1
totally_efficient,1,1,0
appropriately_challenging,1,1,0
appropriately_charming,1,1,0
totally_edgy,1,1,0
appropriately_cheerful,1,1,0
totally_easier,1,1,0
appropriately_chilling,1,0,1
totally_dysfunctional,1,1,0
appropriately_circumspect,1,1,0
appropriately_cliche,1,0,1
appropriately_closer,1,1,0
appropriately_cluttered,1,1,0
appropriately_comforting,1,0,1
totally_dreamy,1,1,0
totally_dreadful,1,0,1
totally_down,1,1,0
totally_egotistical,1,0,1
totally_egregious,1,0,1
totally_elated,1,1,0
totally_enamored,1,1,0
totally_enthusiastic,1,1,0
appropriately_awesome,1,1,0
totally_enriching,1,0,1
appropriately_awful,1,1,0
totally_english,1,1,0
totally_engaging,1,1,0
totally_endangered,1,0,1
appropriately_badass,1,0,1
appropriately_black,1,0,1
totally_empowering,1,0,1
totally_emotional,1,1,0
appropriately_biblical,1,0,1
totally_embarrassed,1,1,0
totally_eligible,1,1,0
totally_elementary,1,1,0
totally_electronic,1,1,0
apparently_rotten,1,1,0
totally_insolvent,1,1,0
totally_sturdy,1,1,0
apparently_enthusiastic,1,1,0
apparently_devoid,1,1,0
apparently_dirty,1,1,0
apparently_disadvantaged,1,1,0
apparently_disastrous,1,1,0
apparently_disgusting,1,1,0
apparently_disordered,1,0,1
totally_regular,1,0,1
apparently_disparate,1,1,0
totally_refreshed,1,1,0
apparently_distant,1,1,0
totally_reductive,1,1,0
totally_receptive,1,1,0
totally_rebellious,1,0,1
apparently_distinguished,1,1,0
apparently_dormant,1,1,0
apparently_dry,1,0,1
totally_readable,1,1,0
apparently_despondent,1,1,0
totally_religious,1,1,0
apparently_demonic,1,0,1
totally_retro,1,1,0
totally_risk-free,1,1,0
apparently_counterproductive,1,1,0
apparently_crazy,1,1,0
totally_rich,1,1,0
apparently_critical,1,1,0
apparently_cruel,1,0,1
totally_reversible,1,1,0
totally_restrictive,1,1,0
totally_replaceable,1,1,0
totally_responsive,1,1,0
apparently_decisive,1,0,1
apparently_deliberate,1,1,0
apparently_delicious,1,1,0
totally_repulsive,1,0,1
totally_repugnant,1,1,0
totally_representative,1,1,0
totally_rare,1,1,0
totally_radiant,1,1,0
apparently_correct,1,1,0
apparently_equal,1,1,0
totally_preposterous,1,1,0
apparently_flawed,1,1,0
apparently_flippant,1,1,0
apparently_flirtatious,1,1,0
apparently_fond,1,1,0
totally_potential,1,1,0
apparently_foolhardy,1,1,0
apparently_foolish,1,1,0
totally_posh,1,1,0
apparently_fortuitous,1,1,0
totally_popular,1,1,0
apparently_french,1,1,0
apparently_fresh,1,1,0
totally_polite,1,1,0
totally_polish,1,1,0
apparently_friendly,1,1,0
totally_pleasing,1,1,0
totally_prescient,1,1,0
totally_prescriptive,1,1,0
apparently_fearful,1,1,0
totally_psychological,1,1,0
totally_quotable,1,0,1
apparently_essential,1,1,0
totally_quick,1,1,0
apparently_even,1,0,1
totally_purposeful,1,1,0
apparently_evil,1,1,0
apparently_exceptional,1,0,1
apparently_excited,1,1,0
apparently_false,1,1,0
totally_prosaic,1,0,1
totally_promiscuous,1,1,0
totally_prohibitive,1,1,0
totally_progressive,1,0,1
apparently_exciting,1,0,1
apparently_exotic,1,1,0
totally_pristine,1,1,0
apparently_corrupt,1,1,0
totally_round,1,1,0
apparently_gay,1,1,0
apparently_blameless,1,1,0
apparently_bankrupt,1,1,0
totally_southern,1,0,1
apparently_beneficial,1,0,1
totally_sophisticated,1,0,1
totally_somber,1,1,0
totally_solemn,1,0,1
apparently_better,1,0,1
totally_socialist,1,1,0
totally_sober,1,1,0
totally_snarky,1,0,1
apparently_biased,1,1,0
totally_smitten,1,1,0
totally_slutty,1,0,1
totally_slow,1,0,1
totally_skimpy,1,1,0
totally_sketchy,1,1,0
totally_skeptical,1,1,0
apparently_banal,1,1,0
apparently_baffling,1,0,1
totally_speechless,1,1,0
apparently_apparent,1,0,1
totally_stunning,1,1,0
apparently_airtight,1,1,0
apparently_alien,1,0,1
totally_structured,1,0,1
totally_stressful,1,1,0
apparently_alike,1,1,0
totally_straightforward,1,1,0
apparently_appreciative,1,1,0
totally_spicy,1,1,0
apparently_attributable,1,0,1
totally_stable,1,1,0
apparently_authentic,1,1,0
totally_spot-on,1,1,0
totally_spot,1,1,0
apparently_awesome,1,0,1
apparently_awful,1,1,0
totally_sinister,1,1,0
apparently_blind,1,1,0
totally_rowdy,1,1,0
apparently_bogus,1,0,1
totally_seamless,1,1,0
totally_scholarly,1,1,0
totally_scathing,1,1,0
apparently_complete,1,1,0
apparently_complex,1,1,0
totally_scandalous,1,1,0
apparently_concerned,1,1,0
apparently_contrary,1,0,1
totally_sarcastic,1,1,0
apparently_conventional,1,1,0
totally_saddening,1,0,1
totally_sad,1,1,0
apparently_cool,1,1,0
totally_ruthless,1,1,0
totally_ruinous,1,1,0
totally_rude,1,0,1
apparently_cordial,1,1,0
totally_secondary,1,0,1
totally_secret,1,0,1
apparently_competitive,1,1,0
apparently_clear,1,1,0
apparently_brief,1,1,0
apparently_characteristic,1,1,0
apparently_charming,1,1,0
totally_shit,1,1,0
totally_shiny,1,1,0
totally_sheer,1,1,0
apparently_classic,1,1,0
apparently_clever,1,1,0
apparently_common,1,0,1
totally_sensual,1,1,0
apparently_clueless,1,1,0
apparently_coercive,1,1,0
apparently_coincidental,1,1,0
totally_self-reliant,1,1,0
totally_self-indulgent,1,0,1
totally_sedentary,1,1,0
apparently_futile,1,1,0
totally_pissed,1,1,0
totally_inspirational,1,1,0
totally_live,1,1,0
totally_manipulative,1,1,0
totally_manic,1,1,0
totally_mandatory,1,1,0
apparently_naked,1,1,0
totally_malnourished,1,0,1
totally_malicious,1,1,0
totally_malevolent,1,0,1
apparently_nefarious,1,0,1
totally_magnetic,1,0,1
apparently_negative,1,0,1
apparently_nonsensical,1,1,0
apparently_numb,1,1,0
apparently_nutty,1,1,0
totally_lousy,1,1,0
totally_loud,1,0,1
totally_lopsided,1,0,1
apparently_obscure,1,0,1
totally_manual,1,1,0
totally_masterful,1,0,1
apparently_mundane,1,1,0
totally_mind-boggling,1,1,0
apparently_meaningful,1,0,1
apparently_menial,1,0,1
totally_miraculous,1,0,1
totally_minuscule,1,1,0
apparently_mistaken,1,1,0
apparently_misunderstood,1,1,0
apparently_monotonous,1,0,1
totally_mind-blowing,1,1,0
totally_mature,1,0,1
totally_mental,1,0,1
totally_menacing,1,1,0
totally_melodramatic,1,1,0
totally_melodic,1,1,0
totally_meditative,1,0,1
totally_mediocre,1,1,0
apparently_most,1,1,0
apparently_obsessed,1,1,0
totally_little,1,0,1
apparently_malicious,1,1,0
totally_lighthearted,1,1,0
totally_invalid,1,1,0
totally_intuitive,1,1,0
totally_intriguing,1,0,1
apparently_public,1,1,0
totally_intimidating,1,1,0
totally_international,1,1,0
totally_internal,1,0,1
apparently_rare,1,1,0
apparently_resistant,1,1,0
totally_interdependent,1,1,0
totally_interchangeable,1,1,0
apparently_restless,1,1,0
apparently_ridiculous,1,1,0
totally_insulting,1,1,0
totally_insufficient,1,1,0
totally_instrumental,1,1,0
apparently_rigid,1,1,0
totally_invaluable,1,1,0
totally_invasive,1,1,0
apparently_profound,1,1,0
apparently_paradoxical,1,1,0
totally_lifelike,1,1,0
totally_lethargic,1,1,0
totally_lesbian,1,1,0
apparently_ok,1,1,0
apparently_open,1,1,0
apparently_orderly,1,0,1
apparently_original,1,1,0
totally_jubilant,1,0,1
totally_ironic,1,1,0
totally_islamic,1,1,0
totally_irreversible,1,1,0
apparently_persistent,1,0,1
apparently_personal,1,1,0
apparently_petty,1,0,1
apparently_playful,1,1,0
apparently_pleased,1,1,0
apparently_many,1,0,1
apparently_male,1,1,0
totally_pink,1,1,0
apparently_impersonal,1,1,0
apparently_hesitant,1,1,0
totally_overkill,1,1,0
totally_overcrowded,1,1,0
totally_overcome,1,1,0
totally_overblown,1,1,0
totally_overbearing,1,0,1
totally_outstanding,1,0,1
apparently_homemade,1,1,0
totally_outdated,1,1,0
apparently_homogeneous,1,1,0
apparently_honest,1,1,0
apparently_hopeless,1,1,0
apparently_identical,1,1,0
apparently_idle,1,1,0
totally_optimistic,1,1,0
apparently_illiterate,1,1,0
apparently_immaterial,1,0,1
apparently_harmless,1,1,0
apparently_harmful,1,1,0
totally_pagan,1,1,0
totally_permanent,1,0,1
apparently_generous,1,1,0
totally_philosophical,1,1,0
totally_petty,1,0,1
totally_pessimistic,1,1,0
totally_perverted,1,0,1
totally_perverse,1,0,1
totally_pervasive,1,1,0
totally_peaceful,1,1,0
apparently_hard,1,1,0
totally_patient,1,1,0
apparently_green,1,1,0
apparently_grim,1,1,0
apparently_gross,1,1,0
apparently_guilty,1,1,0
totally_paranoid,1,1,0
totally_parallel,1,1,0
totally_opaque,1,1,0
totally_old-school,1,1,0
totally_moot,1,1,0
totally_old,1,0,1
apparently_kind,1,0,1
totally_neurotic,1,1,0
totally_nervous,1,1,0
totally_nerdy,1,1,0
apparently_legal,1,1,0
apparently_legitimate,1,1,0
apparently_less,1,1,0
totally_naughty,1,0,1
apparently_lethal,1,1,0
apparently_lifeless,1,0,1
apparently_literal,1,1,0
apparently_logical,1,1,0
totally_mysterious,1,0,1
totally_mushy,1,1,0
apparently_mad,1,1,0
totally_mortified,1,1,0
totally_more,1,1,0
apparently_keen,1,1,0
totally_nice,1,1,0
totally_nondescript,1,0,1
apparently_infinite,1,1,0
apparently_inaccurate,1,1,0
apparently_inadequate,1,1,0
totally_offline,1,1,0
apparently_inconclusive,1,1,0
apparently_inconsequential,1,1,0
totally_obsolete,1,1,0
apparently_indignant,1,1,0
apparently_inherent,1,1,0
apparently_irate,1,1,0
totally_nutty,1,1,0
apparently_instrumental,1,1,0
apparently_intent,1,0,1
totally_nostalgic,1,0,1
apparently_intentional,1,1,0
apparently_involved,1,0,1
totally_nonsense,1,1,0
tremendously_prosperous,1,1,0
tremendously_qualified,1,1,0
totally_crispy,1,1,0
truly_protectionist,1,1,0
always_naughty,1,1,0
always_near,1,1,0
always_neat,1,1,0
truly_rampant,1,1,0
always_next,1,1,0
truly_radiant,1,0,1
always_nicer,1,1,0
truly_quirky,1,0,1
truly_quiet,1,1,0
truly_questionable,1,1,0
always_noble,1,1,0
truly_quaint,1,0,1
truly_puzzling,1,1,0
truly_puzzled,1,1,0
always_noteworthy,1,1,0
truly_punitive,1,0,1
truly_public,1,1,0
always_narrow,1,1,0
always_mortal,1,1,0
truly_realistic,1,1,0
always_mexican,1,1,0
truly_reliant,1,1,0
always_meaningless,1,1,0
always_medical,1,0,1
always_medium,1,1,0
always_memorable,1,1,0
truly_relative,1,1,0
always_mental,1,1,0
always_mistaken,1,1,0
truly_reasonable,1,1,0
truly_regional,1,1,0
truly_regal,1,0,1
always_misunderstood,1,1,0
always_mobile,1,1,0
truly_recyclable,1,1,0
truly_recognizable,1,1,0
truly_rebellious,1,0,1
truly_provocative,1,0,1
truly_proprietary,1,0,1
always_lower,1,1,0
always_odd,1,1,0
always_overcooked,1,1,0
always_overpriced,1,1,0
always_overweight,1,1,0
truly_portable,1,0,1
truly_pop,1,0,1
always_overwhelming,1,1,0
always_painful,1,1,0
truly_polish,1,1,0
always_palpable,1,1,0
truly_pleasing,1,0,1
truly_pleased,1,1,0
truly_platonic,1,1,0
truly_pious,1,1,0
truly_pink,1,1,0
always_partial,1,1,0
always_passive,1,1,0
truly_petty,1,0,1
always_overcast,1,1,0
always_other,1,0,1
truly_predictable,1,1,0
truly_pro-life,1,1,0
always_off-putting,1,1,0
always_offended,1,1,0
always_offline,1,1,0
always_old,1,1,0
truly_profane,1,0,1
truly_prodigious,1,0,1
always_operational,1,1,0
truly_pro-israel,1,1,0
truly_pregnant,1,1,0
truly_privileged,1,1,0
truly_principled,1,1,0
always_orderly,1,1,0
truly_prestigious,1,0,1
always_original,1,1,0
truly_prescient,1,1,0
truly_premium,1,0,1
always_lumpy,1,1,0
always_lousy,1,1,0
truly_personalised,1,0,1
truly_senseless,1,1,0
always_infectious,1,1,0
always_influential,1,1,0
always_infuriating,1,1,0
always_inherent,1,1,0
always_innocent,1,1,0
truly_similar,1,1,0
truly_silly,1,1,0
always_innovative,1,1,0
truly_sickening,1,0,1
always_insatiable,1,0,1
always_insecure,1,1,0
truly_shitty,1,0,1
truly_shameless,1,1,0
always_instant,1,1,0
always_insufferable,1,1,0
always_intense,1,1,0
truly_sentimental,1,0,1
always_inexpensive,1,1,0
truly_skilled,1,0,1
truly_skinny,1,1,0
truly_southern,1,0,1
always_inclusive,1,1,0
truly_specious,1,1,0
always_incomplete,1,1,0
truly_specialized,1,0,1
always_incomprehensible,1,1,0
always_incredible,1,1,0
truly_sovereign,1,1,0
always_indigenous,1,1,0
truly_sloppy,1,1,0
truly_solitary,1,1,0
truly_soft,1,1,0
truly_social,1,0,1
truly_smitten,1,1,0
truly_smarter,1,1,0
truly_smart,1,1,0
always_indulgent,1,1,0
truly_sensual,1,0,1
always_intoxicating,1,1,0
truly_respectable,1,0,1
truly_seductive,1,0,1
always_lean,1,1,0
always_legal,1,0,1
truly_saddening,1,0,1
always_legitimate,1,1,0
always_lesser,1,1,0
always_lethal,1,1,0
truly_royal,1,0,1
truly_riveting,1,1,0
always_light,1,1,0
always_like,1,1,0
always_literary,1,1,0
always_lively,1,1,0
truly_revolting,1,0,1
truly_revelatory,1,0,1
truly_reusable,1,0,1
truly_retarded,1,1,0
truly_responsive,1,1,0
truly_safer,1,1,0
always_law-abiding,1,1,0
truly_sassy,1,0,1
truly_scottish,1,0,1
always_intriguing,1,1,0
truly_secular,1,1,0
always_irreplaceable,1,1,0
truly_second,1,1,0
truly_seasonal,1,1,0
always_irresistible,1,1,0
truly_scrappy,1,1,0
truly_scientific,1,1,0
truly_satisfactory,1,1,0
truly_schizophrenic,1,1,0
truly_scathing,1,0,1
always_joyful,1,1,0
truly_scarce,1,0,1
truly_scandalous,1,0,1
truly_scalable,1,0,1
always_larger,1,1,0
always_past,1,1,0
truly_perplexing,1,1,0
always_inactive,1,1,0
always_situational,1,1,0
always_sexual,1,1,0
always_sexy,1,1,0
always_shaky,1,1,0
always_shiny,1,1,0
truly_mediocre,1,0,1
truly_mechanical,1,0,1
truly_meaty,1,0,1
truly_measurable,1,1,0
always_short-lived,1,1,0
truly_meager,1,1,0
truly_mature,1,1,0
truly_mathematical,1,0,1
always_sincere,1,0,1
always_single,1,1,0
always_sinister,1,1,0
truly_manipulative,1,0,1
truly_man-made,1,0,1
truly_messy,1,1,0
truly_microscopic,1,1,0
always_sexist,1,1,0
truly_moral,1,1,0
truly_mystical,1,1,0
always_russian,1,1,0
truly_mournful,1,0,1
always_sacred,1,1,0
truly_motivating,1,1,0
always_satisfying,1,1,0
always_scary,1,1,0
always_secretive,1,1,0
always_sexier,1,1,0
truly_monolithic,1,0,1
always_senseless,1,1,0
truly_moderate,1,1,0
truly_mobile,1,1,0
truly_misinformed,1,1,0
always_sex,1,1,0
truly_minimal,1,1,0
truly_malignant,1,1,0
truly_malevolent,1,0,1
truly_mythical,1,1,0
truly_major,1,0,1
truly_literate,1,0,1
truly_literary,1,0,1
truly_likeable,1,0,1
truly_likable,1,1,0
truly_life-threatening,1,0,1
always_spotless,1,1,0
always_stable,1,1,0
truly_liberal,1,1,0
truly_libelous,1,0,1
truly_lethal,1,0,1
always_stale,1,1,0
always_sticky,1,1,0
truly_leftist,1,1,0
truly_lazy,1,1,0
always_straight,1,1,0
always_strange,1,1,0
truly_last,1,1,0
always_spiritual,1,1,0
always_soft-spoken,1,1,0
truly_lofty,1,0,1
truly_lush,1,0,1
always_sketchy,1,1,0
always_skilled,1,1,0
truly_magnetic,1,0,1
always_skimpy,1,1,0
always_sloppy,1,1,0
truly_lyrical,1,0,1
always_slower,1,1,0
truly_luscious,1,1,0
truly_lonely,1,1,0
truly_luminous,1,0,1
truly_ludicrous,1,1,0
always_small,1,1,0
truly_loyal,1,1,0
truly_low,1,0,1
always_smarter,1,1,0
always_snug,1,1,0
truly_mystifying,1,1,0
truly_naive,1,1,0
always_peaceful,1,1,0
truly_offbeat,1,0,1
truly_orwellian,1,1,0
always_preventable,1,1,0
always_principled,1,1,0
always_privileged,1,1,0
truly_ordinary,1,0,1
truly_oppressed,1,1,0
truly_open-minded,1,1,0
always_profitable,1,1,0
truly_opaque,1,1,0
truly_online,1,1,0
truly_onerous,1,1,0
truly_omnipotent,1,1,0
always_promising,1,1,0
truly_old-fashioned,1,1,0
always_promotional,1,0,1
always_proper,1,1,0
truly_oily,1,1,0
truly_other,1,0,1
always_pretentious,1,1,0
always_pregnant,1,1,0
always_pessimistic,1,1,0
always_peachy,1,1,0
always_perceptible,1,1,0
always_perilous,1,1,0
always_permanent,1,1,0
always_personable,1,1,0
truly_patient,1,1,0
truly_pathological,1,1,0
truly_partial,1,1,0
truly_outraged,1,1,0
truly_paradoxical,1,0,1
truly_overwhelmed,1,1,0
truly_overweight,1,1,0
always_polish,1,1,0
truly_over,1,1,0
always_precious,1,0,1
always_precise,1,1,0
truly_official,1,1,0
truly_off-putting,1,1,0
truly_naked,1,1,0
always_psychological,1,1,0
always_receptive,1,1,0
always_red,1,1,0
always_reflective,1,1,0
truly_nervous,1,1,0
truly_nerdy,1,1,0
truly_negotiable,1,1,0
always_renewable,1,1,0
always_reprehensible,1,1,0
always_resentful,1,1,0
always_reversible,1,1,0
truly_nauseating,1,0,1
truly_natural,1,1,0
always_rich,1,1,0
truly_nationwide,1,0,1
truly_national,1,0,1
always_ridiculous,1,1,0
always_righteous,1,1,0
always_reassuring,1,1,0
truly_nonexistent,1,1,0
always_raw,1,1,0
always_queer,1,1,0
truly_obstinate,1,1,0
truly_obsolete,1,1,0
truly_obsessive,1,0,1
always_punctual,1,1,0
truly_observant,1,0,1
always_pure,1,1,0
always_quantifiable,1,1,0
always_quicker,1,1,0
truly_nourishing,1,0,1
truly_objective,1,1,0
truly_objectionable,1,0,1
truly_obedient,1,1,0
always_quiet,1,1,0
truly_numb,1,1,0
truly_nuanced,1,0,1
always_radical,1,1,0
always_inappropriate,1,0,1
always_inaccurate,1,1,0
truly_lame,1,1,0
typically_characteristic,1,1,0
typically_efficient,1,1,0
always_compliant,1,1,0
always_conditional,1,1,0
typically_disingenuous,1,1,0
typically_dishonest,1,1,0
always_confidential,1,1,0
typically_dependent,1,1,0
typically_delicate,1,1,0
typically_deep,1,1,0
typically_dark,1,1,0
typically_curious,1,1,0
typically_crowded,1,1,0
typically_costly,1,1,0
typically_contemporary,1,1,0
typically_confident,1,1,0
always_confused,1,1,0
always_considerate,1,1,0
typically_elderly,1,1,0
always_compassionate,1,1,0
always_colder,1,1,0
always_coherent,1,1,0
typically_full,1,1,0
typically_friendly,1,1,0
always_clever,1,1,0
typically_free,1,1,0
typically_fortunate,1,0,1
typically_financial,1,1,0
always_cognizant,1,0,1
typically_favourable,1,1,0
typically_excellent,1,0,1
typically_fat,1,0,1
typically_fantastic,1,1,0
typically_familiar,1,0,1
typically_extravagant,1,0,1
typically_exempt,1,1,0
typically_exclusive,1,1,0
typically_excited,1,1,0
typically_cheap,1,1,0
typically_capable,1,1,0
typically_gendered,1,1,0
typically_canadian,1,0,1
typically_active,1,1,0
always_criminal,1,1,0
always_crooked,1,1,0
always_crowded,1,1,0
twice_total,1,1,0
always_current,1,1,0
twice_shy,1,1,0
twice_high,1,1,0
always_cute,1,1,0
always_cynical,1,1,0
twice_better,1,1,0
twice_annual,1,1,0
always_damaging,1,1,0
always_dear,1,0,1
always_debatable,1,1,0
always_decisive,1,1,0
truly_worse,1,1,0
typically_adult,1,1,0
always_creative,1,1,0
typically_alien,1,1,0
typically_bare,1,1,0
typically_brief,1,1,0
always_contextual,1,1,0
typically_bold,1,1,0
typically_blank,1,1,0
typically_bland,1,0,1
typically_black,1,1,0
typically_better,1,1,0
typically_average,1,1,0
always_cranky,1,1,0
always_controversial,1,1,0
typically_australian,1,0,1
always_convenient,1,1,0
typically_atrocious,1,1,0
always_convinced,1,1,0
typically_appealing,1,1,0
typically_antithetical,1,0,1
typically_geeky,1,1,0
always_classy,1,1,0
always_deeper,1,0,1
typically_old,1,1,0
always_bumpy,1,1,0
typically_romantic,1,0,1
typically_roman,1,0,1
typically_ridiculous,1,1,0
always_captivating,1,1,0
typically_racial,1,1,0
always_casual,1,1,0
typically_prone,1,1,0
typically_productive,1,1,0
typically_preventable,1,1,0
typically_pretentious,1,1,0
always_challenging,1,1,0
typically_pointless,1,1,0
typically_pessimistic,1,1,0
typically_partisan,1,0,1
typically_outgoing,1,1,0
typically_orthodox,1,1,0
typically_scarce,1,1,0
typically_scared,1,1,0
typically_scottish,1,1,0
always_brooding,1,1,0
typically_suitable,1,1,0
typically_stronger,1,1,0
typically_strong,1,1,0
typically_stationary,1,1,0
typically_static,1,1,0
typically_sporadic,1,1,0
typically_specific,1,1,0
typically_solid,1,1,0
typically_serious,1,1,0
typically_social,1,1,0
typically_smart,1,0,1
typically_small,1,1,0
typically_slow,1,1,0
typically_simple,1,1,0
always_brown,1,1,0
typically_shocked,1,1,0
always_chaotic,1,1,0
typically_northern,1,1,0
typically_good,1,1,0
always_cheaper,1,1,0
typically_larger,1,1,0
typically_large,1,1,0
typically_lacking,1,0,1
typically_japanese,1,1,0
typically_invisible,1,0,1
always_classic,1,1,0
typically_indian,1,1,0
typically_inappropriate,1,0,1
typically_hypothetical,1,0,1
typically_human,1,1,0
typically_hotter,1,1,0
typically_higher,1,1,0
typically_hesitant,1,0,1
typically_harmless,1,1,0
typically_hard,1,1,0
typically_greek,1,1,0
typically_great,1,1,0
typically_light,1,1,0
typically_lighter,1,1,0
typically_limited,1,0,1
typically_minimal,1,1,0
typically_necessary,1,1,0
typically_naked,1,1,0
typically_more,1,1,0
typically_morbid,1,1,0
always_circular,1,0,1
typically_modern,1,1,0
typically_miserable,1,1,0
typically_mild,1,1,0
typically_liquid,1,1,0
typically_mechanical,1,0,1
typically_manual,1,1,0
typically_male-dominated,1,1,0
typically_male,1,1,0
typically_lower,1,1,0
typically_long,1,1,0
typically_local,1,0,1
always_deep,1,1,0
always_delighted,1,1,0
always_improbable,1,1,0
truly_tedious,1,1,0
truly_tranquil,1,0,1
truly_touristy,1,0,1
truly_tough,1,1,0
truly_touching,1,0,1
always_genetic,1,1,0
always_gentle,1,1,0
truly_tired,1,1,0
always_germane,1,1,0
always_gloomy,1,1,0
always_glum,1,1,0
truly_thrilled,1,1,0
always_gorgeous,1,1,0
always_gracious,1,1,0
always_grand,1,1,0
always_gratifying,1,1,0
always_gray,1,1,0
always_greek,1,1,0
always_fuzzy,1,1,0
always_fruitful,1,1,0
always_freakin,1,1,0
always_forward,1,1,0
truly_unclear,1,1,0
truly_uncanny,1,0,1
truly_unbeatable,1,0,1
truly_unbearable,1,1,0
always_flexible,1,1,0
always_focused,1,1,0
always_forthcoming,1,1,0
truly_typical,1,1,0
truly_tremendous,1,0,1
truly_twisted,1,0,1
always_fragile,1,1,0
always_fraught,1,1,0
truly_trivial,1,1,0
truly_triumphant,1,0,1
truly_tricky,1,1,0
truly_trendy,1,0,1
truly_temporary,1,1,0
truly_technical,1,1,0
truly_uncompromising,1,0,1
always_gripping,1,1,0
always_horrible,1,1,0
always_horrific,1,1,0
always_horrifying,1,1,0
always_hospitable,1,0,1
always_humbling,1,0,1
always_hyper,1,1,0
always_hysterical,1,1,0
truly_stuck,1,1,0
truly_stubborn,1,0,1
always_ill,1,1,0
always_illegitimate,1,1,0
truly_straightforward,1,1,0
always_imbalanced,1,1,0
truly_static,1,1,0
always_impractical,1,1,0
truly_stable,1,1,0
truly_spooky,1,0,1
always_horizontal,1,1,0
always_homesick,1,1,0
truly_suitable,1,1,0
always_harmless,1,1,0
always_hairy,1,1,0
truly_tangible,1,0,1
always_handmade,1,1,0
truly_taboo,1,0,1
truly_systemic,1,0,1
always_happier,1,1,0
truly_symbolic,1,1,0
truly_suspenseful,1,0,1
truly_superficial,1,0,1
always_harmonious,1,1,0
always_hateful,1,1,0
always_heartbroken,1,1,0
always_hesitant,1,1,0
always_heterosexual,1,1,0
always_holy,1,1,0
truly_superhuman,1,0,1
always_flavorful,1,1,0
truly_unconditional,1,0,1
always_delightful,1,1,0
always_eligible,1,1,0
truly_viral,1,1,0
always_doable,1,1,0
truly_villainous,1,1,0
always_driven,1,0,1
truly_victorian,1,0,1
truly_vibrant,1,1,0
truly_vexing,1,0,1
always_dry,1,1,0
always_due,1,1,0
always_dull,1,1,0
always_dusty,1,1,0
always_efficient,1,1,0
truly_valid,1,0,1
truly_vacant,1,1,0
truly_useless,1,1,0
always_effortless,1,1,0
truly_usable,1,0,1
truly_virtual,1,1,0
always_dizzy,1,1,0
always_dissatisfied,1,1,0
truly_welcoming,1,1,0
always_demanding,1,1,0
always_detailed,1,1,0
always_devoid,1,1,0
always_dirty,1,1,0
truly_wholesome,1,1,0
always_disappointing,1,1,0
truly_whimsical,1,0,1
always_disastrous,1,1,0
truly_visual,1,0,1
always_discreet,1,1,0
truly_weary,1,0,1
truly_wearable,1,0,1
always_disgusting,1,1,0
always_dishonest,1,1,0
always_disproportionate,1,1,0
truly_voluntary,1,1,0
always_elaborate,1,1,0
always_emotional,1,1,0
truly_unconscionable,1,0,1
truly_untouched,1,1,0
always_fast,1,1,0
truly_unified,1,1,0
truly_unidentified,1,0,1
always_fatter,1,1,0
truly_unhealthy,1,0,1
always_faulty,1,1,0
truly_unfounded,1,1,0
always_feminine,1,1,0
always_filthy,1,1,0
truly_unfair,1,1,0
always_fishy,1,1,0
truly_unemployed,1,1,0
truly_undetectable,1,1,0
always_flashy,1,0,1
truly_undecided,1,1,0
truly_unconventional,1,0,1
always_flattering,1,1,0
truly_uninspired,1,1,0
always_factual,1,1,0
always_extra,1,1,0
truly_unremarkable,1,0,1
always_enduring,1,1,0
truly_unstoppable,1,0,1
truly_unstable,1,1,0
truly_unseemly,1,0,1
always_envious,1,1,0
truly_unsatisfying,1,1,0
truly_unsafe,1,0,1
truly_unreasonable,1,1,0
always_expensive,1,1,0
always_erotic,1,1,0
always_evident,1,0,1
truly_unpleasant,1,0,1
truly_unplanned,1,0,1
truly_unpalatable,1,0,1
truly_unnecessary,1,1,0
always_exempt,1,1,0
truly_larger,1,0,1
always_striking,1,0,1
tremendously_real,1,0,1
amazingly_shy,1,1,0
amazingly_ridiculous,1,1,0
amazingly_risky,1,0,1
truly_certain,1,0,1
truly_cause,1,1,0
amazingly_round,1,1,0
truly_catchy,1,1,0
amazingly_rude,1,1,0
truly_casual,1,1,0
amazingly_sandy,1,1,0
amazingly_savory,1,1,0
amazingly_scrumptious,1,1,0
truly_canadian,1,0,1
truly_calm,1,1,0
truly_broken,1,1,0
amazingly_selfish,1,0,1
amazingly_sensitive,1,1,0
amazingly_shallow,1,1,0
truly_chic,1,0,1
truly_childlike,1,1,0
amazingly_rewarding,1,1,0
truly_cliche,1,0,1
amazingly_real,1,0,1
truly_cohesive,1,0,1
truly_cognizant,1,1,0
truly_clunky,1,1,0
amazingly_relational,1,1,0
truly_closest,1,0,1
amazingly_relaxed,1,0,1
amazingly_relevant,1,1,0
truly_chinese,1,0,1
truly_clear,1,0,1
amazingly_resilient,1,1,0
truly_classical,1,1,0
amazingly_resonant,1,1,0
truly_civilised,1,1,0
truly_civilian,1,1,0
amazingly_retarded,1,1,0
truly_bothersome,1,0,1
truly_bonkers,1,1,0
truly_collectible,1,0,1
truly_bombastic,1,0,1
amazingly_sumptuous,1,1,0
amazingly_surprised,1,1,0
amazingly_swell,1,1,0
truly_bankrupt,1,1,0
amazingly_swift,1,1,0
truly_badass,1,0,1
amazingly_sympathetic,1,1,0
truly_awkward,1,1,0
amazingly_tender,1,0,1
amazingly_thoughtful,1,0,1
amazingly_timid,1,1,0
amazingly_tough,1,1,0
amazingly_trite,1,1,0
truly_average,1,1,0
amazingly_trivial,1,1,0
truly_automatic,1,1,0
amazingly_true,1,1,0
truly_beguiling,1,0,1
truly_believable,1,0,1
truly_beloved,1,1,0
truly_bitter,1,0,1
amazingly_significant,1,1,0
truly_blissful,1,1,0
amazingly_sinful,1,0,1
truly_bleak,1,1,0
truly_blatant,1,0,1
amazingly_skilful,1,1,0
amazingly_skilled,1,1,0
truly_bipartisan,1,1,0
amazingly_suitable,1,1,0
truly_biodegradable,1,1,0
truly_bilingual,1,0,1
truly_bigoted,1,0,1
amazingly_soothing,1,0,1
amazingly_speedy,1,1,0
amazingly_stable,1,1,0
amazingly_subtle,1,1,0
truly_collectable,1,0,1
amazingly_prophetic,1,1,0
truly_audacious,1,0,1
amazingly_patient,1,1,0
truly_decent,1,0,1
amazingly_musical,1,1,0
truly_debilitating,1,1,0
truly_dear,1,0,1
truly_deaf,1,1,0
truly_deadly,1,1,0
amazingly_mysterious,1,0,1
amazingly_naive,1,1,0
amazingly_natural,1,0,1
amazingly_normal,1,1,0
truly_danceable,1,1,0
amazingly_odd,1,0,1
truly_cute,1,1,0
amazingly_offensive,1,1,0
amazingly_ok,1,1,0
amazingly_open,1,1,0
amazingly_original,1,1,0
truly_deceptive,1,1,0
truly_decisive,1,1,0
amazingly_modest,1,1,0
amazingly_loving,1,1,0
truly_deranged,1,1,0
amazingly_lightweight,1,1,0
truly_depressed,1,1,0
amazingly_live,1,1,0
amazingly_long,1,1,0
truly_dependent,1,1,0
amazingly_lovely,1,1,0
amazingly_low-tech,1,1,0
truly_defenseless,1,0,1
amazingly_loyal,1,1,0
truly_delighted,1,1,0
amazingly_mainstream,1,1,0
truly_deleterious,1,1,0
amazingly_mediocre,1,1,0
amazingly_modern,1,1,0
truly_defensible,1,0,1
amazingly_painful,1,1,0
amazingly_peaceful,1,0,1
amazingly_profound,1,1,0
truly_creditable,1,0,1
amazingly_pleasurable,1,1,0
amazingly_poignant,1,0,1
truly_considerate,1,1,0
truly_conservative,1,1,0
amazingly_polite,1,1,0
amazingly_popular,1,1,0
truly_conflicted,1,0,1
amazingly_potent,1,1,0
truly_comprehensive,1,0,1
amazingly_precious,1,0,1
amazingly_prescient,1,1,0
truly_complete,1,1,0
amazingly_pristine,1,1,0
amazingly_productive,1,1,0
amazingly_professional,1,1,0
truly_compassionate,1,0,1
truly_comparable,1,0,1
truly_contagious,1,1,0
truly_contemporary,1,0,1
truly_continuous,1,1,0
amazingly_playable,1,1,0
truly_credible,1,0,1
amazingly_perfect,1,1,0
amazingly_persistent,1,1,0
truly_crass,1,0,1
amazingly_pigmented,1,1,0
truly_cost-effective,1,1,0
truly_cosmopolitan,1,0,1
truly_cordial,1,0,1
truly_contradictory,1,1,0
amazingly_pleased,1,1,0
truly_convoluted,1,0,1
truly_convincing,1,0,1
truly_convinced,1,1,0
truly_convenient,1,1,0
truly_controversial,1,1,0
truly_contrite,1,0,1
amazingly_truthful,1,1,0
amazingly_unbalanced,1,1,0
truly_desirous,1,1,0
tremendously_tenacious,1,1,0
amusingly_fun,1,1,0
tremendously_worrisome,1,1,0
amusingly_gratifying,1,0,1
amusingly_grotesque,1,1,0
amusingly_incorrect,1,1,0
tremendously_vague,1,1,0
amusingly_jewish,1,0,1
amusingly_lousy,1,1,0
tremendously_uplifting,1,0,1
amusingly_low,1,1,0
tremendously_unpopular,1,1,0
tremendously_unjust,1,0,1
tremendously_unique,1,1,0
tremendously_unfair,1,1,0
tremendously_toxic,1,1,0
tremendously_tough,1,1,0
tremendously_thrilling,1,1,0
truely_amazing,1,1,0
truely_astounding,1,1,0
amusingly_frightening,1,1,0
truely_happy,1,1,0
truely_magnificent,1,0,1
truely_magical,1,0,1
truely_interested,1,1,0
truely_inappropriate,1,1,0
truely_important,1,1,0
truely_horrific,1,0,1
amusingly_fanciful,1,1,0
truely_great,1,0,1
truely_beautiful,1,1,0
truely_false,1,1,0
truely_european,1,1,0
truely_equal,1,1,0
truely_detrimental,1,0,1
truely_dear,1,0,1
truely_blessed,1,1,0
truely_biblical,1,0,1
tremendously_therapeutic,1,1,0
amusingly_memorable,1,0,1
truely_new,1,0,1
tremendously_sweet,1,0,1
tremendously_silly,1,1,0
amusingly_profane,1,0,1
tremendously_sexy,1,0,1
tremendously_serious,1,1,0
tremendously_sensible,1,1,0
tremendously_scary,1,1,0
amusingly_quirky,1,1,0
tremendously_satisfied,1,1,0
tremendously_saddened,1,1,0
amusingly_relatable,1,1,0
tremendously_right,1,0,1
amusingly_serious,1,0,1
tremendously_restrictive,1,1,0
tremendously_responsive,1,1,0
tremendously_relevant,1,1,0
tremendously_refreshing,1,1,0
tremendously_reassuring,1,1,0
amusingly_petty,1,1,0
tremendously_sinister,1,0,1
tremendously_skeptical,1,1,0
tremendously_stressful,1,1,0
tremendously_suspicious,1,1,0
tremendously_surprised,1,1,0
amusingly_mundane,1,1,0
amusingly_obvious,1,1,0
tremendously_subtle,1,1,0
amusingly_odd,1,0,1
amusingly_off-kilter,1,1,0
tremendously_strange,1,1,0
amusingly_outrageous,1,1,0
tremendously_speculative,1,1,0
tremendously_specific,1,1,0
amusingly_opinionated,1,1,0
tremendously_solicitous,1,1,0
tremendously_solemn,1,0,1
tremendously_sneaky,1,0,1
amusingly_outdated,1,1,0
truely_memorable,1,0,1
truely_original,1,0,1
amazingly_unconcerned,1,1,0
amusingly_anachronistic,1,1,0
amazingly_white,1,1,0
amazingly_wicked,1,0,1
amazingly_worthless,1,0,1
amazingly_worthwhile,1,0,1
amply_able,1,1,0
truly_annoyed,1,1,0
amply_abundant,1,1,0
amply_available,1,1,0
amply_capable,1,1,0
amply_detailed,1,1,0
truly_amiable,1,1,0
amply_present,1,1,0
truly_ambivalent,1,1,0
amply_punishable,1,0,1
amply_sufficient,1,1,0
amusingly_absurd,1,1,0
truly_amateurish,1,1,0
truly_anxious,1,0,1
amazingly_warm,1,1,0
amazingly_vivid,1,1,0
truly_asian,1,1,0
amazingly_unfathomable,1,0,1
truly_atmospheric,1,0,1
amazingly_unrealistic,1,1,0
amazingly_unselfish,1,0,1
amazingly_useable,1,1,0
truly_asleep,1,1,0
truly_asinine,1,0,1
truly_ashamed,1,1,0
truly_apparent,1,1,0
amazingly_useful,1,1,0
truly_artful,1,0,1
amazingly_vacant,1,1,0
truly_appropriate,1,1,0
truly_appreciative,1,1,0
amazingly_violent,1,1,0
amazingly_visual,1,1,0
amusingly_amoral,1,1,0
truly_alluring,1,0,1
amusingly_familiar,1,1,0
amusingly_audacious,1,1,0
amusingly_cynical,1,1,0
truly_addicted,1,0,1
truly_active,1,1,0
truly_achievable,1,1,0
amusingly_daft,1,1,0
amusingly_desperate,1,1,0
truly_accessible,1,0,1
truly_acceptable,1,1,0
truly_abysmal,1,1,0
truly_abusive,1,1,0
amusingly_diverse,1,1,0
truly_abstract,1,0,1
truly_absolute,1,0,1
truly_absent,1,1,0
amusingly_enlightening,1,1,0
amusingly_enough,1,1,0
truely_terrible,1,0,1
amusingly_crooked,1,1,0
truly_adorable,1,1,0
truly_adult,1,0,1
amusingly_catastrophic,1,0,1
amusingly_awful,1,1,0
truly_alike,1,1,0
amusingly_bad,1,1,0
amusingly_cartoonish,1,1,0
truly_akin,1,0,1
truly_agonizing,1,1,0
truly_agnostic,1,1,0
truly_aggressive,1,1,0
truly_advanced,1,0,1
truly_african,1,1,0
amusingly_characteristic,1,0,1
truly_afoot,1,1,0
amusingly_coarse,1,1,0
truly_adverse,1,1,0
amusingly_conservative,1,0,1
truly_advantageous,1,0,1
amazingly_light,1,1,0
amazingly_keen,1,1,0
always_stuck,1,1,0
truly_higher,1,1,0
truly_humiliating,1,0,1
always_uphill,1,1,0
always_urgent,1,1,0
always_vegetarian,1,0,1
truly_hostile,1,1,0
always_verbal,1,1,0
always_vibrant,1,1,0
always_vigilant,1,1,0
always_vile,1,1,0
always_vintage,1,1,0
always_violent,1,0,1
truly_hopeful,1,1,0
always_virtual,1,1,0
always_vital,1,1,0
always_voluntary,1,1,0
truly_historical,1,0,1
always_wary,1,0,1
always_unwanted,1,1,0
always_unsustainable,1,1,0
truly_hyperactive,1,1,0
always_unlucky,1,1,0
always_uniform,1,1,0
always_unique,1,1,0
truly_immaculate,1,0,1
always_unjust,1,0,1
truly_illusory,1,1,0
truly_illuminating,1,0,1
truly_illicit,1,0,1
always_unorganized,1,1,0
truly_hypnotic,1,0,1
always_unpopular,1,1,0
truly_idyllic,1,1,0
always_unprepared,1,1,0
always_unsatisfied,1,1,0
always_unselfish,1,1,0
always_unstable,1,1,0
truly_hypocritical,1,1,0
always_weak,1,1,0
truly_high-quality,1,0,1
always_unhelpful,1,1,0
always_whiter,1,1,0
amazingly_arrogant,1,1,0
amazingly_articulate,1,1,0
truly_grueling,1,1,0
amazingly_astonishing,1,1,0
amazingly_athletic,1,1,0
truly_gross,1,0,1
amazingly_atrocious,1,1,0
truly_grim,1,1,0
amazingly_audacious,1,0,1
amazingly_authentic,1,1,0
truly_gratifying,1,0,1
amazingly_banal,1,1,0
truly_grandiose,1,0,1
amazingly_believable,1,1,0
truly_gothic,1,0,1
amazingly_beneficial,1,1,0
truly_goofy,1,0,1
truly_gullible,1,1,0
truly_habitable,1,1,0
truly_handicapped,1,1,0
amazingly_accommodating,1,1,0
always_wild,1,1,0
always_wiser,1,1,0
always_witty,1,1,0
truly_hearty,1,0,1
truly_heartening,1,0,1
truly_heartbroken,1,1,0
always_youthful,1,1,0
truly_heady,1,0,1
amazingly_arcane,1,0,1
truly_hazy,1,1,0
truly_hateful,1,1,0
truly_harsh,1,1,0
amazingly_adorable,1,1,0
truly_hardcore,1,0,1
amazingly_amoral,1,1,0
truly_handsome,1,1,0
truly_immune,1,1,0
truly_impeccable,1,0,1
truly_godly,1,0,1
always_technical,1,1,0
always_superfluous,1,1,0
always_surprising,1,1,0
always_susceptible,1,0,1
truly_intolerant,1,1,0
truly_intimidating,1,0,1
always_suspicious,1,1,0
truly_interwoven,1,1,0
always_sweaty,1,1,0
always_sweet,1,1,0
always_symbolic,1,1,0
truly_interchangeable,1,1,0
always_synonymous,1,1,0
always_talented,1,1,0
always_tall,1,1,0
truly_integrated,1,1,0
truly_insurmountable,1,1,0
truly_insufferable,1,1,0
always_superb,1,1,0
truly_invisible,1,0,1
always_suicidal,1,1,0
truly_japanese,1,1,0
truly_knowledgable,1,0,1
truly_keen,1,1,0
always_stylish,1,1,0
truly_joyful,1,1,0
truly_jolly,1,1,0
truly_jewish,1,1,0
truly_jealous,1,1,0
truly_italian,1,0,1
always_sufficient,1,1,0
truly_irresponsible,1,1,0
truly_irresistible,1,0,1
always_subordinate,1,1,0
always_subservient,1,1,0
truly_irregular,1,0,1
truly_irrational,1,1,0
always_substantial,1,1,0
always_tasty,1,1,0
always_tedious,1,1,0
truly_implausible,1,1,0
truly_insecure,1,1,0
truly_indian,1,0,1
always_trustworthy,1,1,0
always_truthful,1,1,0
always_unacceptable,1,1,0
always_unattainable,1,1,0
truly_inconceivable,1,0,1
always_unaware,1,1,0
truly_incompatible,1,1,0
truly_incoherent,1,0,1
always_unbearable,1,1,0
always_unchallenged,1,1,0
always_underwater,1,1,0
always_underway,1,0,1
always_undesirable,1,1,0
always_uneasy,1,1,0
truly_impotent,1,1,0
always_unenforceable,1,1,0
always_tricky,1,1,0
truly_indie,1,1,0
truly_indifferent,1,1,0
always_timely,1,1,0
always_tense,1,1,0
always_thirsty,1,1,0
always_thorough,1,1,0
truly_innate,1,0,1
truly_informal,1,1,0
always_timeless,1,1,0
truly_infinite,1,0,1
truly_inexperienced,1,1,0
truly_indignant,1,1,0
truly_inexpensive,1,0,1
always_top,1,1,0
always_touching,1,1,0
truly_inept,1,1,0
truly_inefficient,1,1,0
truly_ineffective,1,1,0
always_transparent,1,1,0
amazingly_bizarre,1,1,0
amazingly_brief,1,1,0
amazingly_jealous,1,1,0
truly_earthy,1,0,1
truly_empowering,1,0,1
truly_empathic,1,1,0
truly_empathetic,1,1,0
amazingly_graceful,1,1,0
truly_emblematic,1,0,1
amazingly_gracious,1,1,0
amazingly_grand,1,0,1
truly_eligible,1,1,0
amazingly_grandiose,1,1,0
amazingly_gratifying,1,1,0
truly_effortless,1,0,1
truly_efficient,1,0,1
amazingly_haphazard,1,1,0
truly_eerie,1,0,1
truly_edgy,1,0,1
amazingly_heavy,1,1,0
amazingly_historical,1,1,0
truly_empty,1,1,0
truly_endangered,1,0,1
amazingly_gentle,1,1,0
truly_enriching,1,0,1
truly_ergonomic,1,1,0
amazingly_expressive,1,1,0
amazingly_extreme,1,0,1
truly_ephemeral,1,1,0
amazingly_faithful,1,1,0
amazingly_famous,1,0,1
amazingly_fatal,1,1,0
truly_enormous,1,0,1
truly_endemic,1,0,1
truly_enlightened,1,1,0
amazingly_flat,1,1,0
amazingly_foolish,1,1,0
amazingly_frustrating,1,1,0
truly_enforceable,1,0,1
amazingly_geeky,1,0,1
truly_endless,1,1,0
amazingly_honest,1,0,1
amazingly_hospitable,1,1,0
amazingly_exhilarating,1,1,0
truly_dystopian,1,0,1
amazingly_incisive,1,0,1
truly_disgusted,1,1,0
truly_disgraceful,1,0,1
amazingly_inclusive,1,0,1
amazingly_indie,1,1,0
amazingly_indignant,1,1,0
truly_disabled,1,1,0
amazingly_insensitive,1,1,0
truly_diplomatic,1,1,0
amazingly_insipid,1,0,1
amazingly_insulting,1,1,0
amazingly_interesting,1,0,1
amazingly_intuitive,1,1,0
truly_detrimental,1,1,0
truly_determined,1,1,0
truly_detailed,1,0,1
amazingly_involved,1,1,0
amazingly_inane,1,0,1
truly_dismal,1,1,0
truly_disorienting,1,0,1
truly_dope,1,0,1
amazingly_human,1,0,1
truly_dry,1,1,0
amazingly_humble,1,0,1
amazingly_humbling,1,0,1
amazingly_icy,1,1,0
truly_draconian,1,0,1
truly_downtrodden,1,1,0
amazingly_idealistic,1,1,0
amazingly_impossible,1,1,0
truly_diverse,1,1,0
amazingly_imaginative,1,1,0
truly_distressing,1,1,0
truly_distraught,1,1,0
amazingly_immune,1,1,0
amazingly_impactful,1,1,0
amazingly_important,1,1,0
truly_erotic,1,0,1
amazingly_exciting,1,0,1
truly_gluten-free,1,1,0
truly_feasible,1,1,0
truly_foul,1,0,1
truly_formal,1,0,1
truly_foreign,1,1,0
truly_forceful,1,1,0
truly_flexible,1,0,1
truly_flawless,1,1,0
amazingly_comforting,1,0,1
amazingly_compelling,1,1,0
truly_flattering,1,1,0
truly_flat,1,1,0
truly_fitting,1,0,1
amazingly_complete,1,1,0
amazingly_confident,1,1,0
truly_fiery,1,0,1
truly_fierce,1,0,1
amazingly_conscientious,1,1,0
truly_feral,1,0,1
amazingly_clumsy,1,1,0
truly_french,1,0,1
amazingly_clear,1,1,0
truly_general,1,0,1
amazingly_calmer,1,1,0
truly_glad,1,1,0
amazingly_capable,1,1,0
truly_giddy,1,1,0
truly_giant,1,0,1
truly_ghastly,1,1,0
amazingly_captivating,1,0,1
amazingly_caring,1,1,0
amazingly_clean,1,1,0
truly_futile,1,1,0
amazingly_catastrophic,1,1,0
amazingly_challenging,1,0,1
amazingly_charming,1,0,1
truly_full,1,0,1
truly_frustrating,1,0,1
truly_frivolous,1,1,0
amazingly_crazy,1,1,0
amazingly_creamy,1,1,0
truly_ethical,1,1,0
truly_fearful,1,1,0
amazingly_eccentric,1,0,1
amazingly_educational,1,1,0
truly_expendable,1,1,0
amazingly_egregious,1,1,0
amazingly_embarrassing,1,0,1
truly_exhausted,1,1,0
truly_exempt,1,1,0
amazingly_endearing,1,1,0
amazingly_enlightening,1,1,0
amazingly_enticing,1,0,1
amazingly_essential,1,1,0
truly_exaggerated,1,1,0
amazingly_exceptional,1,0,1
amazingly_excessive,1,1,0
truly_european,1,1,0
truly_euphoric,1,1,0
truly_ethnic,1,0,1
amazingly_dynamic,1,1,0
amazingly_dramatic,1,1,0
truly_extinct,1,1,0
amazingly_depressed,1,1,0
truly_favourable,1,1,0
truly_fatigued,1,1,0
truly_fat,1,0,1
amazingly_creepy,1,0,1
truly_far-fetched,1,1,0
amazingly_decadent,1,0,1
amazingly_decorative,1,1,0
amazingly_destructive,1,1,0
amazingly_dope,1,1,0
truly_faithful,1,1,0
amazingly_discrete,1,1,0
truly_factual,1,1,0
amazingly_dissonant,1,1,0
truly_eye-popping,1,1,0
truly_eye-opening,1,1,0
amazingly_dominant,1,1,0
totally_critical,1,1,0
totally_crisp,1,1,0
barely_fragrant,1,1,0
authentically_local,1,1,0
authentically_different,1,1,0
authentically_emotional,1,1,0
too_definitive,1,1,0
authentically_english,1,0,1
authentically_expressive,1,0,1
authentically_foreign,1,1,0
authentically_genuine,1,0,1
authentically_greek,1,0,1
too_defenseless,1,1,0
authentically_important,1,0,1
authentically_indigenous,1,1,0
authentically_individual,1,1,0
too_decisive,1,1,0
too_deceptive,1,1,0
too_debilitating,1,1,0
too_debatable,1,1,0
authentically_jolly,1,1,0
too_dejected,1,1,0
authentically_detailed,1,1,0
authentically_delicious,1,1,0
too_dependant,1,1,0
too_desirable,1,1,0
too_deserving,1,1,0
too_derogatory,1,1,0
athletically_tantalizing,1,1,0
too_derelict,1,1,0
authentically_american,1,0,1
authentically_awful,1,1,0
authentically_bizarre,1,1,0
authentically_dangerous,1,0,1
authentically_bogus,1,0,1
authentically_brilliant,1,0,1
authentically_catholic,1,0,1
authentically_challenging,1,0,1
authentically_christian,1,0,1
too_delightful,1,1,0
authentically_creepy,1,0,1
authentically_liberal,1,1,0
authentically_loud,1,1,0
athletically_strenuous,1,0,1
authentically_odd,1,1,0
automatically_adaptable,1,1,0
automatically_adjustable,1,1,0
automatically_applicable,1,1,0
automatically_awesome,1,1,0
too_crystal,1,1,0
automatically_charming,1,1,0
automatically_clean,1,1,0
automatically_clear,1,1,0
automatically_conservative,1,1,0
automatically_curious,1,1,0
automatically_deductible,1,1,0
automatically_deserving,1,1,0
automatically_digital,1,1,0
automatically_double,1,1,0
automatically_equal,1,1,0
automatically_fascinating,1,1,0
automatically_gay,1,0,1
authentically_zany,1,0,1
authentically_witty,1,1,0
authentically_upset,1,1,0
authentically_scottish,1,0,1
authentically_old,1,0,1
authentically_painful,1,1,0
too_darn,1,1,0
authentically_positive,1,1,0
authentically_real,1,0,1
authentically_receptive,1,1,0
authentically_reflective,1,1,0
authentically_shiite,1,1,0
authentically_true,1,0,1
too_dainty,1,1,0
authentically_shocking,1,1,0
authentically_smart,1,0,1
authentically_spanish,1,1,0
authentically_strange,1,0,1
authentically_taboo,1,0,1
authentically_tough,1,1,0
athletically_strong,1,1,0
athletically_similar,1,0,1
automatically_healthier,1,1,0
astoundingly_rich,1,1,0
astoundingly_judgmental,1,1,0
astoundingly_lazy,1,1,0
too_distorted,1,1,0
astoundingly_long,1,1,0
astoundingly_loud,1,0,1
astoundingly_lovely,1,1,0
astoundingly_memorable,1,0,1
astoundingly_minor,1,1,0
too_dissatisfied,1,1,0
astoundingly_negligent,1,1,0
too_disquieting,1,1,0
too_disproportionate,1,1,0
astoundingly_perfect,1,1,0
too_dispiriting,1,1,0
too_dispassionate,1,1,0
astoundingly_powerful,1,1,0
astoundingly_real,1,1,0
astoundingly_heavy,1,1,0
astoundingly_fluent,1,1,0
too_divergent,1,1,0
too_dominate,1,1,0
astoundingly_accessible,1,1,0
astoundingly_accurate,1,1,0
astoundingly_awful,1,1,0
astoundingly_brave,1,0,1
astoundingly_candid,1,1,0
too_dope,1,0,1
too_doomed,1,1,0
astoundingly_complex,1,1,0
astoundingly_easy,1,1,0
astoundingly_corny,1,1,0
astoundingly_creative,1,0,1
astoundingly_crisp,1,1,0
astoundingly_cute,1,1,0
too_doable,1,1,0
astoundingly_dense,1,1,0
astoundingly_dorky,1,0,1
astoundingly_resilient,1,1,0
astoundingly_rude,1,0,1
athletically_heroic,1,0,1
astoundingly_skilled,1,1,0
astronomically_low,1,1,0
astronomically_minded,1,1,0
astronomically_scarce,1,1,0
astronomically_significant,1,1,0
astronomically_successful,1,0,1
astronomically_terrible,1,0,1
astronomically_unlikely,1,1,0
too_dicey,1,1,0
too_diabolical,1,0,1
at_lowest,1,1,0
athletically_ambitious,1,0,1
too_devastating,1,1,0
athletically_appropriate,1,0,1
athletically_awesome,1,0,1
too_detectable,1,1,0
athletically_frail,1,1,0
athletically_graceful,1,0,1
too_diligent,1,1,0
astronomically_insulting,1,0,1
astronomically_better,1,1,0
astoundingly_supportive,1,0,1
astoundingly_small,1,1,0
too_disheartening,1,1,0
astoundingly_smart,1,1,0
astoundingly_solid,1,1,0
astoundingly_special,1,0,1
too_disenchanted,1,1,0
too_discriminating,1,1,0
astoundingly_tense,1,1,0
astoundingly_wooden,1,1,0
astoundingly_thin,1,1,0
astoundingly_unscrupulous,1,1,0
astoundingly_violent,1,1,0
astoundingly_vulgar,1,1,0
astoundingly_weak,1,1,0
astoundingly_weird,1,1,0
astoundingly_wonderful,1,1,0
automatically_good,1,1,0
automatically_healthy,1,1,0
astonishingly_young,1,1,0
too_childlike,1,1,0
awesomely_ordinary,1,1,0
too_clear-cut,1,1,0
awesomely_passive,1,1,0
awesomely_peculiar,1,1,0
awesomely_ridiculous,1,1,0
awesomely_sad,1,1,0
awesomely_sickening,1,0,1
awesomely_simple,1,1,0
awesomely_special,1,1,0
too_circular,1,1,0
awesomely_unfair,1,1,0
awesomely_unique,1,0,1
awesomely_upfront,1,1,0
awesomely_variable,1,1,0
awesomely_vast,1,0,1
awesomely_weird,1,1,0
awesomely_wrong,1,0,1
awesomely_obscure,1,0,1
awesomely_nice,1,1,0
awesomely_new,1,1,0
too_coachable,1,1,0
awesomely_feminist,1,1,0
too_coherent,1,1,0
awesomely_foolish,1,1,0
awesomely_fun,1,1,0
too_coercive,1,1,0
awesomely_grand,1,1,0
awesomely_greedy,1,1,0
awesomely_honest,1,1,0
awesomely_nerdy,1,1,0
awesomely_horny,1,1,0
awesomely_horrible,1,1,0
awesomely_hostile,1,1,0
awesomely_intense,1,1,0
too_closer,1,1,0
too_closed,1,1,0
awesomely_mysterious,1,0,1
awfully_ambitious,1,1,0
awfully_arbitrary,1,1,0
awesomely_different,1,0,1
awfully_awesome,1,0,1
too_catastrophic,1,1,0
awfully_dangerous,1,0,1
awfully_decent,1,1,0
awfully_deep,1,0,1
awfully_depressing,1,0,1
awfully_descriptive,1,1,0
awfully_dirty,1,0,1
too_captivating,1,1,0
too_capricious,1,1,0
too_capitalist,1,1,0
awfully_disappointing,1,1,0
awfully_eager,1,1,0
awfully_eerie,1,1,0
awfully_effective,1,1,0
awfully_embarrassing,1,1,0
awfully_endearing,1,1,0
awfully_entertaining,1,1,0
awfully_creepy,1,0,1
awfully_coy,1,1,0
awfully_convoluted,1,1,0
awfully_clear,1,1,0
awfully_awkward,1,0,1
awfully_basic,1,1,0
awfully_bland,1,1,0
awfully_bloodthirsty,1,1,0
awfully_boring,1,1,0
awfully_cheeky,1,1,0
awfully_cheesy,1,1,0
awfully_clumsy,1,1,0
awfully_contagious,1,0,1
awfully_cluttered,1,1,0
awfully_coincidental,1,0,1
awfully_comforting,1,0,1
awfully_comical,1,0,1
too_centrist,1,1,0
awfully_complicated,1,1,0
too_celebratory,1,1,0
awesomely_dumb,1,1,0
too_collegial,1,1,0
automatically_heavy,1,1,0
automatically_supreme,1,1,0
automatically_open,1,1,0
automatically_organic,1,1,0
automatically_outstanding,1,1,0
automatically_poetic,1,0,1
automatically_private,1,1,0
automatically_qualified,1,1,0
automatically_racist,1,1,0
automatically_reactive,1,1,0
too_contemptible,1,1,0
automatically_related,1,1,0
automatically_respectful,1,1,0
automatically_safe,1,1,0
automatically_seamless,1,1,0
automatically_silent,1,1,0
automatically_sinful,1,1,0
too_considerate,1,1,0
automatically_skeptical,1,1,0
automatically_onboard,1,1,0
automatically_ok,1,1,0
automatically_obtainable,1,1,0
too_counterintuitive,1,1,0
automatically_illicit,1,1,0
automatically_inclined,1,0,1
automatically_ineligible,1,1,0
automatically_inferior,1,1,0
automatically_interested,1,1,0
automatically_interesting,1,0,1
too_courteous,1,1,0
automatically_jewish,1,1,0
automatically_neutral,1,1,0
automatically_justifiable,1,1,0
too_cost,1,1,0
automatically_legal,1,1,0
too_corrosive,1,1,0
automatically_liable,1,1,0
automatically_libertarian,1,1,0
automatically_loyal,1,1,0
automatically_subject,1,1,0
too_connected,1,1,0
awesomely_delicate,1,1,0
automatically_true,1,1,0
awesomely_amazing,1,1,0
awesomely_annoying,1,0,1
awesomely_authentic,1,0,1
awesomely_awesome,1,0,1
awesomely_awkward,1,1,0
too_communal,1,1,0
awesomely_big,1,1,0
awesomely_bizarre,1,0,1
awesomely_cheap,1,1,0
too_comical,1,1,0
too_comic,1,1,0
awesomely_compatible,1,1,0
awesomely_convenient,1,1,0
awesomely_cool,1,1,0
awesomely_creative,1,0,1
awesomely_crunchy,1,1,0
awesomely_cute,1,0,1
away_unseen,1,0,1
away_unharmed,1,1,0
away_many,1,1,0
automatically_valid,1,1,0
automatically_uncool,1,1,0
automatically_understandable,1,1,0
too_conflicting,1,1,0
automatically_unlocked,1,0,1
automatically_unreasonable,1,1,0
automatically_unsustainable,1,1,0
automatically_useful,1,1,0
automatically_vulnerable,1,1,0
away_joint,1,1,0
automatically_willing,1,1,0
too_conciliatory,1,1,0
away_clear,1,1,0
away_entertaining,1,1,0
too_compulsive,1,1,0
away_helpful,1,1,0
away_ideal,1,1,0
too_downtrodden,1,1,0
astonishingly_wrong,1,0,1
too_buoyant,1,1,0
too_fragmented,1,1,0
as_trippy,1,1,0
as_triumphant,1,1,0
as_tropical,1,1,0
as_twisted,1,1,0
as_unable,1,0,1
as_unanimous,1,1,0
as_unapologetic,1,0,1
as_unappealing,1,1,0
too_frosty,1,1,0
as_unbeatable,1,1,0
too_frightful,1,0,1
as_unbroken,1,0,1
as_uncompromising,1,1,0
too_french,1,1,0
as_unconcerned,1,1,0
as_unconscious,1,1,0
as_undefined,1,0,1
as_tribal,1,1,0
as_translucent,1,0,1
as_totalitarian,1,1,0
as_therapeutic,1,1,0
too_glum,1,1,0
as_temperamental,1,1,0
as_tentative,1,1,0
as_territorial,1,1,0
as_terse,1,1,0
as_theatrical,1,1,0
as_themed,1,1,0
as_thrifty,1,0,1
as_total,1,1,0
as_time-consuming,1,0,1
as_tiring,1,1,0
as_toasty,1,1,0
as_tolerable,1,1,0
too_geometric,1,1,0
as_tortured,1,0,1
as_torturous,1,1,0
as_undemocratic,1,0,1
as_underweight,1,1,0
as_tantamount,1,1,0
too_foul,1,1,0
as_unlikeable,1,0,1
too_flavorful,1,1,0
as_unlimited,1,1,0
too_flattered,1,1,0
too_flatter,1,1,0
as_unmistakable,1,0,1
too_flammable,1,1,0
as_unrecognizable,1,1,0
as_unrecognized,1,0,1
too_flagrant,1,1,0
as_unregulated,1,1,0
as_unresponsive,1,0,1
as_unscientific,1,1,0
as_unseen,1,1,0
too_financial,1,1,0
as_unsophisticated,1,1,0
as_unsound,1,0,1
as_unkind,1,1,0
as_unintentional,1,1,0
as_uninhibited,1,1,0
as_unflattering,1,1,0
as_undetectable,1,1,0
too_fortunate,1,1,0
too_fortuitous,1,1,0
as_undeveloped,1,1,0
as_undisciplined,1,0,1
as_unfazed,1,1,0
as_unfeasible,1,1,0
as_unfocused,1,0,1
as_unimpressive,1,0,1
as_unforgettable,1,0,1
as_unfounded,1,1,0
as_unfunny,1,1,0
as_unheard,1,0,1
too_flustered,1,1,0
as_unheralded,1,1,0
as_unimpressed,1,1,0
as_taxing,1,1,0
too_good-looking,1,1,0
as_unstructured,1,1,0
as_spirited,1,1,0
too_homosexual,1,1,0
too_homophobic,1,1,0
as_skilful,1,1,0
too_homogeneous,1,1,0
too_homely,1,1,0
as_slender,1,1,0
too_historical,1,1,0
as_smarter,1,1,0
too_high-profile,1,1,0
as_sneaky,1,1,0
too_hidden,1,1,0
as_spartan,1,1,0
as_specialized,1,0,1
as_specious,1,1,0
as_speechless,1,1,0
too_heavenly,1,1,0
too_hearty,1,1,0
as_skewed,1,1,0
too_honorable,1,1,0
as_sickening,1,1,0
as_self-indulgent,1,0,1
too_hypocritical,1,1,0
as_segregated,1,1,0
too_hyperactive,1,1,0
too_hydrated,1,1,0
as_self-conscious,1,1,0
as_self-critical,1,0,1
as_self-evident,1,0,1
as_self-reliant,1,0,1
as_shoddy,1,0,1
as_self-sufficient,1,1,0
too_humane,1,1,0
as_serendipitous,1,0,1
as_set,1,1,0
too_hospitable,1,1,0
as_sharper,1,0,1
as_sheer,1,1,0
too_heartless,1,1,0
as_spoilt,1,1,0
too_good-natured,1,1,0
as_sporadic,1,1,0
as_strident,1,1,0
as_stuffy,1,0,1
as_subordinate,1,1,0
as_substantive,1,0,1
as_sufficient,1,1,0
as_suggestive,1,1,0
as_suicidal,1,0,1
too_gratuitous,1,1,0
too_gratifying,1,1,0
as_sultry,1,1,0
as_supernatural,1,0,1
as_superstitious,1,1,0
as_surgical,1,1,0
as_symmetrical,1,1,0
as_tactile,1,1,0
as_tannic,1,0,1
as_tantalizing,1,0,1
as_stressed,1,1,0
as_streamlined,1,1,0
too_groundbreaking,1,1,0
as_steamy,1,1,0
as_squeamish,1,1,0
too_haunting,1,1,0
as_stalwart,1,0,1
too_harrowing,1,1,0
as_static,1,1,0
as_stationary,1,1,0
too_hardline,1,1,0
as_stereotypical,1,1,0
too_grueling,1,1,0
as_stern,1,1,0
as_stimulating,1,1,0
too_handicapped,1,1,0
too_gutsy,1,1,0
too_gung,1,1,0
as_stodgy,1,0,1
as_streaky,1,0,1
as_unspoiled,1,1,0
as_unsuccessful,1,1,0
astonishingly_wretched,1,1,0
astonishingly_powerful,1,1,0
astonishingly_inventive,1,1,0
too_empirical,1,1,0
astonishingly_irrational,1,0,1
astonishingly_irritating,1,1,0
astonishingly_lazy,1,1,0
astonishingly_lifelike,1,1,0
astonishingly_low,1,1,0
astonishingly_lush,1,1,0
astonishingly_minor,1,1,0
astonishingly_naive,1,1,0
astonishingly_open,1,1,0
astonishingly_original,1,1,0
too_elite,1,1,0
astonishingly_overrated,1,1,0
astonishingly_pertinent,1,1,0
too_electronic,1,1,0
astonishingly_pleasing,1,1,0
too_enamoured,1,0,1
too_enchanting,1,1,0
astonishingly_insignificant,1,1,0
astonishingly_heartbreaking,1,1,0
astonishingly_gentle,1,1,0
astonishingly_grand,1,1,0
astonishingly_grandiose,1,1,0
astonishingly_great,1,1,0
astonishingly_gullible,1,1,0
too_enterprising,1,1,0
astonishingly_handsome,1,1,0
astonishingly_helpless,1,1,0
astonishingly_insightful,1,1,0
astonishingly_honest,1,1,0
too_engrossing,1,1,0
astonishingly_horrendous,1,1,0
astonishingly_hot,1,1,0
astonishingly_inept,1,1,0
astonishingly_insensitive,1,0,1
too_endearing,1,0,1
astonishingly_positive,1,0,1
astonishingly_precise,1,1,0
astonishingly_faithful,1,1,0
astonishingly_predictive,1,1,0
astonishingly_strong,1,1,0
astonishingly_stupid,1,1,0
astonishingly_theatrical,1,1,0
astonishingly_thorough,1,1,0
too_dumbfounded,1,1,0
astonishingly_topical,1,1,0
astonishingly_tough,1,0,1
too_dubious,1,1,0
astonishingly_true,1,1,0
astonishingly_unique,1,0,1
astonishingly_unsafe,1,1,0
too_driven,1,1,0
astonishingly_unusual,1,0,1
astonishingly_venomous,1,1,0
astonishingly_violent,1,1,0
astonishingly_welcoming,1,1,0
astonishingly_wonderful,1,0,1
too_dystopian,1,1,0
astonishingly_soft,1,1,0
astonishingly_smug,1,1,0
astonishingly_resilient,1,1,0
astonishingly_professional,1,1,0
astonishingly_rapid,1,1,0
astonishingly_ready,1,1,0
too_efficacious,1,1,0
astonishingly_real,1,0,1
astonishingly_realistic,1,1,0
astonishingly_replete,1,1,0
astonishingly_rhythmic,1,1,0
astonishingly_smart,1,1,0
astonishingly_rich,1,0,1
astonishingly_right,1,1,0
astonishingly_rude,1,1,0
astonishingly_significant,1,0,1
astonishingly_similar,1,1,0
too_easier,1,1,0
astonishingly_skilled,1,1,0
astonishingly_garish,1,1,0
too_equal,1,1,0
too_ferocious,1,1,0
as_windy,1,1,0
as_various,1,0,1
as_vegan,1,1,0
as_vehement,1,1,0
as_venomous,1,1,0
as_verbal,1,0,1
as_vertical,1,1,0
as_vexing,1,1,0
as_villainous,1,0,1
as_vindictive,1,1,0
as_virtual,1,1,0
as_viscous,1,1,0
as_vociferous,1,1,0
as_voracious,1,1,0
as_waterproof,1,1,0
as_weaker,1,0,1
as_weekly,1,1,0
as_weightless,1,0,1
as_varied,1,1,0
as_used,1,0,1
as_upsetting,1,1,0
too_favorite,1,1,0
as_unsurprising,1,1,0
as_unsympathetic,1,1,0
as_untouchable,1,0,1
as_untrained,1,0,1
as_unwanted,1,0,1
as_unwarranted,1,1,0
too_favourable,1,1,0
as_unwatchable,1,0,1
as_upright,1,1,0
too_faulty,1,1,0
as_unwelcome,1,1,0
too_fatal,1,1,0
as_upfront,1,1,0
as_uphill,1,0,1
as_uplifting,1,1,0
as_upmarket,1,0,1
as_western,1,1,0
as_wobbly,1,0,1
too_erect,1,0,1
too_exploitative,1,1,0
too_exalted,1,0,1
astonishingly_cool,1,0,1
astonishingly_correct,1,1,0
astonishingly_courageous,1,1,0
astonishingly_creative,1,1,0
astonishingly_crude,1,1,0
astonishingly_cuddly,1,1,0
too_eventful,1,1,0
astonishingly_delicate,1,0,1
astonishingly_difficult,1,0,1
too_euphoric,1,1,0
astonishingly_disturbing,1,0,1
astonishingly_drastic,1,1,0
too_essential,1,1,0
astonishingly_efficient,1,1,0
astonishingly_expensive,1,1,0
astonishingly_fair,1,0,1
too_exceptional,1,1,0
astonishingly_comfortable,1,1,0
astonishingly_clumsy,1,1,0
astonishingly_architectural,1,0,1
too_exploitable,1,1,0
as_workable,1,1,0
astonishingly_abrasive,1,1,0
astonishingly_amazing,1,0,1
too_expendable,1,1,0
astonishingly_appealing,1,0,1
astonishingly_appropriate,1,1,0
too_exorbitant,1,1,0
astonishingly_cheaper,1,1,0
too_existential,1,1,0
astonishingly_better,1,1,0
astonishingly_bigoted,1,1,0
astonishingly_bitter,1,1,0
astonishingly_boring,1,1,0
too_exemplary,1,1,0
astonishingly_brutal,1,1,0
awfully_esoteric,1,1,0
awfully_excited,1,1,0
as_secret,1,1,0
thus_optimistic,1,1,0
thus_vibrant,1,1,0
thus_unreal,1,1,0
thus_unlawful,1,1,0
thus_unified,1,1,0
thus_unfortunate,1,1,0
thus_under-reported,1,1,0
thus_unavoidable,1,1,0
badly_wrinkled,1,1,0
thus_transportable,1,0,1
thus_susceptible,1,1,0
thus_suitable,1,1,0
thus_sufficient,1,1,0
thus_secure,1,1,0
thus_prone,1,1,0
thus_prevalent,1,1,0
thus_pleasing,1,1,0
thus_perfect,1,1,0
thus_vulnerable,1,1,0
thus_worthless,1,1,0
tightly_american,1,1,0
tightly_orchestrated,1,1,0
badly_stuck,1,1,0
badly_sufficient,1,0,1
timelessly_breathtaking,1,1,0
badly_sweet,1,1,0
timelessly_arcane,1,0,1
badly_tortured,1,1,0
tightly_segregated,1,1,0
tightly_observant,1,1,0
tightly_cohesive,1,1,0
badly_underdeveloped,1,1,0
tightly_involved,1,0,1
badly_understaffed,1,1,0
badly_uneven,1,1,0
tightly_focused,1,1,0
tightly_dependent,1,1,0
badly_uninformed,1,1,0
thus_overwhelming,1,1,0
thus_old,1,1,0
timelessly_eloquent,1,0,1
thus_okay,1,1,0
thus_conditional,1,1,0
thus_complementary,1,1,0
thus_comfortable,1,1,0
thus_cheap,1,1,0
thus_cautious,1,1,0
thus_busy,1,1,0
thus_better,1,1,0
thus_alien,1,0,1
thus_absurd,1,1,0
thrillingly_wrong,1,0,1
thrillingly_unstable,1,0,1
thrillingly_unique,1,0,1
thrillingly_unfashionable,1,0,1
thrillingly_tight,1,1,0
barely_afloat,1,1,0
thrillingly_special,1,1,0
thrillingly_sloppy,1,1,0
thus_consistent,1,1,0
thus_detached,1,0,1
thus_eager,1,1,0
thus_important,1,1,0
thus_obsessed,1,1,0
thus_necessary,1,1,0
thus_monotonous,1,1,0
thus_lifelike,1,0,1
thus_keen,1,1,0
thus_interwoven,1,0,1
thus_interested,1,1,0
thus_ignorant,1,1,0
thus_easy,1,1,0
barely_active,1,1,0
thus_glad,1,1,0
thus_faint,1,1,0
thus_extra,1,1,0
thus_essential,1,0,1
thus_embarrassing,1,1,0
thus_effective,1,1,0
badly_sick,1,1,0
timelessly_enjoyable,1,1,0
thrillingly_scary,1,1,0
together_critical,1,1,0
together_false,1,1,0
together_fair,1,1,0
together_factual,1,1,0
together_extraordinary,1,1,0
together_excellent,1,1,0
together_erotic,1,0,1
together_equal,1,1,0
together_enjoyable,1,1,0
together_eerie,1,1,0
together_dry,1,1,0
together_drastic,1,1,0
together_discouraging,1,1,0
together_disappointing,1,1,0
badly_overcrowded,1,1,0
together_depressing,1,1,0
badly_overdone,1,1,0
badly_overgrown,1,1,0
together_familiar,1,1,0
together_fashionable,1,1,0
together_few,1,1,0
together_grander,1,0,1
together_honest,1,1,0
together_historical,1,1,0
together_hilarious,1,1,0
together_helpless,1,1,0
together_gross,1,1,0
together_gripping,1,1,0
badly_motivated,1,1,0
badly_obese,1,1,0
together_fine,1,1,0
together_functional,1,1,0
badly_off-kilter,1,0,1
together_fresh,1,1,0
together_fortunate,1,1,0
together_foreign,1,1,0
together_fitting,1,1,0
together_first,1,1,0
badly_overpaid,1,1,0
together_creepy,1,1,0
timelessly_fashionable,1,1,0
together_consuming,1,1,0
together_adorable,1,1,0
together_accessible,1,1,0
together_acceptable,1,1,0
badly_representative,1,1,0
timelessly_wholesome,1,1,0
timelessly_valuable,1,0,1
badly_rotten,1,1,0
timelessly_relevant,1,1,0
timelessly_present,1,1,0
timelessly_popular,1,1,0
timelessly_optimistic,1,0,1
timelessly_modern,1,1,0
timelessly_magic,1,0,1
timelessly_luxurious,1,0,1
timelessly_iconic,1,1,0
timelessly_gothic,1,0,1
timelessly_funny,1,1,0
together_agreeable,1,1,0
together_alien,1,1,0
badly_relaxed,1,1,0
together_careless,1,1,0
together_consistent,1,1,0
together_confusing,1,1,0
together_concerned,1,1,0
together_comparable,1,1,0
together_common,1,1,0
together_cliche,1,1,0
together_certain,1,0,1
together_carefree,1,1,0
together_annoyed,1,1,0
together_boring,1,1,0
together_bloodless,1,1,0
badly_regressive,1,0,1
badly_related,1,1,0
together_bearable,1,1,0
together_bad,1,1,0
together_awesome,1,1,0
thrillingly_simple,1,0,1
thrillingly_sad,1,0,1
together_ignorant,1,1,0
thoroughly_scientific,1,1,0
thoroughly_terrified,1,1,0
thoroughly_terrible,1,1,0
barely_compatible,1,1,0
thoroughly_tasty,1,0,1
thoroughly_synthetic,1,1,0
thoroughly_suspenseful,1,1,0
thoroughly_surprising,1,1,0
thoroughly_sure,1,1,0
barely_confident,1,1,0
barely_constant,1,1,0
thoroughly_stressed,1,1,0
thoroughly_stoked,1,0,1
thoroughly_sterile,1,1,0
thoroughly_smooth,1,1,0
thoroughly_silly,1,1,0
barely_controversial,1,1,0
barely_cool,1,0,1
thoroughly_terrifying,1,1,0
thoroughly_theatrical,1,1,0
barely_cognizant,1,1,0
barely_civilized,1,1,0
thoroughly_unpopular,1,1,0
barely_black,1,1,0
thoroughly_unlikeable,1,1,0
barely_catholic,1,1,0
barely_christian,1,1,0
thoroughly_uninteresting,1,1,0
thoroughly_unflattering,1,1,0
thoroughly_undeveloped,1,1,0
thoroughly_transparent,1,1,0
barely_clad,1,1,0
thoroughly_understandable,1,1,0
thoroughly_underdeveloped,1,1,0
thoroughly_unconvinced,1,1,0
thoroughly_uncontroversial,1,1,0
thoroughly_uncomfortable,1,1,0
thoroughly_true,1,1,0
thoroughly_secular,1,1,0
thoroughly_scared,1,1,0
thoroughly_unsurprising,1,0,1
barely_credible,1,1,0
thoroughly_persuasive,1,1,0
thoroughly_perky,1,1,0
thoroughly_pagan,1,1,0
barely_empty,1,1,0
thoroughly_ordinary,1,0,1
thoroughly_opaque,1,0,1
thoroughly_okay,1,0,1
barely_english,1,1,0
thoroughly_obvious,1,0,1
thoroughly_obscure,1,1,0
barely_equal,1,1,0
thoroughly_objectionable,1,1,0
thoroughly_nonsensical,1,1,0
thoroughly_new,1,0,1
thoroughly_negligent,1,1,0
thoroughly_nasty,1,1,0
thoroughly_moral,1,1,0
barely_doable,1,1,0
thoroughly_pointless,1,1,0
thoroughly_political,1,1,0
thoroughly_related,1,1,0
barely_crispy,1,1,0
thoroughly_ruthless,1,1,0
barely_custom,1,1,0
thoroughly_riveting,1,1,0
thoroughly_revolutionary,1,1,0
barely_damp,1,1,0
thoroughly_reprehensible,1,1,0
thoroughly_reassuring,1,0,1
barely_distraught,1,0,1
thoroughly_ready,1,1,0
barely_defensible,1,1,0
thoroughly_qualified,1,1,0
thoroughly_puzzling,1,1,0
thoroughly_psychotic,1,1,0
barely_deserving,1,0,1
barely_distinct,1,1,0
thoroughly_unprecedented,1,0,1
thoroughly_unwise,1,1,0
barely_aged,1,1,0
though_richer,1,1,0
though_younger,1,0,1
though_yellow,1,1,0
though_wrong,1,0,1
though_unworthy,1,1,0
though_unaware,1,0,1
though_tired,1,1,0
though_smaller,1,1,0
though_small,1,0,1
though_slower,1,1,0
though_single,1,0,1
though_sincere,1,0,1
though_simpler,1,0,1
though_significant,1,1,0
though_sexual,1,1,0
though_satisfying,1,0,1
though_same,1,1,0
though_safer,1,0,1
thrillingly_bad,1,0,1
thrillingly_brash,1,1,0
thrillingly_cinematic,1,0,1
thrillingly_grim,1,1,0
thrillingly_powerful,1,0,1
thrillingly_poignant,1,1,0
thrillingly_overt,1,1,0
thrillingly_nihilistic,1,0,1
barely_alkaline,1,1,0
thrillingly_luscious,1,1,0
thrillingly_loud,1,1,0
thrillingly_funny,1,1,0
thrillingly_cryptic,1,0,1
thrillingly_fresh,1,0,1
thrillingly_free,1,0,1
thrillingly_evil,1,1,0
thrillingly_endangered,1,1,0
thrillingly_disturbing,1,0,1
thrillingly_different,1,0,1
thrillingly_delinquent,1,0,1
though_sad,1,0,1
though_quieter,1,0,1
thoroughly_unworthy,1,1,0
though_poor,1,1,0
though_capable,1,1,0
though_brilliant,1,0,1
though_better,1,1,0
though_best,1,1,0
though_aware,1,0,1
though_appreciative,1,0,1
though_absent,1,1,0
thoroughly_worthwhile,1,0,1
thoroughly_wireless,1,1,0
thoroughly_wicked,1,0,1
thoroughly_weird,1,1,0
thoroughly_wearable,1,1,0
thoroughly_villainous,1,1,0
thoroughly_vile,1,1,0
thoroughly_valuable,1,0,1
thoroughly_useless,1,1,0
thoroughly_upset,1,1,0
though_captive,1,1,0
though_concerned,1,0,1
though_curious,1,0,1
though_impossible,1,1,0
though_odd,1,0,1
though_muslim,1,0,1
though_modest,1,0,1
though_many,1,1,0
though_lethal,1,0,1
though_large,1,0,1
though_inferior,1,1,0
barely_aromatic,1,1,0
though_dead,1,1,0
though_funny,1,1,0
though_full,1,1,0
barely_articulate,1,1,0
though_fewer,1,0,1
though_familiar,1,0,1
though_easy,1,0,1
though_difficult,1,1,0
together_horrifying,1,1,0
together_impenetrable,1,1,0
too_bummed,1,1,0
awfully_unhealthy,1,1,0
awfully_subject,1,1,0
awfully_sublime,1,0,1
awfully_subtle,1,1,0
too_askew,1,1,0
awfully_sure,1,0,1
awfully_talented,1,1,0
awfully_tall,1,1,0
awfully_tasty,1,1,0
awfully_tentative,1,1,0
awfully_thin,1,1,0
too_arresting,1,1,0
too_arousing,1,1,0
awfully_tired,1,1,0
awfully_touchy,1,1,0
awfully_tricky,1,1,0
awfully_ugly,1,1,0
too_ardent,1,1,0
too_astonishing,1,1,0
too_astounding,1,1,0
awfully_stubborn,1,1,0
awfully_squishy,1,1,0
awfully_serious,1,1,0
too_autocratic,1,1,0
too_authoritative,1,1,0
awfully_silly,1,0,1
awfully_skinny,1,1,0
too_australian,1,1,0
awfully_sophisticated,1,1,0
awfully_stale,1,0,1
too_astronomical,1,1,0
awfully_stinky,1,0,1
awfully_strange,1,0,1
too_atrocious,1,1,0
awfully_strict,1,1,0
too_atheist,1,1,0
too_at-risk,1,1,0
too_asymmetrical,1,1,0
awfully_unapologetic,1,1,0
awfully_unlucky,1,1,0
awfully_sensible,1,1,0
awfully_vast,1,0,1
awkwardly_literal,1,1,0
awkwardly_long,1,1,0
too_anecdotal,1,1,0
awkwardly_old,1,0,1
awkwardly_ridiculous,1,1,0
awkwardly_satisfying,1,1,0
awkwardly_special,1,0,1
too_ample,1,1,0
awkwardly_sweet,1,1,0
too_amiable,1,1,0
awkwardly_swollen,1,1,0
awkwardly_tasteless,1,1,0
awkwardly_unpleasant,1,0,1
awkwardly_vulnerable,1,1,0
awkwardly_white,1,1,0
too_amazed,1,1,0
awkwardly_zealous,1,1,0
awkwardly_large,1,1,0
awkwardly_informal,1,1,0
awkwardly_hilarious,1,1,0
awkwardly_cartoonish,1,1,0
awfully_vulgar,1,1,0
too_approximate,1,1,0
too_approachable,1,1,0
awfully_wide,1,1,0
awkwardly_antisocial,1,1,0
awkwardly_aware,1,1,0
awkwardly_bulky,1,1,0
awkwardly_charming,1,0,1
awkwardly_foolish,1,0,1
too_antithetical,1,1,0
awkwardly_eclectic,1,1,0
too_anti-social,1,1,0
too_anti-israel,1,1,0
too_anti-gay,1,1,0
too_answerable,1,1,0
awkwardly_embarrassing,1,1,0
too_autonomous,1,1,0
awfully_scary,1,1,0
back_angled,1,0,1
awfully_lazy,1,1,0
awfully_helpful,1,0,1
awfully_homogenous,1,0,1
awfully_hostile,1,1,0
awfully_hot,1,1,0
awfully_impolite,1,1,0
awfully_impressed,1,1,0
awfully_impressive,1,1,0
awfully_inaccurate,1,1,0
awfully_incompetent,1,1,0
awfully_ineffective,1,1,0
too_bloodless,1,1,0
awfully_intelligent,1,1,0
awfully_irritated,1,1,0
too_blessed,1,1,0
awfully_keen,1,0,1
too_blasphemous,1,1,0
awfully_laborious,1,1,0
awfully_heavy,1,1,0
awfully_heartwarming,1,1,0
awfully_heady,1,1,0
awfully_fraught,1,1,0
awfully_far-fetched,1,1,0
awfully_fat,1,1,0
too_buddhist,1,1,0
awfully_fine,1,1,0
awfully_flawed,1,1,0
awfully_fond,1,1,0
awfully_foolish,1,1,0
awfully_frustrating,1,0,1
awfully_glib,1,1,0
awfully_fussy,1,1,0
awfully_fuzzy,1,1,0
awfully_general,1,0,1
too_breathtaking,1,1,0
too_breathless,1,1,0
awfully_generic,1,0,1
awfully_glad,1,1,0
too_blank,1,1,0
too_blameless,1,1,0
awfully_sad,1,0,1
awfully_light,1,1,0
awfully_passionate,1,1,0
too_beefy,1,1,0
awfully_pathetic,1,0,1
awfully_personal,1,0,1
too_bearable,1,1,0
awfully_picky,1,1,0
awfully_poignant,1,0,1
too_baroque,1,1,0
awfully_pretty,1,1,0
too_balmy,1,1,0
awfully_pricy,1,1,0
awfully_progressive,1,1,0
awfully_provincial,1,1,0
awfully_ready,1,1,0
awfully_right,1,0,1
awfully_romantic,1,0,1
awfully_russian,1,0,1
too_bellicose,1,1,0
too_beloved,1,1,0
awfully_obvious,1,0,1
too_bigger,1,1,0
awfully_loud,1,1,0
too_bittersweet,1,1,0
awfully_lower,1,1,0
too_bipartisan,1,1,0
too_biological,1,1,0
too_binding,1,1,0
awfully_messy,1,1,0
awfully_misinformed,1,1,0
too_benevolent,1,1,0
awfully_muddled,1,1,0
awfully_mysterious,1,0,1
awfully_naive,1,0,1
awfully_neat,1,1,0
too_better,1,1,0
awfully_noble,1,0,1
awfully_obstinate,1,1,0
too_altruistic,1,1,0
too_alone,1,1,0
together_inclusive,1,0,1
together_promising,1,1,0
badly_fertile,1,1,0
together_terrible,1,1,0
together_suspicious,1,1,0
badly_frightened,1,1,0
together_specific,1,1,0
together_sickening,1,1,0
together_shocking,1,1,0
badly_gendered,1,1,0
together_sensual,1,1,0
badly_hectic,1,1,0
badly_hungover,1,1,0
together_right,1,1,0
together_rich,1,1,0
badly_impressed,1,1,0
together_relative,1,1,0
badly_inaccurate,1,1,0
together_questionable,1,1,0
together_tight,1,1,0
together_timeless,1,1,0
together_unavailable,1,1,0
together_unpleasant,1,1,0
badly_dysfunctional,1,1,0
together_weighty,1,1,0
together_vicious,1,1,0
together_useless,1,1,0
together_useful,1,1,0
together_unusual,1,1,0
together_unsettling,1,1,0
together_unlikeable,1,1,0
together_unbelievable,1,1,0
badly_favorable,1,1,0
together_unimpressed,1,1,0
together_unimportant,1,1,0
together_unfathomable,1,1,0
together_unexpected,1,1,0
together_uneventful,1,1,0
together_uncertain,1,1,0
together_proportional,1,1,0
together_professional,1,1,0
badly_dry,1,1,0
together_preventable,1,1,0
together_miserable,1,1,0
together_messy,1,1,0
together_menacing,1,1,0
badly_manipulative,1,1,0
together_live,1,1,0
together_lesser,1,1,0
together_larger,1,1,0
together_joint,1,1,0
together_irresistible,1,1,0
together_inventive,1,1,0
together_intolerant,1,1,0
badly_miscast,1,1,0
together_intentional,1,1,0
together_inspiring,1,1,0
together_innocent,1,1,0
together_inefficient,1,1,0
together_indicative,1,1,0
together_modern,1,1,0
together_moral,1,1,0
badly_malnourished,1,1,0
together_online,1,1,0
badly_incomplete,1,1,0
together_pleasant,1,1,0
badly_inefficient,1,1,0
together_painful,1,1,0
together_overwhelming,1,1,0
together_other,1,1,0
together_opposite,1,1,0
together_off-putting,1,1,0
together_much,1,1,0
together_odd,1,1,0
together_nostalgic,1,0,1
together_normal,1,1,0
together_non-stop,1,1,0
together_nightmarish,1,1,0
together_nice,1,1,0
badly_intentioned,1,1,0
together_worse,1,1,0
together_worthy,1,1,0
back_awake,1,1,0
back_weak,1,0,1
too_affordable,1,1,0
too_affluent,1,1,0
back_more,1,1,0
back_negative,1,1,0
back_normal,1,1,0
too_administrative,1,1,0
back_organized,1,0,1
back_outdoors,1,1,0
too_addicting,1,1,0
too_adaptable,1,1,0
too_adamant,1,1,0
back_similar,1,0,1
back_sore,1,1,0
back_stronger,1,1,0
back_true,1,1,0
back_upright,1,1,0
back_various,1,1,0
back_large,1,1,0
back_hostile,1,1,0
back_harder,1,1,0
back_easy,1,1,0
back_better,1,1,0
back_bigger,1,1,0
back_clean,1,1,0
back_cool,1,1,0
back_current,1,1,0
too_alcoholic,1,1,0
back_deep,1,1,0
back_equal,1,0,1
back_happy,1,1,0
back_extensive,1,1,0
too_agonizing,1,1,0
too_agnostic,1,1,0
too_agitated,1,1,0
back_faster,1,1,0
too_aghast,1,1,0
back_full,1,1,0
back_vibrant,1,1,0
too_accountable,1,1,0
badly_drunk,1,1,0
too_accommodative,1,1,0
tonally_perfect,1,1,0
tonally_opposite,1,1,0
tonally_odd,1,1,0
tonally_luscious,1,1,0
badly_damaging,1,1,0
tonally_inappropriate,1,1,0
tonally_identifiable,1,0,1
tonally_divergent,1,1,0
tonally_dissonant,1,1,0
badly_disorganized,1,1,0
tonally_complex,1,1,0
tonally_challenging,1,1,0
tonally_ambiguous,1,0,1
tonally_accurate,1,1,0
tonally_accessible,1,1,0
together_yummy,1,1,0
together_young,1,1,0
tonally_shaky,1,1,0
badly_damaged,1,1,0
tonally_subtle,1,0,1
badly_accessible,1,1,0
backward_dependent,1,1,0
backward_double,1,1,0
backward_good,1,1,0
backwards_best,1,1,0
backwards_legal,1,1,0
backwards_relative,1,1,0
backwards_social,1,1,0
too_absorbent,1,1,0
tonally_uneven,1,1,0
badly_approachable,1,1,0
badly_bent,1,1,0
badly_burdensome,1,1,0
badly_clad,1,1,0
badly_confused,1,1,0
too_3d,1,1,0
tonally_wrong,1,1,0
as_sedentary,1,0,1
too_identical,1,1,0
totally_criminal,1,0,1
around_many,1,1,0
around_inconvenient,1,1,0
around_inferior,1,1,0
around_irritating,1,1,0
too_timeless,1,1,0
around_kinder,1,1,0
around_knowledgeable,1,1,0
around_larger,1,1,0
around_lazy,1,1,0
around_lean,1,1,0
around_lengthy,1,1,0
around_liberating,1,1,0
too_thorny,1,1,0
around_long,1,1,0
around_longer,1,1,0
too_thicker,1,1,0
around_lousy,1,1,0
around_lovable,1,1,0
around_inclined,1,1,0
around_inappropriate,1,1,0
around_inactive,1,1,0
around_hotter,1,1,0
around_handy,1,1,0
around_harder,1,1,0
around_hearty,1,1,0
too_translucent,1,1,0
around_helpless,1,1,0
too_trans,1,1,0
around_hospitable,1,1,0
around_huge,1,1,0
around_impressed,1,1,0
around_human,1,1,0
around_hydrated,1,1,0
too_tortured,1,1,0
around_ideal,1,1,0
too_tolerable,1,1,0
around_immediate,1,1,0
around_impeccable,1,1,0
around_lower,1,1,0
around_mean,1,1,0
around_full,1,1,0
too_territorial,1,1,0
around_proficient,1,1,0
around_proud,1,1,0
around_quicker,1,1,0
around_quirky,1,1,0
around_related,1,1,0
around_relaxed,1,1,0
around_relaxing,1,1,0
around_restless,1,1,0
too_systematic,1,0,1
around_rude,1,1,0
around_run,1,1,0
too_symbiotic,1,1,0
around_scholarly,1,1,0
around_selfless,1,1,0
around_sensible,1,1,0
around_separate,1,1,0
around_several,1,1,0
around_prettier,1,1,0
around_present,1,1,0
around_powerful,1,1,0
around_other,1,0,1
around_meaningful,1,1,0
around_messy,1,1,0
too_terrific,1,1,0
around_nervous,1,1,0
around_obnoxious,1,1,0
around_okay,1,1,0
around_opinionated,1,1,0
around_painful,1,1,0
too_tasteless,1,1,0
too_temperate,1,1,0
too_temperamental,1,1,0
too_telling,1,1,0
around_passionate,1,1,0
around_pleased,1,1,0
around_poor,1,1,0
around_popular,1,1,0
around_goofy,1,1,0
around_frustrating,1,1,0
around_shoddy,1,1,0
too_underrated,1,1,0
too_unflattering,1,1,0
too_unflappable,1,1,0
around_deeper,1,1,0
around_dependant,1,1,0
around_detailed,1,1,0
around_devoid,1,1,0
around_digital,1,1,0
too_uneventful,1,1,0
around_dirty,1,1,0
too_unethical,1,0,1
around_disgusting,1,1,0
too_undocumented,1,1,0
too_undeveloped,1,1,0
around_disingenuous,1,1,0
around_distraught,1,1,0
around_distressed,1,1,0
around_disturbing,1,1,0
around_cute,1,1,0
around_curious,1,1,0
around_creepy,1,1,0
around_clearer,1,1,0
around_capable,1,1,0
around_carefree,1,1,0
around_certain,1,1,0
too_unknowable,1,1,0
around_challenging,1,1,0
around_cheaper,1,1,0
around_chuffed,1,1,0
around_closer,1,1,0
too_unfounded,1,1,0
around_clumsy,1,1,0
around_comfortable,1,1,0
around_competent,1,1,0
too_unimaginable,1,1,0
around_confident,1,1,0
around_consistent,1,1,0
around_controversial,1,1,0
around_double,1,1,0
too_underground,1,1,0
around_frightening,1,1,0
around_eager,1,0,1
around_exquisite,1,1,0
around_extra,1,1,0
around_famous,1,1,0
too_un-american,1,1,0
around_first,1,1,0
around_flatter,1,1,0
around_flattering,1,1,0
around_flawless,1,1,0
too_tumultuous,1,1,0
around_flustered,1,1,0
too_trustworthy,1,1,0
around_fourth,1,1,0
around_freaky,1,1,0
around_free,1,1,0
too_troubled,1,1,0
too_tropical,1,1,0
around_frightened,1,1,0
too_unattainable,1,1,0
around_expressive,1,1,0
around_explicit,1,1,0
around_eminent,1,1,0
around_educated,1,1,0
too_undecided,1,1,0
around_effective,1,1,0
around_electrifying,1,1,0
around_embarrassing,1,1,0
too_unconnected,1,1,0
too_unconditional,1,1,0
around_endearing,1,1,0
around_expensive,1,1,0
around_enlightening,1,1,0
around_equal,1,1,0
around_equivalent,1,1,0
too_unbreakable,1,1,0
around_exciting,1,1,0
too_unbeatable,1,1,0
around_exhausting,1,1,0
around_shitty,1,1,0
around_sick,1,1,0
too_unmanageable,1,1,0
artistically_motivating,1,1,0
artistically_detailed,1,1,0
artistically_distant,1,1,0
artistically_dormant,1,1,0
too_sneaky,1,1,0
artistically_eclectic,1,1,0
artistically_excellent,1,1,0
artistically_exciting,1,0,1
artistically_feminine,1,1,0
artistically_fulfilling,1,1,0
artistically_gifted,1,1,0
artistically_gratifying,1,1,0
artistically_hot,1,1,0
too_sly,1,1,0
artistically_illegitimate,1,1,0
artistically_invigorating,1,1,0
artistically_mature,1,1,0
artistically_meaningful,1,0,1
artistically_deeper,1,1,0
too_socialist,1,1,0
artistically_dead,1,1,0
too_sorrowful,1,1,0
artistically_audacious,1,1,0
artistically_awesome,1,1,0
artistically_beautiful,1,0,1
artistically_bent,1,1,0
too_spacious,1,1,0
artistically_big,1,0,1
artistically_bold,1,1,0
artistically_capable,1,1,0
too_soft-spoken,1,1,0
artistically_celebrated,1,1,0
artistically_compelling,1,1,0
artistically_competent,1,1,0
artistically_complex,1,1,0
artistically_conservative,1,1,0
artistically_correct,1,1,0
artistically_crude,1,1,0
artistically_minimal,1,1,0
artistically_naive,1,1,0
too_speechless,1,1,0
artistically_new,1,1,0
artistically_uncompromising,1,1,0
artistically_unsatisfying,1,0,1
artistically_useless,1,0,1
artistically_valuable,1,0,1
artistically_viable,1,1,0
too_shoddy,1,1,0
artistically_vibrant,1,1,0
too_shitty,1,1,0
too_shit,1,1,0
as_accidental,1,1,0
as_acclaimed,1,1,0
as_accustomed,1,0,1
as_achievable,1,1,0
as_acoustic,1,1,0
too_sexualized,1,1,0
as_actionable,1,1,0
as_addicting,1,1,0
artistically_suspect,1,1,0
artistically_strong,1,0,1
artistically_strange,1,1,0
artistically_resentful,1,1,0
artistically_novel,1,1,0
artistically_outstanding,1,1,0
artistically_passionate,1,1,0
artistically_poignant,1,1,0
artistically_powerful,1,1,0
artistically_related,1,0,1
artistically_remarkable,1,1,0
artistically_respectable,1,0,1
artistically_sterile,1,1,0
artistically_right,1,1,0
artistically_riskier,1,0,1
artistically_schizophrenic,1,1,0
artistically_secure,1,1,0
artistically_similar,1,1,0
artistically_skilled,1,1,0
artistically_sound,1,0,1
artistically_amazing,1,0,1
artistically_alluring,1,1,0
around_silly,1,1,0
around_upbeat,1,1,0
around_thinner,1,1,0
around_threatening,1,1,0
too_subject,1,1,0
around_toxic,1,1,0
around_true,1,1,0
around_unbalanced,1,1,0
around_unfathomable,1,1,0
too_studious,1,1,0
around_unhealthy,1,1,0
around_uninteresting,1,1,0
around_uninterrupted,1,1,0
around_unique,1,1,0
around_unprofessional,1,1,0
around_unreliable,1,1,0
around_unseen,1,1,0
too_stretchy,1,1,0
around_unstable,1,1,0
around_thankful,1,1,0
around_terrifying,1,1,0
around_terrific,1,1,0
around_stressful,1,1,0
around_smoother,1,1,0
around_soothing,1,1,0
around_sophisticated,1,1,0
around_special,1,1,0
too_superior,1,1,0
too_superfluous,1,1,0
around_straightforward,1,1,0
too_sumptuous,1,1,0
too_succinct,1,1,0
too_summery,1,1,0
too_sultry,1,1,0
around_stronger,1,1,0
around_subtle,1,1,0
around_successful,1,1,0
around_sure,1,1,0
too_such,1,1,0
around_unsuccessful,1,1,0
too_streamlined,1,1,0
too_spherical,1,1,0
too_streaky,1,1,0
artificially_easy,1,1,0
artificially_flat,1,1,0
artificially_good,1,1,0
artificially_higher,1,1,0
artificially_inexpensive,1,1,0
artificially_narrow,1,1,0
artificially_natural,1,1,0
artificially_perfect,1,1,0
artificially_restrictive,1,1,0
artificially_scarce,1,1,0
artificially_sentient,1,1,0
artificially_sunny,1,1,0
too_spoilt,1,1,0
artistically_accomplished,1,1,0
artistically_active,1,1,0
too_spirited,1,1,0
artistically_adventurous,1,1,0
artificially_dynamic,1,1,0
too_startling,1,1,0
artificially_contrived,1,1,0
too_stoked,1,1,0
around_upset,1,1,0
around_useless,1,1,0
too_strained,1,1,0
around_venomous,1,1,0
around_weaker,1,1,0
around_weirder,1,1,0
around_welcome,1,1,0
around_wireless,1,1,0
too_stationary,1,1,0
around_worst,1,1,0
artificially_alive,1,1,0
artificially_alkaline,1,1,0
artificially_amiss,1,0,1
artificially_bigger,1,0,1
artificially_buoyant,1,1,0
artificially_conscious,1,1,0
around_calmer,1,1,0
too_unmoved,1,1,0
too_several,1,1,0
appropriately_worth,1,1,0
totally_bewildering,1,1,0
appropriately_thoughtful,1,0,1
appropriately_thrilled,1,1,0
totally_bereft,1,1,0
totally_beneficial,1,1,0
appropriately_true,1,0,1
totally_bearable,1,0,1
appropriately_uncommon,1,0,1
appropriately_unplayable,1,1,0
totally_barren,1,1,0
appropriately_upbeat,1,1,0
appropriately_vague,1,1,0
appropriately_vile,1,1,0
appropriately_wary,1,1,0
totally_baffling,1,1,0
totally_baffled,1,0,1
appropriately_weird,1,0,1
appropriately_tense,1,1,0
appropriately_superficial,1,1,0
appropriately_substantial,1,0,1
appropriately_speedy,1,1,0
appropriately_sparkly,1,0,1
totally_brutal,1,1,0
totally_british,1,1,0
appropriately_special,1,0,1
totally_bright,1,0,1
totally_breathtaking,1,0,1
totally_brave,1,1,0
appropriately_strong,1,0,1
appropriately_subject,1,1,0
totally_bold,1,1,0
appropriately_stronger,1,1,0
totally_blue,1,1,0
totally_bloodless,1,1,0
appropriately_stylish,1,1,0
totally_blase,1,1,0
totally_blank,1,1,0
appropriately_worried,1,1,0
appropriately_young,1,1,0
appropriately_solemn,1,1,0
appropriately_youthful,1,1,0
totally_apathetic,1,1,0
totally_antagonistic,1,1,0
approximately_neutral,1,1,0
totally_annoying,1,1,0
totally_angry,1,1,0
totally_analogous,1,1,0
approximately_professional,1,1,0
approximately_ready,1,1,0
approximately_real,1,1,0
totally_ambivalent,1,1,0
totally_ambiguous,1,1,0
approximately_related,1,0,1
totally_amateurish,1,1,0
approximately_same,1,1,0
totally_alternate,1,1,0
approximately_uniform,1,1,0
approximately_wrong,1,1,0
totally_apocryphal,1,1,0
approximately_linear,1,0,1
approximately_incredulous,1,0,1
approximately_enough,1,1,0
approximately_attractive,1,1,0
approximately_close,1,1,0
approximately_constant,1,1,0
approximately_difficult,1,1,0
approximately_domestic,1,1,0
totally_attuned,1,0,1
totally_attainable,1,1,0
approximately_exact,1,1,0
totally_appealing,1,0,1
totally_artistic,1,1,0
approximately_flush,1,1,0
totally_arguable,1,1,0
approximately_good,1,1,0
approximately_homogeneous,1,1,0
totally_approachable,1,0,1
approximately_imperfect,1,1,0
totally_busy,1,1,0
totally_calming,1,0,1
totally_allergic,1,0,1
appropriately_rabid,1,0,1
totally_connected,1,1,0
appropriately_nuclear,1,0,1
appropriately_open-ended,1,1,0
totally_configurable,1,1,0
totally_confidential,1,1,0
appropriately_overwhelming,1,1,0
totally_concerned,1,1,0
appropriately_pathetic,1,1,0
appropriately_pleased,1,0,1
totally_comprehensible,1,1,0
totally_complicit,1,1,0
totally_compliant,1,1,0
appropriately_pretentious,1,0,1
totally_competitive,1,1,0
appropriately_professional,1,1,0
appropriately_proud,1,1,0
totally_communist,1,1,0
totally_conservative,1,1,0
appropriately_nostalgic,1,1,0
appropriately_nauseating,1,0,1
appropriately_medieval,1,0,1
appropriately_large,1,0,1
appropriately_laudable,1,1,0
appropriately_lean,1,1,0
totally_counterintuitive,1,1,0
totally_cosmetic,1,1,0
appropriately_lifeless,1,1,0
appropriately_meaty,1,0,1
totally_cooler,1,0,1
appropriately_mundane,1,0,1
appropriately_melodramatic,1,1,0
appropriately_memorable,1,0,1
appropriately_metallic,1,0,1
totally_controversial,1,0,1
totally_controlled,1,0,1
appropriately_moist,1,1,0
totally_contrasting,1,0,1
totally_commonplace,1,0,1
appropriately_radical,1,0,1
totally_campy,1,1,0
totally_comic,1,1,0
appropriately_serious,1,1,0
totally_charitable,1,0,1
totally_charismatic,1,0,1
totally_characteristic,1,0,1
appropriately_shocked,1,1,0
totally_challenging,1,0,1
appropriately_similar,1,1,0
totally_ceremonial,1,1,0
totally_central,1,1,0
totally_cathartic,1,0,1
totally_catastrophic,1,1,0
appropriately_snazzy,1,0,1
totally_cartoonish,1,1,0
totally_caring,1,1,0
totally_careful,1,1,0
appropriately_soft,1,0,1
totally_candid,1,1,0
totally_cheesy,1,1,0
appropriately_sensational,1,0,1
appropriately_scary,1,1,0
totally_co-operative,1,1,0
totally_comfy,1,1,0
totally_comforting,1,0,1
appropriately_raw,1,1,0
totally_cold,1,1,0
totally_coincidental,1,1,0
totally_cohesive,1,0,1
appropriately_reassuring,1,1,0
totally_clunky,1,1,0
totally_chuffed,1,1,0
totally_close,1,1,0
appropriately_remote,1,1,0
appropriately_ridiculous,1,0,1
appropriately_savage,1,1,0
totally_classy,1,1,0
totally_classic,1,1,0
totally_circumstantial,1,1,0
totally_allowable,1,1,0
arbitrarily_critical,1,1,0
around_brilliant,1,1,0
arguably_related,1,1,0
arguably_legitimate,1,1,0
arguably_likely,1,1,0
too_utilitarian,1,1,0
arguably_lower,1,1,0
arguably_minor,1,1,0
arguably_moot,1,1,0
arguably_most,1,0,1
too_usable,1,1,0
arguably_naive,1,0,1
arguably_new,1,0,1
arguably_null,1,1,0
arguably_political,1,1,0
too_uplifting,1,0,1
too_upfront,1,1,0
arguably_quick,1,1,0
too_unwise,1,1,0
arguably_reasonable,1,1,0
too_vacuous,1,1,0
arguably_justifiable,1,1,0
arguably_jewish,1,1,0
arguably_important,1,1,0
arguably_feasible,1,1,0
arguably_fortunate,1,1,0
too_vindictive,1,1,0
arguably_glorious,1,0,1
arguably_good,1,1,0
too_vertical,1,1,0
too_versatile,1,1,0
arguably_impossible,1,1,0
arguably_interesting,1,1,0
arguably_inaccurate,1,0,1
arguably_inappropriate,1,1,0
arguably_incompatible,1,1,0
too_various,1,1,0
too_varied,1,1,0
arguably_infamous,1,1,0
arguably_inferior,1,1,0
arguably_recoverable,1,1,0
arguably_relevant,1,1,0
arguably_false,1,1,0
too_untrained,1,1,0
too_unremarkable,1,1,0
arguably_worthy,1,1,0
too_unregulated,1,1,0
around_addicting,1,1,0
around_additional,1,1,0
around_annoyed,1,1,0
around_appropriate,1,1,0
around_astute,1,0,1
around_athletic,1,1,0
around_average,1,1,0
around_awkward,1,1,0
around_beneficial,1,1,0
around_blurry,1,1,0
around_boring,1,1,0
too_unorganized,1,1,0
around_brighter,1,1,0
too_unnerved,1,1,0
too_unresponsive,1,1,0
arguably_valid,1,1,0
arguably_useful,1,1,0
arguably_tacky,1,1,0
too_untested,1,1,0
arguably_scarier,1,0,1
arguably_smarter,1,1,0
too_unsuitable,1,1,0
arguably_stupid,1,0,1
too_unstoppable,1,1,0
too_unsteady,1,1,0
too_unspoken,1,1,0
too_unsatisfying,1,1,0
arguably_terrible,1,1,0
arguably_unavoidable,1,0,1
too_unsightly,1,1,0
arguably_underrated,1,1,0
arguably_unethical,1,0,1
too_unscrupulous,1,1,0
arguably_unwise,1,1,0
too_viral,1,1,0
arguably_fair,1,1,0
totally_alarming,1,1,0
architecturally_remarkable,1,1,0
architecturally_detailed,1,1,0
architecturally_different,1,1,0
totally_abnormal,1,0,1
architecturally_emerging,1,1,0
totally_3d,1,1,0
architecturally_inconceivable,1,1,0
architecturally_incredible,1,1,0
architecturally_intrusive,1,1,0
architecturally_minimalist,1,1,0
architecturally_minimalistic,1,1,0
architecturally_modern,1,0,1
architecturally_necessary,1,1,0
too_wrinkled,1,1,0
too_wretched,1,1,0
architecturally_ornate,1,1,0
architecturally_outstanding,1,0,1
architecturally_precise,1,1,0
architecturally_blunt,1,0,1
totally_academic,1,0,1
architecturally_appropriate,1,0,1
totally_adequate,1,1,0
totally_airborne,1,1,0
arbitrarily_difficult,1,1,0
arbitrarily_high,1,1,0
totally_adult,1,0,1
totally_adrift,1,1,0
arbitrarily_lower,1,1,0
totally_adjacent,1,1,0
arbitrarily_restrictive,1,1,0
totally_accountable,1,1,0
arbitrarily_strict,1,1,0
totally_adaptable,1,1,0
totally_adamant,1,1,0
totally_active,1,1,0
totally_acoustic,1,1,0
arbitrarily_tedious,1,1,0
architecturally_advanced,1,1,0
architecturally_relevant,1,1,0
architecturally_robust,1,1,0
too_viscous,1,1,0
architecturally_separate,1,1,0
arguably_controversial,1,0,1
arguably_correct,1,1,0
arguably_credible,1,1,0
arguably_crude,1,1,0
arguably_damaging,1,1,0
too_warped,1,1,0
arguably_defamatory,1,1,0
arguably_deficient,1,1,0
arguably_distracting,1,1,0
too_voluptuous,1,0,1
too_voluntary,1,1,0
arguably_dubious,1,1,0
arguably_durable,1,1,0
arguably_elusive,1,1,0
arguably_entertaining,1,1,0
too_visual,1,1,0
arguably_essential,1,1,0
arguably_contrary,1,1,0
arguably_continuous,1,0,1
arguably_complete,1,1,0
arguably_annoying,1,1,0
architecturally_sound,1,1,0
architecturally_temporary,1,1,0
architecturally_worthwhile,1,1,0
architecturally_worthy,1,1,0
arguably_able,1,1,0
arguably_abnormal,1,0,1
arguably_accidental,1,1,0
too_wholesome,1,1,0
arguably_close,1,1,0
arguably_applicable,1,1,0
arguably_artsy,1,0,1
arguably_attractive,1,0,1
arguably_australian,1,1,0
arguably_bad,1,1,0
too_well-known,1,1,0
arguably_benevolent,1,1,0
as_adrift,1,0,1
as_adroit,1,0,1
too_identifiable,1,1,0
as_macabre,1,1,0
as_left-leaning,1,1,0
as_left-wing,1,1,0
too_malnourished,1,1,0
as_lethargic,1,1,0
as_liberating,1,1,0
too_majestic,1,1,0
as_lifelike,1,1,0
as_litigious,1,0,1
too_magnetic,1,1,0
as_lively,1,0,1
as_long-lived,1,1,0
as_loopy,1,0,1
as_lopsided,1,0,1
too_macabre,1,1,0
as_loveable,1,0,1
as_lucid,1,0,1
too_lukewarm,1,1,0
as_leery,1,1,0
too_manipulative,1,1,0
as_lawless,1,0,1
as_laborious,1,1,0
as_jam-packed,1,1,0
too_medicinal,1,1,0
as_jittery,1,1,0
as_jovial,1,1,0
as_judicious,1,1,0
as_junior,1,0,1
as_korean,1,1,0
as_lackluster,1,1,0
too_manual,1,1,0
as_larger,1,1,0
as_last,1,1,0
as_late,1,0,1
too_marvellous,1,1,0
as_latest,1,1,0
too_marginalised,1,1,0
as_lawful,1,1,0
as_luscious,1,0,1
as_macho,1,1,0
as_isolated,1,1,0
as_magnetic,1,1,0
as_menacing,1,1,0
as_mexican,1,1,0
as_mighty,1,1,0
as_militaristic,1,0,1
as_mind-boggling,1,1,0
as_minimum,1,1,0
as_miscast,1,1,0
as_misinformed,1,1,0
as_misogynistic,1,0,1
as_modular,1,1,0
as_monochromatic,1,1,0
as_monogamous,1,1,0
as_monthly,1,1,0
as_moot,1,1,0
as_most,1,1,0
as_motivational,1,0,1
as_mournful,1,1,0
as_meek,1,1,0
too_lively,1,1,0
as_meditative,1,1,0
as_mannered,1,1,0
too_lower,1,1,0
too_low-key,1,1,0
too_low-cost,1,1,0
as_malevolent,1,1,0
as_man-made,1,1,0
as_manifest,1,0,1
too_lopsided,1,1,0
as_marvellous,1,1,0
too_loathsome,1,1,0
as_mathematical,1,1,0
too_long-term,1,1,0
too_long-lived,1,1,0
too_long-lasting,1,1,0
as_matte,1,1,0
as_meaty,1,0,1
as_medieval,1,0,1
as_itchy,1,1,0
as_irritable,1,0,1
too_leftist,1,1,0
as_incompatible,1,1,0
too_negligent,1,1,0
too_nefarious,1,1,0
as_hygienic,1,1,0
as_hyped,1,1,0
as_hyperbolic,1,1,0
as_icky,1,0,1
too_nauseating,1,1,0
as_ideological,1,1,0
as_iffy,1,0,1
as_illegitimate,1,0,1
too_narrative,1,1,0
too_mystifying,1,1,0
as_impaired,1,0,1
as_impervious,1,1,0
as_implicit,1,1,0
too_mute,1,1,0
as_impotent,1,0,1
too_negligible,1,1,0
as_hospitable,1,1,0
too_nerve-wracking,1,1,0
as_heterosexual,1,1,0
too_nude,1,1,0
as_handicapped,1,1,0
too_noxious,1,1,0
too_notable,1,1,0
as_heartwarming,1,1,0
as_hellish,1,0,1
too_nomadic,1,1,0
as_holistic,1,0,1
as_honourable,1,0,1
too_nimble,1,1,0
as_homegrown,1,0,1
too_nightmarish,1,1,0
as_homemade,1,1,0
as_homogeneous,1,0,1
as_homogenous,1,1,0
as_homosexual,1,1,0
as_impregnable,1,1,0
too_mournful,1,1,0
as_irreversible,1,0,1
too_motivational,1,1,0
too_minimum,1,1,0
as_insulting,1,1,0
as_insurmountable,1,1,0
too_militant,1,1,0
too_meticulous,1,1,0
as_interdependent,1,0,1
as_intoxicated,1,1,0
too_metaphorical,1,1,0
as_intoxicating,1,1,0
too_mesmerizing,1,1,0
as_intrinsic,1,0,1
too_mercurial,1,1,0
as_introspective,1,0,1
as_irish,1,1,0
as_irksome,1,1,0
as_irreplaceable,1,0,1
too_melodic,1,1,0
too_miniscule,1,1,0
as_inspired,1,1,0
too_misguided,1,1,0
as_inebriated,1,1,0
too_motivating,1,1,0
as_indecent,1,1,0
as_indian,1,1,0
too_moronic,1,1,0
too_moribund,1,1,0
as_indistinguishable,1,1,0
as_individualistic,1,0,1
too_monolithic,1,1,0
as_injurious,1,1,0
as_inescapable,1,1,0
as_inflated,1,1,0
as_ingrained,1,0,1
as_inhospitable,1,1,0
too_misunderstood,1,1,0
too_misogynistic,1,1,0
too_misleading,1,1,0
as_muddled,1,1,0
too_left-wing,1,1,0
too_nutty,1,1,0
too_inconceivable,1,1,0
as_pushy,1,1,0
too_indispensable,1,1,0
too_indiscriminate,1,1,0
as_quixotic,1,0,1
too_indignant,1,1,0
too_indie,1,1,0
as_rabid,1,1,0
too_indian,1,1,0
as_rad,1,0,1
as_ragged,1,1,0
as_rainy,1,1,0
too_incriminating,1,1,0
as_reachable,1,1,0
as_readable,1,1,0
as_recognisable,1,1,0
too_inconsiderable,1,1,0
as_recreational,1,1,0
too_individualized,1,1,0
as_purple,1,1,0
too_industrial,1,1,0
too_inexplicable,1,1,0
as_prized,1,0,1
as_pro,1,1,0
as_pro-israel,1,1,0
as_procedural,1,1,0
too_infinite,1,1,0
too_inferior,1,1,0
too_infamous,1,1,0
as_programmable,1,1,0
as_punchy,1,0,1
as_promiscuous,1,1,0
as_prompt,1,1,0
as_proportionate,1,1,0
as_proprietary,1,1,0
as_provincial,1,1,0
as_psychic,1,0,1
as_puffy,1,1,0
too_incongruous,1,1,0
as_recyclable,1,1,0
too_ingrained,1,0,1
as_redundant,1,1,0
too_impactful,1,1,0
too_immutable,1,1,0
too_immobile,1,1,0
as_ruinous,1,1,0
as_runny,1,1,0
as_rusty,1,1,0
too_imbalanced,1,1,0
as_safer,1,1,0
too_imaginary,1,1,0
as_sanitary,1,1,0
too_illusory,1,1,0
too_illuminating,1,1,0
as_scant,1,1,0
as_sceptical,1,1,0
as_sci-fi,1,1,0
as_scottish,1,1,0
as_scrumptious,1,1,0
too_impaired,1,0,1
too_impenetrable,1,1,0
too_impervious,1,1,0
as_resentful,1,1,0
as_regimented,1,1,0
as_relieved,1,1,0
as_reminiscent,1,1,0
too_inane,1,1,0
as_renowned,1,0,1
as_replaceable,1,0,1
as_republican,1,0,1
as_residential,1,1,0
as_rhythmic,1,1,0
as_respectable,1,0,1
too_impressionable,1,1,0
as_restorative,1,1,0
as_reticent,1,0,1
as_reusable,1,1,0
as_revolting,1,1,0
too_implicit,1,1,0
too_ingenious,1,1,0
as_pricy,1,1,0
too_left-leaning,1,1,0
as_other,1,0,1
too_justified,1,1,0
as_nostalgia,1,1,0
as_nude,1,1,0
as_numb,1,1,0
as_observable,1,0,1
too_jubilant,1,1,0
as_occasional,1,0,1
as_off-putting,1,1,0
as_offended,1,1,0
as_offline,1,0,1
as_oily,1,0,1
as_old-school,1,1,0
as_omnipotent,1,0,1
too_jam-packed,1,1,0
as_opportunistic,1,1,0
as_orchestrated,1,1,0
too_irreverent,1,0,1
as_nominal,1,0,1
too_kinetic,1,1,0
as_nomadic,1,0,1
too_large-scale,1,1,0
too_leery,1,1,0
as_multicultural,1,1,0
too_lawless,1,1,0
too_laughable,1,1,0
too_latino,1,1,0
too_last,1,1,0
too_larger,1,1,0
as_narrower,1,1,0
as_nightmarish,1,1,0
as_native,1,1,0
too_laid,1,1,0
as_naturalistic,1,0,1
as_nauseating,1,1,0
as_nauseous,1,1,0
as_nerve-wracking,1,1,0
as_nifty,1,1,0
as_organized,1,1,0
as_overdone,1,0,1
too_inner,1,1,0
as_overdue,1,1,0
too_intelligible,1,1,0
as_pissed,1,1,0
as_plastic,1,1,0
as_playable,1,0,1
as_polarizing,1,0,1
as_porous,1,1,0
too_instructive,1,1,0
too_instinctive,1,1,0
too_inspirational,1,1,0
as_possessive,1,1,0
too_insincere,1,1,0
as_predisposed,1,1,0
too_insidious,1,1,0
as_preliminary,1,0,1
as_premature,1,1,0
as_prescient,1,1,0
as_presidential,1,0,1
as_permissible,1,0,1
too_intent,1,1,0
too_interdependent,1,1,0
as_overwrought,1,1,0
as_overgrown,1,1,0
as_overpaid,1,1,0
as_overpowering,1,0,1
as_overrated,1,1,0
as_oversized,1,1,0
too_invaluable,1,1,0
as_overworked,1,1,0
too_introverted,1,1,0
too_international,1,1,0
as_pagan,1,1,0
as_painstaking,1,1,0
too_intransigent,1,1,0
too_intractable,1,1,0
as_palpable,1,0,1
as_parochial,1,1,0
as_patchy,1,1,0
as_hairless,1,1,0
too_obedient,1,1,0
as_advantaged,1,1,0
as_chilling,1,1,0
as_bumpy,1,1,0
as_cagey,1,0,1
as_cancerous,1,0,1
as_capitalist,1,1,0
as_caucasian,1,0,1
as_cavalier,1,1,0
as_celebrated,1,0,1
as_centrist,1,0,1
too_relative,1,1,0
too_relational,1,1,0
too_related,1,1,0
as_ceremonial,1,0,1
too_regrettable,1,1,0
too_regal,1,0,1
too_refreshing,1,1,0
too_refined,1,1,0
as_chewy,1,1,0
as_buggy,1,1,0
as_budget-friendly,1,1,0
as_brisk,1,1,0
too_retarded,1,1,0
too_rhythmic,1,0,1
too_rhetorical,1,1,0
too_rewarding,1,0,1
as_bespoke,1,1,0
as_bewildered,1,1,0
as_biased,1,1,0
as_bigoted,1,1,0
too_restrained,1,1,0
too_repugnant,1,1,0
as_blasphemous,1,0,1
as_bossy,1,1,0
too_resolute,1,1,0
as_boundless,1,0,1
as_bountiful,1,0,1
too_resentful,1,1,0
as_breathless,1,1,0
as_childlike,1,0,1
as_chinese,1,1,0
as_beholden,1,1,0
too_reclusive,1,1,0
as_complacent,1,1,0
too_racial,1,1,0
as_compliant,1,1,0
too_quotable,1,1,0
too_quixotic,1,1,0
as_complimentary,1,1,0
as_conciliatory,1,0,1
as_condescending,1,1,0
too_quantifiable,1,1,0
too_qualitative,1,1,0
too_quaint,1,1,0
too_purposeful,1,1,0
as_constitutional,1,1,0
too_pungent,1,1,0
as_contemplative,1,1,0
too_psychological,1,1,0
as_contemptuous,1,1,0
as_comparable,1,0,1
as_combustible,1,0,1
as_colorless,1,1,0
too_reactive,1,1,0
as_choppy,1,1,0
too_receptive,1,1,0
too_reassuring,1,1,0
as_chuffed,1,1,0
as_chummy,1,1,0
as_circuitous,1,1,0
as_circular,1,1,0
as_claustrophobic,1,0,1
too_ragged,1,1,0
as_clingy,1,0,1
as_closer,1,1,0
as_closest,1,1,0
as_cluttered,1,1,0
as_cogent,1,1,0
as_cognizant,1,1,0
as_collegial,1,1,0
as_bent,1,1,0
as_beguiling,1,1,0
as_continuous,1,0,1
as_antagonistic,1,1,0
as_ambivalent,1,1,0
as_amenable,1,1,0
as_amiable,1,0,1
too_secondary,1,0,1
too_seasoned,1,1,0
too_seasonal,1,1,0
too_seamless,1,1,0
too_scrupulous,1,1,0
too_scrumptious,1,1,0
too_scrappy,1,1,0
too_scottish,1,1,0
as_analogous,1,1,0
as_androgynous,1,0,1
too_schizophrenic,1,1,0
too_sceptical,1,1,0
too_scathing,1,1,0
as_anecdotal,1,1,0
as_amazed,1,0,1
as_amateurish,1,0,1
as_alternate,1,1,0
as_african,1,1,0
too_serendipitous,1,1,0
as_adverse,1,1,0
too_sensual,1,1,0
as_aerodynamic,1,1,0
as_aesthetic,1,1,0
as_affecting,1,1,0
as_affective,1,1,0
too_self-indulgent,1,1,0
as_alright,1,1,0
as_aghast,1,1,0
as_agreeable,1,1,0
as_airtight,1,1,0
as_alarmed,1,1,0
as_alarmist,1,1,0
too_select,1,1,0
too_seedy,1,1,0
as_answerable,1,1,0
as_anti-semitic,1,1,0
as_beatable,1,0,1
as_anti-social,1,0,1
as_attainable,1,1,0
as_atypical,1,1,0
as_audible,1,1,0
as_australian,1,1,0
as_authoritarian,1,0,1
as_autocratic,1,1,0
as_autonomous,1,1,0
too_round,1,1,0
as_average,1,1,0
as_avid,1,1,0
as_avoidable,1,0,1
as_awake,1,1,0
as_awestruck,1,0,1
too_riveting,1,1,0
as_balanced,1,0,1
as_balmy,1,1,0
as_baroque,1,1,0
as_atmospheric,1,1,0
as_askew,1,1,0
as_asian,1,1,0
too_sanitary,1,1,0
too_scalable,1,1,0
as_antithetical,1,1,0
too_savage,1,1,0
as_apocalyptic,1,1,0
as_apolitical,1,0,1
as_appalled,1,1,0
as_appetizing,1,1,0
as_apropos,1,1,0
too_sacrosanct,1,0,1
too_same,1,1,0
as_armed,1,1,0
as_aromatic,1,1,0
as_artsy,1,0,1
too_sadistic,1,1,0
too_saddening,1,1,0
as_ashamed,1,1,0
too_psyched,1,1,0
too_protracted,1,1,0
as_gut-wrenching,1,1,0
too_outside,1,1,0
too_paradoxical,1,1,0
too_paltry,1,1,0
as_fascist,1,0,1
as_faster,1,0,1
too_palatable,1,1,0
as_faulty,1,1,0
as_feral,1,1,0
as_feverish,1,1,0
too_overused,1,1,0
too_oversized,1,1,0
too_overrated,1,1,0
as_financial,1,1,0
as_finite,1,0,1
too_overjoyed,1,1,0
as_first,1,0,1
as_flammable,1,0,1
as_flavourful,1,1,0
as_eye-popping,1,0,1
too_participatory,1,1,0
as_external,1,1,0
as_excitable,1,1,0
as_evasive,1,1,0
too_peripheral,1,1,0
too_perfunctory,1,1,0
as_exacting,1,0,1
as_exaggerated,1,1,0
as_exalted,1,0,1
as_exasperating,1,1,0
as_excruciating,1,1,0
as_expired,1,1,0
as_executive,1,1,0
as_exempt,1,1,0
as_exhaustive,1,0,1
as_exorbitant,1,1,0
too_patchy,1,1,0
as_expedient,1,1,0
too_passe,1,1,0
as_flawless,1,0,1
too_outraged,1,1,0
as_equivocal,1,0,1
as_floral,1,1,0
as_geometric,1,1,0
as_german,1,1,0
as_ghastly,1,1,0
as_glad,1,1,0
too_offbeat,1,1,0
too_off-putting,1,1,0
too_off-kilter,1,1,0
too_odious,1,1,0
too_occasional,1,1,0
as_godly,1,1,0
as_good-looking,1,0,1
as_gradual,1,1,0
as_grander,1,0,1
as_gratuitous,1,0,1
as_grey,1,1,0
as_groundless,1,1,0
as_gung,1,1,0
too_omnipotent,1,1,0
as_furious,1,1,0
as_fruity,1,1,0
too_opulent,1,1,0
as_flowery,1,1,0
as_flustered,1,1,0
as_foggy,1,1,0
as_forbidden,1,1,0
too_ornamental,1,1,0
as_foul,1,0,1
as_frank,1,1,0
too_optimal,1,1,0
as_fruitless,1,1,0
as_french,1,1,0
too_opposite,1,1,0
too_opportune,1,1,0
as_frightened,1,1,0
as_frightful,1,1,0
as_frigid,1,1,0
as_frosty,1,1,0
as_ethical,1,1,0
as_equitable,1,1,0
too_prosperous,1,1,0
as_disabled,1,1,0
as_dapper,1,0,1
too_primal,1,1,0
as_dazzling,1,1,0
as_deaf,1,1,0
as_debatable,1,0,1
as_defensive,1,1,0
as_deficient,1,1,0
as_dejected,1,1,0
as_demeaning,1,1,0
as_demonstrative,1,1,0
as_derelict,1,1,0
as_derogatory,1,0,1
too_prejudicial,1,1,0
as_desirous,1,1,0
too_predictive,1,1,0
as_detached,1,0,1
as_detectable,1,1,0
as_damned,1,1,0
as_damaged,1,0,1
too_privy,1,1,0
as_cranky,1,0,1
as_corporate,1,0,1
as_cosmic,1,0,1
as_cosmopolitan,1,1,0
too_prolonged,1,1,0
as_countless,1,1,0
as_coy,1,1,0
as_cramped,1,1,0
as_criminal,1,1,0
too_pro,1,1,0
too_proficient,1,1,0
as_crippling,1,1,0
as_cut,1,1,0
too_proactive,1,1,0
as_cutesy,1,1,0
too_pro-business,1,1,0
too_pro-american,1,1,0
as_diminutive,1,0,1
as_disciplined,1,1,0
too_personable,1,1,0
as_disconcerting,1,1,0
as_eco-friendly,1,1,0
as_ecological,1,1,0
too_platonic,1,1,0
as_elastic,1,1,0
too_placid,1,1,0
too_pivotal,1,1,0
as_electrifying,1,1,0
as_elliptical,1,1,0
as_employable,1,1,0
as_enamoured,1,1,0
as_endearing,1,1,0
as_endemic,1,0,1
as_enduring,1,1,0
too_petite,1,1,0
too_perverted,1,1,0
as_entrenched,1,0,1
too_personalized,1,1,0
too_pleasing,1,1,0
as_earthy,1,1,0
as_dystopian,1,1,0
as_distorted,1,1,0
as_discriminatory,1,0,1
as_disenchanted,1,1,0
as_disinterested,1,0,1
too_portable,1,1,0
too_populous,1,1,0
as_dissonant,1,1,0
as_distinguished,1,1,0
as_distraught,1,0,1
as_droll,1,0,1
as_doable,1,1,0
as_domestic,1,0,1
as_dope,1,0,1
as_dormant,1,1,0
as_dressy,1,1,0
too_pointed,1,1,0
as_drinkable,1,0,1
recently_big,1,1,0
real_responsive,1,1,0
recently_aware,1,1,0
necessarily_quantifiable,1,1,0
necessarily_prosperous,1,1,0
necessarily_proof,1,1,0
necessarily_profound,1,1,0
hopefully_funny,1,0,1
necessarily_probable,1,1,0
hopefully_good,1,0,1
necessarily_preliminary,1,1,0
necessarily_predictive,1,1,0
necessarily_practical,1,1,0
necessarily_possible,1,1,0
hopefully_great,1,1,0
necessarily_pop,1,0,1
hopefully_green,1,1,0
necessarily_pleasurable,1,1,0
necessarily_pleasing,1,1,0
necessarily_pleased,1,1,0
hopefully_healthier,1,1,0
hopefully_fat,1,1,0
necessarily_quick,1,1,0
hopelessly_discouraging,1,1,0
hopefully_familiar,1,1,0
necessarily_reversible,1,1,0
necessarily_resistant,1,1,0
necessarily_resident,1,1,0
necessarily_republican,1,1,0
hopefully_complete,1,1,0
hopefully_dead,1,1,0
necessarily_religious,1,1,0
hopefully_delightful,1,0,1
hopefully_disinterested,1,1,0
necessarily_relatable,1,1,0
hopefully_doable,1,1,0
necessarily_reductive,1,1,0
necessarily_recoverable,1,1,0
necessarily_real-time,1,1,0
hopefully_everyday,1,1,0
necessarily_raunchy,1,1,0
necessarily_rare,1,1,0
necessarily_physical,1,0,1
necessarily_perverse,1,1,0
necessarily_persuasive,1,1,0
necessarily_permanent,1,1,0
necessarily_needy,1,1,0
necessarily_necessary,1,1,0
necessarily_natural,1,0,1
necessarily_narrow,1,1,0
necessarily_most,1,1,0
necessarily_mediocre,1,1,0
necessarily_medical,1,1,0
necessarily_meaningful,1,1,0
necessarily_marketable,1,1,0
necessarily_malicious,1,1,0
necessarily_malevolent,1,1,0
necessarily_loyal,1,1,0
necessarily_low-key,1,1,0
necessarily_loud,1,1,0
hopefully_lasting,1,0,1
necessarily_little,1,1,0
necessarily_limited,1,1,0
hopefully_interesting,1,1,0
hopefully_indicative,1,1,0
necessarily_newsworthy,1,1,0
necessarily_optimal,1,1,0
necessarily_payable,1,1,0
necessarily_partial,1,1,0
necessarily_painless,1,1,0
necessarily_pain-free,1,1,0
necessarily_pagan,1,1,0
necessarily_original,1,1,0
necessarily_organic,1,1,0
necessarily_operational,1,1,0
necessarily_normal,1,1,0
necessarily_old-fashioned,1,1,0
necessarily_old,1,1,0
necessarily_ok,1,1,0
necessarily_offensive,1,1,0
necessarily_obsessive,1,1,0
necessarily_obscure,1,1,0
necessarily_notable,1,1,0
necessarily_revolutionary,1,1,0
necessarily_rich,1,1,0
hopefully_coherent,1,0,1
necessarily_supernatural,1,0,1
necessarily_unique,1,1,0
necessarily_unintelligible,1,1,0
necessarily_unimportant,1,1,0
necessarily_uniform,1,1,0
honestly_true,1,1,0
necessarily_unhappy,1,1,0
necessarily_unfounded,1,1,0
honestly_uncomfortable,1,1,0
honestly_unreal,1,1,0
necessarily_ugly,1,1,0
honestly_vocal,1,1,0
necessarily_truthful,1,1,0
honestly_wholesome,1,1,0
necessarily_troublesome,1,1,0
necessarily_terse,1,1,0
necessarily_temporary,1,1,0
necessarily_symptomatic,1,1,0
necessarily_unjust,1,1,0
necessarily_unjustified,1,1,0
necessarily_unknowable,1,1,0
honestly_surprised,1,1,0
honestly_sick,1,1,0
necessarily_vivid,1,0,1
necessarily_virtuous,1,1,0
necessarily_violent,1,1,0
necessarily_vegetarian,1,1,0
honestly_sober,1,1,0
necessarily_utilitarian,1,1,0
necessarily_uplifting,1,1,0
necessarily_unpleasant,1,0,1
necessarily_unwelcome,1,1,0
necessarily_unusual,1,0,1
necessarily_untrue,1,1,0
necessarily_untrained,1,1,0
necessarily_unsupported,1,1,0
necessarily_unrealistic,1,1,0
necessarily_unreadable,1,0,1
necessarily_sustainable,1,1,0
honestly_worthy,1,1,0
hopefully_closer,1,0,1
necessarily_suitable,1,1,0
necessarily_sinister,1,1,0
necessarily_sinful,1,1,0
necessarily_sincere,1,1,0
hopefully_big,1,1,0
hopefully_blind,1,1,0
necessarily_shy,1,1,0
necessarily_showy,1,1,0
hopefully_capable,1,1,0
necessarily_sentient,1,1,0
necessarily_sensible,1,1,0
necessarily_scarce,1,1,0
necessarily_savvy,1,1,0
necessarily_savage,1,1,0
necessarily_satisfying,1,1,0
necessarily_satisfied,1,1,0
hopefully_cheerful,1,1,0
necessarily_rosy,1,1,0
necessarily_sleek,1,1,0
necessarily_slippery,1,1,0
necessarily_slow,1,1,0
necessarily_stubborn,1,1,0
necessarily_sufficient,1,1,0
necessarily_successful,1,1,0
honestly_wrong,1,1,0
necessarily_subordinate,1,1,0
necessarily_subjective,1,1,0
hopefully_able,1,1,0
necessarily_subconscious,1,1,0
necessarily_strong,1,1,0
hopefully_beautiful,1,0,1
necessarily_straightforward,1,1,0
necessarily_spontaneous,1,1,0
hopefully_abrupt,1,1,0
necessarily_specific,1,1,0
necessarily_spanish,1,1,0
necessarily_smooth,1,1,0
hopefully_available,1,1,0
hopefully_less,1,1,0
necessarily_likable,1,1,0
necessarily_legitimate,1,1,0
necessarily_civil,1,1,0
necessarily_critical,1,1,0
necessarily_creative,1,1,0
necessarily_crazy,1,1,0
necessarily_cramped,1,1,0
necessarily_corrosive,1,1,0
necessarily_contradictory,1,1,0
necessarily_conscious,1,1,0
hopelessly_arrogant,1,1,0
necessarily_confrontational,1,1,0
necessarily_concerned,1,1,0
necessarily_comprehensible,1,1,0
hopelessly_artificial,1,1,0
necessarily_commercial,1,1,0
necessarily_commendable,1,0,1
hopelessly_awkward,1,1,0
necessarily_closest,1,1,0
necessarily_clever,1,0,1
necessarily_cruel,1,1,0
necessarily_damaging,1,1,0
necessarily_dark,1,1,0
hopefully_worth,1,0,1
necessarily_downbeat,1,1,0
necessarily_dominant,1,1,0
necessarily_disturbing,1,1,0
necessarily_disturbed,1,1,0
necessarily_distinctive,1,1,0
hopefully_visible,1,1,0
necessarily_dissatisfied,1,1,0
hopefully_worthwhile,1,0,1
necessarily_decent,1,1,0
necessarily_devoid,1,1,0
necessarily_detrimental,1,1,0
necessarily_detailed,1,1,0
hopefully_worthy,1,0,1
necessarily_depressed,1,1,0
necessarily_democratic,1,1,0
necessarily_delightful,1,1,0
necessarily_clear,1,1,0
necessarily_cheap,1,1,0
necessarily_effective,1,1,0
necessarily_cautious,1,1,0
necessarily_affordable,1,1,0
hopelessly_critical,1,1,0
necessarily_admirable,1,1,0
hopelessly_defective,1,1,0
necessarily_acceptable,1,1,0
necessarily_absurd,1,1,0
hopelessly_deluded,1,1,0
necessarily_abnormal,1,0,1
necessarily_able,1,1,0
hopelessly_depraved,1,1,0
nearly_young,1,1,0
hopelessly_derivative,1,1,0
hopelessly_devoid,1,1,0
nearly_worst,1,1,0
nearly_wonderful,1,0,1
hopelessly_dim,1,1,0
hopelessly_dirty,1,1,0
necessarily_alarming,1,1,0
necessarily_ambiguous,1,1,0
hopelessly_contradictory,1,1,0
necessarily_blunt,1,1,0
necessarily_cause,1,1,0
necessarily_catastrophic,1,1,0
hopelessly_bitter,1,1,0
necessarily_bullish,1,1,0
necessarily_broad,1,1,0
necessarily_brilliant,1,1,0
necessarily_brief,1,1,0
hopelessly_brutal,1,1,0
necessarily_appealing,1,1,0
hopelessly_bureaucratic,1,1,0
hopelessly_clueless,1,1,0
necessarily_autistic,1,1,0
necessarily_authoritative,1,1,0
necessarily_authentic,1,1,0
necessarily_apt,1,1,0
necessarily_approximate,1,1,0
hopefully_useful,1,0,1
necessarily_elusive,1,0,1
hopefully_listenable,1,0,1
hopefully_original,1,0,1
necessarily_incapable,1,1,0
necessarily_inappropriate,1,1,0
necessarily_inaccurate,1,1,0
necessarily_improper,1,1,0
necessarily_impressed,1,1,0
hopefully_nuanced,1,1,0
hopefully_old,1,1,0
necessarily_ill,1,1,0
necessarily_ideological,1,1,0
necessarily_idealistic,1,1,0
necessarily_ideal,1,1,0
necessarily_humorous,1,1,0
necessarily_human,1,1,0
necessarily_horizontal,1,1,0
necessarily_hopeful,1,1,0
necessarily_honorable,1,1,0
hopefully_optimistic,1,1,0
necessarily_inclusive,1,1,0
necessarily_inconsistent,1,1,0
necessarily_independent,1,1,0
necessarily_interdependent,1,1,0
necessarily_jewish,1,1,0
hopefully_male,1,0,1
necessarily_involved,1,0,1
necessarily_intuitive,1,1,0
necessarily_intrusive,1,1,0
necessarily_interesting,1,1,0
hopefully_many,1,0,1
necessarily_intentional,1,1,0
necessarily_indicative,1,1,0
necessarily_integral,1,1,0
necessarily_instrumental,1,1,0
hopefully_meaningful,1,0,1
necessarily_innocent,1,1,0
hopefully_minor,1,1,0
necessarily_ineligible,1,1,0
necessarily_inefficient,1,1,0
necessarily_high,1,1,0
necessarily_heavy,1,1,0
necessarily_enduring,1,1,0
hopefully_pleased,1,1,0
necessarily_feasible,1,1,0
necessarily_fatal,1,1,0
hopefully_sunny,1,1,0
hopefully_tasteful,1,1,0
hopefully_tasty,1,0,1
necessarily_factual,1,0,1
hopefully_temporary,1,1,0
necessarily_external,1,1,0
hopefully_true,1,1,0
necessarily_exclusive,1,0,1
necessarily_excited,1,1,0
necessarily_evocative,1,1,0
hopefully_unhealthy,1,0,1
necessarily_eternal,1,1,0
hopefully_unique,1,0,1
necessarily_enjoyable,1,1,0
necessarily_engaging,1,0,1
necessarily_flattering,1,1,0
necessarily_fluent,1,1,0
necessarily_forceful,1,1,0
hopefully_relevant,1,1,0
hopefully_positive,1,0,1
necessarily_hateful,1,1,0
necessarily_harmful,1,1,0
hopefully_prescriptive,1,1,0
necessarily_hard,1,1,0
hopefully_pure,1,0,1
hopefully_ready,1,1,0
necessarily_grand,1,1,0
necessarily_foreseeable,1,1,0
necessarily_gory,1,1,0
hopefully_second,1,1,0
hopefully_similar,1,0,1
necessarily_funny,1,1,0
hopefully_solid,1,0,1
necessarily_friendly,1,1,0
necessarily_formulaic,1,1,0
necessarily_wealthy,1,1,0
necessarily_welcome,1,1,0
honestly_shocked,1,1,0
hitherto_unreported,1,1,0
never_disheveled,1,1,0
hitherto_taboo,1,0,1
never_dignified,1,1,0
never_delinquent,1,1,0
hitherto_unaware,1,1,0
hitherto_unexplored,1,1,0
never_cute,1,1,0
never_cut,1,1,0
never_curious,1,1,0
never_courageous,1,1,0
never_correct,1,1,0
never_cool,1,1,0
never_congruent,1,1,0
never_conceivable,1,1,0
hitherto_unimaginable,1,0,1
never_comfortable,1,1,0
never_clueless,1,1,0
hitherto_secret,1,1,0
never_distinguishable,1,1,0
never_disturbing,1,1,0
never_fatal,1,1,0
never_funny,1,1,0
never_functional,1,1,0
historically_verifiable,1,1,0
never_full,1,1,0
never_fortunate,1,1,0
never_foolproof,1,1,0
historically_whiter,1,1,0
never_fair,1,1,0
never_dry,1,1,0
never_existent,1,1,0
historically_wide,1,1,0
historically_worrisome,1,1,0
never_empty,1,1,0
never_effective,1,1,0
historically_worth,1,1,0
hitherto_inaccessible,1,0,1
never_closer,1,1,0
hitherto_untapped,1,0,1
historically_unwilling,1,1,0
never_clear-cut,1,1,0
honestly_better,1,1,0
honestly_blind,1,1,0
honestly_blunt,1,1,0
honestly_christian,1,1,0
never_acceptable,1,1,0
never_absolute,1,1,0
honestly_concerned,1,1,0
honestly_confused,1,1,0
neither_young,1,1,0
neither_wrong,1,1,0
neither_worrisome,1,1,0
honestly_creepy,1,1,0
neither_white,1,1,0
neither_welcoming,1,1,0
neither_warm,1,1,0
neither_useful,1,1,0
neither_true,1,1,0
honestly_absurd,1,1,0
never_angry,1,1,0
never_anti-american,1,1,0
never_bored,1,1,0
hitherto_unthinkable,1,0,1
hitherto_untouched,1,1,0
home_early,1,1,0
never_calm,1,1,0
never_busy,1,1,0
never_busier,1,1,0
home_full-time,1,0,1
never_black,1,1,0
never_appropriate,1,1,0
never_big,1,1,0
home_proud,1,1,0
never_beneficial,1,1,0
home_sick,1,1,0
home_sweet,1,0,1
never_average,1,1,0
home_tired,1,0,1
never_gay,1,1,0
never_harsh,1,1,0
neither_surprised,1,1,0
never_oral,1,1,0
historically_specific,1,1,0
never_precious,1,1,0
never_powerful,1,1,0
historically_static,1,0,1
never_positive,1,1,0
historically_subject,1,0,1
never_political,1,1,0
historically_substantive,1,0,1
historically_successful,1,1,0
never_personal,1,1,0
never_permissible,1,1,0
historically_suspicious,1,1,0
historically_sympathetic,1,1,0
never_peaceful,1,1,0
never_painful,1,1,0
never_overwhelming,1,1,0
never_overdone,1,1,0
historically_solid,1,1,0
never_productive,1,1,0
never_profitable,1,1,0
never_religious,1,1,0
never_satisfying,1,1,0
historically_selective,1,1,0
never_satisfactory,1,1,0
never_safe,1,1,0
never_sad,1,1,0
never_rude,1,1,0
never_rich,1,1,0
never_reliable,1,1,0
never_punctual,1,1,0
never_redundant,1,1,0
historically_shaky,1,1,0
historically_slow,1,1,0
historically_social,1,1,0
never_rational,1,1,0
never_quick,1,1,0
never_pushy,1,1,0
never_ours,1,1,0
never_opposite,1,1,0
never_high,1,1,0
historically_themed,1,1,0
never_light,1,1,0
historically_unpaid,1,1,0
historically_unparalleled,1,0,1
never_legit,1,1,0
never_late,1,1,0
historically_unpopular,1,1,0
historically_unrecognizable,1,0,1
never_intrusive,1,0,1
historically_unstable,1,1,0
never_inexperienced,1,1,0
never_incorrect,1,1,0
never_inconsistent,1,1,0
never_inappropriate,1,1,0
never_ideal,1,1,0
historically_untenable,1,1,0
never_human,1,1,0
never_hostile,1,1,0
historically_unorganized,1,1,0
never_loving,1,1,0
historically_unique,1,1,0
historically_truthful,1,1,0
never_ongoing,1,1,0
historically_tolerant,1,1,0
historically_toothless,1,1,0
historically_traumatic,1,1,0
historically_tribal,1,1,0
historically_trivial,1,1,0
never_nervous,1,1,0
never_negative,1,1,0
historically_unionized,1,1,0
historically_unaware,1,1,0
historically_underserved,1,1,0
historically_undervalued,1,1,0
historically_unfriendly,1,1,0
never_monotonous,1,1,0
never_mean,1,1,0
never_many,1,1,0
neither_temporary,1,1,0
neither_superior,1,1,0
honestly_scary,1,1,0
needlessly_dressy,1,1,0
needlessly_inconsistent,1,1,0
needlessly_impatient,1,1,0
needlessly_hyperbolic,1,1,0
needlessly_hurtful,1,1,0
needlessly_hostile,1,1,0
needlessly_heavy,1,1,0
honestly_infuriating,1,1,0
needlessly_generous,1,1,0
honestly_invigorating,1,0,1
needlessly_frightening,1,1,0
needlessly_frightened,1,1,0
needlessly_forceful,1,1,0
honestly_legit,1,1,0
needlessly_feverish,1,1,0
needlessly_experimental,1,1,0
honestly_legitimate,1,1,0
needlessly_entertaining,1,1,0
needlessly_indulgent,1,1,0
honestly_indignant,1,1,0
needlessly_insulting,1,1,0
needlessly_muddy,1,0,1
needlessly_optimistic,1,1,0
needlessly_onerous,1,1,0
honestly_happy,1,1,0
needlessly_obtrusive,1,1,0
honestly_heartbreaking,1,1,0
needlessly_negative,1,1,0
needlessly_mysterious,1,1,0
needlessly_miserable,1,0,1
needlessly_irresponsible,1,1,0
needlessly_mean-spirited,1,1,0
needlessly_mean,1,1,0
needlessly_lurid,1,1,0
honestly_horrific,1,1,0
needlessly_lengthy,1,1,0
honestly_ignorant,1,1,0
honestly_incapable,1,1,0
needlessly_embarrassing,1,1,0
needlessly_divisive,1,1,0
needlessly_overdone,1,1,0
needlessly_disruptive,1,1,0
needlessly_burdensome,1,1,0
honestly_personal,1,1,0
needlessly_argumentative,1,1,0
needlessly_anxious,1,1,0
needlessly_antagonistic,1,1,0
needlessly_annoying,1,1,0
needlessly_ambiguous,1,1,0
needlessly_aggressive,1,1,0
needlessly_adversarial,1,1,0
needlessly_abusive,1,1,0
honestly_prideful,1,1,0
honestly_right,1,1,0
necessarily_worthy,1,1,0
honestly_satisfying,1,1,0
necessarily_worse,1,1,0
necessarily_worrisome,1,1,0
necessarily_wonderful,1,1,0
needlessly_bureaucratic,1,1,0
needlessly_chaotic,1,1,0
needlessly_coarse,1,1,0
needlessly_critical,1,1,0
needlessly_disrespectful,1,1,0
needlessly_dismissive,1,1,0
honestly_major,1,1,0
honestly_medical,1,0,1
needlessly_deadly,1,1,0
honestly_most,1,1,0
honestly_naive,1,1,0
needlessly_crass,1,1,0
needlessly_colorful,1,1,0
needlessly_costly,1,1,0
needlessly_conversational,1,1,0
needlessly_controversial,1,1,0
honestly_natural,1,0,1
honestly_neutral,1,1,0
honestly_open,1,1,0
honestly_outraged,1,1,0
needlessly_overbearing,1,1,0
needlessly_painful,1,0,1
neither_sufficient,1,1,0
neither_cost-efficient,1,1,0
neither_literate,1,1,0
neither_intuitive,1,1,0
neither_inclined,1,1,0
neither_important,1,1,0
neither_hungry,1,1,0
honestly_different,1,0,1
neither_funny,1,1,0
neither_fortunate,1,1,0
neither_festive,1,1,0
honestly_disappointed,1,1,0
neither_enough,1,1,0
neither_enjoyable,1,1,0
neither_eligible,1,1,0
neither_effective,1,1,0
neither_easy,1,1,0
neither_early,1,1,0
neither_definitive,1,1,0
neither_necessary,1,1,0
neither_obvious,1,1,0
honestly_desirous,1,1,0
honestly_delightful,1,0,1
neither_spontaneous,1,1,0
neither_sober,1,1,0
neither_simple,1,1,0
neither_sick,1,1,0
neither_sexist,1,1,0
neither_scary,1,1,0
neither_satisfied,1,1,0
neither_relevant,1,1,0
neither_pious,1,1,0
neither_ready,1,1,0
neither_rational,1,1,0
neither_quick,1,1,0
neither_qualified,1,1,0
neither_practical,1,1,0
honestly_delusional,1,1,0
neither_plausible,1,1,0
honestly_dishonest,1,1,0
neither_convenient,1,1,0
needlessly_pessimistic,1,1,0
neither_closer,1,1,0
needlessly_thick,1,1,0
needlessly_theatrical,1,1,0
needlessly_stressful,1,1,0
needlessly_steamy,1,1,0
needlessly_soulful,1,1,0
needlessly_scary,1,1,0
honestly_generous,1,1,0
needlessly_satisfied,1,1,0
needlessly_sarcastic,1,1,0
needlessly_rude,1,1,0
needlessly_risky,1,1,0
honestly_good,1,1,0
needlessly_regressive,1,1,0
needlessly_racist,1,1,0
honestly_gorgeous,1,1,0
needlessly_polarizing,1,1,0
needlessly_picky,1,1,0
needlessly_tight,1,1,0
needlessly_tragic,1,1,0
honestly_flabbergasted,1,1,0
neither_attainable,1,1,0
honestly_disturbing,1,1,0
neither_clean,1,1,0
neither_chic,1,0,1
neither_capable,1,1,0
neither_aware,1,1,0
neither_available,1,1,0
honestly_embarrassing,1,1,0
honestly_enough,1,1,0
needlessly_vague,1,1,0
neither_accountable,1,1,0
neither_acceptable,1,1,0
honestly_excited,1,1,0
needlessly_worried,1,1,0
needlessly_weird,1,1,0
needlessly_vulgar,1,1,0
honestly_fearful,1,1,0
nearly_whimsical,1,1,0
hopelessly_distressed,1,0,1
never_secure,1,1,0
naturally_vigorous,1,0,1
naturally_verbose,1,1,0
horribly_grim,1,1,0
horribly_grotesque,1,1,0
naturally_variable,1,1,0
naturally_uplifting,1,0,1
naturally_unwilling,1,1,0
naturally_unsafe,1,1,0
naturally_unpredictable,1,0,1
naturally_unjust,1,1,0
naturally_unique,1,1,0
naturally_uneven,1,1,0
naturally_uncomfortable,1,1,0
naturally_unattractive,1,0,1
naturally_true,1,1,0
naturally_trickier,1,1,0
naturally_translucent,1,1,0
naturally_transient,1,1,0
naturally_vibrant,1,1,0
naturally_violent,1,1,0
nearly_warm,1,1,0
horribly_greasy,1,1,0
near_classic,1,1,0
near_blind,1,1,0
horribly_feral,1,0,1
near_analogous,1,1,0
near_alike,1,1,0
horribly_flammable,1,1,0
naturally_zero,1,1,0
horribly_flexible,1,1,0
horribly_frightening,1,1,0
horribly_galling,1,0,1
horribly_garish,1,1,0
naturally_wicked,1,1,0
horribly_good,1,1,0
naturally_weak,1,1,0
naturally_wavy,1,1,0
horribly_goofy,1,1,0
horribly_graphic,1,1,0
naturally_transactional,1,1,0
naturally_tolerant,1,1,0
naturally_tight,1,1,0
naturally_thinner,1,1,0
horribly_hungover,1,1,0
naturally_subconscious,1,1,0
horribly_hypocritical,1,0,1
horribly_ill-advised,1,0,1
horribly_immature,1,1,0
naturally_spooky,1,0,1
naturally_splendid,1,1,0
naturally_speedy,1,1,0
naturally_sparse,1,1,0
naturally_soothing,1,1,0
naturally_soft,1,1,0
naturally_smooth,1,1,0
horribly_impractical,1,1,0
horribly_imprecise,1,1,0
naturally_small,1,1,0
naturally_slimy,1,0,1
horribly_inane,1,1,0
naturally_subjective,1,1,0
horribly_hot,1,1,0
horribly_honest,1,1,0
naturally_tactile,1,1,0
horribly_handicapped,1,1,0
naturally_thicker,1,1,0
naturally_thick,1,1,0
horribly_harmful,1,1,0
naturally_tart,1,0,1
naturally_tall,1,1,0
horribly_haunting,1,0,1
naturally_systematic,1,1,0
naturally_subservient,1,1,0
naturally_sympathetic,1,1,0
horribly_hazardous,1,1,0
naturally_sustainable,1,1,0
horribly_hazy,1,1,0
horribly_hectic,1,1,0
naturally_supportive,1,0,1
naturally_superior,1,1,0
near_comparable,1,1,0
near_contemporary,1,1,0
near_correct,1,1,0
nearly_able,1,1,0
nearly_autonomous,1,1,0
horribly_defamatory,1,1,0
nearly_attainable,1,1,0
horribly_deluded,1,1,0
nearly_arbitrary,1,1,0
nearly_annual,1,1,0
nearly_amusing,1,1,0
nearly_amorphous,1,1,0
nearly_alone,1,1,0
nearly_alive,1,1,0
horribly_depressing,1,1,0
nearly_alien,1,1,0
nearly_adequate,1,1,0
nearly_accessible,1,1,0
nearly_acceptable,1,1,0
horribly_distasteful,1,1,0
horribly_distracting,1,0,1
horribly_debilitating,1,1,0
horribly_dangerous,1,0,1
horribly_damp,1,1,0
horribly_contagious,1,0,1
nearly_civil,1,1,0
horribly_confusing,1,1,0
nearly_cheap,1,1,0
horribly_congested,1,1,0
nearly_cathartic,1,0,1
nearly_capable,1,1,0
nearly_calm,1,1,0
nearly_brilliant,1,1,0
horribly_damaging,1,1,0
nearly_breathless,1,1,0
horribly_convenient,1,1,0
horribly_corny,1,0,1
horribly_cumbersome,1,1,0
nearly_big,1,1,0
nearly_better,1,0,1
nearly_best,1,1,0
nearly_abnormal,1,1,0
near_worthless,1,1,0
near_darned,1,1,0
near_worse,1,1,0
near_impassable,1,1,0
horribly_entertaining,1,1,0
near_hysterical,1,1,0
near_honest,1,1,0
near_great,1,1,0
horribly_excessive,1,1,0
horribly_exciting,1,1,0
near_frail,1,1,0
near_flawless,1,1,0
near_flat,1,1,0
near_first,1,1,0
near_exact,1,1,0
near_equal,1,1,0
horribly_exhilarating,1,0,1
horribly_exploitative,1,1,0
near_destitute,1,1,0
near_dead,1,1,0
horribly_enlightening,1,1,0
near_inevitable,1,1,0
near_insolvent,1,1,0
near_spiritual,1,0,1
near_viable,1,1,0
near_useless,1,1,0
near_universal,1,1,0
near_unbearable,1,1,0
near_unanimous,1,1,0
horribly_disturbing,1,0,1
horribly_divisive,1,0,1
near_soulful,1,0,1
horribly_embarrassed,1,1,0
near_silent,1,1,0
horribly_dramatic,1,0,1
near_poor,1,1,0
near_pointless,1,1,0
horribly_dreadful,1,0,1
horribly_dull,1,1,0
near_neutral,1,1,0
horribly_incompetent,1,1,0
naturally_sleek,1,1,0
horribly_inconceivable,1,1,0
naturally_impatient,1,1,0
naturally_introverted,1,1,0
horribly_obtuse,1,0,1
naturally_interwoven,1,1,0
naturally_international,1,0,1
naturally_intelligent,1,1,0
horribly_other,1,0,1
naturally_innovative,1,1,0
naturally_inherent,1,1,0
naturally_informal,1,1,0
naturally_infectious,1,0,1
naturally_indigenous,1,1,0
naturally_indecisive,1,1,0
naturally_incorrect,1,1,0
naturally_incomplete,1,1,0
horribly_outraged,1,1,0
naturally_incapable,1,1,0
naturally_impotent,1,1,0
horribly_obese,1,1,0
naturally_invisible,1,1,0
naturally_ironic,1,1,0
horribly_monotonous,1,1,0
naturally_lucky,1,1,0
horribly_misleading,1,1,0
horribly_missing,1,0,1
naturally_loud,1,1,0
naturally_long,1,1,0
naturally_likeable,1,1,0
naturally_likable,1,0,1
naturally_legitimate,1,0,1
naturally_irregular,1,1,0
horribly_morbid,1,1,0
horribly_mundane,1,1,0
horribly_neurotic,1,1,0
horribly_noisy,1,1,0
horribly_normal,1,1,0
naturally_keen,1,1,0
naturally_juicy,1,1,0
horribly_overdue,1,1,0
horribly_overpaid,1,1,0
horribly_misinformed,1,1,0
naturally_immaculate,1,1,0
horribly_plausible,1,1,0
horribly_pleasant,1,1,0
horribly_poisonous,1,1,0
horribly_polite,1,1,0
naturally_giddy,1,1,0
horribly_poor,1,1,0
naturally_generous,1,1,0
naturally_gay,1,1,0
horribly_random,1,1,0
naturally_full,1,1,0
naturally_frightening,1,1,0
naturally_friendly,1,1,0
horribly_reminiscent,1,0,1
naturally_freaky,1,1,0
naturally_flawed,1,1,0
naturally_firm,1,1,0
naturally_fine,1,1,0
naturally_graceful,1,1,0
naturally_gracious,1,1,0
horribly_perverse,1,0,1
horribly_partial,1,1,0
naturally_ignorant,1,1,0
naturally_horny,1,1,0
naturally_hilarious,1,1,0
horribly_paced,1,1,0
naturally_heterosexual,1,1,0
naturally_hesitant,1,1,0
naturally_helpful,1,1,0
naturally_healthy,1,0,1
naturally_green,1,0,1
naturally_hateful,1,1,0
horribly_persistent,1,1,0
naturally_hardcore,1,1,0
naturally_hard,1,1,0
naturally_handsome,1,1,0
naturally_hairless,1,1,0
horribly_persuasive,1,1,0
naturally_magical,1,1,0
naturally_male,1,1,0
horribly_ineffective,1,1,0
horribly_mediocre,1,1,0
horribly_judgmental,1,1,0
naturally_receptive,1,1,0
naturally_rebellious,1,1,0
naturally_ready,1,1,0
horribly_lazy,1,1,0
naturally_radioactive,1,1,0
naturally_radiant,1,1,0
horribly_limp,1,1,0
naturally_quick,1,1,0
horribly_literal,1,1,0
horribly_lonely,1,1,0
horribly_loud,1,1,0
horribly_low,1,1,0
naturally_promiscuous,1,1,0
naturally_prolific,1,0,1
horribly_lukewarm,1,1,0
horribly_medieval,1,0,1
naturally_relatable,1,1,0
horribly_judgemental,1,1,0
naturally_resilient,1,1,0
naturally_scary,1,1,0
naturally_shorter,1,1,0
naturally_shocking,1,1,0
naturally_shocked,1,1,0
naturally_sexy,1,1,0
naturally_sensitive,1,1,0
naturally_selective,1,1,0
naturally_seductive,1,0,1
naturally_satisfying,1,0,1
horribly_jealous,1,1,0
naturally_salty,1,1,0
naturally_ruthless,1,1,0
naturally_rude,1,1,0
horribly_irritating,1,1,0
naturally_romantic,1,0,1
horribly_jaded,1,1,0
naturally_rewarding,1,0,1
naturally_powerful,1,0,1
naturally_poor,1,1,0
naturally_manipulative,1,1,0
naturally_poetic,1,0,1
naturally_new,1,1,0
naturally_neurotic,1,1,0
naturally_necessary,1,1,0
naturally_neat,1,1,0
naturally_nasty,1,1,0
naturally_narrow,1,1,0
naturally_narcissistic,1,1,0
naturally_naive,1,1,0
horribly_mischievous,1,0,1
naturally_murderous,1,1,0
horribly_misguided,1,1,0
naturally_monogamous,1,1,0
naturally_modest,1,1,0
naturally_minded,1,1,0
naturally_massive,1,1,0
naturally_masculine,1,1,0
naturally_manly,1,1,0
naturally_nice,1,1,0
naturally_nicer,1,0,1
naturally_obsessed,1,1,0
naturally_overgrown,1,1,0
naturally_playful,1,1,0
naturally_pink,1,1,0
naturally_perky,1,1,0
horribly_messy,1,1,0
naturally_peaceful,1,1,0
naturally_partisan,1,1,0
naturally_overjoyed,1,1,0
naturally_outside,1,0,1
naturally_obstinate,1,1,0
naturally_outgoing,1,1,0
naturally_other,1,0,1
naturally_organic,1,1,0
naturally_optimistic,1,1,0
naturally_offensive,1,1,0
naturally_obvious,1,1,0
naturally_obtuse,1,1,0
horribly_condescending,1,0,1
horribly_complex,1,0,1
nearly_clever,1,1,0
hopelessly_obvious,1,0,1
nearly_satisfactory,1,1,0
nearly_sane,1,0,1
nearly_runny,1,1,0
hopelessly_nerdy,1,1,0
nearly_risk-free,1,1,0
hopelessly_nihilistic,1,1,0
nearly_right,1,1,0
nearly_reversible,1,1,0
nearly_respectable,1,1,0
nearly_resistant,1,1,0
nearly_relevant,1,1,0
hopelessly_nostalgic,1,1,0
nearly_redundant,1,1,0
nearly_red,1,1,0
nearly_realistic,1,1,0
hopelessly_obtuse,1,1,0
nearly_rare,1,1,0
hopelessly_muddled,1,1,0
nearly_secular,1,1,0
nearly_self-sufficient,1,1,0
hopelessly_mistaken,1,1,0
hopelessly_limp,1,1,0
nearly_speechless,1,1,0
nearly_spectacular,1,1,0
hopelessly_low,1,1,0
hopelessly_materialistic,1,1,0
nearly_simultaneous,1,1,0
hopelessly_misguided,1,1,0
nearly_significant,1,1,0
nearly_senseless,1,0,1
nearly_sick,1,1,0
nearly_shrill,1,0,1
nearly_sexual,1,1,0
hopelessly_moderate,1,1,0
nearly_serious,1,1,0
nearly_serene,1,0,1
nearly_separate,1,1,0
nearly_purple,1,1,0
nearly_proper,1,1,0
hopelessly_lazy,1,1,0
nearly_profitable,1,1,0
hopelessly_powerful,1,1,0
nearly_overcrowded,1,1,0
hopelessly_premature,1,1,0
hopelessly_quaint,1,1,0
hopelessly_quixotic,1,1,0
hopelessly_reductive,1,1,0
hopelessly_relaxed,1,1,0
nearly_offensive,1,1,0
hopelessly_self-centered,1,1,0
nearly_numb,1,1,0
hopelessly_shabby,1,1,0
hopelessly_simple,1,1,0
hopelessly_slow,1,1,0
hopelessly_smitten,1,0,1
hopelessly_stereotypical,1,1,0
hopelessly_stilted,1,1,0
hopelessly_stuffy,1,1,0
nearly_overpowering,1,1,0
hopelessly_positive,1,1,0
nearly_par,1,1,0
hopelessly_overgrown,1,1,0
nearly_professional,1,1,0
nearly_pristine,1,1,0
hopelessly_one-sided,1,1,0
hopelessly_overcrowded,1,1,0
nearly_practical,1,0,1
nearly_possible,1,1,0
nearly_positive,1,1,0
hopelessly_paranoid,1,1,0
hopelessly_perverted,1,1,0
nearly_polite,1,1,0
nearly_pointless,1,1,0
hopelessly_passe,1,1,0
nearly_pink,1,1,0
nearly_perpendicular,1,1,0
hopelessly_patriotic,1,1,0
nearly_pathetic,1,1,0
nearly_spotless,1,1,0
nearly_stable,1,1,0
nearly_mystical,1,0,1
nearly_unconditional,1,1,0
nearly_unoccupied,1,1,0
nearly_unnoticeable,1,1,0
nearly_unlimited,1,1,0
hopelessly_greedy,1,1,0
nearly_unknowable,1,0,1
hopelessly_homophobic,1,1,0
hopelessly_hopeless,1,0,1
nearly_uninhabitable,1,1,0
hopelessly_hungover,1,1,0
nearly_uniform,1,1,0
nearly_unified,1,1,0
hopelessly_ignorant,1,1,0
nearly_unforgivable,1,1,0
nearly_unflappable,1,0,1
nearly_unfinished,1,1,0
nearly_unfettered,1,1,0
nearly_underwater,1,1,0
nearly_unpaid,1,1,0
nearly_unparalleled,1,0,1
hopelessly_grandiose,1,0,1
hopelessly_exotic,1,0,1
hopelessly_drunk,1,1,0
hopelessly_dumb,1,1,0
hopelessly_eccentric,1,1,0
hopelessly_emotional,1,1,0
nearly_useful,1,0,1
hopelessly_endearing,1,0,1
nearly_unwieldy,1,0,1
nearly_unusable,1,1,0
hopelessly_goofy,1,1,0
nearly_untouched,1,1,0
hopelessly_formulaic,1,1,0
hopelessly_fragmented,1,1,0
nearly_unrelated,1,0,1
hopelessly_geeky,1,0,1
nearly_unrecognisable,1,1,0
nearly_unreadable,1,1,0
hopelessly_ill-equipped,1,1,0
nearly_unbroken,1,1,0
hopelessly_late,1,1,0
hopelessly_implausible,1,1,0
nearly_tasteless,1,1,0
hopelessly_intransigent,1,1,0
nearly_synonymous,1,1,0
nearly_symmetrical,1,1,0
nearly_symbolic,1,0,1
nearly_sure,1,1,0
nearly_supreme,1,1,0
nearly_supernatural,1,0,1
hopelessly_intriguing,1,0,1
hopelessly_irish,1,1,0
hopelessly_irrelevant,1,1,0
nearly_subtle,1,0,1
nearly_strident,1,1,0
hopelessly_large,1,1,0
nearly_sterile,1,1,0
nearly_stationary,1,1,0
nearly_static,1,1,0
hopelessly_insensitive,1,1,0
nearly_terrified,1,1,0
nearly_thick,1,1,0
nearly_truthful,1,1,0
hopelessly_impractical,1,1,0
hopelessly_inaccurate,1,1,0
nearly_unattainable,1,0,1
nearly_unarmed,1,1,0
hopelessly_incomplete,1,1,0
hopelessly_inconsistent,1,1,0
nearly_typical,1,1,0
hopelessly_incurable,1,1,0
nearly_tired,1,1,0
hopelessly_ineffectual,1,1,0
nearly_traumatic,1,0,1
hopelessly_inexperienced,1,1,0
nearly_tragic,1,1,0
hopelessly_inscrutable,1,1,0
nearly_toxic,1,1,0
hopelessly_insecure,1,1,0
nearly_mythical,1,1,0
nearly_motionless,1,1,0
horribly_complacent,1,1,0
nearly_elderly,1,1,0
horrendously_slow,1,1,0
horrendously_sour,1,0,1
nearly_explicit,1,1,0
horrendously_stupid,1,0,1
horrendously_ugly,1,1,0
nearly_excellent,1,1,0
horrendously_unpleasant,1,1,0
nearly_evil,1,1,0
nearly_everyday,1,1,0
horrendously_unpopular,1,1,0
horrendously_violent,1,1,0
nearly_erect,1,1,0
horribly_abusive,1,1,0
nearly_epic,1,0,1
horribly_aggravating,1,1,0
horribly_aimless,1,1,0
nearly_endless,1,1,0
nearly_famous,1,1,0
nearly_fanatical,1,1,0
horrendously_short-sighted,1,1,0
nearly_forgettable,1,0,1
horrendously_low,1,1,0
nearly_futile,1,1,0
nearly_funny,1,0,1
nearly_full-time,1,1,0
horrendously_ludicrous,1,1,0
horrendously_outdated,1,1,0
nearly_frantic,1,1,0
nearly_foreign,1,0,1
nearly_feral,1,1,0
nearly_foolproof,1,1,0
nearly_fluent,1,1,0
horrendously_overpriced,1,1,0
horrendously_sad,1,0,1
nearly_firm,1,1,0
horrendously_selfish,1,1,0
nearly_feverish,1,0,1
horribly_allergic,1,0,1
horribly_amazing,1,1,0
horrendously_long,1,1,0
horribly_american,1,0,1
nearly_daft,1,1,0
nearly_custom,1,1,0
nearly_crucial,1,1,0
nearly_critical,1,1,0
horribly_challenging,1,1,0
nearly_cool,1,1,0
horribly_cheap,1,0,1
nearly_contiguous,1,1,0
horribly_cheesy,1,1,0
horribly_chilling,1,0,1
nearly_complimentary,1,1,0
horribly_cluttered,1,1,0
nearly_competitive,1,1,0
nearly_compatible,1,1,0
nearly_comparable,1,1,0
nearly_common,1,1,0
nearly_cold,1,1,0
horribly_brutal,1,1,0
nearly_dangerous,1,0,1
horribly_bored,1,1,0
horribly_biased,1,1,0
horribly_annoying,1,1,0
horribly_arrogant,1,0,1
horribly_artificial,1,0,1
horribly_ashamed,1,1,0
horribly_askew,1,1,0
nearly_disastrous,1,1,0
horribly_baggy,1,1,0
horribly_binary,1,1,0
horribly_blurry,1,1,0
horribly_bitter,1,1,0
nearly_delirious,1,1,0
nearly_defunct,1,1,0
nearly_definitive,1,1,0
nearly_decent,1,1,0
nearly_debilitating,1,1,0
horribly_blunt,1,1,0
horrendously_loose,1,1,0
nearly_harmless,1,1,0
nearly_most,1,1,0
nearly_insufferable,1,1,0
nearly_linear,1,1,0
nearly_limitless,1,1,0
nearly_likable,1,1,0
hopelessly_uninteresting,1,1,0
nearly_late,1,1,0
nearly_lacking,1,1,0
nearly_irreversible,1,1,0
nearly_irresistible,1,0,1
hopelessly_unrelated,1,1,0
nearly_irrelevant,1,1,0
nearly_irrational,1,1,0
hopelessly_unreliable,1,1,0
hopelessly_useless,1,1,0
nearly_intolerable,1,1,0
nearly_interchangeable,1,1,0
nearly_intangible,1,0,1
hopelessly_vacant,1,1,0
hopelessly_unintelligible,1,0,1
nearly_livid,1,1,0
nearly_local,1,1,0
hopelessly_trivial,1,1,0
nearly_more,1,1,0
hopelessly_sweet,1,1,0
nearly_monogamous,1,1,0
nearly_modern,1,1,0
hopelessly_timid,1,1,0
nearly_minimum,1,1,0
nearly_midnight,1,1,0
hopelessly_unable,1,1,0
nearly_lowest,1,1,0
hopelessly_unaware,1,1,0
nearly_matte,1,1,0
nearly_married,1,0,1
nearly_mandatory,1,0,1
hopelessly_unimportant,1,1,0
hopelessly_uninformed,1,1,0
nearly_lyrical,1,0,1
hopelessly_vast,1,1,0
hopelessly_weird,1,1,0
nearly_heavenly,1,1,0
hopelessly_zany,1,1,0
nearly_immobile,1,1,0
horrendously_disgusting,1,0,1
nearly_illegal,1,1,0
nearly_idle,1,1,0
horrendously_false,1,1,0
nearly_ideal,1,1,0
nearly_hysterical,1,1,0
nearly_hungry,1,1,0
horrendously_funny,1,1,0
nearly_hot,1,1,0
horrendously_horrible,1,1,0
nearly_homogeneous,1,1,0
horrendously_hungover,1,1,0
horrendously_indescribable,1,1,0
nearly_high,1,1,0
nearly_hideous,1,1,0
horrendously_irresponsible,1,0,1
nearly_immune,1,1,0
horrendously_depressed,1,1,0
horrendously_costly,1,1,0
nearly_indescribable,1,0,1
nearly_inseparable,1,1,0
horrendously_awful,1,1,0
nearly_inhuman,1,1,0
horrendously_bonkers,1,0,1
nearly_inexplicable,1,1,0
horrendously_busy,1,1,0
horrendously_cheesy,1,1,0
nearly_indecent,1,0,1
horrendously_complicated,1,1,0
nearly_inconceivable,1,0,1
horrendously_cliched,1,1,0
nearly_incoherent,1,1,0
horrendously_clunky,1,1,0
nearly_inactive,1,1,0
nearly_inaccessible,1,1,0
horrendously_compelling,1,0,1
never_secret,1,1,0
historically_russian,1,1,0
mostly_decorative,1,1,0
highly_tenuous,1,1,0
highly_themed,1,1,0
not_bipartisan,1,1,0
highly_therapeutic,1,1,0
not_bilingual,1,1,0
highly_thrilled,1,1,0
highly_tired,1,1,0
highly_top,1,1,0
highly_totalitarian,1,1,0
not_biased,1,1,0
highly_touted,1,1,0
not_bent,1,1,0
highly_tragic,1,1,0
not_benevolent,1,1,0
highly_transactional,1,1,0
highly_transformative,1,1,0
highly_trivial,1,1,0
highly_troubled,1,1,0
highly_textured,1,1,0
highly_tender,1,1,0
normally_free,1,0,1
not_blameless,1,1,0
not_brief,1,1,0
highly_symbiotic,1,1,0
highly_symptomatic,1,1,0
highly_synonymous,1,1,0
highly_systematic,1,1,0
highly_tasty,1,1,0
highly_technological,1,1,0
not_blunt,1,1,0
highly_tedious,1,1,0
not_bloody,1,1,0
not_bloodthirsty,1,1,0
not_blond,1,1,0
highly_temperamental,1,1,0
highly_temporary,1,1,0
not_blatant,1,1,0
highly_tempting,1,1,0
not_bland,1,1,0
not_bearable,1,1,0
highly_turbulent,1,1,0
not_baseless,1,1,0
not_bankrupt,1,1,0
not_asymptomatic,1,1,0
highly_unlikeable,1,1,0
not_astronomical,1,0,1
not_astonishing,1,1,0
highly_unnecessary,1,1,0
highly_unnerving,1,0,1
highly_unorganized,1,1,0
highly_unprepared,1,1,0
highly_unqualified,1,1,0
not_artful,1,1,0
highly_unsatisfactory,1,1,0
not_arousing,1,1,0
highly_unsatisfied,1,1,0
not_arguable,1,1,0
highly_unscientific,1,1,0
not_ardent,1,1,0
not_arcane,1,1,0
highly_unknowable,1,1,0
not_atrocious,1,1,0
highly_unintended,1,1,0
highly_underappreciated,1,1,0
highly_unappealing,1,1,0
not_balmy,1,1,0
highly_unattractive,1,1,0
highly_uncharacteristic,1,0,1
not_awash,1,0,1
highly_unconscious,1,1,0
highly_unconvincing,1,1,0
highly_underrepresented,1,1,0
highly_unintelligible,1,1,0
highly_understandable,1,1,0
not_autobiographical,1,1,0
highly_unfeasible,1,1,0
highly_unflattering,1,1,0
not_atypical,1,0,1
not_attuned,1,0,1
highly_uninformed,1,1,0
highly_surreal,1,0,1
not_brutal,1,1,0
not_bubbly,1,1,0
highly_sentimental,1,1,0
not_collective,1,1,0
highly_salacious,1,1,0
highly_salty,1,1,0
not_collaborative,1,1,0
highly_schizophrenic,1,1,0
highly_segregated,1,1,0
highly_self-aware,1,1,0
not_clunky,1,0,1
not_clumsy,1,1,0
not_clueless,1,1,0
not_cloudy,1,1,0
not_closest,1,1,0
not_closer,1,1,0
highly_self-sufficient,1,1,0
highly_selfish,1,1,0
highly_senior,1,1,0
highly_sensational,1,1,0
highly_sadistic,1,1,0
not_combative,1,0,1
not_combustible,1,1,0
not_communicative,1,1,0
highly_renewable,1,1,0
not_complacent,1,1,0
highly_reprehensible,1,1,0
highly_repressive,1,1,0
highly_republican,1,1,0
highly_resonant,1,1,0
highly_reusable,1,1,0
highly_revelatory,1,1,0
highly_rural,1,1,0
highly_revered,1,1,0
highly_rhythmic,1,1,0
highly_ridiculous,1,1,0
highly_rigorous,1,1,0
not_comical,1,1,0
not_comic,1,1,0
not_comforting,1,0,1
highly_sensible,1,1,0
highly_serendipitous,1,1,0
highly_superior,1,1,0
not_clad,1,1,0
highly_statistical,1,1,0
not_cartoony,1,1,0
not_carnal,1,1,0
highly_structured,1,0,1
highly_substandard,1,1,0
highly_substantive,1,1,0
not_captivating,1,1,0
highly_subtle,1,1,0
not_candid,1,1,0
highly_suicidal,1,1,0
highly_suitable,1,1,0
not_campy,1,0,1
highly_superfluous,1,0,1
not_businesslike,1,1,0
not_bureaucratic,1,0,1
not_bumpy,1,0,1
not_bulky,1,1,0
not_caustic,1,1,0
highly_startling,1,1,0
highly_spurious,1,0,1
not_childish,1,0,1
highly_serviceable,1,1,0
not_civilised,1,1,0
not_cinematic,1,1,0
not_chronic,1,1,0
not_choosy,1,1,0
highly_singular,1,1,0
not_chilling,1,1,0
not_chic,1,0,1
not_chaotic,1,1,0
highly_sinister,1,0,1
not_cheery,1,1,0
highly_skittish,1,1,0
highly_solitary,1,1,0
highly_specious,1,1,0
highly_spicy,1,0,1
not_characteristic,1,1,0
highly_unsettling,1,0,1
highly_unsophisticated,1,1,0
highly_unstructured,1,1,0
normally_talented,1,1,0
normally_worth,1,0,1
normally_wonderful,1,1,0
normally_visible,1,1,0
normally_unwilling,1,1,0
normally_unstable,1,1,0
normally_unseen,1,0,1
hilariously_glib,1,1,0
normally_unrelated,1,0,1
normally_unnoticed,1,0,1
normally_unnecessary,1,1,0
normally_unknown,1,0,1
normally_unheard,1,0,1
normally_underwater,1,1,0
normally_unavailable,1,1,0
normally_unable,1,1,0
normally_thin,1,1,0
normally_tedious,1,1,0
hilariously_fun,1,1,0
north_east,1,1,0
north_indian,1,1,0
hilariously_exaggerated,1,0,1
hilariously_disgusting,1,1,0
hilariously_disposable,1,1,0
not_accommodating,1,1,0
hilariously_divergent,1,1,0
hilariously_dramatic,1,1,0
hilariously_entertaining,1,1,0
not_abysmal,1,1,0
hilariously_familiar,1,1,0
north_responsible,1,0,1
hilariously_fantastic,1,1,0
hilariously_farcical,1,1,0
hilariously_fascinating,1,1,0
hilariously_frank,1,1,0
hilariously_frenetic,1,1,0
hilariously_frustrating,1,1,0
not_3d,1,1,0
normally_taller,1,1,0
normally_taboo,1,0,1
not_acquainted,1,0,1
normally_superb,1,1,0
hilariously_hilarious,1,1,0
normally_legal,1,1,0
hilariously_historic,1,0,1
normally_insane,1,1,0
normally_innocuous,1,0,1
normally_inclined,1,1,0
normally_inactive,1,1,0
hilariously_homosexual,1,1,0
normally_human,1,0,1
normally_high,1,0,1
normally_healthy,1,1,0
normally_harmless,1,0,1
normally_hard,1,1,0
normally_gothic,1,1,0
hilariously_honest,1,1,0
normally_glorious,1,1,0
normally_fruitful,1,0,1
normally_nice,1,1,0
normally_objectionable,1,1,0
hilariously_hard,1,1,0
normally_quiet,1,1,0
normally_sufficient,1,1,0
normally_solid,1,1,0
normally_right,1,1,0
hilariously_graphic,1,1,0
normally_reluctant,1,1,0
normally_reliable,1,1,0
normally_ready,1,1,0
normally_prolific,1,0,1
normally_ok,1,1,0
hilariously_great,1,1,0
normally_pigmented,1,1,0
normally_pertinent,1,1,0
normally_permanent,1,1,0
normally_peaceful,1,1,0
normally_overwhelming,1,1,0
hilariously_gruff,1,1,0
hilariously_disastrous,1,1,0
not_acrimonious,1,1,0
not_apprehensive,1,1,0
hilariously_afraid,1,0,1
not_angelic,1,1,0
highly_wealthy,1,1,0
not_analogous,1,1,0
not_anachronistic,1,1,0
highly_western,1,1,0
not_amused,1,1,0
not_ample,1,1,0
not_amiss,1,1,0
not_amicable,1,1,0
highly_willing,1,1,0
highly_witty,1,1,0
not_ambivalent,1,1,0
highly_worrisome,1,1,0
highly_worth,1,1,0
highly_worthwhile,1,1,0
highly_xenophobic,1,1,0
not_alternative,1,1,0
highly_waterproof,1,1,0
highly_watchful,1,1,0
not_annoyed,1,1,0
not_apolitical,1,1,0
highly_unsuitable,1,1,0
highly_unwatchable,1,1,0
highly_unwelcome,1,0,1
highly_unworthy,1,0,1
highly_urban,1,1,0
not_appalling,1,1,0
not_apologetic,1,1,0
highly_usable,1,0,1
not_annual,1,1,0
not_apathetic,1,1,0
not_antithetical,1,1,0
not_antisocial,1,1,0
not_anti-israel,1,1,0
highly_virtuous,1,1,0
highly_vivid,1,1,0
highly_vulgar,1,1,0
not_alternate,1,1,0
hilariously_anecdotal,1,1,0
hilariously_dependant,1,1,0
hilariously_appalling,1,1,0
not_adversarial,1,1,0
hilariously_cocky,1,0,1
hilariously_comical,1,1,0
hilariously_complex,1,1,0
not_adult,1,0,1
hilariously_confused,1,1,0
hilariously_convenient,1,0,1
not_administrative,1,1,0
hilariously_creative,1,0,1
hilariously_creepy,1,1,0
hilariously_cute,1,1,0
hilariously_dark,1,1,0
hilariously_decadent,1,1,0
hilariously_delectable,1,1,0
hilariously_delightful,1,1,0
not_acute,1,1,0
hilariously_demoralizing,1,1,0
hilariously_clumsy,1,1,0
not_aerodynamic,1,1,0
hilariously_cheesy,1,1,0
not_airborne,1,1,0
not_alkaline,1,1,0
hilariously_arbitrary,1,1,0
hilariously_arcane,1,1,0
hilariously_banal,1,1,0
not_alarming,1,1,0
hilariously_bewildered,1,1,0
hilariously_big,1,1,0
hilariously_bitchy,1,1,0
not_affluent,1,1,0
hilariously_blasphemous,1,1,0
hilariously_blunt,1,1,0
hilariously_broad,1,1,0
hilariously_catchy,1,1,0
hilariously_chaotic,1,1,0
hilariously_charismatic,1,1,0
hilariously_cheap,1,1,0
highly_remote,1,1,0
highly_remorseful,1,1,0
highly_relaxing,1,0,1
not_enduring,1,1,0
not_ergonomic,1,1,0
highly_general,1,1,0
not_equivocal,1,1,0
highly_generic,1,1,0
highly_generous,1,1,0
not_episodic,1,1,0
not_epic,1,1,0
not_ephemeral,1,0,1
highly_gentle,1,1,0
not_enviable,1,1,0
highly_glossy,1,1,0
not_entire,1,1,0
highly_granular,1,1,0
highly_gratifying,1,1,0
not_enlightening,1,1,0
highly_gross,1,1,0
highly_helpful,1,1,0
not_erotic,1,1,0
not_erroneous,1,1,0
highly_geeky,1,1,0
highly_formulaic,1,1,0
highly_flavorful,1,1,0
highly_fluent,1,1,0
highly_fluid,1,1,0
not_excitable,1,1,0
highly_forgettable,1,1,0
highly_forgiving,1,1,0
highly_formative,1,1,0
highly_forthright,1,1,0
highly_funny,1,1,0
highly_fragmented,1,1,0
highly_fraught,1,1,0
not_even-handed,1,0,1
highly_free,1,0,1
not_euphoric,1,1,0
not_ethnic,1,1,0
highly_full,1,0,1
highly_hereditary,1,1,0
not_endemic,1,1,0
not_exhausting,1,0,1
highly_historic,1,1,0
not_effusive,1,1,0
highly_impatient,1,1,0
highly_implicit,1,1,0
highly_impossible,1,1,0
highly_impoverished,1,1,0
not_eerie,1,1,0
highly_impulsive,1,1,0
not_educated,1,1,0
not_edifying,1,1,0
highly_inclusive,1,1,0
highly_incompatible,1,1,0
highly_incompetent,1,1,0
highly_incongruous,1,1,0
highly_inconspicuous,1,1,0
highly_incorrect,1,1,0
highly_indicative,1,1,0
not_dusty,1,1,0
highly_impassioned,1,1,0
not_egregious,1,1,0
highly_impartial,1,0,1
highly_honest,1,1,0
not_enamoured,1,1,0
not_enamored,1,1,0
highly_homogeneous,1,1,0
highly_homophobic,1,1,0
not_empirical,1,1,0
not_emphatic,1,1,0
not_empathic,1,1,0
highly_hungry,1,1,0
not_elastic,1,1,0
highly_hypocritical,1,1,0
not_elemental,1,1,0
highly_hypothetical,1,1,0
highly_icky,1,1,0
not_electric,1,1,0
highly_identifiable,1,1,0
highly_illuminating,1,1,0
highly_flattering,1,1,0
highly_flashy,1,0,1
not_dumber,1,1,0
highly_elegant,1,1,0
not_foggy,1,1,0
highly_disordered,1,1,0
highly_disposable,1,0,1
highly_disproportionate,1,1,0
highly_distinguishable,1,1,0
highly_dodgy,1,1,0
not_flattered,1,1,0
highly_dogmatic,1,1,0
highly_dominant,1,1,0
highly_dope,1,1,0
highly_driven,1,0,1
highly_eager,1,1,0
highly_eclectic,1,1,0
highly_ecstatic,1,1,0
highly_egregious,1,1,0
highly_elastic,1,1,0
not_fierce,1,1,0
highly_dismissive,1,1,0
not_foolhardy,1,1,0
highly_disillusioned,1,1,0
highly_diplomatic,1,1,0
highly_demoralizing,1,1,0
highly_depressing,1,1,0
highly_derogatory,1,1,0
highly_developed,1,1,0
highly_devoted,1,1,0
highly_didactic,1,1,0
highly_digestible,1,1,0
not_former,1,1,0
highly_disgusting,1,1,0
highly_disadvantaged,1,1,0
highly_disagreeable,1,1,0
not_forgivable,1,1,0
highly_discrete,1,1,0
not_forecast,1,1,0
highly_discriminatory,1,1,0
highly_disgusted,1,1,0
highly_electric,1,0,1
not_fickle,1,1,0
not_exorbitant,1,1,0
not_fewer,1,1,0
highly_eventful,1,1,0
highly_excessive,1,1,0
not_faint,1,0,1
highly_exhausting,1,1,0
not_extroverted,1,1,0
highly_explicit,1,1,0
highly_factual,1,1,0
highly_fatal,1,1,0
not_explosive,1,1,0
highly_female,1,1,0
highly_fickle,1,1,0
not_experimental,1,1,0
not_experienced,1,1,0
highly_fictitious,1,1,0
not_expansive,1,1,0
not_expandable,1,1,0
highly_fixable,1,1,0
highly_evangelical,1,1,0
highly_esoteric,1,1,0
highly_equivocal,1,1,0
highly_encouraged,1,1,0
highly_eligible,1,1,0
highly_empathic,1,1,0
highly_empirical,1,1,0
highly_employable,1,1,0
highly_empowering,1,1,0
not_fearful,1,1,0
not_favourite,1,1,0
not_fatigued,1,1,0
highly_equitable,1,1,0
highly_enigmatic,1,1,0
highly_enlightened,1,1,0
not_fascist,1,1,0
highly_entrepreneurial,1,1,0
not_far-reaching,1,1,0
highly_episodic,1,1,0
not_fantastical,1,1,0
highly_indifferent,1,1,0
highly_indispensable,1,1,0
highly_relaxed,1,1,0
not_corporate,1,0,1
not_cultural,1,1,0
highly_pernicious,1,1,0
highly_personalised,1,0,1
highly_personalized,1,1,0
highly_perverse,1,0,1
highly_pleasing,1,1,0
highly_pleasurable,1,1,0
highly_poignant,1,1,0
highly_polished,1,1,0
highly_populist,1,1,0
not_crass,1,1,0
not_cozy,1,1,0
not_counterproductive,1,1,0
highly_possessive,1,1,0
highly_powerful,1,1,0
not_cosmopolitan,1,1,0
highly_praiseworthy,1,1,0
not_cumbersome,1,1,0
highly_perceptive,1,1,0
highly_patriarchal,1,1,0
highly_overpriced,1,1,0
highly_obscure,1,1,0
not_defective,1,0,1
not_deeper,1,1,0
highly_offended,1,1,0
highly_onerous,1,1,0
highly_opportunistic,1,1,0
highly_outstanding,1,0,1
highly_overwhelming,1,1,0
highly_participatory,1,1,0
highly_painful,1,1,0
highly_palatable,1,1,0
not_dainty,1,1,0
not_cynical,1,1,0
not_customizable,1,1,0
highly_parallel,1,1,0
not_custom,1,1,0
highly_precarious,1,1,0
highly_precious,1,0,1
not_deficient,1,1,0
not_cordial,1,1,0
not_considerable,1,1,0
highly_punitive,1,1,0
not_consequential,1,1,0
highly_qualitative,1,1,0
not_consecutive,1,1,0
highly_racist,1,1,0
highly_rare,1,1,0
not_confrontational,1,1,0
highly_recognisable,1,1,0
not_conductive,1,0,1
not_conditional,1,1,0
highly_refined,1,1,0
not_conceptual,1,1,0
highly_regrettable,1,0,1
highly_regular,1,1,0
highly_relational,1,1,0
not_complicit,1,1,0
highly_psychological,1,1,0
highly_prudent,1,1,0
highly_protectionist,1,1,0
highly_privy,1,1,0
highly_precocious,1,1,0
highly_predominant,1,1,0
highly_preliminary,1,0,1
highly_premature,1,1,0
highly_presentable,1,1,0
highly_primitive,1,1,0
not_contrived,1,1,0
highly_profane,1,1,0
highly_proprietary,1,1,0
highly_prominent,1,1,0
highly_promotional,1,1,0
not_contented,1,1,0
not_contemptible,1,1,0
highly_prompt,1,1,0
not_contemplative,1,1,0
highly_proper,1,1,0
not_deferential,1,1,0
highly_obscene,1,1,0
not_dull,1,1,0
highly_legitimate,1,1,0
highly_irreplaceable,1,1,0
highly_irritable,1,1,0
not_dissatisfied,1,1,0
highly_jealous,1,1,0
highly_judgmental,1,1,0
not_dispassionate,1,0,1
not_disoriented,1,1,0
highly_killer,1,1,0
not_disjointed,1,1,0
not_disinterested,1,1,0
not_dishonest,1,1,0
highly_knowledgable,1,1,0
highly_labor-intensive,1,1,0
highly_laughable,1,1,0
not_discretionary,1,1,0
not_discrete,1,1,0
not_discreet,1,1,0
highly_invigorating,1,0,1
highly_introspective,1,1,0
highly_international,1,1,0
highly_informed,1,1,0
not_dubious,1,1,0
not_droll,1,1,0
highly_industrialized,1,1,0
highly_inexperienced,1,1,0
highly_inflexible,1,1,0
highly_informational,1,1,0
not_drastic,1,1,0
highly_injurious,1,1,0
highly_intelligible,1,1,0
not_downbeat,1,1,0
not_dour,1,1,0
not_doubtful,1,1,0
not_dope,1,1,0
highly_insistent,1,1,0
not_dodgy,1,1,0
not_docile,1,1,0
highly_lazy,1,1,0
not_disconcerting,1,1,0
highly_novel,1,0,1
highly_lethargic,1,1,0
highly_metaphysical,1,1,0
highly_militaristic,1,1,0
highly_misguided,1,1,0
highly_misinformed,1,1,0
highly_misunderstood,1,1,0
highly_modern,1,1,0
highly_monogamous,1,1,0
highly_monolithic,1,1,0
not_depraved,1,1,0
highly_motivational,1,0,1
highly_muscular,1,1,0
highly_mysterious,1,0,1
not_demonstrative,1,1,0
not_demanding,1,1,0
highly_negligent,1,1,0
highly_noble,1,1,0
highly_noisy,1,1,0
highly_mechanical,1,0,1
highly_materialistic,1,1,0
not_deterministic,1,0,1
highly_lyrical,1,1,0
not_disappointing,1,1,0
highly_limited,1,1,0
not_disagreeable,1,1,0
highly_litigious,1,1,0
not_disabled,1,0,1
highly_lovely,1,1,0
highly_luxurious,1,1,0
highly_magical,1,1,0
highly_masculine,1,1,0
not_dignified,1,1,0
highly_malignant,1,1,0
highly_malleable,1,1,0
not_didactic,1,0,1
highly_manual,1,1,0
highly_marginal,1,1,0
not_deviant,1,1,0
normally_frequent,1,1,0
normally_feasible,1,0,1
historically_revealing,1,1,0
nicely_earnest,1,1,0
nicely_distinctive,1,0,1
nicely_digestible,1,1,0
nicely_different,1,0,1
nicely_democratic,1,0,1
nicely_dark,1,0,1
historically_inconvenient,1,1,0
nicely_crisp,1,1,0
nicely_creepy,1,1,0
nicely_cool,1,1,0
nicely_contradictory,1,0,1
nicely_consistent,1,1,0
nicely_comprehensive,1,1,0
nicely_complicated,1,1,0
nicely_compliant,1,1,0
nicely_complex,1,1,0
nicely_chewy,1,1,0
nicely_calm,1,1,0
nicely_dry,1,1,0
nicely_egalitarian,1,0,1
normally_fatal,1,1,0
nicely_epic,1,0,1
nicely_nostalgic,1,0,1
nicely_minimal,1,1,0
nicely_lurid,1,1,0
nicely_legible,1,0,1
nicely_knowledgeable,1,1,0
nicely_knit,1,1,0
nicely_kinky,1,0,1
nicely_interwoven,1,1,0
nicely_interesting,1,1,0
nicely_interactive,1,1,0
nicely_imperfect,1,1,0
nicely_illustrative,1,1,0
nicely_horrifying,1,1,0
nicely_higher,1,1,0
historically_inappropriate,1,1,0
nicely_fitting,1,0,1
nicely_exotic,1,0,1
historically_influential,1,1,0
nicely_balanced,1,1,0
nicely_aware,1,1,0
nicely_available,1,1,0
newly_verbal,1,1,0
historically_jewish,1,1,0
historically_justifiable,1,1,0
newly_uplifting,1,0,1
newly_unwilling,1,1,0
newly_unsettling,1,0,1
newly_unique,1,1,0
newly_unfolding,1,1,0
historically_kind,1,1,0
newly_sweaty,1,1,0
newly_successful,1,1,0
newly_subject,1,1,0
newly_sober,1,1,0
newly_sleek,1,1,0
newly_skilled,1,1,0
historically_large,1,1,0
newly_severe,1,1,0
newly_viable,1,1,0
newly_vicious,1,0,1
historically_insensitive,1,1,0
next_greater,1,1,0
nicely_audible,1,1,0
nicely_aromatic,1,1,0
nicely_aged,1,1,0
nicely_accurate,1,1,0
next_okay,1,1,0
next_neat,1,1,0
next_likely,1,1,0
next_free,1,1,0
newly_vulnerable,1,1,0
next_eligible,1,1,0
next_closest,1,1,0
next_better,1,0,1
next_best,1,1,0
newly_willing,1,1,0
newly_white,1,1,0
newly_wealthy,1,1,0
nicely_nuanced,1,1,0
nicely_off-kilter,1,1,0
nicely_offbeat,1,1,0
nigh_unheard,1,0,1
historically_free,1,1,0
no_beautiful,1,1,0
nit_safe,1,1,0
historically_geeky,1,0,1
nit_perfect,1,1,0
nit_interesting,1,1,0
nit_interested,1,1,0
nit_good,1,1,0
nit_funny,1,1,0
nit_fat,1,1,0
historically_hard,1,1,0
nit_clear,1,1,0
nit_better,1,1,0
nit_aged,1,1,0
nigh_unwatchable,1,1,0
nigh_unthinkable,1,1,0
nigh_untenable,1,1,0
historically_forbidden,1,0,1
no_brighter,1,0,1
historically_flawed,1,1,0
no_fatter,1,1,0
historically_detailed,1,1,0
historically_difficult,1,1,0
historically_dirty,1,1,0
historically_distant,1,1,0
historically_distinct,1,1,0
historically_dominant,1,1,0
no_finer,1,1,0
historically_elusive,1,0,1
historically_feasible,1,1,0
historically_enlightening,1,1,0
historically_extraordinary,1,0,1
historically_familiar,1,0,1
no_darker,1,0,1
no_dangerous,1,1,0
no_cooler,1,1,0
historically_fascinating,1,1,0
nigh_unprecedented,1,1,0
nigh_unbelievable,1,1,0
nicely_organized,1,1,0
nigh_unbeatable,1,1,0
nicely_spartan,1,0,1
nicely_soft,1,1,0
historically_impossible,1,1,0
nicely_skilled,1,1,0
nicely_seasoned,1,1,0
nicely_sanitary,1,1,0
nicely_robust,1,1,0
nicely_rhythmic,1,0,1
nicely_responsive,1,1,0
nicely_refreshing,1,0,1
nicely_reassuring,1,0,1
nicely_profitable,1,1,0
nicely_prepared,1,1,0
nicely_precise,1,1,0
nicely_poetic,1,0,1
nicely_pleased,1,1,0
historically_impressive,1,0,1
historically_iconic,1,0,1
nicely_strange,1,0,1
nicely_stupid,1,0,1
nicely_visible,1,1,0
nigh_random,1,1,0
historically_higher,1,1,0
nigh_invisible,1,1,0
nigh_indestructible,1,1,0
historically_honest,1,1,0
nicely_worth,1,1,0
nicely_wet,1,1,0
nicely_useable,1,1,0
nicely_suspenseful,1,1,0
nicely_unexpected,1,0,1
nicely_toasty,1,1,0
nicely_thematic,1,1,0
nicely_tense,1,1,0
historically_huge,1,1,0
nicely_taut,1,1,0
nicely_symbolic,1,0,1
newly_sensual,1,0,1
newly_scarce,1,1,0
newly_satisfying,1,0,1
historically_problematic,1,1,0
nevertheless_depressed,1,1,0
nevertheless_critical,1,1,0
nevertheless_constant,1,1,0
nevertheless_congruent,1,1,0
nevertheless_concerned,1,1,0
nevertheless_capable,1,1,0
nevertheless_aware,1,1,0
nevertheless_available,1,1,0
nevertheless_armed,1,1,0
nevertheless_anxious,1,1,0
nevertheless_admissible,1,1,0
historically_powerful,1,1,0
never_worthy,1,1,0
historically_precious,1,0,1
never_worse,1,1,0
historically_prevalent,1,1,0
never_wooden,1,1,0
nevertheless_disappointed,1,1,0
nevertheless_extreme,1,0,1
nevertheless_good,1,1,0
nevertheless_related,1,1,0
nevertheless_troubling,1,1,0
nevertheless_terrific,1,1,0
nevertheless_sure,1,1,0
nevertheless_skeptical,1,1,0
nevertheless_sincere,1,1,0
nevertheless_satisfying,1,1,0
nevertheless_resentful,1,1,0
nevertheless_real,1,1,0
nevertheless_gratifying,1,1,0
nevertheless_quick,1,1,0
nevertheless_outrageous,1,1,0
nevertheless_necessary,1,1,0
nevertheless_laborious,1,1,0
nevertheless_intact,1,1,0
nevertheless_impossible,1,0,1
nevertheless_hard,1,0,1
historically_probable,1,1,0
never_white,1,1,0
nevertheless_uncomfortable,1,1,0
never_wealthy,1,1,0
historically_real,1,1,0
never_super,1,1,0
never_suitable,1,1,0
never_sufficient,1,1,0
historically_recent,1,1,0
never_subject,1,1,0
historically_recognizable,1,1,0
never_stagnant,1,1,0
historically_related,1,1,0
never_spot-on,1,1,0
never_sorry,1,1,0
never_smooth,1,1,0
never_sinister,1,1,0
historically_remarkable,1,0,1
historically_resistant,1,1,0
historically_resonant,1,0,1
never_shiny,1,1,0
historically_rare,1,0,1
never_surprising,1,1,0
never_tight,1,1,0
never_useful,1,1,0
historically_profound,1,1,0
never_vulnerable,1,1,0
never_visible,1,1,0
historically_prone,1,1,0
never_viewable,1,1,0
never_vegan,1,1,0
never_valuable,1,1,0
never_used,1,1,0
historically_quirky,1,1,0
never_unreal,1,1,0
never_universal,1,1,0
never_unfriendly,1,1,0
never_unemployed,1,1,0
historically_questionable,1,1,0
never_toxic,1,1,0
never_tolerable,1,1,0
nevertheless_true,1,1,0
nevertheless_wary,1,1,0
historically_light,1,1,0
historically_obscure,1,1,0
newly_obese,1,1,0
newly_new,1,0,1
newly_missing,1,0,1
newly_mindful,1,1,0
newly_mature,1,1,0
newly_married,1,1,0
newly_malevolent,1,1,0
newly_jobless,1,1,0
newly_jewish,1,1,0
newly_involved,1,0,1
historically_nostalgic,1,0,1
newly_ineligible,1,1,0
historically_notable,1,1,0
newly_impressive,1,0,1
newly_hungry,1,1,0
newly_hot,1,1,0
historically_noteworthy,1,1,0
historically_mundane,1,0,1
newly_old,1,1,0
newly_ominous,1,0,1
historically_mistaken,1,1,0
historically_limited,1,1,0
historically_loyal,1,1,0
historically_male,1,1,0
historically_male-dominated,1,1,0
historically_military,1,1,0
newly_prominent,1,1,0
newly_present,1,0,1
newly_precarious,1,1,0
historically_monumental,1,0,1
newly_powerful,1,1,0
historically_momentous,1,0,1
newly_poor,1,1,0
newly_plausible,1,1,0
newly_persuasive,1,1,0
newly_passionate,1,1,0
newly_operational,1,1,0
newly_great,1,1,0
newly_fraught,1,1,0
nevertheless_welcoming,1,1,0
newly_foundational,1,0,1
newly_concerned,1,0,1
newly_competitive,1,1,0
newly_coarse,1,0,1
newly_close,1,1,0
newly_challenging,1,0,1
newly_capable,1,0,1
historically_pertinent,1,1,0
newly_beautiful,1,0,1
historically_plausible,1,0,1
historically_political,1,1,0
newly_appreciative,1,1,0
newly_apparent,1,1,0
newly_annoying,1,1,0
newly_alluring,1,1,0
historically_poor,1,1,0
newly_affluent,1,0,1
historically_possible,1,1,0
newly_controversial,1,1,0
newly_curious,1,0,1
historically_particular,1,0,1
newly_enchanting,1,0,1
newly_foreign,1,1,0
newly_fashionable,1,0,1
newly_fascinating,1,1,0
historically_obtuse,1,1,0
newly_evolving,1,1,0
newly_enlightened,1,0,1
newly_energetic,1,1,0
historically_old,1,0,1
historically_outdated,1,1,0
historically_orthodox,1,1,0
newly_effective,1,1,0
newly_eager,1,1,0
newly_dystopian,1,0,1
newly_downloadable,1,1,0
newly_disturbing,1,0,1
newly_discoverable,1,1,0
historically_dependent,1,1,0
historically_defensible,1,0,1
no_lesser,1,1,0
non_respectful,1,1,0
non_sterile,1,1,0
non_spicy,1,1,0
hilariously_naive,1,1,0
non_social,1,1,0
non_skilled,1,1,0
hilariously_narcissistic,1,1,0
non_severe,1,1,0
hilariously_naughty,1,0,1
non_scholarly,1,1,0
non_scary,1,0,1
non_scalable,1,1,0
non_satisfying,1,1,0
non_satisfactory,1,1,0
non_rural,1,1,0
non_robust,1,1,0
non_reversible,1,1,0
non_restrictive,1,1,0
non_supportive,1,1,0
hilariously_morbid,1,0,1
hilariously_melodramatic,1,0,1
non_typical,1,1,0
hilariously_jewish,1,0,1
non_vegetarian,1,1,0
hilariously_lacking,1,0,1
non_user-friendly,1,1,0
non_urgent,1,1,0
non_unmistakable,1,1,0
non_uniform,1,1,0
non_trustworthy,1,1,0
hilariously_manic,1,1,0
hilariously_lame,1,1,0
non_tribal,1,1,0
non_treatable,1,1,0
non_transferable,1,1,0
hilariously_literal,1,1,0
hilariously_lucky,1,1,0
hilariously_majestic,1,0,1
hilariously_nightmarish,1,0,1
hilariously_nonsensical,1,1,0
non_viable,1,1,0
non_repetitive,1,1,0
non_pertinent,1,1,0
non_personal,1,1,0
hilariously_poignant,1,1,0
hilariously_pompous,1,1,0
hilariously_poor,1,1,0
non_partial,1,1,0
non_painful,1,1,0
non_other,1,1,0
non_optional,1,1,0
hilariously_profane,1,1,0
non_obvious,1,1,0
non_nutritious,1,1,0
non_nuclear,1,0,1
non_north,1,1,0
non_normal,1,1,0
non_noble,1,1,0
hilariously_radical,1,0,1
hilariously_pathetic,1,1,0
non_pleasurable,1,1,0
non_poisonous,1,1,0
hilariously_outrageous,1,1,0
hilariously_oblique,1,1,0
hilariously_obscure,1,1,0
hilariously_off-kilter,1,1,0
hilariously_opaque,1,1,0
non_reflective,1,1,0
non_receptive,1,1,0
non_random,1,1,0
non_protective,1,1,0
non_political,1,0,1
hilariously_overwrought,1,1,0
non_proficient,1,0,1
hilariously_paradoxical,1,1,0
non_productive,1,1,0
non_problematic,1,1,0
non_primal,1,1,0
non_porous,1,1,0
non_verifiable,1,0,1
non_virtuous,1,1,0
hilariously_revealing,1,1,0
nonetheless_skinny,1,1,0
normally_available,1,1,0
normally_apolitical,1,1,0
normally_ample,1,1,0
normally_alert,1,1,0
hilariously_hyperbolic,1,1,0
normally_accurate,1,1,0
hilariously_idiotic,1,1,0
normally_absent,1,0,1
normally_abnormal,1,1,0
hilariously_ignorant,1,1,0
hilariously_incompetent,1,1,0
nonetheless_vital,1,1,0
nonetheless_valid,1,1,0
nonetheless_unsure,1,1,0
nonetheless_unpleasant,1,1,0
nonetheless_unique,1,1,0
nonetheless_unavoidable,1,1,0
normally_aware,1,1,0
hilariously_horrendous,1,1,0
normally_boring,1,1,0
normally_difficult,1,0,1
normally_familiar,1,1,0
normally_easiest,1,1,0
normally_eager,1,1,0
normally_drunk,1,1,0
normally_downloadable,1,1,0
normally_disturbing,1,1,0
normally_disinterested,1,1,0
normally_different,1,1,0
normally_brave,1,0,1
normally_dark,1,1,0
normally_creative,1,1,0
normally_confusing,1,1,0
normally_competitive,1,1,0
normally_colorless,1,1,0
normally_close,1,1,0
normally_busy,1,1,0
nonetheless_sluggish,1,1,0
nonetheless_skeptical,1,1,0
non_visible,1,1,0
nonetheless_right,1,1,0
nonetheless_good,1,1,0
nonetheless_excellent,1,1,0
nonetheless_enticing,1,1,0
nonetheless_enjoyable,1,1,0
nonetheless_disappointing,1,1,0
nonetheless_different,1,1,0
nonetheless_desperate,1,1,0
nonetheless_crazy,1,1,0
hilariously_insecure,1,1,0
nonetheless_awake,1,1,0
nonetheless_alive,1,1,0
nonetheless_accessible,1,1,0
hilariously_intense,1,1,0
hilariously_inventive,1,0,1
non_wearable,1,1,0
hilariously_irate,1,1,0
non_vocal,1,1,0
nonetheless_happy,1,1,0
nonetheless_harmless,1,1,0
nonetheless_hopeful,1,1,0
nonetheless_poignant,1,0,1
hilariously_incorrect,1,1,0
nonetheless_questionable,1,1,0
nonetheless_profound,1,0,1
nonetheless_profitable,1,1,0
nonetheless_present,1,1,0
nonetheless_powerless,1,1,0
nonetheless_popular,1,1,0
nonetheless_pleased,1,1,0
nonetheless_important,1,1,0
nonetheless_nervous,1,0,1
nonetheless_mindful,1,1,0
nonetheless_loath,1,1,0
nonetheless_jarring,1,1,0
hilariously_inept,1,1,0
hilariously_insane,1,1,0
nonetheless_incapable,1,1,0
hilariously_raunchy,1,1,0
non_monogamous,1,1,0
historically_critical,1,1,0
nominally_islamic,1,1,0
nominally_subordinate,1,1,0
hilariously_visible,1,1,0
nominally_secular,1,1,0
nominally_republican,1,1,0
nominally_related,1,1,0
nominally_real,1,1,0
nominally_quiet,1,1,0
nominally_qualified,1,1,0
nominally_private,1,1,0
nominally_orthodox,1,1,0
nominally_open,1,0,1
nominally_official,1,1,0
nominally_observant,1,1,0
hilariously_weird,1,0,1
nominally_more,1,1,0
nominally_loyal,1,0,1
nominally_liberal,1,1,0
nominally_supportive,1,1,0
nominally_unbiased,1,1,0
nominally_useful,1,1,0
non_american,1,1,0
non_black,1,1,0
non_bitchy,1,0,1
hilariously_understated,1,1,0
non_belligerent,1,1,0
hilariously_unexpected,1,1,0
non_assertive,1,1,0
non_appealing,1,1,0
hilariously_unimpressive,1,1,0
nominally_voluntary,1,1,0
hilariously_uninformed,1,1,0
hilariously_vague,1,1,0
non_acidic,1,1,0
non_accidental,1,1,0
non_abrasive,1,0,1
non_able,1,1,0
nominally_worth,1,0,1
nominally_legal,1,1,0
nominally_involved,1,1,0
non_bureaucratic,1,1,0
historically_abundant,1,1,0
no_softer,1,1,0
no_smoother,1,1,0
historically_beneficial,1,0,1
no_simpler,1,0,1
no_sicker,1,1,0
historically_brutal,1,1,0
historically_challenging,1,1,0
no_satisfied,1,1,0
no_riskier,1,1,0
no_quicker,1,1,0
historically_complete,1,1,0
no_nonsense,1,1,0
no_nice,1,1,0
no_moreso,1,1,0
historically_conscious,1,1,0
historically_consistent,1,1,0
historically_creative,1,1,0
no_spanish,1,1,0
historically_astute,1,1,0
historically_arab,1,1,0
nominally_comic,1,1,0
nominally_human,1,1,0
nominally_healthy,1,1,0
historically_accidental,1,1,0
nominally_effective,1,1,0
nominally_conservative,1,1,0
nominally_connected,1,0,1
nominally_communist,1,1,0
historically_active,1,1,0
historically_appropriate,1,0,1
historically_anachronistic,1,1,0
nominally_agnostic,1,1,0
nominally_active,1,1,0
no_younger,1,0,1
historically_antagonistic,1,1,0
no_wiser,1,1,0
historically_apparent,1,1,0
non_buddhist,1,1,0
hilariously_uncomfortable,1,1,0
non_monetary,1,0,1
non_educational,1,1,0
non_inclusive,1,1,0
hilariously_short,1,1,0
non_high,1,1,0
non_harmful,1,1,0
non_hard,1,1,0
non_graphic,1,1,0
non_gendered,1,1,0
non_fundamental,1,1,0
non_free,1,1,0
non_fragrant,1,1,0
hilariously_slow,1,1,0
non_foreseeable,1,1,0
non_fluent,1,1,0
non_financial,1,1,0
non_fat,1,1,0
hilariously_specific,1,0,1
non_evasive,1,1,0
non_infectious,1,1,0
non_innocent,1,1,0
non_instinctive,1,1,0
non_lucid,1,1,0
non_modern,1,1,0
non_minimal,1,1,0
non_medical,1,0,1
non_man-made,1,1,0
non_malignant,1,1,0
hilariously_rewarding,1,1,0
non_magical,1,1,0
hilariously_ridiculous,1,1,0
non_intentional,1,1,0
hilariously_rude,1,1,0
non_legal,1,1,0
hilariously_scathing,1,1,0
hilariously_self-aware,1,1,0
non_intuitive,1,1,0
hilariously_serious,1,1,0
non_interactive,1,1,0
hilariously_spot-on,1,1,0
hilariously_stuffy,1,1,0
non_captive,1,1,0
non_dogmatic,1,1,0
non_conscious,1,1,0
non_conscientious,1,1,0
non_confrontational,1,1,0
non_conductive,1,0,1
non_conceivable,1,1,0
non_compulsory,1,1,0
hilariously_suggestive,1,1,0
non_competitive,1,0,1
hilariously_supernatural,1,0,1
hilariously_sweet,1,1,0
hilariously_terrible,1,1,0
non_combative,1,1,0
non_chronological,1,1,0
hilariously_trivial,1,1,0
non_chaotic,1,1,0
non_caring,1,1,0
hilariously_unbalanced,1,1,0
hilariously_successful,1,1,0
non_consistent,1,1,0
non_controversial,1,0,1
non_dependent,1,1,0
non_directional,1,1,0
non_direct,1,1,0
hilariously_subtle,1,1,0
non_detailed,1,1,0
non_destructive,1,0,1
non_desirable,1,1,0
non_deployable,1,1,0
non_defective,1,1,0
non_conventional,1,0,1
hilariously_subversive,1,0,1
non_cute,1,1,0
non_current,1,1,0
non_curable,1,1,0
non_critical,1,0,1
non_corrosive,1,1,0
non_cooperative,1,1,0
naturally_fickle,1,1,0
horribly_rude,1,0,1
horribly_scared,1,1,0
immediately_unable,1,1,0
much_significant,1,1,0
immediately_unavailable,1,1,0
immediately_unusable,1,1,0
immediately_valid,1,1,0
immediately_viable,1,1,0
immediately_visual,1,1,0
much_sexual,1,1,0
immediately_welcome,1,1,0
immediately_worried,1,1,0
immediately_worrisome,1,1,0
immensely_accommodating,1,1,0
much_sensible,1,1,0
much_senior,1,1,0
much_self-taught,1,1,0
much_self-sufficient,1,1,0
immensely_adaptable,1,1,0
much_self-contained,1,1,0
much_silent,1,1,0
immediately_treatable,1,1,0
much_inclusive,1,1,0
much_single,1,1,0
much_spontaneous,1,1,0
immediately_stunning,1,1,0
much_spiritual,1,1,0
immediately_supportive,1,1,0
immediately_sure,1,1,0
much_sore,1,1,0
much_sophisticated,1,0,1
much_solid,1,1,0
immediately_tactile,1,0,1
much_soft,1,1,0
much_social,1,1,0
much_smart,1,1,0
immediately_traceable,1,1,0
immediately_tragic,1,1,0
much_slow,1,1,0
much_slender,1,1,0
much_skilled,1,1,0
much_secular,1,1,0
much_secondary,1,1,0
much_scary,1,1,0
immensely_adept,1,1,0
much_relaxing,1,1,0
much_relaxed,1,1,0
much_relational,1,1,0
immensely_clever,1,1,0
much_regular,1,1,0
immensely_clueless,1,1,0
much_recyclable,1,1,0
immensely_comfortable,1,1,0
much_recent,1,1,0
immensely_compelling,1,0,1
immensely_competitive,1,1,0
immensely_confusing,1,1,0
much_raw,1,0,1
immensely_costly,1,1,0
immensely_crazy,1,1,0
much_quirky,1,1,0
immensely_deadly,1,0,1
immensely_civilized,1,0,1
much_reliant,1,1,0
much_reminiscent,1,1,0
much_sacrosanct,1,1,0
much_scared,1,1,0
much_satisfying,1,0,1
immensely_alluring,1,0,1
immensely_annoying,1,1,0
immensely_appreciative,1,1,0
immensely_baffling,1,1,0
immensely_beguiling,1,0,1
much_russian,1,1,0
much_retarded,1,1,0
immensely_big,1,0,1
immensely_boring,1,1,0
immensely_busy,1,1,0
immensely_calming,1,0,1
much_ridiculous,1,1,0
immensely_capable,1,1,0
much_rich,1,1,0
immediately_striking,1,0,1
immediately_sticky,1,0,1
immediately_spontaneous,1,1,0
immediately_relatable,1,0,1
immediately_profitable,1,1,0
much_unbreakable,1,1,0
much_unbiased,1,1,0
much_unbearable,1,1,0
much_unaware,1,0,1
immediately_quick,1,1,0
much_unanimous,1,1,0
much_unaffected,1,1,0
much_unacceptable,1,1,0
much_ugly,1,1,0
immediately_reachable,1,1,0
immediately_readable,1,0,1
much_trustworthy,1,1,0
immediately_reassuring,1,0,1
immediately_reflective,1,0,1
much_tricky,1,1,0
immediately_refreshing,1,0,1
much_uncharted,1,1,0
immediately_privy,1,1,0
much_underdeveloped,1,1,0
much_unexplored,1,1,0
much_unimaginable,1,1,0
much_uniform,1,1,0
much_unified,1,1,0
much_unheralded,1,1,0
immediately_poisonous,1,1,0
much_unfolding,1,1,0
much_unfamiliar,1,1,0
much_unexplained,1,1,0
much_underground,1,1,0
immediately_powerful,1,1,0
much_undeveloped,1,1,0
much_underway,1,1,0
much_underwater,1,1,0
much_understated,1,1,0
much_understandable,1,1,0
immediately_pragmatic,1,1,0
much_trendy,1,0,1
much_traditional,1,1,0
much_steep,1,1,0
much_toxic,1,1,0
much_superficial,1,1,0
much_superb,1,1,0
much_suitable,1,1,0
much_suggestive,1,1,0
much_sufficient,1,1,0
immediately_shocked,1,1,0
much_substantial,1,1,0
much_sublime,1,0,1
much_stupid,1,1,0
immediately_significant,1,1,0
much_stubborn,1,1,0
immediately_similar,1,0,1
immediately_skilled,1,1,0
immediately_smitten,1,1,0
much_sterile,1,1,0
much_stereotypical,1,1,0
immediately_spiritual,1,0,1
immediately_sharper,1,1,0
immediately_sexy,1,0,1
immediately_seductive,1,0,1
much_threatening,1,1,0
immediately_relaxed,1,1,0
much_torturous,1,1,0
much_torture,1,1,0
immediately_reminiscent,1,0,1
much_timeless,1,1,0
immediately_replaceable,1,1,0
much_tight,1,1,0
immediately_repressive,1,0,1
immediately_seasonal,1,1,0
immediately_repulsive,1,1,0
immediately_responsible,1,1,0
much_theoretical,1,1,0
much_theological,1,1,0
much_thankful,1,1,0
much_tantamount,1,1,0
much_sympathetic,1,0,1
immensely_deep,1,1,0
immensely_dense,1,1,0
immensely_desirable,1,1,0
much_long,1,1,0
much_memorable,1,1,0
immensely_painless,1,1,0
much_marginalized,1,1,0
much_manly,1,1,0
immensely_patient,1,1,0
much_manageable,1,1,0
much_mainstream,1,1,0
much_magnetic,1,1,0
immensely_peaceful,1,0,1
immensely_physical,1,0,1
immensely_pleasant,1,1,0
much_low,1,1,0
much_loving,1,1,0
much_lovely,1,1,0
much_lovable,1,1,0
immensely_poorer,1,1,0
immensely_portable,1,0,1
immensely_ominous,1,1,0
much_merry,1,1,0
much_metaphorical,1,0,1
much_much,1,1,0
immensely_knowledgeable,1,1,0
much_neat,1,1,0
much_natural,1,1,0
much_national,1,1,0
immensely_logical,1,0,1
immensely_lovable,1,0,1
immensely_loyal,1,1,0
much_most,1,1,0
immensely_obvious,1,1,0
immensely_mature,1,0,1
much_moral,1,1,0
immensely_modest,1,1,0
immensely_moving,1,1,0
immensely_narcissistic,1,1,0
immensely_necessary,1,0,1
much_minimalist,1,0,1
much_loose,1,1,0
much_live,1,1,0
much_negotiable,1,1,0
immensely_privileged,1,1,0
much_intensive,1,1,0
immensely_sexy,1,0,1
much_instant,1,1,0
much_inspiring,1,1,0
much_insane,1,1,0
much_inherent,1,0,1
much_ingrained,1,0,1
immensely_shocking,1,1,0
much_infectious,1,1,0
much_inexhaustible,1,1,0
much_individualistic,1,1,0
much_indifferent,1,1,0
much_indicative,1,1,0
immensely_sluggish,1,1,0
much_indebted,1,1,0
immensely_sorry,1,1,0
much_inconsequential,1,0,1
immensely_seductive,1,0,1
much_interdependent,1,1,0
immensely_secretive,1,1,0
much_keen,1,1,0
much_liberal,1,1,0
immensely_provocative,1,1,0
much_legal,1,1,0
immensely_qualified,1,1,0
much_last,1,1,0
immensely_rare,1,0,1
immensely_ready,1,0,1
much_junior,1,0,1
much_intuitive,1,1,0
much_jewish,1,1,0
much_jaded,1,1,0
immensely_relatable,1,0,1
immensely_relieved,1,1,0
immensely_resourceful,1,1,0
much_invincible,1,1,0
much_invasive,1,1,0
much_negative,1,1,0
much_nervous,1,1,0
much_qualitative,1,1,0
much_pale,1,1,0
immensely_effective,1,1,0
much_possible,1,1,0
immensely_embarrassed,1,1,0
immensely_emotional,1,1,0
immensely_energetic,1,1,0
immensely_evident,1,0,1
immensely_fat,1,1,0
much_plausible,1,1,0
much_plain,1,1,0
immensely_fortunate,1,1,0
immensely_frightening,1,1,0
much_perplexed,1,1,0
much_permanent,1,1,0
immensely_frustrated,1,1,0
much_patient,1,1,0
much_particular,1,1,0
much_part-time,1,1,0
immensely_educational,1,1,0
much_practical,1,1,0
immensely_eager,1,1,0
much_promotional,1,1,0
much_purple,1,1,0
much_punctual,1,1,0
much_public,1,1,0
much_psychological,1,1,0
immensely_destructive,1,1,0
much_proprietary,1,1,0
much_prone,1,1,0
much_problematic,1,1,0
much_prepared,1,1,0
much_privy,1,1,0
much_private,1,1,0
much_pristine,1,1,0
immensely_different,1,0,1
much_prevalent,1,1,0
immensely_disappointed,1,1,0
immensely_drunk,1,1,0
much_parallel,1,1,0
immensely_genuine,1,0,1
immensely_joyful,1,1,0
much_own,1,1,0
immensely_humbling,1,0,1
immensely_iconic,1,0,1
immensely_impactful,1,1,0
immensely_impressed,1,1,0
immensely_inappropriate,1,0,1
much_obsolete,1,1,0
immensely_influential,1,1,0
much_obligatory,1,0,1
much_obese,1,1,0
much_obedient,1,1,0
much_numb,1,1,0
much_nostalgic,1,1,0
immensely_informative,1,1,0
much_nonexistent,1,1,0
immensely_intelligent,1,1,0
immensely_intimate,1,0,1
immensely_introspective,1,0,1
much_ongoing,1,1,0
much_online,1,0,1
immensely_human,1,0,1
much_overdone,1,1,0
much_overweight,1,1,0
immensely_good,1,0,1
immensely_gory,1,1,0
much_overjoyed,1,1,0
much_overhead,1,1,0
much_overgrown,1,1,0
immensely_great,1,0,1
much_overblown,1,1,0
much_optimistic,1,1,0
much_outstanding,1,1,0
much_outraged,1,1,0
much_outdated,1,1,0
immensely_harder,1,1,0
much_ordinary,1,0,1
much_orange,1,1,0
immensely_horrifying,1,0,1
much_uninhabited,1,1,0
immediately_playable,1,1,0
much_universal,1,1,0
immediately_do-able,1,1,0
immediately_dismissive,1,1,0
immediately_disruptive,1,1,0
mutually_restrictive,1,1,0
mutually_responsible,1,1,0
immediately_dissatisfied,1,1,0
mutually_reliant,1,1,0
mutually_reflective,1,1,0
mutually_pleasurable,1,0,1
mutually_pleasing,1,1,0
mutually_peaceful,1,1,0
mutually_open,1,1,0
mutually_needy,1,1,0
mutually_necessary,1,1,0
mutually_jealous,1,1,0
mutually_irrelevant,1,1,0
mutually_irreconcilable,1,1,0
mutually_interesting,1,0,1
immediately_disconcerting,1,0,1
immediately_dignified,1,0,1
mutually_sensitive,1,1,0
mutually_visible,1,1,0
mysteriously_afraid,1,1,0
immediately_delicious,1,1,0
mysteriously_able,1,1,0
mutually_willing,1,1,0
immediately_deployable,1,1,0
mutually_vulnerable,1,1,0
mutually_voluntary,1,1,0
mutually_useful,1,0,1
mutually_shy,1,1,0
mutually_unsettling,1,1,0
immediately_desirable,1,1,0
immediately_detectable,1,1,0
mutually_unacceptable,1,1,0
mutually_tolerant,1,1,0
mutually_special,1,0,1
mutually_sorry,1,1,0
immediately_disturbing,1,1,0
immediately_downloadable,1,1,0
mysteriously_alluring,1,0,1
mutually_indispensable,1,1,0
mutually_disappointing,1,1,0
mutually_detrimental,1,1,0
immediately_evocative,1,1,0
immediately_exceptional,1,1,0
mutually_convenient,1,1,0
immediately_excited,1,1,0
mutually_consistent,1,1,0
mutually_consensual,1,1,0
mutually_connected,1,1,0
mutually_conflicting,1,1,0
mutually_concerned,1,1,0
immediately_expedient,1,1,0
immediately_expendable,1,1,0
mutually_attractive,1,1,0
immediately_external,1,1,0
mutually_angry,1,1,0
mutually_amazing,1,1,0
mutually_distinct,1,1,0
mutually_distinctive,1,1,0
mutually_drunken,1,1,0
immediately_engaging,1,1,0
immediately_due,1,0,1
immediately_east,1,1,0
immediately_editable,1,1,0
immediately_endangered,1,1,0
mutually_inclined,1,1,0
immediately_endearing,1,0,1
mutually_identifiable,1,1,0
mutually_grateful,1,1,0
mutually_enamored,1,1,0
mutually_faithful,1,1,0
immediately_enough,1,1,0
mutually_exhaustive,1,1,0
immediately_entertaining,1,0,1
mutually_excited,1,1,0
mutually_enthused,1,1,0
mutually_enjoyable,1,1,0
mysteriously_alike,1,1,0
mysteriously_amazing,1,0,1
mutually_aggressive,1,1,0
mysteriously_obscure,1,1,0
mysteriously_unique,1,0,1
mysteriously_undefined,1,0,1
mysteriously_twisted,1,1,0
mysteriously_true,1,0,1
mysteriously_supernatural,1,1,0
immediately_commendable,1,0,1
mysteriously_sexy,1,0,1
mysteriously_selective,1,1,0
mysteriously_seductive,1,0,1
mysteriously_satisfying,1,0,1
mysteriously_sacred,1,0,1
mysteriously_romantic,1,1,0
immediately_compatible,1,0,1
immediately_competitive,1,1,0
mysteriously_provocative,1,0,1
mysteriously_profound,1,0,1
mysteriously_other,1,0,1
mysteriously_unlocked,1,1,0
mysteriously_unnatural,1,0,1
mysteriously_wonderful,1,0,1
immediately_christian,1,1,0
immediately_attentive,1,1,0
immediately_awash,1,1,0
immediately_believable,1,0,1
immediately_beneficial,1,1,0
immediately_calming,1,1,0
immediately_captivating,1,0,1
immediately_charming,1,0,1
n't_academic,1,1,0
immediately_comforting,1,0,1
n't_abusive,1,1,0
n't_abundant,1,1,0
immediately_close,1,1,0
n't_abstract,1,1,0
immediately_colder,1,1,0
n't_abrasive,1,1,0
n't_3d,1,1,0
mysteriously_odd,1,1,0
mysteriously_new,1,0,1
mysteriously_asleep,1,1,0
mysteriously_more,1,1,0
mysteriously_devoid,1,1,0
immediately_cool,1,1,0
mysteriously_dark,1,1,0
mysteriously_curious,1,0,1
mysteriously_crunchy,1,0,1
mysteriously_contagious,1,1,0
mysteriously_cold,1,0,1
mysteriously_clean,1,1,0
mysteriously_cheerful,1,0,1
mysteriously_charming,1,0,1
mysteriously_charismatic,1,1,0
mysteriously_captivating,1,0,1
mysteriously_busy,1,1,0
mysteriously_blind,1,1,0
mysteriously_better,1,1,0
mysteriously_bad,1,1,0
immediately_dark,1,0,1
immediately_convincing,1,1,0
mysteriously_difficult,1,1,0
mysteriously_dire,1,0,1
mysteriously_full,1,1,0
mysteriously_majestic,1,0,1
mysteriously_lovely,1,0,1
mysteriously_inactive,1,1,0
immediately_confused,1,1,0
mysteriously_higher,1,0,1
mysteriously_greater,1,0,1
mysteriously_greasy,1,1,0
mysteriously_flattering,1,1,0
mysteriously_dissatisfied,1,1,0
mysteriously_feminine,1,1,0
mysteriously_fast,1,1,0
immediately_contemporary,1,1,0
mysteriously_evasive,1,1,0
mysteriously_empty,1,1,0
mysteriously_elusive,1,1,0
mysteriously_earnest,1,1,0
mutually_agitated,1,1,0
immediately_fishy,1,1,0
much_unlikable,1,1,0
much_wicked,1,1,0
musically_ambitious,1,1,0
musically_amazing,1,0,1
immediately_intriguing,1,1,0
immediately_intuitive,1,1,0
immediately_involved,1,1,0
immediately_jealous,1,1,0
immediately_legitimate,1,1,0
immediately_light,1,1,0
immediately_logical,1,1,0
immediately_lower,1,1,0
immediately_magical,1,0,1
immediately_magnificent,1,0,1
immediately_meaningful,1,0,1
much_wishful,1,1,0
immediately_memorable,1,1,0
immediately_more,1,1,0
immediately_motivated,1,1,0
immediately_intimate,1,0,1
musically_aware,1,1,0
musically_bold,1,1,0
immediately_incapable,1,1,0
musically_daring,1,1,0
musically_curious,1,1,0
musically_credible,1,0,1
immediately_inaccessible,1,1,0
musically_correct,1,1,0
musically_condescending,1,1,0
musically_compliant,1,1,0
musically_complacent,1,1,0
immediately_interesting,1,0,1
musically_competent,1,1,0
musically_compelling,1,1,0
musically_coherent,1,0,1
immediately_inferior,1,1,0
musically_captivating,1,0,1
musically_capable,1,1,0
musically_busy,1,1,0
much_wide,1,1,0
immediately_nervous,1,1,0
musically_diffuse,1,1,0
immediately_new,1,1,0
much_upsetting,1,1,0
immediately_outspoken,1,1,0
much_unwise,1,0,1
much_unwelcome,1,1,0
much_unwatchable,1,1,0
much_unwanted,1,1,0
much_unused,1,1,0
much_unusable,1,0,1
much_untouched,1,1,0
much_unthinkable,1,1,0
much_unstructured,1,1,0
immediately_outstanding,1,0,1
much_unrecognisable,1,1,0
immediately_perceptible,1,1,0
much_unplayable,1,1,0
much_unparalleled,1,1,0
much_unnecessary,1,1,0
much_usable,1,1,0
immediately_outside,1,1,0
immediately_outraged,1,1,0
much_voluntary,1,0,1
much_wet,1,1,0
immediately_non-existent,1,1,0
much_weekly,1,1,0
immediately_noteworthy,1,0,1
immediately_novel,1,0,1
immediately_observable,1,1,0
immediately_obsessed,1,1,0
immediately_odd,1,0,1
immediately_outdated,1,1,0
much_vivid,1,1,0
much_vital,1,1,0
immediately_offensive,1,1,0
much_viable,1,1,0
much_verbatim,1,1,0
much_vegetarian,1,1,0
immediately_open,1,1,0
musically_difficult,1,1,0
immediately_ill,1,1,0
musically_wrong,1,1,0
musically_ornate,1,1,0
musically_revealing,1,1,0
musically_reminiscent,1,0,1
musically_remarkable,1,1,0
immediately_funny,1,0,1
musically_related,1,0,1
musically_reasonable,1,0,1
musically_rare,1,0,1
musically_progressive,1,0,1
musically_profound,1,1,0
musically_proficient,1,1,0
musically_prescient,1,1,0
musically_powerful,1,0,1
immediately_futile,1,1,0
musically_possible,1,0,1
musically_poorer,1,1,0
musically_poor,1,1,0
musically_poignant,1,1,0
musically_rewarding,1,1,0
musically_rhetorical,1,1,0
musically_sensitive,1,1,0
musically_surprising,1,1,0
musically_wonderful,1,0,1
musically_witty,1,1,0
musically_unrelated,1,1,0
musically_unnecessary,1,1,0
musically_uneducated,1,1,0
musically_unaware,1,1,0
musically_technical,1,1,0
immediately_forgettable,1,1,0
musically_significant,1,0,1
musically_stuck,1,0,1
musically_stimulating,1,1,0
musically_splendid,1,1,0
musically_spare,1,1,0
immediately_frustrating,1,0,1
musically_solid,1,1,0
musically_simpler,1,1,0
musically_other,1,1,0
immediately_great,1,1,0
musically_dynamic,1,0,1
musically_offensive,1,1,0
musically_illiterate,1,1,0
musically_hungry,1,1,0
musically_great,1,1,0
immediately_identical,1,1,0
musically_flat,1,1,0
musically_fascinating,1,1,0
musically_expressive,1,1,0
musically_expansive,1,1,0
musically_exciting,1,0,1
musically_excellent,1,1,0
musically_entertaining,1,1,0
musically_enlightening,1,1,0
musically_engrossing,1,0,1
musically_endearing,1,0,1
musically_enchanting,1,1,0
musically_electric,1,1,0
musically_elaborate,1,1,0
musically_imaginative,1,1,0
musically_impaired,1,1,0
immediately_humbling,1,0,1
musically_inventive,1,1,0
immediately_healthy,1,1,0
musically_mundane,1,1,0
musically_meaningful,1,0,1
musically_mainstream,1,1,0
musically_literate,1,1,0
musically_legible,1,0,1
musically_involved,1,1,0
musically_intricate,1,1,0
musically_inaccessible,1,1,0
immediately_helpful,1,1,0
musically_intense,1,1,0
musically_inspiring,1,1,0
musically_inspirational,1,1,0
musically_innovative,1,1,0
musically_inept,1,1,0
immediately_honest,1,1,0
immensely_sour,1,0,1
immensely_spectacular,1,0,1
naturally_feminist,1,1,0
impossibly_slippery,1,1,0
impossibly_soft,1,1,0
mostly_reliant,1,1,0
impossibly_subjective,1,1,0
mostly_recyclable,1,1,0
mostly_recognizable,1,0,1
mostly_recent,1,1,0
mostly_ready,1,1,0
mostly_readable,1,1,0
impossibly_successful,1,1,0
impossibly_tedious,1,1,0
mostly_questionable,1,1,0
mostly_purple,1,1,0
impossibly_tight,1,1,0
mostly_psychological,1,1,0
impossibly_tragic,1,0,1
impossibly_trivial,1,1,0
mostly_pro-choice,1,1,0
impossibly_smart,1,1,0
mostly_respectable,1,1,0
immensely_stimulating,1,1,0
impossibly_simple,1,1,0
mostly_scientific,1,0,1
mostly_scared,1,1,0
mostly_satisfying,1,1,0
mostly_satisfactory,1,1,0
impossibly_seductive,1,0,1
impossibly_serene,1,1,0
mostly_russian,1,1,0
impossibly_serious,1,1,0
mostly_rubbish,1,1,0
mostly_round,1,1,0
mostly_rotten,1,1,0
mostly_rigid,1,0,1
impossibly_shiny,1,1,0
mostly_ridiculous,1,1,0
impossibly_short,1,1,0
impossibly_shy,1,1,0
mostly_rewarding,1,1,0
impossibly_underground,1,0,1
mostly_primitive,1,1,0
mostly_preventable,1,1,0
impossibly_unpalatable,1,1,0
mostly_one-dimensional,1,1,0
mostly_older,1,1,0
impressively_athletic,1,1,0
impressively_attentive,1,1,0
mostly_offline,1,1,0
mostly_oblivious,1,1,0
mostly_numb,1,1,0
mostly_nude,1,1,0
mostly_normal,1,1,0
mostly_noble,1,1,0
mostly_nice,1,1,0
impressively_better,1,1,0
impressively_bigoted,1,1,0
impressively_bold,1,1,0
impressively_bountiful,1,1,0
impressively_broad,1,1,0
impressively_calm,1,1,0
impressively_affordable,1,1,0
impressively_adventurous,1,1,0
impressively_adaptive,1,1,0
impossibly_voluptuous,1,1,0
mostly_pregnant,1,1,0
mostly_practical,1,1,0
mostly_possessive,1,1,0
impossibly_unsettling,1,0,1
impossibly_vague,1,1,0
impossibly_virtuous,1,1,0
mostly_pointless,1,1,0
impossibly_warm,1,1,0
mostly_orange,1,1,0
impossibly_wistful,1,0,1
mostly_personal,1,1,0
mostly_perfect,1,1,0
mostly_overcrowded,1,1,0
mostly_overcast,1,1,0
impressively_able,1,1,0
impressively_active,1,1,0
impossibly_romantic,1,1,0
mostly_sedentary,1,1,0
impossibly_ridiculous,1,1,0
mostly_unavoidable,1,1,0
mostly_unintended,1,1,0
mostly_uninspired,1,1,0
mostly_uniform,1,0,1
mostly_unified,1,1,0
mostly_unhinged,1,1,0
impossibly_hectic,1,1,0
mostly_unhealthy,1,1,0
impossibly_hokey,1,1,0
mostly_unfounded,1,1,0
impossibly_hopeful,1,1,0
mostly_unfair,1,1,0
mostly_unexplored,1,1,0
mostly_unemployed,1,1,0
mostly_undiscovered,1,1,0
impossibly_hungry,1,1,0
mostly_underwhelming,1,1,0
impossibly_impractical,1,1,0
mostly_uninteresting,1,1,0
mostly_unique,1,0,1
impossibly_grumpy,1,1,0
mostly_unscathed,1,1,0
mostly_unwatchable,1,0,1
impossibly_graceful,1,1,0
mostly_untouched,1,1,0
mostly_unthinkable,1,0,1
mostly_untested,1,1,0
mostly_unsuccessful,1,1,0
mostly_unsolved,1,0,1
mostly_unsafe,1,1,0
impossibly_groovy,1,1,0
impossibly_grand,1,0,1
mostly_unreadable,1,1,0
mostly_unproven,1,1,0
mostly_unorganized,1,1,0
mostly_unoccupied,1,1,0
mostly_unnoticed,1,0,1
mostly_unnoticeable,1,0,1
impossibly_infectious,1,1,0
impossibly_innocent,1,1,0
mostly_senior,1,1,0
impossibly_late,1,1,0
impossibly_popular,1,0,1
impossibly_posh,1,1,0
mostly_speculative,1,1,0
mostly_solitary,1,1,0
impossibly_problematic,1,0,1
impossibly_quaint,1,1,0
mostly_snarky,1,1,0
mostly_snappy,1,1,0
impossibly_quick,1,1,0
mostly_smaller,1,1,0
mostly_small,1,0,1
mostly_situational,1,0,1
mostly_silver,1,1,0
impossibly_reductive,1,1,0
impossibly_regular,1,0,1
mostly_shallow,1,1,0
mostly_serious,1,1,0
mostly_stereotypical,1,1,0
impossibly_pious,1,1,0
mostly_straightforward,1,1,0
mostly_talented,1,1,0
impossibly_light,1,1,0
mostly_tired,1,1,0
impossibly_luxurious,1,0,1
impossibly_mature,1,0,1
impossibly_moist,1,1,0
impossibly_mystical,1,1,0
impossibly_naive,1,1,0
mostly_synthetic,1,1,0
mostly_structural,1,1,0
mostly_sympathetic,1,1,0
mostly_symmetrical,1,1,0
impossibly_nice,1,1,0
impossibly_optimistic,1,1,0
mostly_suitable,1,0,1
impossibly_perfect,1,1,0
mostly_subject,1,1,0
mostly_mysterious,1,1,0
mostly_mutual,1,1,0
mostly_mute,1,1,0
mostly_foolish,1,1,0
impressively_little,1,1,0
mostly_glad,1,1,0
mostly_german,1,1,0
impressively_logical,1,1,0
mostly_generic,1,1,0
mostly_gay,1,1,0
impressively_lower,1,1,0
impressively_meaningful,1,0,1
mostly_fun,1,1,0
mostly_full-time,1,1,0
impressively_menacing,1,1,0
mostly_frustrating,1,1,0
impressively_militant,1,1,0
mostly_french,1,0,1
impressively_modern,1,1,0
mostly_forthcoming,1,1,0
impressively_moist,1,1,0
mostly_goofy,1,1,0
mostly_gory,1,1,0
impressively_light,1,1,0
impressively_helpful,1,1,0
mostly_hot,1,1,0
mostly_hostile,1,1,0
mostly_horrifying,1,1,0
impressively_hefty,1,1,0
mostly_honest,1,1,0
mostly_homogenous,1,1,0
mostly_hispanic,1,0,1
impressively_honest,1,0,1
mostly_great,1,1,0
impressively_important,1,1,0
mostly_hardcore,1,1,0
impressively_informative,1,1,0
mostly_handmade,1,1,0
impressively_innovative,1,1,0
impressively_interactive,1,1,0
impressively_intricate,1,1,0
impressively_more,1,1,0
mostly_flawless,1,1,0
impressively_grotesque,1,0,1
impressively_nasty,1,0,1
mostly_enough,1,1,0
mostly_enjoyable,1,1,0
impressively_professional,1,1,0
impressively_profound,1,0,1
mostly_dumb,1,1,0
mostly_due,1,1,0
mostly_dormant,1,1,0
mostly_do-able,1,1,0
mostly_disastrous,1,1,0
impressively_raw,1,1,0
impressively_realistic,1,1,0
impressively_relentless,1,0,1
mostly_detrimental,1,1,0
mostly_desperate,1,1,0
impressively_risky,1,1,0
mostly_depressing,1,1,0
impressively_scary,1,0,1
mostly_environmental,1,1,0
mostly_equal,1,1,0
mostly_excited,1,1,0
impressively_opulent,1,1,0
impressively_new,1,1,0
impressively_novel,1,0,1
mostly_fictional,1,1,0
impressively_official,1,1,0
mostly_favourable,1,1,0
impressively_opaque,1,1,0
mostly_fatal,1,1,0
mostly_famous,1,1,0
mostly_exclusive,1,1,0
impressively_popular,1,1,0
impressively_potent,1,0,1
mostly_fake,1,1,0
impressively_powerful,1,0,1
mostly_factual,1,1,0
mostly_exploitative,1,1,0
mostly_expensive,1,1,0
impressively_hardcore,1,1,0
mostly_hypothetical,1,1,0
impressively_clear,1,1,0
mostly_irish,1,1,0
mostly_logical,1,1,0
impressively_cosmopolitan,1,1,0
mostly_literal,1,1,0
mostly_liquid,1,1,0
impressively_cynical,1,0,1
mostly_likable,1,1,0
mostly_libertarian,1,1,0
impressively_dark,1,1,0
mostly_lethal,1,1,0
impressively_decadent,1,0,1
impressively_deep,1,1,0
impressively_different,1,0,1
mostly_large,1,1,0
mostly_lame,1,1,0
mostly_jealous,1,1,0
mostly_japanese,1,0,1
impressively_discreet,1,0,1
mostly_loving,1,1,0
mostly_low-key,1,1,0
mostly_mainstream,1,1,0
mostly_misunderstood,1,1,0
mostly_mundane,1,0,1
mostly_motionless,1,1,0
mostly_mortal,1,1,0
impressively_clever,1,1,0
mostly_monochromatic,1,1,0
mostly_modular,1,1,0
mostly_modern,1,1,0
impressively_cohesive,1,0,1
impressively_convertible,1,1,0
mostly_mild,1,1,0
impressively_complex,1,1,0
mostly_meh,1,1,0
mostly_mediocre,1,1,0
impressively_complicated,1,1,0
mostly_masculine,1,1,0
mostly_manual,1,1,0
mostly_irrational,1,1,0
mostly_invulnerable,1,1,0
mostly_icky,1,1,0
impressively_easy,1,1,0
mostly_inadequate,1,1,0
impressively_formidable,1,1,0
mostly_inaccurate,1,1,0
mostly_inaccessible,1,1,0
mostly_impractical,1,1,0
mostly_impotent,1,1,0
impressively_gigantic,1,0,1
mostly_impervious,1,1,0
mostly_immutable,1,1,0
mostly_immoral,1,1,0
mostly_imaginary,1,1,0
mostly_illusory,1,1,0
mostly_illiterate,1,1,0
impressively_grandiose,1,0,1
mostly_ignorant,1,1,0
mostly_idle,1,1,0
impressively_great,1,1,0
mostly_inaudible,1,1,0
mostly_incidental,1,1,0
impressively_fast,1,1,0
mostly_inert,1,1,0
mostly_intuitive,1,1,0
mostly_introverted,1,1,0
mostly_intimate,1,1,0
impressively_efficient,1,1,0
mostly_interchangeable,1,1,0
impressively_elegant,1,1,0
impressively_evil,1,1,0
mostly_inefficient,1,1,0
mostly_incoherent,1,0,1
impressively_explosive,1,0,1
mostly_indifferent,1,1,0
mostly_indian,1,1,0
impressively_extravagant,1,1,0
mostly_incorrect,1,1,0
mostly_inconsequential,1,1,0
mostly_incompetent,1,1,0
mostly_upright,1,1,0
mostly_upset,1,1,0
mostly_urban,1,1,0
much_dumb,1,1,0
impeccably_muscular,1,1,0
impeccably_peculiar,1,1,0
much_entertaining,1,1,0
impeccably_playable,1,1,0
much_enjoyable,1,0,1
much_endangered,1,1,0
much_encouraging,1,1,0
impeccably_stylish,1,1,0
impeccably_tasteful,1,1,0
much_embarrassed,1,1,0
impeccably_tidy,1,1,0
impeccably_upright,1,1,0
much_economical,1,1,0
implicitly_anti-semitic,1,1,0
implicitly_available,1,1,0
implicitly_aware,1,1,0
implicitly_bad,1,1,0
impeccably_modern,1,1,0
much_ethereal,1,0,1
impeccably_logical,1,1,0
much_explicit,1,1,0
much_famous,1,1,0
impeccably_correct,1,1,0
impeccably_detailed,1,1,0
impeccably_discreet,1,1,0
impeccably_elegant,1,1,0
much_extinct,1,1,0
much_extensive,1,1,0
much_experimental,1,1,0
much_evil,1,1,0
impeccably_faithful,1,1,0
much_expendable,1,1,0
much_exorbitant,1,1,0
much_exempt,1,1,0
impeccably_japanese,1,1,0
impeccably_lean,1,1,0
much_exaggerated,1,1,0
implicitly_communal,1,1,0
much_dry,1,1,0
impeccably_cool,1,1,0
much_drunk,1,1,0
much_dependant,1,1,0
implicitly_explicit,1,1,0
much_delightful,1,1,0
much_delighted,1,1,0
much_delicious,1,1,0
implicitly_figurative,1,1,0
much_deep,1,1,0
implicitly_final,1,1,0
implicitly_foreign,1,1,0
much_daunting,1,1,0
implicitly_greedy,1,0,1
implicitly_human,1,0,1
much_damned,1,1,0
implicitly_jewish,1,1,0
much_cute,1,1,0
implicitly_observable,1,1,0
much_customizable,1,1,0
implicitly_derogatory,1,1,0
much_depressed,1,1,0
much_depressing,1,1,0
much_disproportionate,1,1,0
much_drinkable,1,1,0
implicitly_competitive,1,1,0
much_dormant,1,1,0
implicitly_concerned,1,1,0
much_divergent,1,1,0
implicitly_condescending,1,0,1
much_dissatisfied,1,1,0
much_disgusting,1,1,0
much_deserving,1,1,0
much_disgusted,1,1,0
much_disgruntled,1,1,0
implicitly_consensual,1,1,0
much_disadvantaged,1,1,0
much_direct,1,1,0
implicitly_convertible,1,1,0
implicitly_defiant,1,0,1
much_fantastic,1,1,0
impeccably_charming,1,0,1
much_crucial,1,1,0
immensely_wrong,1,0,1
immensely_thrilling,1,1,0
immensely_tired,1,1,0
immensely_tolerable,1,1,0
immensely_touching,1,1,0
immensely_tranquil,1,0,1
immensely_unfamiliar,1,0,1
much_harmless,1,1,0
immensely_unpopular,1,1,0
immensely_unsettling,1,1,0
immensely_uplifting,1,1,0
immensely_versatile,1,1,0
much_guilty,1,1,0
immensely_violent,1,1,0
immensely_welcoming,1,1,0
immensely_wicked,1,1,0
immensely_wise,1,1,0
much_gratified,1,1,0
immensely_therapeutic,1,0,1
immensely_thankful,1,1,0
much_hilarious,1,1,0
much_immune,1,1,0
immensely_strong,1,0,1
much_impotent,1,1,0
immensely_stunning,1,1,0
immensely_sublime,1,0,1
much_implicit,1,0,1
much_imperative,1,1,0
much_impeccable,1,1,0
much_identifiable,1,1,0
much_historical,1,1,0
immensely_surreal,1,1,0
much_ideal,1,1,0
much_hysterical,1,1,0
immensely_tall,1,0,1
immensely_technical,1,1,0
much_horrified,1,1,0
much_holistic,1,1,0
immensely_worried,1,1,0
much_gorgeous,1,0,1
impeccably_authentic,1,1,0
imminently_accessible,1,1,0
much_forgiving,1,1,0
imminently_primitive,1,1,0
much_fond,1,1,0
much_flirty,1,1,0
much_flawed,1,1,0
much_flavourful,1,1,0
imminently_realistic,1,1,0
imminently_relatable,1,0,1
imminently_sad,1,0,1
much_fit,1,1,0
much_first,1,1,0
imminently_satisfying,1,0,1
imminently_sensible,1,0,1
imminently_solvable,1,1,0
imminently_successful,1,1,0
much_favorable,1,1,0
imminently_urgent,1,1,0
much_formal,1,1,0
imminently_practical,1,1,0
imminently_possible,1,1,0
much_functional,1,1,0
much_gloomy,1,1,0
much_global,1,1,0
imminently_achievable,1,1,0
much_general,1,1,0
much_further,1,1,0
imminently_appealing,1,0,1
imminently_close,1,1,0
imminently_dead,1,1,0
imminently_objectionable,1,0,1
imminently_doable,1,1,0
imminently_harmful,1,1,0
much_frustrated,1,1,0
much_frightened,1,1,0
much_friendly,1,1,0
imminently_life-threatening,1,1,0
much_french,1,1,0
much_cultural,1,1,0
much_crowded,1,1,0
mostly_usable,1,0,1
much_afoot,1,1,0
much_annoyed,1,1,0
impossibly_childish,1,0,1
much_anecdotal,1,1,0
much_amicable,1,1,0
impossibly_close,1,1,0
much_amazed,1,1,0
impossibly_coarse,1,1,0
much_alluring,1,0,1
impossibly_cohesive,1,0,1
much_alien,1,1,0
much_alarmist,1,1,0
impossibly_conceptual,1,0,1
much_agreeable,1,1,0
much_agnostic,1,1,0
much_agitated,1,1,0
impossibly_convoluted,1,1,0
much_aggressive,1,1,0
impossibly_chic,1,1,0
impossibly_cheap,1,1,0
much_anticlimactic,1,1,0
much_attentive,1,1,0
impossibly_banal,1,1,0
impossibly_big,1,1,0
impossibly_blurry,1,1,0
impossibly_boring,1,1,0
impossibly_bouncy,1,1,0
impossibly_burdensome,1,1,0
much_attributable,1,1,0
much_athletic,1,1,0
impossibly_charming,1,1,0
much_asleep,1,1,0
impossibly_busy,1,1,0
much_artificial,1,1,0
much_appreciative,1,1,0
impossibly_catchy,1,1,0
impossibly_challenging,1,1,0
much_apparent,1,1,0
impossibly_cozy,1,0,1
much_affectionate,1,1,0
much_baseless,1,1,0
much_adrift,1,1,0
impossibly_elegant,1,0,1
mostly_wonderful,1,1,0
impossibly_esoteric,1,0,1
mostly_wireless,1,1,0
mostly_whole,1,1,0
impossibly_evasive,1,1,0
mostly_wet,1,1,0
impossibly_evil,1,1,0
mostly_visible,1,1,0
mostly_victorious,1,0,1
impossibly_exciting,1,0,1
impossibly_foreign,1,1,0
impossibly_formal,1,1,0
mostly_utilitarian,1,1,0
impossibly_fresh,1,1,0
impossibly_glossy,1,1,0
mostly_useable,1,0,1
impossibly_elaborate,1,0,1
mostly_worth,1,1,0
impossibly_eccentric,1,1,0
impossibly_despicable,1,1,0
much_adequate,1,1,0
much_additional,1,1,0
much_actual,1,1,0
impossibly_darker,1,0,1
much_achievable,1,1,0
impossibly_dense,1,0,1
impossibly_desperate,1,1,0
much_accommodating,1,1,0
impossibly_dry,1,1,0
much_accidental,1,1,0
impossibly_detailed,1,1,0
much_acceptable,1,1,0
much_academic,1,1,0
much_absent,1,0,1
mostly_younger,1,1,0
impossibly_drunk,1,1,0
impossibly_awkward,1,1,0
much_beatable,1,1,0
much_critical,1,1,0
much_coherent,1,0,1
much_confused,1,1,0
much_confidential,1,1,0
much_conducive,1,1,0
much_concise,1,1,0
importantly_decent,1,1,0
much_conceivable,1,0,1
much_complicated,1,1,0
importantly_enjoyable,1,1,0
much_complete,1,1,0
importantly_green,1,1,0
much_comparable,1,1,0
much_communal,1,1,0
much_committed,1,1,0
importantly_helpful,1,1,0
much_colourful,1,1,0
much_colorful,1,1,0
importantly_liable,1,1,0
importantly_better,1,0,1
importantly_african,1,1,0
much_conspicuous,1,1,0
implicitly_violent,1,1,0
much_creepier,1,0,1
implicitly_parallel,1,1,0
implicitly_present,1,1,0
much_counterintuitive,1,1,0
implicitly_recognisable,1,1,0
implicitly_responsible,1,1,0
implicitly_threatening,1,1,0
implicitly_white,1,1,0
much_contemptible,1,1,0
much_convincing,1,1,0
much_convinced,1,1,0
much_controversial,1,1,0
much_contrary,1,0,1
much_contradictory,1,1,0
importantly_aesthetic,1,1,0
much_contented,1,1,0
importantly_memorable,1,1,0
importantly_necessary,1,1,0
much_beautiful,1,1,0
importantly_old,1,1,0
much_brown,1,1,0
impossibly_accurate,1,1,0
much_british,1,1,0
much_brilliant,1,1,0
impossibly_acrobatic,1,1,0
much_boring,1,1,0
impossibly_adorable,1,1,0
impossibly_advanced,1,1,0
much_bleaker,1,1,0
impossibly_affordable,1,1,0
impossibly_ambitious,1,1,0
impossibly_appealing,1,0,1
impossibly_arrogant,1,1,0
much_bent,1,1,0
impossibly_attractive,1,0,1
impossibly_awful,1,1,0
much_believable,1,1,0
much_bubbly,1,1,0
importantly_willing,1,1,0
importantly_unpopular,1,1,0
much_civil,1,1,0
importantly_profitable,1,1,0
much_cliched,1,1,0
much_clever,1,0,1
importantly_qualified,1,1,0
much_clear,1,1,0
importantly_related,1,0,1
much_clean,1,1,0
importantly_sticky,1,1,0
importantly_unknown,1,1,0
much_central,1,1,0
much_caring,1,1,0
much_careless,1,1,0
importantly_sustainable,1,1,0
importantly_symbolic,1,0,1
much_candid,1,1,0
much_canadian,1,1,0
n't_actual,1,1,0
n't_adaptable,1,1,0
n't_addictive,1,1,0
however_extraordinary,1,1,0
however_famous,1,1,0
n't_soft,1,1,0
however_fascinating,1,0,1
n't_sociable,1,1,0
however_fat,1,0,1
however_feeble,1,1,0
n't_snarky,1,1,0
however_fertile,1,1,0
n't_smarter,1,1,0
however_fleeting,1,0,1
however_fluid,1,1,0
n't_slight,1,1,0
however_fond,1,1,0
n't_sleazy,1,1,0
however_foreign,1,1,0
n't_skillful,1,1,0
however_formidable,1,1,0
however_fallible,1,1,0
however_extensive,1,1,0
immediately_arresting,1,1,0
however_exquisite,1,0,1
however_discouraging,1,1,0
n't_steadfast,1,1,0
n't_stationary,1,1,0
however_disjointed,1,0,1
however_distasteful,1,1,0
however_dubious,1,0,1
n't_spontaneous,1,1,0
however_easy,1,1,0
however_ecological,1,1,0
however_elaborate,1,0,1
however_endangered,1,1,0
however_excellent,1,1,0
however_expressive,1,0,1
n't_sovereign,1,1,0
n't_southern,1,1,0
n't_sour,1,1,0
n't_sound,1,1,0
n't_sketchy,1,1,0
however_formulaic,1,0,1
n't_sinful,1,1,0
however_frantic,1,0,1
n't_sex,1,1,0
however_hot,1,1,0
n't_serviceable,1,1,0
however_humane,1,0,1
however_hysterical,1,1,0
n't_sensual,1,1,0
however_ignorant,1,0,1
however_inconceivable,1,1,0
n't_self-sufficient,1,1,0
n't_self-indulgent,1,1,0
n't_self-explanatory,1,1,0
n't_self-confident,1,1,0
however_inconvenient,1,1,0
n't_secondary,1,1,0
however_incorrect,1,1,0
n't_seamless,1,1,0
n't_scrupulous,1,1,0
however_honest,1,0,1
however_helpless,1,0,1
however_heinous,1,0,1
n't_short-lived,1,1,0
n't_simpler,1,1,0
however_friendly,1,1,0
however_funny,1,1,0
however_general,1,1,0
however_goofy,1,0,1
however_grand,1,0,1
however_grateful,1,0,1
n't_short,1,1,0
n't_shaky,1,1,0
however_gratifying,1,1,0
however_grotesque,1,0,1
however_happy,1,1,0
however_harder,1,1,0
n't_shiny,1,1,0
however_heavy,1,1,0
n't_shareable,1,1,0
however_disappointed,1,1,0
n't_sterile,1,1,0
however_disagreeable,1,0,1
n't_synthetic,1,1,0
n't_thoughtful,1,1,0
however_beautiful,1,1,0
n't_thin,1,1,0
n't_thicker,1,1,0
however_benign,1,0,1
n't_thankful,1,1,0
however_better,1,1,0
however_bitter,1,0,1
n't_tedious,1,1,0
however_bizarre,1,0,1
however_bleak,1,1,0
however_blissful,1,0,1
n't_tame,1,1,0
however_boring,1,0,1
however_bright,1,0,1
however_broad,1,1,0
n't_taboo,1,1,0
n't_threatening,1,1,0
however_banal,1,0,1
however_awful,1,0,1
n't_traditional,1,1,0
horrifyingly_vulnerable,1,0,1
horrifyingly_young,1,1,0
however_absurd,1,1,0
n't_transformative,1,1,0
however_adventurous,1,1,0
n't_transactional,1,1,0
however_agreeable,1,0,1
however_anemic,1,0,1
however_awesome,1,1,0
however_anxious,1,1,0
n't_touchy,1,1,0
however_arbitrary,1,0,1
however_avoidable,1,1,0
n't_top,1,1,0
n't_tolerable,1,1,0
however_aware,1,1,0
however_busy,1,1,0
n't_symptomatic,1,1,0
n't_stiff,1,1,0
however_celebratory,1,0,1
n't_suburban,1,1,0
however_crispy,1,1,0
however_cute,1,0,1
however_dangerous,1,1,0
however_dark,1,1,0
however_deep,1,1,0
n't_stunning,1,1,0
n't_studious,1,1,0
n't_stronger,1,1,0
however_delicious,1,1,0
however_delightful,1,1,0
however_deranged,1,0,1
n't_stretchy,1,1,0
however_desirable,1,1,0
however_destructive,1,0,1
however_diligent,1,0,1
however_direct,1,0,1
however_creative,1,1,0
however_costly,1,0,1
however_controversial,1,1,0
however_commendable,1,0,1
n't_symmetrical,1,1,0
n't_swollen,1,1,0
however_clean,1,1,0
however_clever,1,0,1
however_cold,1,0,1
n't_surreal,1,1,0
however_comfortable,1,1,0
however_common,1,0,1
n't_suicidal,1,1,0
n't_supple,1,1,0
n't_supernatural,1,1,0
n't_superior,1,1,0
n't_superfluous,1,1,0
however_concerned,1,1,0
n't_superb,1,1,0
however_contradictory,1,1,0
however_incremental,1,0,1
n't_scenic,1,1,0
however_influential,1,0,1
however_skillful,1,1,0
n't_prestigious,1,1,0
n't_presentable,1,1,0
however_secure,1,1,0
however_sensible,1,0,1
n't_preferable,1,1,0
n't_predictive,1,1,0
however_sexist,1,0,1
n't_precious,1,1,0
n't_pragmatic,1,1,0
however_shocking,1,0,1
n't_practicable,1,1,0
however_significant,1,1,0
however_similar,1,1,0
however_sincere,1,1,0
however_singular,1,1,0
n't_portable,1,1,0
n't_populist,1,1,0
n't_pretentious,1,1,0
however_scientific,1,1,0
n't_preventable,1,1,0
however_regular,1,1,0
however_private,1,1,0
n't_prompt,1,1,0
however_proud,1,0,1
however_quick,1,1,0
however_rampant,1,1,0
however_rational,1,0,1
however_ready,1,1,0
however_reluctant,1,1,0
however_scary,1,0,1
however_reprehensible,1,1,0
however_respectful,1,1,0
n't_pro-life,1,1,0
n't_pro,1,1,0
however_rough,1,0,1
however_safe,1,1,0
n't_pristine,1,1,0
however_skeptical,1,0,1
however_slow,1,1,0
n't_proportional,1,1,0
however_smart,1,0,1
n't_patronizing,1,1,0
however_talented,1,0,1
however_temporary,1,0,1
n't_passable,1,1,0
n't_paramount,1,1,0
however_tentative,1,1,0
n't_pale,1,1,0
however_third,1,1,0
however_tight,1,1,0
n't_overweight,1,1,0
however_tired,1,1,0
n't_overkill,1,1,0
n't_overdue,1,1,0
n't_overdone,1,1,0
n't_overblown,1,1,0
n't_outspoken,1,1,0
n't_outrageous,1,1,0
however_sympathetic,1,0,1
however_sweet,1,1,0
however_superficial,1,0,1
however_subconscious,1,1,0
n't_pointless,1,1,0
however_solid,1,1,0
however_stiff,1,0,1
however_stubborn,1,1,0
however_stuck,1,0,1
n't_plausible,1,1,0
however_stupid,1,0,1
however_sublime,1,1,0
n't_perky,1,1,0
however_subordinate,1,1,0
n't_petrified,1,1,0
however_subtle,1,1,0
however_successful,1,0,1
however_suicidal,1,0,1
n't_perplexing,1,1,0
n't_permissible,1,1,0
however_pretentious,1,1,0
n't_proportionate,1,1,0
however_ingenious,1,1,0
however_modern,1,1,0
n't_rigid,1,1,0
however_likely,1,1,0
n't_rife,1,1,0
however_loud,1,1,0
however_lovely,1,0,1
n't_revelatory,1,1,0
however_loyal,1,0,1
however_luscious,1,0,1
n't_resonant,1,1,0
n't_resistant,1,1,0
however_mediocre,1,0,1
n't_resentful,1,1,0
n't_reputable,1,1,0
however_minuscule,1,0,1
however_misguided,1,0,1
n't_reprehensible,1,1,0
n't_remarkable,1,1,0
however_legitimate,1,0,1
however_laughable,1,0,1
however_lacklustre,1,1,0
however_irrelevant,1,0,1
however_innocuous,1,0,1
n't_scalable,1,1,0
however_inspired,1,1,0
however_insubstantial,1,1,0
n't_sane,1,1,0
n't_same,1,1,0
however_intricate,1,0,1
n't_sacrosanct,1,1,0
n't_roman,1,1,0
however_justifiable,1,1,0
n't_runny,1,1,0
n't_rude,1,1,0
n't_rubbish,1,1,0
n't_rotten,1,1,0
however_keen,1,1,0
n't_romantic,1,1,0
n't_reluctant,1,1,0
however_mythical,1,1,0
n't_proprietary,1,1,0
however_negative,1,0,1
however_poor,1,1,0
n't_ragged,1,1,0
however_positive,1,1,0
however_possible,1,1,0
however_powerless,1,1,0
however_precious,1,0,1
n't_questionable,1,1,0
n't_queer,1,1,0
however_predictable,1,0,1
n't_quality,1,1,0
however_pregnant,1,1,0
n't_purposeful,1,1,0
however_preliminary,1,0,1
n't_punctual,1,1,0
however_preposterous,1,1,0
n't_prudent,1,1,0
however_presidential,1,1,0
n't_rare,1,1,0
however_pitiful,1,1,0
however_pious,1,1,0
n't_redundant,1,1,0
however_nervous,1,1,0
however_neutral,1,0,1
however_new,1,1,0
however_nice,1,0,1
however_nifty,1,0,1
however_nil,1,1,0
however_numerous,1,1,0
however_obligatory,1,1,0
however_pink,1,1,0
however_obtainable,1,1,0
however_onerous,1,1,0
however_online,1,1,0
however_outrageous,1,0,1
however_painful,1,0,1
however_passionate,1,1,0
however_peaceful,1,0,1
n't_tricky,1,1,0
horrifyingly_unqualified,1,1,0
n't_troublesome,1,1,0
horribly_yellow,1,1,0
horribly_unpopular,1,1,0
horribly_unseemly,1,1,0
naturally_beefy,1,1,0
horribly_unsuitable,1,1,0
horribly_unwelcome,1,1,0
naturally_awake,1,1,0
naturally_averse,1,1,0
horribly_utilitarian,1,0,1
naturally_authentic,1,1,0
naturally_attributable,1,1,0
horribly_vague,1,1,0
horribly_vivid,1,1,0
naturally_asleep,1,1,0
naturally_artistic,1,1,0
naturally_articulate,1,1,0
horribly_wicked,1,0,1
naturally_apt,1,1,0
horribly_unpleasant,1,0,1
horribly_unnatural,1,0,1
horribly_unlucky,1,1,0
horribly_unfunny,1,1,0
naturally_cinematic,1,0,1
naturally_cheery,1,1,0
horribly_underused,1,1,0
naturally_charitable,1,1,0
horribly_unfashionable,1,0,1
naturally_capable,1,1,0
naturally_calming,1,0,1
naturally_brown,1,1,0
naturally_blessed,1,0,1
horribly_universal,1,0,1
naturally_breathable,1,1,0
naturally_bouncy,1,1,0
naturally_bossy,1,1,0
naturally_bold,1,0,1
naturally_blunt,1,1,0
horribly_unjust,1,1,0
naturally_appealing,1,0,1
naturally_antagonistic,1,1,0
horribly_underpaid,1,1,0
naturally_androgynous,1,1,0
nationally_scarce,1,1,0
horrifically_concrete,1,0,1
horrifically_corrupt,1,0,1
nationally_relevant,1,1,0
horrifically_creative,1,1,0
nationally_qualified,1,1,0
nationally_prominent,1,1,0
nationally_popular,1,1,0
nationally_outstanding,1,1,0
horrifically_depressing,1,1,0
horrifically_desperate,1,1,0
nationally_important,1,0,1
horrifically_difficult,1,1,0
nationally_endangered,1,1,0
nationally_consistent,1,1,0
nationally_available,1,1,0
nationally_ambitious,1,1,0
horrifically_challenging,1,1,0
nationally_useful,1,1,0
nationally_vulnerable,1,1,0
naturally_affectionate,1,1,0
naturally_amazing,1,1,0
naturally_altruistic,1,1,0
naturally_alluring,1,0,1
naturally_alike,1,1,0
naturally_akin,1,0,1
horrifically_abusive,1,1,0
naturally_afraid,1,1,0
horrifically_awful,1,1,0
horrifically_catastrophic,1,1,0
naturally_addictive,1,0,1
naturally_adaptable,1,1,0
naturally_active,1,1,0
naturally_acrobatic,1,1,0
horrifically_beautiful,1,1,0
naturally_abundant,1,1,0
naturally_abstract,1,1,0
naturally_clean,1,1,0
naturally_closer,1,1,0
narrowly_tribal,1,1,0
naturally_discerning,1,1,0
horribly_slower,1,1,0
naturally_elusive,1,1,0
horribly_sore,1,1,0
naturally_efficient,1,1,0
horribly_sour,1,1,0
naturally_eclectic,1,1,0
horribly_special,1,0,1
horribly_stale,1,1,0
horribly_stark,1,0,1
naturally_dumb,1,1,0
naturally_dry,1,1,0
horribly_steep,1,1,0
horribly_stiff,1,1,0
naturally_docile,1,1,0
naturally_divine,1,1,0
naturally_disrespectful,1,1,0
naturally_disorganized,1,1,0
naturally_empathic,1,1,0
naturally_endearing,1,1,0
naturally_enjoyable,1,1,0
horribly_shocking,1,0,1
naturally_feminine,1,0,1
horribly_shameful,1,0,1
naturally_faster,1,1,0
horribly_shocked,1,1,0
naturally_fantastic,1,1,0
naturally_fair,1,1,0
naturally_facile,1,1,0
naturally_extreme,1,1,0
horribly_skinny,1,1,0
horribly_silent,1,1,0
horribly_similar,1,0,1
horribly_simplistic,1,1,0
naturally_erotic,1,1,0
naturally_erect,1,1,0
naturally_equal,1,1,0
naturally_entrepreneurial,1,1,0
naturally_disgusting,1,1,0
horribly_stressful,1,1,0
naturally_cocky,1,1,0
naturally_difficult,1,0,1
naturally_corny,1,1,0
naturally_cool,1,1,0
naturally_conversant,1,1,0
naturally_contentious,1,1,0
horribly_thin,1,1,0
naturally_confusing,1,1,0
horribly_threatening,1,1,0
horribly_toxic,1,1,0
naturally_complex,1,1,0
naturally_complementary,1,1,0
naturally_competitive,1,1,0
horribly_troubling,1,1,0
horribly_uncanny,1,0,1
naturally_comic,1,1,0
horribly_unconventional,1,0,1
naturally_colorless,1,1,0
naturally_cognizant,1,1,0
naturally_cranky,1,1,0
naturally_creamy,1,1,0
horribly_technical,1,0,1
horribly_successful,1,1,0
naturally_devoid,1,0,1
naturally_depraved,1,1,0
naturally_dense,1,1,0
naturally_delicious,1,1,0
naturally_dehydrated,1,1,0
naturally_deficient,1,1,0
naturally_deep,1,1,0
naturally_darker,1,1,0
naturally_creepy,1,0,1
horribly_surprising,1,1,0
naturally_dangerous,1,1,0
naturally_daft,1,1,0
naturally_curvy,1,1,0
horribly_susceptible,1,1,0
horribly_tasteless,1,0,1
naturally_critical,1,1,0
narrowly_wide,1,1,0
narrowly_targeted,1,1,0
n't_troubling,1,1,0
n't_unreadable,1,1,0
horrifyingly_disturbing,1,1,0
horrifyingly_dysfunctional,1,1,0
horrifyingly_forbidden,1,0,1
horrifyingly_full,1,1,0
horrifyingly_gory,1,1,0
n't_uptight,1,1,0
horrifyingly_graphic,1,1,0
n't_uplifting,1,1,0
n't_upfront,1,1,0
n't_unwanted,1,1,0
horrifyingly_illuminating,1,1,0
n't_untrue,1,1,0
n't_untouchable,1,1,0
n't_unsolved,1,1,0
horrifyingly_insane,1,0,1
n't_unsafe,1,1,0
n't_unreasonable,1,1,0
n't_vain,1,1,0
horrifyingly_cruel,1,0,1
horrifyingly_contemptuous,1,0,1
n't_victorian,1,1,0
n't_vivid,1,1,0
n't_vital,1,1,0
n't_visual,1,1,0
horrifically_worse,1,1,0
horrifyingly_amazing,1,0,1
horrifyingly_awesome,1,1,0
n't_victorious,1,1,0
horrifyingly_beautiful,1,0,1
n't_variable,1,1,0
n't_vertical,1,1,0
n't_versatile,1,1,0
horrifyingly_believable,1,0,1
n't_verbatim,1,1,0
n't_verbal,1,1,0
n't_vegetarian,1,1,0
horrifyingly_brutal,1,1,0
horrifyingly_knowledgeable,1,0,1
n't_unpleasant,1,1,0
horrifically_unbearable,1,1,0
n't_unlocked,1,1,0
n't_undefined,1,1,0
n't_unconscionable,1,1,0
horrifyingly_public,1,1,0
horrifyingly_reckless,1,1,0
n't_uncomfortable,1,1,0
horrifyingly_repulsive,1,1,0
n't_unbreakable,1,1,0
n't_unaware,1,1,0
n't_unattractive,1,1,0
n't_unanimous,1,1,0
n't_unaffected,1,1,0
n't_unable,1,1,0
n't_ubiquitous,1,1,0
horrifyingly_serious,1,0,1
horrifyingly_terrible,1,0,1
horrifyingly_true,1,1,0
horrifyingly_unkind,1,1,0
n't_understandable,1,1,0
horrifyingly_prescient,1,1,0
n't_underway,1,1,0
n't_uninsured,1,1,0
n't_unlikely,1,1,0
n't_unlawful,1,1,0
horrifyingly_normal,1,1,0
horrifyingly_offensive,1,1,0
n't_unionized,1,1,0
n't_unintentional,1,1,0
n't_unintended,1,1,0
horrifyingly_pointless,1,0,1
n't_unemployed,1,1,0
n't_unheard,1,1,0
n't_unhappy,1,1,0
horrifyingly_powerful,1,1,0
n't_unfamiliar,1,1,0
n't_unfair,1,1,0
horrifyingly_precise,1,1,0
n't_uneven,1,1,0
n't_voluntary,1,1,0
n't_walkable,1,1,0
narrowly_spiritual,1,1,0
nakedly_cheap,1,1,0
narrowly_commercial,1,1,0
namely_famous,1,1,0
horrifically_funny,1,1,0
nakedly_visible,1,1,0
nakedly_unacceptable,1,0,1
nakedly_transparent,1,1,0
nakedly_transactional,1,1,0
nakedly_racist,1,1,0
horrifically_ill,1,1,0
nakedly_personal,1,0,1
nakedly_partisan,1,1,0
nakedly_opportunistic,1,1,0
nakedly_obvious,1,1,0
nakedly_honest,1,1,0
nakedly_gorgeous,1,1,0
horrifically_immoral,1,1,0
nakedly_defamatory,1,1,0
narrowly_concerned,1,1,0
horrifically_fascinating,1,0,1
narrowly_dishonest,1,1,0
narrowly_pious,1,1,0
horrifically_dirty,1,0,1
narrowly_social,1,1,0
horrifically_disappointed,1,1,0
horrifically_dreary,1,0,1
horrifically_evil,1,0,1
narrowly_protective,1,1,0
narrowly_political,1,1,0
narrowly_partisan,1,1,0
narrowly_economic,1,1,0
narrowly_orthodox,1,1,0
narrowly_misunderstood,1,1,0
narrowly_limited,1,0,1
narrowly_legal,1,1,0
narrowly_insular,1,1,0
narrowly_informational,1,1,0
narrowly_fundamentalist,1,1,0
horrifically_inaccurate,1,1,0
nakedly_bright,1,1,0
horrifically_ugly,1,1,0
nakedly_brazen,1,1,0
horrifically_offensive,1,0,1
horrifically_oppressed,1,1,0
horrifically_outlandish,1,1,0
horrifically_overcrowded,1,1,0
horrifically_overwhelming,1,1,0
horrifically_problematic,1,1,0
horrifically_real,1,1,0
n't_well-known,1,1,0
horrifically_sexist,1,1,0
horrifically_shameful,1,0,1
horrifically_smelly,1,1,0
horrifically_stupid,1,0,1
n't_weaker,1,1,0
horrifically_supernatural,1,1,0
horrifically_swell,1,1,0
n't_watchable,1,1,0
horrifically_terrible,1,1,0
n't_windy,1,1,0
horrifically_obnoxious,1,1,0
n't_wistful,1,1,0
horrifically_inefficient,1,1,0
nakedly_aware,1,1,0
nakedly_apparent,1,1,0
nakedly_aggressive,1,1,0
n't_zealous,1,1,0
n't_zany,1,1,0
n't_young,1,1,0
n't_yellow,1,1,0
horrifically_lazy,1,1,0
n't_witty,1,1,0
horrifically_mediocre,1,1,0
horrifically_misogynistic,1,1,0
horrifically_misunderstood,1,1,0
horrifically_narrow,1,1,0
horrifically_nasty,1,1,0
n't_wordy,1,1,0
horrifically_negative,1,1,0
n't_outraged,1,1,0
n't_outdoors,1,1,0
n't_outdated,1,1,0
hyper_pigmented,1,1,0
n't_dire,1,1,0
n't_diligent,1,1,0
n't_digital,1,1,0
humanly_wrong,1,0,1
hyper_active,1,1,0
n't_devout,1,1,0
n't_detectable,1,1,0
hyper_aggressive,1,1,0
hyper_allergic,1,1,0
n't_desirous,1,1,0
hyper_basic,1,0,1
hyper_cool,1,1,0
hyper_creative,1,1,0
hyper_emotional,1,1,0
hyper_excitable,1,1,0
n't_delighted,1,1,0
hyper_feminine,1,1,0
humanly_valid,1,0,1
humanly_unpredictable,1,0,1
humanly_tragic,1,1,0
humanly_richer,1,1,0
humanly_pressing,1,0,1
abnormally_angry,1,1,0
n't_divine,1,1,0
n't_divergent,1,1,0
n't_disturbing,1,1,0
n't_distraught,1,1,0
n't_distinguishable,1,1,0
n't_dissatisfied,1,1,0
n't_disappointing,1,1,0
n't_disruptive,1,1,0
humanly_similar,1,1,0
n't_disgusting,1,1,0
n't_discriminatory,1,1,0
n't_discretionary,1,1,0
n't_discernible,1,1,0
n't_disastrous,1,1,0
hyper_obvious,1,1,0
n't_deductible,1,1,0
n't_dominant,1,1,0
hyper_popular,1,1,0
hysterically_hilarious,1,1,0
hysterically_hyperbolic,1,1,0
n't_creamy,1,1,0
hysterically_improbable,1,0,1
n't_cranky,1,1,0
n't_courteous,1,1,0
n't_costly,1,1,0
hysterically_inaccurate,1,1,0
hysterically_overblown,1,1,0
hysterically_peculiar,1,1,0
hysterically_pregnant,1,1,0
hysterically_sick,1,1,0
hysterically_subversive,1,0,1
hysterically_worried,1,1,0
n't_controversial,1,1,0
ideally_available,1,1,0
n't_contentious,1,1,0
n't_creditable,1,1,0
hysterically_excited,1,1,0
hysterically_deadpan,1,0,1
hyper_tough,1,1,0
n't_decadent,1,1,0
n't_deaf,1,1,0
hyper_self-critical,1,1,0
hyper_technical,1,1,0
n't_danceable,1,1,0
hyper_theoretical,1,0,1
n't_cyclical,1,1,0
hyper_ugly,1,0,1
hysterically_brave,1,1,0
hyper_valuable,1,1,0
n't_curable,1,1,0
n't_culpable,1,1,0
n't_cruel,1,1,0
hyper_visible,1,1,0
n't_crowded,1,1,0
hysterically_bad,1,1,0
n't_domestic,1,1,0
n't_dope,1,1,0
ideally_clear,1,1,0
humanly_alone,1,1,0
hugely_unsavory,1,0,1
hugely_unsettling,1,1,0
hugely_unsurprising,1,1,0
hugely_unusual,1,0,1
n't_excessive,1,1,0
hugely_upbeat,1,1,0
hugely_urgent,1,1,0
n't_evocative,1,1,0
hugely_vast,1,0,1
hugely_wasteful,1,1,0
hugely_weird,1,0,1
hugely_weirder,1,1,0
hugely_worried,1,1,0
n't_episodic,1,1,0
n't_environmental,1,1,0
n't_enviable,1,1,0
n't_enticing,1,1,0
n't_existent,1,1,0
hugely_unnecessary,1,1,0
n't_experimental,1,1,0
hugely_therapeutic,1,1,0
hugely_surreal,1,1,0
n't_fascist,1,1,0
hugely_sympathetic,1,1,0
n't_far-fetched,1,1,0
n't_fantastical,1,1,0
hugely_tender,1,0,1
hugely_theoretical,1,1,0
hugely_thick,1,1,0
hugely_unfounded,1,1,0
hugely_transformative,1,1,0
hugely_uncomfortable,1,1,0
hugely_understated,1,1,0
n't_extraordinary,1,1,0
hugely_unethical,1,1,0
n't_extensive,1,1,0
hugely_unexpected,1,0,1
hugely_worthy,1,1,0
humanly_authoritative,1,1,0
n't_double,1,1,0
humanly_compelling,1,1,0
humanly_full,1,1,0
humanly_helpless,1,0,1
humanly_imaginable,1,0,1
humanly_immoral,1,1,0
humanly_incomprehensible,1,0,1
humanly_inexplicable,1,1,0
n't_dysfunctional,1,1,0
n't_dynamic,1,1,0
humanly_infallible,1,1,0
humanly_insurmountable,1,1,0
humanly_intelligible,1,0,1
humanly_legible,1,0,1
humanly_malleable,1,0,1
n't_drinkable,1,1,0
n't_drastic,1,1,0
n't_dramatic,1,1,0
n't_downloadable,1,1,0
n't_educational,1,1,0
humanly_frail,1,1,0
humanly_edifying,1,1,0
humanly_conceivable,1,0,1
n't_enforceable,1,1,0
n't_energetic,1,1,0
n't_endearing,1,1,0
humanly_complex,1,1,0
n't_employable,1,1,0
humanly_complicated,1,1,0
n't_emotional,1,1,0
n't_embarrassed,1,1,0
n't_effusive,1,1,0
n't_eloquent,1,1,0
n't_elite,1,1,0
humanly_demeaning,1,1,0
n't_electrical,1,1,0
n't_electric,1,1,0
n't_electable,1,1,0
humanly_desirable,1,1,0
ideally_beautiful,1,1,0
ideally_close,1,1,0
hugely_subjective,1,1,0
n't_armed,1,1,0
immaculately_white,1,1,0
n't_automatic,1,1,0
immeasurably_alien,1,0,1
immeasurably_complete,1,1,0
immeasurably_cruel,1,1,0
n't_australian,1,1,0
immeasurably_different,1,1,0
immeasurably_evil,1,1,0
n't_attainable,1,1,0
n't_atrocious,1,1,0
n't_atmospheric,1,1,0
immeasurably_great,1,1,0
n't_astute,1,1,0
immeasurably_heavy,1,1,0
immeasurably_helpful,1,1,0
n't_ashamed,1,1,0
n't_artistic,1,1,0
n't_averse,1,1,0
n't_awake,1,1,0
immaculately_right,1,1,0
ideologically_wrong,1,1,0
ideologically_unique,1,1,0
n't_biblical,1,1,0
ideologically_unpopular,1,1,0
ideologically_unpredictable,1,1,0
ideologically_unsympathetic,1,1,0
ideologically_unwilling,1,1,0
ideologically_vulnerable,1,1,0
n't_beefy,1,1,0
immaculately_perfect,1,0,1
immaculately_catchy,1,1,0
n't_bearable,1,1,0
n't_bankrupt,1,1,0
n't_badass,1,1,0
immaculately_cinematic,1,1,0
immaculately_colorless,1,1,0
immaculately_detailed,1,1,0
n't_articulate,1,1,0
n't_arbitrary,1,1,0
n't_bilingual,1,1,0
n't_apt,1,1,0
n't_air-conditioned,1,1,0
immeasurably_uplifting,1,0,1
immeasurably_worthy,1,0,1
immediately_accountable,1,1,0
immediately_active,1,1,0
immediately_alarmed,1,0,1
immediately_alarming,1,0,1
immediately_alluring,1,0,1
n't_affective,1,1,0
n't_aesthetic,1,1,0
immediately_answerable,1,0,1
immediately_approachable,1,0,1
n't_advantageous,1,1,0
n't_admissible,1,1,0
n't_admirable,1,1,0
n't_adjustable,1,1,0
n't_adjacent,1,1,0
immeasurably_tiny,1,1,0
immeasurably_superb,1,1,0
immeasurably_subtle,1,1,0
n't_answerable,1,1,0
immeasurably_important,1,1,0
n't_appreciative,1,1,0
immeasurably_more,1,1,0
immeasurably_old,1,0,1
immeasurably_pleased,1,1,0
immeasurably_potent,1,0,1
immeasurably_powerful,1,1,0
immeasurably_precious,1,0,1
immeasurably_stupid,1,1,0
n't_ample,1,1,0
immeasurably_preferable,1,1,0
immeasurably_richer,1,1,0
immeasurably_sad,1,1,0
immeasurably_small,1,0,1
n't_altruistic,1,1,0
immeasurably_stronger,1,0,1
ideologically_unfit,1,1,0
n't_biodegradable,1,1,0
n't_constant,1,1,0
n't_classical,1,1,0
n't_communist,1,1,0
ideologically_communist,1,1,0
ideologically_conservative,1,1,0
n't_commercial,1,1,0
ideologically_correct,1,1,0
ideologically_democratic,1,1,0
n't_comforting,1,1,0
ideologically_dysfunctional,1,0,1
n't_comedic,1,1,0
ideologically_equivalent,1,1,0
ideologically_fashionable,1,1,0
n't_cohesive,1,1,0
n't_coherent,1,1,0
ideologically_friendly,1,0,1
ideologically_helpful,1,1,0
n't_cliche,1,1,0
ideologically_illogical,1,0,1
ideologically_committed,1,0,1
n't_compassionate,1,1,0
ideologically_comfortable,1,1,0
ideally_multiple,1,1,0
ideally_fewer,1,1,0
n't_considerable,1,1,0
n't_consensual,1,1,0
ideally_higher,1,1,0
ideally_immune,1,1,0
n't_confusing,1,1,0
n't_confidential,1,1,0
ideally_necessary,1,1,0
ideologically_closer,1,1,0
ideally_tall,1,1,0
ideologically_acceptable,1,1,0
ideologically_agreeable,1,1,0
ideologically_ambiguous,1,1,0
ideologically_attractive,1,0,1
ideologically_attuned,1,0,1
ideologically_bent,1,1,0
n't_classy,1,1,0
n't_circumstantial,1,1,0
n't_bizarre,1,1,0
n't_chronological,1,1,0
n't_brutal,1,1,0
ideologically_problematic,1,1,0
n't_broadcast,1,1,0
n't_british,1,1,0
ideologically_related,1,1,0
ideologically_similar,1,1,0
n't_breathable,1,1,0
ideologically_squishy,1,1,0
n't_bothersome,1,1,0
ideologically_stupid,1,1,0
ideologically_subjective,1,1,0
ideologically_sympathetic,1,0,1
n't_boisterous,1,1,0
n't_blurry,1,1,0
ideologically_unacceptable,1,1,0
ideologically_undesirable,1,1,0
ideologically_unfashionable,1,1,0
n't_bulletproof,1,1,0
ideologically_predisposed,1,1,0
n't_calm,1,1,0
ideologically_marginal,1,1,0
n't_chewy,1,1,0
n't_chemical,1,1,0
n't_cheesy,1,1,0
n't_cheery,1,1,0
ideologically_innocent,1,1,0
n't_charming,1,1,0
ideologically_malleable,1,1,0
n't_caucasian,1,1,0
n't_cancerous,1,1,0
ideologically_obsessed,1,1,0
ideologically_offensive,1,1,0
ideologically_opaque,1,1,0
ideologically_poisonous,1,1,0
n't_captivating,1,1,0
ideologically_predictable,1,1,0
n't_candid,1,1,0
n't_faster,1,1,0
hugely_strong,1,1,0
however_tragic,1,1,0
hugely_democratic,1,1,0
hugely_complicit,1,1,0
n't_lower,1,1,0
n't_low-key,1,1,0
n't_low-income,1,1,0
hugely_complimentary,1,1,0
n't_loving,1,1,0
n't_lovely,1,1,0
hugely_contradictory,1,0,1
n't_lovable,1,1,0
n't_loose,1,1,0
n't_long-lasting,1,1,0
hugely_counterproductive,1,1,0
hugely_creative,1,0,1
n't_livid,1,1,0
hugely_cumbersome,1,1,0
hugely_curious,1,1,0
hugely_damaging,1,1,0
n't_lucid,1,1,0
n't_luxurious,1,1,0
n't_macho,1,1,0
n't_manual,1,1,0
n't_mass,1,1,0
hugely_bloated,1,1,0
n't_marvelous,1,1,0
n't_marvellous,1,1,0
hugely_boring,1,1,0
n't_marginal,1,1,0
hugely_bothersome,1,0,1
n't_mandatory,1,1,0
n't_magic,1,1,0
n't_manageable,1,1,0
n't_man-made,1,1,0
hugely_busy,1,1,0
hugely_chaotic,1,1,0
n't_major,1,1,0
hugely_charismatic,1,1,0
n't_magical,1,1,0
hugely_dangerous,1,0,1
hugely_depressed,1,1,0
hugely_better,1,0,1
n't_light,1,1,0
n't_irresponsible,1,1,0
n't_irish,1,1,0
hugely_eclectic,1,1,0
n't_inventive,1,1,0
hugely_embarrassing,1,1,0
n't_intolerant,1,1,0
hugely_emotional,1,0,1
n't_internal,1,1,0
hugely_emotive,1,0,1
hugely_empathetic,1,1,0
n't_interchangeable,1,1,0
n't_interactive,1,1,0
hugely_engaging,1,1,0
n't_intense,1,1,0
n't_intelligible,1,1,0
hugely_engrossing,1,1,0
n't_intellectual,1,1,0
n't_irreversible,1,1,0
n't_italian,1,1,0
n't_jealous,1,1,0
hugely_desirable,1,0,1
n't_life-threatening,1,1,0
n't_life-changing,1,1,0
n't_liberal,1,1,0
hugely_deranged,1,1,0
n't_lethal,1,1,0
hugely_derivative,1,1,0
n't_legit,1,1,0
hugely_determined,1,1,0
hugely_diverse,1,1,0
n't_latino,1,1,0
hugely_disproportionate,1,1,0
hugely_disrespectful,1,1,0
hugely_disruptive,1,0,1
n't_kid-friendly,1,1,0
hugely_distasteful,1,0,1
n't_justifiable,1,1,0
n't_masterful,1,1,0
n't_mean,1,1,0
n't_inspiring,1,1,0
however_valuable,1,0,1
however_unpalatable,1,1,0
n't_odd,1,1,0
however_unpleasant,1,0,1
however_unrelated,1,1,0
however_unsatisfactory,1,0,1
however_unscrupulous,1,0,1
however_unsympathetic,1,0,1
however_useful,1,1,0
n't_oblique,1,1,0
n't_objectionable,1,1,0
n't_obedient,1,1,0
n't_nuanced,1,1,0
n't_noxious,1,1,0
n't_novel,1,1,0
however_useless,1,0,1
n't_noticable,1,1,0
however_valid,1,0,1
however_unique,1,1,0
however_unintentional,1,1,0
however_unintended,1,0,1
however_unaware,1,0,1
n't_other,1,1,0
n't_orthodox,1,1,0
n't_ornate,1,1,0
however_troublesome,1,0,1
however_true,1,1,0
n't_orderly,1,1,0
however_ubiquitous,1,1,0
n't_oppressive,1,1,0
however_unimportant,1,1,0
however_undefined,1,0,1
however_unfamiliar,1,1,0
n't_opaque,1,1,0
however_unimaginative,1,1,0
n't_onerous,1,1,0
n't_onboard,1,1,0
n't_ominous,1,1,0
n't_notable,1,1,0
n't_noisy,1,1,0
hugely_bearish,1,1,0
n't_nimble,1,1,0
hugely_affordable,1,1,0
n't_moody,1,1,0
n't_monthly,1,1,0
n't_modern,1,1,0
hugely_appealing,1,1,0
n't_mistaken,1,1,0
n't_miserable,1,1,0
n't_minimalist,1,1,0
hugely_asian,1,0,1
n't_militant,1,1,0
n't_mild,1,1,0
n't_messy,1,1,0
n't_meritorious,1,1,0
hugely_athletic,1,1,0
n't_medical,1,1,0
hugely_awful,1,1,0
n't_meaningless,1,1,0
hugely_advantageous,1,1,0
n't_motivated,1,1,0
n't_motivating,1,1,0
however_wise,1,1,0
n't_niche,1,1,0
however_vast,1,1,0
however_virtuous,1,0,1
however_vulnerable,1,0,1
n't_neutral,1,1,0
however_warm,1,1,0
n't_nefarious,1,1,0
however_wonderful,1,0,1
n't_motivational,1,1,0
however_worthwhile,1,0,1
n't_national,1,1,0
n't_naked,1,1,0
n't_myopic,1,1,0
n't_mutual,1,1,0
n't_murderous,1,1,0
hugely_active,1,1,0
hugely_erotic,1,0,1
n't_insolvent,1,1,0
hugely_stereotypical,1,1,0
hugely_profound,1,0,1
n't_glossy,1,1,0
n't_global,1,1,0
hugely_physical,1,1,0
n't_germane,1,1,0
n't_german,1,1,0
hugely_pleasurable,1,0,1
hugely_poetic,1,0,1
n't_genetic,1,1,0
hugely_poignant,1,0,1
n't_geeky,1,1,0
hugely_political,1,1,0
n't_fuzzy,1,1,0
n't_futile,1,1,0
n't_fussy,1,1,0
hugely_possible,1,1,0
n't_funnier,1,1,0
n't_funky,1,1,0
n't_gluten-free,1,1,0
hugely_pessimistic,1,1,0
n't_gonna,1,1,0
n't_greasy,1,1,0
n't_handmade,1,1,0
n't_gutsy,1,1,0
n't_gung,1,1,0
n't_gullible,1,1,0
hugely_original,1,0,1
n't_greedy,1,1,0
n't_greater,1,1,0
n't_grave,1,1,0
hugely_personal,1,1,0
n't_gratifying,1,1,0
n't_grateful,1,1,0
n't_grandiose,1,1,0
n't_grand,1,1,0
n't_gracious,1,1,0
n't_governmental,1,1,0
n't_gorgeous,1,1,0
hugely_prevalent,1,1,0
hugely_prolific,1,0,1
n't_happier,1,1,0
hugely_promising,1,1,0
n't_flavorful,1,1,0
hugely_reverent,1,0,1
hugely_ridiculous,1,1,0
n't_fit,1,1,0
hugely_self-indulgent,1,1,0
n't_first,1,1,0
hugely_sensitive,1,1,0
n't_finite,1,1,0
n't_finicky,1,1,0
hugely_sentimental,1,0,1
n't_financial,1,1,0
hugely_serendipitous,1,1,0
hugely_smart,1,1,0
hugely_smooth,1,0,1
hugely_sophisticated,1,1,0
n't_female,1,1,0
hugely_speculative,1,1,0
hugely_respected,1,0,1
hugely_resistant,1,1,0
n't_foolish,1,1,0
n't_foul,1,1,0
hugely_prosperous,1,1,0
n't_frightened,1,1,0
hugely_quiet,1,1,0
n't_frequent,1,1,0
n't_frenetic,1,1,0
hugely_realistic,1,1,0
n't_frank,1,1,0
hugely_redundant,1,1,0
hugely_relevant,1,1,0
hugely_reflective,1,1,0
hugely_refreshing,1,0,1
n't_formidable,1,1,0
hugely_regrettable,1,1,0
n't_forgivable,1,1,0
n't_forgetful,1,1,0
n't_foreign,1,1,0
hugely_off-putting,1,1,0
hugely_observant,1,1,0
n't_insensitive,1,1,0
hugely_imaginative,1,0,1
n't_inclusive,1,1,0
hugely_formative,1,1,0
hugely_friendly,1,1,0
n't_inaccessible,1,1,0
n't_improbable,1,1,0
hugely_full,1,1,0
hugely_general,1,1,0
hugely_grandiose,1,1,0
hugely_greasy,1,0,1
n't_impatient,1,1,0
n't_impactful,1,1,0
hugely_happy,1,1,0
n't_immigrant,1,1,0
hugely_hopeful,1,0,1
n't_imaginative,1,1,0
hugely_hurtful,1,1,0
hugely_hyped,1,1,0
n't_inconceivable,1,1,0
hugely_foolish,1,0,1
n't_indecent,1,1,0
n't_influential,1,1,0
n't_insecure,1,1,0
hugely_experienced,1,1,0
n't_inquisitive,1,1,0
hugely_explosive,1,1,0
hugely_false,1,1,0
n't_innate,1,1,0
n't_initial,1,1,0
n't_inflammatory,1,1,0
hugely_figurative,1,1,0
n't_infectious,1,1,0
n't_inevitable,1,1,0
n't_ineligible,1,1,0
n't_inefficient,1,1,0
n't_individual,1,1,0
n't_indigenous,1,1,0
hugely_fascinating,1,1,0
hugely_iconic,1,1,0
n't_idyllic,1,1,0
hugely_notable,1,1,0
hugely_impactful,1,1,0
hugely_knowledgeable,1,1,0
hugely_lacking,1,0,1
hugely_lucrative,1,1,0
hugely_marketable,1,0,1
n't_hesitant,1,1,0
hugely_melodic,1,0,1
hugely_memorable,1,1,0
hugely_misleading,1,1,0
hugely_misogynistic,1,1,0
n't_healthier,1,1,0
n't_heady,1,1,0
n't_harrowing,1,1,0
hugely_motivating,1,1,0
hugely_necessary,1,1,0
n't_hardworking,1,1,0
n't_harder,1,1,0
hugely_newsworthy,1,1,0
n't_holy,1,1,0
hugely_irritating,1,0,1
n't_homesick,1,1,0
n't_humorous,1,1,0
n't_ideological,1,1,0
hugely_impossible,1,1,0
hugely_impractical,1,1,0
n't_hysterical,1,1,0
hugely_imprecise,1,1,0
hugely_improbable,1,0,1
hugely_inconsistent,1,1,0
n't_humble,1,1,0
hugely_ironic,1,0,1
n't_human-like,1,1,0
hugely_individual,1,1,0
hugely_informative,1,1,0
hugely_insightful,1,1,0
hugely_inspirational,1,0,1
n't_horrific,1,1,0
n't_hopeless,1,1,0
not_friendlier,1,1,0
highly_democratic,1,1,0
not_frigid,1,1,0
genuinely_freaky,1,0,1
officially_true,1,1,0
officially_tired,1,1,0
officially_supportive,1,1,0
officially_substantial,1,0,1
officially_spiritual,1,1,0
officially_socialist,1,1,0
genuinely_french,1,0,1
officially_sick,1,1,0
genuinely_frustrated,1,1,0
officially_religious,1,1,0
genuinely_funky,1,0,1
officially_questionable,1,1,0
genuinely_furious,1,1,0
officially_pro-life,1,1,0
officially_pro-israel,1,1,0
officially_precious,1,1,0
genuinely_fuzzy,1,1,0
officially_underway,1,1,0
officially_unrelated,1,1,0
oddly_nostalgic,1,0,1
officially_unsupported,1,1,0
often_amazing,1,1,0
genuinely_fair,1,1,0
often_alive,1,1,0
genuinely_fake,1,1,0
often_advantageous,1,1,0
often_adorable,1,1,0
often_active,1,1,0
often_accustomed,1,1,0
genuinely_famous,1,0,1
genuinely_fantastic,1,0,1
often_abysmal,1,1,0
often_abusive,1,1,0
genuinely_fashionable,1,1,0
genuinely_female,1,0,1
genuinely_fiery,1,0,1
genuinely_fond,1,1,0
officially_willing,1,1,0
officially_playable,1,1,0
genuinely_geeky,1,1,0
officially_onboard,1,1,0
officially_old,1,1,0
officially_compatible,1,1,0
officially_commonplace,1,1,0
officially_close,1,0,1
officially_clear,1,1,0
officially_christian,1,1,0
officially_catholic,1,1,0
genuinely_grotesque,1,1,0
officially_bankrupt,1,1,0
officially_bad,1,1,0
officially_awesome,1,1,0
genuinely_groundbreaking,1,0,1
officially_anxious,1,0,1
officially_accountable,1,1,0
officially_acceptable,1,1,0
offensively_yummy,1,1,0
offensively_violent,1,1,0
offensively_uninspired,1,1,0
officially_complete,1,1,0
genuinely_groovy,1,0,1
officially_defunct,1,1,0
officially_live,1,1,0
genuinely_gifted,1,1,0
officially_non-existent,1,1,0
officially_new,1,1,0
genuinely_glorious,1,0,1
officially_muslim,1,1,0
officially_mature,1,0,1
officially_mad,1,1,0
officially_light,1,1,0
officially_downloadable,1,1,0
officially_innocent,1,1,0
officially_illegal,1,1,0
officially_hopeful,1,1,0
officially_good,1,0,1
genuinely_golden,1,0,1
officially_fascinating,1,1,0
genuinely_good-natured,1,1,0
often_amoral,1,1,0
often_analogous,1,1,0
often_angry,1,1,0
often_charming,1,1,0
often_confident,1,0,1
often_conditional,1,1,0
genuinely_dumb,1,1,0
often_complimentary,1,1,0
often_complicit,1,1,0
genuinely_eager,1,1,0
genuinely_easy,1,0,1
genuinely_eclectic,1,1,0
often_compelling,1,1,0
often_commonplace,1,1,0
genuinely_ecological,1,1,0
genuinely_ecstatic,1,1,0
often_clueless,1,1,0
genuinely_edgy,1,0,1
often_clear,1,1,0
often_clean,1,1,0
genuinely_eerie,1,1,0
often_conflicting,1,0,1
often_confrontational,1,1,0
often_confusing,1,1,0
genuinely_distressed,1,1,0
often_crude,1,1,0
genuinely_distinctive,1,0,1
often_creative,1,1,0
often_crazy,1,1,0
genuinely_distraught,1,1,0
often_counterintuitive,1,1,0
often_costlier,1,1,0
often_corporate,1,1,0
often_conscious,1,1,0
genuinely_distressing,1,0,1
often_contrary,1,1,0
genuinely_diverse,1,1,0
often_content,1,1,0
often_contemptible,1,1,0
often_constant,1,1,0
often_conspicuous,1,0,1
often_cheap,1,1,0
often_central,1,1,0
genuinely_fabulous,1,1,0
often_caucasian,1,1,0
often_bankrupt,1,1,0
often_baffling,1,1,0
genuinely_exhilarating,1,0,1
genuinely_exotic,1,1,0
genuinely_expensive,1,1,0
often_awake,1,1,0
often_authoritarian,1,1,0
often_aspirational,1,1,0
often_asleep,1,1,0
often_arrogant,1,1,0
often_arcane,1,1,0
often_arbitrary,1,1,0
often_appropriate,1,1,0
often_apprehensive,1,1,0
genuinely_eye-opening,1,1,0
often_anxious,1,1,0
often_anonymous,1,1,0
genuinely_european,1,0,1
often_benign,1,1,0
genuinely_ethical,1,0,1
often_brown,1,1,0
genuinely_elegant,1,1,0
genuinely_embarrassed,1,1,0
genuinely_emblematic,1,0,1
often_cagey,1,1,0
genuinely_endearing,1,0,1
often_bulky,1,1,0
often_brutal,1,1,0
often_brilliant,1,1,0
genuinely_enticing,1,0,1
genuinely_engaging,1,1,0
often_bored,1,1,0
often_blunt,1,1,0
genuinely_enlightening,1,0,1
often_blase,1,1,0
genuinely_enthused,1,1,0
often_big,1,0,1
genuinely_gullible,1,1,0
offensively_smooth,1,1,0
offensively_smelly,1,0,1
oddly_repetitive,1,1,0
genuinely_incongruous,1,0,1
oddly_sleek,1,1,0
genuinely_indian,1,1,0
genuinely_indifferent,1,1,0
genuinely_infectious,1,0,1
oddly_sexual,1,1,0
oddly_serendipitous,1,1,0
oddly_sensuous,1,1,0
oddly_selfish,1,1,0
oddly_selective,1,1,0
genuinely_inflexible,1,1,0
oddly_sad,1,0,1
oddly_sacrosanct,1,1,0
genuinely_ingenious,1,1,0
genuinely_innocent,1,1,0
oddly_rewarding,1,0,1
genuinely_inquisitive,1,1,0
genuinely_incompetent,1,1,0
genuinely_incapable,1,1,0
genuinely_inaccessible,1,1,0
genuinely_idiosyncratic,1,1,0
oddly_tender,1,0,1
oddly_technical,1,1,0
oddly_tantalizing,1,0,1
oddly_sympathetic,1,1,0
oddly_symmetrical,1,0,1
oddly_symbolic,1,0,1
oddly_symbiotic,1,0,1
oddly_surreal,1,1,0
oddly_spiritual,1,1,0
oddly_supportive,1,1,0
oddly_subversive,1,0,1
oddly_stylish,1,0,1
oddly_strident,1,1,0
genuinely_immature,1,1,0
oddly_stiff,1,1,0
oddly_steadfast,1,0,1
oddly_resonant,1,1,0
genuinely_insane,1,1,0
genuinely_ideological,1,1,0
oddly_religious,1,1,0
genuinely_intolerable,1,1,0
oddly_photogenic,1,1,0
oddly_perverse,1,0,1
oddly_pertinent,1,1,0
genuinely_inventive,1,0,1
genuinely_involved,1,1,0
oddly_peaceful,1,1,0
oddly_pathetic,1,0,1
genuinely_irregular,1,1,0
oddly_paradoxical,1,1,0
oddly_outdated,1,1,0
oddly_original,1,1,0
oddly_opportunistic,1,0,1
oddly_opaque,1,1,0
oddly_off-kilter,1,0,1
oddly_obsessed,1,1,0
oddly_oblivious,1,1,0
oddly_plastic,1,0,1
oddly_pleasant,1,0,1
oddly_pleased,1,1,0
genuinely_intelligent,1,0,1
genuinely_insightful,1,1,0
oddly_related,1,1,0
genuinely_insincere,1,1,0
oddly_real,1,0,1
oddly_rational,1,1,0
oddly_quixotic,1,0,1
genuinely_inspired,1,1,0
oddly_pure,1,0,1
genuinely_intimate,1,0,1
oddly_proud,1,1,0
oddly_profound,1,1,0
oddly_primal,1,0,1
oddly_prescient,1,0,1
oddly_predictive,1,1,0
oddly_powerful,1,0,1
oddly_pointless,1,1,0
oddly_tense,1,0,1
genuinely_hypocritical,1,1,0
offensively_simplistic,1,1,0
genuinely_healthy,1,1,0
offensively_immoral,1,1,0
offensively_horrible,1,0,1
offensively_glib,1,0,1
offensively_gifted,1,1,0
offensively_flimsy,1,1,0
offensively_filthy,1,1,0
offensively_familiar,1,1,0
offensively_exploitative,1,1,0
offensively_excessive,1,0,1
offensively_entertaining,1,0,1
offensively_efficient,1,1,0
offensively_dominant,1,1,0
offensively_deficient,1,1,0
offensively_defensive,1,1,0
offensively_crass,1,1,0
offensively_contrived,1,1,0
offensively_capable,1,1,0
offensively_impactful,1,1,0
offensively_impressive,1,1,0
offensively_inaccurate,1,1,0
offensively_phony,1,1,0
offensively_shoddy,1,1,0
offensively_relevant,1,1,0
offensively_reductive,1,1,0
offensively_productive,1,1,0
offensively_predictable,1,1,0
genuinely_gut-wrenching,1,1,0
offensively_pornographic,1,0,1
offensively_personal,1,1,0
offensively_inactive,1,1,0
offensively_partisan,1,0,1
offensively_odd,1,0,1
offensively_negligent,1,1,0
offensively_misleading,1,1,0
genuinely_habitable,1,1,0
offensively_inferior,1,1,0
offensively_inept,1,1,0
genuinely_haunting,1,0,1
offensively_awful,1,1,0
oddly_tiring,1,1,0
off_white,1,1,0
oddly_untrustworthy,1,0,1
genuinely_humane,1,0,1
genuinely_humbled,1,1,0
oddly_unreal,1,1,0
oddly_unpleasant,1,1,0
oddly_unnerving,1,0,1
genuinely_hungry,1,1,0
genuinely_hurtful,1,0,1
oddly_unheralded,1,1,0
oddly_unexpected,1,1,0
oddly_uncomfortable,1,0,1
oddly_uncertain,1,1,0
oddly_ugly,1,1,0
oddly_troubling,1,0,1
oddly_trivial,1,1,0
oddly_tranquil,1,0,1
oddly_tragic,1,0,1
oddly_unwilling,1,1,0
oddly_valuable,1,0,1
oddly_violent,1,0,1
off_even,1,1,0
off_such,1,1,0
genuinely_heinous,1,0,1
off_lower,1,1,0
genuinely_helpless,1,1,0
off_inaccurate,1,1,0
off_free,1,1,0
off_first,1,1,0
genuinely_historic,1,0,1
oddly_vital,1,0,1
off_dead,1,1,0
off_comfortable,1,1,0
genuinely_horrible,1,0,1
oddly_wooden,1,1,0
genuinely_horrified,1,1,0
oddly_weighty,1,1,0
oddly_warm,1,0,1
often_cumbersome,1,1,0
often_curious,1,1,0
often_cursory,1,1,0
often_negotiable,1,1,0
often_oppressive,1,1,0
genuinely_adventurous,1,0,1
often_one-dimensional,1,1,0
often_old,1,1,0
often_offensive,1,1,0
genuinely_affordable,1,1,0
often_obnoxious,1,0,1
genuinely_afoot,1,1,0
often_objectionable,1,1,0
often_nude,1,1,0
often_noticeable,1,1,0
often_nonsensical,1,0,1
genuinely_alien,1,0,1
often_nominal,1,1,0
often_noisy,1,1,0
often_nicer,1,1,0
genuinely_alluring,1,0,1
often_ornate,1,1,0
often_ostentatious,1,1,0
often_other,1,1,0
often_paradoxical,1,1,0
often_poisonous,1,1,0
often_poignant,1,1,0
often_poetic,1,1,0
often_plausible,1,1,0
often_personal,1,1,0
genuinely_accomplished,1,1,0
often_partisan,1,1,0
often_pale,1,1,0
often_outdated,1,1,0
genuinely_acrobatic,1,1,0
often_overworked,1,1,0
genuinely_addictive,1,0,1
often_overrated,1,1,0
often_overcooked,1,1,0
genuinely_adorable,1,0,1
often_outraged,1,1,0
often_neurotic,1,1,0
genuinely_alone,1,1,0
genuinely_abusive,1,1,0
often_nefarious,1,0,1
often_memorable,1,1,0
often_mediocre,1,1,0
often_marginalised,1,1,0
genuinely_anomalous,1,0,1
often_malignant,1,1,0
genuinely_antisocial,1,1,0
often_main,1,1,0
often_maddening,1,1,0
genuinely_appalling,1,1,0
genuinely_appealing,1,1,0
often_logical,1,1,0
genuinely_artistic,1,1,0
often_live,1,1,0
often_likely,1,1,0
often_light,1,1,0
genuinely_asleep,1,0,1
genuinely_astonishing,1,1,0
often_messy,1,1,0
often_metallic,1,1,0
often_military,1,1,0
often_mystical,1,1,0
genuinely_alternative,1,0,1
often_national,1,1,0
often_narrower,1,1,0
often_narrow,1,1,0
often_naked,1,1,0
often_naive,1,1,0
often_mystifying,1,1,0
often_musical,1,1,0
often_misguided,1,1,0
often_mundane,1,0,1
genuinely_amazed,1,1,0
often_moody,1,1,0
often_mobile,1,1,0
genuinely_ambivalent,1,1,0
genuinely_amused,1,1,0
often_missing,1,1,0
often_polarizing,1,1,0
genuinely_able,1,1,0
often_laden,1,1,0
gently_manic,1,1,0
often_separate,1,0,1
often_sentimental,1,1,0
often_sedentary,1,1,0
gently_instrumental,1,0,1
gently_insulting,1,1,0
gently_intoxicating,1,0,1
often_satirical,1,1,0
often_sacred,1,1,0
often_routine,1,1,0
often_romantic,1,1,0
gently_lower,1,1,0
often_rife,1,1,0
often_ridiculous,1,1,0
often_rich,1,1,0
gently_lukewarm,1,1,0
often_resistant,1,1,0
often_representative,1,0,1
gently_innovative,1,1,0
gently_humane,1,1,0
often_sexist,1,1,0
often_simple,1,1,0
often_spacious,1,1,0
often_soft,1,1,0
gently_educational,1,1,0
gently_enjoyable,1,1,0
often_slippery,1,1,0
often_slimy,1,1,0
often_skeptical,1,1,0
gently_faithful,1,1,0
often_sexual,1,1,0
gently_feminine,1,1,0
often_shy,1,1,0
often_short-lived,1,1,0
gently_fruity,1,1,0
often_shocking,1,1,0
gently_hilly,1,1,0
often_shallow,1,1,0
often_reprehensible,1,1,0
often_repetitive,1,1,0
often_possessive,1,1,0
often_remote,1,1,0
gently_stimulating,1,0,1
often_profound,1,1,0
often_profitable,1,1,0
often_productive,1,1,0
gently_used,1,1,0
often_pro-american,1,1,0
often_privileged,1,1,0
often_private,1,1,0
often_principal,1,1,0
gently_watchable,1,1,0
gently_weak,1,1,0
often_premature,1,1,0
gently_welcoming,1,1,0
often_pragmatic,1,1,0
often_practicable,1,1,0
often_powerless,1,1,0
genuinely_abhorrent,1,0,1
gently_soft,1,1,0
gently_satirical,1,1,0
often_public,1,1,0
often_reasonable,1,1,0
gently_melancholic,1,1,0
often_religious,1,1,0
often_reliant,1,1,0
gently_melodic,1,1,0
often_refundable,1,1,0
often_reflective,1,1,0
gently_morbid,1,0,1
often_rational,1,1,0
often_pure,1,1,0
gently_perfect,1,1,0
often_random,1,1,0
often_rampant,1,1,0
gently_powerful,1,0,1
gently_reassuring,1,0,1
gently_sarcastic,1,1,0
often_purple,1,1,0
genuinely_attractive,1,0,1
often_kinky,1,1,0
genuinely_distinct,1,0,1
often_elderly,1,1,0
genuinely_crooked,1,0,1
often_fat,1,1,0
genuinely_crowded,1,1,0
often_fancy,1,1,0
genuinely_cruel,1,0,1
often_false,1,1,0
often_explosive,1,0,1
genuinely_cute,1,0,1
often_expert,1,1,0
often_exempt,1,1,0
often_exclusive,1,1,0
often_evil,1,1,0
often_european,1,1,0
often_enticing,1,1,0
genuinely_daring,1,0,1
often_endless,1,1,0
often_endangered,1,1,0
often_fatigued,1,1,0
often_faulty,1,1,0
often_female,1,1,0
often_frequent,1,1,0
often_fussy,1,1,0
often_funny,1,1,0
often_funnier,1,1,0
genuinely_conservative,1,1,0
genuinely_contemporary,1,0,1
genuinely_contemptuous,1,1,0
often_fresh,1,1,0
often_french,1,1,0
often_feminine,1,1,0
genuinely_contentious,1,1,0
genuinely_costly,1,1,0
often_formulaic,1,1,0
genuinely_crazy,1,1,0
often_flawed,1,1,0
often_final,1,1,0
often_fictitious,1,1,0
often_eligible,1,1,0
genuinely_depressed,1,1,0
genuinely_consequential,1,0,1
often_eager,1,1,0
often_descriptive,1,1,0
genuinely_disconcerting,1,0,1
genuinely_dishonest,1,1,0
genuinely_dismissive,1,1,0
often_dependant,1,1,0
often_delusional,1,1,0
often_delinquent,1,1,0
often_delightful,1,1,0
often_dehydrated,1,1,0
often_deficient,1,1,0
often_defensive,1,1,0
often_decisive,1,1,0
genuinely_disorienting,1,0,1
genuinely_dispiriting,1,0,1
often_dark,1,0,1
genuinely_disquieting,1,1,0
often_damp,1,1,0
often_desirable,1,1,0
often_devastating,1,1,0
genuinely_disastrous,1,0,1
often_distraught,1,1,0
often_dry,1,1,0
often_dreary,1,1,0
often_downtrodden,1,1,0
often_dour,1,1,0
often_double,1,1,0
often_docile,1,1,0
often_disturbing,1,1,0
often_distinct,1,1,0
genuinely_disappointed,1,1,0
often_distant,1,1,0
often_disrespectful,1,1,0
often_disproportionate,1,1,0
genuinely_destitute,1,1,0
often_disagreeable,1,1,0
genuinely_direct,1,1,0
genuinely_disabled,1,1,0
often_gendered,1,1,0
often_graphic,1,1,0
often_kind,1,1,0
often_inappropriate,1,1,0
often_instant,1,1,0
often_inspiring,1,1,0
often_insensitive,1,1,0
often_inscrutable,1,1,0
often_insane,1,1,0
often_innocent,1,1,0
often_informative,1,0,1
often_infamous,1,1,0
genuinely_big,1,0,1
genuinely_bipartisan,1,1,0
genuinely_bisexual,1,1,0
often_independent,1,0,1
often_indefensible,1,0,1
often_incremental,1,1,0
often_incorrect,1,1,0
often_inconsequential,1,1,0
genuinely_breathtaking,1,0,1
often_instrumental,1,1,0
genuinely_benevolent,1,0,1
often_intense,1,1,0
often_irreconcilable,1,1,0
often_keen,1,1,0
often_jarring,1,1,0
often_japanese,1,1,0
often_irresponsible,1,1,0
often_irresistible,1,1,0
often_irrelevant,1,0,1
often_irregular,1,1,0
often_irrational,1,1,0
genuinely_beguiling,1,1,0
genuinely_bad,1,1,0
often_intrusive,1,1,0
often_introspective,1,1,0
often_intriguing,1,0,1
often_intimate,1,1,0
often_international,1,1,0
genuinely_baffling,1,0,1
often_incapable,1,1,0
genuinely_british,1,1,0
often_grateful,1,1,0
often_inactive,1,1,0
genuinely_christian,1,1,0
genuinely_clueless,1,1,0
genuinely_cognitive,1,1,0
often_helpless,1,1,0
genuinely_collaborative,1,1,0
genuinely_comfortable,1,0,1
often_harsh,1,1,0
often_harmless,1,1,0
genuinely_comic,1,1,0
genuinely_committed,1,0,1
genuinely_compatible,1,0,1
genuinely_complicated,1,1,0
often_groggy,1,1,0
often_greener,1,1,0
genuinely_complimentary,1,0,1
often_greatest,1,1,0
genuinely_confidential,1,1,0
genuinely_chilly,1,1,0
often_historical,1,1,0
often_homophobic,1,1,0
often_ill-advised,1,1,0
genuinely_brutal,1,1,0
often_inaccessible,1,1,0
genuinely_canadian,1,0,1
genuinely_captivating,1,1,0
often_illiterate,1,0,1
often_illegal,1,1,0
often_ill-equipped,1,1,0
genuinely_catchy,1,0,1
often_hopeless,1,1,0
genuinely_celebratory,1,0,1
often_humiliating,1,1,0
often_humbling,1,1,0
often_huge,1,1,0
genuinely_cheerful,1,1,0
often_horrifying,1,1,0
often_horrible,1,1,0
oddly_numerous,1,1,0
oddly_normal,1,1,0
obviously_fashionable,1,1,0
obviously_representative,1,0,1
genuinely_surreal,1,0,1
genuinely_suspenseful,1,0,1
obviously_relieved,1,1,0
genuinely_suspicious,1,0,1
obviously_relative,1,1,0
obviously_relatable,1,0,1
obviously_ready,1,1,0
obviously_rabid,1,0,1
genuinely_tasteful,1,1,0
obviously_quantitative,1,1,0
obviously_qualified,1,1,0
obviously_purposeful,1,1,0
obviously_psychotic,1,0,1
genuinely_tasteless,1,1,0
obviously_proportional,1,1,0
genuinely_temporary,1,1,0
obviously_privileged,1,1,0
obviously_reminiscent,1,1,0
obviously_republican,1,1,0
oddly_noble,1,1,0
obviously_responsive,1,1,0
obviously_senior,1,0,1
obviously_selfish,1,1,0
genuinely_successful,1,1,0
obviously_secondary,1,1,0
obviously_seasonal,1,1,0
obviously_searchable,1,1,0
obviously_sci-fi,1,1,0
obviously_scary,1,0,1
genuinely_suitable,1,0,1
obviously_safer,1,1,0
obviously_saddened,1,1,0
obviously_sad,1,1,0
genuinely_superior,1,0,1
obviously_riskier,1,1,0
obviously_righteous,1,0,1
genuinely_sure,1,1,0
obviously_revolutionary,1,0,1
obviously_preventable,1,0,1
genuinely_tender,1,0,1
obviously_preposterous,1,1,0
genuinely_tense,1,1,0
obviously_painful,1,0,1
obviously_overworked,1,1,0
genuinely_true,1,1,0
obviously_overpaid,1,1,0
obviously_overjoyed,1,1,0
obviously_outdated,1,1,0
obviously_other,1,1,0
obviously_optional,1,1,0
obviously_optimistic,1,1,0
obviously_open,1,1,0
obviously_onerous,1,0,1
genuinely_truthful,1,0,1
obviously_older,1,1,0
genuinely_ugly,1,0,1
obviously_ok,1,1,0
obviously_offensive,1,1,0
obviously_off-kilter,1,1,0
obviously_parallel,1,1,0
obviously_partial,1,1,0
genuinely_tricky,1,1,0
obviously_pleasant,1,1,0
obviously_predictable,1,1,0
obviously_precious,1,0,1
genuinely_terrified,1,1,0
obviously_popular,1,0,1
genuinely_tough,1,1,0
obviously_polish,1,0,1
genuinely_toxic,1,1,0
obviously_playful,1,0,1
obviously_pathetic,1,0,1
obviously_pivotal,1,0,1
obviously_physical,1,0,1
genuinely_transcendent,1,0,1
obviously_personal,1,0,1
obviously_persistent,1,1,0
obviously_patronizing,1,0,1
obviously_patriarchal,1,1,0
genuinely_stunned,1,1,0
obviously_sentimental,1,0,1
obviously_sexist,1,0,1
obviously_tangible,1,1,0
obviously_understandable,1,1,0
obviously_uncomfortable,1,1,0
genuinely_shit,1,1,0
obviously_unbalanced,1,1,0
obviously_unavoidable,1,1,0
obviously_unarmed,1,1,0
obviously_unable,1,1,0
genuinely_shoddy,1,1,0
obviously_tragic,1,0,1
obviously_traceable,1,1,0
obviously_tougher,1,1,0
obviously_tough,1,1,0
obviously_tipsy,1,1,0
obviously_theoretical,1,1,0
obviously_terrified,1,0,1
genuinely_similar,1,1,0
genuinely_slow,1,1,0
obviously_undesirable,1,0,1
obviously_uneasy,1,1,0
obviously_unethical,1,0,1
obviously_unique,1,0,1
obviously_unsubstantiated,1,1,0
obviously_unscientific,1,1,0
obviously_unreasonable,1,1,0
obviously_unprotected,1,1,0
obviously_unlawful,1,0,1
obviously_unjustified,1,1,0
genuinely_scandalous,1,0,1
genuinely_seductive,1,0,1
obviously_unexpected,1,1,0
genuinely_sensational,1,0,1
obviously_unhealthy,1,1,0
genuinely_sensual,1,1,0
obviously_unfriendly,1,1,0
obviously_unfounded,1,1,0
genuinely_sexual,1,1,0
genuinely_shady,1,0,1
obviously_tasteful,1,0,1
genuinely_smooth,1,1,0
obviously_sexual,1,0,1
obviously_taboo,1,1,0
obviously_special,1,0,1
obviously_spanish,1,1,0
obviously_solar,1,1,0
obviously_smarter,1,1,0
genuinely_spicy,1,1,0
obviously_smaller,1,1,0
obviously_skinny,1,1,0
obviously_situational,1,1,0
obviously_sincere,1,1,0
genuinely_stimulating,1,0,1
genuinely_straight,1,1,0
genuinely_strong,1,1,0
obviously_short-sighted,1,0,1
obviously_shocking,1,1,0
genuinely_stuck,1,1,0
obviously_shady,1,1,0
obviously_sexy,1,0,1
obviously_specific,1,1,0
obviously_speculative,1,1,0
obviously_sporty,1,1,0
obviously_suburban,1,0,1
obviously_synonymous,1,0,1
obviously_symbolic,1,1,0
obviously_susceptible,1,0,1
genuinely_sober,1,1,0
obviously_suicidal,1,1,0
obviously_suggestive,1,1,0
genuinely_solemn,1,0,1
obviously_subservient,1,1,0
obviously_spurious,1,1,0
obviously_subjective,1,1,0
genuinely_sound,1,1,0
genuinely_spanish,1,0,1
obviously_stronger,1,1,0
obviously_strategic,1,1,0
genuinely_spectacular,1,1,0
obviously_stale,1,1,0
genuinely_unappealing,1,1,0
obviously_obvious,1,0,1
genuinely_underground,1,0,1
obviously_homemade,1,1,0
geographically_disadvantaged,1,1,0
obviously_idiotic,1,1,0
geographically_distinct,1,1,0
obviously_hypocritical,1,1,0
obviously_hyperbole,1,1,0
obviously_hyperactive,1,1,0
obviously_hurtful,1,1,0
obviously_hurt,1,1,0
geographically_horizontal,1,1,0
obviously_humanistic,1,1,0
obviously_huge,1,0,1
obviously_hostile,1,1,0
obviously_horrifying,1,0,1
obviously_horrific,1,1,0
geographically_illogical,1,1,0
obviously_horny,1,1,0
obviously_hopeful,1,1,0
geographically_difficult,1,1,0
obviously_illegitimate,1,1,0
obviously_immoral,1,1,0
obviously_incidental,1,1,0
obviously_inefficient,1,1,0
obviously_inebriated,1,1,0
obviously_indicative,1,1,0
geographically_coherent,1,1,0
geographically_correct,1,0,1
obviously_inconsistent,1,1,0
obviously_incompatible,1,0,1
geographically_deep,1,1,0
obviously_impactful,1,0,1
obviously_inadequate,1,1,0
geographically_dependant,1,1,0
obviously_inaccessible,1,0,1
geographically_descriptive,1,1,0
geographically_desirable,1,1,0
obviously_imperfect,1,1,0
obviously_impatient,1,1,0
obviously_homosexual,1,1,0
geographically_impossible,1,1,0
obviously_inexpensive,1,0,1
geographically_inconvenient,1,1,0
geographically_representative,1,1,0
obviously_friendly,1,1,0
geographically_significant,1,1,0
geographically_similar,1,1,0
obviously_fragile,1,0,1
geographically_stable,1,0,1
obviously_foolish,1,0,1
obviously_fond,1,1,0
obviously_flustered,1,1,0
obviously_fluent,1,1,0
geographically_unappealing,1,1,0
obviously_finest,1,1,0
geographically_undesirable,1,1,0
obviously_fictitious,1,1,0
geographically_unlimited,1,1,0
obviously_fearful,1,0,1
obviously_faulty,1,1,0
obviously_frustrated,1,1,0
geographically_relevant,1,1,0
obviously_furious,1,1,0
obviously_green,1,1,0
obviously_heartbroken,1,1,0
obviously_healthy,1,0,1
obviously_healthier,1,1,0
geographically_isolated,1,1,0
geographically_large,1,1,0
geographically_literate,1,1,0
obviously_handy,1,0,1
geographically_peripheral,1,1,0
geographically_present,1,1,0
geographically_precise,1,1,0
obviously_godly,1,0,1
obviously_glad,1,1,0
obviously_girly,1,0,1
obviously_germane,1,1,0
obviously_gentle,1,1,0
obviously_gendered,1,0,1
geographically_central,1,0,1
geographically_better,1,0,1
obviously_obnoxious,1,1,0
obviously_limited,1,1,0
obviously_mindful,1,1,0
obviously_military,1,1,0
obviously_metaphorical,1,0,1
genuinely_unpopular,1,1,0
obviously_mechanical,1,1,0
obviously_meaningless,1,1,0
obviously_masculine,1,0,1
obviously_mannered,1,1,0
obviously_mandatory,1,1,0
obviously_malicious,1,0,1
genuinely_unpredictable,1,0,1
obviously_magic,1,0,1
genuinely_unsettled,1,1,0
obviously_luxurious,1,0,1
obviously_long-lasting,1,1,0
obviously_long,1,1,0
obviously_logical,1,1,0
obviously_miscast,1,1,0
genuinely_uninterested,1,1,0
obviously_misogynistic,1,0,1
obviously_negligent,1,1,0
obviously_nostalgic,1,1,0
obviously_normal,1,1,0
obviously_nonsensical,1,1,0
obviously_nicer,1,1,0
obviously_newsworthy,1,1,0
genuinely_unfair,1,1,0
genuinely_unfamiliar,1,1,0
obviously_necessary,1,1,0
obviously_missing,1,0,1
obviously_natural,1,1,0
obviously_moving,1,1,0
obviously_monstrous,1,0,1
obviously_modern,1,1,0
obviously_moderate,1,0,1
genuinely_unhealthy,1,1,0
obviously_mistaken,1,1,0
genuinely_unwatchable,1,1,0
obviously_life-threatening,1,1,0
geographically_appropriate,1,0,1
obviously_liable,1,1,0
genuinely_welcome,1,1,0
genuinely_wise,1,1,0
obviously_intrusive,1,0,1
obviously_intriguing,1,1,0
obviously_interesting,1,0,1
genuinely_wonderful,1,0,1
genuinely_worrisome,1,1,0
genuinely_worthwhile,1,0,1
obviously_insufficient,1,0,1
obviously_insubstantial,1,1,0
obviously_instrumental,1,1,0
obviously_inseparable,1,1,0
genuinely_xenophobic,1,1,0
obviously_innovative,1,1,0
geographically_accessible,1,1,0
obviously_inhuman,1,1,0
obviously_inherent,1,1,0
obviously_ironic,1,1,0
genuinely_wary,1,1,0
genuinely_wacky,1,0,1
genuinely_urgent,1,1,0
obviously_lethal,1,1,0
obviously_less,1,1,0
obviously_legitimate,1,1,0
obviously_leftist,1,1,0
obviously_lawful,1,1,0
obviously_larger,1,1,0
obviously_lame,1,0,1
genuinely_user-friendly,1,1,0
obviously_irresponsible,1,0,1
genuinely_vacant,1,1,0
obviously_jobless,1,1,0
obviously_jewish,1,1,0
obviously_jealous,1,1,0
obviously_itchy,1,0,1
obviously_italian,1,1,0
obviously_irritating,1,1,0
obviously_unsuccessful,1,1,0
obviously_unsure,1,1,0
genuinely_satirical,1,1,0
oddly_cloying,1,0,1
oddly_deep,1,0,1
oddly_dead,1,1,0
oddly_dark,1,0,1
oddly_cute,1,1,0
oddly_cryptic,1,1,0
genuinely_obnoxious,1,1,0
oddly_correct,1,1,0
oddly_corporate,1,1,0
oddly_controversial,1,1,0
oddly_contemporary,1,1,0
genuinely_obscure,1,1,0
oddly_confident,1,1,0
genuinely_obsessed,1,1,0
genuinely_odd,1,0,1
genuinely_okay,1,1,0
oddly_combative,1,1,0
oddly_coincidental,1,0,1
oddly_delicate,1,1,0
oddly_delightful,1,1,0
oddly_demure,1,0,1
genuinely_natural,1,1,0
genuinely_mystical,1,0,1
genuinely_narrow,1,1,0
oddly_engrossing,1,0,1
oddly_engaging,1,0,1
genuinely_nasty,1,1,0
genuinely_native,1,1,0
oddly_elusive,1,1,0
oddly_edifying,1,0,1
genuinely_notable,1,0,1
genuinely_nightmarish,1,0,1
oddly_disquieting,1,0,1
oddly_disproportionate,1,0,1
oddly_discouraging,1,0,1
genuinely_noble,1,0,1
oddly_disappointing,1,0,1
oddly_dim,1,1,0
oddly_cohesive,1,0,1
oddly_close,1,1,0
oddly_enticing,1,0,1
oddly_clever,1,1,0
oddly_arbitrary,1,0,1
oddly_apparent,1,0,1
oddly_anxious,1,1,0
oddly_ancient,1,0,1
genuinely_petrified,1,1,0
oddly_american,1,0,1
oddly_ambiguous,1,0,1
genuinely_plausible,1,1,0
oddly_aged,1,1,0
oddly_affable,1,0,1
genuinely_poetic,1,1,0
genuinely_poignant,1,0,1
genuinely_polite,1,1,0
occasionally_younger,1,1,0
genuinely_portable,1,0,1
occasionally_wrong,1,1,0
genuinely_precise,1,1,0
oddly_arousing,1,0,1
oddly_arrogant,1,0,1
oddly_atmospheric,1,1,0
genuinely_optimistic,1,0,1
genuinely_operatic,1,0,1
oddly_chilling,1,1,0
oddly_cheery,1,1,0
genuinely_oppressed,1,1,0
oddly_celebratory,1,0,1
oddly_cathartic,1,0,1
genuinely_oppressive,1,0,1
genuinely_organic,1,1,0
genuinely_overwhelming,1,1,0
oddly_brittle,1,1,0
genuinely_outlandish,1,0,1
oddly_brave,1,0,1
oddly_bleak,1,1,0
oddly_beguiling,1,0,1
genuinely_outrageous,1,1,0
oddly_bad,1,1,0
oddly_enthralling,1,0,1
oddly_episodic,1,0,1
genuinely_pro-israel,1,1,0
oddly_informative,1,1,0
oddly_likeable,1,0,1
genuinely_joyous,1,0,1
oddly_lavish,1,1,0
oddly_laudable,1,0,1
oddly_lacking,1,1,0
oddly_joyful,1,1,0
genuinely_kinder,1,1,0
oddly_invisible,1,1,0
oddly_intrusive,1,0,1
genuinely_lazy,1,1,0
genuinely_legitimate,1,1,0
genuinely_liberating,1,0,1
oddly_interested,1,1,0
oddly_interactive,1,1,0
oddly_inspiring,1,1,0
oddly_inspirational,1,0,1
genuinely_likable,1,0,1
genuinely_jealous,1,1,0
oddly_loveable,1,0,1
oddly_low,1,1,0
oddly_naive,1,1,0
genuinely_irritating,1,1,0
oddly_new,1,0,1
oddly_neat,1,0,1
oddly_naughty,1,0,1
oddly_natural,1,0,1
oddly_nationalistic,1,0,1
oddly_naked,1,1,0
oddly_muted,1,1,0
oddly_lyrical,1,1,0
oddly_mundane,1,1,0
oddly_moist,1,1,0
genuinely_islamic,1,0,1
oddly_mechanical,1,0,1
genuinely_jaw-dropping,1,1,0
oddly_magnificent,1,0,1
oddly_magical,1,0,1
genuinely_listenable,1,0,1
oddly_indifferent,1,0,1
oddly_evasive,1,0,1
oddly_inconvenient,1,1,0
genuinely_miserable,1,1,0
oddly_full,1,0,1
oddly_friendly,1,1,0
oddly_fresh,1,0,1
oddly_flat,1,1,0
oddly_flamboyant,1,1,0
genuinely_modern,1,1,0
oddly_feminine,1,0,1
genuinely_modest,1,1,0
oddly_fantastic,1,0,1
genuinely_more,1,1,0
oddly_expressive,1,0,1
oddly_explicit,1,1,0
genuinely_mournful,1,0,1
genuinely_mundane,1,1,0
oddly_exact,1,1,0
genuinely_musical,1,0,1
genuinely_mesmerizing,1,0,1
oddly_gendered,1,1,0
genuinely_menacing,1,1,0
oddly_horrifying,1,0,1
oddly_inconsistent,1,1,0
oddly_inappropriate,1,1,0
oddly_impressed,1,1,0
oddly_impersonal,1,1,0
oddly_illicit,1,0,1
genuinely_loyal,1,1,0
oddly_human,1,0,1
genuinely_lyrical,1,0,1
genuinely_melancholic,1,0,1
oddly_high,1,1,0
oddly_hesitant,1,0,1
genuinely_magnificent,1,0,1
genuinely_manageable,1,0,1
oddly_hard,1,0,1
genuinely_marvellous,1,1,0
oddly_gratifying,1,0,1
occasionally_willing,1,1,0
occasionally_valid,1,1,0
obviously_untrustworthy,1,1,0
occasionally_capricious,1,1,0
occasionally_fantastic,1,1,0
occasionally_evident,1,1,0
occasionally_entertaining,1,1,0
occasionally_endearing,1,1,0
occasionally_embarrassing,1,1,0
occasionally_effective,1,1,0
occasionally_different,1,1,0
occasionally_defensive,1,1,0
occasionally_deep,1,1,0
occasionally_deceitful,1,1,0
occasionally_dark,1,1,0
occasionally_dangerous,1,1,0
occasionally_critical,1,1,0
occasionally_confusing,1,1,0
occasionally_conflicting,1,1,0
occasionally_commonplace,1,1,0
occasionally_chinese,1,1,0
occasionally_fantastical,1,1,0
occasionally_foolish,1,1,0
occasionally_forgetful,1,1,0
occasionally_goofy,1,1,0
genuinely_rarer,1,1,0
occasionally_hilarious,1,1,0
occasionally_heavy,1,1,0
genuinely_realistic,1,0,1
occasionally_grim,1,1,0
occasionally_green,1,1,0
genuinely_reflective,1,1,0
occasionally_good,1,1,0
occasionally_fourth,1,1,0
occasionally_golden,1,1,0
occasionally_global,1,1,0
genuinely_regressive,1,0,1
occasionally_fun,1,0,1
occasionally_frosty,1,1,0
occasionally_frightful,1,1,0
occasionally_french,1,1,0
occasionally_chaotic,1,1,0
genuinely_reliable,1,1,0
occasionally_humorous,1,1,0
occasionally_blurry,1,1,0
obviously_willing,1,1,0
obviously_welcome,1,1,0
obviously_wealthy,1,1,0
obviously_weaker,1,1,0
obviously_weak,1,1,0
obviously_warm,1,1,0
genuinely_right,1,1,0
obviously_violent,1,0,1
obviously_vibrant,1,1,0
obviously_valuable,1,1,0
obviously_valid,1,1,0
obviously_useless,1,1,0
genuinely_rotten,1,1,0
obviously_urgent,1,1,0
obviously_uptight,1,1,0
genuinely_royal,1,0,1
obviously_unwanted,1,1,0
obviously_worried,1,1,0
genuinely_respectful,1,1,0
genuinely_repressive,1,1,0
occasionally_audible,1,1,0
genuinely_reluctant,1,1,0
occasionally_black,1,1,0
occasionally_bigger,1,1,0
occasionally_beneficial,1,1,0
occasionally_beautiful,1,1,0
occasionally_baffling,1,1,0
occasionally_awful,1,1,0
occasionally_asian,1,1,0
genuinely_remote,1,1,0
occasionally_apropos,1,0,1
occasionally_annoying,1,1,0
occasionally_american,1,1,0
occasionally_afraid,1,1,0
occasionally_abundant,1,1,0
occasionally_able,1,0,1
obviously_youthful,1,1,0
occasionally_human,1,1,0
occasionally_inappropriate,1,1,0
occasionally_useful,1,1,0
occasionally_profound,1,0,1
occasionally_sober,1,1,0
occasionally_slow,1,1,0
occasionally_singular,1,1,0
occasionally_silver,1,1,0
genuinely_proper,1,0,1
occasionally_several,1,1,0
occasionally_selfish,1,1,0
occasionally_scary,1,1,0
occasionally_satisfying,1,0,1
occasionally_sadistic,1,1,0
occasionally_right,1,1,0
occasionally_reminiscent,1,0,1
genuinely_psyched,1,1,0
occasionally_reckless,1,1,0
occasionally_real,1,1,0
occasionally_raw,1,1,0
occasionally_radioactive,1,1,0
occasionally_stern,1,1,0
occasionally_stilted,1,1,0
occasionally_straight,1,1,0
occasionally_triumphant,1,1,0
occasionally_unemployed,1,1,0
occasionally_uncertain,1,1,0
occasionally_unbroken,1,1,0
occasionally_unable,1,1,0
occasionally_truthful,1,1,0
occasionally_true,1,1,0
occasionally_trivial,1,0,1
occasionally_triple,1,1,0
occasionally_subject,1,1,0
occasionally_tragic,1,1,0
occasionally_threatening,1,1,0
genuinely_professional,1,0,1
occasionally_temporary,1,1,0
occasionally_tactical,1,1,0
occasionally_susceptible,1,1,0
occasionally_surprising,1,1,0
occasionally_quirky,1,1,0
occasionally_present,1,1,0
occasionally_incapable,1,1,0
occasionally_political,1,1,0
occasionally_major,1,1,0
occasionally_maddening,1,1,0
occasionally_lower,1,1,0
occasionally_low,1,1,0
occasionally_louder,1,1,0
occasionally_liquid,1,1,0
occasionally_lazy,1,1,0
genuinely_rapid,1,0,1
occasionally_korean,1,1,0
occasionally_irrelevant,1,1,0
occasionally_interesting,1,1,0
occasionally_infuriating,1,1,0
occasionally_indifferent,1,1,0
occasionally_independent,1,1,0
occasionally_incorrect,1,1,0
occasionally_inconsistent,1,1,0
occasionally_incoherent,1,1,0
occasionally_manipulative,1,1,0
occasionally_mild,1,1,0
occasionally_moderate,1,1,0
occasionally_original,1,1,0
genuinely_psychotic,1,1,0
genuinely_public,1,1,0
occasionally_perceptible,1,1,0
occasionally_pale,1,1,0
occasionally_overwrought,1,1,0
genuinely_pure,1,1,0
occasionally_outrageous,1,0,1
occasionally_ordinary,1,0,1
genuinely_racist,1,1,0
occasionally_nonsensical,1,0,1
occasionally_nonexistent,1,1,0
occasionally_noisy,1,1,0
genuinely_qualified,1,1,0
genuinely_quick,1,1,0
occasionally_naked,1,1,0
occasionally_multiple,1,1,0
gently_dry,1,1,0
gently_different,1,1,0
often_spirited,1,0,1
only_mobile,1,1,0
generally_honest,1,1,0
generally_horrible,1,1,0
only_mexican,1,1,0
only_metaphorical,1,1,0
only_merciful,1,1,0
generally_hot,1,1,0
generally_humane,1,1,0
generally_humid,1,1,0
only_meager,1,1,0
only_masculine,1,1,0
only_man-made,1,1,0
only_malicious,1,1,0
generally_hypocritical,1,1,0
only_main,1,1,0
only_magical,1,1,0
only_luxury,1,1,0
generally_icky,1,1,0
generally_homogeneous,1,1,0
generally_homeless,1,1,0
often_spiritual,1,0,1
generally_hollow,1,1,0
generally_haphazard,1,1,0
only_newer,1,0,1
generally_harder,1,1,0
only_nervous,1,1,0
only_negligible,1,1,0
only_negligent,1,1,0
generally_harmful,1,0,1
generally_harmonious,1,1,0
only_navigable,1,1,0
generally_heavier,1,1,0
generally_helpless,1,1,0
only_national,1,1,0
only_muslim,1,1,0
only_muddy,1,1,0
only_motionless,1,1,0
generally_heterosexual,1,1,0
generally_high,1,1,0
generally_identical,1,1,0
generally_idiotic,1,1,0
generally_ignorant,1,1,0
generally_immoral,1,1,0
only_jarring,1,1,0
only_italian,1,1,0
generally_incompetent,1,1,0
only_involved,1,1,0
only_invisible,1,1,0
only_intrinsic,1,1,0
generally_inconsequential,1,1,0
only_intermittent,1,1,0
generally_inconsistent,1,1,0
generally_indecisive,1,1,0
only_intense,1,1,0
only_intelligible,1,1,0
only_intact,1,1,0
only_insufficient,1,1,0
only_instantaneous,1,1,0
only_insignificant,1,1,0
generally_indicative,1,0,1
only_jewish,1,1,0
only_kurdish,1,1,0
generally_incompatible,1,1,0
generally_impulsive,1,1,0
generally_impatient,1,1,0
only_loose,1,1,0
generally_impolite,1,1,0
generally_important,1,1,0
generally_impossible,1,0,1
generally_imprecise,1,1,0
only_literate,1,1,0
only_likable,1,1,0
generally_incapable,1,1,0
only_lighter,1,1,0
generally_inadequate,1,1,0
only_liberal,1,0,1
only_less,1,1,0
only_lazy,1,0,1
only_latino,1,0,1
only_late,1,0,1
only_nocturnal,1,1,0
generally_hairless,1,1,0
only_normal,1,1,0
generally_fond,1,1,0
only_prettier,1,0,1
generally_feeble,1,1,0
only_precious,1,1,0
only_practical,1,1,0
only_powerful,1,1,0
generally_female,1,1,0
generally_ferocious,1,1,0
generally_fervent,1,0,1
only_porous,1,1,0
generally_festive,1,1,0
generally_few,1,1,0
only_polish,1,1,0
only_poisonous,1,1,0
only_pointless,1,1,0
generally_figurative,1,1,0
generally_finicky,1,1,0
generally_firmer,1,1,0
only_pricey,1,1,0
generally_fast,1,1,0
generally_fascinating,1,1,0
only_purple,1,1,0
only_quiet,1,1,0
only_questionable,1,1,0
only_queer,1,1,0
only_quantitative,1,1,0
only_qualitative,1,1,0
generally_extinct,1,1,0
only_puzzling,1,1,0
generally_extravagant,1,0,1
generally_fantastic,1,1,0
only_protective,1,1,0
only_promising,1,1,0
only_prominent,1,1,0
only_progressive,1,1,0
only_profound,1,1,0
generally_fake,1,1,0
generally_false,1,1,0
generally_flustered,1,1,0
generally_foreign,1,0,1
only_notable,1,1,0
generally_forgetful,1,1,0
only_operational,1,1,0
generally_gluten-free,1,1,0
generally_good-natured,1,1,0
only_one-sided,1,1,0
only_old,1,1,0
generally_gracious,1,1,0
generally_graphic,1,1,0
only_oily,1,1,0
only_offline,1,1,0
generally_greater,1,1,0
generally_green,1,1,0
generally_grotesque,1,1,0
generally_grumpy,1,1,0
only_obsessive,1,1,0
only_obsessed,1,1,0
only_objectionable,1,1,0
generally_guilty,1,1,0
only_optional,1,1,0
only_ordinary,1,1,0
only_original,1,1,0
generally_fruity,1,1,0
only_peculiar,1,1,0
generally_frazzled,1,1,0
only_patchy,1,1,0
only_pastoral,1,1,0
only_passive,1,1,0
generally_frugal,1,1,0
only_particular,1,1,0
only_painful,1,1,0
only_ornamental,1,1,0
generally_frustrating,1,1,0
generally_full,1,1,0
only_outraged,1,1,0
only_outdoor,1,1,0
only_out,1,1,0
generally_functional,1,1,0
only_other,1,1,0
only_inevitable,1,1,0
only_industrial,1,1,0
generally_indistinguishable,1,1,0
generally_more,1,1,0
only_dull,1,1,0
only_due,1,1,0
only_drunk,1,1,0
only_drinkable,1,1,0
only_dominant,1,1,0
only_domestic,1,1,0
only_doable,1,1,0
generally_modest,1,1,0
generally_monochromatic,1,1,0
only_dismayed,1,1,0
only_disappointing,1,1,0
only_disappointed,1,1,0
only_diplomatic,1,1,0
only_digital,1,1,0
only_difficult,1,1,0
generally_moody,1,1,0
generally_moot,1,1,0
only_dusty,1,1,0
generally_misunderstood,1,1,0
generally_miscast,1,1,0
only_empty,1,1,0
only_exaggerated,1,1,0
only_essential,1,1,0
generally_low-income,1,1,0
generally_mad,1,1,0
generally_male,1,0,1
generally_many,1,1,0
generally_meh,1,1,0
only_empirical,1,1,0
only_economical,1,1,0
generally_mild,1,1,0
generally_minimal,1,1,0
only_electronic,1,1,0
only_electric,1,1,0
only_efficient,1,1,0
generally_minor,1,1,0
only_educational,1,1,0
generally_moral,1,1,0
only_desperate,1,1,0
only_exceptional,1,1,0
only_desirable,1,1,0
only_critical,1,1,0
only_criminal,1,0,1
only_creative,1,1,0
generally_obese,1,1,0
only_crafty,1,1,0
only_cost-effective,1,1,0
generally_obsessed,1,1,0
only_corrupt,1,1,0
generally_obsolete,1,1,0
only_cooler,1,0,1
generally_obvious,1,1,0
only_conversational,1,1,0
only_conventional,1,1,0
only_convenient,1,1,0
only_constructive,1,1,0
only_constitutional,1,1,0
generally_odious,1,1,0
only_crucial,1,1,0
only_cultural,1,1,0
generally_numb,1,1,0
only_decorative,1,1,0
only_descriptive,1,1,0
only_depressed,1,1,0
only_dependent,1,1,0
only_delicious,1,1,0
generally_nasty,1,1,0
only_defensible,1,1,0
only_deep,1,1,0
generally_natural,1,0,1
generally_normal,1,1,0
only_deaf,1,1,0
only_dead,1,1,0
generally_nebulous,1,1,0
generally_necessary,1,1,0
generally_needy,1,1,0
generally_noisy,1,1,0
only_current,1,1,0
only_excellent,1,1,0
only_exciting,1,1,0
only_indifferent,1,1,0
only_funnier,1,0,1
generally_intimidating,1,1,0
only_hispanic,1,1,0
generally_intriguing,1,1,0
only_hereditary,1,1,0
generally_irresponsible,1,1,0
only_hard,1,1,0
generally_jaded,1,1,0
generally_jealous,1,1,0
only_gross,1,0,1
only_grim,1,1,0
only_greener,1,1,0
generally_jumpy,1,1,0
only_greek,1,1,0
generally_kind,1,1,0
only_gray,1,1,0
only_grateful,1,1,0
generally_lacklustre,1,1,0
generally_internal,1,1,0
only_hot,1,1,0
only_hotter,1,0,1
only_impressive,1,1,0
generally_ineligible,1,1,0
generally_inept,1,1,0
only_incredible,1,1,0
only_incompetent,1,1,0
only_inclined,1,1,0
generally_inexpensive,1,1,0
generally_inexperienced,1,1,0
generally_infamous,1,1,0
only_iconic,1,1,0
only_impossible,1,1,0
only_immediate,1,1,0
only_imaginable,1,0,1
only_illustrative,1,1,0
generally_insecure,1,1,0
generally_insignificant,1,1,0
generally_intense,1,1,0
generally_lame,1,1,0
generally_large,1,1,0
generally_lousy,1,1,0
generally_laudable,1,1,0
generally_lighter,1,1,0
generally_lightweight,1,1,0
only_fatal,1,1,0
only_fat,1,1,0
only_faster,1,0,1
only_fantastic,1,1,0
generally_limited,1,0,1
generally_literary,1,1,0
only_faithful,1,1,0
only_faint,1,1,0
only_factual,1,1,0
only_extreme,1,1,0
only_external,1,1,0
only_exploitative,1,1,0
only_experiential,1,1,0
only_exotic,1,1,0
only_existent,1,1,0
only_feeble,1,1,0
only_feminine,1,1,0
generally_liberal,1,1,0
only_floral,1,1,0
only_full,1,1,0
only_friendly,1,1,0
generally_lax,1,1,0
generally_lazy,1,1,0
only_fortunate,1,1,0
only_foreign,1,0,1
only_fond,1,1,0
only_flexible,1,1,0
only_fictitious,1,1,0
only_fleeting,1,1,0
only_flat,1,1,0
generally_leftist,1,1,0
only_fit,1,0,1
only_first,1,1,0
generally_legal,1,1,0
only_figurative,1,1,0
only_rare,1,1,0
only_rational,1,1,0
only_reactive,1,1,0
generally_abnormal,1,1,0
openly_disappointed,1,1,0
further_willing,1,1,0
openly_derivative,1,1,0
openly_depraved,1,1,0
openly_demonstrative,1,1,0
further_worried,1,1,0
openly_cynical,1,1,0
openly_curious,1,1,0
furthermore_hazardous,1,1,0
openly_corrupt,1,1,0
openly_controversial,1,1,0
openly_contradictory,1,1,0
furthermore_interested,1,1,0
furthermore_mainstream,1,0,1
openly_confident,1,1,0
furthermore_narrow,1,1,0
openly_communist,1,0,1
further_wide,1,1,0
further_useful,1,1,0
further_upmarket,1,1,0
openly_famous,1,1,0
further_shocked,1,1,0
openly_free,1,1,0
openly_fond,1,1,0
openly_financial,1,1,0
openly_favorable,1,1,0
further_sour,1,1,0
openly_fantastical,1,1,0
openly_fair,1,1,0
openly_distinctive,1,0,1
further_special,1,0,1
openly_envious,1,1,0
further_spicy,1,1,0
openly_enough,1,1,0
further_underground,1,1,0
openly_eager,1,1,0
openly_dubious,1,1,0
openly_committed,1,0,1
openly_coercive,1,1,0
further_redeemable,1,1,0
generally_absent,1,1,0
only_worthless,1,1,0
generally_ambivalent,1,1,0
generally_amiss,1,0,1
generally_anti-democratic,1,1,0
only_wooden,1,1,0
only_witty,1,1,0
only_windy,1,1,0
generally_anti-social,1,1,0
generally_antisocial,1,1,0
generally_argumentative,1,1,0
only_wet,1,1,0
generally_astounding,1,0,1
generally_atypical,1,1,0
generally_averse,1,1,0
only_wearable,1,1,0
only_wealthier,1,1,0
only_weaker,1,1,0
generally_alcoholic,1,1,0
generally_akin,1,0,1
only_zero,1,1,0
openly_apprehensive,1,1,0
openly_bitter,1,1,0
generally_abundant,1,0,1
openly_belligerent,1,1,0
openly_autocratic,1,1,0
openly_atheist,1,1,0
openly_armed,1,1,0
openly_ardent,1,1,0
generally_addicted,1,1,0
generally_afraid,1,1,0
openly_anti-israel,1,1,0
openly_american,1,0,1
openly_ambitious,1,1,0
generally_advisable,1,1,0
openly_afraid,1,1,0
openly_affectionate,1,1,0
generally_affectionate,1,1,0
openly_funny,1,1,0
further_real,1,1,0
only_warm,1,1,0
openly_offensive,1,0,1
further_enlightened,1,1,0
further_evident,1,0,1
further_frightening,1,1,0
openly_public,1,1,0
openly_provocative,1,1,0
openly_promiscuous,1,0,1
openly_profane,1,1,0
openly_pro-life,1,1,0
openly_pro-choice,1,1,0
openly_present,1,1,0
further_interested,1,1,0
openly_pleased,1,1,0
openly_plain,1,0,1
openly_pessimistic,1,1,0
openly_personal,1,1,0
openly_patriotic,1,1,0
openly_partisan,1,1,0
openly_relative,1,1,0
further_due,1,1,0
openly_remorseful,1,0,1
openly_smug,1,1,0
further_democratic,1,1,0
openly_superstitious,1,0,1
openly_subject,1,1,0
openly_stupid,1,1,0
openly_straight,1,1,0
openly_squeamish,1,1,0
further_dependent,1,0,1
further_destructive,1,1,0
further_divisive,1,1,0
openly_sinful,1,1,0
openly_sexy,1,1,0
further_disadvantaged,1,1,0
openly_sexist,1,1,0
openly_sensual,1,1,0
openly_sceptical,1,1,0
openly_sarcastic,1,1,0
openly_partial,1,1,0
openly_obnoxious,1,1,0
openly_glaring,1,1,0
openly_nervous,1,1,0
openly_influential,1,1,0
openly_indifferent,1,1,0
openly_incredulous,1,1,0
openly_incompetent,1,1,0
openly_impartial,1,1,0
further_narrow,1,1,0
openly_illegal,1,1,0
further_natural,1,1,0
openly_horrible,1,1,0
further_obscure,1,1,0
further_perplexed,1,1,0
further_polarized,1,1,0
openly_hesitant,1,1,0
further_racist,1,1,0
openly_harsh,1,1,0
openly_happy,1,1,0
openly_glum,1,1,0
openly_intelligent,1,1,0
openly_interested,1,1,0
openly_intractable,1,1,0
further_legitimate,1,1,0
openly_negative,1,1,0
openly_moral,1,1,0
openly_misogynistic,1,0,1
openly_metaphorical,1,0,1
openly_mean-spirited,1,1,0
openly_manipulative,1,1,0
openly_loyal,1,1,0
further_limited,1,1,0
further_muddy,1,1,0
further_misunderstood,1,1,0
openly_lawless,1,0,1
openly_judgemental,1,1,0
openly_jubilant,1,1,0
openly_joyful,1,1,0
further_more,1,1,0
further_muddled,1,1,0
only_watchable,1,1,0
only_voluntary,1,1,0
generally_exhausted,1,1,0
only_selfish,1,1,0
only_skeptical,1,1,0
only_singular,1,1,0
generally_deceptive,1,1,0
generally_deductible,1,1,0
only_similar,1,1,0
only_silent,1,1,0
generally_defenseless,1,1,0
only_shy,1,1,0
generally_deficient,1,1,0
only_short-lived,1,1,0
generally_delighted,1,1,0
generally_delinquent,1,1,0
generally_dependable,1,1,0
only_sharp,1,1,0
only_sexy,1,1,0
generally_desperate,1,0,1
generally_disappointed,1,1,0
only_skilled,1,1,0
generally_damp,1,1,0
only_slower,1,1,0
generally_counterproductive,1,1,0
generally_conventional,1,1,0
only_statistical,1,0,1
only_stable,1,1,0
only_sporadic,1,1,0
only_spontaneous,1,1,0
generally_corrupt,1,1,0
only_spicy,1,1,0
generally_crappy,1,1,0
generally_cynical,1,1,0
only_special,1,1,0
generally_credible,1,1,0
only_solid,1,1,0
only_soft,1,0,1
generally_crisp,1,1,0
generally_critical,1,1,0
generally_crowded,1,1,0
generally_disappointing,1,1,0
generally_dismissive,1,1,0
generally_confusing,1,1,0
only_select,1,1,0
only_remarkable,1,1,0
generally_effective,1,1,0
generally_embarrassing,1,1,0
generally_enjoyable,1,0,1
only_relatable,1,0,1
generally_entertaining,1,1,0
only_regional,1,1,0
only_redeemable,1,1,0
generally_equal,1,1,0
only_recoverable,1,1,0
generally_essential,1,0,1
only_recognisable,1,1,0
only_receptive,1,1,0
generally_even-handed,1,1,0
generally_excessive,1,1,0
generally_exciting,1,0,1
generally_exclusive,1,1,0
only_removable,1,1,0
generally_due,1,1,0
only_rhetorical,1,1,0
only_sacred,1,1,0
generally_dissatisfied,1,1,0
generally_distant,1,1,0
generally_distressing,1,1,0
only_satisfying,1,1,0
generally_distrustful,1,1,0
only_same,1,1,0
generally_disturbing,1,1,0
only_russian,1,1,0
only_rich,1,0,1
only_rudimentary,1,1,0
generally_divisive,1,1,0
only_rubbish,1,1,0
only_round,1,1,0
only_risky,1,1,0
only_righteous,1,1,0
generally_drab,1,1,0
only_stressful,1,1,0
generally_confrontational,1,1,0
only_vocal,1,1,0
only_transferable,1,1,0
only_universal,1,1,0
generally_bright,1,1,0
only_uninterested,1,1,0
only_uninsured,1,1,0
only_uninformed,1,1,0
only_unimportant,1,1,0
only_unfair,1,1,0
only_unethical,1,1,0
only_underwater,1,1,0
generally_british,1,1,0
only_undecided,1,1,0
only_unaware,1,1,0
generally_broad,1,1,0
generally_buoyant,1,1,0
only_troubling,1,1,0
only_troublesome,1,1,0
generally_busier,1,1,0
only_unknown,1,0,1
only_unlocked,1,1,0
only_unnecessary,1,1,0
only_vegetarian,1,1,0
generally_awkward,1,1,0
generally_balanced,1,0,1
only_violent,1,1,0
generally_bearish,1,1,0
generally_beneficial,1,1,0
only_verifiable,1,1,0
generally_best,1,1,0
only_vegan,1,1,0
only_unprofessional,1,1,0
only_variable,1,1,0
generally_bigger,1,1,0
generally_bland,1,1,0
generally_bogus,1,1,0
generally_bothersome,1,1,0
generally_brave,1,1,0
only_upset,1,1,0
generally_careful,1,1,0
only_transactional,1,1,0
generally_complex,1,1,0
only_toxic,1,1,0
only_sweet,1,1,0
only_sustainable,1,1,0
only_susceptible,1,1,0
only_surprising,1,1,0
only_sure,1,1,0
only_supportive,1,1,0
only_superior,1,1,0
only_sultry,1,1,0
generally_common,1,1,0
generally_comparable,1,1,0
only_sufficient,1,1,0
only_such,1,1,0
generally_compassionate,1,1,0
generally_compatible,1,1,0
only_substantial,1,1,0
only_substandard,1,1,0
generally_competent,1,1,0
only_swollen,1,1,0
generally_cold,1,1,0
generally_clumsy,1,1,0
only_thicker,1,1,0
only_tough,1,1,0
only_torture,1,1,0
only_tolerable,1,1,0
only_timid,1,1,0
only_tight,1,1,0
generally_challenging,1,1,0
only_thin,1,0,1
generally_chaotic,1,1,0
only_talented,1,1,0
generally_clear,1,1,0
only_terrible,1,1,0
generally_clever,1,1,0
only_tentative,1,1,0
generally_closer,1,1,0
only_technological,1,1,0
generally_clueless,1,1,0
only_consistent,1,1,0
only_considerable,1,1,0
generally_off-putting,1,1,0
once_brilliant,1,1,0
once_conceptual,1,1,0
once_comprehensive,1,1,0
once_compliant,1,1,0
once_complete,1,0,1
generally_western,1,1,0
once_comical,1,1,0
once_comfortable,1,1,0
once_comedic,1,1,0
generally_wetter,1,1,0
once_clever,1,1,0
once_classic,1,1,0
once_civilized,1,1,0
once_charismatic,1,1,0
once_chaotic,1,1,0
once_central,1,0,1
once_captivating,1,1,0
once_capable,1,1,0
once_condescending,1,1,0
once_confident,1,1,0
once_connected,1,1,0
once_dangerous,1,1,0
once_discouraging,1,1,0
generally_wary,1,1,0
once_deep,1,1,0
once_decorative,1,1,0
generally_wasteful,1,1,0
generally_weaker,1,1,0
once_dark,1,1,0
once_curious,1,1,0
generally_welcome,1,0,1
once_creepy,1,1,0
generally_weary,1,1,0
once_cranky,1,1,0
once_cozy,1,1,0
generally_weird,1,1,0
once_contemporary,1,1,0
once_contemplative,1,1,0
once_buttery,1,1,0
once_brief,1,1,0
once_disorienting,1,1,0
once_boring,1,1,0
once_antagonistic,1,1,0
generally_wrong,1,0,1
generally_young,1,1,0
once_amateurish,1,1,0
genetically_abnormal,1,1,0
once_affordable,1,1,0
genetically_aggressive,1,1,0
once_acclaimed,1,1,0
once_absurd,1,1,0
once_abnormal,1,0,1
genetically_alike,1,1,0
on_sensitive,1,1,0
genetically_ancient,1,1,0
on_more,1,1,0
genetically_austere,1,1,0
on_key,1,1,0
genetically_beautiful,1,1,0
once_apocalyptic,1,1,0
once_apparent,1,1,0
once_appropriate,1,1,0
generally_wonderful,1,1,0
once_bold,1,1,0
once_blue,1,1,0
once_blind,1,1,0
once_bizarre,1,1,0
generally_willing,1,1,0
once_beloved,1,1,0
once_beholden,1,1,0
once_barren,1,1,0
once_attainable,1,1,0
once_bare,1,1,0
once_bald,1,1,0
once_awkward,1,1,0
once_awful,1,1,0
generally_worried,1,1,0
once_awake,1,0,1
once_attractive,1,1,0
once_discrete,1,1,0
once_dominant,1,1,0
on_bad,1,1,0
generally_unscathed,1,1,0
once_heartwarming,1,1,0
generally_unique,1,1,0
once_heartbreaking,1,1,0
generally_unkind,1,1,0
generally_unlawful,1,1,0
generally_unlikely,1,1,0
generally_unnerving,1,0,1
once_gorgeous,1,1,0
once_goofy,1,1,0
generally_unpopular,1,0,1
once_golden,1,1,0
once_glorious,1,0,1
once_glamorous,1,1,0
once_glad,1,1,0
once_gentle,1,1,0
generally_unrelated,1,1,0
generally_unsafe,1,1,0
once_heavy,1,1,0
once_high,1,1,0
once_higher,1,1,0
once_iconic,1,1,0
generally_unhinged,1,1,0
once_impossible,1,0,1
generally_uninhabitable,1,1,0
once_illicit,1,0,1
generally_uninspired,1,1,0
once_ill,1,1,0
once_idealistic,1,1,0
once_humorous,1,1,0
once_hilarious,1,1,0
once_humbling,1,1,0
once_humbled,1,1,0
generally_unintelligible,1,1,0
generally_uninterested,1,1,0
once_horrified,1,1,0
once_hopeful,1,1,0
generally_uninteresting,1,1,0
once_fun,1,1,0
generally_unscientific,1,1,0
once_dystopian,1,1,0
generally_unsightly,1,1,0
once_essential,1,1,0
once_erudite,1,1,0
once_equal,1,1,0
once_epic,1,1,0
once_enticing,1,1,0
generally_usable,1,1,0
once_energetic,1,1,0
once_endearing,1,1,0
once_empty,1,1,0
generally_violent,1,1,0
once_effortless,1,1,0
generally_vulnerable,1,1,0
once_ecstatic,1,1,0
once_easy,1,0,1
once_east,1,1,0
generally_warm,1,1,0
once_eager,1,0,1
generally_upcoming,1,1,0
generally_upbeat,1,1,0
generally_unwelcome,1,1,0
once_fearful,1,1,0
generally_unsuitable,1,1,0
once_free,1,1,0
once_fragile,1,1,0
once_forecast,1,1,0
once_fine,1,1,0
once_fierce,1,1,0
once_fervent,1,1,0
once_fat,1,1,0
once_exhilarating,1,1,0
once_fast,1,1,0
once_fantastic,1,1,0
generally_unsympathetic,1,1,0
generally_unusable,1,1,0
once_extant,1,1,0
once_expensive,1,1,0
once_expansive,1,1,0
on_equal,1,1,0
ominously_wrong,1,1,0
once_informative,1,1,0
gently_annoying,1,1,0
genetically_undesirable,1,1,0
often_underpaid,1,1,0
often_under-appreciated,1,1,0
often_uncontrollable,1,1,0
often_unconscious,1,1,0
often_uncomfortable,1,1,0
genetically_unfit,1,1,0
often_unchallenged,1,1,0
genetically_unsound,1,1,0
genetically_unstable,1,1,0
genetically_unsuited,1,1,0
often_unattainable,1,1,0
often_unarmed,1,0,1
often_unaffordable,1,1,0
often_unaffected,1,1,0
often_unaccounted,1,1,0
genetically_vulnerable,1,1,0
often_underrepresented,1,1,0
often_understaffed,1,1,0
often_undervalued,1,0,1
often_unheralded,1,1,0
genetically_simple,1,1,0
often_unmanageable,1,1,0
genetically_skinny,1,1,0
often_unkind,1,1,0
genetically_small,1,1,0
genetically_specific,1,1,0
often_unintelligible,1,0,1
often_unheard,1,1,0
often_undesirable,1,1,0
often_unhappy,1,1,0
often_unfounded,1,1,0
genetically_sterile,1,0,1
often_unfamiliar,1,1,0
genetically_successful,1,1,0
often_unethical,1,1,0
often_uneducated,1,1,0
often_ugly,1,1,0
often_treatable,1,1,0
often_unpaid,1,1,0
often_transportable,1,1,0
gently_comical,1,1,0
often_suitable,1,1,0
gently_contemplative,1,1,0
gently_correct,1,1,0
often_substantial,1,1,0
often_substandard,1,1,0
often_subservient,1,1,0
gently_defiant,1,1,0
often_structural,1,1,0
often_stronger,1,1,0
often_strong,1,1,0
often_stressful,1,1,0
gently_deranged,1,0,1
often_stiffer,1,1,0
often_stagnant,1,1,0
often_spotty,1,1,0
often_spontaneous,1,1,0
often_supernatural,1,1,0
often_supportive,1,1,0
often_sure,1,1,0
often_tender,1,1,0
gently_assertive,1,1,0
gently_asymmetrical,1,1,0
often_tougher,1,1,0
gently_awe,1,0,1
gently_balanced,1,1,0
often_thicker,1,1,0
often_terrifying,1,1,0
often_tempting,1,1,0
gently_calming,1,1,0
often_tempted,1,1,0
often_tedious,1,1,0
often_technical,1,1,0
gently_beautiful,1,0,1
often_sweet,1,1,0
often_suspicious,1,1,0
gently_bold,1,1,0
genetically_sensitive,1,1,0
often_unparalleled,1,1,0
ominously_unaccounted,1,1,0
genetically_dominant,1,1,0
ominously_biblical,1,0,1
ominously_beautiful,1,1,0
genetically_complex,1,1,0
oftentimes_unable,1,1,0
oftentimes_tragic,1,1,0
oftentimes_subtle,1,1,0
oftentimes_open,1,1,0
oftentimes_mistaken,1,1,0
oftentimes_explicit,1,1,0
oftentimes_expensive,1,0,1
oftentimes_critical,1,1,0
oftentimes_clumsy,1,1,0
genetically_dangerous,1,0,1
genetically_demented,1,0,1
often_worthwhile,1,1,0
often_worthless,1,1,0
genetically_dependent,1,1,0
ominously_calm,1,1,0
ominously_challenging,1,1,0
ominously_close,1,0,1
ominously_nefarious,1,0,1
ominously_tough,1,0,1
ominously_stubborn,1,0,1
ominously_similar,1,1,0
genetically_better,1,1,0
ominously_shrinking,1,1,0
ominously_quiet,1,1,0
ominously_proficient,1,0,1
ominously_mute,1,1,0
ominously_dangerous,1,0,1
genetically_broad,1,1,0
ominously_metaphorical,1,0,1
ominously_heavy,1,1,0
ominously_haunting,1,1,0
ominously_hardcore,1,0,1
ominously_flat,1,1,0
ominously_dark,1,1,0
genetically_disparate,1,1,0
often_witty,1,1,0
genetically_redundant,1,1,0
often_wiser,1,1,0
often_unused,1,1,0
often_untrue,1,1,0
often_untold,1,1,0
often_unsure,1,1,0
often_unsung,1,1,0
genetically_monogamous,1,1,0
often_unsophisticated,1,1,0
genetically_new,1,0,1
often_unresponsive,1,1,0
often_unreported,1,1,0
genetically_positive,1,0,1
often_unrecognized,1,1,0
often_unrecognizable,1,0,1
often_unreadable,1,1,0
often_unprofessional,1,1,0
often_unprepared,1,1,0
genetically_pure,1,1,0
often_unusual,1,1,0
often_unwanted,1,1,0
genetically_mixed,1,1,0
often_wasteful,1,1,0
genetically_homogeneous,1,1,0
often_white,1,1,0
often_whiny,1,1,0
often_welcoming,1,1,0
often_welcome,1,0,1
genetically_human,1,0,1
often_wavy,1,1,0
often_vulgar,1,1,0
often_unworthy,1,1,0
genetically_incompatible,1,1,0
often_verbal,1,1,0
often_vegetarian,1,0,1
genetically_lucky,1,1,0
often_vacant,1,1,0
genetically_male,1,1,0
often_upbeat,1,0,1
once_indignant,1,1,0
generally_ungrateful,1,1,0
generally_older,1,1,0
online_faster,1,1,0
online_tough,1,1,0
online_specific,1,1,0
online_similar,1,0,1
online_short,1,1,0
online_secure,1,1,0
online_related,1,0,1
online_professional,1,1,0
online_personal,1,1,0
online_other,1,1,0
online_oriented,1,0,1
online_new,1,1,0
generally_scarce,1,1,0
online_loving,1,1,0
online_likely,1,1,0
online_interested,1,0,1
online_good,1,1,0
online_generic,1,0,1
only_abundant,1,0,1
generally_rubbish,1,1,0
generally_rotten,1,1,0
only_adjacent,1,1,0
generally_reliable,1,1,0
only_affordable,1,1,0
generally_relieved,1,1,0
only_advisory,1,1,0
only_advisable,1,1,0
generally_religious,1,1,0
only_administrative,1,1,0
generally_reluctant,1,0,1
generally_robust,1,1,0
only_additional,1,1,0
generally_remarkable,1,1,0
only_actionable,1,1,0
generally_reputable,1,1,0
generally_resistant,1,1,0
generally_rife,1,1,0
only_accidental,1,1,0
generally_scarier,1,1,0
online_equivalent,1,1,0
only_african-american,1,1,0
online_easy,1,1,0
once_weird,1,1,0
generally_slim,1,1,0
generally_slow,1,1,0
once_vulnerable,1,1,0
generally_smaller,1,1,0
once_visible,1,0,1
once_vintage,1,1,0
once_vigorous,1,1,0
generally_smart,1,1,0
once_vast,1,1,0
generally_smoother,1,1,0
once_useful,1,1,0
once_uplifting,1,1,0
once_upfront,1,1,0
once_unsure,1,1,0
once_unsafe,1,1,0
once_unnerving,1,1,0
once_wet,1,1,0
generally_sincere,1,1,0
generally_silly,1,1,0
generally_searchable,1,1,0
online_easier,1,0,1
online_early,1,1,0
online_concerned,1,1,0
online_compatible,1,1,0
online_closer,1,1,0
online_cheaper,1,0,1
online_capable,1,1,0
online_available,1,1,0
once_willing,1,1,0
online_accessible,1,1,0
generally_separate,1,1,0
once_younger,1,1,0
generally_sharp,1,1,0
once_yellow,1,1,0
generally_shorter,1,1,0
once_wise,1,1,0
only_african,1,1,0
only_alert,1,1,0
generally_spacious,1,1,0
only_catchy,1,1,0
only_cognitive,1,1,0
only_clumsy,1,1,0
only_closest,1,1,0
only_closer,1,1,0
generally_perpendicular,1,1,0
only_clinical,1,1,0
only_clever,1,1,0
generally_personable,1,1,0
generally_philosophical,1,1,0
only_classic,1,1,0
generally_physical,1,1,0
only_chronological,1,1,0
only_chinese,1,1,0
generally_playful,1,1,0
only_challenging,1,1,0
generally_pleasing,1,1,0
only_ceremonial,1,1,0
generally_permissive,1,1,0
only_collectable,1,1,0
only_colorful,1,1,0
generally_orthodox,1,1,0
only_confused,1,1,0
only_confidential,1,1,0
generally_opaque,1,1,0
only_conceptual,1,1,0
generally_opinionated,1,1,0
only_compulsory,1,1,0
generally_original,1,0,1
generally_outstanding,1,1,0
generally_passionate,1,1,0
only_competitive,1,1,0
generally_painful,1,1,0
only_compassionate,1,1,0
only_comparable,1,0,1
only_commonplace,1,1,0
generally_painless,1,1,0
only_commercial,1,1,0
only_catholic,1,1,0
generally_pleasurable,1,1,0
generally_relaxed,1,1,0
only_brown,1,1,0
only_asleep,1,1,0
only_armed,1,1,0
generally_rare,1,1,0
generally_reactive,1,1,0
generally_ready,1,1,0
generally_realistic,1,1,0
only_apocryphal,1,1,0
only_apocalyptic,1,1,0
only_annoying,1,1,0
generally_receptive,1,1,0
only_analytical,1,1,0
generally_rectangular,1,1,0
generally_redundant,1,1,0
generally_relatable,1,0,1
only_alternate,1,1,0
only_alright,1,1,0
only_allergic,1,1,0
generally_random,1,1,0
only_attentive,1,1,0
only_attractive,1,1,0
only_basic,1,1,0
only_british,1,1,0
generally_predictive,1,1,0
only_bothersome,1,1,0
generally_prevailing,1,1,0
generally_privileged,1,1,0
generally_proficient,1,1,0
generally_proportional,1,1,0
generally_provocative,1,1,0
generally_racist,1,1,0
generally_psychotic,1,1,0
generally_public,1,1,0
only_avid,1,1,0
generally_quick,1,0,1
generally_quiet,1,1,0
only_automatic,1,1,0
generally_quieter,1,1,0
once_unlocked,1,0,1
generally_standard,1,1,0
once_innovative,1,1,0
once_negative,1,1,0
once_pleased,1,1,0
generally_unaffordable,1,1,0
once_peaceful,1,1,0
once_pathetic,1,1,0
once_overwhelmed,1,1,0
once_overweight,1,1,0
once_outraged,1,1,0
once_ornate,1,1,0
once_original,1,1,0
once_ordinary,1,1,0
generally_unbiased,1,1,0
once_only,1,1,0
once_old,1,1,0
once_offbeat,1,1,0
once_obscure,1,0,1
once_normal,1,0,1
once_nice,1,1,0
once_poetic,1,1,0
once_poignant,1,1,0
generally_trustworthy,1,0,1
once_promising,1,1,0
once_quiet,1,1,0
once_queer,1,1,0
once_pure,1,0,1
once_punishable,1,1,0
once_provocative,1,1,0
once_protective,1,1,0
generally_top-notch,1,1,0
once_prominent,1,1,0
generally_treatable,1,1,0
once_productive,1,1,0
generally_tough,1,1,0
once_pricey,1,0,1
once_prevalent,1,1,0
once_pregnant,1,1,0
once_precise,1,1,0
once_practical,1,1,0
once_nervous,1,1,0
once_neat,1,0,1
once_ready,1,1,0
once_near,1,0,1
once_legendary,1,1,0
once_laughable,1,1,0
once_larger,1,0,1
once_large,1,0,1
once_kind,1,1,0
once_jobless,1,0,1
once_irrelevant,1,1,0
once_involved,1,0,1
once_intriguing,1,1,0
once_intimidating,1,1,0
generally_unfulfilled,1,1,0
once_internal,1,1,0
once_interesting,1,1,0
once_interested,1,1,0
once_inspiring,1,1,0
once_insightful,1,1,0
once_insane,1,1,0
once_liberating,1,1,0
once_loath,1,0,1
once_ludicrous,1,1,0
generally_underappreciated,1,1,0
generally_uncommon,1,0,1
generally_unconcerned,1,1,0
once_native,1,1,0
once_narcissistic,1,1,0
once_mysterious,1,1,0
generally_uncool,1,1,0
once_most,1,1,0
once_monthly,1,1,0
once_luminous,1,1,0
generally_underpaid,1,1,0
once_mesmerising,1,1,0
once_mental,1,1,0
once_massive,1,1,0
once_male,1,0,1
once_magnificent,1,1,0
once_magical,1,1,0
once_rare,1,0,1
generally_tidy,1,1,0
once_unfathomable,1,0,1
once_speculative,1,1,0
once_tasty,1,1,0
once_tart,1,1,0
once_taboo,1,0,1
once_synonymous,1,1,0
once_sympathetic,1,0,1
generally_superior,1,1,0
once_surprising,1,1,0
once_sure,1,0,1
once_superior,1,1,0
once_suicidal,1,0,1
generally_sure,1,1,0
once_substantial,1,0,1
once_stylish,1,1,0
generally_susceptible,1,1,0
once_stressful,1,1,0
generally_sustainable,1,1,0
once_state-owned,1,1,0
once_tedious,1,1,0
once_tender,1,1,0
once_terrible,1,1,0
generally_substandard,1,1,0
once_unfamiliar,1,0,1
once_unexpected,1,1,0
generally_stronger,1,1,0
once_underground,1,1,0
once_undeniable,1,1,0
once_unacceptable,1,0,1
once_turbulent,1,1,0
once_traditional,1,1,0
generally_superfluous,1,1,0
once_total,1,1,0
once_tiny,1,1,0
generally_successful,1,1,0
once_thrilled,1,1,0
once_thoughtful,1,1,0
once_theological,1,1,0
generally_superficial,1,1,0
once_spicy,1,1,0
once_special,1,1,0
once_refreshing,1,1,0
once_sophisticated,1,1,0
generally_themed,1,0,1
generally_thorough,1,1,0
once_routine,1,0,1
once_right,1,1,0
once_ridiculous,1,1,0
once_rich,1,1,0
once_revelatory,1,0,1
once_retro,1,1,0
once_restless,1,1,0
once_residential,1,1,0
once_reputable,1,1,0
once_republican,1,1,0
once_religious,1,1,0
once_relevant,1,1,0
generally_thrilling,1,1,0
once_relatable,1,1,0
once_regal,1,1,0
once_sane,1,1,0
once_scary,1,1,0
once_scrappy,1,1,0
once_shy,1,1,0
once_soft,1,1,0
once_snarky,1,1,0
generally_taller,1,1,0
once_sloppy,1,1,0
once_sinister,1,1,0
generally_terrifying,1,1,0
once_sick,1,1,0
once_shocking,1,0,1
once_seedy,1,1,0
once_sharp,1,1,0
once_shaky,1,0,1
once_serene,1,1,0
once_separate,1,1,0
once_sensual,1,1,0
once_sensitive,1,1,0
once_sensible,1,1,0
obviously_faster,1,0,1
obviously_fascinating,1,1,0
highly_delicate,1,1,0
halfway_sane,1,0,1
not_steadfast,1,1,0
halfway_sensible,1,0,1
halfway_similar,1,0,1
not_stately,1,1,0
not_state-owned,1,1,0
halfway_stable,1,1,0
halfway_stiff,1,1,0
not_stagnant,1,1,0
halfway_successful,1,1,0
not_squishy,1,1,0
halfway_tasty,1,1,0
halfway_true,1,1,0
not_spotty,1,1,0
halfway_ugly,1,1,0
halfway_useful,1,0,1
not_sporadic,1,1,0
halfway_visible,1,1,0
halfway_satisfied,1,1,0
halfway_respectable,1,0,1
hardly_qualified,1,0,1
halfway_realistic,1,0,1
halfway_floral,1,0,1
not_stunning,1,1,0
halfway_homemade,1,0,1
halfway_innovative,1,0,1
not_stubborn,1,1,0
halfway_literate,1,1,0
halfway_meaningful,1,0,1
halfway_mediocre,1,1,0
halfway_objective,1,0,1
halfway_ok,1,0,1
not_strenuous,1,1,0
halfway_physical,1,1,0
halfway_plausible,1,0,1
halfway_productive,1,0,1
not_stingy,1,1,0
halfway_qualified,1,1,0
halfway_rational,1,1,0
halfway_watchable,1,0,1
halfway_willing,1,1,0
happily_accidental,1,1,0
not_spherical,1,1,0
happily_electrifying,1,1,0
happily_enough,1,1,0
not_sociable,1,1,0
happily_entrenched,1,1,0
not_smoky,1,1,0
not_smelly,1,1,0
happily_familiar,1,1,0
happily_fast,1,1,0
happily_furious,1,1,0
happily_gay,1,1,0
not_slower,1,1,0
happily_great,1,0,1
not_sloppy,1,1,0
not_slim,1,1,0
not_slick,1,1,0
happily_healthy,1,1,0
not_sleek,1,1,0
not_soggy,1,1,0
happily_dependent,1,1,0
not_solicitous,1,1,0
not_southern,1,1,0
not_speedy,1,1,0
happily_architectural,1,1,0
happily_available,1,1,0
happily_average,1,1,0
happily_aware,1,1,0
happily_awkward,1,1,0
not_spacious,1,1,0
happily_beautiful,1,0,1
happily_deluded,1,1,0
happily_bitter,1,1,0
happily_bonkers,1,1,0
not_soothing,1,1,0
happily_childlike,1,0,1
happily_comfortable,1,1,0
happily_comical,1,1,0
happily_conscious,1,1,0
halfway_flattering,1,0,1
halfway_favorable,1,0,1
halfway_equivalent,1,0,1
half_safe,1,1,0
half_pregnant,1,0,1
not_testy,1,0,1
not_territorial,1,1,0
not_terrified,1,1,0
not_terrific,1,1,0
half_presentable,1,0,1
not_terminal,1,1,0
half_public,1,1,0
half_pure,1,1,0
not_tenacious,1,1,0
half_raw,1,1,0
half_ready,1,1,0
not_temperate,1,1,0
not_tedious,1,1,0
half_real,1,1,0
half_ripe,1,1,0
half_sad,1,0,1
not_theatrical,1,1,0
not_themed,1,1,0
half_pleased,1,1,0
half_lead,1,1,0
half_inclined,1,1,0
half_innocent,1,1,0
half_insane,1,1,0
not_tiny,1,1,0
half_japanese,1,1,0
not_timeless,1,1,0
half_latino,1,1,0
not_thrilling,1,1,0
not_therapeutic,1,1,0
half_legitimate,1,1,0
not_thrifty,1,1,0
half_less,1,1,0
half_libertarian,1,1,0
half_mexican,1,1,0
half_muslim,1,1,0
half_perfect,1,1,0
not_taut,1,1,0
not_tasteless,1,1,0
not_sublime,1,1,0
half_sane,1,0,1
halfway_alive,1,1,0
not_supple,1,1,0
halfway_amusing,1,0,1
halfway_appropriate,1,0,1
halfway_attractive,1,0,1
halfway_capable,1,0,1
not_suicidal,1,1,0
halfway_close,1,1,0
not_sudden,1,1,0
halfway_coherent,1,0,1
halfway_complimentary,1,0,1
not_subversive,1,1,0
not_suburban,1,1,0
halfway_comprehensible,1,0,1
halfway_drunk,1,1,0
not_subordinate,1,1,0
halfway_enjoyable,1,0,1
not_supreme,1,1,0
halfway_acceptable,1,0,1
not_surgical,1,1,0
half_terrifying,1,1,0
half_satisfied,1,1,0
half_smart,1,1,0
half_sober,1,1,0
half_sorry,1,1,0
not_taboo,1,1,0
not_systematic,1,1,0
half_talented,1,1,0
half_transparent,1,1,0
half_wrong,1,1,0
not_swell,1,1,0
half_unconscious,1,1,0
half_watchable,1,0,1
half_welcome,1,1,0
not_suspect,1,1,0
not_surreal,1,1,0
half_wild,1,1,0
not_skittish,1,1,0
happily_homeless,1,1,0
not_skillful,1,1,0
hardly_helpless,1,1,0
hardly_courteous,1,1,0
hardly_creative,1,1,0
hardly_credible,1,0,1
not_reticent,1,1,0
hardly_discernible,1,1,0
hardly_divisive,1,1,0
hardly_doable,1,0,1
hardly_eager,1,1,0
hardly_easy,1,0,1
hardly_employable,1,1,0
not_resolute,1,1,0
hardly_enthusiastic,1,1,0
not_resilient,1,1,0
not_residential,1,1,0
hardly_exhaustive,1,1,0
hardly_extensive,1,1,0
hardly_handsome,1,0,1
hardly_controversial,1,1,0
hardly_consistent,1,0,1
not_rhythmic,1,1,0
not_roman,1,1,0
not_rowdy,1,1,0
hardly_big,1,1,0
hardly_black,1,1,0
hardly_blameless,1,1,0
hardly_boring,1,1,0
not_roomy,1,1,0
hardly_breathable,1,1,0
hardly_challenging,1,1,0
hardly_conscious,1,1,0
hardly_coincidental,1,1,0
not_riskier,1,1,0
hardly_comforting,1,1,0
hardly_compelling,1,1,0
hardly_competitive,1,1,0
hardly_conceivable,1,0,1
hardly_conclusive,1,1,0
hardly_happy,1,1,0
hardly_higher,1,1,0
hardly_believable,1,1,0
hardly_honourable,1,1,0
hardly_listenable,1,1,0
hardly_livable,1,1,0
hardly_mainstream,1,1,0
not_reductive,1,1,0
hardly_manageable,1,0,1
hardly_moral,1,1,0
hardly_neutral,1,1,0
hardly_noticable,1,1,0
hardly_novel,1,1,0
hardly_old,1,1,0
hardly_older,1,1,0
hardly_perfect,1,1,0
hardly_pleased,1,1,0
not_reassuring,1,1,0
hardly_political,1,1,0
hardly_pragmatic,1,1,0
hardly_problematic,1,1,0
not_regretful,1,1,0
hardly_libertarian,1,1,0
not_regulatory,1,1,0
hardly_imaginable,1,0,1
not_repetitive,1,1,0
hardly_human,1,0,1
hardly_humid,1,1,0
hardly_ideal,1,1,0
hardly_idyllic,1,1,0
not_remorseful,1,1,0
hardly_illiterate,1,1,0
hardly_impoverished,1,1,0
hardly_large,1,1,0
hardly_impressed,1,1,0
hardly_indicative,1,1,0
hardly_insignificant,1,1,0
not_relentless,1,1,0
hardly_intelligible,1,0,1
hardly_interested,1,1,0
hardly_intrusive,1,1,0
not_royal,1,1,0
hardly_befitting,1,1,0
happily_horny,1,1,0
not_serendipitous,1,1,0
happily_optimistic,1,1,0
happily_painful,1,1,0
happily_poor,1,1,0
happily_promiscuous,1,1,0
not_sheer,1,1,0
happily_ready,1,1,0
not_shameful,1,1,0
not_shadowy,1,1,0
happily_relevant,1,1,0
happily_satisfied,1,1,0
happily_self-contained,1,1,0
happily_shocked,1,1,0
happily_solitary,1,1,0
happily_taut,1,1,0
happily_thin,1,1,0
happily_tired,1,1,0
happily_unaware,1,1,0
not_short-lived,1,1,0
happily_onboard,1,1,0
not_showy,1,1,0
happily_intoxicated,1,1,0
not_skilful,1,1,0
happily_identical,1,1,0
not_sizable,1,1,0
not_sinister,1,1,0
happily_ignorant,1,1,0
happily_impressed,1,1,0
happily_inevitable,1,1,0
not_simplistic,1,0,1
happily_nutty,1,1,0
happily_miserable,1,1,0
happily_monogamous,1,1,0
happily_mute,1,1,0
happily_naive,1,1,0
happily_neutral,1,1,0
happily_new,1,1,0
happily_normal,1,1,0
happily_unconnected,1,0,1
happily_unconscious,1,1,0
not_russian,1,1,0
happily_unemployed,1,1,0
hard_plastic,1,1,0
not_sceptical,1,1,0
hard_quiet,1,1,0
hard_revolutionary,1,1,0
hard_right,1,1,0
hardly_active,1,1,0
hardly_affordable,1,1,0
hardly_alive,1,1,0
hardly_altruistic,1,1,0
hardly_antithetical,1,1,0
hardly_appropriate,1,0,1
hardly_arguable,1,1,0
hardly_astonishing,1,1,0
hardly_attainable,1,1,0
hardly_audible,1,1,0
hardly_bearable,1,1,0
not_ruthless,1,1,0
not_scrupulous,1,1,0
hard_mandatory,1,1,0
hard_ideal,1,1,0
hard_accessible,1,1,0
happily_unified,1,1,0
happily_unmarried,1,1,0
not_selfless,1,1,0
happily_unrecognisable,1,0,1
not_self-taught,1,1,0
not_self-sufficient,1,1,0
happily_vegan,1,1,0
hard_best,1,1,0
not_secret,1,1,0
hard_convincing,1,1,0
not_seedy,1,1,0
not_sedate,1,1,0
hard_first,1,1,0
hard_good,1,1,0
not_sectarian,1,1,0
not_secretive,1,1,0
half_ill,1,1,0
half_horrible,1,1,0
not_topical,1,1,0
grossly_overcooked,1,1,0
notably_bright,1,1,0
notably_bipartisan,1,1,0
notably_better,1,1,0
grossly_lower,1,1,0
notably_atypical,1,1,0
notably_angry,1,0,1
notably_ancient,1,1,0
notably_adult,1,1,0
notably_academic,1,1,0
notably_abnormal,1,1,0
grossly_missing,1,1,0
not_younger,1,1,0
grossly_modern,1,1,0
grossly_obvious,1,1,0
not_year-round,1,1,0
not_xenophobic,1,1,0
grossly_off,1,1,0
notably_brilliant,1,1,0
grossly_ironic,1,0,1
notably_cautious,1,1,0
notably_creative,1,1,0
grossly_intolerant,1,1,0
notably_desolate,1,1,0
notably_deep,1,1,0
notably_darker,1,1,0
notably_dark,1,1,0
notably_cute,1,1,0
notably_critical,1,1,0
notably_consistent,1,1,0
notably_characteristic,1,1,0
notably_conservative,1,1,0
notably_concerned,1,1,0
notably_compelling,1,1,0
notably_common,1,1,0
notably_cold,1,1,0
notably_cloudy,1,1,0
grossly_intoxicated,1,1,0
grossly_one-sided,1,1,0
not_worst,1,1,0
notably_dry,1,1,0
grossly_overcrowded,1,1,0
not_well-known,1,1,0
grossly_squishy,1,0,1
grossly_stupid,1,0,1
not_weirder,1,1,0
grossly_sure,1,1,0
grossly_tasteless,1,1,0
grossly_typical,1,0,1
grossly_unaware,1,1,0
not_weaker,1,1,0
grossly_underappreciated,1,1,0
not_watchful,1,1,0
not_wasteful,1,1,0
grossly_underdeveloped,1,1,0
not_wary,1,1,0
not_warmer,1,1,0
grossly_underfunded,1,1,0
grossly_underused,1,1,0
grossly_simplistic,1,1,0
grossly_sick,1,1,0
grossly_short,1,1,0
not_witty,1,1,0
grossly_pathetic,1,0,1
not_worldly,1,1,0
grossly_perverse,1,0,1
grossly_playful,1,1,0
grossly_political,1,0,1
not_wondrous,1,1,0
grossly_pornographic,1,1,0
not_wiser,1,1,0
grossly_self-indulgent,1,1,0
grossly_prejudiced,1,1,0
not_wireless,1,1,0
not_winnable,1,1,0
grossly_profane,1,1,0
grossly_provocative,1,1,0
grossly_ridiculous,1,0,1
not_wider,1,1,0
notably_drab,1,1,0
notably_efficient,1,1,0
grossly_unflattering,1,0,1
notably_radical,1,1,0
notably_sugary,1,0,1
notably_steeper,1,1,0
notably_sparse,1,1,0
grossly_hypocritical,1,1,0
notably_skilled,1,1,0
grossly_immoral,1,1,0
notably_significant,1,1,0
notably_several,1,0,1
notably_sensual,1,1,0
notably_self-conscious,1,1,0
notably_secular,1,0,1
notably_sectarian,1,1,0
notably_rude,1,0,1
notably_rotten,1,0,1
notably_relaxed,1,1,0
notably_realistic,1,1,0
notably_real,1,1,0
notably_supportive,1,1,0
notably_sweet,1,1,0
notably_terrible,1,1,0
notably_unsuccessful,1,1,0
grossly_fraudulent,1,1,0
notably_wet,1,1,0
notably_wealthier,1,1,0
notably_weaker,1,1,0
notably_weak,1,1,0
notably_valuable,1,0,1
grossly_graphic,1,1,0
notably_unsafe,1,0,1
notably_thicker,1,1,0
notably_unreliable,1,1,0
notably_unimpressed,1,1,0
notably_unhealthy,1,1,0
grossly_harmful,1,1,0
notably_tough,1,0,1
notably_tight,1,1,0
notably_thinner,1,1,0
notably_rare,1,1,0
grossly_improper,1,1,0
notably_eloquent,1,1,0
notably_quick,1,1,0
grossly_inept,1,1,0
notably_incoherent,1,1,0
notably_impressive,1,1,0
notably_impressed,1,1,0
notably_human,1,0,1
notably_hostile,1,1,0
notably_hollow,1,0,1
notably_high,1,1,0
notably_hard,1,1,0
notably_grisly,1,1,0
notably_futile,1,1,0
notably_free,1,1,0
notably_forthcoming,1,1,0
notably_fashionable,1,1,0
notably_experimental,1,1,0
notably_expensive,1,1,0
notably_evocative,1,1,0
notably_insensitive,1,0,1
notably_insufficient,1,1,0
grossly_ineffectual,1,1,0
notably_messy,1,1,0
notably_productive,1,1,0
notably_primary,1,0,1
grossly_incomplete,1,1,0
notably_poor,1,1,0
notably_open,1,1,0
notably_negative,1,1,0
notably_nasty,1,1,0
notably_many,1,0,1
notably_irritable,1,1,0
notably_lucky,1,1,0
grossly_indifferent,1,1,0
notably_low,1,1,0
notably_lighter,1,0,1
notably_less,1,1,0
grossly_individualistic,1,1,0
notably_japanese,1,0,1
not_volatile,1,1,0
grossly_unhealthy,1,1,0
half_honest,1,1,0
not_uncertain,1,1,0
not_uneducated,1,1,0
not_undone,1,1,0
not_undocumented,1,1,0
not_undesirable,1,1,0
not_undeserved,1,1,0
habitually_weak,1,1,0
not_underweight,1,1,0
not_underway,1,1,0
half_african,1,1,0
not_underpaid,1,1,0
not_undemocratic,1,1,0
not_uncool,1,1,0
not_unconvinced,1,1,0
not_uncontrollable,1,1,0
half_ashamed,1,1,0
not_unconscious,1,1,0
not_unconditional,1,1,0
not_unemployed,1,1,0
habitually_vicious,1,1,0
not_unequal,1,1,0
habitually_silent,1,1,0
not_unimpressive,1,1,0
habitually_lucky,1,1,0
habitually_misogynistic,1,1,0
habitually_predatory,1,0,1
habitually_punctual,1,1,0
habitually_reliant,1,0,1
habitually_sexist,1,1,0
habitually_stupid,1,1,0
not_unethical,1,1,0
not_unfortunate,1,0,1
habitually_subconscious,1,1,0
not_unfit,1,1,0
not_unfavorable,1,1,0
habitually_thrifty,1,1,0
habitually_treacherous,1,1,0
habitually_uninformed,1,1,0
not_uncharacteristic,1,0,1
not_unbiased,1,1,0
not_uninteresting,1,1,0
not_unbelievable,1,0,1
half_damp,1,1,0
half_deaf,1,1,0
not_translucent,1,1,0
half_educational,1,1,0
not_transformative,1,1,0
half_endearing,1,0,1
not_transactional,1,1,0
half_excited,1,1,0
half_fine,1,1,0
half_flexible,1,0,1
half_fresh,1,1,0
half_genuine,1,1,0
not_touristy,1,1,0
half_grey,1,1,0
half_hard,1,1,0
not_total,1,1,0
half_helpful,1,1,0
half_creditable,1,0,1
not_troublesome,1,1,0
not_troubling,1,1,0
not_unambiguous,1,1,0
not_unbeatable,1,1,0
half_bald,1,1,0
half_black,1,1,0
not_unavoidable,1,1,0
not_unattractive,1,1,0
not_unappealing,1,1,0
half_bright,1,1,0
not_unaffected,1,1,0
half_crazy,1,1,0
half_brilliant,1,1,0
half_catholic,1,1,0
half_clever,1,0,1
half_coherent,1,1,0
not_turbulent,1,1,0
half_complete,1,1,0
not_trusted,1,1,0
not_unintentional,1,1,0
habitually_great,1,1,0
grossly_unjust,1,1,0
grotesquely_offensive,1,1,0
grotesquely_eye-catching,1,0,1
not_vain,1,1,0
grotesquely_fascinating,1,0,1
grotesquely_flawed,1,1,0
grotesquely_funny,1,0,1
grotesquely_huge,1,1,0
grotesquely_improbable,1,0,1
grotesquely_inappropriate,1,0,1
grotesquely_indecent,1,0,1
grotesquely_irrational,1,1,0
grotesquely_irresponsible,1,1,0
grotesquely_macabre,1,0,1
grotesquely_motionless,1,0,1
not_upscale,1,0,1
grotesquely_muscular,1,1,0
not_uplifting,1,1,0
not_upfront,1,1,0
grotesquely_exploitative,1,1,0
not_variable,1,1,0
not_vast,1,1,0
not_victorious,1,1,0
grossly_unprepared,1,1,0
grossly_unrealistic,1,1,0
grossly_unscientific,1,1,0
not_villainous,1,1,0
not_vigorous,1,1,0
grossly_unsuited,1,1,0
grossly_unworthy,1,1,0
grotesquely_amusing,1,0,1
grotesquely_erotic,1,1,0
grotesquely_comical,1,0,1
grotesquely_convoluted,1,1,0
grotesquely_corny,1,1,0
grotesquely_cynical,1,1,0
grotesquely_dim,1,1,0
not_veiled,1,1,0
grotesquely_easy,1,0,1
not_upbeat,1,1,0
not_unwell,1,1,0
habitually_disruptive,1,1,0
not_unwelcome,1,1,0
not_unprepared,1,1,0
not_unpredictable,1,1,0
grotesquely_unfair,1,0,1
grotesquely_vain,1,1,0
grotesquely_wasteful,1,1,0
not_unnatural,1,1,0
not_unmanageable,1,1,0
not_unlucky,1,1,0
not_unlimited,1,1,0
grotesquely_wrong,1,1,0
not_unlikeable,1,1,0
habitually_absent,1,1,0
habitually_addictive,1,1,0
habitually_aggressive,1,1,0
habitually_concerned,1,1,0
habitually_cruel,1,1,0
habitually_delinquent,1,1,0
not_unprofitable,1,1,0
not_unrealistic,1,1,0
grotesquely_selfish,1,1,0
not_unsympathetic,1,1,0
not_unwarranted,1,1,0
not_unwanted,1,1,0
grotesquely_overblown,1,1,0
grotesquely_oversized,1,1,0
not_untouched,1,1,0
not_untouchable,1,0,1
not_unthinkable,1,1,0
not_unsurprising,1,1,0
grotesquely_racist,1,1,0
grotesquely_pretentious,1,1,0
not_unsuccessful,1,1,0
not_unskilled,1,1,0
not_unsatisfying,1,1,0
not_unsatisfactory,1,1,0
not_unsafe,1,1,0
not_unresolved,1,1,0
hardly_progressive,1,1,0
hardly_radical,1,1,0
obviously_fantastical,1,1,0
not_intractable,1,1,0
not_intoxicated,1,1,0
hideously_embarrassing,1,1,0
not_intolerable,1,1,0
hideously_gaudy,1,0,1
not_international,1,1,0
not_internal,1,0,1
not_intermittent,1,1,0
hideously_gruesome,1,1,0
hideously_incompetent,1,1,0
hideously_inefficient,1,1,0
not_intensive,1,1,0
hideously_inhuman,1,0,1
not_intelligible,1,1,0
hideously_insecure,1,1,0
hideously_limited,1,0,1
not_integral,1,1,0
hideously_offensive,1,0,1
hideously_disrespectful,1,1,0
hideously_difficult,1,1,0
hardly_random,1,1,0
hideously_different,1,1,0
hideously_asian,1,1,0
not_irritated,1,1,0
not_irritable,1,1,0
not_irresponsible,1,1,0
not_irreplaceable,1,1,0
hideously_atrocious,1,1,0
not_irregular,1,1,0
hideously_bad,1,1,0
hideously_blasphemous,1,0,1
hideously_bloated,1,1,0
not_irate,1,1,0
hideously_catastrophic,1,1,0
hideously_complex,1,0,1
hideously_complicated,1,1,0
hideously_crowded,1,1,0
hideously_damp,1,1,0
hideously_depressing,1,1,0
not_insurmountable,1,1,0
hideously_one-sided,1,1,0
not_insufficient,1,1,0
hideously_overpriced,1,1,0
high_fantastical,1,0,1
not_infamous,1,1,0
high_fat,1,1,0
high_healthy,1,1,0
high_much,1,1,0
high_priced,1,1,0
not_industrial,1,0,1
high_questionable,1,1,0
high_relative,1,1,0
not_indie,1,1,0
high_speculative,1,1,0
high_spirited,1,1,0
high_tall,1,1,0
high_threatening,1,1,0
not_incurable,1,1,0
high_unlikely,1,1,0
higher_able,1,1,0
high_expensive,1,1,0
high_enough,1,1,0
high_disingenuous,1,1,0
hideously_sinful,1,0,1
hideously_painful,1,1,0
hideously_perverted,1,0,1
hideously_racist,1,1,0
not_insolvent,1,1,0
not_insipid,1,1,0
hideously_real,1,1,0
not_inscrutable,1,1,0
not_inquisitive,1,1,0
high_corporate,1,1,0
hideously_symbolic,1,1,0
hideously_unsettling,1,0,1
hideously_vicious,1,1,0
not_injurious,1,1,0
not_inhumane,1,1,0
hideously_worse,1,0,1
high_bright,1,1,0
hideously_appalling,1,1,0
hideously_annoying,1,1,0
hideously_ambitious,1,1,0
hence_hesitant,1,1,0
hella_sad,1,1,0
hella_sarcastic,1,1,0
hella_secretive,1,1,0
not_literary,1,1,0
hella_shocked,1,1,0
not_listenable,1,1,0
hella_shy,1,1,0
hella_sick,1,1,0
hella_smart,1,1,0
not_limited,1,0,1
hella_supportive,1,1,0
hella_technical,1,1,0
hella_unnecessary,1,0,1
hella_windy,1,1,0
not_lightweight,1,1,0
hence_anonymous,1,1,0
hence_challenging,1,0,1
not_loathsome,1,1,0
hella_racist,1,0,1
hella_proud,1,1,0
not_loveable,1,1,0
hella_easy,1,1,0
hella_fast,1,1,0
hella_fresh,1,1,0
hella_gay,1,1,0
not_low-risk,1,1,0
hella_hard,1,1,0
hella_impressed,1,1,0
hella_mad,1,1,0
hella_problematic,1,1,0
not_louder,1,1,0
hella_melodramatic,1,1,0
hella_nice,1,1,0
not_long-term,1,1,0
not_long-lasting,1,1,0
hella_plush,1,1,0
hella_positive,1,0,1
hence_chronic,1,1,0
not_libelous,1,1,0
heretofore_untapped,1,1,0
hence_impervious,1,0,1
not_laden,1,1,0
not_lackluster,1,1,0
here_old,1,1,0
here_own,1,1,0
here_sad,1,1,0
here_speechless,1,1,0
not_kinky,1,1,0
here_suspect,1,1,0
here_unique,1,0,1
here_worth,1,0,1
heretofore_incapable,1,1,0
heretofore_silent,1,0,1
not_jovial,1,1,0
heretofore_unavailable,1,0,1
heretofore_unrecognized,1,0,1
not_jarring,1,1,0
not_jam-packed,1,0,1
here_okay,1,1,0
here_natural,1,1,0
here_loving,1,1,0
here_disappointed,1,0,1
hence_shameful,1,0,1
here_alive,1,0,1
here_american,1,1,0
not_lesbian,1,1,0
here_better,1,1,0
here_big,1,1,0
here_crazy,1,1,0
here_everyday,1,0,1
here_long,1,1,0
here_gloomy,1,1,0
here_good,1,1,0
here_jewish,1,0,1
not_lean,1,1,0
here_jittery,1,1,0
not_lax,1,1,0
not_law-abiding,1,1,0
higher_enjoyable,1,1,0
higher_excellent,1,1,0
not_inconsiderable,1,1,0
not_grandiose,1,1,0
not_handicapped,1,1,0
highly_coastal,1,1,0
highly_coercive,1,1,0
not_gruesome,1,1,0
not_groundless,1,1,0
not_grotesque,1,0,1
highly_combative,1,1,0
highly_comforting,1,0,1
not_grievous,1,1,0
highly_committed,1,1,0
not_gregarious,1,1,0
highly_communicative,1,1,0
not_greedy,1,1,0
highly_concentrated,1,1,0
not_greasy,1,0,1
not_gray,1,1,0
highly_congenial,1,1,0
highly_close,1,1,0
highly_clinical,1,1,0
highly_civilized,1,1,0
not_harsher,1,1,0
highly_busy,1,1,0
highly_candid,1,0,1
not_heartwarming,1,1,0
not_heartless,1,1,0
highly_casual,1,1,0
not_hazy,1,1,0
highly_cathartic,1,1,0
highly_cautious,1,1,0
highly_civilised,1,1,0
highly_celebrated,1,1,0
highly_centralized,1,1,0
highly_certain,1,1,0
highly_chaotic,1,1,0
highly_charming,1,1,0
highly_chemical,1,1,0
highly_circumspect,1,1,0
highly_congested,1,1,0
not_grand,1,1,0
highly_bullish,1,1,0
highly_contemporary,1,1,0
not_gendered,1,1,0
highly_cutesy,1,1,0
not_future,1,1,0
not_futile,1,1,0
highly_dark,1,1,0
not_further,1,1,0
highly_data-driven,1,1,0
not_funnier,1,1,0
highly_deadly,1,1,0
highly_deceitful,1,1,0
highly_decisive,1,1,0
highly_deferential,1,1,0
highly_degrading,1,1,0
not_frustrated,1,1,0
not_fruity,1,1,0
highly_dehydrated,1,1,0
highly_deliberate,1,1,0
highly_custom,1,1,0
highly_curious,1,1,0
highly_cumbersome,1,1,0
highly_counterintuitive,1,0,1
highly_contented,1,1,0
highly_contrived,1,1,0
highly_conversational,1,1,0
highly_corporate,1,1,0
highly_cosmopolitan,1,1,0
highly_cost,1,1,0
highly_costly,1,1,0
not_global,1,1,0
not_genetic,1,1,0
highly_courageous,1,1,0
highly_covert,1,1,0
highly_coveted,1,1,0
not_gimmicky,1,1,0
highly_creepy,1,1,0
highly_criminal,1,1,0
highly_crowded,1,1,0
not_hefty,1,0,1
not_helpless,1,1,0
not_incomprehensible,1,1,0
not_iconic,1,1,0
highly_actionable,1,1,0
highly_acute,1,1,0
highly_addicting,1,1,0
not_immaculate,1,1,0
highly_aggravating,1,1,0
not_imaginable,1,1,0
not_illogical,1,1,0
highly_alarming,1,1,0
not_ill-equipped,1,1,0
highly_alike,1,1,0
not_iffy,1,1,0
highly_altruistic,1,1,0
not_idle,1,1,0
not_idiosyncratic,1,1,0
highly_amateurish,1,1,0
highly_analogous,1,1,0
highly_anecdotal,1,1,0
highly_achievable,1,0,1
highly_accustomed,1,1,0
highly_absurd,1,1,0
higher_normal,1,1,0
higher_extensive,1,1,0
higher_handicapped,1,1,0
higher_high,1,1,0
higher_interested,1,1,0
higher_minded,1,0,1
higher_natural,1,1,0
not_incapable,1,1,0
higher_perfect,1,1,0
highly_abnormal,1,1,0
not_impulsive,1,1,0
not_improper,1,1,0
not_improbable,1,1,0
higher_unfavorable,1,1,0
higher_wealthy,1,1,0
not_impractical,1,1,0
not_impoverished,1,1,0
not_idealistic,1,1,0
highly_anti-social,1,0,1
highly_brutal,1,1,0
not_hurtful,1,1,0
highly_bent,1,1,0
not_homegrown,1,1,0
highly_biased,1,1,0
not_hollow,1,1,0
not_holistic,1,1,0
highly_biodegradable,1,1,0
highly_biological,1,1,0
highly_black,1,1,0
not_hindu,1,1,0
not_hilarious,1,0,1
highly_blasphemous,1,1,0
highly_blissful,1,1,0
not_hierarchical,1,1,0
highly_bothersome,1,1,0
not_hesitant,1,1,0
highly_british,1,1,0
not_heretical,1,1,0
highly_avoidable,1,1,0
highly_averse,1,1,0
highly_average,1,1,0
highly_architectural,1,1,0
not_hurt,1,1,0
not_hungover,1,1,0
highly_approachable,1,1,0
not_humid,1,1,0
not_humanitarian,1,1,0
highly_arcane,1,1,0
not_human-like,1,1,0
highly_arguable,1,1,0
highly_automatic,1,0,1
highly_armed,1,0,1
not_horrifying,1,1,0
highly_assertive,1,1,0
highly_astute,1,0,1
highly_attainable,1,1,0
highly_audible,1,1,0
highly_automated,1,1,0
hella_cute,1,1,0
not_lumpy,1,1,0
hella_current,1,1,0
hauntingly_unforgettable,1,1,0
hauntingly_raw,1,0,1
hauntingly_real,1,1,0
hauntingly_realistic,1,1,0
not_playful,1,1,0
hauntingly_reflective,1,0,1
hauntingly_relatable,1,0,1
hauntingly_restive,1,1,0
not_placid,1,1,0
not_pious,1,1,0
hauntingly_simple,1,1,0
not_pigmented,1,1,0
hauntingly_soft,1,1,0
hauntingly_spare,1,0,1
hauntingly_spiritual,1,1,0
not_philosophical,1,1,0
not_petty,1,1,0
hauntingly_spot-on,1,0,1
hauntingly_poignant,1,1,0
hauntingly_poetic,1,1,0
not_plump,1,1,0
hauntingly_good,1,0,1
hauntingly_delicious,1,1,0
hauntingly_eerie,1,0,1
hauntingly_effective,1,1,0
hauntingly_elemental,1,0,1
hauntingly_entertaining,1,1,0
hauntingly_fragile,1,1,0
not_posh,1,1,0
not_porous,1,1,0
not_poetic,1,1,0
hauntingly_great,1,0,1
hauntingly_honest,1,1,0
hauntingly_immediate,1,0,1
hauntingly_impressive,1,1,0
hauntingly_monotonous,1,1,0
not_polish,1,1,0
hauntingly_ominous,1,0,1
hauntingly_strange,1,0,1
hauntingly_wrong,1,1,0
hauntingly_delicate,1,1,0
heartbreakingly_basic,1,1,0
heartbreakingly_joyous,1,1,0
heartbreakingly_limited,1,1,0
heartbreakingly_lonely,1,1,0
heartbreakingly_long,1,1,0
not_participatory,1,1,0
heartbreakingly_lyrical,1,1,0
not_paranoid,1,1,0
not_paramount,1,1,0
heartbreakingly_mysterious,1,1,0
heartbreakingly_naive,1,1,0
heartbreakingly_obvious,1,1,0
heartbreakingly_ordinary,1,1,0
not_pagan,1,1,0
heartbreakingly_passionate,1,1,0
heartbreakingly_personal,1,0,1
heartbreakingly_poor,1,1,0
heartbreakingly_present,1,1,0
heartbreakingly_intimate,1,1,0
heartbreakingly_hilarious,1,1,0
heartbreakingly_gorgeous,1,0,1
not_perky,1,1,0
not_personable,1,1,0
heartbreakingly_clear,1,1,0
not_pernicious,1,1,0
not_permissive,1,1,0
heartbreakingly_compelling,1,1,0
not_permeable,1,1,0
heartbreakingly_complex,1,1,0
not_perishable,1,0,1
heartbreakingly_genuine,1,0,1
not_peripheral,1,0,1
heartbreakingly_cute,1,1,0
heartbreakingly_difficult,1,1,0
heartbreakingly_disappointing,1,1,0
not_pedantic,1,1,0
heartbreakingly_funny,1,1,0
heartbreakingly_futile,1,1,0
not_pragmatic,1,1,0
hauntingly_dark,1,0,1
heartbreakingly_raw,1,1,0
not_promiscuous,1,1,0
hardly_sophisticated,1,1,0
not_purple,1,1,0
hardly_special,1,1,0
hardly_suitable,1,1,0
hardly_tantamount,1,1,0
hardly_tranquil,1,1,0
hardly_unexpected,1,1,0
hardly_unprecedented,1,1,0
hardly_unproven,1,1,0
hardly_unusual,1,1,0
hardly_uplifting,1,1,0
hardly_user-friendly,1,0,1
not_prophetic,1,1,0
hardly_vicious,1,1,0
hardly_washable,1,1,0
hardly_wet,1,1,0
hardly_worried,1,1,0
hardly_soluble,1,1,0
hardly_smooth,1,1,0
hardly_significant,1,1,0
hardly_religious,1,0,1
hardly_rare,1,1,0
hardly_rational,1,1,0
hardly_reflective,1,1,0
hardly_related,1,1,0
not_rambunctious,1,1,0
not_ragged,1,1,0
not_radioactive,1,1,0
hardly_revolutionary,1,1,0
hardly_shocking,1,1,0
hardly_safe,1,1,0
not_quicker,1,1,0
hardly_satisfied,1,1,0
not_questionable,1,0,1
hardly_secret,1,1,0
hardly_self-evident,1,1,0
hardly_serious,1,1,0
harshly_acerbic,1,1,0
harshly_aggressive,1,1,0
hauntingly_contemplative,1,1,0
not_prolific,1,1,0
harshly_political,1,1,0
harshly_prescriptive,1,1,0
harshly_realistic,1,1,0
harshly_salty,1,1,0
not_pretentious,1,1,0
not_presumptuous,1,1,0
harshly_self-critical,1,1,0
harshly_wrong,1,0,1
hauntingly_accurate,1,1,0
hauntingly_akin,1,0,1
hauntingly_alien,1,1,0
hauntingly_ambivalent,1,1,0
hauntingly_aware,1,1,0
hauntingly_bleak,1,1,0
not_predominant,1,1,0
hauntingly_brilliant,1,1,0
hauntingly_compelling,1,0,1
not_prickly,1,1,0
harshly_personal,1,1,0
not_primitive,1,1,0
harshly_damning,1,1,0
harshly_alcoholic,1,1,0
harshly_bitter,1,1,0
harshly_blue,1,1,0
harshly_casual,1,1,0
harshly_challenging,1,1,0
harshly_cold,1,1,0
harshly_conservative,1,1,0
harshly_direct,1,1,0
harshly_oppressive,1,1,0
harshly_disciplined,1,1,0
not_pro-israel,1,1,0
harshly_dissonant,1,1,0
not_pro-business,1,1,0
not_pro-active,1,1,0
harshly_insightful,1,1,0
harshly_linear,1,1,0
not_overrated,1,1,0
not_overpaid,1,1,0
not_macho,1,1,0
not_meticulous,1,1,0
not_moreso,1,1,0
heavily_overpriced,1,1,0
heavily_overused,1,1,0
heavily_overwrought,1,1,0
heavily_patriarchal,1,1,0
not_modular,1,1,0
heavily_populated,1,1,0
heavily_primitive,1,0,1
heavily_prone,1,1,0
heavily_qualified,1,1,0
heavily_questionable,1,0,1
not_minimalistic,1,1,0
not_minimalist,1,0,1
heavily_reliable,1,1,0
not_minded,1,1,0
heavily_religious,1,1,0
not_milder,1,1,0
not_morose,1,1,0
heavily_overcrowded,1,1,0
heavily_outdated,1,1,0
heavily_latino,1,1,0
heavily_impactful,1,1,0
heavily_insolvent,1,1,0
heavily_introspective,1,1,0
heavily_introverted,1,1,0
not_narcissistic,1,1,0
heavily_italian,1,1,0
heavily_jewish,1,1,0
heavily_male,1,1,0
heavily_ornate,1,1,0
heavily_male-dominated,1,1,0
heavily_masculine,1,1,0
heavily_mental,1,1,0
heavily_moderate,1,1,0
heavily_nerdy,1,0,1
heavily_noticeable,1,1,0
heavily_original,1,1,0
not_mild,1,1,0
not_metaphorical,1,1,0
not_nearer,1,1,0
not_metallic,1,1,0
heavily_susceptible,1,1,0
heavily_suspicious,1,1,0
not_manipulative,1,1,0
heavily_synthetic,1,0,1
heavily_technical,1,1,0
heavily_theological,1,1,0
heavily_underwater,1,1,0
heavily_unemployed,1,1,0
heavily_white,1,1,0
heavily_worth,1,1,0
not_maintainable,1,1,0
hella_accountable,1,1,0
hella_attractive,1,0,1
not_magnetic,1,1,0
hella_bad,1,1,0
hella_basic,1,1,0
hella_clean,1,1,0
heavily_subject,1,0,1
heavily_statistical,1,1,0
heavily_spanish,1,1,0
heavily_sculptural,1,1,0
not_messy,1,1,0
heavily_resistant,1,1,0
heavily_responsible,1,1,0
heavily_rural,1,1,0
heavily_russian,1,1,0
not_menial,1,1,0
not_menacing,1,0,1
not_mellow,1,1,0
heavily_socialist,1,1,0
not_medium,1,1,0
heavily_seasoned,1,0,1
heavily_secret,1,1,0
heavily_sexual,1,1,0
heavily_skewed,1,1,0
heavily_smitten,1,1,0
heavily_social,1,1,0
heavily_illustrative,1,1,0
heavily_idiotic,1,1,0
not_overdue,1,1,0
not_obsessive,1,0,1
heavily_agricultural,1,1,0
not_opaque,1,1,0
heavily_analytical,1,1,0
heavily_atmospheric,1,1,0
heavily_bearish,1,1,0
not_one-sided,1,1,0
heavily_bullish,1,1,0
heavily_busy,1,1,0
heavily_catholic,1,1,0
heavily_cliched,1,0,1
not_oily,1,1,0
heavily_cloudy,1,1,0
not_off-putting,1,1,0
heavily_comparable,1,1,0
heavily_conservative,1,1,0
not_obtrusive,1,1,0
heavily_controversial,1,0,1
heavily_acidic,1,1,0
heavily_academic,1,1,0
heavily_abstract,1,1,0
heartbreakingly_specific,1,1,0
not_overcome,1,1,0
not_outstanding,1,1,0
heartbreakingly_romantic,1,0,1
heartbreakingly_serious,1,1,0
heartbreakingly_short,1,1,0
not_outgoing,1,1,0
heartbreakingly_soft,1,0,1
not_ostentatious,1,0,1
heartbreakingly_young,1,1,0
heartbreakingly_stunning,1,1,0
not_ornate,1,1,0
heartbreakingly_sweet,1,1,0
heartbreakingly_tragic,1,1,0
heartbreakingly_ugly,1,0,1
not_orderly,1,1,0
heartbreakingly_unexpected,1,0,1
not_obsolete,1,1,0
heavily_damaged,1,0,1
heavily_hispanic,1,1,0
heavily_decorative,1,1,0
not_nostalgia,1,1,0
heavily_exotic,1,0,1
not_non-stop,1,1,0
not_noisy,1,1,0
heavily_familiar,1,1,0
not_nil,1,1,0
heavily_favorable,1,1,0
heavily_female,1,1,0
heavily_feminine,1,1,0
heavily_fine,1,1,0
not_neurotic,1,1,0
heavily_full,1,1,0
not_nerdy,1,1,0
heavily_grainy,1,1,0
heavily_gratified,1,1,0
heavily_guilty,1,1,0
not_nefarious,1,1,0
not_nostalgic,1,1,0
heavily_episodic,1,1,0
heavily_emphatic,1,1,0
heavily_discouraging,1,1,0
heavily_depressed,1,1,0
not_obnoxious,1,1,0
heavily_destructive,1,1,0
heavily_detrimental,1,1,0
heavily_didactic,1,1,0
heavily_different,1,1,0
heavily_disappointed,1,0,1
heavily_dramatic,1,0,1
heavily_emotive,1,1,0
heavily_drastic,1,0,1
heavily_earthy,1,1,0
not_nude,1,1,0
heavily_easier,1,1,0
not_novice,1,0,1
heavily_electronic,1,1,0
heavily_emotional,1,1,0
grossly_fat,1,1,0
noticeably_amateurish,1,1,0
grossly_fascinating,1,0,1
gloriously_bitchy,1,1,0
gloriously_boring,1,1,0
gloriously_cathartic,1,1,0
now_wise,1,1,0
gloriously_chaotic,1,1,0
gloriously_cheesy,1,1,0
gloriously_colorful,1,1,0
now_well-known,1,1,0
gloriously_cruel,1,1,0
now_weary,1,1,0
now_wearable,1,1,0
gloriously_daunting,1,0,1
now_weaker,1,1,0
gloriously_delicious,1,0,1
gloriously_democratic,1,0,1
now_vocal,1,1,0
now_vital,1,1,0
gloriously_detailed,1,1,0
gloriously_bizarre,1,0,1
gloriously_bad,1,1,0
noticeably_askew,1,1,0
gloriously_aware,1,1,0
gloriously_airborne,1,1,0
nowhere_funny,1,1,0
nowhere_fast,1,1,0
nowhere_enough,1,1,0
nowhere_easy,1,1,0
nowhere_decent,1,1,0
nowhere_credible,1,1,0
gloriously_anarchic,1,0,1
nowhere_better,1,1,0
nowadays_real,1,1,0
nowadays_digital,1,1,0
nowadays_concerned,1,1,0
nowadays_available,1,1,0
gloriously_atmospheric,1,1,0
now_young,1,1,0
gloriously_attainable,1,0,1
gloriously_attractive,1,1,0
gloriously_diabolical,1,0,1
now_virtual,1,1,0
now_vigorous,1,1,0
now_vigilant,1,1,0
gloriously_filthy,1,1,0
gloriously_free,1,1,0
now_unreasonable,1,1,0
gloriously_fun,1,1,0
now_unproductive,1,1,0
now_unplayable,1,1,0
gloriously_general,1,0,1
now_unmarked,1,1,0
now_unmanageable,1,1,0
gloriously_good,1,0,1
gloriously_gorgeous,1,0,1
gloriously_greasy,1,1,0
gloriously_green,1,1,0
gloriously_gross,1,1,0
now_unintelligible,1,1,0
gloriously_grotesque,1,0,1
gloriously_happy,1,1,0
now_unstoppable,1,1,0
now_unsupported,1,1,0
gloriously_fierce,1,1,0
gloriously_empty,1,1,0
gloriously_dramatic,1,0,1
now_vibrant,1,1,0
now_viable,1,1,0
gloriously_drunk,1,1,0
gloriously_dumb,1,1,0
gloriously_easy,1,1,0
gloriously_egalitarian,1,0,1
now_usable,1,1,0
gloriously_fair,1,1,0
gloriously_evil,1,1,0
gloriously_extroverted,1,1,0
now_unworkable,1,1,0
now_unwilling,1,1,0
now_unwanted,1,1,0
now_unusual,1,1,0
now_untouchable,1,1,0
nowhere_related,1,1,0
gloriously_abundant,1,1,0
nowhere_special,1,1,0
nutritionally_good,1,1,0
nutritionally_vacant,1,1,0
nutritionally_useless,1,1,0
globally_equivalent,1,1,0
nutritionally_sufficient,1,1,0
nutritionally_substantial,1,0,1
globally_famous,1,1,0
nutritionally_sensitive,1,1,0
nutritionally_related,1,1,0
nutritionally_questionable,1,1,0
globally_homogeneous,1,1,0
nutritionally_lacking,1,1,0
nutritionally_inferior,1,1,0
nutritionally_inclined,1,0,1
globally_human,1,1,0
nutritionally_important,1,1,0
nutritionally_imbalanced,1,1,0
globally_influential,1,1,0
globally_entertaining,1,0,1
nutritionally_vulnerable,1,1,0
nutritionally_worthless,1,1,0
objectively_correct,1,1,0
objectively_different,1,1,0
objectively_detrimental,1,1,0
objectively_despicable,1,0,1
objectively_delightful,1,1,0
objectively_dangerous,1,1,0
objectively_cute,1,1,0
objectively_corrupt,1,1,0
objectively_conditional,1,1,0
objectively_alone,1,1,0
objectively_closer,1,1,0
globally_comprehensive,1,1,0
objectively_beneficial,1,1,0
globally_concerned,1,1,0
objectively_awesome,1,1,0
globally_dominant,1,1,0
objectively_amazing,1,1,0
nutritionally_harmful,1,1,0
nutritionally_essential,1,1,0
numbingly_bad,1,1,0
globally_interdependent,1,0,1
numerically_illiterate,1,1,0
numerically_greater,1,1,0
numerically_equal,1,1,0
numerically_dominant,1,1,0
numerically_adjustable,1,1,0
numbingly_unacceptable,1,1,0
numbingly_tedious,1,1,0
globally_uniform,1,1,0
numbingly_repetitive,1,1,0
numbingly_pretentious,1,1,0
numbingly_frigid,1,1,0
numbingly_familiar,1,0,1
numbingly_dull,1,1,0
numbingly_commonplace,1,1,0
globally_wrong,1,1,0
numbingly_coarse,1,1,0
gloriously_absurd,1,1,0
numerically_insignificant,1,1,0
numerically_lower,1,1,0
numerically_obsessed,1,1,0
nutritionally_better,1,1,0
nutritionally_equal,1,1,0
nutritionally_empty,1,1,0
globally_involved,1,0,1
nutritionally_devoid,1,0,1
globally_local,1,1,0
globally_oriented,1,1,0
nutritionally_comparable,1,1,0
globally_popular,1,1,0
globally_responsible,1,1,0
nutritionally_aware,1,1,0
nutritionally_atrocious,1,1,0
globally_rare,1,1,0
numerically_unstable,1,1,0
numerically_suspicious,1,1,0
numerically_smaller,1,1,0
numerically_slender,1,1,0
now_unified,1,1,0
gloriously_haunting,1,1,0
now_unfriendly,1,1,0
now_rotten,1,1,0
gloriously_victorious,1,1,0
now_sensible,1,1,0
now_self-reliant,1,1,0
gloriously_welcome,1,1,0
now_secret,1,1,0
gloriously_wild,1,1,0
gloriously_wonderful,1,1,0
now_seasonal,1,1,0
gloriously_wrinkled,1,1,0
gloriously_wrong,1,1,0
goddamn_amazing,1,1,0
goddamn_annoying,1,1,0
now_satisfactory,1,1,0
now_same,1,1,0
goddamn_awesome,1,1,0
goddamn_bad,1,1,0
goddamn_big,1,1,0
gloriously_unsophisticated,1,1,0
gloriously_unreal,1,0,1
now_set,1,1,0
now_silver,1,1,0
now_sleek,1,1,0
gloriously_talented,1,1,0
now_skilled,1,1,0
gloriously_thick,1,1,0
gloriously_trashy,1,0,1
now_sincere,1,1,0
now_simple,1,1,0
gloriously_tribal,1,0,1
now_severe,1,1,0
now_significant,1,1,0
gloriously_truthful,1,0,1
gloriously_unapologetic,1,1,0
now_short-term,1,1,0
gloriously_unaware,1,1,0
now_shocked,1,1,0
gloriously_unique,1,0,1
now_rusty,1,1,0
goddamn_blatant,1,1,0
now_small,1,1,0
now_rocky,1,1,0
now_red,1,1,0
now_recyclable,1,1,0
now_recoverable,1,1,0
now_recognizable,1,1,0
goddamn_fancy,1,0,1
goddamn_fantastic,1,1,0
now_readable,1,1,0
goddamn_frustrating,1,1,0
goddamn_groundbreaking,1,0,1
now_quantitative,1,1,0
now_qualified,1,1,0
goddamn_hot,1,1,0
goddamn_ignorant,1,1,0
goddamn_impossible,1,1,0
now_prosperous,1,1,0
now_prone,1,1,0
goddamn_interesting,1,1,0
now_redeemable,1,1,0
goddamn_emotional,1,1,0
now_reflective,1,1,0
goddamn_catchy,1,1,0
now_risky,1,1,0
goddamn_bleak,1,1,0
goddamn_boring,1,1,0
now_rife,1,1,0
now_rhetorical,1,1,0
now_retrograde,1,1,0
now_responsive,1,1,0
now_respectable,1,1,0
goddamn_dumb,1,1,0
goddamn_clumsy,1,1,0
now_residential,1,1,0
goddamn_cocky,1,0,1
now_repeatable,1,1,0
goddamn_delightful,1,0,1
now_relevant,1,1,0
goddamn_discriminatory,1,1,0
now_slimmer,1,1,0
gloriously_sunny,1,1,0
gloriously_hostile,1,1,0
now_thrilled,1,1,0
now_unaccounted,1,1,0
gloriously_ludicrous,1,1,0
gloriously_macho,1,0,1
now_ugly,1,1,0
gloriously_melancholic,1,0,1
now_turkish,1,1,0
gloriously_messy,1,1,0
now_trendy,1,1,0
gloriously_moronic,1,1,0
gloriously_muscular,1,1,0
now_trans,1,1,0
now_tranquil,1,1,0
now_traditional,1,1,0
now_top,1,1,0
now_tolerant,1,1,0
now_tiring,1,1,0
gloriously_mystical,1,0,1
now_unattractive,1,1,0
gloriously_low-tech,1,1,0
now_unavoidable,1,1,0
now_understaffed,1,1,0
now_unfamiliar,1,1,0
now_unenforceable,1,1,0
gloriously_illogical,1,1,0
now_uneasy,1,0,1
now_undone,1,1,0
gloriously_impractical,1,1,0
now_understandable,1,1,0
now_underserved,1,1,0
now_unaware,1,1,0
gloriously_improbable,1,1,0
gloriously_indulgent,1,1,0
now_undecided,1,1,0
now_uncontroversial,1,1,0
gloriously_innocent,1,1,0
gloriously_inscrutable,1,0,1
gloriously_interesting,1,0,1
now_tight,1,1,0
now_third,1,1,0
now_sober,1,1,0
now_thin,1,1,0
gloriously_rich,1,1,0
now_stuck,1,1,0
gloriously_scenic,1,1,0
gloriously_self-confident,1,1,0
now_streamlined,1,1,0
gloriously_sensual,1,1,0
gloriously_sexy,1,0,1
now_steadfast,1,1,0
now_static,1,1,0
now_state-owned,1,1,0
now_stagnant,1,1,0
now_square,1,1,0
now_sparse,1,1,0
now_sorry,1,1,0
now_solitary,1,1,0
now_soggy,1,1,0
gloriously_smoky,1,1,0
now_subservient,1,1,0
now_suburban,1,1,0
gloriously_present,1,1,0
gloriously_petty,1,0,1
now_theoretical,1,1,0
now_tangible,1,1,0
gloriously_neutral,1,1,0
now_synthetic,1,1,0
now_sympathetic,1,1,0
gloriously_nude,1,1,0
gloriously_old,1,1,0
now_surprised,1,1,0
now_such,1,1,0
gloriously_pleasurable,1,1,0
gloriously_precious,1,1,0
now_superior,1,1,0
now_superfluous,1,1,0
now_suitable,1,1,0
now_suicidal,1,1,0
now_sufficient,1,1,0
objectively_disgusting,1,1,0
objectively_dissimilar,1,0,1
globally_awesome,1,0,1
obviously_awesome,1,1,0
obviously_charismatic,1,1,0
obviously_cartoonish,1,1,0
obviously_careful,1,0,1
glaringly_odd,1,1,0
glaringly_offensive,1,1,0
obviously_british,1,1,0
glaringly_one-dimensional,1,1,0
glaringly_personal,1,1,0
obviously_blind,1,0,1
obviously_bizarre,1,1,0
obviously_biological,1,0,1
obviously_bigoted,1,0,1
glaringly_present,1,1,0
glaringly_public,1,1,0
glaringly_reasonable,1,1,0
glaringly_right,1,0,1
obviously_believable,1,1,0
obviously_cheeky,1,0,1
obviously_cheerful,1,0,1
obviously_chinese,1,1,0
obviously_complex,1,1,0
obviously_controversial,1,1,0
glaringly_literal,1,1,0
obviously_contrary,1,0,1
obviously_conservative,1,1,0
obviously_conscious,1,1,0
obviously_confident,1,1,0
obviously_complicated,1,1,0
obviously_complacent,1,1,0
obviously_christian,1,1,0
obviously_compelling,1,1,0
obviously_colder,1,1,0
obviously_clunky,1,0,1
obviously_closer,1,1,0
glaringly_noticeable,1,0,1
obviously_clever,1,1,0
obviously_clear,1,1,0
glaringly_sloppy,1,1,0
glaringly_stupid,1,0,1
glaringly_inefficient,1,1,0
obviously_avoidable,1,0,1
gleefully_appropriate,1,0,1
gleefully_available,1,1,0
obviously_affluent,1,1,0
obviously_advantageous,1,1,0
obviously_adequate,1,1,0
obviously_adept,1,1,0
obviously_addicted,1,1,0
obviously_active,1,1,0
obviously_achievable,1,1,0
gleefully_awful,1,0,1
obviously_absent,1,0,1
obsessively_spiritual,1,1,0
obsessively_religious,1,1,0
obsessively_refreshing,1,0,1
obsessively_protective,1,1,0
obsessively_precise,1,1,0
obsessively_picky,1,1,0
gleefully_absurd,1,1,0
glaringly_worse,1,1,0
glaringly_weak,1,1,0
obviously_artificial,1,0,1
obviously_averse,1,1,0
glaringly_unjust,1,0,1
obviously_autobiographical,1,1,0
obviously_audacious,1,0,1
glaringly_unprepared,1,1,0
obviously_at-risk,1,0,1
obviously_asleep,1,1,0
obviously_armed,1,1,0
obviously_amoral,1,0,1
obviously_arbitrary,1,1,0
obviously_appropriate,1,1,0
obviously_applicable,1,1,0
glaringly_untrue,1,1,0
obviously_annoying,1,1,0
obviously_annoyed,1,1,0
obviously_angry,1,1,0
obviously_cool,1,1,0
obviously_corrupt,1,1,0
obsessively_passionate,1,1,0
obviously_dissatisfied,1,1,0
obviously_egregious,1,1,0
obviously_educational,1,1,0
obviously_easy,1,0,1
obviously_easier,1,1,0
geologically_intact,1,1,0
obviously_durable,1,1,0
obviously_dumb,1,0,1
geologically_plausible,1,0,1
obviously_dubious,1,1,0
geologically_prospective,1,1,0
obviously_drowsy,1,1,0
obviously_dramatic,1,1,0
obviously_dodgy,1,0,1
obviously_disturbing,1,0,1
obviously_distrustful,1,1,0
geologically_recent,1,1,0
obviously_distinctive,1,0,1
obviously_electronic,1,1,0
obviously_embarrassed,1,1,0
obviously_embarrassing,1,0,1
obviously_experimental,1,1,0
geologically_astute,1,1,0
obviously_fanciful,1,1,0
geologically_baffling,1,1,0
geologically_complicated,1,1,0
geologically_hazardous,1,1,0
obviously_eye-catching,1,1,0
obviously_exploitable,1,1,0
obviously_exotic,1,1,0
obviously_emotional,1,1,0
obviously_exhausted,1,0,1
geologically_inactive,1,1,0
obviously_exaggerated,1,1,0
geologically_inappropriate,1,1,0
obviously_european,1,1,0
obviously_essential,1,1,0
obviously_envious,1,1,0
obviously_distinct,1,1,0
obviously_disoriented,1,1,0
obviously_courageous,1,0,1
geologically_similar,1,0,1
obviously_deep,1,0,1
obviously_decorative,1,1,0
obviously_deceptive,1,1,0
glaringly_flawed,1,1,0
glaringly_frustrating,1,1,0
obviously_dark,1,1,0
glaringly_horrible,1,1,0
obviously_cynical,1,1,0
glaringly_illogical,1,0,1
obviously_cruel,1,1,0
obviously_crude,1,1,0
glaringly_important,1,0,1
glaringly_inadequate,1,1,0
glaringly_incongruous,1,0,1
glaringly_ineffective,1,1,0
obviously_crappy,1,0,1
obviously_cranky,1,1,0
glaringly_evil,1,0,1
obviously_demented,1,1,0
obviously_deplorable,1,1,0
obviously_digital,1,1,0
geologically_stable,1,1,0
geologically_unusual,1,0,1
obviously_disgusting,1,1,0
obviously_discriminatory,1,1,0
obviously_discouraging,1,1,0
obviously_disappointing,1,1,0
geologically_young,1,1,0
glaringly_aware,1,1,0
glaringly_evident,1,1,0
glaringly_bright,1,1,0
obviously_detectable,1,1,0
obviously_destructive,1,0,1
obviously_desperate,1,1,0
glaringly_condescending,1,1,0
glaringly_deficient,1,0,1
obviously_deranged,1,0,1
obsessively_patriotic,1,1,0
gleefully_childlike,1,0,1
objectively_existent,1,1,0
objectively_sacred,1,0,1
objectively_unsatisfactory,1,0,1
gleefully_reminiscent,1,0,1
objectively_unqualified,1,1,0
objectively_unjust,1,1,0
objectively_unattractive,1,1,0
objectively_unable,1,1,0
objectively_trustworthy,1,1,0
gleefully_ridiculous,1,0,1
objectively_trivial,1,1,0
objectively_treatable,1,0,1
objectively_tolerable,1,1,0
objectively_terrible,1,1,0
objectively_talented,1,1,0
objectively_subjective,1,1,0
objectively_sinful,1,1,0
objectively_simple,1,1,0
objectively_silly,1,0,1
objectively_untrue,1,1,0
objectively_unworthy,1,1,0
objectively_verifiable,1,1,0
obnoxiously_competent,1,1,0
obnoxiously_elitist,1,0,1
gleefully_public,1,1,0
obnoxiously_difficult,1,1,0
obnoxiously_creative,1,1,0
obnoxiously_confrontational,1,1,0
obnoxiously_confident,1,1,0
obnoxiously_competitive,1,1,0
obnoxiously_cheerful,1,1,0
objectively_wasteful,1,1,0
obnoxiously_bright,1,1,0
obnoxiously_bossy,1,0,1
obnoxiously_attractive,1,1,0
obnoxiously_arrogant,1,1,0
gleefully_quirky,1,1,0
objectively_worse,1,1,0
objectively_weird,1,1,0
objectively_sensible,1,1,0
gleefully_short,1,1,0
obnoxiously_explosive,1,1,0
objectively_revolutionary,1,1,0
globally_acute,1,1,0
objectively_insane,1,1,0
objectively_inherent,1,0,1
objectively_important,1,1,0
objectively_hotter,1,1,0
globally_altruistic,1,1,0
objectively_horrible,1,1,0
objectively_honest,1,1,0
objectively_harmless,1,0,1
objectively_harmful,1,1,0
objectively_guilty,1,1,0
globally_appealing,1,1,0
objectively_funny,1,1,0
objectively_funnier,1,1,0
globally_aware,1,1,0
objectively_fair,1,1,0
objectively_factual,1,0,1
objectively_invalid,1,1,0
globally_active,1,1,0
objectively_less,1,1,0
objectively_perfect,1,1,0
gleefully_silly,1,1,0
objectively_rational,1,1,0
objectively_racist,1,0,1
objectively_quantifiable,1,1,0
objectively_proactive,1,1,0
objectively_present,1,0,1
objectively_personal,1,1,0
gleefully_violent,1,1,0
objectively_liable,1,1,0
objectively_observable,1,1,0
objectively_noble,1,1,0
objectively_new,1,1,0
objectively_neutral,1,1,0
objectively_measurable,1,1,0
objectively_meaningful,1,0,1
objectively_low,1,1,0
obnoxiously_enthusiastic,1,1,0
obnoxiously_grand,1,0,1
obsessively_logical,1,1,0
obscenely_funny,1,1,0
obscenely_perfect,1,1,0
obscenely_paranoid,1,1,0
obscenely_overweight,1,1,0
gleefully_impractical,1,1,0
obscenely_obscure,1,1,0
obscenely_nerdy,1,0,1
obscenely_melodramatic,1,1,0
obscenely_loud,1,1,0
gleefully_joyful,1,0,1
obscenely_ironic,1,0,1
obscenely_incomplete,1,1,0
obscenely_implicit,1,1,0
obscenely_horrifying,1,0,1
gleefully_morbid,1,1,0
obscenely_healthy,1,1,0
obscenely_hard,1,1,0
obscenely_good,1,1,0
obscenely_private,1,0,1
obscenely_rare,1,1,0
obscenely_retarded,1,0,1
obsessively_afraid,1,1,0
obsessively_involved,1,1,0
obsessively_healthy,1,1,0
obsessively_detailed,1,1,0
obsessively_conversant,1,0,1
gleefully_entertaining,1,0,1
gleefully_futuristic,1,0,1
obsessively_complete,1,1,0
gleefully_gruesome,1,1,0
gleefully_idiotic,1,1,0
obscenely_wonderful,1,1,0
gleefully_hostile,1,1,0
obscenely_vulgar,1,0,1
obscenely_untrue,1,1,0
obscenely_sweet,1,0,1
obscenely_satisfying,1,0,1
obscenely_rural,1,1,0
obscenely_generic,1,0,1
obscenely_fun,1,1,0
obnoxiously_horrible,1,1,0
gleefully_morose,1,1,0
obnoxiously_slow,1,1,0
obnoxiously_self-critical,1,1,0
gleefully_obscure,1,1,0
obnoxiously_proud,1,1,0
obnoxiously_privileged,1,1,0
obnoxiously_precious,1,1,0
obnoxiously_political,1,1,0
obnoxiously_persistent,1,1,0
obnoxiously_overwhelming,1,1,0
obnoxiously_overpriced,1,1,0
obnoxiously_overdone,1,1,0
obnoxiously_outgoing,1,1,0
obnoxiously_open,1,1,0
obnoxiously_obvious,1,1,0
obnoxiously_moronic,1,1,0
obnoxiously_ironic,1,1,0
obnoxiously_insecure,1,1,0
obnoxiously_stubborn,1,1,0
gleefully_obscene,1,1,0
obnoxiously_superior,1,1,0
obscenely_consistent,1,1,0
obscenely_entertaining,1,1,0
obscenely_elaborate,1,1,0
obscenely_drunk,1,1,0
gleefully_nonsensical,1,1,0
obscenely_difficult,1,1,0
obscenely_detailed,1,1,0
obscenely_dangerous,1,0,1
obscenely_brutal,1,1,0
obnoxiously_vague,1,1,0
gleefully_oblivious,1,1,0
obscenely_big,1,1,0
obscenely_annoying,1,0,1
obscenely_alive,1,0,1
obnoxiously_wrong,1,0,1
obnoxiously_vocal,1,1,0
obnoxiously_vain,1,1,0
goddamn_little,1,1,0
goddamn_mundane,1,0,1
now_pro-life,1,1,0
notoriously_tricky,1,0,1
greatly_underdeveloped,1,1,0
greatly_understated,1,1,0
notoriously_wild,1,1,0
notoriously_wet,1,1,0
notoriously_weak,1,1,0
notoriously_volatile,1,1,0
notoriously_violent,1,1,0
notoriously_vicious,1,1,0
greatly_undesirable,1,1,0
notoriously_unsuccessful,1,1,0
greatly_unexpected,1,0,1
greatly_unfair,1,0,1
notoriously_unorganized,1,1,0
notoriously_unforgiving,1,1,0
notoriously_uncertain,1,1,0
notoriously_unbalanced,1,1,0
notoriously_unaware,1,1,0
greatly_under-reported,1,1,0
now_absurd,1,1,0
greatly_swollen,1,1,0
now_adjustable,1,1,0
now_air-conditioned,1,1,0
now_aghast,1,1,0
now_aggressive,1,1,0
greatly_sad,1,1,0
now_aesthetic,1,0,1
greatly_significant,1,1,0
now_adrift,1,1,0
greatly_slow,1,1,0
now_academic,1,1,0
greatly_slower,1,1,0
now_addicted,1,1,0
greatly_special,1,0,1
greatly_stronger,1,1,0
greatly_successful,1,1,0
greatly_supportive,1,1,0
greatly_surprised,1,1,0
notoriously_unable,1,0,1
greatly_unfortunate,1,1,0
greatly_redeemable,1,0,1
notoriously_thin,1,1,0
notoriously_racist,1,1,0
notoriously_protective,1,1,0
grimly_anxious,1,1,0
notoriously_promiscuous,1,1,0
notoriously_problematic,1,0,1
grimly_appropriate,1,0,1
notoriously_powerful,1,1,0
grimly_aware,1,1,0
notoriously_overpriced,1,1,0
notoriously_optimistic,1,1,0
notoriously_obsessed,1,1,0
notoriously_nice,1,1,0
notoriously_negative,1,1,0
notoriously_narrow,1,1,0
notoriously_lumpy,1,1,0
notoriously_lower,1,1,0
grimly_bureaucratic,1,1,0
notoriously_reclusive,1,0,1
notoriously_rough,1,1,0
notoriously_rubbish,1,1,0
notoriously_sparse,1,0,1
greatly_unpleasant,1,1,0
notoriously_suspect,1,1,0
notoriously_subjective,1,1,0
notoriously_stupid,1,1,0
notoriously_stubborn,1,1,0
notoriously_strict,1,1,0
notoriously_spotty,1,1,0
greatly_useful,1,1,0
grimly_abstract,1,1,0
greatly_varied,1,0,1
notoriously_silent,1,1,0
greatly_worrisome,1,1,0
notoriously_shrewd,1,1,0
notoriously_shoddy,1,1,0
notoriously_sensitive,1,1,0
notoriously_selective,1,1,0
greatly_relieved,1,1,0
now_american,1,0,1
notoriously_litigious,1,1,0
now_blessed,1,1,0
greatly_disturbing,1,1,0
now_centralized,1,1,0
now_central,1,1,0
now_celebrated,1,1,0
greatly_eager,1,1,0
now_careful,1,1,0
now_capitalist,1,1,0
greatly_educational,1,1,0
greatly_evil,1,0,1
now_busier,1,1,0
greatly_evocative,1,1,0
greatly_excited,1,1,0
now_british,1,1,0
now_breathable,1,1,0
now_boring,1,1,0
now_bold,1,1,0
greatly_extraordinary,1,0,1
greatly_distressed,1,1,0
greatly_difficult,1,1,0
greatly_detrimental,1,1,0
greatly_crucial,1,0,1
greatly_bigger,1,0,1
greatly_compelling,1,1,0
greatly_connected,1,1,0
now_comparable,1,1,0
now_communal,1,1,0
greatly_consequential,1,0,1
greatly_costly,1,1,0
now_cold,1,1,0
now_christian,1,1,0
now_cognizant,1,1,0
greatly_debilitating,1,1,0
greatly_depressed,1,1,0
now_clearer,1,1,0
greatly_descriptive,1,1,0
greatly_detailed,1,1,0
now_clad,1,1,0
greatly_flawed,1,1,0
now_blank,1,1,0
now_ancient,1,1,0
greatly_good,1,1,0
now_authoritarian,1,1,0
now_attuned,1,0,1
now_attractive,1,1,0
now_atheist,1,1,0
now_asleep,1,1,0
now_ashamed,1,1,0
greatly_overwhelming,1,1,0
now_arbitrary,1,1,0
now_appropriate,1,1,0
now_approachable,1,1,0
now_applicable,1,1,0
now_appealing,1,1,0
greatly_positive,1,1,0
greatly_premature,1,1,0
now_antsy,1,1,0
greatly_privileged,1,1,0
greatly_profound,1,1,0
greatly_overrated,1,1,0
greatly_overpriced,1,1,0
now_average,1,1,0
greatly_insane,1,1,0
now_biodegradable,1,1,0
now_bilingual,1,1,0
greatly_harmful,1,1,0
now_big,1,1,0
greatly_human,1,0,1
greatly_indignant,1,1,0
greatly_injurious,1,1,0
greatly_interesting,1,1,0
now_averse,1,1,0
greatly_laborious,1,1,0
now_banal,1,1,0
now_balanced,1,1,0
greatly_lacking,1,0,1
greatly_lucky,1,1,0
greatly_necessary,1,1,0
greatly_original,1,1,0
notoriously_loathsome,1,0,1
notoriously_lazy,1,1,0
now_concrete,1,1,0
noticeably_high,1,1,0
grossly_blasphemous,1,1,0
noticeably_male,1,1,0
noticeably_lumpy,1,1,0
grossly_deceptive,1,1,0
noticeably_loud,1,1,0
noticeably_loose,1,0,1
noticeably_liberal,1,1,0
grossly_dependent,1,1,0
grossly_derelict,1,1,0
grossly_different,1,1,0
noticeably_jewish,1,1,0
noticeably_intelligent,1,1,0
grossly_dirty,1,1,0
noticeably_ineffective,1,1,0
noticeably_incomplete,1,1,0
noticeably_hot,1,1,0
noticeably_horrific,1,1,0
noticeably_nervous,1,1,0
noticeably_new,1,1,0
grossly_bland,1,1,0
noticeably_removable,1,1,0
grimly_witty,1,1,0
grossly_abusive,1,0,1
grossly_amateurish,1,1,0
noticeably_shoddy,1,1,0
noticeably_shaky,1,1,0
noticeably_sanguine,1,1,0
noticeably_sad,1,1,0
grossly_anti-semitic,1,1,0
noticeably_overweight,1,1,0
grossly_baseless,1,1,0
noticeably_puffy,1,1,0
noticeably_present,1,1,0
noticeably_pregnant,1,1,0
noticeably_predictable,1,1,0
noticeably_poorer,1,1,0
noticeably_patchy,1,1,0
grossly_dishonest,1,1,0
noticeably_heavier,1,1,0
noticeably_smelly,1,1,0
noticeably_hearty,1,0,1
noticeably_disappointed,1,1,0
noticeably_dirty,1,1,0
noticeably_difficult,1,1,0
grossly_distorted,1,1,0
noticeably_depressed,1,1,0
grossly_disturbing,1,1,0
noticeably_cramped,1,1,0
noticeably_common,1,1,0
noticeably_colder,1,1,0
grossly_dysfunctional,1,1,0
noticeably_cheap,1,1,0
grossly_endearing,1,0,1
grossly_expensive,1,1,0
noticeably_beautiful,1,1,0
noticeably_baggy,1,1,0
noticeably_bad,1,1,0
noticeably_awful,1,1,0
noticeably_distraught,1,1,0
noticeably_dormant,1,1,0
noticeably_drier,1,1,0
noticeably_flexible,1,1,0
noticeably_harder,1,1,0
noticeably_grim,1,1,0
noticeably_greater,1,1,0
noticeably_greasy,1,1,0
noticeably_gradual,1,1,0
noticeably_glossy,1,1,0
noticeably_fresh,1,1,0
noticeably_finer,1,1,0
noticeably_effective,1,1,0
grossly_dismissive,1,1,0
noticeably_fast,1,1,0
noticeably_fake,1,1,0
grossly_distasteful,1,1,0
noticeably_excessive,1,1,0
noticeably_empty,1,1,0
noticeably_effeminate,1,1,0
grimly_sexy,1,0,1
noticeably_sparse,1,1,0
notoriously_lacking,1,0,1
grimly_familiar,1,1,0
notoriously_free,1,1,0
notoriously_fraught,1,1,0
notoriously_fragile,1,1,0
notoriously_fond,1,1,0
notoriously_flexible,1,1,0
notoriously_flaky,1,1,0
notoriously_fictitious,1,1,0
notoriously_fickle,1,1,0
notoriously_faulty,1,1,0
notoriously_fast,1,1,0
grimly_downbeat,1,1,0
notoriously_extravagant,1,1,0
grimly_downtrodden,1,1,0
notoriously_erroneous,1,1,0
notoriously_distinct,1,1,0
notoriously_disorganized,1,1,0
notoriously_dishonest,1,1,0
notoriously_funny,1,1,0
grimly_determined,1,1,0
notoriously_harder,1,1,0
notoriously_inconsistent,1,1,0
notoriously_innovative,1,1,0
notoriously_inhospitable,1,1,0
notoriously_inexpensive,1,1,0
notoriously_inevitable,1,1,0
grimly_comic,1,1,0
notoriously_independent,1,1,0
notoriously_indecisive,1,1,0
notoriously_incomplete,1,1,0
grimly_dark,1,0,1
notoriously_incompetent,1,1,0
grimly_comical,1,1,0
grimly_curious,1,1,0
notoriously_immature,1,1,0
notoriously_ignorant,1,1,0
notoriously_hot,1,1,0
notoriously_homophobic,1,1,0
grimly_excited,1,1,0
notoriously_dense,1,1,0
noticeably_stagnant,1,1,0
notoriously_dangerous,1,1,0
noticeably_warmer,1,1,0
noticeably_warm,1,1,0
noticeably_visible,1,0,1
noticeably_various,1,0,1
noticeably_vacant,1,1,0
grimly_paradoxical,1,1,0
grimly_positive,1,1,0
noticeably_true,1,1,0
noticeably_tired,1,1,0
noticeably_thinner,1,1,0
noticeably_tame,1,1,0
noticeably_taller,1,1,0
noticeably_synthetic,1,1,0
noticeably_sweeter,1,1,0
noticeably_superior,1,1,0
noticeably_subtler,1,1,0
noticeably_stiff,1,1,0
noticeably_wavy,1,1,0
noticeably_weak,1,1,0
noticeably_weaker,1,1,0
notoriously_brilliant,1,1,0
notoriously_conservative,1,1,0
notoriously_complicated,1,1,0
notoriously_chic,1,1,0
notoriously_cheap,1,1,0
notoriously_challenging,1,1,0
notoriously_cagey,1,1,0
notoriously_busy,1,1,0
notoriously_bizarre,1,1,0
noticeably_wet,1,1,0
notoriously_beautiful,1,1,0
grimly_intense,1,1,0
notoriously_assertive,1,0,1
notoriously_anti-israel,1,1,0
grimly_inventive,1,0,1
grimly_momentous,1,0,1
grimly_necessary,1,1,0
greatly_attractive,1,1,0
greatly_appealing,1,0,1
goddamn_narcissistic,1,1,0
now_laden,1,1,0
gradually_permanent,1,1,0
gradually_thin,1,1,0
now_local,1,1,0
gradually_undone,1,1,0
now_liquid,1,1,0
now_linear,1,1,0
gradually_unlocked,1,1,0
now_lighter,1,1,0
now_light,1,1,0
now_liable,1,1,0
now_less,1,1,0
gradually_worse,1,1,0
grammatically_acceptable,1,1,0
now_lawful,1,1,0
grammatically_awkward,1,1,0
grammatically_complete,1,1,0
now_last,1,1,0
now_lovely,1,1,0
now_low,1,1,0
gradually_perfect,1,1,0
now_mediocre,1,1,0
gorgeously_spectacular,1,0,1
now_moral,1,1,0
gorgeously_tactile,1,0,1
now_monthly,1,1,0
gorgeously_terrifying,1,0,1
gorgeously_unexpected,1,0,1
now_messy,1,1,0
gradually_harder,1,1,0
now_mad,1,1,0
gradually_lesser,1,1,0
now_massive,1,1,0
now_married,1,0,1
now_manifest,1,1,0
now_man-made,1,1,0
gradually_lower,1,1,0
now_magical,1,1,0
grammatically_consistent,1,1,0
grammatically_different,1,1,0
now_mortal,1,1,0
grammatically_improper,1,1,0
now_insensitive,1,1,0
now_insane,1,1,0
now_infamous,1,1,0
grammatically_unsound,1,1,0
grammatically_wobbly,1,1,0
graphically_advanced,1,1,0
now_indestructible,1,1,0
graphically_appropriate,1,1,0
now_inconsistent,1,1,0
now_inconsequential,1,1,0
now_incomprehensible,1,1,0
now_incompetent,1,1,0
now_incompatible,1,1,0
graphically_blunt,1,1,0
graphically_clean,1,1,0
graphically_clear,1,1,0
now_improper,1,1,0
grammatically_suspect,1,1,0
grammatically_sound,1,1,0
now_instant,1,1,0
now_irreversible,1,1,0
now_justifiable,1,1,0
now_jubilant,1,1,0
grammatically_nonsensical,1,1,0
now_jealous,1,1,0
now_jazzy,1,1,0
now_italian,1,1,0
now_islamic,1,1,0
grammatically_ok,1,1,0
now_intact,1,1,0
now_irate,1,1,0
grammatically_proper,1,1,0
now_international,1,1,0
grammatically_simplistic,1,1,0
now_interdependent,1,1,0
now_interactive,1,1,0
now_integral,1,1,0
gorgeously_spacious,1,1,0
now_most,1,1,0
graphically_creative,1,1,0
gorgeously_boring,1,1,0
goddamn_tedious,1,1,0
goddamn_tight,1,0,1
goddamn_unlikable,1,1,0
now_peculiar,1,0,1
goddamn_weird,1,1,0
goddamn_wrong,1,0,1
now_passable,1,1,0
now_partisan,1,1,0
now_paramount,1,1,0
now_palpable,1,0,1
now_overwhelming,1,1,0
now_overpaid,1,1,0
gorgeously_bitchy,1,0,1
gorgeously_bleak,1,1,0
now_overdone,1,1,0
now_outraged,1,1,0
now_outpacing,1,1,0
goddamn_special,1,1,0
now_pervasive,1,1,0
now_perverted,1,1,0
now_powerful,1,1,0
goddamn_nefarious,1,0,1
now_privileged,1,1,0
now_primitive,1,0,1
goddamn_obsessed,1,0,1
goddamn_pointless,1,1,0
now_prepared,1,1,0
now_powerless,1,1,0
goddamn_proprietary,1,0,1
now_pessimistic,1,1,0
goddamn_scared,1,1,0
now_poor,1,1,0
goddamn_scary,1,1,0
now_pointless,1,1,0
goddamn_selfish,1,1,0
goddamn_sensitive,1,1,0
now_physical,1,1,0
now_outdoors,1,1,0
gorgeously_captivating,1,1,0
gorgeously_smoky,1,1,0
gorgeously_chic,1,1,0
now_nostalgia,1,1,0
gorgeously_legible,1,1,0
now_nonexistent,1,1,0
now_non-existent,1,1,0
now_noisy,1,1,0
gorgeously_lyrical,1,1,0
gorgeously_new,1,0,1
gorgeously_organic,1,0,1
gorgeously_pigmented,1,1,0
gorgeously_poetic,1,0,1
now_neat,1,1,0
now_near,1,1,0
now_natural,1,1,0
now_native,1,1,0
now_national,1,1,0
gorgeously_profane,1,0,1
gorgeously_realistic,1,1,0
now_nude,1,1,0
gorgeously_intricate,1,1,0
now_numb,1,1,0
gorgeously_elaborate,1,1,0
now_organic,1,1,0
now_orderly,1,1,0
gorgeously_classic,1,0,1
gorgeously_complex,1,1,0
gorgeously_delicious,1,1,0
now_onboard,1,1,0
gorgeously_disturbing,1,1,0
gorgeously_golden,1,1,0
now_obedient,1,1,0
gorgeously_good,1,1,0
gorgeously_good-natured,1,0,1
now_official,1,1,0
gorgeously_grandiose,1,1,0
gorgeously_groovy,1,1,0
gorgeously_horrifying,1,1,0
gorgeously_imaginative,1,1,0
now_impressive,1,1,0
graphically_descriptive,1,0,1
now_conscious,1,1,0
now_distant,1,0,1
gravely_aware,1,1,0
gravely_constitutional,1,1,0
now_elusive,1,0,1
gravely_damaging,1,1,0
now_electric,1,1,0
gravely_dangerous,1,1,0
now_effective,1,1,0
gravely_deceptive,1,1,0
gravely_depressed,1,1,0
gravely_destitute,1,1,0
gravely_disappointing,1,0,1
gravely_embarrassed,1,1,0
gravely_flawed,1,1,0
now_doubtful,1,1,0
now_double,1,1,0
gravely_inadequate,1,1,0
now_doomed,1,1,0
now_enamored,1,1,0
gravely_apprehensive,1,1,0
now_endemic,1,1,0
gratuitously_provocative,1,1,0
gratuitously_long,1,1,0
gratuitously_oily,1,1,0
now_expert,1,1,0
now_expensive,1,1,0
gratuitously_partial,1,1,0
gratuitously_phony,1,1,0
now_excited,1,1,0
now_evident,1,1,0
now_enjoyable,1,1,0
now_european,1,1,0
gratuitously_racist,1,0,1
now_equivalent,1,1,0
now_equitable,1,1,0
gratuitously_silly,1,0,1
now_environmental,1,1,0
now_enough,1,1,0
gravely_irritating,1,1,0
gravely_limited,1,1,0
now_fake,1,1,0
now_disillusioned,1,1,0
gravely_worried,1,1,0
now_dangerous,1,1,0
now_damned,1,1,0
now_customary,1,1,0
greatly_admirable,1,0,1
now_crucial,1,1,0
greatly_admired,1,1,0
now_corrupt,1,1,0
greatly_advantageous,1,1,0
now_cooler,1,1,0
now_cool,1,0,1
greatly_amenable,1,1,0
now_convenient,1,1,0
now_controversial,1,0,1
now_controllable,1,1,0
greatly_annoying,1,1,0
now_consistent,1,1,0
gravely_unjust,1,1,0
now_dear,1,1,0
now_decent,1,1,0
now_determined,1,0,1
now_disappointing,1,1,0
gravely_negligent,1,1,0
now_disadvantaged,1,0,1
now_dirty,1,1,0
gravely_overpriced,1,1,0
gravely_shameful,1,0,1
now_devoid,1,1,0
now_detectable,1,1,0
gravely_unethical,1,1,0
gravely_suggestive,1,0,1
now_desolate,1,1,0
now_derivative,1,1,0
now_derelict,1,1,0
gravely_suspicious,1,1,0
now_delighted,1,1,0
now_defenseless,1,1,0
now_faithful,1,1,0
now_false,1,1,0
now_imperfect,1,1,0
graphically_robust,1,1,0
graphically_intense,1,1,0
graphically_nasty,1,1,0
now_historical,1,1,0
now_historic,1,1,0
now_hispanic,1,1,0
graphically_new,1,0,1
graphically_pleasing,1,1,0
now_hesitant,1,1,0
now_helpless,1,1,0
graphically_poor,1,1,0
now_healthier,1,1,0
now_healthful,1,1,0
now_harsh,1,1,0
now_harder,1,1,0
graphically_present,1,1,0
graphically_rich,1,1,0
now_happier,1,1,0
now_hopeless,1,1,0
now_hostile,1,1,0
now_hot,1,1,0
now_ill-equipped,1,1,0
graphically_eloquent,1,1,0
graphically_extreme,1,1,0
graphically_fat,1,1,0
now_imminent,1,1,0
graphically_good,1,0,1
now_illiterate,1,1,0
graphically_gory,1,1,0
graphically_homosexual,1,0,1
now_huge,1,1,0
now_ignorant,1,1,0
now_idle,1,1,0
now_ideological,1,1,0
now_identical,1,1,0
graphically_inclined,1,1,0
now_hungry,1,1,0
graphically_inhumane,1,0,1
now_handy,1,1,0
now_grey,1,1,0
gratuitously_inflammatory,1,1,0
graphically_sophisticated,1,1,0
gratuitously_coarse,1,1,0
now_fleeting,1,1,0
gratuitously_combative,1,1,0
gratuitously_condescending,1,1,0
now_fifth,1,1,0
gratuitously_dark,1,1,0
gratuitously_depressing,1,1,0
now_fearless,1,1,0
gratuitously_destructive,1,1,0
now_favorable,1,1,0
now_faulty,1,1,0
gratuitously_different,1,1,0
gratuitously_explicit,1,1,0
gratuitously_graphic,1,1,0
now_fascist,1,1,0
now_far-flung,1,1,0
now_fancy,1,1,0
now_former,1,0,1
now_forthcoming,1,1,0
now_frail,1,0,1
now_fussy,1,1,0
graphically_startling,1,1,0
now_gray,1,1,0
now_grateful,1,1,0
graphically_strong,1,1,0
graphically_stunning,1,1,0
now_giddy,1,1,0
graphically_superb,1,1,0
graphically_underwhelming,1,1,0
now_fresh,1,0,1
now_fundamental,1,1,0
graphically_wise,1,1,0
now_fun,1,1,0
gratuitously_abusive,1,1,0
now_frustrated,1,1,0
now_frigid,1,1,0
now_friendly,1,1,0
mostly_deliberate,1,1,0
mostly_decent,1,1,0
drastically_major,1,0,1
maybe_incompetent,1,1,0
just_psychotic,1,1,0
maybe_inaccessible,1,1,0
maybe_impressive,1,1,0
just_pushy,1,1,0
just_quaint,1,1,0
maybe_important,1,0,1
maybe_impaired,1,1,0
maybe_illustrative,1,1,0
just_racy,1,1,0
maybe_ill,1,1,0
just_ragged,1,1,0
maybe_idealistic,1,1,0
just_rare,1,1,0
maybe_hybrid,1,1,0
maybe_humorous,1,1,0
maybe_hotter,1,1,0
maybe_hot,1,1,0
maybe_inaudible,1,1,0
maybe_incomplete,1,1,0
maybe_blissful,1,1,0
maybe_incomprehensible,1,1,0
maybe_instant,1,1,0
maybe_inspiring,1,1,0
maybe_insipid,1,1,0
just_proof,1,1,0
just_proper,1,1,0
maybe_innovative,1,1,0
maybe_ingenious,1,1,0
just_prophetic,1,1,0
maybe_inflexible,1,1,0
just_protectionist,1,1,0
maybe_inexpensive,1,1,0
maybe_indignant,1,1,0
maybe_indian,1,1,0
maybe_independent,1,1,0
maybe_indecent,1,1,0
maybe_incredible,1,1,0
just_provocative,1,1,0
maybe_hostile,1,1,0
just_reactionary,1,1,0
maybe_horny,1,1,0
just_reassuring,1,1,0
maybe_grumpy,1,1,0
just_resourceful,1,1,0
just_respectful,1,1,0
maybe_greek,1,1,0
maybe_greedy,1,1,0
just_responsive,1,1,0
just_reticent,1,1,0
just_reverent,1,1,0
maybe_graphic,1,1,0
just_righteous,1,1,0
just_rigid,1,1,0
maybe_glad,1,1,0
just_risky,1,1,0
maybe_gentle,1,1,0
maybe_genetic,1,1,0
maybe_generous,1,1,0
maybe_generic,1,1,0
just_reputable,1,1,0
maybe_handsome,1,1,0
maybe_hard,1,1,0
maybe_heroic,1,1,0
maybe_homely,1,1,0
just_recognizable,1,1,0
just_reductive,1,1,0
maybe_hilarious,1,1,0
just_regressive,1,1,0
just_regrettable,1,1,0
maybe_hesitant,1,1,0
maybe_helpful,1,1,0
just_representative,1,1,0
maybe_hefty,1,1,0
just_relational,1,1,0
maybe_heartless,1,0,1
just_relieved,1,1,0
maybe_hateful,1,1,0
maybe_harmless,1,1,0
just_reminiscent,1,1,0
maybe_instantaneous,1,1,0
maybe_instinctive,1,1,0
just_progressive,1,1,0
maybe_loving,1,1,0
maybe_mediocre,1,1,0
maybe_meaningless,1,1,0
maybe_meaningful,1,1,0
maybe_mature,1,1,0
maybe_massive,1,1,0
maybe_marvellous,1,1,0
maybe_marginal,1,1,0
just_pigmented,1,1,0
maybe_man-made,1,1,0
just_pitiful,1,1,0
maybe_main,1,1,0
just_plausible,1,1,0
just_plentiful,1,1,0
maybe_loyal,1,1,0
maybe_lowest,1,1,0
just_pliable,1,1,0
maybe_low-key,1,1,0
just_photogenic,1,1,0
maybe_melodramatic,1,1,0
maybe_memorable,1,1,0
maybe_mobile,1,1,0
just_persuasive,1,1,0
just_perverted,1,1,0
maybe_monthly,1,1,0
maybe_monstrous,1,1,0
maybe_moist,1,1,0
just_petrified,1,1,0
maybe_modern,1,0,1
just_phony,1,1,0
maybe_mental,1,1,0
maybe_misleading,1,1,0
maybe_misinformed,1,1,0
maybe_minor,1,1,0
maybe_military,1,0,1
maybe_mexican,1,1,0
maybe_metaphorical,1,1,0
maybe_messy,1,1,0
just_plump,1,1,0
maybe_lousy,1,1,0
just_profitable,1,1,0
maybe_loud,1,1,0
maybe_judgmental,1,1,0
maybe_joyful,1,1,0
just_prepared,1,1,0
just_prescient,1,1,0
just_prestigious,1,0,1
just_presumptuous,1,1,0
just_pricey,1,1,0
maybe_irrelevant,1,1,0
just_prime,1,1,0
just_primitive,1,1,0
maybe_invasive,1,1,0
maybe_introverted,1,1,0
maybe_introspective,1,1,0
maybe_intriguing,1,1,0
just_probable,1,1,0
maybe_internal,1,1,0
just_productive,1,1,0
maybe_just,1,1,0
just_premature,1,1,0
just_prejudiced,1,1,0
just_populist,1,1,0
maybe_loose,1,1,0
maybe_longer,1,1,0
maybe_long-term,1,1,0
maybe_local,1,0,1
just_poetic,1,1,0
maybe_literal,1,1,0
maybe_lighter,1,0,1
just_preachy,1,1,0
just_predictable,1,1,0
maybe_lesbian,1,1,0
maybe_legitimate,1,1,0
just_precise,1,1,0
maybe_lazy,1,1,0
just_precocious,1,1,0
just_predatory,1,1,0
maybe_later,1,1,0
just_rocky,1,1,0
maybe_fundamental,1,1,0
just_rugged,1,1,0
maybe_confident,1,1,0
maybe_crunchy,1,1,0
maybe_cruel,1,1,0
maybe_crucial,1,1,0
maybe_creepy,1,1,0
maybe_creepier,1,1,0
maybe_creative,1,1,0
just_short-sighted,1,1,0
maybe_corrupt,1,1,0
just_short-term,1,1,0
maybe_corny,1,0,1
maybe_controversial,1,1,0
maybe_contiguous,1,1,0
maybe_contented,1,1,0
maybe_constant,1,1,0
maybe_conservative,1,1,0
just_sicker,1,1,0
just_simplistic,1,1,0
maybe_cumbersome,1,1,0
just_sharper,1,1,0
just_shameless,1,1,0
just_senseless,1,1,0
maybe_demure,1,1,0
maybe_democratic,1,1,0
maybe_delinquent,1,1,0
maybe_delicious,1,1,0
maybe_deliberate,1,1,0
just_self-reliant,1,1,0
just_self-taught,1,1,0
maybe_decadent,1,1,0
maybe_cyclical,1,0,1
just_serviceable,1,1,0
just_sexier,1,1,0
maybe_daring,1,1,0
just_shady,1,1,0
maybe_damp,1,1,0
just_shameful,1,1,0
maybe_cynical,1,1,0
maybe_confrontational,1,1,0
maybe_conducive,1,1,0
maybe_derogatory,1,1,0
just_sincere,1,1,0
maybe_chubby,1,1,0
just_slick,1,1,0
just_slim,1,1,0
maybe_cheap,1,1,0
maybe_chaotic,1,1,0
just_slippery,1,1,0
maybe_central,1,1,0
maybe_celebratory,1,1,0
maybe_casual,1,1,0
just_smelly,1,1,0
just_smoother,1,1,0
maybe_buddhist,1,1,0
maybe_bubbly,1,1,0
just_sneaky,1,1,0
maybe_brighter,1,1,0
just_snug,1,1,0
just_soft-spoken,1,0,1
maybe_chunky,1,1,0
maybe_classical,1,1,0
just_sleazy,1,1,0
maybe_comfortable,1,0,1
maybe_comprehensive,1,1,0
maybe_complicit,1,1,0
just_sinful,1,1,0
maybe_complete,1,1,0
maybe_compatible,1,0,1
maybe_compassionate,1,1,0
maybe_comforting,1,1,0
maybe_colourful,1,1,0
maybe_cleaner,1,1,0
maybe_colorful,1,1,0
maybe_colder,1,1,0
maybe_coincidental,1,1,0
maybe_cocky,1,1,0
maybe_clueless,1,1,0
just_skinny,1,1,0
maybe_clearer,1,1,0
maybe_depressing,1,1,0
maybe_desperate,1,1,0
maybe_frightening,1,1,0
maybe_expensive,1,1,0
maybe_feasible,1,1,0
just_sarcastic,1,1,0
maybe_fatal,1,1,0
maybe_fat,1,1,0
just_satirical,1,1,0
maybe_fast,1,1,0
maybe_fantastic,1,1,0
just_satisfactory,1,1,0
just_savory,1,1,0
maybe_faint,1,1,0
maybe_extraordinary,1,0,1
maybe_extra,1,1,0
maybe_extinct,1,1,0
maybe_external,1,1,0
maybe_extensive,1,1,0
maybe_exploratory,1,1,0
just_scandalous,1,1,0
maybe_feminine,1,1,0
maybe_festive,1,1,0
just_sane,1,1,0
just_saddening,1,1,0
maybe_friendly,1,1,0
maybe_fresh,1,1,0
maybe_french,1,1,0
maybe_frail,1,0,1
just_sacred,1,1,0
maybe_fortunate,1,1,0
maybe_foolish,1,1,0
maybe_fond,1,1,0
just_same,1,1,0
maybe_foggy,1,1,0
maybe_fleeting,1,1,0
maybe_flatter,1,1,0
maybe_flat,1,1,0
just_sadder,1,1,0
just_salty,1,1,0
maybe_firmer,1,1,0
maybe_experimental,1,1,0
maybe_exotic,1,1,0
maybe_destructive,1,1,0
maybe_exhilarating,1,1,0
maybe_dysfunctional,1,1,0
maybe_dynamic,1,1,0
just_second,1,1,0
just_secure,1,1,0
just_sedate,1,1,0
maybe_downloadable,1,1,0
just_seductive,1,1,0
maybe_divergent,1,0,1
maybe_disturbing,1,1,0
maybe_distressing,1,1,0
just_self-confident,1,1,0
maybe_distasteful,1,1,0
maybe_dissatisfied,1,1,0
just_self-conscious,1,1,0
just_self-contained,1,1,0
maybe_difficult,1,1,0
just_self-destructive,1,1,0
maybe_eager,1,1,0
just_seasoned,1,1,0
just_scrupulous,1,1,0
maybe_enormous,1,1,0
maybe_exclusive,1,1,0
maybe_exciting,1,1,0
maybe_excessive,1,1,0
maybe_equivalent,1,1,0
maybe_envious,1,1,0
maybe_entertaining,1,1,0
just_scrappy,1,1,0
maybe_english,1,1,0
just_scrumptious,1,1,0
maybe_empty,1,1,0
maybe_emotional,1,1,0
maybe_elderly,1,1,0
maybe_egotistical,1,1,0
maybe_efficient,1,1,0
maybe_effective,1,1,0
maybe_economic,1,1,0
maybe_morose,1,0,1
just_persistent,1,1,0
maybe_mundane,1,1,0
just_male,1,1,0
just_long-lasting,1,1,0
maybe_unintentional,1,1,0
maybe_uninhabitable,1,1,0
maybe_unhappy,1,1,0
just_lumpy,1,1,0
just_luscious,1,1,0
maybe_unforeseen,1,1,0
maybe_unfit,1,1,0
maybe_unfinished,1,1,0
maybe_uneducated,1,1,0
maybe_undiscovered,1,1,0
maybe_undetectable,1,1,0
maybe_underweight,1,1,0
maybe_underway,1,1,0
just_major,1,1,0
maybe_understandable,1,1,0
maybe_under-appreciated,1,1,0
maybe_unnecessary,1,1,0
maybe_unorthodox,1,1,0
maybe_unpaid,1,1,0
just_livid,1,1,0
maybe_unworthy,1,1,0
just_linear,1,1,0
maybe_unwanted,1,1,0
just_liveable,1,1,0
maybe_unthinkable,1,1,0
maybe_unsurprising,1,1,0
maybe_unsure,1,1,0
maybe_unscathed,1,1,0
maybe_unpalatable,1,1,0
maybe_unsafe,1,1,0
maybe_unreliable,1,1,0
maybe_unrealistic,1,1,0
maybe_unreal,1,1,0
maybe_unprecedented,1,1,0
just_loath,1,1,0
maybe_unpleasant,1,1,0
maybe_unconventional,1,1,0
maybe_uncomfortable,1,0,1
just_liberating,1,1,0
maybe_uncertain,1,1,0
maybe_tall,1,1,0
maybe_talkative,1,1,0
maybe_synthetic,1,0,1
maybe_surreal,1,1,0
maybe_supreme,1,1,0
just_monstrous,1,1,0
just_monthly,1,1,0
maybe_sunny,1,1,0
maybe_suicidal,1,1,0
maybe_stunning,1,1,0
maybe_structural,1,1,0
just_morbid,1,1,0
maybe_strenuous,1,1,0
just_motivated,1,1,0
maybe_straightforward,1,1,0
maybe_stiff,1,1,0
maybe_static,1,1,0
just_mixed,1,1,0
maybe_terrifying,1,1,0
maybe_therapeutic,1,1,0
maybe_tremendous,1,1,0
just_man-made,1,1,0
maybe_unavailable,1,1,0
just_manageable,1,1,0
maybe_unanimous,1,1,0
maybe_unacceptable,1,1,0
just_masterful,1,1,0
just_melancholy,1,1,0
just_melodramatic,1,1,0
just_misogynistic,1,1,0
maybe_transformative,1,1,0
maybe_traditional,1,1,0
maybe_tiring,1,1,0
just_meticulous,1,1,0
maybe_threatening,1,0,1
maybe_thirsty,1,1,0
just_minimalist,1,1,0
just_lighter,1,1,0
maybe_upsetting,1,1,0
maybe_spiritual,1,1,0
meaningfully_free,1,1,0
measurably_new,1,0,1
measurably_meaningful,1,1,0
measurably_lower,1,1,0
just_jam-packed,1,1,0
measurably_harmful,1,1,0
measurably_good,1,0,1
measurably_faithful,1,1,0
measurably_dovish,1,1,0
measurably_distant,1,1,0
measurably_different,1,1,0
just_jarring,1,1,0
just_jazzy,1,1,0
meaningfully_worthwhile,1,0,1
meaningfully_worse,1,1,0
meaningfully_tactical,1,1,0
meaningfully_lower,1,1,0
meaningfully_independent,1,1,0
measurably_probable,1,1,0
measurably_recognizable,1,1,0
measurably_simpler,1,1,0
mechanically_clean,1,1,0
mechanically_empty,1,1,0
mechanically_easier,1,1,0
mechanically_degrading,1,1,0
just_israeli,1,1,0
mechanically_complex,1,1,0
mechanically_cold,1,0,1
mechanically_clever,1,1,0
mechanically_challenging,1,1,0
measurably_true,1,1,0
mechanically_biological,1,0,1
mechanically_baffling,1,1,0
mechanically_appropriate,1,1,0
mechanically_adept,1,1,0
measurably_worse,1,1,0
measurably_wonderful,1,0,1
measurably_useful,1,0,1
meaningfully_fresh,1,0,1
meaningfully_effective,1,1,0
maybe_useful,1,1,0
just_jobless,1,1,0
maybe_wider,1,1,0
maybe_wide,1,1,0
maybe_whole,1,1,0
just_lax,1,1,0
maybe_weirder,1,1,0
just_legendary,1,1,0
maybe_weaker,1,1,0
maybe_weak,1,1,0
maybe_wavy,1,1,0
maybe_wasteful,1,1,0
maybe_warmer,1,1,0
maybe_warm,1,1,0
maybe_vulnerable,1,1,0
maybe_vital,1,1,0
maybe_virtual,1,1,0
just_lesser,1,1,0
just_liable,1,1,0
maybe_wild,1,1,0
maybe_willing,1,1,0
maybe_windy,1,1,0
just_junior,1,1,0
just_joyous,1,1,0
meaningfully_democratic,1,1,0
meaningfully_courageous,1,0,1
meaningfully_close,1,0,1
just_judgmental,1,1,0
maybe_youthful,1,1,0
just_juicy,1,1,0
just_lacklustre,1,1,0
maybe_wiser,1,1,0
just_laden,1,1,0
just_last,1,1,0
just_latin,1,1,0
just_latino,1,1,0
maybe_wooden,1,1,0
just_lavish,1,1,0
just_lawful,1,1,0
maybe_stable,1,1,0
just_motivational,1,1,0
maybe_muslim,1,1,0
maybe_overweight,1,1,0
maybe_poetic,1,1,0
maybe_platonic,1,1,0
just_ours,1,1,0
maybe_pink,1,1,0
maybe_physical,1,1,0
maybe_perverted,1,1,0
maybe_persistent,1,1,0
maybe_perpendicular,1,1,0
just_outdoor,1,1,0
maybe_perfect,1,1,0
maybe_peaceful,1,1,0
maybe_patriotic,1,1,0
maybe_pathetic,1,1,0
maybe_past,1,1,0
maybe_passionate,1,1,0
maybe_particular,1,1,0
just_outdoors,1,1,0
maybe_poisonous,1,1,0
maybe_polish,1,1,0
maybe_political,1,1,0
maybe_primary,1,1,0
maybe_psychotic,1,1,0
maybe_psychic,1,1,0
maybe_provocative,1,0,1
just_optimal,1,1,0
maybe_prophetic,1,1,0
maybe_prior,1,1,0
maybe_primitive,1,1,0
maybe_prestigious,1,1,0
maybe_poor,1,1,0
maybe_present,1,1,0
maybe_prescriptive,1,1,0
just_ornamental,1,1,0
maybe_practicable,1,1,0
maybe_powerful,1,1,0
maybe_positive,1,1,0
maybe_portable,1,1,0
just_outside,1,1,0
maybe_overrated,1,1,0
just_oppressive,1,1,0
maybe_overkill,1,1,0
maybe_noxious,1,1,0
just_passe,1,1,0
maybe_nicer,1,1,0
just_patchy,1,1,0
just_pathological,1,1,0
maybe_never-ending,1,1,0
maybe_neutral,1,1,0
just_patient,1,1,0
just_patriotic,1,1,0
just_perceptive,1,1,0
maybe_nationwide,1,1,0
maybe_nasty,1,1,0
maybe_narrower,1,1,0
maybe_naked,1,1,0
maybe_naive,1,1,0
just_perky,1,1,0
maybe_mutual,1,1,0
maybe_nuclear,1,1,0
maybe_numb,1,1,0
maybe_obscure,1,1,0
just_overcooked,1,1,0
maybe_outstanding,1,1,0
maybe_outdoor,1,1,0
just_overall,1,1,0
just_overcast,1,1,0
maybe_ornate,1,1,0
maybe_original,1,1,0
maybe_organic,1,1,0
maybe_oral,1,1,0
just_partisan,1,1,0
maybe_open,1,1,0
just_overpowering,1,1,0
maybe_old-school,1,1,0
maybe_okay,1,0,1
just_palatable,1,1,0
maybe_odd,1,1,0
maybe_obsolete,1,1,0
maybe_pungent,1,1,0
maybe_purposeful,1,1,0
maybe_spectacular,1,1,0
maybe_sexy,1,1,0
just_myopic,1,1,0
maybe_single,1,1,0
maybe_sincere,1,1,0
maybe_simpler,1,1,0
maybe_simple,1,1,0
just_mystical,1,1,0
just_mystifying,1,1,0
just_narrow,1,1,0
just_nascent,1,1,0
maybe_shy,1,1,0
just_nastier,1,1,0
just_national,1,1,0
maybe_shocking,1,1,0
maybe_shocked,1,1,0
maybe_shiny,1,1,0
just_nationalist,1,1,0
maybe_shaky,1,1,0
maybe_skilled,1,1,0
maybe_skillful,1,1,0
maybe_skinny,1,1,0
maybe_sober,1,1,0
maybe_specific,1,1,0
just_much,1,1,0
maybe_sour,1,1,0
maybe_sore,1,1,0
maybe_sophisticated,1,1,0
maybe_solemn,1,1,0
just_muddled,1,1,0
maybe_snowy,1,1,0
maybe_slight,1,1,0
maybe_sneaky,1,1,0
maybe_smarter,1,1,0
just_mushy,1,1,0
maybe_sluggish,1,1,0
maybe_slower,1,1,0
just_mutual,1,1,0
maybe_slimy,1,1,0
maybe_shabby,1,1,0
just_nearby,1,1,0
maybe_qualified,1,1,0
just_needy,1,1,0
just_obstinate,1,1,0
maybe_relatable,1,1,0
just_obtainable,1,1,0
maybe_regrettable,1,1,0
maybe_refreshing,1,1,0
just_off-kilter,1,1,0
just_off-putting,1,1,0
just_oily,1,1,0
maybe_reassuring,1,0,1
just_online,1,1,0
just_opinionated,1,1,0
maybe_rare,1,1,0
maybe_radioactive,1,1,0
maybe_racist,1,1,0
maybe_quiet,1,1,0
maybe_quicker,1,1,0
just_opposite,1,1,0
just_obsessive,1,1,0
just_objectionable,1,1,0
maybe_reliable,1,0,1
maybe_safe,1,1,0
maybe_secret,1,0,1
just_negligible,1,1,0
maybe_schizophrenic,1,1,0
just_neurotic,1,1,0
just_next,1,1,0
maybe_satisfied,1,1,0
just_nonchalant,1,1,0
maybe_russian,1,1,0
just_null,1,1,0
maybe_rough,1,1,0
just_nonstop,1,1,0
maybe_ridiculous,1,1,0
maybe_revolutionary,1,1,0
maybe_retro,1,1,0
just_novel,1,1,0
maybe_residential,1,1,0
just_soggy,1,1,0
maybe_blank,1,1,0
mechanically_finicky,1,1,0
marginally_plausible,1,1,0
marginally_opaque,1,1,0
marginally_older,1,1,0
marginally_normal,1,1,0
marginally_necessary,1,1,0
marginally_mystical,1,1,0
just_unpalatable,1,1,0
marginally_mediocre,1,1,0
marginally_matte,1,1,0
marginally_mainstream,1,1,0
just_unparalleled,1,1,0
just_unplayable,1,1,0
marginally_lethal,1,1,0
marginally_lesser,1,1,0
marginally_legal,1,0,1
marginally_late,1,1,0
marginally_intelligent,1,1,0
marginally_insane,1,1,0
marginally_overwhelming,1,0,1
just_unnerving,1,1,0
just_solemn,1,1,0
marginally_possible,1,1,0
marginally_shocking,1,0,1
marginally_satisfied,1,1,0
marginally_sappy,1,0,1
marginally_sane,1,1,0
marginally_safe,1,1,0
marginally_robotic,1,0,1
marginally_risky,1,1,0
just_unkind,1,1,0
just_unknowable,1,1,0
just_unlikable,1,1,0
just_unlikeable,1,1,0
just_unlimited,1,1,0
marginally_purple,1,0,1
marginally_profound,1,1,0
just_unmoved,1,1,0
just_unnamed,1,1,0
marginally_pro-life,1,1,0
marginally_informative,1,1,0
marginally_inferior,1,1,0
marginally_improper,1,1,0
just_unrecognizable,1,1,0
just_unseen,1,1,0
just_unselfish,1,1,0
marginally_educational,1,0,1
marginally_economic,1,1,0
marginally_early,1,1,0
marginally_distinctive,1,1,0
marginally_distinct,1,1,0
just_unsettled,1,1,0
marginally_detectable,1,1,0
marginally_deranged,1,1,0
marginally_democratic,1,1,0
marginally_deleterious,1,1,0
marginally_creepy,1,1,0
marginally_correct,1,1,0
marginally_cooler,1,1,0
marginally_concerned,1,1,0
marginally_competitive,1,1,0
marginally_equal,1,1,0
marginally_evocative,1,0,1
marginally_excessive,1,1,0
marginally_hardy,1,1,0
marginally_ignorant,1,0,1
marginally_hot,1,1,0
just_unremarkable,1,1,0
marginally_homeless,1,1,0
just_unreported,1,1,0
marginally_helpful,1,1,0
marginally_healthy,1,1,0
just_unresolved,1,0,1
just_unscrupulous,1,1,0
marginally_happier,1,1,0
just_unsatisfying,1,1,0
marginally_good,1,1,0
just_unsavory,1,1,0
marginally_functional,1,1,0
marginally_formal,1,0,1
marginally_faster,1,0,1
marginally_short,1,1,0
marginally_sick,1,1,0
just_uninspiring,1,1,0
markedly_homosexual,1,1,0
markedly_poor,1,1,0
markedly_pessimistic,1,1,0
markedly_personal,1,1,0
markedly_patient,1,1,0
markedly_overweight,1,1,0
markedly_ominous,1,1,0
markedly_negative,1,1,0
markedly_maternal,1,0,1
markedly_masculine,1,1,0
markedly_loyal,1,1,0
markedly_less,1,1,0
markedly_intrusive,1,0,1
markedly_intolerant,1,1,0
markedly_international,1,1,0
markedly_inferior,1,1,0
markedly_incorrect,1,1,0
markedly_incomplete,1,1,0
markedly_public,1,1,0
markedly_repressive,1,1,0
markedly_safer,1,1,0
markedly_traditional,1,1,0
marvelously_alive,1,0,1
markedly_wrong,1,0,1
just_undone,1,1,0
markedly_warmer,1,1,0
markedly_vile,1,1,0
markedly_unconventional,1,1,0
markedly_trashy,1,0,1
markedly_superior,1,1,0
markedly_serious,1,1,0
markedly_stupid,1,1,0
markedly_strange,1,0,1
markedly_spicy,1,1,0
markedly_slow,1,1,0
markedly_sinister,1,1,0
markedly_silent,1,1,0
markedly_sharper,1,1,0
markedly_imperfect,1,1,0
just_unflattering,1,1,0
marginally_smart,1,1,0
markedly_heinous,1,1,0
just_unimaginative,1,1,0
just_unimpressed,1,1,0
marginally_willing,1,0,1
marginally_wet,1,1,0
marginally_violent,1,1,0
marginally_valuable,1,1,0
just_unimpressive,1,1,0
marginally_unpopular,1,0,1
marginally_underweight,1,1,0
marginally_understandable,1,1,0
marginally_true,1,1,0
marginally_superior,1,0,1
marginally_suitable,1,1,0
just_uninhibited,1,1,0
marginally_stuck,1,1,0
marginally_stronger,1,1,0
marginally_softer,1,0,1
just_uniform,1,1,0
just_unified,1,1,0
markedly_austere,1,1,0
just_unfriendly,1,1,0
markedly_hazardous,1,1,0
markedly_harder,1,1,0
markedly_drier,1,1,0
markedly_diverse,1,1,0
markedly_distasteful,1,1,0
markedly_dissimilar,1,0,1
markedly_difficult,1,1,0
markedly_defective,1,1,0
just_ungrateful,1,1,0
markedly_deeper,1,0,1
markedly_complex,1,0,1
markedly_comforting,1,0,1
markedly_clever,1,1,0
markedly_cheaper,1,1,0
markedly_cerebral,1,1,0
markedly_centrist,1,1,0
marginally_comfortable,1,1,0
marginally_clever,1,0,1
marginally_christian,1,1,0
mainly_personal,1,0,1
mainly_true,1,1,0
mainly_transparent,1,1,0
mainly_symbolic,1,1,0
mainly_sweet,1,1,0
mainly_sunny,1,1,0
mainly_sunni,1,1,0
just_vintage,1,1,0
mainly_satisfied,1,1,0
just_vital,1,1,0
mainly_psychological,1,1,0
mainly_protestant,1,1,0
mainly_private,1,1,0
mainly_present,1,1,0
mainly_possible,1,1,0
just_wasteful,1,1,0
mainly_popular,1,1,0
mainly_political,1,1,0
mainly_unconscious,1,1,0
mainly_underground,1,1,0
mainly_uninhabited,1,0,1
majorly_awesome,1,1,0
majorly_delusional,1,1,0
majorly_delicious,1,1,0
majorly_cool,1,1,0
majorly_controversial,1,1,0
majorly_confused,1,1,0
majorly_condescending,1,1,0
majorly_catastrophic,1,1,0
majorly_asleep,1,1,0
mainly_unique,1,1,0
majorly_aggressive,1,1,0
just_viewable,1,1,0
mainly_worried,1,1,0
just_vigilant,1,1,0
mainly_welcome,1,1,0
mainly_visual,1,1,0
mainly_unpleasant,1,1,0
mainly_plain,1,1,0
just_watchable,1,1,0
majorly_different,1,1,0
mainly_ornamental,1,1,0
mainly_helpful,1,1,0
mainly_green,1,1,0
mainly_good,1,1,0
mainly_functional,1,1,0
mainly_fun,1,1,0
just_western,1,1,0
mainly_fine,1,1,0
mainly_female,1,1,0
mainly_fat,1,1,0
mainly_familiar,1,1,0
mainly_experimental,1,1,0
mainly_evil,1,0,1
mainly_english,1,1,0
mainly_emotional,1,1,0
mainly_electronic,1,1,0
just_wholesome,1,1,0
mainly_dry,1,1,0
mainly_heterosexual,1,1,0
mainly_ideological,1,1,0
mainly_important,1,1,0
mainly_measurable,1,1,0
mainly_original,1,1,0
mainly_one-sided,1,1,0
mainly_obsessed,1,1,0
mainly_nervous,1,1,0
mainly_mysterious,1,1,0
just_watery,1,1,0
mainly_minimalist,1,1,0
mainly_many,1,1,0
mainly_inspirational,1,1,0
mainly_male,1,1,0
mainly_light,1,1,0
mainly_latino,1,1,0
mainly_jewish,1,1,0
mainly_irrational,1,1,0
mainly_interesting,1,1,0
just_welcome,1,1,0
majorly_depressed,1,1,0
majorly_drastic,1,0,1
marginally_cheery,1,1,0
manifestly_ineffective,1,0,1
manifestly_unhappy,1,1,0
just_upfront,1,1,0
just_upper,1,1,0
just_urban,1,1,0
manifestly_terrible,1,0,1
manifestly_suspicious,1,1,0
manifestly_stupid,1,1,0
manifestly_stronger,1,1,0
manifestly_similar,1,0,1
manifestly_sick,1,1,0
manifestly_repugnant,1,0,1
manifestly_present,1,1,0
manifestly_obsessed,1,0,1
manifestly_noticeable,1,1,0
manifestly_naive,1,0,1
manifestly_lacking,1,0,1
manifestly_irresponsible,1,0,1
manifestly_unnecessary,1,1,0
just_unwise,1,1,0
just_unwell,1,1,0
marginally_attentive,1,0,1
just_unspoken,1,1,0
just_unsteady,1,1,0
just_unsuccessful,1,1,0
just_unsupported,1,1,0
marginally_believable,1,1,0
just_untenable,1,1,0
marginally_atypical,1,1,0
marginally_advantageous,1,1,0
manifestly_unstable,1,0,1
marginally_adequate,1,1,0
just_untested,1,1,0
just_untrustworthy,1,1,0
manifestly_vain,1,1,0
manifestly_unwilling,1,1,0
manifestly_unwell,1,1,0
manifestly_unsuited,1,1,0
manifestly_insane,1,0,1
manifestly_indefensible,1,0,1
majorly_fab,1,1,0
manifestly_inconsistent,1,1,0
majorly_transformative,1,0,1
majorly_stupid,1,0,1
majorly_responsible,1,1,0
majorly_relaxing,1,0,1
majorly_problematic,1,1,0
majorly_outstanding,1,1,0
majorly_old,1,1,0
majorly_offensive,1,1,0
majorly_lucrative,1,1,0
majorly_irresponsible,1,0,1
majorly_interesting,1,0,1
majorly_intentioned,1,1,0
majorly_insane,1,0,1
just_vexing,1,1,0
majorly_great,1,0,1
majorly_funny,1,1,0
majorly_flawed,1,1,0
majorly_unfair,1,1,0
just_venomous,1,1,0
manifestly_absurd,1,1,0
manifestly_fairer,1,1,0
just_urgent,1,1,0
just_utilitarian,1,1,0
just_vacant,1,1,0
just_valid,1,1,0
manifestly_ignorant,1,0,1
manifestly_guilty,1,1,0
manifestly_french,1,1,0
just_vapid,1,1,0
manifestly_arbitrary,1,1,0
manifestly_evident,1,1,0
manifestly_disproportionate,1,1,0
manifestly_difficult,1,0,1
manifestly_different,1,0,1
manifestly_corrupt,1,1,0
manifestly_bizarre,1,1,0
manifestly_better,1,1,0
marvelously_ambiguous,1,1,0
marvelously_amusing,1,1,0
marvelously_anachronistic,1,1,0
materially_related,1,1,0
mathematically_complex,1,1,0
mathematically_competent,1,0,1
mathematically_challenging,1,0,1
mathematically_capable,1,1,0
mathematically_beautiful,1,1,0
just_temperate,1,1,0
mathematically_accurate,1,1,0
mathematically_able,1,1,0
materially_wrong,1,1,0
just_tenacious,1,1,0
materially_unsafe,1,1,0
materially_trivial,1,1,0
materially_superior,1,1,0
just_tense,1,1,0
just_tepid,1,1,0
materially_rewarding,1,1,0
just_testy,1,1,0
mathematically_complicated,1,0,1
just_telling,1,1,0
just_tastier,1,1,0
mathematically_impenetrable,1,1,0
mathematically_intricate,1,1,0
mathematically_interchangeable,1,1,0
mathematically_insane,1,1,0
mathematically_ineligible,1,0,1
just_tactical,1,1,0
mathematically_inaccurate,1,1,0
just_talkative,1,1,0
mathematically_impaired,1,1,0
mathematically_elegant,1,1,0
mathematically_illiterate,1,1,0
mathematically_hard,1,1,0
mathematically_gifted,1,1,0
mathematically_flawed,1,1,0
mathematically_exacting,1,1,0
just_tangential,1,1,0
mathematically_eligible,1,1,0
materially_responsive,1,1,0
materially_real,1,1,0
mathematically_literate,1,1,0
materially_present,1,1,0
materially_discrete,1,1,0
materially_difficult,1,1,0
just_torture,1,1,0
just_tortured,1,0,1
materially_dependant,1,1,0
materially_defective,1,1,0
materially_deceptive,1,1,0
materially_damaging,1,1,0
materially_continuous,1,0,1
materially_complicated,1,0,1
materially_complete,1,1,0
materially_comfortable,1,0,1
materially_beneficial,1,1,0
just_trans,1,1,0
just_transcendent,1,1,0
just_translucent,1,1,0
massively_wider,1,1,0
materially_disruptive,1,1,0
materially_efficacious,1,1,0
materially_greater,1,1,0
materially_insignificant,1,0,1
just_thematic,1,1,0
materially_positive,1,0,1
materially_poorer,1,1,0
materially_opulent,1,1,0
materially_less,1,0,1
just_thrilling,1,1,0
just_time-consuming,1,1,0
materially_inferior,1,0,1
materially_harder,1,1,0
materially_incorrect,1,1,0
just_tiring,1,1,0
just_titillating,1,1,0
materially_impractical,1,1,0
materially_identical,1,1,0
materially_higher,1,1,0
materially_harmful,1,1,0
mathematically_likely,1,1,0
mathematically_manageable,1,1,0
massively_white,1,1,0
maybe_adventurous,1,0,1
maybe_armed,1,1,0
maybe_arab,1,1,0
maybe_apt,1,1,0
maybe_approximate,1,1,0
maybe_apolitical,1,1,0
just_strict,1,1,0
just_strident,1,1,0
maybe_annoying,1,1,0
maybe_annoyed,1,1,0
maybe_analogous,1,1,0
maybe_amusing,1,1,0
just_structural,1,1,0
just_sturdy,1,1,0
maybe_allergic,1,1,0
maybe_alive,1,1,0
maybe_alien,1,1,0
maybe_aged,1,1,0
maybe_arrogant,1,1,0
just_stoic,1,1,0
just_stinky,1,1,0
just_spotty,1,1,0
maybe_bizarre,1,1,0
just_sound,1,1,0
maybe_biggest,1,1,0
just_spirited,1,1,0
just_splendid,1,1,0
just_spoiled,1,1,0
just_spoilt,1,1,0
just_stable,1,1,0
maybe_astonishing,1,1,0
just_staggering,1,1,0
maybe_awake,1,1,0
maybe_avoidable,1,1,0
just_sterile,1,1,0
just_stingy,1,1,0
maybe_attractive,1,1,0
maybe_athletic,1,1,0
maybe_african,1,1,0
maybe_actual,1,1,0
just_synthetic,1,1,0
just_subservient,1,1,0
mathematically_talented,1,1,0
mathematically_suspect,1,0,1
mathematically_special,1,0,1
mathematically_sophisticated,1,1,0
mathematically_skilled,1,1,0
mathematically_simpler,1,1,0
mathematically_significant,1,1,0
mathematically_secure,1,1,0
just_sunny,1,1,0
mathematically_rigorous,1,1,0
mathematically_remarkable,1,1,0
mathematically_related,1,1,0
just_superfluous,1,1,0
just_superior,1,1,0
mathematically_pleasing,1,0,1
mathematically_odd,1,0,1
just_sustainable,1,1,0
mathematically_valid,1,1,0
mathematically_wrong,1,1,0
maximally_beneficial,1,1,0
maximally_strong,1,1,0
maybe_acoustic,1,1,0
maybe_acceptable,1,1,0
maybe_abnormal,1,1,0
just_successful,1,1,0
maximally_virtuous,1,1,0
maximally_thoughtful,1,0,1
maximally_tactical,1,1,0
maximally_stable,1,1,0
maximally_disgusting,1,1,0
maximally_reusable,1,1,0
maximally_profound,1,1,0
maximally_invasive,1,1,0
maximally_insane,1,1,0
maximally_helpful,1,1,0
maximally_flat,1,1,0
just_such,1,1,0
massively_wide,1,1,0
massively_wealthy,1,1,0
marvelously_appropriate,1,1,0
massively_ambitious,1,1,0
massively_cynical,1,1,0
massively_curious,1,1,0
massively_crowded,1,1,0
massively_critical,1,1,0
massively_creepy,1,1,0
massively_creative,1,1,0
massively_corrupt,1,1,0
massively_conscious,1,1,0
massively_confused,1,1,0
just_underway,1,1,0
massively_complex,1,1,0
massively_comforting,1,1,0
massively_capable,1,1,0
massively_bigger,1,0,1
massively_beneficial,1,1,0
massively_aware,1,1,0
massively_artistic,1,1,0
massively_damning,1,1,0
massively_deceptive,1,1,0
just_underpaid,1,1,0
massively_dysfunctional,1,1,0
massively_exciting,1,0,1
just_unconvinced,1,1,0
massively_epic,1,1,0
just_unconvincing,1,1,0
massively_enjoyable,1,1,0
massively_emotive,1,1,0
massively_embarrassing,1,1,0
just_uncooperative,1,1,0
just_underappreciated,1,1,0
massively_distinct,1,1,0
just_undeniable,1,1,0
massively_disrespectful,1,1,0
massively_disoriented,1,1,0
massively_disorganized,1,1,0
just_under-reported,1,1,0
massively_difficult,1,1,0
massively_appealing,1,0,1
massively_ambiguous,1,0,1
massively_experienced,1,1,0
marvelously_wonderful,1,0,1
marvelously_helpful,1,1,0
marvelously_great,1,0,1
marvelously_exotic,1,0,1
marvelously_enticing,1,0,1
marvelously_eloquent,1,1,0
marvelously_efficient,1,1,0
marvelously_distinct,1,0,1
marvelously_direct,1,0,1
marvelously_detailed,1,1,0
marvelously_cute,1,1,0
marvelously_creepy,1,0,1
marvelously_corny,1,1,0
marvelously_colorful,1,1,0
marvelously_beautiful,1,0,1
marvelously_atmospheric,1,1,0
marvelously_asymmetrical,1,1,0
marvelously_apt,1,1,0
marvelously_imaginative,1,1,0
marvelously_improbable,1,1,0
marvelously_indulgent,1,0,1
marvelously_specific,1,1,0
marvelously_vibrant,1,1,0
marvelously_tender,1,1,0
marvelously_surprised,1,1,0
marvelously_supportive,1,1,0
marvelously_strange,1,1,0
marvelously_stingy,1,1,0
marvelously_stark,1,1,0
marvelously_rational,1,1,0
marvelously_inexpensive,1,1,0
marvelously_quotable,1,1,0
marvelously_predictable,1,1,0
marvelously_polite,1,1,0
marvelously_poetic,1,1,0
marvelously_old-fashioned,1,0,1
marvelously_intense,1,1,0
marvelously_informative,1,1,0
just_unconventional,1,1,0
massively_famous,1,1,0
massively_vulnerable,1,1,0
just_uglier,1,1,0
massively_surprising,1,0,1
just_troublesome,1,1,0
just_troubling,1,1,0
massively_strong,1,1,0
massively_steep,1,1,0
massively_spectacular,1,0,1
massively_skilled,1,1,0
massively_silly,1,1,0
just_turkish,1,1,0
massively_serious,1,1,0
massively_sceptical,1,1,0
massively_scalable,1,1,0
massively_sane,1,1,0
just_twisted,1,1,0
massively_protective,1,1,0
just_ubiquitous,1,1,0
massively_primitive,1,1,0
massively_talented,1,1,0
massively_tall,1,1,0
massively_tighter,1,1,0
massively_uneducated,1,1,0
massively_violent,1,1,0
just_transparent,1,1,0
just_treatable,1,1,0
massively_unsafe,1,0,1
massively_unpleasant,1,1,0
massively_unique,1,0,1
massively_unforeseen,1,0,1
massively_undesirable,1,1,0
massively_transformative,1,1,0
massively_underwhelming,1,1,0
massively_underweight,1,1,0
just_trite,1,1,0
massively_underpaid,1,1,0
massively_underfunded,1,1,0
massively_underappreciated,1,1,0
massively_uncertain,1,1,0
massively_powerful,1,1,0
massively_passionate,1,1,0
massively_flawed,1,1,0
just_unaffected,1,1,0
massively_ineffective,1,1,0
massively_individual,1,1,0
massively_impressive,1,1,0
just_uncharacteristic,1,1,0
massively_illogical,1,0,1
just_unconcerned,1,1,0
massively_ignorant,1,1,0
massively_hungover,1,1,0
just_unconscionable,1,1,0
massively_horrific,1,0,1
massively_helpful,1,1,0
just_uncontrollable,1,1,0
massively_hardcore,1,1,0
massively_grateful,1,1,0
massively_gorgeous,1,1,0
massively_good,1,1,0
massively_frustrating,1,1,0
just_unattainable,1,1,0
massively_insane,1,1,0
massively_inspiring,1,1,0
massively_new,1,0,1
massively_overwhelming,1,1,0
just_unarmed,1,1,0
massively_overpriced,1,1,0
massively_original,1,1,0
massively_oppressive,1,0,1
massively_obvious,1,0,1
massively_obese,1,1,0
massively_negative,1,1,0
massively_intense,1,1,0
massively_misguided,1,1,0
massively_lower,1,0,1
massively_less,1,1,0
massively_juvenile,1,1,0
massively_intrusive,1,0,1
massively_intolerant,1,1,0
massively_interdependent,1,1,0
mechanically_fine,1,1,0
mechanically_fresh,1,0,1
impressively_sensual,1,1,0
merely_untrained,1,1,0
merely_unsuccessful,1,1,0
merely_unstable,1,1,0
merely_unsettling,1,1,0
merely_unseemly,1,1,0
merely_unsavory,1,1,0
merely_unreported,1,1,0
merely_unreliable,1,1,0
just_additional,1,1,0
just_administrative,1,1,0
just_adult,1,1,0
merely_unlikeable,1,1,0
merely_unknown,1,1,0
merely_unknowable,1,1,0
merely_unjust,1,1,0
merely_uninterested,1,1,0
merely_unintentional,1,1,0
merely_unintended,1,1,0
merely_unsure,1,1,0
merely_unusual,1,1,0
merely_obvious,1,1,0
merely_unwanted,1,1,0
merely_vocal,1,1,0
merely_visual,1,1,0
just_adamant,1,1,0
merely_vindictive,1,1,0
merely_vile,1,1,0
just_adaptable,1,1,0
merely_vegetarian,1,1,0
merely_vapid,1,1,0
merely_valuable,1,0,1
merely_vague,1,1,0
merely_vacant,1,1,0
merely_utilitarian,1,1,0
merely_useless,1,1,0
merely_useful,1,1,0
merely_upper,1,1,0
merely_unworthy,1,1,0
just_addictive,1,1,0
just_advanced,1,1,0
merely_unimportant,1,1,0
merely_unfortunate,1,1,0
merely_unflattering,1,1,0
just_agricultural,1,1,0
merely_torture,1,1,0
merely_tolerant,1,1,0
merely_tolerable,1,1,0
just_aimless,1,1,0
merely_tiny,1,1,0
merely_threatening,1,1,0
just_alarmed,1,1,0
merely_thirsty,1,1,0
merely_terrifying,1,1,0
merely_terrified,1,1,0
merely_tenuous,1,1,0
merely_tentative,1,1,0
merely_tender,1,1,0
just_alluring,1,1,0
just_alternate,1,1,0
just_alternative,1,1,0
merely_translucent,1,1,0
merely_trendy,1,1,0
just_agitated,1,1,0
merely_undecided,1,1,0
merely_unfamiliar,1,1,0
merely_unexplained,1,1,0
merely_unexpected,1,1,0
merely_undisciplined,1,1,0
merely_undesirable,1,1,0
merely_understated,1,1,0
merely_undefined,1,1,0
just_affluent,1,1,0
merely_troublesome,1,1,0
merely_unconventional,1,1,0
just_african,1,1,0
merely_uncertain,1,1,0
merely_unavailable,1,1,0
just_aged,1,1,0
just_aggravating,1,1,0
merely_typical,1,1,0
merely_voluntary,1,1,0
merely_vulgar,1,1,0
merely_wavy,1,1,0
meticulously_nice,1,0,1
mightily_similar,1,0,1
mightily_pleased,1,1,0
mightily_loud,1,0,1
mightily_impressive,1,1,0
jaw-droppingly_stupid,1,0,1
mightily_good,1,1,0
mightily_expensive,1,1,0
mightily_effectual,1,1,0
jaw-droppingly_terrible,1,1,0
mightily_concerned,1,1,0
mightily_complex,1,1,0
mightily_busy,1,1,0
mightily_appealing,1,1,0
meticulously_thorough,1,1,0
meticulously_related,1,1,0
meticulously_prepared,1,1,0
jaw-droppingly_uncomfortable,1,1,0
mightily_surprised,1,1,0
mightily_suspicious,1,1,0
mightily_unsettled,1,1,0
mighty_comforting,1,1,0
jaw-droppingly_remarkable,1,1,0
mighty_depressing,1,0,1
mighty_dark,1,0,1
jaw-droppingly_spectacular,1,1,0
mighty_convincing,1,0,1
mighty_content,1,0,1
mighty_confused,1,0,1
mighty_clever,1,1,0
mightily_upset,1,1,0
mighty_charming,1,0,1
mighty_busy,1,1,0
jaw-droppingly_stunning,1,1,0
mighty_bad,1,1,0
mighty_awful,1,1,0
mighty_angry,1,1,0
mighty_abrupt,1,1,0
meticulously_observant,1,1,0
jointly_complex,1,0,1
merely_weak,1,1,0
meticulously_modern,1,1,0
jointly_negligent,1,1,0
jointly_worthy,1,1,0
metabolically_dormant,1,1,0
metabolically_different,1,1,0
just_abhorrent,1,1,0
just_above,1,1,0
just_abrupt,1,1,0
just_abstract,1,1,0
merely_worse,1,1,0
merely_worldly,1,1,0
merely_wordy,1,1,0
merely_wonderful,1,1,0
merely_windy,1,1,0
merely_wild,1,1,0
merely_widespread,1,1,0
just_abysmal,1,1,0
just_acute,1,1,0
metabolically_healthier,1,0,1
metabolically_healthy,1,1,0
metabolically_low,1,1,0
meticulously_disorganized,1,1,0
meticulously_mesmerising,1,1,0
meticulously_mathematical,1,1,0
meticulously_legal,1,1,0
meticulously_intentional,1,1,0
meticulously_insane,1,1,0
meticulously_heartwarming,1,0,1
jointly_damaging,1,1,0
jointly_essential,1,1,0
metabolically_susceptible,1,1,0
meticulously_conceptual,1,1,0
meticulously_complex,1,1,0
jointly_guilty,1,1,0
meticulously_careful,1,1,0
meticulously_authentic,1,1,0
jointly_interested,1,1,0
metabolically_unstable,1,1,0
just_amorphous,1,1,0
merely_sustainable,1,1,0
just_analogous,1,1,0
just_bloodless,1,1,0
merely_prudent,1,1,0
merely_provocative,1,1,0
merely_protective,1,1,0
merely_proof,1,1,0
merely_professional,1,1,0
merely_profane,1,1,0
just_bigoted,1,1,0
just_bilingual,1,1,0
just_binary,1,1,0
merely_pricey,1,1,0
merely_prestigious,1,1,0
just_biological,1,1,0
just_bittersweet,1,1,0
merely_premature,1,1,0
just_blase,1,1,0
just_bleak,1,1,0
merely_potential,1,1,0
just_biblical,1,1,0
merely_questionable,1,1,0
just_believable,1,1,0
merely_reckless,1,1,0
merely_regulatory,1,1,0
merely_regretful,1,1,0
merely_regional,1,1,0
merely_refreshed,1,1,0
merely_reflective,1,1,0
merely_red,1,1,0
merely_recreational,1,1,0
merely_receptive,1,1,0
merely_quirky,1,1,0
merely_rebellious,1,1,0
merely_realistic,1,1,0
merely_reactionary,1,1,0
merely_rational,1,1,0
merely_rare,1,1,0
just_baseless,1,1,0
merely_quixotic,1,1,0
just_blissful,1,1,0
merely_poor,1,1,0
merely_relaxed,1,1,0
just_boisterous,1,1,0
just_british,1,1,0
merely_passionate,1,1,0
just_broadcast,1,0,1
merely_particular,1,1,0
just_brooding,1,0,1
merely_palatable,1,1,0
merely_painful,1,1,0
just_bulky,1,1,0
just_callous,1,1,0
merely_optional,1,1,0
merely_open,1,1,0
merely_old-fashioned,1,1,0
just_campy,1,1,0
just_canadian,1,1,0
merely_ok,1,0,1
merely_offended,1,1,0
just_capable,1,1,0
merely_past,1,1,0
just_brisk,1,1,0
merely_peculiar,1,1,0
just_bossy,1,1,0
merely_polite,1,1,0
merely_poignant,1,1,0
just_bold,1,1,0
just_bombastic,1,1,0
merely_plausible,1,1,0
merely_platonic,1,1,0
merely_plain,1,1,0
merely_philosophical,1,1,0
just_brighter,1,1,0
merely_petty,1,1,0
merely_perverse,1,1,0
just_brazen,1,1,0
just_breathless,1,1,0
merely_persistent,1,1,0
merely_perplexing,1,1,0
just_brief,1,1,0
just_badass,1,1,0
merely_reliable,1,0,1
merely_surreal,1,1,0
merely_simple,1,1,0
merely_spectacular,1,1,0
merely_sordid,1,1,0
merely_solid,1,1,0
merely_solemn,1,1,0
merely_soft,1,1,0
merely_social,1,1,0
merely_smooth,1,1,0
merely_smarter,1,1,0
merely_smart,1,1,0
merely_smaller,1,1,0
just_apparent,1,1,0
merely_sloppy,1,1,0
merely_slimy,1,1,0
merely_slight,1,1,0
merely_slick,1,1,0
merely_skeptical,1,1,0
merely_sincere,1,1,0
just_apolitical,1,1,0
merely_spiritual,1,1,0
merely_standard,1,1,0
merely_subtle,1,1,0
merely_surprising,1,1,0
just_analytical,1,1,0
just_ancient,1,1,0
just_anti-israel,1,1,0
just_anti-semitic,1,1,0
merely_successful,1,1,0
merely_subversive,1,1,0
merely_submissive,1,1,0
merely_statistical,1,1,0
just_anti-social,1,1,0
just_anticlimactic,1,1,0
merely_stuck,1,1,0
merely_strange,1,0,1
just_apocryphal,1,1,0
merely_stingy,1,1,0
merely_steamy,1,1,0
merely_simplistic,1,1,0
just_apt,1,1,0
just_auspicious,1,1,0
merely_shrewd,1,1,0
merely_sappy,1,1,0
merely_safe,1,1,0
just_askew,1,1,0
merely_rusty,1,1,0
merely_rude,1,1,0
merely_rubbish,1,1,0
merely_robust,1,1,0
merely_right,1,1,0
just_asymptomatic,1,1,0
just_attainable,1,1,0
merely_revelatory,1,1,0
merely_retro,1,1,0
merely_respectable,1,1,0
merely_resistant,1,1,0
merely_repulsive,1,1,0
merely_reprehensible,1,1,0
merely_remarkable,1,1,0
merely_sarcastic,1,1,0
merely_satisfactory,1,1,0
just_artsy,1,1,0
merely_serendipitous,1,1,0
merely_short,1,1,0
merely_shocked,1,1,0
merely_shiny,1,1,0
merely_shallow,1,1,0
merely_shabby,1,1,0
merely_sexual,1,1,0
merely_serviceable,1,1,0
just_arcane,1,1,0
merely_schizophrenic,1,1,0
merely_sentient,1,1,0
just_arguable,1,1,0
merely_sensational,1,1,0
merely_self-evident,1,1,0
just_arid,1,1,0
merely_seasonal,1,1,0
merely_scholarly,1,1,0
mighty_disappointed,1,1,0
mighty_embarrassing,1,1,0
mighty_excellent,1,1,0
mildly_inclined,1,1,0
irredeemably_sad,1,1,0
mildly_literate,1,1,0
mildly_liberal,1,1,0
irredeemably_shit,1,0,1
irredeemably_terrible,1,1,0
irredeemably_tiresome,1,1,0
mildly_irritable,1,1,0
mildly_ironic,1,0,1
irredeemably_villainous,1,1,0
irredeemably_wrong,1,1,0
irresistibly_affordable,1,1,0
mildly_interactive,1,1,0
irresistibly_alien,1,0,1
irresistibly_alluring,1,0,1
mildly_inspired,1,1,0
irresistibly_bizarre,1,1,0
irresistibly_catchy,1,1,0
mildly_manifest,1,1,0
mildly_medicinal,1,0,1
mildly_messy,1,1,0
mildly_notable,1,1,0
mildly_obtuse,1,1,0
irredeemably_old-fashioned,1,0,1
mildly_observant,1,1,0
mildly_obscene,1,1,0
mildly_objectionable,1,0,1
irredeemably_psychotic,1,1,0
mildly_noteworthy,1,1,0
mildly_nonsensical,1,0,1
mildly_miraculous,1,1,0
mildly_newsworthy,1,1,0
mildly_nerdy,1,1,0
irredeemably_reactionary,1,1,0
mildly_naughty,1,0,1
mildly_narcissistic,1,0,1
mildly_mundane,1,0,1
mildly_moderate,1,1,0
mildly_inconvenient,1,1,0
mildly_improper,1,0,1
mildly_outrageous,1,0,1
irresistibly_chic,1,0,1
mildly_good,1,1,0
irresistibly_cosy,1,1,0
irresistibly_delightful,1,0,1
irresistibly_energetic,1,1,0
mildly_french,1,0,1
mildly_frail,1,1,0
mildly_fragrant,1,1,0
mildly_favorable,1,0,1
mildly_fatigued,1,1,0
mildly_fascinating,1,0,1
mildly_far-fetched,1,1,0
irresistibly_extreme,1,1,0
irresistibly_frantic,1,1,0
mildly_explicit,1,1,0
mildly_exotic,1,1,0
irresistibly_fresh,1,1,0
mildly_excessive,1,1,0
irresistibly_contagious,1,1,0
mildly_helpful,1,1,0
mildly_heroic,1,0,1
mildly_hungry,1,1,0
irresistibly_childish,1,0,1
mildly_impatient,1,1,0
mildly_impaired,1,1,0
mildly_impactful,1,1,0
mildly_illicit,1,0,1
mildly_illegal,1,0,1
irresistibly_cinematic,1,1,0
mildly_hungover,1,1,0
mildly_high,1,1,0
irresistibly_colorful,1,1,0
mildly_humiliating,1,0,1
irresistibly_comic,1,0,1
mildly_hostile,1,1,0
mildly_horrifying,1,1,0
irresistibly_comical,1,0,1
mildly_higher,1,1,0
irredeemably_mean-spirited,1,1,0
irredeemably_insolvent,1,1,0
mildly_enthusiastic,1,1,0
mildly_safe,1,1,0
mildly_skeptical,1,1,0
irrationally_fearful,1,1,0
mildly_similar,1,1,0
mildly_silver,1,1,0
irrationally_foolhardy,1,1,0
irrationally_hard,1,1,0
mildly_shy,1,1,0
mildly_shocking,1,0,1
irrationally_irresistible,1,0,1
mildly_sensual,1,1,0
mildly_sensitive,1,1,0
mildly_sci-fi,1,1,0
irrationally_jealous,1,1,0
mildly_satisfying,1,0,1
irrationally_mad,1,1,0
mildly_sane,1,0,1
irrationally_negative,1,1,0
mildly_smoky,1,1,0
mildly_sophisticated,1,0,1
mildly_sore,1,1,0
irrationally_eccentric,1,1,0
mildly_terrible,1,0,1
mildly_tense,1,1,0
mildly_tender,1,1,0
mildly_technical,1,0,1
irrationally_confrontational,1,1,0
irrationally_cruel,1,1,0
mildly_surreal,1,0,1
irrationally_enthusiastic,1,1,0
irrationally_excessive,1,1,0
irrationally_envious,1,1,0
irrationally_evil,1,1,0
mildly_subtle,1,1,0
mildly_submissive,1,1,0
mildly_sturdy,1,0,1
mildly_strange,1,0,1
mildly_stinky,1,1,0
mildly_salacious,1,0,1
irrationally_nervous,1,1,0
irredeemably_ideological,1,1,0
irrationally_offensive,1,0,1
mildly_promising,1,1,0
irrationally_thrilled,1,1,0
irrationally_violent,1,1,0
mildly_pressing,1,0,1
irredeemably_american,1,0,1
mildly_preposterous,1,0,1
mildly_possible,1,1,0
irredeemably_childish,1,1,0
mildly_popular,1,1,0
mildly_political,1,1,0
irredeemably_clueless,1,1,0
mildly_poetic,1,0,1
mildly_pleasurable,1,0,1
irredeemably_destructive,1,0,1
irredeemably_disturbing,1,1,0
irredeemably_heroic,1,1,0
mildly_painless,1,1,0
mildly_prosperous,1,1,0
irrationally_strong,1,0,1
mildly_psychedelic,1,1,0
irrationally_pretentious,1,1,0
mildly_rocky,1,1,0
irrationally_paranoid,1,1,0
mildly_rewarding,1,1,0
mildly_revolting,1,0,1
irrationally_personal,1,1,0
irrationally_positive,1,1,0
irrationally_possessive,1,1,0
mildly_relatable,1,1,0
mildly_psychotic,1,1,0
mildly_reflective,1,1,0
mildly_reassuring,1,0,1
mildly_reasonable,1,1,0
irrationally_relative,1,1,0
irrationally_resentful,1,1,0
mildly_racist,1,0,1
irrationally_scared,1,1,0
mildly_euphoric,1,1,0
irresistibly_gooey,1,1,0
mighty_excited,1,1,0
jaw-droppingly_entertaining,1,1,0
mildly_abusive,1,1,0
irritatingly_zany,1,1,0
jaw-droppingly_amazing,1,1,0
jaw-droppingly_asinine,1,0,1
mighty_worried,1,1,0
mighty_willing,1,1,0
mighty_wide,1,1,0
mighty_useful,1,1,0
mighty_unsightly,1,1,0
mighty_unpleasant,1,1,0
jaw-droppingly_brilliant,1,1,0
mighty_ugly,1,0,1
mighty_troubling,1,1,0
mighty_tough,1,1,0
jaw-droppingly_controversial,1,0,1
mighty_sweet,1,1,0
jaw-droppingly_different,1,0,1
irritatingly_unfocused,1,1,0
irritatingly_theatrical,1,0,1
irritatingly_specific,1,1,0
mildly_amazing,1,0,1
irritatingly_obtuse,1,1,0
irritatingly_patient,1,1,0
mildly_angry,1,1,0
mildly_anemic,1,1,0
irritatingly_persistent,1,1,0
irritatingly_polite,1,1,0
mildly_ambiguous,1,1,0
mildly_allergic,1,1,0
mildly_affected,1,1,0
irritatingly_positive,1,1,0
irritatingly_predictable,1,1,0
mildly_alarming,1,1,0
mildly_akin,1,0,1
mildly_agnostic,1,1,0
mildly_agitated,1,1,0
mildly_afraid,1,1,0
mighty_strong,1,1,0
mighty_stormy,1,1,0
irritatingly_obnoxious,1,1,0
mighty_spicy,1,0,1
mighty_intolerant,1,1,0
mighty_ingenious,1,1,0
jaw-droppingly_great,1,1,0
mighty_impressed,1,1,0
jaw-droppingly_hilarious,1,1,0
mighty_hokey,1,1,0
jaw-droppingly_huge,1,1,0
mighty_great,1,0,1
jaw-droppingly_inventive,1,1,0
jaw-droppingly_offensive,1,1,0
mighty_funny,1,0,1
jaw-droppingly_private,1,0,1
mighty_fortunate,1,1,0
mighty_fishy,1,1,0
jaw-droppingly_regressive,1,0,1
mighty_feeble,1,1,0
mighty_expensive,1,1,0
mighty_irritating,1,1,0
mighty_neat,1,1,0
mighty_nervous,1,1,0
mighty_scary,1,0,1
mighty_spectacular,1,1,0
mighty_soulful,1,1,0
mighty_sorry,1,1,0
mighty_slippery,1,0,1
mighty_sketchy,1,1,0
mighty_similar,1,0,1
mighty_shocking,1,1,0
mighty_satisfying,1,1,0
mighty_nice,1,1,0
mighty_quicker,1,1,0
mighty_progressive,1,1,0
mighty_powerful,1,0,1
mighty_potent,1,0,1
jaw-droppingly_fantastic,1,1,0
mighty_persistent,1,1,0
mighty_nutritious,1,0,1
mildly_anti-social,1,1,0
mildly_apologetic,1,1,0
mildly_enlightening,1,0,1
mildly_custom,1,0,1
mildly_disoriented,1,0,1
mildly_disinterested,1,1,0
mildly_disgruntled,1,1,0
irresistibly_quotable,1,1,0
irresistibly_readable,1,0,1
mildly_disagreeable,1,1,0
mildly_different,1,0,1
mildly_devious,1,0,1
mildly_deranged,1,1,0
irresistibly_seductive,1,0,1
mildly_depraved,1,1,0
mildly_demonic,1,0,1
mildly_demented,1,1,0
mildly_dehydrated,1,1,0
mildly_deep,1,1,0
mildly_daring,1,1,0
mildly_dangerous,1,0,1
irresistibly_powerful,1,1,0
irresistibly_pleasing,1,1,0
mildly_dissatisfied,1,1,0
irresistibly_interesting,1,0,1
irresistibly_human,1,0,1
mildly_emotional,1,0,1
irresistibly_iconic,1,0,1
irresistibly_infectious,1,0,1
mildly_egregious,1,0,1
irresistibly_inspiring,1,0,1
mildly_edible,1,0,1
irresistibly_intriguing,1,0,1
mildly_dissonant,1,1,0
mildly_dreary,1,1,0
mildly_dramatic,1,1,0
irresistibly_magical,1,0,1
mildly_distressing,1,1,0
irresistibly_peaceful,1,1,0
mildly_distinct,1,1,0
irresistibly_perfect,1,1,0
mildly_damaging,1,1,0
irresistibly_simple,1,0,1
irritatingly_oblique,1,1,0
irresistibly_soft,1,1,0
irritatingly_conservative,1,1,0
mildly_cheerful,1,0,1
irritatingly_cryptic,1,0,1
mildly_bullish,1,1,0
mildly_brown,1,1,0
mildly_boring,1,1,0
mildly_better,1,0,1
irritatingly_dumb,1,1,0
irritatingly_elusive,1,1,0
irritatingly_evasive,1,1,0
mildly_awful,1,0,1
irritatingly_french,1,1,0
mildly_autobiographical,1,1,0
irritatingly_human,1,1,0
irritatingly_loud,1,1,0
irritatingly_noble,1,0,1
mildly_apprehensive,1,1,0
mildly_cliche,1,0,1
irritatingly_cocky,1,0,1
mildly_comfortable,1,1,0
irresistibly_tasty,1,1,0
irresistibly_strong,1,1,0
irresistibly_sublime,1,0,1
mildly_corrosive,1,1,0
mildly_convincing,1,1,0
mildly_contentious,1,0,1
mildly_contemptuous,1,1,0
mildly_constructive,1,0,1
mildly_conscious,1,1,0
irritatingly_cheerful,1,1,0
mildly_confusing,1,1,0
irresistibly_tempting,1,1,0
mildly_conflicted,1,1,0
irresistibly_terrible,1,0,1
mildly_complex,1,0,1
irresistibly_vulnerable,1,1,0
irresistibly_wacky,1,0,1
just_captivating,1,1,0
just_caring,1,1,0
mechanically_good,1,1,0
mentally_proud,1,0,1
mentally_pro-active,1,0,1
just_greek,1,1,0
mentally_powerful,1,1,0
mentally_overwhelmed,1,1,0
mentally_open,1,1,0
mentally_obstinate,1,1,0
mentally_nutritious,1,0,1
just_gung,1,1,0
mentally_lucid,1,1,0
mentally_laborious,1,1,0
mentally_keen,1,1,0
mentally_irritated,1,1,0
mentally_irregular,1,1,0
mentally_intricate,1,1,0
mentally_interesting,1,1,0
mentally_intensive,1,0,1
just_hairy,1,1,0
just_greatest,1,1,0
mentally_psychotic,1,1,0
merely_obstinate,1,1,0
mentally_quiet,1,1,0
just_galling,1,1,0
mentally_stressful,1,1,0
just_gentle,1,1,0
just_genuine,1,1,0
mentally_slower,1,1,0
just_ghastly,1,0,1
mentally_skillful,1,1,0
just_gigantic,1,1,0
mentally_sharper,1,1,0
just_glamorous,1,1,0
mentally_scared,1,1,0
just_global,1,1,0
mentally_right,1,1,0
mentally_resilient,1,1,0
just_gracious,1,1,0
mentally_related,1,1,0
just_gratified,1,1,0
mentally_indescribable,1,0,1
just_harmful,1,1,0
mentally_impossible,1,1,0
mentally_immature,1,1,0
just_horrified,1,1,0
mentally_distraught,1,1,0
mentally_disorganized,1,1,0
mentally_dishonest,1,1,0
just_humane,1,1,0
mentally_difficult,1,1,0
just_humanistic,1,1,0
mentally_devoid,1,1,0
just_humbling,1,1,0
mentally_dependent,1,1,0
mentally_delusional,1,1,0
mentally_deliberate,1,1,0
mentally_defunct,1,0,1
just_hurtful,1,1,0
mentally_damaging,1,1,0
mentally_crazy,1,1,0
mentally_cowardly,1,1,0
mentally_dominant,1,1,0
mentally_dysfunctional,1,0,1
just_homemade,1,1,0
mentally_fuzzy,1,1,0
just_hasty,1,1,0
mentally_idle,1,1,0
mentally_honest,1,1,0
mentally_high,1,0,1
just_heartless,1,1,0
mentally_healthier,1,1,0
just_hearty,1,1,0
mentally_fruitful,1,1,0
mentally_efficient,1,1,0
mentally_free,1,1,0
mentally_frazzled,1,1,0
just_hectic,1,1,0
mentally_fearful,1,1,0
just_historical,1,1,0
just_hokey,1,1,0
mentally_empty,1,1,0
just_fuller,1,1,0
mentally_stubborn,1,1,0
mentally_stupid,1,1,0
merely_alone,1,1,0
just_fallible,1,1,0
just_fanatical,1,1,0
just_fastidious,1,1,0
just_favorable,1,1,0
merely_anxious,1,1,0
merely_antithetical,1,1,0
merely_anti-israel,1,1,0
just_favorite,1,1,0
merely_annoyed,1,1,0
just_favourite,1,1,0
just_feminine,1,1,0
merely_analytical,1,1,0
merely_analogous,1,0,1
merely_amiable,1,1,0
just_feverish,1,1,0
merely_ambiguous,1,1,0
merely_amateur,1,1,0
merely_ashamed,1,1,0
just_faithful,1,1,0
just_factual,1,1,0
merely_awkward,1,1,0
just_exploitative,1,1,0
just_external,1,0,1
merely_benign,1,1,0
merely_beneficial,1,1,0
merely_barbaric,1,1,0
merely_baffling,1,1,0
just_eye-catching,1,1,0
just_eye-popping,1,1,0
merely_atmospheric,1,1,0
just_fab,1,1,0
just_facile,1,1,0
merely_automatic,1,1,0
merely_authentic,1,1,0
merely_atypical,1,1,0
merely_attractive,1,1,0
merely_atrocious,1,1,0
merely_alright,1,1,0
merely_allergic,1,1,0
mentally_stylish,1,1,0
merely_alive,1,1,0
mercifully_brief,1,1,0
just_flexible,1,1,0
mentally_younger,1,1,0
just_flirty,1,1,0
just_floral,1,1,0
mentally_upset,1,1,0
mentally_unwilling,1,1,0
just_focused,1,1,0
just_foreboding,1,1,0
mentally_unsafe,1,1,0
mentally_unaware,1,1,0
mentally_traumatic,1,1,0
just_frigid,1,1,0
mentally_tiring,1,1,0
just_fruity,1,1,0
mentally_supple,1,1,0
mentally_superior,1,1,0
mercifully_easy,1,1,0
mercifully_flat,1,1,0
just_flattered,1,1,0
just_fiery,1,1,0
merely_akin,1,1,0
merely_aged,1,1,0
just_fickle,1,1,0
merely_affective,1,1,0
just_fictitious,1,1,0
just_fierce,1,0,1
merely_admissible,1,1,0
just_finicky,1,1,0
mercifully_good,1,1,0
just_fishy,1,1,0
just_flabbergasted,1,1,0
merely_abstract,1,0,1
merely_absolute,1,1,0
just_flaky,1,1,0
mercifully_unfamiliar,1,0,1
mercifully_small,1,1,0
just_hyperactive,1,1,0
just_idealistic,1,1,0
mentally_comforting,1,1,0
medically_exempt,1,1,0
medically_inadequate,1,1,0
just_insidious,1,1,0
medically_improbable,1,1,0
medically_impoverished,1,1,0
medically_impossible,1,0,1
medically_illegitimate,1,1,0
medically_ill-equipped,1,1,0
just_insincere,1,1,0
medically_ignorant,1,1,0
medically_honest,1,1,0
medically_heavy,1,1,0
medically_harmless,1,1,0
medically_hard,1,1,0
medically_germane,1,0,1
medically_futile,1,1,0
just_inspirational,1,1,0
just_instant,1,1,0
just_innovative,1,1,0
medically_incapable,1,1,0
medically_inclined,1,1,0
just_infinite,1,1,0
medically_overweight,1,1,0
medically_ok,1,1,0
medically_negligent,1,1,0
just_infectious,1,1,0
just_inferior,1,1,0
medically_meaningless,1,1,0
medically_legal,1,1,0
medically_irrelevant,1,1,0
medically_incompatible,1,1,0
just_influential,1,1,0
just_informal,1,1,0
just_inhumane,1,0,1
medically_ineligible,1,1,0
medically_incurable,1,1,0
medically_inconclusive,1,1,0
medically_incompetent,1,1,0
just_instrumental,1,1,0
just_insular,1,1,0
just_ineffectual,1,1,0
just_intelligent,1,1,0
mechanically_strong,1,1,0
mechanically_stressful,1,1,0
mechanically_straightforward,1,0,1
just_irate,1,1,0
mechanically_simple,1,1,0
mechanically_similar,1,0,1
mechanically_separate,1,1,0
mechanically_sensitive,1,1,0
mechanically_satisfying,1,0,1
mechanically_reliable,1,1,0
mechanically_recyclable,1,1,0
mechanically_precise,1,1,0
mechanically_possible,1,1,0
mechanically_perfect,1,1,0
mechanically_noisy,1,1,0
mechanically_ingenious,1,1,0
mechanically_inept,1,1,0
mechanically_sturdy,1,1,0
mechanically_unreliable,1,1,0
mechanically_worse,1,1,0
medically_correct,1,1,0
medically_eligible,1,1,0
just_intent,1,0,1
medically_disadvantaged,1,1,0
medically_desirable,1,1,0
medically_delusional,1,1,0
medically_dead,1,1,0
just_intentional,1,1,0
medically_controversial,1,1,0
medically_accessible,1,1,0
just_intentioned,1,1,0
just_interchangeable,1,1,0
medically_complete,1,1,0
just_international,1,1,0
medically_bankrupt,1,1,0
medically_at-risk,1,1,0
just_introspective,1,1,0
medically_plausible,1,1,0
medically_probable,1,1,0
mentally_clearer,1,1,0
memorably_dramatic,1,1,0
mentally_able,1,1,0
memorably_weary,1,1,0
memorably_visceral,1,1,0
memorably_unexpected,1,0,1
memorably_tasty,1,1,0
memorably_succinct,1,1,0
memorably_sly,1,1,0
memorably_silly,1,1,0
memorably_scathing,1,1,0
memorably_psychotic,1,1,0
memorably_nice,1,1,0
memorably_lurid,1,0,1
memorably_indulgent,1,0,1
memorably_hilarious,1,0,1
memorably_gruesome,1,1,0
memorably_funny,1,1,0
memorably_forthright,1,0,1
just_immediate,1,1,0
just_imbalanced,1,1,0
just_illustrative,1,1,0
mentally_beautiful,1,0,1
mentally_claustrophobic,1,1,0
just_idiosyncratic,1,1,0
mentally_captivating,1,1,0
mentally_calming,1,0,1
mentally_bigger,1,0,1
mentally_better,1,1,0
mentally_best,1,1,0
mentally_bad,1,1,0
mentally_accountable,1,1,0
mentally_aware,1,1,0
mentally_ambiguous,1,1,0
mentally_aloof,1,1,0
mentally_alert,1,1,0
mentally_agile,1,1,0
mentally_advanced,1,1,0
just_iffy,1,1,0
memorably_forgettable,1,1,0
memorably_disgusting,1,1,0
medically_problematic,1,1,0
memorably_difficult,1,0,1
medically_unethical,1,0,1
medically_unconscious,1,1,0
medically_unavailable,1,1,0
just_inaudible,1,1,0
just_inconceivable,1,1,0
medically_technical,1,1,0
medically_suitable,1,1,0
just_inconclusive,1,1,0
just_incongruous,1,1,0
medically_sinister,1,0,1
just_inconsequential,1,1,0
just_indecent,1,1,0
medically_risky,1,1,0
just_industrial,1,1,0
just_industrious,1,1,0
medically_prudent,1,1,0
medically_proper,1,1,0
just_improper,1,1,0
just_improbable,1,1,0
just_impolite,1,1,0
medically_verifiable,1,0,1
memorably_different,1,0,1
memorably_brilliant,1,1,0
just_immortal,1,1,0
memorably_bad,1,1,0
memorably_awful,1,1,0
just_impassable,1,1,0
medically_worrisome,1,0,1
just_impervious,1,1,0
just_implausible,1,1,0
medically_unwell,1,1,0
medically_unwarranted,1,1,0
medically_unwanted,1,1,0
medically_unsuitable,1,1,0
medically_unstable,1,1,0
medically_unsound,1,1,0
medically_unsafe,1,1,0
merely_bland,1,1,0
just_expendable,1,1,0
merely_blind,1,1,0
merely_hungry,1,1,0
just_cunning,1,1,0
just_curvy,1,1,0
merely_inaccurate,1,1,0
merely_inaccessible,1,1,0
merely_impulsive,1,1,0
merely_impractical,1,1,0
merely_impossible,1,1,0
merely_immature,1,1,0
just_darn,1,1,0
merely_illusory,1,0,1
merely_illiquid,1,1,0
merely_ill,1,1,0
just_debatable,1,1,0
just_deceitful,1,1,0
merely_ideological,1,1,0
just_deeper,1,1,0
merely_hypocritical,1,1,0
merely_incendiary,1,1,0
just_cumbersome,1,1,0
merely_inclined,1,0,1
merely_inevitable,1,1,0
merely_insightful,1,1,0
merely_insane,1,1,0
merely_inopportune,1,1,0
just_courteous,1,1,0
just_cowardly,1,1,0
just_cramped,1,1,0
merely_informational,1,1,0
merely_ineffective,1,1,0
just_cultural,1,1,0
merely_indirect,1,1,0
merely_independent,1,1,0
merely_indecent,1,1,0
just_crooked,1,1,0
merely_incorrect,1,1,0
merely_incomplete,1,1,0
just_crunchy,1,1,0
just_deficient,1,1,0
just_deft,1,1,0
merely_instinctive,1,1,0
merely_humid,1,1,0
merely_gross,1,1,0
merely_grim,1,1,0
merely_grey,1,1,0
just_dependant,1,1,0
merely_grateful,1,1,0
merely_grandiose,1,1,0
just_desirous,1,1,0
just_detectable,1,1,0
merely_glad,1,1,0
merely_gigantic,1,1,0
merely_generic,1,1,0
just_devious,1,1,0
just_dicey,1,1,0
just_diligent,1,1,0
just_dim,1,1,0
merely_fun,1,1,0
just_dire,1,1,0
merely_grotesque,1,0,1
merely_grumpy,1,1,0
just_dental,1,1,0
merely_homesick,1,1,0
merely_humble,1,1,0
merely_humanitarian,1,1,0
just_dejected,1,1,0
merely_hot,1,1,0
merely_horny,1,1,0
just_delinquent,1,1,0
merely_honest,1,1,0
just_demeaning,1,1,0
merely_hard,1,1,0
merely_hip,1,1,0
merely_hilarious,1,1,0
merely_high,1,1,0
merely_hideous,1,1,0
merely_heroic,1,1,0
merely_heretical,1,1,0
merely_harmless,1,1,0
merely_insipid,1,1,0
merely_instructive,1,1,0
merely_frivolous,1,1,0
merely_mean,1,1,0
just_chuffed,1,1,0
just_classical,1,1,0
just_claustrophobic,1,1,0
merely_mundane,1,1,0
merely_muddy,1,1,0
just_cleaner,1,1,0
merely_moral,1,1,0
just_clingy,1,1,0
just_coarse,1,1,0
just_coherent,1,1,0
merely_mild,1,1,0
merely_metaphorical,1,1,0
merely_messy,1,1,0
just_collectible,1,1,0
just_colorless,1,1,0
just_colourful,1,1,0
merely_mechanical,1,0,1
merely_narcissistic,1,1,0
merely_nationalist,1,1,0
merely_naughty,1,1,0
merely_novice,1,1,0
merely_obsessive,1,1,0
merely_observant,1,1,0
just_catholic,1,1,0
merely_obnoxious,1,1,0
merely_obligatory,1,1,0
merely_objective,1,1,0
just_ceremonial,1,1,0
merely_nonsense,1,0,1
just_chill,1,1,0
merely_nondescript,1,1,0
just_chatty,1,1,0
just_cheery,1,1,0
merely_nerdy,1,1,0
just_chemical,1,1,0
just_chewy,1,1,0
merely_needy,1,1,0
merely_meaningful,1,1,0
merely_mathematical,1,1,0
merely_insufficient,1,1,0
merely_mad,1,1,0
merely_knowledgeable,1,1,0
merely_juvenile,1,1,0
merely_judicious,1,1,0
merely_joyous,1,0,1
just_considerate,1,1,0
merely_jaded,1,1,0
just_continuous,1,1,0
merely_irregular,1,1,0
just_conversational,1,1,0
merely_irksome,1,1,0
merely_involved,1,1,0
merely_intuitive,1,1,0
merely_intrusive,1,1,0
just_cordial,1,1,0
just_corporate,1,1,0
merely_intelligent,1,1,0
just_counter-intuitive,1,1,0
just_confrontational,1,1,0
merely_large,1,0,1
just_condescending,1,1,0
merely_louder,1,1,0
merely_lyrical,1,1,0
merely_lukewarm,1,1,0
merely_ludicrous,1,1,0
just_comedic,1,1,0
merely_low,1,1,0
merely_lovely,1,1,0
merely_lousy,1,1,0
merely_loud,1,1,0
just_complicit,1,1,0
just_comfy,1,1,0
just_comical,1,1,0
merely_linear,1,1,0
merely_limp,1,1,0
merely_likeable,1,1,0
merely_light,1,0,1
merely_libelous,1,1,0
merely_frustrating,1,1,0
merely_friendly,1,1,0
merely_boring,1,1,0
just_energetic,1,1,0
merely_dead,1,1,0
merely_dark,1,1,0
merely_damaged,1,1,0
merely_daft,1,1,0
merely_cute,1,1,0
just_electrifying,1,1,0
merely_criminal,1,1,0
just_elite,1,1,0
merely_crass,1,1,0
just_elitist,1,1,0
merely_cowardly,1,1,0
merely_correct,1,1,0
merely_cool,1,1,0
just_empathetic,1,1,0
just_enchanting,1,1,0
merely_contrived,1,1,0
merely_contextual,1,1,0
merely_deadly,1,1,0
merely_debatable,1,1,0
merely_deceitful,1,1,0
merely_deranged,1,1,0
just_durable,1,1,0
merely_devoid,1,1,0
merely_deviant,1,1,0
merely_determined,1,1,0
just_dystopian,1,1,0
just_economical,1,1,0
merely_derivative,1,1,0
merely_depressing,1,1,0
just_effeminate,1,1,0
just_edgy,1,1,0
merely_dependent,1,1,0
merely_dependable,1,1,0
just_eerie,1,0,1
merely_delicious,1,1,0
merely_dehydrated,1,1,0
merely_defensive,1,1,0
merely_consistent,1,1,0
merely_congenial,1,1,0
merely_direct,1,1,0
just_enigmatic,1,1,0
just_evangelical,1,1,0
merely_clear,1,1,0
merely_clean,1,1,0
merely_claustrophobic,1,1,0
merely_circumstantial,1,0,1
just_evasive,1,1,0
merely_charitable,1,1,0
merely_chaotic,1,0,1
just_even-handed,1,1,0
merely_cerebral,1,1,0
merely_caustic,1,1,0
merely_casual,1,1,0
just_excitable,1,1,0
just_exemplary,1,1,0
merely_burdensome,1,1,0
merely_brutal,1,1,0
merely_brown,1,0,1
merely_clumsy,1,1,0
merely_clunky,1,1,0
merely_coarse,1,1,0
just_enthralling,1,1,0
merely_confident,1,1,0
merely_conducive,1,0,1
just_enormous,1,1,0
merely_conceptual,1,1,0
merely_complicated,1,1,0
merely_compliant,1,1,0
merely_complementary,1,1,0
merely_competitive,1,1,0
merely_coherent,1,1,0
merely_compelling,1,1,0
merely_commonplace,1,1,0
merely_commercial,1,1,0
just_erratic,1,1,0
merely_colorful,1,1,0
just_eternal,1,1,0
just_ethnic,1,1,0
merely_diplomatic,1,1,0
merely_dirty,1,1,0
merely_free,1,1,0
merely_excellent,1,1,0
merely_fanciful,1,1,0
merely_famous,1,1,0
merely_familiar,1,1,0
merely_false,1,1,0
merely_faithful,1,1,0
merely_fair,1,1,0
merely_facile,1,0,1
merely_extreme,1,1,0
just_disheveled,1,1,0
merely_expressive,1,1,0
just_disjointed,1,1,0
just_dismal,1,1,0
merely_experiential,1,1,0
merely_expedient,1,1,0
merely_exotic,1,1,0
just_dismayed,1,1,0
merely_exciting,1,0,1
merely_fantastical,1,1,0
merely_fascinating,1,1,0
merely_fashionable,1,1,0
merely_flattered,1,1,0
just_dirtier,1,1,0
just_disastrous,1,1,0
merely_forgettable,1,1,0
just_disconcerting,1,0,1
just_discreet,1,1,0
merely_foolhardy,1,1,0
merely_fond,1,1,0
merely_flat,1,1,0
just_discretionary,1,1,0
merely_flaky,1,1,0
merely_finite,1,0,1
merely_fine,1,1,0
merely_financial,1,1,0
merely_figurative,1,1,0
merely_fictitious,1,1,0
merely_festive,1,0,1
merely_excited,1,1,0
merely_exasperating,1,1,0
just_dubious,1,1,0
merely_evocative,1,1,0
just_diverse,1,1,0
just_dogmatic,1,1,0
merely_dumb,1,1,0
just_dominate,1,1,0
merely_dubious,1,1,0
merely_drab,1,1,0
just_dorky,1,1,0
merely_dogmatic,1,1,0
just_doubtful,1,1,0
just_drab,1,1,0
merely_distant,1,1,0
merely_dissimilar,1,1,0
just_dreary,1,1,0
merely_dishonest,1,1,0
merely_disgusting,1,1,0
merely_disgraceful,1,1,0
merely_discriminatory,1,1,0
just_distrustful,1,1,0
merely_edible,1,1,0
just_distressing,1,1,0
merely_enthusiastic,1,1,0
merely_evil,1,1,0
merely_essential,1,1,0
merely_erroneous,1,1,0
merely_erratic,1,1,0
merely_equivalent,1,1,0
merely_ephemeral,1,1,0
merely_envious,1,1,0
merely_endangered,1,1,0
merely_effective,1,1,0
just_disproportionate,1,1,0
merely_emphatic,1,1,0
just_disrespectful,1,1,0
just_disruptive,1,1,0
just_distinct,1,1,0
merely_eligible,1,1,0
merely_efficient,1,1,0
mainly_dominant,1,1,0
just_wicked,1,1,0
mainly_dependable,1,1,0
later_advanced,1,1,0
less_troubled,1,1,0
less_tropical,1,0,1
later_commercial,1,1,0
less_trite,1,0,1
less_trippy,1,1,0
less_tricky,1,0,1
less_tribal,1,1,0
later_confused,1,1,0
later_consistent,1,1,0
later_dependable,1,1,0
later_determined,1,1,0
later_disappointed,1,1,0
less_translucent,1,1,0
less_transient,1,0,1
less_transgender,1,1,0
less_transformative,1,1,0
less_transactional,1,1,0
later_ashamed,1,1,0
later_acceptable,1,0,1
legally_female,1,1,0
largely_wishful,1,1,0
less_uncontroversial,1,1,0
less_uncompromising,1,0,1
less_uncomplicated,1,1,0
largely_useful,1,0,1
less_unclear,1,1,0
less_unchanged,1,1,0
largely_vacant,1,1,0
less_unbelievable,1,0,1
largely_vacuous,1,1,0
less_unappealing,1,1,0
less_unaffordable,1,1,0
less_unaffected,1,1,0
largely_verbal,1,1,0
largely_visceral,1,1,0
largely_visual,1,1,0
less_turbulent,1,1,0
largely_welcome,1,1,0
later_easier,1,1,0
less_tranquil,1,1,0
later_elderly,1,1,0
later_equivalent,1,1,0
laughably_bizarre,1,1,0
laughably_bogus,1,1,0
laughably_broad,1,1,0
laughably_cartoony,1,0,1
less_theatrical,1,0,1
less_thankful,1,1,0
less_textured,1,0,1
laughably_cheap,1,1,0
less_terrified,1,1,0
laughably_cheesy,1,1,0
laughably_contrived,1,1,0
laughably_corny,1,1,0
less_tenacious,1,1,0
laughably_crass,1,1,0
laughably_effective,1,1,0
laughably_embarrassing,1,1,0
laughably_familiar,1,1,0
laughably_basic,1,1,0
laughably_amateurish,1,1,0
later_welcome,1,1,0
later_most,1,1,0
less_traceable,1,0,1
later_grateful,1,1,0
later_harmful,1,1,0
later_italian,1,1,0
less_touchy,1,0,1
later_lucrative,1,1,0
less_totalitarian,1,0,1
later_ready,1,1,0
later_unsubstantiated,1,1,0
later_resistant,1,1,0
less_titillating,1,0,1
later_responsible,1,1,0
less_timid,1,1,0
later_successful,1,1,0
later_tense,1,1,0
later_turkish,1,1,0
less_uncool,1,0,1
less_undefined,1,1,0
largely_unusual,1,1,0
less_upset,1,1,0
less_verbatim,1,1,0
largely_undecided,1,1,0
less_veiled,1,1,0
less_vegetarian,1,1,0
largely_under-appreciated,1,1,0
less_vapid,1,0,1
largely_undiscovered,1,1,0
largely_uneducated,1,1,0
less_valiant,1,1,0
largely_unexplained,1,0,1
less_utopian,1,0,1
largely_unfinished,1,1,0
largely_unimaginable,1,1,0
largely_uninhabited,1,1,0
largely_uninspiring,1,1,0
largely_uninteresting,1,0,1
largely_uninterrupted,1,1,0
less_verbose,1,1,0
largely_uncontroversial,1,1,0
less_vexing,1,1,0
largely_transparent,1,1,0
largely_stereotypical,1,1,0
largely_strategic,1,0,1
largely_suggestive,1,1,0
largely_tangential,1,0,1
largely_technological,1,1,0
largely_traceable,1,1,0
less_visual,1,1,0
largely_unable,1,1,0
largely_unclear,1,1,0
less_viral,1,0,1
largely_unaccounted,1,1,0
less_vintage,1,0,1
less_villainous,1,1,0
largely_unaffordable,1,1,0
largely_unappealing,1,1,0
largely_unassuming,1,0,1
less_upsetting,1,1,0
less_uplifting,1,0,1
less_underwater,1,1,0
less_uphill,1,1,0
less_unnoticeable,1,1,0
largely_unrecognized,1,0,1
largely_unreliable,1,1,0
largely_unscathed,1,1,0
largely_unstructured,1,1,0
largely_unsubstantiated,1,1,0
largely_unsuited,1,1,0
largely_unthinkable,1,1,0
largely_untold,1,1,0
less_unfriendly,1,1,0
less_unfortunate,1,1,0
less_unfavorable,1,1,0
largely_untrue,1,1,0
less_unethical,1,1,0
less_unequal,1,1,0
less_undesirable,1,1,0
less_underwhelming,1,1,0
largely_unrecognizable,1,0,1
largely_unreadable,1,1,0
largely_unreachable,1,1,0
largely_unoccupied,1,1,0
less_upfront,1,1,0
largely_unique,1,1,0
less_unwise,1,0,1
less_unwieldy,1,0,1
largely_unmoved,1,1,0
less_unsustainable,1,1,0
largely_unnecessary,1,1,0
less_unsettling,1,0,1
less_unprecedented,1,1,0
largely_unpopular,1,1,0
less_unsavory,1,0,1
largely_unprecedented,1,1,0
less_unremarkable,1,1,0
less_unrelated,1,1,0
largely_unproductive,1,1,0
largely_unprofitable,1,1,0
less_temperate,1,1,0
laughably_foolish,1,1,0
laughably_frail,1,1,0
legally_authoritative,1,1,0
least_satisfying,1,1,0
least_serious,1,1,0
least_suitable,1,1,0
least_surprising,1,1,0
less_spartan,1,0,1
least_sympathetic,1,1,0
less_sparkly,1,0,1
less_spanish,1,0,1
less_sour,1,0,1
less_sound,1,1,0
less_sordid,1,0,1
least_visible,1,1,0
least_worried,1,1,0
legally_absurd,1,1,0
less_solitary,1,1,0
legally_appropriate,1,1,0
less_solemn,1,1,0
least_responsible,1,1,0
less_spirited,1,0,1
least_prepared,1,0,1
least_menacing,1,1,0
less_stern,1,0,1
less_sterile,1,0,1
least_enthusiastic,1,1,0
least_excited,1,1,0
least_functional,1,1,0
least_impressive,1,0,1
least_knowledgeable,1,1,0
least_obvious,1,1,0
least_preferable,1,1,0
least_pleasant,1,1,0
less_stagnant,1,1,0
less_staggering,1,0,1
least_popular,1,0,1
least_predictable,1,1,0
less_square,1,1,0
less_spry,1,0,1
less_soggy,1,0,1
less_sociable,1,1,0
least_curious,1,1,0
less_snowy,1,1,0
less_singular,1,0,1
legally_dicey,1,1,0
less_simplistic,1,0,1
legally_distinct,1,1,0
legally_dominant,1,1,0
legally_easy,1,1,0
legally_edible,1,0,1
less_shrewd,1,0,1
legally_elaborate,1,1,0
less_short-sighted,1,1,0
legally_equal,1,1,0
legally_equivalent,1,0,1
legally_established,1,1,0
legally_excellent,1,1,0
legally_feasible,1,0,1
less_shallow,1,0,1
less_shaky,1,1,0
legally_defensible,1,1,0
less_skewed,1,0,1
legally_defective,1,1,0
less_smarter,1,1,0
less_snarky,1,0,1
less_snappy,1,1,0
less_smug,1,1,0
legally_bizarre,1,1,0
less_smoky,1,1,0
less_smitten,1,0,1
legally_carefree,1,1,0
legally_challenging,1,1,0
legally_deaf,1,1,0
legally_clean,1,1,0
less_slow,1,1,0
legally_controversial,1,1,0
less_slimy,1,0,1
legally_cumbersome,1,1,0
less_sleepy,1,1,0
less_skittish,1,1,0
least_effective,1,1,0
less_stilted,1,1,0
laughably_frivolous,1,1,0
less_sumptuous,1,1,0
less_sweeter,1,0,1
laughably_inefficient,1,1,0
laughably_infrequent,1,1,0
less_sweaty,1,0,1
laughably_ironic,1,1,0
laughably_lame,1,1,0
laughably_literal,1,1,0
laughably_ludicrous,1,1,0
laughably_mediocre,1,1,0
laughably_melodramatic,1,1,0
laughably_morose,1,1,0
less_supreme,1,1,0
laughably_one-sided,1,1,0
less_supervised,1,1,0
laughably_outlandish,1,1,0
laughably_overwrought,1,1,0
laughably_ponderous,1,1,0
less_symmetrical,1,1,0
laughably_incorrect,1,1,0
less_symptomatic,1,1,0
laughably_ignorant,1,1,0
laughably_fun,1,1,0
laughably_goofy,1,1,0
less_tantalizing,1,1,0
less_tannic,1,1,0
less_tangy,1,1,0
laughably_hilarious,1,1,0
laughably_hysterical,1,1,0
laughably_implausible,1,1,0
laughably_incompetent,1,1,0
laughably_improbable,1,1,0
less_tactile,1,1,0
less_tactical,1,1,0
laughably_inaccurate,1,1,0
laughably_inadequate,1,1,0
less_taboo,1,1,0
laughably_inappropriate,1,1,0
laughably_powerful,1,1,0
laughably_silly,1,1,0
least_crowded,1,1,0
laughably_similar,1,1,0
less_structural,1,0,1
less_stronger,1,1,0
lawfully_accountable,1,1,0
lawfully_available,1,1,0
lawfully_liable,1,1,0
least_aggressive,1,1,0
least_appealing,1,0,1
least_awful,1,1,0
least_capable,1,1,0
least_comfortable,1,1,0
least_competent,1,1,0
least_consistent,1,1,0
less_straight,1,1,0
less_stormy,1,1,0
less_stoked,1,1,0
least_costly,1,1,0
less_stingy,1,1,0
laughably_untrained,1,1,0
laughably_unsafe,1,1,0
less_stuck,1,1,0
laughably_tight,1,1,0
less_succinct,1,0,1
laughably_sinister,1,1,0
laughably_sketchy,1,1,0
laughably_skimpy,1,1,0
laughably_strange,1,1,0
laughably_superficial,1,1,0
laughably_tame,1,1,0
laughably_transparent,1,1,0
less_studious,1,0,1
laughably_trivial,1,1,0
less_subconscious,1,1,0
less_suave,1,0,1
laughably_true,1,1,0
laughably_unfit,1,1,0
laughably_unqualified,1,1,0
less_stuffy,1,1,0
largely_state-owned,1,1,0
largely_spontaneous,1,1,0
largely_spiritual,1,0,1
likely_homeless,1,1,0
likely_ineffective,1,1,0
likely_incurable,1,1,0
likely_incorrect,1,0,1
largely_impervious,1,1,0
likely_incidental,1,1,0
largely_impossible,1,0,1
likely_inactive,1,1,0
largely_impotent,1,1,0
likely_immune,1,1,0
likely_imminent,1,1,0
likely_illusory,1,1,0
largely_impractical,1,1,0
largely_inactive,1,1,0
likely_icky,1,0,1
likely_human,1,1,0
likely_honorable,1,1,0
likely_honest,1,1,0
largely_imperfect,1,1,0
largely_imperceptible,1,1,0
largely_impenetrable,1,1,0
likely_jealous,1,1,0
likely_lawful,1,1,0
likely_later,1,1,0
likely_last,1,1,0
likely_large,1,1,0
likely_lacking,1,1,0
likely_junior,1,1,0
likely_jewish,1,1,0
likely_japanese,1,1,0
likely_insane,1,1,0
largely_identical,1,0,1
likely_irreplaceable,1,1,0
likely_irrelevant,1,1,0
largely_illegal,1,1,0
likely_invalid,1,1,0
likely_introverted,1,1,0
likely_intentional,1,1,0
likely_homosexual,1,1,0
likely_hispanic,1,1,0
likely_legit,1,1,0
largely_inappropriate,1,1,0
largely_inconspicuous,1,1,0
largely_incorrect,1,1,0
largely_industrial,1,0,1
likely_exclusive,1,0,1
likely_european,1,1,0
likely_environmental,1,1,0
likely_enthusiastic,1,1,0
largely_ineffectual,1,1,0
likely_enduring,1,0,1
likely_endangered,1,1,0
largely_inert,1,1,0
largely_inexperienced,1,1,0
likely_ecstatic,1,1,0
likely_easy,1,1,0
likely_easier,1,1,0
likely_drunk,1,1,0
largely_insufficient,1,1,0
likely_fatal,1,0,1
likely_fearful,1,1,0
likely_few,1,1,0
likely_full,1,1,0
likely_hazardous,1,1,0
largely_incompatible,1,1,0
likely_habitable,1,1,0
likely_greener,1,1,0
likely_great,1,1,0
likely_glad,1,1,0
likely_gay,1,1,0
likely_fresh,1,1,0
likely_fifth,1,1,0
likely_free,1,1,0
likely_fortunate,1,1,0
likely_foreign,1,1,0
likely_foolish,1,1,0
likely_flawed,1,1,0
likely_fixable,1,1,0
largely_inconsistent,1,1,0
largely_hypothetical,1,1,0
likely_less,1,1,0
likely_disposable,1,1,0
likely_prohibitive,1,1,0
likely_safe,1,1,0
likely_sad,1,1,0
likely_risky,1,1,0
likely_right,1,1,0
largely_formulaic,1,1,0
largely_french,1,1,0
largely_frustrating,1,1,0
likely_regressive,1,1,0
likely_regional,1,1,0
likely_reflective,1,1,0
likely_recyclable,1,1,0
likely_recreational,1,1,0
likely_real,1,1,0
largely_gloomy,1,1,0
likely_raw,1,1,0
likely_rare,1,1,0
likely_radioactive,1,1,0
likely_seasonal,1,1,0
likely_serious,1,1,0
largely_fluent,1,1,0
likely_structural,1,1,0
likely_thrilled,1,1,0
likely_temporary,1,1,0
largely_favorable,1,1,0
likely_subjective,1,1,0
largely_female,1,1,0
likely_subconscious,1,1,0
likely_stupid,1,1,0
likely_squeamish,1,1,0
largely_fine,1,1,0
likely_sorry,1,1,0
likely_somber,1,1,0
likely_smarter,1,1,0
likely_smart,1,1,0
likely_smaller,1,0,1
largely_fictitious,1,1,0
likely_significant,1,1,0
likely_psychological,1,1,0
likely_preventable,1,1,0
largely_humorous,1,1,0
likely_presidential,1,1,0
likely_obvious,1,1,0
likely_obese,1,1,0
likely_noticeable,1,1,0
likely_next,1,1,0
likely_nervous,1,1,0
likely_negative,1,1,0
largely_hispanic,1,1,0
likely_mythical,1,1,0
likely_mundane,1,1,0
largely_homegrown,1,1,0
largely_homemade,1,1,0
likely_missing,1,1,0
likely_mindful,1,1,0
likely_memorable,1,1,0
largely_homogeneous,1,1,0
likely_lucky,1,1,0
largely_homogenous,1,1,0
likely_official,1,1,0
likely_ok,1,1,0
likely_okay,1,1,0
likely_own,1,1,0
largely_good,1,1,0
likely_possible,1,1,0
likely_positive,1,1,0
largely_gothic,1,1,0
likely_pleased,1,1,0
likely_physical,1,0,1
likely_permanent,1,1,0
likely_overrated,1,1,0
likely_old,1,1,0
largely_governmental,1,1,0
largely_gratuitous,1,1,0
likely_outdoors,1,1,0
likely_outdated,1,1,0
largely_hairless,1,1,0
likely_optional,1,1,0
largely_helpless,1,1,0
likely_domestic,1,1,0
likely_disinterested,1,1,0
largely_solitary,1,1,0
largely_peripheral,1,1,0
lightly_competitive,1,1,0
lightly_comical,1,1,0
lightly_comedic,1,1,0
lightly_clad,1,1,0
largely_overgrown,1,1,0
lightly_breezy,1,1,0
lightly_bitter,1,1,0
lightly_awkward,1,1,0
lightly_asleep,1,1,0
lightly_armored,1,1,0
largely_overweight,1,1,0
largely_partisan,1,1,0
lightly_agricultural,1,1,0
lightly_aged,1,1,0
lightly_active,1,1,0
largely_passable,1,1,0
largely_passive,1,1,0
largely_outdated,1,1,0
largely_organic,1,1,0
lightly_damp,1,1,0
lightly_firm,1,1,0
largely_optional,1,1,0
lightly_funny,1,0,1
lightly_full,1,1,0
lightly_frosty,1,1,0
lightly_fragrant,1,1,0
lightly_floral,1,0,1
lightly_flat,1,1,0
lightly_feverish,1,1,0
lightly_delicate,1,1,0
lightly_familiar,1,1,0
lightly_evident,1,1,0
lightly_erotic,1,1,0
lightly_entertaining,1,1,0
lightly_dry,1,1,0
largely_oral,1,1,0
lightly_detectable,1,1,0
less_zany,1,1,0
less_younger,1,0,1
lightly_heavy,1,1,0
largely_physical,1,1,0
largely_representative,1,1,0
largely_republican,1,1,0
largely_residential,1,1,0
largely_rhetorical,1,1,0
largely_right,1,1,0
less_whole,1,1,0
largely_robotic,1,1,0
largely_satisfied,1,1,0
largely_scientific,1,1,0
less_western,1,1,0
largely_secondary,1,1,0
largely_secular,1,0,1
largely_sensible,1,0,1
largely_shiite,1,1,0
largely_simple,1,1,0
largely_skeptical,1,1,0
largely_socialist,1,1,0
largely_relational,1,1,0
largely_regressive,1,1,0
largely_recognizable,1,1,0
largely_prohibitive,1,1,0
largely_placid,1,1,0
less_wrenching,1,1,0
largely_poor,1,1,0
largely_possible,1,1,0
less_worthless,1,0,1
largely_pragmatic,1,1,0
largely_private,1,1,0
largely_quiet,1,1,0
less_wistful,1,0,1
less_worldly,1,1,0
largely_reactive,1,1,0
less_wooden,1,1,0
less_wonky,1,0,1
largely_ready,1,1,0
less_wobbly,1,0,1
less_witty,1,1,0
largely_opportunistic,1,1,0
lightly_hued,1,1,0
likely_digital,1,1,0
likely_anxious,1,1,0
largely_low-income,1,1,0
largely_loyal,1,1,0
likely_blind,1,1,0
likely_bisexual,1,1,0
largely_male,1,1,0
largely_metaphorical,1,1,0
likely_beneficial,1,1,0
largely_military,1,1,0
likely_awful,1,1,0
largely_moot,1,1,0
likely_avoidable,1,1,0
largely_more,1,1,0
likely_autistic,1,1,0
likely_authentic,1,1,0
largely_mundane,1,1,0
likely_attractive,1,1,0
largely_muslim,1,1,0
largely_local,1,1,0
likely_christian,1,1,0
largely_laudable,1,0,1
largely_intuitive,1,1,0
likely_difficult,1,1,0
largely_interested,1,1,0
largely_internal,1,1,0
likely_depressed,1,1,0
likely_dependent,1,1,0
likely_deductible,1,1,0
likely_deadly,1,1,0
likely_damaging,1,1,0
likely_closer,1,1,0
likely_costly,1,1,0
likely_corrupt,1,1,0
largely_irreversible,1,1,0
likely_conscious,1,1,0
likely_complete,1,1,0
largely_lacking,1,0,1
likely_comfortable,1,1,0
largely_mysterious,1,1,0
likely_anecdotal,1,1,0
lightly_humorous,1,1,0
likely_alive,1,1,0
lightly_romantic,1,1,0
lightly_related,1,1,0
lightly_regarded,1,1,0
lightly_refreshing,1,1,0
lightly_radioactive,1,1,0
lightly_pink,1,1,0
largely_open,1,1,0
lightly_overcast,1,1,0
lightly_moist,1,1,0
lightly_misleading,1,1,0
lightly_melodic,1,1,0
lightly_larger,1,1,0
lightly_ironic,1,1,0
lightly_introspective,1,1,0
lightly_interactive,1,1,0
lightly_inflammatory,1,0,1
lightly_impressed,1,1,0
lightly_sarcastic,1,1,0
lightly_satirical,1,1,0
lightly_seasoned,1,1,0
largely_okay,1,1,0
largely_national,1,1,0
likely_active,1,1,0
largely_near,1,1,0
likely_accessible,1,1,0
likely_abusive,1,1,0
largely_negligible,1,1,0
lightly_yellow,1,1,0
largely_online,1,1,0
lightly_serious,1,1,0
lightly_unconscious,1,1,0
lightly_thinner,1,1,0
largely_opaque,1,1,0
lightly_sultry,1,0,1
lightly_spicy,1,1,0
lightly_sour,1,1,0
lightly_soft,1,1,0
less_shadowy,1,0,1
less_sexualized,1,0,1
mainly_delusional,1,1,0
less_deft,1,0,1
less_degrading,1,1,0
less_long-winded,1,0,1
less_long-term,1,1,0
less_long-lasting,1,1,0
less_demonstrative,1,1,0
less_dependant,1,1,0
less_depraved,1,0,1
less_live,1,1,0
less_deranged,1,1,0
less_derelict,1,1,0
less_destabilizing,1,0,1
less_lit,1,1,0
less_deterministic,1,0,1
less_developed,1,1,0
less_devoted,1,1,0
less_likeable,1,1,0
less_like,1,1,0
less_defunct,1,1,0
less_deferential,1,1,0
legally_fine,1,1,0
less_lower,1,1,0
less_marginalized,1,1,0
less_marginal,1,0,1
less_mannered,1,1,0
less_crunchy,1,1,0
less_cuddly,1,0,1
less_malleable,1,0,1
less_cultural,1,0,1
less_male,1,1,0
less_cutesy,1,0,1
less_main,1,1,0
less_daily,1,1,0
less_dainty,1,0,1
less_data-driven,1,1,0
less_decent,1,1,0
less_decrepit,1,0,1
less_dedicated,1,1,0
less_defensible,1,1,0
less_devout,1,1,0
less_lighthearted,1,0,1
less_digestible,1,0,1
less_life-threatening,1,0,1
less_disinterested,1,1,0
less_disjointed,1,0,1
less_dismal,1,0,1
less_disorienting,1,0,1
less_disparate,1,1,0
less_dispiriting,1,0,1
less_disposable,1,0,1
less_dissonant,1,1,0
less_juicy,1,1,0
less_distinguishable,1,0,1
less_distinguished,1,1,0
less_distorted,1,0,1
less_distressed,1,1,0
less_jolly,1,0,1
less_jittery,1,1,0
less_jealous,1,0,1
less_jazzy,1,1,0
less_lacking,1,1,0
less_lackluster,1,0,1
less_lacklustre,1,1,0
less_lavish,1,0,1
less_digital,1,1,0
less_disconcerting,1,1,0
less_discrete,1,1,0
less_discretionary,1,1,0
less_left-leaning,1,1,0
less_lead,1,1,0
less_discriminating,1,1,0
less_laughable,1,0,1
less_laden,1,1,0
less_discriminatory,1,1,0
less_late,1,1,0
less_last,1,1,0
less_larger,1,1,0
less_large,1,1,0
less_disgraceful,1,1,0
less_laid,1,1,0
less_crumbly,1,1,0
less_crippling,1,1,0
less_masterful,1,0,1
less_mountainous,1,1,0
less_nastier,1,1,0
less_narrative,1,1,0
less_compelled,1,1,0
less_complacent,1,0,1
less_myopic,1,1,0
less_mutual,1,1,0
less_muted,1,1,0
less_conceptual,1,0,1
less_musical,1,0,1
less_mushy,1,0,1
less_concise,1,1,0
less_condescending,1,1,0
less_conductive,1,0,1
less_multiple,1,1,0
less_multicultural,1,1,0
less_confidential,1,0,1
less_configurable,1,1,0
less_national,1,1,0
less_nationalist,1,1,0
less_nationalistic,1,1,0
less_coarse,1,1,0
less_nominal,1,1,0
less_nomadic,1,1,0
less_nocturnal,1,1,0
less_civilised,1,0,1
less_nil,1,1,0
less_classy,1,0,1
less_newsworthy,1,0,1
less_cogent,1,1,0
less_nationwide,1,1,0
less_negligible,1,0,1
less_colourful,1,1,0
less_comedic,1,0,1
less_nebulous,1,0,1
less_comfy,1,1,0
less_nauseous,1,1,0
less_naturalistic,1,0,1
less_moving,1,1,0
less_conflicted,1,1,0
less_creditable,1,1,0
less_mortal,1,1,0
less_militaristic,1,0,1
less_convertible,1,1,0
less_corny,1,0,1
less_merry,1,0,1
less_mere,1,1,0
less_mercurial,1,0,1
less_costlier,1,0,1
less_mellow,1,0,1
less_melancholy,1,1,0
less_coveted,1,1,0
less_medieval,1,0,1
less_cowardly,1,1,0
less_coy,1,1,0
less_meaningless,1,1,0
less_crafty,1,1,0
less_mathematical,1,0,1
less_maternal,1,1,0
less_military,1,1,0
less_mind-blowing,1,0,1
less_conversational,1,0,1
less_monogamous,1,1,0
less_morose,1,0,1
less_moronic,1,0,1
less_congruent,1,1,0
less_consensual,1,1,0
less_moot,1,1,0
less_monumental,1,0,1
less_constitutional,1,1,0
less_contagious,1,1,0
less_mindless,1,0,1
less_modular,1,1,0
less_moderate,1,1,0
less_contemptible,1,0,1
less_contiguous,1,1,0
less_misogynistic,1,1,0
less_mischievous,1,1,0
less_minimalist,1,0,1
less_jaw-dropping,1,0,1
less_diversified,1,1,0
less_do-able,1,0,1
less_hurt,1,1,0
less_imaginable,1,0,1
less_illustrative,1,1,0
less_fatigued,1,1,0
less_illogical,1,0,1
less_fatter,1,1,0
less_feeble,1,1,0
less_idiosyncratic,1,1,0
less_female,1,1,0
less_festive,1,1,0
less_idealistic,1,1,0
less_fickle,1,0,1
less_icy,1,0,1
less_fictional,1,1,0
less_hysterical,1,1,0
less_filthy,1,1,0
less_hyperbolic,1,1,0
less_hygienic,1,1,0
less_fast-paced,1,0,1
less_immersive,1,1,0
less_farfetched,1,1,0
less_impoverished,1,1,0
less_inappropriate,1,1,0
less_inaccessible,1,1,0
less_external,1,1,0
less_improbable,1,1,0
less_extra,1,1,0
less_extroverted,1,1,0
less_facile,1,1,0
less_fallible,1,1,0
less_immoral,1,1,0
less_implicit,1,1,0
less_impersonal,1,0,1
less_false,1,0,1
less_imperative,1,1,0
less_fanciful,1,0,1
less_far-fetched,1,1,0
less_immortal,1,1,0
less_financial,1,1,0
less_finicky,1,0,1
less_incisive,1,1,0
less_flagrant,1,1,0
less_higher,1,1,0
less_high-tech,1,0,1
less_gendered,1,1,0
less_hierarchical,1,0,1
less_heretical,1,1,0
less_giant,1,1,0
less_global,1,1,0
less_goofy,1,0,1
less_gothic,1,0,1
less_healthier,1,0,1
less_governmental,1,1,0
less_gratuitous,1,1,0
less_harsher,1,1,0
less_harrowing,1,1,0
less_hardworking,1,1,0
less_harder,1,1,0
less_grumpy,1,1,0
less_hilarious,1,1,0
less_futuristic,1,0,1
less_hollow,1,0,1
less_forthright,1,1,0
less_humble,1,0,1
less_fluent,1,1,0
less_foreboding,1,0,1
less_huge,1,0,1
less_forecast,1,1,0
less_forgettable,1,0,1
less_forlorn,1,1,0
less_fortuitous,1,1,0
less_frugal,1,1,0
less_horizontal,1,1,0
less_fraudulent,1,1,0
less_freaky,1,1,0
less_french,1,0,1
less_frightened,1,0,1
less_frigid,1,1,0
less_homemade,1,1,0
less_inaudible,1,1,0
less_exploitable,1,1,0
less_doable,1,1,0
less_instrumental,1,1,0
less_droll,1,0,1
less_intrepid,1,0,1
less_intransigent,1,1,0
less_intoxicated,1,1,0
less_intimidated,1,1,0
less_earthy,1,0,1
less_easier,1,1,0
less_internal,1,0,1
less_easygoing,1,0,1
less_eco-friendly,1,1,0
less_economical,1,1,0
less_ecstatic,1,1,0
less_electable,1,0,1
less_intelligible,1,1,0
less_integrated,1,1,0
less_integral,1,1,0
less_emblematic,1,1,0
less_intrinsic,1,0,1
less_introspective,1,1,0
less_dressy,1,0,1
less_dorky,1,0,1
less_isolated,1,1,0
less_docile,1,1,0
less_dodgy,1,1,0
less_domestic,1,0,1
less_dominating,1,1,0
less_irreversible,1,1,0
less_irrelevant,1,1,0
less_ironic,1,1,0
less_dreary,1,1,0
less_irksome,1,1,0
less_dormant,1,1,0
less_dour,1,0,1
less_downward,1,1,0
less_invigorating,1,0,1
less_inventive,1,1,0
less_dreadful,1,1,0
less_empathic,1,1,0
less_emphatic,1,0,1
less_expert,1,1,0
less_instantaneous,1,1,0
less_excellent,1,0,1
less_excessive,1,1,0
less_indulgent,1,0,1
less_individualized,1,0,1
less_indistinguishable,1,1,0
less_indigenous,1,1,0
less_excitable,1,0,1
less_exemplary,1,1,0
less_indian,1,1,0
less_exhausted,1,1,0
less_indefensible,1,1,0
less_existent,1,1,0
less_expansive,1,0,1
less_inconsequential,1,0,1
less_incomprehensible,1,1,0
less_experimental,1,0,1
less_incompatible,1,1,0
less_inefficient,1,1,0
less_inexplicable,1,1,0
less_infamous,1,1,0
less_enormous,1,0,1
less_instant,1,1,0
less_employable,1,1,0
less_inspired,1,1,0
less_inspirational,1,1,0
less_insistent,1,1,0
less_enchanting,1,1,0
less_english,1,1,0
less_inquisitive,1,1,0
less_infectious,1,1,0
less_enough,1,1,0
less_envious,1,1,0
less_erroneous,1,1,0
less_infuriating,1,0,1
less_erudite,1,1,0
less_evasive,1,1,0
less_inferior,1,1,0
less_non,1,1,0
less_cinematic,1,1,0
less_chronic,1,1,0
legitimately_exciting,1,0,1
legitimately_compelling,1,0,1
less_regretful,1,1,0
less_regional,1,0,1
less_regimented,1,0,1
less_regal,1,0,1
legitimately_creative,1,0,1
legitimately_creepy,1,0,1
legitimately_dangerous,1,0,1
legitimately_defensible,1,1,0
legitimately_delicious,1,1,0
legitimately_desirable,1,1,0
legitimately_different,1,0,1
less_recent,1,1,0
legitimately_disgusting,1,1,0
legitimately_eerie,1,1,0
legitimately_entertaining,1,0,1
legitimately_enticing,1,0,1
less_relative,1,1,0
legitimately_close,1,0,1
legitimately_clever,1,1,0
less_repugnant,1,0,1
legally_viable,1,1,0
legendarily_awful,1,1,0
less_resonant,1,1,0
legendarily_bitchy,1,0,1
legendarily_difficult,1,1,0
less_resentful,1,0,1
legitimately_addictive,1,0,1
legitimately_appealing,1,0,1
legitimately_capable,1,1,0
legitimately_ashamed,1,1,0
legitimately_available,1,1,0
less_remorseful,1,1,0
legitimately_awesome,1,0,1
legitimately_bad,1,1,0
legitimately_bald,1,1,0
legitimately_bent,1,1,0
legitimately_excellent,1,1,0
less_reactive,1,0,1
legally_untested,1,1,0
legitimately_fit,1,1,0
legitimately_important,1,1,0
legitimately_impressed,1,1,0
less_punitive,1,1,0
legitimately_incredible,1,1,0
less_pungent,1,0,1
less_punchy,1,0,1
legitimately_insane,1,1,0
less_psychotic,1,1,0
less_psychic,1,1,0
less_psychedelic,1,0,1
less_prudent,1,1,0
legitimately_inspiring,1,0,1
legitimately_lovely,1,0,1
legitimately_malicious,1,1,0
legitimately_memorable,1,0,1
less_proportionate,1,1,0
legitimately_misunderstood,1,1,0
less_pushy,1,1,0
less_quaint,1,0,1
less_qualitative,1,0,1
less_radioactive,1,1,0
legitimately_free,1,1,0
less_raucous,1,0,1
legitimately_frightening,1,1,0
legitimately_full,1,1,0
legitimately_green,1,1,0
less_rambunctious,1,0,1
less_ragged,1,0,1
legitimately_hard,1,1,0
less_quantitative,1,1,0
less_rad,1,0,1
legitimately_heartbreaking,1,1,0
less_rabid,1,1,0
legitimately_helpful,1,0,1
legitimately_horrible,1,1,0
legitimately_horrifying,1,1,0
legitimately_hungry,1,1,0
legally_vague,1,1,0
less_restless,1,1,0
less_pronounced,1,1,0
legally_obligatory,1,1,0
legally_ineligible,1,1,0
less_sedate,1,0,1
legally_informative,1,1,0
legally_interesting,1,1,0
less_sectarian,1,1,0
legally_legitimate,1,1,0
less_seamless,1,1,0
legally_married,1,0,1
less_scrumptious,1,0,1
less_scottish,1,0,1
legally_meaningful,1,1,0
less_sci-fi,1,0,1
legally_messy,1,1,0
legally_moot,1,1,0
less_scandalous,1,1,0
legally_murky,1,1,0
legally_null,1,1,0
less_seductive,1,1,0
legally_ineffective,1,1,0
legally_independent,1,1,0
less_sentient,1,1,0
legally_forbidden,1,1,0
legally_fraught,1,1,0
less_serviceable,1,1,0
legally_hazardous,1,1,0
legally_homeless,1,1,0
less_separate,1,1,0
legally_illegitimate,1,1,0
less_sensual,1,1,0
less_self-indulgent,1,1,0
legally_immune,1,1,0
legally_important,1,1,0
legally_improper,1,1,0
legally_inappropriate,1,1,0
legally_incomprehensible,1,1,0
legally_inconsequential,1,0,1
less_self-taught,1,1,0
less_savage,1,0,1
legally_obtainable,1,1,0
legally_unsustainable,1,1,0
legally_offensive,1,1,0
legally_risky,1,1,0
legally_robust,1,1,0
less_robotic,1,0,1
less_riveting,1,1,0
legally_satisfied,1,1,0
legally_solid,1,1,0
legally_subtle,1,1,0
less_righteous,1,1,0
less_right-wing,1,1,0
legally_taxable,1,1,0
legally_thorny,1,1,0
legally_unconfirmed,1,1,0
legally_unfeasible,1,0,1
legally_unjustified,1,1,0
less_retrograde,1,1,0
less_retro,1,1,0
legally_unqualified,1,1,0
legally_righteous,1,1,0
legally_relevant,1,1,0
less_rubbish,1,1,0
less_sadistic,1,1,0
legally_ok,1,1,0
less_sandy,1,0,1
legally_open,1,1,0
legally_overcrowded,1,1,0
less_salacious,1,1,0
less_safer,1,1,0
legally_perilous,1,1,0
legally_peripheral,1,1,0
legally_rational,1,1,0
legally_plausible,1,1,0
legally_precarious,1,1,0
less_rusty,1,1,0
legally_prudent,1,1,0
less_rural,1,0,1
legally_public,1,1,0
less_run,1,1,0
legitimately_necessary,1,1,0
legitimately_needy,1,1,0
less_choppy,1,1,0
less_bigoted,1,0,1
less_authoritative,1,0,1
less_autocratic,1,1,0
less_automated,1,1,0
less_overweight,1,1,0
less_automatic,1,1,0
less_overall,1,1,0
less_outstanding,1,1,0
less_averse,1,1,0
less_avoidable,1,1,0
less_awake,1,1,0
less_awe,1,1,0
less_outdoor,1,1,0
less_baffling,1,1,0
less_beloved,1,0,1
less_benevolent,1,0,1
less_best,1,1,0
less_bewildered,1,0,1
less_pale,1,1,0
less_austere,1,0,1
less_par,1,1,0
less_archaic,1,0,1
less_antiquated,1,0,1
less_apocryphal,1,1,0
less_perceptible,1,1,0
less_penetrating,1,0,1
less_apologetic,1,1,0
less_apprehensive,1,1,0
less_arcane,1,0,1
less_argumentative,1,0,1
less_parochial,1,0,1
less_arousing,1,0,1
less_asinine,1,0,1
less_passe,1,1,0
less_astonished,1,1,0
less_astonishing,1,1,0
less_atrocious,1,1,0
less_partial,1,1,0
less_orange,1,0,1
less_binary,1,1,0
less_anti-semitic,1,1,0
less_bisexual,1,1,0
less_obsolete,1,0,1
less_bureaucratic,1,1,0
less_busier,1,0,1
less_capitalist,1,1,0
less_obscene,1,0,1
less_obligated,1,1,0
less_cathartic,1,1,0
less_catholic,1,1,0
less_caustic,1,1,0
less_cavalier,1,1,0
less_celebrated,1,0,1
less_celebratory,1,0,1
less_characteristic,1,1,0
less_novel,1,1,0
less_chinese,1,1,0
less_choosy,1,1,0
less_noticable,1,1,0
less_obstinate,1,1,0
less_obtainable,1,1,0
less_bubbly,1,0,1
less_one-dimensional,1,0,1
less_oppressed,1,1,0
less_opportunistic,1,0,1
less_bitchy,1,1,0
less_blameless,1,1,0
less_blase,1,0,1
less_blissful,1,1,0
less_bloated,1,0,1
less_bloodthirsty,1,1,0
less_offbeat,1,0,1
less_older,1,1,0
less_blurry,1,1,0
less_bogus,1,0,1
less_boisterous,1,1,0
less_bossy,1,0,1
less_brash,1,1,0
less_offended,1,1,0
less_anti-social,1,1,0
less_anti-gay,1,1,0
legitimately_poignant,1,0,1
less_above,1,1,0
less_pricier,1,0,1
legitimately_threatening,1,0,1
less_pretty,1,1,0
legitimately_transcendent,1,0,1
legitimately_troubling,1,1,0
legitimately_unable,1,1,0
legitimately_uncontrollable,1,1,0
legitimately_urgent,1,1,0
legitimately_valuable,1,0,1
legitimately_weak,1,1,0
legitimately_weird,1,0,1
legitimately_wonderful,1,1,0
less_predominant,1,1,0
less_predisposed,1,1,0
legitimately_worrisome,1,1,0
legitimately_worse,1,1,0
less_precocious,1,0,1
less_prickly,1,0,1
less_pricy,1,0,1
legitimately_terrible,1,1,0
legitimately_rude,1,0,1
legitimately_possible,1,1,0
legitimately_productive,1,0,1
less_prolonged,1,1,0
legitimately_reachable,1,1,0
less_prohibitive,1,1,0
legitimately_resident,1,0,1
legitimately_risky,1,1,0
legitimately_sexist,1,1,0
less_prior,1,1,0
legitimately_shocking,1,1,0
legitimately_special,1,0,1
legitimately_spooky,1,1,0
legitimately_strong,1,1,0
legitimately_stunning,1,0,1
legitimately_superior,1,1,0
less_pristine,1,1,0
legitimately_young,1,1,0
less_praiseworthy,1,0,1
less_permeable,1,1,0
less_absorbent,1,0,1
less_plastic,1,1,0
less_placid,1,0,1
less_amazed,1,1,0
less_ambivalent,1,1,0
less_picturesque,1,0,1
less_amiable,1,1,0
less_analytical,1,0,1
less_petrified,1,1,0
less_ancient,1,1,0
less_perverted,1,0,1
less_anemic,1,0,1
less_annual,1,1,0
less_personalised,1,1,0
less_anti-american,1,1,0
less_perpendicular,1,1,0
less_pernicious,1,1,0
less_permissive,1,1,0
less_platonic,1,0,1
less_allergic,1,1,0
less_alkaline,1,1,0
less_adorable,1,0,1
less_acerbic,1,0,1
less_actionable,1,1,0
less_actual,1,1,0
less_adamant,1,1,0
less_porous,1,1,0
less_populist,1,1,0
less_populated,1,1,0
less_pompous,1,0,1
less_alive,1,1,0
less_polluted,1,0,1
less_polish,1,1,0
less_aged,1,1,0
less_agnostic,1,0,1
less_air-conditioned,1,0,1
less_airy,1,1,0
less_alarmist,1,1,0
largely_exuberant,1,1,0
likely_toothless,1,1,0
likely_toxic,1,1,0
longer_simple,1,1,0
kinda_accidental,1,1,0
longer_shorter,1,1,0
longer_shocking,1,1,0
kinda_actual,1,1,0
kinda_alright,1,1,0
kinda_amusing,1,0,1
longer_scared,1,1,0
longer_scarce,1,1,0
kinda_annoying,1,1,0
longer_satisfactory,1,1,0
longer_sane,1,1,0
kinda_anxious,1,1,0
kinda_appealing,1,0,1
kinda_artificial,1,0,1
longer_right,1,1,0
kinda_authentic,1,0,1
longer_revolutionary,1,1,0
longer_silent,1,1,0
kinda_academic,1,1,0
likely_troubling,1,1,0
longer_skilled,1,1,0
kind_loving,1,1,0
kind_new,1,0,1
kind_okay,1,1,0
kind_shocked,1,1,0
kind_sweet,1,0,1
longer_straightforward,1,1,0
longer_straight,1,1,0
kind_unacceptable,1,1,0
longer_steamy,1,1,0
longer_stable,1,1,0
longer_specific,1,1,0
longer_sore,1,1,0
longer_soft,1,1,0
longer_smooth,1,1,0
longer_smart,1,1,0
longer_smaller,1,1,0
longer_skillful,1,1,0
longer_reversible,1,1,0
kinda_automatic,1,1,0
longer_resonant,1,1,0
longer_republican,1,1,0
kinda_cheap,1,0,1
longer_primary,1,1,0
kinda_cheeky,1,1,0
kinda_cheesy,1,1,0
kinda_chilly,1,1,0
longer_pragmatic,1,1,0
kinda_clean,1,1,0
longer_powerful,1,1,0
longer_potent,1,1,0
kinda_clear,1,1,0
kinda_clever,1,0,1
kinda_cliched,1,1,0
longer_polite,1,1,0
longer_poisonous,1,1,0
longer_plausible,1,1,0
kinda_close,1,0,1
longer_physical,1,1,0
longer_proficient,1,1,0
kinda_charming,1,0,1
kinda_challenging,1,1,0
longer_reasonable,1,1,0
longer_repeatable,1,1,0
kinda_bald,1,1,0
kinda_better,1,1,0
kinda_bizarre,1,1,0
longer_recoverable,1,1,0
kinda_black,1,1,0
kinda_bland,1,1,0
kinda_blue,1,1,0
kinda_casual,1,0,1
kinda_bogus,1,1,0
kinda_bonkers,1,1,0
longer_racist,1,1,0
longer_quiet,1,1,0
kinda_brilliant,1,0,1
longer_puzzling,1,0,1
longer_pure,1,1,0
kind_hard,1,1,0
longer_supple,1,1,0
kind_depressing,1,1,0
keenly_caustic,1,1,0
loosely_predictive,1,1,0
loosely_pastoral,1,0,1
loosely_optimistic,1,1,0
loosely_loyal,1,1,0
loosely_funny,1,0,1
loosely_fluffy,1,1,0
justly_indignant,1,1,0
loosely_concerned,1,1,0
loosely_conceptual,1,1,0
loosely_common,1,1,0
loosely_close,1,0,1
justly_moral,1,1,0
loosely_accurate,1,1,0
justly_subject,1,1,0
justly_worried,1,1,0
keenly_adept,1,0,1
keenly_anticipated,1,1,0
loosely_relatable,1,1,0
justly_due,1,1,0
loosely_representative,1,0,1
lovingly_cryptic,1,1,0
lovingly_immaculate,1,1,0
lovingly_homemade,1,1,0
justly_authoritative,1,1,0
lovingly_full,1,1,0
justly_bereft,1,1,0
lovingly_faithful,1,1,0
justly_concerned,1,1,0
lovingly_aware,1,1,0
loosely_similar,1,0,1
lovingly_available,1,1,0
loud_delightful,1,1,0
loud_clear,1,1,0
lot_older,1,1,0
loosely_wavy,1,1,0
loosely_synonymous,1,1,0
loosely_structured,1,1,0
keenly_attuned,1,1,0
keenly_concerned,1,1,0
kind_challenging,1,1,0
keenly_creepy,1,0,1
longer_unemployed,1,1,0
longer_underway,1,1,0
longer_underwater,1,1,0
longer_unable,1,1,0
longer_trustworthy,1,1,0
keenly_motivated,1,1,0
longer_troublesome,1,1,0
keenly_observant,1,0,1
keenly_penetrating,1,1,0
keenly_perceptive,1,0,1
longer_thirsty,1,1,0
longer_thin,1,1,0
longer_terrified,1,1,0
keenly_perverse,1,0,1
longer_tangible,1,1,0
keenly_qualified,1,0,1
keenly_relatable,1,0,1
longer_uninsured,1,1,0
keenly_minimalist,1,1,0
longer_unlawful,1,1,0
keenly_dramatic,1,0,1
keenly_curious,1,1,0
keenly_dependent,1,1,0
keenly_desirous,1,1,0
keenly_detailed,1,1,0
longer_warm,1,1,0
keenly_determined,1,1,0
longer_visceral,1,1,0
keenly_eager,1,1,0
longer_unlimited,1,1,0
keenly_embarrassing,1,1,0
keenly_focused,1,1,0
keenly_frustrated,1,1,0
keenly_interesting,1,0,1
longer_unusual,1,1,0
longer_unusable,1,1,0
longer_untouchable,1,1,0
kinda_clueless,1,1,0
longer_permanent,1,1,0
longer_perfect,1,1,0
kinda_friendly,1,1,0
kinda_finicky,1,1,0
longer_enjoyable,1,1,0
longer_emotional,1,1,0
longer_emerging,1,1,0
longer_elite,1,1,0
kinda_flat,1,1,0
kinda_flimsy,1,1,0
longer_edible,1,1,0
longer_edgy,1,1,0
longer_economical,1,1,0
longer_economic,1,1,0
kinda_fond,1,1,0
longer_eager,1,1,0
kinda_fragile,1,1,0
longer_distinct,1,1,0
longer_detectable,1,1,0
kinda_free,1,1,0
kinda_filthy,1,1,0
kinda_feminist,1,1,0
kinda_fascinating,1,1,0
kinda_exotic,1,0,1
kinda_envious,1,1,0
longer_frequent,1,1,0
longer_french,1,1,0
kinda_excited,1,1,0
longer_fond,1,1,0
longer_flat,1,1,0
kinda_exhausting,1,1,0
kinda_expensive,1,1,0
longer_excited,1,1,0
longer_fantastic,1,1,0
kinda_fabulous,1,1,0
kinda_factual,1,0,1
kinda_false,1,1,0
longer_exploitable,1,1,0
longer_existent,1,1,0
longer_exclusive,1,1,0
longer_deserving,1,1,0
kinda_fruity,1,0,1
kinda_endearing,1,1,0
longer_dependable,1,1,0
longer_congruent,1,1,0
kinda_greasy,1,1,0
longer_confident,1,1,0
kinda_gritty,1,1,0
kinda_hairy,1,1,0
kinda_hazy,1,1,0
longer_complex,1,1,0
kinda_helpful,1,1,0
kinda_hesitant,1,1,0
longer_compelling,1,1,0
kinda_horny,1,0,1
longer_compact,1,1,0
kinda_horrifying,1,0,1
kinda_huge,1,1,0
kinda_hungry,1,1,0
longer_cohesive,1,1,0
longer_cognizant,1,1,0
kinda_grateful,1,1,0
longer_constant,1,1,0
kinda_goofy,1,1,0
longer_crumbly,1,1,0
longer_democratic,1,1,0
longer_dejected,1,1,0
longer_damp,1,1,0
longer_cute,1,1,0
kinda_frustrated,1,1,0
longer_curable,1,1,0
longer_crunchy,1,1,0
kinda_frustrating,1,0,1
longer_contemporary,1,1,0
longer_credible,1,1,0
longer_creative,1,1,0
kinda_gay,1,1,0
longer_convincing,1,1,0
kinda_geeky,1,1,0
longer_controversial,1,1,0
longer_content,1,1,0
longer_friendly,1,1,0
kinda_empty,1,1,0
longer_partisan,1,1,0
longer_ironic,1,1,0
longer_more,1,1,0
longer_moist,1,1,0
kinda_crumbly,1,0,1
longer_meaningful,1,1,0
longer_mature,1,1,0
longer_lucrative,1,1,0
longer_loyal,1,1,0
longer_local,1,1,0
longer_live,1,1,0
longer_liable,1,1,0
kinda_dangerous,1,1,0
kinda_daunting,1,1,0
kinda_dead,1,1,0
longer_larger,1,1,0
longer_large,1,1,0
longer_keen,1,1,0
longer_justifiable,1,1,0
kinda_crispy,1,1,0
kinda_cranky,1,1,0
longer_native,1,1,0
kinda_constructive,1,1,0
longer_paramount,1,1,0
longer_own,1,1,0
longer_overwhelming,1,0,1
longer_overdue,1,1,0
longer_outrageous,1,1,0
longer_optimal,1,1,0
kinda_concerned,1,1,0
longer_ok,1,1,0
kinda_cosmopolitan,1,0,1
longer_obtainable,1,1,0
longer_obsolete,1,1,0
longer_observant,1,1,0
kinda_controversial,1,0,1
longer_normal,1,1,0
longer_noble,1,1,0
longer_nimble,1,1,0
longer_islamic,1,0,1
kinda_delicious,1,1,0
longer_funny,1,1,0
longer_intrigued,1,1,0
kinda_distinct,1,1,0
longer_hopeless,1,1,0
longer_hopeful,1,1,0
longer_honest,1,1,0
kinda_dreamy,1,1,0
longer_heartbreaking,1,1,0
kinda_dull,1,1,0
kinda_easier,1,0,1
kinda_easy,1,1,0
longer_groovy,1,1,0
longer_grievous,1,1,0
longer_green,1,1,0
longer_great,1,1,0
longer_grainy,1,1,0
longer_gooey,1,1,0
kinda_electric,1,1,0
longer_genuine,1,1,0
kinda_dirty,1,1,0
kinda_desperate,1,1,0
longer_ideal,1,1,0
longer_inevitable,1,1,0
longer_intricate,1,1,0
kinda_dense,1,1,0
longer_integral,1,1,0
kinda_depressed,1,1,0
longer_insurmountable,1,0,1
longer_insistent,1,1,0
longer_innocent,1,1,0
longer_indifferent,1,1,0
longer_identifiable,1,1,0
longer_independent,1,1,0
longer_inclined,1,1,0
longer_impressive,1,1,0
longer_impactful,1,1,0
longer_immune,1,1,0
longer_immortal,1,1,0
longer_imminent,1,1,0
lovingly_interested,1,1,0
lovingly_rewarding,1,1,0
low_attractive,1,1,0
magically_awesome,1,0,1
magically_elegant,1,0,1
magically_effective,1,1,0
magically_eerie,1,0,1
magically_divine,1,1,0
magically_different,1,0,1
magically_delicious,1,0,1
magically_creative,1,0,1
magically_cool,1,1,0
magically_complex,1,0,1
magically_compelling,1,0,1
magically_close,1,0,1
magically_clear,1,1,0
justifiably_bold,1,1,0
magically_calming,1,0,1
magically_british,1,0,1
magically_brave,1,0,1
justifiably_cautious,1,1,0
magically_enthralling,1,1,0
magically_equal,1,1,0
magically_ethereal,1,0,1
magically_healthy,1,0,1
magically_involved,1,1,0
magically_innocent,1,0,1
magically_incompatible,1,1,0
magically_inclined,1,1,0
magically_immune,1,1,0
magically_hysterical,1,0,1
magically_homely,1,0,1
magically_happier,1,1,0
magically_evocative,1,0,1
magically_green,1,1,0
magically_great,1,1,0
magically_good,1,0,1
magically_glamorous,1,0,1
magically_fresh,1,1,0
magically_exhilarating,1,0,1
magically_exciting,1,0,1
justifiably_confident,1,1,0
magically_available,1,1,0
magically_legal,1,1,0
magically_atmospheric,1,1,0
madly_galling,1,0,1
madly_funny,1,1,0
madly_enthusiastic,1,1,0
madly_different,1,1,0
madly_crowded,1,1,0
madly_compelling,1,0,1
madly_comic,1,0,1
madly_brave,1,1,0
maddeningly_wide,1,1,0
justifiably_contemptuous,1,1,0
maddeningly_unrelated,1,0,1
maddeningly_unpredictable,1,1,0
maddeningly_unclear,1,1,0
maddeningly_true,1,1,0
maddeningly_tentative,1,1,0
maddeningly_subtle,1,1,0
justifiably_crazy,1,1,0
madly_happy,1,1,0
madly_high,1,1,0
madly_humorous,1,1,0
madly_secretive,1,1,0
magically_alluring,1,1,0
justifiably_constructive,1,1,0
magically_adept,1,0,1
magically_addictive,1,1,0
magically_accurate,1,1,0
magically_accessible,1,1,0
madly_uncooperative,1,1,0
madly_reassuring,1,0,1
madly_interested,1,1,0
madly_patriotic,1,1,0
madly_passionate,1,1,0
madly_obsessive,1,1,0
madly_obsessed,1,1,0
madly_mysterious,1,1,0
madly_jealous,1,1,0
madly_intriguing,1,1,0
magically_joyful,1,1,0
magically_liberating,1,0,1
justifiably_critical,1,1,0
magnificently_condescending,1,1,0
magnificently_quixotic,1,0,1
magnificently_present,1,1,0
magnificently_perfect,1,1,0
just_wondrous,1,1,0
magnificently_odd,1,1,0
magnificently_manic,1,0,1
magnificently_majestic,1,1,0
magnificently_improbable,1,0,1
magnificently_humane,1,0,1
magnificently_heartfelt,1,1,0
magnificently_grand,1,1,0
magnificently_funny,1,1,0
magnificently_enthralling,1,1,0
magnificently_eloquent,1,0,1
magnificently_downtrodden,1,1,0
magnificently_diplomatic,1,1,0
magnificently_detached,1,0,1
just_witty,1,1,0
magnificently_silly,1,1,0
magnificently_stupid,1,1,0
mainly_canadian,1,1,0
mainly_cosmetic,1,1,0
just_wider,1,1,0
mainly_competent,1,1,0
mainly_communal,1,1,0
just_widespread,1,1,0
mainly_ceremonial,1,1,0
mainly_caring,1,1,0
just_winded,1,1,0
just_wistful,1,1,0
mainly_aware,1,1,0
mainly_available,1,1,0
mainly_angry,1,1,0
mainly_american,1,1,0
mainly_aesthetic,1,1,0
mainly_active,1,1,0
magnificently_wrong,1,0,1
magnificently_confident,1,0,1
magnificently_clad,1,1,0
magically_mathematical,1,0,1
magnificently_british,1,1,0
magically_right,1,1,0
magically_rich,1,1,0
magically_rewarding,1,1,0
just_yummy,1,1,0
just_zero,1,1,0
magically_ready,1,1,0
magically_possible,1,1,0
justifiably_aggressive,1,1,0
magically_particular,1,0,1
magically_organic,1,0,1
magically_okay,1,1,0
justifiably_awful,1,1,0
magically_misguided,1,0,1
magically_mesmerizing,1,1,0
magically_memorable,1,0,1
magically_mellow,1,1,0
magically_meaningful,1,0,1
magically_romantic,1,1,0
magically_rosy,1,1,0
magically_significant,1,1,0
magically_weird,1,1,0
magnificently_bleak,1,0,1
just_xenophobic,1,1,0
magnificently_alive,1,1,0
magically_wrong,1,1,0
magically_wonderful,1,1,0
magically_willing,1,0,1
magically_wild,1,0,1
magically_vibrant,1,1,0
magically_simple,1,1,0
magically_untrue,1,1,0
magically_unique,1,1,0
magically_unable,1,1,0
just_youthful,1,1,0
magically_subtle,1,1,0
magically_skilled,1,1,0
magically_simplistic,1,0,1
maddeningly_small,1,1,0
maddeningly_slight,1,1,0
low_effective,1,1,0
ludicrously_satirical,1,1,0
luxuriously_vintage,1,0,1
luxuriously_special,1,0,1
luxuriously_soft,1,1,0
luxuriously_mild,1,1,0
luxuriously_long,1,1,0
luxuriously_inclined,1,1,0
luxuriously_feminine,1,1,0
luxuriously_delicious,1,0,1
luxuriously_decadent,1,0,1
luxuriously_beautiful,1,1,0
ludicrously_unreliable,1,1,0
ludicrously_unlikely,1,0,1
ludicrously_underrated,1,1,0
ludicrously_tragic,1,1,0
ludicrously_tough,1,1,0
justifiably_terrified,1,1,0
ludicrously_successful,1,1,0
lyrically_akin,1,0,1
lyrically_ambiguous,1,1,0
lyrically_amusing,1,1,0
lyrically_engaging,1,1,0
lyrically_meaningful,1,1,0
lyrically_light,1,1,0
lyrically_lacking,1,0,1
lyrically_interesting,1,0,1
lyrically_impenetrable,1,1,0
justifiably_scared,1,1,0
lyrically_fascinating,1,1,0
lyrically_eloquent,1,1,0
lyrically_brilliant,1,1,0
lyrically_dope,1,1,0
lyrically_dirty,1,0,1
lyrically_creative,1,1,0
lyrically_complicated,1,1,0
lyrically_complex,1,1,0
lyrically_clever,1,1,0
lyrically_capable,1,0,1
ludicrously_specific,1,1,0
ludicrously_profitable,1,1,0
lyrically_pleasing,1,0,1
ludicrously_predictable,1,1,0
ludicrously_excessive,1,1,0
justifiably_uncomfortable,1,1,0
ludicrously_easy,1,1,0
ludicrously_dumb,1,1,0
ludicrously_difficult,1,1,0
ludicrously_delightful,1,1,0
justifiably_unhappy,1,1,0
ludicrously_complex,1,0,1
ludicrously_cheap,1,1,0
ludicrously_anachronistic,1,1,0
ludicrously_absurd,1,1,0
justifiably_valid,1,1,0
justifiably_wary,1,1,0
low_normal,1,1,0
justifiably_weary,1,1,0
low_high,1,1,0
low_excellent,1,1,0
ludicrously_expensive,1,1,0
ludicrously_flawed,1,1,0
ludicrously_grotesque,1,0,1
ludicrously_majestic,1,0,1
ludicrously_petty,1,1,0
ludicrously_overrated,1,1,0
ludicrously_overpriced,1,1,0
ludicrously_overblown,1,1,0
ludicrously_old,1,1,0
ludicrously_nonsensical,1,1,0
ludicrously_minor,1,0,1
ludicrously_low,1,1,0
justifiably_trendy,1,1,0
ludicrously_large,1,1,0
ludicrously_keen,1,1,0
ludicrously_insane,1,1,0
ludicrously_ineffective,1,1,0
ludicrously_inadequate,1,1,0
justifiably_tight,1,1,0
ludicrously_ideological,1,1,0
lyrically_nonsensical,1,1,0
lyrically_ponderous,1,1,0
maddeningly_singular,1,1,0
maddeningly_finicky,1,1,0
maddeningly_loose,1,1,0
maddeningly_light,1,1,0
maddeningly_judicious,1,1,0
justifiably_excited,1,1,0
maddeningly_inquisitive,1,1,0
maddeningly_infectious,1,1,0
maddeningly_inexplicable,1,1,0
maddeningly_indirect,1,1,0
maddeningly_indifferent,1,1,0
maddeningly_inaccurate,1,1,0
maddeningly_impervious,1,1,0
maddeningly_impersonal,1,1,0
maddeningly_illogical,1,1,0
maddeningly_idiosyncratic,1,1,0
maddeningly_horrific,1,1,0
maddeningly_grotesque,1,1,0
maddeningly_gray,1,1,0
maddeningly_meaningless,1,1,0
maddeningly_mechanical,1,1,0
maddeningly_mediocre,1,1,0
maddeningly_popular,1,1,0
maddeningly_simple,1,1,0
maddeningly_sexist,1,1,0
maddeningly_sensible,1,1,0
maddeningly_repetitive,1,1,0
maddeningly_relaxing,1,0,1
maddeningly_quick,1,1,0
maddeningly_predictable,1,0,1
maddeningly_perfect,1,1,0
maddeningly_moody,1,1,0
maddeningly_pedantic,1,1,0
maddeningly_paradoxical,1,1,0
maddeningly_opaque,1,1,0
maddeningly_obtuse,1,1,0
justifiably_disinterested,1,1,0
maddeningly_nebulous,1,1,0
maddeningly_morbid,1,1,0
justifiably_frustrating,1,0,1
maddeningly_familiar,1,1,0
lyrically_powerful,1,1,0
maddeningly_exhausting,1,1,0
maddeningly_ambiguous,1,1,0
maddeningly_alluring,1,1,0
maddeningly_aimless,1,0,1
maddeningly_addictive,1,1,0
maddeningly_abrupt,1,1,0
maddeningly_abrasive,1,1,0
lyrically_timeless,1,1,0
lyrically_thoughtful,1,1,0
lyrically_strong,1,0,1
lyrically_sophisticated,1,1,0
lyrically_solid,1,1,0
lyrically_smart,1,1,0
lyrically_simple,1,1,0
lyrically_sharp,1,1,0
justifiably_petty,1,1,0
lyrically_rich,1,1,0
lyrically_prescient,1,0,1
maddeningly_attractive,1,1,0
maddeningly_awkward,1,1,0
maddeningly_bad,1,1,0
maddeningly_cumbersome,1,1,0
maddeningly_even-handed,1,0,1
maddeningly_entertaining,1,0,1
justifiably_grateful,1,1,0
maddeningly_dull,1,1,0
justifiably_irritated,1,1,0
maddeningly_devoted,1,1,0
maddeningly_cute,1,1,0
maddeningly_cryptic,1,1,0
maddeningly_boring,1,1,0
maddeningly_contradictory,1,1,0
justifiably_leery,1,1,0
maddeningly_complicated,1,1,0
maddeningly_circuitous,1,1,0
justifiably_nervous,1,1,0
maddeningly_brilliant,1,0,1
maddeningly_brief,1,1,0
kinda_iffy,1,1,0
kinda_impossible,1,1,0
kinda_indifferent,1,1,0
literally_hot,1,0,1
literally_luminous,1,1,0
literally_ludicrous,1,1,0
literally_low,1,1,0
literally_literal,1,1,0
literally_lesser,1,0,1
literally_jaw-dropping,1,1,0
literally_irreplaceable,1,1,0
largely_agreeable,1,1,0
literally_inscrutable,1,1,0
largely_agricultural,1,1,0
largely_alright,1,1,0
literally_indistinguishable,1,1,0
literally_indecent,1,1,0
literally_inaccessible,1,1,0
largely_apolitical,1,1,0
literally_illegal,1,1,0
largely_arbitrary,1,1,0
literally_mad,1,1,0
literally_maddening,1,1,0
literally_magic,1,1,0
literally_oblivious,1,1,0
largely_administrative,1,1,0
literally_personal,1,1,0
largely_adrift,1,1,0
largely_african,1,1,0
literally_overgrown,1,1,0
literally_optional,1,1,0
literally_open,1,1,0
literally_nude,1,1,0
literally_meaningless,1,1,0
literally_noteworthy,1,1,0
literally_mute,1,1,0
literally_more,1,1,0
literally_misunderstood,1,1,0
literally_mind-blowing,1,1,0
literally_microscopic,1,1,0
literally_measurable,1,1,0
literally_hurtful,1,1,0
largely_archaic,1,1,0
largely_accidental,1,1,0
literally_homegrown,1,1,0
literally_extraordinary,1,1,0
largely_autobiographical,1,1,0
literally_excellent,1,1,0
literally_evil,1,1,0
literally_essential,1,1,0
literally_endangered,1,1,0
largely_avoidable,1,1,0
literally_elementary,1,1,0
literally_electric,1,0,1
literally_easier,1,1,0
literally_due,1,1,0
literally_dramatic,1,1,0
literally_distant,1,1,0
largely_bankrupt,1,1,0
largely_beneficial,1,1,0
literally_depressing,1,1,0
literally_defunct,1,1,0
literally_fearless,1,1,0
literally_ferocious,1,1,0
literally_fierce,1,0,1
literally_good,1,0,1
literally_high,1,1,0
literally_helpless,1,1,0
largely_artificial,1,1,0
literally_healthy,1,1,0
literally_handmade,1,1,0
literally_greener,1,1,0
literally_greater,1,0,1
literally_gigantic,1,1,0
literally_financial,1,1,0
largely_asleep,1,1,0
literally_frightening,1,1,0
literally_french,1,1,0
literally_fraudulent,1,1,0
literally_foreign,1,1,0
largely_aspirational,1,1,0
literally_fine,1,1,0
literally_possible,1,1,0
literally_quixotic,1,1,0
literally_darker,1,0,1
knowingly_unlawful,1,1,0
knowingly_open,1,1,0
little_aware,1,1,0
little_awake,1,1,0
little_assertive,1,1,0
little_ashamed,1,1,0
little_apprehensive,1,1,0
little_anxious,1,1,0
little_anticlimactic,1,0,1
little_amusing,1,1,0
little_afraid,1,1,0
little_advantageous,1,0,1
little_able,1,1,0
literally_zero,1,0,1
literally_young,1,1,0
knowingly_reckless,1,1,0
knowingly_retro,1,1,0
literally_willing,1,1,0
little_bleaker,1,1,0
knowingly_malicious,1,1,0
little_broader,1,0,1
knowingly_generic,1,0,1
little_disheartening,1,1,0
little_disconcerting,1,0,1
knowingly_dishonest,1,1,0
knowingly_fake,1,1,0
little_depressing,1,1,0
little_delusional,1,1,0
little_deeper,1,1,0
knowingly_helpless,1,1,0
knowingly_jazzy,1,1,0
little_crazier,1,0,1
little_controversial,1,1,0
knowingly_ignorant,1,0,1
knowingly_inflammatory,1,1,0
little_complicated,1,1,0
little_compelling,1,0,1
knowingly_involved,1,1,0
knowingly_subject,1,1,0
literally_upright,1,0,1
literally_ready,1,1,0
literally_unwell,1,1,0
largely_able,1,1,0
literally_thin,1,1,0
literally_terrified,1,1,0
literally_temporary,1,1,0
literally_superficial,1,1,0
literally_sunny,1,1,0
literally_stunning,1,1,0
literally_static,1,1,0
literally_socialist,1,1,0
literally_shiny,1,1,0
literally_seamless,1,1,0
largely_academic,1,1,0
largely_acceptable,1,1,0
literally_retarded,1,1,0
literally_related,1,1,0
literally_refreshed,1,1,0
literally_real,1,1,0
literally_toxic,1,1,0
literally_transcendent,1,0,1
knowingly_untrue,1,1,0
literally_unfathomable,1,0,1
literally_untrue,1,1,0
literally_untouched,1,1,0
literally_unprecedented,1,0,1
literally_unmatched,1,1,0
literally_uninspiring,1,1,0
knowingly_unmanageable,1,0,1
literally_unfriendly,1,1,0
literally_underweight,1,1,0
literally_ugly,1,1,0
knowingly_unsafe,1,1,0
literally_unbelievable,1,1,0
literally_unbearable,1,1,0
literally_unbalanced,1,1,0
literally_unavoidable,1,1,0
literally_unavailable,1,1,0
literally_unable,1,1,0
largely_biological,1,1,0
largely_blind,1,1,0
little_distracting,1,1,0
largely_discretionary,1,1,0
likewise_beneficial,1,1,0
likewise_artificial,1,1,0
likewise_applicable,1,1,0
likewise_anecdotal,1,1,0
likewise_airy,1,1,0
largely_delusional,1,1,0
likewise_able,1,1,0
likely_younger,1,1,0
likely_worth,1,1,0
likely_worst,1,1,0
largely_desolate,1,0,1
likely_worrisome,1,1,0
largely_detrimental,1,1,0
likely_wonderful,1,1,0
largely_disappointing,1,1,0
likely_white,1,1,0
likely_welcome,1,0,1
likewise_better,1,1,0
likewise_blind,1,1,0
likewise_busy,1,1,0
largely_defensive,1,1,0
likewise_impressed,1,1,0
likewise_important,1,1,0
likewise_ignorant,1,1,0
likewise_historic,1,1,0
largely_dead,1,1,0
likewise_glum,1,1,0
likewise_free,1,1,0
likewise_excessive,1,1,0
likewise_clinical,1,1,0
likewise_excellent,1,1,0
likewise_energetic,1,1,0
likewise_dry,1,1,0
likewise_dishonest,1,1,0
likewise_different,1,1,0
likewise_delicious,1,1,0
likewise_critical,1,1,0
likely_warmer,1,1,0
likely_visible,1,1,0
likewise_invalid,1,1,0
likely_violent,1,1,0
likely_unhealthy,1,1,0
likely_unhappy,1,1,0
likely_unforeseen,1,0,1
largely_effective,1,1,0
likely_unexpected,1,0,1
likely_unemployed,1,1,0
largely_emotional,1,1,0
likely_understated,1,1,0
largely_episodic,1,1,0
likely_unconcerned,1,1,0
likely_unbearable,1,0,1
largely_erroneous,1,1,0
likely_unavoidable,1,1,0
likely_unavailable,1,1,0
likely_unaffordable,1,1,0
largely_exempt,1,1,0
largely_experimental,1,1,0
likely_uninformed,1,1,0
likely_unintended,1,1,0
likely_unintentional,1,1,0
likely_untested,1,1,0
likely_valuable,1,1,0
likely_valid,1,1,0
likely_vain,1,1,0
likely_usable,1,1,0
likely_upset,1,1,0
largely_dismissive,1,1,0
largely_distrustful,1,1,0
likely_unsustainable,1,1,0
likely_unique,1,1,0
largely_doable,1,1,0
largely_dormant,1,1,0
likely_unprecedented,1,1,0
likely_unoccupied,1,1,0
largely_due,1,1,0
likely_unknown,1,0,1
likely_unjustified,1,1,0
likewise_interested,1,1,0
likewise_jewish,1,1,0
largely_bloodless,1,1,0
linguistically_interchangeable,1,1,0
literally_anonymous,1,1,0
largely_christian,1,1,0
largely_clueless,1,1,0
literally_alike,1,1,0
literally_alien,1,1,0
literally_actual,1,1,0
literally_accurate,1,1,0
largely_consensual,1,1,0
literally_able,1,1,0
linguistically_skilled,1,1,0
linguistically_similar,1,1,0
linguistically_related,1,1,0
linguistically_pleasing,1,0,1
linguistically_obsolete,1,1,0
linguistically_neutral,1,1,0
linguistically_minded,1,1,0
largely_consistent,1,1,0
literally_asleep,1,1,0
literally_attractive,1,1,0
largely_chaotic,1,1,0
literally_catastrophic,1,1,0
literally_correct,1,1,0
literally_concrete,1,1,0
literally_colorful,1,0,1
largely_brilliant,1,1,0
literally_cinematic,1,1,0
literally_childlike,1,0,1
literally_cheaper,1,1,0
largely_bullish,1,1,0
literally_awash,1,1,0
literally_blue,1,1,0
literally_bland,1,1,0
largely_challenging,1,1,0
literally_big,1,1,0
literally_beneficial,1,1,0
literally_bankrupt,1,1,0
literally_awesome,1,1,0
linguistically_interesting,1,0,1
linguistically_innovative,1,0,1
likewise_legitimate,1,1,0
linguistically_inept,1,1,0
likewise_unfamiliar,1,1,0
likewise_unclear,1,1,0
likewise_uncertain,1,1,0
likewise_stupid,1,0,1
likewise_steady,1,1,0
likewise_shortsighted,1,1,0
likewise_related,1,1,0
likewise_real,1,1,0
likewise_quiet,1,1,0
likewise_prominent,1,1,0
likewise_possible,1,1,0
likewise_porous,1,0,1
likewise_plain,1,0,1
likewise_overwhelming,1,1,0
likewise_offensive,1,1,0
likewise_obsessed,1,0,1
likewise_little,1,1,0
likewise_unflappable,1,1,0
likewise_unfortunate,1,1,0
largely_culpable,1,1,0
linguistically_boring,1,1,0
linguistically_fluent,1,1,0
largely_constructive,1,1,0
linguistically_distinctive,1,1,0
linguistically_distinct,1,1,0
linguistically_correct,1,1,0
linguistically_consistent,1,0,1
linguistically_competent,1,1,0
linguistically_awkward,1,1,0
largely_cosmetic,1,1,0
linguistically_artful,1,1,0
linguistically_appropriate,1,1,0
linguistically_adventurous,1,1,0
linguistically_advanced,1,1,0
likewise_wrong,1,1,0
likewise_worried,1,1,0
likewise_voluntary,1,1,0
little_disingenuous,1,0,1
little_distressing,1,0,1
longer_circular,1,1,0
logistically_insane,1,1,0
long_armed,1,1,0
long_alive,1,1,0
long_active,1,0,1
long_accustomed,1,0,1
long_absent,1,0,1
logistically_viable,1,1,0
kinda_priceless,1,0,1
kinda_pricey,1,1,0
logistically_sustainable,1,1,0
logistically_sensitive,1,1,0
logistically_sane,1,1,0
logistically_realistic,1,1,0
kinda_questionable,1,0,1
logistically_problematic,1,1,0
logistically_preferable,1,1,0
logistically_practicable,1,1,0
kinda_quirky,1,1,0
long_asymptomatic,1,1,0
long_available,1,0,1
kinda_present,1,1,0
kinda_pointless,1,1,0
long_faithful,1,1,0
kinda_personal,1,0,1
long_expired,1,1,0
long_established,1,1,0
long_epic,1,1,0
kinda_picky,1,1,0
kinda_plastic,1,1,0
long_double,1,1,0
long_black,1,1,0
kinda_porous,1,1,0
kinda_powerful,1,0,1
long_commonplace,1,0,1
long_closed,1,0,1
long_central,1,1,0
long_brown,1,1,0
long_blind,1,1,0
logistically_necessary,1,1,0
kinda_racy,1,1,0
long_hypothetical,1,1,0
logistically_harder,1,1,0
logically_torturous,1,1,0
logically_suspect,1,1,0
logically_sound,1,1,0
logically_solvable,1,1,0
logically_silly,1,1,0
logically_shallow,1,1,0
logically_satisfying,1,1,0
logically_rigorous,1,1,0
logically_responsive,1,1,0
kinda_rude,1,0,1
logically_problematic,1,1,0
kinda_sappy,1,1,0
logically_paradoxical,1,1,0
kinda_scandalous,1,1,0
kinda_secret,1,0,1
kinda_separate,1,1,0
logically_invulnerable,1,1,0
kinda_ridiculous,1,1,0
kinda_retro,1,0,1
logically_unassuming,1,1,0
logistically_competent,1,1,0
kinda_rare,1,0,1
logistically_economical,1,0,1
logistically_easier,1,1,0
kinda_ready,1,1,0
logistically_daunting,1,1,0
kinda_real,1,1,0
kinda_reckless,1,1,0
kinda_refreshing,1,0,1
logically_unlikely,1,0,1
logistically_available,1,1,0
logistically_amiss,1,0,1
kinda_relative,1,1,0
logically_weak,1,1,0
kinda_retarded,1,0,1
logically_useful,1,1,0
logically_unsound,1,1,0
kinda_paranoid,1,1,0
long_ill,1,0,1
logically_interested,1,0,1
kinda_negative,1,1,0
kinda_loose,1,1,0
longer_attainable,1,1,0
kinda_ludicrous,1,1,0
kinda_magical,1,0,1
kinda_mediocre,1,1,0
longer_anonymous,1,1,0
longer_anemic,1,1,0
longer_amused,1,1,0
longer_american,1,1,0
longer_alright,1,1,0
kinda_mental,1,1,0
longer_aging,1,1,0
kinda_mindless,1,0,1
kinda_miserable,1,1,0
kinda_moderate,1,1,0
kinda_moody,1,1,0
longer_accustomed,1,1,0
longer_authentic,1,1,0
kinda_long,1,1,0
kinda_lonely,1,1,0
longer_careful,1,1,0
longer_christian,1,1,0
kinda_juvenile,1,1,0
longer_charitable,1,1,0
kinda_keen,1,1,0
kinda_kinky,1,1,0
kinda_lacking,1,1,0
kinda_laughable,1,1,0
kinda_liberating,1,0,1
kinda_local,1,1,0
longer_busy,1,1,0
longer_brittle,1,1,0
longer_blind,1,1,0
longer_bitter,1,1,0
kinda_likeable,1,0,1
longer_bearable,1,1,0
longer_bankable,1,1,0
kinda_natural,1,1,0
kinda_nervous,1,1,0
long_impatient,1,1,0
kinda_normal,1,0,1
long_reliant,1,1,0
long_regular,1,1,0
long_prominent,1,1,0
long_present,1,1,0
kinda_okay,1,1,0
kinda_open,1,1,0
kinda_ordinary,1,1,0
long_little,1,1,0
kinda_original,1,1,0
kinda_outlandish,1,1,0
kinda_overwhelming,1,1,0
long_lacking,1,0,1
long_jobless,1,0,1
long_isolated,1,0,1
long_independent,1,1,0
kinda_painful,1,1,0
long_implicit,1,0,1
long_restless,1,0,1
long_rich,1,1,0
long_rough,1,1,0
kinda_oblivious,1,1,0
long_wary,1,0,1
long_vertical,1,1,0
long_vacant,1,1,0
long_unused,1,0,1
kinda_nutty,1,1,0
long_unresolved,1,0,1
long_unknown,1,0,1
long_underway,1,1,0
long_sacrosanct,1,1,0
long_top,1,1,0
long_tired,1,1,0
long_tight,1,1,0
long_thick,1,1,0
long_sustainable,1,1,0
long_suspicious,1,0,1
long_stale,1,1,0
kinda_serious,1,0,1
kinda_sexist,1,1,0
knowingly_comic,1,0,1
kinda_wicked,1,1,0
little_technical,1,1,0
kinda_unfair,1,1,0
little_solicitous,1,1,0
kinda_upset,1,1,0
little_smarter,1,0,1
kinda_useless,1,1,0
little_skinny,1,1,0
kinda_visible,1,1,0
kinda_vocal,1,1,0
little_sharper,1,1,0
little_secretive,1,0,1
little_scared,1,1,0
kinda_white,1,1,0
little_rough,1,1,0
little_risky,1,1,0
little_richer,1,0,1
little_rare,1,0,1
little_temperamental,1,1,0
kinda_uncool,1,1,0
kinda_ugly,1,1,0
kinda_tall,1,1,0
little_weaker,1,1,0
little_warmer,1,0,1
little_vulnerable,1,1,0
little_valid,1,0,1
kinda_talented,1,1,0
little_unseemly,1,0,1
little_unrealistic,1,1,0
kinda_temporary,1,1,0
kinda_transparent,1,1,0
little_unnerved,1,1,0
little_unique,1,1,0
kinda_terrible,1,1,0
little_underrated,1,1,0
kinda_touchy,1,1,0
little_unclear,1,1,0
little_uncertain,1,1,0
little_quieter,1,0,1
little_pleased,1,1,0
little_worried,1,1,0
little_pessimistic,1,1,0
little_incomprehensible,1,1,0
little_improbable,1,1,0
little_hotter,1,1,0
little_higher,1,1,0
little_hesitant,1,1,0
kindly_willing,1,1,0
little_greater,1,0,1
little_gratifying,1,1,0
little_grander,1,0,1
little_good,1,0,1
knowingly_absurd,1,1,0
little_frustrated,1,1,0
little_expensive,1,1,0
little_emotional,1,1,0
knowingly_cheesy,1,1,0
little_elegant,1,0,1
knowingly_clever,1,1,0
little_interested,1,1,0
little_interesting,1,0,1
kindly_senior,1,1,0
kindly_conservative,1,1,0
kinda_worried,1,1,0
little_paradoxical,1,0,1
little_other,1,1,0
little_optimistic,1,1,0
little_obsessed,1,1,0
kindly_attentive,1,1,0
little_narcissistic,1,1,0
kindly_nervous,1,1,0
little_judgmental,1,1,0
little_misguided,1,1,0
little_magical,1,1,0
little_lower,1,0,1
little_loud,1,1,0
little_likely,1,1,0
kindly_open,1,1,0
little_known,1,0,1
little_welcome,1,1,0
little_worrisome,1,1,0
kinda_sexy,1,1,0
locally_numerous,1,1,0
locally_unavailable,1,1,0
locally_systemic,1,1,0
locally_sustainable,1,1,0
locally_subject,1,1,0
locally_strong,1,1,0
locally_specific,1,1,0
locally_significant,1,1,0
locally_sensitive,1,1,0
kinda_snazzy,1,1,0
locally_rare,1,1,0
locally_qualified,1,0,1
locally_prevalent,1,1,0
locally_popular,1,1,0
locally_plentiful,1,1,0
locally_persistent,1,1,0
locally_optimal,1,1,0
locally_offline,1,1,0
kinda_snarky,1,1,0
locally_valuable,1,1,0
locally_warmer,1,1,0
kinda_skinny,1,1,0
kinda_shitty,1,1,0
kinda_shocking,1,1,0
kinda_skeptical,1,1,0
logically_good,1,1,0
kinda_sketchy,1,1,0
logically_feasible,1,1,0
logically_faulty,1,1,0
logically_economical,1,1,0
locally_well-known,1,0,1
logically_dubious,1,0,1
kinda_sleazy,1,0,1
kinda_sleepy,1,1,0
kinda_slutty,1,1,0
logically_certain,1,1,0
logically_appealing,1,0,1
logically_absurd,1,1,0
locally_obtainable,1,1,0
locally_nuanced,1,1,0
kinda_sunny,1,1,0
locally_notorious,1,0,1
locally_compact,1,1,0
kinda_spicy,1,1,0
locally_better,1,1,0
kinda_spotty,1,1,0
locally_appropriate,1,0,1
locally_applicable,1,1,0
locally_aggressive,1,1,0
kinda_stinky,1,1,0
kinda_stubborn,1,1,0
locally_absent,1,1,0
lively_welcome,1,1,0
lively_new,1,1,0
lively_musical,1,1,0
lively_legal,1,1,0
lively_entertaining,1,1,0
kinda_studious,1,1,0
lively_acoustic,1,1,0
locally_comparable,1,1,0
locally_deficient,1,1,0
locally_delicious,1,0,1
kinda_soft,1,1,0
locally_mistaken,1,1,0
locally_lower,1,1,0
locally_involved,1,1,0
locally_invasive,1,1,0
locally_important,1,1,0
locally_hot,1,1,0
locally_higher,1,1,0
locally_hateful,1,1,0
kinda_sparkly,1,1,0
locally_harmful,1,1,0
locally_hard,1,1,0
locally_happy,1,1,0
kinda_soggy,1,1,0
locally_friendly,1,1,0
locally_fresh,1,1,0
kinda_sorry,1,1,0
mildly_thrilling,1,0,1
mildly_tiresome,1,0,1
mildly_titillating,1,1,0
indeed_profitable,1,1,0
indeed_progressive,1,1,0
more_undisturbed,1,1,0
indeed_promising,1,1,0
more_undetected,1,1,0
indeed_proportional,1,1,0
more_undeserved,1,1,0
indeed_provocative,1,1,0
more_underway,1,1,0
indeed_prudent,1,1,0
more_undervalued,1,1,0
indeed_punishable,1,1,0
indeed_punitive,1,1,0
more_underserved,1,1,0
indeed_quick,1,1,0
indeed_quiet,1,1,0
indeed_radical,1,1,0
more_underappreciated,1,1,0
more_undulating,1,1,0
indeed_private,1,1,0
indescribably_ludicrous,1,0,1
indeed_prime,1,1,0
indeed_perplexing,1,1,0
indeed_personal,1,1,0
indeed_perverse,1,1,0
indeed_petty,1,1,0
more_unharmed,1,1,0
indeed_playable,1,1,0
more_unfunny,1,1,0
more_unfriendly,1,1,0
more_unfounded,1,1,0
indeed_pleasant,1,1,0
indeed_poetic,1,1,0
indeed_poignant,1,1,0
indeed_popular,1,1,0
indeed_pragmatic,1,1,0
indeed_preposterous,1,1,0
more_uneventful,1,1,0
indeed_primary,1,1,0
indeed_rare,1,1,0
more_undemocratic,1,1,0
more_undefined,1,1,0
indeed_rational,1,1,0
indeed_roman,1,1,0
indeed_russian,1,1,0
more_unappreciated,1,1,0
indeed_sacred,1,1,0
indeed_safer,1,1,0
more_unannounced,1,1,0
more_unambiguous,1,1,0
more_unaffiliated,1,1,0
more_unaffected,1,1,0
indeed_sane,1,1,0
indeed_satisfied,1,1,0
indeed_savage,1,1,0
indeed_scarce,1,1,0
indeed_scottish,1,1,0
indeed_second,1,1,0
indeed_secret,1,1,0
indeed_sensitive,1,1,0
indeed_risque,1,1,0
more_unattractive,1,1,0
indeed_righteous,1,1,0
more_unconcerned,1,1,0
indeed_reactive,1,1,0
more_uncontroversial,1,1,0
indeed_recognizable,1,1,0
more_unconstitutional,1,1,0
indeed_red,1,1,0
indeed_refreshing,1,1,0
indeed_relative,1,1,0
indeed_remarkable,1,1,0
indeed_rich,1,1,0
indeed_reprehensible,1,1,0
more_unchanged,1,1,0
indeed_representative,1,1,0
indeed_resistant,1,1,0
indeed_retarded,1,1,0
more_unbeatable,1,1,0
more_unbalanced,1,1,0
more_uninhabitable,1,1,0
indeed_peculiar,1,1,0
indeed_peachy,1,1,0
more_unsatisfied,1,1,0
indeed_majestic,1,0,1
more_unsurprising,1,1,0
indeed_malicious,1,1,0
indeed_mandatory,1,1,0
more_unsuitable,1,1,0
indeed_massive,1,1,0
indeed_measurable,1,1,0
indeed_medical,1,1,0
more_unsteady,1,1,0
more_unsound,1,1,0
more_unsophisticated,1,1,0
indeed_minor,1,1,0
indeed_miraculous,1,0,1
indeed_mistaken,1,1,0
more_unselfish,1,1,0
more_unseen,1,1,0
indeed_modern,1,1,0
more_unsympathetic,1,1,0
more_untapped,1,1,0
indeed_main,1,1,0
indeed_lower,1,1,0
indeed_liberating,1,1,0
indeed_logical,1,1,0
more_upcoming,1,1,0
indeed_lonely,1,1,0
indeed_longer,1,1,0
indeed_lovely,1,1,0
more_unwilling,1,1,0
indeed_lucid,1,1,0
indeed_magic,1,1,0
indeed_lucky,1,1,0
more_unwarranted,1,1,0
indeed_lush,1,1,0
indeed_mad,1,1,0
more_unused,1,0,1
more_untrustworthy,1,0,1
more_untouched,1,0,1
more_unsatisfying,1,1,0
indeed_moronic,1,1,0
indeed_peaceful,1,1,0
indeed_muslim,1,1,0
indeed_obsessed,1,1,0
indeed_obsolete,1,1,0
indeed_odious,1,1,0
more_unnoticeable,1,1,0
indeed_okay,1,1,0
indeed_other,1,1,0
indeed_ours,1,1,0
indeed_outlandish,1,1,0
more_unlikeable,1,1,0
more_unlawful,1,1,0
indeed_outraged,1,1,0
more_unkind,1,1,0
more_unjustified,1,1,0
indeed_partial,1,1,0
more_united,1,1,0
indeed_passionate,1,1,0
indeed_pathological,1,1,0
indeed_obnoxious,1,1,0
more_unplanned,1,1,0
indeed_oblivious,1,1,0
indeed_nocturnal,1,1,0
indeed_national,1,1,0
more_unresponsive,1,0,1
indeed_neat,1,1,0
more_unremarkable,1,1,0
indeed_newsworthy,1,1,0
more_unrecognisable,1,1,0
indeed_nice,1,1,0
indeed_non-existent,1,1,0
indeed_objective,1,1,0
more_unreachable,1,1,0
more_unqualified,1,1,0
more_unprotected,1,1,0
indeed_noteworthy,1,1,0
more_unprofessional,1,1,0
indeed_noticeable,1,0,1
indeed_nutritious,1,1,0
indeed_sentient,1,1,0
indeed_several,1,1,0
indeed_sexual,1,1,0
independently_wrong,1,0,1
independently_different,1,1,0
independently_enjoyable,1,1,0
independently_excited,1,1,0
independently_extensive,1,1,0
independently_fascinating,1,1,0
independently_fatal,1,1,0
independently_interested,1,1,0
independently_lesbian,1,1,0
independently_magic,1,1,0
independently_poisonous,1,1,0
independently_rich,1,1,0
independently_secular,1,1,0
independently_social,1,1,0
independently_subject,1,1,0
independently_sufficient,1,1,0
independently_true,1,0,1
independently_unique,1,1,0
independently_critical,1,1,0
more_tannic,1,1,0
independently_crazy,1,1,0
indeed_worthwhile,1,1,0
indeed_whimsical,1,1,0
indeed_white,1,1,0
indeed_wicked,1,1,0
indeed_widespread,1,1,0
indeed_wise,1,1,0
indeed_worldwide,1,1,0
indeed_worrisome,1,1,0
indeed_young,1,1,0
independently_capable,1,1,0
indeed_younger,1,1,0
independently_able,1,1,0
independently_accessible,1,1,0
independently_active,1,1,0
more_tasteless,1,1,0
independently_alive,1,1,0
independently_bent,1,1,0
more_swift,1,1,0
indescribably_afraid,1,1,0
indeed_wealthy,1,1,0
indescribably_alien,1,1,0
indescribably_erotic,1,0,1
indescribably_evil,1,0,1
indescribably_exciting,1,0,1
more_suicidal,1,1,0
indescribably_exotic,1,1,0
indescribably_glorious,1,1,0
indescribably_grand,1,1,0
indescribably_grateful,1,1,0
indescribably_great,1,1,0
indescribably_guilty,1,0,1
indescribably_hideous,1,0,1
more_succesful,1,0,1
indescribably_human,1,0,1
indescribably_impressive,1,0,1
indescribably_infectious,1,0,1
indescribably_irresistible,1,0,1
indescribably_irritating,1,1,0
indescribably_enjoyable,1,0,1
indescribably_disgusting,1,0,1
indescribably_dear,1,0,1
indescribably_brilliant,1,1,0
more_sweaty,1,1,0
indescribably_alluring,1,0,1
indescribably_big,1,0,1
indescribably_bizarre,1,0,1
indescribably_bleak,1,1,0
indescribably_blissful,1,0,1
indescribably_boring,1,0,1
more_supreme,1,0,1
indescribably_dark,1,0,1
indescribably_charming,1,0,1
indescribably_cold,1,0,1
more_supervised,1,1,0
more_superstitious,1,0,1
indescribably_cool,1,1,0
indescribably_dangerous,1,0,1
more_superfluous,1,1,0
indeed_weird,1,1,0
indeed_weak,1,1,0
indeed_sexy,1,1,0
more_tortured,1,1,0
indeed_stronger,1,1,0
more_transgender,1,1,0
indeed_strongest,1,1,0
indeed_structural,1,1,0
indeed_stunning,1,1,0
more_trans,1,1,0
indeed_subtle,1,1,0
more_trained,1,0,1
indeed_supportive,1,1,0
indeed_sure,1,1,0
indeed_surreal,1,0,1
indeed_suspect,1,1,0
indeed_suspicious,1,1,0
indeed_sympathetic,1,1,0
indeed_tacky,1,1,0
indeed_tangible,1,1,0
indeed_terrific,1,1,0
indeed_streaky,1,1,0
indeed_strange,1,1,0
indeed_squeamish,1,1,0
indeed_skillful,1,1,0
more_trusted,1,1,0
indeed_shorter,1,1,0
indeed_sick,1,1,0
indeed_silent,1,1,0
indeed_silly,1,1,0
indeed_similar,1,1,0
indeed_single,1,1,0
indeed_small,1,1,0
indeed_spot-on,1,1,0
indeed_smooth,1,1,0
indeed_soft,1,1,0
indeed_solid,1,1,0
indeed_sorrowful,1,1,0
indeed_specific,1,1,0
indeed_spectacular,1,1,0
indeed_spot,1,1,0
indeed_terrifying,1,1,0
indeed_threatening,1,1,0
more_tepid,1,0,1
more_top,1,1,0
indeed_universal,1,1,0
more_third,1,1,0
more_thinner,1,1,0
indeed_unlikely,1,1,0
indeed_unnecessary,1,1,0
indeed_unorthodox,1,1,0
indeed_unprecedented,1,0,1
indeed_unsettling,1,1,0
indeed_unsuitable,1,1,0
indeed_unwatchable,1,1,0
indeed_vague,1,1,0
indeed_viable,1,1,0
indeed_vintage,1,1,0
indeed_volatile,1,1,0
indeed_vulnerable,1,1,0
indeed_wasteful,1,1,0
indeed_waterproof,1,1,0
indeed_unintended,1,1,0
indeed_unfounded,1,1,0
indeed_unfamiliar,1,1,0
indeed_trivial,1,1,0
indeed_timeless,1,1,0
indeed_tired,1,1,0
indeed_tiring,1,1,0
indeed_tolerable,1,1,0
indeed_tough,1,1,0
indeed_tribal,1,1,0
more_tipsy,1,1,0
indeed_troubling,1,1,0
indeed_unexpected,1,1,0
indeed_turkish,1,1,0
indeed_underfunded,1,1,0
more_tighter,1,1,0
indeed_understandable,1,1,0
indeed_unemployed,1,1,0
more_thriving,1,1,0
indeed_unethical,1,1,0
indeed_liberal,1,1,0
indeed_lesser,1,1,0
indeed_lean,1,1,0
indeed_alive,1,1,0
most_barbaric,1,1,0
most_bankable,1,1,0
indeed_absent,1,1,0
most_baffling,1,1,0
most_backward,1,1,0
indeed_abusive,1,1,0
indeed_academic,1,1,0
indeed_accessible,1,1,0
most_awake,1,1,0
indeed_accurate,1,1,0
indeed_adequate,1,1,0
indeed_administrative,1,1,0
indeed_adult,1,1,0
most_authoritarian,1,1,0
indeed_aesthetic,1,0,1
most_austere,1,1,0
indeed_afraid,1,1,0
indeed_abnormal,1,1,0
most_bearish,1,1,0
incrementally_useful,1,1,0
most_biblical,1,1,0
most_blissful,1,1,0
incredibly_wide,1,1,0
incredibly_wild,1,1,0
most_bleak,1,1,0
most_black,1,1,0
incredibly_worse,1,0,1
most_bigoted,1,1,0
most_bewildering,1,1,0
incrementally_richer,1,1,0
incredibly_younger,1,0,1
most_bent,1,1,0
most_benign,1,1,0
incrementally_cheaper,1,0,1
incrementally_higher,1,1,0
incrementally_new,1,0,1
most_belligerent,1,1,0
indeed_agile,1,1,0
indeed_alkaline,1,1,0
most_bombastic,1,1,0
indeed_alright,1,1,0
indeed_asian,1,1,0
most_appalling,1,1,0
indeed_asleep,1,1,0
most_anti-gay,1,1,0
most_anti-american,1,1,0
most_antagonistic,1,1,0
indeed_attractive,1,1,0
most_anemic,1,1,0
most_androgynous,1,1,0
indeed_bespoke,1,1,0
most_amicable,1,1,0
indeed_biological,1,1,0
indeed_bold,1,1,0
most_amazed,1,1,0
indeed_brave,1,1,0
most_alkaline,1,1,0
indeed_budget-friendly,1,1,0
indeed_ashamed,1,1,0
indeed_artistic,1,1,0
indeed_arbitrary,1,1,0
most_arresting,1,1,0
indeed_amateurish,1,1,0
indeed_amusing,1,1,0
indeed_ancient,1,1,0
indeed_angry,1,1,0
indeed_annoying,1,1,0
most_artful,1,1,0
indeed_anti-social,1,1,0
most_arousing,1,1,0
indeed_appropriate,1,1,0
most_aromatic,1,1,0
most_armed,1,1,0
most_ardent,1,1,0
most_archaic,1,1,0
most_arcane,1,1,0
most_arbitrary,1,1,0
indeed_appalling,1,1,0
most_boisterous,1,1,0
incredibly_wet,1,1,0
indeed_canadian,1,1,0
most_civil,1,1,0
most_coincidental,1,1,0
incredibly_unorthodox,1,0,1
incredibly_unpopular,1,1,0
most_cognizant,1,1,0
most_cogent,1,0,1
most_co-operative,1,1,0
most_clumsy,1,1,0
incredibly_unprepared,1,1,0
most_clinical,1,1,0
most_cliched,1,1,0
most_cliche,1,1,0
incredibly_unrealistic,1,1,0
most_clean,1,1,0
most_claustrophobic,1,1,0
most_classical,1,1,0
incredibly_unsafe,1,1,0
incredibly_unseemly,1,0,1
incredibly_unkind,1,1,0
incredibly_unjust,1,0,1
most_combative,1,1,0
incredibly_uneven,1,1,0
incredibly_unconvincing,1,1,0
incredibly_uncool,1,1,0
incredibly_underpaid,1,1,0
most_complementary,1,1,0
most_complacent,1,1,0
incredibly_uneasy,1,0,1
incredibly_unethical,1,0,1
incredibly_unforgettable,1,0,1
most_combustible,1,1,0
most_comparable,1,1,0
incredibly_unforgiving,1,0,1
incredibly_unfunny,1,1,0
most_commendable,1,1,0
incredibly_unimaginative,1,0,1
incredibly_unimpressive,1,1,0
incredibly_uninteresting,1,1,0
most_civilised,1,1,0
most_circumstantial,1,1,0
most_bountiful,1,1,0
most_christian,1,1,0
incredibly_viral,1,1,0
most_candid,1,1,0
most_canadian,1,1,0
most_campy,1,1,0
incredibly_virtuous,1,0,1
incredibly_visible,1,1,0
most_businesslike,1,1,0
most_burdensome,1,1,0
incredibly_volatile,1,1,0
incredibly_voluminous,1,0,1
incredibly_vulgar,1,0,1
incredibly_wary,1,1,0
incredibly_wearable,1,1,0
most_breathable,1,1,0
most_brazen,1,1,0
most_brave,1,1,0
most_brash,1,1,0
incredibly_vintage,1,0,1
incredibly_vicious,1,1,0
most_carnal,1,1,0
incredibly_uptight,1,1,0
most_chilly,1,1,0
most_chilling,1,1,0
incredibly_unselfish,1,1,0
most_cheery,1,1,0
incredibly_unsightly,1,1,0
incredibly_unsure,1,1,0
incredibly_unsympathetic,1,1,0
incredibly_urban,1,1,0
incredibly_verbal,1,1,0
most_changeable,1,1,0
incredibly_usable,1,1,0
most_cerebral,1,1,0
incredibly_useless,1,1,0
incredibly_utopian,1,1,0
most_caucasian,1,1,0
most_catastrophic,1,1,0
indeed_bummed,1,1,0
indeed_capable,1,1,0
indeed_laudable,1,1,0
indeed_helpful,1,1,0
indeed_freaky,1,1,0
indeed_free,1,1,0
indeed_french,1,1,0
indeed_frightening,1,1,0
indeed_frustrating,1,1,0
indeed_full,1,1,0
indeed_futuristic,1,1,0
indeed_genetic,1,1,0
indeed_genuine,1,1,0
indeed_gigantic,1,1,0
indeed_global,1,1,0
indeed_glorious,1,1,0
indeed_great,1,1,0
indeed_greater,1,1,0
indeed_grey,1,1,0
indeed_harder,1,1,0
indeed_harmful,1,1,0
indeed_fraudulent,1,1,0
more_washable,1,0,1
indeed_former,1,1,0
more_weightless,1,0,1
indeed_exploitative,1,1,0
indeed_exquisite,1,1,0
indeed_eye-popping,1,1,0
indeed_fake,1,1,0
more_weirder,1,1,0
indeed_false,1,1,0
indeed_famous,1,1,0
indeed_fantastic,1,0,1
indeed_foolhardy,1,0,1
indeed_fascist,1,1,0
indeed_faster,1,1,0
more_wealthier,1,1,0
indeed_fearful,1,1,0
indeed_fearsome,1,1,0
indeed_final,1,1,0
indeed_flat,1,1,0
indeed_heavy,1,1,0
more_viral,1,0,1
indeed_exhaustive,1,1,0
indeed_historic,1,1,0
indeed_inexperienced,1,1,0
indeed_inhuman,1,0,1
indeed_innovative,1,1,0
indeed_inspirational,1,1,0
indeed_inspiring,1,1,0
indeed_intact,1,1,0
more_vacuous,1,0,1
indeed_intelligent,1,1,0
indeed_intentional,1,1,0
indeed_international,1,1,0
indeed_intrinsic,1,1,0
indeed_italian,1,1,0
more_used,1,0,1
indeed_justified,1,1,0
indeed_lacking,1,1,0
indeed_lame,1,1,0
indeed_larger,1,1,0
indeed_ineffective,1,1,0
indeed_individual,1,1,0
indeed_indigenous,1,1,0
indeed_imaginable,1,1,0
indeed_historical,1,1,0
indeed_homeless,1,1,0
indeed_huge,1,1,0
indeed_humble,1,1,0
indeed_idiosyncratic,1,1,0
indeed_ill-advised,1,1,0
more_veteran,1,1,0
indeed_imperative,1,1,0
indeed_indifferent,1,1,0
indeed_inappropriate,1,1,0
more_verbatim,1,1,0
indeed_incompetent,1,1,0
indeed_inconsequential,1,1,0
indeed_incorrect,1,1,0
indeed_incredible,1,1,0
indeed_independent,1,1,0
indeed_exotic,1,1,0
indeed_excited,1,1,0
indeed_catastrophic,1,1,0
indeed_creative,1,1,0
most_addicting,1,1,0
most_adaptive,1,1,0
indeed_confident,1,1,0
indeed_conscious,1,1,0
most_accustomed,1,1,0
indeed_conservative,1,1,0
most_accountable,1,1,0
most_accomplished,1,1,0
indeed_consistent,1,1,0
indeed_controversial,1,1,0
indeed_cool,1,1,0
indeed_corporate,1,1,0
indeed_costly,1,1,0
most_abstract,1,1,0
most_absorbing,1,1,0
most_abrupt,1,1,0
most_abrasive,1,1,0
indeed_concerned,1,1,0
indeed_complicated,1,1,0
most_adequate,1,1,0
most_affective,1,1,0
indeed_catholic,1,1,0
indeed_central,1,1,0
indeed_certain,1,1,0
indeed_charismatic,1,1,0
most_aged,1,1,0
indeed_chinese,1,1,0
indeed_classic,1,1,0
indeed_clear,1,1,0
indeed_compelling,1,1,0
most_affable,1,1,0
indeed_cognitive,1,1,0
indeed_comfortable,1,1,0
indeed_comfy,1,1,0
indeed_commercial,1,1,0
most_advantaged,1,1,0
indeed_compatible,1,1,0
indeed_crazy,1,1,0
indeed_credible,1,1,0
more_whiter,1,1,0
indeed_curious,1,1,0
more_wooden,1,1,0
indeed_dreadful,1,1,0
indeed_dull,1,1,0
indeed_easy,1,1,0
indeed_edible,1,1,0
indeed_efficient,1,1,0
indeed_elemental,1,1,0
more_wireless,1,1,0
indeed_eligible,1,1,0
more_windy,1,1,0
indeed_emotional,1,1,0
indeed_enough,1,1,0
indeed_equivalent,1,1,0
indeed_ethical,1,1,0
indeed_ethnic,1,1,0
indeed_evil,1,1,0
indeed_excellent,1,1,0
indeed_domestic,1,1,0
indeed_divine,1,1,0
more_worldwide,1,1,0
indeed_delicious,1,1,0
indeed_current,1,1,0
indeed_dark,1,1,0
indeed_daunting,1,1,0
indeed_deadly,1,1,0
indeed_deep,1,1,0
more_xenophobic,1,1,0
indeed_deleterious,1,1,0
indeed_delighted,1,1,0
indeed_distasteful,1,1,0
indeed_deserving,1,1,0
indeed_detailed,1,1,0
more_worthless,1,1,0
indeed_detrimental,1,1,0
indeed_direct,1,1,0
indeed_disagreeable,1,1,0
indeed_disappointing,1,1,0
indescribably_joyful,1,0,1
indescribably_luxurious,1,0,1
inherently_elegant,1,0,1
infinitely_exciting,1,0,1
more_protestant,1,1,0
infinitely_expensive,1,1,0
infinitely_familiar,1,0,1
infinitely_faster,1,0,1
infinitely_finer,1,0,1
infinitely_forceful,1,0,1
infinitely_frustrated,1,1,0
infinitely_full,1,1,0
infinitely_fun,1,1,0
infinitely_happy,1,1,0
infinitely_harmful,1,1,0
infinitely_heavier,1,1,0
infinitely_heavy,1,1,0
infinitely_huge,1,0,1
infinitely_ignorant,1,1,0
infinitely_incapable,1,0,1
infinitely_joyful,1,0,1
infinitely_expansive,1,1,0
infinitely_excited,1,1,0
indescribably_mechanical,1,0,1
infinitely_epic,1,0,1
infinitely_constructive,1,0,1
infinitely_creepier,1,0,1
infinitely_cruel,1,0,1
infinitely_damaging,1,1,0
infinitely_danceable,1,1,0
infinitely_delightful,1,0,1
infinitely_depressing,1,0,1
infinitely_detailed,1,0,1
infinitely_devastating,1,0,1
infinitely_difficult,1,0,1
more_puffy,1,0,1
infinitely_disheartening,1,0,1
infinitely_diverse,1,0,1
infinitely_edible,1,1,0
infinitely_elegant,1,0,1
infinitely_endearing,1,0,1
infinitely_ephemeral,1,1,0
infinitely_joyous,1,1,0
infinitely_keen,1,1,0
infinitely_lighter,1,0,1
infinitely_likable,1,0,1
infinitely_plastic,1,0,1
infinitely_pleased,1,1,0
infinitely_pleasurable,1,0,1
infinitely_profound,1,0,1
infinitely_recyclable,1,1,0
infinitely_regal,1,0,1
infinitely_relatable,1,0,1
infinitely_remarkable,1,0,1
more_prevailing,1,1,0
infinitely_remote,1,0,1
infinitely_replaceable,1,1,0
infinitely_reusable,1,1,0
infinitely_romantic,1,0,1
infinitely_sadder,1,1,0
infinitely_scalable,1,1,0
infinitely_scarier,1,0,1
infinitely_sexier,1,0,1
infinitely_perverse,1,1,0
infinitely_peaceful,1,0,1
infinitely_patient,1,1,0
infinitely_merciful,1,1,0
infinitely_listenable,1,1,0
infinitely_lovely,1,0,1
infinitely_loving,1,1,0
infinitely_low,1,1,0
infinitely_lucky,1,1,0
infinitely_meaningful,1,1,0
infinitely_memorable,1,0,1
infinitely_milder,1,0,1
infinitely_passionate,1,0,1
infinitely_mistaken,1,1,0
more_pro-active,1,0,1
infinitely_nearer,1,0,1
infinitely_negotiable,1,1,0
infinitely_nice,1,1,0
infinitely_older,1,1,0
infinitely_other,1,0,1
infinitely_compelling,1,0,1
infinitely_compatible,1,1,0
more_queer,1,1,0
more_redeemable,1,1,0
inexplicably_reassuring,1,0,1
inexplicably_romantic,1,0,1
inexplicably_sad,1,1,0
inexplicably_sane,1,1,0
inexplicably_satisfying,1,0,1
inexplicably_self-destructive,1,1,0
inexplicably_selfish,1,1,0
inexplicably_shallow,1,1,0
inexplicably_shiny,1,1,0
inexplicably_shy,1,1,0
inexplicably_slimy,1,0,1
inexplicably_smug,1,0,1
inexplicably_soft,1,0,1
inexplicably_sore,1,1,0
inexplicably_terrible,1,0,1
inexplicably_tragic,1,0,1
inexplicably_tranquil,1,0,1
inexplicably_rare,1,1,0
inexplicably_quiet,1,1,0
inexplicably_prescient,1,1,0
more_replete,1,1,0
inexplicably_large,1,1,0
inexplicably_less,1,1,0
inexplicably_lucky,1,1,0
inexplicably_ludicrous,1,1,0
inexplicably_magnetic,1,0,1
inexplicably_marvelous,1,0,1
inexplicably_missing,1,0,1
inexplicably_naked,1,1,0
inexplicably_pregnant,1,1,0
inexplicably_naughty,1,1,0
inexplicably_obsessed,1,1,0
inexplicably_opaque,1,1,0
inexplicably_passionate,1,0,1
more_remorseful,1,0,1
inexplicably_personal,1,0,1
inexplicably_phenomenal,1,1,0
more_reductive,1,0,1
inexplicably_transcendent,1,0,1
infinitely_classy,1,0,1
inexplicably_ubiquitous,1,1,0
infectiously_fun,1,1,0
infectiously_joyous,1,0,1
more_rarer,1,1,0
infectiously_likable,1,0,1
infectiously_melodic,1,1,0
infectiously_speculative,1,0,1
infectiously_spry,1,1,0
infectiously_sweet,1,0,1
infectiously_upbeat,1,1,0
infectiously_watchable,1,0,1
infinitely_adjustable,1,0,1
infinitely_adorable,1,1,0
infinitely_annoying,1,1,0
infinitely_appealing,1,0,1
infinitely_arousing,1,0,1
infinitely_broad,1,1,0
infinitely_changeable,1,1,0
infectiously_familiar,1,1,0
infectiously_endearing,1,1,0
infectiously_crazy,1,1,0
inexplicably_wholesome,1,0,1
inexplicably_unavailable,1,1,0
inexplicably_unaware,1,1,0
more_recommendable,1,1,0
inexplicably_universal,1,0,1
inexplicably_unsettling,1,0,1
more_reclusive,1,1,0
inexplicably_uplifting,1,0,1
infamously_bad,1,1,0
infectiously_cool,1,1,0
infamously_elusive,1,1,0
infamously_morbid,1,1,0
infamously_swell,1,1,0
infectiously_addictive,1,0,1
infectiously_attractive,1,0,1
infectiously_cheeky,1,0,1
infectiously_cheerful,1,0,1
infinitely_smarter,1,1,0
infinitely_soothing,1,0,1
infinitely_soulful,1,1,0
inherently_counterintuitive,1,0,1
inherently_childish,1,0,1
inherently_childlike,1,0,1
inherently_chilling,1,0,1
inherently_civilized,1,0,1
inherently_clear,1,1,0
inherently_closer,1,1,0
more_paltry,1,1,0
inherently_comedic,1,0,1
inherently_comfortable,1,0,1
inherently_compatible,1,1,0
inherently_compliant,1,1,0
inherently_comprehensive,1,1,0
more_overwrought,1,1,0
inherently_concrete,1,1,0
inherently_condescending,1,1,0
inherently_confused,1,0,1
inherently_contrary,1,1,0
inherently_cheap,1,0,1
inherently_characteristic,1,1,0
inherently_ceremonial,1,1,0
inherently_brutal,1,0,1
inherently_bland,1,0,1
inherently_boring,1,0,1
more_perceptible,1,1,0
inherently_boyish,1,0,1
inherently_brief,1,1,0
inherently_bright,1,0,1
inherently_brilliant,1,1,0
inherently_buoyant,1,1,0
inherently_celebratory,1,0,1
inherently_campy,1,0,1
inherently_canadian,1,0,1
inherently_capitalist,1,1,0
inherently_capricious,1,1,0
inherently_cartoonish,1,0,1
inherently_cathartic,1,0,1
inherently_cautious,1,1,0
inherently_cooler,1,0,1
inherently_counterproductive,1,1,0
inherently_biological,1,1,0
inherently_crass,1,0,1
inherently_desirable,1,0,1
inherently_devastating,1,0,1
more_optional,1,1,0
inherently_digital,1,1,0
inherently_disagreeable,1,1,0
inherently_disquieting,1,0,1
inherently_disrespectful,1,0,1
inherently_disruptive,1,0,1
inherently_distracting,1,0,1
inherently_divisive,1,1,0
inherently_dreadful,1,1,0
inherently_dreamy,1,0,1
inherently_dubious,1,1,0
inherently_dull,1,0,1
inherently_dysfunctional,1,0,1
inherently_earthy,1,0,1
inherently_easier,1,0,1
inherently_deserving,1,1,0
inherently_descriptive,1,1,0
inherently_demeaning,1,0,1
inherently_custom,1,0,1
more_overdone,1,1,0
more_overblown,1,1,0
inherently_crippling,1,0,1
inherently_critical,1,0,1
inherently_cultural,1,0,1
inherently_curious,1,1,0
more_outside,1,1,0
inherently_cyclical,1,1,0
inherently_degrading,1,1,0
inherently_cynical,1,0,1
inherently_daft,1,0,1
inherently_daunting,1,0,1
more_outdoor,1,1,0
more_outdated,1,1,0
inherently_deadly,1,1,0
inherently_decorative,1,0,1
inherently_bisexual,1,1,0
inherently_biodegradable,1,1,0
infinitely_special,1,0,1
infuriatingly_frustrating,1,1,0
infinitely_worthwhile,1,0,1
infinitely_worthy,1,1,0
infinitesimally_better,1,1,0
more_pornographic,1,0,1
infinitesimally_few,1,1,0
infinitesimally_higher,1,0,1
infinitesimally_less,1,1,0
more_pop,1,0,1
infinitesimally_peculiar,1,0,1
infinitesimally_precise,1,1,0
infinitesimally_worse,1,1,0
infuriatingly_bureaucratic,1,1,0
infuriatingly_chummy,1,1,0
infuriatingly_coy,1,1,0
infuriatingly_effective,1,1,0
infuriatingly_familiar,1,0,1
infuriatingly_fascinating,1,1,0
infinitely_worth,1,1,0
more_possessive,1,1,0
infinitely_wondrous,1,0,1
infinitely_stronger,1,0,1
more_premium,1,1,0
more_premature,1,1,0
more_preliminary,1,1,0
more_prejudicial,1,0,1
more_prejudiced,1,1,0
infinitely_strange,1,1,0
infinitely_strong,1,0,1
infinitely_stupid,1,0,1
infinitely_wonderful,1,0,1
infinitely_tedious,1,1,0
infinitely_tiny,1,1,0
infinitely_touching,1,0,1
infinitely_unlikely,1,1,0
infinitely_useful,1,0,1
infinitely_wide,1,1,0
infinitely_wiser,1,1,0
infuriatingly_flippant,1,1,0
infuriatingly_impenetrable,1,0,1
inherently_biblical,1,1,0
infuriatingly_inconsistent,1,1,0
more_phony,1,1,0
inherently_american,1,0,1
inherently_angry,1,0,1
inherently_antagonistic,1,1,0
inherently_anti-american,1,0,1
inherently_anti-democratic,1,0,1
inherently_antisocial,1,1,0
inherently_apocalyptic,1,0,1
inherently_arbitrary,1,0,1
inherently_asinine,1,0,1
inherently_authoritarian,1,1,0
inherently_autobiographical,1,0,1
inherently_autocratic,1,1,0
inherently_autonomous,1,1,0
inherently_awful,1,1,0
inherently_bankable,1,1,0
inherently_benign,1,0,1
inherently_alarming,1,1,0
inherently_aesthetic,1,1,0
inherently_adversarial,1,1,0
infuriatingly_obtuse,1,1,0
infuriatingly_inscrutable,1,1,0
infuriatingly_ironic,1,1,0
infuriatingly_irresponsible,1,1,0
infuriatingly_manly,1,1,0
infuriatingly_mercurial,1,1,0
infuriatingly_narcissistic,1,1,0
infuriatingly_obstinate,1,1,0
infuriatingly_perverse,1,1,0
inherently_adaptive,1,1,0
infuriatingly_predictable,1,1,0
infuriatingly_stubborn,1,1,0
infuriatingly_terrible,1,1,0
infuriatingly_unnecessary,1,1,0
infuriatingly_wrong,1,1,0
inherently_abnormal,1,0,1
inherently_accurate,1,0,1
inexplicably_keen,1,1,0
inexplicably_jarring,1,1,0
inexplicably_inviting,1,0,1
individually_primal,1,0,1
more_smitten,1,1,0
individually_essential,1,1,0
individually_famous,1,1,0
individually_fascinating,1,1,0
individually_fun,1,1,0
more_slutty,1,0,1
individually_great,1,1,0
individually_greater,1,1,0
individually_harmful,1,1,0
individually_independent,1,1,0
individually_invisible,1,1,0
individually_involved,1,0,1
individually_larger,1,1,0
individually_laudable,1,1,0
individually_memorable,1,1,0
individually_nutty,1,1,0
individually_pious,1,1,0
more_smoky,1,1,0
individually_entertaining,1,1,0
individually_enforceable,1,1,0
individually_believable,1,1,0
individually_appropriate,1,1,0
individually_artistic,1,1,0
more_solvable,1,1,0
individually_athletic,1,1,0
individually_audible,1,1,0
individually_available,1,1,0
individually_bad,1,1,0
individually_busy,1,1,0
individually_effective,1,1,0
individually_callous,1,1,0
individually_close,1,1,0
individually_complex,1,1,0
individually_concerned,1,1,0
individually_creative,1,1,0
individually_delicious,1,1,0
individually_eccentric,1,1,0
individually_preventable,1,0,1
more_skimpy,1,0,1
individually_amazing,1,1,0
individually_productive,1,1,0
individually_superior,1,1,0
individually_tactical,1,1,0
individually_talented,1,1,0
individually_tasty,1,1,0
individually_unacceptable,1,1,0
more_shortsighted,1,1,0
individually_useful,1,1,0
individually_valid,1,1,0
more_short-sighted,1,1,0
more_short-lived,1,1,0
individually_valuable,1,1,0
individually_weaker,1,1,0
individually_wrong,1,1,0
inescapably_american,1,0,1
inescapably_aware,1,1,0
inescapably_charming,1,0,1
more_sharper,1,1,0
individually_successful,1,1,0
more_sicker,1,1,0
individually_subject,1,1,0
individually_representative,1,1,0
individually_prone,1,1,0
individually_qualified,1,1,0
individually_related,1,1,0
individually_relative,1,1,0
individually_relevant,1,0,1
individually_remarkable,1,1,0
individually_removable,1,1,0
individually_satisfying,1,1,0
individually_stylish,1,1,0
more_simultaneous,1,1,0
individually_sensitive,1,1,0
individually_separate,1,1,0
individually_significant,1,1,0
individually_skilled,1,1,0
individually_smart,1,1,0
more_silky,1,0,1
individually_appealing,1,1,0
individually_altruistic,1,1,0
inescapably_cool,1,0,1
indirectly_suitable,1,1,0
indescribably_tender,1,1,0
more_strained,1,1,0
indescribably_wide,1,1,0
indirectly_accountable,1,1,0
more_stormy,1,1,0
more_stodgy,1,1,0
more_stinky,1,1,0
indirectly_available,1,1,0
indirectly_awkward,1,1,0
indirectly_bare,1,1,0
indirectly_convertible,1,1,0
indirectly_genetic,1,1,0
indirectly_harmful,1,1,0
indirectly_hypnotic,1,0,1
indirectly_inspiring,1,1,0
indirectly_involved,1,0,1
indirectly_lucrative,1,1,0
indescribably_sublime,1,0,1
indescribably_stimulating,1,0,1
indescribably_startling,1,0,1
indescribably_pure,1,0,1
indescribably_nice,1,0,1
indescribably_obscene,1,0,1
indescribably_painful,1,0,1
indescribably_peculiar,1,0,1
indescribably_pleasant,1,0,1
indescribably_powerful,1,0,1
indescribably_precious,1,0,1
indescribably_raunchy,1,0,1
indescribably_soothing,1,0,1
indescribably_refreshing,1,0,1
indescribably_relaxing,1,0,1
indescribably_romantic,1,0,1
indescribably_sad,1,0,1
indescribably_sensational,1,0,1
indescribably_senseless,1,0,1
indescribably_serene,1,0,1
indirectly_subject,1,1,0
indirectly_supportive,1,1,0
individually_affective,1,1,0
more_stalwart,1,1,0
indisputably_romantic,1,0,1
indisputably_smart,1,1,0
indisputably_special,1,0,1
indisputably_stupid,1,0,1
indisputably_stylish,1,1,0
indisputably_superior,1,1,0
indisputably_surreal,1,1,0
indisputably_unique,1,0,1
more_spare,1,1,0
indisputably_useful,1,1,0
indisputably_valuable,1,1,0
indisputably_wonderful,1,1,0
more_southerly,1,1,0
more_sound,1,1,0
individually_active,1,1,0
individually_adaptable,1,1,0
individually_adjustable,1,1,0
indisputably_odd,1,1,0
indisputably_obvious,1,1,0
indisputably_negative,1,1,0
indisputably_fun,1,0,1
indirectly_true,1,1,0
indirectly_useful,1,1,0
indisputably_american,1,0,1
indisputably_clear,1,1,0
indisputably_cool,1,0,1
indisputably_economic,1,1,0
indisputably_factual,1,0,1
more_spurious,1,1,0
indisputably_needy,1,0,1
more_spry,1,1,0
more_spotless,1,1,0
indisputably_great,1,1,0
indisputably_human,1,0,1
indisputably_incorrect,1,1,0
indisputably_large,1,1,0
indisputably_likeable,1,0,1
inescapably_clear,1,1,0
inescapably_dark,1,1,0
inexplicably_intriguing,1,1,0
inexplicably_bigger,1,0,1
inevitably_unhappy,1,1,0
inevitably_unmanageable,1,1,0
inevitably_unsatisfactory,1,1,0
inevitably_weak,1,1,0
more_runny,1,1,0
more_run,1,1,0
inevitably_weird,1,0,1
inevitably_worthy,1,1,0
inexplicably_able,1,1,0
inexplicably_abrupt,1,1,0
inexplicably_amazing,1,0,1
inexplicably_amiss,1,0,1
inexplicably_amusing,1,0,1
inexplicably_angry,1,1,0
inexplicably_authentic,1,0,1
inexplicably_awesome,1,1,0
inexplicably_beneficial,1,1,0
inevitably_traumatic,1,1,0
inevitably_transient,1,1,0
inevitably_tragic,1,1,0
inevitably_sloppy,1,1,0
inevitably_neurotic,1,1,0
inevitably_perverse,1,0,1
inevitably_predisposed,1,1,0
inevitably_promising,1,1,0
inevitably_responsible,1,1,0
inevitably_riskier,1,1,0
inevitably_sick,1,1,0
inevitably_slow,1,1,0
more_sacrosanct,1,1,0
inevitably_speculative,1,1,0
inevitably_strange,1,1,0
inevitably_stupid,1,0,1
inevitably_subjective,1,1,0
inevitably_suicidal,1,1,0
more_saddened,1,1,0
inevitably_susceptible,1,1,0
inexplicably_benevolent,1,0,1
inexplicably_bizarre,1,1,0
inevitably_melancholy,1,0,1
inexplicably_canadian,1,1,0
inexplicably_exhilarating,1,0,1
inexplicably_experienced,1,1,0
inexplicably_familiar,1,0,1
inexplicably_flawed,1,1,0
more_retarded,1,1,0
inexplicably_gentle,1,0,1
inexplicably_good,1,0,1
inexplicably_gorgeous,1,0,1
inexplicably_hazardous,1,1,0
inexplicably_hilarious,1,1,0
inexplicably_homely,1,0,1
inexplicably_horrible,1,0,1
inexplicably_human,1,0,1
inexplicably_humble,1,1,0
inexplicably_important,1,1,0
inexplicably_impressive,1,0,1
inexplicably_insane,1,1,0
inexplicably_exciting,1,0,1
more_revered,1,1,0
inexplicably_erotic,1,0,1
inexplicably_determined,1,0,1
inexplicably_catchy,1,0,1
inexplicably_close,1,1,0
inexplicably_clueless,1,1,0
inexplicably_comforting,1,0,1
inexplicably_cool,1,0,1
inexplicably_crazy,1,1,0
inexplicably_delicious,1,1,0
inexplicably_dirty,1,1,0
more_reversible,1,1,0
inexplicably_disjointed,1,1,0
inexplicably_divine,1,0,1
inexplicably_dry,1,1,0
inexplicably_eclectic,1,0,1
inexplicably_enchanting,1,0,1
inexplicably_endearing,1,0,1
inexplicably_enjoyable,1,1,0
inevitably_mortal,1,1,0
inevitably_lonely,1,0,1
inescapably_derivative,1,0,1
inevitably_alien,1,0,1
inescapably_odd,1,0,1
inescapably_paradoxical,1,0,1
inescapably_poignant,1,1,0
inescapably_political,1,1,0
inescapably_poor,1,1,0
inescapably_retro,1,0,1
inescapably_sensual,1,1,0
more_self-taught,1,1,0
inescapably_similar,1,0,1
inescapably_sordid,1,0,1
inescapably_sticky,1,0,1
more_self-explanatory,1,1,0
inescapably_strange,1,0,1
more_self-destructive,1,1,0
inescapably_subjective,1,1,0
inescapably_uncool,1,0,1
more_self-confident,1,1,0
inescapably_nostalgic,1,0,1
inescapably_nerdy,1,0,1
inescapably_narcissistic,1,0,1
inescapably_french,1,0,1
inescapably_different,1,0,1
inescapably_eerie,1,0,1
inescapably_enigmatic,1,0,1
inescapably_evocative,1,0,1
inescapably_false,1,0,1
more_sexualized,1,1,0
inescapably_familiar,1,1,0
more_sexier,1,1,0
inescapably_moral,1,1,0
inescapably_hopeless,1,1,0
inescapably_human,1,1,0
inescapably_important,1,0,1
inescapably_loud,1,1,0
inescapably_mad,1,1,0
inescapably_massive,1,1,0
inescapably_melancholy,1,0,1
inescapably_vulnerable,1,1,0
inevitably_american,1,1,0
inevitably_innocent,1,1,0
more_segregated,1,1,0
inevitably_disorganized,1,1,0
inevitably_doomed,1,1,0
inevitably_entertaining,1,0,1
inevitably_fallible,1,1,0
inevitably_false,1,1,0
inevitably_famous,1,1,0
inevitably_fearful,1,1,0
inevitably_flawed,1,1,0
inevitably_fleeting,1,1,0
inevitably_formulaic,1,1,0
more_scant,1,1,0
inevitably_good,1,1,0
inevitably_greater,1,1,0
inevitably_higher,1,1,0
inevitably_imperfect,1,1,0
inevitably_implicit,1,1,0
inevitably_incomplete,1,1,0
inevitably_disappointed,1,1,0
more_scrappy,1,1,0
inevitably_dirty,1,1,0
inevitably_closer,1,1,0
inevitably_attractive,1,0,1
inevitably_bad,1,0,1
inevitably_beautiful,1,0,1
inevitably_better,1,1,0
inevitably_british,1,1,0
inevitably_busy,1,1,0
inevitably_certain,1,1,0
inevitably_comic,1,1,0
inevitably_destructive,1,1,0
inevitably_comical,1,1,0
inevitably_compelling,1,0,1
inevitably_consistent,1,1,0
inevitably_corrupt,1,1,0
inevitably_damaging,1,1,0
more_searchable,1,0,1
inevitably_dangerous,1,1,0
most_concentrated,1,1,0
most_conclusive,1,1,0
most_condescending,1,1,0
most_scandalous,1,1,0
most_savory,1,1,0
most_savage,1,1,0
increasingly_selective,1,1,0
increasingly_sensitive,1,1,0
increasingly_shaky,1,1,0
most_sanitary,1,1,0
increasingly_short,1,1,0
most_same,1,1,0
increasingly_sickening,1,1,0
increasingly_significant,1,1,0
most_sadistic,1,1,0
increasingly_similar,1,0,1
increasingly_simple,1,1,0
increasingly_slippery,1,1,0
most_rustic,1,1,0
increasingly_sly,1,0,1
most_rugged,1,1,0
increasingly_sedentary,1,1,0
most_scarce,1,1,0
incredibly_unbelievable,1,1,0
increasingly_savvy,1,1,0
increasingly_reminiscent,1,1,0
most_selfless,1,1,0
increasingly_republican,1,1,0
most_self-explanatory,1,1,0
most_self-evident,1,1,0
most_self-centered,1,1,0
increasingly_resentful,1,1,0
most_select,1,1,0
most_sedate,1,1,0
increasingly_restrictive,1,1,0
most_secular,1,1,0
most_second,1,1,0
most_seasonal,1,1,0
most_sculptural,1,1,0
increasingly_rowdy,1,1,0
increasingly_safe,1,1,0
most_sci-fi,1,1,0
increasingly_solvable,1,1,0
most_round,1,1,0
increasingly_sophisticated,1,1,0
increasingly_sore,1,1,0
increasingly_uncanny,1,0,1
increasingly_uncertain,1,1,0
increasingly_unhealthy,1,1,0
increasingly_unified,1,1,0
increasingly_uninteresting,1,1,0
increasingly_unmanageable,1,1,0
increasingly_unnerving,1,0,1
most_repugnant,1,1,0
increasingly_unpretentious,1,1,0
increasingly_unsatisfied,1,1,0
increasingly_unsettled,1,1,0
most_repetitive,1,1,0
most_renowned,1,1,0
increasingly_unstable,1,1,0
increasingly_unusual,1,0,1
increasingly_urgent,1,1,0
increasingly_useless,1,1,0
increasingly_unavailable,1,1,0
increasingly_unaffordable,1,1,0
increasingly_true,1,1,0
increasingly_tense,1,1,0
increasingly_special,1,0,1
increasingly_stringent,1,1,0
increasingly_suburban,1,1,0
increasingly_successful,1,1,0
increasingly_symbolic,1,1,0
increasingly_tangential,1,1,0
most_righteous,1,1,0
most_rife,1,1,0
most_reticent,1,1,0
increasingly_tenuous,1,1,0
most_rich,1,0,1
increasingly_terrible,1,1,0
increasingly_thin,1,1,0
most_reverent,1,1,0
increasingly_transparent,1,1,0
increasingly_troublesome,1,1,0
increasingly_redundant,1,1,0
increasingly_ready,1,1,0
increasingly_purposeful,1,1,0
most_soulful,1,1,0
increasingly_korean,1,1,0
most_sticky,1,1,0
most_steady,1,1,0
increasingly_latino,1,1,0
increasingly_lazy,1,1,0
increasingly_lonely,1,1,0
most_squeamish,1,1,0
most_spurious,1,1,0
most_spontaneous,1,1,0
most_spoilt,1,1,0
most_spoiled,1,1,0
increasingly_louder,1,1,0
increasingly_low,1,1,0
increasingly_meaningless,1,1,0
increasingly_mesmerising,1,0,1
increasingly_messy,1,0,1
most_spare,1,1,0
increasingly_keen,1,1,0
increasingly_joyful,1,1,0
most_strenuous,1,1,0
increasingly_intense,1,1,0
increasingly_indistinguishable,1,1,0
increasingly_indulgent,1,0,1
increasingly_ineffective,1,1,0
increasingly_instrumental,1,0,1
most_subject,1,1,0
increasingly_intelligent,1,1,0
most_sturdy,1,1,0
increasingly_interactive,1,0,1
increasingly_jittery,1,0,1
increasingly_intimate,1,1,0
most_strongest,1,0,1
increasingly_intolerant,1,1,0
increasingly_introspective,1,1,0
increasingly_invasive,1,1,0
most_strident,1,1,0
increasingly_irregular,1,1,0
most_spacious,1,1,0
increasingly_muslim,1,1,0
increasingly_public,1,0,1
most_sorrowful,1,1,0
increasingly_poor,1,1,0
increasingly_positive,1,1,0
increasingly_powerful,1,1,0
most_shy,1,1,0
most_shrewd,1,1,0
most_showy,1,1,0
most_short-sighted,1,1,0
increasingly_premature,1,1,0
increasingly_present,1,1,0
most_shameless,1,1,0
increasingly_private,1,1,0
most_shallow,1,1,0
increasingly_problematic,1,1,0
increasingly_progressive,1,1,0
most_sexist,1,1,0
most_serviceable,1,1,0
increasingly_prone,1,1,0
increasingly_political,1,1,0
increasingly_pessimistic,1,1,0
increasingly_paranoid,1,1,0
most_snug,1,1,0
increasingly_necessary,1,0,1
most_sombre,1,1,0
most_solemn,1,1,0
increasingly_northern,1,1,0
most_sociable,1,1,0
increasingly_nostalgic,1,1,0
most_so-called,1,1,0
most_smelly,1,1,0
increasingly_outspoken,1,1,0
most_small,1,1,0
most_sleek,1,0,1
increasingly_obnoxious,1,1,0
increasingly_obsessed,1,1,0
increasingly_online,1,1,0
increasingly_outdated,1,1,0
increasingly_outlandish,1,0,1
most_reliant,1,1,0
increasingly_valuable,1,1,0
increasingly_viable,1,1,0
most_perceptive,1,1,0
incredibly_cliche,1,1,0
most_pitiful,1,1,0
incredibly_clueless,1,1,0
most_picky,1,1,0
incredibly_coherent,1,0,1
incredibly_coincidental,1,1,0
incredibly_collaborative,1,1,0
incredibly_comfy,1,1,0
incredibly_comical,1,1,0
incredibly_committed,1,0,1
incredibly_communal,1,0,1
incredibly_comparable,1,1,0
most_perplexing,1,1,0
most_perpendicular,1,1,0
incredibly_compassionate,1,1,0
most_permissive,1,1,0
incredibly_complete,1,1,0
most_plain,1,1,0
incredibly_classy,1,0,1
incredibly_classic,1,0,1
incredibly_cartoony,1,1,0
incredibly_brooding,1,1,0
incredibly_bulky,1,1,0
incredibly_bumpy,1,1,0
most_potential,1,1,0
incredibly_canadian,1,1,0
most_posh,1,1,0
incredibly_careless,1,1,0
most_poor,1,1,0
incredibly_chummy,1,1,0
incredibly_casual,1,1,0
incredibly_cheaper,1,0,1
most_pointed,1,1,0
incredibly_cheery,1,0,1
incredibly_choosy,1,1,0
incredibly_choppy,1,1,0
incredibly_christian,1,1,0
most_perfunctory,1,1,0
incredibly_concise,1,1,0
incredibly_brazen,1,1,0
incredibly_concrete,1,0,1
incredibly_cumbersome,1,1,0
incredibly_custom,1,1,0
incredibly_customizable,1,1,0
most_oral,1,1,0
most_optional,1,1,0
incredibly_danceable,1,1,0
incredibly_deadpan,1,0,1
incredibly_deceitful,1,1,0
most_open-minded,1,1,0
incredibly_deferential,1,1,0
incredibly_delectable,1,1,0
most_one-sided,1,1,0
most_ominous,1,1,0
most_old-fashioned,1,1,0
most_old,1,1,0
most_official,1,1,0
incredibly_delusional,1,1,0
most_ornate,1,1,0
most_ostentatious,1,1,0
incredibly_crisp,1,1,0
incredibly_contrived,1,0,1
incredibly_condescending,1,1,0
incredibly_confident,1,1,0
incredibly_connected,1,1,0
incredibly_conscientious,1,1,0
incredibly_consequential,1,1,0
incredibly_constructive,1,1,0
most_overworked,1,1,0
most_overweight,1,1,0
incredibly_credible,1,1,0
incredibly_cooperative,1,1,0
incredibly_cost-effective,1,1,0
most_overpowering,1,1,0
most_overdue,1,1,0
incredibly_courteous,1,1,0
incredibly_crafty,1,1,0
incredibly_creamy,1,1,0
incredibly_breathless,1,1,0
incredibly_bothersome,1,1,0
most_relaxing,1,1,0
most_protestant,1,1,0
incredibly_aggravating,1,1,0
incredibly_agitated,1,1,0
incredibly_agreeable,1,1,0
incredibly_alien,1,0,1
incredibly_alive,1,1,0
most_rabid,1,1,0
incredibly_alone,1,1,0
most_quick,1,1,0
incredibly_amiss,1,0,1
most_quaint,1,1,0
incredibly_amused,1,1,0
most_purple,1,1,0
most_punitive,1,1,0
incredibly_anticlimactic,1,1,0
most_psychotic,1,1,0
incredibly_antiquated,1,1,0
incredibly_apologetic,1,1,0
incredibly_affluent,1,1,0
incredibly_affective,1,1,0
incredibly_adverse,1,1,0
increasingly_worse,1,1,0
increasingly_volatile,1,1,0
most_relative,1,1,0
increasingly_wealthy,1,1,0
increasingly_wireless,1,1,0
most_regretful,1,1,0
most_refined,1,1,0
most_reductive,1,1,0
increasingly_wrong,1,1,0
incredibly_adventurous,1,0,1
incredibly_abhorrent,1,0,1
incredibly_absorbing,1,0,1
most_rebellious,1,1,0
incredibly_acidic,1,1,0
incredibly_adamant,1,1,0
incredibly_adaptable,1,1,0
incredibly_advantageous,1,0,1
incredibly_appalling,1,1,0
incredibly_applicable,1,1,0
most_predatory,1,1,0
incredibly_appropriate,1,0,1
most_prime,1,1,0
most_primary,1,1,0
most_primal,1,0,1
most_pricey,1,1,0
most_previous,1,1,0
incredibly_biased,1,1,0
incredibly_bigger,1,0,1
most_pretentious,1,1,0
incredibly_bigoted,1,1,0
incredibly_bittersweet,1,0,1
most_prescriptive,1,1,0
incredibly_blase,1,1,0
most_prepared,1,1,0
incredibly_blue,1,1,0
most_pregnant,1,0,1
most_predominant,1,1,0
incredibly_blurry,1,1,0
incredibly_best,1,1,0
most_principal,1,1,0
most_principled,1,1,0
most_profane,1,1,0
incredibly_apt,1,1,0
incredibly_arduous,1,1,0
incredibly_artful,1,1,0
incredibly_asinine,1,0,1
incredibly_astonished,1,1,0
incredibly_atmospheric,1,0,1
incredibly_attuned,1,1,0
incredibly_audacious,1,1,0
incredibly_balanced,1,1,0
most_prodigious,1,0,1
incredibly_average,1,1,0
incredibly_awe,1,0,1
incredibly_backward,1,1,0
most_pro-american,1,1,0
most_prized,1,1,0
incredibly_baffling,1,1,0
most_suburban,1,1,0
most_subversive,1,1,0
increasingly_independent,1,1,0
inappropriately_punitive,1,1,0
inappropriately_costly,1,1,0
inappropriately_critical,1,1,0
inappropriately_dense,1,1,0
most_witty,1,1,0
inappropriately_disrespectful,1,1,0
inappropriately_disruptive,1,1,0
most_widespread,1,1,0
inappropriately_feminine,1,1,0
most_wholesome,1,1,0
inappropriately_happy,1,1,0
inappropriately_harsh,1,1,0
most_weird,1,1,0
inappropriately_large,1,1,0
inappropriately_loud,1,1,0
most_waterproof,1,1,0
inappropriately_low,1,1,0
inappropriately_overpowering,1,1,0
most_worrisome,1,1,0
most_worst,1,1,0
inappropriately_concerned,1,1,0
inappropriately_abrupt,1,1,0
in_bold,1,1,0
in_deeper,1,1,0
in_real,1,1,0
mostly_accommodating,1,1,0
in_vain,1,1,0
mostly_academic,1,1,0
mostly_abstract,1,1,0
mostly_abhorrent,1,1,0
inappropriately_bright,1,1,0
inappropriately_active,1,1,0
most_yummy,1,1,0
most_young,1,1,0
inappropriately_anachronistic,1,1,0
inappropriately_anxious,1,1,0
most_wrenching,1,1,0
inappropriately_ashamed,1,1,0
inappropriately_partisan,1,1,0
most_voracious,1,1,0
mostly_afraid,1,1,0
most_voluptuous,1,1,0
most_verbal,1,1,0
incomparably_intriguing,1,0,1
most_venerable,1,1,0
most_vegan,1,1,0
incomparably_lower,1,1,0
incomparably_magical,1,0,1
incomparably_original,1,1,0
most_vague,1,1,0
most_vacuous,1,1,0
most_utopian,1,1,0
incomparably_other,1,0,1
incomparably_painful,1,0,1
incomparably_pleasant,1,0,1
incomparably_precious,1,0,1
most_usable,1,1,0
incomparably_rich,1,1,0
incomparably_small,1,1,0
incomparably_immersive,1,0,1
most_veteran,1,1,0
incomparably_happy,1,1,0
most_viscous,1,1,0
inappropriately_qualified,1,1,0
inappropriately_relaxed,1,1,0
inappropriately_risky,1,1,0
most_vitriolic,1,1,0
inappropriately_skeptical,1,1,0
most_visual,1,1,0
inappropriately_suburban,1,0,1
inappropriately_tolerant,1,1,0
incomparably_fragile,1,1,0
inappropriately_youthful,1,1,0
incomparably_clean,1,0,1
incomparably_clever,1,1,0
incomparably_compelling,1,0,1
most_victorious,1,1,0
incomparably_entertaining,1,1,0
incomparably_exciting,1,0,1
mostly_affordable,1,1,0
mostly_aggressive,1,1,0
incomparably_subtler,1,1,0
mostly_buddhist,1,1,0
mostly_common,1,1,0
mostly_colorless,1,1,0
mostly_collaborative,1,1,0
mostly_cognitive,1,1,0
impressively_thick,1,1,0
impressively_tiny,1,1,0
impressively_tipsy,1,1,0
mostly_circumstantial,1,1,0
impressively_tough,1,0,1
impressively_useful,1,0,1
mostly_cautious,1,1,0
impressively_utilitarian,1,1,0
mostly_catholic,1,0,1
mostly_cartoonish,1,1,0
mostly_candid,1,1,0
impressively_wrong,1,1,0
mostly_busy,1,1,0
mostly_compact,1,1,0
mostly_compatible,1,1,0
mostly_competent,1,1,0
mostly_convincing,1,1,0
mostly_data-driven,1,1,0
impressively_serene,1,1,0
mostly_crunchy,1,1,0
impressively_sharp,1,1,0
impressively_small,1,1,0
impressively_smart,1,1,0
impressively_successful,1,1,0
mostly_convenient,1,1,0
impressively_tasty,1,1,0
mostly_contradictory,1,1,0
mostly_constant,1,1,0
impressively_superhuman,1,1,0
mostly_consensual,1,1,0
mostly_confident,1,1,0
mostly_compulsive,1,1,0
mostly_compliant,1,1,0
mostly_bullish,1,1,0
mostly_brutal,1,0,1
mostly_alien,1,1,0
impressively_zealous,1,1,0
mostly_aspirational,1,1,0
improbably_successful,1,1,0
mostly_arrogant,1,1,0
mostly_armed,1,1,0
mostly_approachable,1,1,0
mostly_applicable,1,0,1
mostly_apparent,1,1,0
mostly_apathetic,1,1,0
improbably_unremarkable,1,0,1
mostly_annual,1,1,0
mostly_annoying,1,1,0
mostly_angry,1,1,0
mostly_amusing,1,1,0
mostly_amazing,1,1,0
improbably_wonderful,1,1,0
mostly_alone,1,1,0
mostly_alive,1,1,0
mostly_autonomous,1,1,0
improbably_intact,1,1,0
improbably_humane,1,1,0
improbably_brilliant,1,1,0
mostly_british,1,1,0
mostly_bogus,1,1,0
mostly_blurry,1,1,0
improbably_appealing,1,0,1
improbably_beautiful,1,1,0
mostly_blank,1,1,0
mostly_blameless,1,1,0
mostly_bisexual,1,1,0
mostly_awake,1,0,1
mostly_biological,1,1,0
mostly_big,1,1,0
mostly_believable,1,1,0
improbably_cool,1,1,0
improbably_correct,1,1,0
improbably_expensive,1,1,0
improbably_graceful,1,1,0
incomparably_strong,1,1,0
incomparably_thrilling,1,0,1
increasingly_indefensible,1,1,0
most_tepid,1,1,0
most_tranquil,1,1,0
increasingly_dismissive,1,1,0
most_touching,1,1,0
increasingly_doubtful,1,1,0
increasingly_draconian,1,1,0
most_tired,1,1,0
most_timid,1,0,1
increasingly_dramatic,1,0,1
increasingly_effective,1,1,0
increasingly_egalitarian,1,1,0
increasingly_embarrassing,1,0,1
most_third,1,1,0
most_thick,1,1,0
most_therapeutic,1,1,0
most_thankless,1,1,0
increasingly_emphatic,1,1,0
increasingly_equal,1,1,0
increasingly_disinterested,1,1,0
most_transformational,1,1,0
increasingly_disillusioned,1,1,0
increasingly_digital,1,1,0
most_ugly,1,1,0
increasingly_deaf,1,1,0
increasingly_defiant,1,1,0
increasingly_deficient,1,1,0
increasingly_dependant,1,1,0
most_trusted,1,1,0
increasingly_depressing,1,1,0
most_troubled,1,1,0
increasingly_disenchanted,1,1,0
increasingly_dirty,1,1,0
increasingly_disappointed,1,1,0
increasingly_disappointing,1,1,0
most_tribal,1,1,0
most_trendy,1,1,0
most_treatable,1,1,0
most_treacherous,1,1,0
increasingly_european,1,1,0
most_tenuous,1,1,0
most_unacceptable,1,1,0
increasingly_explicit,1,0,1
increasingly_heroic,1,0,1
increasingly_high-tech,1,1,0
increasingly_homemade,1,1,0
increasingly_hopeful,1,1,0
increasingly_icky,1,0,1
increasingly_iffy,1,1,0
increasingly_impossible,1,0,1
most_sure,1,1,0
increasingly_impotent,1,1,0
increasingly_impractical,1,1,0
increasingly_impressed,1,1,0
most_superfluous,1,1,0
increasingly_inaccessible,1,1,0
most_sunny,1,1,0
increasingly_inane,1,1,0
most_sudden,1,1,0
most_succulent,1,1,0
increasingly_hazardous,1,0,1
most_swollen,1,1,0
most_symbolic,1,1,0
increasingly_frantic,1,1,0
increasingly_extravagant,1,1,0
most_tenable,1,1,0
increasingly_fat,1,1,0
most_temporary,1,1,0
most_temperate,1,1,0
increasingly_frail,1,1,0
increasingly_frank,1,1,0
increasingly_fruitful,1,1,0
increasingly_greater,1,1,0
most_tasteful,1,1,0
increasingly_frustrating,1,1,0
increasingly_fuel-efficient,1,1,0
most_tangential,1,1,0
increasingly_futile,1,1,0
increasingly_good,1,1,0
most_synonymous,1,1,0
most_unable,1,1,0
most_unattainable,1,1,0
most_unwanted,1,1,0
most_unified,1,1,0
most_unpretentious,1,1,0
increasingly_appealing,1,1,0
increasingly_bad,1,1,0
most_unofficial,1,1,0
most_unnoticed,1,1,0
increasingly_beneficial,1,1,0
increasingly_bitter,1,1,0
most_unlikable,1,1,0
most_unknowable,1,1,0
increasingly_boring,1,1,0
increasingly_bulky,1,1,0
increasingly_bullish,1,1,0
most_uninterrupted,1,1,0
increasingly_busy,1,1,0
most_uninhibited,1,1,0
most_uninformed,1,1,0
most_unimpressed,1,1,0
increasingly_apparent,1,1,0
increasingly_antagonistic,1,1,0
most_unrecognized,1,1,0
most_unskilled,1,1,0
incomparably_wonderful,1,0,1
most_untouched,1,1,0
most_untapped,1,1,0
increasingly_accessible,1,1,0
increasingly_acute,1,1,0
increasingly_adept,1,0,1
increasingly_aged,1,1,0
most_unsettled,1,1,0
increasingly_anachronistic,1,1,0
most_unselfish,1,1,0
most_unseemly,1,1,0
increasingly_alarming,1,1,0
most_unsavory,1,0,1
most_unsatisfying,1,1,0
most_unsatisfactory,1,1,0
increasingly_aloof,1,0,1
most_unimaginable,1,0,1
most_unhelpful,1,1,0
most_unattractive,1,1,0
most_unheard,1,1,0
most_underdeveloped,1,1,0
increasingly_congested,1,1,0
most_uncooperative,1,1,0
most_uncool,1,1,0
increasingly_conservative,1,1,0
most_unconscious,1,1,0
most_unconscionable,1,1,0
most_uncompromising,1,1,0
most_uncomplicated,1,1,0
increasingly_costly,1,1,0
increasingly_coveted,1,1,0
most_unclear,1,1,0
most_uncharacteristic,1,0,1
increasingly_cranky,1,1,0
most_unbelievable,1,1,0
increasingly_creepy,1,0,1
most_unaware,1,1,0
most_underfunded,1,1,0
increasingly_confused,1,1,0
most_underserved,1,1,0
most_unfavorable,1,1,0
increasingly_central,1,1,0
increasingly_challenging,1,1,0
most_unfriendly,1,1,0
most_unfounded,1,1,0
increasingly_close,1,1,0
most_unforgettable,1,1,0
most_unflattering,1,1,0
most_unfathomable,1,1,0
increasingly_confrontational,1,1,0
increasingly_combative,1,1,0
most_unethical,1,1,0
increasingly_competitive,1,1,0
most_uneasy,1,1,0
most_undocumented,1,1,0
increasingly_complicit,1,1,0
most_underused,1,1,0
incredibly_demeaning,1,0,1
most_odious,1,1,0
most_odd,1,1,0
incredibly_reachable,1,1,0
most_excitable,1,1,0
most_excessive,1,1,0
incredibly_prominent,1,1,0
most_exasperating,1,1,0
most_exalted,1,1,0
most_exacting,1,1,0
most_exact,1,1,0
incredibly_promiscuous,1,1,0
incredibly_prompt,1,1,0
incredibly_provocative,1,1,0
incredibly_public,1,1,0
incredibly_punctual,1,1,0
incredibly_purposeful,1,1,0
incredibly_pushy,1,1,0
most_esoteric,1,1,0
most_erratic,1,1,0
incredibly_quirky,1,1,0
incredibly_prevalent,1,1,0
incredibly_pretentious,1,0,1
most_excruciating,1,1,0
incredibly_political,1,0,1
incredibly_persuasive,1,1,0
incredibly_pertinent,1,1,0
incredibly_perverse,1,0,1
incredibly_perverted,1,1,0
incredibly_pessimistic,1,1,0
incredibly_pointless,1,1,0
incredibly_polarizing,1,1,0
incredibly_possessive,1,1,0
most_executive,1,1,0
incredibly_powerless,1,0,1
incredibly_praiseworthy,1,1,0
incredibly_preachy,1,1,0
incredibly_predictive,1,1,0
most_expansive,1,1,0
most_existential,1,1,0
incredibly_prescient,1,1,0
most_equitable,1,1,0
most_envious,1,1,0
most_facile,1,1,0
incredibly_readable,1,0,1
incredibly_repugnant,1,0,1
incredibly_respectable,1,0,1
incredibly_responsible,1,1,0
incredibly_restless,1,1,0
most_eligible,1,1,0
incredibly_restorative,1,1,0
incredibly_retarded,1,0,1
most_electrifying,1,1,0
incredibly_retro,1,0,1
most_elastic,1,1,0
incredibly_revolutionary,1,0,1
incredibly_richer,1,0,1
most_egalitarian,1,0,1
most_effusive,1,1,0
incredibly_righteous,1,0,1
incredibly_risque,1,1,0
most_eerie,1,1,0
most_eminent,1,1,0
incredibly_representative,1,1,0
most_emotive,1,1,0
most_enigmatic,1,1,0
incredibly_reductive,1,1,0
most_enthused,1,1,0
most_enthralling,1,1,0
incredibly_refined,1,0,1
incredibly_regal,1,0,1
incredibly_regressive,1,1,0
incredibly_relaxed,1,1,0
most_engrossing,1,1,0
most_empowering,1,1,0
incredibly_religious,1,1,0
most_energized,1,1,0
incredibly_reluctant,1,1,0
incredibly_remarkable,1,0,1
incredibly_renewable,1,1,0
most_enchanting,1,1,0
most_empty,1,1,0
most_eye-opening,1,1,0
most_factual,1,1,0
incredibly_rudimentary,1,1,0
incredibly_needless,1,1,0
incredibly_misleading,1,1,0
incredibly_misogynistic,1,0,1
most_frazzled,1,1,0
incredibly_mistaken,1,1,0
most_frantic,1,1,0
most_frail,1,1,0
incredibly_mobile,1,1,0
incredibly_monotonous,1,1,0
most_forthright,1,1,0
incredibly_moody,1,0,1
incredibly_moronic,1,0,1
most_forlorn,1,1,0
incredibly_muddy,1,1,0
most_forgettable,1,1,0
most_forgetful,1,1,0
incredibly_musical,1,1,0
most_forceful,1,1,0
most_fresh,1,1,0
incredibly_miraculous,1,1,0
most_frightened,1,1,0
incredibly_melodic,1,1,0
most_garish,1,1,0
most_galling,1,1,0
most_furious,1,1,0
incredibly_meaningless,1,1,0
most_fundamentalist,1,0,1
incredibly_mediocre,1,1,0
incredibly_mellow,1,1,0
most_fuel-efficient,1,1,0
incredibly_mindful,1,1,0
incredibly_menacing,1,0,1
incredibly_meritorious,1,0,1
incredibly_mesmerizing,1,0,1
incredibly_military,1,0,1
incredibly_mind-blowing,1,0,1
most_frigid,1,1,0
most_frightful,1,1,0
incredibly_narcissistic,1,1,0
most_fluffy,1,1,0
incredibly_persistent,1,1,0
incredibly_nerdy,1,0,1
incredibly_offended,1,1,0
most_female,1,1,0
incredibly_oily,1,1,0
incredibly_old-fashioned,1,1,0
incredibly_open-minded,1,1,0
incredibly_opinionated,1,1,0
incredibly_organized,1,1,0
incredibly_outspoken,1,1,0
most_fastidious,1,1,0
most_far-reaching,1,1,0
most_far-fetched,1,1,0
most_fantastical,1,1,0
most_fancy,1,1,0
most_fanciful,1,1,0
most_fanatical,1,1,0
incredibly_peculiar,1,0,1
incredibly_perplexing,1,1,0
incredibly_obstinate,1,1,0
incredibly_obsessive,1,0,1
most_fickle,1,1,0
most_flagrant,1,1,0
most_floral,1,1,0
incredibly_nerve-racking,1,1,0
incredibly_niche,1,1,0
most_flavourful,1,1,0
incredibly_non-violent,1,1,0
incredibly_noteworthy,1,0,1
incredibly_noticeable,1,0,1
incredibly_nurturing,1,1,0
incredibly_oblivious,1,0,1
incredibly_nutritious,1,1,0
most_first,1,0,1
most_finicky,1,1,0
most_fine,1,1,0
incredibly_objective,1,1,0
most_final,1,1,0
most_filthy,1,1,0
most_educational,1,1,0
incredibly_rugged,1,1,0
incredibly_mean-spirited,1,0,1
most_crisp,1,1,0
incredibly_sturdy,1,1,0
most_dazzling,1,1,0
incredibly_subversive,1,0,1
incredibly_succinct,1,1,0
most_dapper,1,1,0
incredibly_suggestive,1,1,0
incredibly_suicidal,1,1,0
incredibly_sunny,1,1,0
most_cursory,1,1,0
incredibly_superficial,1,1,0
incredibly_superhuman,1,1,0
incredibly_superior,1,1,0
most_cumbersome,1,1,0
incredibly_supernatural,1,0,1
incredibly_superstitious,1,1,0
incredibly_supple,1,0,1
most_crooked,1,1,0
incredibly_stringent,1,1,0
incredibly_strenuous,1,1,0
most_deceitful,1,1,0
most_delectable,1,1,0
incredibly_squeamish,1,1,0
most_demented,1,0,1
most_demeaning,1,1,0
incredibly_steady,1,1,0
incredibly_stingy,1,1,0
incredibly_stinky,1,1,0
incredibly_straight,1,1,0
most_degrading,1,1,0
most_decent,1,1,0
incredibly_strategic,1,1,0
most_deferential,1,1,0
most_defensive,1,0,1
incredibly_streaky,1,1,0
most_defenseless,1,1,0
incredibly_streamlined,1,1,0
most_deceptive,1,1,0
incredibly_susceptible,1,1,0
most_crippling,1,1,0
most_dental,1,1,0
incredibly_suspect,1,1,0
most_convoluted,1,1,0
incredibly_terrifying,1,1,0
most_convertible,1,1,0
incredibly_threatening,1,0,1
incredibly_timeless,1,0,1
most_contented,1,1,0
most_contemptuous,1,1,0
most_contemporary,1,1,0
incredibly_toasty,1,1,0
incredibly_tolerant,1,1,0
incredibly_tranquil,1,0,1
incredibly_transformative,1,0,1
incredibly_twisted,1,1,0
incredibly_unattainable,1,0,1
most_conflicted,1,1,0
incredibly_unbalanced,1,1,0
most_conductive,1,1,0
incredibly_terrified,1,1,0
incredibly_tenuous,1,1,0
most_corporate,1,1,0
incredibly_swollen,1,1,0
most_credible,1,1,0
incredibly_suspenseful,1,1,0
incredibly_suspicious,1,1,0
most_cranky,1,1,0
most_cramped,1,1,0
most_crafty,1,1,0
most_cozy,1,1,0
incredibly_symbolic,1,1,0
incredibly_tedious,1,1,0
incredibly_sympathetic,1,0,1
most_counterintuitive,1,1,0
incredibly_tactical,1,1,0
incredibly_tactile,1,0,1
incredibly_tangible,1,0,1
most_cosmopolitan,1,1,0
most_corrosive,1,1,0
incredibly_spot-on,1,1,0
most_dependable,1,1,0
incredibly_saddening,1,1,0
incredibly_self-conscious,1,1,0
most_double,1,1,0
most_dominating,1,1,0
incredibly_scathing,1,1,0
incredibly_scenic,1,1,0
most_dogmatic,1,1,0
incredibly_sci-fi,1,0,1
most_doable,1,1,0
incredibly_scientific,1,0,1
most_divine,1,1,0
incredibly_scrumptious,1,1,0
incredibly_seasonal,1,1,0
most_distrustful,1,1,0
most_distressed,1,1,0
incredibly_selective,1,1,0
most_distinguishable,1,1,0
incredibly_self-aware,1,1,0
incredibly_self-centered,1,1,0
incredibly_scared,1,1,0
most_dreadful,1,1,0
most_dreary,1,1,0
incredibly_sane,1,0,1
most_ecological,1,1,0
incredibly_salient,1,1,0
most_eclectic,1,1,0
incredibly_salty,1,1,0
incredibly_sandy,1,1,0
most_easiest,1,1,0
most_easier,1,1,0
incredibly_sanguine,1,1,0
most_drinkable,1,1,0
incredibly_sappy,1,1,0
incredibly_savory,1,1,0
most_dumb,1,1,0
most_dull,1,1,0
most_due,1,1,0
most_drunken,1,1,0
most_drunk,1,1,0
incredibly_self-confident,1,1,0
incredibly_self-critical,1,1,0
incredibly_sporadic,1,1,0
most_disrespectful,1,1,0
incredibly_slender,1,1,0
incredibly_slight,1,1,0
most_dictatorial,1,1,0
incredibly_slim,1,1,0
most_devoted,1,0,1
incredibly_sloppy,1,1,0
incredibly_snarky,1,0,1
incredibly_snowy,1,1,0
incredibly_sombre,1,1,0
incredibly_sought-after,1,1,0
most_despondent,1,1,0
incredibly_soulful,1,0,1
most_desolate,1,1,0
most_derivative,1,1,0
incredibly_spooky,1,0,1
most_depressed,1,1,0
most_deplorable,1,0,1
incredibly_sleazy,1,0,1
most_digestible,1,1,0
most_dignified,1,1,0
incredibly_sensuous,1,1,0
most_disquieting,1,1,0
most_disorganized,1,1,0
most_disordered,1,1,0
most_dismissive,1,1,0
incredibly_self-evident,1,1,0
most_disingenuous,1,1,0
most_disheartened,1,1,0
most_disenchanted,1,1,0
most_diplomatic,1,1,0
most_discrete,1,1,0
most_discouraged,1,1,0
incredibly_serene,1,0,1
most_disciplined,1,1,0
incredibly_shiny,1,1,0
most_disagreeable,1,1,0
most_dirty,1,1,0
most_gay,1,1,0
most_generic,1,1,0
incredibly_democratic,1,0,1
incredibly_final,1,0,1
incredibly_faint,1,1,0
incredibly_fair,1,1,0
most_ludicrous,1,1,0
incredibly_fallible,1,1,0
incredibly_false,1,1,0
most_lower,1,1,0
most_low-tech,1,1,0
incredibly_fashionable,1,1,0
incredibly_fat,1,1,0
most_loud,1,1,0
most_lopsided,1,1,0
incredibly_fearless,1,1,0
incredibly_feminist,1,1,0
most_lofty,1,1,0
incredibly_fickle,1,1,0
incredibly_filthy,1,0,1
most_lit,1,0,1
incredibly_extreme,1,1,0
most_mad,1,1,0
most_maddening,1,1,0
most_malicious,1,1,0
most_manly,1,1,0
incredibly_expansive,1,1,0
most_manifest,1,1,0
most_manic,1,1,0
most_maneuverable,1,1,0
most_malleable,1,1,0
most_malignant,1,1,0
incredibly_expert,1,1,0
incredibly_extra,1,0,1
most_male,1,1,0
incredibly_explicit,1,1,0
incredibly_explosive,1,1,0
incredibly_expressive,1,0,1
most_main,1,1,0
incredibly_exquisite,1,0,1
most_magnetic,1,1,0
most_listenable,1,1,0
incredibly_fine,1,1,0
incredibly_exhausting,1,1,0
incredibly_finicky,1,0,1
most_laborious,1,1,0
most_labor-intensive,1,1,0
incredibly_forgiving,1,1,0
incredibly_fortuitous,1,1,0
incredibly_foul,1,0,1
most_juvenile,1,1,0
most_justifiable,1,1,0
incredibly_frail,1,1,0
incredibly_frank,1,1,0
incredibly_free,1,1,0
incredibly_frequent,1,1,0
most_joyful,1,1,0
most_jolly,1,1,0
incredibly_fruitful,1,1,0
incredibly_funky,1,1,0
most_irresponsible,1,0,1
incredibly_gay,1,0,1
incredibly_foreign,1,1,0
most_large,1,1,0
incredibly_flimsy,1,1,0
most_legitimate,1,1,0
most_lightweight,1,1,0
most_lighthearted,1,1,0
most_life-changing,1,1,0
incredibly_flashy,1,1,0
incredibly_flat,1,1,0
incredibly_flattered,1,1,0
most_lenient,1,1,0
most_legal,1,1,0
most_latin,1,1,0
most_leftist,1,1,0
incredibly_flavourful,1,0,1
most_lax,1,1,0
most_lawless,1,1,0
incredibly_fleeting,1,1,0
most_laughable,1,1,0
most_laudable,1,1,0
incredibly_exhaustive,1,1,0
most_masculine,1,1,0
incredibly_gimmicky,1,1,0
most_murderous,1,1,0
incredibly_disgraceful,1,0,1
incredibly_disjointed,1,1,0
most_niche,1,1,0
incredibly_disorienting,1,1,0
incredibly_dispiriting,1,0,1
incredibly_distasteful,1,0,1
most_negligible,1,1,0
most_nefarious,1,1,0
most_nebulous,1,1,0
most_nearby,1,1,0
most_native,1,1,0
incredibly_divisive,1,0,1
most_narrative,1,1,0
most_narcissistic,1,1,0
most_naked,1,1,0
incredibly_domestic,1,1,0
most_mystical,1,1,0
incredibly_discreet,1,1,0
most_northern,1,1,0
most_nostalgia,1,1,0
most_objective,1,1,0
incredibly_demoralizing,1,1,0
incredibly_dependent,1,1,0
incredibly_deranged,1,1,0
incredibly_derivative,1,1,0
most_observable,1,1,0
incredibly_derogatory,1,1,0
incredibly_desirable,1,0,1
incredibly_devoid,1,1,0
incredibly_discouraging,1,1,0
incredibly_devoted,1,1,0
incredibly_devout,1,1,0
incredibly_dim,1,1,0
most_noxious,1,1,0
most_novel,1,1,0
incredibly_disciplined,1,0,1
incredibly_disconcerting,1,0,1
incredibly_dominate,1,1,0
most_multicultural,1,1,0
most_massive,1,1,0
incredibly_dusty,1,1,0
incredibly_enlightening,1,0,1
most_merciless,1,0,1
incredibly_enormous,1,1,0
most_mental,1,1,0
most_menial,1,1,0
incredibly_entrepreneurial,1,0,1
incredibly_enviable,1,0,1
incredibly_envious,1,1,0
most_melancholic,1,1,0
incredibly_esoteric,1,1,0
most_medium,1,1,0
incredibly_essential,1,0,1
most_medical,1,1,0
most_meaningless,1,1,0
incredibly_ethereal,1,0,1
incredibly_everyday,1,1,0
incredibly_exaggerated,1,1,0
most_mesmerizing,1,1,0
most_middle,1,1,0
most_mild,1,1,0
incredibly_elated,1,1,0
most_motivating,1,1,0
incredibly_earthy,1,0,1
most_monstrous,1,1,0
most_momentous,1,1,0
incredibly_eccentric,1,1,0
incredibly_eclectic,1,0,1
incredibly_egregious,1,0,1
incredibly_electric,1,0,1
incredibly_energetic,1,0,1
most_misogynistic,1,1,0
incredibly_elegant,1,1,0
incredibly_elusive,1,0,1
incredibly_embarrassed,1,1,0
incredibly_empathetic,1,1,0
incredibly_empathic,1,1,0
most_military,1,1,0
incredibly_geeky,1,1,0
most_irksome,1,1,0
most_genteel,1,0,1
most_heartless,1,1,0
incredibly_irresistible,1,0,1
most_horrendous,1,1,0
incredibly_irritable,1,1,0
incredibly_itchy,1,1,0
incredibly_jaw-dropping,1,0,1
most_homophobic,1,1,0
most_homesick,1,1,0
incredibly_jovial,1,1,0
most_historical,1,1,0
incredibly_joyous,1,1,0
incredibly_juvenile,1,1,0
incredibly_keen,1,1,0
incredibly_kinky,1,1,0
most_hesitant,1,1,0
most_helpless,1,1,0
incredibly_lackluster,1,1,0
most_heavy,1,1,0
incredibly_inviting,1,1,0
incredibly_intoxicated,1,1,0
incredibly_insular,1,0,1
incredibly_ineffective,1,1,0
most_imaginable,1,1,0
most_illustrious,1,1,0
incredibly_indecisive,1,1,0
most_illogical,1,1,0
most_illicit,1,1,0
incredibly_indifferent,1,1,0
incredibly_indispensable,1,1,0
incredibly_inevitable,1,1,0
incredibly_insufficient,1,1,0
most_idiosyncratic,1,1,0
incredibly_informational,1,1,0
most_hypocritical,1,0,1
most_hygienic,1,1,0
incredibly_instructive,1,1,0
most_humiliating,1,1,0
most_humid,1,1,0
most_hearty,1,1,0
incredibly_laudable,1,0,1
most_imbalanced,1,1,0
most_heartbroken,1,1,0
incredibly_ludicrous,1,0,1
most_gregarious,1,1,0
incredibly_luscious,1,1,0
incredibly_lyrical,1,0,1
incredibly_macabre,1,0,1
incredibly_magic,1,0,1
incredibly_magnetic,1,0,1
most_gory,1,1,0
incredibly_major,1,1,0
incredibly_manic,1,0,1
most_godly,1,1,0
incredibly_manipulative,1,1,0
most_global,1,1,0
most_gleeful,1,1,0
most_glad,1,1,0
most_gigantic,1,1,0
incredibly_meager,1,1,0
incredibly_lower,1,1,0
incredibly_low-tech,1,0,1
most_grueling,1,1,0
incredibly_lightweight,1,1,0
incredibly_laughable,1,1,0
incredibly_lavish,1,1,0
incredibly_lethargic,1,1,0
most_hawkish,1,1,0
most_haunting,1,1,0
incredibly_liberal,1,1,0
most_harsh,1,1,0
incredibly_likeable,1,0,1
incredibly_low-key,1,1,0
incredibly_likely,1,1,0
incredibly_limited,1,1,0
incredibly_liquid,1,1,0
incredibly_listenable,1,0,1
incredibly_little,1,1,0
incredibly_lovable,1,1,0
most_gut-wrenching,1,1,0
incredibly_incriminating,1,0,1
incredibly_incorrect,1,0,1
most_inviting,1,1,0
incredibly_high-tech,1,1,0
most_institutional,1,1,0
most_instant,1,1,0
incredibly_grumpy,1,1,0
most_inspired,1,1,0
incredibly_gutsy,1,1,0
incredibly_hairy,1,1,0
most_insipid,1,1,0
most_insincere,1,1,0
incredibly_hard-hitting,1,1,0
incredibly_harmonious,1,1,0
incredibly_harrowing,1,1,0
incredibly_hazy,1,1,0
incredibly_heartening,1,1,0
most_inopportune,1,1,0
incredibly_heartwarming,1,0,1
incredibly_hectic,1,1,0
most_injurious,1,1,0
most_instrumental,1,1,0
incredibly_grotesque,1,0,1
most_insurmountable,1,1,0
most_intolerable,1,1,0
incredibly_glamorous,1,0,1
most_invaluable,1,1,0
incredibly_good-natured,1,1,0
most_intrigued,1,1,0
incredibly_graphic,1,0,1
most_intransigent,1,1,0
most_intractable,1,1,0
incredibly_greedy,1,1,0
most_intact,1,1,0
incredibly_green,1,1,0
incredibly_grim,1,1,0
incredibly_gripping,1,0,1
most_interactive,1,1,0
most_intent,1,1,0
incredibly_grisly,1,1,0
incredibly_groovy,1,0,1
incredibly_high-quality,1,1,0
most_infrequent,1,1,0
incredibly_inadequate,1,1,0
incredibly_higher,1,1,0
most_incomprehensible,1,1,0
most_incomplete,1,1,0
incredibly_illogical,1,1,0
incredibly_illusory,1,1,0
incredibly_illustrious,1,1,0
incredibly_imaginative,1,1,0
most_inane,1,1,0
most_inaccessible,1,1,0
most_impulsive,1,1,0
most_improper,1,1,0
incredibly_immature,1,1,0
incredibly_immediate,1,0,1
incredibly_imperfect,1,1,0
incredibly_improbable,1,0,1
most_imposing,1,1,0
incredibly_improper,1,0,1
most_imperfect,1,1,0
most_incongruous,1,1,0
most_inconsistent,1,1,0
incredibly_ill,1,1,0
most_industrial,1,1,0
incredibly_hokey,1,1,0
most_inflammatory,1,1,0
most_inferior,1,1,0
most_inexplicable,1,1,0
most_inexperienced,1,1,0
incredibly_hotter,1,1,0
incredibly_humorous,1,1,0
most_indulgent,1,1,0
most_indecent,1,0,1
most_individualistic,1,1,0
most_indispensable,1,1,0
incredibly_hungry,1,1,0
most_indicative,1,1,0
most_indian,1,1,0
incredibly_hurtful,1,1,0
incredibly_icky,1,0,1
inherently_eclectic,1,1,0
inherently_elitist,1,0,1
irrationally_audacious,1,0,1
intriguingly_smoky,1,0,1
intriguingly_subversive,1,0,1
intriguingly_unique,1,0,1
intriguingly_unpleasant,1,0,1
intriguingly_visual,1,0,1
intrinsically_absurd,1,0,1
intrinsically_alien,1,1,0
intrinsically_angry,1,1,0
more_above,1,1,0
intrinsically_antagonistic,1,1,0
intrinsically_australian,1,0,1
morbidly_unsettling,1,0,1
morbidly_undeniable,1,0,1
morbidly_thrilling,1,0,1
morbidly_sad,1,1,0
morbidly_pessimistic,1,1,0
morbidly_overweight,1,1,0
intrinsically_averse,1,1,0
intriguingly_spare,1,0,1
more_abused,1,1,0
morally_devastating,1,0,1
intriguingly_shadowy,1,1,0
intriguingly_complete,1,0,1
intriguingly_eccentric,1,1,0
intriguingly_elegant,1,1,0
intriguingly_equivocal,1,1,0
intriguingly_familiar,1,0,1
intriguingly_flawed,1,1,0
intriguingly_functional,1,0,1
intriguingly_genuine,1,0,1
intriguingly_good,1,1,0
intriguingly_grim,1,0,1
intriguingly_idiosyncratic,1,1,0
intriguingly_masculine,1,0,1
intriguingly_mysterious,1,0,1
intriguingly_new,1,0,1
intriguingly_photogenic,1,1,0
intriguingly_quaint,1,0,1
more_abysmal,1,1,0
morbidly_morose,1,1,0
morbidly_lyrical,1,0,1
morbidly_intriguing,1,0,1
morbidly_interesting,1,1,0
intrinsically_canadian,1,0,1
morally_worst,1,1,0
intrinsically_characteristic,1,0,1
morally_wicked,1,1,0
intrinsically_charming,1,0,1
intrinsically_cheerful,1,0,1
morally_victorious,1,1,0
morally_victorian,1,0,1
morally_vapid,1,1,0
intrinsically_coherent,1,1,0
intrinsically_comforting,1,0,1
intrinsically_compatible,1,1,0
morally_useful,1,1,0
morally_urgent,1,1,0
intrinsically_competitive,1,0,1
morally_uplifting,1,0,1
morally_unwilling,1,1,0
morally_wrenching,1,1,0
intrinsically_brilliant,1,1,0
morbidly_alluring,1,0,1
morbidly_embarrassed,1,1,0
morbidly_interested,1,1,0
morbidly_ill,1,1,0
morbidly_humorous,1,0,1
morbidly_hot,1,0,1
morbidly_hilarious,1,1,0
intrinsically_balanced,1,0,1
morbidly_excited,1,1,0
morbidly_delightful,1,0,1
intrinsically_brighter,1,1,0
intrinsically_basic,1,0,1
morbidly_conscious,1,1,0
morbidly_compelling,1,0,1
morbidly_beautiful,1,1,0
morbidly_awkward,1,0,1
morbidly_awesome,1,0,1
intrinsically_bright,1,1,0
intriguingly_bonkers,1,1,0
intriguingly_bizarre,1,0,1
intriguingly_better,1,1,0
intimately_subtle,1,1,0
more_alternate,1,1,0
intimately_devoted,1,1,0
intimately_elegant,1,0,1
intimately_interested,1,1,0
intimately_introspective,1,1,0
intimately_knowledgable,1,0,1
intimately_painful,1,0,1
intimately_passionate,1,1,0
intimately_present,1,1,0
more_alarmist,1,1,0
intimately_recognizable,1,0,1
intimately_relevant,1,1,0
intimately_responsive,1,1,0
intimately_social,1,0,1
intimately_soothing,1,0,1
more_air-conditioned,1,1,0
more_ailing,1,1,0
intimately_deranged,1,0,1
intimately_compelling,1,0,1
intimately_comforting,1,0,1
internationally_qualified,1,1,0
internationally_interested,1,1,0
internationally_legitimate,1,1,0
internationally_mobile,1,1,0
more_anachronistic,1,1,0
internationally_oriented,1,0,1
more_ample,1,1,0
more_amoral,1,1,0
internationally_respectful,1,1,0
intimately_caring,1,1,0
internationally_successful,1,1,0
internationally_underappreciated,1,1,0
internationally_unfriendly,1,1,0
internationally_unknown,1,1,0
internationally_wide,1,1,0
intimately_acquainted,1,0,1
intimately_active,1,1,0
more_agricultural,1,1,0
more_agnostic,1,0,1
intriguingly_ambiguous,1,1,0
intimately_threatening,1,1,0
intolerably_tedious,1,1,0
intolerably_trite,1,0,1
intolerably_vapid,1,1,0
intolerably_violent,1,1,0
more_adroit,1,1,0
intricately_complicated,1,0,1
intricately_expansive,1,1,0
intricately_handmade,1,1,0
intricately_human,1,0,1
more_adjustable,1,1,0
intricately_orchestrated,1,1,0
intricately_perfect,1,0,1
intricately_poetic,1,1,0
intricately_rough,1,1,0
intricately_scary,1,1,0
intricately_sophisticated,1,0,1
intricately_useful,1,0,1
intolerably_strange,1,1,0
intolerably_slow,1,1,0
intolerably_severe,1,1,0
intolerably_difficult,1,1,0
intimately_truthful,1,0,1
intolerably_arrogant,1,1,0
more_african-american,1,1,0
intolerably_bored,1,1,0
intolerably_boring,1,1,0
intolerably_cutesy,1,1,0
more_afloat,1,0,1
intolerably_dull,1,1,0
intolerably_salty,1,1,0
intolerably_erroneous,1,0,1
intolerably_expensive,1,1,0
intolerably_hard,1,1,0
intolerably_horrible,1,0,1
intolerably_hot,1,1,0
intolerably_humid,1,1,0
intolerably_obnoxious,1,1,0
morally_unsound,1,1,0
morally_unsophisticated,1,1,0
morally_unsettling,1,0,1
morally_hurtful,1,1,0
intrinsically_humane,1,0,1
intrinsically_humanitarian,1,1,0
morally_inexcusable,1,1,0
morally_inept,1,1,0
intrinsically_illogical,1,0,1
intrinsically_improbable,1,1,0
morally_indecent,1,1,0
intrinsically_indian,1,0,1
morally_incoherent,1,1,0
morally_inclined,1,1,0
morally_incapable,1,1,0
intrinsically_individual,1,1,0
morally_impressive,1,0,1
morally_important,1,0,1
morally_imperfect,1,1,0
intrinsically_innovative,1,1,0
morally_ill,1,1,0
morally_instinctive,1,0,1
morally_intelligent,1,1,0
morally_interactive,1,0,1
morally_misinformed,1,1,0
intrinsically_fundamental,1,1,0
intrinsically_generous,1,0,1
intrinsically_gluten-free,1,1,0
intrinsically_gratifying,1,0,1
morally_moribund,1,1,0
morally_monstrous,1,1,0
morally_mistaken,1,1,0
morally_misguided,1,1,0
morally_interesting,1,1,0
intrinsically_green,1,1,0
intrinsically_happy,1,0,1
morally_light,1,1,0
morally_liable,1,1,0
morally_laudable,1,1,0
intrinsically_hazardous,1,1,0
morally_judgmental,1,1,0
morally_ideal,1,1,0
morally_horrifying,1,1,0
morally_nuanced,1,1,0
morally_harmless,1,1,0
morally_enlightened,1,1,0
intrinsically_lame,1,1,0
morally_elitist,1,1,0
morally_egregious,1,0,1
morally_edifying,1,1,0
intrinsically_lesser,1,0,1
intrinsically_likable,1,0,1
morally_distasteful,1,1,0
morally_disquieting,1,0,1
intrinsically_logical,1,0,1
morally_disgraceful,1,1,0
morally_discouraged,1,1,0
morally_discerning,1,1,0
morally_disagreeable,1,0,1
morally_difficult,1,1,0
morally_different,1,0,1
morally_didactic,1,1,0
intrinsically_kind,1,1,0
intrinsically_joyful,1,1,0
morally_ethical,1,1,0
morally_fraught,1,1,0
intrinsically_insensitive,1,1,0
morally_grotesque,1,0,1
morally_great,1,0,1
intrinsically_intelligible,1,1,0
intrinsically_interdependent,1,1,0
morally_fuzzy,1,1,0
morally_free,1,1,0
morally_forgiving,1,1,0
intrinsically_involved,1,0,1
morally_forgivable,1,1,0
morally_forbidden,1,0,1
morally_flexible,1,1,0
intrinsically_interdisciplinary,1,1,0
morally_fine,1,1,0
morally_favorable,1,1,0
intrinsically_inviting,1,0,1
morally_noxious,1,0,1
morally_numb,1,1,0
morally_unsavory,1,1,0
morally_respectable,1,1,0
morally_solid,1,1,0
morally_simplistic,1,0,1
intrinsically_delicate,1,0,1
intrinsically_dependent,1,1,0
morally_shocking,1,0,1
morally_shameful,1,1,0
morally_shallow,1,1,0
morally_shabby,1,0,1
morally_serious,1,1,0
morally_sentient,1,1,0
intrinsically_depressing,1,0,1
morally_secure,1,1,0
intrinsically_dirty,1,0,1
morally_ruinous,1,1,0
morally_risky,1,0,1
intrinsically_disproportionate,1,0,1
morally_revolting,1,1,0
intrinsically_degrading,1,0,1
intrinsically_deficient,1,0,1
morally_strong,1,1,0
morally_unbearable,1,1,0
morally_unsafe,1,1,0
intrinsically_confusing,1,1,0
morally_unknowable,1,1,0
morally_unfavorable,1,1,0
morally_undesirable,1,1,0
morally_unconscionable,1,1,0
morally_unclear,1,1,0
morally_unambiguous,1,0,1
intrinsically_deceptive,1,0,1
intrinsically_correct,1,1,0
morally_true,1,1,0
intrinsically_creative,1,1,0
morally_trivial,1,1,0
morally_symmetrical,1,0,1
intrinsically_cultural,1,0,1
morally_subtle,1,1,0
intrinsically_distinctive,1,1,0
morally_resonant,1,1,0
intrinsically_frightening,1,0,1
intrinsically_disturbing,1,0,1
morally_perverse,1,0,1
morally_persuasive,1,1,0
intrinsically_excellent,1,1,0
intrinsically_expensive,1,1,0
morally_overblown,1,1,0
morally_outrageous,1,1,0
intrinsically_fair,1,0,1
morally_outdated,1,1,0
morally_old,1,1,0
morally_okay,1,1,0
intrinsically_familiar,1,0,1
intrinsically_faster,1,1,0
intrinsically_female,1,1,0
morally_obscene,1,1,0
morally_obnoxious,1,1,0
intrinsically_festive,1,0,1
intrinsically_formulaic,1,0,1
morally_powerful,1,1,0
intrinsically_ethical,1,1,0
morally_predictable,1,1,0
morally_rational,1,1,0
intrinsically_droll,1,0,1
intrinsically_dull,1,0,1
morally_remarkable,1,1,0
intrinsically_dysfunctional,1,0,1
intrinsically_easier,1,1,0
morally_realistic,1,1,0
morally_real,1,0,1
intrinsically_eccentric,1,0,1
intrinsically_equal,1,1,0
morally_qualified,1,0,1
intrinsically_endearing,1,0,1
morally_punitive,1,1,0
intrinsically_english,1,0,1
intrinsically_enjoyable,1,0,1
morally_pristine,1,1,0
morally_primitive,1,1,0
internationally_inconsistent,1,1,0
internationally_immobile,1,1,0
internationally_consistent,1,1,0
intentionally_flat,1,1,0
intentionally_culpable,1,1,0
intentionally_dark,1,1,0
intentionally_deadpan,1,1,0
intentionally_dense,1,1,0
intentionally_diffuse,1,1,0
intentionally_disposable,1,1,0
intentionally_disruptive,1,1,0
intentionally_dissonant,1,1,0
intentionally_distorted,1,1,0
intentionally_distracting,1,1,0
intentionally_droll,1,1,0
intentionally_dumb,1,0,1
intentionally_easy,1,1,0
intentionally_erroneous,1,1,0
intentionally_evasive,1,1,0
intentionally_familiar,1,1,0
intentionally_fast,1,1,0
more_changeable,1,1,0
intentionally_crappy,1,1,0
intentionally_confused,1,1,0
intentionally_bizarre,1,1,0
intentionally_anti-semitic,1,1,0
intentionally_apologetic,1,1,0
intentionally_askew,1,1,0
intentionally_autistic,1,1,0
intentionally_awful,1,1,0
more_chilly,1,0,1
more_chill,1,1,0
intentionally_brief,1,1,0
intentionally_clever,1,1,0
intentionally_casual,1,1,0
intentionally_challenging,1,1,0
intentionally_chaotic,1,1,0
intentionally_cheap,1,1,0
intentionally_cheesy,1,1,0
intentionally_childish,1,1,0
intentionally_christian,1,1,0
intentionally_faulty,1,1,0
intentionally_frightening,1,1,0
intentionally_annoying,1,1,0
intentionally_funnier,1,1,0
intentionally_inept,1,1,0
more_broken,1,0,1
more_broader,1,1,0
intentionally_informational,1,1,0
intentionally_invasive,1,1,0
intentionally_irate,1,1,0
intentionally_irregular,1,0,1
intentionally_irritating,1,1,0
intentionally_less,1,1,0
intentionally_local,1,1,0
intentionally_loving,1,0,1
intentionally_low-key,1,1,0
intentionally_malevolent,1,1,0
intentionally_mean-spirited,1,0,1
intentionally_mysterious,1,0,1
more_boundless,1,0,1
intentionally_narrow,1,1,0
intentionally_incurable,1,1,0
intentionally_inconsistent,1,1,0
intentionally_incomplete,1,1,0
intentionally_hyperbolic,1,1,0
intentionally_glib,1,1,0
more_calmer,1,1,0
intentionally_goofy,1,1,0
intentionally_gullible,1,1,0
more_cagey,1,1,0
intentionally_hideous,1,1,0
intentionally_hollow,1,1,0
intentionally_immoral,1,1,0
intentionally_incendiary,1,1,0
intentionally_impervious,1,1,0
intentionally_impractical,1,1,0
more_bummed,1,1,0
intentionally_imprecise,1,1,0
intentionally_inadequate,1,1,0
more_buggy,1,1,0
intentionally_inaudible,1,1,0
more_chubby,1,1,0
intentionally_aloof,1,1,0
more_bossy,1,0,1
intensely_secretive,1,0,1
intensely_pragmatic,1,1,0
intensely_predictable,1,1,0
intensely_present,1,1,0
intensely_pretentious,1,1,0
intensely_primal,1,1,0
intensely_problematic,1,1,0
intensely_productive,1,1,0
intensely_provocative,1,0,1
intensely_pure,1,0,1
intensely_racist,1,1,0
intensely_reflective,1,1,0
intensely_refreshing,1,0,1
intensely_relentless,1,1,0
intensely_remorseful,1,1,0
intensely_rhythmic,1,1,0
intensely_rigorous,1,1,0
intensely_scary,1,0,1
intensely_powerful,1,0,1
intensely_popular,1,1,0
intensely_poignant,1,1,0
intensely_opinionated,1,1,0
intensely_noisy,1,1,0
intensely_nostalgic,1,1,0
intensely_nourishing,1,0,1
intensely_numb,1,1,0
intensely_obese,1,1,0
intensely_obscure,1,1,0
intensely_offensive,1,0,1
intensely_orange,1,0,1
intensely_pleased,1,1,0
intensely_pagan,1,0,1
more_concerted,1,1,0
intensely_partisan,1,1,0
intensely_patriotic,1,1,0
intensely_peaceful,1,0,1
intensely_philosophical,1,1,0
more_compulsive,1,1,0
intensely_scientific,1,1,0
intensely_seductive,1,1,0
intentionally_aged,1,1,0
intensely_sensitive,1,1,0
intensely_terrible,1,1,0
more_cloying,1,1,0
intensely_thrilling,1,0,1
intensely_traumatic,1,1,0
intensely_underwhelming,1,0,1
intensely_unfair,1,1,0
intensely_unlikable,1,1,0
intensely_unlikeable,1,0,1
intensely_unpopular,1,1,0
intensely_unsettling,1,0,1
intensely_unusual,1,1,0
intensely_valuable,1,0,1
intensely_white,1,0,1
more_civilian,1,0,1
intensely_wise,1,1,0
intensely_yellow,1,1,0
intentionally_abusive,1,1,0
intensely_tasty,1,0,1
intensely_talented,1,1,0
intensely_symbolic,1,0,1
intensely_special,1,0,1
intensely_shrewd,1,1,0
intensely_sincere,1,1,0
intensely_skeptical,1,1,0
intensely_skilled,1,1,0
intensely_slow,1,1,0
intensely_social,1,1,0
intensely_sombre,1,0,1
intensely_spicy,1,0,1
intensely_suicidal,1,1,0
intensely_strange,1,1,0
intensely_strenuous,1,1,0
intensely_stressful,1,1,0
more_cognitive,1,0,1
intensely_stupid,1,1,0
intensely_subversive,1,0,1
more_coastal,1,1,0
intentionally_nasty,1,1,0
intentionally_natural,1,1,0
internationally_compatible,1,1,0
more_argumentative,1,1,0
intermittently_heavy,1,1,0
intermittently_hot,1,1,0
intermittently_interchangeable,1,1,0
intermittently_involved,1,1,0
intermittently_necessary,1,1,0
more_asleep,1,1,0
more_askew,1,0,1
intermittently_reliable,1,1,0
intermittently_tentative,1,1,0
intermittently_unlikable,1,1,0
intermittently_watchable,1,0,1
internally_aggressive,1,1,0
internally_askew,1,0,1
internally_capable,1,1,0
internally_chaotic,1,1,0
more_arresting,1,1,0
internally_clad,1,1,0
intermittently_great,1,1,0
intermittently_faulty,1,1,0
intermittently_fascinating,1,0,1
interminably_annoying,1,1,0
interestingly_self-aware,1,1,0
interestingly_simple,1,0,1
interestingly_sordid,1,1,0
interestingly_strange,1,1,0
interestingly_subtle,1,0,1
interestingly_symptomatic,1,1,0
interestingly_weird,1,1,0
interminably_humble,1,1,0
intermittently_coherent,1,1,0
interminably_late,1,1,0
interminably_monotonous,1,1,0
interminably_numerous,1,1,0
interminably_slower,1,1,0
intermittently_audible,1,1,0
intermittently_aware,1,1,0
intermittently_brilliant,1,1,0
internally_convenient,1,1,0
more_arguable,1,1,0
interestingly_risky,1,1,0
internally_corrupt,1,0,1
internally_rational,1,1,0
internally_realistic,1,1,0
more_antithetical,1,0,1
internally_redundant,1,1,0
internally_satisfied,1,1,0
internally_scared,1,1,0
more_anti-american,1,1,0
internally_stable,1,1,0
internally_unstable,1,1,0
internally_valid,1,1,0
internally_violent,1,0,1
internally_visible,1,1,0
internally_visual,1,1,0
internally_weak,1,1,0
internationally_acceptable,1,1,0
internationally_best,1,1,0
internationally_co-operative,1,1,0
internally_pure,1,1,0
internally_powerful,1,1,0
more_apocryphal,1,1,0
internally_incoherent,1,1,0
internally_direct,1,1,0
more_archaic,1,0,1
internally_effective,1,1,0
internally_excruciating,1,1,0
internally_heterogeneous,1,1,0
internally_homogenous,1,1,0
internally_horrible,1,1,0
internally_laughable,1,1,0
more_apolitical,1,0,1
internally_loud,1,1,0
internally_meaningful,1,1,0
internally_motivated,1,1,0
internally_oppressive,1,1,0
internally_outdated,1,1,0
internally_perfect,1,1,0
internally_persuasive,1,1,0
interestingly_rural,1,1,0
interestingly_related,1,1,0
intentionally_negative,1,1,0
intentionally_threatening,1,0,1
intentionally_sexy,1,0,1
intentionally_sharp,1,1,0
intentionally_silent,1,1,0
intentionally_simple,1,1,0
more_bitchy,1,1,0
intentionally_simplistic,1,1,0
more_biodiverse,1,1,0
intentionally_slow,1,1,0
intentionally_small,1,1,0
intentionally_soft,1,1,0
intentionally_stiff,1,1,0
intentionally_stoic,1,1,0
intentionally_subversive,1,0,1
intentionally_suicidal,1,1,0
intentionally_targeted,1,1,0
intentionally_tasteless,1,1,0
intentionally_temporary,1,1,0
more_blameless,1,1,0
intentionally_sexist,1,1,0
intentionally_set,1,1,0
intentionally_random,1,1,0
intentionally_negligent,1,1,0
intentionally_offbeat,1,0,1
more_bolder,1,1,0
intentionally_paradoxical,1,1,0
intentionally_playful,1,1,0
more_blurred,1,1,0
intentionally_primitive,1,1,0
intentionally_raw,1,1,0
intentionally_serious,1,0,1
more_blond,1,1,0
intentionally_religious,1,1,0
intentionally_reminiscent,1,1,0
intentionally_resistant,1,1,0
intentionally_ridiculous,1,1,0
intentionally_rough,1,1,0
intentionally_secret,1,1,0
intentionally_terrible,1,1,0
intentionally_tricky,1,1,0
interestingly_quirky,1,1,0
intentionally_unavailable,1,1,0
more_bankrupt,1,1,0
interestingly_entertaining,1,1,0
interestingly_flat,1,0,1
interestingly_fresh,1,0,1
more_bald,1,1,0
interestingly_frustrating,1,1,0
interestingly_funny,1,0,1
interestingly_helpful,1,0,1
interestingly_historical,1,0,1
interestingly_incidental,1,1,0
interestingly_notable,1,1,0
interestingly_obscure,1,1,0
more_back,1,1,0
interestingly_off-kilter,1,1,0
interestingly_profound,1,0,1
more_awe,1,0,1
more_awash,1,1,0
interestingly_elastic,1,1,0
interestingly_disturbing,1,1,0
interestingly_difficult,1,0,1
intentionally_wasteful,1,1,0
intentionally_unclear,1,1,0
intentionally_uncooperative,1,1,0
intentionally_uninformed,1,1,0
intentionally_unkind,1,1,0
intentionally_unnerving,1,1,0
intentionally_unsettled,1,1,0
intentionally_unsettling,1,0,1
intentionally_weird,1,0,1
interestingly_close,1,1,0
intentionally_wonky,1,1,0
more_beatable,1,1,0
interestingly_ambitious,1,1,0
interestingly_bizarre,1,1,0
interestingly_boring,1,1,0
more_bashful,1,1,0
more_baseless,1,1,0
morally_devoid,1,1,0
morally_detrimental,1,1,0
inherently_elusive,1,0,1
moderately_advanced,1,1,0
invariably_judgmental,1,1,0
invariably_keen,1,1,0
moderately_academic,1,1,0
mobile_usable,1,1,0
invariably_outdated,1,1,0
invariably_political,1,1,0
invariably_powerful,1,0,1
mobile_pleasant,1,1,0
mobile_compatible,1,1,0
mobile_accessible,1,0,1
invariably_provocative,1,1,0
miserably_wrinkled,1,1,0
miserably_weak,1,1,0
miserably_vapid,1,1,0
miserably_unhelpful,1,1,0
invariably_real,1,0,1
miserably_uncomfortable,1,1,0
invariably_interested,1,1,0
invariably_inferior,1,1,0
morally_despicable,1,1,0
moderately_affordable,1,1,0
moderately_brown,1,1,0
moderately_bitter,1,1,0
invariably_evil,1,1,0
moderately_better,1,1,0
moderately_bent,1,1,0
moderately_belligerent,1,1,0
moderately_basic,1,0,1
invariably_exhausting,1,1,0
invariably_futile,1,1,0
invariably_high,1,1,0
moderately_angry,1,1,0
invariably_hindu,1,1,0
invariably_honest,1,1,0
moderately_amazing,1,1,0
moderately_alkaline,1,1,0
moderately_alcoholic,1,1,0
invariably_immaculate,1,1,0
miserably_tired,1,1,0
miserably_sweet,1,1,0
invariably_satisfied,1,1,0
invariably_secure,1,1,0
invariably_unhappy,1,1,0
miraculously_worth,1,1,0
invariably_upset,1,1,0
miraculously_unharmed,1,0,1
miraculously_sunny,1,1,0
miraculously_successful,1,1,0
miraculously_silent,1,1,0
miraculously_safe,1,1,0
miraculously_related,1,1,0
miraculously_peaceful,1,1,0
miraculously_normal,1,0,1
miraculously_new,1,0,1
miraculously_lovely,1,1,0
miraculously_intuitive,1,1,0
miraculously_intact,1,1,0
miraculously_good,1,1,0
invariably_wonderful,1,1,0
invariably_true,1,1,0
miserably_depressed,1,1,0
miserably_depressing,1,0,1
miserably_inhuman,1,1,0
miserably_sad,1,1,0
miserably_quiet,1,1,0
invariably_shocked,1,1,0
miserably_outdated,1,1,0
miserably_normal,1,1,0
miserably_low,1,1,0
invariably_spacious,1,1,0
miserably_inept,1,1,0
miserably_desolate,1,1,0
miserably_inconvenient,1,1,0
miserably_ill,1,1,0
invariably_such,1,1,0
miserably_hateful,1,1,0
miserably_exploitative,1,1,0
miserably_dry,1,1,0
miserably_difficult,1,1,0
moderately_bullish,1,1,0
moderately_calm,1,1,0
moderately_careful,1,1,0
intuitively_satisfying,1,1,0
intuitively_meaningful,1,1,0
moderately_glamorous,1,1,0
moderately_funny,1,0,1
moderately_frightening,1,0,1
intuitively_natural,1,0,1
moderately_formal,1,1,0
moderately_fluffy,1,1,0
intuitively_necessary,1,1,0
intuitively_needless,1,1,0
moderately_famous,1,0,1
intuitively_orthodox,1,0,1
intuitively_perfect,1,1,0
intuitively_persuasive,1,0,1
moderately_exasperating,1,1,0
moderately_enticing,1,1,0
intuitively_present,1,0,1
intuitively_pro-life,1,1,0
moderately_great,1,1,0
moderately_gruesome,1,1,0
intuitively_logical,1,1,0
intuitively_creative,1,0,1
intuitively_controllable,1,1,0
moderately_ignorant,1,1,0
moderately_hungry,1,1,0
moderately_humorous,1,1,0
intuitively_cooperative,1,1,0
moderately_honorable,1,1,0
moderately_honest,1,1,0
intuitively_different,1,0,1
moderately_hard,1,1,0
moderately_heterogeneous,1,1,0
intuitively_disturbing,1,0,1
intuitively_functional,1,1,0
intuitively_healthy,1,0,1
moderately_hazardous,1,1,0
moderately_hateful,1,1,0
moderately_harsh,1,1,0
intuitively_right,1,0,1
moderately_edible,1,1,0
moderately_charitable,1,1,0
intuitively_simple,1,1,0
moderately_current,1,1,0
moderately_cranky,1,1,0
moderately_corrupt,1,1,0
invariably_bizarre,1,1,0
invariably_black,1,1,0
moderately_complicated,1,1,0
moderately_compliant,1,1,0
invariably_cognizant,1,1,0
invariably_deceptive,1,1,0
moderately_compatible,1,1,0
moderately_common,1,1,0
moderately_comfortable,1,1,0
invariably_derogatory,1,1,0
moderately_close,1,0,1
moderately_clever,1,1,0
invariably_different,1,1,0
moderately_chunky,1,1,0
moderately_cute,1,0,1
invariably_better,1,1,0
moderately_decent,1,1,0
moderately_disappointing,1,0,1
moderately_durable,1,1,0
moderately_dull,1,1,0
intuitively_skilled,1,1,0
moderately_drunk,1,1,0
intuitively_strong,1,1,0
moderately_distinctive,1,1,0
moderately_disruptive,1,0,1
moderately_diligent,1,1,0
invariably_amazing,1,1,0
intuitively_urgent,1,0,1
moderately_detailed,1,1,0
moderately_depressing,1,1,0
intuitively_wrong,1,0,1
moderately_dense,1,1,0
moderately_demanding,1,1,0
moderately_delinquent,1,1,0
invariably_wrong,1,1,0
miraculously_entertaining,1,0,1
miraculously_easy,1,1,0
militarily_inferior,1,1,0
mind-numbingly_authentic,1,0,1
ironically_obscene,1,1,0
ironically_opposite,1,1,0
militarily_vulnerable,1,1,0
militarily_viable,1,1,0
ironically_organic,1,1,0
militarily_unprepared,1,1,0
militarily_unnecessary,1,1,0
militarily_unable,1,1,0
militarily_sustainable,1,1,0
militarily_significant,1,1,0
militarily_sensible,1,1,0
militarily_reckless,1,1,0
militarily_provocative,1,0,1
ironically_pungent,1,1,0
militarily_obsolete,1,1,0
ironically_real,1,0,1
mind-numbingly_awesome,1,0,1
ironically_numerous,1,1,0
mind-numbingly_banal,1,0,1
mind-numbingly_gloomy,1,1,0
mind-numbingly_mainstream,1,0,1
mind-numbingly_insane,1,1,0
mind-numbingly_ignorant,1,0,1
mind-numbingly_idiotic,1,0,1
mind-numbingly_horrific,1,1,0
mind-numbingly_hard,1,1,0
mind-numbingly_good,1,1,0
mind-numbingly_generic,1,1,0
ironically_male,1,1,0
ironically_ironic,1,1,0
ironically_liberating,1,0,1
ironically_lighthearted,1,1,0
mind-numbingly_disturbing,1,1,0
mind-numbingly_difficult,1,1,0
mind-numbingly_complicated,1,0,1
mind-numbingly_complex,1,1,0
militarily_invincible,1,1,0
militarily_incompetent,1,1,0
mind-numbingly_obtuse,1,0,1
militarily_incapable,1,1,0
mildly_upbeat,1,1,0
mildly_unusual,1,0,1
ironically_simple,1,0,1
ironically_sincere,1,1,0
mildly_unruly,1,0,1
mildly_unprofessional,1,0,1
mildly_unpredictable,1,1,0
ironically_subversive,1,1,0
ironically_suitable,1,1,0
mildly_unfriendly,1,1,0
mildly_unfavorable,1,0,1
mildly_unfamiliar,1,1,0
mildly_uneasy,1,1,0
mildly_uncommon,1,0,1
ironically_tragic,1,1,0
mildly_true,1,1,0
irrationally_aggressive,1,1,0
mildly_usable,1,0,1
ironically_seductive,1,1,0
mildly_valuable,1,0,1
militarily_appropriate,1,0,1
militarily_feasible,1,1,0
militarily_effective,1,1,0
militarily_easier,1,1,0
militarily_dominant,1,1,0
militarily_difficult,1,1,0
militarily_cooperative,1,1,0
militarily_capable,1,1,0
militarily_aggressive,1,1,0
ironically_repetitive,1,0,1
militarily_active,1,1,0
mildly_xenophobic,1,1,0
mildly_worthwhile,1,0,1
mildly_worried,1,1,0
mildly_wary,1,1,0
ironically_reminiscent,1,0,1
mildly_wacky,1,0,1
mind-numbingly_monotonous,1,1,0
mind-numbingly_painful,1,1,0
miraculously_different,1,0,1
minimally_intrusive,1,1,0
ironically_compassionate,1,1,0
minimally_responsive,1,1,0
ironically_conservative,1,1,0
minimally_realistic,1,1,0
minimally_proficient,1,1,0
minimally_productive,1,1,0
minimally_present,1,1,0
minimally_positive,1,1,0
minimally_polite,1,1,0
minimally_pessimistic,1,1,0
minimally_palpable,1,1,0
minimally_painless,1,1,0
ironically_cute,1,0,1
minimally_observant,1,1,0
minimally_objectionable,1,1,0
minimally_necessary,1,1,0
ironically_distant,1,1,0
ironically_comforting,1,0,1
minimally_sexual,1,1,0
minimally_sincere,1,1,0
ironically_amazing,1,1,0
miraculously_compelling,1,0,1
miraculously_beautiful,1,1,0
miraculously_available,1,1,0
miraculously_amazing,1,0,1
ironically_akin,1,0,1
minimally_worthwhile,1,1,0
minimally_visible,1,1,0
ironically_amusing,1,1,0
minimally_skilled,1,1,0
minimally_troublesome,1,1,0
ironically_appealing,1,1,0
minimally_supportive,1,1,0
minimally_sufficient,1,1,0
ironically_authentic,1,1,0
minimally_substantial,1,0,1
minimally_subject,1,1,0
ironically_downtrodden,1,0,1
minimally_informative,1,1,0
ironically_inspirational,1,1,0
minimally_important,1,0,1
minimally_clean,1,1,0
minimally_classic,1,1,0
minimally_civil,1,1,0
minimally_careful,1,1,0
ironically_hilarious,1,1,0
ironically_hip,1,1,0
minimally_available,1,1,0
minimally_advanced,1,1,0
ironically_human,1,0,1
ironically_humble,1,1,0
mind-numbingly_uninspiring,1,0,1
mind-numbingly_terrifying,1,1,0
ironically_humorous,1,1,0
ironically_incongruous,1,0,1
mind-numbingly_simplistic,1,1,0
mind-numbingly_simple,1,1,0
mind-numbingly_retarded,1,1,0
minimally_comfortable,1,1,0
minimally_compatible,1,1,0
minimally_constitutional,1,1,0
minimally_evocative,1,1,0
minimally_human,1,1,0
ironically_emotive,1,1,0
minimally_helpful,1,1,0
minimally_harmful,1,1,0
minimally_few,1,1,0
minimally_fashionable,1,1,0
minimally_familiar,1,0,1
minimally_electable,1,1,0
minimally_controversial,1,1,0
ironically_famous,1,0,1
minimally_dissatisfied,1,1,0
minimally_disruptive,1,1,0
ironically_feminine,1,0,1
minimally_decent,1,1,0
minimally_curious,1,1,0
minimally_correct,1,1,0
intuitively_close,1,0,1
moderately_independent,1,1,0
moderately_inexpensive,1,0,1
monstrously_unnatural,1,0,1
monumentally_egotistical,1,1,0
monumentally_dumb,1,1,0
intrinsically_pleasing,1,0,1
intrinsically_pleasurable,1,0,1
monumentally_detrimental,1,0,1
monumentally_delicate,1,0,1
monumentally_cynical,1,1,0
monumentally_courageous,1,0,1
intrinsically_poignant,1,1,0
monumentally_busy,1,1,0
monumentally_broad,1,0,1
monumentally_better,1,0,1
monumentally_arrogant,1,1,0
monumentally_absurd,1,0,1
monstrously_wrong,1,0,1
monstrously_vulnerable,1,1,0
monstrously_volatile,1,0,1
monumentally_egregious,1,0,1
monumentally_elegant,1,0,1
monumentally_embarrassing,1,0,1
monumentally_irritating,1,0,1
monumentally_positive,1,0,1
monumentally_pointless,1,0,1
monumentally_ornate,1,1,0
monumentally_original,1,1,0
monumentally_odd,1,1,0
monumentally_naive,1,1,0
intrinsically_patriotic,1,0,1
monumentally_interesting,1,0,1
monumentally_evil,1,0,1
monumentally_insensitive,1,0,1
monumentally_insecure,1,1,0
monumentally_incompetent,1,1,0
monumentally_inaccurate,1,1,0
monumentally_impressive,1,0,1
monumentally_heavy,1,0,1
monumentally_funny,1,0,1
monstrously_violent,1,0,1
monstrously_unhelpful,1,1,0
monumentally_risky,1,0,1
monstrously_unethical,1,1,0
monstrously_fat,1,1,0
monstrously_closer,1,1,0
intrinsically_proper,1,0,1
monstrously_arrogant,1,1,0
momentarily_weird,1,1,0
momentarily_unsettling,1,1,0
momentarily_unresponsive,1,1,0
momentarily_uncomfortable,1,1,0
intrinsically_queer,1,0,1
momentarily_tolerable,1,1,0
momentarily_tasty,1,1,0
momentarily_surprising,1,1,0
momentarily_successful,1,1,0
momentarily_subversive,1,0,1
momentarily_satisfying,1,1,0
momentarily_refreshing,1,0,1
momentarily_painful,1,1,0
monstrously_hard,1,1,0
monstrously_hateful,1,1,0
monstrously_high,1,1,0
monstrously_powerful,1,0,1
monstrously_uncomfortable,1,1,0
monstrously_terrified,1,1,0
monstrously_tedious,1,1,0
monstrously_tall,1,1,0
monstrously_simple,1,1,0
monstrously_rude,1,1,0
monstrously_repulsive,1,0,1
monstrously_overpriced,1,1,0
monstrously_horrible,1,0,1
monstrously_old,1,0,1
monstrously_miraculous,1,1,0
monstrously_mechanical,1,0,1
intrinsically_priceless,1,1,0
monstrously_larger,1,1,0
monstrously_large,1,1,0
intrinsically_progressive,1,0,1
monumentally_profound,1,0,1
monumentally_sad,1,0,1
momentarily_new,1,1,0
morally_blind,1,1,0
intrinsically_motivating,1,0,1
morally_concerned,1,1,0
morally_compulsory,1,1,0
intrinsically_mysterious,1,0,1
intrinsically_neat,1,0,1
morally_compelling,1,0,1
morally_comparable,1,0,1
intrinsically_negative,1,1,0
morally_comfortable,1,1,0
morally_cloudy,1,1,0
morally_close,1,0,1
morally_clear-cut,1,1,0
morally_clear,1,1,0
morally_charitable,1,1,0
morally_certain,1,1,0
morally_central,1,1,0
morally_casual,1,0,1
morally_conscious,1,1,0
intrinsically_motivated,1,1,0
morally_contemptible,1,1,0
intrinsically_masculine,1,0,1
intrinsically_lovable,1,0,1
morally_deserving,1,1,0
intrinsically_lovely,1,0,1
morally_deplorable,1,1,0
morally_demanding,1,1,0
morally_degrading,1,1,0
intrinsically_male,1,0,1
morally_decrepit,1,1,0
intrinsically_monogamous,1,1,0
morally_decadent,1,1,0
morally_dangerous,1,1,0
intrinsically_meaningful,1,1,0
morally_critical,1,1,0
intrinsically_melancholy,1,0,1
intrinsically_milder,1,1,0
intrinsically_misogynistic,1,0,1
morally_capable,1,1,0
intrinsically_neutral,1,1,0
monumentally_scary,1,0,1
morally_black,1,1,0
morally_admissible,1,1,0
intrinsically_original,1,0,1
intrinsically_ours,1,0,1
intrinsically_painful,1,1,0
morally_absent,1,1,0
intrinsically_paranoid,1,1,0
monumentally_wrong,1,0,1
monumentally_vain,1,0,1
monumentally_unpleasant,1,0,1
monumentally_uneasy,1,1,0
monumentally_terrible,1,1,0
monumentally_subjective,1,0,1
intrinsically_passionate,1,0,1
monumentally_slow,1,1,0
monumentally_silly,1,0,1
monumentally_significant,1,0,1
monumentally_self-centered,1,0,1
morally_adrift,1,1,0
morally_agnostic,1,1,0
intrinsically_offensive,1,0,1
intrinsically_nonsensical,1,0,1
intrinsically_new,1,0,1
morally_benign,1,1,0
morally_benevolent,1,1,0
morally_beneficial,1,1,0
intrinsically_nice,1,0,1
morally_attractive,1,1,0
morally_arbitrary,1,1,0
morally_appealing,1,1,0
morally_akin,1,1,0
morally_appalling,1,1,0
morally_antithetical,1,1,0
morally_analogous,1,0,1
morally_amiss,1,0,1
intrinsically_noticeable,1,0,1
intrinsically_off-putting,1,1,0
morally_allergic,1,1,0
momentarily_open,1,0,1
momentarily_justifiable,1,1,0
moderately_inspiring,1,1,0
moderately_preventable,1,1,0
intrinsically_unavailable,1,1,0
moderately_safe,1,1,0
moderately_risque,1,1,0
intrinsically_uncanny,1,0,1
moderately_richer,1,1,0
moderately_rich,1,1,0
moderately_responsive,1,1,0
intrinsically_undesirable,1,1,0
moderately_reminiscent,1,0,1
intrinsically_unjust,1,0,1
intrinsically_unnecessary,1,0,1
moderately_reasonable,1,1,0
moderately_rare,1,1,0
moderately_racist,1,0,1
intrinsically_unpleasant,1,0,1
moderately_progressive,1,1,0
intrinsically_unreasonable,1,0,1
moderately_satisfying,1,1,0
moderately_savvy,1,1,0
intrinsically_unattractive,1,1,0
intrinsically_terrifying,1,0,1
moderately_strenuous,1,1,0
moderately_straightforward,1,1,0
moderately_steep,1,1,0
intrinsically_suspect,1,0,1
moderately_spherical,1,1,0
moderately_sophisticated,1,0,1
intrinsically_tedious,1,0,1
intrinsically_theatrical,1,1,0
intrinsically_unattainable,1,1,0
intrinsically_tragic,1,0,1
moderately_sinister,1,0,1
moderately_similar,1,1,0
moderately_sick,1,1,0
moderately_shiny,1,0,1
moderately_sharp,1,1,0
moderately_serviceable,1,1,0
intrinsically_unsafe,1,0,1
moderately_predictive,1,1,0
moderately_strict,1,1,0
moderately_powerful,1,1,0
moderately_memorable,1,1,0
moderately_mellow,1,0,1
moderately_mature,1,1,0
intrinsically_virtuous,1,1,0
intrinsically_vital,1,0,1
moderately_likable,1,1,0
moderately_light,1,1,0
intrinsically_worthwhile,1,1,0
moderately_lasting,1,1,0
moderately_larger,1,1,0
moderately_knowledgeable,1,1,0
moderately_islamic,1,1,0
intuitively_able,1,1,0
intuitively_adjustable,1,1,0
moderately_intensive,1,1,0
intuitively_bad,1,1,0
intuitively_bizarre,1,0,1
moderately_minimal,1,1,0
moderately_mundane,1,1,0
moderately_muslim,1,1,0
intrinsically_unstable,1,1,0
intrinsically_unsatisfactory,1,0,1
moderately_positive,1,1,0
moderately_popular,1,1,0
moderately_poor,1,1,0
moderately_persistent,1,1,0
moderately_peculiar,1,1,0
moderately_paced,1,0,1
moderately_original,1,0,1
moderately_nasty,1,0,1
intrinsically_unwieldy,1,0,1
intrinsically_upsetting,1,0,1
moderately_novel,1,0,1
moderately_normal,1,1,0
moderately_new,1,1,0
intrinsically_useless,1,0,1
moderately_naturalistic,1,1,0
moderately_stressful,1,0,1
intrinsically_subjective,1,1,0
momentarily_intriguing,1,1,0
modestly_beneficial,1,1,0
modestly_priced,1,0,1
modestly_present,1,1,0
modestly_positive,1,1,0
modestly_popular,1,1,0
intrinsically_repulsive,1,0,1
intrinsically_resistant,1,1,0
modestly_intriguing,1,1,0
intrinsically_reverent,1,0,1
modestly_hopeful,1,1,0
modestly_helpful,1,1,0
modestly_healthier,1,1,0
modestly_fresh,1,1,0
modestly_fair,1,1,0
intrinsically_rotten,1,0,1
modestly_difficult,1,1,0
modestly_different,1,0,1
modestly_complete,1,1,0
modestly_profitable,1,1,0
modestly_proud,1,1,0
modestly_rational,1,1,0
modestly_upbeat,1,0,1
momentarily_hot,1,1,0
momentarily_easier,1,1,0
momentarily_confusing,1,1,0
intrinsically_rare,1,1,0
momentarily_beneficial,1,1,0
momentarily_amused,1,1,0
modestly_wealthy,1,1,0
modestly_unsettling,1,0,1
modestly_reluctant,1,1,0
modestly_tolerant,1,1,0
modestly_talented,1,1,0
intrinsically_repugnant,1,1,0
modestly_substantive,1,0,1
modestly_serviceable,1,1,0
modestly_sensual,1,1,0
modestly_respectful,1,1,0
modestly_captivating,1,1,0
modestly_aware,1,0,1
moderately_stronger,1,1,0
modestly_amusing,1,1,0
moderately_tolerant,1,1,0
moderately_tolerable,1,1,0
moderately_tired,1,0,1
intrinsically_simplistic,1,1,0
moderately_thrifty,1,1,0
moderately_thoughtful,1,1,0
moderately_terrifying,1,1,0
moderately_terrible,1,0,1
intrinsically_soothing,1,0,1
moderately_symptomatic,1,1,0
intrinsically_spanish,1,0,1
intrinsically_spontaneous,1,0,1
moderately_sure,1,1,0
moderately_supportive,1,1,0
intrinsically_spurious,1,0,1
moderately_substantial,1,0,1
moderately_stunning,1,1,0
moderately_transparent,1,1,0
moderately_trivial,1,1,0
moderately_troubling,1,1,0
moderately_valid,1,1,0
intrinsically_sacred,1,0,1
moderately_windy,1,1,0
moderately_whiny,1,1,0
intrinsically_senseless,1,0,1
intrinsically_sensible,1,0,1
moderately_weaker,1,1,0
intrinsically_sexual,1,0,1
intrinsically_shallow,1,0,1
intrinsically_similar,1,0,1
moderately_uplifting,1,0,1
moderately_unusual,1,0,1
moderately_unscathed,1,1,0
intrinsically_sick,1,0,1
moderately_unhappy,1,1,0
moderately_uneven,1,1,0
moderately_under-appreciated,1,1,0
more_configurable,1,0,1
intensely_nationalistic,1,1,0
intensely_national,1,1,0
innately_authentic,1,0,1
innately_baroque,1,1,0
more_infallible,1,1,0
innately_bland,1,0,1
innately_boring,1,0,1
innately_brilliant,1,1,0
innately_british,1,0,1
innately_capable,1,1,0
innately_caring,1,0,1
more_ineligible,1,1,0
innately_characteristic,1,0,1
more_ineffectual,1,1,0
innately_civilised,1,0,1
innately_comfortable,1,0,1
innately_comforting,1,0,1
innately_compelling,1,0,1
innately_cool,1,0,1
innately_criminal,1,1,0
innately_awesome,1,0,1
innately_aggressive,1,1,0
intensely_mystical,1,0,1
innately_absurd,1,0,1
initially_uninteresting,1,1,0
initially_unlikely,1,1,0
initially_unmarried,1,1,0
initially_unprofitable,1,1,0
initially_unsatisfying,1,0,1
initially_unthinkable,1,0,1
more_inhuman,1,0,1
initially_unwilling,1,1,0
more_ingrained,1,0,1
initially_vague,1,1,0
initially_visible,1,1,0
initially_welcoming,1,1,0
initially_willing,1,1,0
initially_wonderful,1,0,1
initially_wrong,1,0,1
initially_zealous,1,1,0
innately_absent,1,1,0
innately_destructive,1,1,0
innately_disagreeable,1,0,1
innately_divine,1,1,0
innately_dreadful,1,1,0
more_incomplete,1,0,1
innately_honest,1,1,0
innately_hopeful,1,1,0
innately_immoral,1,0,1
innately_immune,1,1,0
innately_infectious,1,1,0
innately_insidious,1,0,1
innately_intelligent,1,1,0
innately_interested,1,1,0
innately_international,1,1,0
innately_intriguing,1,0,1
innately_intuitive,1,1,0
innately_italian,1,0,1
innately_jewish,1,1,0
innately_joyful,1,0,1
innately_joyous,1,0,1
innately_kind,1,1,0
innately_homey,1,0,1
more_inconclusive,1,1,0
innately_grand,1,0,1
innately_erotic,1,0,1
innately_earnest,1,0,1
innately_elegant,1,1,0
innately_empathetic,1,1,0
more_indestructible,1,0,1
more_indescribable,1,0,1
innately_endearing,1,0,1
innately_entertaining,1,0,1
innately_explosive,1,1,0
innately_german,1,0,1
innately_fascinating,1,0,1
innately_female,1,1,0
innately_frightening,1,0,1
more_incorrect,1,1,0
innately_funnier,1,0,1
innately_generic,1,0,1
innately_gentle,1,0,1
initially_unintentional,1,1,0
initially_unforgiving,1,1,0
initially_unfamiliar,1,1,0
initially_petrified,1,1,0
initially_irregular,1,1,0
initially_jarring,1,1,0
initially_keen,1,1,0
initially_leery,1,1,0
initially_legit,1,1,0
initially_likeable,1,1,0
initially_local,1,1,0
initially_manifest,1,1,0
initially_milder,1,1,0
initially_misunderstood,1,1,0
initially_mundane,1,1,0
initially_negative,1,1,0
initially_obvious,1,0,1
initially_other,1,1,0
more_intoxicated,1,1,0
initially_outraged,1,1,0
initially_painful,1,1,0
initially_intriguing,1,0,1
initially_interested,1,1,0
initially_indifferent,1,1,0
initially_frustrated,1,1,0
initially_entertaining,1,0,1
initially_evil,1,0,1
initially_exempt,1,1,0
initially_familiar,1,1,0
initially_fascinating,1,1,0
initially_fast,1,1,0
initially_fluent,1,1,0
initially_good,1,1,0
initially_incomprehensible,1,1,0
initially_higher,1,1,0
initially_impactful,1,1,0
initially_impossible,1,1,0
initially_impressed,1,1,0
more_irate,1,1,0
more_invulnerable,1,1,0
initially_inaudible,1,1,0
initially_peaceful,1,1,0
initially_plausible,1,0,1
initially_unexpected,1,1,0
more_interwoven,1,1,0
initially_sure,1,1,0
initially_surprised,1,1,0
initially_sympathetic,1,1,0
initially_synonymous,1,0,1
initially_talented,1,1,0
initially_taller,1,1,0
initially_tasteless,1,1,0
initially_tight,1,1,0
initially_timid,1,1,0
initially_unaccounted,1,1,0
more_insincere,1,1,0
initially_unarmed,1,1,0
initially_uncertain,1,1,0
initially_unclear,1,1,0
more_inseparable,1,1,0
initially_unconscious,1,1,0
initially_uneasy,1,1,0
initially_subtle,1,1,0
initially_stable,1,1,0
initially_speechless,1,1,0
initially_reminiscent,1,0,1
initially_pleasing,1,0,1
initially_poor,1,1,0
initially_positive,1,1,0
initially_possible,1,1,0
initially_prepared,1,1,0
initially_privileged,1,1,0
initially_receptive,1,1,0
initially_responsive,1,1,0
initially_small,1,1,0
initially_reticent,1,1,0
initially_rewarding,1,1,0
initially_rigid,1,1,0
initially_satisfying,1,1,0
initially_scary,1,1,0
initially_self-taught,1,1,0
initially_simple,1,0,1
innately_lesser,1,0,1
more_impregnable,1,0,1
more_impractical,1,1,0
insanely_aware,1,1,0
inordinately_slow,1,1,0
inordinately_supportive,1,1,0
more_hokey,1,1,0
inordinately_tiring,1,1,0
insanely_accurate,1,1,0
insanely_aggressive,1,1,0
more_hilly,1,1,0
insanely_amazing,1,1,0
insanely_ambitious,1,0,1
insanely_androgynous,1,1,0
more_high-profile,1,1,0
insanely_annoying,1,1,0
insanely_appealing,1,0,1
insanely_applicable,1,0,1
insanely_arduous,1,1,0
insanely_arrogant,1,1,0
insanely_artistic,1,1,0
inordinately_simpler,1,1,0
inordinately_similar,1,1,0
inordinately_sharp,1,0,1
inordinately_lavish,1,1,0
inordinately_happy,1,1,0
inordinately_hostile,1,1,0
inordinately_important,1,0,1
inordinately_influential,1,1,0
more_hoppy,1,1,0
inordinately_interested,1,1,0
inordinately_intimate,1,0,1
inordinately_lengthy,1,1,0
inordinately_selfish,1,1,0
inordinately_low,1,1,0
inordinately_optimistic,1,1,0
inordinately_polite,1,1,0
inordinately_privileged,1,1,0
inordinately_rude,1,1,0
inordinately_sad,1,1,0
inordinately_self-centered,1,1,0
more_heretical,1,1,0
insanely_bad,1,1,0
inordinately_fat,1,1,0
insanely_beneficial,1,1,0
insanely_desperate,1,1,0
insanely_dry,1,1,0
insanely_dull,1,0,1
insanely_earnest,1,1,0
insanely_elaborate,1,1,0
insanely_enjoyable,1,0,1
insanely_entertaining,1,1,0
insanely_envious,1,1,0
insanely_epic,1,1,0
insanely_erotic,1,0,1
insanely_fashionable,1,1,0
insanely_fearless,1,1,0
insanely_fit,1,1,0
insanely_flattering,1,1,0
insanely_flexible,1,1,0
insanely_fluent,1,1,0
more_handmade,1,0,1
more_hasty,1,1,0
insanely_depressed,1,1,0
insanely_delusional,1,1,0
insanely_coincidental,1,0,1
insanely_biased,1,1,0
insanely_bored,1,1,0
insanely_brutal,1,1,0
insanely_bullish,1,0,1
insanely_careful,1,1,0
insanely_catchy,1,0,1
insanely_clever,1,0,1
insanely_colourful,1,1,0
insanely_dead,1,1,0
insanely_compelling,1,0,1
insanely_contemporary,1,1,0
insanely_courageous,1,1,0
insanely_creepy,1,1,0
insanely_crude,1,1,0
insanely_curious,1,1,0
insanely_cute,1,1,0
inordinately_fearful,1,1,0
inordinately_fascinating,1,0,1
innately_limited,1,1,0
innately_significant,1,0,1
innately_possible,1,1,0
innately_predisposed,1,1,0
innately_private,1,0,1
innately_profound,1,0,1
innately_prone,1,1,0
innately_pure,1,0,1
innately_queer,1,0,1
innately_reassuring,1,0,1
more_imaginable,1,1,0
innately_regional,1,0,1
innately_rewarding,1,0,1
innately_right,1,0,1
innately_savage,1,0,1
innately_scary,1,0,1
innately_seductive,1,0,1
more_illegible,1,1,0
innately_selfish,1,1,0
more_immortal,1,1,0
innately_positive,1,0,1
innately_pluralistic,1,1,0
innately_muslim,1,1,0
more_impotent,1,1,0
innately_lonely,1,1,0
innately_masculine,1,1,0
innately_maternal,1,1,0
innately_moral,1,1,0
innately_motivating,1,0,1
innately_musical,1,1,0
innately_negative,1,0,1
innately_pious,1,1,0
innately_noble,1,0,1
innately_notable,1,0,1
innately_observant,1,1,0
innately_okay,1,1,0
innately_optimistic,1,0,1
innately_opulent,1,0,1
innately_paradoxical,1,0,1
more_ill-advised,1,1,0
innately_silly,1,0,1
inordinately_fair,1,1,0
innately_similar,1,0,1
innately_unhealthy,1,1,0
innately_unsettling,1,0,1
innately_vicious,1,1,0
innately_weird,1,0,1
innately_wholesome,1,0,1
innately_wild,1,1,0
innately_wonderful,1,0,1
inordinately_anxious,1,1,0
inordinately_boring,1,1,0
inordinately_brutal,1,1,0
inordinately_busy,1,1,0
inordinately_cautious,1,1,0
inordinately_close,1,1,0
inordinately_costly,1,1,0
inordinately_demanding,1,1,0
inordinately_difficult,1,1,0
inordinately_excited,1,1,0
innately_unacceptable,1,0,1
innately_true,1,0,1
innately_tranquil,1,0,1
innately_suggestive,1,0,1
innately_simple,1,0,1
more_idle,1,1,0
innately_social,1,0,1
innately_sophisticated,1,0,1
innately_strange,1,0,1
innately_strong,1,1,0
innately_subservient,1,1,0
innately_suicidal,1,0,1
more_hyped,1,1,0
innately_suspect,1,0,1
innately_sweet,1,0,1
innately_thrilling,1,0,1
innately_timeless,1,0,1
more_hyperbole,1,1,0
more_hyperactive,1,1,0
innately_toxic,1,1,0
initially_engrossing,1,1,0
initially_endearing,1,1,0
initially_eligible,1,1,0
inherently_mature,1,1,0
more_mute,1,0,1
inherently_irresistible,1,0,1
more_multiple,1,0,1
more_multicultural,1,1,0
more_muddy,1,1,0
inherently_kid-friendly,1,1,0
inherently_large-scale,1,1,0
inherently_lawful,1,1,0
inherently_liberal,1,1,0
inherently_light,1,0,1
inherently_listenable,1,0,1
inherently_low,1,1,0
inherently_lucky,1,1,0
inherently_luxurious,1,0,1
inherently_magnetic,1,0,1
inherently_malevolent,1,1,0
inherently_manual,1,1,0
inherently_intrinsic,1,0,1
inherently_intoxicating,1,0,1
inherently_international,1,1,0
inherently_inhumane,1,1,0
more_nauseous,1,1,0
inherently_incapable,1,1,0
inherently_incompatible,1,1,0
inherently_incongruous,1,0,1
inherently_inconsistent,1,0,1
inherently_individual,1,0,1
inherently_inert,1,0,1
more_nastier,1,0,1
inherently_interactive,1,1,0
more_narrower,1,0,1
inherently_innate,1,0,1
inherently_insane,1,1,0
inherently_insidious,1,0,1
inherently_instructive,1,0,1
inherently_insulting,1,0,1
inherently_integral,1,1,0
more_monolithic,1,0,1
inherently_meaningful,1,0,1
inherently_inaccessible,1,0,1
more_moisturized,1,1,0
inherently_objectionable,1,1,0
inherently_obsolete,1,1,0
more_milder,1,1,0
more_middle,1,0,1
more_microscopic,1,0,1
inherently_old,1,1,0
inherently_oppressive,1,1,0
inherently_outdated,1,1,0
inherently_outrageous,1,1,0
inherently_painful,1,0,1
inherently_palpable,1,1,0
inherently_passionate,1,0,1
inherently_passive,1,0,1
inherently_patriarchal,1,1,0
inherently_peculiar,1,0,1
inherently_perilous,1,0,1
inherently_pernicious,1,0,1
more_military,1,1,0
inherently_novel,1,1,0
inherently_normal,1,1,0
more_misinformed,1,1,0
inherently_meaty,1,0,1
inherently_menacing,1,0,1
inherently_mistaken,1,0,1
inherently_moderate,1,1,0
inherently_modern,1,0,1
inherently_monstrous,1,1,0
inherently_motivational,1,0,1
inherently_moving,1,0,1
inherently_nerdy,1,0,1
inherently_mundane,1,1,0
inherently_murky,1,1,0
inherently_musical,1,0,1
inherently_muslim,1,1,0
inherently_narcissistic,1,0,1
more_minimum,1,1,0
inherently_naughty,1,0,1
inherently_inadequate,1,1,0
inherently_improper,1,1,0
inherently_pessimistic,1,1,0
more_null,1,1,0
inherently_extraordinary,1,0,1
inherently_fake,1,0,1
inherently_fast,1,1,0
inherently_fearful,1,1,0
inherently_feeble,1,1,0
inherently_female,1,1,0
inherently_festive,1,1,0
inherently_flattering,1,1,0
more_obligated,1,1,0
inherently_flirty,1,0,1
inherently_foul,1,0,1
inherently_french,1,0,1
inherently_friendly,1,1,0
inherently_frivolous,1,0,1
inherently_frustrating,1,0,1
inherently_gentle,1,0,1
inherently_girly,1,0,1
inherently_extant,1,1,0
inherently_explosive,1,0,1
inherently_exploitative,1,1,0
inherently_entrepreneurial,1,0,1
inherently_embarrassing,1,0,1
inherently_emotional,1,0,1
inherently_emotive,1,0,1
inherently_empowering,1,0,1
inherently_enforceable,1,0,1
inherently_engaging,1,0,1
more_offended,1,1,0
inherently_epic,1,0,1
inherently_experimental,1,0,1
more_off-kilter,1,1,0
more_off,1,1,0
inherently_esoteric,1,0,1
inherently_european,1,0,1
inherently_evasive,1,0,1
inherently_exhilarating,1,0,1
inherently_exotic,1,0,1
inherently_glamorous,1,0,1
inherently_gloomy,1,1,0
more_needed,1,0,1
inherently_gluten-free,1,1,0
inherently_homey,1,0,1
more_nocturnal,1,1,0
inherently_horrible,1,1,0
inherently_humane,1,1,0
inherently_humiliating,1,0,1
inherently_humorous,1,0,1
inherently_hysterical,1,0,1
inherently_icky,1,0,1
inherently_ideological,1,1,0
inherently_idiotic,1,0,1
inherently_illegal,1,1,0
inherently_illegitimate,1,0,1
inherently_imbalanced,1,0,1
inherently_immature,1,0,1
more_negligent,1,1,0
inherently_impractical,1,0,1
inherently_impressive,1,0,1
inherently_heterogeneous,1,1,0
more_nominal,1,1,0
more_non-existent,1,1,0
inherently_harmless,1,0,1
inherently_gratifying,1,0,1
inherently_green,1,0,1
inherently_gruesome,1,0,1
inherently_grumpy,1,1,0
inherently_hairy,1,1,0
inherently_happy,1,0,1
inherently_harder,1,0,1
inherently_harmonious,1,0,1
more_non-stop,1,1,0
more_northern,1,1,0
more_northerly,1,1,0
inherently_healthier,1,1,0
inherently_heartbreaking,1,0,1
inherently_heartfelt,1,1,0
inherently_heartless,1,0,1
inherently_helpful,1,1,0
inherently_perverted,1,0,1
inherently_phony,1,1,0
initially_effective,1,1,0
inherently_wearable,1,0,1
more_lesbian,1,1,0
inherently_unworkable,1,0,1
inherently_uplifting,1,0,1
inherently_usable,1,0,1
inherently_vague,1,0,1
inherently_versatile,1,1,0
inherently_vibrant,1,1,0
inherently_virtuous,1,0,1
inherently_visceral,1,1,0
inherently_visible,1,1,0
more_left,1,1,0
inherently_visual,1,1,0
inherently_vital,1,1,0
inherently_voluntary,1,0,1
inherently_vulgar,1,0,1
more_lawful,1,1,0
inherently_walkable,1,1,0
inherently_untrue,1,1,0
inherently_unsympathetic,1,0,1
inherently_unsuited,1,1,0
inherently_unintelligible,1,1,0
inherently_unconstitutional,1,1,0
inherently_uncontrollable,1,0,1
inherently_undemocratic,1,0,1
more_limp,1,1,0
inherently_uneasy,1,0,1
inherently_unequal,1,0,1
inherently_unfunny,1,1,0
inherently_unlawful,1,0,1
inherently_unsound,1,1,0
inherently_unlikable,1,0,1
inherently_unnatural,1,0,1
inherently_unprofitable,1,1,0
more_life-changing,1,1,0
inherently_unreasonable,1,0,1
inherently_unreliable,1,1,0
inherently_unsatisfactory,1,0,1
inherently_watchable,1,0,1
inherently_white,1,1,0
inherently_unattractive,1,1,0
more_later,1,1,0
initially_costly,1,1,0
initially_cranky,1,1,0
initially_curious,1,1,0
initially_cynical,1,1,0
initially_daunting,1,1,0
initially_defective,1,1,0
initially_defiant,1,1,0
initially_disappointed,1,1,0
initially_disappointing,1,1,0
initially_disheartening,1,1,0
initially_distinct,1,1,0
more_jaw-dropping,1,1,0
initially_distrustful,1,0,1
initially_dubious,1,1,0
initially_dysfunctional,1,1,0
more_itchy,1,1,0
initially_eager,1,1,0
initially_cool,1,1,0
initially_complex,1,0,1
initially_comic,1,0,1
initially_adversarial,1,1,0
more_largest,1,1,0
inherently_winnable,1,0,1
inherently_worse,1,1,0
inherently_worth,1,0,1
inherently_young,1,0,1
initially_active,1,1,0
initially_adamant,1,1,0
initially_alien,1,1,0
more_justified,1,1,0
initially_angry,1,1,0
initially_asymptomatic,1,1,0
initially_aware,1,1,0
initially_beautiful,1,0,1
initially_benign,1,0,1
initially_blurry,1,1,0
initially_charming,1,1,0
inherently_uncanny,1,0,1
inherently_unappealing,1,0,1
inherently_plastic,1,1,0
inherently_shareable,1,1,0
inherently_relevant,1,0,1
more_married,1,1,0
inherently_reminiscent,1,0,1
inherently_repetitive,1,0,1
inherently_resistant,1,1,0
more_mannered,1,0,1
inherently_restorative,1,0,1
inherently_rich,1,0,1
inherently_righteous,1,1,0
inherently_sceptical,1,1,0
more_malty,1,0,1
more_malnourished,1,1,0
inherently_scottish,1,0,1
inherently_secondary,1,1,0
inherently_sensitive,1,1,0
inherently_sensual,1,0,1
inherently_shabby,1,0,1
inherently_relational,1,1,0
inherently_related,1,1,0
inherently_regulatory,1,1,0
inherently_prevalent,1,1,0
inherently_playful,1,0,1
inherently_pleasurable,1,0,1
inherently_pluralistic,1,0,1
more_meek,1,0,1
inherently_predatory,1,0,1
inherently_presidential,1,1,0
more_medicinal,1,0,1
inherently_profitable,1,1,0
inherently_red,1,1,0
inherently_progressive,1,0,1
inherently_protestant,1,0,1
inherently_public,1,1,0
inherently_pure,1,0,1
inherently_purple,1,1,0
inherently_quiet,1,0,1
inherently_random,1,0,1
more_main,1,0,1
inherently_significant,1,0,1
inherently_unafraid,1,0,1
inherently_silent,1,1,0
inherently_tactical,1,1,0
inherently_tantalizing,1,0,1
more_lousy,1,1,0
inherently_tasty,1,1,0
inherently_technical,1,0,1
inherently_terrified,1,1,0
more_loopy,1,1,0
inherently_tough,1,0,1
inherently_transient,1,0,1
inherently_traumatizing,1,0,1
inherently_trendy,1,0,1
inherently_trustworthy,1,0,1
inherently_truthful,1,0,1
inherently_tyrannical,1,1,0
more_livid,1,1,0
inherently_un-american,1,0,1
inherently_unable,1,1,0
inherently_sympathetic,1,0,1
inherently_suggestive,1,1,0
inherently_submissive,1,1,0
inherently_sorrowful,1,1,0
inherently_simple,1,0,1
inherently_skeptical,1,1,0
inherently_sketchy,1,0,1
inherently_slow,1,1,0
inherently_smart,1,1,0
inherently_smarter,1,1,0
inherently_somber,1,0,1
inherently_soulful,1,0,1
more_low-level,1,0,1
more_lukewarm,1,0,1
inherently_southern,1,0,1
inherently_sporty,1,0,1
inherently_stable,1,0,1
inherently_straight,1,1,0
inherently_strategic,1,1,0
inherently_strong,1,0,1
more_handicapped,1,1,0
insanely_freaky,1,0,1
insanely_full,1,1,0
intellectually_complicated,1,1,0
insufficiently_warm,1,1,0
intellectually_absurd,1,1,0
intellectually_accountable,1,1,0
intellectually_adrift,1,1,0
more_disproportionate,1,1,0
more_disposable,1,1,0
intellectually_adventurous,1,1,0
intellectually_amusing,1,1,0
more_disoriented,1,1,0
intellectually_appropriate,1,1,0
intellectually_available,1,1,0
intellectually_aware,1,1,0
intellectually_backward,1,1,0
intellectually_blind,1,1,0
intellectually_brave,1,1,0
intellectually_bright,1,1,0
intellectually_cheap,1,0,1
insufficiently_vigilant,1,1,0
insufficiently_useful,1,1,0
insufficiently_unified,1,1,0
insufficiently_serious,1,1,0
insufficiently_realistic,1,1,0
more_dodgy,1,1,0
insufficiently_representative,1,1,0
insufficiently_responsible,1,1,0
insufficiently_right,1,1,0
more_divisible,1,1,0
insufficiently_rigid,1,1,0
more_divergent,1,1,0
insufficiently_transformational,1,1,0
insufficiently_shrewd,1,1,0
insufficiently_skeptical,1,1,0
insufficiently_stimulating,1,1,0
more_distraught,1,1,0
insufficiently_stylish,1,0,1
insufficiently_surprising,1,1,0
insufficiently_talented,1,1,0
intellectually_comfortable,1,1,0
intellectually_confident,1,1,0
insufficiently_qualified,1,1,0
intellectually_corrupt,1,1,0
intellectually_exhilarating,1,1,0
intellectually_explosive,1,1,0
intellectually_fearful,1,1,0
intellectually_fishy,1,0,1
intellectually_fluent,1,1,0
intellectually_forceful,1,0,1
intellectually_formidable,1,1,0
intellectually_healthy,1,1,0
intellectually_humble,1,1,0
intellectually_impressive,1,1,0
intellectually_inadequate,1,1,0
intellectually_incapable,1,1,0
intellectually_inclined,1,1,0
intellectually_incompetent,1,1,0
intellectually_incredible,1,1,0
more_deterministic,1,1,0
more_detectable,1,0,1
intellectually_exciting,1,0,1
intellectually_equal,1,1,0
intellectually_enticing,1,0,1
intellectually_dim,1,0,1
intellectually_daring,1,0,1
more_disenchanted,1,1,0
intellectually_defective,1,1,0
intellectually_demanding,1,1,0
intellectually_deserving,1,1,0
intellectually_destitute,1,1,0
intellectually_deviant,1,1,0
more_discouraged,1,1,0
intellectually_entertaining,1,1,0
intellectually_disparate,1,1,0
intellectually_disturbing,1,1,0
intellectually_diverse,1,1,0
more_discernible,1,1,0
intellectually_elite,1,1,0
intellectually_embarrassing,1,1,0
intellectually_empty,1,1,0
insufficiently_quirky,1,1,0
insufficiently_prompt,1,1,0
intellectually_insecure,1,1,0
insufficiently_elastic,1,1,0
insufficiently_comprehensive,1,1,0
insufficiently_conceptual,1,1,0
insufficiently_concerned,1,1,0
insufficiently_consequential,1,1,0
more_egotistical,1,1,0
insufficiently_cool,1,1,0
insufficiently_cynical,1,1,0
insufficiently_deep,1,1,0
more_effeminate,1,1,0
insufficiently_deleterious,1,1,0
insufficiently_democratic,1,1,0
insufficiently_devout,1,1,0
insufficiently_discouraging,1,1,0
insufficiently_diverse,1,1,0
insufficiently_durable,1,1,0
insufficiently_effective,1,1,0
insufficiently_efficacious,1,1,0
insufficiently_complex,1,1,0
insufficiently_commanding,1,1,0
insufficiently_cold,1,1,0
insufficiently_angry,1,1,0
insufferably_whimsical,1,1,0
insufficiently_able,1,1,0
insufficiently_adult,1,1,0
insufficiently_adventurous,1,1,0
insufficiently_allergic,1,1,0
more_emerging,1,1,0
insufficiently_ancient,1,1,0
insufficiently_appreciative,1,1,0
insufficiently_clever,1,1,0
insufficiently_available,1,1,0
insufficiently_beautiful,1,1,0
insufficiently_bold,1,1,0
insufficiently_broad,1,1,0
insufficiently_candid,1,1,0
insufficiently_centrist,1,1,0
insufficiently_challenging,1,1,0
insufficiently_effusive,1,1,0
more_ecological,1,0,1
insufficiently_progressive,1,1,0
insufficiently_enthusiastic,1,1,0
more_driven,1,1,0
insufficiently_malleable,1,1,0
insufficiently_masculine,1,1,0
insufficiently_mature,1,1,0
insufficiently_motivating,1,1,0
insufficiently_optimistic,1,1,0
insufficiently_outraged,1,1,0
more_drab,1,0,1
more_downward,1,1,0
more_downloadable,1,1,0
insufficiently_pessimistic,1,1,0
insufficiently_positive,1,1,0
insufficiently_powerful,1,1,0
more_double,1,1,0
more_dormant,1,1,0
insufficiently_proficient,1,1,0
more_doomed,1,1,0
insufficiently_low,1,1,0
more_drowsy,1,1,0
insufficiently_little,1,1,0
insufficiently_hard,1,1,0
insufficiently_explicit,1,1,0
insufficiently_familiar,1,1,0
insufficiently_fast,1,1,0
insufficiently_flexible,1,1,0
more_east,1,1,0
insufficiently_good,1,1,0
insufficiently_grateful,1,1,0
insufficiently_hostile,1,1,0
more_drunken,1,1,0
insufficiently_inclusive,1,1,0
insufficiently_influential,1,1,0
insufficiently_innovative,1,1,0
insufficiently_interested,1,1,0
more_due,1,1,0
insufficiently_leftist,1,1,0
insufficiently_literate,1,1,0
intellectually_independent,1,0,1
intellectually_inspiring,1,1,0
insufferably_terrible,1,1,0
intensely_excited,1,1,0
intensely_democratic,1,0,1
intensely_depressed,1,1,0
intensely_devout,1,1,0
intensely_different,1,1,0
intensely_disproportionate,1,1,0
intensely_distracting,1,1,0
intensely_distressed,1,1,0
intensely_distressing,1,1,0
more_counterproductive,1,1,0
intensely_drinkable,1,1,0
intensely_dynamic,1,1,0
intensely_dysfunctional,1,0,1
intensely_eloquent,1,1,0
intensely_embarrassing,1,1,0
intensely_enamored,1,1,0
intensely_engaging,1,1,0
intensely_evident,1,1,0
intensely_deliberate,1,0,1
intensely_deep,1,1,0
intensely_dark,1,1,0
intensely_combative,1,1,0
intensely_british,1,1,0
intensely_celebratory,1,0,1
intensely_cerebral,1,1,0
intensely_civilised,1,1,0
intensely_close,1,0,1
more_crystal,1,1,0
intensely_collaborative,1,1,0
intensely_committed,1,1,0
intensely_cynical,1,1,0
intensely_common,1,0,1
intensely_conservative,1,1,0
intensely_convoluted,1,0,1
intensely_cool,1,0,1
intensely_creative,1,1,0
intensely_cute,1,1,0
intensely_cyclical,1,1,0
intensely_exasperating,1,1,0
intensely_flirty,1,1,0
intensely_bright,1,1,0
intensely_floral,1,1,0
intensely_insane,1,1,0
intensely_insensitive,1,1,0
intensely_interactive,1,1,0
intensely_judgmental,1,0,1
intensely_kinetic,1,0,1
intensely_lazy,1,1,0
intensely_ludicrous,1,0,1
intensely_macabre,1,1,0
intensely_mad,1,1,0
intensely_magical,1,0,1
intensely_melodic,1,1,0
intensely_miserable,1,1,0
intensely_mobile,1,0,1
more_congruent,1,0,1
intensely_modern,1,1,0
intensely_musical,1,1,0
intensely_mysterious,1,0,1
intensely_innocent,1,0,1
intensely_impersonal,1,0,1
intensely_immersive,1,1,0
intensely_great,1,1,0
intensely_focused,1,0,1
intensely_fond,1,0,1
intensely_full,1,1,0
intensely_futile,1,0,1
intensely_geeky,1,1,0
intensely_geometric,1,1,0
intensely_graphic,1,1,0
intensely_greedy,1,1,0
intensely_immediate,1,1,0
intensely_grotesque,1,0,1
intensely_gullible,1,0,1
intensely_happy,1,1,0
intensely_heartbreaking,1,0,1
intensely_hilarious,1,1,0
intensely_hostile,1,1,0
intensely_humiliating,1,1,0
intensely_brilliant,1,1,0
intensely_bored,1,1,0
more_destitute,1,1,0
intellectually_skilled,1,0,1
intellectually_poisonous,1,1,0
intellectually_powerful,1,1,0
more_demented,1,1,0
intellectually_prejudiced,1,1,0
intellectually_prepared,1,1,0
intellectually_pretentious,1,1,0
intellectually_proud,1,1,0
intellectually_questionable,1,0,1
intellectually_reflective,1,1,0
intellectually_respectable,1,1,0
intellectually_revolutionary,1,0,1
intellectually_savvy,1,1,0
more_dejected,1,1,0
intellectually_secure,1,1,0
intellectually_shameful,1,0,1
intellectually_sharp,1,1,0
intellectually_significant,1,1,0
intellectually_playful,1,1,0
intellectually_outstanding,1,1,0
intellectually_ornate,1,1,0
intellectually_mediocre,1,1,0
intellectually_intriguing,1,1,0
intellectually_irrelevant,1,1,0
intellectually_lacking,1,1,0
intellectually_lame,1,1,0
intellectually_legitimate,1,1,0
intellectually_lesser,1,1,0
intellectually_lightweight,1,1,0
intellectually_messy,1,1,0
intellectually_ok,1,1,0
intellectually_minded,1,1,0
intellectually_misguided,1,1,0
intellectually_naive,1,1,0
intellectually_narrow,1,1,0
intellectually_necessary,1,0,1
intellectually_negotiable,1,1,0
intellectually_nourishing,1,0,1
more_deficient,1,1,0
intellectually_sloppy,1,1,0
intensely_blunt,1,1,0
intellectually_smart,1,1,0
intensely_aesthetic,1,1,0
intensely_aggravating,1,1,0
intensely_aggressive,1,1,0
intensely_agitated,1,1,0
intensely_ambiguous,1,1,0
intensely_american,1,0,1
more_damned,1,1,0
intensely_amused,1,1,0
intensely_anti-american,1,1,0
intensely_anti-democratic,1,1,0
intensely_artificial,1,1,0
intensely_atmospheric,1,1,0
intensely_averse,1,1,0
intensely_believable,1,1,0
intensely_bizarre,1,1,0
more_customary,1,1,0
intensely_bland,1,1,0
more_data-driven,1,0,1
intellectually_witty,1,0,1
intellectually_weak,1,1,0
intellectually_superficial,1,1,0
intellectually_sophisticated,1,1,0
intellectually_sound,1,1,0
intellectually_stable,1,1,0
intellectually_strenuous,1,1,0
intellectually_subservient,1,1,0
intellectually_subversive,1,1,0
intellectually_suggestive,1,1,0
intellectually_suspect,1,1,0
intellectually_viable,1,1,0
intellectually_troubling,1,1,0
intellectually_uncertain,1,0,1
intellectually_understandable,1,0,1
intellectually_unknowable,1,1,0
intellectually_unsophisticated,1,1,0
intellectually_vacant,1,1,0
more_deadpan,1,1,0
insufferably_violent,1,0,1
insufferably_tedious,1,0,1
more_gung,1,1,0
inside_easier,1,1,0
insanely_violent,1,1,0
insanely_visceral,1,1,0
insanely_vulgar,1,0,1
insanely_vulnerable,1,1,0
insanely_wearable,1,1,0
more_fraudulent,1,1,0
insanely_welcome,1,1,0
insanely_witty,1,1,0
insanely_wonderful,1,0,1
insanely_worse,1,1,0
insanely_young,1,1,0
insanely_younger,1,0,1
inside_cheesy,1,1,0
more_fourth,1,0,1
inside_dark,1,1,0
more_foul,1,0,1
inside_dead,1,1,0
insanely_useful,1,1,0
insanely_unique,1,1,0
insanely_unfortunate,1,1,0
insanely_thrilling,1,0,1
insanely_suspicious,1,1,0
insanely_tactile,1,0,1
more_fuller,1,1,0
more_full-time,1,0,1
insanely_tense,1,1,0
insanely_thin,1,1,0
insanely_thoughtful,1,0,1
insanely_tiny,1,1,0
insanely_unbalanced,1,1,0
insanely_toxic,1,1,0
insanely_tragic,1,0,1
insanely_traumatic,1,0,1
more_front,1,1,0
insanely_true,1,1,0
more_frigid,1,1,0
insanely_ugly,1,0,1
inside_dry,1,1,0
inside_faster,1,1,0
insanely_stubborn,1,1,0
inside_high,1,1,0
instantly_challenging,1,1,0
instantly_changeable,1,1,0
instantly_comprehensible,1,1,0
instantly_cosy,1,1,0
instantly_crazy,1,1,0
instantly_curvy,1,1,0
instantly_deadly,1,1,0
instantly_depressed,1,1,0
instantly_disastrous,1,1,0
instantly_distinctive,1,1,0
instantly_eager,1,1,0
instantly_edible,1,0,1
instantly_enthusiastic,1,1,0
instantly_excited,1,1,0
more_flaky,1,1,0
instantly_exciting,1,1,0
instantly_eye-catching,1,1,0
instantly_believable,1,1,0
more_flustered,1,0,1
instantly_beguiling,1,0,1
instantly_alive,1,1,0
inside_most,1,1,0
inside_professional,1,1,0
inside_scared,1,1,0
inside_unable,1,1,0
inside_unconscious,1,1,0
instantly_aged,1,1,0
instantly_agreeable,1,1,0
instantly_amazing,1,1,0
more_foggy,1,1,0
more_foreseeable,1,1,0
instantly_annoying,1,1,0
more_forecast,1,1,0
instantly_apologetic,1,1,0
more_forbidden,1,1,0
instantly_applicable,1,1,0
instantly_attainable,1,1,0
insanely_supportive,1,1,0
insanely_steep,1,1,0
more_fiscal,1,1,0
more_good-natured,1,1,0
insanely_intense,1,1,0
more_graver,1,1,0
insanely_interesting,1,0,1
insanely_intuitive,1,1,0
insanely_ironic,1,0,1
insanely_joyful,1,0,1
insanely_large,1,1,0
insanely_liberal,1,1,0
insanely_likable,1,1,0
insanely_lucrative,1,1,0
insanely_mad,1,1,0
insanely_measurable,1,1,0
insanely_misleading,1,1,0
insanely_muscular,1,1,0
more_governmental,1,1,0
insanely_nice,1,1,0
insanely_nihilistic,1,1,0
more_greasy,1,0,1
insanely_intelligent,1,1,0
insanely_insane,1,1,0
more_groggy,1,1,0
insanely_good-looking,1,1,0
insanely_goofy,1,1,0
insanely_gross,1,1,0
insanely_guilty,1,1,0
insanely_happy,1,1,0
insanely_heavy,1,1,0
insanely_helpful,1,0,1
insanely_hilarious,1,1,0
insanely_informative,1,1,0
insanely_horny,1,1,0
insanely_idealistic,1,1,0
insanely_impressed,1,1,0
insanely_inane,1,1,0
insanely_incredible,1,0,1
insanely_individual,1,1,0
insanely_infectious,1,1,0
insanely_nutty,1,1,0
more_good-looking,1,1,0
insanely_special,1,0,1
insanely_old,1,1,0
insanely_retarded,1,0,1
insanely_sad,1,1,0
insanely_safe,1,1,0
insanely_satisfying,1,0,1
insanely_scary,1,0,1
insanely_scrumptious,1,1,0
insanely_sensual,1,0,1
insanely_sentimental,1,1,0
insanely_severe,1,1,0
insanely_sexy,1,0,1
insanely_shallow,1,1,0
insanely_skillful,1,1,0
insanely_smart,1,1,0
insanely_smooth,1,1,0
insanely_soft,1,1,0
insanely_sparse,1,1,0
more_further,1,1,0
insanely_respectable,1,1,0
insanely_resistant,1,1,0
insanely_reckless,1,1,0
insanely_positive,1,1,0
more_gonna,1,1,0
insanely_overwhelming,1,1,0
insanely_painful,1,1,0
insanely_panicked,1,1,0
insanely_passionate,1,1,0
insanely_perverse,1,0,1
insanely_pleased,1,1,0
more_gleeful,1,1,0
more_giant,1,1,0
insanely_pregnant,1,1,0
insanely_problematic,1,1,0
insanely_profane,1,0,1
insanely_prolific,1,1,0
insanely_proud,1,1,0
more_gigantic,1,1,0
insanely_rational,1,0,1
instantly_friendly,1,1,0
instantly_governmental,1,1,0
insufferably_short,1,1,0
instinctively_secretive,1,1,0
instinctively_critical,1,1,0
instinctively_curious,1,1,0
instinctively_dismissive,1,1,0
instinctively_emotional,1,1,0
more_even,1,0,1
instinctively_fresh,1,1,0
instinctively_friendly,1,1,0
instinctively_human,1,0,1
instinctively_misguided,1,1,0
instinctively_outgoing,1,1,0
instinctively_protective,1,1,0
instinctively_quick,1,1,0
more_established,1,1,0
instinctively_ready,1,1,0
instinctively_religious,1,1,0
instinctively_reluctant,1,1,0
instinctively_resistant,1,1,0
instinctively_creative,1,1,0
instinctively_conservative,1,1,0
instinctively_compassionate,1,1,0
instead_susceptible,1,1,0
instead_responsible,1,1,0
instead_scared,1,1,0
more_exempt,1,1,0
instead_sensitive,1,1,0
instead_static,1,1,0
instead_strong,1,1,0
instead_subject,1,1,0
instead_transparent,1,1,0
instinctively_charming,1,0,1
instead_vulnerable,1,1,0
instead_willing,1,1,0
instinctively_aggressive,1,1,0
instinctively_appealing,1,0,1
instinctively_authoritarian,1,1,0
instinctively_aware,1,1,0
instinctively_beautiful,1,0,1
instinctively_satisfying,1,0,1
more_erect,1,1,0
instead_possible,1,1,0
instinctively_uneasy,1,1,0
insufferably_dim,1,1,0
insufferably_earnest,1,1,0
insufferably_empathic,1,1,0
insufferably_humid,1,1,0
insufferably_insecure,1,1,0
insufferably_irksome,1,1,0
insufferably_liberal,1,1,0
more_endless,1,1,0
insufferably_long,1,1,0
insufferably_loud,1,1,0
insufferably_obscure,1,1,0
insufferably_pompous,1,1,0
insufferably_precious,1,1,0
insufferably_privileged,1,1,0
more_enamoured,1,1,0
insufferably_proud,1,1,0
insufferably_shallow,1,1,0
insufferably_cute,1,1,0
insufferably_corny,1,1,0
insufferably_confident,1,1,0
more_envious,1,1,0
instinctively_unnatural,1,0,1
instinctively_welcoming,1,0,1
instinctively_wrong,1,0,1
institutionally_impractical,1,1,0
institutionally_independent,1,1,0
institutionally_mature,1,1,0
more_environmental,1,1,0
institutionally_related,1,1,0
insufferably_childish,1,1,0
institutionally_responsible,1,0,1
institutionally_separate,1,1,0
institutionally_taboo,1,1,0
institutionally_unaffiliated,1,1,0
insufferably_aggravating,1,1,0
insufferably_beautiful,1,1,0
insufferably_brash,1,1,0
instead_reliant,1,1,0
instead_pale,1,1,0
instantly_gratified,1,1,0
instantly_redundant,1,1,0
instantly_macho,1,1,0
instantly_many,1,1,0
instantly_negative,1,1,0
instantly_noticeable,1,1,0
instantly_notorious,1,1,0
instantly_nourishing,1,0,1
instantly_obvious,1,1,0
more_favourite,1,1,0
instantly_offensive,1,1,0
instantly_outdated,1,1,0
instantly_outraged,1,1,0
instantly_permanent,1,1,0
instantly_playable,1,1,0
instantly_popular,1,1,0
instantly_promising,1,0,1
instantly_public,1,1,0
instantly_real,1,1,0
instantly_lethargic,1,1,0
instantly_legible,1,1,0
instantly_legendary,1,0,1
instantly_impressed,1,1,0
instantly_happier,1,1,0
instantly_hard,1,1,0
instantly_helpful,1,1,0
instantly_hilarious,1,0,1
instantly_horrendous,1,1,0
more_filthy,1,1,0
instantly_hotter,1,1,0
instantly_independent,1,1,0
instantly_judgmental,1,1,0
instantly_individual,1,1,0
more_fewer,1,1,0
more_few,1,1,0
instantly_interactive,1,0,1
instantly_intriguing,1,0,1
instantly_irrelevant,1,1,0
instantly_jealous,1,1,0
instantly_recyclable,1,1,0
instantly_reminiscent,1,1,0
instead_necessary,1,1,0
instantly_repeatable,1,1,0
instead_aware,1,1,0
instead_better,1,1,0
instead_busy,1,0,1
instead_challenging,1,1,0
instead_closer,1,1,0
instead_concerned,1,1,0
instead_cosmetic,1,1,0
instead_cosy,1,1,0
instead_daunting,1,1,0
instead_despondent,1,1,0
instead_giddy,1,1,0
instead_indicative,1,1,0
instead_interesting,1,1,0
instead_intermittent,1,1,0
instead_light,1,0,1
instead_misunderstood,1,1,0
instead_more,1,1,0
instead_automatic,1,1,0
instead_attributable,1,1,0
instantly_wrong,1,1,0
instantly_unappealing,1,0,1
instantly_rich,1,1,0
instantly_rigid,1,1,0
instantly_sad,1,1,0
instantly_safe,1,1,0
instantly_scared,1,1,0
instantly_sober,1,1,0
instantly_soft,1,1,0
more_fallible,1,1,0
instantly_wet,1,0,1
instantly_undone,1,1,0
more_fairer,1,0,1
instantly_unnecessary,1,0,1
instantly_untrustworthy,1,1,0
instantly_viral,1,1,0
instantly_visual,1,1,0
more_fab,1,1,0
openly_supreme,1,1,0
further_customizable,1,1,0
further_convinced,1,1,0
psychologically_unfeasible,1,1,0
psychologically_uncomfortable,1,1,0
even_discerning,1,1,0
even_discoverable,1,1,0
psychologically_treacherous,1,1,0
even_discretionary,1,1,0
psychologically_toxic,1,1,0
psychologically_torturous,1,1,0
even_disgraceful,1,1,0
psychologically_threatening,1,1,0
psychologically_suspect,1,1,0
even_disheartened,1,1,0
psychologically_surprising,1,1,0
psychologically_stable,1,1,0
psychologically_soothing,1,0,1
even_disordered,1,1,0
psychologically_sick,1,1,0
psychologically_set,1,1,0
psychologically_understandable,1,1,0
psychologically_unsatisfying,1,0,1
properly_intimidating,1,1,0
psychologically_unsettled,1,1,0
publically_worried,1,1,0
publically_embarrassing,1,1,0
publically_drunk,1,1,0
publically_candid,1,1,0
publically_beneficial,1,1,0
even_destabilizing,1,1,0
even_determined,1,1,0
psychologically_weighty,1,0,1
psychologically_weary,1,1,0
psychologically_weaker,1,1,0
psychologically_warped,1,0,1
psychologically_valuable,1,0,1
psychologically_useful,1,1,0
psychologically_upsetting,1,0,1
psychologically_uplifting,1,0,1
even_digestible,1,1,0
psychologically_unsound,1,1,0
psychologically_sensitive,1,1,0
psychologically_satisfactory,1,1,0
psychologically_salient,1,1,0
psychologically_safer,1,1,0
psychologically_mature,1,1,0
psychologically_intoxicating,1,0,1
psychologically_interesting,1,1,0
psychologically_insightful,1,1,0
psychologically_inept,1,1,0
psychologically_incredible,1,1,0
psychologically_inconsistent,1,1,0
even_dissonant,1,1,0
psychologically_important,1,1,0
psychologically_implausible,1,1,0
psychologically_immature,1,1,0
psychologically_imbalanced,1,1,0
psychologically_ill-equipped,1,1,0
psychologically_identical,1,1,0
psychologically_hurtful,1,1,0
psychologically_honest,1,0,1
even_distorted,1,1,0
even_disquieting,1,1,0
psychologically_obsessed,1,1,0
psychologically_offensive,1,0,1
psychologically_problematic,1,1,0
psychologically_rewarding,1,0,1
even_disoriented,1,1,0
psychologically_remote,1,1,0
psychologically_reassuring,1,0,1
psychologically_realistic,1,1,0
even_disparate,1,1,0
psychologically_profound,1,1,0
psychologically_primal,1,0,1
psychologically_overwhelmed,1,1,0
even_dispassionate,1,1,0
psychologically_prepared,1,1,0
psychologically_preferable,1,1,0
psychologically_powerful,1,1,0
psychologically_possible,1,1,0
psychologically_plausible,1,1,0
psychologically_perplexing,1,1,0
even_desolate,1,1,0
even_derivative,1,1,0
even_dependable,1,1,0
publicly_private,1,1,0
publicly_unnoticed,1,1,0
publicly_unknown,1,1,0
publicly_undecided,1,1,0
even_deadpan,1,1,0
publicly_stubborn,1,1,0
publicly_significant,1,0,1
even_deaf,1,1,0
publicly_shady,1,1,0
publicly_self-critical,1,1,0
publicly_searchable,1,1,0
publicly_sceptical,1,1,0
publicly_rich,1,1,0
publicly_reticent,1,1,0
publicly_resistant,1,1,0
publicly_relevant,1,1,0
publicly_related,1,1,0
publicly_racial,1,1,0
publicly_unpalatable,1,1,0
publicly_unpopular,1,1,0
even_dazed,1,1,0
purely_arcane,1,1,0
even_courageous,1,1,0
purely_baseless,1,1,0
even_crafty,1,1,0
purely_automatic,1,1,0
even_creamy,1,1,0
purely_athletic,1,1,0
even_crisp,1,1,0
purely_anonymous,1,1,0
publicly_wrong,1,1,0
purely_amusing,1,1,0
even_crumbly,1,1,0
purely_advisory,1,1,0
even_cunning,1,1,0
even_cutthroat,1,1,0
even_daft,1,1,0
even_dainty,1,1,0
publicly_prominent,1,0,1
publicly_praiseworthy,1,1,0
even_dental,1,1,0
publicly_poor,1,1,0
even_delirious,1,1,0
publicly_effective,1,1,0
publicly_eager,1,0,1
even_deluded,1,1,0
publicly_distasteful,1,0,1
publicly_disruptive,1,1,0
publicly_defensible,1,0,1
publicly_cruel,1,1,0
even_demure,1,1,0
publicly_contemptuous,1,1,0
publicly_confident,1,1,0
publicly_circumspect,1,1,0
publicly_blunt,1,0,1
publicly_appealing,1,1,0
publicly_antagonistic,1,1,0
publicly_american,1,1,0
publicly_ambivalent,1,1,0
publicly_enthusiastic,1,1,0
publicly_famous,1,1,0
publicly_grateful,1,1,0
publicly_negative,1,1,0
publicly_polite,1,1,0
even_decrepit,1,1,0
publicly_observable,1,1,0
publicly_obnoxious,1,1,0
publicly_notorious,1,1,0
publicly_noteworthy,1,0,1
even_degrading,1,1,0
publicly_loving,1,1,0
publicly_hazy,1,1,0
publicly_lacking,1,1,0
publicly_invisible,1,1,0
publicly_immoral,1,1,0
even_delectable,1,1,0
publicly_hurtful,1,1,0
publicly_hostile,1,1,0
publicly_homosexual,1,1,0
even_distraught,1,1,0
psychologically_healthier,1,1,0
even_distressed,1,1,0
properly_suitable,1,1,0
proportionately_higher,1,1,0
proportionately_correct,1,1,0
proportionally_smaller,1,1,0
proportionally_opposite,1,0,1
proportionally_off,1,0,1
proportionally_large,1,1,0
proportionally_incorrect,1,1,0
proportionally_higher,1,1,0
proportionally_high,1,1,0
proportionally_few,1,1,0
proportionally_alike,1,1,0
properly_wrong,1,1,0
properly_wholesome,1,0,1
properly_western,1,1,0
properly_useful,1,1,0
properly_upsetting,1,1,0
properly_underway,1,1,0
proportionately_large,1,1,0
proportionately_less,1,1,0
proportionately_low,1,1,0
proudly_delinquent,1,1,0
proudly_indigenous,1,1,0
even_egregious,1,1,0
proudly_human,1,1,0
even_elemental,1,0,1
even_elitist,1,1,0
even_emblematic,1,1,0
proudly_explicit,1,1,0
proudly_contemptuous,1,1,0
proudly_american,1,0,1
proudly_catholic,1,1,0
proudly_broad,1,0,1
even_emotive,1,1,0
proudly_belligerent,1,1,0
proudly_aware,1,1,0
even_empathic,1,1,0
even_empirical,1,1,0
properly_terrified,1,1,0
properly_straight,1,1,0
proudly_liberal,1,1,0
properly_sober,1,1,0
properly_playable,1,1,0
properly_patriotic,1,0,1
properly_pathetic,1,0,1
properly_pastoral,1,1,0
properly_operational,1,1,0
properly_open,1,1,0
properly_onboard,1,1,0
properly_new,1,0,1
properly_neutral,1,1,0
properly_mysterious,1,1,0
properly_most,1,1,0
properly_moist,1,1,0
properly_massive,1,1,0
properly_masculine,1,1,0
properly_mannered,1,1,0
properly_loose,1,1,0
properly_key,1,1,0
even_ergonomic,1,1,0
properly_progressive,1,0,1
properly_protective,1,1,0
properly_scared,1,1,0
properly_so-called,1,1,0
properly_skillful,1,0,1
even_enduring,1,1,0
properly_single,1,1,0
properly_shy,1,1,0
properly_serious,1,0,1
properly_secure,1,1,0
properly_satisfied,1,1,0
properly_provincial,1,1,0
properly_safe,1,1,0
properly_returnable,1,1,0
even_enormous,1,1,0
properly_resistant,1,1,0
even_entrepreneurial,1,1,0
properly_ready,1,1,0
even_ephemeral,1,1,0
proudly_lazy,1,0,1
proudly_loyal,1,1,0
even_disturbed,1,0,1
even_droll,1,1,0
psychologically_defective,1,0,1
psychologically_deeper,1,0,1
even_dovish,1,1,0
psychologically_daunting,1,1,0
even_down,1,1,0
even_draconian,1,1,0
psychologically_curious,1,0,1
psychologically_crude,1,0,1
psychologically_critical,1,1,0
psychologically_corrupt,1,1,0
psychologically_confused,1,1,0
psychologically_committed,1,1,0
psychologically_comfortable,1,1,0
psychologically_claustrophobic,1,0,1
psychologically_captivating,1,1,0
psychologically_capable,1,1,0
psychologically_calming,1,0,1
psychologically_demented,1,1,0
psychologically_deranged,1,1,0
psychologically_destructive,1,1,0
psychologically_exciting,1,0,1
psychologically_handicapped,1,1,0
psychologically_gratifying,1,0,1
even_divisive,1,1,0
psychologically_flawed,1,1,0
psychologically_female,1,1,0
psychologically_faster,1,1,0
psychologically_extreme,1,1,0
psychologically_endangered,1,1,0
psychologically_detrimental,1,1,0
psychologically_enchanting,1,0,1
psychologically_easier,1,1,0
even_do-able,1,1,0
even_docile,1,1,0
psychologically_distant,1,1,0
psychologically_disorienting,1,1,0
psychologically_difficult,1,1,0
psychologically_better,1,1,0
psychologically_balanced,1,1,0
proudly_nationalist,1,1,0
psychologically_aware,1,1,0
proudly_willing,1,1,0
proudly_vegetarian,1,1,0
even_editable,1,1,0
proudly_unique,1,1,0
proudly_unacceptable,1,1,0
proudly_stupid,1,1,0
proudly_staunch,1,1,0
proudly_silent,1,1,0
proudly_self-sufficient,1,1,0
proudly_romantic,1,1,0
proudly_ready,1,1,0
proudly_public,1,1,0
proudly_present,1,1,0
proudly_ornate,1,1,0
proudly_old-fashioned,1,1,0
proudly_offbeat,1,0,1
proudly_niche,1,1,0
provably_bogus,1,1,0
provably_cute,1,1,0
provably_dangerous,1,0,1
psychologically_addicting,1,1,0
psychologically_available,1,1,0
psychologically_authentic,1,1,0
psychologically_attractive,1,0,1
even_drowsy,1,1,0
psychologically_ambivalent,1,1,0
psychologically_ambiguous,1,1,0
even_dumbfounded,1,1,0
even_earnest,1,1,0
provably_effective,1,1,0
psychologically_abnormal,1,1,0
psychologically_able,1,1,0
even_earthy,1,0,1
even_eastern,1,1,0
provably_misleading,1,1,0
provably_illegal,1,0,1
provably_guilty,1,1,0
purely_benign,1,1,0
even_cost-efficient,1,1,0
purely_black,1,1,0
even_astringent,1,1,0
purely_rude,1,0,1
purely_romantic,1,1,0
purely_righteous,1,1,0
even_ardent,1,0,1
purely_remarkable,1,0,1
even_arguable,1,1,0
purely_relative,1,1,0
purely_relational,1,1,0
purely_regulatory,1,1,0
purely_red,1,1,0
purely_recognizable,1,1,0
purely_racist,1,1,0
purely_quantitative,1,1,0
purely_pure,1,1,0
even_astonished,1,1,0
purely_psychic,1,1,0
purely_provincial,1,1,0
purely_ruinous,1,0,1
purely_sadistic,1,0,1
even_appetizing,1,1,0
even_antiquated,1,1,0
even_angled,1,1,0
purely_special,1,1,0
purely_soluble,1,1,0
purely_soft,1,1,0
even_anticlimactic,1,1,0
purely_silly,1,1,0
purely_shocked,1,1,0
purely_sexist,1,1,0
purely_self-taught,1,1,0
purely_serviceable,1,1,0
purely_serious,1,1,0
purely_serendipitous,1,1,0
even_antsy,1,1,0
purely_sensual,1,1,0
purely_sensitive,1,1,0
purely_sensational,1,1,0
even_astounding,1,1,0
even_attributable,1,1,0
purely_statistical,1,1,0
even_authoritarian,1,1,0
even_beholden,1,1,0
purely_observant,1,1,0
even_bereft,1,1,0
even_bespoke,1,1,0
purely_non,1,1,0
purely_nominal,1,1,0
purely_noble,1,0,1
purely_necessary,1,1,0
purely_naturalistic,1,1,0
purely_national,1,1,0
purely_narrative,1,1,0
even_binary,1,1,0
even_bipartisan,1,1,0
purely_musical,1,1,0
purely_motivational,1,1,0
purely_moral,1,1,0
purely_monogamous,1,1,0
even_beguiling,1,1,0
purely_operational,1,1,0
even_beefy,1,1,0
even_bare,1,1,0
even_autocratic,1,1,0
purely_pointless,1,1,0
purely_poetic,1,1,0
purely_pleasurable,1,0,1
even_avid,1,1,0
purely_phony,1,1,0
even_baggy,1,1,0
purely_peaceful,1,0,1
even_bashful,1,1,0
purely_passive,1,1,0
purely_passionate,1,1,0
purely_painful,1,1,0
purely_overwhelming,1,1,0
purely_outrageous,1,1,0
purely_outraged,1,1,0
purely_original,1,0,1
even_amorphous,1,1,0
even_amicable,1,1,0
purely_mobile,1,1,0
purportedly_concerned,1,1,0
purposefully_anti-semitic,1,1,0
purposefully_antagonistic,1,1,0
purposefully_annoying,1,1,0
even_affectionate,1,1,0
purposefully_absurd,1,1,0
purportedly_true,1,1,0
purportedly_quicker,1,0,1
purportedly_ordinary,1,0,1
purportedly_obsessed,1,0,1
purportedly_new,1,1,0
purportedly_necessary,1,1,0
purportedly_missing,1,1,0
purportedly_improbable,1,0,1
purportedly_higher,1,0,1
purportedly_greater,1,0,1
purportedly_false,1,1,0
purportedly_factual,1,1,0
purposefully_asleep,1,1,0
purposefully_bad,1,1,0
purposefully_blind,1,1,0
purposefully_disgusting,1,1,0
purposefully_evocative,1,1,0
purposefully_evil,1,1,0
purposefully_evasive,1,1,0
purposefully_eclectic,1,1,0
purposefully_disruptive,1,0,1
purposefully_disrespectful,1,1,0
purposefully_dishonest,1,1,0
purposefully_discriminatory,1,1,0
purposefully_claustrophobic,1,0,1
even_admissible,1,1,0
purposefully_deceitful,1,1,0
purposefully_damaging,1,1,0
even_adrift,1,1,0
purposefully_contentious,1,1,0
purposefully_confusing,1,1,0
purposefully_condescending,1,1,0
purportedly_due,1,1,0
purportedly_close,1,1,0
purely_stunning,1,1,0
purportedly_better,1,0,1
even_agitated,1,1,0
purely_ugly,1,1,0
purely_trivial,1,1,0
even_ailing,1,1,0
purely_toxic,1,1,0
purely_top,1,1,0
purely_tired,1,1,0
purely_therapeutic,1,0,1
purely_thematic,1,0,1
even_allowable,1,1,0
even_alright,1,1,0
even_amenable,1,1,0
purely_supportive,1,1,0
purely_superfluous,1,1,0
purely_suicidal,1,1,0
even_amiable,1,1,0
purely_subconscious,1,1,0
purely_unrealistic,1,0,1
purely_unrelated,1,1,0
even_agile,1,1,0
purely_white,1,1,0
purportedly_beneficial,1,1,0
purely_wrong,1,1,0
purely_worse,1,1,0
purely_wondrous,1,0,1
purely_wonderful,1,0,1
purely_wild,1,1,0
purely_wicked,1,1,0
even_affective,1,1,0
purely_vegetarian,1,1,0
even_aggravating,1,1,0
purely_visible,1,0,1
purely_visceral,1,0,1
purely_violent,1,1,0
purely_vertical,1,1,0
purely_verbal,1,1,0
purely_venomous,1,1,0
purely_modern,1,1,0
purely_misleading,1,1,0
purely_bogus,1,1,0
purely_diabolical,1,1,0
purely_entertaining,1,0,1
even_closed,1,1,0
purely_enchanting,1,1,0
purely_empirical,1,1,0
even_closest,1,1,0
purely_embarrassing,1,0,1
purely_elegant,1,1,0
purely_electronic,1,1,0
even_cloudy,1,1,0
purely_elastic,1,1,0
purely_egregious,1,1,0
purely_due,1,1,0
even_cluttered,1,1,0
purely_divine,1,1,0
even_co-operative,1,1,0
purely_discretionary,1,1,0
purely_discrete,1,1,0
purely_entrepreneurial,1,0,1
even_civilised,1,1,0
purely_european,1,0,1
purely_fashionable,1,1,0
purely_foreign,1,0,1
purely_figurative,1,1,0
even_chic,1,1,0
purely_feminine,1,1,0
even_childlike,1,1,0
purely_federal,1,1,0
purely_fat,1,1,0
even_chill,1,1,0
even_circular,1,1,0
purely_fanciful,1,1,0
purely_fanatical,1,1,0
even_cinematic,1,1,0
purely_extroverted,1,1,0
even_circuitous,1,1,0
purely_expressive,1,1,0
purely_experimental,1,1,0
purely_disastrous,1,1,0
even_coercive,1,1,0
purely_freaky,1,1,0
even_cogent,1,1,0
even_conscientious,1,1,0
purely_conditional,1,1,0
even_consensual,1,1,0
even_considerable,1,1,0
purely_colorful,1,0,1
even_conspicuous,1,1,0
even_contextual,1,1,0
even_contiguous,1,1,0
purely_chilling,1,1,0
purely_childlike,1,1,0
purely_chaotic,1,1,0
purely_cerebral,1,1,0
even_convertible,1,1,0
even_convinced,1,1,0
purely_buddhist,1,1,0
even_cosmopolitan,1,1,0
purely_bright,1,1,0
purely_consensual,1,1,0
even_congenial,1,1,0
purely_convenient,1,1,0
purely_defamatory,1,1,0
purely_derivative,1,1,0
purely_demonic,1,1,0
purely_democratic,1,1,0
purely_delusional,1,1,0
even_collaborative,1,1,0
purely_delicious,1,1,0
even_collegial,1,1,0
even_colorless,1,1,0
purely_corporate,1,1,0
purely_decadent,1,1,0
even_colossal,1,0,1
even_commensurate,1,1,0
even_commonplace,1,1,0
even_comprehensive,1,1,0
purely_creative,1,0,1
even_conflicted,1,1,0
even_cheerful,1,1,0
even_chatty,1,1,0
purely_miraculous,1,1,0
even_breathless,1,1,0
purely_literal,1,1,0
purely_linear,1,1,0
purely_libertarian,1,1,0
purely_liberating,1,0,1
purely_liberal,1,1,0
purely_lazy,1,1,0
purely_korean,1,1,0
even_bouncy,1,1,0
purely_italian,1,1,0
purely_islamic,1,1,0
purely_irreverent,1,1,0
purely_irrelevant,1,1,0
purely_ironic,1,1,0
purely_involved,1,1,0
purely_intrinsic,1,1,0
purely_interesting,1,1,0
even_boyish,1,1,0
even_bohemian,1,1,0
even_blurry,1,1,0
purely_lovely,1,0,1
even_blessed,1,1,0
purely_military,1,1,0
purely_metaphysical,1,1,0
purely_messy,1,1,0
purely_mesmerizing,1,1,0
even_bittersweet,1,1,0
purely_melodic,1,1,0
purely_medical,1,1,0
purely_masterful,1,1,0
purely_loving,1,1,0
purely_manual,1,1,0
purely_malevolent,1,1,0
purely_magnificent,1,0,1
purely_magnetic,1,1,0
even_blurred,1,1,0
purely_mad,1,1,0
purely_luxurious,1,1,0
even_brazen,1,0,1
purely_instructive,1,1,0
purely_frightening,1,1,0
purely_instinctive,1,1,0
purely_heartfelt,1,0,1
purely_healthful,1,0,1
purely_harsh,1,1,0
purely_harmless,1,1,0
even_candid,1,1,0
purely_guilty,1,1,0
purely_greasy,1,1,0
purely_gratuitous,1,1,0
purely_graphic,1,1,0
purely_grainy,1,1,0
purely_governmental,1,0,1
purely_gorgeous,1,1,0
purely_goofy,1,1,0
purely_global,1,1,0
purely_funny,1,1,0
even_caustic,1,1,0
purely_frivolous,1,1,0
purely_hereditary,1,1,0
even_calmer,1,1,0
purely_homemade,1,1,0
purely_imperative,1,1,0
even_broad,1,1,0
purely_innate,1,0,1
even_broadcast,1,1,0
purely_indulgent,1,1,0
purely_individual,1,1,0
purely_indian,1,1,0
purely_impulsive,1,1,0
purely_imaginative,1,1,0
purely_horizontal,1,1,0
even_bulletproof,1,1,0
even_bullish,1,1,0
purely_illusory,1,1,0
purely_ideological,1,1,0
purely_hurtful,1,1,0
purely_humorous,1,0,1
even_businesslike,1,1,0
properly_jaded,1,1,0
properly_interesting,1,1,0
even_addicting,1,1,0
profoundly_cinematic,1,1,0
even_inoffensive,1,1,0
profoundly_catholic,1,1,0
profoundly_careful,1,1,0
profoundly_captivating,1,0,1
profoundly_canadian,1,0,1
profoundly_boyish,1,1,0
even_inscrutable,1,1,0
even_insistent,1,1,0
profoundly_beneficial,1,0,1
even_insolvent,1,1,0
profoundly_basic,1,0,1
profoundly_bad,1,0,1
profoundly_awful,1,0,1
even_instinctive,1,1,0
profoundly_authoritarian,1,1,0
even_instrumental,1,1,0
profoundly_attractive,1,0,1
profoundly_christian,1,1,0
profoundly_clear,1,1,0
properly_improper,1,1,0
profoundly_coercive,1,0,1
profoundly_cultural,1,0,1
even_inefficient,1,1,0
even_inert,1,1,0
profoundly_counterintuitive,1,1,0
profoundly_cosy,1,0,1
profoundly_corrupt,1,1,0
profoundly_correct,1,0,1
even_informational,1,1,0
profoundly_controversial,1,1,0
profoundly_confusing,1,1,0
even_ingenious,1,1,0
profoundly_condescending,1,0,1
even_inhospitable,1,1,0
profoundly_complicated,1,0,1
even_innate,1,1,0
even_inner,1,1,0
profoundly_collective,1,1,0
profoundly_aspirational,1,0,1
profoundly_ashamed,1,1,0
profoundly_artistic,1,0,1
profoundly_artificial,1,0,1
professionally_useful,1,1,0
professionally_unsatisfied,1,1,0
professionally_unreliable,1,1,0
professionally_unobtrusive,1,0,1
professionally_unfulfilled,1,1,0
professionally_unemployed,1,1,0
professionally_unable,1,1,0
even_intrinsic,1,1,0
professionally_subdued,1,0,1
professionally_sound,1,1,0
even_introverted,1,1,0
professionally_significant,1,1,0
professionally_sensitive,1,1,0
professionally_secure,1,1,0
professionally_safe,1,1,0
professionally_run,1,1,0
even_invaluable,1,1,0
professionally_vulnerable,1,1,0
profoundly_absent,1,1,0
profoundly_affective,1,0,1
profoundly_antagonistic,1,1,0
even_insubstantial,1,1,0
profoundly_arresting,1,0,1
profoundly_appreciative,1,1,0
even_insular,1,1,0
even_intact,1,1,0
profoundly_anti-democratic,1,0,1
profoundly_anti-american,1,1,0
profoundly_annoying,1,1,0
even_intractable,1,1,0
profoundly_annoyed,1,1,0
profoundly_angry,1,1,0
profoundly_anachronistic,1,0,1
profoundly_amusing,1,1,0
profoundly_ambivalent,1,1,0
profoundly_ambiguous,1,1,0
even_intoxicated,1,1,0
profoundly_cynical,1,1,0
profoundly_damaged,1,1,0
even_indiscriminate,1,1,0
profoundly_embarrassing,1,0,1
even_iconic,1,1,0
profoundly_feminine,1,0,1
profoundly_fearful,1,1,0
profoundly_fatigued,1,1,0
even_idle,1,1,0
even_ill-equipped,1,1,0
profoundly_exquisite,1,0,1
profoundly_expressive,1,0,1
profoundly_european,1,0,1
profoundly_erotic,1,0,1
profoundly_entertaining,1,1,0
profoundly_enjoyable,1,0,1
even_illustrious,1,1,0
profoundly_engrossing,1,0,1
profoundly_english,1,0,1
profoundly_endearing,1,0,1
profoundly_encouraging,1,0,1
profoundly_flawless,1,1,0
profoundly_foolish,1,1,0
profoundly_foreign,1,1,0
even_hygienic,1,1,0
profoundly_heartfelt,1,1,0
profoundly_heartbreaking,1,0,1
profoundly_healthy,1,0,1
profoundly_hard,1,0,1
even_humid,1,1,0
profoundly_happier,1,1,0
profoundly_gratifying,1,0,1
profoundly_graphic,1,0,1
profoundly_forgetful,1,1,0
profoundly_glad,1,1,0
even_hyperbolic,1,1,0
profoundly_geeky,1,1,0
profoundly_fundamental,1,0,1
profoundly_frustrating,1,0,1
profoundly_frustrated,1,1,0
even_icky,1,1,0
profoundly_emotional,1,1,0
profoundly_embarrassed,1,1,0
even_indestructible,1,1,0
profoundly_elitist,1,1,0
even_impersonal,1,1,0
even_impervious,1,1,0
even_impulsive,1,1,0
profoundly_disagreeable,1,0,1
profoundly_disabled,1,1,0
even_inane,1,1,0
profoundly_devastating,1,1,0
even_incredulous,1,1,0
profoundly_despicable,1,0,1
even_incremental,1,1,0
profoundly_dependent,1,1,0
even_indecisive,1,1,0
profoundly_delicious,1,0,1
profoundly_degrading,1,0,1
even_indefensible,1,1,0
profoundly_decadent,1,0,1
profoundly_dear,1,1,0
profoundly_discouraging,1,0,1
profoundly_disgusting,1,0,1
profoundly_disheartening,1,1,0
profoundly_distressing,1,1,0
even_immaterial,1,1,0
profoundly_elated,1,1,0
profoundly_effective,1,1,0
profoundly_economical,1,1,0
profoundly_dysfunctional,1,0,1
profoundly_dull,1,1,0
even_impartial,1,1,0
profoundly_distorted,1,0,1
even_imperfect,1,1,0
profoundly_dissatisfied,1,1,0
profoundly_disruptive,1,1,0
profoundly_disrespectful,1,1,0
profoundly_disquieting,1,1,0
profoundly_dispiriting,1,0,1
profoundly_disorienting,1,1,0
even_impenetrable,1,1,0
professionally_responsible,1,1,0
professionally_related,1,1,0
professionally_regrettable,1,1,0
even_maintainable,1,1,0
probably_stunned,1,1,0
probably_stronger,1,1,0
probably_strong,1,1,0
probably_straight,1,1,0
probably_sterile,1,1,0
probably_squeamish,1,1,0
probably_spurious,1,1,0
probably_speculative,1,1,0
probably_special,1,1,0
probably_solvable,1,1,0
even_low-risk,1,1,0
probably_socialist,1,1,0
probably_smooth,1,1,0
even_lowest,1,1,0
even_lurid,1,1,0
probably_smaller,1,1,0
even_maddening,1,0,1
probably_stunning,1,1,0
even_low-level,1,1,0
probably_substantial,1,0,1
even_loveable,1,1,0
probably_typical,1,1,0
even_loathsome,1,1,0
even_long-lasting,1,1,0
probably_toxic,1,1,0
even_lovable,1,0,1
probably_tipsy,1,1,0
probably_tiny,1,1,0
probably_threatening,1,0,1
probably_successful,1,1,0
even_lovely,1,0,1
probably_thicker,1,1,0
probably_symptomatic,1,1,0
probably_sympathetic,1,1,0
probably_surprised,1,1,0
probably_superior,1,1,0
even_low-key,1,1,0
probably_slow,1,1,0
probably_sketchy,1,1,0
even_lively,1,1,0
probably_simple,1,1,0
probably_richer,1,1,0
even_menial,1,1,0
even_merciful,1,1,0
even_mere,1,1,0
probably_relevant,1,1,0
even_meritorious,1,1,0
probably_regional,1,1,0
probably_reflective,1,1,0
probably_recoverable,1,1,0
probably_recognizable,1,1,0
probably_reasonable,1,1,0
even_minded,1,1,0
even_mindless,1,1,0
probably_radiant,1,0,1
even_minimum,1,1,0
probably_questionable,1,1,0
probably_queer,1,1,0
probably_ridiculous,1,1,0
probably_rife,1,0,1
probably_ripe,1,1,0
probably_seasonal,1,1,0
even_manly,1,1,0
probably_silver,1,1,0
even_mannered,1,1,0
even_marvelous,1,1,0
even_maternal,1,1,0
even_mathematical,1,1,0
probably_serviceable,1,1,0
probably_scarce,1,1,0
probably_risky,1,1,0
probably_savvy,1,1,0
probably_satisfied,1,1,0
even_meager,1,1,0
even_meaty,1,1,0
probably_sad,1,1,0
probably_rude,1,1,0
probably_rubbish,1,1,0
even_livid,1,1,0
probably_unavailable,1,1,0
professionally_questionable,1,1,0
probably_young,1,1,0
professionally_damaging,1,1,0
professionally_curious,1,1,0
professionally_coy,1,1,0
professionally_conversant,1,0,1
professionally_concerned,1,1,0
professionally_collaborative,1,1,0
professionally_cold,1,1,0
professionally_chic,1,1,0
even_judgemental,1,1,0
professionally_brilliant,1,1,0
professionally_beneficial,1,1,0
professionally_awkward,1,1,0
professionally_attractive,1,1,0
professionally_attentive,1,1,0
even_juicy,1,1,0
professionally_advantageous,1,1,0
professionally_able,1,1,0
professionally_dazzling,1,0,1
even_jazzy,1,1,0
professionally_disabled,1,1,0
professionally_minded,1,0,1
even_invulnerable,1,1,0
professionally_proof,1,1,0
professionally_prolific,1,1,0
professionally_productive,1,0,1
professionally_privileged,1,1,0
professionally_pleased,1,0,1
professionally_miserable,1,1,0
professionally_mature,1,1,0
professionally_embarrassing,1,1,0
professionally_lucrative,1,1,0
professionally_involved,1,0,1
professionally_interesting,1,0,1
professionally_insulting,1,1,0
professionally_holy,1,1,0
professionally_generous,1,0,1
professionally_fake,1,1,0
even_justified,1,1,0
probably_worthwhile,1,1,0
even_livable,1,1,0
even_knowledgable,1,1,0
probably_unrealistic,1,1,0
probably_unpleasant,1,0,1
probably_unplanned,1,1,0
probably_unlawful,1,1,0
probably_unknown,1,0,1
probably_unknowable,1,1,0
probably_unhinged,1,1,0
even_lightweight,1,1,0
probably_unfair,1,1,0
probably_undone,1,1,0
probably_understandable,1,1,0
probably_underserved,1,1,0
even_limp,1,1,0
probably_undecided,1,1,0
even_litigious,1,1,0
probably_unconscious,1,1,0
probably_uncomfortable,1,1,0
even_leaner,1,1,0
probably_unsettling,1,1,0
probably_unsubstantiated,1,1,0
probably_weary,1,1,0
even_laborious,1,1,0
even_large-scale,1,1,0
probably_wiser,1,1,0
probably_widespread,1,1,0
probably_white,1,1,0
probably_wet,1,0,1
probably_welcome,1,1,0
even_latest,1,1,0
probably_unsure,1,1,0
probably_verbatim,1,0,1
probably_valuable,1,1,0
probably_vague,1,1,0
probably_useless,1,1,0
even_law-abiding,1,1,0
even_lax,1,1,0
even_lead,1,1,0
even_humbled,1,1,0
profoundly_heroic,1,1,0
profoundly_hilarious,1,1,0
even_flirty,1,1,0
even_fickle,1,1,0
profoundly_worth,1,0,1
even_finicky,1,0,1
even_flagrant,1,1,0
profoundly_wasteful,1,1,0
profoundly_vulnerable,1,1,0
profoundly_visual,1,1,0
profoundly_violent,1,1,0
profoundly_valuable,1,1,0
even_flashy,1,0,1
even_flatter,1,1,0
profoundly_untrue,1,1,0
profoundly_unsurprising,1,0,1
even_flattered,1,1,0
profoundly_unscientific,1,0,1
profoundly_unsatisfactory,1,0,1
profoundly_unrealistic,1,1,0
profoundly_yellow,1,1,0
progressively_advantageous,1,1,0
progressively_awful,1,1,0
even_festive,1,1,0
progressively_responsible,1,1,0
progressively_open,1,1,0
progressively_more,1,1,0
progressively_moderate,1,1,0
progressively_louder,1,1,0
progressively_less,1,1,0
progressively_important,1,0,1
progressively_difficult,1,1,0
progressively_bankrupt,1,1,0
progressively_detailed,1,0,1
progressively_debilitating,1,1,0
progressively_deaf,1,1,0
progressively_crucial,1,1,0
progressively_bigger,1,1,0
progressively_better,1,1,0
progressively_beneficial,1,0,1
even_flippant,1,1,0
profoundly_unjust,1,1,0
progressively_subject,1,1,0
profoundly_universal,1,0,1
even_formidable,1,1,0
profoundly_trivial,1,1,0
profoundly_trite,1,0,1
profoundly_traumatic,1,0,1
profoundly_transformative,1,1,0
profoundly_toxic,1,1,0
even_fortuitous,1,1,0
profoundly_theological,1,0,1
profoundly_thankful,1,1,0
even_foul,1,1,0
profoundly_sympathetic,1,1,0
profoundly_symbolic,1,1,0
profoundly_suspicious,1,1,0
even_foundational,1,1,0
profoundly_surreal,1,0,1
profoundly_surprising,1,1,0
profoundly_successful,1,0,1
even_former,1,1,0
even_forgiving,1,1,0
even_forgettable,1,1,0
profoundly_unfortunate,1,0,1
even_flowery,1,1,0
profoundly_uninteresting,1,1,0
profoundly_uninterested,1,1,0
profoundly_uninformed,1,0,1
profoundly_unimportant,1,1,0
even_flustered,1,1,0
even_focused,1,1,0
profoundly_unfamiliar,1,0,1
profoundly_unappealing,1,1,0
even_foggy,1,1,0
profoundly_unexpected,1,0,1
even_fond,1,1,0
even_foreboding,1,1,0
profoundly_unconvincing,1,1,0
even_forecast,1,1,0
profoundly_unattractive,1,0,1
progressively_silver,1,1,0
progressively_surreal,1,0,1
profoundly_subtle,1,1,0
properly_capable,1,1,0
properly_eccentric,1,1,0
even_exasperating,1,1,0
properly_drunk,1,1,0
even_exempt,1,1,0
properly_disconcerting,1,1,0
properly_disappointing,1,0,1
properly_devout,1,1,0
properly_deferential,1,1,0
properly_defensive,1,0,1
properly_confidential,1,1,0
properly_concerned,1,1,0
properly_complex,1,1,0
properly_comfy,1,0,1
properly_cognizant,1,0,1
even_exorbitant,1,1,0
properly_clad,1,1,0
properly_civilian,1,1,0
properly_edgy,1,0,1
properly_eerie,1,1,0
properly_enlightened,1,1,0
properly_heroic,1,0,1
properly_impressive,1,1,0
properly_impolite,1,1,0
properly_hydrated,1,1,0
properly_humble,1,1,0
properly_hot,1,1,0
properly_horizontal,1,1,0
properly_higher,1,1,0
properly_helpful,1,1,0
properly_enough,1,1,0
properly_gloomy,1,1,0
properly_functional,1,1,0
properly_firm,1,1,0
properly_fine,1,1,0
properly_famous,1,1,0
even_exaggerated,1,1,0
properly_equal,1,1,0
properly_cathartic,1,0,1
properly_british,1,1,0
progressively_troublesome,1,1,0
properly_bold,1,0,1
prohibitively_inconvenient,1,1,0
prohibitively_impactful,1,1,0
even_fallible,1,1,0
prohibitively_hard,1,1,0
even_far-flung,1,1,0
prohibitively_exorbitant,1,1,0
prohibitively_early,1,1,0
prohibitively_distant,1,1,0
prohibitively_disgusting,1,1,0
even_fastest,1,1,0
even_favourable,1,1,0
even_fearless,1,1,0
even_feisty,1,1,0
prohibitively_challenging,1,1,0
prohibitively_busy,1,1,0
prohibitively_burdensome,1,1,0
even_fertile,1,1,0
prohibitively_large,1,1,0
prohibitively_late,1,1,0
prohibitively_long,1,1,0
properly_applicable,1,1,0
even_expansive,1,1,0
properly_basic,1,1,0
even_expressive,1,1,0
properly_awake,1,1,0
properly_available,1,1,0
even_exquisite,1,1,0
properly_ashamed,1,1,0
properly_active,1,1,0
prohibitively_rare,1,1,0
even_eye-opening,1,1,0
properly_academic,1,0,1
even_fabulous,1,1,0
prohibitively_valuable,1,0,1
prohibitively_tough,1,1,0
even_facile,1,1,0
prohibitively_risky,1,1,0
even_frail,1,1,0
profoundly_substantial,1,0,1
profoundly_honest,1,0,1
profoundly_introspective,1,1,0
profoundly_memorable,1,1,0
profoundly_meditative,1,1,0
profoundly_medicinal,1,0,1
profoundly_meaningless,1,1,0
even_hardworking,1,1,0
profoundly_marginal,1,0,1
profoundly_manly,1,0,1
profoundly_magical,1,0,1
profoundly_lucky,1,1,0
profoundly_lovely,1,0,1
even_harrowing,1,1,0
even_hasty,1,1,0
even_hazy,1,1,0
profoundly_lazy,1,1,0
even_healthful,1,1,0
even_heartening,1,1,0
profoundly_irritated,1,1,0
profoundly_menacing,1,1,0
even_hardcore,1,1,0
profoundly_miserable,1,1,0
profoundly_multiple,1,1,0
profoundly_obnoxious,1,1,0
profoundly_nourishing,1,0,1
profoundly_nervous,1,1,0
profoundly_necessary,1,0,1
profoundly_mystical,1,0,1
even_habitable,1,1,0
profoundly_mundane,1,1,0
profoundly_moronic,1,0,1
even_hard-hitting,1,1,0
even_handy,1,1,0
profoundly_momentous,1,0,1
profoundly_modern,1,0,1
even_haphazard,1,1,0
profoundly_mistaken,1,1,0
profoundly_missing,1,0,1
even_hapless,1,1,0
profoundly_irrational,1,0,1
profoundly_intransigent,1,0,1
profoundly_odd,1,0,1
even_hefty,1,1,0
profoundly_inclusive,1,1,0
profoundly_impressive,1,1,0
profoundly_impressed,1,1,0
even_homegrown,1,1,0
profoundly_implausible,1,1,0
profoundly_impersonal,1,0,1
even_honourable,1,1,0
profoundly_immature,1,0,1
profoundly_illiterate,1,0,1
even_horny,1,1,0
even_horrified,1,1,0
even_hospitable,1,1,0
profoundly_hypocritical,1,0,1
profoundly_hurtful,1,1,0
profoundly_humbling,1,1,0
profoundly_humble,1,0,1
even_humanistic,1,1,0
profoundly_incongruous,1,0,1
even_hilly,1,1,0
profoundly_indifferent,1,1,0
even_hidden,1,1,0
even_heinous,1,1,0
even_hereditary,1,1,0
profoundly_intentional,1,0,1
even_heterogeneous,1,1,0
profoundly_intellectual,1,1,0
profoundly_intangible,1,0,1
profoundly_insufficient,1,1,0
profoundly_inspirational,1,0,1
profoundly_individualistic,1,1,0
even_hierarchical,1,1,0
profoundly_innovative,1,0,1
profoundly_inhuman,1,0,1
profoundly_inherent,1,0,1
profoundly_infrequent,1,1,0
even_high-tech,1,1,0
profoundly_inescapable,1,0,1
profoundly_obvious,1,1,0
even_groggy,1,1,0
profoundly_subjective,1,1,0
profoundly_refreshing,1,0,1
profoundly_sensitive,1,1,0
even_gendered,1,1,0
even_genial,1,1,0
even_geometric,1,1,0
even_ghastly,1,1,0
profoundly_rotten,1,0,1
even_giant,1,1,0
profoundly_robust,1,1,0
profoundly_ridiculous,1,1,0
even_gigantic,1,1,0
profoundly_revolutionary,1,0,1
profoundly_retrograde,1,0,1
even_girly,1,1,0
profoundly_respectful,1,1,0
profoundly_relevant,1,0,1
profoundly_relaxing,1,1,0
profoundly_relative,1,1,0
profoundly_sentimental,1,0,1
profoundly_separate,1,0,1
profoundly_serene,1,1,0
profoundly_solemn,1,0,1
profoundly_structural,1,0,1
profoundly_strange,1,0,1
profoundly_startling,1,0,1
even_freer,1,1,0
profoundly_spartan,1,1,0
even_frenetic,1,1,0
profoundly_solitary,1,0,1
profoundly_social,1,1,0
even_fussy,1,0,1
profoundly_slick,1,1,0
profoundly_skeptical,1,1,0
even_front,1,1,0
profoundly_similar,1,1,0
even_frugal,1,1,0
profoundly_silent,1,1,0
even_fuller,1,0,1
profoundly_relational,1,0,1
even_glorious,1,0,1
profoundly_old,1,0,1
profoundly_rare,1,0,1
profoundly_physical,1,0,1
profoundly_pessimistic,1,0,1
profoundly_perverse,1,0,1
even_grainy,1,1,0
profoundly_perceptive,1,1,0
profoundly_peaceful,1,0,1
even_grandiose,1,0,1
even_granular,1,1,0
even_gratifying,1,1,0
profoundly_passe,1,0,1
even_grave,1,1,0
profoundly_other,1,0,1
profoundly_orwellian,1,0,1
even_grisly,1,1,0
profoundly_ordinary,1,1,0
profoundly_optimistic,1,0,1
profoundly_oppressive,1,0,1
profoundly_pious,1,1,0
even_gracious,1,1,0
profoundly_political,1,1,0
profoundly_proper,1,0,1
profoundly_racist,1,1,0
profoundly_quaint,1,0,1
profoundly_puzzled,1,1,0
profoundly_public,1,1,0
profoundly_proud,1,1,0
profoundly_protective,1,0,1
even_glum,1,1,0
profoundly_profane,1,0,1
profoundly_poor,1,1,0
profoundly_problematic,1,0,1
profoundly_primal,1,0,1
profoundly_presumptuous,1,0,1
profoundly_present,1,1,0
even_gluten-free,1,1,0
profoundly_possible,1,1,0
profoundly_positive,1,0,1
purposefully_garish,1,0,1
purposefully_hateful,1,1,0
openly_synthetic,1,1,0
quite_dovish,1,1,0
especially_unpopular,1,1,0
especially_unprecedented,1,0,1
quite_dominating,1,1,0
especially_unpredictable,1,1,0
quite_dogmatic,1,1,0
especially_unproductive,1,1,0
especially_unruly,1,1,0
especially_unsavory,1,0,1
especially_unseemly,1,1,0
especially_unstable,1,1,0
quite_divine,1,0,1
especially_unsuitable,1,1,0
especially_unsuited,1,1,0
especially_untrue,1,1,0
especially_uplifting,1,0,1
especially_upsetting,1,1,0
quite_distraught,1,1,0
quite_dour,1,1,0
quite_downbeat,1,1,0
essentially_libertarian,1,1,0
especially_unpleasant,1,1,0
especially_thin,1,0,1
quite_easygoing,1,1,0
especially_thrilled,1,1,0
especially_time-consuming,1,1,0
especially_torturous,1,0,1
quite_dystopian,1,1,0
especially_treacherous,1,1,0
especially_trendy,1,0,1
especially_trusted,1,0,1
especially_unclear,1,1,0
especially_uncooperative,1,1,0
especially_understandable,1,1,0
quite_drinkable,1,1,0
quite_dreary,1,1,0
especially_unimpressed,1,1,0
especially_universal,1,0,1
especially_unnatural,1,0,1
especially_urgent,1,0,1
quite_distinguishable,1,1,0
especially_user-friendly,1,1,0
especially_vague,1,1,0
quite_disenchanted,1,1,0
quite_discriminatory,1,1,0
especially_wet,1,1,0
especially_white,1,0,1
especially_willing,1,1,0
quite_disciplined,1,1,0
quite_discerning,1,1,0
especially_worse,1,1,0
quite_disagreeable,1,1,0
especially_yellow,1,1,0
quite_dire,1,1,0
quite_dim,1,1,0
quite_diligent,1,1,0
essentially_able,1,1,0
essentially_abusive,1,0,1
essentially_academic,1,0,1
quite_diabolical,1,1,0
especially_welcoming,1,1,0
especially_wacky,1,0,1
quite_dishonest,1,1,0
quite_disproportionate,1,1,0
especially_valiant,1,1,0
especially_valid,1,1,0
quite_dissonant,1,1,0
especially_various,1,1,0
especially_verbose,1,1,0
especially_versatile,1,1,0
especially_vexing,1,1,0
especially_viable,1,1,0
especially_vulgar,1,1,0
quite_dispassionate,1,1,0
especially_villainous,1,0,1
especially_visible,1,1,0
especially_visual,1,0,1
quite_disjointed,1,1,0
especially_volatile,1,1,0
especially_voracious,1,1,0
especially_therapeutic,1,0,1
quite_ecstatic,1,1,0
especially_terrifying,1,0,1
especially_slick,1,1,0
especially_savvy,1,1,0
especially_scarce,1,1,0
especially_seductive,1,0,1
especially_self-critical,1,1,0
especially_sensible,1,1,0
especially_serene,1,1,0
quite_equivalent,1,1,0
especially_shameful,1,0,1
especially_sharp,1,1,0
especially_shiny,1,0,1
especially_sick,1,1,0
quite_entrepreneurial,1,1,0
especially_silent,1,1,0
especially_sizeable,1,1,0
especially_skeptical,1,1,0
especially_skillful,1,1,0
especially_slender,1,0,1
especially_savory,1,0,1
quite_evangelical,1,1,0
especially_salty,1,1,0
especially_risky,1,1,0
especially_reliant,1,1,0
quite_exorbitant,1,1,0
quite_exhaustive,1,1,0
especially_revealing,1,1,0
quite_excruciating,1,1,0
especially_rife,1,1,0
especially_ripe,1,1,0
especially_riveting,1,1,0
quite_everyday,1,0,1
especially_rosy,1,1,0
especially_rude,1,1,0
quite_exacting,1,1,0
especially_sacred,1,0,1
especially_saddening,1,0,1
especially_sadistic,1,0,1
especially_salient,1,1,0
quite_enterprising,1,1,0
quite_enormous,1,1,0
especially_tenacious,1,1,0
especially_slower,1,1,0
quite_elemental,1,0,1
especially_subject,1,1,0
quite_electrifying,1,1,0
especially_substantial,1,0,1
especially_supportive,1,1,0
quite_elated,1,1,0
quite_elastic,1,1,0
especially_surprising,1,0,1
especially_surreal,1,0,1
especially_suspect,1,1,0
quite_egalitarian,1,1,0
especially_suspicious,1,0,1
especially_sweaty,1,1,0
quite_efficacious,1,1,0
especially_synonymous,1,1,0
especially_tall,1,1,0
especially_tantalizing,1,0,1
especially_strict,1,1,0
quite_elitist,1,1,0
especially_staunch,1,1,0
quite_encompassing,1,1,0
quite_enlightened,1,1,0
especially_smelly,1,0,1
especially_smooth,1,1,0
especially_sobering,1,0,1
quite_enduring,1,0,1
especially_sore,1,1,0
quite_endangered,1,1,0
especially_sorry,1,1,0
especially_stationary,1,0,1
quite_enamoured,1,1,0
especially_specific,1,1,0
especially_spicy,1,0,1
quite_empowered,1,1,0
quite_emphatic,1,1,0
especially_spiritual,1,0,1
quite_eminent,1,1,0
essentially_acceptable,1,1,0
quite_devoted,1,1,0
essentially_aghast,1,1,0
essentially_immobile,1,1,0
essentially_greedy,1,1,0
essentially_handmade,1,1,0
quite_contemplative,1,1,0
essentially_harmful,1,1,0
essentially_heroic,1,1,0
quite_constitutional,1,1,0
essentially_hollow,1,1,0
essentially_homeless,1,1,0
quite_considerate,1,1,0
essentially_hopeful,1,0,1
essentially_humorous,1,0,1
quite_consequential,1,0,1
essentially_ideological,1,1,0
essentially_illegible,1,1,0
quite_congested,1,1,0
essentially_illegitimate,1,0,1
essentially_illiterate,1,1,0
essentially_general,1,0,1
quite_contented,1,1,0
essentially_gendered,1,1,0
essentially_female,1,1,0
essentially_fake,1,1,0
quite_cost-effective,1,1,0
quite_cosmopolitan,1,1,0
quite_corrupt,1,1,0
quite_corrosive,1,1,0
essentially_false,1,0,1
essentially_familiar,1,0,1
essentially_fictional,1,1,0
essentially_gay,1,1,0
essentially_final,1,1,0
essentially_fine,1,1,0
essentially_finite,1,0,1
essentially_fluent,1,1,0
essentially_fruitless,1,1,0
essentially_functional,1,1,0
essentially_futile,1,1,0
essentially_imaginary,1,0,1
quite_conflicted,1,1,0
essentially_fair,1,1,0
essentially_immortal,1,1,0
essentially_intact,1,1,0
essentially_intangible,1,1,0
quite_committed,1,1,0
essentially_intellectual,1,0,1
essentially_interested,1,1,0
quite_comic,1,1,0
essentially_internal,1,0,1
essentially_invisible,1,1,0
essentially_irrational,1,0,1
essentially_irreversible,1,1,0
quite_combustible,1,1,0
essentially_irritating,1,1,0
essentially_juvenile,1,1,0
essentially_lacking,1,0,1
quite_collectable,1,1,0
essentially_large,1,1,0
quite_coincidental,1,1,0
essentially_insolvent,1,1,0
quite_compassionate,1,1,0
essentially_innocent,1,0,1
essentially_incompatible,1,0,1
essentially_immune,1,1,0
quite_conditional,1,1,0
essentially_impervious,1,1,0
essentially_inactive,1,1,0
essentially_inaudible,1,1,0
quite_conceivable,1,1,0
essentially_incapable,1,1,0
essentially_incomprehensible,1,1,0
essentially_inhuman,1,0,1
essentially_inconclusive,1,1,0
essentially_incremental,1,1,0
essentially_incurable,1,1,0
essentially_independent,1,1,0
essentially_indifferent,1,0,1
essentially_indispensable,1,0,1
essentially_inexhaustible,1,1,0
quite_cosy,1,0,1
essentially_extinct,1,1,0
essentially_alien,1,0,1
essentially_comfortable,1,1,0
quite_democratic,1,1,0
quite_demented,1,1,0
quite_demeaning,1,1,0
essentially_catholic,1,0,1
essentially_centrist,1,1,0
essentially_cheap,1,0,1
essentially_cheaper,1,1,0
essentially_cheesy,1,0,1
essentially_christian,1,0,1
essentially_cinematic,1,0,1
essentially_classic,1,0,1
quite_degrading,1,1,0
quite_definitive,1,1,0
essentially_clean,1,1,0
quite_defiant,1,0,1
essentially_close,1,0,1
essentially_cold,1,0,1
essentially_canadian,1,0,1
essentially_brutal,1,0,1
quite_demure,1,1,0
essentially_awesome,1,1,0
essentially_antithetical,1,1,0
essentially_apolitical,1,1,0
essentially_authentic,1,1,0
essentially_autonomous,1,1,0
quite_destabilizing,1,1,0
quite_despondent,1,1,0
essentially_available,1,1,0
essentially_bankrupt,1,1,0
quite_dependable,1,0,1
essentially_basic,1,0,1
essentially_beneficial,1,0,1
essentially_benevolent,1,0,1
essentially_better,1,0,1
essentially_bland,1,1,0
essentially_blank,1,1,0
essentially_blind,1,1,0
quite_deceptive,1,1,0
essentially_comic,1,0,1
essentially_external,1,0,1
essentially_communist,1,1,0
quite_crumbly,1,1,0
essentially_devoid,1,1,0
essentially_difficult,1,1,0
essentially_digital,1,1,0
essentially_disgusting,1,1,0
essentially_disposable,1,1,0
essentially_dormant,1,1,0
essentially_earnest,1,0,1
essentially_ecstatic,1,0,1
essentially_effective,1,1,0
essentially_elastic,1,1,0
essentially_electronic,1,1,0
essentially_english,1,0,1
quite_cozy,1,1,0
essentially_european,1,0,1
essentially_existential,1,0,1
essentially_experimental,1,0,1
essentially_destructive,1,1,0
quite_cuddly,1,1,0
essentially_destitute,1,1,0
quite_danceable,1,1,0
essentially_condescending,1,0,1
essentially_consistent,1,1,0
essentially_contradictory,1,0,1
essentially_contrary,1,1,0
essentially_corporate,1,0,1
quite_dapper,1,0,1
essentially_crazy,1,1,0
essentially_creative,1,1,0
essentially_derivative,1,1,0
essentially_dark,1,1,0
essentially_dead,1,0,1
quite_daft,1,1,0
essentially_defenseless,1,1,0
quite_cutthroat,1,1,0
essentially_defensive,1,1,0
essentially_delusional,1,1,0
especially_relaxing,1,0,1
especially_relative,1,0,1
especially_regrettable,1,1,0
especially_harrowing,1,0,1
especially_frustrated,1,1,0
especially_full,1,1,0
especially_functional,1,1,0
quite_hygienic,1,1,0
especially_gay,1,0,1
especially_geeky,1,0,1
especially_global,1,1,0
especially_glorious,1,0,1
quite_humbled,1,1,0
especially_graceful,1,1,0
quite_humanistic,1,1,0
quite_human-like,1,1,0
especially_greasy,1,1,0
especially_green,1,1,0
especially_gregarious,1,1,0
especially_gross,1,0,1
especially_hard-hitting,1,1,0
especially_fruity,1,1,0
especially_fruitful,1,1,0
especially_frightening,1,0,1
especially_flamboyant,1,1,0
quite_immune,1,1,0
quite_imminent,1,1,0
especially_feverish,1,1,0
especially_financial,1,1,0
especially_fine,1,1,0
especially_fishy,1,0,1
especially_fitting,1,0,1
quite_illustrious,1,1,0
especially_frail,1,1,0
quite_illustrative,1,1,0
especially_flashy,1,1,0
especially_fluent,1,1,0
especially_foolish,1,0,1
especially_foreign,1,0,1
especially_forlorn,1,1,0
especially_formidable,1,1,0
quite_horny,1,1,0
quite_honourable,1,0,1
quite_impassioned,1,1,0
especially_healthy,1,1,0
quite_heinous,1,1,0
especially_humanistic,1,1,0
especially_humbling,1,0,1
especially_humiliating,1,0,1
especially_humorous,1,0,1
especially_hungry,1,1,0
quite_hearty,1,1,0
quite_heartless,1,1,0
quite_heartfelt,1,1,0
especially_idiosyncratic,1,1,0
quite_heartbroken,1,1,0
especially_illuminating,1,1,0
especially_impassioned,1,1,0
especially_impenetrable,1,0,1
quite_hawkish,1,1,0
especially_implausible,1,0,1
quite_hateful,1,1,0
especially_human,1,0,1
quite_heretical,1,0,1
especially_hostile,1,1,0
quite_hokey,1,1,0
especially_heartening,1,0,1
quite_homophobic,1,1,0
quite_homogeneous,1,1,0
quite_homey,1,1,0
especially_heartwarming,1,1,0
quite_holy,1,0,1
quite_hollow,1,0,1
especially_hearty,1,0,1
especially_horrendous,1,1,0
especially_hectic,1,1,0
quite_hip,1,1,0
especially_hesitant,1,1,0
especially_hideous,1,0,1
especially_homemade,1,1,0
especially_honest,1,1,0
especially_hopeful,1,1,0
especially_feminine,1,0,1
especially_favorite,1,1,0
especially_improbable,1,0,1
especially_early,1,0,1
especially_detrimental,1,1,0
especially_devastating,1,1,0
quite_inflexible,1,1,0
especially_disheartening,1,1,0
especially_dismal,1,0,1
especially_dispiriting,1,0,1
especially_disrespectful,1,0,1
especially_distant,1,1,0
especially_distraught,1,1,0
quite_inert,1,1,0
especially_disturbed,1,1,0
especially_divisive,1,1,0
quite_inebriated,1,1,0
quite_industrious,1,1,0
especially_domestic,1,1,0
quite_indulgent,1,1,0
especially_drunk,1,1,0
quite_inhuman,1,0,1
quite_inhumane,1,1,0
quite_injured,1,1,0
quite_insipid,1,0,1
especially_damning,1,0,1
quite_insufficient,1,1,0
quite_instrumental,1,0,1
quite_instructive,1,1,0
especially_decadent,1,0,1
especially_decent,1,0,1
especially_deceptive,1,1,0
especially_decisive,1,1,0
especially_despicable,1,0,1
especially_democratic,1,1,0
quite_inseparable,1,1,0
especially_demoralizing,1,0,1
especially_dense,1,1,0
especially_depraved,1,0,1
especially_depressing,1,0,1
quite_inoffensive,1,1,0
quite_indistinguishable,1,0,1
quite_indiscriminate,1,1,0
quite_impenetrable,1,1,0
quite_indignant,1,1,0
especially_enthralling,1,1,0
especially_environmental,1,0,1
especially_ergonomic,1,1,0
especially_evocative,1,1,0
quite_inaccessible,1,1,0
especially_excellent,1,0,1
quite_improper,1,1,0
especially_exempt,1,1,0
especially_exotic,1,1,0
quite_imprecise,1,1,0
especially_extraordinary,1,0,1
especially_extreme,1,1,0
especially_eye-opening,1,1,0
quite_implicit,1,1,0
especially_fanciful,1,1,0
especially_fat,1,1,0
quite_imperative,1,1,0
especially_enlightening,1,1,0
especially_energetic,1,1,0
quite_incendiary,1,0,1
quite_incredulous,1,1,0
especially_educational,1,1,0
quite_indie,1,0,1
quite_indestructible,1,0,1
especially_electrifying,1,1,0
quite_indecisive,1,1,0
quite_indecent,1,1,0
especially_elegant,1,1,0
especially_elementary,1,1,0
quite_incoherent,1,0,1
quite_inconvenient,1,0,1
quite_inconsequential,1,1,0
especially_empathetic,1,1,0
especially_enamored,1,1,0
especially_enchanting,1,0,1
especially_endangered,1,1,0
quite_incompetent,1,1,0
quite_hasty,1,1,0
quite_harmonious,1,1,0
especially_recognizable,1,0,1
especially_peaceful,1,0,1
especially_obtuse,1,1,0
especially_obvious,1,1,0
quite_fleeting,1,1,0
quite_flawless,1,1,0
especially_oily,1,1,0
especially_old,1,1,0
especially_older,1,0,1
especially_onerous,1,1,0
quite_flashy,1,1,0
especially_online,1,1,0
quite_fixable,1,1,0
especially_outdoors,1,0,1
especially_outspoken,1,1,0
especially_outstanding,1,0,1
especially_palpable,1,1,0
especially_paranoid,1,0,1
especially_pathetic,1,0,1
especially_obsessed,1,1,0
especially_obscure,1,1,0
especially_objectionable,1,1,0
especially_nonpartisan,1,1,0
especially_nefarious,1,0,1
quite_forthright,1,1,0
quite_forthcoming,1,1,0
especially_nerve-wracking,1,0,1
especially_nihilistic,1,0,1
especially_non-existent,1,1,0
quite_foreseeable,1,1,0
quite_foreboding,1,1,0
quite_fluent,1,1,0
especially_nourishing,1,0,1
especially_numerous,1,1,0
quite_foggy,1,1,0
quite_focused,1,1,0
quite_flustered,1,1,0
quite_fluid,1,1,0
especially_nutritious,1,1,0
especially_patriotic,1,1,0
quite_fertile,1,1,0
especially_neat,1,0,1
especially_perfect,1,1,0
especially_pregnant,1,0,1
especially_preposterous,1,0,1
quite_fake,1,1,0
especially_productive,1,1,0
especially_prolific,1,1,0
especially_prominent,1,1,0
especially_psychological,1,1,0
especially_quaint,1,0,1
especially_qualified,1,1,0
quite_exuberant,1,1,0
quite_extroverted,1,1,0
especially_questionable,1,1,0
especially_quick,1,1,0
quite_external,1,1,0
especially_raw,1,0,1
especially_ready,1,1,0
especially_reckless,1,0,1
especially_precious,1,0,1
especially_praiseworthy,1,0,1
especially_practical,1,1,0
especially_pitiful,1,0,1
quite_feminist,1,0,1
especially_perilous,1,1,0
especially_permissive,1,0,1
especially_persistent,1,1,0
especially_persuasive,1,1,0
quite_favourable,1,1,0
especially_perverse,1,0,1
especially_pivotal,1,0,1
especially_polite,1,1,0
quite_faster,1,1,0
especially_pleasing,1,1,0
especially_pleasurable,1,1,0
quite_farfetched,1,1,0
quite_farcical,1,1,0
quite_far-flung,1,1,0
especially_poisonous,1,0,1
quite_fractious,1,1,0
quite_fragmented,1,1,0
especially_inclined,1,1,0
especially_lethargic,1,1,0
especially_integral,1,1,0
especially_international,1,1,0
especially_intrigued,1,1,0
quite_greedy,1,1,0
especially_irate,1,1,0
quite_grave,1,1,0
especially_irrelevant,1,1,0
especially_itchy,1,1,0
quite_gratified,1,1,0
especially_jaded,1,1,0
especially_jewish,1,1,0
especially_joyous,1,0,1
quite_gradual,1,1,0
quite_gracious,1,1,0
especially_knowledgeable,1,0,1
especially_laden,1,1,0
especially_lame,1,1,0
especially_instructive,1,0,1
especially_insecure,1,1,0
especially_inscrutable,1,0,1
quite_haphazard,1,1,0
especially_inconvenient,1,1,0
especially_indicative,1,1,0
quite_harder,1,1,0
quite_hardcore,1,1,0
especially_indifferent,1,1,0
especially_indignant,1,1,0
especially_ineffective,1,1,0
especially_inexpensive,1,1,0
quite_grueling,1,1,0
especially_influential,1,1,0
quite_hairy,1,1,0
quite_gutsy,1,1,0
quite_gut-wrenching,1,1,0
especially_informative,1,0,1
especially_infuriating,1,0,1
especially_inherent,1,0,1
especially_leery,1,1,0
especially_liberating,1,0,1
quite_fragrant,1,1,0
quite_gleeful,1,0,1
especially_merry,1,0,1
especially_mesmerizing,1,0,1
especially_mind-blowing,1,0,1
especially_minimal,1,1,0
quite_fruitful,1,1,0
especially_misguided,1,1,0
quite_frivolous,1,1,0
quite_frightful,1,0,1
especially_monotonous,1,1,0
especially_most,1,1,0
especially_mournful,1,1,0
especially_moving,1,1,0
especially_muddy,1,1,0
especially_mystifying,1,1,0
especially_narrow,1,1,0
especially_naughty,1,1,0
especially_nauseating,1,0,1
especially_meritorious,1,1,0
especially_melancholy,1,0,1
especially_mean,1,1,0
especially_malignant,1,0,1
especially_literary,1,0,1
especially_lonely,1,1,0
especially_long-lasting,1,1,0
especially_lucrative,1,1,0
especially_ludicrous,1,1,0
especially_luxurious,1,0,1
especially_male,1,0,1
especially_manifest,1,1,0
especially_masculine,1,1,0
quite_geeky,1,1,0
quite_gay,1,1,0
quite_gaudy,1,1,0
quite_garish,1,1,0
quite_galling,1,1,0
quite_futuristic,1,0,1
quite_futile,1,1,0
essentially_left-leaning,1,1,0
quite_cocky,1,1,0
even_adaptable,1,1,0
quietly_enjoyable,1,1,0
ethically_reprehensible,1,1,0
quietly_embarrassed,1,1,0
ethically_rewarding,1,1,0
ethically_sensitive,1,1,0
quietly_disruptive,1,0,1
quietly_displeased,1,0,1
quietly_dignified,1,1,0
ethically_shady,1,0,1
ethically_shallow,1,1,0
ethically_similar,1,1,0
quietly_demanding,1,0,1
quietly_delirious,1,1,0
quietly_delicious,1,0,1
quietly_deliberate,1,1,0
quietly_decent,1,0,1
quietly_daring,1,0,1
ethically_skilful,1,1,0
quietly_encouraging,1,0,1
quietly_enough,1,1,0
essentially_lifeless,1,0,1
quietly_envious,1,1,0
quietly_hostile,1,1,0
quietly_hopeless,1,0,1
quietly_helpful,1,1,0
quietly_hellish,1,0,1
quietly_heartbreaking,1,0,1
ethically_obtuse,1,1,0
ethically_odious,1,0,1
ethically_okay,1,1,0
ethically_problematic,1,1,0
ethically_pure,1,1,0
quietly_fundamental,1,1,0
quietly_fantastic,1,1,0
quietly_faithful,1,1,0
quietly_exciting,1,0,1
quietly_excellent,1,1,0
quietly_euphoric,1,1,0
quietly_ethereal,1,1,0
quietly_creepy,1,1,0
quietly_creative,1,1,0
quietly_cool,1,1,0
quietly_compelling,1,0,1
quickly_visible,1,1,0
quickly_visceral,1,0,1
ethically_underdeveloped,1,1,0
quickly_understandable,1,0,1
ethically_unenforceable,1,1,0
quickly_treatable,1,0,1
ethically_unsound,1,1,0
ethically_untenable,1,1,0
quickly_standard,1,1,0
quickly_satisfied,1,1,0
quickly_robotic,1,1,0
quickly_responsive,1,1,0
quickly_renewable,1,1,0
quickly_removable,1,1,0
ethically_worrisome,1,1,0
quickly_productive,1,1,0
quickly_possible,1,1,0
quickly_wide,1,1,0
quickly_willing,1,1,0
quietly_active,1,1,0
ethically_tricky,1,1,0
quietly_chilling,1,1,0
ethically_superior,1,1,0
quietly_busy,1,1,0
ethically_susceptible,1,1,0
quietly_bittersweet,1,1,0
quietly_benign,1,0,1
ethically_tenuous,1,1,0
quietly_avid,1,1,0
quietly_alluring,1,0,1
quietly_astonishing,1,0,1
quietly_asleep,1,1,0
quietly_annoyed,1,1,0
quietly_angry,1,1,0
quietly_anarchic,1,0,1
quietly_ambitious,1,1,0
quietly_amazing,1,1,0
quietly_humane,1,0,1
ethically_obsessed,1,1,0
quietly_humorous,1,1,0
ethically_hollow,1,1,0
ethically_embarrassing,1,0,1
quietly_subtle,1,1,0
quietly_sublime,1,1,0
quietly_stylish,1,1,0
ethically_equivocal,1,1,0
quietly_startling,1,1,0
quietly_spiritual,1,0,1
quietly_soothing,1,0,1
quietly_skeptical,1,1,0
quietly_sinister,1,1,0
quietly_shocking,1,1,0
quietly_sexy,1,0,1
quietly_seductive,1,0,1
ethically_fishy,1,0,1
ethically_free,1,1,0
quietly_sad,1,1,0
quietly_rewarding,1,1,0
ethically_doubtful,1,1,0
ethically_distasteful,1,0,1
ethically_disordered,1,1,0
quietly_transparent,1,0,1
quietly_uplifting,1,1,0
ethically_conservative,1,1,0
quietly_unique,1,0,1
ethically_controversial,1,1,0
ethically_corrupt,1,0,1
quietly_uncomfortable,1,1,0
quietly_triumphant,1,0,1
quietly_tranquil,1,1,0
quietly_suspicious,1,1,0
ethically_demanding,1,1,0
quietly_traditional,1,0,1
quietly_tolerant,1,1,0
quietly_timid,1,1,0
ethically_desirable,1,1,0
ethically_difficult,1,1,0
quietly_tenacious,1,1,0
quietly_resentful,1,1,0
ethically_honest,1,1,0
ethically_obligatory,1,1,0
quietly_reflective,1,0,1
quietly_ominous,1,1,0
quietly_obedient,1,1,0
quietly_naturalistic,1,1,0
quietly_mundane,1,1,0
quietly_momentous,1,1,0
quietly_miraculous,1,0,1
quietly_menacing,1,1,0
quietly_melancholic,1,1,0
quietly_marvelous,1,1,0
quietly_magical,1,0,1
quietly_lovely,1,1,0
quietly_jubilant,1,1,0
quietly_intimidating,1,0,1
ethically_mistaken,1,1,0
quietly_innovative,1,0,1
quietly_influential,1,1,0
quietly_incredible,1,0,1
ethically_minded,1,1,0
quietly_passionate,1,1,0
quietly_pathetic,1,1,0
quietly_prevalent,1,1,0
quietly_reassuring,1,0,1
quietly_reasonable,1,1,0
ethically_impoverished,1,0,1
quietly_purposeful,1,1,0
quietly_protective,1,1,0
ethically_inexcusable,1,0,1
quietly_pro-life,1,1,0
ethically_irresponsible,1,1,0
quietly_perky,1,0,1
ethically_lazy,1,1,0
quietly_popular,1,1,0
quietly_polite,1,1,0
quietly_poetic,1,0,1
ethically_meaningful,1,1,0
quietly_persuasive,1,0,1
quietly_personal,1,0,1
quickly_pervasive,1,1,0
quickly_overused,1,1,0
quickly_outpacing,1,1,0
purposely_blank,1,1,0
purposely_ignorant,1,1,0
purposely_grainy,1,1,0
purposely_funny,1,1,0
purposely_flexible,1,1,0
purposely_flawed,1,1,0
purposely_false,1,1,0
purposely_evasive,1,1,0
purposely_elaborate,1,1,0
purposely_dour,1,1,0
purposely_disjointed,1,1,0
purposely_disingenuous,1,1,0
purposely_discriminatory,1,1,0
even_abrupt,1,1,0
purposely_controversial,1,1,0
purposely_conscious,1,1,0
purposely_confusing,1,1,0
purposely_confused,1,1,0
purposely_inconclusive,1,1,0
purposely_inflammatory,1,1,0
purposely_malicious,1,1,0
purposely_pointless,1,1,0
purposely_static,1,1,0
purposely_shitty,1,1,0
purposely_routine,1,1,0
purposely_ridiculous,1,1,0
purposely_repressive,1,1,0
ethnically_neutral,1,1,0
purposely_powerless,1,1,0
purposely_overblown,1,1,0
purposely_messy,1,1,0
ethnically_pluralistic,1,1,0
ethnically_predisposed,1,1,0
ethnically_seamless,1,1,0
purposely_normal,1,1,0
purposely_naive,1,1,0
ethnically_secure,1,1,0
ethnically_sensitive,1,1,0
purposely_callous,1,1,0
purposely_big,1,1,0
purposely_stubborn,1,1,0
purposefully_violent,1,1,0
purposefully_mysterious,1,1,0
purposefully_mute,1,1,0
purposefully_misunderstood,1,1,0
even_acrimonious,1,1,0
purposefully_minimalistic,1,1,0
purposefully_messy,1,1,0
purposefully_manipulative,1,1,0
purposefully_ludicrous,1,1,0
purposefully_low,1,1,0
purposefully_inflammatory,1,1,0
purposefully_indifferent,1,1,0
purposefully_inconvenient,1,1,0
purposefully_inconclusive,1,1,0
purposefully_inaccessible,1,1,0
purposefully_imprecise,1,1,0
purposefully_impenetrable,1,0,1
purposefully_illustrative,1,1,0
even_acerbic,1,1,0
purposefully_obscure,1,1,0
even_accustomed,1,1,0
purposefully_unfair,1,1,0
purposefully_vile,1,0,1
purposefully_variable,1,1,0
even_acclaimed,1,1,0
purposefully_upbeat,1,1,0
purposefully_uninteresting,1,1,0
purposefully_unfulfilled,1,1,0
purposefully_unflattering,1,1,0
purposefully_understated,1,1,0
purposefully_offensive,1,0,1
purposefully_ugly,1,1,0
even_accommodating,1,1,0
even_accountable,1,1,0
purposefully_similar,1,1,0
purposefully_short,1,1,0
purposefully_quirky,1,0,1
purposefully_provocative,1,0,1
purposely_stiff,1,1,0
purposely_stupid,1,1,0
ethically_worse,1,1,0
ethnically_german,1,1,0
quickly_complete,1,1,0
quickly_clear,1,1,0
quickly_changeable,1,0,1
quickly_biodegradable,1,1,0
quickly_aware,1,1,0
ethnically_correct,1,0,1
ethnically_demeaning,1,1,0
quickly_affordable,1,1,0
quickly_adrift,1,1,0
quickly_adaptable,1,1,0
quickly_actionable,1,1,0
quickly_achievable,1,1,0
ethnically_derogatory,1,1,0
ethnically_different,1,1,0
quick_sharp,1,0,1
quick_okay,1,1,0
quick_occasional,1,1,0
quickly_complicated,1,1,0
quickly_comprehensive,1,1,0
quickly_cool,1,1,0
quickly_forthcoming,1,1,0
ethnically_abusive,1,1,0
quickly_obtainable,1,0,1
ethnically_african,1,1,0
quickly_numb,1,1,0
quickly_noticeable,1,1,0
quickly_mainstream,1,1,0
ethnically_awesome,1,0,1
ethnically_clean,1,1,0
ethnically_cohesive,1,1,0
quickly_familiar,1,1,0
quickly_excited,1,1,0
ethnically_closer,1,1,0
quickly_dismissive,1,1,0
quickly_disappointed,1,1,0
quickly_dirty,1,1,0
quickly_curable,1,1,0
ethnically_exclusive,1,1,0
ethnically_heterogeneous,1,1,0
purposely_ugly,1,1,0
quick_different,1,0,1
questionably_accurate,1,1,0
ethnically_intriguing,1,1,0
ethnically_japanese,1,1,0
qualitatively_significant,1,1,0
qualitatively_questionable,1,1,0
qualitatively_oppressive,1,0,1
ethnically_jewish,1,1,0
qualitatively_more,1,1,0
qualitatively_lacking,1,1,0
qualitatively_equal,1,0,1
qualitatively_distinct,1,0,1
ethnically_korean,1,1,0
qualitatively_better,1,0,1
purposely_wrong,1,1,0
purposely_unhelpful,1,1,0
purposely_understated,1,1,0
purposely_uncooperative,1,1,0
questionably_athletic,1,1,0
questionably_broad,1,1,0
questionably_consensual,1,1,0
questionably_unethical,1,1,0
quick_convincing,1,1,0
quick_close,1,1,0
quick_clear,1,1,0
quick_afoot,1,1,0
quick_abundant,1,1,0
quick_absorbing,1,1,0
questionably_useful,1,1,0
questionably_tasteful,1,1,0
ethnically_insensitive,1,1,0
questionably_slow,1,1,0
ethnically_important,1,0,1
questionably_qualified,1,1,0
ethnically_indian,1,1,0
questionably_inappropriate,1,1,0
questionably_high,1,1,0
questionably_fictional,1,1,0
quietly_upsetting,1,1,0
quietly_urgent,1,1,0
quietly_vegan,1,1,0
essentially_transparent,1,1,0
quite_biased,1,1,0
essentially_stupid,1,0,1
essentially_subject,1,1,0
essentially_subordinate,1,1,0
essentially_suburban,1,1,0
essentially_subversive,1,0,1
essentially_suitable,1,1,0
essentially_summery,1,0,1
quite_beefy,1,1,0
quite_bearish,1,1,0
essentially_taboo,1,0,1
essentially_theological,1,1,0
essentially_timeless,1,1,0
quite_baroque,1,1,0
essentially_timid,1,1,0
essentially_tired,1,1,0
essentially_transgender,1,1,0
quite_biblical,1,1,0
essentially_specific,1,0,1
quite_bigger,1,0,1
quite_blissful,1,1,0
quite_bohemian,1,1,0
essentially_russian,1,0,1
essentially_sacred,1,1,0
essentially_sadistic,1,0,1
essentially_safe,1,1,0
essentially_same,1,1,0
essentially_savage,1,1,0
essentially_senseless,1,0,1
quite_bigoted,1,1,0
essentially_serious,1,0,1
essentially_significant,1,1,0
essentially_slippery,1,0,1
essentially_social,1,1,0
essentially_soulful,1,1,0
quite_bisexual,1,1,0
quite_binary,1,1,0
essentially_transient,1,0,1
quite_badass,1,1,0
essentially_rotten,1,0,1
essentially_trite,1,1,0
essentially_unpleasant,1,1,0
essentially_unpopular,1,1,0
quite_asymmetrical,1,1,0
essentially_unpredictable,1,1,0
quite_astringent,1,1,0
essentially_unprotected,1,1,0
essentially_unrealistic,1,1,0
essentially_unrelated,1,1,0
quite_aspirational,1,1,0
quite_asleep,1,1,0
quite_askew,1,1,0
quite_ashamed,1,1,0
essentially_unsuited,1,1,0
essentially_unsupported,1,1,0
essentially_untested,1,1,0
essentially_unthinkable,1,1,0
essentially_untouched,1,1,0
essentially_universal,1,1,0
quite_attentive,1,1,0
quite_atypical,1,0,1
essentially_undisciplined,1,1,0
essentially_unaffected,1,1,0
essentially_unavoidable,1,1,0
essentially_unbreakable,1,1,0
essentially_unconnected,1,1,0
quite_awake,1,1,0
essentially_undemocratic,1,1,0
essentially_undesirable,1,0,1
quite_autonomous,1,1,0
essentially_uniform,1,1,0
quite_autobiographical,1,1,0
quite_authoritative,1,1,0
essentially_unenforceable,1,1,0
essentially_unfulfilled,1,1,0
essentially_unharmed,1,1,0
quite_auspicious,1,1,0
essentially_unheard,1,0,1
quite_boisterous,1,1,0
essentially_rosy,1,1,0
essentially_untrustworthy,1,1,0
essentially_outdated,1,1,0
quite_chunky,1,1,0
essentially_naked,1,1,0
essentially_nasty,1,1,0
quite_christian,1,0,1
essentially_negligible,1,1,0
essentially_neutral,1,0,1
essentially_non-toxic,1,1,0
essentially_nonpartisan,1,1,0
quite_chewy,1,1,0
essentially_nonsensical,1,1,0
essentially_null,1,1,0
essentially_obscure,1,1,0
essentially_observable,1,1,0
essentially_odd,1,1,0
essentially_okay,1,1,0
essentially_opaque,1,1,0
quite_characteristic,1,1,0
essentially_mundane,1,0,1
essentially_most,1,1,0
essentially_moot,1,1,0
essentially_manual,1,1,0
essentially_likable,1,0,1
essentially_literal,1,1,0
essentially_long,1,1,0
essentially_magical,1,1,0
quite_cliched,1,1,0
quite_cliche,1,1,0
essentially_male,1,0,1
essentially_mediocre,1,1,0
quite_circumstantial,1,1,0
essentially_military,1,1,0
essentially_mindless,1,0,1
quite_classical,1,0,1
essentially_mistaken,1,0,1
essentially_mobile,1,0,1
quite_civilised,1,1,0
essentially_monetary,1,1,0
essentially_other,1,1,0
essentially_overwhelming,1,1,0
essentially_romantic,1,0,1
quite_cerebral,1,1,0
essentially_problematic,1,0,1
essentially_psychedelic,1,0,1
essentially_public,1,1,0
quite_bubbly,1,1,0
quite_brown,1,1,0
essentially_real,1,1,0
quite_british,1,1,0
quite_brisk,1,1,0
essentially_reassuring,1,0,1
essentially_reflective,1,1,0
essentially_regional,1,0,1
essentially_relational,1,1,0
quite_breathable,1,1,0
essentially_responsible,1,1,0
essentially_right-wing,1,1,0
quite_brash,1,1,0
quite_bouncy,1,1,0
essentially_private,1,1,0
quite_burdensome,1,1,0
essentially_primary,1,1,0
essentially_philosophical,1,1,0
essentially_partial,1,0,1
quite_cavalier,1,1,0
essentially_passive,1,1,0
essentially_patriarchal,1,1,0
quite_catholic,1,1,0
essentially_pernicious,1,0,1
essentially_personal,1,1,0
essentially_physical,1,1,0
essentially_present,1,1,0
essentially_pivotal,1,1,0
essentially_playful,1,0,1
essentially_popular,1,1,0
essentially_possible,1,1,0
essentially_practical,1,0,1
essentially_pragmatic,1,1,0
quite_buttery,1,1,0
essentially_untrue,1,1,0
quite_arid,1,1,0
quietly_vintage,1,1,0
quintessentially_productive,1,1,0
eternally_useful,1,0,1
eternally_vacant,1,0,1
eternally_valid,1,1,0
eternally_valuable,1,1,0
eternally_vigilant,1,1,0
eternally_wary,1,1,0
quintessentially_symbolic,1,1,0
quintessentially_sweet,1,0,1
quintessentially_stereotypical,1,0,1
quintessentially_spanish,1,0,1
eternally_wrong,1,0,1
quintessentially_scottish,1,0,1
quintessentially_romantic,1,1,0
quintessentially_restorative,1,0,1
quintessentially_religious,1,0,1
quintessentially_related,1,1,0
quintessentially_reasonable,1,1,0
eternally_unsatisfied,1,1,0
eternally_unmanageable,1,0,1
eternally_unemployed,1,1,0
quite_acrimonious,1,1,0
eternally_relevant,1,0,1
eternally_responsible,1,0,1
eternally_right,1,1,0
quite_actual,1,0,1
eternally_rotten,1,1,0
quite_actionable,1,1,0
eternally_satisfying,1,0,1
quite_acquainted,1,1,0
eternally_undone,1,1,0
eternally_shy,1,1,0
eternally_soothing,1,0,1
quite_accomplished,1,1,0
eternally_sublime,1,0,1
eternally_subordinate,1,1,0
eternally_sweet,1,1,0
eternally_timeless,1,1,0
quintessentially_real,1,0,1
quintessentially_prejudiced,1,1,0
eternally_real,1,0,1
ethically_able,1,1,0
quintessentially_democratic,1,0,1
quintessentially_delightful,1,1,0
quintessentially_cosmopolitan,1,1,0
quintessentially_cool,1,0,1
quintessentially_conservative,1,0,1
quintessentially_catholic,1,0,1
ethically_bereft,1,1,0
ethically_clean,1,1,0
ethically_clear-cut,1,1,0
ethically_compelling,1,1,0
quintessentially_african,1,1,0
quintessentially_adorable,1,1,0
quintessentially_accidental,1,0,1
ethically_complicated,1,1,0
ethically_conscious,1,1,0
quietly_willing,1,1,0
quietly_welcoming,1,1,0
quintessentially_ethnic,1,1,0
quintessentially_evil,1,1,0
quintessentially_evocative,1,0,1
ethically_admirable,1,1,0
quintessentially_odd,1,0,1
ethically_adequate,1,1,0
quintessentially_loud,1,1,0
quintessentially_leftist,1,0,1
quintessentially_korean,1,0,1
quintessentially_jewish,1,1,0
quintessentially_japanese,1,0,1
quintessentially_irish,1,1,0
quintessentially_fine,1,0,1
ethically_advanced,1,1,0
quintessentially_indian,1,0,1
ethically_appropriate,1,0,1
quintessentially_good,1,0,1
ethically_askew,1,0,1
ethically_awful,1,1,0
quintessentially_fragile,1,0,1
quite_addicting,1,1,0
eternally_pure,1,1,0
essentially_unwanted,1,1,0
eternally_cognizant,1,1,0
quite_angular,1,1,0
eternally_alone,1,1,0
eternally_amusing,1,0,1
quite_anemic,1,1,0
eternally_applicable,1,1,0
quite_androgynous,1,1,0
eternally_available,1,1,0
eternally_awesome,1,0,1
quite_analogous,1,0,1
quite_anachronistic,1,1,0
eternally_beautiful,1,1,0
eternally_beneficial,1,1,0
quite_ample,1,1,0
eternally_boyish,1,0,1
eternally_bullish,1,0,1
eternally_chic,1,0,1
quite_amenable,1,1,0
eternally_alive,1,1,0
eternally_addicted,1,1,0
quite_anonymous,1,1,0
essentially_vital,1,1,0
quite_architectural,1,0,1
essentially_useful,1,0,1
essentially_valuable,1,0,1
essentially_vegan,1,1,0
essentially_vegetarian,1,1,0
quite_apropos,1,0,1
essentially_vertical,1,1,0
quite_appreciative,1,1,0
essentially_youthful,1,1,0
essentially_weird,1,1,0
essentially_white,1,1,0
quite_appalled,1,1,0
quite_apolitical,1,1,0
essentially_worthy,1,1,0
essentially_year-round,1,0,1
essentially_yellow,1,1,0
eternally_chill,1,1,0
eternally_conscious,1,1,0
eternally_precious,1,1,0
eternally_correct,1,1,0
eternally_gorgeous,1,1,0
quite_aghast,1,1,0
eternally_immutable,1,1,0
eternally_important,1,0,1
eternally_inept,1,1,0
eternally_invisible,1,1,0
eternally_jealous,1,1,0
eternally_liable,1,1,0
quite_affecting,1,0,1
eternally_manly,1,0,1
eternally_minded,1,1,0
eternally_missing,1,0,1
eternally_modern,1,1,0
eternally_new,1,0,1
quite_adroit,1,1,0
eternally_notorious,1,1,0
eternally_overwhelming,1,1,0
eternally_good,1,0,1
eternally_german,1,0,1
quite_aimless,1,1,0
eternally_dirty,1,0,1
eternally_corrupt,1,1,0
eternally_cute,1,0,1
eternally_dead,1,1,0
quite_alternative,1,0,1
quite_alternate,1,1,0
eternally_destitute,1,1,0
eternally_different,1,0,1
eternally_divine,1,1,0
quite_airy,1,1,0
eternally_elegant,1,1,0
eternally_enticing,1,0,1
eternally_existent,1,1,0
quite_alarmist,1,1,0
eternally_fatal,1,1,0
quite_alarmed,1,1,0
eternally_fine,1,1,0
probably_qualified,1,1,0
probably_prudent,1,1,0
probably_proprietary,1,1,0
pretty_endless,1,1,0
exceptionally_disappointed,1,1,0
pretty_enchanting,1,1,0
pretty_enamored,1,1,0
exceptionally_discouraging,1,1,0
pretty_empowering,1,0,1
pretty_emphatic,1,0,1
pretty_empathic,1,1,0
exceptionally_disgusting,1,1,0
pretty_emblematic,1,1,0
exceptionally_dishonest,1,1,0
exceptionally_disordered,1,0,1
exceptionally_distinctive,1,0,1
pretty_eloquent,1,1,0
exceptionally_divergent,1,1,0
exceptionally_diverse,1,1,0
pretty_elastic,1,1,0
exceptionally_dressy,1,1,0
pretty_endearing,1,1,0
pretty_energetic,1,1,0
pretty_coherent,1,1,0
exceptionally_direct,1,1,0
pretty_evasive,1,1,0
pretty_ethereal,1,1,0
exceptionally_cranky,1,1,0
exceptionally_critical,1,1,0
pretty_erratic,1,1,0
exceptionally_crucial,1,1,0
pretty_equivalent,1,1,0
exceptionally_damp,1,1,0
exceptionally_dark,1,1,0
exceptionally_daunting,1,1,0
pretty_enviable,1,1,0
pretty_entrepreneurial,1,1,0
exceptionally_dear,1,0,1
exceptionally_decorative,1,1,0
exceptionally_deep,1,1,0
exceptionally_delectable,1,1,0
exceptionally_despicable,1,1,0
exceptionally_dubious,1,1,0
exceptionally_dull,1,1,0
pretty_eerie,1,1,0
exceptionally_earnest,1,1,0
exceptionally_fertile,1,1,0
exceptionally_fierce,1,1,0
exceptionally_forgiving,1,1,0
pretty_draconian,1,1,0
exceptionally_fortunate,1,1,0
exceptionally_free,1,0,1
exceptionally_fruitful,1,1,0
exceptionally_frustrating,1,1,0
pretty_dorky,1,1,0
exceptionally_fundamental,1,0,1
exceptionally_funny,1,1,0
pretty_dogmatic,1,1,0
exceptionally_fussy,1,1,0
exceptionally_generous,1,1,0
exceptionally_genial,1,1,0
exceptionally_gnarly,1,1,0
pretty_divergent,1,1,0
exceptionally_female,1,0,1
exceptionally_fatigued,1,1,0
exceptionally_fair,1,1,0
pretty_earthy,1,1,0
pretty_educated,1,1,0
exceptionally_economical,1,1,0
exceptionally_egregious,1,1,0
exceptionally_elegant,1,0,1
exceptionally_emotional,1,0,1
exceptionally_energetic,1,1,0
exceptionally_entrepreneurial,1,1,0
pretty_earnest,1,0,1
exceptionally_eye-catching,1,1,0
exceptionally_ergonomic,1,1,0
exceptionally_ethereal,1,0,1
exceptionally_excellent,1,1,0
exceptionally_exceptional,1,0,1
exceptionally_excited,1,1,0
exceptionally_exclusive,1,0,1
exceptionally_expert,1,1,0
exceptionally_cowardly,1,1,0
pretty_eventful,1,1,0
exceptionally_courteous,1,1,0
exceptionally_bloody,1,1,0
exceptionally_appetizing,1,1,0
exceptionally_argumentative,1,1,0
exceptionally_armed,1,1,0
exceptionally_articulate,1,1,0
exceptionally_artistic,1,1,0
exceptionally_athletic,1,1,0
pretty_figurative,1,1,0
pretty_fiery,1,1,0
exceptionally_average,1,1,0
pretty_fickle,1,1,0
pretty_festive,1,1,0
pretty_feral,1,1,0
pretty_feminist,1,1,0
exceptionally_awkward,1,1,0
exceptionally_badass,1,1,0
exceptionally_bare,1,1,0
exceptionally_beneficial,1,1,0
pretty_fitting,1,1,0
pretty_flabbergasted,1,1,0
pretty_flagrant,1,1,0
pretty_focused,1,1,0
pretty_formative,1,1,0
exceptionally_abstract,1,1,0
exceptionally_accurate,1,1,0
exceptionally_acute,1,1,0
pretty_forceful,1,1,0
pretty_foolproof,1,1,0
exceptionally_adaptable,1,1,0
exceptionally_advantaged,1,1,0
pretty_flammable,1,1,0
exceptionally_aggravating,1,1,0
pretty_floral,1,1,0
exceptionally_agitated,1,1,0
exceptionally_amusing,1,1,0
pretty_flavorful,1,1,0
exceptionally_anti-social,1,1,0
exceptionally_appealing,1,0,1
exceptionally_better,1,1,0
exceptionally_boring,1,1,0
exceptionally_correct,1,1,0
exceptionally_british,1,0,1
exceptionally_clueless,1,1,0
pretty_extravagant,1,1,0
exceptionally_coarse,1,1,0
pretty_exquisite,1,1,0
pretty_expressive,1,1,0
pretty_explosive,1,0,1
exceptionally_colorful,1,1,0
exceptionally_colourful,1,1,0
exceptionally_compelling,1,0,1
exceptionally_competent,1,1,0
pretty_expendable,1,1,0
exceptionally_concerned,1,0,1
exceptionally_connected,1,1,0
exceptionally_conservative,1,1,0
exceptionally_convincing,1,1,0
exceptionally_cool,1,1,0
exceptionally_cordial,1,1,0
exceptionally_chilly,1,1,0
exceptionally_chill,1,1,0
pretty_eye-popping,1,1,0
exceptionally_cancerous,1,1,0
pretty_farfetched,1,1,0
pretty_farcical,1,1,0
pretty_far-reaching,1,1,0
pretty_far-flung,1,1,0
exceptionally_brittle,1,1,0
exceptionally_bulky,1,1,0
exceptionally_calm,1,1,0
exceptionally_careful,1,1,0
pretty_fab,1,1,0
exceptionally_careless,1,1,0
pretty_fallible,1,1,0
pretty_fake,1,1,0
exceptionally_charismatic,1,1,0
exceptionally_cheeky,1,0,1
pretty_facile,1,1,0
exceptionally_cheerful,1,1,0
pretty_distressing,1,1,0
exceptionally_grateful,1,1,0
exceptionally_gratifying,1,0,1
exceptionally_resilient,1,1,0
exceptionally_provocative,1,1,0
exceptionally_psychic,1,1,0
exceptionally_quick,1,1,0
pretty_cost-effective,1,1,0
exceptionally_quotable,1,1,0
pretty_corrupt,1,1,0
exceptionally_radical,1,1,0
exceptionally_raw,1,0,1
exceptionally_reckless,1,1,0
exceptionally_recognisable,1,1,0
exceptionally_recognizable,1,1,0
exceptionally_refreshing,1,1,0
exceptionally_regal,1,1,0
exceptionally_regular,1,0,1
exceptionally_relaxed,1,1,0
exceptionally_relevant,1,1,0
pretty_controlled,1,1,0
pretty_courageous,1,1,0
pretty_courteous,1,1,0
pretty_coy,1,1,0
exceptionally_pious,1,1,0
exceptionally_perceptive,1,1,0
pretty_cryptic,1,1,0
pretty_crunchy,1,1,0
pretty_crumbly,1,1,0
exceptionally_perilous,1,1,0
exceptionally_picturesque,1,1,0
pretty_crooked,1,1,0
pretty_crispy,1,1,0
exceptionally_protective,1,1,0
exceptionally_pointless,1,0,1
exceptionally_political,1,1,0
exceptionally_possessive,1,1,0
pretty_crass,1,1,0
exceptionally_precise,1,1,0
exceptionally_productive,1,1,0
exceptionally_prolific,1,1,0
exceptionally_reprehensible,1,1,0
pretty_contented,1,1,0
exceptionally_partisan,1,1,0
pretty_contemporary,1,0,1
exceptionally_seedy,1,0,1
exceptionally_self-aware,1,1,0
exceptionally_sensational,1,0,1
exceptionally_sensitive,1,1,0
exceptionally_separate,1,0,1
exceptionally_several,1,1,0
exceptionally_severe,1,1,0
exceptionally_sharp,1,1,0
pretty_commercial,1,0,1
pretty_commendable,1,0,1
exceptionally_significant,1,0,1
pretty_comic,1,1,0
exceptionally_skillful,1,1,0
exceptionally_skinny,1,1,0
pretty_comedic,1,1,0
pretty_colourful,1,1,0
exceptionally_soft,1,1,0
exceptionally_seductive,1,1,0
exceptionally_secure,1,0,1
exceptionally_secondary,1,1,0
exceptionally_rewarding,1,1,0
pretty_contagious,1,1,0
pretty_consuming,1,1,0
pretty_constructive,1,1,0
exceptionally_resourceful,1,1,0
exceptionally_respectable,1,0,1
exceptionally_restrictive,1,1,0
exceptionally_revealing,1,1,0
exceptionally_risky,1,1,0
pretty_comprehensible,1,1,0
exceptionally_robotic,1,1,0
pretty_conflicting,1,1,0
exceptionally_roomy,1,1,0
pretty_condescending,1,1,0
exceptionally_ruthless,1,1,0
exceptionally_safe,1,1,0
exceptionally_satisfied,1,1,0
exceptionally_patient,1,1,0
exceptionally_paramount,1,1,0
pretty_distasteful,1,0,1
exceptionally_loud,1,1,0
exceptionally_jealous,1,1,0
exceptionally_keen,1,1,0
pretty_diplomatic,1,1,0
exceptionally_key,1,1,0
exceptionally_laborious,1,1,0
pretty_digestible,1,0,1
exceptionally_lame,1,1,0
exceptionally_lengthy,1,1,0
pretty_devout,1,1,0
pretty_devoted,1,1,0
pretty_devoid,1,1,0
pretty_devious,1,1,0
exceptionally_light,1,0,1
pretty_detrimental,1,1,0
exceptionally_lonely,1,1,0
exceptionally_long-lived,1,1,0
pretty_despondent,1,1,0
exceptionally_irritating,1,1,0
exceptionally_invasive,1,1,0
exceptionally_intriguing,1,0,1
exceptionally_huge,1,1,0
exceptionally_high-quality,1,1,0
pretty_disposable,1,1,0
exceptionally_honest,1,1,0
pretty_disorganized,1,1,0
exceptionally_hoppy,1,0,1
pretty_disjointed,1,1,0
pretty_disinterested,1,1,0
exceptionally_human,1,0,1
exceptionally_intellectual,1,1,0
exceptionally_idiotic,1,1,0
exceptionally_incredible,1,1,0
exceptionally_informative,1,1,0
exceptionally_innovative,1,1,0
pretty_disgraceful,1,1,0
pretty_discretionary,1,1,0
pretty_disciplined,1,1,0
exceptionally_loopy,1,1,0
pretty_desirable,1,1,0
pretty_curvy,1,1,0
exceptionally_loyal,1,1,0
exceptionally_noteworthy,1,0,1
exceptionally_obese,1,1,0
exceptionally_objective,1,1,0
exceptionally_odd,1,0,1
exceptionally_old,1,0,1
exceptionally_opaque,1,1,0
exceptionally_open,1,1,0
exceptionally_open-minded,1,1,0
exceptionally_oppressive,1,1,0
exceptionally_outdated,1,1,0
exceptionally_outgoing,1,1,0
pretty_damaging,1,1,0
pretty_daft,1,0,1
exceptionally_outspoken,1,1,0
exceptionally_overweight,1,1,0
exceptionally_pale,1,1,0
pretty_custom,1,1,0
exceptionally_noisy,1,1,0
exceptionally_nimble,1,1,0
exceptionally_newsworthy,1,1,0
exceptionally_mediocre,1,1,0
pretty_derogatory,1,1,0
exceptionally_luscious,1,0,1
exceptionally_luxurious,1,1,0
exceptionally_magic,1,1,0
pretty_deplorable,1,1,0
pretty_dependent,1,1,0
exceptionally_meaningful,1,0,1
exceptionally_mesmerizing,1,0,1
pretty_decorative,1,1,0
exceptionally_mobile,1,1,0
exceptionally_muddy,1,1,0
pretty_dehydrated,1,1,0
pretty_deft,1,1,0
exceptionally_mundane,1,0,1
pretty_defensive,1,1,0
pretty_defensible,1,1,0
pretty_formidable,1,0,1
exceedingly_wrong,1,0,1
exceedingly_wonderful,1,1,0
exceedingly_grand,1,1,0
exceedingly_extreme,1,1,0
exceedingly_fair,1,1,0
pretty_instructive,1,1,0
pretty_instant,1,0,1
exceedingly_fantastic,1,1,0
pretty_inspired,1,1,0
pretty_inspirational,1,1,0
exceedingly_fascinating,1,0,1
exceedingly_fast,1,1,0
exceedingly_favorable,1,1,0
exceedingly_fond,1,1,0
exceedingly_foolhardy,1,0,1
exceedingly_foolish,1,1,0
exceedingly_forgetful,1,1,0
exceedingly_gloomy,1,1,0
exceedingly_gorgeous,1,1,0
exceedingly_gracious,1,1,0
pretty_intact,1,1,0
exceedingly_exciting,1,1,0
pretty_intellectual,1,1,0
exceedingly_dry,1,1,0
exceedingly_disappointing,1,1,0
exceedingly_discouraging,1,1,0
pretty_invincible,1,1,0
exceedingly_disturbing,1,1,0
exceedingly_dominant,1,1,0
exceedingly_doubtful,1,1,0
exceedingly_dour,1,1,0
exceedingly_dull,1,1,0
exceedingly_exact,1,1,0
pretty_intolerant,1,1,0
exceedingly_durable,1,1,0
pretty_international,1,1,0
pretty_intermittent,1,1,0
exceedingly_elaborate,1,1,0
pretty_intentional,1,1,0
pretty_intensive,1,1,0
pretty_infuriating,1,1,0
exceedingly_gratifying,1,0,1
exceedingly_diplomatic,1,1,0
exceedingly_handsome,1,1,0
pretty_indecent,1,1,0
pretty_incremental,1,1,0
pretty_incredulous,1,1,0
exceedingly_impressed,1,1,0
exceedingly_inconvenient,1,1,0
exceedingly_indirect,1,1,0
exceedingly_inexpensive,1,1,0
exceedingly_insensitive,1,1,0
pretty_inconclusive,1,1,0
pretty_incomprehensible,1,1,0
pretty_incompetent,1,1,0
pretty_incoherent,1,1,0
exceedingly_insightful,1,1,0
pretty_inappropriate,1,0,1
exceedingly_instructive,1,1,0
exceedingly_intricate,1,1,0
pretty_improbable,1,1,0
exceedingly_implausible,1,1,0
exceedingly_hurtful,1,1,0
exceedingly_humorous,1,0,1
exceedingly_honest,1,1,0
pretty_inflammatory,1,1,0
pretty_infectious,1,1,0
pretty_infamous,1,1,0
exceedingly_hazardous,1,1,0
exceedingly_heartfelt,1,0,1
exceedingly_heavy,1,1,0
pretty_inescapable,1,1,0
pretty_ineffectual,1,1,0
pretty_indie,1,1,0
exceedingly_horrible,1,0,1
pretty_industrial,1,1,0
pretty_individualized,1,1,0
pretty_individualistic,1,1,0
exceedingly_hospitable,1,1,0
pretty_indistinguishable,1,1,0
exceedingly_hot,1,1,0
exceedingly_direct,1,1,0
exceedingly_dim,1,1,0
exceedingly_jovial,1,1,0
exceedingly_clean,1,1,0
exceedingly_brief,1,1,0
pretty_lofty,1,1,0
exceedingly_brilliant,1,1,0
pretty_loathsome,1,1,0
pretty_live,1,1,0
exceedingly_bullish,1,1,0
pretty_literate,1,1,0
exceedingly_busy,1,1,0
exceedingly_capable,1,1,0
pretty_listenable,1,1,0
exceedingly_careful,1,1,0
exceedingly_certain,1,1,0
exceedingly_characteristic,1,0,1
exceedingly_charming,1,1,0
exceedingly_chic,1,1,0
exceedingly_chill,1,1,0
exceedingly_chronic,1,1,0
exceedingly_bleak,1,1,0
exceedingly_bizarre,1,1,0
exceedingly_big,1,0,1
exceedingly_astonished,1,1,0
exceedingly_anachronistic,1,1,0
pretty_macho,1,1,0
pretty_macabre,1,1,0
exceedingly_appealing,1,1,0
exceedingly_appreciative,1,1,0
exceedingly_appropriate,1,1,0
exceedingly_arduous,1,1,0
pretty_lucid,1,1,0
exceedingly_believable,1,0,1
pretty_loyal,1,1,0
pretty_lowest,1,1,0
pretty_low-tech,1,1,0
exceedingly_austere,1,1,0
pretty_lovely,1,1,0
pretty_lovable,1,1,0
exceedingly_awkward,1,0,1
exceedingly_civil,1,1,0
pretty_less,1,1,0
pretty_irregular,1,1,0
exceedingly_close,1,1,0
pretty_knowledgable,1,1,0
exceedingly_cordial,1,1,0
exceedingly_critical,1,1,0
exceedingly_crucial,1,1,0
pretty_junior,1,0,1
exceedingly_cunning,1,1,0
pretty_judicious,1,1,0
exceedingly_damaging,1,1,0
pretty_jubilant,1,1,0
exceedingly_deadly,1,1,0
pretty_japanese,1,1,0
pretty_jam-packed,1,1,0
pretty_itchy,1,1,0
exceedingly_desirable,1,1,0
pretty_irreverent,1,1,0
pretty_irresistible,1,0,1
exceedingly_diligent,1,1,0
pretty_laborious,1,1,0
exceedingly_convoluted,1,1,0
pretty_lacklustre,1,1,0
exceedingly_commonplace,1,0,1
exceedingly_coarse,1,1,0
pretty_legitimate,1,1,0
exceedingly_comforting,1,0,1
pretty_legendary,1,0,1
pretty_legal,1,1,0
pretty_left-wing,1,1,0
pretty_left-leaning,1,1,0
exceedingly_complicated,1,1,0
exceedingly_contemporary,1,1,0
exceedingly_concerned,1,1,0
exceedingly_conducive,1,0,1
pretty_laudable,1,1,0
exceedingly_confident,1,1,0
pretty_large-scale,1,1,0
exceedingly_confusing,1,1,0
exceedingly_considerable,1,0,1
exceedingly_jealous,1,1,0
exceedingly_lame,1,0,1
exceedingly_wicked,1,1,0
pretty_gracious,1,1,0
pretty_grueling,1,1,0
pretty_groundbreaking,1,0,1
exceedingly_silly,1,0,1
exceedingly_smelly,1,1,0
exceedingly_smooth,1,1,0
pretty_gripping,1,1,0
exceedingly_somber,1,1,0
exceedingly_spacious,1,1,0
exceedingly_specific,1,1,0
exceedingly_spoilt,1,1,0
pretty_grave,1,1,0
exceedingly_stubborn,1,1,0
exceedingly_stunning,1,1,0
exceedingly_sturdy,1,1,0
pretty_grandiose,1,1,0
exceedingly_successful,1,1,0
exceedingly_supple,1,1,0
exceedingly_shy,1,1,0
exceedingly_short-sighted,1,1,0
pretty_guilty,1,1,0
exceedingly_reasonable,1,1,0
pretty_heartening,1,1,0
exceedingly_quaint,1,1,0
pretty_heartbreaking,1,1,0
exceedingly_random,1,1,0
exceedingly_rapid,1,1,0
exceedingly_raw,1,1,0
exceedingly_realistic,1,1,0
exceedingly_reassuring,1,1,0
exceedingly_serious,1,1,0
exceedingly_reliant,1,1,0
exceedingly_religious,1,1,0
exceedingly_risky,1,0,1
exceedingly_rude,1,1,0
exceedingly_sacred,1,0,1
exceedingly_satisfying,1,1,0
exceedingly_scarce,1,1,0
pretty_gradual,1,1,0
pretty_gory,1,1,0
exceedingly_prosperous,1,1,0
exceedingly_susceptible,1,0,1
pretty_furious,1,1,0
exceedingly_uncommon,1,1,0
exceedingly_unequal,1,1,0
exceedingly_unnatural,1,0,1
exceedingly_unreasonable,1,1,0
exceedingly_unresponsive,1,1,0
exceedingly_vast,1,1,0
exceedingly_viable,1,1,0
pretty_frightened,1,1,0
exceedingly_virtuous,1,1,0
pretty_french,1,1,0
exceedingly_warm,1,1,0
pretty_freakin,1,1,0
exceedingly_weak,1,1,0
exceedingly_welcome,1,1,0
exceedingly_welcoming,1,1,0
exceedingly_whimsical,1,0,1
exceedingly_unattractive,1,1,0
pretty_future,1,1,0
exceedingly_typical,1,1,0
exceedingly_tired,1,1,0
exceedingly_suspicious,1,1,0
exceedingly_tall,1,1,0
exceedingly_thin,1,1,0
pretty_gloomy,1,1,0
pretty_glaring,1,1,0
exceedingly_threatening,1,1,0
exceedingly_tight,1,1,0
exceedingly_tiresome,1,1,0
pretty_garish,1,1,0
pretty_ghastly,1,1,0
pretty_genuine,1,1,0
exceedingly_toxic,1,1,0
exceedingly_traumatic,1,1,0
exceedingly_treacherous,1,1,0
exceedingly_trivial,1,1,0
pretty_geeky,1,1,0
exceedingly_protestant,1,1,0
pretty_hearty,1,1,0
exceedingly_lax,1,1,0
exceedingly_misleading,1,1,0
pretty_idle,1,1,0
pretty_idiotic,1,0,1
pretty_idiosyncratic,1,1,0
pretty_identical,1,1,0
pretty_ideal,1,1,0
exceedingly_loving,1,1,0
exceedingly_loyal,1,1,0
pretty_hysterical,1,1,0
exceedingly_lumpy,1,1,0
exceedingly_lurid,1,0,1
pretty_hyper,1,1,0
exceedingly_masculine,1,0,1
exceedingly_mellow,1,0,1
pretty_hurt,1,1,0
exceedingly_menial,1,1,0
exceedingly_minor,1,1,0
exceedingly_mischievous,1,1,0
exceedingly_lovely,1,1,0
exceedingly_loud,1,1,0
exceedingly_long,1,1,0
pretty_immersive,1,0,1
pretty_imperfect,1,1,0
exceedingly_lengthy,1,1,0
pretty_impassioned,1,1,0
pretty_impartial,1,1,0
pretty_impactful,1,0,1
pretty_immutable,1,0,1
exceedingly_light,1,1,0
pretty_immediate,1,1,0
pretty_illegal,1,1,0
exceedingly_literal,1,1,0
pretty_immaculate,1,1,0
exceedingly_little,1,1,0
pretty_imaginary,1,1,0
pretty_illuminating,1,0,1
pretty_illiquid,1,1,0
pretty_illegible,1,1,0
exceedingly_miserable,1,1,0
exceedingly_modest,1,1,0
exceedingly_proper,1,1,0
pretty_humane,1,1,0
pretty_homely,1,1,0
exceedingly_personal,1,1,0
pretty_historical,1,1,0
exceedingly_phony,1,1,0
pretty_hilly,1,1,0
exceedingly_pleased,1,1,0
pretty_higher,1,1,0
exceedingly_pleasing,1,0,1
pretty_heterosexual,1,1,0
exceedingly_positive,1,0,1
exceedingly_pragmatic,1,1,0
exceedingly_predictable,1,1,0
exceedingly_preliminary,1,1,0
exceedingly_presumptuous,1,1,0
exceedingly_problematic,1,1,0
exceedingly_prominent,1,1,0
pretty_heavenly,1,0,1
pretty_homesick,1,1,0
pretty_homogeneous,1,1,0
pretty_homogenous,1,1,0
exceedingly_new,1,0,1
pretty_human,1,0,1
exceedingly_mystical,1,0,1
pretty_hued,1,1,0
exceedingly_naive,1,1,0
exceedingly_needy,1,1,0
pretty_hospitable,1,1,0
exceedingly_neutral,1,1,0
exceedingly_nutritious,1,1,0
exceedingly_passionate,1,1,0
exceedingly_old,1,1,0
exceedingly_one-dimensional,1,1,0
exceedingly_optimistic,1,1,0
exceedingly_overjoyed,1,1,0
pretty_horizontal,1,1,0
exceedingly_overused,1,1,0
exceedingly_paranoid,1,1,0
exceptionally_solid,1,1,0
exceptionally_spacious,1,1,0
even_miniscule,1,1,0
preferably_american,1,1,0
predominately_sour,1,0,1
predominately_shiite,1,1,0
predominately_sexual,1,0,1
predominately_rural,1,1,0
predominately_republican,1,1,0
predominately_red,1,1,0
predominately_poor,1,1,0
predominately_personal,1,1,0
predominately_palestinian,1,1,0
predominately_pagan,1,1,0
predominately_online,1,1,0
predominately_negative,1,0,1
predominately_feminine,1,1,0
predominately_democratic,1,1,0
predominately_concerned,1,1,0
excessively_moderate,1,1,0
excessively_modern,1,0,1
preferably_able,1,1,0
preferably_articulate,1,0,1
exceptionally_specific,1,0,1
preferably_avoidable,1,1,0
excessively_lucky,1,1,0
preferably_full,1,0,1
excessively_maddening,1,1,0
preferably_free,1,0,1
preferably_female,1,0,1
preferably_exciting,1,0,1
preferably_exceptional,1,1,0
preferably_distant,1,0,1
preferably_deeper,1,1,0
excessively_magnetic,1,1,0
preferably_correct,1,1,0
excessively_manipulative,1,1,0
preferably_close,1,0,1
excessively_massive,1,1,0
preferably_blue,1,1,0
preferably_bilingual,1,1,0
excessively_materialistic,1,1,0
predominately_blue,1,1,0
excessively_modest,1,1,0
predominantly_yellow,1,1,0
predominantly_visual,1,1,0
excessively_naive,1,1,0
predominantly_political,1,1,0
predominantly_plastic,1,1,0
predominantly_pink,1,1,0
predominantly_personal,1,1,0
predominantly_perpendicular,1,1,0
predominantly_painless,1,1,0
excessively_narrow,1,1,0
predominantly_motionless,1,1,0
predominantly_mental,1,1,0
excessively_naughty,1,1,0
predominantly_low-income,1,1,0
predominantly_local,1,1,0
predominantly_light,1,1,0
predominantly_interested,1,1,0
predominantly_instrumental,1,1,0
predominantly_indigenous,1,1,0
predominantly_popular,1,1,0
predominantly_positive,1,1,0
predominantly_practical,1,1,0
predominantly_sour,1,1,0
predominantly_visible,1,1,0
excessively_moody,1,1,0
predominantly_symbolic,1,1,0
predominantly_sweet,1,1,0
predominantly_sure,1,1,0
excessively_muddy,1,1,0
predominantly_spanish,1,1,0
predominantly_solid,1,1,0
predominantly_preventable,1,1,0
predominantly_similar,1,1,0
excessively_muscular,1,1,0
predominantly_romantic,1,1,0
predominantly_republican,1,1,0
predominantly_religious,1,1,0
excessively_mushy,1,1,0
predominantly_racial,1,1,0
preferably_greater,1,1,0
preferably_harder,1,0,1
preferably_healthy,1,0,1
prematurely_unemployed,1,1,0
presently_enduring,1,1,0
presently_endangered,1,1,0
presently_eager,1,1,0
presently_cold,1,1,0
presently_close,1,1,0
excessively_irritable,1,1,0
presently_alive,1,1,0
presently_advanced,1,1,0
excessively_jealous,1,1,0
preposterously_unlikely,1,1,0
preposterously_offensive,1,1,0
preposterously_large,1,0,1
preposterously_good,1,1,0
preposterously_gaudy,1,1,0
preposterously_funny,1,1,0
preposterously_esoteric,1,1,0
preposterously_dumb,1,0,1
presently_familiar,1,0,1
presently_fraudulent,1,1,0
presently_harmless,1,0,1
presently_powerful,1,0,1
presently_stuck,1,1,0
presently_strong,1,1,0
presently_robust,1,1,0
presently_ready,1,1,0
presently_probable,1,1,0
presently_pregnant,1,1,0
presently_predictable,1,1,0
presently_ongoing,1,1,0
presently_ill,1,1,0
presently_obese,1,1,0
presently_likely,1,1,0
presently_last,1,1,0
presently_lacking,1,1,0
presently_invalid,1,1,0
presently_important,1,1,0
presently_imperfect,1,1,0
preposterously_banal,1,1,0
prematurely_redundant,1,1,0
preferably_higher,1,1,0
excessively_judgmental,1,1,0
preferably_third,1,1,0
preferably_thicker,1,1,0
preferably_tasty,1,0,1
preferably_smaller,1,1,0
preferably_slower,1,1,0
excessively_lenient,1,1,0
preferably_salty,1,0,1
preferably_provincial,1,1,0
preferably_original,1,1,0
excessively_lovely,1,1,0
preferably_nerdy,1,0,1
preferably_neat,1,0,1
excessively_loyal,1,1,0
preferably_many,1,1,0
preferably_local,1,0,1
preferably_less,1,1,0
preferably_homemade,1,1,0
preferably_tricky,1,1,0
preferably_true,1,0,1
excessively_lengthy,1,1,0
prematurely_bald,1,1,0
prematurely_nostalgic,1,1,0
prematurely_grey,1,1,0
excessively_keen,1,1,0
excessively_lame,1,1,0
prematurely_excited,1,1,0
prematurely_dismissive,1,1,0
excessively_late,1,1,0
prematurely_ambitious,1,1,0
preferably_warmer,1,1,0
excessively_lavish,1,1,0
preferably_younger,1,0,1
preferably_young,1,1,0
preferably_worst,1,1,0
preferably_wooden,1,1,0
preferably_weekly,1,1,0
preferably_waterproof,1,1,0
predominantly_humanoid,1,1,0
excessively_neurotic,1,1,0
predominantly_hindu,1,1,0
excessively_privileged,1,1,0
precisely_sexual,1,1,0
precisely_sane,1,1,0
precisely_sad,1,1,0
precisely_right,1,1,0
precisely_related,1,1,0
precisely_reflective,1,1,0
precisely_predictable,1,1,0
precisely_overhead,1,1,0
precisely_niche,1,0,1
precisely_masterful,1,1,0
precisely_linear,1,1,0
precisely_likely,1,1,0
precisely_interested,1,1,0
precisely_intense,1,1,0
precisely_geometric,1,0,1
precisely_formal,1,1,0
precisely_equivalent,1,1,0
excessively_precise,1,1,0
precisely_superficial,1,1,0
precisely_thin,1,1,0
predictably_cheesy,1,1,0
predictably_delicious,1,1,0
predictably_decent,1,1,0
predictably_dead,1,1,0
predictably_dark,1,1,0
predictably_cynical,1,1,0
predictably_cyclical,1,1,0
predictably_coy,1,1,0
predictably_bland,1,1,0
precisely_true,1,1,0
predictably_bizarre,1,1,0
predictably_bad,1,0,1
excessively_preachy,1,1,0
predictably_apparent,1,1,0
predictably_apocalyptic,1,1,0
precisely_wrong,1,1,0
precisely_unreliable,1,1,0
excessively_prescriptive,1,1,0
precisely_double,1,1,0
predictably_educational,1,1,0
precisely_dominant,1,1,0
practically_weightless,1,1,0
practically_visible,1,1,0
practically_viable,1,1,0
practically_vegetarian,1,1,0
practically_various,1,0,1
excessively_red,1,1,0
excessively_reflective,1,1,0
practically_usable,1,1,0
practically_unwatchable,1,1,0
practically_untouched,1,1,0
practically_untouchable,1,1,0
excessively_reliant,1,1,0
excessively_restless,1,1,0
practically_unreal,1,1,0
excessively_retarded,1,1,0
practically_unprecedented,1,1,0
excessively_romantic,1,1,0
practically_white,1,1,0
practically_willing,1,1,0
excessively_reckless,1,1,0
excessively_prone,1,1,0
excessively_professional,1,1,0
excessively_promiscuous,1,1,0
precisely_cool,1,1,0
precisely_conservative,1,1,0
precisely_complex,1,1,0
precisely_circular,1,1,0
precisely_awful,1,1,0
precariously_related,1,1,0
practically_worth,1,1,0
excessively_rabid,1,1,0
excessively_radical,1,1,0
precariously_dirty,1,1,0
excessively_rational,1,1,0
excessively_ready,1,1,0
practically_young,1,1,0
excessively_real,1,1,0
predictably_depressing,1,1,0
predictably_enthusiastic,1,1,0
predominantly_green,1,1,0
predictably_unhappy,1,1,0
excessively_partisan,1,1,0
predominantly_bearish,1,1,0
predominantly_asian,1,1,0
predominantly_angry,1,1,0
predominantly_african-american,1,1,0
excessively_picky,1,1,0
predictably_worse,1,1,0
predictably_wonderful,1,1,0
predictably_vindictive,1,1,0
predictably_useless,1,1,0
predictably_upset,1,1,0
predictably_unsatisfactory,1,1,0
predictably_unreliable,1,1,0
excessively_pious,1,1,0
predictably_unpopular,1,0,1
predictably_unknown,1,1,0
predictably_unimaginative,1,1,0
excessively_parochial,1,1,0
predominantly_buddhist,1,1,0
excessively_painful,1,1,0
predominantly_essential,1,0,1
predominantly_german,1,1,0
excessively_nice,1,1,0
predominantly_foreign,1,1,0
predominantly_feminist,1,1,0
excessively_normal,1,1,0
predominantly_experimental,1,1,0
predominantly_evil,1,1,0
predominantly_english,1,1,0
predominantly_caucasian,1,1,0
predominantly_emotional,1,1,0
predominantly_domestic,1,1,0
excessively_offensive,1,1,0
predominantly_decorative,1,1,0
predominantly_dark,1,1,0
predominantly_concerned,1,1,0
predominantly_comic,1,0,1
excessively_pleased,1,1,0
predictably_unexpected,1,1,0
predictably_excellent,1,1,0
predictably_true,1,0,1
predictably_linear,1,1,0
predictably_liberal,1,1,0
excessively_populist,1,1,0
predictably_interested,1,1,0
predictably_inactive,1,1,0
predictably_inaccurate,1,1,0
predictably_impossible,1,1,0
predictably_human,1,1,0
predictably_hostile,1,1,0
predictably_heroic,1,1,0
predictably_great,1,1,0
predictably_grainy,1,1,0
predictably_frustrating,1,1,0
predictably_fine,1,1,0
predictably_familiar,1,1,0
predictably_exhausting,1,1,0
predictably_excitable,1,1,0
predictably_loud,1,1,0
predictably_mechanical,1,1,0
predictably_murky,1,1,0
predictably_sexist,1,0,1
predictably_tragic,1,1,0
predictably_tiresome,1,1,0
predictably_terrible,1,1,0
predictably_strenuous,1,1,0
excessively_pointless,1,1,0
predictably_sickening,1,1,0
predictably_short,1,1,0
predictably_senseless,1,1,0
predictably_partisan,1,1,0
predictably_sad,1,1,0
predictably_rational,1,1,0
predictably_porous,1,1,0
predictably_pompous,1,1,0
excessively_political,1,1,0
predictably_pious,1,0,1
predictably_pathetic,1,1,0
presently_sympathetic,1,1,0
presently_unavailable,1,1,0
presently_unaware,1,1,0
pretty_atmospheric,1,1,0
excessively_chic,1,1,0
excessively_clever,1,1,0
excessively_cloudy,1,1,0
excessively_clumsy,1,1,0
pretty_awestruck,1,1,0
excessively_complicated,1,1,0
pretty_awe,1,1,0
excessively_conciliatory,1,1,0
pretty_avoidable,1,0,1
excessively_confused,1,1,0
excessively_conservative,1,1,0
excessively_controversial,1,1,0
pretty_atypical,1,1,0
pretty_attuned,1,1,0
excessively_correct,1,1,0
pretty_attentive,1,1,0
pretty_attainable,1,1,0
excessively_chatty,1,1,0
excessively_celebratory,1,1,0
pretty_barbaric,1,1,0
excessively_brief,1,1,0
excessively_bored,1,1,0
pretty_bittersweet,1,1,0
excessively_boring,1,1,0
pretty_binary,1,1,0
excessively_bossy,1,1,0
excessively_bouncy,1,1,0
pretty_bewildering,1,1,0
excessively_bright,1,1,0
excessively_careless,1,0,1
pretty_beneficial,1,1,0
excessively_bullish,1,1,0
excessively_bureaucratic,1,1,0
excessively_busy,1,1,0
excessively_capable,1,1,0
pretty_baseless,1,1,0
pretty_barren,1,1,0
pretty_atrocious,1,1,0
excessively_cranky,1,1,0
excessively_bitter,1,1,0
excessively_creative,1,1,0
excessively_dull,1,0,1
excessively_dusty,1,1,0
pretty_antsy,1,1,0
pretty_antisocial,1,1,0
pretty_antiquated,1,1,0
pretty_anticlimactic,1,1,0
excessively_elaborate,1,1,0
excessively_elegant,1,1,0
excessively_embarrassing,1,1,0
excessively_enthusiastic,1,0,1
excessively_erratic,1,1,0
excessively_essential,1,1,0
pretty_ancient,1,0,1
excessively_experimental,1,1,0
pretty_analogous,1,1,0
excessively_expert,1,1,0
pretty_amused,1,1,0
excessively_drowsy,1,1,0
excessively_dramatic,1,1,0
excessively_divisive,1,1,0
excessively_delicate,1,1,0
excessively_cumbersome,1,1,0
pretty_astonished,1,1,0
pretty_assertive,1,0,1
pretty_asinine,1,0,1
pretty_asian,1,1,0
excessively_dark,1,1,0
pretty_artistic,1,1,0
pretty_aromatic,1,1,0
excessively_disingenuous,1,1,0
pretty_arduous,1,1,0
pretty_ardent,1,1,0
excessively_demanding,1,1,0
excessively_dim,1,1,0
excessively_diplomatic,1,1,0
excessively_dire,1,1,0
excessively_discreet,1,1,0
excessively_bizarre,1,1,0
excessively_baggy,1,1,0
pretty_american,1,1,0
exceptionally_unobtrusive,1,1,0
exceptionally_thankful,1,1,0
exceptionally_thrilling,1,1,0
pretty_chic,1,1,0
exceptionally_tight,1,1,0
exceptionally_timid,1,1,0
pretty_cheeky,1,1,0
exceptionally_tiny,1,1,0
exceptionally_tired,1,1,0
pretty_chaste,1,1,0
exceptionally_touchy,1,1,0
exceptionally_tragic,1,1,0
exceptionally_transcendent,1,0,1
exceptionally_transparent,1,1,0
pretty_centrist,1,1,0
exceptionally_traumatic,1,0,1
exceptionally_ugly,1,0,1
exceptionally_uncommon,1,0,1
pretty_choppy,1,1,0
pretty_chubby,1,1,0
exceptionally_tense,1,1,0
exceptionally_stylish,1,0,1
exceptionally_spectacular,1,1,0
exceptionally_spiritual,1,1,0
exceptionally_stable,1,1,0
exceptionally_stormy,1,1,0
exceptionally_straightforward,1,1,0
pretty_clinical,1,1,0
exceptionally_strange,1,0,1
exceptionally_subjective,1,1,0
exceptionally_tame,1,1,0
exceptionally_subtle,1,1,0
pretty_classy,1,1,0
exceptionally_superb,1,1,0
pretty_civilised,1,1,0
exceptionally_susceptible,1,1,0
exceptionally_sympathetic,1,1,0
pretty_circuitous,1,1,0
exceptionally_uninformed,1,1,0
pretty_carefree,1,1,0
excessively_awkward,1,1,0
exceptionally_unpretentious,1,1,0
pretty_breathless,1,1,0
excessively_abstract,1,1,0
pretty_bossy,1,1,0
excessively_acidic,1,1,0
excessively_agonizing,1,1,0
pretty_booming,1,1,0
excessively_ambiguous,1,1,0
pretty_bombastic,1,0,1
excessively_anxious,1,1,0
pretty_bohemian,1,1,0
pretty_bogus,1,1,0
excessively_apologetic,1,1,0
pretty_blurred,1,1,0
excessively_attentive,1,1,0
excessively_aware,1,1,0
pretty_blind,1,1,0
pretty_blessed,1,1,0
exceptionally_young,1,1,0
exceptionally_wrong,1,1,0
exceptionally_worrisome,1,1,0
exceptionally_vibrant,1,1,0
exceptionally_unreliable,1,1,0
exceptionally_unsettling,1,1,0
pretty_canadian,1,1,0
exceptionally_unwise,1,0,1
pretty_calming,1,0,1
exceptionally_versatile,1,1,0
pretty_cagey,1,0,1
exceptionally_vivid,1,1,0
exceptionally_worried,1,1,0
pretty_buoyant,1,1,0
exceptionally_vulnerable,1,1,0
exceptionally_warm,1,1,0
exceptionally_white,1,0,1
pretty_broken,1,1,0
pretty_brittle,1,1,0
pretty_brisk,1,1,0
excessively_expressive,1,1,0
excessively_extensive,1,1,0
presently_underway,1,1,0
presumably_important,1,0,1
presumably_rare,1,0,1
presumably_private,1,1,0
presumably_prepared,1,1,0
presumably_other,1,0,1
presumably_older,1,1,0
presumably_new,1,1,0
presumably_naked,1,1,0
presumably_muslim,1,1,0
excessively_hyper,1,1,0
presumably_male,1,1,0
presumably_little,1,1,0
presumably_lighter,1,0,1
presumably_legal,1,1,0
presumably_jewish,1,0,1
presumably_israeli,1,0,1
presumably_irresponsible,1,0,1
presumably_intelligent,1,0,1
presumably_rational,1,1,0
presumably_ready,1,1,0
presumably_related,1,1,0
presumably_true,1,1,0
presumably_white,1,1,0
presumably_vulnerable,1,1,0
presumably_valuable,1,0,1
presumably_unnecessary,1,1,0
excessively_hungry,1,1,0
presumably_unintended,1,0,1
presumably_unfamiliar,1,1,0
presumably_threatening,1,1,0
presumably_safe,1,1,0
presumably_terrible,1,1,0
presumably_talented,1,1,0
presumably_sympathetic,1,0,1
presumably_stronger,1,0,1
presumably_straight,1,1,0
presumably_sober,1,0,1
presumably_set,1,1,0
presumably_innocent,1,1,0
presumably_idle,1,1,0
presumably_wrenching,1,1,0
presumably_hungover,1,1,0
presumably_bigger,1,1,0
excessively_important,1,1,0
presumably_awful,1,0,1
excessively_insidious,1,1,0
excessively_interested,1,1,0
presumably_alien,1,1,0
presumably_administrative,1,1,0
presumably_accidental,1,1,0
presently_wrong,1,0,1
presently_unwilling,1,1,0
presently_unseen,1,0,1
excessively_intricate,1,1,0
presently_uninsured,1,1,0
presently_unimaginable,1,0,1
presently_unhappy,1,1,0
presently_unfamiliar,1,1,0
presently_unemployed,1,1,0
presumably_bilingual,1,0,1
presumably_black,1,1,0
presumably_closer,1,0,1
excessively_ideological,1,1,0
presumably_healthy,1,1,0
presumably_harder,1,0,1
presumably_hard,1,1,0
presumably_habitable,1,1,0
presumably_greater,1,0,1
presumably_good,1,1,0
presumably_future,1,1,0
presumably_fatal,1,1,0
excessively_imperative,1,1,0
presumably_eternal,1,1,0
presumably_essential,1,1,0
presumably_easy,1,1,0
excessively_idiotic,1,1,0
presumably_dark,1,0,1
presumably_dangerous,1,1,0
presumably_crazy,1,0,1
presumably_worth,1,1,0
preternaturally_adept,1,0,1
excessively_extreme,1,1,0
excessively_grand,1,1,0
pretty_affluent,1,1,0
pretty_aesthetic,1,1,0
pretty_advisable,1,0,1
excessively_forceful,1,1,0
excessively_formal,1,1,0
excessively_frightening,1,1,0
excessively_frosty,1,1,0
pretty_admirable,1,1,0
excessively_garish,1,1,0
excessively_generic,1,0,1
excessively_gloomy,1,1,0
excessively_goofy,1,0,1
pretty_adaptable,1,1,0
excessively_gory,1,1,0
pretty_actual,1,1,0
excessively_grainy,1,1,0
pretty_acrobatic,1,1,0
excessively_flirty,1,1,0
excessively_flexible,1,1,0
pretty_aged,1,1,0
pretty_alarmed,1,1,0
excessively_exuberant,1,1,0
excessively_fancy,1,1,0
excessively_fantastical,1,1,0
excessively_fastidious,1,1,0
pretty_altruistic,1,1,0
pretty_alluring,1,1,0
pretty_alien,1,1,0
pretty_akin,1,0,1
pretty_aggravating,1,1,0
pretty_airtight,1,1,0
pretty_aimless,1,0,1
excessively_filthy,1,1,0
pretty_agonizing,1,1,0
pretty_agnostic,1,1,0
pretty_agitated,1,1,0
pretty_agile,1,1,0
pretty_achievable,1,1,0
excessively_grandiose,1,1,0
preternaturally_attractive,1,0,1
excessively_greasy,1,1,0
preternaturally_serene,1,0,1
preternaturally_serendipitous,1,1,0
preternaturally_sensitive,1,0,1
preternaturally_seductive,1,1,0
preternaturally_prescient,1,1,0
preternaturally_peaceful,1,1,0
preternaturally_nice,1,1,0
excessively_horrible,1,1,0
preternaturally_intelligent,1,1,0
preternaturally_healthy,1,1,0
preternaturally_grumpy,1,1,0
excessively_human,1,1,0
preternaturally_funny,1,1,0
excessively_humid,1,1,0
preternaturally_calm,1,1,0
preternaturally_benign,1,0,1
preternaturally_attuned,1,1,0
preternaturally_serious,1,1,0
preternaturally_sharp,1,1,0
preternaturally_shrewd,1,1,0
pretty_abrupt,1,1,0
pretty_acceptable,1,1,0
excessively_harmful,1,1,0
pretty_abusive,1,1,0
pretty_abundant,1,1,0
excessively_hopeful,1,1,0
pretty_absorbent,1,1,0
pretty_absent,1,1,0
pretty_abnormal,1,1,0
preternaturally_skilled,1,1,0
excessively_horny,1,1,0
pretty_abhorrent,1,0,1
preternaturally_wise,1,1,0
preternaturally_wary,1,1,0
preternaturally_talented,1,1,0
preternaturally_strong,1,1,0
preternaturally_solemn,1,1,0
pretty_maddening,1,0,1
pretty_magic,1,1,0
exceedingly_amusing,1,1,0
previously_unsolved,1,1,0
even_searchable,1,1,0
previously_unregulated,1,0,1
even_selective,1,1,0
previously_unreachable,1,1,0
even_self-conscious,1,1,0
previously_unprofitable,1,1,0
even_self-contained,1,1,0
even_self-evident,1,1,0
even_self-taught,1,1,0
previously_uninformed,1,1,0
previously_ungrateful,1,1,0
even_shabby,1,1,0
previously_unfeasible,1,0,1
previously_unfathomable,1,0,1
even_shameless,1,1,0
even_sheer,1,1,0
previously_unexplained,1,0,1
previously_unsatisfied,1,1,0
even_scant,1,1,0
exceedingly_altruistic,1,1,0
previously_untested,1,1,0
primarily_conceptual,1,1,0
primarily_buddhist,1,1,0
even_sanguine,1,1,0
primarily_big,1,1,0
primarily_available,1,1,0
primarily_altruistic,1,1,0
primarily_african-american,1,0,1
primarily_aesthetic,1,0,1
primarily_adult,1,1,0
primarily_acoustic,1,1,0
primarily_accessible,1,1,0
primarily_able,1,1,0
previously_worthwhile,1,1,0
previously_worthless,1,1,0
previously_weird,1,1,0
previously_urban,1,1,0
previously_untold,1,0,1
even_shiite,1,1,0
even_shiny,1,1,0
even_shitty,1,1,0
even_shortsighted,1,1,0
previously_reliable,1,1,0
previously_relaxed,1,1,0
previously_redeemable,1,0,1
previously_red,1,1,0
previously_ready,1,1,0
previously_quiet,1,0,1
previously_qualified,1,1,0
previously_pristine,1,1,0
previously_present,1,1,0
even_smelly,1,1,0
previously_permanent,1,0,1
previously_overweight,1,1,0
previously_overrated,1,1,0
previously_ordinary,1,1,0
previously_opaque,1,0,1
previously_offline,1,1,0
previously_obscure,1,1,0
previously_reluctant,1,0,1
even_slight,1,1,0
previously_serviceable,1,1,0
previously_unable,1,1,0
even_shrewd,1,1,0
previously_underappreciated,1,1,0
even_skillful,1,1,0
previously_unannounced,1,1,0
previously_unaffordable,1,1,0
previously_unaffected,1,0,1
even_sleek,1,1,0
previously_theoretical,1,0,1
previously_shy,1,0,1
previously_successful,1,1,0
previously_subordinate,1,1,0
previously_subjective,1,0,1
even_slick,1,1,0
previously_state-owned,1,1,0
previously_stable,1,0,1
previously_smart,1,1,0
even_sacrosanct,1,1,0
primarily_conducive,1,1,0
primarily_critical,1,1,0
primarily_military,1,1,0
primarily_proactive,1,1,0
primarily_pro-choice,1,1,0
primarily_pro-active,1,1,0
even_revealing,1,1,0
primarily_poor,1,1,0
primarily_political,1,1,0
even_reverent,1,1,0
primarily_pessimistic,1,1,0
primarily_personal,1,1,0
primarily_partisan,1,1,0
primarily_orthodox,1,1,0
primarily_organic,1,1,0
primarily_nominal,1,1,0
primarily_nocturnal,1,1,0
primarily_narrative,1,1,0
primarily_muslim,1,1,0
primarily_musical,1,1,0
primarily_professional,1,1,0
primarily_queer,1,1,0
primarily_random,1,1,0
primarily_sexual,1,1,0
primarily_theological,1,1,0
primarily_theatrical,1,1,0
primarily_subjective,1,1,0
primarily_structural,1,1,0
even_regulatory,1,1,0
even_relieved,1,1,0
primarily_significant,1,1,0
primarily_self-taught,1,1,0
primarily_raw,1,1,0
primarily_secure,1,1,0
primarily_scientific,1,1,0
primarily_scary,1,1,0
even_reproducible,1,1,0
primarily_remote,1,1,0
even_respected,1,1,0
primarily_regional,1,1,0
primarily_motivated,1,0,1
primarily_metaphorical,1,1,0
even_rugged,1,1,0
primarily_meditative,1,1,0
primarily_functional,1,1,0
primarily_fun,1,1,0
primarily_free,1,1,0
even_round,1,1,0
primarily_financial,1,1,0
primarily_fictitious,1,1,0
primarily_female,1,1,0
primarily_external,1,1,0
even_routine,1,1,0
primarily_european,1,1,0
primarily_euphoric,1,1,0
primarily_emotive,1,1,0
primarily_elderly,1,0,1
primarily_dramatic,1,1,0
primarily_desperate,1,1,0
primarily_defensive,1,1,0
primarily_decorative,1,1,0
primarily_genetic,1,1,0
primarily_grey,1,1,0
primarily_healthy,1,1,0
even_rosy,1,1,0
primarily_mechanical,1,1,0
even_risk-free,1,1,0
primarily_luxury,1,1,0
primarily_low,1,1,0
primarily_logical,1,1,0
primarily_intuitive,1,1,0
even_roman,1,1,0
primarily_instrumental,1,1,0
primarily_helpful,1,1,0
primarily_indirect,1,1,0
primarily_indifferent,1,1,0
primarily_indicative,1,0,1
primarily_indian,1,1,0
primarily_important,1,1,0
primarily_hyperactive,1,1,0
primarily_hispanic,1,1,0
previously_obese,1,0,1
previously_non-existent,1,1,0
previously_new,1,1,0
even_toasty,1,1,0
even_talkative,1,1,0
pretty_vertical,1,1,0
even_tame,1,1,0
pretty_verbatim,1,0,1
pretty_vehement,1,1,0
even_tangy,1,1,0
pretty_varied,1,1,0
pretty_variable,1,1,0
even_tannic,1,1,0
even_tantalizing,1,1,0
pretty_valid,1,1,0
pretty_vacant,1,1,0
pretty_usual,1,1,0
even_terrific,1,1,0
even_terse,1,1,0
pretty_uptight,1,1,0
even_thankless,1,1,0
pretty_virtual,1,1,0
even_swell,1,1,0
pretty_visual,1,1,0
even_subdued,1,1,0
even_stodgy,1,1,0
even_streamlined,1,1,0
even_strident,1,1,0
pretty_weighty,1,1,0
pretty_weary,1,1,0
pretty_wearable,1,1,0
even_stuffy,1,1,0
pretty_watery,1,1,0
even_suspenseful,1,1,0
pretty_waterproof,1,1,0
pretty_watchful,1,1,0
even_substandard,1,1,0
even_substantive,1,1,0
pretty_warped,1,1,0
even_super,1,1,0
pretty_vitriolic,1,1,0
even_thrifty,1,1,0
pretty_unusable,1,1,0
even_stiff,1,1,0
pretty_untouchable,1,1,0
even_unaccounted,1,1,0
even_unaffected,1,1,0
pretty_unmistakable,1,1,0
pretty_unlucky,1,1,0
even_unaffiliated,1,1,0
even_unaffordable,1,1,0
even_unambiguous,1,1,0
even_unassailable,1,1,0
pretty_unkind,1,1,0
pretty_uninteresting,1,1,0
even_unbiased,1,1,0
pretty_uninhabitable,1,1,0
pretty_uninformed,1,1,0
even_uncalled,1,1,0
pretty_unimpressed,1,1,0
pretty_unimaginative,1,1,0
pretty_unified,1,1,0
pretty_unplayable,1,1,0
even_tumultuous,1,1,0
pretty_unproductive,1,1,0
pretty_unscrupulous,1,1,0
pretty_untested,1,1,0
pretty_untapped,1,0,1
pretty_unsurprising,1,1,0
even_torturous,1,1,0
pretty_unsuccessful,1,1,0
pretty_unsettling,1,1,0
pretty_unseemly,1,1,0
even_touchy,1,1,0
pretty_unprotected,1,1,0
even_touristy,1,1,0
even_traceable,1,1,0
pretty_unrelated,1,0,1
even_transferable,1,1,0
pretty_unreal,1,0,1
pretty_unreadable,1,1,0
even_transformational,1,0,1
even_stinky,1,1,0
even_stern,1,1,0
previously_mysterious,1,0,1
previously_detailed,1,1,0
previously_important,1,1,0
even_solitary,1,1,0
previously_hidden,1,0,1
previously_hesitant,1,1,0
previously_helpful,1,0,1
even_sombre,1,1,0
previously_habitable,1,1,0
previously_greek,1,1,0
previously_foreign,1,0,1
previously_famous,1,1,0
even_sordid,1,1,0
previously_expired,1,1,0
previously_exempt,1,1,0
even_sorrowful,1,1,0
previously_evident,1,1,0
even_south,1,1,0
previously_dormant,1,0,1
even_sociable,1,1,0
even_so-called,1,1,0
even_sneaky,1,1,0
previously_lawful,1,0,1
previously_misunderstood,1,0,1
previously_manageable,1,1,0
previously_main,1,1,0
previously_loyal,1,1,0
previously_limited,1,0,1
previously_liable,1,1,0
previously_legal,1,0,1
previously_involved,1,0,1
previously_incapable,1,0,1
even_smoother,1,0,1
previously_intractable,1,1,0
previously_innocuous,1,0,1
previously_inexplicable,1,0,1
previously_inexperienced,1,1,0
even_snappy,1,1,0
previously_incompatible,1,1,0
previously_disparate,1,1,0
previously_derelict,1,1,0
even_stereotypical,1,1,0
previously_dependent,1,1,0
even_spot-on,1,1,0
pretty_younger,1,1,0
even_spotty,1,1,0
pretty_yellow,1,1,0
even_spry,1,1,0
pretty_wrinkled,1,1,0
even_spurious,1,1,0
pretty_wrenching,1,1,0
even_squishy,1,1,0
even_staid,1,1,0
pretty_worrisome,1,1,0
even_state-owned,1,1,0
pretty_wooden,1,1,0
even_stately,1,1,0
pretty_wondrous,1,0,1
pretty_wise,1,1,0
even_steamy,1,0,1
pretty_zany,1,1,0
previously_absent,1,1,0
previously_abstract,1,0,1
previously_best,1,1,0
previously_contrary,1,0,1
previously_contemptuous,1,0,1
previously_confidential,1,1,0
previously_concerned,1,0,1
previously_compulsory,1,1,0
previously_close,1,0,1
previously_catholic,1,1,0
even_spartan,1,1,0
even_spirited,1,1,0
even_specious,1,1,0
previously_alive,1,1,0
previously_alien,1,0,1
previously_afraid,1,1,0
previously_affluent,1,1,0
previously_adamant,1,1,0
previously_achievable,1,0,1
primarily_transactional,1,1,0
even_refreshing,1,1,0
even_redeemable,1,1,0
probably_homegrown,1,1,0
probably_inactive,1,1,0
even_open-minded,1,1,0
probably_imprecise,1,1,0
probably_impractical,1,1,0
even_operatic,1,0,1
even_opinionated,1,1,0
probably_impatient,1,1,0
even_opportune,1,1,0
probably_ignorant,1,1,0
probably_iffy,1,1,0
even_orwellian,1,1,0
even_ostentatious,1,1,0
probably_horrifying,1,1,0
probably_horrified,1,1,0
probably_horrific,1,0,1
probably_horrible,1,1,0
probably_horizontal,1,1,0
even_onerous,1,1,0
probably_incapable,1,1,0
probably_incompetent,1,1,0
probably_insane,1,1,0
probably_invincible,1,0,1
probably_international,1,0,1
probably_intermittent,1,1,0
even_obtuse,1,1,0
even_offbeat,1,1,0
probably_instinctive,1,1,0
probably_insignificant,1,1,0
even_offended,1,1,0
even_one-dimensional,1,1,0
even_old-school,1,1,0
even_omnipotent,1,1,0
probably_ineligible,1,1,0
probably_indispensable,1,1,0
even_omnipresent,1,1,0
probably_indicative,1,1,0
probably_incurable,1,1,0
probably_hopeless,1,1,0
probably_historical,1,1,0
probably_ironic,1,1,0
even_outspoken,1,1,0
even_parochial,1,1,0
probably_friendly,1,1,0
even_participatory,1,1,0
probably_fraudulent,1,1,0
probably_fortunate,1,1,0
probably_formulaic,1,0,1
probably_foolish,1,1,0
even_payable,1,1,0
probably_fictitious,1,1,0
probably_fewer,1,0,1
probably_few,1,1,0
probably_feasible,1,1,0
probably_fat,1,1,0
probably_faster,1,0,1
even_pedantic,1,1,0
even_pedestrian,1,1,0
probably_fake,1,1,0
probably_functional,1,1,0
probably_fundamental,1,0,1
probably_funnier,1,1,0
even_overpriced,1,1,0
even_overblown,1,1,0
even_overcooked,1,1,0
probably_healthier,1,1,0
probably_harmful,1,1,0
even_overhead,1,1,0
even_overjoyed,1,1,0
even_overkill,1,1,0
probably_groggy,1,1,0
even_palestinian,1,1,0
probably_grey,1,1,0
probably_greater,1,0,1
even_oversized,1,1,0
probably_grateful,1,1,0
even_oversold,1,1,0
probably_genuine,1,1,0
probably_generous,1,1,0
probably_irish,1,1,0
probably_irreconcilable,1,1,0
probably_faint,1,1,0
probably_nonsense,1,1,0
probably_passionate,1,1,0
even_morose,1,1,0
probably_overrated,1,1,0
even_mortal,1,1,0
even_motionless,1,1,0
probably_overblown,1,1,0
probably_over,1,1,0
probably_outraged,1,1,0
probably_outdated,1,1,0
probably_original,1,1,0
probably_open,1,1,0
even_multicultural,1,1,0
even_multifaceted,1,1,0
even_mute,1,1,0
probably_offline,1,1,0
probably_obvious,1,1,0
probably_obnoxious,1,1,0
probably_pathetic,1,0,1
even_moronic,1,1,0
probably_permissible,1,1,0
probably_prepared,1,1,0
probably_promiscuous,1,1,0
probably_proficient,1,1,0
probably_professional,1,1,0
probably_pro-choice,1,1,0
probably_primitive,1,1,0
probably_preventable,1,1,0
even_misinformed,1,1,0
probably_premature,1,1,0
probably_picky,1,1,0
probably_pregnant,1,1,0
probably_practical,1,1,0
even_modular,1,1,0
probably_positive,1,1,0
even_momentous,1,1,0
probably_political,1,1,0
probably_pointless,1,1,0
probably_normal,1,1,0
probably_non-existent,1,1,0
even_obedient,1,1,0
even_muted,1,1,0
probably_lovely,1,1,0
probably_lousy,1,1,0
probably_lonely,1,1,0
probably_little,1,1,0
probably_lesser,1,1,0
even_north,1,1,0
even_northern,1,1,0
probably_lawful,1,1,0
probably_late,1,1,0
probably_large,1,1,0
probably_knowledgeable,1,1,0
probably_kinder,1,1,0
probably_keen,1,1,0
probably_japanese,1,0,1
probably_irritating,1,1,0
probably_irritated,1,1,0
probably_irreplaceable,1,1,0
even_nondescript,1,1,0
even_non-violent,1,1,0
probably_lukewarm,1,1,0
probably_multiple,1,0,1
probably_next,1,1,0
even_mythic,1,1,0
probably_negligible,1,1,0
even_nascent,1,1,0
probably_natural,1,1,0
probably_narcissistic,1,1,0
probably_muslim,1,1,0
probably_much,1,1,0
even_non-stop,1,1,0
probably_modest,1,1,0
probably_misleading,1,1,0
probably_miserable,1,1,0
probably_minimal,1,1,0
even_niche,1,1,0
probably_marketable,1,1,0
probably_magical,1,0,1
even_penetrating,1,1,0
even_perceptive,1,1,0
primarily_young,1,1,0
privately_pleased,1,1,0
even_punishable,1,1,0
even_puzzled,1,1,0
probably_academic,1,1,0
probably_abusive,1,1,0
even_quantifiable,1,1,0
privately_willing,1,1,0
privately_wasteful,1,1,0
privately_vain,1,1,0
privately_upset,1,1,0
privately_uneasy,1,1,0
privately_uncomfortable,1,1,0
privately_uncertain,1,1,0
privately_supportive,1,1,0
privately_substantive,1,1,0
privately_sceptical,1,1,0
privately_scared,1,1,0
privately_receptive,1,1,0
probably_actionable,1,1,0
probably_adventurous,1,1,0
probably_alive,1,1,0
probably_askew,1,1,0
probably_awesome,1,1,0
even_prolonged,1,1,0
even_prominent,1,1,0
even_promotional,1,1,0
probably_automatic,1,1,0
probably_atypical,1,1,0
probably_atheist,1,1,0
probably_applicable,1,1,0
probably_amazed,1,1,0
even_prosaic,1,1,0
probably_annoying,1,1,0
probably_annoyed,1,1,0
even_protectionist,1,1,0
probably_ancient,1,1,0
probably_american,1,1,0
probably_ambiguous,1,1,0
privately_realistic,1,1,0
privately_own,1,1,0
probably_beneficial,1,1,0
privately_optimal,1,1,0
even_reclusive,1,1,0
principally_worthy,1,0,1
principally_white,1,1,0
principally_unconscious,1,1,0
principally_true,1,1,0
even_recognisable,1,1,0
principally_new,1,0,1
principally_muslim,1,1,0
principally_motivational,1,1,0
principally_mental,1,1,0
principally_literary,1,1,0
even_recommendable,1,1,0
principally_economic,1,1,0
principally_concerned,1,1,0
principally_classical,1,1,0
principally_active,1,1,0
primarily_youthful,1,1,0
even_raucous,1,1,0
privately_afraid,1,1,0
privately_angry,1,1,0
even_ragged,1,1,0
privately_nervous,1,1,0
privately_meaningful,1,0,1
privately_livid,1,1,0
privately_liberal,1,1,0
privately_indifferent,1,1,0
privately_happy,1,1,0
privately_generous,1,1,0
privately_frustrated,1,1,0
privately_anti-semitic,1,1,0
privately_excited,1,1,0
privately_enough,1,1,0
even_rampant,1,1,0
privately_concerned,1,1,0
privately_awkward,1,1,0
privately_ashamed,1,1,0
privately_apprehensive,1,1,0
probably_bankrupt,1,1,0
even_prodigious,1,1,0
probably_exhaustive,1,1,0
probably_crude,1,0,1
even_pompous,1,1,0
probably_desirable,1,1,0
probably_deserving,1,1,0
probably_depressed,1,1,0
probably_dependent,1,1,0
probably_delusional,1,1,0
probably_defunct,1,1,0
probably_deep,1,0,1
probably_deaf,1,1,0
probably_deadly,1,1,0
even_possessive,1,1,0
probably_darker,1,1,0
probably_dark,1,0,1
even_potent,1,0,1
probably_damaging,1,1,0
probably_cyclical,1,1,0
probably_curable,1,1,0
even_pluralistic,1,1,0
even_pliable,1,1,0
even_plentiful,1,1,0
even_petite,1,1,0
probably_exciting,1,1,0
probably_excessive,1,1,0
probably_evil,1,1,0
probably_essential,1,1,0
probably_equal,1,1,0
probably_endangered,1,1,0
probably_embarrassing,1,1,0
even_phenomenal,1,1,0
even_pleasing,1,1,0
even_picky,1,1,0
probably_early,1,1,0
probably_dumb,1,0,1
even_pious,1,1,0
even_pitiful,1,1,0
probably_disorganized,1,1,0
probably_disingenuous,1,1,0
probably_cultural,1,1,0
probably_crazy,1,1,0
even_procedural,1,1,0
probably_crazier,1,0,1
even_prestigious,1,1,0
even_pretty,1,1,0
probably_clearer,1,1,0
probably_circumstantial,1,1,0
probably_chemical,1,1,0
probably_cheap,1,1,0
even_pricy,1,1,0
even_prideful,1,1,0
probably_busier,1,0,1
probably_british,1,1,0
probably_bothersome,1,1,0
even_principled,1,1,0
even_privy,1,1,0
even_pro-active,1,1,0
even_pro-american,1,1,0
even_pro-choice,1,1,0
probably_big,1,0,1
probably_clueless,1,1,0
probably_cognizant,1,1,0
probably_cold,1,1,0
even_precocious,1,1,0
probably_cost-effective,1,1,0
probably_corrupt,1,1,0
probably_corny,1,1,0
even_precise,1,1,0
probably_cool,1,1,0
probably_conversant,1,1,0
probably_contemptuous,1,1,0
probably_consistent,1,1,0
probably_colder,1,1,0
even_prejudicial,1,1,0
even_premature,1,1,0
probably_complicated,1,1,0
probably_competent,1,1,0
probably_commonplace,1,1,0
probably_common,1,1,0
probably_commercial,1,0,1
pretty_unhinged,1,1,0
even_uncompromising,1,1,0
even_uncontrollable,1,1,0
evidently_amazing,1,1,0
everywhere_great,1,1,0
pretty_poignant,1,0,1
pretty_plump,1,1,0
everywhere_omnipresent,1,1,0
everywhere_possible,1,0,1
everywhere_present,1,1,0
pretty_playful,1,1,0
everywhere_safe,1,0,1
everywhere_true,1,1,0
pretty_pivotal,1,1,0
everywhere_wrong,1,1,0
evidently_abhorrent,1,0,1
evidently_able,1,1,0
pretty_pigmented,1,1,0
pretty_picturesque,1,1,0
evidently_absurd,1,1,0
evidently_abusive,1,0,1
everywhere_good,1,1,0
everywhere_evident,1,1,0
everywhere_compact,1,1,0
pretty_precarious,1,1,0
pretty_prepared,1,1,0
pretty_preoccupied,1,1,0
ever_worst,1,1,0
pretty_prejudiced,1,1,0
ever_young,1,1,0
pretty_precocious,1,1,0
everyday_easy,1,1,0
everyday_entertaining,1,1,0
everywhere_comfortable,1,0,1
pretty_powerless,1,1,0
everyday_usual,1,1,0
everywhere_clean,1,0,1
everywhere_close,1,0,1
pretty_posh,1,1,0
pretty_portable,1,1,0
pretty_porous,1,1,0
evidently_alien,1,0,1
evidently_artificial,1,0,1
ever_worried,1,1,0
pretty_perverted,1,1,0
evidently_fond,1,1,0
pretty_partial,1,1,0
pretty_parochial,1,0,1
pretty_paranoid,1,1,0
pretty_parallel,1,1,0
evidently_german,1,1,0
pretty_paltry,1,1,0
pretty_palpable,1,1,0
evidently_greater,1,0,1
pretty_palatable,1,1,0
evidently_greatest,1,1,0
evidently_high,1,1,0
evidently_historical,1,1,0
evidently_homosexual,1,0,1
pretty_overt,1,1,0
pretty_oversold,1,1,0
pretty_overrated,1,1,0
pretty_passable,1,1,0
pretty_passe,1,1,0
evidently_fine,1,1,0
evidently_better,1,1,0
pretty_pervasive,1,1,0
evidently_asleep,1,1,0
evidently_attractive,1,1,0
evidently_aware,1,1,0
evidently_bad,1,1,0
evidently_best,1,1,0
pretty_perilous,1,1,0
pretty_perceptive,1,1,0
pretty_passive,1,1,0
evidently_bitter,1,1,0
evidently_contrived,1,0,1
pretty_patronizing,1,1,0
evidently_enthusiastic,1,1,0
evidently_erroneous,1,1,0
evidently_female,1,1,0
pretty_patchy,1,1,0
pretty_preposterous,1,1,0
pretty_prestigious,1,0,1
evidently_hungry,1,1,0
ever_sensitive,1,0,1
ever_pure,1,1,0
pretty_reassuring,1,0,1
ever_quick,1,1,0
ever_rarer,1,0,1
ever_realistic,1,1,0
ever_red,1,1,0
pretty_reachable,1,1,0
ever_repetitive,1,1,0
ever_restless,1,1,0
ever_richer,1,1,0
ever_rotten,1,1,0
ever_routine,1,1,0
pretty_rambunctious,1,1,0
pretty_ragged,1,1,0
ever_satisfactory,1,1,0
ever_satisfied,1,1,0
ever_scarier,1,1,0
ever_prime,1,1,0
ever_pregnant,1,1,0
pretty_recognisable,1,1,0
pretty_related,1,1,0
ever_nicer,1,0,1
ever_obnoxious,1,1,0
ever_obtrusive,1,1,0
ever_ok,1,1,0
ever_old,1,1,0
ever_open,1,1,0
ever_palpable,1,0,1
ever_passionate,1,0,1
pretty_recognizable,1,1,0
pretty_regional,1,1,0
pretty_regal,1,1,0
ever_perfect,1,1,0
pretty_refined,1,0,1
ever_permissible,1,1,0
pretty_reductive,1,1,0
ever_pragmatic,1,1,0
pretty_rabid,1,1,0
ever_skilled,1,1,0
pretty_presumptuous,1,1,0
ever_slimmer,1,1,0
pretty_prolific,1,1,0
ever_undeserved,1,1,0
ever_undone,1,1,0
pretty_profitable,1,1,0
ever_unfit,1,1,0
ever_unjust,1,1,0
pretty_profane,1,1,0
ever_unsatisfied,1,1,0
pretty_proactive,1,1,0
ever_vocal,1,1,0
ever_vulnerable,1,1,0
pretty_primal,1,0,1
pretty_pricy,1,1,0
pretty_prickly,1,1,0
ever_willing,1,1,0
pretty_prevalent,1,1,0
pretty_pretentious,1,1,0
ever_understandable,1,1,0
ever_uncomfortable,1,1,0
pretty_proper,1,1,0
pretty_purple,1,1,0
ever_small,1,1,0
ever_smart,1,1,0
ever_sore,1,1,0
ever_sour,1,1,0
ever_steeper,1,1,0
pretty_puzzled,1,1,0
ever_subtle,1,1,0
pretty_pure,1,1,0
pretty_prosaic,1,1,0
ever_surprising,1,1,0
pretty_public,1,1,0
pretty_psychic,1,1,0
ever_sustainable,1,1,0
ever_talented,1,0,1
ever_tense,1,1,0
ever_triumphant,1,0,1
pretty_overpriced,1,1,0
evidently_identifiable,1,1,0
ever_neurotic,1,1,0
pretty_mindless,1,1,0
pretty_monstrous,1,1,0
exactly_diligent,1,1,0
pretty_monochromatic,1,1,0
pretty_momentous,1,0,1
pretty_modular,1,1,0
exactly_easy,1,1,0
exactly_essential,1,1,0
exactly_evil,1,1,0
exactly_false,1,1,0
exactly_feminist,1,1,0
pretty_misunderstood,1,1,0
exactly_fresh,1,1,0
exactly_funny,1,1,0
exactly_good,1,1,0
pretty_minuscule,1,1,0
pretty_miniscule,1,1,0
pretty_minimalistic,1,1,0
exactly_crude,1,1,0
exactly_contrary,1,1,0
pretty_moronic,1,1,0
exactly_aware,1,1,0
exactly_alien,1,0,1
pretty_myopic,1,1,0
pretty_muted,1,1,0
pretty_mute,1,1,0
exactly_alive,1,1,0
pretty_mushy,1,1,0
pretty_muscular,1,1,0
exactly_beautiful,1,1,0
pretty_morose,1,1,0
exactly_black,1,1,0
exactly_clever,1,1,0
pretty_muddled,1,1,0
exactly_comfortable,1,1,0
exactly_contemplative,1,1,0
pretty_mortified,1,1,0
pretty_mortal,1,1,0
exactly_immutable,1,1,0
exactly_impossible,1,1,0
exactly_afraid,1,1,0
pretty_mind-boggling,1,1,0
exactly_suitable,1,1,0
exactly_sure,1,1,0
pretty_mean-spirited,1,1,0
exactly_unchanged,1,1,0
exactly_valuable,1,1,0
exactly_zero,1,1,0
pretty_masterful,1,1,0
exceedingly_accessible,1,0,1
exceedingly_accurate,1,1,0
exceedingly_active,1,1,0
pretty_manual,1,1,0
exceedingly_adept,1,1,0
exceedingly_advantageous,1,1,0
pretty_malnourished,1,1,0
pretty_male,1,1,0
exceedingly_aggravating,1,1,0
pretty_mainstream,1,1,0
pretty_meaty,1,1,0
exactly_square,1,1,0
exactly_second,1,1,0
exactly_positive,1,1,0
exactly_more,1,1,0
exactly_original,1,1,0
pretty_miffed,1,1,0
exactly_perpendicular,1,1,0
pretty_methodical,1,1,0
pretty_metallic,1,1,0
exactly_pleasant,1,1,0
pretty_mesmerising,1,1,0
pretty_medium,1,1,0
pretty_merry,1,1,0
pretty_mental,1,1,0
pretty_menial,1,1,0
exactly_real,1,1,0
pretty_melodramatic,1,0,1
exactly_relevant,1,1,0
exactly_satisfied,1,1,0
pretty_mystical,1,1,0
pretty_naked,1,1,0
evidently_inadequate,1,1,0
evidently_wiser,1,1,0
evidently_questionable,1,1,0
pretty_official,1,1,0
evidently_recent,1,1,0
pretty_offended,1,1,0
pretty_offbeat,1,1,0
evidently_rich,1,1,0
evidently_scared,1,1,0
evidently_solitary,1,1,0
pretty_obsessive,1,1,0
evidently_stronger,1,1,0
evidently_unfounded,1,1,0
evidently_unlikely,1,0,1
pretty_obnoxious,1,1,0
evidently_untrue,1,0,1
evidently_valuable,1,0,1
pretty_objective,1,1,0
evidently_white,1,1,0
evidently_proud,1,1,0
evidently_prone,1,1,0
pretty_old-fashioned,1,1,0
evidently_miraculous,1,1,0
evidently_incapable,1,0,1
evidently_inferior,1,0,1
evidently_insane,1,1,0
pretty_orthodox,1,1,0
evidently_intent,1,0,1
pretty_organized,1,1,0
evidently_lacking,1,0,1
evidently_novel,1,0,1
pretty_old-school,1,1,0
evidently_open,1,1,0
pretty_open-minded,1,1,0
pretty_open-ended,1,1,0
evidently_outraged,1,1,0
pretty_onerous,1,0,1
evidently_perverse,1,1,0
evidently_pious,1,1,0
pretty_numerous,1,0,1
evidently_worth,1,1,0
exact_similar,1,1,0
pretty_nuanced,1,1,0
pretty_nerve-wracking,1,1,0
pretty_nerve-racking,1,1,0
evolutionarily_profound,1,0,1
evolutionarily_stable,1,1,0
evolutionarily_successful,1,1,0
pretty_nefarious,1,0,1
evolutionarily_unstable,1,1,0
evolutionarily_useful,1,0,1
pretty_nebulous,1,1,0
exact_distant,1,1,0
pretty_near,1,1,0
exact_ideal,1,1,0
pretty_nauseating,1,1,0
pretty_naughty,1,1,0
pretty_naturalistic,1,0,1
exact_identical,1,1,0
exact_powerful,1,1,0
pretty_neurotic,1,1,0
evolutionarily_justifiable,1,1,0
evolutionarily_irrelevant,1,1,0
evolutionarily_fascinating,1,1,0
pretty_novice,1,1,0
pretty_notorious,1,1,0
evolutionarily_ancient,1,0,1
evolutionarily_appropriate,1,1,0
evolutionarily_continuous,1,1,0
evolutionarily_different,1,0,1
evolutionarily_expedient,1,1,0
pretty_non-traditional,1,1,0
pretty_newsworthy,1,1,0
pretty_non-stop,1,1,0
pretty_nominal,1,1,0
evolutionarily_harmful,1,1,0
pretty_noble,1,1,0
evolutionarily_inevitable,1,1,0
evolutionarily_inferior,1,1,0
evolutionarily_interesting,1,1,0
pretty_religious,1,1,0
ever_necessary,1,1,0
even_unconvinced,1,1,0
even_zealous,1,1,0
pretty_surgical,1,1,0
even_wetter,1,0,1
even_whiny,1,1,0
pretty_sunny,1,1,0
pretty_suitable,1,1,0
pretty_suicidal,1,1,0
even_whiter,1,1,0
pretty_sugary,1,1,0
even_windy,1,1,0
pretty_succinct,1,1,0
even_winless,1,1,0
even_winnable,1,1,0
pretty_subversive,1,0,1
pretty_sublime,1,0,1
even_wretched,1,1,0
pretty_subconscious,1,1,0
even_wrinkled,1,1,0
even_voluptuous,1,1,0
even_vociferous,1,1,0
even_vitriolic,1,1,0
pretty_symmetrical,1,1,0
even_upward,1,1,0
even_usual,1,1,0
even_utilitarian,1,1,0
even_vacuous,1,1,0
even_vapid,1,1,0
pretty_systematic,1,0,1
even_various,1,1,0
pretty_symbolic,1,1,0
even_vigorous,1,1,0
pretty_swollen,1,1,0
pretty_swift,1,1,0
even_vehement,1,1,0
even_verbatim,1,1,0
pretty_sweeping,1,1,0
even_verifiable,1,1,0
pretty_suspenseful,1,1,0
even_zany,1,1,0
evenly_amazing,1,1,0
even_untouched,1,1,0
evenly_apt,1,1,0
eventually_available,1,1,0
eventually_boring,1,1,0
eventually_challenging,1,1,0
eventually_complex,1,1,0
pretty_stealthy,1,1,0
eventually_concerned,1,1,0
pretty_staunch,1,1,0
eventually_consistent,1,1,0
eventually_continuous,1,1,0
eventually_corrupt,1,1,0
eventually_cyclical,1,1,0
pretty_stalwart,1,1,0
eventually_destructive,1,1,0
eventually_eligible,1,1,0
pretty_squeamish,1,1,0
pretty_square,1,1,0
pretty_spry,1,1,0
pretty_sterile,1,1,0
pretty_stern,1,1,0
evenly_white,1,1,0
evenly_qualified,1,1,0
evenly_audible,1,1,0
evenly_confusing,1,1,0
evenly_deep,1,1,0
evenly_heavy,1,1,0
evenly_important,1,1,0
pretty_stretchy,1,1,0
evenly_pink,1,1,0
evenly_red,1,1,0
evenly_wet,1,1,0
evenly_significant,1,1,0
evenly_snappy,1,1,0
evenly_taut,1,1,0
pretty_stoic,1,1,0
pretty_stinky,1,0,1
evenly_temperate,1,1,0
pretty_stilted,1,1,0
pretty_tantalizing,1,1,0
pretty_taxing,1,1,0
eventually_forthcoming,1,1,0
even_uninformed,1,1,0
pretty_uncomplicated,1,1,0
even_undeserved,1,1,0
even_undone,1,1,0
even_unenforceable,1,1,0
even_unequal,1,1,0
pretty_unbearable,1,1,0
even_unexplored,1,1,0
pretty_unattractive,1,1,0
even_unfavorable,1,1,0
even_unfeasible,1,1,0
pretty_unaffordable,1,1,0
even_unflattering,1,1,0
pretty_tyrannical,1,1,0
even_unfocused,1,1,0
even_unforgettable,1,1,0
pretty_trustworthy,1,1,0
even_unforgiving,1,1,0
pretty_unconnected,1,1,0
pretty_uncontrollable,1,0,1
pretty_uncontroversial,1,0,1
pretty_unethical,1,1,0
even_unconvincing,1,1,0
pretty_unflattering,1,1,0
pretty_unflappable,1,1,0
pretty_unfathomable,1,1,0
even_undecided,1,1,0
even_under-appreciated,1,1,0
pretty_uneven,1,1,0
pretty_unequal,1,0,1
pretty_unconvincing,1,1,0
pretty_uneasy,1,1,0
pretty_undeveloped,1,1,0
even_underdeveloped,1,1,0
pretty_underground,1,1,0
pretty_underdeveloped,1,1,0
pretty_undemocratic,1,1,0
pretty_uncool,1,1,0
even_unimpressed,1,1,0
even_uninhabitable,1,1,0
pretty_temporary,1,1,0
pretty_treacherous,1,1,0
even_unreleased,1,1,0
pretty_thorough,1,1,0
even_unreported,1,1,0
even_unresolved,1,1,0
even_unresponsive,1,1,0
pretty_thematic,1,1,0
pretty_theatrical,1,1,0
even_unsatisfied,1,1,0
pretty_terse,1,1,0
pretty_territorial,1,1,0
even_unskilled,1,1,0
even_unsteady,1,1,0
even_unsuitable,1,1,0
even_unsung,1,1,0
even_unsustainable,1,1,0
pretty_tenacious,1,1,0
pretty_tempted,1,1,0
pretty_thrifty,1,1,0
even_unregulated,1,1,0
pretty_tidy,1,1,0
even_unlucky,1,1,0
even_uninhabited,1,1,0
pretty_trashy,1,1,0
even_uninhibited,1,1,0
even_uninspired,1,1,0
even_unionized,1,1,0
even_unlikeable,1,1,0
pretty_touristy,1,1,0
pretty_touching,1,1,0
even_unrecognisable,1,1,0
even_unmatched,1,1,0
even_unmoved,1,1,0
even_unnerved,1,1,0
pretty_tiring,1,1,0
even_unobtrusive,1,1,0
even_unplayable,1,1,0
pretty_timely,1,1,0
eventually_evil,1,1,0
eventually_free,1,1,0
ever_native,1,1,0
ever_higher,1,0,1
pretty_secluded,1,1,0
ever_financial,1,1,0
ever_fine,1,1,0
pretty_scientific,1,1,0
ever_fleeting,1,1,0
ever_fraudulent,1,1,0
ever_funny,1,1,0
pretty_scandalous,1,1,0
ever_gracious,1,1,0
ever_grander,1,0,1
pretty_sassy,1,1,0
pretty_sappy,1,1,0
pretty_sandy,1,1,0
ever_habitable,1,1,0
ever_harder,1,1,0
pretty_salacious,1,1,0
ever_healthy,1,1,0
pretty_secondary,1,1,0
ever_favourite,1,1,0
ever_fashionable,1,1,0
pretty_self-sufficient,1,1,0
ever_darker,1,0,1
ever_dead,1,1,0
ever_deeper,1,1,0
ever_disappointed,1,1,0
ever_divisive,1,1,0
pretty_selfless,1,1,0
ever_eager,1,0,1
pretty_self-indulgent,1,1,0
ever_famous,1,1,0
ever_effective,1,1,0
ever_elusive,1,1,0
ever_enduring,1,1,0
ever_exclusive,1,1,0
ever_experienced,1,1,0
pretty_sedentary,1,1,0
pretty_sedate,1,1,0
ever_hesitant,1,1,0
ever_hilarious,1,0,1
pretty_serviceable,1,1,0
ever_hot,1,1,0
pretty_retro,1,1,0
pretty_reticent,1,1,0
ever_loyal,1,1,0
ever_mean,1,1,0
ever_meaningful,1,1,0
ever_medical,1,1,0
pretty_resolute,1,1,0
pretty_resistant,1,1,0
ever_mindful,1,1,0
pretty_resentful,1,1,0
pretty_repulsive,1,1,0
pretty_repugnant,1,1,0
ever_misleading,1,1,0
ever_misunderstood,1,1,0
pretty_replaceable,1,1,0
ever_moral,1,1,0
ever_more,1,1,0
pretty_revolting,1,1,0
ever_louder,1,1,0
ever_lonely,1,1,0
pretty_rosy,1,1,0
ever_human,1,1,0
ever_hypothetical,1,1,0
pretty_rowdy,1,1,0
ever_imaginable,1,0,1
ever_important,1,0,1
ever_impressed,1,1,0
ever_innovative,1,1,0
ever_involved,1,0,1
ever_less,1,1,0
ever_jealous,1,1,0
ever_keen,1,1,0
ever_lasting,1,0,1
pretty_ripe,1,1,0
ever_late,1,1,0
pretty_righteous,1,1,0
ever_legit,1,1,0
ever_dangerous,1,1,0
ever_cutesy,1,0,1
eventually_future,1,1,0
eventually_worthy,1,1,0
eventually_relevant,1,1,0
eventually_reliant,1,1,0
pretty_sober,1,1,0
eventually_satisfied,1,1,0
pretty_snazzy,1,1,0
eventually_slim,1,1,0
pretty_smug,1,1,0
eventually_smoother,1,1,0
pretty_smitten,1,1,0
pretty_smelly,1,1,0
eventually_soft,1,1,0
eventually_supportive,1,1,0
eventually_temperate,1,1,0
eventually_toxic,1,1,0
eventually_unavoidable,1,1,0
eventually_unfounded,1,1,0
eventually_victorious,1,1,0
pretty_soggy,1,1,0
eventually_related,1,1,0
eventually_prevailing,1,1,0
eventually_insufficient,1,1,0
eventually_grateful,1,1,0
eventually_guilty,1,1,0
eventually_happy,1,1,0
eventually_holy,1,1,0
pretty_splendid,1,0,1
eventually_inadequate,1,1,0
pretty_speechless,1,1,0
eventually_irritating,1,1,0
pretty_somber,1,1,0
pretty_specious,1,1,0
eventually_more,1,1,0
eventually_most,1,0,1
eventually_nonexistent,1,1,0
eventually_obvious,1,1,0
eventually_possible,1,1,0
pretty_sombre,1,1,0
eventually_willing,1,1,0
eventually_yellow,1,1,0
ever_curious,1,1,0
ever_abundant,1,1,0
pretty_shrill,1,1,0
ever_bitchy,1,1,0
pretty_shortsighted,1,1,0
pretty_short-lived,1,1,0
ever_boring,1,1,0
ever_brighter,1,1,0
ever_busy,1,1,0
ever_catholic,1,1,0
ever_charming,1,1,0
pretty_shit,1,1,0
pretty_shiny,1,1,0
ever_common,1,1,0
ever_concerned,1,1,0
ever_confused,1,1,0
ever_convincing,1,1,0
ever_correct,1,1,0
ever_crazy,1,1,0
ever_bigger,1,0,1
ever_big,1,1,0
ever_best,1,1,0
ever_alert,1,1,0
ever_abusive,1,1,0
pretty_sleek,1,1,0
pretty_skittish,1,1,0
ever_accessible,1,1,0
ever_accurate,1,1,0
pretty_skillful,1,0,1
ever_affectionate,1,1,0
ever_alive,1,1,0
ever_bad,1,1,0
ever_alright,1,1,0
pretty_sizable,1,1,0
ever_amiss,1,1,0
ever_anxious,1,0,1
pretty_singular,1,1,0
ever_appropriate,1,1,0
ever_asleep,1,1,0
quite_insurmountable,1,1,0
especially_daily,1,1,0
especially_cyclical,1,1,0
else_wet,1,0,1
else_witty,1,0,1
else_worried,1,0,1
really_distressed,1,1,0
else_worst,1,1,0
else_wrong,1,0,1
else_younger,1,0,1
embarrassingly_abundant,1,1,0
embarrassingly_angry,1,1,0
embarrassingly_basic,1,1,0
embarrassingly_better,1,1,0
really_disorienting,1,1,0
really_disorganized,1,1,0
really_dismayed,1,1,0
embarrassingly_clear,1,1,0
embarrassingly_cliche,1,1,0
embarrassingly_clunky,1,1,0
embarrassingly_commonplace,1,1,0
else_wishful,1,1,0
really_dizzy,1,1,0
emotionally_acute,1,1,0
really_do-able,1,1,0
else_uplifting,1,0,1
else_vain,1,1,0
else_valid,1,1,0
else_variable,1,1,0
really_drowsy,1,1,0
really_droll,1,1,0
else_versatile,1,1,0
else_vigorous,1,1,0
else_visible,1,1,0
else_visual,1,1,0
else_vulnerable,1,0,1
really_drab,1,0,1
really_dorky,1,0,1
else_warm,1,0,1
else_waterproof,1,1,0
really_dominant,1,0,1
really_doable,1,1,0
embarrassingly_conspicuous,1,1,0
embarrassingly_corny,1,1,0
embarrassingly_counterproductive,1,1,0
really_discouraged,1,1,0
embarrassingly_high,1,1,0
embarrassingly_hilarious,1,1,0
embarrassingly_hollow,1,1,0
really_derogatory,1,0,1
really_deranged,1,1,0
embarrassingly_homophobic,1,0,1
embarrassingly_honest,1,1,0
really_depraved,1,0,1
really_deplorable,1,1,0
embarrassingly_hyperbolic,1,1,0
really_dependant,1,1,0
embarrassingly_impossible,1,1,0
really_demeaning,1,1,0
embarrassingly_incorrect,1,1,0
embarrassingly_lame,1,1,0
embarrassingly_large,1,1,0
embarrassingly_late,1,1,0
really_desolate,1,1,0
embarrassingly_heartfelt,1,1,0
embarrassingly_hard,1,1,0
embarrassingly_emotional,1,1,0
embarrassingly_cursory,1,1,0
really_disciplined,1,0,1
embarrassingly_defensive,1,1,0
embarrassingly_deferential,1,1,0
embarrassingly_different,1,0,1
embarrassingly_dismal,1,1,0
embarrassingly_eager,1,1,0
really_digital,1,1,0
embarrassingly_great,1,1,0
embarrassingly_epic,1,1,0
embarrassingly_evident,1,1,0
really_devoted,1,1,0
embarrassingly_forgettable,1,1,0
embarrassingly_fortunate,1,1,0
embarrassingly_fragile,1,1,0
embarrassingly_full,1,1,0
really_dumbfounded,1,1,0
else_unsuccessful,1,1,0
else_unsettling,1,0,1
else_tacky,1,1,0
really_everyday,1,0,1
really_euphoric,1,0,1
else_silent,1,1,0
really_ethereal,1,0,1
really_esoteric,1,0,1
really_erudite,1,0,1
else_smaller,1,1,0
else_smooth,1,1,0
really_environmental,1,1,0
really_enviable,1,1,0
really_entrepreneurial,1,0,1
else_sorry,1,1,0
else_strange,1,0,1
else_subject,1,1,0
else_superfluous,1,0,1
else_sweet,1,0,1
else_symptomatic,1,1,0
else_significant,1,1,0
else_sicker,1,0,1
else_shy,1,1,0
really_exhaustive,1,1,0
else_resistant,1,1,0
really_expansive,1,0,1
really_expandable,1,1,0
else_responsible,1,0,1
really_existential,1,0,1
else_rich,1,1,0
else_ridiculous,1,0,1
else_sadistic,1,1,0
really_exaggerated,1,1,0
else_satisfying,1,0,1
really_excruciating,1,0,1
else_scared,1,1,0
else_second,1,1,0
else_sensitive,1,1,0
really_excitable,1,1,0
else_severe,1,1,0
really_english,1,0,1
else_tasty,1,0,1
else_unsafe,1,1,0
really_enduring,1,0,1
really_elderly,1,0,1
really_elated,1,1,0
else_unconventional,1,0,1
else_undesirable,1,0,1
really_egotistical,1,1,0
really_efficacious,1,0,1
else_unemployed,1,1,0
really_educated,1,0,1
else_unforgettable,1,1,0
else_unfunny,1,0,1
else_unhappy,1,1,0
really_economical,1,1,0
else_unknown,1,0,1
else_unlikely,1,0,1
really_easier,1,1,0
really_earnest,1,1,0
else_unpleasant,1,0,1
else_unconcerned,1,1,0
really_electronic,1,1,0
else_unchanged,1,1,0
else_thin,1,1,0
really_endless,1,1,0
else_tedious,1,1,0
really_endangered,1,1,0
really_encouraging,1,1,0
really_encouraged,1,1,0
really_enchanting,1,0,1
else_temporary,1,0,1
else_thrilled,1,1,0
really_elemental,1,0,1
really_empathetic,1,1,0
else_tougher,1,0,1
else_traceable,1,1,0
else_troubling,1,0,1
else_unacceptable,1,1,0
else_unbiased,1,1,0
really_elementary,1,0,1
really_deliberate,1,1,0
embarrassingly_lazy,1,1,0
embarrassingly_messy,1,1,0
eminently_sane,1,1,0
eminently_open,1,0,1
eminently_ordinary,1,1,0
eminently_personal,1,0,1
really_comedic,1,1,0
eminently_plausible,1,1,0
really_colossal,1,0,1
really_collectible,1,1,0
eminently_populist,1,0,1
eminently_predictable,1,1,0
really_coincidental,1,0,1
eminently_proud,1,1,0
eminently_ready,1,1,0
eminently_recommendable,1,1,0
really_cluttered,1,1,0
eminently_relatable,1,0,1
eminently_respectable,1,1,0
eminently_responsible,1,0,1
really_comical,1,1,0
really_commendable,1,0,1
eminently_noble,1,0,1
eminently_feasible,1,1,0
eminently_easy,1,1,0
really_compulsive,1,1,0
eminently_edible,1,1,0
really_comprehensible,1,1,0
eminently_employable,1,1,0
really_compliant,1,1,0
eminently_entertaining,1,1,0
really_complementary,1,1,0
eminently_livable,1,1,0
eminently_fresh,1,0,1
eminently_identifiable,1,0,1
eminently_likable,1,1,0
eminently_likeable,1,1,0
really_communicative,1,0,1
really_communal,1,0,1
really_commonplace,1,0,1
eminently_rich,1,1,0
really_clinical,1,1,0
eminently_drinkable,1,0,1
really_clingy,1,1,0
really_cheaper,1,0,1
eminently_unflattering,1,1,0
really_chatty,1,0,1
eminently_unimportant,1,0,1
eminently_unprofitable,1,1,0
really_characteristic,1,1,0
eminently_usable,1,1,0
really_certain,1,1,0
eminently_victorian,1,1,0
eminently_wearable,1,0,1
really_celebratory,1,0,1
eminently_willing,1,1,0
eminently_winnable,1,1,0
eminently_wise,1,1,0
emotionally_abrupt,1,1,0
emotionally_abused,1,1,0
emotionally_active,1,1,0
eminently_understandable,1,1,0
eminently_true,1,1,0
eminently_thankful,1,1,0
really_chunky,1,0,1
really_cliche,1,0,1
really_clearer,1,1,0
eminently_shareable,1,1,0
eminently_simple,1,1,0
really_claustrophobic,1,1,0
really_civilian,1,1,0
really_cinematic,1,0,1
really_chummy,1,1,0
eminently_talented,1,1,0
eminently_spiritual,1,1,0
really_choosy,1,1,0
eminently_straightforward,1,0,1
really_chilling,1,0,1
really_childish,1,0,1
eminently_sustainable,1,1,0
really_chemical,1,0,1
eminently_durable,1,1,0
really_condescending,1,1,0
really_degrading,1,1,0
really_creditable,1,1,0
embarrassingly_reverent,1,1,0
embarrassingly_rude,1,1,0
really_cutesy,1,1,0
embarrassingly_similar,1,1,0
really_curvy,1,1,0
embarrassingly_simple,1,1,0
really_curly,1,1,0
embarrassingly_stilted,1,1,0
really_cumbersome,1,1,0
embarrassingly_stingy,1,1,0
embarrassingly_stubborn,1,1,0
really_crude,1,1,0
embarrassingly_timid,1,1,0
really_crooked,1,1,0
embarrassingly_ugly,1,1,0
really_crispy,1,1,0
embarrassingly_uneven,1,1,0
embarrassingly_retrograde,1,1,0
really_damn,1,1,0
embarrassingly_reminiscent,1,1,0
embarrassingly_overdue,1,1,0
really_definite,1,0,1
really_defiant,1,0,1
embarrassingly_obtuse,1,1,0
really_dedicated,1,1,0
embarrassingly_opportunistic,1,1,0
really_debilitating,1,0,1
really_debatable,1,1,0
embarrassingly_parallel,1,1,0
embarrassingly_public,1,1,0
embarrassingly_parochial,1,1,0
embarrassingly_pathetic,1,1,0
embarrassingly_perfunctory,1,1,0
embarrassingly_poor,1,1,0
embarrassingly_predictable,1,1,0
really_danceable,1,0,1
really_damp,1,1,0
embarrassingly_unfunny,1,1,0
really_credible,1,0,1
eminently_disposable,1,1,0
embarrassingly_uninteresting,1,1,0
really_contentious,1,1,0
really_contented,1,1,0
eminently_constitutional,1,1,0
eminently_convincing,1,1,0
really_conspicuous,1,0,1
eminently_correct,1,1,0
eminently_creative,1,1,0
eminently_curable,1,1,0
eminently_defensible,1,1,0
eminently_delicious,1,1,0
really_conscientious,1,1,0
really_connected,1,0,1
really_congruent,1,1,0
really_congested,1,1,0
eminently_dirty,1,1,0
really_confrontational,1,1,0
really_confidential,1,1,0
eminently_conservative,1,1,0
really_contrary,1,1,0
eminently_consequential,1,1,0
really_counterproductive,1,1,0
really_creamy,1,1,0
embarrassingly_unprepared,1,0,1
embarrassingly_vibrant,1,1,0
eminently_accessible,1,1,0
eminently_actionable,1,1,0
really_cowardly,1,1,0
eminently_agreeable,1,0,1
really_counterintuitive,1,1,0
eminently_concrete,1,0,1
eminently_appealing,1,1,0
really_cost-effective,1,1,0
eminently_appropriate,1,0,1
eminently_attractive,1,0,1
eminently_beatable,1,1,0
eminently_believable,1,1,0
eminently_collectable,1,1,0
else_republican,1,1,0
else_regular,1,1,0
else_redundant,1,1,0
else_closer,1,0,1
else_bare,1,1,0
else_bigger,1,0,1
else_bizarre,1,0,1
else_black,1,1,0
really_hypocritical,1,0,1
else_blank,1,1,0
really_hydrated,1,1,0
else_bright,1,1,0
else_capable,1,1,0
else_caring,1,1,0
else_catastrophic,1,1,0
else_catholic,1,1,0
else_charismatic,1,1,0
else_cheap,1,0,1
really_humanistic,1,1,0
else_chemical,1,1,0
else_civilized,1,0,1
else_bankrupt,1,1,0
really_identical,1,1,0
really_idle,1,1,0
really_imbalanced,1,1,0
really_immoral,1,1,0
really_immobile,1,0,1
else_anxious,1,1,0
really_immediate,1,1,0
else_apathetic,1,1,0
really_immaterial,1,1,0
really_immaculate,1,1,0
else_appealing,1,1,0
else_audible,1,0,1
else_appetizing,1,0,1
really_illuminating,1,1,0
else_appropriate,1,1,0
really_illiquid,1,0,1
else_arrogant,1,1,0
else_astonished,1,0,1
else_astounding,1,0,1
else_clingy,1,0,1
else_comfy,1,1,0
else_alternate,1,1,0
else_common,1,0,1
else_curious,1,1,0
really_heretical,1,0,1
really_helpless,1,1,0
else_dangerous,1,0,1
else_darker,1,0,1
else_deeper,1,0,1
really_heavier,1,1,0
really_heavenly,1,0,1
really_heated,1,1,0
else_delinquent,1,1,0
else_delirious,1,1,0
else_delusional,1,1,0
really_heartening,1,0,1
else_depressing,1,0,1
else_descriptive,1,1,0
else_desirable,1,0,1
really_healthier,1,1,0
else_crunchy,1,0,1
really_heterosexual,1,1,0
really_hidden,1,0,1
else_conflicting,1,1,0
else_compelling,1,0,1
else_competitive,1,1,0
else_complementary,1,0,1
else_complete,1,1,0
else_complicated,1,1,0
else_complicit,1,1,0
else_comprehensive,1,1,0
really_hokey,1,1,0
else_critical,1,1,0
else_confusing,1,0,1
else_constructive,1,0,1
else_controversial,1,0,1
else_convenient,1,0,1
really_high-tech,1,1,0
else_courageous,1,0,1
else_creative,1,1,0
else_anonymous,1,0,1
really_impeccable,1,1,0
else_desperate,1,1,0
elegantly_independent,1,1,0
really_insolvent,1,1,0
elegantly_clean,1,1,0
elegantly_clever,1,1,0
elegantly_detailed,1,1,0
elegantly_different,1,0,1
really_inseparable,1,1,0
elegantly_doable,1,1,0
really_insatiable,1,1,0
elegantly_eccentric,1,1,0
really_inquisitive,1,1,0
elegantly_elaborate,1,1,0
elegantly_ethnic,1,0,1
really_innate,1,0,1
really_inhuman,1,0,1
really_inherent,1,0,1
elegantly_floral,1,1,0
elegantly_grand,1,1,0
elegantly_charming,1,1,0
elegantly_appropriate,1,1,0
elegantly_abstract,1,1,0
electronically_possible,1,0,1
electronically_active,1,1,0
really_intolerant,1,1,0
electronically_available,1,0,1
electronically_consistent,1,1,0
electronically_controlled,1,1,0
electronically_defective,1,1,0
electronically_mesmerizing,1,1,0
really_interactive,1,0,1
really_insular,1,1,0
really_intentional,1,0,1
electronically_present,1,1,0
electronically_rapid,1,1,0
electronically_satisfied,1,1,0
really_intellectual,1,1,0
electronically_searchable,1,1,0
electronically_sophisticated,1,1,0
elegantly_imaginative,1,0,1
really_inflammatory,1,0,1
else_alarming,1,0,1
elegantly_melodic,1,1,0
really_incomprehensible,1,0,1
really_incompatible,1,1,0
elegantly_tall,1,1,0
elegantly_thin,1,1,0
really_incendiary,1,0,1
elegantly_timeless,1,1,0
elegantly_utilitarian,1,0,1
really_inadequate,1,1,0
really_inactive,1,1,0
elegantly_wise,1,1,0
elegantly_wrong,1,1,0
else_absurd,1,0,1
else_accurate,1,1,0
really_impractical,1,1,0
else_actionable,1,1,0
really_impolite,1,1,0
really_imperceptible,1,1,0
elegantly_streamlined,1,0,1
really_inconsequential,1,1,0
elegantly_southern,1,0,1
elegantly_poignant,1,1,0
really_inexplicable,1,1,0
elegantly_neat,1,1,0
elegantly_old-school,1,0,1
elegantly_ornamental,1,1,0
really_inept,1,1,0
elegantly_persuasive,1,1,0
elegantly_playful,1,1,0
really_individual,1,0,1
elegantly_slow,1,1,0
really_indispensable,1,1,0
really_indifferent,1,1,0
elegantly_practical,1,1,0
elegantly_rugged,1,1,0
elegantly_ruthless,1,1,0
elegantly_slender,1,1,0
elegantly_slim,1,1,0
else_desirous,1,1,0
else_digital,1,0,1
else_real,1,1,0
really_fitting,1,0,1
else_loyal,1,1,0
else_lucky,1,1,0
really_flustered,1,1,0
really_fluid,1,0,1
really_fluffy,1,1,0
else_luscious,1,1,0
really_flirty,1,1,0
really_flimsy,1,1,0
else_mad,1,0,1
really_flawed,1,1,0
really_flavourful,1,1,0
else_malevolent,1,1,0
else_marginal,1,1,0
else_meaningful,1,0,1
else_meaningless,1,0,1
else_minimal,1,1,0
really_flammable,1,0,1
else_lovely,1,0,1
else_lousy,1,0,1
really_foolproof,1,0,1
else_irresponsible,1,1,0
else_invaluable,1,0,1
else_invisible,1,1,0
else_irrational,1,0,1
else_irrelevant,1,0,1
really_fraught,1,0,1
really_frantic,1,1,0
else_irresistible,1,0,1
else_jealous,1,1,0
else_lonely,1,1,0
else_joint,1,0,1
really_forthcoming,1,1,0
really_formative,1,1,0
really_forgiving,1,1,0
else_logical,1,0,1
really_foreign,1,0,1
really_foreboding,1,0,1
else_misinformed,1,1,0
else_modern,1,0,1
else_insignificant,1,0,1
else_most,1,1,0
else_orange,1,1,0
else_peculiar,1,0,1
else_perfect,1,1,0
else_picky,1,1,0
else_pitiful,1,0,1
really_fairer,1,0,1
else_positive,1,0,1
really_factual,1,0,1
really_eye-popping,1,0,1
else_pricey,1,0,1
else_proper,1,1,0
really_extremist,1,1,0
else_protective,1,1,0
else_pushy,1,1,0
else_qualified,1,0,1
really_extensive,1,1,0
else_rarer,1,1,0
really_fanciful,1,1,0
else_open,1,1,0
else_older,1,0,1
else_nice,1,0,1
else_naive,1,1,0
really_financial,1,1,0
else_naked,1,1,0
else_narrow,1,1,0
really_fierce,1,0,1
else_negative,1,1,0
really_feverish,1,1,0
really_feasible,1,1,0
else_old,1,0,1
really_fearless,1,1,0
really_favorable,1,0,1
else_numb,1,1,0
else_nutritious,1,0,1
else_obsessed,1,1,0
else_obsolete,1,1,0
else_obstinate,1,1,0
else_intrusive,1,1,0
else_inhuman,1,1,0
else_dignified,1,1,0
else_frivolous,1,0,1
else_equivalent,1,1,0
else_essential,1,1,0
else_excessive,1,1,0
else_expensive,1,0,1
really_gray,1,1,0
else_external,1,0,1
else_extraordinary,1,0,1
else_fair,1,1,0
really_granular,1,1,0
else_fake,1,1,0
else_familiar,1,0,1
really_gradual,1,1,0
else_famous,1,1,0
else_flat,1,1,0
else_flexible,1,1,0
else_fragile,1,1,0
really_gooey,1,0,1
really_greener,1,1,0
really_grievous,1,0,1
else_empty,1,1,0
else_dour,1,1,0
else_dirty,1,0,1
really_hardworking,1,1,0
else_disastrous,1,1,0
else_disgusting,1,0,1
else_disturbing,1,0,1
really_haphazard,1,1,0
else_divisive,1,0,1
really_handmade,1,1,0
else_embarrassing,1,0,1
else_dramatic,1,0,1
really_gut-wrenching,1,1,0
else_easier,1,0,1
else_eccentric,1,0,1
else_ecstatic,1,1,0
else_effective,1,1,0
else_elegant,1,0,1
really_good-natured,1,1,0
else_frustrated,1,1,0
else_informative,1,1,0
really_gonna,1,1,0
else_huge,1,0,1
really_garish,1,1,0
else_hungry,1,1,0
really_futuristic,1,0,1
else_illiterate,1,1,0
really_furious,1,1,0
else_improbable,1,0,1
else_inaccessible,1,1,0
else_inaccurate,1,1,0
else_incomplete,1,1,0
else_incorrect,1,1,0
really_fucking,1,0,1
else_indispensable,1,0,1
else_ineffectual,1,0,1
else_inevitable,1,0,1
really_frosty,1,1,0
really_front,1,1,0
else_hopeless,1,1,0
else_hereditary,1,1,0
else_heavy,1,0,1
else_general,1,1,0
really_golden,1,1,0
really_godly,1,0,1
else_frustrating,1,1,0
else_fun,1,1,0
really_gloomy,1,1,0
else_fundamental,1,1,0
really_glaring,1,0,1
else_greater,1,0,1
else_heavenly,1,1,0
else_hard,1,1,0
else_harder,1,0,1
else_harmful,1,1,0
really_german,1,1,0
really_geometric,1,0,1
else_hateful,1,0,1
else_healthy,1,0,1
really_carefree,1,1,0
emotionally_adaptive,1,0,1
enduringly_awful,1,1,0
real_egotistical,1,0,1
real_economical,1,1,0
empirically_evident,1,1,0
empirically_impossible,1,1,0
real_dynamic,1,1,0
real_durable,1,0,1
empirically_indistinguishable,1,1,0
real_dull,1,1,0
real_drastic,1,0,1
empirically_non-existent,1,1,0
empirically_nonexistent,1,1,0
real_diligent,1,1,0
real_dignified,1,0,1
empirically_questionable,1,1,0
empirically_relevant,1,1,0
real_detailed,1,0,1
empirically_rich,1,1,0
real_delicate,1,1,0
real_efficient,1,0,1
real_embarrassed,1,1,0
emotionally_adrift,1,1,0
empirically_discernible,1,1,0
real_fascinating,1,0,1
real_fancy,1,0,1
real_famous,1,0,1
emphatically_pretentious,1,1,0
real_fake,1,1,0
real_fair,1,1,0
real_extreme,1,0,1
real_extraordinary,1,0,1
emphatically_silly,1,0,1
real_exclusive,1,1,0
emphatically_true,1,1,0
emphatically_unambiguous,1,1,0
emphatically_visual,1,0,1
real_enthusiastic,1,1,0
real_entertaining,1,1,0
emphatically_wrong,1,1,0
real_enjoyable,1,1,0
empirically_scary,1,1,0
empirically_successful,1,1,0
empirically_unsubstantiated,1,1,0
empirically_untrue,1,1,0
endearingly_forthright,1,1,0
real_compact,1,1,0
real_common,1,0,1
real_comfy,1,1,0
real_comforting,1,1,0
endearingly_fresh,1,0,1
real_colorful,1,0,1
real_cocky,1,1,0
endearingly_geeky,1,0,1
real_clever,1,0,1
endearingly_homely,1,1,0
endearingly_humble,1,1,0
real_childlike,1,1,0
endearingly_humorous,1,1,0
real_cheerful,1,1,0
endearingly_irritating,1,1,0
real_catastrophic,1,1,0
endearingly_foolish,1,1,0
endearingly_feminine,1,0,1
endearingly_embarrassing,1,1,0
real_creepy,1,1,0
empirically_useful,1,0,1
real_cutesy,1,0,1
empirically_valuable,1,1,0
real_curious,1,1,0
real_cunning,1,1,0
empirically_weak,1,1,0
real_crisp,1,1,0
endearingly_anarchic,1,0,1
real_considerate,1,1,0
endearingly_appealing,1,0,1
real_cozy,1,0,1
real_cordial,1,1,0
real_cooperative,1,1,0
endearingly_chubby,1,1,0
real_convenient,1,0,1
endearingly_comic,1,1,0
emphatically_political,1,1,0
real_fatigued,1,1,0
real_fictional,1,1,0
real_imaginary,1,1,0
real_loose,1,1,0
emotionally_useful,1,0,1
real_lonely,1,1,0
real_lazy,1,1,0
real_large,1,1,0
emotionally_vacant,1,1,0
real_keen,1,1,0
real_involved,1,1,0
real_intimidating,1,1,0
real_intimate,1,0,1
emotionally_valuable,1,1,0
real_intense,1,1,0
real_intelligent,1,0,1
real_inexpensive,1,0,1
real_incompetent,1,1,0
real_impressive,1,1,0
real_impressed,1,1,0
emotionally_unwise,1,1,0
real_lovely,1,1,0
real_loving,1,1,0
real_minor,1,0,1
emotionally_unjust,1,1,0
real_negative,1,0,1
emotionally_unnecessary,1,1,0
emotionally_unreachable,1,1,0
emotionally_unsatisfied,1,1,0
real_muddy,1,1,0
real_mobile,1,1,0
real_mexican,1,0,1
emotionally_unwilling,1,1,0
real_mediocre,1,1,0
real_meaty,1,0,1
real_meaningful,1,0,1
emotionally_unsettled,1,1,0
emotionally_unsettling,1,1,0
real_luxurious,1,0,1
emotionally_unsound,1,1,0
emotionally_vapid,1,1,0
real_hyper,1,1,0
emphatically_poetic,1,1,0
emotionally_vital,1,1,0
emphatically_green,1,1,0
real_genuine,1,1,0
real_fussy,1,1,0
emphatically_historical,1,1,0
real_funky,1,1,0
emphatically_organic,1,0,1
real_full,1,1,0
real_frustrating,1,1,0
real_frustrated,1,1,0
emphatically_pertinent,1,1,0
real_free,1,1,0
real_forgiving,1,1,0
real_foggy,1,1,0
emphatically_physical,1,1,0
real_fishy,1,1,0
real_fine,1,1,0
real_financial,1,0,1
real_glum,1,1,0
emphatically_eager,1,1,0
real_gory,1,1,0
emotionally_wonderful,1,1,0
real_humble,1,1,0
emotionally_warm,1,0,1
emotionally_warped,1,1,0
real_hospitable,1,1,0
real_hopeful,1,1,0
emotionally_weary,1,1,0
emotionally_weird,1,1,0
emphatically_clear,1,1,0
emphatically_different,1,0,1
real_hearty,1,0,1
real_heady,1,1,0
real_harsh,1,1,0
emphatically_conservative,1,1,0
emphatically_corny,1,1,0
emphatically_curious,1,1,0
real_gritty,1,0,1
endearingly_juvenile,1,0,1
endearingly_lawless,1,1,0
endearingly_light,1,0,1
endlessly_narcissistic,1,1,0
rationally_critical,1,1,0
rationally_compelling,1,1,0
rationally_commendable,1,1,0
rationally_certain,1,1,0
rationally_acceptable,1,1,0
endlessly_happy,1,1,0
endlessly_hilarious,1,0,1
rather_yellow,1,1,0
endlessly_impressed,1,1,0
endlessly_impressive,1,1,0
endlessly_indecisive,1,1,0
rather_worthwhile,1,0,1
endlessly_limitless,1,1,0
rather_worrisome,1,0,1
endlessly_malleable,1,1,0
rather_worldly,1,0,1
rather_wooden,1,1,0
endlessly_full,1,1,0
rationally_independent,1,1,0
rationally_inexplicable,1,1,0
endlessly_familiar,1,1,0
endlessly_diverse,1,1,0
readily_applicable,1,1,0
endlessly_doomed,1,1,0
readily_agreeable,1,1,0
endlessly_enchanting,1,0,1
endlessly_enjoyable,1,1,0
readily_abundant,1,1,0
rationally_valid,1,1,0
rationally_irrational,1,1,0
rationally_unmoved,1,1,0
rationally_transparent,1,1,0
rationally_superior,1,1,0
endlessly_festive,1,0,1
rationally_possible,1,1,0
rationally_mandatory,1,1,0
rationally_justifiable,1,1,0
rather_wondrous,1,0,1
endlessly_needy,1,1,0
endlessly_different,1,1,0
rather_wistful,1,1,0
endlessly_seductive,1,0,1
rather_warmer,1,0,1
endlessly_shocked,1,1,0
rather_wacky,1,1,0
endlessly_special,1,0,1
rather_voluminous,1,1,0
endlessly_surprised,1,1,0
endlessly_surreal,1,0,1
rather_visible,1,1,0
endlessly_thankful,1,1,0
rather_vile,1,1,0
endlessly_timeless,1,0,1
rather_venerable,1,1,0
endlessly_useful,1,1,0
endlessly_variable,1,1,0
endlessly_worth,1,1,0
rather_vacuous,1,1,0
rather_wasteful,1,1,0
rather_wavy,1,1,0
endlessly_satisfying,1,0,1
rather_whole,1,1,0
rather_wise,1,1,0
rather_windy,1,1,0
endlessly_open,1,1,0
endlessly_optimistic,1,1,0
rather_wider,1,0,1
endlessly_overwrought,1,0,1
rather_wholesome,1,0,1
rather_whiter,1,0,1
endlessly_rewarding,1,0,1
endlessly_palatable,1,0,1
rather_whimsical,1,0,1
rather_wetter,1,1,0
endlessly_proud,1,1,0
endlessly_renewable,1,1,0
endlessly_respectful,1,1,0
rather_weighty,1,1,0
endlessly_disposable,1,1,0
endlessly_cute,1,1,0
real_businesslike,1,1,0
endearingly_wacky,1,0,1
endearingly_rabid,1,0,1
real_accessible,1,1,0
endearingly_rebellious,1,1,0
readily_welcome,1,1,0
readily_wearable,1,1,0
endearingly_reminiscent,1,0,1
readily_useful,1,1,0
endearingly_sleepy,1,1,0
readily_unavailable,1,1,0
endearingly_stupid,1,1,0
readily_transferable,1,1,0
endearingly_transparent,1,1,0
readily_synonymous,1,1,0
readily_susceptible,1,0,1
readily_supportive,1,1,0
readily_subject,1,1,0
readily_searchable,1,1,0
real_afraid,1,1,0
endearingly_quixotic,1,0,1
real_amazing,1,0,1
endearingly_nuanced,1,0,1
endearingly_loveable,1,0,1
real_brief,1,0,1
real_brave,1,1,0
real_boring,1,1,0
real_bloody,1,0,1
real_bitter,1,1,0
real_beautiful,1,1,0
endearingly_oblivious,1,0,1
real_annoying,1,1,0
endearingly_off-kilter,1,1,0
real_aware,1,1,0
endearingly_pathetic,1,1,0
real_attentive,1,1,0
real_athletic,1,1,0
real_apprehensive,1,1,0
endearingly_personal,1,1,0
readily_satisfied,1,1,0
endlessly_addicting,1,0,1
endlessly_curious,1,0,1
readily_replaceable,1,1,0
readily_feasible,1,0,1
endlessly_clever,1,1,0
readily_evident,1,1,0
readily_employable,1,1,0
readily_effective,1,1,0
readily_edible,1,1,0
readily_eager,1,1,0
readily_doable,1,1,0
endlessly_comforting,1,0,1
readily_detectable,1,0,1
readily_customizable,1,1,0
readily_convincing,1,1,0
endlessly_compelling,1,0,1
readily_comparable,1,1,0
readily_combustible,1,1,0
readily_cognizant,1,1,0
endlessly_creative,1,0,1
readily_fixable,1,1,0
endlessly_chic,1,1,0
readily_forthcoming,1,1,0
readily_pleasing,1,1,0
readily_renewable,1,1,0
readily_removable,1,1,0
readily_recyclable,1,1,0
endlessly_attractive,1,0,1
readily_readable,1,1,0
readily_quantifiable,1,0,1
endlessly_boring,1,1,0
readily_playable,1,1,0
endlessly_cheeky,1,1,0
readily_offline,1,1,0
readily_obvious,1,1,0
endlessly_capable,1,1,0
readily_listenable,1,1,0
readily_intuitive,1,0,1
readily_intelligible,1,1,0
readily_inclined,1,1,0
emotionally_unique,1,0,1
real_nifty,1,0,1
real_nostalgic,1,0,1
emotionally_incisive,1,0,1
really_antiquated,1,1,0
really_anti-israel,1,0,1
emotionally_happy,1,1,0
really_angled,1,1,0
emotionally_harsh,1,1,0
really_analytical,1,1,0
emotionally_healthier,1,1,0
emotionally_high,1,1,0
emotionally_hollow,1,1,0
emotionally_hungry,1,1,0
emotionally_hypnotic,1,1,0
emotionally_hysterical,1,1,0
emotionally_identifiable,1,1,0
emotionally_immune,1,1,0
really_aloof,1,1,0
emotionally_impotent,1,1,0
emotionally_impressed,1,1,0
really_antsy,1,1,0
emotionally_gripping,1,0,1
emotionally_gratifying,1,0,1
really_arcane,1,1,0
really_artsy,1,1,0
emotionally_enticing,1,0,1
really_artificial,1,0,1
emotionally_excited,1,1,0
emotionally_exhaustive,1,1,0
really_aromatic,1,1,0
really_archaic,1,1,0
emotionally_fair,1,1,0
really_apocalyptic,1,1,0
really_apropos,1,1,0
emotionally_fatal,1,1,0
emotionally_fatigued,1,1,0
emotionally_fine,1,1,0
emotionally_forceful,1,1,0
emotionally_frustrated,1,1,0
emotionally_frustrating,1,1,0
emotionally_inaccessible,1,1,0
really_alcoholic,1,1,0
really_askew,1,1,0
emotionally_incoherent,1,1,0
really_addicted,1,1,0
really_adaptable,1,1,0
really_acute,1,1,0
really_actual,1,0,1
emotionally_messy,1,1,0
emotionally_monochromatic,1,0,1
really_accustomed,1,1,0
emotionally_moving,1,1,0
really_accountable,1,0,1
emotionally_naive,1,1,0
really_accidental,1,1,0
really_accepting,1,1,0
emotionally_nervous,1,1,0
really_abusive,1,0,1
emotionally_nuanced,1,1,0
emotionally_oblique,1,1,0
really_absorbing,1,0,1
emotionally_lesser,1,1,0
emotionally_large,1,1,0
really_adequate,1,0,1
emotionally_instructive,1,1,0
really_alarmed,1,1,0
really_ailing,1,1,0
really_agitated,1,1,0
emotionally_incomplete,1,1,0
emotionally_inspiring,1,1,0
really_aggravating,1,1,0
really_aged,1,1,0
emotionally_intact,1,1,0
emotionally_juicy,1,1,0
emotionally_interdependent,1,1,0
really_affective,1,1,0
really_affectionate,1,0,1
really_adverse,1,0,1
really_advantageous,1,0,1
emotionally_joyous,1,1,0
really_adult,1,0,1
emotionally_elemental,1,1,0
emotionally_effusive,1,1,0
really_absent,1,1,0
emotionally_connected,1,1,0
emotionally_blunt,1,1,0
emotionally_brutal,1,1,0
really_bohemian,1,1,0
emotionally_callous,1,1,0
emotionally_calm,1,1,0
emotionally_careless,1,1,0
really_bloody,1,1,0
emotionally_catastrophic,1,1,0
emotionally_clingy,1,1,0
really_blessed,1,1,0
emotionally_comfortable,1,1,0
emotionally_communicative,1,1,0
really_blameless,1,1,0
emotionally_complicated,1,0,1
emotionally_concerned,1,1,0
really_bittersweet,1,0,1
emotionally_confused,1,1,0
emotionally_bland,1,1,0
emotionally_believable,1,1,0
really_boyish,1,1,0
emotionally_ambiguous,1,1,0
really_campy,1,1,0
emotionally_advanced,1,1,0
emotionally_adventurous,1,1,0
really_callous,1,0,1
emotionally_aggressive,1,1,0
emotionally_agitated,1,1,0
really_bumpy,1,1,0
emotionally_ambitious,1,1,0
really_breathable,1,1,0
emotionally_amiss,1,1,0
really_buggy,1,1,0
really_brooding,1,0,1
emotionally_autobiographical,1,1,0
emotionally_awesome,1,1,0
emotionally_bad,1,1,0
emotionally_bare,1,1,0
emotionally_confusing,1,1,0
emotionally_consuming,1,1,0
really_assertive,1,1,0
really_biased,1,1,0
emotionally_dishonest,1,1,0
really_automatic,1,1,0
emotionally_disordered,1,1,0
emotionally_disorganized,1,1,0
really_audible,1,1,0
emotionally_disruptive,1,1,0
emotionally_dissatisfied,1,1,0
really_attributable,1,1,0
emotionally_downtrodden,1,1,0
emotionally_dramatic,1,0,1
really_attainable,1,1,0
really_atrocious,1,1,0
really_atmospheric,1,1,0
emotionally_driven,1,1,0
emotionally_dry,1,1,0
emotionally_durable,1,1,0
emotionally_dynamic,1,1,0
emotionally_disconcerting,1,1,0
emotionally_disabled,1,0,1
emotionally_different,1,1,0
really_beatable,1,1,0
emotionally_controlled,1,1,0
emotionally_convenient,1,1,0
really_bespoke,1,0,1
really_benign,1,0,1
really_benevolent,1,1,0
really_believable,1,1,0
emotionally_deep,1,0,1
emotionally_defensive,1,1,0
really_awe,1,0,1
emotionally_deft,1,1,0
really_bare,1,1,0
emotionally_delicate,1,1,0
really_balanced,1,1,0
really_baggy,1,1,0
really_back,1,1,0
emotionally_developed,1,1,0
really_absorbent,1,1,0
emotionally_offensive,1,1,0
real_odd,1,0,1
real_rewarding,1,1,0
real_sharp,1,0,1
real_shady,1,0,1
real_sexy,1,0,1
emotionally_strict,1,1,0
emotionally_stuck,1,1,0
real_selective,1,1,0
real_secluded,1,1,0
emotionally_sturdy,1,1,0
emotionally_substantive,1,0,1
emotionally_superior,1,1,0
real_sarcastic,1,0,1
real_safe,1,1,0
emotionally_supple,1,1,0
real_rude,1,1,0
emotionally_tactical,1,0,1
real_risky,1,1,0
real_rigid,1,1,0
real_shitty,1,1,0
real_shocked,1,1,0
real_short,1,1,0
real_sluggish,1,1,0
real_sore,1,1,0
emotionally_seductive,1,1,0
emotionally_severe,1,0,1
emotionally_shallow,1,0,1
emotionally_shitty,1,0,1
emotionally_shy,1,1,0
emotionally_simplistic,1,0,1
emotionally_sincere,1,1,0
emotionally_sophisticated,1,0,1
real_slight,1,0,1
real_skittish,1,1,0
real_skinny,1,1,0
emotionally_skilled,1,1,0
emotionally_small,1,0,1
real_silly,1,1,0
real_silent,1,1,0
real_rich,1,1,0
emotionally_tantalizing,1,1,0
real_soulful,1,1,0
real_resilient,1,1,0
emotionally_touchy,1,1,0
emotionally_tragic,1,1,0
emotionally_traumatizing,1,0,1
real_plain,1,1,0
real_picky,1,1,0
real_physical,1,1,0
emotionally_troubled,1,1,0
emotionally_unappreciated,1,1,0
real_particular,1,0,1
real_pale,1,0,1
emotionally_undisciplined,1,1,0
emotionally_unforgiving,1,1,0
real_other,1,1,0
real_optimistic,1,1,0
real_open,1,1,0
emotionally_unhappy,1,1,0
real_offensive,1,0,1
emotionally_torturous,1,1,0
real_powerful,1,0,1
real_precious,1,0,1
real_racist,1,1,0
real_reliable,1,1,0
real_relatable,1,1,0
real_refreshing,1,0,1
real_receptive,1,1,0
real_reasonable,1,1,0
real_real,1,1,0
real_rare,1,0,1
real_quirky,1,1,0
real_pretty,1,1,0
emotionally_tense,1,1,0
real_psyched,1,1,0
emotionally_threatening,1,1,0
real_protective,1,1,0
emotionally_tired,1,1,0
real_private,1,0,1
real_primal,1,0,1
emotionally_scary,1,1,0
real_southern,1,1,0
really_abnormal,1,0,1
emotionally_possible,1,0,1
realistically_final,1,0,1
realistically_enough,1,1,0
realistically_emotive,1,1,0
realistically_disturbed,1,0,1
realistically_detailed,1,1,0
realistically_convincing,1,0,1
realistically_conceivable,1,1,0
realistically_compelling,1,1,0
realistically_banal,1,1,0
realistically_awkward,1,1,0
realistically_available,1,1,0
realistically_amusing,1,0,1
real_yummy,1,0,1
emotionally_placid,1,1,0
real_worth,1,1,0
real_wonderful,1,0,1
real_windy,1,1,0
realistically_fragile,1,1,0
realistically_funny,1,1,0
realistically_haphazard,1,1,0
realistically_right,1,1,0
emotionally_opaque,1,1,0
really_abhorrent,1,1,0
realistically_unqualified,1,0,1
realistically_ugly,1,0,1
realistically_terrifying,1,0,1
realistically_sad,1,1,0
realistically_rustic,1,1,0
realistically_representative,1,1,0
realistically_inadequate,1,1,0
emotionally_open-ended,1,1,0
realistically_positive,1,1,0
realistically_optimistic,1,1,0
emotionally_oppressive,1,1,0
realistically_more,1,1,0
realistically_last,1,1,0
realistically_intimidating,1,0,1
real_wide,1,1,0
real_welcoming,1,1,0
emotionally_scared,1,1,0
real_weak,1,0,1
emotionally_responsive,1,1,0
real_sustainable,1,1,0
real_surprised,1,1,0
emotionally_retarded,1,1,0
real_substantive,1,0,1
real_studious,1,1,0
emotionally_rigorous,1,1,0
real_strict,1,1,0
emotionally_sadistic,1,1,0
emotionally_safe,1,1,0
emotionally_salient,1,0,1
real_steady,1,0,1
real_stable,1,1,0
real_squishy,1,1,0
real_spotty,1,1,0
real_spirited,1,1,0
real_spectacular,1,1,0
emotionally_responsible,1,1,0
emotionally_resilient,1,1,0
real_tempting,1,1,0
real_unpredictable,1,1,0
real_vulgar,1,1,0
real_vivid,1,1,0
real_vigilant,1,1,0
real_valuable,1,0,1
real_uptight,1,1,0
real_upbeat,1,1,0
real_unselfish,1,1,0
emotionally_profound,1,1,0
real_therapeutic,1,1,0
real_unconscious,1,1,0
real_uncomfortable,1,1,0
real_true,1,1,0
emotionally_relatable,1,0,1
emotionally_relaxed,1,1,0
real_tiny,1,0,1
real_thin,1,1,0
electronically_accessible,1,1,0
really_intrigued,1,1,0
electrically_reversible,1,1,0
easily_inclined,1,1,0
really_usual,1,0,1
really_user-friendly,1,1,0
easily_irrational,1,1,0
really_useable,1,1,0
easily_irritated,1,1,0
easily_irritating,1,1,0
really_urban,1,0,1
really_uptight,1,1,0
easily_justifiable,1,1,0
easily_lazy,1,1,0
really_upscale,1,0,1
really_upmarket,1,0,1
easily_likable,1,1,0
really_unwise,1,0,1
easily_listenable,1,1,0
really_unwarranted,1,1,0
easily_lovable,1,1,0
really_vacant,1,1,0
really_vain,1,1,0
electrically_most,1,1,0
easily_ideal,1,1,0
really_viscous,1,1,0
easily_flattered,1,1,0
really_virtuous,1,0,1
really_viral,1,0,1
easily_flexible,1,1,0
easily_flustered,1,0,1
easily_gentle,1,1,0
really_vile,1,0,1
easily_happy,1,1,0
easily_hidden,1,0,1
really_vexing,1,1,0
easily_high,1,1,0
really_verbal,1,1,0
really_vegan,1,1,0
really_vast,1,0,1
really_various,1,1,0
easily_higher,1,1,0
easily_lower,1,1,0
really_unsuited,1,1,0
really_unsuitable,1,1,0
really_unsophisticated,1,1,0
easily_palpable,1,0,1
easily_paranoid,1,1,0
easily_passable,1,1,0
really_unoriginal,1,1,0
really_unorganized,1,1,0
easily_playable,1,1,0
really_unnatural,1,0,1
really_unmatched,1,1,0
easily_pricier,1,1,0
really_unlimited,1,1,0
easily_programmable,1,1,0
really_unlikeable,1,1,0
really_unlawful,1,1,0
easily_quotable,1,1,0
easily_recommendable,1,1,0
really_unjustified,1,1,0
easily_reusable,1,1,0
easily_palatable,1,0,1
easily_overwhelming,1,1,0
easily_overwhelmed,1,1,0
really_unruly,1,1,0
really_unselfish,1,1,0
easily_most,1,1,0
easily_nauseous,1,1,0
easily_offended,1,1,0
easily_older,1,1,0
really_unsatisfied,1,1,0
easily_original,1,1,0
really_unresponsive,1,1,0
really_unproductive,1,0,1
really_unremarkable,1,1,0
really_unreliable,1,0,1
easily_outdated,1,1,0
easily_outpacing,1,1,0
easily_overdone,1,1,0
really_unreal,1,1,0
really_unprofessional,1,1,0
really_visible,1,1,0
easily_flat,1,1,0
easily_feasible,1,1,0
really_yellow,1,1,0
reasonably_acceptable,1,1,0
easily_bigger,1,1,0
realy_wrong,1,0,1
realy_picky,1,1,0
realy_missing,1,0,1
realy_interested,1,1,0
realy_impressive,1,1,0
realy_hard,1,1,0
realy_good,1,1,0
realy_fishy,1,1,0
realy_difficult,1,1,0
easily_breezy,1,1,0
realy_bloody,1,0,1
really_zero,1,1,0
easily_chatty,1,0,1
easily_cliche,1,0,1
really_younger,1,0,1
easily_bent,1,0,1
easily_beatable,1,1,0
reasonably_advanced,1,1,0
reasonably_arguable,1,1,0
reasonably_aware,1,1,0
reasonably_awake,1,1,0
reasonably_avoidable,1,1,0
easily_agitated,1,1,0
reasonably_authentic,1,1,0
easily_amused,1,1,0
easily_angry,1,1,0
reasonably_approximate,1,1,0
reasonably_aesthetic,1,0,1
easily_answerable,1,1,0
reasonably_applicable,1,0,1
reasonably_appealing,1,0,1
easily_anxious,1,1,0
reasonably_anonymous,1,1,0
reasonably_aggressive,1,1,0
reasonably_afraid,1,1,0
easily_close,1,1,0
easily_collectible,1,1,0
easily_fatigued,1,1,0
easily_comfortable,1,1,0
really_whiny,1,1,0
really_whimsical,1,1,0
easily_divisible,1,1,0
really_well-known,1,1,0
easily_do-able,1,1,0
easily_double,1,1,0
easily_drinkable,1,1,0
easily_eclectic,1,1,0
easily_edible,1,0,1
easily_enforceable,1,1,0
easily_enjoyable,1,1,0
really_wavy,1,1,0
easily_entertaining,1,1,0
easily_evident,1,0,1
easily_extensible,1,1,0
easily_extra,1,1,0
easily_faster,1,1,0
easily_distraught,1,0,1
easily_dissatisfied,1,1,0
easily_disheartened,1,1,0
really_wooden,1,0,1
easily_confusing,1,1,0
really_worst,1,1,0
easily_contagious,1,0,1
really_worrying,1,1,0
easily_covert,1,1,0
really_workable,1,1,0
really_wordy,1,1,0
easily_custom,1,1,0
easily_disgusted,1,1,0
easily_customisable,1,1,0
easily_damn,1,1,0
easily_debatable,1,0,1
easily_deep,1,1,0
easily_defensible,1,1,0
really_winded,1,1,0
easily_despicable,1,0,1
easily_self-taught,1,1,0
easily_simple,1,1,0
really_unintelligible,1,0,1
economically_grim,1,1,0
economically_defensible,1,1,0
really_tentative,1,1,0
economically_destitute,1,1,0
really_temperate,1,1,0
economically_detrimental,1,1,0
economically_devastating,1,1,0
economically_difficult,1,1,0
economically_disastrous,1,1,0
economically_driven,1,1,0
really_tangential,1,1,0
economically_effective,1,1,0
economically_enviable,1,1,0
really_talkative,1,1,0
economically_essential,1,1,0
economically_faulty,1,1,0
really_synthetic,1,0,1
really_symptomatic,1,1,0
economically_decrepit,1,1,0
economically_debilitating,1,1,0
economically_dangerous,1,1,0
economically_burdensome,1,1,0
economically_amiss,1,1,0
economically_appropriate,1,1,0
economically_arbitrary,1,1,0
economically_astute,1,1,0
economically_available,1,1,0
economically_bankrupt,1,1,0
economically_bearable,1,1,0
economically_catastrophic,1,1,0
economically_credible,1,1,0
economically_cheap,1,1,0
economically_clever,1,1,0
really_thorough,1,1,0
really_third,1,1,0
economically_costly,1,1,0
economically_counterproductive,1,1,0
economically_creative,1,1,0
economically_great,1,0,1
economically_homogeneous,1,1,0
economically_affluent,1,1,0
economically_impoverished,1,1,0
really_such,1,1,0
really_succulent,1,1,0
economically_lucky,1,1,0
economically_manageable,1,1,0
economically_marginalized,1,1,0
economically_meaningful,1,1,0
really_substandard,1,1,0
economically_moderate,1,1,0
economically_nationalist,1,1,0
really_subdued,1,1,0
economically_nonsensical,1,1,0
economically_obligated,1,1,0
economically_ok,1,1,0
really_stunned,1,1,0
really_stuffy,1,0,1
economically_populist,1,1,0
economically_positive,1,1,0
really_sudden,1,1,0
really_suggestive,1,1,0
economically_libertarian,1,1,0
economically_insolvent,1,1,0
really_suspenseful,1,1,0
really_suspect,1,1,0
economically_indifferent,1,1,0
economically_indistinguishable,1,1,0
economically_influential,1,1,0
economically_innocent,1,1,0
really_supreme,1,0,1
really_supple,1,1,0
really_summery,1,0,1
really_superstitious,1,1,0
really_superhuman,1,1,0
really_superfluous,1,1,0
economically_irrelevant,1,1,0
economically_irresponsible,1,1,0
economically_large,1,1,0
really_sumptuous,1,0,1
economically_ailing,1,1,0
economically_achievable,1,1,0
really_uninspired,1,1,0
really_unconstitutional,1,0,1
really_unflattering,1,1,0
easily_unnerved,1,1,0
really_unfinished,1,0,1
easily_vegetarian,1,1,0
easily_wide,1,1,0
really_unethical,1,0,1
really_unenforceable,1,1,0
easily_winnable,1,1,0
really_underwhelming,1,1,0
really_underway,1,1,0
really_underwater,1,1,0
really_understated,1,0,1
easily_worse,1,1,0
ecologically_accurate,1,0,1
really_underpaid,1,1,0
really_uncool,1,1,0
really_unconvinced,1,1,0
really_unfocused,1,1,0
really_unfolding,1,1,0
really_unforeseen,1,0,1
easily_surprised,1,1,0
really_uninformed,1,1,0
really_unimpressive,1,0,1
really_unimpressed,1,1,0
easily_standard,1,1,0
easily_strong,1,1,0
easily_subject,1,1,0
easily_subtle,1,1,0
easily_suspicious,1,1,0
easily_unbalanced,1,1,0
really_ungrateful,1,1,0
easily_sustainable,1,1,0
easily_tangible,1,0,1
easily_tolerable,1,1,0
easily_top,1,1,0
really_unforgiving,1,0,1
easily_true,1,1,0
ecologically_benevolent,1,1,0
really_uncomplicated,1,1,0
really_touristy,1,0,1
ecologically_benign,1,1,0
ecologically_related,1,1,0
ecologically_repugnant,1,1,0
really_troubled,1,1,0
really_tropical,1,0,1
ecologically_sensible,1,1,0
ecologically_short-sighted,1,1,0
really_tribal,1,0,1
ecologically_spectacular,1,1,0
ecologically_tenable,1,1,0
ecologically_unique,1,0,1
ecologically_unsustainable,1,1,0
really_transparent,1,1,0
ecologically_valuable,1,1,0
really_transcendent,1,0,1
economically_abusive,1,1,0
economically_acceptable,1,1,0
economically_accurate,1,0,1
really_trustworthy,1,0,1
ecologically_productive,1,1,0
ecologically_mindful,1,1,0
ecologically_devastating,1,1,0
ecologically_considerate,1,1,0
ecologically_correct,1,1,0
really_uncharacteristic,1,0,1
ecologically_dangerous,1,1,0
ecologically_defensible,1,1,0
ecologically_deficient,1,1,0
really_unbeatable,1,1,0
ecologically_fabulous,1,1,0
really_ubiquitous,1,1,0
really_unavailable,1,1,0
ecologically_feasible,1,1,0
really_unattainable,1,1,0
really_unassuming,1,1,0
ecologically_functional,1,1,0
ecologically_harmful,1,1,0
ecologically_literate,1,0,1
reasonably_believable,1,1,0
reasonably_big,1,1,0
reasonably_blunt,1,0,1
reasonably_shabby,1,1,0
dreadfully_awkward,1,1,0
reasonably_spherical,1,1,0
dreadfully_bored,1,1,0
dreadfully_cold,1,1,0
reasonably_sophisticated,1,1,0
dreadfully_delicious,1,0,1
dreadfully_disconcerting,1,0,1
dreadfully_distressing,1,1,0
dreadfully_distrustful,1,1,0
dreadfully_disturbing,1,1,0
reasonably_slick,1,1,0
dreadfully_fearful,1,0,1
dreadfully_fond,1,1,0
dreadfully_funny,1,0,1
dreadfully_heavy,1,1,0
reasonably_significant,1,0,1
reasonably_short,1,1,0
reasonably_static,1,1,0
dreadfully_awful,1,1,0
dreadfully_aware,1,1,0
reasonably_susceptible,1,1,0
reasonably_tasty,1,1,0
reasonably_tasteless,1,1,0
reasonably_tall,1,0,1
reasonably_talented,1,1,0
reasonably_sympathetic,1,1,0
reasonably_swift,1,1,0
reasonably_suspicious,1,0,1
drastically_unprepared,1,1,0
dreadfully_amusing,1,1,0
reasonably_supportive,1,1,0
reasonably_superficial,1,0,1
drastically_younger,1,0,1
dreadfully_agitated,1,1,0
dreadfully_amateurish,1,1,0
reasonably_subject,1,1,0
reasonably_subdued,1,1,0
reasonably_sharp,1,1,0
reasonably_self-explanatory,1,1,0
reasonably_tolerant,1,1,0
reasonably_scared,1,1,0
dreadfully_mistaken,1,1,0
dreadfully_mundane,1,1,0
reasonably_prosperous,1,1,0
reasonably_promising,1,1,0
reasonably_prominent,1,1,0
reasonably_progressive,1,1,0
reasonably_profound,1,1,0
dreadfully_naive,1,1,0
reasonably_proficient,1,1,0
reasonably_professional,1,1,0
reasonably_probable,1,1,0
reasonably_privileged,1,1,0
reasonably_primal,1,1,0
dreadfully_nervous,1,1,0
reasonably_preventable,1,1,0
reasonably_presentable,1,1,0
dreadfully_obedient,1,1,0
reasonably_random,1,1,0
reasonably_rapid,1,1,0
reasonably_rare,1,1,0
reasonably_respectful,1,1,0
reasonably_satisfying,1,1,0
reasonably_satisfactory,1,1,0
dreadfully_late,1,1,0
dreadfully_liable,1,1,0
reasonably_robust,1,1,0
reasonably_right,1,1,0
reasonably_responsible,1,1,0
reasonably_respectable,1,0,1
reasonably_realistic,1,1,0
reasonably_relevant,1,0,1
reasonably_relaxed,1,1,0
dreadfully_lonely,1,1,0
reasonably_regular,1,1,0
reasonably_recognisable,1,1,0
reasonably_receptive,1,1,0
dreadfully_lukewarm,1,1,0
reasonably_thick,1,1,0
reasonably_tough,1,1,0
reasonably_pragmatic,1,1,0
reassuringly_evocative,1,1,0
reassuringly_old-fashioned,1,0,1
reassuringly_odd,1,1,0
reassuringly_normal,1,0,1
reassuringly_mundane,1,1,0
reassuringly_lower,1,1,0
drastically_poor,1,1,0
reassuringly_loud,1,1,0
reassuringly_irish,1,0,1
reassuringly_intelligent,1,0,1
reassuringly_humane,1,1,0
drastically_positive,1,0,1
reassuringly_homemade,1,0,1
reassuringly_high,1,1,0
reassuringly_harmless,1,1,0
reassuringly_funny,1,1,0
reassuringly_flawed,1,0,1
drastically_shocked,1,1,0
drastically_overworked,1,1,0
reassuringly_real,1,1,0
drastically_overpriced,1,1,0
drastically_overgrown,1,1,0
recently_attractive,1,0,1
recently_angry,1,1,0
recently_amenable,1,1,0
recently_alien,1,1,0
recently_aged,1,1,0
drastically_offensive,1,1,0
recently_absent,1,1,0
reassuringly_unpredictable,1,1,0
reassuringly_retro,1,0,1
reassuringly_uncompromising,1,0,1
drastically_overpaid,1,1,0
reassuringly_thick,1,1,0
reassuringly_straightforward,1,0,1
reassuringly_solid,1,0,1
reassuringly_sensible,1,0,1
reassuringly_satisfying,1,1,0
drastically_simple,1,1,0
reassuringly_english,1,0,1
drastically_unfinished,1,0,1
reassuringly_distant,1,1,0
drastically_superior,1,1,0
reasonably_vocal,1,1,0
reasonably_violent,1,1,0
reasonably_viewable,1,1,0
drastically_uncool,1,1,0
drastically_underpaid,1,1,0
reasonably_upset,1,1,0
reasonably_upbeat,1,1,0
drastically_underrepresented,1,1,0
drastically_underweight,1,1,0
reasonably_unhappy,1,1,0
reasonably_uneducated,1,0,1
reasonably_unavoidable,1,1,0
reasonably_unassuming,1,1,0
reasonably_unable,1,1,0
drastically_unexpected,1,0,1
reasonably_transparent,1,1,0
reasonably_wealthy,1,1,0
reasonably_weird,1,1,0
reasonably_welcome,1,1,0
reassuringly_classical,1,0,1
reassuringly_definite,1,0,1
reassuringly_deep,1,1,0
reassuringly_cool,1,1,0
reassuringly_consistent,1,0,1
reassuringly_concrete,1,0,1
drastically_slow,1,1,0
reassuringly_comfortable,1,0,1
reassuringly_classic,1,0,1
reasonably_witty,1,1,0
drastically_slower,1,1,0
reassuringly_big,1,0,1
reassuringly_authentic,1,0,1
drastically_smaller,1,1,0
reasonably_worthwhile,1,0,1
reasonably_worth,1,1,0
reasonably_worried,1,1,0
reasonably_precise,1,1,0
dreadfully_obvious,1,1,0
reasonably_bold,1,0,1
earlier_enough,1,1,0
reasonably_edible,1,0,1
reasonably_economical,1,1,0
dynamically_superb,1,1,0
reasonably_early,1,1,0
reasonably_durable,1,1,0
reasonably_dull,1,1,0
dynamically_viable,1,1,0
reasonably_dramatic,1,0,1
reasonably_discernible,1,1,0
reasonably_diligent,1,1,0
reasonably_difficult,1,0,1
reasonably_different,1,0,1
earlier_capable,1,1,0
reasonably_desirable,1,1,0
reasonably_definitive,1,0,1
reasonably_deep,1,1,0
earlier_dependent,1,1,0
dynamically_related,1,1,0
dynamically_quieter,1,1,0
dynamically_possible,1,1,0
reasonably_famous,1,0,1
duly_sceptical,1,1,0
duly_shocked,1,1,0
duly_wary,1,1,0
reasonably_firm,1,0,1
dynamically_active,1,1,0
reasonably_fierce,1,0,1
reasonably_fast,1,1,0
dynamically_adjustable,1,1,0
dynamically_pleasing,1,1,0
dynamically_consistent,1,1,0
dynamically_divine,1,0,1
reasonably_exhaustive,1,1,0
reasonably_exciting,1,1,0
dynamically_editable,1,1,0
reasonably_equal,1,1,0
dynamically_expressive,1,1,0
reasonably_cute,1,1,0
reasonably_creative,1,1,0
duly_scared,1,1,0
reasonably_costly,1,1,0
early_relative,1,0,1
reasonably_cognizant,1,1,0
early_romantic,1,1,0
reasonably_clever,1,1,0
early_uncomplicated,1,1,0
early_unparalleled,1,1,0
reasonably_charming,1,1,0
early_welcome,1,1,0
easily_abundant,1,1,0
reasonably_cautious,1,1,0
easily_accountable,1,1,0
easily_accustomed,1,1,0
reasonably_candid,1,1,0
easily_addicting,1,1,0
reasonably_businesslike,1,1,0
easily_additional,1,1,0
reasonably_brief,1,0,1
reasonably_commensurate,1,1,0
early_light,1,1,0
reasonably_compact,1,0,1
reasonably_conclusive,1,0,1
reasonably_cost-effective,1,0,1
earlier_fair,1,1,0
reasonably_convincing,1,1,0
earlier_free,1,1,0
earlier_legit,1,1,0
earlier_unreleased,1,1,0
early_advanced,1,1,0
reasonably_concise,1,1,0
reasonably_compatible,1,1,0
reasonably_conciliatory,1,0,1
early_american,1,0,1
early_dark,1,1,0
early_industrial,1,0,1
reasonably_competitive,1,1,0
early_involved,1,1,0
reasonably_compelling,1,0,1
reasonably_forecast,1,1,0
reasonably_formulaic,1,1,0
dreadfully_old,1,1,0
dreadfully_tasteless,1,1,0
reasonably_obtainable,1,1,0
reasonably_nuanced,1,1,0
reasonably_normal,1,1,0
reasonably_nice,1,1,0
dreadfully_sick,1,0,1
reasonably_neutral,1,1,0
dreadfully_similar,1,0,1
reasonably_nearby,1,1,0
reasonably_navigable,1,1,0
reasonably_nasty,1,1,0
reasonably_modern,1,1,0
reasonably_mobile,1,1,0
reasonably_minor,1,1,0
reasonably_melodic,1,1,0
reasonably_manageable,1,0,1
reasonably_lower,1,1,0
reasonably_low-cost,1,1,0
dreadfully_shocking,1,1,0
reasonably_offensive,1,1,0
dreadfully_shallow,1,1,0
dreadfully_poor,1,1,0
reasonably_powerful,1,1,0
dreadfully_outdated,1,1,0
reasonably_positive,1,0,1
dreadfully_overblown,1,1,0
reasonably_polite,1,1,0
reasonably_pleasing,1,0,1
dreadfully_pale,1,1,0
dreadfully_prejudiced,1,1,0
reasonably_old,1,1,0
dreadfully_remote,1,0,1
reasonably_palatable,1,0,1
dreadfully_responsible,1,1,0
reasonably_original,1,0,1
reasonably_orderly,1,1,0
dreadfully_romantic,1,1,0
dreadfully_serious,1,1,0
reasonably_long-lasting,1,1,0
dreadfully_theatrical,1,1,0
duly_observant,1,1,0
reasonably_likeable,1,1,0
reasonably_helpful,1,1,0
reasonably_hefty,1,1,0
duly_anxious,1,1,0
reasonably_harmonious,1,1,0
reasonably_harmless,1,1,0
reasonably_hard,1,1,0
duly_beholden,1,1,0
duly_cautious,1,1,0
reasonably_glamorous,1,0,1
reasonably_gentle,1,1,0
reasonably_generic,1,1,0
duly_grateful,1,1,0
duly_hopeful,1,1,0
reasonably_fun,1,0,1
reasonably_frustrating,1,1,0
reasonably_frightening,1,1,0
duly_laden,1,1,0
reasonably_hopeful,1,1,0
reasonably_humane,1,1,0
dreadfully_upset,1,1,0
reasonably_irritating,1,1,0
reasonably_likable,1,1,0
reasonably_lighthearted,1,0,1
reasonably_light,1,0,1
dreadfully_tired,1,1,0
reasonably_knowledgeable,1,0,1
reasonably_justifiable,1,1,0
reasonably_jovial,1,1,0
dreadfully_unconvincing,1,1,0
reasonably_imminent,1,1,0
reasonably_interchangeable,1,1,0
dreadfully_unfunny,1,1,0
reasonably_intact,1,1,0
reasonably_insane,1,1,0
reasonably_innovative,1,1,0
reasonably_inexpensive,1,0,1
dreadfully_unusual,1,1,0
economically_precarious,1,1,0
economically_preferable,1,1,0
economically_priced,1,1,0
really_non-existent,1,1,0
effortlessly_witty,1,1,0
egregiously_aggressive,1,1,0
really_obese,1,1,0
egregiously_bizarre,1,1,0
egregiously_divisive,1,1,0
egregiously_dumb,1,0,1
really_nuanced,1,1,0
egregiously_feminine,1,1,0
egregiously_illegal,1,1,0
really_noticable,1,1,0
egregiously_immoral,1,0,1
egregiously_inadequate,1,1,0
egregiously_inappropriate,1,1,0
egregiously_incorrect,1,1,0
egregiously_ineffective,1,1,0
egregiously_melodramatic,1,1,0
really_nonchalant,1,1,0
really_observant,1,1,0
effortlessly_unmistakable,1,1,0
really_obsessive,1,1,0
effortlessly_talented,1,1,0
effortlessly_scholarly,1,1,0
effortlessly_sexy,1,0,1
effortlessly_skinny,1,1,0
effortlessly_solvable,1,1,0
effortlessly_sure,1,1,0
really_offline,1,1,0
effortlessly_symbiotic,1,0,1
effortlessly_thin,1,1,0
really_obsolete,1,1,0
effortlessly_timeless,1,1,0
really_off,1,1,0
effortlessly_treatable,1,1,0
effortlessly_trendy,1,1,0
effortlessly_understandable,1,1,0
really_obtuse,1,1,0
really_obstinate,1,1,0
egregiously_messy,1,1,0
egregiously_mistaken,1,1,0
effortlessly_romantic,1,0,1
really_nightmarish,1,0,1
egregiously_unheard,1,0,1
egregiously_unjust,1,1,0
egregiously_unnatural,1,1,0
either_absent,1,1,0
really_mythical,1,0,1
either_afraid,1,1,0
either_apathetic,1,1,0
either_asleep,1,1,0
either_blurry,1,1,0
either_busy,1,1,0
either_clueless,1,1,0
either_comfortable,1,1,0
either_confused,1,1,0
really_moving,1,0,1
really_motivating,1,0,1
either_cranky,1,1,0
either_critical,1,1,0
egregiously_unfit,1,0,1
egregiously_unfashionable,1,0,1
really_nauseating,1,1,0
egregiously_sloppy,1,1,0
egregiously_outrageous,1,1,0
egregiously_poor,1,1,0
egregiously_pornographic,1,1,0
egregiously_puzzling,1,1,0
really_neutral,1,1,0
egregiously_reckless,1,0,1
egregiously_repressive,1,1,0
really_negligible,1,1,0
really_nauseous,1,1,0
really_negligent,1,1,0
egregiously_speculative,1,1,0
egregiously_strange,1,0,1
egregiously_stupid,1,1,0
really_nebulous,1,1,0
egregiously_terrible,1,0,1
egregiously_unconstitutional,1,1,0
effortlessly_sarcastic,1,1,0
effortlessly_potential,1,1,0
either_curious,1,1,0
effectively_worthless,1,0,1
effectively_unenforceable,1,1,0
effectively_uninhabitable,1,1,0
effectively_unknowable,1,1,0
effectively_unlimited,1,1,0
effectively_unprotected,1,1,0
really_permanent,1,0,1
really_peripheral,1,1,0
really_perceptive,1,1,0
really_pedestrian,1,1,0
effectively_untrue,1,1,0
effectively_useless,1,1,0
effectively_vacant,1,1,0
effectively_violent,1,1,0
effectively_visceral,1,1,0
effectively_warm,1,1,0
effectively_waterproof,1,1,0
effectively_widespread,1,1,0
effectively_unemployed,1,1,0
really_pertinent,1,0,1
effectively_undone,1,1,0
effectively_stuck,1,1,0
effectively_simple,1,1,0
effectively_skilled,1,1,0
effectively_stark,1,1,0
really_pivotal,1,1,0
really_pitiful,1,0,1
effectively_state-owned,1,1,0
really_pink,1,1,0
really_picturesque,1,1,0
effectively_underwater,1,1,0
effectively_subject,1,1,0
effectively_symbolic,1,1,0
effectively_treatable,1,1,0
effectively_unchallenged,1,1,0
effectively_unchanged,1,1,0
really_pessimistic,1,1,0
really_perverted,1,0,1
really_part-time,1,1,0
really_palpable,1,0,1
really_onerous,1,1,0
effortlessly_accessible,1,1,0
effortlessly_fantastic,1,1,0
effortlessly_female,1,0,1
effortlessly_fun,1,0,1
really_ours,1,0,1
really_ostentatious,1,0,1
effortlessly_funny,1,1,0
effortlessly_good,1,1,0
effortlessly_graceful,1,1,0
effortlessly_groovy,1,1,0
really_oral,1,1,0
really_opulent,1,0,1
effortlessly_identifiable,1,1,0
really_opportunistic,1,1,0
effortlessly_musical,1,1,0
really_operational,1,1,0
really_open-ended,1,1,0
effortlessly_overwhelming,1,1,0
effortlessly_exciting,1,1,0
effortlessly_elegant,1,1,0
really_outside,1,1,0
effortlessly_compassionate,1,1,0
effortlessly_badass,1,1,0
effortlessly_believable,1,1,0
really_overworked,1,1,0
effortlessly_captivating,1,1,0
effortlessly_casual,1,1,0
effortlessly_charismatic,1,1,0
effortlessly_charming,1,1,0
really_oversized,1,1,0
really_outspoken,1,1,0
effortlessly_configurable,1,1,0
really_overgrown,1,1,0
really_overdone,1,1,0
really_overcast,1,1,0
effortlessly_detailed,1,1,0
really_overbearing,1,1,0
effortlessly_easy,1,1,0
really_morose,1,1,0
either_deaf,1,1,0
effectively_sick,1,1,0
either_unhappy,1,1,0
either_stupid,1,1,0
really_lenient,1,1,0
either_successful,1,1,0
really_legitimate,1,1,0
either_surprised,1,1,0
either_taller,1,1,0
really_leftist,1,1,0
really_leery,1,1,0
either_terrible,1,1,0
either_timid,1,1,0
really_lawless,1,0,1
either_tired,1,1,0
either_uncomfortable,1,1,0
really_last,1,1,0
really_larger,1,1,0
really_large-scale,1,0,1
either_underdeveloped,1,1,0
really_lethargic,1,1,0
either_speechless,1,1,0
really_libertarian,1,1,0
either_ready,1,1,0
either_predictable,1,1,0
really_louder,1,1,0
either_premature,1,1,0
really_loopy,1,0,1
really_long-lived,1,1,0
really_long-lasting,1,1,0
either_quicker,1,1,0
really_lofty,1,1,0
really_life-changing,1,0,1
either_restrictive,1,1,0
either_scared,1,1,0
either_short,1,1,0
either_shorter,1,1,0
either_smarter,1,1,0
really_lighthearted,1,0,1
either_smooth,1,1,0
either_underweight,1,1,0
really_labor-intensive,1,0,1
either_plain,1,1,0
either_unhelpful,1,1,0
electorally_palatable,1,1,0
electorally_popular,1,1,0
electorally_powerful,1,1,0
really_irresistible,1,0,1
electorally_risky,1,1,0
electorally_significant,1,1,0
electorally_toxic,1,0,1
electorally_viable,1,1,0
electorally_wise,1,1,0
electrically_active,1,1,0
really_irate,1,1,0
really_inviting,1,1,0
electrically_compatible,1,1,0
electrically_cool,1,1,0
electrically_dependent,1,1,0
electrically_good,1,1,0
electrically_intense,1,1,0
really_itchy,1,1,0
electorally_motivated,1,1,0
electorally_minded,1,1,0
really_justifiable,1,1,0
really_knowledgable,1,1,0
either_uninformed,1,1,0
really_kinetic,1,0,1
either_unprofitable,1,1,0
either_unqualified,1,1,0
either_unresponsive,1,1,0
either_wary,1,1,0
really_jumpy,1,1,0
really_jazzy,1,1,0
either_wet,1,1,0
either_worried,1,1,0
really_judgemental,1,1,0
electorally_damaging,1,1,0
electorally_devastating,1,1,0
electorally_disastrous,1,1,0
electorally_inconclusive,1,1,0
really_lovable,1,1,0
either_perfect,1,1,0
really_moot,1,1,0
really_meditative,1,0,1
really_mindless,1,0,1
either_fresh,1,1,0
really_mind-boggling,1,0,1
either_furious,1,1,0
really_militant,1,1,0
really_mexican,1,1,0
really_meticulous,1,1,0
really_metaphysical,1,0,1
either_great,1,0,1
either_happy,1,1,0
really_meritorious,1,1,0
really_merciless,1,1,0
either_harder,1,1,0
either_helpless,1,1,0
either_ignorant,1,1,0
either_illiterate,1,1,0
really_melancholy,1,1,0
either_fortunate,1,1,0
either_forbidden,1,1,0
either_familiar,1,1,0
either_dirty,1,1,0
either_deep,1,1,0
either_defunct,1,1,0
either_dehydrated,1,1,0
really_monotonous,1,1,0
either_difficult,1,1,0
really_moist,1,1,0
really_modular,1,0,1
either_disappointed,1,1,0
either_expensive,1,1,0
really_moderate,1,1,0
really_mobile,1,0,1
really_mixed,1,1,0
either_distracting,1,1,0
either_easier,1,1,0
either_efficient,1,1,0
either_envious,1,1,0
really_meh,1,1,0
either_immature,1,1,0
either_overweight,1,1,0
really_mechanical,1,1,0
really_malevolent,1,1,0
either_late,1,1,0
really_majestic,1,0,1
either_meaningless,1,1,0
either_necessary,1,1,0
either_neutral,1,1,0
really_macabre,1,0,1
either_obtuse,1,1,0
really_lush,1,1,0
really_lurid,1,1,0
really_lumpy,1,1,0
really_lukewarm,1,1,0
really_ludicrous,1,1,0
either_older,1,1,0
either_organic,1,1,0
really_low-level,1,1,0
really_low-key,1,1,0
either_lame,1,1,0
either_invisible,1,1,0
either_insightful,1,1,0
really_matte,1,1,0
either_impossible,1,1,0
really_measurable,1,1,0
either_inadequate,1,1,0
either_incapable,1,1,0
either_incompetent,1,1,0
really_meager,1,1,0
either_incomplete,1,1,0
really_maternal,1,1,0
either_inexperienced,1,1,0
either_inconsequential,1,1,0
either_ineffective,1,1,0
either_ineligible,1,1,0
really_marvellous,1,0,1
really_marketable,1,0,1
really_marginalised,1,1,0
really_many,1,1,0
effectively_silent,1,1,0
really_pleasurable,1,0,1
economically_proficient,1,1,0
eerily_confident,1,0,1
really_sheer,1,1,0
eerily_aggressive,1,1,0
eerily_alike,1,1,0
eerily_alluring,1,0,1
really_shaky,1,1,0
eerily_atmospheric,1,0,1
eerily_blank,1,1,0
eerily_blissful,1,0,1
really_sexier,1,1,0
eerily_bold,1,1,0
really_several,1,1,0
eerily_calming,1,0,1
really_serendipitous,1,1,0
eerily_claustrophobic,1,1,0
really_sensual,1,0,1
eerily_clean,1,1,0
eerily_close,1,1,0
eerily_adept,1,1,0
educationally_unsuitable,1,1,0
educationally_unsound,1,1,0
educationally_related,1,1,0
educationally_diverse,1,1,0
educationally_elite,1,1,0
educationally_inadequate,1,1,0
really_simpler,1,1,0
educationally_inappropriate,1,1,0
educationally_innovative,1,0,1
educationally_productive,1,1,0
educationally_resourceful,1,0,1
educationally_unrelated,1,1,0
educationally_robust,1,1,0
educationally_sound,1,1,0
really_shrewd,1,1,0
really_shortsighted,1,1,0
really_short-sighted,1,1,0
educationally_stimulating,1,1,0
educationally_underrepresented,1,1,0
eerily_compelling,1,0,1
really_self-reliant,1,1,0
educationally_beneficial,1,1,0
really_self-indulgent,1,0,1
eerily_fun,1,1,0
eerily_funny,1,0,1
really_savory,1,1,0
eerily_good,1,1,0
eerily_green,1,0,1
eerily_haunting,1,1,0
eerily_horrifying,1,1,0
really_sappy,1,1,0
really_sandy,1,1,0
really_same,1,1,0
eerily_human,1,0,1
really_salient,1,1,0
really_salacious,1,0,1
eerily_human-like,1,1,0
really_sadistic,1,1,0
eerily_inevitable,1,0,1
eerily_inquisitive,1,1,0
eerily_fascinating,1,0,1
eerily_exact,1,1,0
eerily_enigmatic,1,1,0
eerily_decrepit,1,1,0
eerily_correct,1,1,0
eerily_cosmic,1,0,1
really_seedy,1,1,0
eerily_creepy,1,1,0
really_sedentary,1,1,0
eerily_curious,1,1,0
eerily_damaging,1,0,1
eerily_desolate,1,1,0
really_scathing,1,0,1
really_second,1,1,0
really_searchable,1,1,0
really_sculptural,1,0,1
eerily_disquieting,1,0,1
eerily_effective,1,1,0
really_scientific,1,0,1
really_sci-fi,1,1,0
educationally_capable,1,1,0
educationally_bad,1,1,0
eerily_intriguing,1,0,1
really_spare,1,1,0
economically_self-reliant,1,1,0
really_squeamish,1,1,0
economically_self-sufficient,1,1,0
really_spotless,1,1,0
really_spot-on,1,1,0
economically_shaky,1,1,0
economically_smart,1,1,0
economically_sovereign,1,1,0
economically_strategic,1,1,0
really_spirited,1,0,1
economically_stupid,1,1,0
economically_sufficient,1,1,0
really_speculative,1,1,0
economically_suitable,1,1,0
economically_superior,1,1,0
really_specialized,1,0,1
economically_tenable,1,1,0
economically_savvy,1,1,0
really_stagnant,1,1,0
economically_satisfied,1,1,0
economically_recoverable,1,1,0
really_strategic,1,1,0
economically_radical,1,1,0
really_stout,1,1,0
economically_realistic,1,1,0
economically_reasonable,1,1,0
really_stingy,1,1,0
really_stimulating,1,0,1
economically_reliant,1,1,0
economically_safe,1,1,0
really_stereotypical,1,0,1
economically_restrictive,1,1,0
economically_rich,1,1,0
really_steamy,1,0,1
really_stealthy,1,1,0
really_steady,1,0,1
really_static,1,1,0
really_sparse,1,0,1
really_spacious,1,1,0
educationally_backward,1,1,0
really_southern,1,0,1
really_smoky,1,0,1
economically_unsuccessful,1,1,0
really_smarter,1,1,0
economically_usable,1,1,0
really_smaller,1,1,0
economically_useless,1,1,0
economically_versatile,1,1,0
economically_virtuous,1,1,0
economically_wasteful,1,1,0
economically_weaker,1,1,0
really_slim,1,0,1
really_slight,1,1,0
economically_workable,1,1,0
economically_worried,1,1,0
really_sleazy,1,0,1
economically_worthless,1,1,0
really_skimpy,1,0,1
economically_unsteady,1,1,0
really_smug,1,1,0
economically_unreasonable,1,1,0
economically_unhealthy,1,1,0
economically_tough,1,1,0
economically_traumatic,1,1,0
economically_troubling,1,1,0
economically_unattractive,1,1,0
economically_underserved,1,1,0
really_sordid,1,0,1
economically_unequal,1,1,0
economically_unhelpful,1,1,0
economically_unrealistic,1,1,0
economically_unimportant,1,1,0
really_softer,1,1,0
economically_unjustified,1,1,0
economically_unnecessary,1,1,0
really_sobering,1,0,1
economically_unprepared,1,1,0
economically_unproductive,1,1,0
eerily_intimate,1,1,0
eerily_ironic,1,0,1
effectively_scary,1,1,0
effectively_illiterate,1,1,0
effectively_defunct,1,1,0
really_psychological,1,1,0
effectively_different,1,1,0
effectively_difficult,1,1,0
effectively_disturbing,1,1,0
effectively_entertaining,1,1,0
effectively_equal,1,1,0
really_prosaic,1,0,1
really_proper,1,0,1
effectively_equivalent,1,1,0
really_prompt,1,1,0
effectively_exclusive,1,1,0
effectively_exhausting,1,1,0
effectively_fake,1,1,0
effectively_fourth,1,1,0
effectively_fun,1,0,1
effectively_identifiable,1,1,0
effectively_data-driven,1,1,0
effectively_dark,1,1,0
effectively_curable,1,1,0
effectively_bleak,1,1,0
effectively_authentic,1,1,0
really_ragged,1,1,0
effectively_available,1,1,0
really_rad,1,0,1
effectively_bad,1,1,0
effectively_best,1,1,0
really_rabid,1,1,0
effectively_blind,1,1,0
effectively_creepy,1,1,0
effectively_close,1,1,0
effectively_conscious,1,1,0
effectively_constant,1,1,0
effectively_continuous,1,1,0
effectively_creative,1,1,0
really_purposeful,1,1,0
really_purple,1,1,0
effectively_illegitimate,1,1,0
effectively_indiscriminate,1,1,0
effectively_approachable,1,1,0
really_pristine,1,1,0
effectively_new,1,1,0
really_powerless,1,1,0
effectively_nonsense,1,1,0
effectively_offensive,1,1,0
effectively_opaque,1,1,0
effectively_outdated,1,1,0
effectively_passive,1,1,0
really_portable,1,0,1
effectively_pregnant,1,1,0
effectively_public,1,1,0
effectively_punishable,1,1,0
effectively_random,1,1,0
really_polished,1,0,1
really_polish,1,1,0
effectively_reactive,1,1,0
effectively_redundant,1,1,0
effectively_related,1,1,0
really_preachy,1,1,0
effectively_moribund,1,1,0
effectively_more,1,1,0
effectively_lower,1,1,0
effectively_indistinguishable,1,1,0
really_prime,1,0,1
effectively_inert,1,1,0
effectively_inherent,1,1,0
effectively_invulnerable,1,1,0
effectively_irrelevant,1,1,0
effectively_legal,1,0,1
really_pressing,1,0,1
effectively_mindful,1,1,0
really_presentable,1,1,0
effectively_meaningless,1,1,0
really_prescient,1,0,1
really_premature,1,1,0
really_preliminary,1,1,0
really_pregnant,1,1,0
really_preferable,1,0,1
effectively_arbitrary,1,1,0
effectively_appealing,1,1,0
really_rural,1,1,0
really_repulsive,1,0,1
eerily_powerful,1,0,1
really_richer,1,1,0
eerily_precise,1,1,0
eerily_predictive,1,0,1
eerily_productive,1,1,0
really_revolting,1,1,0
really_revealing,1,1,0
really_retro,1,0,1
really_reticent,1,1,0
eerily_prolific,1,0,1
eerily_recent,1,1,0
really_restless,1,1,0
eerily_relatable,1,1,0
eerily_romantic,1,0,1
eerily_satisfying,1,0,1
eerily_serene,1,1,0
eerily_simple,1,0,1
eerily_poignant,1,1,0
really_right-wing,1,1,0
eerily_poetic,1,0,1
eerily_medieval,1,0,1
really_runny,1,1,0
really_rugged,1,1,0
eerily_lit,1,1,0
eerily_magnetic,1,0,1
really_routine,1,1,0
really_rousing,1,0,1
eerily_majestic,1,0,1
eerily_menacing,1,0,1
eerily_pleasing,1,0,1
really_roomy,1,1,0
eerily_missing,1,0,1
eerily_non-existent,1,1,0
eerily_peaceful,1,1,0
eerily_perceptive,1,1,0
eerily_perfect,1,1,0
eerily_placid,1,1,0
really_reputable,1,1,0
really_repugnant,1,0,1
effectively_amusing,1,1,0
really_republican,1,1,0
really_reflective,1,1,0
really_redeemable,1,1,0
eerily_unnatural,1,0,1
really_recognizable,1,0,1
really_reclusive,1,1,0
eerily_unreal,1,0,1
eerily_unsettling,1,0,1
eerily_untouched,1,1,0
really_rebellious,1,1,0
eerily_visceral,1,1,0
eerily_vulgar,1,0,1
eerily_wrong,1,0,1
really_real-time,1,1,0
effectively_absent,1,1,0
effectively_accessible,1,1,0
really_readable,1,0,1
effectively_alone,1,1,0
eerily_unforeseen,1,1,0
really_regrettable,1,0,1
really_regular,1,1,0
eerily_static,1,1,0
eerily_smart,1,1,0
eerily_soothing,1,0,1
eerily_sophisticated,1,0,1
really_remorseful,1,1,0
really_reminiscent,1,1,0
eerily_soulful,1,1,0
eerily_specific,1,1,0
really_relieved,1,1,0
eerily_uneasy,1,1,0
eerily_steady,1,1,0
eerily_surreal,1,1,0
really_relentless,1,1,0
eerily_symbolic,1,0,1
eerily_temporary,1,0,1
eerily_topical,1,1,0
eerily_tranquil,1,0,1
rather_usual,1,0,1
enduringly_childlike,1,0,1
quite_integral,1,1,0
quite_untouchable,1,1,0
quite_unsympathetic,1,1,0
equally_despondent,1,1,0
quite_unstructured,1,1,0
quite_unstoppable,1,0,1
equally_detectable,1,1,0
quite_unspoiled,1,1,0
quite_unsightly,1,1,0
equally_devoid,1,1,0
quite_unsettled,1,1,0
equally_devoted,1,1,0
equally_dignified,1,0,1
equally_diligent,1,1,0
quite_unscientific,1,1,0
quite_unsatisfying,1,0,1
quite_unsatisfied,1,1,0
equally_disadvantaged,1,1,0
equally_disconcerting,1,0,1
equally_derogatory,1,0,1
equally_deranged,1,1,0
equally_indian,1,1,0
quite_unwatchable,1,1,0
equally_decadent,1,0,1
quite_user-friendly,1,1,0
equally_decrepit,1,1,0
equally_dedicated,1,0,1
equally_defective,1,1,0
equally_defensible,1,1,0
equally_defensive,1,1,0
equally_deficient,1,1,0
quite_upscale,1,1,0
quite_upright,1,1,0
equally_definite,1,0,1
quite_uplifting,1,0,1
equally_delectable,1,0,1
equally_deleterious,1,1,0
quite_unwieldy,1,1,0
equally_demented,1,0,1
equally_dependable,1,1,0
quite_unruly,1,1,0
quite_unresponsive,1,1,0
equally_discouraging,1,1,0
equally_discriminatory,1,1,0
equally_doomed,1,1,0
equally_doubtful,1,1,0
equally_dour,1,1,0
quite_unmanageable,1,0,1
quite_unlucky,1,1,0
equally_downbeat,1,1,0
equally_downtrodden,1,1,0
equally_dreamy,1,1,0
quite_unknowable,1,1,0
quite_unkind,1,1,0
equally_dreary,1,0,1
equally_driven,1,1,0
equally_drowsy,1,1,0
equally_dry,1,1,0
quite_uninterested,1,0,1
quite_unintentional,1,1,0
equally_easier,1,1,0
quite_unnoticed,1,1,0
quite_unobtrusive,1,1,0
quite_unorganized,1,1,0
quite_unproven,1,1,0
equally_disgruntled,1,1,0
equally_disgusted,1,1,0
quite_unrecognisable,1,0,1
equally_disinterested,1,1,0
equally_dismal,1,1,0
quite_unreadable,1,1,0
quite_unqualified,1,0,1
equally_disrespectful,1,1,0
equally_doable,1,0,1
quite_unprofessional,1,1,0
equally_disruptive,1,1,0
quite_unprepared,1,1,0
equally_dissimilar,1,1,0
equally_distressed,1,1,0
equally_disturbed,1,0,1
quite_unparalleled,1,0,1
quite_vacant,1,1,0
equally_debatable,1,1,0
equally_deaf,1,1,0
equally_chic,1,1,0
quite_wrinkled,1,1,0
quite_wretched,1,1,0
equally_bulky,1,0,1
equally_burdensome,1,1,0
equally_callous,1,1,0
equally_calm,1,1,0
equally_campy,1,1,0
equally_candid,1,1,0
equally_capitalist,1,1,0
quite_worldly,1,1,0
equally_careless,1,1,0
equally_casual,1,1,0
quite_wobbly,1,1,0
equally_cathartic,1,1,0
equally_celebratory,1,1,0
quite_winded,1,1,0
equally_charismatic,1,1,0
quite_yellow,1,1,0
equally_brazen,1,1,0
quite_youthful,1,1,0
rabidly_irrational,1,0,1
racially_abused,1,1,0
rabidly_territorial,1,1,0
rabidly_suicidal,1,1,0
rabidly_secular,1,1,0
rabidly_pro-choice,1,1,0
rabidly_passionate,1,1,0
rabidly_optimistic,1,1,0
rabidly_intolerant,1,1,0
equally_bouncy,1,1,0
equally_bored,1,1,0
rabidly_evil,1,1,0
rabidly_eager,1,1,0
equally_bothersome,1,1,0
rabidly_anti-israel,1,1,0
rabidly_anti-gay,1,1,0
rabidly_angry,1,1,0
equally_charitable,1,1,0
equally_christian,1,1,0
equally_dazzling,1,1,0
equally_chunky,1,0,1
equally_consensual,1,1,0
quite_vitriolic,1,1,0
equally_constructive,1,0,1
equally_contemptuous,1,1,0
quite_viscous,1,0,1
equally_contentious,1,1,0
equally_convoluted,1,0,1
equally_cooperative,1,1,0
quite_villainous,1,1,0
equally_crooked,1,1,0
equally_crowded,1,1,0
quite_vexing,1,1,0
equally_cryptic,1,0,1
equally_cultural,1,0,1
equally_cumbersome,1,0,1
equally_cutesy,1,0,1
quite_various,1,1,0
equally_conducive,1,1,0
quite_voluptuous,1,1,0
quite_voracious,1,1,0
equally_clumsy,1,1,0
equally_cinematic,1,0,1
equally_civilised,1,1,0
quite_western,1,0,1
equally_civilized,1,0,1
equally_classic,1,0,1
equally_clean,1,1,0
equally_cliche,1,0,1
equally_coercive,1,1,0
equally_condescending,1,1,0
equally_combative,1,0,1
equally_combustible,1,0,1
equally_comedic,1,0,1
quite_washable,1,1,0
equally_communal,1,1,0
equally_communicative,1,1,0
equally_compassionate,1,0,1
equally_eccentric,1,1,0
quite_unimpressive,1,1,0
quite_unimpressed,1,1,0
equally_heroic,1,0,1
quite_technological,1,0,1
equally_grievous,1,1,0
quite_taut,1,1,0
equally_grim,1,1,0
equally_gruesome,1,0,1
equally_gut-wrenching,1,1,0
equally_gutsy,1,0,1
equally_handicapped,1,1,0
equally_harder,1,0,1
equally_hateful,1,1,0
equally_haunting,1,1,0
quite_tactile,1,1,0
quite_tactical,1,0,1
quite_taboo,1,1,0
quite_systematic,1,1,0
equally_heartfelt,1,0,1
equally_hefty,1,0,1
equally_gratifying,1,0,1
equally_grandiose,1,0,1
equally_gracious,1,1,0
equally_general,1,0,1
equally_fortunate,1,1,0
equally_fragile,1,1,0
equally_frail,1,1,0
equally_furious,1,1,0
equally_futile,1,1,0
equally_futuristic,1,0,1
equally_garish,1,0,1
equally_genteel,1,0,1
equally_graceful,1,0,1
equally_giddy,1,1,0
equally_gifted,1,0,1
quite_terse,1,1,0
equally_gigantic,1,1,0
equally_glad,1,1,0
equally_glossy,1,1,0
equally_gory,1,1,0
equally_heretical,1,1,0
equally_hesitant,1,1,0
equally_formidable,1,1,0
equally_holy,1,1,0
equally_illogical,1,0,1
equally_immaterial,1,1,0
equally_immersive,1,1,0
equally_impassioned,1,1,0
equally_impatient,1,1,0
equally_impotent,1,1,0
equally_impoverished,1,1,0
quite_stronger,1,1,0
equally_inclined,1,1,0
quite_strident,1,1,0
equally_incomprehensible,1,1,0
equally_inconceivable,1,0,1
equally_inconclusive,1,1,0
equally_inconsistent,1,1,0
equally_inconspicuous,1,1,0
equally_incorrect,1,1,0
quite_stout,1,1,0
equally_illicit,1,1,0
quite_substandard,1,1,0
equally_ill-advised,1,0,1
equally_hyperbolic,1,0,1
equally_horny,1,1,0
equally_horrid,1,1,0
equally_horrified,1,1,0
quite_superfluous,1,1,0
equally_humbling,1,1,0
equally_hurtful,1,1,0
quite_sultry,1,1,0
quite_suggestive,1,1,0
equally_identifiable,1,1,0
equally_hypocritical,1,1,0
equally_hysterical,1,1,0
equally_icky,1,0,1
quite_succinct,1,1,0
quite_succesful,1,1,0
equally_identical,1,1,0
quite_suburban,1,0,1
equally_forthright,1,1,0
equally_foreboding,1,1,0
equally_economical,1,1,0
quite_unbalanced,1,1,0
quite_undisciplined,1,1,0
equally_eternal,1,1,0
equally_ethereal,1,0,1
quite_underdeveloped,1,1,0
quite_under-appreciated,1,1,0
quite_undeniable,1,1,0
equally_euphoric,1,1,0
quite_unconvincing,1,1,0
equally_european,1,1,0
equally_evasive,1,1,0
equally_evident,1,1,0
equally_exact,1,1,0
equally_exacting,1,1,0
equally_exhausted,1,1,0
quite_unchanged,1,1,0
equally_expendable,1,1,0
equally_exploitative,1,1,0
quite_uneasy,1,1,0
equally_engrossing,1,1,0
quite_unexplained,1,1,0
equally_emotional,1,1,0
equally_edifying,1,1,0
equally_eerie,1,1,0
equally_efficacious,1,1,0
equally_electable,1,1,0
equally_elegant,1,0,1
equally_eloquent,1,0,1
quite_ungrateful,1,1,0
equally_enamored,1,1,0
equally_english,1,1,0
quite_unforgivable,1,0,1
quite_unforeseen,1,0,1
quite_unfit,1,1,0
quite_unfinished,1,1,0
quite_unfavorable,1,1,0
quite_unfathomable,1,0,1
quite_unfashionable,1,1,0
quite_unbearable,1,1,0
equally_explosive,1,0,1
equally_forceful,1,0,1
equally_expressive,1,1,0
equally_feverish,1,1,0
equally_fictional,1,1,0
quite_transferable,1,1,0
quite_transcendent,1,0,1
quite_transactional,1,1,0
equally_financial,1,1,0
equally_firm,1,1,0
equally_fishy,1,0,1
equally_flat,1,1,0
equally_flimsy,1,0,1
equally_flirtatious,1,1,0
quite_total,1,1,0
quite_topical,1,1,0
quite_tolerable,1,1,0
quite_toasty,1,1,0
quite_titillating,1,1,0
equally_forbidden,1,0,1
equally_festive,1,0,1
equally_fervent,1,1,0
quite_traumatizing,1,1,0
quite_truthful,1,1,0
quite_unattainable,1,0,1
quite_unanimous,1,1,0
quite_unambiguous,1,1,0
equally_fanciful,1,0,1
equally_far,1,1,0
equally_far-fetched,1,0,1
equally_farcical,1,0,1
equally_fashionable,1,0,1
quite_treacherous,1,1,0
equally_fat,1,1,0
equally_faulty,1,1,0
quite_tropical,1,0,1
equally_fearsome,1,1,0
equally_feasible,1,1,0
equally_feeble,1,1,0
equally_female,1,1,0
equally_bonkers,1,0,1
racially_accurate,1,1,0
racially_aggressive,1,1,0
rarely_painful,1,1,0
equally_affective,1,1,0
rarely_thinner,1,1,0
rarely_terrible,1,1,0
rarely_surgical,1,1,0
rarely_successful,1,0,1
rarely_straightforward,1,1,0
rarely_solitary,1,1,0
rarely_social,1,1,0
rarely_slight,1,1,0
equally_affluent,1,1,0
rarely_sexual,1,1,0
rarely_satisfying,1,1,0
rarely_right,1,1,0
rarely_red,1,1,0
equally_affordable,1,1,0
equally_aghast,1,1,0
rarely_pink,1,1,0
rarely_visible,1,0,1
equally_adverse,1,0,1
rarely_whole,1,1,0
rather_abusive,1,0,1
rather_actual,1,0,1
rather_acrobatic,1,1,0
rather_acrimonious,1,1,0
rather_accommodating,1,1,0
equally_academic,1,1,0
rather_acceptable,1,1,0
equally_acidic,1,0,1
rather_abundant,1,1,0
rarely_willing,1,0,1
equally_adaptable,1,1,0
equally_adequate,1,1,0
rather_absorbing,1,1,0
rather_absent,1,0,1
equally_adventurous,1,1,0
rather_able,1,1,0
equally_adversarial,1,1,0
rarely_permanent,1,1,0
rarely_other,1,0,1
equally_absolute,1,0,1
equally_agile,1,1,0
rarely_enough,1,1,0
rarely_empty,1,1,0
equally_alike,1,1,0
rarely_cool,1,1,0
rarely_continuous,1,1,0
rarely_complex,1,1,0
rarely_comfortable,1,1,0
rarely_coherent,1,1,0
rarely_civil,1,1,0
rarely_capable,1,1,0
rarely_busy,1,1,0
rarely_brown,1,1,0
rarely_broad,1,1,0
rarely_black,1,1,0
rarely_aware,1,1,0
rarely_australian,1,1,0
rarely_appropriate,1,1,0
equally_alert,1,1,0
rarely_exceptional,1,1,0
rarely_fair,1,1,0
rarely_joyful,1,1,0
rarely_obvious,1,1,0
equally_agitated,1,1,0
equally_agreeable,1,0,1
rarely_mind-blowing,1,1,0
rarely_male,1,1,0
rarely_less,1,1,0
rarely_larger,1,1,0
rarely_important,1,0,1
rarely_fascinating,1,1,0
rarely_great,1,1,0
rarely_good,1,1,0
rarely_fruity,1,1,0
rarely_friendly,1,1,0
rarely_foreseeable,1,1,0
rarely_fewer,1,1,0
equally_alcoholic,1,1,0
rather_acute,1,1,0
equally_abrupt,1,1,0
rarely_affordable,1,0,1
rather_anti-gay,1,1,0
rather_ardent,1,1,0
rather_architectural,1,1,0
environmentally_worse,1,1,0
epically_afraid,1,1,0
rather_apropos,1,0,1
rather_approximate,1,1,0
epically_amazing,1,0,1
rather_approachable,1,1,0
rather_appreciative,1,1,0
epically_awesome,1,1,0
epically_awful,1,1,0
epically_bad,1,1,0
rather_appalled,1,1,0
epically_badass,1,0,1
rather_apathetic,1,1,0
epically_delusional,1,1,0
rather_antisocial,1,1,0
environmentally_viable,1,1,0
rather_arid,1,1,0
environmentally_valuable,1,1,0
rather_attentive,1,1,0
environmentally_supportive,1,1,0
environmentally_sympathetic,1,1,0
rather_austere,1,1,0
rather_auspicious,1,1,0
rather_audible,1,1,0
environmentally_threatening,1,0,1
environmentally_toxic,1,1,0
rather_atrocious,1,1,0
rather_artful,1,1,0
environmentally_undesirable,1,1,0
environmentally_unsafe,1,1,0
environmentally_unstable,1,1,0
rather_assertive,1,1,0
rather_askew,1,0,1
rather_ashamed,1,1,0
rather_articulate,1,1,0
epically_dire,1,1,0
rather_anti-american,1,0,1
rather_adept,1,1,0
rather_antagonistic,1,1,0
rather_alcoholic,1,1,0
epically_sweeping,1,0,1
epically_terrifying,1,0,1
rather_aimless,1,1,0
rather_agreeable,1,0,1
epically_unimportant,1,1,0
rather_aged,1,1,0
epically_unique,1,0,1
rather_affordable,1,1,0
rather_affluent,1,1,0
epically_visual,1,0,1
rather_advanced,1,1,0
rather_adult,1,1,0
epically_wrong,1,0,1
rather_admirable,1,0,1
rather_adjacent,1,1,0
rather_adequate,1,1,0
epically_stylish,1,1,0
rather_alive,1,0,1
rather_alluring,1,0,1
epically_moody,1,1,0
rather_anonymous,1,0,1
epically_disgusting,1,0,1
epically_full,1,1,0
epically_fun,1,1,0
epically_good,1,0,1
epically_huge,1,0,1
epically_long,1,1,0
rather_american,1,1,0
rather_aloof,1,1,0
epically_painful,1,1,0
epically_potent,1,0,1
epically_small,1,0,1
rather_amazed,1,1,0
rather_amateurish,1,1,0
rather_alternative,1,1,0
rather_alternate,1,1,0
equally_amiss,1,1,0
rarely_active,1,1,0
equally_bombastic,1,1,0
equally_benign,1,0,1
equally_baseless,1,1,0
radically_awful,1,0,1
radically_awesome,1,0,1
radically_anti-israel,1,1,0
radically_antagonistic,1,1,0
equally_bearish,1,1,0
radically_alternative,1,1,0
radically_abstract,1,1,0
racially_vicious,1,1,0
racially_unfit,1,1,0
racially_undesirable,1,1,0
racially_ugly,1,1,0
racially_tolerant,1,1,0
racially_tense,1,1,0
racially_targeted,1,1,0
racially_stereotypical,1,1,0
racially_specific,1,1,0
equally_balanced,1,1,0
equally_baffling,1,1,0
radically_close,1,1,0
radically_dependent,1,1,0
radically_drastic,1,0,1
equally_atmospheric,1,1,0
radically_distinctive,1,0,1
equally_atrocious,1,1,0
radically_dissimilar,1,1,0
radically_disruptive,1,1,0
equally_audacious,1,0,1
equally_average,1,1,0
radically_comprehensive,1,0,1
radically_defective,1,0,1
radically_dangerous,1,1,0
equally_awestruck,1,1,0
radically_creative,1,1,0
radically_contradictory,1,1,0
radically_confused,1,1,0
radically_conceptual,1,1,0
racially_similar,1,1,0
racially_selective,1,1,0
radically_effective,1,0,1
racially_segregated,1,1,0
racially_distinct,1,1,0
racially_disproportionate,1,1,0
equally_bleak,1,1,0
equally_bloodless,1,0,1
equally_bloodthirsty,1,0,1
racially_destructive,1,1,0
racially_derogatory,1,1,0
racially_degrading,1,1,0
equally_bloody,1,1,0
racially_comfortable,1,1,0
racially_clueless,1,1,0
racially_circumspect,1,1,0
racially_caucasian,1,1,0
racially_blind,1,1,0
racially_black,1,1,0
equally_blunt,1,1,0
racially_awful,1,0,1
equally_blasphemous,1,0,1
equally_blameless,1,1,0
racially_foreign,1,1,0
equally_best,1,1,0
racially_salient,1,1,0
racially_reprehensible,1,0,1
racially_pure,1,1,0
racially_provocative,1,1,0
racially_problematic,1,0,1
racially_polarizing,1,1,0
racially_oppressive,1,1,0
racially_neutral,1,1,0
racially_homogeneous,1,1,0
racially_isolated,1,1,0
racially_intolerant,1,1,0
equally_bewildered,1,1,0
equally_bewildering,1,1,0
equally_biblical,1,0,1
racially_imbalanced,1,1,0
equally_biological,1,0,1
radically_easy,1,1,0
radically_enough,1,1,0
rarely_actionable,1,1,0
radically_revolutionary,1,0,1
radically_useful,1,0,1
radically_unworthy,1,1,0
radically_unique,1,0,1
radically_unhealthy,1,0,1
equally_appalled,1,1,0
radically_underdeveloped,1,1,0
radically_unconstitutional,1,1,0
equally_apparent,1,1,0
radically_transformative,1,0,1
radically_transformational,1,1,0
radically_traditional,1,1,0
equally_appreciative,1,1,0
radically_socialist,1,1,0
radically_smaller,1,1,0
radically_slower,1,1,0
radically_slow,1,1,0
radically_shorter,1,1,0
radically_vile,1,0,1
radically_weird,1,1,0
radically_wide,1,1,0
rapidly_outdated,1,1,0
rarely_accurate,1,1,0
equally_anarchic,1,1,0
rarely_absent,1,1,0
equally_angelic,1,0,1
rapidly_undone,1,1,0
rapidly_successful,1,1,0
equally_annoyed,1,1,0
rapidly_obsolete,1,1,0
equally_apologetic,1,1,0
rapidly_innovative,1,0,1
equally_apathetic,1,0,1
rapidly_enough,1,1,0
rapidly_correct,1,1,0
rapidly_anti-democratic,1,1,0
rapidly_aggressive,1,1,0
rapidly_addictive,1,1,0
radically_secondary,1,1,0
radically_religious,1,1,0
radically_evil,1,0,1
radically_problematic,1,0,1
radically_intense,1,1,0
equally_asleep,1,1,0
radically_inhuman,1,0,1
equally_assertive,1,1,0
radically_inconsistent,1,0,1
radically_incomprehensible,1,1,0
equally_astonishing,1,0,1
equally_astute,1,0,1
radically_important,1,1,0
radically_immature,1,1,0
radically_honest,1,1,0
radically_good,1,1,0
equally_at-risk,1,1,0
radically_feminist,1,1,0
radically_false,1,0,1
radically_extensible,1,1,0
radically_experiential,1,1,0
radically_interdependent,1,1,0
radically_islamic,1,1,0
radically_lead,1,1,0
radically_obsessed,1,0,1
radically_privileged,1,1,0
radically_personal,1,1,0
radically_participatory,1,1,0
equally_arcane,1,0,1
radically_ordinary,1,1,0
radically_optimistic,1,0,1
equally_arguable,1,1,0
radically_obedient,1,1,0
equally_articulate,1,0,1
radically_non,1,1,0
radically_national,1,1,0
radically_muslim,1,1,0
radically_mistaken,1,1,0
radically_misinformed,1,1,0
radically_lower,1,1,0
radically_life-changing,1,1,0
equally_incriminating,1,0,1
quite_stimulating,1,1,0
enduringly_exceptional,1,0,1
equally_unafraid,1,0,1
equally_unassuming,1,0,1
equally_unbalanced,1,1,0
equally_unbearable,1,1,0
equally_uncompromising,1,0,1
equally_unconcerned,1,0,1
equally_uncontroversial,1,0,1
quite_nonsensical,1,0,1
quite_nonchalant,1,1,0
quite_non-violent,1,1,0
quite_non-traditional,1,1,0
quite_non-existent,1,1,0
quite_nomadic,1,1,0
equally_uncool,1,1,0
equally_understandable,1,1,0
quite_nimble,1,0,1
quite_nifty,1,1,0
equally_underwhelming,1,1,0
quite_noxious,1,1,0
quite_nude,1,1,0
equally_indignant,1,1,0
quite_numb,1,1,0
equally_translucent,1,1,0
quite_off-kilter,1,0,1
equally_trashy,1,1,0
equally_traumatic,1,1,0
quite_obtrusive,1,1,0
quite_obtainable,1,1,0
equally_tremendous,1,1,0
equally_trendy,1,0,1
equally_tribal,1,1,0
equally_trippy,1,0,1
equally_troubled,1,0,1
equally_troublesome,1,1,0
quite_obese,1,1,0
quite_obedient,1,1,0
quite_nutty,1,1,0
quite_nutritious,1,1,0
quite_nutritional,1,1,0
equally_undeserved,1,1,0
equally_undesirable,1,1,0
equally_undeveloped,1,1,0
quite_neurotic,1,1,0
equally_unknowable,1,1,0
quite_multicultural,1,1,0
equally_unlawful,1,1,0
quite_muddled,1,1,0
equally_unlikable,1,1,0
quite_mournful,1,0,1
quite_motivating,1,1,0
equally_unnatural,1,1,0
equally_unnerving,1,1,0
quite_monumental,1,0,1
equally_unpalatable,1,0,1
quite_monolithic,1,1,0
equally_unprecedented,1,0,1
quite_momentous,1,0,1
equally_unprepared,1,1,0
equally_unproven,1,1,0
equally_unrecognizable,1,1,0
quite_murderous,1,1,0
equally_unjust,1,0,1
equally_universal,1,0,1
quite_near,1,1,0
equally_undisciplined,1,1,0
quite_nerve-wracking,1,1,0
quite_nerve-racking,1,1,0
equally_uneasy,1,1,0
equally_unequal,1,1,0
equally_unflattering,1,1,0
equally_unforgivable,1,0,1
quite_nauseous,1,1,0
quite_musical,1,0,1
quite_nauseating,1,1,0
equally_unfortunate,1,0,1
equally_unimaginable,1,1,0
equally_uninhabitable,1,1,0
quite_mystifying,1,1,0
equally_uninspiring,1,1,0
quite_muted,1,1,0
quite_offbeat,1,0,1
equally_transient,1,1,0
quite_official,1,1,0
equally_structured,1,0,1
quite_pedestrian,1,1,0
equally_spicy,1,0,1
equally_spiritual,1,1,0
equally_spontaneous,1,0,1
quite_patronizing,1,0,1
equally_spurious,1,1,0
quite_patient,1,1,0
equally_stable,1,1,0
equally_staid,1,1,0
quite_pastoral,1,1,0
equally_stark,1,1,0
equally_steadfast,1,1,0
quite_passe,1,1,0
equally_steady,1,1,0
equally_steep,1,1,0
equally_strict,1,1,0
equally_strident,1,1,0
quite_penetrating,1,1,0
equally_specific,1,0,1
equally_sparkly,1,0,1
equally_solemn,1,0,1
equally_sincere,1,1,0
equally_skillful,1,1,0
equally_skinny,1,0,1
equally_skittish,1,1,0
equally_sluggish,1,0,1
equally_snarky,1,0,1
equally_social,1,1,0
equally_somber,1,1,0
quite_perky,1,1,0
equally_sombre,1,0,1
quite_personable,1,1,0
equally_soothing,1,1,0
quite_perplexing,1,1,0
equally_sorry,1,1,0
quite_pernicious,1,0,1
equally_sound,1,1,0
equally_stronger,1,1,0
quite_par,1,1,0
quite_oily,1,1,0
quite_paltry,1,1,0
quite_orderly,1,1,0
equally_telling,1,1,0
equally_tender,1,0,1
equally_thankful,1,1,0
quite_operational,1,1,0
equally_thorough,1,1,0
equally_threatening,1,1,0
quite_ongoing,1,1,0
equally_timeless,1,0,1
quite_one-sided,1,1,0
equally_tiny,1,1,0
equally_tiring,1,0,1
quite_old-school,1,1,0
quite_old-fashioned,1,1,0
equally_top-notch,1,1,0
equally_torturous,1,0,1
equally_transcendent,1,0,1
equally_tasteless,1,0,1
equally_talkative,1,1,0
equally_tacky,1,0,1
equally_superficial,1,0,1
equally_stuffy,1,0,1
equally_subdued,1,1,0
quite_own,1,1,0
equally_succinct,1,1,0
equally_sugary,1,0,1
equally_sunny,1,1,0
quite_overrated,1,1,0
quite_overkill,1,1,0
equally_synthetic,1,1,0
equally_superfluous,1,0,1
quite_overcooked,1,1,0
quite_overcome,1,1,0
quite_overblown,1,1,0
equally_surreal,1,1,0
quite_outgoing,1,1,0
equally_synonymous,1,1,0
equally_unseen,1,0,1
equally_unsettled,1,1,0
quite_misinformed,1,1,0
especially_calm,1,1,0
especially_aware,1,1,0
quite_left-leaning,1,1,0
especially_barren,1,1,0
especially_beguiling,1,1,0
especially_beholden,1,0,1
especially_belligerent,1,0,1
quite_lawless,1,1,0
especially_bitter,1,1,0
especially_bizarre,1,1,0
especially_black,1,1,0
quite_lame,1,1,0
especially_bleak,1,0,1
especially_bloody,1,1,0
especially_blue,1,0,1
especially_bored,1,1,0
especially_brazen,1,1,0
quite_key,1,1,0
especially_available,1,1,0
especially_audible,1,0,1
especially_at-risk,1,1,0
quite_lifelike,1,1,0
quite_liquid,1,1,0
especially_annoying,1,1,0
especially_anti-israel,1,1,0
especially_anti-semitic,1,1,0
quite_lightweight,1,1,0
especially_appreciative,1,1,0
especially_apropos,1,1,0
quite_lifeless,1,1,0
quite_lenient,1,1,0
quite_life-threatening,1,1,0
especially_apt,1,0,1
especially_arid,1,1,0
especially_asian,1,1,0
especially_asinine,1,0,1
quite_lesser,1,0,1
especially_astute,1,1,0
quite_juvenile,1,1,0
especially_candid,1,1,0
especially_ambitious,1,1,0
especially_careless,1,1,0
especially_correct,1,0,1
especially_corrosive,1,0,1
quite_intrigued,1,1,0
quite_intractable,1,1,0
especially_courageous,1,1,0
quite_intoxicated,1,1,0
quite_intolerable,1,1,0
especially_courteous,1,1,0
quite_intimidated,1,1,0
especially_crass,1,1,0
especially_credible,1,1,0
especially_creepy,1,0,1
especially_crisp,1,1,0
quite_intent,1,1,0
quite_intensive,1,1,0
especially_crude,1,0,1
especially_cumbersome,1,1,0
especially_contentious,1,1,0
especially_contagious,1,1,0
especially_conservative,1,0,1
especially_cocky,1,0,1
especially_cathartic,1,0,1
especially_characteristic,1,0,1
especially_cheerful,1,0,1
especially_chilling,1,0,1
quite_jam-packed,1,1,0
especially_clear,1,0,1
especially_clueless,1,1,0
quite_irreversible,1,0,1
especially_congested,1,1,0
especially_coherent,1,1,0
especially_colorful,1,0,1
especially_compatible,1,1,0
especially_competent,1,1,0
quite_irksome,1,0,1
especially_confusing,1,1,0
quite_invigorating,1,0,1
especially_angry,1,1,0
especially_altruistic,1,1,0
quite_misguided,1,1,0
quite_manic,1,0,1
equally_vain,1,1,0
quite_melancholic,1,1,0
quite_meditative,1,0,1
equally_versatile,1,1,0
quite_mechanical,1,1,0
equally_vigorous,1,0,1
equally_visceral,1,0,1
equally_visual,1,1,0
equally_vocal,1,1,0
equally_vociferous,1,1,0
quite_matte,1,1,0
quite_maternal,1,1,0
quite_masterful,1,0,1
equally_warm,1,1,0
quite_marvellous,1,0,1
quite_marginal,1,1,0
quite_many,1,1,0
equally_utilitarian,1,0,1
equally_usable,1,1,0
quite_melodramatic,1,1,0
equally_untrue,1,1,0
equally_unsightly,1,0,1
equally_unskilled,1,1,0
equally_unsung,1,1,0
quite_miniscule,1,0,1
equally_unsure,1,1,0
quite_military,1,0,1
quite_militaristic,1,0,1
quite_milder,1,1,0
equally_urban,1,1,0
quite_miffed,1,1,0
equally_unusable,1,1,0
equally_unwanted,1,0,1
equally_unwelcome,1,1,0
equally_uplifting,1,0,1
quite_mental,1,1,0
equally_upscale,1,1,0
quite_mannered,1,1,0
quite_mandatory,1,0,1
especially_allergic,1,1,0
equally_wet,1,1,0
ergonomically_unfavorable,1,1,0
quite_low-tech,1,1,0
quite_low-level,1,0,1
quite_low-key,1,1,0
especially_abhorrent,1,0,1
especially_able,1,0,1
especially_accurate,1,1,0
quite_lovable,1,1,0
quite_lousy,1,1,0
especially_aesthetic,1,1,0
especially_affectionate,1,1,0
quite_long-lasting,1,1,0
especially_afraid,1,1,0
especially_agonizing,1,0,1
especially_alien,1,1,0
quite_loathsome,1,0,1
quite_livid,1,1,0
ergonomically_suitable,1,1,0
ergonomically_solid,1,1,0
ergonomically_simple,1,1,0
equally_wistful,1,1,0
quite_malty,1,1,0
quite_malleable,1,1,0
quite_malignant,1,1,0
equally_wholesome,1,0,1
quite_malevolent,1,1,0
quite_mainstream,1,1,0
equally_wireless,1,1,0
quite_magic,1,1,0
ergonomically_perfect,1,1,0
equally_wondrous,1,1,0
equally_workable,1,1,0
equally_worrisome,1,0,1
equally_worse,1,1,0
equally_wretched,1,1,0
equally_young,1,0,1
ergonomically_off-putting,1,0,1
equally_sickening,1,1,0
quite_pigmented,1,1,0
equally_shortsighted,1,1,0
quite_sculptural,1,1,0
equally_meritorious,1,1,0
quite_self-critical,1,1,0
equally_mesmerising,1,1,0
quite_self-confident,1,1,0
quite_self-centered,1,0,1
quite_self-aware,1,1,0
equally_mighty,1,1,0
equally_mind-boggling,1,0,1
quite_sedate,1,1,0
equally_mindless,1,0,1
equally_minor,1,0,1
quite_sectarian,1,1,0
equally_mischievous,1,0,1
equally_misguided,1,1,0
quite_secondary,1,1,0
equally_mistaken,1,1,0
quite_seasonal,1,1,0
quite_self-indulgent,1,1,0
equally_mechanical,1,1,0
equally_meaty,1,1,0
equally_male,1,1,0
quite_shady,1,1,0
quite_shadowy,1,1,0
quite_shabby,1,1,0
equally_lush,1,1,0
quite_sexist,1,1,0
equally_macabre,1,0,1
equally_majestic,1,0,1
equally_malignant,1,1,0
quite_selfless,1,0,1
equally_manifest,1,1,0
equally_manly,1,0,1
equally_marvellous,1,1,0
equally_masculine,1,0,1
equally_materialistic,1,1,0
quite_sensational,1,1,0
equally_mean,1,0,1
quite_seamless,1,1,0
quite_scrupulous,1,1,0
equally_lower,1,1,0
quite_scrumptious,1,0,1
quite_salient,1,1,0
quite_safer,1,0,1
equally_negligent,1,0,1
equally_nerdy,1,0,1
quite_saccharine,1,1,0
quite_rusty,1,1,0
equally_noisy,1,0,1
equally_non-existent,1,1,0
equally_nonexistent,1,1,0
quite_ruinous,1,1,0
equally_normal,1,1,0
equally_notable,1,0,1
equally_noticeable,1,0,1
quite_rousing,1,1,0
quite_rotten,1,0,1
equally_obscene,1,1,0
quite_roman,1,0,1
equally_needy,1,1,0
quite_sandy,1,1,0
equally_near,1,1,0
equally_moral,1,1,0
equally_misunderstood,1,1,0
equally_modern,1,0,1
quite_schizophrenic,1,1,0
equally_modest,1,1,0
equally_moist,1,1,0
equally_monstrous,1,1,0
equally_moody,1,0,1
equally_more,1,1,0
quite_sanguine,1,1,0
equally_most,1,1,0
equally_murderous,1,1,0
equally_mystifying,1,0,1
equally_naive,1,1,0
equally_nationalist,1,1,0
quite_sassy,1,1,0
equally_natural,1,1,0
equally_lumpy,1,1,0
quite_shitty,1,1,0
equally_obsolete,1,1,0
equally_introspective,1,1,0
quite_speedy,1,1,0
equally_insecure,1,1,0
equally_insensitive,1,1,0
equally_insightful,1,0,1
equally_insincere,1,1,0
equally_insipid,1,1,0
equally_insistent,1,1,0
quite_spartan,1,1,0
equally_insolvent,1,1,0
equally_insubstantial,1,0,1
equally_insulting,1,0,1
quite_sordid,1,0,1
equally_interchangeable,1,1,0
equally_interdependent,1,1,0
quite_soluble,1,1,0
equally_intolerant,1,1,0
equally_intoxicated,1,1,0
equally_inoffensive,1,0,1
equally_innate,1,0,1
quite_spoiled,1,0,1
quite_stationary,1,1,0
equally_indulgent,1,1,0
quite_stern,1,1,0
equally_inescapable,1,1,0
quite_stellar,1,1,0
equally_inevitable,1,1,0
quite_steamy,1,1,0
quite_statistical,1,1,0
equally_inexplicable,1,1,0
equally_inhuman,1,1,0
quite_stately,1,1,0
equally_inferior,1,1,0
equally_inflammatory,1,1,0
equally_inflexible,1,1,0
quite_squeamish,1,1,0
quite_spurious,1,1,0
quite_spot,1,1,0
equally_intractable,1,0,1
quite_sociable,1,1,0
equally_long-lasting,1,0,1
equally_inventive,1,1,0
equally_lavish,1,0,1
quite_situational,1,1,0
equally_lazy,1,0,1
equally_lean,1,1,0
equally_left-wing,1,0,1
quite_simpler,1,0,1
equally_legal,1,1,0
equally_liberating,1,0,1
equally_life-threatening,1,0,1
equally_lifeless,1,1,0
quite_sickening,1,1,0
quite_shrill,1,1,0
equally_limited,1,1,0
equally_liquid,1,1,0
quite_shorter,1,1,0
quite_short-lived,1,1,0
quite_shoddy,1,1,0
equally_labor-intensive,1,1,0
equally_knowledgable,1,1,0
equally_juvenile,1,1,0
equally_irksome,1,1,0
equally_invigorating,1,1,0
equally_invisible,1,0,1
quite_snazzy,1,1,0
quite_smug,1,1,0
equally_invulnerable,1,1,0
quite_smoky,1,1,0
equally_irish,1,1,0
equally_ironic,1,0,1
equally_justifiable,1,1,0
equally_irregular,1,1,0
equally_jam-packed,1,1,0
equally_jaw-dropping,1,0,1
equally_jealous,1,1,0
equally_jewish,1,1,0
equally_jolly,1,0,1
quite_sleek,1,1,0
equally_obsessive,1,0,1
quite_robotic,1,1,0
equally_short-lived,1,1,0
equally_righteous,1,0,1
quite_pro-business,1,1,0
equally_relatable,1,1,0
quite_pristine,1,1,0
quite_principled,1,1,0
equally_relaxed,1,0,1
equally_reliant,1,1,0
equally_religious,1,0,1
equally_reluctant,1,1,0
equally_reminiscent,1,0,1
quite_priceless,1,0,1
quite_preventable,1,1,0
equally_removable,1,1,0
equally_respectable,1,0,1
quite_presidential,1,1,0
equally_respectful,1,1,0
equally_responsive,1,1,0
equally_restorative,1,1,0
quite_proactive,1,1,0
quite_prodigious,1,0,1
equally_redundant,1,1,0
equally_raw,1,0,1
equally_queer,1,1,0
equally_quiet,1,1,0
equally_quixotic,1,0,1
equally_rabid,1,1,0
equally_radical,1,0,1
quite_proportional,1,0,1
quite_pronounced,1,1,0
equally_readable,1,1,0
equally_red,1,1,0
equally_realistic,1,0,1
equally_reasonable,1,1,0
quite_prohibitive,1,1,0
equally_reassuring,1,1,0
equally_rebellious,1,1,0
equally_recent,1,0,1
equally_reckless,1,1,0
equally_reticent,1,1,0
quite_premium,1,0,1
quite_psychotic,1,1,0
equally_riveting,1,1,0
quite_polished,1,0,1
quite_polish,1,0,1
equally_savvy,1,1,0
equally_scalable,1,1,0
equally_scarce,1,1,0
quite_pointed,1,1,0
equally_scathing,1,1,0
equally_scrupulous,1,1,0
equally_secondary,1,1,0
equally_selective,1,0,1
equally_self-destructive,1,1,0
equally_self-evident,1,1,0
equally_sexist,1,1,0
equally_sexual,1,0,1
equally_sexualized,1,1,0
equally_shallow,1,1,0
quite_pivotal,1,1,0
equally_savage,1,1,0
equally_sassy,1,0,1
equally_sappy,1,0,1
equally_rough,1,1,0
quite_prejudiced,1,1,0
quite_predictive,1,1,0
equally_robust,1,1,0
quite_predatory,1,1,0
quite_precocious,1,0,1
equally_roomy,1,1,0
quite_praiseworthy,1,0,1
equally_royal,1,1,0
equally_sanguine,1,1,0
equally_rubbish,1,1,0
quite_possessive,1,1,0
equally_saccharine,1,0,1
equally_sacrosanct,1,1,0
equally_saddened,1,1,0
equally_salacious,1,0,1
equally_same,1,1,0
quite_psychedelic,1,1,0
quite_puffy,1,1,0
equally_off-kilter,1,0,1
equally_pigmented,1,1,0
equally_partial,1,1,0
quite_resentful,1,1,0
equally_particular,1,1,0
quite_repulsive,1,1,0
quite_repugnant,1,1,0
quite_representative,1,1,0
quite_reprehensible,1,1,0
equally_partisan,1,1,0
equally_passive,1,1,0
equally_patriarchal,1,1,0
equally_patronizing,1,0,1
quite_reliant,1,1,0
equally_perishable,1,1,0
equally_persuasive,1,1,0
quite_relentless,1,1,0
equally_philosophical,1,1,0
equally_photogenic,1,1,0
equally_paramount,1,1,0
quite_resolute,1,1,0
equally_overweight,1,1,0
equally_open-minded,1,1,0
quite_rigorous,1,1,0
quite_righteous,1,1,0
quite_right-wing,1,1,0
equally_omnipotent,1,1,0
equally_onboard,1,1,0
quite_rhythmic,1,0,1
equally_opaque,1,1,0
equally_opportunistic,1,1,0
equally_overpowering,1,1,0
quite_revelatory,1,1,0
equally_ordinary,1,0,1
quite_retrograde,1,1,0
equally_organic,1,0,1
equally_ours,1,1,0
equally_outdated,1,1,0
equally_overcrowded,1,1,0
equally_physical,1,0,1
quite_regressive,1,1,0
equally_puzzling,1,0,1
quite_regional,1,0,1
equally_privileged,1,1,0
quite_radioactive,1,1,0
equally_prodigious,1,1,0
equally_promising,1,1,0
equally_proper,1,1,0
equally_prosaic,1,0,1
equally_prosperous,1,1,0
quite_queer,1,1,0
quite_qualified,1,0,1
equally_protective,1,1,0
equally_psychedelic,1,1,0
equally_punishable,1,1,0
equally_punitive,1,0,1
equally_pure,1,1,0
quite_purple,1,1,0
equally_purposeful,1,0,1
quite_punitive,1,1,0
quite_rampant,1,0,1
equally_principled,1,1,0
equally_primitive,1,0,1
quite_reclusive,1,1,0
quite_regal,1,0,1
equally_plain,1,1,0
quite_reflective,1,1,0
quite_redundant,1,1,0
equally_plastic,1,0,1
equally_platonic,1,0,1
equally_playable,1,1,0
equally_political,1,1,0
equally_primal,1,0,1
equally_poorer,1,1,0
equally_pragmatic,1,0,1
equally_predatory,1,1,0
equally_predictable,1,1,0
quite_reactive,1,1,0
equally_prescient,1,1,0
equally_presentable,1,1,0
rather_awash,1,1,0
environmentally_sloppy,1,1,0
environmentally_savvy,1,1,0
rather_professional,1,1,0
rather_prodigious,1,1,0
entirely_adjustable,1,1,0
entirely_adult,1,0,1
entirely_adventurous,1,1,0
rather_primary,1,1,0
rather_primal,1,0,1
entirely_afoot,1,0,1
rather_priceless,1,0,1
rather_prettier,1,1,0
entirely_afraid,1,1,0
rather_present,1,1,0
rather_prescient,1,0,1
rather_preposterous,1,1,0
entirely_alluring,1,0,1
rather_preferable,1,1,0
entirely_alright,1,1,0
rather_precise,1,0,1
entirely_active,1,1,0
entirely_acidic,1,1,0
environmentally_respectful,1,1,0
rather_prominent,1,0,1
entertainingly_powerful,1,1,0
entertainingly_profane,1,1,0
entertainingly_slimy,1,0,1
entertainingly_snarky,1,1,0
rather_puzzled,1,1,0
entertainingly_subversive,1,1,0
rather_pure,1,0,1
entertainingly_tart,1,0,1
rather_psychological,1,1,0
rather_psychic,1,1,0
rather_prudent,1,1,0
entertainingly_weird,1,1,0
rather_protestant,1,1,0
rather_protective,1,1,0
rather_prophetic,1,0,1
entirely_accessible,1,1,0
rather_promiscuous,1,1,0
entirely_amateur,1,1,0
entirely_amazing,1,0,1
entirely_ambiguous,1,1,0
entirely_amorphous,1,0,1
entirely_bearish,1,1,0
rather_photogenic,1,1,0
rather_philosophical,1,1,0
rather_phenomenal,1,0,1
entirely_beatable,1,1,0
entirely_beneficial,1,1,0
entirely_benevolent,1,1,0
rather_perverted,1,1,0
entirely_biological,1,1,0
entirely_bitter,1,1,0
entirely_blameless,1,1,0
entirely_bland,1,1,0
entirely_boring,1,1,0
rather_perilous,1,1,0
entirely_bright,1,1,0
entirely_british,1,1,0
rather_perceptive,1,1,0
entirely_barren,1,1,0
entirely_banal,1,0,1
rather_pigmented,1,1,0
entirely_aspirational,1,1,0
entirely_anachronistic,1,0,1
rather_posh,1,1,0
entirely_apathetic,1,1,0
rather_political,1,1,0
entirely_apocryphal,1,1,0
entirely_apt,1,1,0
entirely_asleep,1,1,0
entirely_attributable,1,1,0
rather_pious,1,1,0
entirely_audacious,1,1,0
entirely_automatic,1,1,0
entirely_awful,1,1,0
rather_plausible,1,1,0
rather_plastic,1,1,0
entirely_awkward,1,0,1
entirely_bald,1,1,0
rather_quicker,1,1,0
entertainingly_poor,1,1,0
rather_quieter,1,1,0
enough_terrifying,1,1,0
enough_more,1,1,0
enough_oblivious,1,1,0
rather_rubbish,1,1,0
enough_old,1,1,0
rather_rosy,1,1,0
rather_roomy,1,1,0
enough_older,1,1,0
rather_robust,1,1,0
enough_perfect,1,1,0
enough_prepared,1,1,0
rather_ripe,1,1,0
enough_promising,1,1,0
enough_red,1,1,0
enough_reverent,1,1,0
rather_rhetorical,1,1,0
enough_romantic,1,0,1
enough_similar,1,1,0
rather_rugged,1,1,0
rather_rural,1,1,0
rather_russian,1,1,0
enough_involved,1,1,0
rather_scholarly,1,0,1
enough_insightful,1,1,0
rather_scathing,1,1,0
enough_intensive,1,1,0
rather_scared,1,1,0
rather_scarce,1,0,1
enough_interested,1,0,1
rather_sarcastic,1,1,0
rather_rustic,1,1,0
rather_sane,1,1,0
enough_irrelevant,1,1,0
enough_local,1,1,0
enough_mere,1,1,0
rather_sacred,1,0,1
enough_misunderstood,1,1,0
rather_rusty,1,1,0
enough_spectacular,1,1,0
rather_restrictive,1,1,0
entertainingly_outrageous,1,1,0
rather_restless,1,1,0
entertainingly_dark,1,1,0
rather_recognizable,1,1,0
entertainingly_detailed,1,1,0
entertainingly_dumb,1,1,0
entertainingly_fleeting,1,1,0
entertainingly_funny,1,1,0
rather_real,1,1,0
rather_ready,1,1,0
entertainingly_grim,1,1,0
entertainingly_gross,1,1,0
rather_rational,1,0,1
entertainingly_large,1,1,0
entertainingly_ludicrous,1,1,0
entertainingly_miraculous,1,0,1
rather_ragged,1,1,0
entertainingly_mundane,1,1,0
rather_racy,1,0,1
rather_redundant,1,1,0
rather_reflective,1,0,1
entertainingly_crazy,1,1,0
enough_willing,1,1,0
rather_responsive,1,1,0
rather_resilient,1,1,0
rather_repulsive,1,0,1
rather_repugnant,1,1,0
enough_ugly,1,1,0
enough_unemployed,1,1,0
enough_vulgar,1,1,0
enough_worse,1,1,0
entertainingly_addictive,1,1,0
rather_reliable,1,1,0
rather_relentless,1,1,0
rather_relaxing,1,1,0
entertainingly_absurd,1,1,0
rather_related,1,1,0
rather_regular,1,1,0
rather_regretful,1,0,1
entirely_brown,1,1,0
rather_pedantic,1,1,0
entirely_campy,1,1,0
rather_minuscule,1,1,0
entirely_derelict,1,1,0
rather_multiple,1,1,0
rather_multicultural,1,1,0
rather_motivating,1,0,1
entirely_desperate,1,1,0
entirely_destructive,1,0,1
rather_moral,1,1,0
entirely_deterministic,1,1,0
rather_monstrous,1,1,0
entirely_detrimental,1,1,0
rather_momentous,1,0,1
entirely_devious,1,0,1
entirely_devoted,1,0,1
rather_misunderstood,1,1,0
entirely_disinterested,1,0,1
rather_miserable,1,1,0
entirely_dismissive,1,1,0
entirely_dependant,1,1,0
rather_musical,1,1,0
entirely_demonic,1,0,1
entirely_deaf,1,1,0
rather_nerdy,1,1,0
rather_negligible,1,1,0
entirely_curious,1,0,1
rather_nefarious,1,0,1
entirely_daft,1,0,1
entirely_damaging,1,1,0
entirely_dark,1,1,0
entirely_deceptive,1,1,0
rather_muted,1,0,1
entirely_deductible,1,1,0
entirely_defensible,1,1,0
rather_narrative,1,1,0
entirely_defunct,1,1,0
rather_mythical,1,0,1
entirely_deliberate,1,1,0
rather_myopic,1,1,0
entirely_disposable,1,0,1
entirely_dissatisfied,1,1,0
entirely_crispy,1,1,0
rather_mind-boggling,1,1,0
entirely_else,1,0,1
entirely_elusive,1,1,0
entirely_emotional,1,1,0
entirely_enchanting,1,1,0
rather_mannered,1,1,0
rather_malicious,1,0,1
entirely_endearing,1,1,0
rather_majestic,1,0,1
rather_magnificent,1,1,0
entirely_entertaining,1,1,0
rather_magic,1,1,0
entirely_enthusiastic,1,1,0
rather_macho,1,0,1
entirely_epic,1,1,0
rather_lyrical,1,0,1
rather_lurid,1,1,0
rather_lumpy,1,0,1
rather_masculine,1,1,0
entirely_egotistical,1,1,0
rather_matte,1,1,0
rather_mellow,1,1,0
entirely_distinguishable,1,1,0
entirely_disturbing,1,1,0
rather_mesmerising,1,1,0
rather_mental,1,1,0
rather_menial,1,1,0
entirely_doable,1,1,0
rather_melodramatic,1,1,0
entirely_dynamic,1,1,0
rather_mean,1,1,0
rather_melancholic,1,0,1
rather_meh,1,1,0
entirely_earnest,1,1,0
entirely_eerie,1,0,1
rather_meaty,1,1,0
entirely_effortless,1,0,1
rather_meaningful,1,0,1
rather_nerve-wracking,1,1,0
rather_neurotic,1,1,0
rather_peaceful,1,1,0
rather_open-minded,1,1,0
rather_overrated,1,1,0
rather_overpriced,1,1,0
rather_overdone,1,1,0
rather_overcast,1,1,0
rather_overblown,1,1,0
rather_overbearing,1,1,0
rather_outstanding,1,1,0
entirely_clean,1,1,0
entirely_cognizant,1,1,0
rather_ours,1,1,0
rather_other,1,1,0
entirely_cohesive,1,0,1
entirely_cold,1,1,0
entirely_comic,1,1,0
entirely_comical,1,1,0
entirely_commendable,1,0,1
rather_oppressed,1,1,0
rather_overt,1,1,0
entirely_civilian,1,1,0
rather_overwrought,1,1,0
rather_passe,1,1,0
entirely_candid,1,1,0
rather_patriotic,1,0,1
rather_patient,1,1,0
rather_pathological,1,0,1
rather_patchy,1,1,0
entirely_catholic,1,1,0
entirely_charitable,1,1,0
rather_passable,1,1,0
entirely_circumstantial,1,1,0
rather_partisan,1,1,0
rather_particular,1,1,0
entirely_chemical,1,1,0
rather_paramount,1,1,0
entirely_circular,1,1,0
rather_pale,1,1,0
rather_painless,1,1,0
rather_opinionated,1,1,0
entirely_common,1,0,1
entirely_creepy,1,1,0
rather_one-sided,1,1,0
entirely_contextual,1,0,1
rather_noxious,1,0,1
entirely_contrived,1,1,0
rather_noteworthy,1,1,0
rather_notable,1,1,0
entirely_convinced,1,1,0
entirely_cooperative,1,1,0
rather_nonexistent,1,1,0
rather_nonchalant,1,1,0
rather_non-traditional,1,1,0
rather_non-partisan,1,1,0
entirely_corrupt,1,1,0
rather_noble,1,1,0
rather_nightmarish,1,0,1
entirely_courageous,1,1,0
rather_niche,1,0,1
entirely_crazier,1,0,1
rather_obese,1,1,0
rather_objective,1,0,1
entirely_contagious,1,0,1
entirely_conceptual,1,1,0
entirely_compliant,1,1,0
entirely_complicated,1,1,0
entirely_comprehensible,1,0,1
rather_old-fashioned,1,1,0
entirely_conceivable,1,1,0
rather_okay,1,1,0
rather_oily,1,1,0
entirely_concerned,1,1,0
entirely_conservative,1,0,1
entirely_concrete,1,0,1
rather_odious,1,0,1
entirely_configurable,1,1,0
rather_obtuse,1,1,0
entirely_congenial,1,1,0
entirely_conscious,1,1,0
rather_oblivious,1,1,0
rather_sci-fi,1,1,0
rather_scientific,1,0,1
enough_impressed,1,1,0
rather_tougher,1,0,1
enormously_angry,1,1,0
enormously_annoying,1,1,0
rather_troublesome,1,1,0
enormously_apologetic,1,1,0
enormously_astute,1,1,0
rather_triumphant,1,0,1
rather_trite,1,1,0
enormously_bad,1,1,0
enormously_beautiful,1,0,1
rather_trickier,1,1,0
enormously_beneficial,1,1,0
enormously_better,1,1,0
enormously_bigger,1,0,1
enormously_bizarre,1,0,1
rather_transient,1,0,1
rather_transgender,1,1,0
enormously_brave,1,0,1
rather_trustworthy,1,1,0
rather_truthful,1,0,1
rather_tumultuous,1,1,0
enjoyably_verbal,1,1,0
enjoyably_perverse,1,0,1
rather_uncomplicated,1,1,0
enjoyably_retro,1,1,0
enjoyably_silly,1,1,0
enjoyably_slick,1,1,0
enjoyably_trashy,1,0,1
enjoyably_unique,1,0,1
rather_unbalanced,1,1,0
enormously_amazing,1,0,1
enjoyably_watchable,1,0,1
rather_unappreciated,1,1,0
rather_unappealing,1,0,1
rather_unacceptable,1,1,0
rather_unable,1,1,0
enormously_abundant,1,1,0
enormously_affordable,1,1,0
enormously_charismatic,1,1,0
enormously_compelling,1,0,1
rather_unconvinced,1,1,0
rather_touchy,1,1,0
enormously_disingenuous,1,0,1
rather_terrific,1,0,1
enormously_effective,1,1,0
enormously_embarrassed,1,1,0
enormously_encouraging,1,1,0
enormously_enjoyable,1,1,0
enormously_enticing,1,1,0
enormously_erudite,1,0,1
enormously_fatigued,1,1,0
enormously_foolish,1,1,0
rather_tasteful,1,1,0
enormously_forceful,1,1,0
enormously_fortunate,1,1,0
rather_talkative,1,1,0
enormously_fun,1,1,0
enormously_funny,1,1,0
rather_symptomatic,1,1,0
rather_territorial,1,1,0
enormously_disastrous,1,0,1
rather_thankless,1,1,0
enormously_damaging,1,1,0
enormously_competitive,1,1,0
rather_tolerable,1,1,0
rather_toasty,1,1,0
rather_tiring,1,1,0
enormously_controversial,1,0,1
enormously_courageous,1,1,0
enormously_creative,1,1,0
rather_tighter,1,1,0
enormously_disappointed,1,1,0
enormously_delightful,1,1,0
enormously_depressing,1,1,0
rather_thoughtful,1,1,0
rather_third,1,1,0
rather_thinner,1,1,0
enormously_destructive,1,1,0
enormously_detailed,1,1,0
enjoyably_overwhelming,1,1,0
rather_unconvincing,1,1,0
rather_symbolic,1,0,1
energetically_unfavorable,1,1,0
energetically_hostile,1,1,0
rather_unsatisfying,1,1,0
rather_unsatisfactory,1,1,0
rather_unruly,1,1,0
energetically_inclined,1,1,0
rather_unreliable,1,1,0
rather_unreasonable,1,1,0
rather_unrealistic,1,1,0
rather_unreal,1,0,1
energetically_miserable,1,1,0
energetically_nice,1,1,0
energetically_oriented,1,1,0
energetically_productive,1,1,0
energetically_stuck,1,1,0
energetically_superior,1,1,0
rather_unplayable,1,0,1
rather_unplanned,1,1,0
energetically_feminine,1,1,0
energetically_equivalent,1,1,0
energetically_equal,1,1,0
enduringly_successful,1,1,0
enduringly_interesting,1,1,0
rather_uptight,1,1,0
enduringly_powerful,1,0,1
enduringly_productive,1,1,0
rather_uplifting,1,1,0
enduringly_satisfying,1,1,0
enduringly_similar,1,0,1
enduringly_true,1,1,0
energetically_dense,1,0,1
enduringly_vital,1,1,0
rather_untouchable,1,0,1
enduringly_weird,1,1,0
energetically_confusing,1,1,0
rather_unsure,1,1,0
rather_unsuccessful,1,1,0
energetically_costly,1,1,0
rather_unpalatable,1,0,1
rather_unnerving,1,1,0
rather_undefined,1,1,0
energetically_unhealthy,1,1,0
enjoyably_expendable,1,1,0
enjoyably_fantastic,1,0,1
enjoyably_fantastical,1,0,1
rather_unfinished,1,1,0
rather_unfamiliar,1,1,0
enjoyably_flawed,1,1,0
enjoyably_fresh,1,1,0
enjoyably_groovy,1,0,1
enjoyably_ironic,1,0,1
rather_undulating,1,1,0
rather_undeveloped,1,0,1
enjoyably_light,1,1,0
enjoyably_odd,1,1,0
rather_understandable,1,1,0
rather_underrepresented,1,1,0
rather_underfunded,1,1,0
enjoyably_old,1,0,1
enjoyably_evil,1,1,0
rather_unheard,1,1,0
enjoyably_epic,1,0,1
enjoyably_dark,1,1,0
enjoyably_affable,1,1,0
enjoyably_awkward,1,0,1
enjoyably_bizarre,1,0,1
rather_unjust,1,1,0
enjoyably_chaotic,1,1,0
enjoyably_combative,1,1,0
enjoyably_creepy,1,1,0
rather_unintended,1,1,0
rather_uniform,1,1,0
enjoyably_deranged,1,1,0
rather_uninspired,1,1,0
rather_unimpressive,1,1,0
enjoyably_doable,1,1,0
enjoyably_entertaining,1,1,0
rather_unimaginative,1,1,0
rather_unimaginable,1,0,1
enormously_glad,1,1,0
rather_sweeping,1,1,0
rather_second,1,1,0
enough_bigger,1,1,0
enormously_welcome,1,1,0
rather_sketchy,1,0,1
enormously_wonderful,1,0,1
rather_sizable,1,1,0
enormously_worthwhile,1,1,0
rather_singular,1,0,1
rather_sinful,1,1,0
enough_able,1,1,0
rather_simpler,1,1,0
enough_acquainted,1,1,0
enough_advanced,1,1,0
enough_afield,1,1,0
enough_afraid,1,1,0
enough_alone,1,1,0
enough_amazing,1,1,0
enough_better,1,1,0
enough_big,1,0,1
enormously_wasteful,1,1,0
enormously_volatile,1,1,0
rather_skittish,1,1,0
rather_smaller,1,1,0
enormously_therapeutic,1,1,0
rather_snug,1,0,1
rather_sneaky,1,0,1
rather_smug,1,1,0
enormously_traumatizing,1,1,0
rather_smelly,1,1,0
enormously_uncomfortable,1,0,1
rather_sly,1,1,0
enormously_vague,1,1,0
enormously_upbeat,1,1,0
enormously_upsetting,1,0,1
enormously_urgent,1,1,0
rather_slippery,1,0,1
rather_slick,1,1,0
rather_slender,1,1,0
rather_sleepy,1,1,0
rather_showy,1,1,0
enough_brave,1,1,0
enormously_surreal,1,0,1
enough_brilliant,1,1,0
enough_funny,1,1,0
rather_sensible,1,1,0
rather_sensational,1,0,1
enough_hard,1,1,0
enough_harmless,1,1,0
rather_self-explanatory,1,1,0
rather_self-destructive,1,1,0
rather_self-critical,1,1,0
rather_self-contained,1,1,0
rather_self-centered,1,1,0
rather_selective,1,1,0
enough_heartbreaking,1,1,0
rather_seductive,1,0,1
enough_higher,1,1,0
rather_sectarian,1,1,0
enough_imperative,1,1,0
rather_secret,1,0,1
enough_free,1,0,1
enough_extra,1,1,0
rather_serendipitous,1,1,0
rather_shameless,1,1,0
enough_clever,1,1,0
enough_closer,1,1,0
enough_cold,1,1,0
enough_contrary,1,1,0
rather_shitty,1,1,0
rather_shiny,1,1,0
enough_convincing,1,1,0
enough_correct,1,1,0
enough_dumb,1,1,0
enough_crazy,1,0,1
enough_creative,1,1,0
enough_different,1,1,0
enough_difficult,1,1,0
rather_sexual,1,1,0
enough_direct,1,1,0
enough_distinct,1,1,0
rather_sobering,1,1,0
enormously_supportive,1,1,0
enormously_gracious,1,1,0
enormously_precious,1,0,1
rather_subconscious,1,1,0
rather_suave,1,1,0
enormously_lovely,1,1,0
enormously_lucky,1,1,0
enormously_misleading,1,0,1
enormously_motivating,1,1,0
enormously_multifaceted,1,0,1
enormously_obvious,1,1,0
enormously_optimistic,1,1,0
enormously_original,1,0,1
enormously_pernicious,1,1,0
enormously_pleasing,1,0,1
rather_straight,1,1,0
rather_stout,1,1,0
rather_stormy,1,1,0
enormously_poetic,1,0,1
rather_stinky,1,1,0
enormously_likable,1,1,0
rather_subservient,1,1,0
enormously_kind,1,1,0
rather_superstitious,1,1,0
enormously_gratifying,1,0,1
enormously_great,1,0,1
rather_susceptible,1,1,0
enormously_harmful,1,1,0
enormously_huge,1,1,0
enormously_illegal,1,1,0
enormously_impressive,1,0,1
rather_superior,1,1,0
enormously_intuitive,1,1,0
rather_superfluous,1,1,0
enormously_informative,1,1,0
rather_superb,1,1,0
enormously_inspiring,1,1,0
enormously_interesting,1,1,0
enormously_intriguing,1,0,1
rather_subversive,1,1,0
rather_stingy,1,1,0
rather_sticky,1,1,0
enormously_suggestive,1,0,1
enormously_prickly,1,1,0
enormously_sick,1,1,0
rather_specious,1,1,0
enormously_similar,1,1,0
enormously_smart,1,1,0
enormously_soothing,1,0,1
rather_spartan,1,1,0
enormously_special,1,0,1
rather_spare,1,1,0
rather_sour,1,1,0
enormously_spiritual,1,1,0
rather_sore,1,1,0
enormously_stressful,1,1,0
enormously_subtle,1,1,0
rather_sombre,1,1,0
rather_somber,1,0,1
rather_solitary,1,1,0
rather_solemn,1,1,0
enormously_sexist,1,1,0
enormously_scared,1,1,0
rather_spoilt,1,1,0
enormously_regressive,1,0,1
rather_stereotypical,1,1,0
enormously_privileged,1,1,0
enormously_prolific,1,1,0
enormously_quick,1,1,0
rather_stark,1,1,0
enormously_reassuring,1,0,1
enormously_refreshing,1,1,0
enormously_relevant,1,0,1
enormously_richer,1,0,1
rather_staggering,1,1,0
rather_squishy,1,1,0
enormously_relieved,1,1,0
rather_spotty,1,1,0
rather_spotless,1,1,0
rather_sporty,1,1,0
rather_spooky,1,0,1
entirely_ethereal,1,1,0
entirely_ethical,1,1,0
rather_lucrative,1,1,0
entirely_underwater,1,1,0
rather_disgruntled,1,1,0
rather_discreet,1,1,0
entirely_unapologetic,1,1,0
entirely_unbiased,1,0,1
entirely_unchanged,1,1,0
entirely_uncharacteristic,1,1,0
entirely_uncharted,1,1,0
entirely_unconcerned,1,1,0
rather_dim,1,1,0
rather_diffuse,1,0,1
entirely_unconstitutional,1,1,0
entirely_undefined,1,0,1
rather_devout,1,1,0
entirely_underground,1,1,0
rather_devastating,1,1,0
rather_detrimental,1,1,0
entirely_underrated,1,1,0
entirely_unaffordable,1,1,0
rather_dishonest,1,0,1
entirely_unaccountable,1,1,0
entirely_transparent,1,1,0
rather_diverse,1,1,0
entirely_thrilling,1,0,1
rather_distressing,1,1,0
entirely_titillating,1,1,0
rather_distinctive,1,1,0
entirely_traditional,1,1,0
entirely_transcendent,1,0,1
entirely_trustworthy,1,1,0
rather_disjointed,1,1,0
rather_dissatisfied,1,1,0
rather_dispiriting,1,1,0
rather_dispassionate,1,1,0
rather_disparate,1,1,0
entirely_typical,1,1,0
entirely_ubiquitous,1,1,0
rather_dismal,1,1,0
rather_detailed,1,0,1
entirely_underwhelming,1,0,1
entirely_theatrical,1,0,1
rather_desolate,1,1,0
rather_dear,1,0,1
rather_deaf,1,1,0
entirely_unhelpful,1,1,0
entirely_unified,1,1,0
entirely_unimportant,1,1,0
entirely_unimpressed,1,0,1
rather_damp,1,1,0
rather_damning,1,0,1
rather_damned,1,1,0
entirely_uninspiring,1,1,0
rather_cynical,1,1,0
entirely_uninsured,1,1,0
rather_custom,1,1,0
rather_current,1,1,0
entirely_unintelligible,1,1,0
entirely_uninterested,1,1,0
rather_cumbersome,1,1,0
rather_debilitating,1,0,1
entirely_unharmed,1,1,0
rather_deceptive,1,1,0
rather_demonic,1,1,0
rather_derivative,1,1,0
entirely_undetectable,1,1,0
entirely_undone,1,1,0
rather_depraved,1,1,0
entirely_unemployed,1,1,0
rather_denser,1,0,1
entirely_unenforceable,1,1,0
rather_demeaning,1,0,1
rather_decorative,1,1,0
rather_delusional,1,1,0
entirely_unexplained,1,1,0
entirely_unfazed,1,1,0
rather_delectable,1,0,1
rather_definitive,1,1,0
entirely_unfit,1,1,0
entirely_unforgivable,1,1,0
rather_doable,1,1,0
entirely_terrified,1,1,0
entirely_unjustified,1,1,0
entirely_situational,1,1,0
rather_exacting,1,1,0
entirely_self-evident,1,0,1
entirely_selfless,1,1,0
rather_eventful,1,0,1
entirely_sensational,1,0,1
rather_european,1,1,0
entirely_sentimental,1,0,1
entirely_shameful,1,1,0
entirely_sharper,1,0,1
entirely_shocking,1,0,1
rather_equivocal,1,1,0
rather_equal,1,1,0
entirely_sick,1,1,0
rather_enviable,1,1,0
rather_entrepreneurial,1,1,0
rather_enticing,1,1,0
rather_enough,1,1,0
rather_exaggerated,1,1,0
entirely_sedentary,1,1,0
entirely_sci-fi,1,0,1
entirely_republican,1,1,0
rather_fair,1,1,0
entirely_reflective,1,1,0
rather_factual,1,0,1
entirely_relatable,1,0,1
entirely_reliable,1,1,0
rather_eye-opening,1,1,0
entirely_repetitive,1,1,0
entirely_resistant,1,1,0
rather_exhausted,1,1,0
rather_expressive,1,0,1
entirely_respectable,1,0,1
entirely_reusable,1,1,0
entirely_run,1,0,1
rather_exhilarating,1,1,0
rather_exhaustive,1,0,1
entirely_sane,1,1,0
entirely_simple,1,0,1
rather_engrossing,1,0,1
rather_dogmatic,1,1,0
entirely_skeptical,1,1,0
entirely_stuck,1,1,0
entirely_submissive,1,1,0
entirely_subservient,1,1,0
rather_easier,1,0,1
rather_earthy,1,1,0
rather_earnest,1,1,0
entirely_sufficient,1,1,0
entirely_supernatural,1,1,0
entirely_suspicious,1,1,0
entirely_sustainable,1,1,0
rather_dreamy,1,1,0
rather_dreadful,1,1,0
entirely_swollen,1,1,0
rather_draconian,1,1,0
entirely_tangible,1,0,1
entirely_technical,1,1,0
rather_dominant,1,1,0
rather_economical,1,1,0
entirely_stationary,1,1,0
rather_effortless,1,1,0
entirely_socialist,1,1,0
rather_engaging,1,1,0
entirely_skilful,1,1,0
rather_endless,1,1,0
entirely_sloppy,1,1,0
entirely_smitten,1,1,0
entirely_sober,1,1,0
entirely_social,1,1,0
entirely_sound,1,1,0
rather_egregious,1,1,0
rather_embarrassed,1,1,0
entirely_specific,1,1,0
rather_elitist,1,0,1
rather_elementary,1,1,0
rather_elemental,1,0,1
entirely_stable,1,1,0
entirely_standard,1,1,0
rather_cultural,1,1,0
entirely_unlawful,1,1,0
entirely_reckless,1,1,0
environmentally_extreme,1,1,0
rather_callous,1,1,0
rather_cagey,1,1,0
rather_bumpy,1,1,0
rather_bummed,1,1,0
rather_bulletproof,1,1,0
environmentally_devastating,1,1,0
rather_buddhist,1,1,0
environmentally_distant,1,1,0
rather_brown,1,1,0
rather_brooding,1,1,0
rather_broader,1,0,1
environmentally_diverse,1,1,0
rather_british,1,1,0
rather_brisk,1,1,0
environmentally_drastic,1,0,1
environmentally_equitable,1,1,0
environmentally_evil,1,1,0
environmentally_determined,1,1,0
rather_canadian,1,0,1
rather_candid,1,1,0
environmentally_corrosive,1,1,0
environmentally_bad,1,1,0
environmentally_catastrophic,1,1,0
rather_characteristic,1,1,0
environmentally_compatible,1,1,0
environmentally_compliant,1,1,0
rather_certain,1,1,0
rather_cerebral,1,1,0
environmentally_costly,1,1,0
environmentally_dependant,1,1,0
rather_catchy,1,1,0
environmentally_credible,1,1,0
rather_cartoony,1,1,0
rather_cartoonish,1,1,0
environmentally_critical,1,1,0
environmentally_defensible,1,1,0
rather_capitalist,1,1,0
rather_breathless,1,1,0
environmentally_favourable,1,1,0
environmentally_attractive,1,1,0
rather_bothersome,1,1,0
environmentally_off-kilter,1,0,1
environmentally_offensive,1,1,0
environmentally_oriented,1,1,0
environmentally_pious,1,1,0
environmentally_pleasant,1,1,0
environmentally_proactive,1,1,0
environmentally_problematic,1,1,0
rather_believable,1,1,0
rather_beguiling,1,1,0
environmentally_protective,1,1,0
rather_bashful,1,1,0
rather_baseless,1,1,0
environmentally_questionable,1,1,0
rather_baroque,1,1,0
environmentally_related,1,1,0
rather_baggy,1,1,0
environmentally_relevant,1,1,0
environmentally_motivated,1,1,0
environmentally_meaningful,1,0,1
environmentally_low,1,1,0
environmentally_healthy,1,1,0
environmentally_forward,1,1,0
environmentally_good,1,1,0
environmentally_green,1,1,0
rather_bombastic,1,1,0
rather_bolder,1,0,1
environmentally_harmless,1,1,0
rather_boisterous,1,0,1
rather_bloody,1,1,0
environmentally_intolerable,1,1,0
environmentally_hip,1,0,1
rather_blissful,1,1,0
environmentally_hostile,1,1,0
environmentally_inappropriate,1,1,0
environmentally_inefficient,1,1,0
environmentally_inept,1,1,0
environmentally_intensive,1,1,0
rather_chaste,1,1,0
rather_cheeky,1,0,1
entirely_unlikeable,1,0,1
entirely_unthinkable,1,0,1
entirely_unscathed,1,1,0
rather_contradictory,1,1,0
entirely_unscrupulous,1,1,0
rather_contemptible,1,1,0
rather_contemporary,1,1,0
rather_contemplative,1,1,0
rather_constitutional,1,1,0
rather_conspicuous,1,1,0
entirely_unstable,1,1,0
rather_conscious,1,1,0
entirely_unsuccessful,1,1,0
entirely_unsuited,1,1,0
entirely_unsupported,1,1,0
entirely_unsure,1,1,0
entirely_unsustainable,1,1,0
rather_conceptual,1,1,0
rather_comprehensive,1,0,1
entirely_unsatisfactory,1,1,0
entirely_unreported,1,1,0
rather_convinced,1,1,0
rather_cranky,1,0,1
entirely_unlikely,1,0,1
entirely_unoccupied,1,1,0
entirely_unofficial,1,1,0
entirely_unoriginal,1,1,0
entirely_unpaid,1,1,0
entirely_unpopular,1,1,0
rather_crappy,1,1,0
rather_crafty,1,1,0
rather_convincing,1,1,0
entirely_unpretentious,1,1,0
rather_courteous,1,1,0
entirely_unqualified,1,1,0
rather_cosy,1,1,0
rather_correct,1,1,0
entirely_unregulated,1,1,0
entirely_unreliable,1,1,0
entirely_untested,1,0,1
entirely_untrained,1,1,0
rather_cheerful,1,1,0
entirely_unused,1,0,1
entirely_wooden,1,1,0
entirely_workable,1,1,0
entirely_worthwhile,1,1,0
rather_classical,1,1,0
environmentally_acceptable,1,1,0
rather_civilised,1,1,0
rather_circumstantial,1,1,0
environmentally_active,1,1,0
rather_circular,1,0,1
rather_chummy,1,1,0
rather_chuffed,1,1,0
rather_chubby,1,1,0
rather_choosy,1,1,0
environmentally_allergic,1,1,0
rather_childlike,1,1,0
environmentally_applicable,1,1,0
environmentally_astute,1,1,0
rather_clear-cut,1,1,0
entirely_wise,1,1,0
entirely_welcoming,1,1,0
rather_collective,1,1,0
rather_communal,1,1,0
entirely_upfront,1,1,0
rather_commercial,1,1,0
entirely_uplifting,1,1,0
entirely_vile,1,0,1
rather_combative,1,1,0
entirely_virtuous,1,0,1
rather_coincidental,1,1,0
rather_cliched,1,1,0
rather_coarse,1,1,0
rather_cluttered,1,1,0
entirely_visual,1,0,1
entirely_waterproof,1,1,0
entirely_wearable,1,1,0
entirely_weird,1,0,1
rather_clingy,1,1,0
rather_fairer,1,1,0
rather_fancy,1,0,1
entirely_excellent,1,1,0
rather_indecisive,1,1,0
rather_inferior,1,1,0
entirely_impractical,1,1,0
entirely_imprecise,1,1,0
rather_infallible,1,1,0
rather_inexplicable,1,1,0
entirely_impressed,1,1,0
entirely_inane,1,1,0
entirely_incapable,1,1,0
rather_inept,1,1,0
entirely_incidental,1,1,0
rather_inebriated,1,1,0
rather_industrious,1,1,0
rather_indulgent,1,1,0
rather_indistinguishable,1,1,0
entirely_incomprehensible,1,1,0
rather_indignant,1,1,0
entirely_inconceivable,1,0,1
rather_influential,1,1,0
entirely_important,1,0,1
entirely_implicit,1,1,0
entirely_imaginable,1,1,0
rather_insubstantial,1,1,0
rather_instructive,1,1,0
entirely_horny,1,1,0
entirely_horrible,1,0,1
rather_insincere,1,0,1
entirely_hostile,1,1,0
entirely_idiosyncratic,1,1,0
rather_insecure,1,1,0
entirely_impersonal,1,1,0
entirely_immersive,1,0,1
rather_inoffensive,1,0,1
entirely_immoral,1,1,0
entirely_immune,1,1,0
entirely_impatient,1,1,0
rather_inhospitable,1,1,0
entirely_impenetrable,1,1,0
entirely_inconsequential,1,1,0
entirely_inconvenient,1,0,1
rather_intellectual,1,1,0
rather_incorrect,1,1,0
rather_improper,1,1,0
rather_improbable,1,1,0
entirely_innate,1,1,0
entirely_insane,1,1,0
entirely_inseparable,1,1,0
entirely_insignificant,1,1,0
rather_implausible,1,1,0
rather_impersonal,1,1,0
rather_imperfect,1,1,0
rather_imperative,1,1,0
rather_impatient,1,1,0
rather_impartial,1,1,0
rather_impactful,1,0,1
rather_immutable,1,0,1
rather_immune,1,1,0
entirely_insincere,1,0,1
rather_imminent,1,1,0
entirely_inhumane,1,1,0
rather_inaccurate,1,1,0
rather_inadequate,1,1,0
rather_incomprehensible,1,1,0
entirely_indefensible,1,1,0
rather_inconspicuous,1,1,0
entirely_indescribable,1,0,1
rather_inconsiderable,1,0,1
entirely_indistinguishable,1,1,0
rather_inconclusive,1,1,0
rather_inconceivable,1,1,0
entirely_inefficient,1,1,0
entirely_inexplicable,1,0,1
rather_incompetent,1,1,0
rather_incompatible,1,1,0
rather_inclusive,1,1,0
entirely_inexperienced,1,0,1
rather_incendiary,1,1,0
rather_incapable,1,1,0
rather_inaudible,1,1,0
rather_insufficient,1,1,0
entirely_homogenous,1,0,1
rather_immediate,1,1,0
entirely_funny,1,1,0
rather_lightweight,1,1,0
rather_lifeless,1,1,0
rather_libertarian,1,1,0
rather_liberating,1,1,0
entirely_flammable,1,1,0
rather_lethargic,1,1,0
rather_lesser,1,1,0
rather_lenient,1,1,0
entirely_fleeting,1,0,1
rather_legendary,1,1,0
rather_leery,1,1,0
entirely_flippant,1,1,0
entirely_focused,1,1,0
rather_latest,1,1,0
entirely_formal,1,1,0
entirely_french,1,0,1
entirely_fun,1,0,1
entirely_finite,1,1,0
entirely_feminist,1,0,1
rather_limitless,1,1,0
entirely_extraordinary,1,1,0
rather_loyal,1,1,0
entirely_excited,1,1,0
entirely_exciting,1,0,1
entirely_experimental,1,1,0
entirely_expired,1,1,0
rather_lovable,1,0,1
entirely_extinct,1,1,0
entirely_facile,1,1,0
rather_linear,1,1,0
entirely_fanciful,1,1,0
entirely_fancy,1,0,1
entirely_fantastical,1,1,0
entirely_fascinating,1,0,1
rather_loath,1,1,0
entirely_fat,1,1,0
rather_literal,1,1,0
rather_laid,1,1,0
entirely_gay,1,1,0
rather_interchangeable,1,1,0
entirely_general,1,1,0
rather_invisible,1,1,0
entirely_heartfelt,1,0,1
rather_invasive,1,0,1
entirely_heinous,1,0,1
rather_intrusive,1,1,0
entirely_helpful,1,1,0
entirely_helpless,1,1,0
rather_intrigued,1,1,0
rather_intoxicating,1,1,0
entirely_heroic,1,1,0
entirely_historical,1,1,0
rather_interwoven,1,1,0
rather_international,1,1,0
rather_internal,1,0,1
rather_intermittent,1,1,0
entirely_holy,1,1,0
entirely_homeless,1,1,0
entirely_healthy,1,1,0
rather_irish,1,1,0
rather_irrational,1,1,0
entirely_genetic,1,0,1
rather_key,1,1,0
rather_juvenile,1,1,0
rather_jumpy,1,1,0
rather_juicy,1,1,0
rather_judgmental,1,0,1
rather_judgemental,1,1,0
rather_jovial,1,1,0
entirely_germane,1,0,1
entirely_greater,1,0,1
rather_jaded,1,1,0
rather_italian,1,1,0
entirely_gratuitous,1,1,0
rather_irritated,1,1,0
rather_irritable,1,1,0
rather_irreplaceable,1,0,1
entirely_gray,1,1,0
rather_immense,1,1,0
entirely_insubstantial,1,1,0
entirely_realistic,1,1,0
rather_frantic,1,1,0
rather_futuristic,1,1,0
rather_future,1,1,0
rather_furious,1,1,0
entirely_optimistic,1,1,0
rather_funky,1,1,0
entirely_ours,1,1,0
entirely_outdoors,1,1,0
entirely_outside,1,1,0
entirely_outstanding,1,1,0
rather_frustrated,1,1,0
rather_frosty,1,1,0
entirely_overwhelming,1,1,0
entirely_palatable,1,1,0
rather_frightened,1,1,0
rather_friendly,1,1,0
entirely_passive,1,1,0
rather_freaky,1,1,0
entirely_offensive,1,1,0
rather_galling,1,1,0
rather_garish,1,1,0
rather_glib,1,1,0
entirely_nefarious,1,1,0
entirely_negligent,1,1,0
rather_good-natured,1,1,0
entirely_noble,1,0,1
entirely_nocturnal,1,1,0
entirely_non-toxic,1,1,0
rather_global,1,1,0
rather_glaring,1,1,0
entirely_offbeat,1,1,0
entirely_non-violent,1,1,0
rather_girly,1,1,0
entirely_nonpartisan,1,1,0
entirely_noticeable,1,1,0
entirely_numb,1,1,0
rather_genuine,1,1,0
entirely_obsessed,1,0,1
entirely_peculiar,1,0,1
rather_frail,1,1,0
rather_gracious,1,0,1
rather_fractious,1,1,0
entirely_potential,1,1,0
rather_fiery,1,0,1
entirely_premature,1,1,0
entirely_preposterous,1,0,1
rather_festive,1,1,0
rather_feral,1,1,0
rather_feminine,1,1,0
entirely_purple,1,1,0
entirely_purposeful,1,1,0
rather_faulty,1,0,1
rather_fatigued,1,1,0
rather_fatal,1,1,0
entirely_puzzled,1,1,0
entirely_qualified,1,0,1
entirely_reachable,1,1,0
rather_farcical,1,1,0
entirely_readable,1,0,1
rather_fit,1,1,0
rather_flaky,1,1,0
rather_flamboyant,1,1,0
entirely_pink,1,1,0
entirely_perfunctory,1,1,0
entirely_permissive,1,1,0
entirely_persuasive,1,1,0
rather_formidable,1,1,0
entirely_perverse,1,1,0
rather_forgivable,1,1,0
entirely_pigmented,1,1,0
entirely_plain,1,1,0
rather_flashy,1,1,0
entirely_plastic,1,1,0
rather_foggy,1,1,0
rather_floral,1,0,1
rather_flirty,1,1,0
entirely_pleasing,1,1,0
rather_flattering,1,1,0
entirely_porous,1,1,0
rather_graceful,1,1,0
rather_grainy,1,1,0
rather_immaterial,1,0,1
rather_higher,1,1,0
rather_humanistic,1,1,0
rather_humane,1,0,1
entirely_irresponsible,1,1,0
entirely_islamic,1,1,0
rather_hotter,1,0,1
entirely_jewish,1,1,0
entirely_justified,1,1,0
entirely_larger,1,0,1
entirely_laudable,1,1,0
entirely_law-abiding,1,1,0
rather_horny,1,1,0
rather_hopeless,1,1,0
rather_homogenous,1,1,0
rather_homeless,1,1,0
entirely_light,1,1,0
rather_hip,1,1,0
rather_hilly,1,0,1
entirely_ironic,1,1,0
entirely_involved,1,1,0
rather_humid,1,1,0
rather_identical,1,1,0
entirely_insufficient,1,1,0
rather_illogical,1,1,0
rather_illegal,1,1,0
entirely_intangible,1,0,1
entirely_intelligible,1,1,0
rather_idiotic,1,0,1
rather_idiosyncratic,1,1,0
entirely_interactive,1,1,0
rather_humiliating,1,0,1
entirely_interdependent,1,1,0
entirely_interested,1,1,0
rather_hysterical,1,1,0
entirely_intimate,1,1,0
entirely_intuitive,1,1,0
entirely_invalid,1,1,0
entirely_invasive,1,1,0
entirely_likeable,1,1,0
entirely_likely,1,1,0
entirely_nebulous,1,0,1
entirely_limitless,1,1,0
rather_handy,1,1,0
entirely_military,1,1,0
entirely_misguided,1,0,1
entirely_mistaken,1,1,0
entirely_moderate,1,1,0
rather_gross,1,0,1
rather_gritty,1,0,1
rather_gripping,1,1,0
entirely_monstrous,1,0,1
rather_green,1,0,1
entirely_moronic,1,0,1
entirely_musical,1,1,0
rather_gray,1,1,0
rather_gratifying,1,1,0
entirely_mysterious,1,0,1
rather_granular,1,1,0
entirely_mythical,1,1,0
rather_haphazard,1,1,0
entirely_mesmerising,1,0,1
rather_hardline,1,1,0
entirely_luxurious,1,1,0
entirely_linear,1,1,0
entirely_listenable,1,1,0
entirely_literary,1,1,0
entirely_live,1,1,0
entirely_local,1,1,0
entirely_lonely,1,1,0
entirely_ludicrous,1,0,1
rather_heartbreaking,1,1,0
entirely_marvelous,1,1,0
rather_healthy,1,0,1
rather_heady,1,1,0
entirely_male,1,1,0
entirely_male-dominated,1,1,0
entirely_malevolent,1,1,0
entirely_malicious,1,1,0
entirely_manual,1,1,0
excessively_rowdy,1,1,0
practically_universal,1,1,0
practically_unique,1,0,1
painfully_straight,1,1,0
painfully_stereotypical,1,1,0
painfully_spot,1,1,0
painfully_spicy,1,1,0
first_indifferent,1,1,0
painfully_solitary,1,0,1
painfully_solemn,1,1,0
first_initial,1,1,0
painfully_sluggish,1,1,0
painfully_slim,1,1,0
painfully_sleepy,1,1,0
painfully_single,1,1,0
first_intimate,1,1,0
first_joint,1,1,0
first_laughable,1,0,1
painfully_silly,1,1,0
painfully_silent,1,1,0
first_loyal,1,1,0
painfully_stiff,1,1,0
first_hesitant,1,1,0
flagrantly_immoral,1,1,0
painfully_symbolic,1,1,0
painfully_unaware,1,1,0
painfully_unavoidable,1,1,0
painfully_unable,1,0,1
first_disappointed,1,1,0
painfully_truthful,1,1,0
first_european,1,1,0
painfully_trite,1,1,0
first_evident,1,1,0
first_expensive,1,1,0
first_fashionable,1,0,1
first_frightened,1,1,0
painfully_tight,1,1,0
first_good,1,0,1
first_gradual,1,1,0
painfully_tedious,1,1,0
painfully_tart,1,1,0
painfully_tangible,1,1,0
first_manifest,1,1,0
painfully_shocking,1,1,0
painfully_sharp,1,1,0
painfully_sexy,1,1,0
painfully_private,1,0,1
painfully_pretty,1,1,0
painfully_pressing,1,0,1
first_reticent,1,1,0
painfully_precious,1,0,1
painfully_powerful,1,0,1
first_ripe,1,1,0
first_second,1,1,0
painfully_poetic,1,0,1
first_shocked,1,1,0
painfully_perverse,1,1,0
painfully_perceptive,1,1,0
painfully_pedestrian,1,1,0
painfully_passive,1,1,0
painfully_partisan,1,1,0
painfully_paradoxical,1,1,0
painfully_outspoken,1,1,0
first_pure,1,1,0
painfully_quick,1,1,0
first_popular,1,1,0
painfully_restrictive,1,1,0
first_most,1,1,0
painfully_self-aware,1,1,0
painfully_salty,1,1,0
painfully_rough,1,1,0
painfully_ripe,1,1,0
painfully_rigorous,1,1,0
painfully_revealing,1,1,0
painfully_reminiscent,1,1,0
first_personal,1,1,0
painfully_religious,1,1,0
first_obedient,1,1,0
painfully_reflective,1,1,0
painfully_redundant,1,1,0
painfully_recognisable,1,1,0
first_oblivious,1,1,0
first_open,1,1,0
first_dead,1,1,0
painfully_unconventional,1,1,0
painfully_uncool,1,1,0
firmly_true,1,1,0
palpably_hostile,1,1,0
palpably_holy,1,0,1
palpably_grievous,1,0,1
firmly_stuck,1,1,0
firmly_supportive,1,0,1
palpably_darker,1,0,1
palpably_constitutional,1,1,0
palpably_confusing,1,0,1
palpably_collective,1,1,0
palpably_bogus,1,1,0
palpably_black,1,0,1
palpably_bitter,1,1,0
palpably_aware,1,1,0
palpably_audible,1,1,0
palpably_angry,1,1,0
painstakingly_tedious,1,1,0
painstakingly_straightforward,1,1,0
palpably_human,1,0,1
palpably_illegal,1,1,0
palpably_implausible,1,1,0
palpably_right,1,0,1
palpably_terrifying,1,1,0
palpably_tense,1,1,0
palpably_strong,1,1,0
palpably_sore,1,1,0
palpably_shrewd,1,1,0
palpably_sane,1,0,1
palpably_sad,1,0,1
firmly_republican,1,1,0
palpably_impractical,1,1,0
firmly_set,1,1,0
palpably_near,1,1,0
palpably_mediocre,1,0,1
palpably_irrational,1,0,1
palpably_intense,1,1,0
palpably_insane,1,1,0
palpably_impressive,1,1,0
painstakingly_sluggish,1,1,0
painstakingly_simple,1,0,1
painfully_underfunded,1,1,0
painstakingly_self-taught,1,1,0
first_confusing,1,1,0
painfully_visible,1,1,0
painfully_violent,1,1,0
painfully_vague,1,1,0
painfully_unsurprising,1,0,1
painfully_unpredictable,1,1,0
painfully_unlucky,1,1,0
painfully_unintentional,1,1,0
painfully_uninformed,1,1,0
first_critical,1,1,0
painfully_unfinished,1,1,0
painfully_unfair,1,1,0
painfully_uneventful,1,1,0
painfully_uneven,1,1,0
painfully_underwhelming,1,1,0
painfully_underwater,1,1,0
painfully_understaffed,1,1,0
first_concerned,1,1,0
painfully_warm,1,1,0
painfully_weak,1,1,0
painstakingly_dry,1,1,0
painstakingly_private,1,1,0
painstakingly_perfect,1,1,0
painstakingly_meticulous,1,1,0
painstakingly_long,1,1,0
painstakingly_intricate,1,1,0
painstakingly_hard,1,1,0
first_alternate,1,1,0
first_annoyed,1,0,1
painfully_weird,1,0,1
first_awake,1,1,0
painstakingly_close,1,1,0
painstakingly_awful,1,1,0
painstakingly_accurate,1,1,0
first_awestruck,1,1,0
painfully_worthy,1,1,0
first_cold,1,1,0
first_small,1,1,0
painfully_ordinary,1,1,0
first_tense,1,1,0
painfully_cogent,1,1,0
painfully_deliberate,1,1,0
painfully_deficient,1,1,0
painfully_deep,1,1,0
painfully_dead,1,1,0
painfully_dark,1,1,0
fittingly_contradictory,1,1,0
painfully_critical,1,1,0
painfully_crippling,1,1,0
painfully_correct,1,1,0
fittingly_crude,1,0,1
fittingly_decadent,1,0,1
painfully_complicit,1,1,0
painfully_complex,1,1,0
fittingly_full,1,0,1
painfully_commercial,1,1,0
fittingly_gorgeous,1,1,0
painfully_cold,1,1,0
painfully_derivative,1,1,0
painfully_desirous,1,1,0
painfully_desperate,1,1,0
painfully_disturbing,1,1,0
painfully_emotional,1,1,0
painfully_efficient,1,1,0
painfully_educational,1,1,0
painfully_easy,1,1,0
fiscally_upright,1,1,0
painfully_eager,1,1,0
painfully_drab,1,1,0
fiscally_wasteful,1,1,0
fittingly_bohemian,1,0,1
painfully_disruptive,1,1,0
painfully_disjointed,1,1,0
painfully_direct,1,1,0
fiscally_wise,1,1,0
fittingly_appropriate,1,0,1
painfully_diabolical,1,0,1
painfully_detailed,1,1,0
painfully_cognizant,1,0,1
fittingly_grand,1,0,1
fiscally_unsound,1,1,0
fittingly_happy,1,1,0
flagrantly_combative,1,1,0
flagrantly_contrary,1,1,0
painfully_antisocial,1,1,0
flagrantly_dramatic,1,1,0
painfully_anachronistic,1,1,0
painfully_american,1,0,1
painfully_alone,1,1,0
painfully_alive,1,1,0
flagrantly_fake,1,1,0
painfully_addictive,1,1,0
painfully_acute,1,1,0
painfully_acidic,1,1,0
painfully_academic,1,1,0
flagrantly_fictitious,1,1,0
painfully_abrupt,1,1,0
overwhelmingly_wild,1,1,0
flagrantly_hypocritical,1,1,0
painfully_apt,1,1,0
flagrantly_artificial,1,1,0
fittingly_symbolic,1,0,1
painfully_campy,1,0,1
painfully_cliche,1,1,0
fittingly_imprecise,1,1,0
painfully_clean,1,1,0
fittingly_ironic,1,0,1
painfully_cheerful,1,1,0
painfully_cautious,1,1,0
fittingly_low-key,1,1,0
fittingly_modest,1,0,1
painfully_awful,1,1,0
fittingly_odd,1,0,1
fittingly_off-kilter,1,0,1
painfully_bland,1,1,0
painfully_bitter,1,1,0
fittingly_oversized,1,1,0
fittingly_perfect,1,1,0
fittingly_surreal,1,0,1
painfully_empty,1,1,0
painfully_exciting,1,1,0
painfully_one-sided,1,1,0
fiscally_detrimental,1,1,0
fiscally_affordable,1,1,0
fiscally_astute,1,1,0
painfully_linear,1,1,0
painfully_limited,1,1,0
painfully_light,1,1,0
painfully_lethargic,1,1,0
painfully_lean,1,1,0
painfully_lame,1,1,0
painfully_lacking,1,0,1
painfully_laborious,1,1,0
painfully_itchy,1,1,0
fiscally_clueless,1,1,0
painfully_invisible,1,1,0
fiscally_conscious,1,1,0
painfully_intolerable,1,1,0
fiscally_costly,1,1,0
fiscally_creative,1,1,0
first_worth,1,1,0
painfully_ludicrous,1,1,0
first_visible,1,1,0
painfully_neat,1,1,0
first_unable,1,1,0
first_unaware,1,1,0
painfully_oblivious,1,1,0
painfully_nostalgic,1,1,0
painfully_nice,1,1,0
first_uncomfortable,1,1,0
painfully_necessary,1,1,0
painfully_nascent,1,1,0
painfully_mediocre,1,1,0
first_unfathomable,1,1,0
painfully_multicultural,1,1,0
painfully_monotonous,1,1,0
painfully_modest,1,1,0
painfully_misinformed,1,1,0
painfully_memorable,1,1,0
painfully_melodramatic,1,1,0
painfully_instructive,1,1,0
painfully_inscrutable,1,1,0
painfully_exhausted,1,1,0
painfully_inept,1,1,0
painfully_hideous,1,1,0
fiscally_realistic,1,1,0
painfully_heartfelt,1,1,0
painfully_harsh,1,1,0
fiscally_shrewd,1,1,0
painfully_gradual,1,1,0
fiscally_sound,1,1,0
fiscally_stable,1,1,0
painfully_fresh,1,1,0
painfully_formulaic,1,1,0
painfully_final,1,0,1
painfully_few,1,1,0
fiscally_unfeasible,1,1,0
painfully_fair,1,1,0
painfully_exquisite,1,0,1
painfully_explicit,1,1,0
fiscally_unproductive,1,1,0
fiscally_neutral,1,1,0
fiscally_minded,1,1,0
fiscally_insolvent,1,1,0
fiscally_free,1,1,0
painfully_inefficient,1,1,0
painfully_indifferent,1,1,0
fiscally_fortunate,1,0,1
painfully_inconclusive,1,0,1
painfully_incapable,1,1,0
painfully_inappropriate,1,1,0
painfully_inadequate,1,1,0
painfully_immature,1,0,1
painfully_horrible,1,1,0
painfully_illiterate,1,1,0
painfully_hysterical,1,1,0
painfully_hungover,1,1,0
painfully_humorous,1,1,0
painfully_humiliating,1,1,0
fiscally_incompetent,1,1,0
fiscally_independent,1,1,0
palpably_true,1,1,0
palpably_uncomfortable,1,1,0
firmly_related,1,1,0
partially_unenforceable,1,1,0
partially_vegan,1,1,0
financially_fortunate,1,1,0
financially_frail,1,1,0
partially_useless,1,1,0
partially_usable,1,1,0
partially_upright,1,1,0
partially_unused,1,1,0
partially_unusable,1,1,0
financially_generous,1,1,0
partially_unreliable,1,1,0
partially_unreal,1,1,0
partially_unpaid,1,1,0
financially_glamorous,1,0,1
partially_unmarked,1,1,0
partially_unlawful,1,1,0
partially_unknown,1,1,0
partially_unionized,1,1,0
partially_verbal,1,1,0
partially_virtual,1,1,0
financially_foolish,1,1,0
particularly_abstract,1,1,0
financially_equivalent,1,1,0
particularly_accommodating,1,1,0
financially_exhausted,1,1,0
financially_explosive,1,1,0
financially_fabulous,1,1,0
particularly_abundant,1,1,0
particularly_absurd,1,0,1
particularly_abrasive,1,0,1
partially_vital,1,1,0
financially_favorable,1,1,0
financially_fine,1,1,0
partially_worthless,1,1,0
partially_wireless,1,1,0
partially_whole,1,1,0
financially_flexible,1,1,0
financially_flush,1,1,0
financially_greedy,1,1,0
financially_harder,1,1,0
financially_effective,1,1,0
partially_underway,1,1,0
financially_insignificant,1,1,0
partially_solvable,1,1,0
financially_insolvent,1,1,0
partially_sober,1,1,0
partially_skilled,1,1,0
partially_sincere,1,1,0
financially_interdependent,1,1,0
financially_interesting,1,1,0
partially_separate,1,1,0
partially_sentient,1,1,0
partially_sensitive,1,1,0
financially_involved,1,0,1
financially_irrational,1,1,0
partially_sane,1,1,0
financially_justifiable,1,1,0
partially_round,1,1,0
partially_robotic,1,1,0
partially_succesful,1,1,0
financially_insane,1,1,0
partially_sufficient,1,1,0
financially_immune,1,1,0
financially_harmful,1,1,0
financially_helpful,1,1,0
partially_unconstitutional,1,1,0
partially_unaware,1,1,0
partially_unacceptable,1,1,0
financially_immaterial,1,1,0
partially_truthful,1,0,1
financially_important,1,0,1
financially_inexperienced,1,1,0
financially_impoverished,1,1,0
partially_transcendent,1,0,1
financially_inaccessible,1,1,0
partially_sympathetic,1,1,0
partially_symbolic,1,1,0
partially_suspect,1,1,0
financially_inefficient,1,1,0
financially_efficient,1,1,0
particularly_adaptable,1,1,0
financially_knowledgeable,1,1,0
financially_autonomous,1,1,0
particularly_badass,1,0,1
financially_abundant,1,0,1
financially_abusive,1,1,0
financially_accessible,1,1,0
financially_active,1,1,0
financially_adept,1,1,0
particularly_averse,1,1,0
particularly_australian,1,0,1
particularly_austere,1,0,1
particularly_audacious,1,1,0
particularly_attributable,1,0,1
financially_aggressive,1,1,0
financially_ambitious,1,1,0
particularly_atrocious,1,0,1
particularly_astute,1,1,0
particularly_askew,1,0,1
financially_astute,1,1,0
particularly_baffling,1,1,0
particularly_bankable,1,1,0
particularly_bearish,1,1,0
finally_wise,1,1,0
particularly_bonkers,1,1,0
particularly_bold,1,1,0
particularly_blond,1,1,0
finally_unique,1,0,1
finally_usable,1,1,0
particularly_black,1,1,0
finally_warm,1,1,0
particularly_bitchy,1,0,1
finally_wrong,1,1,0
particularly_bigoted,1,1,0
finally_worried,1,1,0
finally_worth,1,1,0
particularly_bespoke,1,1,0
particularly_benevolent,1,1,0
finally_worthy,1,0,1
particularly_belligerent,1,1,0
financially_attainable,1,1,0
financially_awesome,1,1,0
particularly_addictive,1,1,0
particularly_articulate,1,1,0
financially_critical,1,1,0
financially_damaging,1,1,0
financially_daunting,1,1,0
particularly_allergic,1,0,1
particularly_alike,1,1,0
financially_deleterious,1,1,0
financially_demanding,1,1,0
financially_deserving,1,1,0
financially_dire,1,1,0
particularly_african,1,1,0
particularly_affectionate,1,1,0
financially_disadvantaged,1,1,0
financially_disappointing,1,1,0
financially_dominant,1,1,0
particularly_adroit,1,1,0
financially_driven,1,0,1
financially_dubious,1,1,0
particularly_amenable,1,1,0
financially_crippling,1,1,0
financially_corrupt,1,1,0
financially_cautious,1,1,0
particularly_arid,1,1,0
financially_backward,1,1,0
particularly_ardent,1,1,0
financially_bad,1,0,1
financially_bankrupt,1,1,0
particularly_apprehensive,1,0,1
financially_brilliant,1,1,0
financially_cheap,1,1,0
financially_conscious,1,1,0
financially_compatible,1,1,0
financially_competent,1,1,0
particularly_apocalyptic,1,1,0
financially_complex,1,1,0
financially_complicated,1,1,0
financially_connected,1,1,0
particularly_ancient,1,1,0
partially_ripe,1,1,0
financially_lavish,1,1,0
partially_able,1,1,0
firmly_conservative,1,1,0
partially_destructive,1,1,0
finely_adjustable,1,1,0
finely_granular,1,1,0
finely_knit,1,1,0
finely_porous,1,1,0
partially_culpable,1,1,0
finely_silky,1,1,0
finely_skilled,1,1,0
partially_convertible,1,1,0
partially_contradictory,1,1,0
partially_consecutive,1,1,0
partially_confusing,1,1,0
partially_confident,1,1,0
partially_conclusive,1,1,0
partially_comprehensible,1,1,0
partially_complicit,1,1,0
firmly_biblical,1,1,0
partially_devoid,1,1,0
financially_worth,1,1,0
partially_digital,1,1,0
financially_untenable,1,1,0
partially_fatal,1,1,0
financially_unproductive,1,1,0
financially_unrealistic,1,1,0
financially_unreasonable,1,1,0
partially_extant,1,1,0
partially_existent,1,1,0
partially_exhausting,1,1,0
partially_european,1,1,0
financially_wiser,1,1,0
partially_erroneous,1,1,0
partially_enough,1,1,0
partially_enjoyable,1,0,1
financially_valuable,1,1,0
partially_employable,1,1,0
partially_dry,1,1,0
partially_dominant,1,1,0
partially_competitive,1,1,0
partially_commercial,1,1,0
partially_female,1,1,0
partially_coherent,1,1,0
firmly_narrative,1,0,1
partially_attentive,1,1,0
partially_asleep,1,1,0
partially_asian,1,1,0
firmly_outdated,1,1,0
partially_arbitrary,1,1,0
partially_appropriate,1,1,0
partially_antagonistic,1,1,0
partially_anonymous,1,1,0
partially_amusing,1,1,0
partially_alive,1,1,0
partially_alert,1,1,0
firmly_past,1,0,1
firmly_patriotic,1,1,0
firmly_pro-choice,1,1,0
partially_acceptable,1,1,0
firmly_progressive,1,1,0
partially_audible,1,1,0
partially_autistic,1,1,0
partially_autobiographical,1,1,0
firmly_intent,1,0,1
partially_cognizant,1,1,0
firmly_convinced,1,1,0
firmly_evident,1,1,0
firmly_heterosexual,1,1,0
partially_civilized,1,1,0
partially_blue,1,1,0
firmly_homosexual,1,1,0
firmly_interested,1,1,0
firmly_middle,1,1,0
partially_bent,1,1,0
partially_believable,1,1,0
partially_bare,1,1,0
partially_bald,1,1,0
partially_bad,1,1,0
firmly_liberal,1,1,0
firmly_lower,1,1,0
partially_favorable,1,1,0
partially_fertile,1,1,0
financially_lean,1,1,0
financially_right,1,1,0
partially_preventable,1,1,0
partially_precise,1,1,0
partially_political,1,1,0
partially_pleased,1,1,0
partially_playable,1,1,0
partially_personal,1,0,1
partially_passable,1,1,0
financially_precious,1,1,0
financially_prejudiced,1,1,0
partially_organic,1,1,0
partially_orange,1,1,0
financially_problematic,1,1,0
financially_punitive,1,1,0
partially_observant,1,1,0
financially_reasonable,1,0,1
partially_objective,1,1,0
partially_obedient,1,1,0
partially_private,1,1,0
partially_privileged,1,1,0
partially_productive,1,1,0
partially_reflective,1,1,0
partially_resistant,1,1,0
partially_residential,1,1,0
partially_representative,1,1,0
partially_renewable,1,1,0
financially_manageable,1,0,1
partially_relevant,1,1,0
partially_relaxing,1,1,0
partially_redundant,1,1,0
partially_protective,1,1,0
financially_okay,1,1,0
partially_ready,1,1,0
partially_readable,1,1,0
financially_onerous,1,1,0
financially_overwhelming,1,1,0
partially_qualified,1,1,0
partially_psychological,1,1,0
financially_reckless,1,1,0
partially_negative,1,1,0
financially_unfeasible,1,1,0
partially_natural,1,1,0
financially_suspect,1,1,0
partially_incapable,1,1,0
partially_inadequate,1,1,0
financially_tenuous,1,1,0
partially_inaccessible,1,1,0
partially_impassable,1,1,0
financially_threatening,1,1,0
financially_traumatic,1,1,0
financially_troubled,1,1,0
partially_hollow,1,1,0
partially_guilty,1,1,0
financially_unattainable,1,1,0
partially_genuine,1,1,0
financially_unavailable,1,1,0
partially_gay,1,1,0
financially_uncomfortable,1,1,0
financially_undesirable,1,1,0
financially_suicidal,1,1,0
financially_sufficient,1,1,0
partially_inevitable,1,1,0
partially_legal,1,1,0
financially_rigorous,1,1,0
partially_myopic,1,1,0
partially_muslim,1,1,0
financially_significant,1,0,1
partially_misinformed,1,1,0
partially_meticulous,1,1,0
partially_mechanical,1,1,0
financially_solid,1,1,0
partially_innocent,1,1,0
partially_irreverent,1,1,0
financially_straight,1,1,0
partially_interested,1,1,0
partially_interactive,1,0,1
financially_straightforward,1,1,0
financially_stronger,1,1,0
financially_stupid,1,1,0
overwhelmingly_unlikely,1,1,0
overwhelmingly_underwhelming,1,1,0
frankly_bonkers,1,1,0
overly_transactional,1,1,0
formally_accountable,1,1,0
formally_adventurous,1,1,0
formally_ambitious,1,1,0
overly_topical,1,1,0
formally_arbitrary,1,1,0
formally_autonomous,1,1,0
formally_beholden,1,1,0
formally_brilliant,1,1,0
formally_complete,1,1,0
formally_daring,1,1,0
formally_depressed,1,1,0
formally_doomed,1,1,0
formally_experimental,1,1,0
overly_terrible,1,1,0
formally_expressive,1,1,0
overly_tenacious,1,1,0
overly_tedious,1,1,0
forever_wrong,1,1,0
forever_welcome,1,1,0
overwhelmingly_understated,1,0,1
overly_tyrannical,1,1,0
forever_susceptible,1,1,0
forever_turbulent,1,1,0
overly_vindictive,1,1,0
forever_unchallenged,1,1,0
overly_vigilant,1,1,0
overly_vicious,1,1,0
overly_vibrant,1,1,0
forever_unconvinced,1,1,0
forever_unheard,1,1,0
forever_unique,1,0,1
overly_upset,1,1,0
forever_united,1,1,0
forever_unknown,1,1,0
forever_unnoticed,1,1,0
overly_uniform,1,1,0
overly_uncomfortable,1,1,0
overly_ugly,1,1,0
overly_technological,1,1,0
formally_groundbreaking,1,1,0
formally_illogical,1,1,0
formally_immaculate,1,1,0
formally_subject,1,1,0
formally_subordinate,1,1,0
overly_stringent,1,1,0
formally_unpredictable,1,1,0
formally_unregulated,1,1,0
overly_strenuous,1,1,0
overly_strategic,1,1,0
overly_strange,1,1,0
overly_straight,1,1,0
overly_stingy,1,1,0
formally_weird,1,1,0
formerly_antagonistic,1,1,0
overly_stern,1,1,0
overly_stereotypical,1,1,0
overly_staunch,1,1,0
overly_square,1,1,0
formerly_athletic,1,1,0
overly_studious,1,1,0
overly_stupid,1,0,1
overly_subject,1,1,0
overly_surprising,1,1,0
formally_independent,1,1,0
overly_synthetic,1,1,0
formally_indistinguishable,1,1,0
formally_israeli,1,1,0
formally_native,1,1,0
formally_original,1,1,0
overly_surreal,1,1,0
formally_perfect,1,1,0
formally_skilled,1,1,0
overly_supportive,1,1,0
overly_superstitious,1,1,0
overly_suggestive,1,1,0
overly_such,1,1,0
overly_succulent,1,1,0
overly_subtle,1,1,0
formally_satisfying,1,1,0
forever_stuck,1,1,0
forever_strong,1,1,0
forever_sorry,1,1,0
overtly_catholic,1,1,0
overtly_contrived,1,1,0
overtly_contentious,1,1,0
overtly_contemptuous,1,1,0
overtly_conscious,1,1,0
forever_memorable,1,1,0
forever_merciful,1,1,0
overtly_complacent,1,1,0
overtly_compassionate,1,1,0
overtly_communist,1,1,0
forever_missing,1,0,1
overtly_comic,1,1,0
forever_negative,1,1,0
overtly_collaborative,1,0,1
overtly_cloying,1,1,0
overtly_clever,1,1,0
overtly_childish,1,1,0
overtly_cerebral,1,1,0
overtly_cool,1,0,1
overtly_corrupt,1,1,0
overtly_cosy,1,1,0
overtly_didactic,1,1,0
overtly_dry,1,1,0
overtly_dramatic,1,1,0
overtly_disrespectful,1,1,0
overtly_dismissive,1,1,0
overtly_disgruntled,1,1,0
overtly_discriminatory,1,1,0
overtly_difficult,1,1,0
overtly_diabolical,1,1,0
forever_mandatory,1,1,0
forever_likely,1,1,0
overtly_defensive,1,1,0
overtly_dark,1,1,0
overtly_dangerous,1,1,0
overtly_cultural,1,0,1
overtly_cryptic,1,1,0
forever_lonely,1,1,0
overtly_celebratory,1,1,0
overtly_bubbly,1,1,0
overly_wary,1,1,0
overtly_brutal,1,1,0
forever_regretful,1,1,0
overtly_abstract,1,1,0
overly_wrought,1,1,0
overly_worthy,1,1,0
overly_worthwhile,1,1,0
forever_restless,1,0,1
overly_wonky,1,1,0
forever_scared,1,1,0
forever_searchable,1,1,0
forever_separate,1,1,0
overly_whimsical,1,1,0
forever_short,1,0,1
forever_silent,1,1,0
overly_weighty,1,1,0
overly_wealthy,1,1,0
overly_weak,1,1,0
overly_watery,1,1,0
overtly_acute,1,0,1
overtly_alert,1,1,0
overtly_ambitious,1,1,0
overtly_architectural,1,1,0
overtly_benign,1,0,1
forever_obscure,1,1,0
overtly_bearish,1,1,0
forever_offensive,1,1,0
overtly_atheist,1,1,0
overtly_assertive,1,1,0
overtly_artsy,1,1,0
overtly_appreciative,1,1,0
overtly_american,1,1,0
overtly_appealing,1,1,0
overtly_apologetic,1,1,0
overtly_anxious,1,1,0
forever_old,1,1,0
overtly_anti-democratic,1,1,0
overtly_antagonistic,1,1,0
forever_passionate,1,0,1
overly_spontaneous,1,1,0
overly_splendid,1,1,0
formerly_authoritarian,1,1,0
overly_prolific,1,1,0
overly_radical,1,1,0
overly_racy,1,1,0
formerly_undefined,1,0,1
formerly_unemployed,1,1,0
overly_quaint,1,1,0
formerly_unheard,1,1,0
formerly_unidentified,1,1,0
formerly_uninsured,1,1,0
formerly_unpublished,1,1,0
overly_public,1,1,0
formerly_unseen,1,0,1
formerly_wealthy,1,1,0
formerly_white,1,1,0
overly_protectionist,1,1,0
overly_proper,1,1,0
overly_prone,1,1,0
fortunately_active,1,1,0
formerly_successful,1,1,0
overly_rational,1,1,0
overly_raucous,1,1,0
overly_relentless,1,1,0
overly_respectful,1,1,0
overly_resistant,1,1,0
overly_resentful,1,1,0
overly_repressive,1,1,0
overly_remarkable,1,1,0
overly_reluctant,1,1,0
formerly_skilled,1,1,0
formerly_staunch,1,1,0
overly_raw,1,1,0
overly_regulatory,1,1,0
overly_reflective,1,1,0
overly_redundant,1,1,0
overly_reductive,1,1,0
formerly_strong,1,1,0
formerly_subject,1,1,0
overly_reactive,1,1,0
fortunately_available,1,1,0
overly_profound,1,1,0
formerly_sedate,1,0,1
fortunately_aware,1,1,0
overly_pompous,1,1,0
frankly_annoying,1,1,0
frankly_anti-semitic,1,1,0
overly_polished,1,0,1
overly_plush,1,1,0
overly_pleasing,1,1,0
frankly_arcane,1,1,0
overly_pleasant,1,1,0
frankly_astonishing,1,1,0
overly_pissed,1,1,0
frankly_aware,1,1,0
frankly_awkward,1,1,0
frankly_beautiful,1,0,1
overly_philosophical,1,1,0
frankly_bland,1,1,0
overly_perverted,1,1,0
overly_perverse,1,1,0
overly_ponderous,1,1,0
overly_popular,1,1,0
frankly_amazing,1,1,0
frankly_abhorrent,1,1,0
overly_profane,1,1,0
overly_productive,1,1,0
overly_proactive,1,1,0
overly_prickly,1,1,0
fortunately_negative,1,1,0
overly_presumptuous,1,1,0
fortunately_sufficient,1,1,0
overly_prejudicial,1,1,0
overly_posh,1,1,0
overly_predictable,1,1,0
overly_precise,1,1,0
overly_pragmatic,1,1,0
overly_practical,1,1,0
frankly_adorable,1,0,1
frankly_afraid,1,1,0
frankly_amateur,1,1,0
formerly_significant,1,1,0
overly_restless,1,1,0
formerly_available,1,1,0
overly_selfish,1,1,0
overly_skimpy,1,1,0
overly_skilled,1,1,0
formerly_familiar,1,0,1
overly_sinful,1,1,0
formerly_famous,1,1,0
formerly_favorite,1,1,0
overly_silly,1,1,0
formerly_flammable,1,1,0
overly_sick,1,1,0
formerly_great,1,1,0
formerly_hostile,1,1,0
formerly_hot,1,1,0
overly_sharp,1,1,0
overly_shallow,1,1,0
overly_shaky,1,1,0
overly_sexy,1,1,0
formerly_independent,1,1,0
overly_sleepy,1,1,0
overly_slick,1,1,0
overly_slippery,1,1,0
overly_solemn,1,1,0
formerly_bigger,1,1,0
overly_specialized,1,1,0
overly_sparkly,1,1,0
overly_sour,1,1,0
formerly_captive,1,1,0
overly_solid,1,1,0
formerly_commercial,1,1,0
formerly_competitive,1,1,0
formerly_extinct,1,1,0
formerly_detailed,1,1,0
overly_sociable,1,1,0
overly_smug,1,1,0
overly_smooth,1,1,0
overly_smart,1,1,0
formerly_dominant,1,1,0
formerly_external,1,1,0
overly_sensational,1,1,0
formerly_loyal,1,1,0
formerly_sane,1,1,0
formerly_mortal,1,1,0
overly_rugged,1,1,0
formerly_privileged,1,1,0
overly_round,1,1,0
formerly_prosperous,1,0,1
formerly_psychotic,1,1,0
formerly_radical,1,1,0
overly_robust,1,1,0
overly_risque,1,1,0
formerly_red,1,1,0
formerly_regional,1,1,0
overly_righteous,1,1,0
overly_ridiculous,1,0,1
formerly_romantic,1,1,0
overly_rhythmic,1,1,0
overly_rhetorical,1,1,0
formerly_royal,1,1,0
overly_reticent,1,1,0
formerly_private,1,1,0
formerly_pregnant,1,1,0
formerly_powerless,1,1,0
formerly_obese,1,1,0
formerly_new,1,1,0
overly_selective,1,1,0
overly_seductive,1,1,0
formerly_nomadic,1,1,0
overly_sedate,1,1,0
overly_secure,1,1,0
overly_secretive,1,1,0
formerly_official,1,1,0
overly_sadistic,1,1,0
overly_scholarly,1,1,0
overly_scathing,1,1,0
overly_satisfying,1,0,1
formerly_orthodox,1,1,0
formerly_painful,1,1,0
overly_sanguine,1,1,0
formerly_pious,1,1,0
overtly_dumb,1,1,0
overtly_educational,1,1,0
overtly_effeminate,1,1,0
overwhelmingly_dynamic,1,1,0
flatly_spurious,1,1,0
overwhelmingly_feminine,1,1,0
overwhelmingly_female,1,1,0
overwhelmingly_favorable,1,1,0
overwhelmingly_fascinating,1,1,0
overwhelmingly_fantastic,1,1,0
flatly_terrible,1,0,1
overwhelmingly_exquisite,1,1,0
overwhelmingly_expressive,1,0,1
flatly_unavailable,1,1,0
overwhelmingly_excited,1,1,0
overwhelmingly_enthusiastic,1,1,0
overwhelmingly_enough,1,1,0
flatly_undecided,1,1,0
overwhelmingly_english,1,1,0
flatly_unpleasant,1,1,0
overwhelmingly_embarrassing,1,1,0
overwhelmingly_frightening,1,1,0
overwhelmingly_fruity,1,1,0
overwhelmingly_fun,1,0,1
overwhelmingly_heterosexual,1,1,0
overwhelmingly_impressed,1,1,0
flatly_obvious,1,1,0
overwhelmingly_ignorant,1,1,0
overwhelmingly_human,1,0,1
overwhelmingly_hot,1,1,0
overwhelmingly_horrific,1,1,0
overwhelmingly_horrible,1,0,1
overwhelmingly_hateful,1,0,1
flatly_repugnant,1,1,0
flatly_offensive,1,1,0
flatly_outrageous,1,0,1
overwhelmingly_gray,1,1,0
overwhelmingly_grand,1,0,1
flatly_reactionary,1,1,0
overwhelmingly_gloomy,1,1,0
overwhelmingly_german,1,1,0
flatly_unthinkable,1,0,1
flatly_white,1,1,0
flatly_insane,1,1,0
flawlessly_awesome,1,1,0
overwhelmingly_comic,1,1,0
overwhelmingly_close,1,0,1
overwhelmingly_clever,1,0,1
flawlessly_smooth,1,1,0
overwhelmingly_christian,1,1,0
overwhelmingly_chinese,1,1,0
overwhelmingly_cheap,1,1,0
flawlessly_sure,1,1,0
flawlessly_vile,1,0,1
overwhelmingly_bummed,1,1,0
overwhelmingly_bright,1,1,0
overwhelmingly_boring,1,1,0
overwhelmingly_bold,1,1,0
overwhelmingly_bleak,1,1,0
foremost_dear,1,1,0
foremost_interested,1,1,0
overwhelmingly_bipartisan,1,1,0
overwhelmingly_compelling,1,0,1
flawlessly_revolutionary,1,1,0
flawlessly_polite,1,1,0
flawlessly_fresh,1,1,0
overwhelmingly_detailed,1,1,0
overwhelmingly_desperate,1,0,1
flawlessly_fine,1,1,0
overwhelmingly_delicious,1,0,1
overwhelmingly_dark,1,1,0
overwhelmingly_dangerous,1,0,1
overwhelmingly_cynical,1,1,0
overwhelmingly_crowded,1,1,0
flawlessly_perky,1,1,0
overwhelmingly_creative,1,1,0
overwhelmingly_convincing,1,1,0
overwhelmingly_convinced,1,1,0
flawlessly_gorgeous,1,1,0
flawlessly_magnificent,1,1,0
overwhelmingly_confident,1,0,1
overwhelmingly_conclusive,1,0,1
overwhelmingly_inappropriate,1,1,0
overwhelmingly_inferior,1,1,0
foremost_ornate,1,1,0
flatly_conspicuous,1,1,0
flagrantly_showy,1,1,0
flagrantly_tragic,1,1,0
overwhelmingly_safer,1,1,0
overwhelmingly_russian,1,0,1
overwhelmingly_rural,1,1,0
flagrantly_unreasonable,1,1,0
overwhelmingly_repulsive,1,0,1
flagrantly_villainous,1,0,1
overwhelmingly_reluctant,1,1,0
overwhelmingly_refreshing,1,0,1
overwhelmingly_punitive,1,1,0
overwhelmingly_proud,1,1,0
overwhelmingly_progressive,1,1,0
overwhelmingly_probable,1,1,0
overwhelmingly_pro-choice,1,1,0
overwhelmingly_pro-business,1,1,0
flatly_absurd,1,1,0
overwhelmingly_savory,1,0,1
overwhelmingly_secular,1,1,0
overwhelmingly_sexist,1,1,0
overwhelmingly_stylish,1,1,0
overwhelmingly_uncomfortable,1,1,0
overwhelmingly_true,1,1,0
overwhelmingly_tedious,1,0,1
flagrantly_improper,1,1,0
flagrantly_inspiring,1,1,0
overwhelmingly_sunni,1,1,0
overwhelmingly_sugary,1,1,0
flagrantly_ridiculous,1,1,0
overwhelmingly_sexy,1,1,0
overwhelmingly_stunning,1,0,1
flagrantly_rude,1,1,0
flagrantly_sexual,1,0,1
overwhelmingly_stimulating,1,1,0
overwhelmingly_spiritual,1,0,1
overwhelmingly_spicy,1,1,0
overwhelmingly_similar,1,1,0
overwhelmingly_possible,1,1,0
flatly_dishonest,1,1,0
overwhelmingly_intense,1,1,0
flatly_dull,1,0,1
overwhelmingly_moody,1,1,0
overwhelmingly_minimal,1,1,0
overwhelmingly_mild,1,1,0
overwhelmingly_major,1,1,0
overwhelmingly_lush,1,1,0
overwhelmingly_loyal,1,1,0
overwhelmingly_low,1,1,0
flatly_inconsistent,1,0,1
overwhelmingly_lonely,1,1,0
overwhelmingly_likely,1,1,0
overwhelmingly_larger,1,1,0
flatly_incorrect,1,1,0
overwhelmingly_joyous,1,1,0
overwhelmingly_jewish,1,1,0
overwhelmingly_intoxicating,1,1,0
overwhelmingly_intimidating,1,1,0
overwhelmingly_interesting,1,1,0
overwhelmingly_multicultural,1,1,0
flatly_impatient,1,1,0
overwhelmingly_nasty,1,1,0
overwhelmingly_ordinary,1,0,1
overwhelmingly_political,1,1,0
overwhelmingly_polite,1,1,0
overwhelmingly_pleasing,1,0,1
overwhelmingly_pleased,1,1,0
overwhelmingly_pleasant,1,1,0
flatly_evil,1,1,0
overwhelmingly_peaceful,1,1,0
overwhelmingly_opulent,1,1,0
flatly_hot,1,1,0
flatly_fake,1,1,0
overwhelmingly_one-sided,1,1,0
overwhelmingly_offensive,1,1,0
overwhelmingly_numerous,1,1,0
overwhelmingly_nostalgic,1,1,0
overwhelmingly_nice,1,1,0
overwhelmingly_new,1,1,0
overwhelmingly_big,1,1,0
overwhelmingly_bad,1,1,0
overtly_egregious,1,0,1
forever_immortal,1,1,0
forever_hollow,1,1,0
forever_hungry,1,1,0
overtly_manipulative,1,1,0
overtly_malicious,1,1,0
overtly_malevolent,1,0,1
overtly_macho,1,0,1
overtly_ludicrous,1,0,1
overtly_lesbian,1,1,0
overtly_jubilant,1,1,0
overtly_irritating,1,0,1
overtly_ironic,1,0,1
overtly_involved,1,1,0
overtly_intentional,1,1,0
overtly_insane,1,1,0
overtly_inquisitive,1,1,0
overtly_illegal,1,1,0
overtly_ill,1,1,0
overtly_meaningful,1,0,1
overtly_mediocre,1,1,0
overtly_melancholy,1,1,0
overtly_objectionable,1,1,0
overtly_overbearing,1,1,0
overtly_ornate,1,1,0
overtly_optimistic,1,0,1
overtly_opportunistic,1,1,0
forever_festive,1,0,1
forever_forgiving,1,1,0
overtly_obtrusive,1,1,0
overtly_new,1,1,0
overtly_melodic,1,1,0
forever_fortunate,1,1,0
forever_full,1,1,0
overtly_narrative,1,1,0
overtly_modern,1,1,0
overtly_misogynistic,1,1,0
forever_high,1,1,0
overtly_menacing,1,0,1
overtly_hypocritical,1,1,0
overtly_human,1,1,0
forever_favorite,1,1,0
forever_impossible,1,0,1
overtly_fun,1,1,0
overtly_fruity,1,0,1
overtly_frivolous,1,1,0
overtly_flashy,1,1,0
forever_intact,1,1,0
overtly_fearful,1,1,0
overtly_fantastical,1,0,1
forever_irrelevant,1,1,0
overtly_false,1,1,0
overtly_fair,1,1,0
overtly_factual,1,1,0
overtly_extroverted,1,1,0
overtly_extreme,1,1,0
overtly_explicit,1,1,0
overtly_exotic,1,1,0
forever_jaded,1,1,0
forever_lazy,1,1,0
overtly_funky,1,0,1
forever_inscrutable,1,1,0
overtly_fussy,1,1,0
overtly_heterosexual,1,1,0
overtly_horrible,1,1,0
overtly_hopeful,1,1,0
overtly_honest,1,1,0
overtly_homosexual,1,1,0
overtly_homophobic,1,1,0
overtly_hilarious,1,1,0
overtly_hierarchical,1,1,0
overtly_heroic,1,1,0
forever_insane,1,1,0
overtly_hateful,1,1,0
overtly_gruesome,1,0,1
forever_incomplete,1,1,0
overtly_grand,1,1,0
overtly_goofy,1,1,0
forever_inherent,1,1,0
overtly_girly,1,1,0
overtly_paranoid,1,1,0
overtly_passionate,1,1,0
foremost_recognizable,1,0,1
overtly_simple,1,1,0
overtly_technological,1,1,0
overtly_sympathetic,1,1,0
overtly_symbolic,1,1,0
overtly_sweet,1,1,0
forever_busy,1,1,0
overtly_superstitious,1,1,0
forever_childlike,1,0,1
overtly_stylish,1,1,0
overtly_stupid,1,1,0
overtly_stressful,1,1,0
forever_classic,1,1,0
overtly_speculative,1,1,0
overtly_specific,1,1,0
overtly_socialist,1,1,0
overtly_social,1,1,0
overtly_slow,1,1,0
overtly_slick,1,1,0
forever_better,1,1,0
overtly_thick,1,0,1
overtly_threatening,1,1,0
overwhelmingly_alive,1,1,0
overwhelmingly_appreciative,1,1,0
overwhelmingly_apparent,1,1,0
overwhelmingly_appalling,1,1,0
overwhelmingly_anxious,1,1,0
overwhelmingly_annoying,1,1,0
forever_angry,1,1,0
overwhelmingly_amateur,1,1,0
overwhelmingly_adamant,1,1,0
forever_beautiful,1,1,0
overwhelmingly_academic,1,1,0
overtly_white,1,1,0
forever_bad,1,1,0
overtly_upset,1,1,0
overtly_unique,1,1,0
overtly_unfair,1,1,0
overtly_ugly,1,1,0
forever_closer,1,1,0
overtly_showy,1,1,0
overtly_patriarchal,1,1,0
forever_cold,1,1,0
overtly_psychedelic,1,1,0
forever_doable,1,1,0
overtly_proud,1,1,0
overtly_promotional,1,1,0
overtly_problematic,1,1,0
overtly_precious,1,0,1
overtly_preachy,1,1,0
overtly_powerful,1,1,0
overtly_pornographic,1,1,0
forever_eager,1,1,0
overtly_playful,1,1,0
overtly_pious,1,1,0
overtly_picturesque,1,0,1
forever_enduring,1,0,1
forever_expressive,1,1,0
overtly_pessimistic,1,1,0
forever_fascinating,1,0,1
overtly_queer,1,1,0
overtly_quiet,1,1,0
forever_different,1,1,0
overtly_secular,1,1,0
overtly_sexualized,1,1,0
forever_compelling,1,0,1
forever_complete,1,1,0
overtly_sentimental,1,1,0
overtly_sensual,1,1,0
overtly_sensitive,1,1,0
overtly_selfish,1,0,1
overtly_rude,1,1,0
forever_defunct,1,1,0
forever_confused,1,1,0
overtly_right,1,1,0
overtly_ridiculous,1,0,1
forever_dangerous,1,1,0
overtly_related,1,1,0
overtly_reflective,1,1,0
overtly_raunchy,1,1,0
finally_unfolding,1,1,0
finally_underway,1,1,0
finally_traceable,1,1,0
particularly_unreasonable,1,0,1
particularly_unprotected,1,1,0
particularly_unpredictable,1,1,0
particularly_unpopular,1,1,0
famously_efficient,1,1,0
famously_enormous,1,1,0
famously_erratic,1,1,0
famously_familiar,1,1,0
particularly_unlikeable,1,1,0
famously_fearless,1,1,0
famously_fond,1,1,0
famously_fraught,1,1,0
famously_generous,1,1,0
famously_harsh,1,1,0
famously_hostile,1,1,0
famously_impatient,1,0,1
particularly_unforgettable,1,0,1
famously_inaccessible,1,1,0
particularly_unqualified,1,0,1
particularly_unsatisfied,1,1,0
finally_tiring,1,1,0
particularly_unsatisfying,1,0,1
particularly_variable,1,1,0
particularly_vapid,1,0,1
famously_changeable,1,1,0
particularly_vague,1,1,0
particularly_usual,1,1,0
famously_characteristic,1,1,0
famously_contemptuous,1,1,0
particularly_uptight,1,1,0
famously_dead,1,1,0
famously_defunct,1,1,0
famously_difficult,1,1,0
particularly_uplifting,1,0,1
particularly_unwell,1,1,0
famously_disruptive,1,1,0
particularly_unsophisticated,1,1,0
particularly_unseemly,1,0,1
particularly_unsavory,1,1,0
famously_indifferent,1,1,0
famously_judicious,1,0,1
particularly_uneven,1,1,0
famously_materialistic,1,0,1
particularly_traumatizing,1,0,1
famously_reluctant,1,1,0
particularly_transformative,1,1,0
particularly_trans,1,1,0
famously_resourceful,1,1,0
particularly_traditional,1,1,0
famously_small,1,1,0
famously_strong,1,1,0
particularly_toothless,1,1,0
particularly_tiring,1,1,0
famously_successful,1,1,0
particularly_tiny,1,1,0
famously_tall,1,1,0
famously_tight,1,0,1
particularly_tidy,1,1,0
famously_uninterested,1,0,1
particularly_thrifty,1,1,0
particularly_treacherous,1,1,0
famously_prolific,1,1,0
famously_preoccupied,1,0,1
particularly_unbiased,1,1,0
particularly_uneasy,1,1,0
particularly_underwhelming,1,1,0
particularly_underdeveloped,1,1,0
particularly_uncooperative,1,1,0
particularly_unconvincing,1,1,0
particularly_unconvinced,1,1,0
famously_obvious,1,1,0
particularly_unaware,1,1,0
famously_pink,1,1,0
particularly_unattractive,1,1,0
particularly_unacceptable,1,1,0
famously_optimistic,1,1,0
particularly_typical,1,1,0
particularly_twisted,1,0,1
famously_passionate,1,1,0
famously_picturesque,1,1,0
particularly_vehement,1,1,0
particularly_verbal,1,1,0
particularly_vexing,1,1,0
partly_able,1,1,0
partly_blank,1,1,0
partly_bad,1,1,0
fairly_wacky,1,1,0
partly_awake,1,1,0
partly_available,1,1,0
partly_autonomous,1,1,0
fairly_well-known,1,1,0
fairly_western,1,1,0
fairly_whimsical,1,0,1
partly_appropriate,1,1,0
partly_appealing,1,0,1
partly_apocryphal,1,1,0
partly_altruistic,1,1,0
partly_allowable,1,1,0
fairly_wholesome,1,0,1
partly_aesthetic,1,1,0
partly_active,1,1,0
fairly_volatile,1,1,0
fairly_vocal,1,1,0
partly_bright,1,1,0
partly_commercial,1,1,0
partly_curious,1,1,0
fairly_verifiable,1,1,0
partly_convertible,1,1,0
partly_contemporary,1,1,0
fairly_versatile,1,0,1
partly_complicit,1,1,0
fairly_villainous,1,1,0
fairly_violent,1,1,0
partly_british,1,1,0
fairly_visible,1,1,0
fairly_vital,1,1,0
partly_christian,1,1,0
partly_challenging,1,1,0
partly_cerebral,1,1,0
partly_capable,1,1,0
fairly_vivid,1,1,0
partly_accurate,1,1,0
particularly_zealous,1,1,0
particularly_viable,1,1,0
fairly_willing,1,0,1
falsely_knowledgeable,1,1,0
falsely_mistaken,1,1,0
falsely_nice,1,0,1
falsely_nostalgic,1,1,0
particularly_vulgar,1,1,0
falsely_optimistic,1,1,0
falsely_pious,1,1,0
falsely_precise,1,1,0
particularly_visual,1,1,0
falsely_true,1,1,0
particularly_virulent,1,1,0
falsely_wise,1,1,0
particularly_vindictive,1,1,0
particularly_villainous,1,0,1
famously_averse,1,1,0
famously_bald,1,0,1
famously_cautious,1,1,0
falsely_humble,1,1,0
falsely_high,1,1,0
falsely_harmful,1,1,0
falsely_dangerous,1,1,0
fairly_wise,1,0,1
fairly_witty,1,0,1
particularly_wrenching,1,1,0
fairly_wonderful,1,0,1
particularly_worse,1,1,0
fairly_younger,1,1,0
fairly_zany,1,1,0
falsely_detrimental,1,1,0
falsely_grand,1,1,0
particularly_windy,1,1,0
particularly_willing,1,1,0
falsely_enlightened,1,1,0
particularly_wicked,1,0,1
particularly_wholesome,1,0,1
particularly_white,1,1,0
falsely_flattering,1,1,0
famously_vigorous,1,1,0
famously_welcoming,1,1,0
particularly_thorny,1,1,0
particularly_scientific,1,1,0
particularly_shocked,1,1,0
particularly_shiny,1,0,1
fantastically_memorable,1,1,0
fantastically_mistaken,1,1,0
fantastically_original,1,1,0
fantastically_ornamental,1,1,0
fantastically_painful,1,0,1
fantastically_phenomenal,1,1,0
fantastically_photogenic,1,1,0
particularly_sensual,1,0,1
fantastically_protective,1,1,0
particularly_selfish,1,1,0
particularly_self-conscious,1,1,0
particularly_self-confident,1,1,0
particularly_seductive,1,1,0
particularly_scrumptious,1,0,1
particularly_scrappy,1,1,0
fantastically_manic,1,1,0
particularly_showy,1,1,0
fantastically_ludicrous,1,1,0
particularly_sleek,1,1,0
particularly_snarky,1,1,0
particularly_smelly,1,1,0
fantastically_hip,1,0,1
fantastically_hopeful,1,1,0
fantastically_horny,1,1,0
fantastically_icky,1,1,0
fantastically_illicit,1,0,1
particularly_sleazy,1,1,0
fantastically_low,1,1,0
particularly_skittish,1,1,0
fantastically_impractical,1,1,0
particularly_skeptical,1,1,0
fantastically_insane,1,1,0
particularly_sinful,1,0,1
fantastically_insightful,1,1,0
fantastically_involved,1,1,0
particularly_scottish,1,0,1
particularly_scholarly,1,1,0
particularly_sobering,1,0,1
fantastically_quirky,1,0,1
fantastically_tasty,1,1,0
fantastically_thoughtful,1,1,0
fantastically_tragic,1,1,0
particularly_revolutionary,1,1,0
fantastically_uncommon,1,0,1
particularly_revealing,1,1,0
fantastically_unconventional,1,1,0
particularly_responsive,1,1,0
particularly_responsible,1,1,0
particularly_respectful,1,1,0
particularly_respectable,1,1,0
fantastically_unexpected,1,0,1
fantastically_unhappy,1,1,0
particularly_resilient,1,1,0
particularly_repulsive,1,0,1
particularly_republican,1,1,0
particularly_representative,1,1,0
particularly_right,1,1,0
particularly_rigid,1,1,0
fantastically_tasteful,1,0,1
fantastically_simple,1,1,0
fantastically_ready,1,1,0
fantastically_real,1,0,1
fantastically_reminiscent,1,1,0
particularly_savage,1,1,0
fantastically_rustic,1,1,0
fantastically_scary,1,1,0
fantastically_sharp,1,1,0
fantastically_small,1,1,0
fantastically_tangential,1,1,0
particularly_sadistic,1,1,0
fantastically_special,1,0,1
particularly_rural,1,0,1
fantastically_stupid,1,0,1
fantastically_succinct,1,1,0
fantastically_suitable,1,1,0
particularly_rocky,1,1,0
fantastically_helpful,1,1,0
fantastically_great,1,0,1
particularly_thirsty,1,1,0
fantastically_detailed,1,1,0
fantastically_breathtaking,1,1,0
particularly_swollen,1,1,0
particularly_sweeter,1,1,0
fantastically_brilliant,1,1,0
particularly_sustainable,1,1,0
fantastically_certain,1,0,1
particularly_suspenseful,1,1,0
fantastically_charismatic,1,1,0
particularly_surreal,1,0,1
fantastically_charming,1,0,1
fantastically_cheerful,1,0,1
fantastically_contradictory,1,1,0
fantastically_cool,1,1,0
fantastically_cunning,1,0,1
particularly_suggestive,1,1,0
fantastically_decorative,1,1,0
particularly_subversive,1,1,0
particularly_synthetic,1,0,1
particularly_talented,1,1,0
particularly_tangible,1,0,1
particularly_tenuous,1,1,0
particularly_thin,1,1,0
famously_witty,1,1,0
particularly_theatrical,1,0,1
particularly_territorial,1,1,0
fantastically_ancient,1,0,1
particularly_terrific,1,1,0
fantastically_authentic,1,1,0
particularly_tense,1,1,0
particularly_tasteful,1,1,0
fantastically_bad,1,0,1
particularly_temporary,1,1,0
particularly_tedious,1,1,0
particularly_technological,1,1,0
fantastically_bewildering,1,1,0
fantastically_bizarre,1,0,1
particularly_tasteless,1,0,1
fantastically_delusional,1,1,0
particularly_subjective,1,1,0
particularly_solemn,1,0,1
particularly_subject,1,1,0
fantastically_eye-opening,1,1,0
particularly_splendid,1,1,0
fantastically_fancy,1,1,0
fantastically_fickle,1,1,0
fantastically_foolish,1,1,0
fantastically_free,1,1,0
fantastically_fresh,1,0,1
fantastically_full,1,1,0
fantastically_fun,1,1,0
particularly_southern,1,0,1
particularly_sorry,1,1,0
particularly_sore,1,1,0
fantastically_good-looking,1,0,1
fantastically_gorgeous,1,0,1
particularly_somber,1,1,0
particularly_solid,1,0,1
fantastically_grand,1,0,1
fantastically_expressive,1,1,0
particularly_stable,1,1,0
particularly_standard,1,1,0
fantastically_dull,1,1,0
fantastically_devious,1,0,1
particularly_sturdy,1,1,0
fantastically_difficult,1,1,0
particularly_stunned,1,1,0
fantastically_disturbing,1,1,0
fantastically_dorky,1,0,1
particularly_stringent,1,1,0
particularly_strict,1,1,0
particularly_stark,1,1,0
fantastically_easy,1,1,0
particularly_strategic,1,0,1
fantastically_effective,1,1,0
particularly_stout,1,1,0
fantastically_elaborate,1,1,0
particularly_stimulating,1,0,1
fantastically_enjoyable,1,1,0
partly_dead,1,1,0
fairly_vast,1,1,0
fairly_vain,1,1,0
fairly_tense,1,1,0
patently_unethical,1,1,0
patently_unequal,1,1,0
patently_undemocratic,1,0,1
patently_unanswered,1,0,1
patently_un-american,1,0,1
patently_true,1,1,0
patently_tribal,1,1,0
patently_transparent,1,1,0
fairly_tangential,1,1,0
fairly_tasteful,1,1,0
patently_regressive,1,1,0
patently_racist,1,1,0
patently_pretentious,1,1,0
fairly_tedious,1,1,0
patently_perverse,1,1,0
patently_overwhelming,1,1,0
patently_old,1,1,0
fairly_tacky,1,1,0
patently_unfunny,1,1,0
patently_unimpressive,1,1,0
pathetically_anxious,1,1,0
pathetically_derivative,1,1,0
pathetically_defensive,1,1,0
pathetically_cute,1,1,0
pathetically_courageous,1,0,1
pathetically_clear,1,1,0
pathetically_cheesy,1,1,0
pathetically_bad,1,1,0
pathetically_anachronistic,1,1,0
fairly_taboo,1,1,0
fairly_suspenseful,1,1,0
patently_unthinkable,1,0,1
patently_unsuited,1,0,1
patently_unreasonable,1,1,0
fairly_swift,1,1,0
patently_unlikable,1,1,0
fairly_synthetic,1,1,0
fairly_tender,1,1,0
patently_musical,1,0,1
pathetically_dull,1,1,0
patently_mistaken,1,1,0
patently_exaggerated,1,1,0
patently_erroneous,1,1,0
patently_emotional,1,0,1
patently_dumb,1,1,0
patently_disturbing,1,0,1
patently_dissimilar,1,1,0
fairly_true,1,1,0
patently_disgusting,1,0,1
fairly_ubiquitous,1,1,0
patently_devoid,1,1,0
patently_deceptive,1,1,0
patently_daft,1,1,0
patently_clear,1,1,0
patently_catastrophic,1,1,0
patently_bogus,1,1,0
patently_bizarre,1,0,1
patently_biased,1,0,1
patently_expired,1,1,0
fairly_transformative,1,0,1
patently_feminine,1,0,1
patently_incredible,1,1,0
patently_misleading,1,1,0
patently_melodramatic,1,1,0
patently_male,1,1,0
patently_irrational,1,1,0
patently_intolerable,1,1,0
patently_insincere,1,1,0
fairly_theoretical,1,1,0
patently_inadequate,1,1,0
patently_fictional,1,1,0
fairly_tidy,1,1,0
patently_improper,1,1,0
fairly_tolerant,1,1,0
patently_hypocritical,1,1,0
patently_hollow,1,1,0
fairly_traceable,1,1,0
patently_foolish,1,1,0
pathetically_docile,1,1,0
fairly_susceptible,1,1,0
patently_awful,1,1,0
pathologically_blind,1,0,1
pathologically_impatient,1,1,0
pathologically_immune,1,1,0
pathologically_ill,1,1,0
pathologically_horny,1,1,0
pathologically_high,1,1,0
pathologically_helpful,1,1,0
pathologically_fascinating,1,0,1
fairly_stoic,1,1,0
pathologically_envious,1,1,0
pathologically_disillusioned,1,1,0
fairly_strict,1,1,0
pathologically_deranged,1,0,1
pathologically_demented,1,1,0
pathologically_cruel,1,1,0
pathologically_corrupt,1,1,0
pathologically_concrete,1,0,1
pathologically_competitive,1,1,0
fairly_stingy,1,1,0
pathologically_indecisive,1,0,1
fairly_sticky,1,0,1
pathologically_schizophrenic,1,1,0
pearly_gray,1,1,0
fairly_stern,1,0,1
pathologically_violent,1,1,0
pathologically_unlucky,1,1,0
pathologically_unable,1,1,0
pathologically_stupid,1,1,0
pathologically_slow,1,0,1
pathologically_relevant,1,0,1
pathologically_interesting,1,0,1
pathologically_productive,1,1,0
pathologically_polite,1,1,0
pathologically_perverse,1,1,0
pathologically_passive,1,1,0
pathologically_opaque,1,0,1
pathologically_nervous,1,1,0
pathologically_narcissistic,1,1,0
pathologically_busy,1,1,0
pathologically_apologetic,1,1,0
fairly_superior,1,1,0
pathologically_anti-semitic,1,1,0
pathetically_mindless,1,1,0
fairly_sudden,1,1,0
pathetically_light,1,1,0
pathetically_lame,1,1,0
pathetically_ironic,1,0,1
pathetically_insecure,1,1,0
pathetically_innocent,1,0,1
pathetically_inadequate,1,1,0
pathetically_ignorant,1,1,0
pathetically_human,1,1,0
fairly_superfluous,1,1,0
pathetically_grandiose,1,1,0
pathetically_funny,1,1,0
pathetically_flawed,1,1,0
pathetically_false,1,1,0
pathetically_exquisite,1,1,0
pathetically_expensive,1,1,0
pathetically_misinformed,1,1,0
pathetically_obsessive,1,1,0
fairly_subversive,1,1,0
pathetically_thin,1,1,0
pathologically_altruistic,1,1,0
fairly_strident,1,1,0
pathetically_young,1,1,0
pathetically_unreliable,1,1,0
pathetically_unoriginal,1,1,0
pathetically_unhelpful,1,1,0
pathetically_true,1,1,0
fairly_stunned,1,1,0
pathetically_reluctant,1,1,0
pathetically_stilted,1,1,0
fairly_sturdy,1,1,0
pathetically_simplistic,1,1,0
pathetically_schizophrenic,1,1,0
pathetically_sad,1,1,0
fairly_submissive,1,1,0
pathetically_ridiculous,1,1,0
patently_benign,1,1,0
patently_aware,1,1,0
partly_direct,1,1,0
partly_literary,1,1,0
partly_original,1,1,0
fairly_unnecessary,1,1,0
partly_opposite,1,1,0
fairly_unoriginal,1,1,0
fairly_unorthodox,1,1,0
partly_old,1,1,0
partly_official,1,1,0
partly_obsolete,1,1,0
partly_nocturnal,1,1,0
fairly_unpopular,1,1,0
fairly_unprecedented,1,0,1
partly_mortal,1,1,0
partly_morbid,1,1,0
fairly_unproductive,1,1,0
partly_mindless,1,0,1
partly_man-made,1,1,0
fairly_unsatisfactory,1,1,0
partly_pink,1,1,0
fairly_unlucky,1,1,0
partly_present,1,1,0
partly_reminiscent,1,0,1
partly_selfish,1,1,0
partly_selective,1,1,0
partly_robotic,1,1,0
partly_rigorous,1,1,0
fairly_unified,1,1,0
partly_reversible,1,1,0
fairly_unimaginative,1,1,0
fairly_unimpressive,1,1,0
partly_psychological,1,1,0
partly_red,1,1,0
partly_reasonable,1,1,0
fairly_uninspired,1,1,0
partly_raw,1,1,0
partly_rational,1,1,0
partly_random,1,1,0
partly_public,1,1,0
partly_literate,1,1,0
partly_liable,1,1,0
partly_skilled,1,1,0
partly_legal,1,1,0
fairly_upright,1,1,0
partly_flexible,1,1,0
partly_fascist,1,1,0
partly_familiar,1,1,0
fairly_urban,1,1,0
partly_external,1,1,0
partly_exempt,1,1,0
partly_evil,1,1,0
partly_essential,1,1,0
partly_equivalent,1,1,0
partly_entertaining,1,1,0
partly_electronic,1,1,0
fairly_utilitarian,1,1,0
partly_due,1,1,0
fairly_vacant,1,1,0
partly_drunk,1,1,0
partly_divine,1,0,1
partly_full,1,1,0
fairly_upmarket,1,1,0
fairly_unthinkable,1,0,1
fairly_unsophisticated,1,1,0
partly_lean,1,1,0
fairly_unsavory,1,1,0
partly_irreversible,1,1,0
partly_irregular,1,1,0
fairly_unsettling,1,1,0
partly_intuitive,1,1,0
partly_international,1,1,0
fairly_unsteady,1,1,0
partly_green,1,1,0
partly_imaginary,1,1,0
partly_idle,1,1,0
partly_hysterical,1,1,0
fairly_unsurprising,1,1,0
partly_helpless,1,1,0
partly_helpful,1,1,0
partly_grey,1,1,0
partly_similar,1,1,0
fairly_unflattering,1,1,0
patently_autobiographical,1,1,0
passionately_enough,1,0,1
passionately_pro-life,1,1,0
passionately_pro-israel,1,1,0
passionately_persistent,1,1,0
passionately_patriotic,1,1,0
passionately_partisan,1,1,0
passionately_outspoken,1,1,0
passionately_outraged,1,1,0
passionately_nostalgic,1,1,0
passionately_naive,1,1,0
passionately_literary,1,1,0
passionately_knowledgable,1,1,0
fairly_uncomfortable,1,1,0
passionately_interesting,1,1,0
fairly_unconscious,1,1,0
passionately_idealistic,1,1,0
passionately_hostile,1,1,0
fairly_uncontrollable,1,0,1
passionately_prophetic,1,1,0
passionately_proud,1,1,0
fairly_unbearable,1,1,0
fairly_unattainable,1,1,0
patently_artificial,1,1,0
patently_alien,1,0,1
patently_alarming,1,0,1
fairly_unacceptable,1,1,0
fairly_unanimous,1,1,0
past_strong,1,1,0
past_important,1,1,0
past_closer,1,1,0
fairly_unattractive,1,1,0
past_caring,1,1,0
past_bitter,1,1,0
passionately_worth,1,0,1
passionately_verbal,1,1,0
passionately_upset,1,1,0
passionately_upbeat,1,1,0
passionately_supportive,1,1,0
passionately_fearful,1,1,0
passionately_emotional,1,1,0
partly_solid,1,1,0
passionately_eloquent,1,1,0
partly_unexplored,1,1,0
partly_underwater,1,1,0
partly_underground,1,1,0
partly_uncertain,1,1,0
fairly_uneducated,1,1,0
fairly_unexpected,1,0,1
partly_traumatic,1,0,1
partly_transparent,1,1,0
fairly_unexplored,1,1,0
partly_transferable,1,1,0
partly_technical,1,1,0
partly_systematic,1,1,0
partly_synthetic,1,1,0
partly_symbolic,1,1,0
fairly_unfashionable,1,1,0
partly_subjective,1,1,0
partly_state-owned,1,1,0
partly_uninhabitable,1,1,0
partly_unsupported,1,1,0
partly_untrue,1,1,0
fairly_undefined,1,1,0
passionately_devoted,1,1,0
fairly_unconventional,1,0,1
passionately_curious,1,1,0
passionately_crazy,1,1,0
fairly_unconvincing,1,1,0
passionately_bullish,1,1,0
passionately_blind,1,1,0
passionately_artistic,1,1,0
partly_unwilling,1,1,0
fairly_underdeveloped,1,1,0
fairly_underrepresented,1,0,1
fairly_understated,1,1,0
partly_wise,1,1,0
partly_white,1,1,0
fairly_undocumented,1,1,0
partly_valid,1,1,0
particularly_reminiscent,1,1,0
fantastically_unpopular,1,1,0
particularly_reluctant,1,1,0
particularly_enlightened,1,0,1
particularly_excessive,1,1,0
fiendishly_hot,1,1,0
fiendishly_inventive,1,1,0
fiendishly_relentless,1,0,1
fiendishly_tricky,1,1,0
fiendishly_ungrateful,1,1,0
particularly_eventful,1,1,0
fiercely_admirable,1,0,1
particularly_ethnic,1,1,0
fiercely_adorable,1,1,0
fiercely_aggressive,1,1,0
particularly_epic,1,0,1
particularly_envious,1,1,0
fiercely_alive,1,1,0
fiercely_antagonistic,1,1,0
particularly_enthralling,1,0,1
fiercely_anti-american,1,1,0
fiendishly_hard,1,0,1
fiendishly_great,1,0,1
particularly_exhausting,1,1,0
fiendishly_danceable,1,1,0
fewer_terrible,1,1,0
particularly_faithful,1,1,0
fewer_warm,1,1,0
fiendishly_addictive,1,1,0
particularly_eye-opening,1,1,0
particularly_eye-catching,1,1,0
fiendishly_carnal,1,1,0
particularly_extensive,1,1,0
fiendishly_fun,1,0,1
particularly_exquisite,1,0,1
particularly_expressive,1,1,0
particularly_explosive,1,1,0
particularly_explicit,1,1,0
fiendishly_daring,1,0,1
fiendishly_elusive,1,1,0
fiendishly_entertaining,1,1,0
fiercely_ardent,1,1,0
particularly_enigmatic,1,1,0
particularly_fanciful,1,1,0
fiercely_autocratic,1,1,0
particularly_eco-friendly,1,1,0
fiercely_feminist,1,1,0
particularly_early,1,1,0
fiercely_fun,1,0,1
particularly_dynamic,1,1,0
fiercely_funny,1,1,0
fiercely_greedy,1,1,0
particularly_dull,1,1,0
particularly_dubious,1,1,0
fiercely_hot,1,0,1
particularly_drunk,1,1,0
fiercely_imaginative,1,0,1
particularly_dreamy,1,0,1
particularly_dreadful,1,0,1
fiercely_innovative,1,1,0
particularly_downbeat,1,1,0
particularly_doubtful,1,1,0
particularly_economic,1,1,0
fiercely_enough,1,0,1
particularly_edifying,1,0,1
fiercely_credible,1,1,0
particularly_energetic,1,1,0
fiercely_bold,1,1,0
fiercely_commercial,1,1,0
particularly_empathetic,1,1,0
fiercely_committed,1,0,1
fiercely_concerned,1,1,0
fiercely_conservative,1,1,0
fiercely_demanding,1,1,0
fiercely_emotive,1,1,0
particularly_elastic,1,1,0
fiercely_dismissive,1,1,0
particularly_effortless,1,1,0
fiercely_dissonant,1,1,0
fiercely_dramatic,1,1,0
fiercely_eloquent,1,1,0
fiercely_emotional,1,1,0
fewer_reliable,1,1,0
fewer_powerful,1,1,0
fiercely_intense,1,1,0
ferociously_funky,1,0,1
ferociously_christian,1,1,0
particularly_glad,1,1,0
particularly_ghastly,1,0,1
ferociously_cute,1,1,0
ferociously_dark,1,1,0
ferociously_determined,1,1,0
particularly_geeky,1,0,1
ferociously_effective,1,1,0
particularly_furious,1,1,0
ferociously_exciting,1,1,0
particularly_functional,1,1,0
ferociously_expensive,1,1,0
particularly_full,1,1,0
ferociously_foul,1,1,0
particularly_frustrated,1,1,0
particularly_fruity,1,1,0
ferociously_fresh,1,0,1
particularly_glaring,1,1,0
particularly_glorious,1,0,1
particularly_golden,1,1,0
particularly_green,1,1,0
fatally_susceptible,1,0,1
particularly_grueling,1,0,1
particularly_groundbreaking,1,0,1
fatally_thin,1,1,0
fatally_vague,1,1,0
federally_legal,1,1,0
particularly_gregarious,1,1,0
ferociously_alive,1,1,0
ferociously_boring,1,1,0
ferociously_american,1,1,0
particularly_graphic,1,1,0
ferociously_angry,1,1,0
ferociously_anti-israel,1,1,0
particularly_gory,1,1,0
particularly_goofy,1,0,1
ferociously_big,1,1,0
particularly_frugal,1,1,0
ferociously_harsh,1,1,0
fewer_popular,1,1,0
ferociously_hostile,1,1,0
ferociously_regional,1,1,0
particularly_fiery,1,1,0
particularly_fierce,1,1,0
ferociously_sick,1,1,0
ferociously_violent,1,1,0
fewer_correct,1,1,0
fewer_different,1,1,0
particularly_female,1,0,1
particularly_feasible,1,1,0
fewer_expensive,1,1,0
particularly_favourable,1,1,0
fewer_ideal,1,1,0
particularly_fatigued,1,1,0
particularly_fastidious,1,1,0
fewer_impossible,1,1,0
fewer_observant,1,1,0
particularly_fantastical,1,1,0
particularly_final,1,0,1
ferociously_proud,1,1,0
particularly_fishy,1,0,1
ferociously_pragmatic,1,1,0
ferociously_impractical,1,1,0
ferociously_inappropriate,1,1,0
ferociously_invisible,1,0,1
ferociously_loving,1,0,1
ferociously_overbearing,1,1,0
particularly_fortunate,1,1,0
particularly_formative,1,1,0
particularly_forbidden,1,0,1
particularly_fit,1,1,0
ferociously_primal,1,0,1
particularly_flimsy,1,1,0
particularly_flattering,1,0,1
particularly_flattered,1,1,0
particularly_flat,1,1,0
particularly_flaky,1,1,0
particularly_fitting,1,0,1
particularly_dope,1,0,1
particularly_divisive,1,1,0
particularly_gut-wrenching,1,0,1
finally_nice,1,1,0
particularly_compatible,1,1,0
particularly_compassionate,1,1,0
particularly_comparable,1,0,1
finally_large,1,1,0
particularly_commercial,1,1,0
particularly_comical,1,1,0
finally_livable,1,0,1
finally_mature,1,1,0
particularly_colourful,1,1,0
particularly_colorful,1,1,0
particularly_collective,1,0,1
particularly_collaborative,1,1,0
finally_mobile,1,1,0
particularly_cohesive,1,1,0
finally_more,1,1,0
finally_new,1,1,0
particularly_clueless,1,1,0
particularly_competent,1,1,0
finally_insane,1,1,0
particularly_complete,1,1,0
particularly_congested,1,1,0
finally_diabolical,1,1,0
finally_different,1,1,0
finally_due,1,1,0
finally_enough,1,1,0
finally_extinct,1,1,0
finally_fast,1,1,0
particularly_congruent,1,1,0
finally_fearful,1,1,0
finally_immune,1,1,0
particularly_confrontational,1,1,0
finally_glad,1,1,0
finally_green,1,1,0
finally_hard,1,1,0
particularly_comprehensive,1,1,0
finally_hungry,1,1,0
particularly_compliant,1,1,0
particularly_cloudy,1,1,0
finally_online,1,1,0
particularly_convoluted,1,1,0
finally_over,1,1,0
finally_sane,1,1,0
particularly_caring,1,1,0
particularly_careless,1,1,0
finally_significant,1,1,0
finally_silent,1,1,0
particularly_capable,1,1,0
particularly_canadian,1,0,1
particularly_calm,1,1,0
particularly_callous,1,1,0
finally_single,1,1,0
particularly_bullish,1,1,0
particularly_buddhist,1,1,0
finally_singular,1,1,0
particularly_brown,1,1,0
finally_strong,1,1,0
finally_substantial,1,0,1
finally_successful,1,1,0
particularly_catholic,1,0,1
particularly_centrist,1,1,0
particularly_cerebral,1,1,0
particularly_cheery,1,1,0
particularly_classy,1,0,1
finally_peaceful,1,1,0
particularly_cinematic,1,0,1
finally_practical,1,1,0
particularly_choosy,1,1,0
particularly_chinese,1,1,0
finally_pregnant,1,1,0
finally_present,1,1,0
finally_recognizable,1,1,0
particularly_cheeky,1,0,1
particularly_cheap,1,1,0
particularly_chatty,1,1,0
particularly_chaste,1,1,0
finally_real,1,1,0
finally_receptive,1,1,0
particularly_chaotic,1,1,0
finally_destructive,1,1,0
finally_definite,1,1,0
particularly_diverse,1,1,0
fiercely_reactionary,1,1,0
particularly_diligent,1,1,0
fiercely_physical,1,1,0
particularly_digital,1,1,0
fiercely_pleasing,1,0,1
fiercely_political,1,1,0
particularly_devious,1,1,0
particularly_deviant,1,0,1
fiercely_practical,1,1,0
fiercely_predictable,1,1,0
particularly_detailed,1,1,0
fiercely_primal,1,0,1
fiercely_pro-life,1,1,0
fiercely_radical,1,1,0
particularly_derogatory,1,1,0
particularly_depressing,1,0,1
particularly_depressed,1,1,0
particularly_depraved,1,0,1
fiercely_personal,1,1,0
particularly_dire,1,0,1
fiercely_optimistic,1,1,0
particularly_disheartening,1,0,1
fiercely_interested,1,1,0
particularly_disturbed,1,1,0
particularly_distressing,1,1,0
particularly_distracting,1,1,0
particularly_distorted,1,1,0
fiercely_irritating,1,1,0
particularly_dissatisfied,1,1,0
particularly_disheartened,1,1,0
particularly_disadvantaged,1,1,0
fiercely_nationalist,1,1,0
particularly_discouraged,1,1,0
fiercely_negative,1,1,0
fiercely_obsessive,1,0,1
fiercely_opinionated,1,1,0
particularly_disappointed,1,1,0
particularly_disagreeable,1,0,1
fiercely_radioactive,1,1,0
particularly_demoralizing,1,0,1
particularly_cost-effective,1,1,0
fiercely_realistic,1,1,0
fiercely_uncompromising,1,1,0
particularly_current,1,0,1
fiercely_unlikable,1,1,0
particularly_cumbersome,1,1,0
particularly_cultural,1,1,0
particularly_cryptic,1,0,1
fiercely_worthwhile,1,1,0
particularly_crude,1,0,1
finally_absurd,1,1,0
finally_accountable,1,1,0
finally_alright,1,1,0
finally_awake,1,1,0
finally_back,1,1,0
particularly_cranky,1,1,0
particularly_crafty,1,1,0
finally_brave,1,1,0
finally_close,1,0,1
fiercely_uncertain,1,1,0
fiercely_truthful,1,1,0
particularly_damp,1,1,0
particularly_defensive,1,0,1
particularly_demeaning,1,1,0
particularly_deluded,1,1,0
fiercely_relatable,1,0,1
fiercely_resistant,1,1,0
particularly_deliberate,1,1,0
particularly_deficient,1,0,1
particularly_deferential,1,1,0
particularly_defamatory,1,0,1
fiercely_topical,1,1,0
fiercely_smart,1,1,0
particularly_deceitful,1,1,0
fiercely_spectacular,1,0,1
fiercely_supportive,1,1,0
fiercely_suspicious,1,1,0
fiercely_talented,1,1,0
fiercely_technical,1,1,0
particularly_gullible,1,1,0
particularly_hairy,1,1,0
fantastically_unreal,1,0,1
far_possible,1,0,1
far_moreso,1,1,0
far_most,1,1,0
particularly_offended,1,1,0
far_offline,1,1,0
far_ordinary,1,0,1
far_other,1,0,1
particularly_obtuse,1,1,0
far_outdated,1,1,0
particularly_obsessive,1,0,1
particularly_obsessed,1,1,0
far_pale,1,1,0
particularly_nuanced,1,1,0
particularly_noxious,1,0,1
far_past,1,1,0
particularly_nourishing,1,0,1
particularly_notorious,1,1,0
far_perfect,1,1,0
particularly_one-sided,1,1,0
far_marketable,1,0,1
particularly_online,1,1,0
particularly_overwhelming,1,1,0
particularly_patronizing,1,0,1
particularly_patient,1,1,0
particularly_pathetic,1,0,1
far_immersive,1,1,0
far_inadequate,1,0,1
far_incapable,1,1,0
far_incisive,1,0,1
far_insufficient,1,1,0
particularly_oppressive,1,1,0
far_lax,1,1,0
far_left,1,0,1
particularly_ornate,1,1,0
far_looser,1,0,1
particularly_organized,1,1,0
particularly_opulent,1,1,0
particularly_optimistic,1,1,0
far_pleased,1,1,0
far_precious,1,0,1
far_high,1,1,0
far_predictable,1,1,0
particularly_moist,1,1,0
far_slimmer,1,1,0
particularly_misogynistic,1,1,0
particularly_miserable,1,1,0
particularly_mischievous,1,1,0
particularly_minor,1,1,0
particularly_mindful,1,1,0
particularly_military,1,1,0
particularly_militant,1,1,0
particularly_miffed,1,1,0
particularly_mesmerizing,1,0,1
particularly_menacing,1,1,0
far_stricter,1,1,0
particularly_mediocre,1,1,0
far_sufficient,1,1,0
far_sure,1,0,1
far_theoretical,1,1,0
particularly_monotonous,1,1,0
far_similar,1,0,1
particularly_moody,1,1,0
far_red,1,1,0
particularly_niche,1,1,0
far_premature,1,1,0
far_primal,1,1,0
far_puzzling,1,1,0
particularly_negligent,1,1,0
particularly_negative,1,1,0
particularly_needy,1,1,0
particularly_neat,1,1,0
particularly_motivated,1,1,0
particularly_nauseating,1,0,1
far_regrettable,1,0,1
far_reticent,1,1,0
far_right-wing,1,0,1
particularly_naive,1,0,1
particularly_musical,1,1,0
far_set,1,1,0
particularly_peaceful,1,1,0
particularly_pedantic,1,1,0
far_third,1,1,0
far_awesome,1,1,0
fantastically_wonderful,1,1,0
fantastically_wrong,1,1,0
particularly_radiant,1,1,0
particularly_rad,1,1,0
particularly_racy,1,1,0
particularly_quirky,1,1,0
far_absent,1,1,0
far_agile,1,1,0
particularly_questionable,1,0,1
particularly_quantifiable,1,0,1
far_amiss,1,1,0
particularly_puzzling,1,1,0
particularly_pushy,1,1,0
particularly_purposeful,1,1,0
particularly_punitive,1,1,0
far_angrier,1,1,0
particularly_prudent,1,1,0
fantastically_windy,1,1,0
particularly_raw,1,0,1
fantastically_wild,1,1,0
particularly_regal,1,0,1
fantastically_unsettling,1,0,1
fantastically_useful,1,1,0
fantastically_vague,1,1,0
fantastically_valuable,1,1,0
particularly_relatable,1,1,0
particularly_regretful,1,1,0
particularly_regional,1,1,0
fantastically_watchable,1,1,0
particularly_ready,1,1,0
particularly_reductive,1,1,0
particularly_red,1,1,0
particularly_recognizable,1,1,0
fantastically_weird,1,0,1
particularly_reasonable,1,1,0
fantastically_welcoming,1,1,0
particularly_real,1,1,0
far_away,1,1,0
particularly_proof,1,1,0
particularly_perceptive,1,0,1
far_bleaker,1,0,1
far_drier,1,1,0
far_dumber,1,1,0
particularly_polish,1,0,1
far_extreme,1,1,0
particularly_poetic,1,1,0
particularly_plentiful,1,1,0
far_frightening,1,0,1
particularly_pious,1,0,1
particularly_picturesque,1,1,0
particularly_photogenic,1,1,0
particularly_perverted,1,1,0
particularly_perverse,1,0,1
particularly_pervasive,1,1,0
far_gentler,1,0,1
far_gray,1,0,1
far_happy,1,1,0
far_hard,1,1,0
far_disturbing,1,0,1
far_detrimental,1,1,0
particularly_possessive,1,1,0
particularly_principled,1,1,0
far_calmer,1,1,0
far_chilling,1,0,1
particularly_prolific,1,1,0
far_clear,1,1,0
far_close,1,1,0
far_conservative,1,1,0
particularly_proactive,1,1,0
particularly_present,1,1,0
particularly_possible,1,1,0
far_cuter,1,0,1
particularly_precocious,1,1,0
particularly_precise,1,1,0
particularly_praiseworthy,1,0,1
particularly_pragmatic,1,1,0
far_deep,1,0,1
far_dependent,1,1,0
far_thinner,1,1,0
particularly_masculine,1,1,0
fatally_soft,1,1,0
fast_evolving,1,1,0
fashionably_stylish,1,1,0
fashionably_warm,1,1,0
particularly_inactive,1,1,0
fashionably_wrong,1,0,1
particularly_impressionable,1,1,0
fast_absorbing,1,0,1
fast_afoot,1,1,0
particularly_implausible,1,0,1
fast_correct,1,1,0
particularly_impactful,1,1,0
particularly_imminent,1,0,1
particularly_immersive,1,1,0
particularly_immediate,1,1,0
particularly_illuminating,1,1,0
particularly_illogical,1,0,1
particularly_illiterate,1,0,1
particularly_ill-advised,1,1,0
fashionably_radical,1,0,1
fashionably_quirky,1,1,0
particularly_inclusive,1,1,0
fashionably_fresh,1,1,0
fashionably_appealing,1,0,1
fashionably_attractive,1,1,0
particularly_innocent,1,1,0
particularly_inhumane,1,1,0
fashionably_bold,1,1,0
fashionably_conservative,1,0,1
particularly_informative,1,1,0
fashionably_incorrect,1,1,0
particularly_incongruous,1,0,1
particularly_infamous,1,1,0
particularly_inexperienced,1,1,0
particularly_inept,1,1,0
fashionably_ironic,1,0,1
fashionably_naked,1,1,0
particularly_individual,1,0,1
particularly_indistinguishable,1,1,0
fast_current,1,1,0
fast_friendly,1,1,0
fascinatingly_tiny,1,1,0
particularly_ideal,1,1,0
fatally_allergic,1,1,0
particularly_hideous,1,0,1
fatally_ambiguous,1,1,0
fatally_confused,1,1,0
fatally_defective,1,1,0
particularly_heartless,1,1,0
particularly_heartbroken,1,1,0
fatally_disjointed,1,1,0
fatally_harmful,1,1,0
fatally_hot,1,1,0
particularly_haunting,1,0,1
particularly_hateful,1,0,1
fatally_optimistic,1,0,1
particularly_harrowing,1,0,1
fatally_proud,1,1,0
fatally_rigid,1,1,0
fatally_sick,1,1,0
particularly_high-quality,1,1,0
particularly_high-tech,1,1,0
fatally_absent,1,1,0
particularly_human,1,1,0
fast_hollow,1,1,0
fast_involved,1,1,0
fast_new,1,0,1
fast_professional,1,1,0
fast_sufficient,1,1,0
fast_sweeping,1,1,0
particularly_humbling,1,0,1
fast_unknown,1,1,0
faster_tangible,1,1,0
faster_able,1,1,0
faster_cheaper,1,1,0
faster_close,1,1,0
particularly_horrendous,1,0,1
faster_greasy,1,1,0
particularly_honourable,1,1,0
particularly_honorable,1,1,0
particularly_insensitive,1,0,1
particularly_insipid,1,0,1
particularly_marvelous,1,1,0
particularly_joyous,1,0,1
particularly_literate,1,1,0
particularly_literary,1,0,1
farther_afield,1,1,0
particularly_light,1,1,0
farther_out,1,1,0
particularly_lethal,1,1,0
particularly_legal,1,1,0
fascinatingly_bad,1,1,0
particularly_lax,1,1,0
fascinatingly_bizarre,1,1,0
fascinatingly_brutal,1,0,1
particularly_laden,1,1,0
fascinatingly_clean,1,1,0
fascinatingly_complex,1,0,1
particularly_kinky,1,1,0
fascinatingly_confused,1,1,0
particularly_kid-friendly,1,1,0
particularly_loath,1,1,0
particularly_loathsome,1,0,1
particularly_lonely,1,1,0
particularly_lurid,1,0,1
particularly_marketable,1,1,0
particularly_manly,1,1,0
particularly_manipulative,1,0,1
particularly_manic,1,1,0
particularly_malleable,1,1,0
far_tough,1,1,0
far_unclear,1,1,0
particularly_ludicrous,1,0,1
far_wetter,1,1,0
particularly_lucrative,1,1,0
far_unheard,1,1,0
particularly_lucid,1,1,0
particularly_loyal,1,1,0
particularly_loving,1,0,1
far_unique,1,0,1
far_unsuccessful,1,0,1
fascinatingly_different,1,1,0
fascinatingly_difficult,1,0,1
fascinatingly_terrible,1,1,0
fascinatingly_disturbing,1,0,1
particularly_intimidating,1,0,1
fascinatingly_obscure,1,1,0
fascinatingly_obtuse,1,1,0
fascinatingly_scenic,1,1,0
particularly_interactive,1,1,0
fascinatingly_shitty,1,1,0
particularly_intelligible,1,1,0
fascinatingly_silly,1,1,0
particularly_intellectual,1,1,0
particularly_integral,1,1,0
fascinatingly_similar,1,1,0
particularly_insufferable,1,0,1
particularly_instrumental,1,1,0
particularly_instructive,1,1,0
fascinatingly_subversive,1,1,0
particularly_inspired,1,1,0
particularly_inspirational,1,1,0
particularly_intoxicating,1,0,1
fascinatingly_oblique,1,0,1
particularly_intrigued,1,1,0
fascinatingly_illogical,1,1,0
particularly_jealous,1,1,0
particularly_jazzy,1,0,1
fascinatingly_dysfunctional,1,1,0
fascinatingly_enough,1,1,0
fascinatingly_evil,1,1,0
fascinatingly_flawed,1,1,0
fascinatingly_icky,1,0,1
particularly_irrational,1,1,0
fascinatingly_new,1,0,1
particularly_invulnerable,1,1,0
fascinatingly_insightful,1,1,0
fascinatingly_interesting,1,1,0
particularly_invasive,1,1,0
particularly_invaluable,1,1,0
fascinatingly_morbid,1,0,1
fascinatingly_mysterious,1,1,0
frankly_boisterous,1,1,0
frankly_bright,1,1,0
fairly_stealthy,1,1,0
fully_technical,1,1,0
otherwise_pale,1,1,0
fully_timely,1,1,0
otherwise_own,1,1,0
otherwise_overwhelming,1,1,0
otherwise_overweight,1,1,0
otherwise_overcooked,1,1,0
otherwise_overblown,1,1,0
otherwise_outspoken,1,1,0
fully_trained,1,1,0
otherwise_outlandish,1,1,0
otherwise_orthodox,1,1,0
otherwise_ordinary,1,0,1
otherwise_orange,1,1,0
otherwise_optional,1,1,0
fully_uncomfortable,1,1,0
otherwise_operational,1,1,0
fully_underwater,1,1,0
otherwise_paranoid,1,1,0
otherwise_past,1,1,0
fundamentally_centrist,1,1,0
otherwise_pathetic,1,1,0
fully_sunny,1,1,0
otherwise_plain,1,1,0
otherwise_picturesque,1,1,0
otherwise_physical,1,1,0
otherwise_photogenic,1,1,0
otherwise_phony,1,1,0
otherwise_perverted,1,1,0
fully_sure,1,1,0
otherwise_perplexing,1,1,0
otherwise_pernicious,1,1,0
otherwise_peripheral,1,1,0
otherwise_perfunctory,1,1,0
fully_talented,1,1,0
otherwise_peculiar,1,1,0
otherwise_peaceful,1,1,0
otherwise_payable,1,1,0
fully_tangible,1,1,0
otherwise_opaque,1,1,0
otherwise_ongoing,1,1,0
otherwise_onerous,1,1,0
otherwise_old,1,1,0
otherwise_nuanced,1,1,0
fully_vacant,1,1,0
otherwise_nonsensical,1,1,0
fully_verifiable,1,1,0
otherwise_nondescript,1,1,0
fully_versatile,1,1,0
otherwise_non,1,1,0
otherwise_noisy,1,1,0
fully_viewable,1,1,0
fully_vulnerable,1,1,0
otherwise_nerdy,1,1,0
fully_wearable,1,1,0
otherwise_nefarious,1,1,0
fully_welcoming,1,1,0
otherwise_nebulous,1,1,0
otherwise_neat,1,1,0
otherwise_naughty,1,1,0
otherwise_null,1,1,0
fully_untested,1,1,0
otherwise_objective,1,1,0
fully_unintentional,1,1,0
otherwise_ok,1,1,0
otherwise_offline,1,1,0
otherwise_official,1,1,0
fully_undetectable,1,1,0
otherwise_offbeat,1,1,0
fully_undone,1,1,0
fully_unemployed,1,1,0
otherwise_obtuse,1,1,0
fully_unstructured,1,1,0
otherwise_obtainable,1,1,0
otherwise_obstinate,1,1,0
fully_unionized,1,1,0
otherwise_observable,1,1,0
fully_unrecognizable,1,1,0
fully_unrelated,1,0,1
fully_unsatisfied,1,1,0
otherwise_pleasing,1,1,0
fully_suitable,1,1,0
otherwise_pointless,1,1,0
otherwise_punishable,1,1,0
otherwise_regrettable,1,1,0
fully_replaceable,1,1,0
otherwise_recyclable,1,1,0
otherwise_recoverable,1,1,0
fully_respectable,1,1,0
otherwise_receptive,1,1,0
otherwise_rebellious,1,1,0
otherwise_realistic,1,1,0
fully_round,1,1,0
otherwise_raw,1,1,0
otherwise_rational,1,1,0
otherwise_rare,1,1,0
otherwise_rainy,1,1,0
fully_rugged,1,1,0
fully_rural,1,1,0
fully_russian,1,1,0
fully_sane,1,1,0
otherwise_regulatory,1,1,0
fully_reliable,1,1,0
fully_relaxing,1,1,0
otherwise_restrictive,1,1,0
fully_pregnant,1,1,0
otherwise_rewarding,1,1,0
otherwise_revolting,1,1,0
otherwise_reusable,1,1,0
fully_prone,1,1,0
otherwise_reticent,1,1,0
fully_proper,1,1,0
otherwise_responsive,1,1,0
fully_recognizable,1,1,0
fully_proud,1,1,0
fully_raw,1,1,0
otherwise_repulsive,1,1,0
otherwise_repugnant,1,1,0
fully_real-time,1,1,0
fully_realistic,1,1,0
fully_recognisable,1,1,0
otherwise_pure,1,0,1
otherwise_puffy,1,1,0
otherwise_poisonous,1,1,0
fully_self-aware,1,1,0
fully_sovereign,1,1,0
fully_speculative,1,1,0
otherwise_predatory,1,1,0
fully_spiritual,1,1,0
otherwise_precarious,1,1,0
otherwise_preachy,1,1,0
otherwise_practical,1,0,1
fully_static,1,1,0
fully_straight,1,1,0
fully_subject,1,1,0
fully_submissive,1,1,0
fully_subservient,1,1,0
otherwise_pornographic,1,1,0
fully_such,1,1,0
otherwise_pompous,1,1,0
otherwise_political,1,1,0
otherwise_polarizing,1,1,0
otherwise_pregnant,1,1,0
fully_solid,1,1,0
fully_soft,1,1,0
fully_serviceable,1,1,0
otherwise_protestant,1,1,0
fully_self-sufficient,1,1,0
otherwise_proportional,1,1,0
fully_separate,1,1,0
fully_serious,1,1,0
otherwise_prohibitive,1,1,0
otherwise_progressive,1,1,0
otherwise_professional,1,1,0
fully_social,1,1,0
fully_set,1,1,0
fully_sheer,1,1,0
fully_similar,1,1,0
otherwise_pro-life,1,1,0
fully_sizable,1,1,0
otherwise_previous,1,1,0
otherwise_pretentious,1,0,1
fully_western,1,1,0
otherwise_narrow,1,1,0
fully_wet,1,1,0
fundamentally_alike,1,1,0
functionally_unfinished,1,1,0
otherwise_institutional,1,1,0
functionally_worthless,1,1,0
otherwise_insistent,1,1,0
functionally_wrong,1,1,0
otherwise_insignificant,1,1,0
fundamentally_abhorrent,1,0,1
otherwise_inscrutable,1,1,0
otherwise_insane,1,1,0
fundamentally_abstract,1,0,1
otherwise_innate,1,1,0
fundamentally_abundant,1,1,0
otherwise_inhumane,1,1,0
otherwise_inhuman,1,1,0
fundamentally_abusive,1,0,1
otherwise_ingenious,1,1,0
fundamentally_aesthetic,1,0,1
functionally_unemployed,1,1,0
otherwise_integral,1,1,0
otherwise_intellectual,1,1,0
otherwise_intoxicated,1,1,0
functionally_interdependent,1,1,0
functionally_intrinsic,1,0,1
otherwise_invasive,1,1,0
functionally_literate,1,1,0
otherwise_intriguing,1,1,0
otherwise_intricate,1,1,0
functionally_natural,1,1,0
functionally_pro-business,1,1,0
functionally_superior,1,1,0
functionally_redundant,1,1,0
functionally_relevant,1,1,0
otherwise_interwoven,1,1,0
functionally_satisfactory,1,1,0
functionally_single,1,1,0
functionally_stupid,1,1,0
otherwise_intelligible,1,1,0
otherwise_inflexible,1,1,0
fundamentally_aloof,1,0,1
functionally_intelligent,1,1,0
fundamentally_amazing,1,0,1
otherwise_inconsequential,1,1,0
otherwise_incomprehensible,1,1,0
fundamentally_authentic,1,0,1
fundamentally_authoritarian,1,0,1
fundamentally_awe,1,0,1
otherwise_incoherent,1,1,0
fundamentally_awful,1,0,1
fundamentally_basic,1,0,1
fundamentally_bereft,1,1,0
fundamentally_big,1,0,1
otherwise_inane,1,1,0
fundamentally_boyish,1,0,1
fundamentally_brilliant,1,1,0
fundamentally_broken,1,1,0
otherwise_improbable,1,1,0
fundamentally_calming,1,0,1
fundamentally_captivating,1,0,1
fundamentally_artificial,1,0,1
otherwise_incredulous,1,1,0
otherwise_incremental,1,1,0
otherwise_inebriated,1,1,0
fundamentally_ambivalent,1,0,1
otherwise_inevitable,1,1,0
otherwise_inert,1,1,0
otherwise_inept,1,1,0
fundamentally_amoral,1,0,1
fundamentally_ancient,1,0,1
fundamentally_annoying,1,0,1
otherwise_industrial,1,1,0
otherwise_incurable,1,1,0
otherwise_indispensable,1,1,0
fundamentally_anti-democratic,1,1,0
fundamentally_anti-semitic,1,0,1
fundamentally_antisocial,1,0,1
otherwise_indicative,1,1,0
otherwise_indefensible,1,1,0
fundamentally_arbitrary,1,1,0
otherwise_irksome,1,1,0
functionally_intact,1,1,0
fully_wholesome,1,1,0
otherwise_lucky,1,1,0
otherwise_menacing,1,1,0
functionally_bilingual,1,1,0
functionally_blind,1,1,0
functionally_close,1,0,1
otherwise_meaningless,1,1,0
otherwise_meaningful,1,1,0
otherwise_mean-spirited,1,1,0
functionally_complete,1,1,0
otherwise_mature,1,1,0
otherwise_mass,1,1,0
otherwise_mandatory,1,1,0
functionally_crucial,1,1,0
functionally_dead,1,1,0
functionally_deaf,1,1,0
otherwise_malevolent,1,1,0
functionally_deficient,1,1,0
otherwise_mainstream,1,1,0
otherwise_menial,1,1,0
otherwise_mere,1,1,0
functionally_better,1,1,0
otherwise_monochromatic,1,1,0
otherwise_mythical,1,1,0
otherwise_mythic,1,0,1
otherwise_myopic,1,1,0
fully_wooden,1,1,0
otherwise_most,1,1,0
fully_worth,1,1,0
otherwise_monogamous,1,1,0
otherwise_modest,1,1,0
otherwise_minor,1,1,0
otherwise_modern,1,1,0
functionally_accessible,1,1,0
functionally_akin,1,1,0
functionally_alive,1,1,0
functionally_anonymous,1,1,0
functionally_asymmetrical,1,1,0
functionally_bankrupt,1,1,0
otherwise_magical,1,1,0
otherwise_loyal,1,1,0
functionally_innovative,1,1,0
functionally_depressed,1,1,0
otherwise_law-abiding,1,1,0
otherwise_laughable,1,1,0
otherwise_large,1,1,0
functionally_helpful,1,1,0
functionally_heterosexual,1,0,1
functionally_homeless,1,1,0
functionally_illegal,1,1,0
otherwise_kinky,1,1,0
functionally_impeccable,1,1,0
otherwise_juicy,1,1,0
otherwise_joyful,1,1,0
otherwise_jovial,1,1,0
otherwise_japanese,1,1,0
otherwise_irreversible,1,1,0
functionally_incompetent,1,1,0
otherwise_irresistible,1,1,0
functionally_indistinguishable,1,1,0
functionally_fresh,1,0,1
functionally_fragile,1,1,0
functionally_fluent,1,1,0
otherwise_lighthearted,1,0,1
otherwise_low-key,1,1,0
functionally_destructive,1,1,0
otherwise_loose,1,1,0
otherwise_logical,1,1,0
otherwise_loathsome,1,1,0
otherwise_little,1,1,0
functionally_distinct,1,1,0
otherwise_lighter,1,1,0
functionally_extinct,1,1,0
otherwise_light,1,1,0
functionally_disturbing,1,1,0
otherwise_liberal,1,1,0
functionally_dysfunctional,1,1,0
functionally_effective,1,1,0
otherwise_lengthy,1,1,0
functionally_excellent,1,1,0
otherwise_risque,1,1,0
otherwise_robotic,1,1,0
otherwise_robust,1,1,0
fully_dense,1,1,0
fully_commensurate,1,1,0
fully_commercial,1,1,0
fully_comparable,1,0,1
otherwise_unlikeable,1,1,0
otherwise_unlikable,1,1,0
fully_complicit,1,1,0
fully_conditional,1,1,0
fully_confused,1,1,0
fully_consensual,1,1,0
fully_convinced,1,1,0
fully_culpable,1,1,0
fully_cultural,1,1,0
otherwise_unintentional,1,1,0
otherwise_unintended,1,1,0
fully_curable,1,1,0
fully_current,1,1,0
fully_defunct,1,1,0
otherwise_unnerved,1,1,0
otherwise_unnoticed,1,0,1
otherwise_unobtrusive,1,1,0
otherwise_unproductive,1,1,0
fully_chinese,1,1,0
fully_chronological,1,1,0
fully_circular,1,1,0
otherwise_unpublished,1,1,0
otherwise_unproven,1,1,0
fully_civilized,1,1,0
otherwise_unprofitable,1,1,0
fully_clean,1,1,0
fully_colorful,1,1,0
otherwise_unpredictable,1,1,0
fully_cogent,1,1,0
fully_coherent,1,1,0
otherwise_unplanned,1,1,0
fully_cohesive,1,0,1
otherwise_unpaid,1,1,0
otherwise_unoriginal,1,1,0
fully_delusional,1,1,0
fully_descriptive,1,1,0
fully_candid,1,1,0
otherwise_uniform,1,1,0
fully_easy,1,1,0
fully_electrical,1,1,0
fully_electronic,1,1,0
fully_equivalent,1,0,1
fully_ethnic,1,1,0
fully_extensible,1,1,0
fully_extinct,1,1,0
otherwise_uneducated,1,1,0
otherwise_uneasy,1,1,0
otherwise_undiscovered,1,1,0
fully_fair,1,1,0
fully_fat,1,1,0
fully_fatal,1,1,0
fully_fearless,1,1,0
fully_feasible,1,1,0
otherwise_undervalued,1,1,0
otherwise_understaffed,1,1,0
otherwise_unfashionable,1,1,0
otherwise_unfathomable,1,1,0
fully_dysfunctional,1,1,0
otherwise_unfulfilled,1,1,0
fully_determined,1,0,1
otherwise_unhinged,1,1,0
fully_deterministic,1,1,0
fully_difficult,1,0,1
fully_discretionary,1,1,0
fully_disposable,1,1,0
otherwise_ungrateful,1,1,0
fully_disrespectful,1,1,0
fully_dormant,1,1,0
otherwise_unfounded,1,1,0
fully_disruptive,1,0,1
fully_distinct,1,1,0
fully_distinctive,1,0,1
fully_diverse,1,0,1
fully_docile,1,1,0
fully_dominant,1,1,0
otherwise_unrecognisable,1,1,0
fully_british,1,1,0
otherwise_under-appreciated,1,1,0
frustratingly_unsuccessful,1,1,0
otherwise_wavy,1,1,0
otherwise_waterproof,1,1,0
frustratingly_tiny,1,0,1
otherwise_wary,1,1,0
otherwise_warm,1,1,0
otherwise_wacky,1,1,0
frustratingly_unavoidable,1,1,0
frustratingly_unclear,1,1,0
frustratingly_undeveloped,1,1,0
otherwise_virtuous,1,1,0
frustratingly_unemployed,1,1,0
otherwise_vile,1,1,0
otherwise_viable,1,1,0
frustratingly_unreliable,1,1,0
frustratingly_unruly,1,1,0
frustratingly_unsatisfying,1,1,0
otherwise_vacant,1,1,0
frustratingly_tight,1,1,0
frustratingly_tidy,1,1,0
frustratingly_thorough,1,1,0
otherwise_worse,1,1,0
out_adventurous,1,1,0
out_able,1,1,0
otherwise_young,1,1,0
frustratingly_reluctant,1,1,0
frustratingly_safe,1,0,1
frustratingly_scientific,1,1,0
frustratingly_simple,1,0,1
otherwise_worrisome,1,1,0
otherwise_white,1,1,0
otherwise_wonderful,1,1,0
otherwise_witty,1,1,0
otherwise_wise,1,1,0
otherwise_willing,1,1,0
frustratingly_stubborn,1,1,0
frustratingly_stupid,1,0,1
otherwise_wicked,1,1,0
frustratingly_unseen,1,1,0
otherwise_useable,1,1,0
fully_bespoke,1,1,0
otherwise_usable,1,1,0
fully_amateur,1,1,0
fully_amazing,1,0,1
fully_androgynous,1,1,0
fully_anonymous,1,1,0
fully_appreciative,1,1,0
fully_arbitrary,1,1,0
otherwise_unskilled,1,1,0
fully_armored,1,1,0
fully_articulate,1,1,0
otherwise_unsettled,1,1,0
otherwise_unseen,1,1,0
fully_attentive,1,1,0
fully_audible,1,1,0
otherwise_unsatisfying,1,1,0
fully_avoidable,1,1,0
fully_believable,1,1,0
fully_beneficial,1,0,1
otherwise_unsupported,1,1,0
fully_allowable,1,1,0
otherwise_unsustainable,1,1,0
otherwise_unwatchable,1,1,0
otherwise_urgent,1,1,0
frustratingly_untapped,1,1,0
frustratingly_wrong,1,1,0
fucking_dangerous,1,1,0
fucking_hopeless,1,1,0
fucking_hot,1,0,1
fully_abstract,1,1,0
fully_actionable,1,1,0
fully_affordable,1,1,0
fully_actual,1,1,0
fully_adaptable,1,1,0
fully_adaptive,1,1,0
fully_adequate,1,1,0
fully_adorable,1,1,0
otherwise_untouched,1,1,0
otherwise_unthinkable,1,1,0
fully_feminist,1,1,0
otherwise_undemocratic,1,1,0
otherwise_rocky,1,1,0
fully_non-existent,1,1,0
otherwise_sore,1,1,0
otherwise_solid,1,1,0
otherwise_soggy,1,1,0
fully_marketable,1,1,0
fully_meaningless,1,1,0
otherwise_smelly,1,1,0
otherwise_sluggish,1,1,0
fully_mechanical,1,1,0
otherwise_sloppy,1,1,0
fully_modern,1,1,0
fully_mortal,1,1,0
otherwise_skilled,1,1,0
otherwise_sinister,1,1,0
fully_narcissistic,1,1,0
otherwise_simplistic,1,1,0
fully_necessary,1,1,0
fully_noble,1,1,0
otherwise_spectacular,1,1,0
otherwise_speculative,1,1,0
fully_male,1,1,0
fully_lower,1,1,0
otherwise_stylish,1,1,0
fully_logical,1,1,0
otherwise_stubborn,1,1,0
otherwise_strong,1,1,0
otherwise_strict,1,1,0
fully_loveable,1,1,0
otherwise_strategic,1,1,0
otherwise_straight,1,1,0
otherwise_spontaneous,1,1,0
fully_lucid,1,1,0
otherwise_stiff,1,1,0
otherwise_sticky,1,1,0
otherwise_stereotypical,1,1,0
otherwise_stagnant,1,1,0
otherwise_squishy,1,1,0
otherwise_squeamish,1,1,0
fully_nomadic,1,1,0
otherwise_sickening,1,1,0
otherwise_subjective,1,1,0
fully_normal,1,1,0
fully_outside,1,1,0
otherwise_scientific,1,1,0
otherwise_scary,1,1,0
otherwise_scared,1,1,0
otherwise_scarce,1,1,0
fully_peaceful,1,1,0
fully_pigmented,1,1,0
fully_pink,1,1,0
otherwise_salient,1,1,0
otherwise_salacious,1,1,0
fully_pious,1,1,0
otherwise_sad,1,1,0
fully_playable,1,1,0
fully_pleased,1,1,0
otherwise_rotten,1,1,0
otherwise_rosy,1,1,0
fully_plump,1,1,0
fully_ours,1,1,0
fully_optional,1,1,0
otherwise_self-destructive,1,1,0
fully_objective,1,1,0
otherwise_shy,1,1,0
fully_numb,1,1,0
fully_obedient,1,1,0
otherwise_shitty,1,1,0
otherwise_sharp,1,1,0
otherwise_shameful,1,1,0
otherwise_shady,1,1,0
otherwise_sexist,1,1,0
otherwise_self-indulgent,1,1,0
otherwise_several,1,1,0
fully_obscure,1,1,0
otherwise_separate,1,1,0
otherwise_sentimental,1,1,0
otherwise_sensible,1,1,0
fully_open-ended,1,0,1
otherwise_selfless,1,1,0
fully_live,1,0,1
fully_literate,1,1,0
otherwise_undefined,1,0,1
fully_informed,1,1,0
fully_hot,1,1,0
fully_identical,1,1,0
otherwise_unaffordable,1,0,1
fully_ignorant,1,1,0
fully_illegal,1,1,0
otherwise_unaccountable,1,1,0
fully_illusory,1,1,0
fully_immoral,1,1,0
otherwise_ubiquitous,1,1,0
otherwise_typical,1,1,0
fully_impossible,1,1,0
otherwise_troubled,1,1,0
otherwise_trite,1,1,0
otherwise_tricky,1,1,0
fully_impressive,1,1,0
otherwise_treacherous,1,1,0
fully_incompetent,1,1,0
otherwise_unarmed,1,1,0
fully_happy,1,1,0
fully_governmental,1,1,0
fully_forthcoming,1,1,0
otherwise_undecided,1,1,0
otherwise_uncool,1,1,0
otherwise_unconvincing,1,1,0
otherwise_unconvinced,1,1,0
fully_flat,1,1,0
otherwise_uncontrollable,1,1,0
fully_flexible,1,1,0
otherwise_unconscionable,1,1,0
fully_good,1,1,0
fully_french,1,1,0
otherwise_unconfirmed,1,1,0
fully_full,1,1,0
fully_genuine,1,1,0
otherwise_uncalled,1,1,0
fully_glorious,1,1,0
otherwise_unbearable,1,1,0
fully_incremental,1,1,0
otherwise_transgender,1,1,0
fully_lit,1,1,0
fully_innocent,1,1,0
fully_ironic,1,1,0
otherwise_symptomatic,1,1,0
fully_italian,1,1,0
fully_knowledgable,1,1,0
otherwise_surreal,1,1,0
otherwise_surprising,1,1,0
otherwise_sure,1,1,0
fully_knowledgeable,1,1,0
fully_lacking,1,1,0
fully_legit,1,1,0
otherwise_superfluous,1,1,0
otherwise_superficial,1,1,0
otherwise_sultry,1,1,0
otherwise_suicidal,1,1,0
fully_liable,1,1,0
otherwise_sufficient,1,1,0
fully_liquid,1,1,0
otherwise_talented,1,1,0
otherwise_tangible,1,1,0
otherwise_tantalizing,1,1,0
otherwise_thematic,1,1,0
otherwise_tranquil,1,1,0
fully_insufficient,1,1,0
fully_intentional,1,1,0
otherwise_totalitarian,1,1,0
otherwise_tiresome,1,1,0
fully_interwoven,1,1,0
otherwise_thicker,1,1,0
fully_intimate,1,1,0
otherwise_tasty,1,1,0
otherwise_terminal,1,1,0
otherwise_tepid,1,1,0
otherwise_tense,1,1,0
otherwise_temporary,1,1,0
otherwise_tedious,1,1,0
otherwise_technological,1,1,0
otherwise_technical,1,1,0
otherwise_imprecise,1,1,0
fundamentally_challenging,1,0,1
overly_perfect,1,1,0
ostensibly_sacred,1,0,1
ostensibly_revolutionary,1,1,0
ostensibly_responsible,1,0,1
ostensibly_republican,1,1,0
ostensibly_religious,1,1,0
ostensibly_raw,1,1,0
ostensibly_protective,1,1,0
ostensibly_prevailing,1,1,0
ostensibly_possible,1,1,0
ostensibly_playful,1,1,0
ostensibly_pedestrian,1,1,0
fundamentally_volatile,1,0,1
ostensibly_online,1,1,0
ostensibly_okay,1,1,0
ostensibly_objective,1,1,0
fundamentally_warped,1,0,1
fundamentally_worldly,1,1,0
ostensibly_misogynistic,1,1,0
ostensibly_right,1,1,0
ostensibly_scary,1,0,1
otherwise_impotent,1,1,0
ostensibly_secular,1,0,1
fundamentally_valuable,1,0,1
fundamentally_virtuous,1,0,1
ostensibly_witty,1,0,1
ostensibly_valuable,1,0,1
ostensibly_unimportant,1,1,0
ostensibly_unattractive,1,1,0
fundamentally_visual,1,1,0
ostensibly_straight,1,1,0
ostensibly_static,1,0,1
ostensibly_smarter,1,0,1
ostensibly_smaller,1,0,1
ostensibly_small,1,1,0
ostensibly_sinister,1,1,0
ostensibly_simple,1,0,1
ostensibly_similar,1,1,0
ostensibly_separate,1,0,1
ostensibly_secure,1,1,0
ostensibly_mature,1,0,1
ostensibly_marginal,1,1,0
ostensibly_mainstream,1,1,0
ostensibly_local,1,1,0
ostensibly_dangerous,1,0,1
ostensibly_contradictory,1,0,1
ostensibly_contemplative,1,1,0
fundamentally_worse,1,1,0
ostensibly_clear,1,1,0
ostensibly_central,1,1,0
ostensibly_blind,1,1,0
fundamentally_worth,1,0,1
ostensibly_available,1,1,0
ostensibly_amazing,1,1,0
ostensibly_alone,1,1,0
ostensibly_accessible,1,0,1
ostensibly_absent,1,1,0
originally_yellow,1,1,0
originally_wrong,1,0,1
fundamentally_worthwhile,1,0,1
fundamentally_worthy,1,1,0
ostensibly_desperate,1,1,0
ostensibly_different,1,1,0
ostensibly_exact,1,1,0
ostensibly_independent,1,1,0
ostensibly_legitimate,1,1,0
ostensibly_leftist,1,1,0
ostensibly_italian,1,1,0
ostensibly_involved,1,0,1
ostensibly_interested,1,1,0
ostensibly_insurmountable,1,1,0
ostensibly_innocent,1,0,1
ostensibly_impartial,1,1,0
ostensibly_foreign,1,1,0
ostensibly_humble,1,1,0
ostensibly_human,1,1,0
ostensibly_harmless,1,0,1
ostensibly_happy,1,1,0
ostensibly_good,1,1,0
ostensibly_fresh,1,1,0
fundamentally_worrisome,1,0,1
fundamentally_valid,1,0,1
fundamentally_vague,1,1,0
fundamentally_useless,1,1,0
otherwise_apolitical,1,1,0
fundamentally_tough,1,0,1
otherwise_average,1,1,0
fundamentally_traditional,1,1,0
otherwise_automatic,1,1,0
otherwise_authoritative,1,1,0
otherwise_authoritarian,1,1,0
fundamentally_transformative,1,0,1
fundamentally_tribal,1,1,0
fundamentally_trivial,1,1,0
otherwise_asleep,1,1,0
otherwise_ashamed,1,1,0
otherwise_artistic,1,1,0
otherwise_articulate,1,1,0
fundamentally_unable,1,1,0
otherwise_arduous,1,1,0
otherwise_arcane,1,1,0
fundamentally_uncomfortable,1,1,0
otherwise_avoidable,1,1,0
otherwise_awake,1,1,0
fundamentally_totalitarian,1,0,1
otherwise_belligerent,1,1,0
otherwise_bittersweet,1,1,0
fundamentally_subversive,1,1,0
otherwise_biased,1,1,0
fundamentally_superb,1,0,1
fundamentally_superficial,1,0,1
otherwise_bereft,1,1,0
fundamentally_suspect,1,1,0
fundamentally_suspicious,1,1,0
fundamentally_theatrical,1,0,1
otherwise_beautiful,1,1,0
otherwise_baseless,1,1,0
otherwise_banal,1,1,0
otherwise_baffling,1,1,0
fundamentally_symbolic,1,0,1
otherwise_backward,1,1,0
fundamentally_taboo,1,0,1
fundamentally_undecided,1,1,0
otherwise_apathetic,1,1,0
fundamentally_upset,1,1,0
fundamentally_unhelpful,1,0,1
otherwise_aged,1,1,0
fundamentally_unreliable,1,1,0
otherwise_afraid,1,1,0
otherwise_affectionate,1,1,0
otherwise_advisable,1,1,0
fundamentally_unruly,1,0,1
otherwise_adventurous,1,1,0
fundamentally_unsatisfying,1,0,1
fundamentally_unstable,1,0,1
otherwise_additional,1,1,0
fundamentally_unsuitable,1,1,0
fundamentally_unsure,1,1,0
fundamentally_unsympathetic,1,1,0
fundamentally_unusual,1,0,1
fundamentally_unworkable,1,0,1
otherwise_academic,1,1,0
fundamentally_uplifting,1,0,1
fundamentally_unrelated,1,1,0
otherwise_agreeable,1,1,0
fundamentally_unprofitable,1,1,0
fundamentally_unjustified,1,1,0
otherwise_antiquated,1,1,0
otherwise_anticlimactic,1,1,0
otherwise_anonymous,1,1,0
otherwise_anomalous,1,1,0
fundamentally_unimportant,1,0,1
otherwise_annoyed,1,1,0
fundamentally_uninteresting,1,0,1
otherwise_ambivalent,1,1,0
otherwise_alcoholic,1,1,0
fundamentally_unknown,1,0,1
otherwise_alternative,1,1,0
otherwise_alternate,1,1,0
otherwise_aloof,1,1,0
otherwise_allergic,1,1,0
fundamentally_unpalatable,1,0,1
fundamentally_unpredictable,1,1,0
originally_vocal,1,1,0
funnily_acerbic,1,0,1
originally_uncertain,1,1,0
operationally_feasible,1,1,0
oppressively_heavy,1,1,0
oppressively_evident,1,1,0
oppressively_dominant,1,1,0
furiously_resistant,1,1,0
oppressively_close,1,1,0
oppressively_cheerful,1,1,0
operationally_skillful,1,1,0
operationally_simple,1,1,0
operationally_relevant,1,0,1
operationally_real,1,0,1
operationally_ready,1,1,0
operationally_proficient,1,0,1
operationally_practicable,1,0,1
further_acceptable,1,1,0
operationally_intense,1,1,0
operationally_inefficient,1,1,0
operationally_independent,1,1,0
furiously_polite,1,1,0
oppressively_humid,1,1,0
oppressively_instructive,1,1,0
oppressively_straight,1,1,0
optically_askew,1,0,1
optically_active,1,1,0
oppressively_wrong,1,0,1
oppressively_warm,1,1,0
oppressively_wacky,1,1,0
oppressively_uniform,1,1,0
oppressively_ugly,1,1,0
oppressively_sensitive,1,1,0
oppressively_ironic,1,1,0
oppressively_quiet,1,1,0
oppressively_pessimistic,1,1,0
oppressively_okay,1,1,0
oppressively_new,1,1,0
oppressively_neat,1,0,1
oppressively_masculine,1,1,0
furiously_modern,1,1,0
operationally_impossible,1,1,0
operationally_expedient,1,1,0
optically_conductive,1,1,0
further_adrift,1,1,0
further_cautious,1,1,0
openly_unwilling,1,1,0
openly_unpleasant,1,1,0
openly_unlikable,1,1,0
openly_unlawful,1,1,0
openly_unkind,1,1,0
openly_unjust,1,1,0
further_concerned,1,1,0
openly_unfriendly,1,1,0
openly_unfair,1,1,0
openly_undemocratic,1,1,0
openly_uncomfortable,1,1,0
further_conscious,1,1,0
openly_trans,1,1,0
openly_threatening,1,1,0
openly_theatrical,1,1,0
further_conservative,1,1,0
openly_visible,1,1,0
further_bad,1,0,1
further_awful,1,0,1
operationally_astute,1,0,1
further_amiss,1,0,1
operationally_easy,1,0,1
operationally_easier,1,1,0
operationally_dependent,1,1,0
operationally_capable,1,1,0
operationally_beneficial,1,0,1
operationally_available,1,1,0
operationally_advantageous,1,1,0
openly_vulnerable,1,1,0
openly_xenophobic,1,1,0
further_angry,1,1,0
openly_willing,1,1,0
openly_wide,1,1,0
openly_welcoming,1,1,0
openly_welcome,1,1,0
further_annoyed,1,1,0
furiously_happy,1,1,0
optically_confusing,1,1,0
funnily_disturbing,1,1,0
originally_genuine,1,1,0
originally_loud,1,1,0
originally_literal,1,1,0
funnily_scary,1,1,0
originally_jewish,1,1,0
funnily_weird,1,1,0
originally_italian,1,1,0
originally_irish,1,1,0
furiously_active,1,1,0
originally_innovative,1,0,1
originally_important,1,0,1
originally_illusory,1,1,0
originally_human,1,0,1
originally_horizontal,1,1,0
originally_homeless,1,1,0
furiously_alive,1,0,1
originally_hesitant,1,1,0
furiously_annoyed,1,1,0
funnily_sarcastic,1,1,0
originally_medium,1,1,0
originally_modern,1,1,0
originally_resistant,1,1,0
originally_spiritual,1,1,0
originally_skeptical,1,1,0
originally_silent,1,1,0
originally_scottish,1,1,0
originally_scared,1,1,0
originally_sacred,1,1,0
originally_right,1,1,0
originally_reluctant,1,1,0
originally_natural,1,0,1
originally_purple,1,1,0
originally_pure,1,1,0
originally_private,1,1,0
originally_possible,1,1,0
originally_palestinian,1,1,0
funnily_grotesque,1,0,1
originally_nomadic,1,1,0
originally_german,1,1,0
originally_fluffy,1,1,0
optically_dense,1,1,0
originally_fast,1,1,0
originally_african,1,1,0
ordinarily_wonderful,1,1,0
furiously_excited,1,1,0
ordinarily_undesirable,1,1,0
ordinarily_sympathetic,1,0,1
ordinarily_strange,1,0,1
ordinarily_satisfied,1,1,0
furiously_glossy,1,0,1
ordinarily_polite,1,1,0
ordinarily_personal,1,1,0
ordinarily_negligent,1,1,0
ordinarily_invisible,1,1,0
ordinarily_good,1,0,1
ordinarily_bland,1,0,1
optically_transparent,1,1,0
optically_precise,1,1,0
optically_perfect,1,1,0
originally_anonymous,1,1,0
originally_attributable,1,1,0
originally_authentic,1,1,0
originally_cold,1,1,0
originally_evil,1,1,0
furiously_busy,1,1,0
furiously_competitive,1,1,0
originally_divine,1,1,0
originally_dead,1,1,0
originally_correct,1,1,0
originally_controversial,1,1,0
originally_close,1,1,0
furiously_disappointed,1,1,0
furiously_difficult,1,1,0
originally_challenging,1,0,1
originally_brown,1,1,0
originally_bigger,1,1,0
originally_barren,1,1,0
originally_bad,1,1,0
originally_awesome,1,0,1
otherwise_black,1,1,0
otherwise_blase,1,1,0
fundamentally_stunning,1,0,1
fundamentally_heartbreaking,1,0,1
fundamentally_global,1,0,1
otherwise_fantastical,1,1,0
otherwise_fancy,1,1,0
fundamentally_glorious,1,0,1
fundamentally_graphic,1,0,1
otherwise_fake,1,1,0
fundamentally_greater,1,0,1
otherwise_factual,1,1,0
otherwise_eye-catching,1,1,0
fundamentally_grotesque,1,1,0
otherwise_extravagant,1,1,0
fundamentally_healthful,1,0,1
otherwise_extinct,1,1,0
otherwise_extensive,1,1,0
otherwise_expressive,1,1,0
fundamentally_healthy,1,1,0
otherwise_explicit,1,1,0
otherwise_fatal,1,1,0
otherwise_favorable,1,1,0
otherwise_favourable,1,1,0
otherwise_flustered,1,1,0
otherwise_former,1,1,0
otherwise_formal,1,1,0
otherwise_forgettable,1,1,0
otherwise_foreseeable,1,1,0
fundamentally_female,1,1,0
fundamentally_foreign,1,0,1
otherwise_foolhardy,1,1,0
otherwise_fluent,1,1,0
otherwise_fearsome,1,1,0
otherwise_flimsy,1,1,0
otherwise_flexible,1,1,0
fundamentally_fresh,1,0,1
otherwise_flamboyant,1,1,0
otherwise_flabbergasted,1,1,0
fundamentally_funny,1,0,1
otherwise_feminine,1,1,0
otherwise_expired,1,1,0
fundamentally_heinous,1,0,1
fundamentally_faster,1,1,0
fundamentally_hopeful,1,0,1
fundamentally_inconceivable,1,1,0
otherwise_employable,1,1,0
otherwise_empirical,1,1,0
otherwise_empathetic,1,1,0
fundamentally_inconsistent,1,0,1
fundamentally_indecent,1,0,1
fundamentally_individual,1,0,1
otherwise_electronic,1,1,0
fundamentally_ineffective,1,1,0
fundamentally_inept,1,1,0
otherwise_efficient,1,1,0
otherwise_efficacious,1,1,0
fundamentally_inherent,1,0,1
fundamentally_inhospitable,1,0,1
otherwise_educational,1,1,0
otherwise_economic,1,1,0
otherwise_eco-friendly,1,1,0
fundamentally_incompetent,1,1,0
fundamentally_incapable,1,0,1
otherwise_enlightening,1,1,0
fundamentally_illegal,1,0,1
fundamentally_horrifying,1,0,1
fundamentally_humbling,1,0,1
fundamentally_humiliating,1,0,1
fundamentally_iconic,1,1,0
fundamentally_identical,1,1,0
otherwise_exasperating,1,1,0
otherwise_evocative,1,1,0
fundamentally_illogical,1,0,1
otherwise_enough,1,1,0
fundamentally_implausible,1,1,0
otherwise_ethnic,1,1,0
otherwise_esoteric,1,0,1
fundamentally_impractical,1,1,0
fundamentally_impressive,1,0,1
otherwise_enticing,1,1,0
fundamentally_inadequate,1,1,0
otherwise_fortunate,1,1,0
otherwise_frail,1,1,0
otherwise_eastern,1,1,0
fundamentally_disgraceful,1,0,1
fundamentally_counterproductive,1,1,0
otherwise_iffy,1,1,0
fundamentally_decadent,1,0,1
otherwise_ideological,1,1,0
fundamentally_defective,1,0,1
fundamentally_defensive,1,1,0
otherwise_hyperactive,1,1,0
otherwise_hydrated,1,1,0
fundamentally_delightful,1,0,1
otherwise_hot,1,1,0
otherwise_horrid,1,1,0
otherwise_honest,1,0,1
fundamentally_destructive,1,0,1
otherwise_high,1,1,0
fundamentally_difficult,1,0,1
otherwise_hesitant,1,1,0
fundamentally_disconcerting,1,0,1
otherwise_ill-equipped,1,1,0
fundamentally_corrupt,1,0,1
fundamentally_conventional,1,0,1
fundamentally_commercial,1,1,0
otherwise_imposing,1,1,0
fundamentally_classic,1,0,1
otherwise_implausible,1,1,0
fundamentally_classical,1,0,1
otherwise_impersonal,1,1,0
fundamentally_comic,1,0,1
otherwise_imperceptible,1,1,0
fundamentally_compatible,1,1,0
otherwise_illicit,1,1,0
fundamentally_competitive,1,0,1
fundamentally_connected,1,1,0
fundamentally_constant,1,0,1
otherwise_imbalanced,1,1,0
otherwise_illusory,1,1,0
otherwise_illogical,1,1,0
otherwise_illiquid,1,1,0
fundamentally_discouraging,1,1,0
fundamentally_disingenuous,1,0,1
fundamentally_fascist,1,1,0
fundamentally_disordered,1,1,0
otherwise_gorgeous,1,0,1
fundamentally_entertaining,1,1,0
otherwise_golden,1,1,0
otherwise_glorious,1,1,0
otherwise_glad,1,1,0
otherwise_german,1,1,0
otherwise_geometric,1,0,1
otherwise_generous,1,1,0
otherwise_gendered,1,1,0
fundamentally_erotic,1,0,1
fundamentally_erroneous,1,1,0
fundamentally_exciting,1,0,1
otherwise_frustrating,1,1,0
otherwise_fruity,1,1,0
otherwise_friendly,1,1,0
otherwise_fresh,1,1,0
otherwise_freaky,1,1,0
otherwise_great,1,1,0
fundamentally_enjoyable,1,1,0
fundamentally_english,1,0,1
otherwise_hardcore,1,1,0
otherwise_hasty,1,1,0
otherwise_hassle,1,1,0
fundamentally_disorienting,1,0,1
otherwise_harrowing,1,1,0
fundamentally_egalitarian,1,1,0
fundamentally_electronic,1,1,0
otherwise_harder,1,1,0
fundamentally_elusive,1,0,1
otherwise_grotesque,1,1,0
fundamentally_empty,1,1,0
otherwise_handy,1,1,0
otherwise_handmade,1,1,0
fundamentally_endearing,1,0,1
otherwise_gullible,1,1,0
otherwise_guilty,1,1,0
otherwise_gruff,1,1,0
fundamentally_insane,1,0,1
otherwise_easier,1,1,0
otherwise_bleak,1,1,0
fundamentally_romantic,1,0,1
otherwise_contagious,1,1,0
otherwise_constitutional,1,1,0
fundamentally_relational,1,1,0
fundamentally_religious,1,1,0
otherwise_consensual,1,1,0
otherwise_conscious,1,1,0
fundamentally_repugnant,1,0,1
fundamentally_responsible,1,0,1
fundamentally_revolting,1,0,1
otherwise_confident,1,1,0
otherwise_conductive,1,1,0
fundamentally_richer,1,0,1
fundamentally_ridiculous,1,0,1
otherwise_conceptual,1,1,0
otherwise_conceivable,1,1,0
fundamentally_righteous,1,0,1
otherwise_compliant,1,1,0
otherwise_contemporary,1,1,0
fundamentally_related,1,1,0
fundamentally_recognizable,1,1,0
fundamentally_quirky,1,1,0
fundamentally_private,1,0,1
fundamentally_progressive,1,0,1
fundamentally_protestant,1,1,0
fundamentally_psychological,1,0,1
fundamentally_pure,1,1,0
fundamentally_queer,1,0,1
otherwise_crass,1,1,0
otherwise_courageous,1,1,0
fundamentally_reassuring,1,1,0
otherwise_counterintuitive,1,1,0
otherwise_costly,1,1,0
fundamentally_reactionary,1,1,0
fundamentally_real,1,1,0
otherwise_conventional,1,1,0
otherwise_convenient,1,1,0
fundamentally_reasonable,1,1,0
fundamentally_robust,1,1,0
otherwise_complacent,1,1,0
fundamentally_pragmatic,1,1,0
fundamentally_ruinous,1,1,0
fundamentally_sexy,1,0,1
otherwise_cheaper,1,1,0
fundamentally_shocking,1,0,1
fundamentally_sick,1,1,0
otherwise_ceremonial,1,1,0
fundamentally_sincere,1,1,0
fundamentally_skeptical,1,1,0
fundamentally_social,1,1,0
fundamentally_solid,1,1,0
fundamentally_special,1,0,1
otherwise_british,1,1,0
otherwise_brazen,1,1,0
otherwise_brave,1,1,0
fundamentally_spooky,1,0,1
otherwise_bored,1,1,0
otherwise_bonkers,1,1,0
fundamentally_strong,1,1,0
otherwise_clad,1,1,0
fundamentally_selfish,1,1,0
fundamentally_scary,1,0,1
otherwise_comfortable,1,1,0
fundamentally_rural,1,1,0
fundamentally_sacred,1,1,0
otherwise_compatible,1,1,0
otherwise_common,1,1,0
fundamentally_sad,1,0,1
otherwise_comical,1,1,0
otherwise_comforting,1,1,0
fundamentally_safe,1,1,0
otherwise_clueless,1,1,0
otherwise_collectible,1,1,0
otherwise_collaborative,1,1,0
fundamentally_sane,1,0,1
otherwise_coercive,1,1,0
otherwise_coarse,1,1,0
otherwise_clunky,1,1,0
otherwise_clumsy,1,1,0
fundamentally_present,1,1,0
fundamentally_powerless,1,1,0
otherwise_eager,1,1,0
otherwise_dire,1,1,0
otherwise_disquieting,1,1,0
fundamentally_less,1,1,0
fundamentally_liberal,1,1,0
otherwise_disordered,1,1,0
fundamentally_meaningful,1,0,1
fundamentally_meaningless,1,1,0
fundamentally_mediocre,1,1,0
fundamentally_metaphorical,1,1,0
otherwise_discreet,1,1,0
fundamentally_misinformed,1,1,0
otherwise_discerning,1,1,0
fundamentally_misleading,1,0,1
otherwise_disastrous,1,1,0
fundamentally_missing,1,0,1
fundamentally_misunderstood,1,1,0
fundamentally_nasty,1,0,1
otherwise_disabled,1,1,0
fundamentally_kinky,1,0,1
fundamentally_judgmental,1,1,0
fundamentally_jarring,1,0,1
otherwise_dovish,1,0,1
fundamentally_insincere,1,1,0
fundamentally_insolvent,1,1,0
fundamentally_integral,1,1,0
otherwise_drunken,1,1,0
otherwise_drowsy,1,1,0
otherwise_dreary,1,1,0
otherwise_dreadful,1,1,0
otherwise_doubtful,1,1,0
fundamentally_irritating,1,0,1
otherwise_dominant,1,1,0
fundamentally_interdependent,1,1,0
otherwise_divisive,1,1,0
fundamentally_international,1,0,1
fundamentally_intuitive,1,0,1
otherwise_distressing,1,1,0
fundamentally_irresistible,1,0,1
fundamentally_needy,1,1,0
otherwise_diminutive,1,1,0
otherwise_cutthroat,1,1,0
otherwise_dim,1,1,0
otherwise_definitive,1,1,0
fundamentally_opposite,1,1,0
fundamentally_optimistic,1,0,1
otherwise_deep,1,1,0
otherwise_deductible,1,1,0
otherwise_decorative,1,1,0
fundamentally_perverse,1,0,1
fundamentally_philosophical,1,1,0
otherwise_deceitful,1,1,0
fundamentally_phony,1,0,1
otherwise_dear,1,1,0
otherwise_deadly,1,1,0
fundamentally_pleasant,1,0,1
otherwise_daunting,1,1,0
otherwise_dark,1,1,0
fundamentally_poignant,1,0,1
fundamentally_positive,1,0,1
otherwise_degrading,1,1,0
fundamentally_okay,1,1,0
otherwise_delinquent,1,1,0
fundamentally_obscene,1,0,1
otherwise_diffuse,1,1,0
fundamentally_novel,1,0,1
otherwise_didactic,1,1,0
otherwise_dictatorial,1,1,0
otherwise_devoid,1,1,0
fundamentally_objectionable,1,0,1
otherwise_detailed,1,1,0
otherwise_destitute,1,1,0
otherwise_delusional,1,1,0
otherwise_despicable,1,1,0
fundamentally_obsolete,1,1,0
otherwise_desolate,1,1,0
otherwise_deranged,1,1,0
otherwise_depressed,1,1,0
otherwise_deplorable,1,1,0
otherwise_demeaning,1,1,0
frustratingly_regressive,1,1,0
frustratingly_real,1,1,0
out_better,1,1,0
frequently_nonexistent,1,1,0
overly_brittle,1,1,0
overly_breezy,1,1,0
overly_brash,1,1,0
overly_bouncy,1,1,0
overly_boring,1,1,0
overly_bored,1,1,0
frequently_overcast,1,1,0
frequently_preventable,1,1,0
overly_bloody,1,1,0
overly_blessed,1,1,0
frequently_profane,1,1,0
frequently_proud,1,1,0
frequently_questionable,1,1,0
frequently_rebellious,1,1,0
overly_binary,1,1,0
overly_big,1,1,0
overly_biblical,1,1,0
frequently_obvious,1,1,0
frequently_new,1,1,0
out_boring,1,1,0
overly_bulky,1,1,0
overly_cheeky,1,1,0
frequently_inefficient,1,1,0
overly_charming,1,1,0
overly_charismatic,1,1,0
frequently_interchangeable,1,1,0
frequently_irreverent,1,1,0
frequently_keen,1,1,0
overly_caustic,1,1,0
overly_catastrophic,1,1,0
overly_cartoony,1,1,0
frequently_loath,1,1,0
overly_carefree,1,1,0
overly_candid,1,1,0
overly_buttery,1,1,0
frequently_many,1,1,0
frequently_more,1,0,1
frequently_negative,1,1,0
overly_beautiful,1,1,0
frequently_related,1,0,1
frequently_responsible,1,1,0
overly_bad,1,1,0
frequently_terrifying,1,1,0
frequently_thirsty,1,1,0
overly_ample,1,1,0
frequently_tired,1,1,0
overly_ambiguous,1,1,0
overly_aloof,1,1,0
overly_alcoholic,1,1,0
frequently_true,1,1,0
overly_alarming,1,0,1
overly_airy,1,1,0
overly_agitated,1,1,0
overly_agile,1,1,0
frequently_unable,1,1,0
frequently_unemployed,1,1,0
frequently_unhappy,1,1,0
overly_adversarial,1,1,0
frequently_unprofitable,1,1,0
overly_angular,1,1,0
overly_annoying,1,1,0
frequently_surprised,1,1,0
frequently_sloppy,1,1,0
frequently_safer,1,1,0
frequently_silent,1,1,0
frequently_sleepy,1,1,0
overly_audible,1,1,0
overly_attractive,1,1,0
frequently_slimmer,1,1,0
overly_astringent,1,1,0
frequently_somber,1,0,1
frequently_successful,1,1,0
overly_artistic,1,1,0
overly_artificial,1,1,0
overly_articulate,1,1,0
overly_arrogant,1,1,0
frequently_spectacular,1,0,1
overly_apparent,1,1,0
overly_apathetic,1,1,0
overly_cheerful,1,1,0
overly_cheesy,1,1,0
frequently_indecent,1,1,0
overly_contemporary,1,1,0
frequently_capable,1,1,0
overly_crispy,1,1,0
frequently_clumsy,1,1,0
overly_creepy,1,1,0
frequently_concerned,1,1,0
frequently_critical,1,1,0
overly_crazy,1,1,0
overly_crass,1,1,0
overly_cranky,1,1,0
frequently_dead,1,1,0
overly_cost,1,1,0
frequently_debilitating,1,1,0
overly_cooperative,1,1,0
frequently_decisive,1,1,0
frequently_dependant,1,1,0
frequently_difficult,1,1,0
overly_controversial,1,1,0
frequently_brown,1,1,0
frequently_brilliant,1,1,0
frequently_big,1,1,0
overly_decorative,1,1,0
freely_programmable,1,1,0
freely_reproducible,1,1,0
overly_delicate,1,1,0
freely_speculative,1,1,0
overly_defiant,1,1,0
freely_visible,1,1,0
freely_walkable,1,1,0
frequently_able,1,1,0
frequently_awful,1,1,0
frequently_adequate,1,1,0
frequently_adrift,1,1,0
frequently_afraid,1,1,0
frequently_angry,1,1,0
frequently_anxious,1,1,0
frequently_automatic,1,1,0
frequently_awake,1,1,0
overly_contentious,1,1,0
overly_contemplative,1,1,0
overly_childish,1,1,0
overly_conspicuous,1,1,0
overly_comical,1,1,0
frequently_happy,1,1,0
frequently_hilarious,1,1,0
overly_colourful,1,1,0
frequently_humorous,1,1,0
overly_coercive,1,1,0
overly_cocky,1,1,0
overly_coarse,1,1,0
overly_cluttered,1,1,0
overly_clunky,1,1,0
overly_clumsy,1,1,0
frequently_hysterical,1,0,1
frequently_incoherent,1,1,0
overly_cliched,1,1,0
frequently_incorrect,1,1,0
overly_circuitous,1,1,0
overly_christian,1,1,0
frequently_guilty,1,1,0
overly_common,1,0,1
frequently_gross,1,0,1
frequently_flat,1,1,0
overly_consistent,1,1,0
frequently_drunk,1,1,0
frequently_due,1,1,0
frequently_empty,1,1,0
frequently_episodic,1,1,0
overly_confusing,1,1,0
overly_confidential,1,1,0
overly_condescending,1,1,0
overly_complacent,1,1,0
frequently_formulaic,1,1,0
frequently_frantic,1,1,0
frequently_frazzled,1,1,0
frequently_frustrating,1,1,0
frequently_full,1,0,1
frequently_funny,1,0,1
overly_complete,1,1,0
overly_advanced,1,1,0
overly_adequate,1,1,0
frequently_unseen,1,1,0
freshly_relaxed,1,1,0
over_paranoid,1,1,0
over_overcrowded,1,1,0
over_other,1,1,0
freshly_flat,1,1,0
over_opaque,1,1,0
freshly_homeless,1,1,0
freshly_horrifying,1,0,1
over_nostalgic,1,1,0
freshly_innovative,1,1,0
over_most,1,1,0
freshly_melodic,1,0,1
freshly_poignant,1,1,0
freshly_prepared,1,0,1
over_loyal,1,1,0
over_loose,1,1,0
over_long,1,1,0
over_less,1,1,0
over_perfect,1,1,0
over_polished,1,1,0
over_popular,1,1,0
over_red,1,1,0
freshly_appealing,1,1,0
freshly_attentive,1,1,0
freshly_available,1,1,0
over_righteous,1,1,0
over_right,1,1,0
freshly_aware,1,1,0
over_relaxed,1,1,0
freshly_cut,1,0,1
over_prescriptive,1,1,0
over_reactionary,1,1,0
over_quiet,1,1,0
freshly_drunk,1,1,0
freshly_empty,1,1,0
freshly_exhilarating,1,1,0
over_promotional,1,1,0
freshly_expired,1,1,0
over_late,1,1,0
over_impressed,1,1,0
over_severe,1,1,0
over_impossible,1,1,0
over_fervent,1,1,0
over_fantastic,1,1,0
freshly_snowy,1,1,0
over_fabulous,1,1,0
over_eye-catching,1,1,0
over_expensive,1,1,0
over_exemplary,1,1,0
freshly_surprised,1,1,0
freshly_unemployed,1,1,0
frighteningly_abhorrent,1,1,0
over_elaborate,1,1,0
over_ecstatic,1,1,0
frighteningly_aerodynamic,1,1,0
over_early,1,1,0
frighteningly_aggressive,1,1,0
frighteningly_awesome,1,0,1
frighteningly_awful,1,1,0
freshly_shocked,1,1,0
over_fresh,1,1,0
freshly_ridiculous,1,0,1
over_healthy,1,1,0
over_idealistic,1,1,0
over_hyperactive,1,1,0
over_hydrated,1,1,0
over_huge,1,1,0
over_higher,1,1,0
over_high,1,1,0
over_helpful,1,1,0
over_healthier,1,1,0
freshly_rewarding,1,0,1
over_hasty,1,1,0
over_hard,1,1,0
over_happy,1,1,0
over_grateful,1,1,0
over_gorgeous,1,1,0
over_good,1,1,0
freshly_relevant,1,1,0
fresh_vibrant,1,0,1
fresh_local,1,1,0
overly_accessible,1,1,0
overall_colder,1,1,0
overall_other,1,0,1
overall_nice,1,1,0
overall_negative,1,1,0
overall_lighter,1,1,0
overall_larger,1,1,0
overall_interesting,1,1,0
overall_important,1,1,0
frequently_witty,1,1,0
overall_full,1,1,0
overall_exciting,1,1,0
overall_encompassing,1,1,0
overall_durable,1,1,0
overall_disgusting,1,1,0
overall_difficult,1,1,0
overall_dangerous,1,1,0
overall_creative,1,1,0
overall_confused,1,1,0
overall_pleased,1,1,0
frequently_willing,1,0,1
overall_reasonable,1,1,0
overall_upset,1,1,0
frequently_unsure,1,1,0
frequently_upset,1,1,0
overly_absurd,1,1,0
frequently_vacant,1,1,0
frequently_visible,1,1,0
overall_yellow,1,1,0
overall_wonderful,1,1,0
overall_unsatisfied,1,1,0
overall_relaxed,1,1,0
overall_unflattering,1,1,0
overall_uncomfortable,1,1,0
overall_talented,1,1,0
overall_strong,1,1,0
overall_sophisticated,1,1,0
overall_satisfied,1,1,0
overall_satisfactory,1,1,0
overall_common,1,1,0
overall_clueless,1,1,0
over_shocking,1,1,0
overall_clear,1,1,0
over_thankful,1,1,0
over_susceptible,1,1,0
fresh_handy,1,1,0
over_submissive,1,1,0
fresh_insightful,1,1,0
over_squeamish,1,1,0
over_sorry,1,1,0
over_sophisticated,1,1,0
over_soft,1,1,0
over_social,1,1,0
over_smoother,1,1,0
over_smelly,1,1,0
over_smart,1,1,0
over_small,1,1,0
over_skilled,1,1,0
over_simple,1,1,0
over_sick,1,1,0
over_thick,1,1,0
over_thirsty,1,1,0
fresh_fresh,1,1,0
overall_abusive,1,1,0
overall_boring,1,1,0
overall_better,1,1,0
frequently_worried,1,1,0
overall_bad,1,1,0
overall_awesome,1,1,0
overall_aggressive,1,1,0
overall_aesthetic,1,1,0
frequently_wrong,1,1,0
over_unchecked,1,1,0
over_worthy,1,1,0
over_worthwhile,1,1,0
over_worried,1,1,0
over_wide,1,1,0
over_visible,1,1,0
over_vigilant,1,1,0
fresh_energetic,1,1,0
freely_ours,1,1,0
freely_mobile,1,1,0
freely_interchangeable,1,1,0
overly_insulting,1,1,0
overly_jewish,1,1,0
frankly_infuriating,1,1,0
overly_jaded,1,1,0
overly_irritating,1,1,0
overly_irritated,1,1,0
frankly_insane,1,1,0
frankly_insensitive,1,1,0
frankly_insufferable,1,1,0
frankly_interested,1,1,0
frankly_interesting,1,1,0
overly_introspective,1,1,0
overly_intimidating,1,1,0
overly_intimate,1,1,0
frankly_irrelevant,1,1,0
frankly_liberal,1,1,0
overly_interdependent,1,1,0
overly_interactive,1,1,0
overly_jolly,1,1,0
frankly_inferior,1,0,1
frankly_inappropriate,1,1,0
overly_lethargic,1,1,0
frankly_hideous,1,1,0
overly_loose,1,1,0
overly_long-winded,1,1,0
frankly_hilarious,1,1,0
overly_literary,1,1,0
frankly_homely,1,1,0
frankly_hopeless,1,1,0
frankly_horrible,1,1,0
frankly_impressive,1,1,0
frankly_hot,1,1,0
overly_lax,1,1,0
frankly_implausible,1,0,1
frankly_impossible,1,1,0
overly_laborious,1,1,0
overly_kinetic,1,1,0
overly_kind,1,1,0
frankly_loopy,1,1,0
overly_insular,1,1,0
frankly_harmful,1,1,0
frankly_malignant,1,1,0
overly_ideological,1,1,0
frankly_mystifying,1,1,0
overly_hysterical,1,1,0
overly_hyperbolic,1,1,0
frankly_nonexistent,1,1,0
overly_hurtful,1,1,0
frankly_nonsense,1,1,0
overly_humorous,1,1,0
frankly_odd,1,1,0
overly_human,1,1,0
frankly_offensive,1,1,0
overly_hostile,1,1,0
overly_horrible,1,1,0
frankly_outlandish,1,1,0
frankly_pathetic,1,1,0
overly_holy,1,1,0
overly_hip,1,1,0
overly_ignorant,1,1,0
overly_illogical,1,1,0
frankly_mystical,1,1,0
frankly_mind-blowing,1,1,0
overly_innovative,1,0,1
overly_ingenious,1,1,0
overly_informative,1,1,0
frankly_mechanical,1,1,0
overly_inflexible,1,1,0
overly_inflammatory,1,1,0
frankly_messy,1,1,0
overly_inclusive,1,1,0
overly_impatient,1,1,0
overly_inclined,1,1,0
overly_inaccurate,1,1,0
frankly_monstrous,1,1,0
frankly_moronic,1,0,1
overly_impressionable,1,1,0
frankly_much,1,1,0
frankly_murky,1,1,0
frankly_hateful,1,1,0
frankly_hard,1,1,0
overly_hierarchical,1,1,0
overly_nihilistic,1,1,0
frankly_confrontational,1,1,0
frankly_corrupt,1,1,0
overly_old,1,1,0
frankly_crazy,1,1,0
frankly_creepy,1,1,0
overly_offended,1,1,0
frankly_curious,1,1,0
frankly_demented,1,1,0
frankly_difficult,1,1,0
frankly_disappointed,1,1,0
overly_obscene,1,1,0
frankly_distracting,1,1,0
frankly_distraught,1,1,0
overly_noticeable,1,1,0
overly_noteworthy,1,0,1
overly_nonchalant,1,1,0
overly_noisy,1,1,0
overly_opportunistic,1,1,0
overly_oppressive,1,1,0
frankly_complicated,1,1,0
overly_overwhelming,1,1,0
frankly_brilliant,1,1,0
frankly_caring,1,1,0
overly_patriarchal,1,1,0
frankly_childish,1,0,1
overly_passionate,1,1,0
overly_partisan,1,1,0
frankly_commercial,1,1,0
overly_overt,1,1,0
overly_original,1,1,0
overly_overjoyed,1,1,0
overly_outspoken,1,1,0
overly_outrageous,1,1,0
overly_outgoing,1,1,0
overly_other,1,1,0
overly_ostentatious,1,1,0
frankly_compassionate,1,1,0
overly_noble,1,1,0
frankly_doomed,1,1,0
frankly_gross,1,1,0
overly_new,1,0,1
overly_modern,1,1,0
overly_meticulous,1,1,0
overly_metallic,1,1,0
frankly_fascist,1,1,0
frankly_fictional,1,0,1
frankly_filthy,1,1,0
overly_meaningless,1,1,0
frankly_flawed,1,1,0
frankly_forgettable,1,1,0
frankly_formulaic,1,1,0
frankly_ghastly,1,1,0
overly_manly,1,1,0
frankly_gorgeous,1,1,0
overly_manic,1,1,0
overly_mainstream,1,1,0
frankly_gratuitous,1,1,0
overly_luxurious,1,1,0
frankly_false,1,1,0
frankly_fake,1,1,0
overly_moisturized,1,1,0
overly_nasty,1,1,0
frankly_dreadful,1,1,0
frankly_dumb,1,1,0
frankly_dumbfounded,1,1,0
frankly_ecstatic,1,0,1
frankly_erratic,1,1,0
overly_naughty,1,1,0
overly_nationalist,1,1,0
frankly_excited,1,1,0
overly_moody,1,1,0
overly_naive,1,1,0
overly_mystical,1,1,0
overly_mushy,1,1,0
frankly_exploitative,1,1,0
overly_motivated,1,1,0
overly_morose,1,1,0
overly_moral,1,1,0
frankly_pedestrian,1,1,0
overly_heterosexual,1,1,0
freely_interactive,1,1,0
overly_edgy,1,1,0
overly_enthused,1,1,0
overly_entertaining,1,1,0
overly_engaging,1,1,0
freakishly_fond,1,1,0
overly_enamored,1,1,0
overly_emphatic,1,1,0
freakishly_frightening,1,0,1
overly_emotive,1,1,0
freakishly_happy,1,1,0
overly_eloquent,1,1,0
overly_elegant,1,1,0
overly_elastic,1,1,0
freakishly_huge,1,1,0
overly_egotistical,1,1,0
overly_effusive,1,1,0
overly_effeminate,1,1,0
freakishly_immediate,1,1,0
overly_erotic,1,1,0
freakishly_fit,1,1,0
freakishly_fertile,1,1,0
overly_expansive,1,1,0
freakishly_clean,1,1,0
overly_extensive,1,1,0
freakishly_close,1,0,1
overly_explosive,1,1,0
freakishly_consistent,1,1,0
overly_experienced,1,1,0
freakishly_cool,1,0,1
overly_exotic,1,1,0
overly_euphoric,1,1,0
overly_exhausted,1,1,0
freakishly_epic,1,1,0
freakishly_extraordinary,1,1,0
freakishly_fashionable,1,1,0
freakishly_fast,1,1,0
overly_evident,1,1,0
overly_evasive,1,1,0
overly_educated,1,1,0
overly_ecstatic,1,1,0
freakishly_aware,1,1,0
freakishly_inventive,1,1,0
freely_amusing,1,1,0
overly_disappointed,1,1,0
overly_dirty,1,1,0
overly_direct,1,1,0
overly_dire,1,1,0
overly_diplomatic,1,1,0
overly_dignified,1,1,0
overly_digital,1,1,0
overly_diffuse,1,1,0
freely_configurable,1,1,0
overly_different,1,1,0
freely_convertible,1,1,0
overly_determined,1,1,0
freely_emotional,1,1,0
freely_expressive,1,1,0
overly_desperate,1,1,0
freely_honest,1,1,0
overly_disgusting,1,1,0
freakishly_worried,1,1,0
overly_distant,1,1,0
freakishly_real,1,1,0
overly_easygoing,1,1,0
freakishly_moody,1,1,0
freakishly_observant,1,1,0
freakishly_obsessed,1,1,0
freakishly_paranoid,1,0,1
overly_dusty,1,1,0
freakishly_prescient,1,1,0
overly_downbeat,1,1,0
overly_distinct,1,1,0
overly_dovish,1,0,1
overly_dominate,1,1,0
freakishly_shy,1,1,0
overly_divisive,1,1,0
freakishly_timid,1,1,0
overly_distressing,1,1,0
freakishly_violent,1,1,0
freakishly_awful,1,1,0
freakishly_athletic,1,1,0
frankly_philosophical,1,1,0
frankly_skeptical,1,1,0
frankly_repetitive,1,1,0
overly_great,1,1,0
frankly_repulsive,1,1,0
overly_grateful,1,1,0
frankly_responsive,1,1,0
overly_grand,1,1,0
frankly_rude,1,1,0
frankly_sceptical,1,1,0
frankly_secular,1,0,1
overly_glum,1,1,0
frankly_sensational,1,1,0
overly_glib,1,1,0
overly_girly,1,1,0
overly_gimmicky,1,1,0
overly_genteel,1,1,0
frankly_shameful,1,1,0
frankly_shocking,1,1,0
overly_gregarious,1,1,0
overly_grim,1,1,0
overly_gritty,1,1,0
frankly_profound,1,1,0
overly_heroic,1,1,0
frankly_positive,1,0,1
frankly_predictable,1,1,0
frankly_pregnant,1,1,0
overly_healthy,1,1,0
overly_hawkish,1,1,0
overly_haunting,1,0,1
overly_hasty,1,1,0
overly_gruff,1,1,0
frankly_puzzling,1,1,0
overly_harmful,1,1,0
frankly_reactionary,1,1,0
frankly_reluctant,1,1,0
overly_handy,1,1,0
overly_handsome,1,1,0
overly_guilty,1,1,0
frankly_silly,1,1,0
overly_fundamental,1,1,0
overly_facile,1,1,0
frankly_slow,1,1,0
frankly_unacceptable,1,1,0
overly_flattered,1,1,0
frankly_unhinged,1,1,0
overly_flamboyant,1,1,0
overly_fishy,1,1,0
overly_finicky,1,1,0
overly_fiery,1,1,0
frankly_unintelligible,1,1,0
frankly_uninteresting,1,1,0
frankly_unnoticed,1,1,0
frankly_unsuitable,1,1,0
frankly_unwilling,1,1,0
overly_fantastical,1,1,0
frankly_unworkable,1,1,0
overly_fanciful,1,1,0
frankly_vulgar,1,1,0
freakishly_affordable,1,0,1
overly_flavorful,1,1,0
frankly_unable,1,1,0
frankly_ugly,1,1,0
overly_free,1,1,0
frankly_smug,1,1,0
overly_fruity,1,1,0
frankly_specious,1,1,0
overly_frosty,1,1,0
overly_frightening,1,1,0
frankly_startling,1,0,1
frankly_stressful,1,1,0
frankly_subjective,1,1,0
overly_flirty,1,1,0
frankly_supernatural,1,0,1
frankly_surprising,1,1,0
frankly_tedious,1,1,0
overly_forgiving,1,1,0
frankly_tougher,1,1,0
frankly_troubling,1,1,0
overly_floral,1,1,0
frighteningly_awkward,1,1,0
over_distressed,1,1,0
over_dishonest,1,1,0
frustratingly_dull,1,1,0
outright_confrontational,1,1,0
frustratingly_cooperative,1,1,0
outright_circular,1,1,0
frustratingly_cryptic,1,1,0
outright_cheeky,1,1,0
outright_cheap,1,1,0
outright_chaotic,1,1,0
outright_challenging,1,1,0
outright_cavalier,1,1,0
outright_callous,1,1,0
outright_buggy,1,1,0
outright_brutal,1,1,0
frustratingly_desirable,1,1,0
outright_bold,1,1,0
frustratingly_distant,1,1,0
outright_blunt,1,1,0
frustratingly_diverse,1,1,0
frustratingly_contradictory,1,1,0
frustratingly_confusing,1,1,0
outright_conservative,1,1,0
frustratingly_boring,1,1,0
frustratingly_bad,1,1,0
outright_damned,1,1,0
frustratingly_bewildering,1,1,0
outright_cynical,1,1,0
outright_curious,1,1,0
outright_cunning,1,1,0
frustratingly_blind,1,1,0
frustratingly_choppy,1,1,0
outright_contemptuous,1,1,0
frustratingly_clever,1,1,0
outright_costly,1,1,0
frustratingly_common,1,1,0
outright_controversial,1,1,0
frustratingly_complicated,1,1,0
frustratingly_confused,1,1,0
outright_contentious,1,1,0
outright_black,1,1,0
outright_bitter,1,1,0
frustratingly_annoying,1,1,0
outright_bitchy,1,1,0
outright_amazing,1,1,0
outright_alarming,1,1,0
frustratingly_ethereal,1,1,0
outright_adventurous,1,1,0
outright_adorable,1,1,0
frustratingly_fascinating,1,1,0
outright_abhorrent,1,1,0
outrageously_young,1,1,0
frustratingly_generic,1,0,1
outrageously_wild,1,1,0
outrageously_white,1,1,0
outrageously_wealthy,1,1,0
outrageously_vulgar,1,1,0
outrageously_violent,1,1,0
outrageously_valuable,1,1,0
outrageously_untrue,1,0,1
frustratingly_hazy,1,1,0
outright_amusing,1,1,0
frustratingly_equivocal,1,0,1
frustratingly_entertaining,1,1,0
outright_baffling,1,1,0
frustratingly_dumb,1,0,1
outright_biased,1,1,0
outright_beneficial,1,1,0
outright_belligerent,1,1,0
outright_beautiful,1,1,0
frustratingly_easy,1,1,0
outright_barbaric,1,1,0
frustratingly_elliptical,1,1,0
outright_anti-semitic,1,1,0
frustratingly_elusive,1,1,0
outright_atrocious,1,1,0
outright_atheist,1,1,0
outright_astonishing,1,1,0
outright_artificial,1,1,0
outright_apocryphal,1,1,0
outright_apathetic,1,1,0
frustratingly_approximate,1,1,0
outright_debilitating,1,1,0
outrageously_unattractive,1,1,0
frightfully_posh,1,1,0
frightfully_intellectual,1,1,0
outright_frivolous,1,1,0
outright_frightening,1,1,0
frightfully_interesting,1,1,0
outright_freaky,1,1,0
frightfully_low-tech,1,1,0
outright_foolish,1,1,0
outright_fictitious,1,1,0
outright_fictional,1,1,0
outright_fearful,1,1,0
outright_fat,1,1,0
outright_fascist,1,1,0
outright_fascinating,1,1,0
frightfully_misinformed,1,1,0
frightfully_negative,1,1,0
outright_explicit,1,1,0
outright_experimental,1,0,1
frightfully_impatient,1,1,0
frightfully_ill,1,0,1
outright_gorgeous,1,1,0
outright_heretical,1,1,0
frightfully_fantastic,1,1,0
outright_horrified,1,1,0
frightfully_frightened,1,1,0
outright_horrendous,1,1,0
outright_homosexual,1,1,0
outright_homophobic,1,1,0
frightfully_funny,1,1,0
outright_hellish,1,1,0
outright_great,1,1,0
outright_heinous,1,1,0
outright_hazardous,1,1,0
frightfully_german,1,1,0
outright_harsh,1,1,0
frightfully_hard,1,1,0
outright_hard,1,1,0
outright_grotesque,1,1,0
frightfully_obscure,1,1,0
outright_enthusiastic,1,1,0
outright_deceitful,1,1,0
outright_enjoyable,1,1,0
outright_disappointed,1,1,0
outright_disagreeable,1,1,0
outright_dirty,1,1,0
frightfully_useful,1,1,0
frightfully_young,1,0,1
outright_dictatorial,1,1,0
frustratingly_abnormal,1,1,0
outright_despicable,1,1,0
outright_depressing,1,1,0
outright_depressed,1,1,0
outright_demonic,1,0,1
outright_demented,1,1,0
frustratingly_ambiguous,1,1,0
outright_deficient,1,1,0
frustratingly_ambivalent,1,1,0
outright_defective,1,1,0
frustratingly_anecdotal,1,1,0
frightfully_uninteresting,1,1,0
frightfully_tight,1,1,0
frightfully_subtle,1,1,0
frightfully_shocked,1,1,0
outright_empty,1,1,0
frightfully_rude,1,0,1
frightfully_serious,1,1,0
outright_drunk,1,1,0
outright_dreadful,1,1,0
outright_doubtful,1,0,1
outright_dominate,1,1,0
outright_distressed,1,1,0
outright_disgraceful,1,1,0
outright_distinctive,1,1,0
outright_disruptive,1,1,0
frightfully_silly,1,1,0
frightfully_simple,1,1,0
outright_disinterested,1,1,0
outright_disingenuous,1,1,0
frightfully_strange,1,0,1
outrageously_unethical,1,1,0
outrageously_tricky,1,0,1
frightfully_expensive,1,1,0
outrageously_affordable,1,1,0
outrageously_callous,1,1,0
outrageously_brave,1,1,0
outrageously_bold,1,0,1
outrageously_bogus,1,0,1
frustratingly_naive,1,1,0
outrageously_better,1,1,0
outrageously_beautiful,1,1,0
outrageously_awful,1,0,1
outrageously_audacious,1,1,0
frustratingly_oblivious,1,1,0
outrageously_asinine,1,0,1
outrageously_arrogant,1,1,0
outrageously_appropriate,1,1,0
outrageously_apparent,1,1,0
outrageously_amusing,1,1,0
outrageously_ambitious,1,1,0
outrageously_alluring,1,0,1
outrageously_candid,1,1,0
outrageously_careless,1,1,0
outrageously_chic,1,1,0
outrageously_crowded,1,1,0
frustratingly_long,1,1,0
outrageously_dense,1,1,0
frustratingly_loveable,1,0,1
outrageously_deep,1,1,0
outrageously_daring,1,1,0
frustratingly_meaningless,1,1,0
outrageously_cruel,1,1,0
outrageously_creepy,1,0,1
outrageously_classic,1,0,1
outrageously_crazy,1,0,1
outrageously_costly,1,1,0
outrageously_convoluted,1,1,0
outrageously_controversial,1,1,0
outrageously_contemporary,1,1,0
frustratingly_mundane,1,1,0
outrageously_competent,1,1,0
outrageously_aggressive,1,1,0
outrageously_adventurous,1,0,1
outrageously_disgusting,1,0,1
outrageously_abusive,1,1,0
frustratingly_ponderous,1,1,0
out_illegal,1,1,0
out_ill,1,1,0
out_healthy,1,1,0
out_gay,1,1,0
out_full,1,1,0
out_false,1,1,0
out_entertaining,1,1,0
out_edgy,1,1,0
out_early,1,1,0
out_dangerous,1,1,0
frustratingly_predictable,1,1,0
out_correct,1,1,0
out_comical,1,1,0
frustratingly_pushy,1,1,0
frustratingly_raw,1,1,0
out_brutal,1,1,0
out_lucky,1,1,0
out_more,1,1,0
out_ok,1,1,0
out_skilled,1,1,0
out_wrong,1,1,0
out_wonderful,1,1,0
out_witty,1,1,0
out_verbatim,1,0,1
out_unreachable,1,1,0
out_stupid,1,0,1
out_smart,1,1,0
frustratingly_one-sided,1,1,0
out_other,1,1,0
out_shocked,1,1,0
out_sexist,1,1,0
out_ridiculous,1,1,0
out_quicker,1,1,0
out_quick,1,1,0
out_proper,1,1,0
out_patient,1,1,0
outrageously_dirty,1,1,0
frustratingly_literal,1,1,0
outrageously_tempting,1,0,1
outrageously_minor,1,1,0
frustratingly_inaudible,1,1,0
outrageously_priced,1,1,0
outrageously_predatory,1,1,0
outrageously_popular,1,1,0
outrageously_poor,1,1,0
outrageously_pleased,1,1,0
frustratingly_incompatible,1,1,0
outrageously_overpowering,1,0,1
outrageously_overdone,1,1,0
outrageously_overblown,1,1,0
frustratingly_incomplete,1,1,0
outrageously_outrageous,1,0,1
outrageously_oily,1,1,0
frustratingly_incorrect,1,1,0
outrageously_odious,1,1,0
outrageously_nice,1,1,0
frustratingly_incremental,1,1,0
outrageously_pricy,1,1,0
outrageously_profane,1,1,0
outrageously_promiscuous,1,1,0
outrageously_simple,1,1,0
frustratingly_impenetrable,1,1,0
outrageously_sumptuous,1,1,0
outrageously_successful,1,1,0
outrageously_stylish,1,1,0
frustratingly_impossible,1,1,0
outrageously_stubborn,1,1,0
outrageously_spirited,1,1,0
outrageously_scary,1,1,0
outrageously_provocative,1,0,1
outrageously_scandalous,1,0,1
outrageously_rude,1,1,0
outrageously_right,1,1,0
outrageously_religious,1,1,0
outrageously_reckless,1,1,0
frustratingly_inadequate,1,1,0
outrageously_quotable,1,1,0
outrageously_misinformed,1,1,0
outrageously_manipulative,1,1,0
outrageously_disingenuous,1,1,0
outrageously_lucrative,1,1,0
frustratingly_lacking,1,1,0
frustratingly_last,1,1,0
outrageously_fresh,1,1,0
outrageously_flamboyant,1,0,1
outrageously_fictional,1,1,0
outrageously_fancy,1,1,0
outrageously_fanciful,1,1,0
frustratingly_lazy,1,1,0
outrageously_extreme,1,1,0
outrageously_exploitative,1,0,1
outrageously_explicit,1,1,0
frustratingly_limp,1,1,0
outrageously_entertaining,1,1,0
outrageously_emotive,1,1,0
outrageously_drunk,1,1,0
outrageously_dramatic,1,1,0
outrageously_disproportionate,1,1,0
outrageously_gaudy,1,1,0
frustratingly_irritable,1,1,0
outrageously_good-looking,1,1,0
outrageously_impressive,1,0,1
frustratingly_indecisive,1,1,0
outrageously_large,1,1,0
outrageously_irresponsible,1,1,0
outrageously_interesting,1,1,0
outrageously_innovative,1,1,0
outrageously_inconvenient,1,1,0
frustratingly_independent,1,1,0
outrageously_impractical,1,0,1
outrageously_goofy,1,1,0
outrageously_impolite,1,0,1
outrageously_hilarious,1,0,1
frustratingly_inexplicable,1,0,1
outrageously_harsh,1,1,0
frustratingly_intricate,1,1,0
outrageously_greedy,1,1,0
outrageously_gorgeous,1,1,0
frightfully_extravagant,1,1,0
outright_hurtful,1,1,0
over_difficult,1,1,0
outwardly_adroit,1,1,0
outwardly_discriminatory,1,1,0
outwardly_devout,1,1,0
outwardly_depressing,1,1,0
outwardly_defiant,1,1,0
outwardly_critical,1,1,0
outwardly_confident,1,1,0
outwardly_competitive,1,0,1
outwardly_cold,1,1,0
frighteningly_honest,1,1,0
outwardly_callous,1,1,0
outwardly_bubbly,1,1,0
outwardly_brash,1,1,0
outwardly_bold,1,1,0
outwardly_belligerent,1,1,0
outwardly_beautiful,1,1,0
outwardly_apparent,1,1,0
frighteningly_huge,1,1,0
outwardly_effusive,1,1,0
outwardly_emotive,1,0,1
outwardly_enjoyable,1,1,0
outwardly_happy,1,1,0
outwardly_innocuous,1,0,1
outwardly_improbable,1,1,0
outwardly_impressive,1,1,0
outwardly_humble,1,1,0
frighteningly_good,1,1,0
outwardly_healthy,1,1,0
outwardly_harmful,1,1,0
outwardly_goofy,1,1,0
frighteningly_happy,1,1,0
outwardly_glum,1,1,0
outwardly_gentle,1,0,1
outwardly_functional,1,1,0
frighteningly_grotesque,1,1,0
outwardly_free,1,1,0
outwardly_fine,1,1,0
outwardly_equal,1,0,1
outwardly_aggressive,1,1,0
outstandingly_wicked,1,1,0
outwardly_intriguing,1,0,1
outstandingly_unusual,1,0,1
outstandingly_different,1,0,1
outstandingly_bold,1,0,1
outstandingly_beneficial,1,0,1
frighteningly_incompetent,1,1,0
frighteningly_insane,1,1,0
outstandingly_attractive,1,1,0
frighteningly_insightful,1,1,0
outright_worried,1,1,0
frighteningly_insistent,1,0,1
outright_wasteful,1,1,0
frighteningly_interesting,1,1,0
frighteningly_intimate,1,0,1
outright_vindictive,1,1,0
frighteningly_large,1,1,0
frighteningly_lonely,1,1,0
outright_vicious,1,1,0
outright_upset,1,1,0
frighteningly_imprecise,1,1,0
outstandingly_disappointing,1,1,0
outstandingly_dubious,1,1,0
outstandingly_lovely,1,1,0
outstandingly_unselfish,1,0,1
outstandingly_significant,1,0,1
outstandingly_professional,1,1,0
frighteningly_ignorant,1,1,0
outstandingly_powerful,1,1,0
outstandingly_positive,1,0,1
outstandingly_new,1,0,1
outstandingly_knowledgeable,1,1,0
outstandingly_dumb,1,1,0
outstandingly_holy,1,1,0
outstandingly_happy,1,1,0
outstandingly_gorgeous,1,1,0
frighteningly_immediate,1,1,0
outstandingly_famous,1,0,1
outstandingly_erotic,1,1,0
outstandingly_entertaining,1,0,1
outwardly_intoxicating,1,0,1
outwardly_liberal,1,0,1
outright_unwelcome,1,1,0
frighteningly_exotic,1,1,0
frighteningly_convincing,1,1,0
over_broad,1,1,0
over_bright,1,1,0
over_bold,1,1,0
over_bloody,1,1,0
over_black,1,1,0
frighteningly_cruel,1,1,0
frighteningly_dark,1,1,0
over_bad,1,1,0
over_awesome,1,1,0
over_attentive,1,1,0
over_assertive,1,1,0
frighteningly_dependent,1,0,1
frighteningly_efficient,1,1,0
frighteningly_evil,1,0,1
over_amazing,1,1,0
over_alike,1,1,0
frighteningly_contradictory,1,1,0
over_clean,1,1,0
over_close,1,1,0
frighteningly_bizarre,1,1,0
over_detailed,1,1,0
over_descriptive,1,1,0
frighteningly_bad,1,1,0
over_dependant,1,1,0
over_cynical,1,1,0
frighteningly_beautiful,1,1,0
over_curious,1,1,0
frighteningly_brilliant,1,1,0
over_compelling,1,1,0
over_crisp,1,1,0
over_cozy,1,1,0
over_coy,1,1,0
frighteningly_clear,1,1,0
over_congruent,1,1,0
frighteningly_clever,1,0,1
over_competitive,1,1,0
frighteningly_excited,1,1,0
over_affectionate,1,1,0
outwardly_malignant,1,1,0
frighteningly_familiar,1,1,0
outwardly_regressive,1,1,0
outwardly_rebellious,1,1,0
outwardly_profound,1,0,1
outwardly_present,1,1,0
outwardly_positive,1,0,1
outwardly_poorer,1,1,0
outwardly_poor,1,1,0
outwardly_pleasant,1,1,0
outwardly_pious,1,1,0
outwardly_physical,1,0,1
outwardly_perky,1,1,0
outwardly_obvious,1,1,0
outwardly_obedient,1,1,0
outwardly_noticeable,1,1,0
outwardly_nervous,1,1,0
outwardly_nasty,1,1,0
outwardly_menacing,1,0,1
outwardly_religious,1,1,0
outwardly_respectable,1,1,0
frighteningly_free,1,1,0
outwardly_unpleasant,1,1,0
over_accommodating,1,1,0
frighteningly_fanciful,1,1,0
over_abhorrent,1,1,0
outwardly_wonderful,1,1,0
outwardly_wholesome,1,1,0
frighteningly_fast,1,1,0
outwardly_violent,1,1,0
outwardly_unaffected,1,0,1
outwardly_sad,1,1,0
outwardly_ugly,1,1,0
outwardly_trivial,1,1,0
frighteningly_ferocious,1,0,1
outwardly_strong,1,0,1
outwardly_simple,1,1,0
outwardly_sick,1,1,0
frighteningly_fleeting,1,1,0
outright_unwilling,1,1,0
outright_unwatchable,1,1,0
outright_iconic,1,1,0
frightfully_amusing,1,0,1
outright_nerdy,1,1,0
frighteningly_unreal,1,0,1
outright_nefarious,1,1,0
frighteningly_unstable,1,1,0
frighteningly_unusual,1,0,1
outright_monstrous,1,1,0
outright_monotonous,1,1,0
frighteningly_vast,1,1,0
frighteningly_wealthy,1,1,0
outright_misinformed,1,1,0
frightfully_afraid,1,1,0
outright_miraculous,1,1,0
outright_mind-boggling,1,1,0
outright_metaphysical,1,1,0
outright_messy,1,1,0
outright_menacing,1,1,0
frightfully_amiss,1,0,1
outright_non-existent,1,1,0
frighteningly_unique,1,0,1
outright_nutty,1,1,0
outright_outlandish,1,1,0
outright_pleasant,1,1,0
outright_phony,1,1,0
outright_perfect,1,1,0
outright_peculiar,1,1,0
frighteningly_timeless,1,0,1
outright_paranoid,1,1,0
outright_painful,1,1,0
frighteningly_uncertain,1,1,0
outright_obese,1,1,0
outright_oppressive,1,1,0
frighteningly_unexpected,1,0,1
outright_odious,1,1,0
outright_obvious,1,1,0
outright_obsolete,1,1,0
outright_obscure,1,1,0
frighteningly_uninformed,1,1,0
outright_mean-spirited,1,1,0
frightfully_angry,1,1,0
outright_political,1,1,0
outright_malevolent,1,1,0
outright_indifferent,1,1,0
frightfully_difficult,1,0,1
frightfully_direct,1,1,0
outright_inconsistent,1,1,0
outright_incompetent,1,1,0
frightfully_dry,1,0,1
frightfully_dull,1,1,0
outright_inane,1,1,0
frightfully_earnest,1,1,0
outright_inaccessible,1,1,0
outright_impractical,1,1,0
outright_impolite,1,1,0
frightfully_egregious,1,1,0
outright_imaginary,1,1,0
outright_illusory,1,1,0
frightfully_exciting,1,1,0
outright_ignorant,1,1,0
outright_indulgent,1,1,0
outright_inflammatory,1,1,0
outright_infuriating,1,1,0
frightfully_close,1,1,0
frightfully_aware,1,1,0
outright_ludicrous,1,1,0
outright_loathsome,1,1,0
outright_lethal,1,1,0
outright_legal,1,1,0
outright_leftist,1,1,0
frightfully_boring,1,1,0
outright_joyous,1,0,1
outright_inhuman,1,1,0
outright_irresponsible,1,1,0
outright_irrational,1,1,0
outright_ironic,1,1,0
outright_intimidating,1,1,0
frightfully_confusing,1,1,0
frightfully_delicious,1,0,1
outright_innocent,1,1,0
outright_poisonous,1,1,0
frighteningly_thin,1,1,0
outright_unthinkable,1,1,0
frighteningly_powerful,1,1,0
outright_undemocratic,1,1,0
outright_unconstitutional,1,1,0
frighteningly_mistaken,1,1,0
outright_unaware,1,1,0
outright_unacceptable,1,1,0
frighteningly_mobile,1,1,0
outright_true,1,1,0
outright_transparent,1,1,0
frighteningly_negative,1,1,0
outright_tiring,1,1,0
frighteningly_non-existent,1,1,0
frighteningly_obscure,1,1,0
outright_terrified,1,1,0
frighteningly_ominous,1,0,1
outright_tasteless,1,1,0
frighteningly_pathetic,1,1,0
outright_surreal,1,1,0
outright_undesirable,1,1,0
frighteningly_misguided,1,1,0
outright_unexplained,1,1,0
outright_unlikely,1,1,0
outright_unsettling,1,1,0
outright_unscrupulous,1,1,0
outright_unsavory,1,1,0
outright_unsafe,1,1,0
outright_unqualified,1,1,0
frighteningly_malicious,1,1,0
outright_unnecessary,1,1,0
outright_unlikeable,1,1,0
outright_unexplored,1,1,0
outright_unlawful,1,1,0
outright_unjust,1,1,0
outright_unintelligible,1,1,0
outright_unhappy,1,1,0
outright_ungrateful,1,1,0
outright_unfounded,1,1,0
outright_unfair,1,1,0
outright_surprising,1,1,0
outright_summery,1,0,1
outright_predatory,1,1,0
frighteningly_presentable,1,0,1
outright_senseless,1,1,0
outright_scarier,1,1,0
frighteningly_sane,1,1,0
outright_sarcastic,1,0,1
frighteningly_scary,1,1,0
outright_sad,1,1,0
frighteningly_sinister,1,1,0
outright_risky,1,1,0
outright_retarded,1,1,0
frighteningly_strange,1,1,0
outright_reprehensible,1,1,0
outright_real,1,1,0
outright_reactionary,1,1,0
frighteningly_successful,1,1,0
frighteningly_terrible,1,0,1
outright_profane,1,1,0
outright_preposterous,1,1,0
outright_sentimental,1,1,0
outright_serious,1,1,0
frighteningly_relatable,1,0,1
outright_slow,1,1,0
frighteningly_primal,1,1,0
outright_stereotypical,1,1,0
outright_startling,1,1,0
outright_spicy,1,1,0
outright_spectacular,1,1,0
outright_special,1,1,0
outright_snarky,1,1,0
frighteningly_probable,1,1,0
frighteningly_recognisable,1,1,0
outright_sinful,1,1,0
outright_simple,1,1,0
frighteningly_radical,1,1,0
outright_silent,1,1,0
frighteningly_rare,1,1,0
frighteningly_raw,1,1,0
outright_shocked,1,1,0
pearly_new,1,1,0
peculiarly_abstract,1,1,0
practically_uninhabited,1,1,0
politically_gracious,1,1,0
politically_germane,1,0,1
extravagantly_decorative,1,1,0
politically_free,1,1,0
extravagantly_delicious,1,0,1
extravagantly_difficult,1,1,0
politically_formative,1,1,0
extravagantly_exotic,1,1,0
politically_fishy,1,0,1
politically_fierce,1,0,1
extravagantly_funny,1,1,0
extravagantly_generous,1,0,1
extravagantly_helpful,1,0,1
extravagantly_hoppy,1,1,0
politically_fashionable,1,1,0
politically_familiar,1,1,0
extravagantly_lavish,1,1,0
politically_explicit,1,1,0
politically_good,1,0,1
politically_green,1,1,0
pleasantly_solid,1,0,1
politically_gullible,1,1,0
extraordinarily_vigilant,1,1,0
extraordinarily_violent,1,1,0
extraordinarily_visual,1,0,1
politically_immature,1,1,0
politically_ill-advised,1,1,0
extraordinarily_vital,1,1,0
extraordinarily_vocal,1,1,0
politically_ideal,1,1,0
politically_hot,1,1,0
politically_hostile,1,1,0
politically_homogeneous,1,1,0
extraordinarily_vulnerable,1,1,0
politically_hip,1,1,0
politically_hierarchical,1,1,0
extraordinarily_welcome,1,1,0
extraordinarily_worthy,1,1,0
extravagantly_anti-social,1,1,0
politically_experienced,1,1,0
extravagantly_long,1,1,0
politically_exasperating,1,1,0
politically_equal,1,1,0
politically_disparate,1,1,0
politically_dismissive,1,1,0
politically_dishonest,1,1,0
politically_disastrous,1,1,0
politically_disappointed,1,1,0
politically_dirty,1,0,1
politically_direct,1,1,0
extravagantly_wealthy,1,0,1
politically_dicey,1,1,0
politically_detrimental,1,1,0
politically_destructive,1,1,0
extravagantly_weird,1,1,0
extremely_abhorrent,1,1,0
politically_demented,1,1,0
politically_delicate,1,1,0
extremely_abrasive,1,1,0
politically_curious,1,1,0
politically_dissatisfied,1,1,0
extravagantly_violent,1,1,0
extravagantly_slow,1,1,0
politically_dumb,1,1,0
politically_enticing,1,1,0
politically_endangered,1,1,0
politically_emotive,1,1,0
extravagantly_massive,1,0,1
politically_efficacious,1,1,0
extravagantly_metaphorical,1,1,0
extravagantly_pointless,1,0,1
politically_dubious,1,1,0
politically_disturbing,1,0,1
extravagantly_polite,1,1,0
politically_dramatic,1,0,1
politically_dormant,1,1,0
extravagantly_profitable,1,1,0
politically_dodgy,1,0,1
extravagantly_rich,1,0,1
extravagantly_sinful,1,1,0
politically_impractical,1,1,0
politically_improper,1,1,0
politically_inaccessible,1,1,0
politically_marginalized,1,1,0
politically_obtuse,1,1,0
politically_obscure,1,0,1
politically_obnoxious,1,0,1
politically_objectionable,1,1,0
politically_nuanced,1,1,0
politically_non-partisan,1,1,0
politically_nice,1,1,0
politically_necessary,1,1,0
politically_native,1,1,0
extraordinarily_terrifying,1,0,1
politically_myopic,1,1,0
politically_muscular,1,1,0
extraordinarily_thoughtful,1,1,0
extraordinarily_tight,1,1,0
politically_mischievous,1,0,1
extraordinarily_touching,1,0,1
extraordinarily_tough,1,1,0
politically_odious,1,0,1
extraordinarily_tense,1,1,0
politically_ominous,1,0,1
politically_painless,1,1,0
politically_pernicious,1,1,0
extraordinarily_swift,1,1,0
politically_passive,1,1,0
extraordinarily_tall,1,1,0
politically_paramount,1,1,0
politically_palpable,1,1,0
extraordinarily_tantalizing,1,1,0
politically_painful,1,1,0
politically_opinionated,1,1,0
extraordinarily_technical,1,1,0
politically_outrageous,1,0,1
politically_oriented,1,0,1
politically_oppressed,1,1,0
politically_opposite,1,1,0
extraordinarily_tedious,1,1,0
extraordinarily_tenacious,1,1,0
politically_meaningful,1,0,1
politically_marginalised,1,1,0
extraordinarily_versatile,1,1,0
politically_marginal,1,1,0
politically_interested,1,1,0
extraordinarily_uncertain,1,1,0
politically_insignificant,1,1,0
politically_insightful,1,0,1
extraordinarily_unexpected,1,1,0
politically_insecure,1,1,0
politically_innovative,1,1,0
extraordinarily_unfair,1,1,0
extraordinarily_unhealthy,1,0,1
politically_ineffective,1,1,0
extraordinarily_unnecessary,1,1,0
extraordinarily_unnerving,1,0,1
extraordinarily_unsympathetic,1,1,0
extraordinarily_unwise,1,1,0
politically_inconceivable,1,1,0
politically_incompatible,1,1,0
extraordinarily_vague,1,1,0
extraordinarily_typical,1,0,1
politically_intermittent,1,1,0
politically_intolerable,1,1,0
politically_leftist,1,1,0
politically_manipulative,1,1,0
politically_loyal,1,0,1
politically_loath,1,1,0
politically_liquid,1,1,0
politically_liberating,1,1,0
extraordinarily_tragic,1,0,1
politically_lethal,1,1,0
politically_left-wing,1,1,0
politically_intrusive,1,1,0
extraordinarily_tricky,1,1,0
politically_justifiable,1,1,0
politically_jaded,1,1,0
politically_irresistible,1,1,0
extraordinarily_triumphant,1,1,0
politically_ironic,1,0,1
extraordinarily_troubling,1,0,1
politically_crucial,1,1,0
extremely_academic,1,1,0
politically_courageous,1,1,0
pleasingly_generic,1,0,1
pleasingly_positive,1,1,0
extremely_astonished,1,1,0
pleasingly_paradoxical,1,0,1
pleasingly_old-fashioned,1,1,0
extremely_astonishing,1,0,1
pleasingly_neat,1,1,0
pleasingly_modern,1,1,0
pleasingly_minimal,1,0,1
extremely_astounding,1,1,0
pleasingly_kinetic,1,0,1
pleasingly_ironic,1,1,0
extremely_astringent,1,1,0
pleasingly_infectious,1,1,0
pleasingly_incongruous,1,0,1
pleasingly_ignorant,1,0,1
pleasingly_human,1,0,1
pleasingly_horrid,1,1,0
pleasingly_quirky,1,1,0
pleasingly_revolting,1,0,1
pleasingly_right,1,0,1
pleasingly_symmetrical,1,1,0
pleasingly_unpredictable,1,1,0
pleasingly_unique,1,1,0
pleasingly_understated,1,0,1
pleasingly_ugly,1,1,0
pleasingly_trippy,1,0,1
pleasingly_theatrical,1,1,0
pleasingly_tactical,1,1,0
pleasingly_sweet,1,1,0
pleasingly_simple,1,0,1
pleasingly_surreal,1,1,0
extremely_assertive,1,1,0
pleasingly_straightforward,1,1,0
pleasingly_spacious,1,1,0
pleasingly_solemn,1,0,1
pleasingly_smooth,1,1,0
pleasingly_simplistic,1,0,1
pleasingly_great,1,1,0
extremely_atrocious,1,1,0
plenty_aromatic,1,1,0
pleasingly_domestic,1,0,1
extremely_awful,1,1,0
pleasantly_uniform,1,1,0
extremely_backward,1,1,0
pleasantly_understated,1,1,0
pleasantly_uncomfortable,1,1,0
pleasantly_unclear,1,1,0
pleasantly_titillating,1,1,0
extremely_baffling,1,1,0
extremely_baggy,1,1,0
pleasantly_sweet,1,1,0
pleasantly_surreal,1,1,0
extremely_banal,1,1,0
extremely_barren,1,1,0
pleasantly_supportive,1,1,0
extremely_bearable,1,1,0
pleasantly_straightforward,1,0,1
pleasantly_steady,1,1,0
pleasantly_unusual,1,0,1
pleasantly_versatile,1,1,0
pleasantly_walkable,1,1,0
pleasingly_audacious,1,1,0
extremely_audacious,1,0,1
pleasingly_delighted,1,1,0
pleasingly_dark,1,1,0
pleasingly_crisp,1,1,0
pleasingly_controversial,1,1,0
pleasingly_contemporary,1,0,1
pleasingly_challenging,1,1,0
extremely_authentic,1,1,0
extremely_average,1,1,0
pleasingly_askew,1,1,0
pleasingly_archaic,1,0,1
pleasingly_apt,1,0,1
pleasingly_amusing,1,0,1
extremely_authoritarian,1,1,0
pleasantly_willing,1,1,0
extremely_autobiographical,1,1,0
pleasingly_virtuous,1,0,1
plenty_disastrous,1,1,0
politically_counterproductive,1,1,0
politically_aloof,1,1,0
extremely_amateur,1,0,1
politically_capable,1,1,0
politically_brave,1,1,0
politically_blind,1,1,0
politically_bitter,1,0,1
politically_bipartisan,1,1,0
extremely_ambivalent,1,1,0
politically_benign,1,1,0
extremely_american,1,0,1
extremely_amiable,1,1,0
politically_basic,1,0,1
politically_awake,1,1,0
extremely_analytical,1,1,0
extremely_angelic,1,1,0
politically_arrogant,1,1,0
extremely_annoyed,1,1,0
extremely_antagonistic,1,1,0
politically_centrist,1,1,0
extremely_alone,1,1,0
politically_chic,1,1,0
extremely_affluent,1,1,0
extremely_acquainted,1,1,0
politically_corrosive,1,1,0
politically_contrived,1,1,0
politically_contradictory,1,1,0
extremely_admirable,1,0,1
politically_constructive,1,0,1
extremely_adult,1,0,1
extremely_aged,1,1,0
extremely_alkaline,1,1,0
extremely_aggravating,1,1,0
politically_confident,1,1,0
politically_compatible,1,1,0
politically_comfortable,1,0,1
politically_combative,1,1,0
extremely_alien,1,0,1
politically_clueless,1,1,0
extremely_anti-israel,1,1,0
politically_alive,1,1,0
plenty_familiar,1,0,1
politically_alert,1,1,0
pointedly_nasty,1,1,0
pointedly_humorous,1,1,0
pointedly_funny,1,1,0
pointedly_domestic,1,1,0
pointedly_disgusting,1,1,0
pointedly_different,1,0,1
pointedly_cruel,1,1,0
pointedly_critical,1,1,0
pointedly_cinematic,1,0,1
pointedly_cheeky,1,1,0
pointedly_bizarre,1,1,0
pointedly_anachronistic,1,1,0
pointedly_amusing,1,1,0
plenty_smart,1,1,0
plenty_powerful,1,1,0
plenty_more,1,1,0
plenty_giddy,1,1,0
pointedly_offensive,1,1,0
extremely_askew,1,1,0
pointedly_polite,1,1,0
politically_achievable,1,1,0
extremely_apologetic,1,1,0
extremely_applicable,1,1,0
extremely_arbitrary,1,1,0
extremely_archaic,1,0,1
politically_adept,1,1,0
politically_acute,1,1,0
extremely_argumentative,1,1,0
politically_accountable,1,1,0
extremely_ashamed,1,1,0
extremely_aromatic,1,1,0
politically_abusive,1,1,0
politically_abhorrent,1,1,0
pointedly_topical,1,1,0
pointedly_southern,1,1,0
pointedly_simple,1,1,0
pointedly_sexy,1,1,0
extraordinarily_superior,1,1,0
politically_pointed,1,1,0
politically_poisonous,1,1,0
positively_demonic,1,0,1
extraordinarily_influential,1,1,0
positively_engaging,1,0,1
positively_emotional,1,1,0
positively_eloquent,1,1,0
positively_elite,1,1,0
positively_electrifying,1,0,1
extraordinarily_infuriating,1,0,1
positively_elated,1,1,0
positively_effective,1,1,0
positively_eerie,1,1,0
positively_eager,1,1,0
positively_disturbing,1,1,0
positively_distasteful,1,1,0
positively_different,1,0,1
positively_detrimental,1,1,0
positively_destructive,1,1,0
positively_despondent,1,0,1
extraordinarily_independent,1,1,0
positively_epic,1,0,1
positively_ethereal,1,0,1
positively_frenetic,1,1,0
positively_glorious,1,1,0
extraordinarily_humbling,1,1,0
positively_glad,1,1,0
extraordinarily_immediate,1,1,0
positively_gay,1,0,1
positively_frigid,1,1,0
extraordinarily_impressed,1,1,0
positively_free,1,1,0
positively_excited,1,1,0
positively_fraudulent,1,1,0
positively_flawless,1,1,0
positively_feminine,1,1,0
extraordinarily_inaccurate,1,1,0
positively_extravagant,1,0,1
extraordinarily_incompetent,1,1,0
positively_exhilarating,1,0,1
extraordinarily_insensitive,1,1,0
positively_demented,1,1,0
positively_gothic,1,0,1
positively_delirious,1,1,0
positively_awful,1,1,0
positively_awesome,1,1,0
extraordinarily_irrational,1,1,0
positively_astounding,1,1,0
positively_anxious,1,1,0
positively_american,1,1,0
positively_allergic,1,0,1
positively_aggressive,1,1,0
positively_aerodynamic,1,0,1
positively_adorable,1,0,1
positively_addictive,1,1,0
positively_absurd,1,1,0
extraordinarily_irritating,1,0,1
poorly_trained,1,1,0
poorly_supportive,1,1,0
poorly_supervised,1,1,0
extraordinarily_judgmental,1,1,0
extraordinarily_inventive,1,1,0
positively_beneficial,1,1,0
positively_bizarre,1,0,1
positively_comical,1,1,0
positively_delightful,1,0,1
positively_delicious,1,1,0
extraordinarily_insightful,1,1,0
positively_damaging,1,1,0
extraordinarily_inspiring,1,0,1
positively_counterproductive,1,1,0
positively_confusing,1,1,0
positively_classic,1,1,0
positively_bonkers,1,1,0
positively_civilised,1,1,0
positively_cinematic,1,1,0
positively_cheerful,1,1,0
positively_cancerous,1,1,0
positively_brilliant,1,1,0
positively_bright,1,1,0
extraordinarily_introverted,1,1,0
positively_gorgeous,1,1,0
positively_grotesque,1,0,1
poorly_run,1,1,0
positively_neurotic,1,1,0
positively_psychedelic,1,0,1
positively_profound,1,0,1
positively_primal,1,0,1
positively_predatory,1,0,1
extraordinarily_grand,1,0,1
positively_pornographic,1,1,0
positively_popular,1,1,0
positively_poisonous,1,1,0
positively_poetic,1,0,1
positively_plush,1,1,0
positively_plump,1,1,0
extraordinarily_grateful,1,1,0
positively_patriotic,1,0,1
positively_painful,1,1,0
positively_orwellian,1,1,0
positively_original,1,0,1
positively_normal,1,1,0
extraordinarily_gracious,1,1,0
positively_radical,1,1,0
positively_real,1,0,1
extraordinarily_gifted,1,1,0
positively_sinister,1,1,0
positively_silly,1,1,0
positively_sick,1,1,0
positively_shrill,1,1,0
positively_shocked,1,1,0
positively_seamless,1,1,0
positively_scary,1,1,0
positively_sarcastic,1,1,0
positively_receptive,1,1,0
positively_rude,1,1,0
positively_romantic,1,1,0
positively_revelatory,1,1,0
positively_reprehensible,1,0,1
extraordinarily_goofy,1,0,1
positively_regal,1,0,1
positively_reckless,1,1,0
positively_nightmarish,1,0,1
extraordinarily_gullible,1,0,1
positively_gut-wrenching,1,1,0
positively_naive,1,1,0
positively_indecent,1,1,0
positively_incredible,1,0,1
positively_inclined,1,1,0
positively_impressed,1,1,0
extraordinarily_hot,1,0,1
positively_immoral,1,1,0
positively_immense,1,1,0
positively_hyperactive,1,1,0
positively_humane,1,0,1
positively_huge,1,1,0
positively_hostile,1,1,0
positively_horrifying,1,1,0
positively_historic,1,0,1
positively_helpful,1,1,0
positively_heartbreaking,1,1,0
extraordinarily_huge,1,0,1
positively_happy,1,1,0
positively_inhuman,1,0,1
positively_injurious,1,1,0
positively_insignificant,1,1,0
positively_massive,1,1,0
positively_myopic,1,0,1
extraordinarily_handsome,1,1,0
positively_motivated,1,0,1
extraordinarily_harsh,1,1,0
positively_miserable,1,1,0
positively_memorable,1,1,0
positively_medieval,1,1,0
positively_magnetic,1,0,1
positively_interesting,1,0,1
positively_magical,1,0,1
positively_lyrical,1,1,0
positively_lovely,1,1,0
positively_liberal,1,1,0
positively_legitimate,1,1,0
positively_jealous,1,1,0
positively_jarring,1,1,0
extraordinarily_late,1,1,0
poorly_responsive,1,1,0
extraordinarily_substantive,1,1,0
politically_satirical,1,1,0
politically_sterile,1,1,0
extraordinarily_refreshing,1,0,1
politically_special,1,0,1
extraordinarily_reluctant,1,1,0
extraordinarily_resourceful,1,1,0
politically_slick,1,1,0
politically_skilled,1,0,1
politically_skeptical,1,1,0
politically_simple,1,1,0
extraordinarily_respectful,1,1,0
extraordinarily_responsible,1,1,0
politically_shaky,1,1,0
extraordinarily_responsive,1,1,0
politically_sensible,1,0,1
politically_self-contained,1,1,0
politically_seamless,1,1,0
politically_scandalous,1,0,1
politically_sticky,1,1,0
extraordinarily_realistic,1,1,0
politically_strident,1,1,0
extraordinarily_proficient,1,1,0
extraordinarily_present,1,1,0
extraordinarily_pretty,1,1,0
politically_tenable,1,1,0
politically_talented,1,1,0
politically_taboo,1,1,0
extraordinarily_privileged,1,1,0
politically_symbolic,1,0,1
extraordinarily_profound,1,0,1
extraordinarily_real,1,1,0
extraordinarily_promising,1,1,0
politically_superior,1,1,0
extraordinarily_qualified,1,1,0
extraordinarily_racist,1,1,0
extraordinarily_radical,1,0,1
politically_substantive,1,0,1
extraordinarily_rational,1,1,0
politically_satisfying,1,1,0
extraordinarily_risky,1,1,0
extraordinarily_prescient,1,1,0
extraordinarily_rude,1,1,0
extraordinarily_significant,1,0,1
politically_prominent,1,1,0
extraordinarily_social,1,1,0
extraordinarily_spicy,1,1,0
politically_pro-choice,1,1,0
extraordinarily_spiritual,1,0,1
politically_predominant,1,1,0
politically_predictable,1,0,1
politically_precarious,1,1,0
extraordinarily_steep,1,1,0
politically_practical,1,1,0
extraordinarily_stoic,1,1,0
extraordinarily_stubborn,1,1,0
extraordinarily_stunning,1,0,1
politically_positive,1,0,1
extraordinarily_stylish,1,1,0
politically_polite,1,0,1
extraordinarily_shoddy,1,1,0
extraordinarily_shocking,1,0,1
extraordinarily_shameful,1,0,1
politically_resonant,1,1,0
extraordinarily_sadistic,1,1,0
politically_righteous,1,1,0
extraordinarily_scared,1,1,0
extraordinarily_secretive,1,1,0
extraordinarily_self-contained,1,0,1
politically_responsive,1,0,1
extraordinarily_selfish,1,1,0
politically_repressive,1,1,0
politically_reassuring,1,0,1
extraordinarily_sensible,1,0,1
politically_remarkable,1,0,1
politically_reliable,1,0,1
extraordinarily_serious,1,0,1
extraordinarily_sexy,1,0,1
politically_reckless,1,0,1
politically_rebellious,1,1,0
politically_threatening,1,1,0
politically_topical,1,1,0
poorly_related,1,1,0
politically_vigorous,1,1,0
poorly_digestible,1,1,0
poorly_controllable,1,1,0
extraordinarily_mild,1,1,0
poorly_competitive,1,1,0
poorly_comparable,1,1,0
extraordinarily_minor,1,1,0
extraordinarily_miraculous,1,0,1
extraordinarily_misguided,1,1,0
extraordinarily_mistaken,1,0,1
politically_wrenching,1,1,0
extraordinarily_mystical,1,1,0
politically_weighty,1,1,0
politically_wary,1,1,0
extraordinarily_necessary,1,1,0
extraordinarily_nervous,1,1,0
politically_vocal,1,1,0
politically_violent,1,1,0
extraordinarily_mediocre,1,1,0
poorly_effective,1,1,0
extraordinarily_luxurious,1,1,0
poorly_literate,1,1,0
poorly_quality,1,1,0
extraordinarily_lazy,1,1,0
extraordinarily_lengthy,1,1,0
extraordinarily_light,1,1,0
poorly_pigmented,1,1,0
poorly_organized,1,0,1
extraordinarily_loud,1,1,0
extraordinarily_low,1,1,0
poorly_forecast,1,1,0
poorly_legible,1,1,0
poorly_lacking,1,1,0
poorly_intentioned,1,1,0
poorly_informed,1,1,0
poorly_heated,1,1,0
poorly_handmade,1,1,0
poorly_functional,1,1,0
politically_vindictive,1,1,0
politically_valuable,1,0,1
extraordinarily_precise,1,1,0
politically_useless,1,1,0
politically_unemployed,1,1,0
politically_undesirable,1,1,0
politically_underrepresented,1,1,0
politically_uncompromising,1,1,0
politically_unaware,1,1,0
politically_unavailable,1,1,0
politically_unattainable,1,1,0
politically_unaccountable,1,1,0
extraordinarily_pessimistic,1,1,0
politically_unable,1,1,0
politically_troubling,1,1,0
politically_troublesome,1,1,0
politically_tricky,1,1,0
politically_transparent,1,1,0
politically_transformative,1,1,0
extraordinarily_polite,1,1,0
extraordinarily_practical,1,1,0
politically_unfavorable,1,1,0
extraordinarily_perceptive,1,1,0
extraordinarily_outlandish,1,1,0
extraordinarily_old-fashioned,1,0,1
extraordinarily_observant,1,1,0
extraordinarily_offensive,1,1,0
politically_untouchable,1,1,0
politically_untested,1,1,0
extraordinarily_old,1,1,0
politically_untapped,1,1,0
politically_unsustainable,1,1,0
extraordinarily_onerous,1,1,0
politically_unlikely,1,1,0
politically_unsettling,1,1,0
politically_unseen,1,1,0
politically_unsavory,1,0,1
extraordinarily_ordinary,1,1,0
extraordinarily_original,1,0,1
extraordinarily_outgoing,1,1,0
politically_unlucky,1,1,0
pleasantly_spicy,1,1,0
pleasantly_sleepy,1,1,0
extremely_incredible,1,0,1
extremely_effortless,1,1,0
plain_rustic,1,1,0
extremely_emotive,1,1,0
extremely_empathic,1,1,0
plain_right,1,1,0
plain_revolting,1,1,0
extremely_engrossing,1,0,1
plain_restless,1,1,0
plain_relevant,1,1,0
extremely_enlightened,1,1,0
plain_refreshing,1,0,1
extremely_enthused,1,1,0
plain_real,1,1,0
plain_raunchy,1,1,0
plain_rare,1,1,0
extremely_esoteric,1,1,0
extremely_ethereal,1,0,1
plain_queer,1,1,0
extremely_egalitarian,1,1,0
plain_salty,1,1,0
extremely_beatable,1,1,0
plain_sappy,1,1,0
extremely_downbeat,1,0,1
extremely_drab,1,1,0
extremely_driven,1,1,0
plain_shoddy,1,1,0
extremely_drowsy,1,1,0
plain_shameful,1,1,0
extremely_easier,1,1,0
extremely_easygoing,1,1,0
plain_sexy,1,1,0
plain_sexist,1,1,0
plain_sensitive,1,1,0
extremely_economic,1,1,0
plain_senseless,1,1,0
extremely_edifying,1,1,0
extremely_eerie,1,0,1
plain_satisfying,1,1,0
plain_satisfied,1,1,0
extremely_euphoric,1,1,0
plain_pushy,1,1,0
plain_punitive,1,1,0
plain_psychotic,1,1,0
plain_perceptive,1,1,0
extremely_extensive,1,1,0
plain_peachy,1,1,0
plain_patronizing,1,1,0
plain_pathological,1,1,0
extremely_external,1,1,0
plain_passive,1,1,0
extremely_extravagant,1,0,1
plain_paradoxical,1,1,0
extremely_extreme,1,1,0
extremely_eye-catching,1,0,1
plain_overworked,1,1,0
extremely_eye-opening,1,1,0
extremely_fabulous,1,0,1
extremely_fake,1,0,1
plain_overdone,1,1,0
plain_overbearing,1,1,0
plain_perfect,1,1,0
plain_perplexing,1,1,0
plain_persistent,1,1,0
extremely_exceptional,1,0,1
plain_prudent,1,1,0
plain_private,1,1,0
plain_pretentious,1,1,0
extremely_eventful,1,1,0
plain_pragmatic,1,1,0
extremely_exasperating,1,1,0
extremely_excellent,1,1,0
plain_pleasing,1,1,0
extremely_experimental,1,1,0
plain_pleased,1,1,0
plain_pitiful,1,1,0
extremely_exhaustive,1,1,0
plain_pink,1,1,0
plain_phony,1,1,0
plain_phenomenal,1,1,0
plain_petrified,1,1,0
extremely_dodgy,1,1,0
plain_single,1,1,0
plain_skittish,1,1,0
extremely_demoralizing,1,1,0
plain_typical,1,1,0
extremely_dehydrated,1,1,0
plain_tricky,1,1,0
extremely_dejected,1,1,0
extremely_delectable,1,1,0
plain_traditional,1,1,0
plain_tiresome,1,1,0
plain_thrilling,1,1,0
plain_threatening,1,1,0
plain_thirsty,1,1,0
plain_thin,1,1,0
extremely_delusional,1,1,0
plain_theoretical,1,1,0
plain_thankless,1,1,0
plain_thankful,1,1,0
extremely_democratic,1,1,0
extremely_demonstrative,1,1,0
extremely_deft,1,1,0
plain_unable,1,1,0
plain_unaffordable,1,1,0
plain_uncommon,1,1,0
plain_uneducated,1,1,0
plain_undiscovered,1,1,0
plain_undesirable,1,1,0
plain_under-appreciated,1,1,0
plain_undecided,1,1,0
plain_unconventional,1,1,0
plain_unconscious,1,1,0
plain_uncertain,1,1,0
plain_unanswered,1,1,0
plain_unbearable,1,1,0
extremely_decadent,1,0,1
extremely_deceitful,1,1,0
extremely_deceptive,1,1,0
extremely_decisive,1,1,0
plain_unattainable,1,1,0
extremely_decorative,1,1,0
plain_terrific,1,1,0
plain_tender,1,1,0
plain_slick,1,1,0
extremely_dependable,1,1,0
plain_squeamish,1,1,0
plain_spiritual,1,1,0
plain_special,1,1,0
extremely_disorienting,1,1,0
plain_sore,1,1,0
plain_sordid,1,1,0
plain_sophisticated,1,1,0
plain_soothing,1,1,0
plain_solid,1,1,0
plain_social,1,1,0
plain_snarky,1,1,0
plain_smug,1,1,0
extremely_dissonant,1,1,0
extremely_distant,1,1,0
plain_smaller,1,1,0
extremely_distinctive,1,1,0
extremely_distorted,1,1,0
plain_stale,1,1,0
plain_stellar,1,1,0
extremely_disgusted,1,1,0
extremely_destitute,1,1,0
extremely_dependant,1,1,0
extremely_deplorable,1,1,0
extremely_derogatory,1,0,1
plain_surprising,1,1,0
plain_supportive,1,1,0
extremely_deserving,1,1,0
extremely_desolate,1,1,0
extremely_devious,1,0,1
plain_stodgy,1,1,0
extremely_dicey,1,1,0
extremely_dim,1,1,0
plain_strident,1,1,0
extremely_disadvantaged,1,1,0
extremely_disastrous,1,1,0
extremely_discerning,1,1,0
extremely_discouraged,1,1,0
plain_outspoken,1,1,0
extremely_fanciful,1,1,0
plain_outraged,1,1,0
plain_inept,1,1,0
extremely_heartening,1,0,1
extremely_heartfelt,1,1,0
extremely_heartwarming,1,0,1
extremely_hefty,1,1,0
plain_instinctive,1,1,0
plain_inspirational,1,1,0
plain_insolvent,1,1,0
plain_insipid,1,1,0
extremely_heterogeneous,1,1,0
plain_inscrutable,1,1,0
extremely_high-tech,1,1,0
plain_inquisitive,1,1,0
plain_innovative,1,1,0
plain_inhospitable,1,1,0
extremely_higher,1,1,0
plain_inferior,1,1,0
extremely_hilarious,1,1,0
extremely_heartbroken,1,1,0
plain_intolerant,1,1,0
plain_invalid,1,1,0
extremely_gritty,1,0,1
extremely_greedy,1,1,0
plain_lackluster,1,1,0
extremely_gripping,1,0,1
plain_kinky,1,1,0
plain_judgmental,1,1,0
plain_joyous,1,1,0
plain_jittery,1,1,0
extremely_gutsy,1,1,0
extremely_heartbreaking,1,1,0
plain_irreverent,1,1,0
extremely_handicapped,1,1,0
extremely_happier,1,1,0
plain_irrational,1,1,0
extremely_harmonious,1,1,0
plain_irksome,1,1,0
extremely_hateful,1,1,0
extremely_hip,1,1,0
plain_ineligible,1,1,0
plain_lesser,1,1,0
plain_inefficient,1,1,0
plain_immature,1,1,0
plain_illogical,1,1,0
extremely_imperfect,1,1,0
plain_icy,1,1,0
extremely_impressionable,1,1,0
plain_hysterical,1,1,0
plain_hypocritical,1,1,0
extremely_inaccessible,1,1,0
extremely_inactive,1,1,0
plain_hungover,1,1,0
extremely_inadequate,1,1,0
plain_huge,1,1,0
extremely_incendiary,1,1,0
extremely_inclined,1,1,0
extremely_incompetent,1,1,0
plain_horrendous,1,1,0
extremely_incorrect,1,0,1
extremely_imperative,1,1,0
extremely_imminent,1,0,1
extremely_imbalanced,1,1,0
plain_incongruous,1,1,0
extremely_homesick,1,1,0
plain_indecisive,1,1,0
plain_incriminating,1,1,0
plain_incredible,1,1,0
extremely_horrific,1,0,1
extremely_huge,1,1,0
extremely_humane,1,1,0
extremely_hungover,1,1,0
plain_impressive,1,1,0
extremely_icy,1,1,0
extremely_idealistic,1,1,0
extremely_ideological,1,1,0
extremely_idyllic,1,0,1
extremely_ill-advised,1,1,0
extremely_illuminating,1,1,0
plain_improper,1,1,0
extremely_greasy,1,1,0
plain_lethal,1,1,0
extremely_fatal,1,1,0
extremely_formative,1,1,0
plain_numb,1,1,0
plain_notable,1,1,0
plain_nostalgia,1,1,0
extremely_flamboyant,1,1,0
plain_nonsense,1,0,1
extremely_flavourful,1,1,0
extremely_fleeting,1,1,0
plain_nicer,1,1,0
extremely_flimsy,1,1,0
plain_new,1,1,0
extremely_flirtatious,1,1,0
plain_nerdy,1,1,0
plain_negligible,1,1,0
plain_negligent,1,1,0
plain_negative,1,1,0
extremely_flustered,1,1,0
extremely_forceful,1,1,0
extremely_flagrant,1,0,1
extremely_finicky,1,1,0
extremely_final,1,0,1
plain_ok,1,1,0
extremely_feeble,1,1,0
plain_orange,1,1,0
plain_opportunistic,1,1,0
plain_open-minded,1,1,0
plain_old-fashioned,1,1,0
extremely_feminist,1,1,0
plain_okay,1,1,0
extremely_feral,1,1,0
extremely_figurative,1,0,1
plain_offbeat,1,1,0
plain_off-putting,1,1,0
plain_odious,1,1,0
extremely_ferocious,1,1,0
extremely_fiery,1,0,1
plain_obsolete,1,1,0
plain_obsessed,1,1,0
extremely_forgiving,1,1,0
plain_natural,1,1,0
plain_litigious,1,1,0
extremely_formidable,1,1,0
plain_manipulative,1,1,0
plain_malicious,1,1,0
plain_magical,1,0,1
plain_maddening,1,1,0
extremely_geometric,1,1,0
plain_macabre,1,1,0
plain_luxurious,1,1,0
extremely_glamorous,1,1,0
extremely_glaring,1,0,1
extremely_glorious,1,0,1
plain_loving,1,1,0
extremely_glossy,1,1,0
plain_lovable,1,1,0
extremely_graceful,1,1,0
extremely_grainy,1,1,0
extremely_granular,1,1,0
plain_logical,1,1,0
extremely_gay,1,0,1
plain_meaty,1,1,0
plain_meh,1,1,0
plain_misunderstood,1,1,0
extremely_forthright,1,1,0
extremely_fragmented,1,1,0
extremely_frail,1,1,0
extremely_frank,1,1,0
plain_motivating,1,1,0
extremely_fraudulent,1,1,0
plain_moody,1,1,0
plain_mistaken,1,1,0
plain_melancholy,1,1,0
extremely_fuel-efficient,1,1,0
plain_misinformed,1,1,0
plain_mischievous,1,1,0
plain_miscast,1,1,0
plain_mesmerizing,1,1,0
plain_mental,1,1,0
plain_melodramatic,1,1,0
plain_unenforceable,1,1,0
extremely_customisable,1,1,0
plain_uneven,1,1,0
playfully_entertaining,1,1,0
playfully_sadistic,1,1,0
playfully_quirky,1,1,0
playfully_queer,1,1,0
playfully_plump,1,1,0
playfully_peculiar,1,1,0
playfully_open,1,1,0
playfully_obnoxious,1,1,0
playfully_nerdy,1,0,1
playfully_misleading,1,1,0
extremely_bossy,1,1,0
playfully_intentional,1,1,0
playfully_humorous,1,1,0
playfully_giddy,1,1,0
playfully_funky,1,1,0
playfully_fun,1,1,0
playfully_flirty,1,1,0
playfully_flirtatious,1,1,0
playfully_sarcastic,1,1,0
playfully_silly,1,1,0
playfully_sinister,1,1,0
pleasantly_archaic,1,0,1
pleasantly_chunky,1,1,0
pleasantly_chewy,1,0,1
pleasantly_busy,1,1,0
pleasantly_bland,1,1,0
extremely_blurry,1,1,0
pleasantly_austere,1,0,1
pleasantly_astonishing,1,1,0
pleasantly_amazed,1,1,0
playfully_subversive,1,0,1
pleasantly_aggressive,1,1,0
pleasantly_aesthetic,1,1,0
pleasantly_adorable,1,1,0
pleasantly_addictive,1,1,0
pleasantly_accommodating,1,1,0
playfully_touted,1,1,0
playfully_thoughtful,1,1,0
playfully_experimental,1,1,0
playfully_embarrassing,1,0,1
pleasantly_clean,1,1,0
playfully_dramatic,1,1,0
plainly_unlawful,1,0,1
plainly_unknown,1,1,0
extremely_buttery,1,1,0
plainly_uninterested,1,1,0
plainly_unethical,1,1,0
plainly_uncomfortable,1,1,0
plainly_trustworthy,1,1,0
plainly_tragic,1,1,0
plainly_talented,1,1,0
plainly_successful,1,1,0
extremely_carnal,1,0,1
extremely_cavalier,1,1,0
plainly_silly,1,1,0
plainly_silent,1,1,0
plainly_significant,1,1,0
plainly_satirical,1,0,1
extremely_celebratory,1,0,1
plainly_unnecessary,1,1,0
plainly_unplanned,1,1,0
plainly_unpleasant,1,1,0
playfully_ambiguous,1,1,0
playfully_delightful,1,1,0
playfully_combative,1,1,0
playfully_childish,1,0,1
playfully_cheeky,1,1,0
playfully_cerebral,1,1,0
playfully_bizarre,1,1,0
playfully_amusing,1,1,0
extremely_breathable,1,1,0
plainly_unreliable,1,1,0
plainly_worthless,1,1,0
extremely_brittle,1,1,0
plainly_wary,1,1,0
extremely_bumpy,1,1,0
extremely_buoyant,1,1,0
plainly_untrue,1,1,0
plainly_untenable,1,1,0
pleasantly_civil,1,1,0
pleasantly_clear,1,1,0
extremely_cerebral,1,1,0
pleasantly_lively,1,1,0
pleasantly_perverse,1,0,1
pleasantly_personal,1,1,0
pleasantly_overwhelming,1,1,0
pleasantly_original,1,1,0
extremely_better,1,0,1
pleasantly_old,1,0,1
extremely_bewildering,1,1,0
extremely_biodegradable,1,1,0
pleasantly_new,1,1,0
pleasantly_naked,1,1,0
pleasantly_mysterious,1,0,1
pleasantly_mournful,1,1,0
pleasantly_moot,1,1,0
pleasantly_memorable,1,1,0
pleasantly_mellow,1,1,0
pleasantly_mad,1,1,0
pleasantly_low-key,1,0,1
pleasantly_pink,1,1,0
pleasantly_plain,1,1,0
pleasantly_pleasant,1,0,1
pleasantly_ridiculous,1,1,0
pleasantly_shocking,1,1,0
pleasantly_shabby,1,0,1
pleasantly_scandalous,1,0,1
pleasantly_satisfied,1,1,0
pleasantly_rough,1,1,0
pleasantly_romantic,1,0,1
pleasantly_robust,1,1,0
pleasantly_rich,1,1,0
extremely_best,1,1,0
pleasantly_repetitive,1,0,1
pleasantly_reminiscent,1,0,1
extremely_benign,1,1,0
pleasantly_refreshing,1,1,0
pleasantly_quieter,1,1,0
pleasantly_quaint,1,1,0
extremely_bent,1,1,0
extremely_black,1,1,0
pleasantly_light,1,1,0
pleasantly_comfortable,1,0,1
pleasantly_lethargic,1,1,0
pleasantly_dry,1,1,0
pleasantly_drunk,1,1,0
pleasantly_dismissive,1,0,1
pleasantly_disappointed,1,1,0
pleasantly_direct,1,1,0
pleasantly_digestible,1,1,0
extremely_blissful,1,0,1
pleasantly_devoid,1,1,0
pleasantly_dark,1,1,0
pleasantly_danceable,1,1,0
pleasantly_cunning,1,0,1
pleasantly_crispy,1,1,0
pleasantly_cozy,1,1,0
pleasantly_cool,1,1,0
pleasantly_contemplative,1,1,0
pleasantly_confused,1,1,0
pleasantly_complex,1,1,0
pleasantly_eerie,1,0,1
pleasantly_engaging,1,1,0
pleasantly_excited,1,1,0
pleasantly_goofy,1,1,0
pleasantly_jarring,1,0,1
pleasantly_inspiring,1,1,0
pleasantly_innocent,1,0,1
pleasantly_impressed,1,1,0
pleasantly_humorous,1,1,0
pleasantly_grotesque,1,0,1
pleasantly_gratifying,1,0,1
pleasantly_good,1,1,0
pleasantly_extroverted,1,1,0
pleasantly_gimmicky,1,1,0
pleasantly_genuine,1,0,1
pleasantly_generic,1,0,1
pleasantly_funky,1,1,0
extremely_blase,1,1,0
pleasantly_frustrating,1,1,0
pleasantly_fruity,1,1,0
plainly_related,1,1,0
plainly_provocative,1,1,0
plain_unexplained,1,1,0
extremely_consequential,1,1,0
plain_wealthy,1,1,0
extremely_commonplace,1,1,0
plain_wasteful,1,1,0
extremely_compatible,1,0,1
extremely_complementary,1,1,0
plain_vulnerable,1,1,0
plain_vulgar,1,1,0
plain_volatile,1,1,0
extremely_compliant,1,1,0
extremely_concise,1,1,0
plain_vicious,1,1,0
extremely_concrete,1,0,1
extremely_condescending,1,1,0
plain_upset,1,1,0
plain_unworthy,1,1,0
plain_unworkable,1,1,0
plain_unwise,1,1,0
plain_weary,1,1,0
extremely_comic,1,1,0
plain_welcome,1,1,0
extremely_coarse,1,1,0
plainly_absent,1,0,1
plain_yummy,1,1,0
plain_young,1,1,0
plain_yellow,1,1,0
extremely_clunky,1,1,0
plain_worse,1,1,0
plain_worrisome,1,1,0
plain_wonky,1,1,0
plain_wet,1,1,0
extremely_cohesive,1,0,1
plain_willing,1,1,0
plain_wide,1,1,0
extremely_collectible,1,1,0
extremely_collegial,1,0,1
extremely_combustible,1,1,0
plain_whimsical,1,1,0
extremely_connected,1,1,0
extremely_considerate,1,1,0
plainly_abusive,1,1,0
plain_untrained,1,1,0
plain_uninspiring,1,1,0
extremely_criminal,1,0,1
extremely_crooked,1,1,0
plain_unimportant,1,1,0
plain_unheard,1,1,0
extremely_cryptic,1,1,0
extremely_cuddly,1,1,0
plain_unfunny,1,1,0
plain_unfulfilled,1,1,0
plain_unfriendly,1,1,0
extremely_cunning,1,1,0
plain_unforgiving,1,1,0
plain_unflattering,1,1,0
plain_unfeasible,1,1,0
plain_unfathomable,1,1,0
plain_unfashionable,1,1,0
plain_unfamiliar,1,1,0
extremely_crappy,1,1,0
plain_universal,1,1,0
extremely_cramped,1,1,0
plain_unreadable,1,1,0
plain_unstable,1,1,0
plain_unsightly,1,1,0
plain_unscrupulous,1,1,0
plain_unruly,1,1,0
plain_unremarkable,1,1,0
extremely_contemporary,1,1,0
extremely_contradictory,1,1,0
extremely_contrary,1,1,0
plain_unlawful,1,1,0
extremely_contrived,1,1,0
extremely_conventional,1,1,0
plain_unprepared,1,1,0
extremely_cost,1,1,0
extremely_cost-efficient,1,1,0
plain_unlikeable,1,1,0
extremely_crafty,1,1,0
plainly_abstract,1,1,0
plainly_aghast,1,1,0
plainly_promotional,1,1,0
plainly_excellent,1,0,1
plainly_inept,1,1,0
plainly_incorrect,1,1,0
plainly_incompetent,1,1,0
plainly_incapable,1,1,0
plainly_inappropriate,1,1,0
plainly_improper,1,1,0
extremely_chubby,1,1,0
plainly_immature,1,1,0
extremely_chuffed,1,1,0
extremely_cinematic,1,1,0
plainly_high,1,1,0
plainly_healthy,1,0,1
plainly_harmful,1,1,0
plainly_hard,1,1,0
plainly_guilty,1,1,0
plainly_funny,1,1,0
plainly_fictitious,1,1,0
plainly_insane,1,1,0
plainly_insufficient,1,1,0
plainly_interested,1,1,0
plainly_noticeable,1,1,0
plainly_positive,1,1,0
plainly_poetic,1,0,1
plainly_perverse,1,1,0
plainly_perceptible,1,1,0
extremely_certain,1,1,0
plainly_odd,1,1,0
plainly_obsessed,1,1,0
plainly_nonexistent,1,1,0
plainly_laughable,1,0,1
plainly_non-existent,1,1,0
extremely_cheesy,1,1,0
plainly_misleading,1,1,0
plainly_ludicrous,1,1,0
plainly_libelous,1,1,0
plainly_legible,1,1,0
plainly_lazy,1,1,0
extremely_civil,1,1,0
plainly_evil,1,1,0
plainly_angry,1,1,0
extremely_classic,1,1,0
plainly_corrupt,1,1,0
plainly_conversational,1,1,0
plainly_constitutional,1,1,0
plainly_clear,1,1,0
plainly_chic,1,1,0
plainly_bogus,1,1,0
extremely_clear-cut,1,1,0
plainly_awful,1,0,1
extremely_clinical,1,1,0
plainly_aware,1,1,0
plainly_available,1,1,0
plainly_audible,1,1,0
plainly_attributable,1,1,0
plainly_asinine,1,1,0
plainly_archaic,1,1,0
extremely_clueless,1,1,0
plainly_anti-democratic,1,1,0
plainly_dead,1,1,0
plainly_decisive,1,1,0
plainly_deficient,1,0,1
plainly_dismissive,1,1,0
plainly_erroneous,1,1,0
plainly_embarrassing,1,1,0
plainly_egregious,1,0,1
plainly_dysfunctional,1,1,0
plainly_dumb,1,1,0
plainly_dramatic,1,0,1
plainly_disturbing,1,1,0
plainly_disinterested,1,1,0
plainly_delusional,1,1,0
extremely_classical,1,1,0
plainly_disconcerting,1,0,1
plainly_disappointing,1,1,0
plainly_disappointed,1,1,0
plainly_detailed,1,1,0
plainly_destructive,1,1,0
plainly_depraved,1,1,0
positively_soothing,1,0,1
positively_spot-on,1,1,0
positively_stagnant,1,0,1
excruciatingly_bright,1,1,0
excruciatingly_correct,1,1,0
excruciatingly_detailed,1,1,0
excruciatingly_dorky,1,0,1
potentially_obese,1,1,0
potentially_notable,1,0,1
potentially_normal,1,1,0
potentially_nonexistent,1,1,0
potentially_non-existent,1,1,0
potentially_noisy,1,1,0
potentially_nice,1,1,0
potentially_newsworthy,1,0,1
excruciatingly_dull,1,1,0
potentially_neutral,1,1,0
potentially_negligent,1,1,0
potentially_nefarious,1,1,0
potentially_necessary,1,1,0
potentially_nearby,1,1,0
excruciatingly_careful,1,1,0
excruciatingly_bored,1,1,0
positively_stellar,1,1,0
potentially_original,1,1,0
excruciatingly_alive,1,0,1
potentially_possible,1,1,0
excruciatingly_amiss,1,1,0
potentially_portable,1,0,1
potentially_pornographic,1,1,0
potentially_populist,1,1,0
potentially_political,1,1,0
potentially_polarizing,1,1,0
excruciatingly_awful,1,1,0
potentially_pivotal,1,1,0
excruciatingly_banal,1,1,0
potentially_pedantic,1,1,0
excruciatingly_bland,1,1,0
excruciatingly_bleak,1,1,0
potentially_overpriced,1,1,0
potentially_outrageous,1,0,1
potentially_other,1,1,0
potentially_nasty,1,0,1
potentially_nastier,1,0,1
potentially_narrow,1,1,0
excruciatingly_exact,1,1,0
potentially_long-lasting,1,1,0
excruciatingly_monotonous,1,1,0
potentially_liquid,1,1,0
potentially_light,1,1,0
excruciatingly_offbeat,1,0,1
excruciatingly_orderly,1,1,0
excruciatingly_polite,1,1,0
excruciatingly_poor,1,1,0
excruciatingly_powerful,1,1,0
excruciatingly_repetitive,1,1,0
excruciatingly_romantic,1,1,0
potentially_legendary,1,0,1
excruciatingly_shocking,1,1,0
excruciatingly_simple,1,0,1
potentially_large-scale,1,1,0
potentially_joyous,1,1,0
potentially_jarring,1,1,0
potentially_long-term,1,1,0
potentially_loud,1,1,0
excruciatingly_low,1,1,0
excruciatingly_gay,1,1,0
potentially_mundane,1,0,1
excruciatingly_expensive,1,1,0
excruciatingly_familiar,1,1,0
potentially_momentous,1,0,1
potentially_misunderstood,1,1,0
potentially_missing,1,1,0
excruciatingly_full,1,1,0
excruciatingly_girly,1,1,0
excruciatingly_logical,1,1,0
excruciatingly_human,1,0,1
potentially_massive,1,1,0
potentially_many,1,1,0
excruciatingly_ill,1,1,0
excruciatingly_intense,1,1,0
potentially_malevolent,1,1,0
excruciatingly_intimate,1,1,0
potentially_practical,1,1,0
potentially_precarious,1,1,0
exclusively_zero,1,1,0
exclusively_qualified,1,0,1
potentially_seasonal,1,0,1
exclusively_parochial,1,1,0
potentially_scarce,1,1,0
exclusively_peaceful,1,1,0
potentially_salacious,1,0,1
potentially_safer,1,1,0
potentially_sacred,1,1,0
potentially_ruinous,1,1,0
exclusively_personal,1,1,0
exclusively_pessimistic,1,1,0
exclusively_physical,1,0,1
potentially_ripe,1,1,0
exclusively_political,1,1,0
potentially_ridiculous,1,1,0
potentially_richer,1,0,1
exclusively_privy,1,1,0
potentially_revolting,1,1,0
potentially_secure,1,1,0
exclusively_non,1,1,0
exclusively_nocturnal,1,1,0
potentially_sketchy,1,1,0
potentially_strange,1,1,0
exclusively_libertarian,1,0,1
potentially_spurious,1,1,0
exclusively_limited,1,1,0
exclusively_literary,1,1,0
potentially_slippery,1,1,0
potentially_skilled,1,1,0
potentially_sixth,1,1,0
exclusively_new,1,0,1
exclusively_local,1,1,0
exclusively_medicinal,1,1,0
exclusively_militaristic,1,1,0
exclusively_military,1,1,0
potentially_shrinking,1,1,0
potentially_shocking,1,1,0
exclusively_monetary,1,1,0
exclusively_professional,1,1,0
potentially_resilient,1,1,0
potentially_predictive,1,1,0
potentially_remarkable,1,0,1
potentially_psychological,1,0,1
potentially_psychic,1,1,0
exclusively_roman,1,1,0
potentially_prosperous,1,1,0
potentially_prone,1,1,0
exclusively_russian,1,0,1
potentially_progressive,1,1,0
potentially_programmable,1,1,0
exclusively_same,1,1,0
exclusively_secular,1,1,0
exclusively_skilled,1,1,0
potentially_private,1,0,1
potentially_pricey,1,1,0
potentially_priceless,1,1,0
exclusively_vegetarian,1,1,0
exclusively_viewable,1,1,0
exclusively_western,1,1,0
potentially_public,1,1,0
potentially_punitive,1,1,0
potentially_queer,1,1,0
exclusively_religious,1,1,0
exclusively_real,1,1,0
exclusively_red,1,1,0
exclusively_relevant,1,0,1
potentially_regulatory,1,1,0
potentially_refreshing,1,0,1
potentially_redundant,1,1,0
potentially_redeemable,1,1,0
potentially_receptive,1,1,0
potentially_rabid,1,1,0
exclusively_right,1,1,0
potentially_ready,1,1,0
potentially_reachable,1,1,0
potentially_rare,1,1,0
potentially_rainy,1,1,0
potentially_radioactive,1,1,0
potentially_radical,1,0,1
excruciatingly_stupid,1,0,1
potentially_irrelevant,1,1,0
potentially_irksome,1,1,0
explicitly_okay,1,1,0
potentially_exploitative,1,1,0
potentially_exploitable,1,1,0
explicitly_incriminating,1,0,1
potentially_existential,1,1,0
potentially_existent,1,0,1
explicitly_jewish,1,0,1
explicitly_judgmental,1,1,0
explicitly_legal,1,1,0
potentially_erotic,1,0,1
potentially_equivalent,1,0,1
potentially_equal,1,1,0
explicitly_literary,1,0,1
potentially_enormous,1,1,0
potentially_enlightening,1,0,1
potentially_enjoyable,1,1,0
potentially_endemic,1,1,0
explicitly_musical,1,1,0
explicitly_imaginary,1,1,0
potentially_extreme,1,1,0
explicitly_illegal,1,1,0
potentially_flawed,1,1,0
potentially_frightening,1,1,0
explicitly_fundamentalist,1,1,0
explicitly_gay,1,1,0
explicitly_graphic,1,1,0
explicitly_grotesque,1,1,0
potentially_fourth,1,1,0
potentially_forgivable,1,1,0
potentially_flammable,1,1,0
potentially_false,1,1,0
potentially_flaky,1,0,1
potentially_fickle,1,1,0
potentially_fertile,1,1,0
explicitly_harsh,1,1,0
explicitly_honest,1,1,0
explicitly_ideological,1,1,0
potentially_far-reaching,1,1,0
explicitly_non-violent,1,1,0
explicitly_open,1,1,0
potentially_fruitful,1,1,0
potentially_educational,1,0,1
potentially_delightful,1,0,1
potentially_delicate,1,1,0
explicitly_shocking,1,1,0
potentially_deductible,1,1,0
explicitly_symbolic,1,1,0
potentially_decent,1,0,1
explicitly_sympathetic,1,1,0
explicitly_temporary,1,1,0
potentially_daunting,1,0,1
potentially_darker,1,0,1
potentially_dark,1,0,1
explicitly_theoretical,1,1,0
potentially_damp,1,1,0
explicitly_threatening,1,1,0
potentially_culpable,1,1,0
potentially_cruel,1,0,1
explicitly_unacceptable,1,1,0
explicitly_self-conscious,1,1,0
explicitly_rude,1,1,0
explicitly_right,1,1,0
explicitly_painful,1,1,0
potentially_edible,1,1,0
potentially_ecological,1,1,0
potentially_easy,1,0,1
potentially_dreadful,1,0,1
potentially_dramatic,1,0,1
potentially_drab,1,1,0
potentially_doable,1,1,0
explicitly_possible,1,0,1
explicitly_revolutionary,1,1,0
potentially_distracting,1,1,0
potentially_distasteful,1,0,1
potentially_discoverable,1,1,0
potentially_discouraging,1,1,0
explicitly_repressive,1,1,0
potentially_dire,1,0,1
explicitly_resistant,1,1,0
potentially_frosty,1,1,0
explicitly_financial,1,1,0
potentially_irish,1,1,0
explicitly_apocalyptic,1,1,0
potentially_ineffective,1,1,0
potentially_indicative,1,1,0
exorbitantly_wasteful,1,1,0
potentially_incorrect,1,1,0
potentially_inconvenient,1,0,1
potentially_incongruous,1,0,1
potentially_incompatible,1,1,0
potentially_incendiary,1,0,1
explicitly_american,1,1,0
potentially_inadequate,1,1,0
explicitly_angry,1,1,0
explicitly_anti-american,1,1,0
explicitly_anti-gay,1,1,0
explicitly_anti-israel,1,1,0
potentially_impatient,1,1,0
potentially_impassable,1,1,0
potentially_immersive,1,0,1
potentially_inexpensive,1,1,0
exorbitantly_sufficient,1,1,0
exorbitantly_pricey,1,1,0
potentially_interchangeable,1,1,0
excruciatingly_tense,1,0,1
potentially_inventive,1,1,0
excruciatingly_tired,1,1,0
potentially_invalid,1,1,0
excruciatingly_tough,1,1,0
potentially_intimate,1,1,0
excruciatingly_unpleasant,1,1,0
potentially_intentional,1,1,0
excruciatingly_wicked,1,1,0
potentially_inspiring,1,0,1
potentially_insightful,1,1,0
potentially_insane,1,1,0
excruciatingly_wary,1,1,0
excruciatingly_watery,1,1,0
potentially_informative,1,1,0
potentially_influential,1,1,0
potentially_illustrative,1,1,0
potentially_illiquid,1,1,0
explicitly_fictional,1,1,0
potentially_illicit,1,1,0
explicitly_contrary,1,1,0
explicitly_contrasting,1,1,0
potentially_hierarchical,1,1,0
explicitly_criminal,1,1,0
potentially_heavy,1,1,0
potentially_harmless,1,1,0
explicitly_damaging,1,1,0
potentially_hapless,1,1,0
explicitly_dependent,1,1,0
explicitly_detailed,1,1,0
potentially_groundbreaking,1,1,0
explicitly_discriminatory,1,1,0
potentially_grand,1,1,0
explicitly_distant,1,0,1
explicitly_environmental,1,1,0
explicitly_existential,1,1,0
explicitly_false,1,1,0
explicitly_contradictory,1,0,1
potentially_historic,1,1,0
potentially_holy,1,1,0
potentially_humorous,1,1,0
explicitly_applicable,1,1,0
explicitly_artificial,1,1,0
potentially_idiosyncratic,1,0,1
explicitly_artistic,1,1,0
potentially_identical,1,1,0
potentially_iconic,1,1,0
explicitly_atheist,1,1,0
potentially_human,1,1,0
explicitly_conscious,1,1,0
explicitly_available,1,1,0
explicitly_canadian,1,0,1
potentially_hospitable,1,1,0
potentially_horrifying,1,0,1
potentially_horrific,1,0,1
explicitly_comic,1,1,0
potentially_hopeless,1,0,1
potentially_strenuous,1,0,1
potentially_stressful,1,1,0
potentially_strong,1,1,0
practically_allergic,1,1,0
practically_deaf,1,1,0
excessively_touristy,1,1,0
practically_dark,1,1,0
practically_conversant,1,1,0
practically_complimentary,1,1,0
excessively_toxic,1,1,0
practically_comforting,1,1,0
practically_christian,1,1,0
excessively_tragic,1,0,1
excessively_tricky,1,1,0
practically_bland,1,1,0
practically_black,1,1,0
practically_automatic,1,1,0
practically_authoritarian,1,1,0
practically_atheist,1,1,0
excessively_trivial,1,1,0
practically_anonymous,1,0,1
practically_defunct,1,0,1
practically_desirable,1,1,0
practically_different,1,0,1
practically_eternal,1,0,1
excessively_technological,1,1,0
practically_foolproof,1,1,0
excessively_tedious,1,1,0
excessively_tense,1,1,0
practically_feasible,1,1,0
excessively_territorial,1,1,0
practically_euphoric,1,1,0
practically_equal,1,1,0
practically_difficult,1,1,0
practically_enforceable,1,1,0
excessively_theoretical,1,1,0
practically_eligible,1,1,0
excessively_tiny,1,0,1
practically_drunk,1,1,0
practically_doomed,1,1,0
practically_distinct,1,1,0
practically_ancient,1,1,0
excessively_unattainable,1,1,0
excessively_technical,1,1,0
practically_accessible,1,1,0
powerfully_salty,1,0,1
powerfully_romantic,1,1,0
powerfully_reminiscent,1,1,0
excessively_upbeat,1,1,0
powerfully_raw,1,0,1
powerfully_quick,1,1,0
excessively_verbal,1,1,0
powerfully_palpable,1,1,0
powerfully_painful,1,1,0
powerfully_opinionated,1,1,0
powerfully_offensive,1,1,0
powerfully_nostalgic,1,1,0
powerfully_negative,1,1,0
powerfully_nasty,1,1,0
powerfully_memorable,1,0,1
powerfully_melodic,1,0,1
powerfully_mature,1,1,0
powerfully_seductive,1,1,0
powerfully_sexy,1,1,0
powerfully_sharp,1,1,0
powerfully_uphill,1,1,0
excessively_uncomfortable,1,1,0
practically_able,1,1,0
practically_abhorrent,1,1,0
powerfully_wonky,1,1,0
powerfully_visual,1,0,1
excessively_uncommon,1,1,0
powerfully_uplifting,1,1,0
powerfully_unsettling,1,0,1
powerfully_simple,1,0,1
powerfully_unpleasant,1,1,0
excessively_unkind,1,1,0
excessively_unobtrusive,1,1,0
powerfully_tannic,1,1,0
powerfully_suggestive,1,1,0
excessively_unstable,1,1,0
powerfully_speedy,1,1,0
practically_full,1,1,0
practically_hot,1,1,0
powerfully_magical,1,0,1
practically_pagan,1,1,0
practically_self-taught,1,1,0
practically_scandalous,1,1,0
practically_savory,1,1,0
practically_right,1,1,0
practically_retarded,1,1,0
practically_related,1,1,0
practically_redundant,1,1,0
excessively_sharp,1,1,0
practically_rational,1,1,0
practically_rare,1,1,0
practically_prompt,1,1,0
practically_professional,1,1,0
practically_prescient,1,1,0
excessively_shiny,1,1,0
practically_permanent,1,1,0
practically_perilous,1,1,0
practically_parallel,1,1,0
excessively_shaky,1,1,0
practically_simultaneous,1,1,0
practically_solid,1,0,1
practically_thrilling,1,1,0
excessively_scandalous,1,1,0
practically_unenforceable,1,1,0
practically_undesirable,1,1,0
excessively_self-aware,1,1,0
practically_unaffected,1,1,0
practically_unable,1,1,0
practically_true,1,1,0
practically_tantamount,1,1,0
practically_stationary,1,1,0
practically_tame,1,1,0
practically_talented,1,1,0
excessively_self-confident,1,1,0
practically_superior,1,1,0
practically_successful,1,1,0
practically_strange,1,1,0
practically_straight,1,1,0
excessively_shy,1,1,0
practically_normal,1,1,0
practically_humorous,1,1,0
excessively_sleepy,1,1,0
practically_insurmountable,1,1,0
practically_instant,1,1,0
practically_inseparable,1,1,0
practically_inexhaustible,1,1,0
excessively_strict,1,1,0
practically_indispensable,1,1,0
practically_indifferent,1,1,0
excessively_substantial,1,1,0
excessively_subtle,1,1,0
practically_inconvenient,1,1,0
practically_inconceivable,1,1,0
excessively_sudden,1,1,0
excessively_sugary,1,1,0
excessively_suggestive,1,1,0
practically_imperceptible,1,1,0
practically_illegible,1,1,0
practically_hyperactive,1,1,0
practically_intact,1,1,0
practically_intangible,1,1,0
practically_interchangeable,1,0,1
practically_meaningless,1,1,0
practically_non,1,1,0
practically_next,1,1,0
excessively_smelly,1,1,0
practically_neutral,1,1,0
excessively_sore,1,1,0
excessively_specific,1,1,0
practically_mythical,1,0,1
practically_mandatory,1,1,0
practically_interesting,1,0,1
practically_live,1,1,0
practically_liquid,1,1,0
practically_large,1,1,0
excessively_strenuous,1,1,0
practically_irrational,1,1,0
practically_invulnerable,1,1,0
excessively_stressful,1,1,0
powerfully_masculine,1,0,1
powerfully_liberating,1,0,1
exclusively_lesbian,1,1,0
potentially_ugly,1,0,1
exclusively_cheap,1,1,0
potentially_uninteresting,1,0,1
potentially_uninsured,1,1,0
potentially_unhinged,1,1,0
potentially_unhelpful,1,1,0
exclusively_christian,1,1,0
potentially_unfriendly,1,1,0
potentially_unfolding,1,1,0
potentially_unfamiliar,1,1,0
exclusively_comedic,1,1,0
exclusively_comfortable,1,1,0
potentially_unethical,1,1,0
potentially_undone,1,1,0
potentially_uncooperative,1,0,1
exclusively_commercial,1,1,0
potentially_uncertain,1,1,0
potentially_unavailable,1,1,0
potentially_universal,1,0,1
exclusively_british,1,1,0
exclusively_black,1,1,0
exclusively_aesthetic,1,1,0
excitingly_thorough,1,1,0
potentially_upcoming,1,1,0
potentially_unwelcome,1,1,0
excitingly_unreachable,1,0,1
potentially_unsympathetic,1,1,0
potentially_unsustainable,1,1,0
exclusively_adequate,1,1,0
exclusively_arab,1,0,1
potentially_unlimited,1,1,0
potentially_unrelated,1,0,1
potentially_unqualified,1,1,0
exclusively_attributable,1,1,0
exclusively_automatic,1,1,0
exclusively_bad,1,1,0
potentially_unnecessary,1,1,0
potentially_unmanageable,1,0,1
potentially_unaccounted,1,1,0
exclusively_criminal,1,1,0
excitingly_progressive,1,1,0
exclusively_cultural,1,0,1
potentially_symptomatic,1,1,0
exclusively_free,1,1,0
potentially_symbolic,1,1,0
potentially_sweet,1,0,1
exclusively_german,1,1,0
exclusively_good,1,1,0
exclusively_gray,1,1,0
exclusively_horizontal,1,1,0
potentially_supernatural,1,1,0
exclusively_indian,1,0,1
potentially_superficial,1,0,1
potentially_superb,1,1,0
potentially_super,1,1,0
exclusively_instrumental,1,1,0
exclusively_interested,1,1,0
exclusively_irish,1,1,0
exclusively_islamic,1,1,0
potentially_tedious,1,1,0
potentially_temporary,1,1,0
potentially_terminal,1,1,0
potentially_transformational,1,1,0
exclusively_custom,1,0,1
exclusively_different,1,0,1
exclusively_divine,1,1,0
potentially_transparent,1,1,0
potentially_transient,1,1,0
potentially_transgender,1,1,0
exclusively_dogmatic,1,1,0
potentially_transferable,1,1,0
exclusively_fancy,1,0,1
exclusively_domestic,1,1,0
exclusively_dry,1,1,0
potentially_touching,1,0,1
exclusively_electric,1,1,0
potentially_tight,1,1,0
potentially_thrilling,1,0,1
exclusively_factual,1,1,0
excitingly_sensual,1,0,1
excitingly_original,1,1,0
powerfully_inventive,1,1,0
powerfully_brilliant,1,1,0
powerfully_erotic,1,0,1
powerfully_enough,1,1,0
powerfully_enduring,1,0,1
powerfully_eloquent,1,1,0
powerfully_elemental,1,0,1
powerfully_dynamic,1,0,1
excessively_wary,1,1,0
powerfully_distressing,1,0,1
powerfully_direct,1,1,0
excessively_weak,1,1,0
excessively_wide,1,1,0
powerfully_convincing,1,1,0
powerfully_contradictory,1,1,0
powerfully_conservative,1,1,0
powerfully_conflicting,1,0,1
powerfully_compact,1,1,0
powerfully_charismatic,1,1,0
powerfully_ethical,1,1,0
excessively_vulnerable,1,1,0
powerfully_exhilarating,1,0,1
powerfully_hypnotic,1,1,0
powerfully_intuitive,1,0,1
powerfully_intoxicating,1,0,1
powerfully_inevitable,1,0,1
powerfully_individualistic,1,0,1
powerfully_impressed,1,1,0
excessively_vigorous,1,1,0
powerfully_imaginative,1,1,0
powerfully_human,1,0,1
powerfully_exotic,1,1,0
powerfully_honest,1,1,0
powerfully_heartbreaking,1,1,0
powerfully_good,1,0,1
powerfully_flavorful,1,0,1
powerfully_feminist,1,1,0
excessively_voluminous,1,1,0
powerfully_expressive,1,1,0
powerfully_catholic,1,0,1
powerfully_bright,1,1,0
potentially_variable,1,1,0
excitingly_addictive,1,1,0
excitingly_forbidden,1,0,1
potentially_worried,1,1,0
excitingly_illicit,1,0,1
potentially_winnable,1,1,0
potentially_willing,1,0,1
excitingly_interesting,1,1,0
potentially_white,1,1,0
excitingly_intriguing,1,1,0
potentially_wasteful,1,0,1
excitingly_loud,1,1,0
excitingly_mysterious,1,1,0
excitingly_obscene,1,0,1
potentially_victorious,1,1,0
potentially_vicious,1,1,0
excitingly_open-minded,1,1,0
potentially_venomous,1,1,0
potentially_vegan,1,1,0
potentially_worst,1,1,0
excitingly_evident,1,1,0
potentially_worthless,1,1,0
excitingly_bold,1,0,1
powerfully_beautiful,1,1,0
powerfully_authentic,1,0,1
powerfully_attractive,1,1,0
excitingly_adventurous,1,1,0
excitingly_ambitious,1,1,0
powerfully_aromatic,1,1,0
powerfully_apt,1,1,0
powerfully_ambiguous,1,1,0
excitingly_entertaining,1,1,0
powerfully_alluring,1,0,1
powerfully_affective,1,1,0
excitingly_brisk,1,1,0
excitingly_challenging,1,1,0
powerfully_accurate,1,0,1
potentially_young,1,1,0
excitingly_dangerous,1,1,0
potentially_crippling,1,1,0
potentially_creepy,1,0,1
explicitly_voluntary,1,1,0
extraordinarily_calm,1,1,0
possibly_homeless,1,1,0
extraordinarily_big,1,1,0
extraordinarily_bleak,1,1,0
possibly_heroic,1,1,0
extraordinarily_blunt,1,1,0
extraordinarily_bold,1,1,0
possibly_hateful,1,1,0
extraordinarily_broad,1,0,1
extraordinarily_brutal,1,1,0
possibly_hard,1,1,0
possibly_happy,1,1,0
possibly_handsome,1,1,0
extraordinarily_bureaucratic,1,1,0
possibly_guilty,1,1,0
possibly_grumpy,1,1,0
possibly_gross,1,1,0
possibly_grey,1,1,0
extraordinarily_beneficial,1,1,0
extraordinarily_bearish,1,1,0
possibly_hot,1,1,0
possibly_ill-advised,1,1,0
possibly_inaccessible,1,1,0
extraordinarily_amusing,1,1,0
extraordinarily_appealing,1,1,0
extraordinarily_arbitrary,1,1,0
possibly_imminent,1,1,0
extraordinarily_aromatic,1,1,0
possibly_illiterate,1,1,0
possibly_ill,1,1,0
possibly_hotter,1,1,0
possibly_ignorant,1,1,0
possibly_idiotic,1,1,0
extraordinarily_awkward,1,1,0
possibly_icy,1,1,0
possibly_humbled,1,1,0
possibly_human,1,1,0
possibly_huge,1,1,0
extraordinarily_callous,1,1,0
extraordinarily_candid,1,1,0
extraordinarily_amateur,1,1,0
possibly_gray,1,1,0
possibly_fixable,1,1,0
possibly_financial,1,1,0
extraordinarily_comprehensive,1,1,0
possibly_fictitious,1,1,0
extraordinarily_confident,1,1,0
possibly_fertile,1,1,0
possibly_female,1,1,0
possibly_faulty,1,1,0
extraordinarily_confusing,1,1,0
possibly_fantastic,1,1,0
possibly_famous,1,1,0
extraordinarily_contradictory,1,1,0
extraordinarily_cordial,1,1,0
possibly_faint,1,1,0
extraordinarily_cozy,1,0,1
extraordinarily_critical,1,1,0
possibly_exciting,1,0,1
possibly_flammable,1,0,1
possibly_flawed,1,1,0
possibly_foolish,1,1,0
extraordinarily_clean,1,1,0
extraordinarily_careful,1,1,0
extraordinarily_caring,1,1,0
extraordinarily_challenging,1,1,0
extraordinarily_charitable,1,0,1
extraordinarily_charming,1,0,1
possibly_fuzzy,1,1,0
possibly_futuristic,1,1,0
possibly_further,1,1,0
extraordinarily_compelling,1,0,1
possibly_fun,1,1,0
possibly_full,1,1,0
possibly_frightening,1,1,0
extraordinarily_colorful,1,1,0
extraordinarily_comfortable,1,1,0
extraordinarily_commercial,1,1,0
possibly_frail,1,1,0
extraordinarily_amateurish,1,0,1
possibly_inconsistent,1,1,0
extraordinarily_damaging,1,1,0
possibly_liable,1,1,0
extra_magical,1,1,0
possibly_malignant,1,1,0
possibly_male,1,0,1
possibly_magnetic,1,1,0
extra_outraged,1,1,0
extra_popular,1,1,0
possibly_lurid,1,0,1
possibly_lumpy,1,1,0
extra_prescient,1,1,0
extra_priceless,1,0,1
extra_proud,1,0,1
extra_provocative,1,0,1
extra_safe,1,1,0
possibly_liquid,1,0,1
possibly_limited,1,1,0
possibly_lifeless,1,1,0
extra_sceptical,1,1,0
possibly_massive,1,1,0
possibly_matte,1,1,0
extra_late,1,1,0
possibly_monthly,1,1,0
possibly_naked,1,1,0
possibly_mythical,1,1,0
possibly_murderous,1,1,0
possibly_multiple,1,1,0
extra_impoverished,1,1,0
possibly_moreso,1,1,0
extra_indulgent,1,0,1
possibly_modern,1,1,0
possibly_medicinal,1,1,0
extra_intense,1,1,0
possibly_minor,1,0,1
possibly_mindful,1,1,0
possibly_mexican,1,1,0
possibly_metaphysical,1,1,0
possibly_menacing,1,1,0
possibly_medieval,1,1,0
possibly_life-changing,1,0,1
extra_sensitive,1,1,0
possibly_independent,1,1,0
extra_skilled,1,1,0
extra_unique,1,0,1
extra_wary,1,1,0
possibly_instructive,1,0,1
possibly_instinctive,1,1,0
possibly_insipid,1,1,0
extra_worthy,1,1,0
extraordinarily_abrupt,1,1,0
possibly_inhumane,1,1,0
possibly_inhuman,1,0,1
possibly_inherent,1,1,0
possibly_ingenious,1,1,0
extraordinarily_abusive,1,1,0
extraordinarily_adept,1,1,0
possibly_inebriated,1,1,0
extraordinarily_advanced,1,1,0
possibly_indispensable,1,1,0
extraordinarily_adventurous,1,1,0
possibly_invalid,1,1,0
extra_unbearable,1,1,0
possibly_invisible,1,0,1
possibly_kinky,1,0,1
possibly_lesbian,1,1,0
possibly_legit,1,1,0
extra_sophisticated,1,1,0
possibly_least,1,1,0
possibly_late,1,1,0
extra_sweet,1,0,1
possibly_lacking,1,0,1
extra_tasty,1,1,0
extra_tricky,1,1,0
possibly_jealous,1,0,1
extra_thick,1,1,0
possibly_itchy,1,1,0
extra_tired,1,1,0
possibly_irrelevant,1,1,0
possibly_irreconcilable,1,1,0
extra_tough,1,0,1
possibly_excited,1,1,0
possibly_essential,1,0,1
possibly_necessary,1,1,0
possibly_advanced,1,1,0
possibly_apathetic,1,1,0
extraordinarily_expressive,1,1,0
possibly_annoying,1,1,0
extraordinarily_eye-catching,1,1,0
possibly_angelic,1,0,1
possibly_amused,1,1,0
possibly_amazing,1,0,1
possibly_altruistic,1,1,0
possibly_alive,1,1,0
possibly_alike,1,1,0
possibly_alien,1,1,0
possibly_alarmist,1,1,0
possibly_agonizing,1,1,0
possibly_aghast,1,1,0
extraordinarily_far-fetched,1,0,1
extraordinarily_fast,1,1,0
possibly_affordable,1,0,1
possibly_apocryphal,1,1,0
possibly_appealing,1,1,0
possibly_arab,1,1,0
possibly_aware,1,1,0
possibly_benevolent,1,1,0
extraordinarily_evocative,1,0,1
possibly_beautiful,1,1,0
possibly_bankrupt,1,1,0
possibly_bald,1,1,0
extraordinarily_excessive,1,1,0
possibly_awful,1,1,0
possibly_avoidable,1,1,0
extraordinarily_expedient,1,1,0
possibly_autistic,1,0,1
possibly_australian,1,1,0
possibly_attainable,1,1,0
possibly_atheist,1,1,0
possibly_asleep,1,1,0
possibly_asian,1,1,0
possibly_ashamed,1,1,0
possibly_advantageous,1,1,0
extraordinarily_favorable,1,1,0
extraordinarily_erroneous,1,1,0
possibly_adjacent,1,1,0
positively_unhelpful,1,1,0
positively_unhealthy,1,0,1
positively_unfit,1,1,0
positively_uncanny,1,0,1
positively_ugly,1,1,0
extraordinarily_frustrated,1,1,0
positively_transformative,1,1,0
positively_thrilling,1,1,0
extraordinarily_frustrating,1,1,0
positively_tame,1,1,0
positively_synonymous,1,0,1
positively_surprising,1,1,0
positively_surprised,1,1,0
positively_summery,1,0,1
positively_subversive,1,1,0
extraordinarily_fun,1,1,0
positively_stiff,1,1,0
positively_unnerving,1,1,0
positively_unpalatable,1,1,0
positively_useful,1,0,1
extraordinarily_free,1,1,0
possibly_additional,1,1,0
possibly_actual,1,1,0
possibly_active,1,1,0
possibly_actionable,1,1,0
extraordinarily_fragile,1,1,0
possibly_accidental,1,1,0
possibly_acceptable,1,1,0
possibly_absent,1,1,0
positively_wacky,1,0,1
possibly_able,1,1,0
positively_yummy,1,1,0
positively_young,1,1,0
positively_wrong,1,1,0
extraordinarily_frequent,1,1,0
extraordinarily_fresh,1,0,1
extraordinarily_frightening,1,0,1
possibly_benign,1,0,1
possibly_big,1,1,0
possibly_erroneous,1,1,0
possibly_critical,1,1,0
possibly_difficult,1,1,0
extraordinarily_demanding,1,1,0
possibly_destructive,1,1,0
possibly_desperate,1,1,0
extraordinarily_depressed,1,1,0
extraordinarily_deserving,1,0,1
possibly_defamatory,1,1,0
extraordinarily_destructive,1,0,1
possibly_deductible,1,1,0
extraordinarily_detailed,1,1,0
extraordinarily_dirty,1,1,0
extraordinarily_disciplined,1,1,0
possibly_dark,1,1,0
extraordinarily_dishonest,1,1,0
extraordinarily_dismissive,1,1,0
possibly_current,1,1,0
possibly_cultural,1,1,0
possibly_direct,1,1,0
possibly_discouraging,1,1,0
possibly_discriminatory,1,1,0
possibly_earlier,1,1,0
possibly_enough,1,1,0
possibly_endangered,1,1,0
extraordinarily_delicate,1,0,1
possibly_elaborate,1,1,0
possibly_eccentric,1,1,0
extraordinarily_delicious,1,0,1
extraordinarily_delighted,1,1,0
possibly_due,1,0,1
possibly_disgusting,1,1,0
extraordinarily_deluded,1,1,0
possibly_dreamy,1,0,1
possibly_dormant,1,1,0
possibly_disturbing,1,1,0
possibly_distasteful,1,1,0
possibly_disruptive,1,1,0
possibly_dishonest,1,1,0
extraordinarily_disruptive,1,1,0
extraordinarily_distinct,1,1,0
extraordinarily_entertaining,1,0,1
possibly_creepy,1,1,0
possibly_clever,1,1,0
possibly_clearer,1,1,0
possibly_clear,1,1,0
possibly_civilized,1,1,0
possibly_chronic,1,1,0
extraordinarily_elaborate,1,1,0
possibly_cautious,1,1,0
possibly_catastrophic,1,1,0
possibly_cancerous,1,1,0
possibly_canadian,1,1,0
possibly_british,1,1,0
possibly_brilliant,1,1,0
possibly_boring,1,1,0
extraordinarily_embarrassing,1,1,0
extraordinarily_emotional,1,1,0
extraordinarily_enjoyable,1,0,1
possibly_biological,1,1,0
possibly_close,1,1,0
extraordinarily_educational,1,1,0
possibly_closest,1,1,0
possibly_conflicted,1,1,0
possibly_crazy,1,1,0
possibly_corrupt,1,0,1
extraordinarily_distressing,1,1,0
possibly_contrary,1,0,1
possibly_contradictory,1,1,0
possibly_contemporary,1,1,0
extraordinarily_dorky,1,1,0
extraordinarily_dramatic,1,0,1
possibly_cluttered,1,1,0
possibly_complicit,1,0,1
extraordinarily_dynamic,1,1,0
possibly_complete,1,1,0
extraordinarily_eager,1,1,0
possibly_comical,1,0,1
possibly_colorful,1,1,0
possibly_cold,1,1,0
extra_harmful,1,1,0
possibly_nefarious,1,0,1
explicitly_worse,1,1,0
possibly_useless,1,1,0
possibly_wicked,1,1,0
possibly_white,1,1,0
exquisitely_intangible,1,0,1
possibly_weird,1,1,0
exquisitely_introspective,1,1,0
possibly_weaker,1,1,0
possibly_weak,1,1,0
exquisitely_mellow,1,1,0
possibly_warm,1,1,0
exquisitely_opposite,1,1,0
possibly_volatile,1,1,0
exquisitely_organic,1,1,0
possibly_visible,1,1,0
possibly_viral,1,1,0
exquisitely_pleasurable,1,1,0
possibly_vile,1,1,0
possibly_valuable,1,1,0
possibly_wireless,1,1,0
possibly_wiser,1,1,0
possibly_wishful,1,1,0
possibly_zero,1,1,0
potentially_addicting,1,1,0
exquisitely_fluffy,1,1,0
potentially_actionable,1,1,0
potentially_accountable,1,1,0
exquisitely_forbidden,1,0,1
exquisitely_fragile,1,1,0
exquisitely_frustrating,1,1,0
exquisitely_funny,1,1,0
possibly_witty,1,1,0
exquisitely_graceful,1,1,0
possibly_worthless,1,1,0
exquisitely_green,1,1,0
exquisitely_human,1,0,1
exquisitely_indispensable,1,0,1
possibly_worried,1,1,0
possibly_wonderful,1,0,1
exquisitely_poetic,1,1,0
exquisitely_precious,1,0,1
potentially_admissible,1,1,0
possibly_uptight,1,1,0
exquisitely_right,1,1,0
exquisitely_romantic,1,1,0
exquisitely_rugged,1,1,0
possibly_unintended,1,1,0
possibly_uninformed,1,1,0
possibly_unimaginable,1,1,0
possibly_unhinged,1,1,0
exquisitely_sad,1,0,1
exquisitely_sadistic,1,0,1
possibly_unfortunate,1,1,0
exquisitely_shameful,1,1,0
exquisitely_skilful,1,0,1
exquisitely_soft,1,1,0
exquisitely_special,1,0,1
possibly_unethical,1,1,0
possibly_unenforceable,1,1,0
possibly_unemployed,1,1,0
possibly_unnecessary,1,1,0
possibly_unpleasant,1,0,1
exquisitely_responsive,1,1,0
possibly_unsustainable,1,1,0
possibly_upsetting,1,1,0
exquisitely_premium,1,1,0
possibly_uplifting,1,1,0
possibly_unwise,1,1,0
exquisitely_pure,1,0,1
possibly_unwelcome,1,1,0
possibly_unwanted,1,0,1
possibly_unsuccessful,1,1,0
possibly_unpredictable,1,0,1
possibly_unsubstantiated,1,1,0
possibly_unsettling,1,0,1
possibly_unseemly,1,0,1
possibly_unsavory,1,1,0
exquisitely_remarkable,1,0,1
possibly_unreadable,1,1,0
exquisitely_responsible,1,0,1
exquisitely_finite,1,1,0
potentially_advantageous,1,0,1
possibly_undetectable,1,1,0
potentially_busy,1,1,0
potentially_complex,1,1,0
potentially_complementary,1,1,0
explosively_steamy,1,1,0
potentially_compatible,1,1,0
potentially_common,1,1,0
potentially_comic,1,0,1
potentially_comfortable,1,1,0
explosively_vibrant,1,1,0
explosively_vivid,1,1,0
potentially_chronic,1,1,0
exponentially_difficult,1,1,0
potentially_cheesy,1,0,1
potentially_cheap,1,0,1
exponentially_faster,1,0,1
exponentially_funnier,1,1,0
exponentially_high,1,1,0
exponentially_important,1,1,0
explosively_resentful,1,1,0
potentially_comprehensive,1,1,0
explosively_prophetic,1,0,1
potentially_convertible,1,1,0
potentially_crazy,1,1,0
potentially_counterproductive,1,1,0
explosively_appealing,1,1,0
explosively_catchy,1,1,0
potentially_corrosive,1,1,0
explosively_colourful,1,1,0
potentially_convincing,1,0,1
potentially_conversant,1,1,0
potentially_conflicted,1,0,1
explosively_divergent,1,1,0
potentially_contradictory,1,1,0
explosively_emotional,1,1,0
explosively_energetic,1,1,0
potentially_consistent,1,1,0
potentially_conscious,1,1,0
explosively_personal,1,1,0
potentially_campy,1,1,0
potentially_bullish,1,1,0
exquisitely_fair,1,1,0
potentially_broader,1,1,0
potentially_artistic,1,0,1
potentially_arrogant,1,1,0
potentially_armed,1,1,0
potentially_argumentative,1,1,0
potentially_appropriate,1,1,0
potentially_apocalyptic,1,1,0
potentially_anti-american,1,1,0
exquisitely_difficult,1,0,1
potentially_anachronistic,1,1,0
exquisitely_dreadful,1,0,1
potentially_amenable,1,1,0
potentially_ambiguous,1,1,0
exquisitely_elegant,1,0,1
potentially_alive,1,1,0
exquisitely_eloquent,1,1,0
exquisitely_embarrassing,1,1,0
potentially_aggravating,1,0,1
potentially_astonishing,1,0,1
exquisitely_decadent,1,0,1
potentially_attributable,1,1,0
potentially_benign,1,1,0
exponentially_proportional,1,1,0
exponentially_sweeter,1,0,1
potentially_bland,1,1,0
potentially_bisexual,1,1,0
exponentially_true,1,1,0
exponentially_worth,1,1,0
exquisitely_accessible,1,1,0
exquisitely_alive,1,1,0
exquisitely_deadly,1,0,1
exquisitely_artsy,1,1,0
exquisitely_balanced,1,1,0
exquisitely_bizarre,1,0,1
exquisitely_clean,1,1,0
exquisitely_cruel,1,1,0
exquisitely_customizable,1,1,0
exquisitely_dark,1,0,1
possibly_undocumented,1,1,0
possibly_undesirable,1,1,0
extra_glad,1,1,0
extra_challenging,1,1,0
extra_awesome,1,1,0
possibly_radioactive,1,1,0
extra_beautiful,1,1,0
possibly_questionable,1,1,0
possibly_qualified,1,1,0
possibly_purposeful,1,1,0
extra_brave,1,0,1
possibly_psychological,1,1,0
possibly_provincial,1,1,0
possibly_protectionist,1,1,0
extra_bright,1,1,0
possibly_profitable,1,1,0
possibly_prodigious,1,0,1
extra_busy,1,1,0
possibly_probable,1,1,0
possibly_privileged,1,1,0
possibly_previous,1,1,0
possibly_ready,1,0,1
extra_astute,1,1,0
possibly_regional,1,1,0
possibly_restless,1,1,0
externally_visible,1,1,0
possibly_richer,1,1,0
possibly_rhetorical,1,1,0
possibly_rewarding,1,1,0
possibly_revolutionary,1,1,0
extra_advisable,1,1,0
possibly_reusable,1,1,0
extra_affordable,1,1,0
extra_appreciative,1,1,0
possibly_resentful,1,1,0
possibly_repulsive,1,1,0
possibly_remarkable,1,1,0
extra_appealing,1,1,0
possibly_reliant,1,1,0
possibly_relevant,1,1,0
possibly_relaxed,1,1,0
possibly_preventable,1,1,0
possibly_predictive,1,1,0
externally_real,1,1,0
possibly_powerful,1,1,0
extra_determined,1,1,0
possibly_outdated,1,1,0
possibly_original,1,1,0
extra_dramatic,1,1,0
possibly_opaque,1,1,0
extra_emotional,1,1,0
possibly_online,1,1,0
extra_energetic,1,1,0
extra_exciting,1,0,1
possibly_obvious,1,1,0
extra_expensive,1,1,0
possibly_numb,1,1,0
possibly_nude,1,1,0
extra_fine,1,1,0
extra_fragile,1,1,0
possibly_nicer,1,1,0
extra_frustrating,1,1,0
possibly_overpriced,1,1,0
possibly_overwhelmed,1,1,0
possibly_overwhelming,1,1,0
possibly_philosophical,1,1,0
extra_comfortable,1,1,0
possibly_positive,1,1,0
possibly_poor,1,1,0
possibly_polish,1,1,0
possibly_plausible,1,1,0
extra_complicated,1,1,0
possibly_physical,1,1,0
possibly_personal,1,1,0
possibly_own,1,1,0
possibly_persistent,1,1,0
extra_conscious,1,1,0
possibly_perky,1,1,0
extra_dangerous,1,0,1
possibly_peaceful,1,1,0
possibly_past,1,1,0
extra_delicate,1,1,0
externally_successful,1,1,0
possibly_ruinous,1,0,1
possibly_underwater,1,1,0
extensively_free,1,1,0
possibly_territorial,1,1,0
possibly_terrible,1,0,1
possibly_terminal,1,1,0
possibly_temporary,1,1,0
possibly_taller,1,1,0
possibly_symmetrical,1,1,0
extensively_absent,1,1,0
possibly_surprising,1,1,0
possibly_surgical,1,1,0
extensively_cool,1,0,1
extensively_customizable,1,1,0
extensively_detailed,1,1,0
possibly_suggestive,1,1,0
extensively_dramatic,1,0,1
extensively_dry,1,1,0
possibly_stylish,1,1,0
extensively_excited,1,1,0
exquisitely_visual,1,1,0
possibly_tight,1,1,0
possibly_titillating,1,0,1
exquisitely_susceptible,1,1,0
possibly_unconstitutional,1,1,0
exquisitely_subjective,1,1,0
possibly_uncomfortable,1,1,0
possibly_unclear,1,1,0
possibly_uncharted,1,0,1
possibly_unaware,1,1,0
exquisitely_subtle,1,1,0
exquisitely_tense,1,0,1
possibly_tougher,1,1,0
possibly_turkish,1,1,0
possibly_troublesome,1,1,0
possibly_tropical,1,1,0
possibly_traumatic,1,1,0
possibly_transgender,1,1,0
exquisitely_thin,1,0,1
exquisitely_unfair,1,1,0
possibly_stuck,1,1,0
extensively_helpful,1,1,0
possibly_rural,1,1,0
possibly_stricter,1,1,0
externally_homogeneous,1,1,0
possibly_sexist,1,0,1
externally_imperceptible,1,1,0
externally_insignificant,1,0,1
externally_interesting,1,0,1
possibly_separate,1,1,0
possibly_self-indulgent,1,1,0
externally_invalid,1,1,0
externally_invisible,1,1,0
externally_monstrous,1,0,1
possibly_scottish,1,1,0
possibly_sci-fi,1,1,0
possibly_sceptical,1,1,0
externally_motivated,1,1,0
externally_polite,1,1,0
possibly_sad,1,1,0
externally_productive,1,1,0
possibly_shameful,1,1,0
possibly_shrewd,1,1,0
externally_direct,1,1,0
possibly_solid,1,1,0
possibly_strange,1,0,1
possibly_stationary,1,1,0
possibly_static,1,1,0
possibly_standard,1,1,0
possibly_stale,1,1,0
possibly_spicy,1,1,0
possibly_sorry,1,1,0
extensively_knowledgeable,1,1,0
extensively_trained,1,1,0
possibly_small,1,1,0
possibly_slower,1,1,0
possibly_sixth,1,1,0
possibly_sinister,1,0,1
possibly_single,1,1,0
extensively_sorrowful,1,1,0
possibly_silver,1,1,0
plain_horizontal,1,1,0
plain_honest,1,1,0
peculiarly_acceptable,1,1,0
perhaps_greatest,1,1,0
fairly_disrespectful,1,1,0
fairly_disruptive,1,1,0
perhaps_gratifying,1,1,0
perhaps_gradual,1,1,0
perhaps_governmental,1,1,0
perhaps_golden,1,1,0
fairly_distinctive,1,1,0
fairly_distressed,1,1,0
perhaps_gimmicky,1,1,0
fairly_divisive,1,0,1
perhaps_geometric,1,0,1
fairly_doubtful,1,1,0
perhaps_futuristic,1,1,0
fairly_dovish,1,0,1
perhaps_futile,1,1,0
perhaps_functional,1,1,0
fairly_drowsy,1,1,0
fairly_disposable,1,1,0
perhaps_greedy,1,1,0
perhaps_cathartic,1,1,0
fairly_disparate,1,1,0
perhaps_heartening,1,1,0
perhaps_healthy,1,1,0
fairly_discernible,1,1,0
perhaps_harsh,1,1,0
fairly_discouraging,1,1,0
fairly_disinterested,1,1,0
perhaps_hardcore,1,1,0
fairly_dismal,1,1,0
perhaps_happy,1,1,0
perhaps_hapless,1,1,0
perhaps_hairy,1,1,0
perhaps_gullible,1,1,0
perhaps_guilty,1,1,0
perhaps_groundless,1,1,0
perhaps_grim,1,1,0
perhaps_grey,1,1,0
fairly_disorganized,1,1,0
fairly_durable,1,0,1
perhaps_friendly,1,1,0
fairly_eager,1,1,0
perhaps_frantic,1,1,0
perhaps_fearless,1,1,0
fairly_entrepreneurial,1,1,0
perhaps_faulty,1,1,0
perhaps_fatigued,1,1,0
fairly_ephemeral,1,1,0
perhaps_far-fetched,1,1,0
fairly_esoteric,1,1,0
fairly_evangelical,1,1,0
fairly_everyday,1,0,1
perhaps_fake,1,1,0
fairly_evil,1,1,0
perhaps_fabulous,1,1,0
perhaps_extreme,1,1,0
perhaps_extravagant,1,1,0
fairly_excessive,1,1,0
perhaps_external,1,1,0
perhaps_explicit,1,1,0
perhaps_female,1,1,0
fairly_enthusiastic,1,1,0
fairly_english,1,0,1
perhaps_flattering,1,1,0
fairly_eclectic,1,1,0
fairly_edible,1,1,0
fairly_egalitarian,1,1,0
perhaps_floral,1,1,0
perhaps_flimsy,1,1,0
fairly_egregious,1,0,1
perhaps_flawed,1,1,0
fairly_elastic,1,1,0
perhaps_fickle,1,1,0
perhaps_fitting,1,1,0
fairly_elementary,1,1,0
perhaps_fine,1,1,0
fairly_emotional,1,1,0
perhaps_final,1,1,0
fairly_energetic,1,1,0
perhaps_fierce,1,1,0
perhaps_heartfelt,1,0,1
perhaps_heavier,1,1,0
fairly_disappointed,1,1,0
fairly_definite,1,0,1
perhaps_indigenous,1,1,0
fairly_damp,1,1,0
perhaps_indian,1,1,0
perhaps_independent,1,1,0
perhaps_inconvenient,1,1,0
perhaps_inconsistent,1,0,1
perhaps_inconceivable,1,1,0
perhaps_incomprehensible,1,1,0
perhaps_incomplete,1,1,0
perhaps_inclined,1,1,0
perhaps_incidental,1,1,0
perhaps_inaudible,1,1,0
fairly_dear,1,1,0
perhaps_inaccessible,1,1,0
perhaps_improper,1,1,0
fairly_decisive,1,1,0
perhaps_impressed,1,1,0
perhaps_indistinguishable,1,1,0
fairly_cultural,1,1,0
perhaps_ineligible,1,1,0
perhaps_inner,1,1,0
perhaps_insulting,1,1,0
perhaps_instructive,1,0,1
fairly_credible,1,1,0
perhaps_insightful,1,1,0
fairly_creepy,1,1,0
perhaps_inquisitive,1,1,0
fairly_crippling,1,1,0
perhaps_inherent,1,1,0
perhaps_inert,1,1,0
perhaps_informative,1,1,0
perhaps_inflammatory,1,1,0
perhaps_infinite,1,1,0
perhaps_inferior,1,1,0
fairly_cryptic,1,1,0
fairly_culpable,1,1,0
perhaps_inescapable,1,1,0
fairly_decorative,1,1,0
fairly_definitive,1,0,1
perhaps_heretical,1,1,0
fairly_dehydrated,1,1,0
perhaps_hyperactive,1,1,0
perhaps_hungry,1,1,0
perhaps_hungover,1,1,0
perhaps_humorous,1,1,0
perhaps_humanistic,1,1,0
fairly_desperate,1,0,1
fairly_devious,1,0,1
fairly_devoid,1,1,0
perhaps_hospitable,1,1,0
perhaps_horrifying,1,1,0
fairly_diffuse,1,1,0
perhaps_hollow,1,1,0
perhaps_historical,1,1,0
fairly_diligent,1,1,0
perhaps_high,1,1,0
fairly_dire,1,0,1
perhaps_hesitant,1,1,0
fairly_desirable,1,1,0
perhaps_iconic,1,1,0
perhaps_icy,1,1,0
fairly_delusional,1,1,0
perhaps_immortal,1,1,0
fairly_dejected,1,1,0
perhaps_imminent,1,1,0
fairly_deluded,1,1,0
perhaps_immaterial,1,1,0
perhaps_imbalanced,1,1,0
perhaps_imaginative,1,1,0
perhaps_illustrative,1,1,0
fairly_descriptive,1,1,0
perhaps_illusory,1,1,0
fairly_demanding,1,1,0
fairly_democratic,1,1,0
perhaps_ill,1,1,0
fairly_dependent,1,1,0
perhaps_ideological,1,1,0
perhaps_idealistic,1,1,0
perhaps_expired,1,1,0
perhaps_expensive,1,1,0
perhaps_excited,1,1,0
fairly_hardy,1,1,0
perhaps_cumbersome,1,1,0
fairly_grand,1,0,1
perhaps_creepy,1,1,0
perhaps_credible,1,1,0
fairly_gregarious,1,1,0
perhaps_crazier,1,1,0
perhaps_cranky,1,1,0
perhaps_cozy,1,1,0
perhaps_cowardly,1,1,0
perhaps_covert,1,1,0
perhaps_cosmic,1,1,0
fairly_gross,1,1,0
perhaps_convoluted,1,1,0
perhaps_controversial,1,1,0
fairly_haphazard,1,1,0
perhaps_contradictory,1,1,0
perhaps_constitutional,1,1,0
perhaps_cunning,1,1,0
fairly_gothic,1,1,0
fairly_good-natured,1,1,0
perhaps_decisive,1,1,0
perhaps_demanding,1,1,0
fairly_fond,1,1,0
perhaps_deleterious,1,1,0
perhaps_definitive,1,0,1
perhaps_definite,1,1,0
perhaps_defective,1,1,0
fairly_formal,1,1,0
fairly_formulaic,1,1,0
perhaps_curvy,1,1,0
fairly_frenetic,1,1,0
fairly_frivolous,1,1,0
fairly_fuzzy,1,1,0
fairly_genteel,1,1,0
perhaps_dainty,1,1,0
fairly_gloomy,1,1,0
perhaps_custom,1,1,0
perhaps_consistent,1,1,0
perhaps_conservative,1,1,0
perhaps_dependent,1,1,0
perhaps_conscious,1,1,0
perhaps_cognizant,1,1,0
perhaps_coastal,1,1,0
perhaps_clueless,1,1,0
fairly_homely,1,1,0
perhaps_cliched,1,1,0
perhaps_cliche,1,1,0
perhaps_clearer,1,1,0
fairly_horrible,1,0,1
perhaps_chewy,1,1,0
perhaps_chemical,1,1,0
fairly_horrifying,1,1,0
perhaps_cheap,1,1,0
perhaps_charming,1,1,0
perhaps_characteristic,1,1,0
perhaps_chaotic,1,1,0
perhaps_centrist,1,1,0
perhaps_central,1,1,0
fairly_hokey,1,1,0
perhaps_colder,1,1,0
perhaps_collective,1,1,0
fairly_helpful,1,1,0
fairly_hazy,1,1,0
perhaps_confident,1,1,0
perhaps_condescending,1,1,0
perhaps_conclusive,1,1,0
perhaps_conceptual,1,1,0
perhaps_complimentary,1,1,0
perhaps_complicated,1,1,0
perhaps_complete,1,1,0
perhaps_colorful,1,1,0
fairly_heroic,1,0,1
perhaps_complacent,1,1,0
fairly_hilarious,1,1,0
perhaps_communal,1,1,0
fairly_hilly,1,1,0
fairly_hip,1,1,0
perhaps_comedic,1,1,0
perhaps_demonic,1,1,0
fairly_flimsy,1,1,0
perhaps_excessive,1,1,0
fairly_far-flung,1,1,0
perhaps_elusive,1,1,0
perhaps_elitist,1,1,0
perhaps_electronic,1,1,0
perhaps_electrifying,1,1,0
fairly_expert,1,1,0
perhaps_effortless,1,1,0
fairly_exploratory,1,1,0
fairly_explosive,1,1,0
perhaps_edgy,1,0,1
perhaps_economical,1,1,0
perhaps_ecological,1,1,0
perhaps_eclectic,1,1,0
fairly_extensive,1,1,0
fairly_extravagant,1,1,0
fairly_factual,1,1,0
perhaps_earthy,1,1,0
perhaps_earnest,1,1,0
perhaps_embarrassed,1,1,0
perhaps_emblematic,1,1,0
fairly_experienced,1,0,1
perhaps_equivalent,1,1,0
perhaps_exceptional,1,1,0
perhaps_exaggerated,1,1,0
perhaps_even,1,0,1
perhaps_evasive,1,1,0
perhaps_ethical,1,1,0
perhaps_essential,1,1,0
perhaps_ergonomic,1,1,0
perhaps_equal,1,1,0
perhaps_empty,1,1,0
perhaps_epic,1,1,0
perhaps_environmental,1,1,0
fairly_existential,1,1,0
perhaps_entire,1,1,0
perhaps_enduring,1,1,0
perhaps_endangered,1,1,0
perhaps_encompassing,1,1,0
perhaps_dusty,1,1,0
fairly_far-reaching,1,1,0
fairly_flawless,1,1,0
perhaps_due,1,1,0
perhaps_dishonest,1,1,0
perhaps_disgusting,1,1,0
perhaps_discriminatory,1,1,0
perhaps_disappointing,1,1,0
fairly_few,1,1,0
perhaps_dirty,1,1,0
perhaps_direct,1,1,0
perhaps_diplomatic,1,1,0
fairly_fine,1,1,0
fairly_finite,1,1,0
perhaps_die-hard,1,1,0
perhaps_dictatorial,1,1,0
perhaps_detrimental,1,1,0
fairly_fishy,1,0,1
perhaps_destitute,1,1,0
fairly_flawed,1,1,0
perhaps_desirous,1,1,0
perhaps_disillusioned,1,1,0
perhaps_disinterested,1,1,0
fairly_fearless,1,1,0
perhaps_dodgy,1,1,0
fairly_fascinating,1,1,0
fairly_fast-paced,1,1,0
perhaps_dramatic,1,1,0
perhaps_double,1,1,0
perhaps_dormant,1,1,0
perhaps_dominant,1,1,0
perhaps_domestic,1,1,0
perhaps_divine,1,1,0
perhaps_disposable,1,1,0
perhaps_diverse,1,1,0
fairly_fat,1,1,0
perhaps_distraught,1,1,0
perhaps_distracting,1,1,0
perhaps_distinctive,1,1,0
fairly_fearful,1,1,0
perhaps_disquieting,1,0,1
perhaps_interactive,1,1,0
perhaps_internal,1,1,0
fairly_courageous,1,0,1
fairly_airy,1,1,0
perhaps_random,1,1,0
perhaps_rainy,1,1,0
perhaps_radical,1,1,0
fairly_adept,1,0,1
fairly_adequate,1,1,0
fairly_adjacent,1,1,0
perhaps_quick,1,1,0
perhaps_quantitative,1,1,0
perhaps_qualified,1,1,0
perhaps_puzzling,1,1,0
fairly_affable,1,1,0
perhaps_pure,1,1,0
fairly_affectionate,1,1,0
perhaps_prudent,1,1,0
perhaps_proud,1,1,0
fairly_affluent,1,1,0
fairly_agile,1,1,0
fairly_addicted,1,0,1
fairly_adaptable,1,1,0
fairly_acceptable,1,1,0
faintly_unnerving,1,1,0
faintly_suggestive,1,0,1
perhaps_religious,1,1,0
perhaps_reliable,1,1,0
faintly_sweet,1,0,1
faintly_synonymous,1,1,0
faintly_terrified,1,1,0
faintly_unfamiliar,1,0,1
faintly_unreal,1,0,1
fairly_abrupt,1,1,0
perhaps_redundant,1,1,0
faintly_urgent,1,0,1
faintly_warmer,1,0,1
perhaps_recognizable,1,1,0
perhaps_recognisable,1,1,0
faintly_yellow,1,1,0
perhaps_rebellious,1,1,0
perhaps_promising,1,1,0
fairly_akin,1,0,1
perhaps_removable,1,1,0
perhaps_probable,1,1,0
fairly_anonymous,1,0,1
fairly_anxious,1,1,0
perhaps_plausible,1,1,0
fairly_apolitical,1,0,1
perhaps_pious,1,1,0
fairly_approximate,1,1,0
fairly_apt,1,1,0
perhaps_phony,1,1,0
perhaps_philosophical,1,1,0
perhaps_perverse,1,1,0
perhaps_pertinent,1,1,0
fairly_archaic,1,1,0
perhaps_perpendicular,1,1,0
fairly_architectural,1,1,0
perhaps_past,1,1,0
perhaps_passionate,1,1,0
perhaps_passable,1,1,0
perhaps_poetic,1,0,1
perhaps_poignant,1,1,0
perhaps_pointless,1,1,0
perhaps_powerful,1,1,0
perhaps_prior,1,1,0
perhaps_primitive,1,1,0
fairly_alarming,1,0,1
fairly_alike,1,1,0
fairly_amazed,1,1,0
perhaps_praiseworthy,1,1,0
perhaps_practical,1,1,0
fairly_amicable,1,1,0
perhaps_polarizing,1,1,0
fairly_ancient,1,1,0
perhaps_positive,1,1,0
perhaps_pornographic,1,1,0
perhaps_popular,1,1,0
fairly_androgynous,1,1,0
fairly_anecdotal,1,1,0
perhaps_polish,1,1,0
perhaps_remarkable,1,1,0
perhaps_representative,1,1,0
perhaps_paranoid,1,1,0
perhaps_self-conscious,1,1,0
perhaps_sicker,1,1,0
faintly_perverse,1,0,1
perhaps_short-lived,1,1,0
faintly_pink,1,1,0
faintly_possible,1,1,0
perhaps_sharper,1,1,0
perhaps_shallow,1,1,0
perhaps_sexier,1,1,0
perhaps_severe,1,1,0
faintly_procedural,1,0,1
faintly_progressive,1,1,0
perhaps_serendipitous,1,1,0
perhaps_sentimental,1,1,0
faintly_reassuring,1,0,1
perhaps_sensible,1,1,0
perhaps_sensational,1,1,0
perhaps_seminal,1,0,1
perhaps_significant,1,0,1
faintly_pathetic,1,0,1
faintly_outrageous,1,0,1
perhaps_sleepy,1,1,0
faintly_menacing,1,1,0
faintly_metallic,1,0,1
perhaps_slower,1,1,0
faintly_mistaken,1,1,0
perhaps_sloppy,1,1,0
perhaps_slimy,1,1,0
perhaps_slimmer,1,0,1
perhaps_skillful,1,1,0
faintly_ominous,1,1,0
faintly_odd,1,0,1
perhaps_skeptical,1,1,0
perhaps_sixth,1,1,0
perhaps_single,1,1,0
perhaps_simplistic,1,1,0
faintly_offensive,1,0,1
faintly_old-school,1,0,1
perhaps_selfish,1,1,0
perhaps_secret,1,1,0
perhaps_republican,1,1,0
faintly_reckless,1,0,1
perhaps_royal,1,0,1
perhaps_rough,1,1,0
perhaps_rotten,1,1,0
perhaps_romantic,1,0,1
perhaps_roman,1,1,0
perhaps_riskier,1,1,0
perhaps_risk-free,1,1,0
perhaps_rigid,1,1,0
faintly_shabby,1,0,1
perhaps_ridiculous,1,1,0
perhaps_rhythmic,1,1,0
faintly_similar,1,1,0
perhaps_reversible,1,1,0
perhaps_retro,1,1,0
perhaps_responsible,1,1,0
faintly_soft,1,0,1
faintly_sterile,1,0,1
faintly_sexist,1,0,1
perhaps_rudimentary,1,1,0
faintly_scary,1,0,1
perhaps_satisfied,1,1,0
faintly_recognizable,1,0,1
perhaps_scientific,1,1,0
perhaps_schizophrenic,1,1,0
faintly_revolutionary,1,1,0
faintly_romantic,1,1,0
perhaps_scandalous,1,0,1
perhaps_satisfying,1,1,0
perhaps_satirical,1,1,0
faintly_scandalous,1,0,1
perhaps_sane,1,1,0
perhaps_salient,1,1,0
faintly_sadistic,1,0,1
perhaps_safe,1,1,0
faintly_satirical,1,0,1
perhaps_rusty,1,1,0
faintly_satisfying,1,0,1
fairly_artistic,1,1,0
perhaps_parallel,1,1,0
perhaps_intimate,1,1,0
fairly_coincidental,1,1,0
fairly_civilised,1,1,0
perhaps_manipulative,1,0,1
perhaps_man-made,1,0,1
perhaps_malevolent,1,1,0
fairly_classical,1,1,0
perhaps_magnificent,1,1,0
perhaps_magnetic,1,1,0
perhaps_magical,1,1,0
fairly_clear-cut,1,1,0
perhaps_macho,1,1,0
perhaps_lukewarm,1,1,0
fairly_clingy,1,1,0
fairly_cloudy,1,1,0
perhaps_loyal,1,1,0
fairly_coarse,1,1,0
perhaps_low-cost,1,1,0
fairly_cohesive,1,1,0
fairly_circumstantial,1,1,0
perhaps_marginal,1,1,0
perhaps_masculine,1,1,0
perhaps_military,1,1,0
fairly_captivating,1,0,1
fairly_careful,1,1,0
fairly_careless,1,1,0
fairly_catchy,1,1,0
perhaps_minimum,1,1,0
perhaps_minimalist,1,1,0
fairly_cerebral,1,1,0
fairly_characteristic,1,1,0
perhaps_meaningful,1,0,1
perhaps_mexican,1,1,0
perhaps_metaphorical,1,1,0
perhaps_mental,1,1,0
fairly_cheerful,1,1,0
fairly_cheesy,1,0,1
fairly_chilly,1,1,0
fairly_chunky,1,1,0
perhaps_loose,1,1,0
perhaps_long-lasting,1,1,0
fairly_campy,1,1,0
fairly_colourful,1,1,0
perhaps_kurdish,1,1,0
fairly_contemplative,1,0,1
perhaps_keen,1,1,0
perhaps_juvenile,1,1,0
perhaps_joyful,1,1,0
perhaps_jewish,1,1,0
fairly_contradictory,1,1,0
perhaps_jaded,1,1,0
perhaps_irritating,1,1,0
fairly_convenient,1,1,0
fairly_convoluted,1,1,0
perhaps_irrational,1,1,0
fairly_cool,1,1,0
fairly_core,1,0,1
fairly_correct,1,1,0
perhaps_intrinsic,1,0,1
fairly_counterintuitive,1,0,1
perhaps_lacking,1,1,0
fairly_constructive,1,0,1
perhaps_latest,1,1,0
perhaps_lighter,1,1,0
perhaps_lonely,1,1,0
perhaps_logical,1,1,0
fairly_comical,1,1,0
fairly_commercial,1,1,0
perhaps_linear,1,1,0
perhaps_limited,1,1,0
fairly_complimentary,1,1,0
fairly_conceptual,1,1,0
perhaps_laudable,1,1,0
perhaps_life-changing,1,1,0
perhaps_libertarian,1,1,0
perhaps_lethargic,1,1,0
perhaps_lesser,1,1,0
perhaps_legitimate,1,1,0
fairly_configurable,1,1,0
fairly_conscious,1,1,0
fairly_capable,1,1,0
perhaps_moderate,1,1,0
perhaps_pale,1,1,0
perhaps_nutty,1,1,0
perhaps_organic,1,1,0
perhaps_oral,1,1,0
perhaps_optional,1,1,0
perhaps_optimistic,1,1,0
perhaps_opportunistic,1,1,0
perhaps_ominous,1,1,0
fairly_available,1,1,0
perhaps_offline,1,1,0
perhaps_official,1,1,0
fairly_badass,1,1,0
fairly_bare,1,1,0
perhaps_obsolete,1,1,0
perhaps_obsessed,1,1,0
perhaps_obnoxious,1,1,0
perhaps_oblivious,1,1,0
perhaps_oblique,1,1,0
perhaps_objective,1,1,0
fairly_atrocious,1,1,0
perhaps_outdoors,1,1,0
perhaps_outgoing,1,1,0
perhaps_overpowering,1,1,0
perhaps_palatable,1,1,0
perhaps_painful,1,0,1
perhaps_own,1,1,0
perhaps_overwrought,1,1,0
perhaps_overwhelmed,1,1,0
perhaps_overt,1,1,0
fairly_asinine,1,1,0
fairly_assertive,1,1,0
perhaps_outraged,1,1,0
fairly_astonished,1,1,0
perhaps_overdue,1,1,0
perhaps_overcast,1,1,0
perhaps_overblown,1,1,0
perhaps_overbearing,1,1,0
perhaps_outspoken,1,1,0
fairly_astronomical,1,1,0
fairly_bearable,1,1,0
perhaps_numerous,1,1,0
perhaps_modern,1,1,0
perhaps_numb,1,1,0
fairly_bold,1,1,0
fairly_brave,1,1,0
fairly_breathable,1,1,0
fairly_breezy,1,1,0
perhaps_mystical,1,1,0
perhaps_muslim,1,1,0
perhaps_musical,1,1,0
perhaps_mundane,1,1,0
perhaps_motivating,1,1,0
fairly_brittle,1,1,0
fairly_bulky,1,1,0
fairly_bullish,1,1,0
perhaps_moral,1,1,0
perhaps_moot,1,1,0
fairly_businesslike,1,1,0
perhaps_monetary,1,1,0
fairly_cagey,1,1,0
perhaps_narrative,1,1,0
perhaps_narrow,1,1,0
perhaps_natural,1,1,0
fairly_better,1,1,0
perhaps_nuclear,1,1,0
fairly_bearish,1,1,0
perhaps_nostalgic,1,1,0
fairly_beautiful,1,0,1
fairly_believable,1,1,0
perhaps_nonsensical,1,1,0
fairly_beneficial,1,1,0
perhaps_nice,1,1,0
perhaps_naughty,1,1,0
perhaps_next,1,1,0
fairly_bilingual,1,1,0
fairly_bitter,1,1,0
fairly_blase,1,1,0
fairly_blind,1,1,0
fairly_bogus,1,1,0
perhaps_nauseous,1,1,0
perhaps_catholic,1,1,0
fairly_humble,1,1,0
extremely_incremental,1,1,0
fairly_ready,1,1,0
fairly_recognisable,1,1,0
perfectly_enlightened,1,1,0
fairly_recognizable,1,1,0
perfectly_endearing,1,0,1
perfectly_enchanting,1,1,0
perfectly_eligible,1,1,0
perfectly_elegant,1,0,1
perfectly_elastic,1,1,0
fairly_recommendable,1,0,1
perfectly_effective,1,1,0
fairly_refreshing,1,1,0
perfectly_easy,1,1,0
fairly_relatable,1,1,0
fairly_related,1,1,0
fairly_religious,1,1,0
perfectly_diverse,1,1,0
perfectly_distinct,1,0,1
fairly_real,1,0,1
perfectly_equitable,1,1,0
fairly_humorous,1,1,0
perfectly_erect,1,1,0
fairly_racy,1,0,1
fairly_rapid,1,1,0
perfectly_festive,1,1,0
perfectly_feminine,1,1,0
fairly_rational,1,1,0
perfectly_favourable,1,1,0
perfectly_fastidious,1,1,0
perfectly_fascinating,1,1,0
fairly_raucous,1,0,1
fairly_raunchy,1,1,0
perfectly_fabulous,1,1,0
perfectly_extreme,1,1,0
perfectly_exact,1,1,0
perfectly_evil,1,1,0
fairly_reactionary,1,1,0
fairly_reactive,1,1,0
perfectly_ethereal,1,1,0
fairly_reprehensible,1,1,0
perfectly_discrete,1,1,0
perfectly_discreet,1,1,0
fairly_resistant,1,1,0
fairly_ruthless,1,0,1
perfectly_congruent,1,1,0
perfectly_concise,1,0,1
perfectly_conceivable,1,1,0
fairly_sad,1,1,0
perfectly_complimentary,1,0,1
perfectly_compliant,1,1,0
perfectly_complete,1,1,0
perfectly_competitive,1,1,0
fairly_salty,1,1,0
perfectly_comparable,1,1,0
fairly_satisfactory,1,0,1
fairly_savvy,1,1,0
perfectly_cohesive,1,1,0
perfectly_coherent,1,1,0
perfectly_clinical,1,1,0
perfectly_clear-cut,1,1,0
perfectly_consensual,1,1,0
fairly_rustic,1,1,0
perfectly_constructive,1,1,0
fairly_restrained,1,1,0
perfectly_definite,1,0,1
perfectly_defensible,1,1,0
perfectly_deep,1,1,0
fairly_responsive,1,1,0
perfectly_deadpan,1,1,0
perfectly_deadly,1,1,0
perfectly_dark,1,1,0
perfectly_credible,1,1,0
perfectly_contented,1,1,0
perfectly_creamy,1,1,0
fairly_right,1,1,0
fairly_right-wing,1,1,0
fairly_romantic,1,1,0
fairly_rosy,1,1,0
perfectly_contrived,1,1,0
perfectly_contradictory,1,1,0
perfectly_fitting,1,1,0
perfectly_flaky,1,1,0
perfectly_flammable,1,1,0
perfectly_horrifying,1,0,1
fairly_poignant,1,1,0
fairly_populous,1,1,0
perfectly_individualistic,1,1,0
perfectly_indistinguishable,1,0,1
perfectly_indignant,1,1,0
perfectly_indifferent,1,0,1
perfectly_inclusive,1,1,0
perfectly_inappropriate,1,1,0
fairly_portable,1,1,0
perfectly_impenetrable,1,1,0
perfectly_immersive,1,1,0
perfectly_immaculate,1,1,0
perfectly_imaginable,1,1,0
fairly_possible,1,1,0
perfectly_idiotic,1,1,0
perfectly_identical,1,1,0
fairly_potent,1,1,0
perfectly_insightful,1,0,1
fairly_poetic,1,0,1
fairly_plentiful,1,1,0
perfectly_lame,1,1,0
perfectly_light,1,1,0
fairly_petite,1,1,0
fairly_petty,1,1,0
fairly_philosophical,1,1,0
fairly_physical,1,1,0
fairly_picky,1,1,0
fairly_pigmented,1,1,0
fairly_pitiful,1,1,0
perfectly_intelligible,1,1,0
perfectly_kind,1,1,0
perfectly_kid-friendly,1,1,0
perfectly_justified,1,1,0
perfectly_juicy,1,1,0
perfectly_irrelevant,1,1,0
perfectly_inventive,1,0,1
perfectly_intentional,1,1,0
perfectly_hot,1,1,0
fairly_precarious,1,1,0
fairly_punctual,1,1,0
perfectly_horny,1,1,0
perfectly_glad,1,1,0
perfectly_ghastly,1,1,0
perfectly_generous,1,1,0
perfectly_generic,1,1,0
perfectly_fundamental,1,1,0
fairly_profitable,1,1,0
perfectly_full,1,1,0
perfectly_frightening,1,0,1
fairly_prompt,1,1,0
fairly_prosperous,1,0,1
perfectly_french,1,1,0
fairly_protective,1,1,0
perfectly_forgettable,1,0,1
perfectly_fluid,1,1,0
perfectly_fluent,1,1,0
perfectly_flexible,1,1,0
perfectly_flawless,1,1,0
perfectly_golden,1,1,0
fairly_profane,1,1,0
fairly_proactive,1,1,0
fairly_preventable,1,1,0
perfectly_horizontal,1,1,0
fairly_prescient,1,1,0
fairly_present,1,1,0
perfectly_hip,1,1,0
fairly_presentable,1,0,1
fairly_pretentious,1,1,0
perfectly_harmonious,1,1,0
perfectly_harmful,1,1,0
perfectly_greasy,1,0,1
perfectly_hardy,1,1,0
fairly_pristine,1,1,0
perfectly_handy,1,0,1
perfectly_handmade,1,0,1
perfectly_habitable,1,1,0
perfectly_gregarious,1,1,0
fairly_privileged,1,1,0
fairly_scholarly,1,0,1
fairly_secretive,1,1,0
fairly_secular,1,1,0
peculiarly_irregular,1,0,1
peculiarly_prone,1,1,0
peculiarly_poetic,1,0,1
peculiarly_pleasing,1,0,1
peculiarly_perverse,1,0,1
fairly_spartan,1,1,0
peculiarly_painful,1,0,1
peculiarly_old-fashioned,1,0,1
peculiarly_offensive,1,0,1
peculiarly_off-putting,1,0,1
peculiarly_native,1,1,0
peculiarly_national,1,1,0
peculiarly_modest,1,1,0
peculiarly_menacing,1,0,1
peculiarly_male,1,0,1
peculiarly_loathsome,1,0,1
peculiarly_lethargic,1,1,0
peculiarly_jewish,1,1,0
peculiarly_real,1,0,1
peculiarly_reprehensible,1,0,1
peculiarly_repugnant,1,0,1
peculiarly_stimulating,1,0,1
peculiarly_unique,1,0,1
peculiarly_uniform,1,0,1
peculiarly_true,1,1,0
peculiarly_symbolic,1,0,1
peculiarly_susceptible,1,1,0
peculiarly_suitable,1,1,0
peculiarly_strong,1,0,1
peculiarly_sterile,1,0,1
peculiarly_resistant,1,0,1
fairly_solitary,1,1,0
peculiarly_sick,1,0,1
fairly_sparse,1,1,0
peculiarly_salacious,1,1,0
peculiarly_saddening,1,0,1
peculiarly_sacred,1,0,1
peculiarly_russian,1,1,0
peculiarly_irritating,1,0,1
peculiarly_involved,1,1,0
peculiarly_vulnerable,1,0,1
peculiarly_intolerable,1,0,1
peculiarly_egalitarian,1,0,1
peculiarly_efficient,1,0,1
peculiarly_dreadful,1,0,1
peculiarly_disturbing,1,1,0
peculiarly_dissonant,1,1,0
peculiarly_disagreeable,1,0,1
peculiarly_difficult,1,1,0
peculiarly_delicious,1,0,1
peculiarly_defiant,1,0,1
peculiarly_chilling,1,0,1
peculiarly_childish,1,0,1
peculiarly_characteristic,1,1,0
fairly_spooky,1,0,1
peculiarly_balmy,1,0,1
peculiarly_authentic,1,0,1
fairly_startling,1,1,0
peculiarly_appropriate,1,0,1
peculiarly_empty,1,1,0
peculiarly_endearing,1,0,1
fairly_spirited,1,1,0
peculiarly_grand,1,0,1
peculiarly_intimate,1,0,1
peculiarly_interesting,1,0,1
peculiarly_indian,1,0,1
peculiarly_impressive,1,0,1
peculiarly_hot,1,1,0
peculiarly_high,1,1,0
peculiarly_haunting,1,0,1
peculiarly_fun,1,0,1
peculiarly_envious,1,1,0
peculiarly_frequent,1,1,0
fairly_speedy,1,1,0
peculiarly_favorable,1,0,1
peculiarly_fascinating,1,0,1
peculiarly_fair,1,0,1
peculiarly_evocative,1,0,1
peculiarly_evil,1,0,1
fairly_social,1,1,0
peculiarly_warm,1,1,0
perfectly_chewy,1,1,0
perfectly_analogous,1,1,0
perfectly_awkward,1,1,0
perfectly_awesome,1,0,1
fairly_silent,1,1,0
fairly_silky,1,1,0
perfectly_authentic,1,1,0
fairly_situational,1,1,0
fairly_sizable,1,1,0
perfectly_attractive,1,1,0
fairly_sizeable,1,1,0
perfectly_attainable,1,1,0
perfectly_asleep,1,1,0
fairly_sketchy,1,1,0
fairly_skimpy,1,1,0
fairly_skinny,1,1,0
perfectly_applicable,1,1,0
perfectly_apparent,1,1,0
fairly_sleazy,1,1,0
fairly_shadowy,1,1,0
perfectly_banal,1,1,0
fairly_sexy,1,1,0
perfectly_brutal,1,1,0
perfectly_cheerful,1,1,0
fairly_sedentary,1,1,0
perfectly_charismatic,1,1,0
fairly_selective,1,1,0
perfectly_catchy,1,0,1
perfectly_careful,1,1,0
fairly_self-centered,1,1,0
fairly_selfish,1,1,0
fairly_sexualized,1,1,0
fairly_sensational,1,1,0
fairly_separate,1,1,0
perfectly_blended,1,1,0
fairly_serviceable,1,1,0
perfectly_bipartisan,1,1,0
perfectly_bilingual,1,1,0
fairly_sexual,1,1,0
perfectly_angular,1,1,0
perfectly_amicable,1,1,0
peculiarly_wild,1,0,1
perfectly_amenable,1,1,0
perennially_short,1,1,0
perennially_popular,1,1,0
perennially_optimistic,1,1,0
perennially_lazy,1,1,0
perennially_interested,1,0,1
perennially_important,1,1,0
perennially_hot,1,1,0
perennially_homeless,1,1,0
perennially_frustrating,1,0,1
perennially_dreary,1,1,0
perennially_disturbing,1,0,1
perennially_cheap,1,1,0
perennially_captivating,1,0,1
perennially_beautiful,1,0,1
perennially_appealing,1,0,1
perennially_angry,1,1,0
peculiarly_wrenching,1,0,1
perennially_uncertain,1,1,0
perennially_youthful,1,1,0
fairly_sociable,1,1,0
perfectly_affable,1,1,0
perfectly_altruistic,1,1,0
fairly_slippery,1,1,0
perfectly_alone,1,1,0
perfectly_allowable,1,0,1
perfectly_alive,1,1,0
perfectly_aged,1,1,0
fairly_sluggish,1,1,0
fairly_smelly,1,1,0
perfectly_absurd,1,1,0
perfectly_adjustable,1,1,0
fairly_snappy,1,1,0
perfectly_adept,1,1,0
perfectly_adaptable,1,1,0
perfectly_achievable,1,1,0
fairly_snarky,1,0,1
fairly_sneaky,1,0,1
fairly_pessimistic,1,1,0
perfectly_linear,1,1,0
perfectly_liquid,1,1,0
perfectly_unqualified,1,1,0
fairly_introverted,1,0,1
perfectly_whole,1,1,0
fairly_invasive,1,1,0
perfectly_welcome,1,1,0
perfectly_wearable,1,1,0
perfectly_wealthy,1,1,0
fairly_involved,1,0,1
perfectly_vivid,1,1,0
perfectly_virtuous,1,1,0
fairly_irreversible,1,1,0
fairly_irritated,1,1,0
perfectly_verifiable,1,1,0
fairly_junior,1,1,0
perfectly_useable,1,1,0
fairly_juvenile,1,1,0
fairly_keen,1,1,0
perfectly_untouched,1,1,0
perfectly_winnable,1,1,0
fairly_intriguing,1,1,0
fairly_intrigued,1,1,0
perhaps_acute,1,1,0
perhaps_adverse,1,1,0
perhaps_adversarial,1,1,0
perhaps_adventurous,1,1,0
perhaps_advanced,1,1,0
perhaps_adorable,1,1,0
fairly_inspiring,1,1,0
perhaps_adaptable,1,1,0
perhaps_acidic,1,1,0
fairly_intrepid,1,1,0
fairly_intangible,1,0,1
perhaps_accountable,1,1,0
perhaps_accidental,1,1,0
perhaps_accessible,1,1,0
perhaps_abusive,1,1,0
fairly_intellectual,1,1,0
perfectly_wrong,1,1,0
fairly_key,1,1,0
perfectly_unpredictable,1,0,1
perhaps_affordable,1,1,0
perfectly_unobtrusive,1,1,0
fairly_lax,1,1,0
perfectly_therapeutic,1,1,0
perfectly_themed,1,1,0
perfectly_terrified,1,1,0
perfectly_terrible,1,1,0
fairly_leery,1,1,0
fairly_left-wing,1,1,0
fairly_legitimate,1,1,0
perfectly_tame,1,1,0
perfectly_talented,1,1,0
perfectly_systematic,1,1,0
perfectly_synthetic,1,1,0
fairly_libertarian,1,1,0
fairly_lifeless,1,1,0
fairly_likeable,1,1,0
perfectly_sustainable,1,1,0
perfectly_surprising,1,1,0
perfectly_tight,1,1,0
perfectly_tolerable,1,1,0
perfectly_tolerant,1,1,0
perfectly_unaware,1,1,0
perfectly_unnecessary,1,1,0
fairly_kid-friendly,1,1,0
fairly_kinky,1,1,0
perfectly_unhappy,1,1,0
perfectly_unfolding,1,1,0
fairly_knowledgable,1,1,0
perfectly_unclear,1,1,0
perfectly_unattainable,1,1,0
perfectly_traditional,1,0,1
perfectly_typical,1,1,0
fairly_lacking,1,0,1
perfectly_trustworthy,1,1,0
fairly_lacklustre,1,1,0
perfectly_treatable,1,1,0
fairly_late,1,1,0
perfectly_transient,1,0,1
perhaps_advisory,1,1,0
fairly_insightful,1,1,0
perfectly_supportive,1,1,0
fairly_inappropriate,1,1,0
perhaps_bizarre,1,1,0
fairly_impersonal,1,0,1
perhaps_bisexual,1,1,0
fairly_implausible,1,1,0
fairly_impossible,1,0,1
perhaps_biblical,1,1,0
fairly_impractical,1,1,0
fairly_improbable,1,1,0
perhaps_belligerent,1,1,0
perhaps_beholden,1,1,0
perhaps_beautiful,1,1,0
perhaps_bearable,1,1,0
perhaps_basic,1,1,0
perhaps_barren,1,1,0
perhaps_banal,1,1,0
perhaps_awe,1,1,0
fairly_inaccurate,1,1,0
fairly_immutable,1,0,1
perhaps_blatant,1,1,0
perhaps_bold,1,1,0
fairly_identical,1,1,0
perhaps_caring,1,1,0
perhaps_careless,1,1,0
fairly_hungover,1,0,1
perhaps_carefree,1,1,0
perhaps_candid,1,1,0
fairly_iconic,1,1,0
fairly_idealistic,1,1,0
fairly_identifiable,1,1,0
fairly_immoral,1,1,0
perhaps_brooding,1,1,0
perhaps_broad,1,1,0
perhaps_british,1,1,0
fairly_ill,1,1,0
perhaps_brief,1,1,0
fairly_immobile,1,1,0
perhaps_bored,1,0,1
fairly_inadequate,1,1,0
fairly_incoherent,1,1,0
perhaps_african,1,1,0
perhaps_automatic,1,1,0
perhaps_antiquated,1,1,0
perhaps_anonymous,1,1,0
fairly_inept,1,1,0
perhaps_annoying,1,1,0
fairly_inexperienced,1,1,0
perhaps_anarchic,1,1,0
fairly_inexplicable,1,1,0
perhaps_american,1,1,0
perhaps_ambivalent,1,1,0
perhaps_alternative,1,0,1
perhaps_allergic,1,1,0
fairly_inflexible,1,1,0
perhaps_alcoholic,1,1,0
fairly_informative,1,1,0
perhaps_agnostic,1,1,0
perhaps_agile,1,1,0
fairly_inscrutable,1,1,0
perhaps_anxious,1,1,0
fairly_inebriated,1,1,0
perhaps_apolitical,1,1,0
perhaps_asleep,1,1,0
fairly_incongruous,1,1,0
perhaps_australian,1,1,0
perhaps_audacious,1,1,0
perhaps_attributable,1,1,0
fairly_inconvenient,1,1,0
perhaps_athletic,1,1,0
perhaps_asymmetrical,1,1,0
fairly_indie,1,1,0
fairly_industrious,1,1,0
fairly_indistinguishable,1,1,0
fairly_industrial,1,1,0
perhaps_artful,1,1,0
perhaps_arousing,1,1,0
perhaps_arguable,1,1,0
perhaps_arab,1,1,0
perhaps_apprehensive,1,1,0
fairly_linear,1,1,0
perfectly_sunny,1,1,0
perfectly_listenable,1,1,0
perfectly_oversized,1,1,0
fairly_oblivious,1,1,0
perfectly_pointed,1,1,0
perfectly_poignant,1,0,1
perfectly_poetic,1,1,0
perfectly_pleasing,1,1,0
perfectly_pleased,1,1,0
fairly_obnoxious,1,1,0
fairly_odious,1,1,0
perfectly_placid,1,1,0
perfectly_pink,1,1,0
perfectly_persuasive,1,1,0
perfectly_perpendicular,1,1,0
fairly_off,1,1,0
fairly_offensive,1,1,0
perfectly_patriotic,1,1,0
perfectly_patient,1,1,0
fairly_okay,1,1,0
fairly_oblique,1,1,0
fairly_objective,1,0,1
fairly_north,1,1,0
perfectly_progressive,1,1,0
fairly_nihilistic,1,0,1
perfectly_quantifiable,1,1,0
fairly_noble,1,0,1
fairly_nomadic,1,1,0
perfectly_prosaic,1,0,1
perfectly_proportionate,1,1,0
fairly_non-partisan,1,1,0
perfectly_programmable,1,1,0
perfectly_precise,1,1,0
fairly_non-traditional,1,1,0
fairly_non-violent,1,1,0
perfectly_presidential,1,0,1
perfectly_presentable,1,1,0
perfectly_present,1,1,0
perfectly_prepared,1,1,0
fairly_nonchalant,1,1,0
perfectly_overt,1,1,0
perfectly_orthodox,1,1,0
fairly_niche,1,1,0
fairly_omnipresent,1,0,1
perfectly_moral,1,1,0
perfectly_modular,1,1,0
fairly_pale,1,1,0
fairly_paradoxical,1,0,1
perfectly_minimalistic,1,1,0
perfectly_minimal,1,1,0
perfectly_melodic,1,1,0
perfectly_mediocre,1,1,0
perfectly_measurable,1,1,0
perfectly_marvelous,1,0,1
perfectly_marketable,1,1,0
fairly_peachy,1,1,0
perfectly_mad,1,1,0
perfectly_lucid,1,1,0
fairly_perilous,1,1,0
fairly_pernicious,1,0,1
perfectly_livable,1,1,0
perfectly_murky,1,1,0
perfectly_mute,1,1,0
perfectly_muted,1,0,1
fairly_organized,1,1,0
fairly_open-ended,1,0,1
fairly_optimal,1,1,0
fairly_opulent,1,1,0
perfectly_offensive,1,1,0
perfectly_off-kilter,1,1,0
fairly_orderly,1,1,0
perfectly_objective,1,1,0
perfectly_nutritious,1,1,0
perfectly_mysterious,1,1,0
fairly_outdated,1,1,0
perfectly_noisy,1,1,0
fairly_outside,1,1,0
perfectly_neutral,1,1,0
perfectly_negotiable,1,1,0
fairly_overblown,1,1,0
fairly_overpriced,1,1,0
perfectly_radical,1,0,1
fairly_nerve-racking,1,1,0
fairly_liquid,1,1,0
perfectly_separate,1,0,1
perfectly_solemn,1,1,0
fairly_lukewarm,1,1,0
fairly_luxurious,1,1,0
perfectly_snowy,1,1,0
fairly_lyrical,1,1,0
perfectly_smart,1,1,0
perfectly_slippery,1,0,1
perfectly_skilled,1,1,0
perfectly_singular,1,1,0
fairly_magical,1,1,0
fairly_manageable,1,1,0
perfectly_similar,1,1,0
perfectly_significant,1,0,1
fairly_meager,1,1,0
fairly_meaningful,1,0,1
perfectly_sex,1,1,0
perfectly_set,1,1,0
fairly_ludicrous,1,1,0
perfectly_sophisticated,1,1,0
perfectly_sovereign,1,1,0
perfectly_stilted,1,1,0
perfectly_succinct,1,0,1
perfectly_subtle,1,1,0
perfectly_sublime,1,1,0
fairly_little,1,1,0
perfectly_structured,1,1,0
perfectly_strong,1,1,0
perfectly_strange,1,1,0
fairly_low-cost,1,1,0
perfectly_specific,1,0,1
perfectly_standard,1,1,0
fairly_loyal,1,1,0
perfectly_spotless,1,1,0
perfectly_spot-on,1,1,0
perfectly_spooky,1,1,0
perfectly_splendid,1,1,0
fairly_lucky,1,1,0
perfectly_serious,1,1,0
fairly_meaty,1,1,0
fairly_nebulous,1,1,0
perfectly_selfish,1,1,0
fairly_mountainous,1,1,0
perfectly_reputable,1,1,0
fairly_much,1,1,0
perfectly_reliable,1,1,0
fairly_muscular,1,1,0
fairly_muted,1,1,0
perfectly_regular,1,1,0
perfectly_regimented,1,1,0
perfectly_refreshing,1,0,1
perfectly_reflective,1,1,0
perfectly_red,1,1,0
fairly_mysterious,1,1,0
perfectly_rectangular,1,1,0
fairly_nationalistic,1,0,1
perfectly_recognisable,1,1,0
fairly_naturalistic,1,1,0
fairly_nearby,1,1,0
fairly_motionless,1,1,0
perfectly_responsible,1,0,1
fairly_morbid,1,1,0
fairly_mobile,1,1,0
perfectly_self-reliant,1,1,0
fairly_medium,1,1,0
fairly_melodic,1,0,1
fairly_melodramatic,1,1,0
perfectly_scalable,1,1,0
fairly_meticulous,1,1,0
fairly_miserable,1,0,1
perfectly_russian,1,1,0
fairly_moody,1,1,0
perfectly_runny,1,1,0
perfectly_run,1,1,0
perfectly_routine,1,0,1
fairly_monolithic,1,1,0
fairly_monotonous,1,1,0
perfectly_rigorous,1,1,0
fairly_monstrous,1,1,0
perhaps_smart,1,1,0
perhaps_smooth,1,1,0
perhaps_smoother,1,1,0
extremely_savage,1,0,1
extremely_savory,1,1,0
physically_loud,1,1,0
physically_live,1,0,1
physically_light,1,0,1
physically_lazy,1,1,0
physically_largest,1,1,0
extremely_scenic,1,1,0
physically_lacking,1,0,1
extremely_scrumptious,1,1,0
physically_jewish,1,1,0
physically_irritating,1,1,0
extremely_secondary,1,1,0
extremely_secret,1,1,0
extremely_secular,1,1,0
extremely_sedentary,1,1,0
physically_interactive,1,0,1
extremely_seductive,1,0,1
physically_luxurious,1,1,0
physically_manifest,1,1,0
perhaps_sneaky,1,1,0
physically_measurable,1,1,0
physically_palpable,1,1,0
extremely_risque,1,0,1
physically_overworked,1,1,0
physically_other,1,1,0
physically_open,1,1,0
extremely_roomy,1,1,0
extremely_rotten,1,1,0
physically_off-kilter,1,1,0
physically_numb,1,1,0
physically_noticeable,1,1,0
physically_noisy,1,1,0
physically_nice,1,0,1
physically_new,1,0,1
physically_necessary,1,1,0
physically_nauseating,1,1,0
extremely_rusty,1,1,0
physically_minor,1,1,0
extremely_select,1,1,0
extremely_self-centered,1,1,0
extremely_self-indulgent,1,1,0
physically_independent,1,1,0
extremely_short-sighted,1,1,0
physically_harmless,1,1,0
extremely_showy,1,1,0
physically_harder,1,1,0
extremely_shrill,1,1,0
extremely_sickening,1,1,0
extremely_singular,1,0,1
physically_greater,1,1,0
physically_grand,1,1,0
extremely_skilful,1,1,0
physically_fun,1,0,1
extremely_skimpy,1,1,0
physically_formidable,1,1,0
physically_forceful,1,1,0
physically_flawless,1,1,0
physically_flawed,1,1,0
extremely_skittish,1,1,0
extremely_short-lived,1,1,0
physically_hideous,1,1,0
physically_hostile,1,1,0
extremely_serviceable,1,1,0
physically_incredible,1,1,0
physically_incompetent,1,1,0
physically_inappropriate,1,1,0
extremely_sensational,1,1,0
physically_improbable,1,1,0
extremely_sentimental,1,1,0
extremely_separate,1,1,0
physically_imposing,1,1,0
extremely_shitty,1,1,0
physically_imperfect,1,1,0
physically_impaired,1,0,1
physically_immortal,1,1,0
extremely_shady,1,0,1
extremely_shameful,1,0,1
extremely_shiny,1,1,0
physically_human,1,1,0
physically_perceptible,1,1,0
physically_perilous,1,1,0
physically_persuasive,1,1,0
physically_structured,1,1,0
physically_ugly,1,1,0
extremely_prudent,1,1,0
extremely_psyched,1,1,0
physically_tolerable,1,1,0
extremely_psychological,1,1,0
physically_timeless,1,0,1
physically_tight,1,1,0
physically_thrilling,1,1,0
extremely_puffy,1,1,0
physically_thin,1,1,0
physically_tense,1,1,0
physically_taxing,1,1,0
extremely_punitive,1,1,0
physically_taller,1,1,0
extremely_quantitative,1,1,0
physically_suitable,1,1,0
physically_substantial,1,0,1
physically_unacceptable,1,1,0
extremely_proprietary,1,1,0
extremely_proof,1,1,0
physically_unsafe,1,1,0
physically_upset,1,1,0
physically_uphill,1,1,0
extremely_pro-american,1,1,0
physically_unusual,1,0,1
physically_untouched,1,1,0
physically_unsettling,1,1,0
physically_unscathed,1,1,0
extremely_pro-israel,1,1,0
extremely_promiscuous,1,1,0
physically_uniform,1,1,0
extremely_probable,1,1,0
extremely_profane,1,1,0
physically_unfeasible,1,1,0
physically_undesirable,1,1,0
physically_underway,1,1,0
physically_understandable,1,1,0
physically_stunning,1,1,0
extremely_quotable,1,1,0
physically_pleasant,1,1,0
extremely_rational,1,1,0
extremely_representative,1,1,0
physically_revolting,1,1,0
physically_restrained,1,1,0
extremely_republican,1,1,0
physically_repetitive,1,0,1
physically_relaxing,1,1,0
physically_relaxed,1,1,0
physically_related,1,1,0
physically_receptive,1,1,0
physically_reasonable,1,1,0
extremely_resonant,1,1,0
extremely_respected,1,1,0
physically_productive,1,0,1
physically_prepared,1,1,0
extremely_revealing,1,1,0
physically_potent,1,1,0
physically_pleasing,1,1,0
physically_riskier,1,0,1
physically_risky,1,1,0
extremely_reprehensible,1,1,0
physically_sickening,1,1,0
extremely_raunchy,1,1,0
physically_stern,1,1,0
extremely_reactionary,1,1,0
extremely_reclusive,1,1,0
extremely_recognisable,1,1,0
physically_slight,1,1,0
physically_significant,1,0,1
physically_shy,1,1,0
physically_rough,1,1,0
physically_shocked,1,1,0
physically_sedentary,1,1,0
physically_secure,1,1,0
physically_searchable,1,1,0
physically_scary,1,1,0
physically_safer,1,1,0
extremely_remorseful,1,1,0
extremely_slight,1,1,0
physically_feasible,1,1,0
physically_expressive,1,1,0
philosophically_divisive,1,1,0
philosophically_serious,1,1,0
philosophically_repulsive,1,1,0
philosophically_pure,1,1,0
philosophically_progressive,1,1,0
extremely_timid,1,1,0
philosophically_obstinate,1,1,0
philosophically_naive,1,1,0
philosophically_murky,1,1,0
philosophically_moral,1,1,0
philosophically_lofty,1,1,0
philosophically_literate,1,1,0
philosophically_larger,1,0,1
philosophically_intriguing,1,1,0
philosophically_inconsistent,1,1,0
philosophically_incoherent,1,1,0
philosophically_impossible,1,0,1
philosophically_important,1,0,1
philosophically_significant,1,0,1
philosophically_similar,1,1,0
philosophically_terrified,1,1,0
extremely_terrific,1,0,1
extremely_tame,1,1,0
physically_agitated,1,1,0
physically_agile,1,0,1
extremely_tangible,1,0,1
extremely_taut,1,1,0
extremely_temperamental,1,1,0
physically_actual,1,1,0
extremely_terse,1,1,0
extremely_timely,1,1,0
extremely_therapeutic,1,1,0
extremely_thorny,1,1,0
extremely_threatening,1,0,1
extremely_thrifty,1,1,0
extremely_thrilled,1,1,0
philosophically_weighty,1,1,0
philosophically_valuable,1,0,1
philosophically_good,1,0,1
philosophically_detached,1,1,0
physically_alone,1,1,0
extremely_traditional,1,1,0
phenomenally_positive,1,1,0
phenomenally_mundane,1,1,0
phenomenally_lucky,1,1,0
phenomenally_lazy,1,1,0
phenomenally_introspective,1,1,0
phenomenally_interesting,1,1,0
phenomenally_important,1,1,0
phenomenally_ignorant,1,1,0
phenomenally_huge,1,1,0
phenomenally_higher,1,1,0
phenomenally_heroic,1,0,1
phenomenally_helpful,1,1,0
phenomenally_great,1,1,0
phenomenally_fun,1,0,1
phenomenally_experimental,1,1,0
extremely_un-american,1,1,0
phenomenally_evil,1,1,0
phenomenally_rich,1,1,0
phenomenally_strong,1,1,0
extremely_truthful,1,0,1
philosophically_bankrupt,1,1,0
philosophically_daring,1,1,0
philosophically_credible,1,1,0
philosophically_contradictory,1,1,0
philosophically_consistent,1,1,0
extremely_treacherous,1,1,0
philosophically_coherent,1,1,0
philosophically_closer,1,0,1
philosophically_averse,1,1,0
extremely_troubled,1,1,0
philosophically_appealing,1,1,0
philosophically_alive,1,1,0
philosophically_acute,1,1,0
philosophically_acceptable,1,1,0
extremely_trite,1,1,0
phenomenally_useful,1,1,0
phenomenally_ugly,1,1,0
extremely_talkative,1,1,0
physically_angry,1,1,0
physically_exploitative,1,1,0
physically_confrontational,1,1,0
extremely_specious,1,1,0
physically_detectable,1,1,0
physically_descriptive,1,1,0
extremely_speedy,1,1,0
extremely_spoilt,1,1,0
extremely_sporty,1,0,1
extremely_squeamish,1,1,0
extremely_squishy,1,1,0
extremely_steady,1,1,0
physically_daunting,1,1,0
physically_daring,1,0,1
extremely_stereotypical,1,1,0
extremely_stern,1,1,0
physically_cruel,1,1,0
physically_creative,1,0,1
physically_courageous,1,1,0
physically_convincing,1,1,0
physically_dirty,1,1,0
extremely_sought-after,1,1,0
physically_discriminatory,1,1,0
extremely_smelly,1,1,0
physically_explicit,1,1,0
physically_expansive,1,1,0
extremely_slimy,1,1,0
physically_evident,1,0,1
physically_enticing,1,1,0
physically_enjoyable,1,0,1
extremely_smaller,1,1,0
physically_easy,1,0,1
extremely_soothing,1,0,1
extremely_snug,1,0,1
physically_dysfunctional,1,1,0
physically_dynamic,1,1,0
physically_dubious,1,1,0
extremely_sober,1,1,0
physically_distinct,1,1,0
extremely_solicitous,1,1,0
physically_consuming,1,1,0
physically_complete,1,1,0
extremely_tactful,1,1,0
physically_compelling,1,1,0
physically_bland,1,1,0
extremely_sugary,1,0,1
extremely_suicidal,1,1,0
physically_bent,1,1,0
extremely_supple,1,1,0
physically_barren,1,1,0
physically_bad,1,1,0
extremely_suspenseful,1,1,0
physically_awesome,1,0,1
physically_aware,1,1,0
extremely_swift,1,1,0
extremely_symbiotic,1,1,0
physically_assertive,1,1,0
physically_arousing,1,1,0
extremely_symbolic,1,0,1
extremely_symmetrical,1,1,0
extremely_tacky,1,1,0
extremely_succinct,1,1,0
physically_bold,1,0,1
physically_brave,1,1,0
physically_coarse,1,1,0
physically_compatible,1,1,0
physically_comforting,1,1,0
extremely_stoic,1,1,0
physically_comedic,1,1,0
physically_combative,1,1,0
physically_colder,1,1,0
physically_cold,1,1,0
extremely_stormy,1,1,0
extremely_subversive,1,0,1
physically_closest,1,1,0
physically_closer,1,1,0
extremely_strategic,1,1,0
extremely_substantial,1,1,0
physically_cautious,1,1,0
extremely_substantive,1,1,0
physically_burdensome,1,1,0
physically_usable,1,0,1
physically_useless,1,1,0
physically_vast,1,1,0
plain_discouraging,1,1,0
plain_dubious,1,1,0
extremely_mainstream,1,1,0
plain_dreary,1,1,0
extremely_male-dominated,1,1,0
plain_drastic,1,1,0
plain_drab,1,1,0
extremely_malleable,1,1,0
plain_dodgy,1,1,0
extremely_manly,1,0,1
extremely_meager,1,1,0
extremely_meek,1,1,0
plain_disorganized,1,1,0
extremely_melodic,1,1,0
plain_disingenuous,1,1,0
extremely_melodramatic,1,1,0
extremely_mental,1,1,0
plain_disgusted,1,1,0
extremely_lush,1,1,0
plain_dumber,1,1,0
plain_dumbfounded,1,1,0
plain_efficient,1,1,0
extremely_listenable,1,1,0
extremely_litigious,1,1,0
extremely_livable,1,0,1
extremely_loathsome,1,0,1
extremely_lofty,1,1,0
extremely_logical,1,1,0
extremely_long-lasting,1,1,0
plain_eerie,1,1,0
plain_dusty,1,1,0
plain_economical,1,1,0
plain_economic,1,1,0
extremely_long-winded,1,1,0
extremely_loopy,1,1,0
plain_easygoing,1,1,0
extremely_lousy,1,1,0
extremely_ludicrous,1,1,0
extremely_metaphysical,1,1,0
plain_disastrous,1,1,0
plain_esoteric,1,1,0
plain_disagreeable,1,1,0
plain_dazzling,1,1,0
plain_daunting,1,1,0
extremely_murky,1,1,0
extremely_musical,1,1,0
plain_damp,1,1,0
plain_damaging,1,1,0
plain_daft,1,1,0
extremely_mystical,1,1,0
extremely_national,1,1,0
extremely_naturalistic,1,1,0
extremely_near,1,1,0
plain_criminal,1,1,0
extremely_neat,1,0,1
extremely_negligible,1,1,0
extremely_negotiable,1,1,0
extremely_neutral,1,1,0
extremely_niche,1,1,0
plain_deadly,1,1,0
plain_deaf,1,1,0
plain_deceitful,1,1,0
extremely_misinformed,1,1,0
extremely_militant,1,1,0
extremely_minimalist,1,1,0
extremely_mischievous,1,1,0
plain_detrimental,1,1,0
extremely_misguided,1,1,0
plain_destitute,1,1,0
plain_despicable,1,1,0
plain_deranged,1,1,0
plain_deceptive,1,1,0
extremely_misogynistic,1,1,0
extremely_moderate,1,1,0
extremely_modular,1,1,0
extremely_monochromatic,1,1,0
extremely_morose,1,1,0
plain_dejected,1,1,0
plain_defective,1,1,0
extremely_lifelike,1,1,0
plain_evasive,1,1,0
plain_counterintuitive,1,1,0
extremely_intrusive,1,1,0
plain_gray,1,1,0
plain_gratuitous,1,1,0
extremely_injurious,1,1,0
extremely_innocent,1,0,1
extremely_inquisitive,1,1,0
plain_gloomy,1,1,0
plain_gimmicky,1,1,0
extremely_insane,1,0,1
plain_geeky,1,1,0
plain_gay,1,1,0
extremely_insidious,1,0,1
extremely_inspirational,1,1,0
extremely_instinctive,1,1,0
extremely_insulting,1,0,1
extremely_intangible,1,1,0
extremely_intellectual,1,1,0
plain_frugal,1,1,0
extremely_infuriating,1,1,0
extremely_informal,1,0,1
extremely_inferior,1,1,0
plain_heartbreaking,1,1,0
plain_homeless,1,1,0
extremely_indirect,1,1,0
plain_high,1,1,0
extremely_individual,1,0,1
plain_helpful,1,1,0
plain_hectic,1,1,0
extremely_individualistic,1,1,0
plain_healthy,1,1,0
plain_grueling,1,1,0
extremely_indulgent,1,1,0
extremely_inebriated,1,1,0
extremely_inept,1,1,0
plain_happier,1,1,0
plain_hapless,1,1,0
plain_guilty,1,1,0
extremely_infectious,1,1,0
plain_frightful,1,1,0
extremely_invasive,1,1,0
extremely_life-changing,1,1,0
extremely_irish,1,1,0
plain_fancy,1,1,0
extremely_juvenile,1,1,0
extremely_kinky,1,1,0
extremely_lackluster,1,1,0
plain_fake,1,1,0
plain_factual,1,1,0
extremely_lawful,1,1,0
plain_extreme,1,1,0
plain_extravagant,1,1,0
plain_extraordinary,1,1,0
plain_exotic,1,1,0
extremely_leery,1,1,0
plain_excruciating,1,1,0
plain_exciting,1,1,0
extremely_legible,1,1,0
plain_exceptional,1,1,0
extremely_less,1,0,1
extremely_justifiable,1,1,0
plain_farfetched,1,1,0
extremely_juicy,1,1,0
extremely_itchy,1,1,0
extremely_ironic,1,0,1
plain_fortunate,1,1,0
extremely_irregular,1,1,0
plain_forbidden,1,1,0
extremely_irritated,1,1,0
extremely_isolated,1,1,0
plain_flawed,1,1,0
plain_flaky,1,1,0
plain_fastest,1,1,0
plain_flabbergasted,1,1,0
extremely_jaded,1,1,0
extremely_jarring,1,0,1
extremely_jovial,1,1,0
extremely_jubilant,1,1,0
extremely_judgemental,1,1,0
extremely_judicious,1,1,0
plain_counterproductive,1,1,0
extremely_nightmarish,1,1,0
physically_verifiable,1,0,1
pitifully_jealous,1,1,0
plain_advantageous,1,1,0
extremely_pornographic,1,1,0
extremely_pragmatic,1,1,0
plain_addicted,1,1,0
plain_abusive,1,1,0
extremely_prejudiced,1,1,0
extremely_preliminary,1,0,1
pitifully_unpopular,1,1,0
pitifully_underweight,1,1,0
pitifully_unable,1,1,0
pitifully_transparent,1,1,0
pitifully_timid,1,1,0
pitifully_subjective,1,1,0
pitifully_small,1,1,0
pitifully_short,1,1,0
pitifully_poor,1,1,0
pitifully_ludicrous,1,0,1
extremely_populous,1,1,0
extremely_pointless,1,0,1
extremely_poetic,1,0,1
extremely_pivotal,1,1,0
extremely_pissed,1,1,0
extremely_pitiful,1,1,0
plain_antisocial,1,1,0
plain_antiquated,1,1,0
plain_anti-social,1,1,0
plain_anti-semitic,1,1,0
plain_anonymous,1,1,0
plain_annoyed,1,1,0
plain_agitated,1,1,0
extremely_plain,1,1,0
plain_anachronistic,1,1,0
extremely_plastic,1,1,0
plain_ambivalent,1,1,0
plain_ambitious,1,1,0
plain_alright,1,1,0
plain_allergic,1,1,0
pitifully_lonely,1,1,0
pitifully_insignificant,1,0,1
plain_appreciative,1,1,0
pitifully_inadequate,1,1,0
physiologically_capable,1,1,0
physiologically_beneficial,1,1,0
physiologically_addictive,1,1,0
physiologically_addicting,1,1,0
physiologically_active,1,1,0
physically_younger,1,0,1
extremely_prestigious,1,1,0
physically_weary,1,1,0
extremely_pretentious,1,1,0
extremely_pretty,1,1,0
extremely_prickly,1,1,0
physically_wary,1,1,0
extremely_pricy,1,1,0
physically_vital,1,1,0
physically_visible,1,1,0
extremely_primal,1,0,1
physically_vigorous,1,1,0
extremely_prescriptive,1,1,0
extremely_prepared,1,1,0
physiologically_distinctive,1,0,1
physiologically_unbalanced,1,1,0
pitifully_ignorant,1,1,0
pitifully_desperate,1,1,0
pitifully_daft,1,1,0
pitifully_afraid,1,1,0
extremely_premium,1,1,0
physiologically_unstable,1,1,0
physiologically_unique,1,1,0
physiologically_tolerant,1,1,0
physiologically_impossible,1,1,0
physiologically_superior,1,1,0
physiologically_significant,1,0,1
physiologically_protective,1,0,1
extremely_preoccupied,1,1,0
physiologically_manageable,1,0,1
physiologically_inert,1,1,0
physiologically_inept,1,1,0
plain_apolitical,1,1,0
plain_archaic,1,1,0
extremely_nonchalant,1,1,0
plain_bummed,1,1,0
extremely_obstinate,1,1,0
extremely_odious,1,1,0
extremely_off,1,1,0
plain_cloudy,1,1,0
extremely_offended,1,1,0
plain_clear,1,1,0
plain_chilly,1,1,0
extremely_okay,1,1,0
plain_childish,1,1,0
extremely_one-dimensional,1,1,0
extremely_one-sided,1,1,0
plain_chaotic,1,1,0
plain_cathartic,1,1,0
plain_casual,1,1,0
extremely_online,1,1,0
extremely_open-minded,1,1,0
plain_bureaucratic,1,1,0
extremely_observant,1,1,0
plain_comedic,1,1,0
extremely_nutty,1,1,0
extremely_noteworthy,1,0,1
extremely_nostalgic,1,1,0
extremely_notable,1,1,0
plain_convenient,1,1,0
plain_contrary,1,1,0
plain_contradictory,1,1,0
plain_contemptible,1,1,0
plain_conservative,1,1,0
extremely_novel,1,0,1
plain_comfy,1,1,0
extremely_noxious,1,1,0
extremely_nuanced,1,1,0
plain_complicated,1,1,0
plain_competitive,1,1,0
plain_competent,1,1,0
extremely_numerous,1,1,0
plain_comical,1,1,0
plain_burdensome,1,1,0
plain_bulky,1,1,0
extremely_pious,1,1,0
extremely_opposite,1,1,0
plain_best,1,1,0
extremely_patriarchal,1,1,0
extremely_pedantic,1,0,1
plain_baseless,1,1,0
plain_barbaric,1,1,0
plain_banal,1,1,0
extremely_pedestrian,1,1,0
extremely_perfect,1,1,0
extremely_perilous,1,1,0
extremely_permissive,1,1,0
extremely_perplexing,1,1,0
plain_aware,1,1,0
plain_awake,1,1,0
plain_autocratic,1,1,0
plain_astonishing,1,1,0
extremely_petite,1,1,0
extremely_philosophical,1,1,0
extremely_pathetic,1,1,0
plain_bewildering,1,1,0
plain_biased,1,1,0
extremely_outlandish,1,1,0
extremely_organic,1,0,1
plain_brazen,1,1,0
plain_bothersome,1,1,0
plain_bossy,1,1,0
extremely_ornamental,1,1,0
extremely_outgoing,1,1,0
plain_bonkers,1,1,0
plain_blind,1,1,0
extremely_paramount,1,1,0
plain_blatant,1,1,0
extremely_overbearing,1,1,0
extremely_overcooked,1,1,0
extremely_overdue,1,1,0
extremely_overt,1,1,0
extremely_palatable,1,1,0
plain_bigger,1,1,0
phenomenally_entertaining,1,1,0
phenomenally_enjoyable,1,1,0
phenomenally_effective,1,1,0
perilously_dark,1,1,0
fabulously_homemade,1,1,0
permanently_ancient,1,1,0
permanently_affordable,1,1,0
fabulously_important,1,0,1
permanently_accessible,1,1,0
perilously_weak,1,1,0
perilously_uneven,1,1,0
perilously_unaware,1,1,0
perilously_slim,1,1,0
perilously_similar,1,0,1
perilously_short,1,1,0
perilously_quick,1,1,0
perilously_mysterious,1,0,1
perilously_low,1,1,0
perilously_long,1,1,0
perilously_ill,1,1,0
perilously_eventful,1,1,0
fabulously_grotesque,1,0,1
permanently_awful,1,1,0
permanently_beautiful,1,0,1
permanently_depressed,1,1,0
permanently_flawed,1,1,0
permanently_exempt,1,1,0
permanently_erect,1,1,0
permanently_dusty,1,1,0
permanently_dissatisfied,1,1,0
fabulously_full,1,1,0
permanently_deranged,1,1,0
permanently_deep,1,1,0
fabulously_green,1,1,0
permanently_deaf,1,1,0
permanently_dark,1,1,0
permanently_crippling,1,1,0
permanently_cosmetic,1,1,0
permanently_cold,1,1,0
permanently_casual,1,1,0
permanently_blue,1,1,0
perilously_dry,1,1,0
perilously_dangerous,1,0,1
permanently_good,1,0,1
fabulously_indulgent,1,1,0
fabulously_right,1,1,0
fabulously_run,1,1,0
fabulously_soft,1,1,0
perhaps_western,1,1,0
fabulously_sophisticated,1,1,0
fabulously_specific,1,1,0
perhaps_wealthy,1,1,0
perhaps_wealthier,1,1,0
fabulously_stupid,1,1,0
perhaps_wary,1,1,0
fabulously_sweet,1,0,1
fabulously_talented,1,1,0
perhaps_vulnerable,1,1,0
perhaps_virtuous,1,1,0
perhaps_viral,1,1,0
perhaps_violent,1,1,0
perhaps_vintage,1,1,0
perhaps_wide,1,1,0
fabulously_profitable,1,1,0
perhaps_winded,1,1,0
perhaps_worthy,1,0,1
perilously_bare,1,1,0
fabulously_interested,1,1,0
fabulously_kind,1,1,0
fabulously_meaningless,1,1,0
fabulously_modern,1,1,0
perhaps_wrinkled,1,1,0
perhaps_woven,1,1,0
perhaps_worthwhile,1,0,1
fabulously_popular,1,1,0
fabulously_more,1,1,0
fabulously_ornate,1,1,0
fabulously_phony,1,1,0
perhaps_wonderful,1,0,1
fabulously_picturesque,1,1,0
fabulously_pigmented,1,1,0
perhaps_wiser,1,1,0
permanently_foolish,1,0,1
permanently_gray,1,1,0
perhaps_vibrant,1,1,0
permanently_unlocked,1,1,0
fabulously_bright,1,0,1
perpetually_ashamed,1,1,0
perpetually_appealing,1,0,1
perpetually_anonymous,1,0,1
perpetually_angry,1,1,0
perpetually_amazed,1,1,0
fabulously_classic,1,1,0
permanently_wonderful,1,0,1
fabulously_complicated,1,0,1
permanently_wet,1,1,0
permanently_weak,1,1,0
permanently_visible,1,1,0
permanently_valuable,1,1,0
permanently_useless,1,1,0
fabulously_consistent,1,1,0
permanently_untrustworthy,1,1,0
fabulously_dangerous,1,0,1
perpetually_busy,1,1,0
perpetually_cheap,1,1,0
perpetually_combative,1,1,0
perpetually_dubious,1,1,0
perpetually_homesick,1,1,0
fabulously_ambiguous,1,1,0
fabulously_athletic,1,1,0
perpetually_grim,1,0,1
perpetually_flawed,1,1,0
perpetually_fascinating,1,0,1
perpetually_exhausting,1,0,1
perpetually_drunk,1,1,0
fabulously_brave,1,1,0
perpetually_distant,1,1,0
perpetually_dissatisfied,1,1,0
perpetually_disappointed,1,1,0
perpetually_depressed,1,1,0
perpetually_dependent,1,1,0
perpetually_dark,1,1,0
perpetually_crowded,1,1,0
permanently_unpublished,1,1,0
permanently_unhealthy,1,1,0
permanently_harmful,1,1,0
fabulously_decadent,1,1,0
permanently_okay,1,1,0
permanently_modern,1,0,1
permanently_lower,1,1,0
permanently_lonely,1,1,0
permanently_lasting,1,1,0
permanently_intellectual,1,1,0
permanently_insecure,1,1,0
permanently_insane,1,1,0
fabulously_fascinating,1,1,0
permanently_incapable,1,1,0
fabulously_fat,1,1,0
permanently_immune,1,1,0
permanently_immobile,1,1,0
permanently_hostile,1,1,0
fabulously_flattering,1,1,0
fabulously_flawed,1,1,0
permanently_helpless,1,1,0
permanently_optimistic,1,1,0
permanently_painful,1,0,1
permanently_perfect,1,1,0
permanently_stupid,1,0,1
fabulously_deluded,1,1,0
permanently_undone,1,1,0
fabulously_direct,1,1,0
fabulously_distracting,1,0,1
permanently_tipsy,1,1,0
permanently_temporary,1,1,0
permanently_subdued,1,1,0
fabulously_easier,1,1,0
permanently_private,1,1,0
permanently_stationary,1,1,0
permanently_sick,1,1,0
permanently_secure,1,1,0
permanently_scary,1,1,0
permanently_safe,1,1,0
fabulously_elegant,1,1,0
permanently_productive,1,0,1
perhaps_victorian,1,1,0
perhaps_versatile,1,1,0
perpetually_hot,1,1,0
faintly_enticing,1,1,0
faintly_demonic,1,0,1
perhaps_tipsy,1,1,0
perhaps_tiny,1,1,0
faintly_depressing,1,1,0
faintly_disgusted,1,1,0
perhaps_thorny,1,1,0
faintly_disgusting,1,1,0
perhaps_thinner,1,1,0
perhaps_thicker,1,1,0
perhaps_theological,1,1,0
faintly_distinguishable,1,1,0
perhaps_terrible,1,1,0
perhaps_temporary,1,1,0
perhaps_tedious,1,1,0
perhaps_technical,1,1,0
perhaps_tangential,1,1,0
faintly_distrustful,1,1,0
perhaps_tolerable,1,1,0
perhaps_tortured,1,1,0
faintly_defensive,1,0,1
faintly_critical,1,1,0
perhaps_unavailable,1,1,0
faintly_compelling,1,0,1
faintly_conscious,1,1,0
perhaps_ugly,1,1,0
perhaps_typical,1,1,0
faintly_controversial,1,0,1
faintly_creepy,1,0,1
perhaps_tropical,1,1,0
faintly_decadent,1,0,1
faintly_damning,1,0,1
perhaps_transportable,1,1,0
faintly_dangerous,1,1,0
perhaps_transient,1,0,1
perhaps_tragic,1,1,0
faintly_darker,1,1,0
perhaps_toxic,1,1,0
perhaps_sweeter,1,1,0
perhaps_surreal,1,1,0
faintly_comical,1,0,1
faintly_exotic,1,0,1
perhaps_stoic,1,1,0
perhaps_sticky,1,1,0
perhaps_stereotypical,1,1,0
faintly_incongruous,1,0,1
perhaps_splendid,1,1,0
faintly_interested,1,1,0
perhaps_spherical,1,1,0
perhaps_speculative,1,1,0
perhaps_specious,1,1,0
perhaps_special,1,0,1
faintly_irksome,1,0,1
faintly_irrational,1,0,1
faintly_irritated,1,1,0
perhaps_solid,1,1,0
faintly_irritating,1,1,0
faintly_laughable,1,0,1
perhaps_sober,1,1,0
perhaps_straightforward,1,1,0
faintly_impolite,1,0,1
perhaps_strict,1,1,0
perhaps_suburban,1,1,0
perhaps_supportive,1,1,0
perhaps_superstitious,1,1,0
perhaps_supernatural,1,1,0
faintly_far-fetched,1,1,0
faintly_grainy,1,1,0
perhaps_sufficient,1,1,0
perhaps_succesful,1,1,0
faintly_heavy,1,0,1
perhaps_strong,1,1,0
perhaps_subordinate,1,1,0
perhaps_subject,1,1,0
perhaps_subconscious,1,1,0
faintly_heroic,1,0,1
perhaps_stuck,1,1,0
faintly_illegal,1,0,1
faintly_illicit,1,0,1
perhaps_unavoidable,1,1,0
perhaps_uncanny,1,1,0
fabulously_unexpected,1,1,0
factually_right,1,0,1
perhaps_unskilled,1,1,0
perhaps_unsavory,1,1,0
perhaps_unremarkable,1,1,0
perhaps_unreliable,1,1,0
perhaps_unrecognisable,1,1,0
factually_intensive,1,1,0
perhaps_unrealistic,1,1,0
perhaps_unproductive,1,0,1
factually_justifiable,1,1,0
perhaps_unpopular,1,1,0
perhaps_unnoticeable,1,1,0
perhaps_unnerved,1,1,0
factually_mistaken,1,1,0
perhaps_unnatural,1,1,0
factually_nonsense,1,1,0
factually_pagan,1,1,0
perhaps_unlimited,1,1,0
factually_insane,1,0,1
factually_innocent,1,1,0
factually_indefensible,1,0,1
perhaps_upsetting,1,1,0
fabulously_uplifting,1,1,0
fabulously_vibrant,1,1,0
perhaps_valid,1,1,0
perhaps_useless,1,1,0
fabulously_wrong,1,0,1
perhaps_urban,1,1,0
perhaps_uptight,1,1,0
fabulously_yummy,1,0,1
factually_honest,1,1,0
perhaps_unworthy,1,1,0
factually_comprehensive,1,1,0
factually_devoid,1,1,0
perhaps_unwanted,1,1,0
factually_erroneous,1,1,0
perhaps_unused,1,1,0
perhaps_unusable,1,1,0
factually_related,1,1,0
perhaps_unknowable,1,0,1
faintly_cloudy,1,1,0
perhaps_universal,1,1,0
perhaps_uneasy,1,1,0
faintly_bizarre,1,0,1
perhaps_undiscovered,1,1,0
perhaps_undesirable,1,1,0
perhaps_underwater,1,1,0
perhaps_undervalued,1,1,0
perhaps_understated,1,1,0
perhaps_understandable,1,1,0
perhaps_underrated,1,1,0
perhaps_underpaid,1,1,0
faintly_blue,1,1,0
perhaps_unconvinced,1,1,0
faintly_bonkers,1,1,0
faintly_boring,1,1,0
perhaps_unconcerned,1,1,0
perhaps_uncommon,1,1,0
faintly_british,1,1,0
faintly_aware,1,1,0
perhaps_uneven,1,1,0
faintly_authoritarian,1,0,1
factually_uninformed,1,1,0
factually_sturdy,1,1,0
perhaps_uninteresting,1,1,0
factually_suspect,1,1,0
factually_tentative,1,1,0
factually_trivial,1,1,0
perhaps_uninspiring,1,1,0
perhaps_uninformed,1,1,0
factually_valid,1,1,0
faintly_annoying,1,0,1
perhaps_ungrateful,1,1,0
perhaps_unfriendly,1,1,0
perhaps_unfortunate,1,1,0
perhaps_unfit,1,1,0
perhaps_unfinished,1,1,0
perhaps_unfavorable,1,1,0
faintly_anachronistic,1,0,1
perpetually_horny,1,1,0
perpetually_hungry,1,1,0
phenomenally_eerie,1,1,0
personally_praiseworthy,1,1,0
extremely_unjust,1,1,0
extremely_unlikeable,1,1,0
extremely_unnerving,1,1,0
personally_repulsive,1,1,0
personally_repugnant,1,1,0
personally_remarkable,1,0,1
extremely_unorganized,1,1,0
personally_relatable,1,0,1
extremely_unpalatable,1,1,0
personally_racist,1,1,0
extremely_unproven,1,1,0
personally_profitable,1,1,0
personally_problematic,1,1,0
extremely_unqualified,1,1,0
extremely_unreasonable,1,1,0
personally_prickly,1,1,0
personally_preventable,1,1,0
personally_secular,1,1,0
extremely_universal,1,0,1
extremely_uninspired,1,1,0
personally_strong,1,1,0
personally_terrifying,1,1,0
personally_sympathetic,1,1,0
personally_symbolic,1,1,0
personally_sweet,1,1,0
personally_susceptible,1,1,0
personally_supportive,1,1,0
extremely_unimpressed,1,1,0
personally_spiritual,1,1,0
personally_serious,1,1,0
personally_specific,1,1,0
personally_special,1,0,1
personally_sinister,1,0,1
extremely_uninformed,1,1,0
personally_sick,1,1,0
personally_sexy,1,1,0
personally_sexist,1,1,0
extremely_unresponsive,1,1,0
personally_powerful,1,1,0
personally_threatening,1,1,0
extremely_unruly,1,1,0
personally_mature,1,1,0
personally_malicious,1,1,0
personally_lucrative,1,1,0
extremely_usable,1,0,1
personally_likeable,1,1,0
personally_libelous,1,1,0
extremely_useable,1,1,0
personally_lesser,1,1,0
personally_large,1,1,0
personally_jealous,1,1,0
personally_irresponsible,1,1,0
extremely_usual,1,1,0
extremely_utilitarian,1,1,0
extremely_variable,1,1,0
extremely_various,1,1,0
extremely_vast,1,1,0
personally_inspired,1,1,0
extremely_urban,1,1,0
personally_memorable,1,0,1
personally_meritorious,1,1,0
personally_own,1,1,0
personally_political,1,0,1
personally_poignant,1,0,1
extremely_unscrupulous,1,1,0
personally_pleasing,1,1,0
personally_pious,1,1,0
personally_personal,1,1,0
extremely_unsteady,1,1,0
personally_outraged,1,1,0
extremely_uptight,1,1,0
personally_offended,1,1,0
personally_odd,1,1,0
personally_objectionable,1,1,0
personally_noxious,1,0,1
personally_necessary,1,0,1
personally_nasty,1,1,0
personally_motivating,1,1,0
personally_thankful,1,1,0
personally_tolerable,1,1,0
personally_injurious,1,1,0
perversely_erotic,1,0,1
perversely_precise,1,0,1
perversely_pleasurable,1,0,1
perversely_playful,1,1,0
perversely_obligatory,1,0,1
perversely_malicious,1,1,0
perversely_logical,1,1,0
perversely_irresistible,1,0,1
perversely_ironic,1,1,0
perversely_inventive,1,1,0
perversely_intriguing,1,0,1
perversely_impressive,1,0,1
perversely_human,1,0,1
perversely_hilarious,1,0,1
perversely_happy,1,1,0
extremely_unbalanced,1,1,0
perversely_fitting,1,1,0
perversely_exhilarating,1,1,0
perversely_pretty,1,1,0
extremely_unaware,1,1,0
perversely_pure,1,0,1
extremely_unacceptable,1,1,0
phenomenally_diverse,1,1,0
phenomenally_disrespectful,1,0,1
phenomenally_difficult,1,1,0
phenomenally_competent,1,0,1
phenomenally_coincidental,1,1,0
phenomenally_busy,1,1,0
perversely_wrong,1,0,1
perversely_thrilled,1,1,0
perversely_raw,1,1,0
perversely_stupid,1,1,0
perversely_sexy,1,0,1
perversely_seductive,1,0,1
extremely_unattainable,1,0,1
perversely_remarkable,1,0,1
perversely_reluctant,1,1,0
perversely_reassuring,1,0,1
perversely_exciting,1,0,1
extremely_unconvincing,1,1,0
personally_touching,1,1,0
extremely_underfunded,1,1,0
personally_willing,1,1,0
extremely_ungrateful,1,1,0
personally_upbeat,1,1,0
personally_unsettling,1,0,1
personally_unprofitable,1,1,0
personally_unpleasant,1,1,0
personally_unknown,1,1,0
personally_unique,1,0,1
personally_unfit,1,1,0
personally_undisciplined,1,1,0
personally_undesirable,1,0,1
personally_uncomfortable,1,1,0
extremely_unimportant,1,1,0
personally_unacceptable,1,1,0
personally_unable,1,1,0
personally_troubling,1,1,0
personally_traumatic,1,1,0
personally_worthwhile,1,0,1
personally_wrenching,1,1,0
personally_wrong,1,1,0
perversely_compelling,1,0,1
perversely_endearing,1,0,1
perversely_eager,1,1,0
perversely_different,1,0,1
perversely_delicious,1,0,1
perversely_cruel,1,1,0
perversely_contrary,1,1,0
perversely_consistent,1,1,0
perversely_cheeky,1,1,0
perversely_addictive,1,0,1
perversely_charming,1,0,1
perversely_beautiful,1,0,1
perversely_apt,1,0,1
extremely_undisciplined,1,1,0
extremely_uneasy,1,0,1
perversely_akin,1,0,1
extremely_uneducated,1,1,0
personally_insightful,1,1,0
personally_inhuman,1,1,0
perpetually_incomplete,1,1,0
perpetually_youthful,1,1,0
persistently_positive,1,1,0
persistently_personal,1,1,0
persistently_painful,1,1,0
persistently_obnoxious,1,1,0
persistently_negative,1,1,0
persistently_lower,1,1,0
extremly_comfortable,1,1,0
persistently_irritable,1,1,0
persistently_irrational,1,1,0
persistently_hopeful,1,1,0
persistently_high,1,1,0
persistently_foggy,1,1,0
persistently_dishonest,1,1,0
persistently_dangerous,1,1,0
persistently_cloudy,1,1,0
persistently_available,1,1,0
persistently_anxious,1,1,0
persistently_resistant,1,1,0
persistently_responsive,1,1,0
persistently_rude,1,1,0
persistently_wet,1,1,0
personally_amazing,1,0,1
personally_agreeable,1,1,0
personally_aggressive,1,1,0
personally_adjustable,1,1,0
personally_adept,1,1,0
personally_accessible,1,1,0
persistently_worse,1,1,0
persistently_weak,1,1,0
persistently_self-destructive,1,1,0
persistently_unconscious,1,1,0
persistently_troublesome,1,1,0
persistently_tired,1,1,0
persistently_supportive,1,1,0
persistently_stupid,1,1,0
persistently_steady,1,1,0
persistently_sloppy,1,1,0
extremly_difficult,1,1,0
perpetually_young,1,1,0
personally_ambivalent,1,1,0
perpetually_worried,1,1,0
perpetually_positive,1,1,0
perpetually_poor,1,1,0
perpetually_pointless,1,1,0
perpetually_perplexed,1,0,1
perpetually_overcast,1,1,0
extremly_improbable,1,0,1
extremly_pleasant,1,1,0
extremly_rare,1,1,0
perpetually_natural,1,1,0
perpetually_modern,1,1,0
extremly_terrible,1,0,1
perpetually_miserable,1,1,0
perpetually_lazy,1,1,0
extremly_thankful,1,1,0
perpetually_lasting,1,1,0
perpetually_insolvent,1,1,0
fabulously_alive,1,1,0
perpetually_related,1,1,0
perpetually_reliant,1,1,0
perpetually_scared,1,1,0
perpetually_understaffed,1,1,0
perpetually_vulnerable,1,1,0
perpetually_unsolved,1,0,1
perpetually_unnerved,1,0,1
perpetually_unlucky,1,1,0
perpetually_unhappy,1,1,0
perpetually_unfit,1,1,0
extremly_exciting,1,0,1
perpetually_tired,1,1,0
perpetually_shit,1,1,0
perpetually_tense,1,1,0
perpetually_stable,1,1,0
perpetually_sore,1,1,0
perpetually_solid,1,0,1
perpetually_sleepy,1,0,1
perpetually_sick,1,1,0
perpetually_short,1,0,1
extremely_worthy,1,1,0
personally_anecdotal,1,1,0
personally_influential,1,1,0
personally_descriptive,1,1,0
extremely_vitriolic,1,1,0
extremely_voluminous,1,1,0
personally_excited,1,1,0
personally_enough,1,1,0
extremely_walkable,1,1,0
personally_engaging,1,0,1
personally_empty,1,1,0
personally_emotional,1,0,1
personally_eminent,1,1,0
extremely_wasteful,1,1,0
personally_edifying,1,1,0
personally_eager,1,1,0
personally_doable,1,1,0
personally_distasteful,1,1,0
personally_disrespectful,1,1,0
extremely_watery,1,1,0
personally_devastating,1,1,0
personally_fascinating,1,1,0
personally_fine,1,1,0
extremely_visionary,1,0,1
extremely_vexing,1,1,0
personally_individual,1,1,0
extremely_venomous,1,1,0
extremely_verbal,1,1,0
personally_inadequate,1,1,0
personally_impressed,1,1,0
personally_impactful,1,0,1
personally_immoral,1,1,0
personally_humble,1,1,0
extremely_viscous,1,1,0
personally_hazardous,1,1,0
personally_hard,1,1,0
extremely_virulent,1,1,0
extremely_visceral,1,0,1
personally_generous,1,1,0
personally_fulfilling,1,0,1
personally_frustrated,1,1,0
extremely_wavy,1,1,0
extremely_well-known,1,0,1
personally_antagonistic,1,0,1
personally_dependent,1,1,0
personally_comfortable,1,0,1
extremely_wishful,1,1,0
personally_chatty,1,1,0
personally_charming,1,1,0
personally_charismatic,1,1,0
personally_cathartic,1,1,0
personally_catastrophic,1,1,0
personally_bitter,1,1,0
personally_beneficial,1,1,0
personally_beautiful,1,0,1
personally_awful,1,0,1
extremely_worse,1,1,0
personally_authentic,1,1,0
personally_attractive,1,1,0
personally_approachable,1,1,0
personally_anxious,1,0,1
personally_anti-israel,1,1,0
personally_comforting,1,1,0
personally_compatible,1,0,1
personally_compelling,1,1,0
personally_crucial,1,0,1
personally_deleterious,1,1,0
personally_defective,1,0,1
personally_debilitating,1,1,0
extremely_white,1,1,0
extremely_whole,1,1,0
personally_damaging,1,1,0
extremely_wicked,1,1,0
personally_critical,1,0,1
extremely_winnable,1,1,0
personally_creative,1,1,0
personally_courageous,1,0,1
personally_contemptible,1,1,0
personally_constructive,1,0,1
extremely_wild,1,1,0
personally_confidential,1,1,0
personally_confident,1,1,0
n't_divisive,1,1,0
