bigram_lower,SUM,neg-mirror-R,neg-mirror-L
SUM,285435,210404,75031
more_important,12396,8818,3578
too_late,11087,11083,4
too_early,5200,5195,5
as_good,3471,3186,285
quite_sure,2967,2962,5
so_easy,2636,2607,29
too_old,2365,2356,9
more_frustrating,1895,690,1205
very_good,1572,1533,39
inherently_wrong,1521,43,1478
more_exciting,1438,557,881
as_bad,1326,1163,163
too_pleased,1293,57,1236
more_evident,1291,1239,52
more_satisfying,1259,338,921
too_happy,1185,107,1078
as_simple,1089,1040,49
more_beautiful,1083,367,716
more_true,1062,1032,30
as_important,1045,905,140
more_powerful,1036,462,574
too_young,994,987,7
more_fun,975,584,391
more_apparent,951,931,20
more_dangerous,941,555,386
really_sure,912,911,1
as_easy,889,869,20
even_close,873,549,324
so_happy,830,826,4
more_rewarding,804,255,549
more_popular,798,764,34
too_big,797,589,208
too_serious,781,105,676
more_difficult,775,525,250
more_annoying,763,233,530
too_much,745,703,42
too_small,738,675,63
too_busy,729,714,15
more_valuable,721,346,375
so_simple,683,620,63
too_careful,677,671,6
really_new,654,137,517
more_serious,647,204,443
more_different,614,612,2
more_critical,590,529,61
as_big,576,469,107
more_effective,554,434,120
too_sure,539,506,33
so_important,532,462,70
too_fancy,530,14,516
really_wrong,529,103,426
too_good,519,409,110
more_relevant,513,500,13
more_proud,485,475,10
too_crazy,480,60,420
that_simple,478,478,0
too_bad,460,97,363
as_strong,460,429,31
more_clear,460,448,12
that_easy,457,457,0
too_special,453,4,449
much_more,451,206,245
that_good,448,443,5
more_excited,448,441,7
more_obvious,445,411,34
as_effective,443,395,48
as_popular,439,421,18
too_cold,437,427,10
more_precious,433,195,238
so_good,432,350,82
too_exciting,431,26,405
quite_clear,427,425,2
too_difficult,425,296,129
too_hard,421,340,81
more_significant,412,223,189
particularly_new,407,90,317
more_urgent,405,369,36
more_vital,397,305,92
particularly_good,392,359,33
so_close,390,380,10
more_complicated,386,153,233
quite_right,384,382,2
any_better,382,368,14
more_relaxing,372,107,265
ever_easy,368,363,5
entirely_sure,366,366,0
really_special,365,11,354
so_bad,362,282,80
quite_able,340,340,0
more_american,335,109,226
more_likely,332,258,74
more_crucial,331,285,46
entirely_clear,329,329,0
more_interesting,327,153,174
particularly_special,327,8,319
too_hot,325,312,13
much_better,324,180,144
really_able,324,324,0
more_essential,324,231,93
as_powerful,321,229,92
more_attractive,321,172,149
so_excited,320,319,1
as_great,317,270,47
as_successful,317,301,16
more_romantic,311,83,228
really_interested,311,310,1
more_impressive,308,163,145
more_comforting,303,82,221
more_painful,301,128,173
really_good,301,236,65
more_challenging,301,226,75
ever_good,300,271,29
so_fun,299,288,11
more_enjoyable,292,114,178
that_great,288,282,6
so_great,285,217,68
more_special,281,96,185
too_high,279,264,15
more_appropriate,277,232,45
less_important,272,246,26
too_complicated,268,59,209
as_close,263,249,14
as_high,262,248,14
as_exciting,260,184,76
more_natural,258,157,101
more_gratifying,257,95,162
more_certain,252,208,44
so_scared,248,248,0
more_convenient,246,186,60
as_beautiful,246,156,90
more_embarrassing,245,90,155
so_high,245,240,5
really_happy,238,235,3
more_boring,237,92,145
as_large,235,175,60
as_interesting,232,208,24
more_complex,231,131,100
more_terrifying,231,78,153
really_bad,228,71,157
particularly_interested,227,226,1
as_satisfying,226,148,78
more_refreshing,225,67,158
particularly_interesting,225,113,112
more_wrong,224,193,31
more_disappointing,224,74,150
mutually_exclusive,224,208,16
too_safe,222,217,5
more_affordable,220,216,4
so_much,219,158,61
remotely_close,219,81,138
so_proud,216,214,2
more_comfortable,214,134,80
necessarily_wrong,213,22,191
particularly_wrong,212,9,203
physically_wrong,212,36,176
more_necessary,212,188,24
too_heavy,210,87,123
fully_satisfied,209,209,0
too_keen,209,118,91
more_surprised,208,206,2
ever_simple,207,203,4
more_accessible,207,205,2
ever_perfect,207,206,1
that_bad,205,205,0
too_surprising,205,65,140
as_fun,203,172,31
more_frightening,202,81,121
more_real,198,148,50
really_alone,195,195,0
really_clear,194,192,2
much_good,194,172,22
too_low,193,184,9
more_irritating,193,78,115
so_blind,191,29,162
intrinsically_wrong,191,8,183
as_cool,190,163,27
more_appealing,190,101,89
truly_alone,188,188,0
more_damaging,188,117,71
too_major,187,0,187
more_expensive,186,154,32
more_thrilling,185,52,133
more_wonderful,184,46,138
as_funny,183,168,15
as_happy,183,180,3
more_simple,180,132,48
so_glad,179,177,2
very_successful,178,173,5
more_common,176,142,34
as_dramatic,174,110,64
quite_enough,174,174,0
particularly_unusual,173,22,151
more_stressful,173,69,104
really_close,173,167,6
more_dramatic,172,91,81
so_sure,170,168,2
too_little,170,162,8
more_perfect,170,121,49
seriously_wrong,169,54,115
particularly_surprising,168,112,56
fundamentally_wrong,167,17,150
more_sinister,166,12,154
more_depressing,166,48,118
long_enough,165,164,1
so_strong,164,153,11
immediately_available,164,155,9
as_smart,162,161,1
very_interested,162,162,0
very_interesting,161,92,69
more_inspiring,160,56,104
even_aware,160,159,1
too_bright,159,41,118
quite_certain,159,159,0
so_popular,159,152,7
more_successful,158,147,11
more_intense,158,138,20
really_worried,158,154,4
more_compelling,155,89,66
more_memorable,154,79,75
so_clear,152,144,8
very_popular,152,149,3
too_extreme,151,42,109
as_impressive,151,121,30
very_happy,151,148,3
quite_satisfied,150,148,2
really_worth,149,94,55
truly_free,148,147,1
inherently_bad,148,67,81
exactly_sure,148,148,0
so_difficult,147,122,25
very_clear,147,143,4
ever_enough,147,146,1
too_fond,147,75,72
not_funny,146,146,0
as_clear,146,139,7
much_interested,146,146,0
as_sweet,145,104,41
more_exhilarating,144,34,110
more_timely,144,142,2
as_serious,144,80,64
more_fundamental,143,78,65
completely_satisfied,143,143,0
more_aware,143,142,1
ever_certain,143,141,2
too_thin,141,138,3
more_prevalent,140,128,12
as_famous,140,127,13
really_free,139,139,0
more_famous,139,72,67
particularly_close,138,134,4
truly_happy,138,138,0
really_satisfied,137,136,1
so_exciting,137,91,46
more_devastating,137,73,64
more_personal,137,64,73
more_tragic,137,58,79
more_confident,136,133,3
so_beautiful,136,83,53
more_apt,136,122,14
ever_able,136,136,0
too_rich,134,129,5
more_useful,133,84,49
more_alive,133,128,5
completely_sure,133,133,0
more_vulnerable,132,117,15
particularly_memorable,132,76,56
more_entertaining,132,70,62
too_thrilled,132,21,111
too_impressed,131,30,101
as_straightforward,131,124,7
too_short,130,120,10
as_dangerous,130,107,23
more_substantial,130,16,114
very_close,129,114,15
more_delicious,129,47,82
quite_ready,129,126,3
too_strong,129,82,47
more_amazing,128,37,91
more_disappointed,127,116,11
more_accurate,127,116,11
more_magical,127,37,90
as_much,126,121,5
so_powerful,126,68,58
most_intelligent,125,125,0
too_great,125,66,59
quite_good,125,122,3
too_concerned,123,100,23
readily_available,122,107,15
as_scary,122,97,25
more_grateful,122,120,2
too_easy,121,98,23
so_nervous,120,120,0
too_long,120,116,4
politically_correct,120,105,15
particularly_difficult,119,97,22
really_exciting,118,14,104
too_large,118,77,41
more_heartbreaking,118,34,84
more_prominent,117,76,41
too_deep,117,38,79
as_difficult,116,102,14
too_tight,115,97,18
particularly_exciting,114,36,78
really_important,114,55,59
currently_available,114,73,41
that_important,114,114,0
more_ready,114,111,3
so_busy,114,113,1
more_sacred,113,63,50
too_many,113,103,10
that_big,113,111,2
more_disheartening,113,33,80
more_basic,112,53,59
more_optimistic,112,108,4
so_sweet,112,80,32
too_spectacular,112,4,108
really_interesting,111,17,94
particularly_fond,111,111,0
as_special,110,62,48
statistically_significant,109,102,7
all_wrong,109,6,103
more_specific,109,32,77
more_motivating,109,37,72
absolutely_certain,109,105,4
very_high,108,107,1
even_worse,108,19,89
so_obvious,108,85,23
more_discouraging,108,47,61
particularly_remarkable,108,14,94
more_pleasing,107,45,62
very_strong,107,97,10
much_new,107,3,104
as_nice,107,67,40
more_absurd,106,74,32
too_complex,106,35,71
as_frustrating,106,45,61
all_bad,106,106,0
more_deserving,106,72,34
too_drastic,106,4,102
really_serious,106,45,61
so_satisfying,105,45,60
so_hard,105,99,6
as_memorable,105,79,26
as_significant,104,72,32
more_meaningful,104,62,42
so_dramatic,104,21,83
too_expensive,104,67,37
as_valuable,104,87,17
more_profound,104,60,44
very_important,104,69,35
damn_good,103,103,0
that_much,103,103,0
more_profitable,103,92,11
ever_likely,103,102,1
technically_wrong,103,11,92
more_sophisticated,103,38,65
entirely_comfortable,102,102,0
ever_wrong,102,96,6
as_perfect,102,94,8
less_true,102,65,37
really_comfortable,102,100,2
more_aggravating,101,38,63
more_competitive,101,93,8
very_comfortable,101,101,0
particularly_unique,101,25,76
very_easy,100,97,3
too_loose,99,93,6
more_central,99,79,20
more_secure,99,87,12
so_wrong,99,79,20
more_infuriating,99,40,59
more_awkward,98,48,50
so_impressed,98,98,0
particularly_easy,98,91,7
as_intense,98,82,16
too_strenuous,97,7,90
more_easy,97,83,14
morally_wrong,97,9,88
so_many,97,96,1
very_exciting,97,33,64
more_happy,97,94,3
too_proud,96,90,6
so_dangerous,96,61,35
too_close,96,82,14
completely_happy,96,96,0
completely_free,96,94,2
too_sweet,96,75,21
really_ready,96,93,3
so_low,96,93,3
too_unusual,95,6,89
more_delightful,95,35,60
more_spectacular,95,42,53
too_dramatic,95,7,88
more_frustrated,95,88,7
more_harmful,94,50,44
all_good,94,90,4
more_pleasant,94,39,55
more_sure,94,88,6
more_fascinating,94,58,36
so_angry,94,93,1
too_excited,94,72,22
too_soft,94,88,6
really_different,94,52,42
very_likely,94,93,1
more_destructive,93,52,41
so_convenient,93,85,8
more_iconic,93,56,37
more_efficient,93,72,21
more_surprising,93,67,26
very_big,93,84,9
particularly_impressive,93,73,20
too_challenging,92,25,67
particularly_bad,92,55,37
too_loud,92,71,21
much_different,92,51,41
more_fitting,92,75,17
more_pleased,92,89,3
so_grateful,92,91,1
particularly_original,92,41,51
as_comfortable,92,80,12
so_large,91,64,27
medically_necessary,91,89,2
more_visible,91,82,9
more_convincing,91,60,31
very_special,90,11,79
more_poignant,90,68,22
so_special,90,24,66
more_productive,90,70,20
very_effective,90,85,5
more_helpful,89,57,32
politically_active,89,89,0
actually_wrong,89,24,65
more_ridiculous,89,52,37
too_shabby,88,12,76
more_soothing,88,33,55
any_worse,88,85,3
more_pathetic,87,31,56
really_surprising,87,39,48
more_classic,87,28,59
completely_safe,87,87,0
less_impressive,87,80,7
so_disappointed,86,86,0
too_slow,86,80,6
as_severe,86,56,30
more_controversial,86,53,33
so_big,86,57,29
too_flashy,86,11,75
as_efficient,86,78,8
as_sexy,86,64,22
so_full,86,78,8
more_threatening,86,43,43
more_promising,86,75,11
particularly_noteworthy,85,32,53
too_shy,85,61,24
more_uncomfortable,85,34,51
really_big,85,43,42
truly_safe,84,84,0
actually_true,84,84,0
so_bold,83,76,7
so_serious,83,48,35
fully_able,83,83,0
more_remarkable,83,43,40
really_true,83,81,2
just_right,83,83,0
particularly_effective,83,83,0
more_intimate,82,18,64
so_true,82,74,8
as_hot,82,64,18
very_serious,82,38,44
as_excited,82,81,1
even_light,82,1,81
terribly_wrong,82,7,75
as_painful,81,58,23
not_enough,81,80,1
entirely_new,81,55,26
more_disturbing,81,46,35
more_disgusting,81,29,52
so_cold,81,80,1
more_daunting,81,51,30
too_worried,80,69,11
even_worth,80,74,6
particularly_successful,80,78,2
too_cautious,80,78,2
inherently_good,80,40,40
more_offensive,79,40,39
more_hopeful,79,67,12
more_practical,79,42,37
particularly_compelling,79,61,18
terribly_exciting,78,9,69
seriously_hurt,78,78,0
very_large,78,74,4
more_welcome,78,65,13
quite_happy,78,78,0
more_impressed,77,76,1
more_influential,77,61,16
so_quick,77,69,8
completely_comfortable,77,77,0
more_terrible,77,29,48
more_severe,77,42,35
as_young,76,67,9
seriously_ill,76,73,3
too_tired,76,75,1
as_compelling,76,66,10
as_cheap,76,75,1
entirely_happy,75,74,1
absolutely_sure,75,75,0
too_light,75,65,10
structurally_wrong,75,13,62
overly_concerned,75,74,1
as_wonderful,75,33,42
half_full,75,75,0
too_interesting,74,3,71
as_unique,74,43,31
particularly_happy,74,73,1
more_potent,74,48,26
very_long,73,73,0
as_tough,73,65,8
still_alive,73,67,6
more_empowering,73,16,57
so_tired,73,73,0
more_luxurious,73,29,44
as_safe,73,67,6
really_safe,73,71,2
more_right,73,68,5
too_impressive,73,9,64
too_crowded,72,70,2
too_terrible,72,8,64
as_amazing,72,44,28
more_humbling,72,18,54
more_upsetting,72,33,39
more_reliable,71,45,26
remotely_similar,71,9,62
so_naive,71,70,1
as_complex,71,48,23
quite_comfortable,71,71,0
as_obvious,71,52,19
so_foolish,71,67,4
more_strenuous,71,5,66
more_distracting,71,33,38
too_dry,70,65,5
too_important,70,34,36
so_fast,70,68,2
too_subtle,70,15,55
much_easier,70,68,2
really_necessary,70,68,2
more_qualified,70,42,28
terribly_new,69,7,62
so_affordable,69,69,0
as_black,69,68,1
so_stupid,69,60,9
more_exotic,69,15,54
very_difficult,69,56,13
too_severe,69,16,53
ever_free,69,69,0
as_spectacular,69,41,28
more_thankful,68,68,0
more_humiliating,68,27,41
more_worthy,68,36,32
too_dark,68,54,14
more_scary,68,18,50
too_eager,68,19,49
more_charming,68,37,31
entirely_free,68,67,1
more_liberating,68,23,45
even_able,67,67,0
really_great,67,44,23
particularly_great,67,46,21
too_scary,67,17,50
so_afraid,67,66,1
any_easier,67,67,0
too_interested,67,55,12
terribly_surprising,67,41,26
so_real,67,62,5
so_comfortable,67,66,1
very_new,67,12,55
too_new,66,7,59
more_reassuring,66,30,36
more_applicable,66,64,2
as_extreme,66,42,24
much_worse,66,37,29
very_funny,66,56,10
particularly_popular,66,65,1
very_helpful,65,60,5
more_uncertain,65,53,12
more_acute,65,65,0
as_enjoyable,65,44,21
again_able,65,65,0
that_popular,65,65,0
fully_aware,65,64,1
so_hot,65,60,5
as_rich,65,60,5
as_comprehensive,65,43,22
particularly_funny,64,44,20
far_better,64,15,49
directly_related,64,54,10
more_shocking,64,38,26
as_deep,64,56,8
more_interested,64,57,7
so_evident,64,60,4
more_intriguing,64,39,25
more_diverse,64,63,1
very_surprising,64,33,31
more_peaceful,64,25,39
more_noble,63,14,49
truly_satisfied,63,63,0
so_rich,63,57,6
as_many,63,60,3
too_harsh,63,30,33
more_scared,63,62,1
really_aware,63,63,0
more_intimidating,62,28,34
entirely_certain,62,62,0
longer_viable,62,62,0
more_stark,62,59,3
especially_new,62,18,44
much_wrong,62,2,60
that_interested,62,62,0
really_certain,62,61,1
so_interesting,61,36,25
more_human,61,41,20
particularly_useful,61,49,12
completely_clear,61,61,0
most_important,61,59,2
so_intense,61,56,5
obviously_wrong,61,13,48
widely_available,61,58,3
less_significant,61,51,10
more_adorable,61,28,33
too_obvious,61,30,31
more_mysterious,61,25,36
too_comfortable,61,46,15
remotely_true,61,61,0
more_costly,60,42,18
too_shocking,60,10,50
very_fond,60,60,0
so_delicious,60,46,14
that_close,60,60,0
as_precious,60,50,10
particularly_concerned,60,59,1
more_confusing,60,40,20
more_deadly,60,35,25
as_clean,60,57,3
so_poor,59,43,16
so_accessible,59,58,1
too_popular,59,21,38
so_small,59,45,14
more_demoralizing,59,25,34
that_hard,59,59,0
more_desirable,59,45,14
just_enough,59,11,48
as_ambitious,59,43,16
even_sure,58,58,0
so_lucky,58,57,1
more_passionate,58,44,14
too_intense,58,9,49
less_effective,58,45,13
particularly_hard,58,48,10
more_glaring,58,41,17
more_concerned,58,54,4
as_old,58,49,9
so_straightforward,58,54,4
inherently_evil,58,8,50
more_black,58,13,45
too_strange,58,21,37
more_horrifying,57,18,39
medically_wrong,57,4,53
as_sharp,57,56,1
any_closer,57,57,0
very_convincing,57,53,4
as_awesome,57,33,24
fully_comfortable,57,57,0
as_accurate,57,57,0
very_remarkable,57,10,47
so_strange,57,14,43
really_possible,57,57,0
more_beneficial,57,35,22
more_open,57,54,3
too_clear,57,35,22
too_warm,57,47,10
remotely_interesting,57,19,38
totally_sure,57,57,0
more_off-putting,57,23,34
completely_wrong,57,27,30
more_miserable,57,27,30
ever_boring,57,57,0
terribly_interesting,56,28,28
more_amusing,56,25,31
so_clean,56,51,5
as_rewarding,56,31,25
so_urgent,56,48,8
so_apparent,56,52,4
as_dominant,56,55,1
ever_black,56,56,0
so_rewarding,55,48,7
more_elegant,55,27,28
too_thick,55,47,8
most_likely,55,35,20
less_difficult,55,53,2
really_easy,55,54,1
too_surprised,55,43,12
so_terrible,55,22,33
so_cool,55,50,5
more_sexy,54,13,41
more_invigorating,54,13,41
particularly_novel,54,19,35
more_enticing,54,25,29
more_glorious,54,23,31
very_useful,54,42,12
more_glamorous,54,21,33
more_eager,54,50,4
as_smooth,54,49,5
ever_worth,53,45,8
so_free,53,50,3
so_certain,53,44,9
more_indicative,53,49,4
as_dark,53,46,7
as_productive,53,50,3
more_symbolic,53,39,14
very_bad,53,17,36
less_certain,53,42,11
necessarily_true,53,53,0
particularly_religious,53,48,5
so_pleased,53,50,3
more_lovely,53,22,31
super_special,52,2,50
particularly_strong,52,49,3
as_attractive,52,43,9
so_wonderful,52,14,38
as_prominent,52,43,9
as_real,52,48,4
really_more,52,23,29
very_appealing,52,50,2
exactly_right,52,51,1
too_distracting,52,9,43
exactly_clear,52,52,0
much_worth,52,3,49
less_real,52,20,32
as_fast,52,52,0
as_true,52,45,7
that_difficult,52,51,1
particularly_appealing,51,43,8
so_complicated,51,36,15
too_different,51,7,44
any_different,51,49,2
as_romantic,51,23,28
even_possible,51,51,0
as_cute,51,37,14
very_different,51,34,17
as_consistent,51,46,5
too_weird,51,25,26
as_tasty,51,33,18
as_pure,51,42,9
less_interesting,51,35,16
most_popular,51,49,2
ever_true,51,50,1
less_dangerous,51,44,7
as_comforting,50,21,29
more_sad,50,25,25
more_perilous,50,18,32
truly_new,50,19,31
fully_present,50,50,0
necessarily_bad,50,45,5
very_deep,50,40,10
too_trivial,50,39,11
ever_available,50,50,0
too_precious,50,35,15
more_stylish,49,35,14
more_nervous,49,48,1
as_reliable,49,43,6
more_awesome,49,12,37
so_perfect,49,39,10
more_positive,49,27,22
more_active,49,44,5
as_clever,49,46,3
ever_right,49,49,0
that_serious,49,47,2
as_strange,48,28,20
more_radical,48,16,32
as_magical,48,21,27
as_expensive,48,47,1
so_open,48,47,1
fully_clear,48,48,0
as_entertaining,48,41,7
too_outrageous,48,14,34
so_severe,48,33,15
more_pleasurable,48,19,29
so_critical,48,44,4
overly_special,48,2,46
even_noticeable,48,48,0
so_aware,48,48,0
more_pure,48,18,30
too_extravagant,48,8,40
ever_happy,48,48,0
commercially_successful,48,48,0
particularly_innovative,47,16,31
more_advanced,47,29,18
commercially_available,47,41,6
more_complete,47,34,13
as_complete,47,38,9
more_unique,47,24,23
easily_accessible,47,45,2
especially_good,47,39,8
very_attractive,47,42,5
less_likely,47,43,4
overly_complicated,47,19,28
more_extreme,46,27,19
more_vibrant,46,44,2
so_cheap,46,45,1
really_stuck,46,16,30
so_black,46,46,0
as_influential,46,39,7
more_violent,46,32,14
as_annoying,46,26,20
even_more,46,36,10
completely_certain,46,46,0
particularly_challenging,46,34,12
more_present,46,45,1
as_proud,46,46,0
as_tall,46,43,3
very_common,45,43,2
so_vulnerable,45,44,1
really_concerned,45,45,0
more_lethal,45,17,28
as_frightening,45,34,11
more_emblematic,45,38,7
very_complicated,45,24,21
more_engaging,45,25,20
more_authentic,45,17,28
that_straightforward,45,45,0
more_afraid,45,42,3
terribly_original,45,11,34
so_weak,45,40,5
more_upset,45,42,3
more_detrimental,45,31,14
as_healthy,45,45,0
too_original,45,5,40
particularly_controversial,45,18,27
particularly_spectacular,45,10,35
too_memorable,45,5,40
as_bright,45,43,2
particularly_notable,45,12,33
so_embarrassed,45,45,0
too_technical,45,9,36
more_tempting,44,26,18
really_spectacular,44,2,42
really_much,44,30,14
as_delicious,44,24,20
more_divisive,44,18,26
inherently_better,44,27,17
more_toxic,44,22,22
especially_wrong,44,1,43
remotely_comparable,44,7,37
too_wild,44,19,25
as_critical,44,39,5
more_flattering,44,20,24
completely_secure,44,44,0
not_good,44,39,5
particularly_comfortable,44,42,2
ever_satisfied,44,43,1
so_grand,44,18,26
as_devastating,44,31,13
personally_identifiable,43,35,8
truly_private,43,43,0
as_open,43,42,1
really_fancy,43,2,41
previously_available,43,42,1
really_funny,43,30,13
more_disconcerting,43,13,30
very_active,43,42,1
super_fancy,43,0,43
longer_pink,43,43,0
well_enough,43,42,1
as_aggressive,43,41,2
more_imperative,43,39,4
totally_different,43,42,1
too_remarkable,43,1,42
less_complicated,43,41,2
so_appealing,43,33,10
so_few,43,42,1
as_drastic,43,22,21
too_personal,43,14,29
too_specific,43,10,33
too_tough,42,30,12
very_unusual,42,4,38
particularly_important,42,27,15
as_controversial,42,37,5
as_busy,42,41,1
overtly_political,42,34,8
that_lucky,42,42,0
completely_successful,42,42,0
so_thankful,42,42,0
more_pertinent,42,39,3
fundamentally_new,42,7,35
very_keen,42,42,0
as_brilliant,42,34,8
so_successful,42,39,3
most_expensive,42,42,0
more_joyful,42,9,33
as_useful,42,35,7
too_steep,42,29,13
so_vile,42,9,33
too_confident,42,33,9
more_evil,42,26,16
as_glamorous,42,35,7
particularly_shocking,42,28,14
so_sick,42,42,0
as_innocent,42,37,5
particularly_outstanding,42,16,26
any_more,42,38,4
particularly_helpful,42,38,4
all_right,42,42,0
as_certain,42,36,6
more_patriotic,42,16,26
as_complicated,42,38,4
totally_free,41,41,0
more_alluring,41,23,18
that_happy,41,41,0
physically_abusive,41,41,0
totally_happy,41,41,0
completely_accurate,41,41,0
more_favorable,41,40,1
more_shocked,41,40,1
too_cool,41,39,2
too_graphic,41,7,34
as_iconic,41,28,13
really_right,41,39,2
remotely_funny,41,14,27
more_formidable,41,26,15
that_high,41,41,0
always_right,41,38,3
overtly_sexual,40,17,23
as_radical,40,33,7
entirely_successful,40,39,1
exactly_alike,40,39,1
so_tasty,40,34,6
more_elaborate,40,10,30
as_cold,40,38,2
that_strong,40,40,0
terribly_interested,40,40,0
more_embarrassed,40,40,0
too_outlandish,40,13,27
more_insulting,40,20,20
so_vital,40,35,5
so_precious,40,24,16
as_awful,40,28,12
more_topical,40,40,0
totally_satisfied,40,39,1
more_committed,40,38,2
as_interested,40,40,0
very_nice,40,34,6
more_unusual,39,26,13
more_satisfied,39,37,2
so_blatant,39,28,11
very_expensive,39,37,2
so_entertaining,39,33,6
more_uplifting,39,12,27
very_specific,39,29,10
completely_new,39,25,14
as_detailed,39,29,10
there_much,39,39,0
ever_sick,39,39,0
truly_complete,39,39,0
so_different,39,30,9
truly_able,39,39,0
too_fussy,39,14,25
as_dire,39,34,5
more_foolish,39,34,5
more_fatal,39,36,3
remotely_interested,39,38,1
really_complete,39,39,0
more_awful,39,13,26
more_creative,39,26,13
so_sad,39,32,7
always_easy,39,39,0
more_tedious,39,15,24
as_vital,39,31,8
very_hard,39,36,3
as_shocking,39,36,3
less_powerful,39,30,9
as_talented,39,37,2
so_terrified,39,38,1
so_useless,39,5,34
really_major,39,2,37
particularly_revolutionary,39,14,25
particularly_attractive,39,32,7
more_unsettling,39,12,27
so_confident,39,39,0
ever_alone,38,38,0
economically_viable,38,38,0
too_weak,38,38,0
fully_happy,38,38,0
that_stupid,38,38,0
as_passionate,38,33,5
better_qualified,38,23,15
as_deadly,38,29,9
any_bigger,38,37,1
less_attractive,38,22,16
so_funny,38,34,4
as_elegant,38,27,11
sexually_active,38,38,0
particularly_dangerous,38,20,18
more_consequential,38,26,12
real_good,38,35,3
more_distressing,38,18,20
really_dead,38,38,0
more_familiar,38,29,9
more_heartwarming,38,6,32
more_hilarious,38,15,23
really_significant,38,6,32
really_surprised,38,37,1
more_notable,38,12,26
more_persuasive,38,29,9
remotely_possible,38,37,1
much_fun,38,38,0
so_complex,38,26,12
more_transparent,38,35,3
more_dominant,37,33,4
more_cruel,37,27,10
ever_dull,37,37,0
overly_exciting,37,4,33
more_permanent,37,14,23
too_kind,37,8,29
entirely_satisfactory,37,35,2
as_common,37,34,3
that_interesting,37,36,1
very_impressive,37,27,10
more_risky,37,27,10
really_memorable,37,15,22
very_religious,37,35,2
publicly_available,37,35,2
too_clever,37,11,26
more_striking,36,30,6
very_original,36,17,19
so_desperate,36,32,4
more_straightforward,36,32,4
as_heavy,36,28,8
as_warm,36,28,8
more_intelligent,36,21,15
more_capable,36,30,6
so_fascinating,36,31,5
fully_healthy,36,36,0
more_erotic,36,9,27
fully_operational,36,36,0
very_much,36,22,14
directly_responsible,36,36,0
fundamentally_different,36,5,31
so_compelling,36,20,16
too_spicy,36,21,15
as_personal,36,29,7
so_ready,36,33,3
quite_perfect,36,35,1
so_enjoyable,36,32,4
more_suitable,36,18,18
so_stark,36,32,4
more_disastrous,36,25,11
more_obnoxious,36,14,22
legally_wrong,35,2,33
as_violent,35,28,7
more_determined,35,33,2
as_sad,35,15,20
more_disruptive,35,28,7
as_ugly,35,30,5
entirely_true,35,35,0
as_terrible,35,18,17
more_fashionable,35,29,6
as_extensive,35,26,9
really_impressed,35,35,0
more_jarring,35,19,16
more_valid,35,30,5
too_full,35,32,3
as_free,35,34,1
more_robust,35,35,0
more_possible,35,34,1
more_sensitive,35,27,8
as_grand,35,18,17
more_unpleasant,35,17,18
as_hard,35,35,0
more_shameful,35,11,24
as_harsh,35,32,3
as_evident,35,30,5
very_impressed,34,34,0
too_significant,34,1,33
essentially_wrong,34,1,33
more_recent,34,7,27
particularly_convincing,34,32,2
more_willing,34,30,4
so_prominent,34,30,4
more_contrary,34,28,6
more_honorable,34,12,22
too_friendly,34,10,24
as_profound,34,22,12
truly_independent,34,34,0
so_safe,34,31,3
so_young,34,29,5
as_crucial,34,26,8
more_predictable,34,23,11
especially_surprising,34,26,8
too_aggressive,34,22,12
more_political,34,18,16
more_troubling,34,20,14
as_concerned,34,34,0
very_pleasant,34,33,1
really_successful,34,32,2
as_surprising,34,33,1
too_fast,34,32,2
more_therapeutic,34,7,27
so_impressive,34,25,9
more_aggressive,34,27,7
so_effective,34,29,5
so_extreme,34,17,17
more_acceptable,34,32,2
as_loud,34,29,5
quite_complete,34,33,1
more_alarming,34,22,12
more_unattractive,33,9,24
more_false,33,24,9
entirely_safe,33,33,0
more_conducive,33,20,13
so_permanent,33,21,12
more_consistent,33,29,4
as_likely,33,33,0
truly_comfortable,33,33,0
more_useless,33,12,21
so_valuable,33,23,10
so_cruel,33,26,7
inherently_dangerous,33,2,31
remotely_related,33,18,15
more_damning,33,17,16
overly_complex,33,19,14
as_convenient,33,25,8
more_solid,33,15,18
especially_close,33,33,0
really_private,33,33,0
more_traditional,33,18,15
so_mad,33,32,1
particularly_keen,33,32,1
too_certain,33,24,9
as_meaningful,33,30,3
more_maddening,33,12,21
as_small,33,26,7
too_radical,32,9,23
immediately_clear,32,32,0
so_crucial,32,31,1
more_egregious,32,15,17
slightly_close,32,0,32
more_versatile,32,16,16
more_available,32,27,5
very_confident,32,32,0
so_wide,32,31,1
actually_free,32,32,0
entirely_accurate,32,32,0
now_alive,32,30,2
as_helpful,32,27,5
more_insidious,32,15,17
as_lovely,32,17,15
terribly_good,32,29,3
more_extraordinary,32,15,17
more_delighted,32,27,5
too_dangerous,32,14,18
so_bright,32,22,10
as_weird,32,19,13
too_extraordinary,32,2,30
more_bizarre,32,22,10
as_crazy,32,21,11
very_excited,32,27,5
any_good,32,32,0
very_accurate,32,31,1
too_obscure,32,19,13
more_horrible,32,11,21
more_festive,32,8,24
much_concerned,32,30,2
less_serious,32,31,1
ever_straightforward,32,32,0
ever_final,32,31,1
too_tricky,32,8,24
too_formal,32,9,23
too_exotic,31,5,26
as_quick,31,29,2
ever_necessary,31,31,0
too_clean,31,12,19
more_emotional,31,15,16
more_eloquent,31,25,6
mentally_ill,31,31,0
particularly_likable,31,30,1
even_visible,31,31,0
more_inviting,31,20,11
more_democratic,31,16,15
commercially_viable,31,31,0
particularly_large,31,30,1
as_widespread,31,27,4
entirely_absent,31,31,0
particularly_impressed,31,31,0
as_challenging,31,29,2
more_supportive,31,28,3
more_vivid,31,24,7
really_real,31,29,2
more_ripe,31,30,1
as_apparent,31,31,0
as_essential,31,26,5
so_long,31,30,1
more_explicit,31,22,9
as_active,31,29,2
as_eloquent,31,29,2
that_different,31,29,2
entirely_satisfied,31,31,0
so_frustrating,31,6,25
particularly_extraordinary,31,2,29
more_vocal,31,26,5
more_surreal,31,19,12
truly_successful,31,31,0
less_expensive,31,28,3
too_familiar,31,24,7
more_agreeable,31,25,6
so_effortless,31,31,0
that_keen,31,31,0
particularly_radical,31,14,17
as_predictable,31,29,2
less_exciting,31,19,12
environmentally_friendly,31,21,10
long_lasting,31,26,5
so_crass,31,12,19
more_realistic,31,26,5
so_dark,31,26,5
more_convinced,31,31,0
as_wide,31,30,1
as_wild,30,25,5
very_little,30,7,23
more_local,30,16,14
fully_complete,30,30,0
really_noteworthy,30,3,27
actually_able,30,30,0
more_doubtful,30,22,8
as_visible,30,28,2
as_impactful,30,26,4
more_hurtful,30,15,15
too_amazing,30,2,28
ever_sure,30,30,0
really_relevant,30,28,2
very_memorable,30,19,11
completely_right,30,29,1
more_impactful,30,18,12
more_distant,30,26,4
as_secure,30,30,0
as_fresh,30,26,4
so_sexy,30,24,6
more_outrageous,30,20,10
too_upset,30,28,2
more_stable,30,27,3
near_enough,30,28,2
more_deceptive,30,12,18
as_robust,30,28,2
so_drastic,30,3,27
quite_real,30,28,2
too_simple,30,25,5
more_ambitious,30,17,13
particularly_adept,30,30,0
too_smart,30,20,10
as_potent,30,22,8
radically_different,30,10,20
so_old,30,24,6
more_lucrative,30,23,7
too_wonderful,30,28,2
less_remarkable,30,26,4
more_tangible,30,11,19
aesthetically_pleasing,30,20,10
more_stupid,30,17,13
more_captivating,30,16,14
too_wide,30,26,4
more_terrified,30,30,0
too_controversial,30,5,25
so_fortunate,29,29,0
very_sure,29,29,0
so_relevant,29,28,1
more_worried,29,28,1
as_prevalent,29,28,1
particularly_high,29,28,1
too_overwhelming,29,15,14
more_bullish,29,25,4
really_hard,29,27,2
really_enough,29,29,0
as_vulnerable,29,27,2
more_unlikely,29,23,6
so_frightened,29,27,2
so_necessary,29,29,0
more_unfortunate,29,21,8
more_ubiquitous,29,22,7
as_profitable,29,28,1
less_popular,29,26,3
more_stunning,29,19,10
as_huge,29,15,14
less_relevant,29,27,2
more_loyal,29,19,10
really_remarkable,29,5,24
more_curious,29,23,6
completely_true,29,29,0
ever_possible,29,28,1
more_noticeable,29,23,6
truly_dead,29,29,0
ever_ready,29,29,0
so_clear-cut,29,28,1
consciously_aware,29,29,0
else_better,29,0,29
very_profitable,29,29,0
as_boring,29,17,12
more_dear,29,18,11
more_precise,29,20,9
specifically_wrong,29,3,26
more_incredible,29,7,22
as_stark,29,26,3
so_willing,29,27,2
exactly_new,29,25,4
totally_comfortable,28,28,0
really_original,28,6,22
particularly_significant,28,13,15
as_bold,28,21,7
too_noticeable,28,3,25
as_enthusiastic,28,27,1
not_possible,28,26,2
more_fragile,28,25,3
more_forthcoming,28,26,2
not_sure,28,27,1
as_egregious,28,15,13
really_perfect,28,28,0
too_detailed,28,11,17
more_free,28,26,2
not_available,28,21,7
really_popular,28,27,1
more_generous,28,17,11
actually_new,28,25,3
more_paramount,28,25,3
more_stimulating,28,9,19
ever_successful,28,28,0
too_elaborate,28,1,27
particularly_relevant,28,22,6
more_anxious,28,25,3
so_arrogant,28,28,0
that_successful,28,28,0
really_scary,28,19,9
fully_effective,28,27,1
that_funny,28,26,2
very_simple,28,17,11
yet_available,28,24,4
as_pleasant,28,16,12
more_correct,28,25,3
more_credible,28,21,7
super_exciting,28,3,25
less_beautiful,28,19,9
more_demanding,28,16,12
more_bitter,28,21,7
fully_sure,28,28,0
so_stylish,28,28,0
as_solid,28,24,4
so_heavy,28,18,10
so_challenging,28,23,5
overly_fond,28,28,0
very_bright,28,27,1
more_calming,28,8,20
just_black,28,25,3
truly_sure,28,28,0
very_satisfying,28,19,9
so_miserable,28,24,4
particularly_fancy,28,2,26
as_neat,28,25,3
really_impossible,28,26,2
so_complete,28,25,3
so_nice,28,14,14
too_quick,27,23,4
as_bizarre,27,18,9
more_motivated,27,27,0
more_mistaken,27,26,1
more_characteristic,27,23,4
totally_clear,27,27,0
so_painful,27,20,7
very_great,27,21,6
so_deaf,27,7,20
more_logical,27,17,10
ever_more,27,26,1
more_beloved,27,9,18
truly_bad,27,8,19
as_lucrative,27,22,5
so_upset,27,27,0
so_useful,27,21,6
particularly_friendly,27,26,1
as_disappointing,27,15,12
so_neat,27,24,3
as_flexible,27,24,3
as_appealing,27,27,0
so_likely,27,9,18
more_universal,27,13,14
more_addictive,27,19,8
more_unjust,27,23,4
so_deep,27,21,6
more_conspicuous,27,22,5
so_quiet,27,25,2
necessarily_better,27,25,2
more_enchanting,27,16,11
so_easier,27,27,0
too_successful,27,12,15
so_satisfied,27,27,0
as_relevant,27,26,1
as_direct,27,22,5
particularly_deep,27,16,11
as_practical,27,13,14
so_lovely,27,17,10
very_significant,27,15,12
terribly_important,27,15,12
so_frustrated,27,27,0
really_notable,27,3,24
so_bored,27,27,0
so_pure,26,14,12
particularly_clear,26,25,1
so_ambitious,26,14,12
more_arousing,26,4,22
really_present,26,26,0
really_terrible,26,7,19
so_spectacular,26,13,13
very_best,26,12,14
very_flattering,26,25,1
very_fun,26,25,1
more_untrue,26,23,3
really_outstanding,26,5,21
very_healthy,26,23,3
particularly_worried,26,25,1
more_prone,26,24,2
as_stupid,26,24,2
so_healthy,26,25,1
as_dumb,26,26,0
inherently_illegal,26,1,25
readily_apparent,26,20,6
less_compelling,26,23,3
real_serious,26,3,23
immediately_apparent,26,22,4
more_original,26,13,13
less_ambitious,26,21,5
particularly_inspiring,26,16,10
more_misleading,26,26,0
as_impressed,26,26,0
completely_alone,26,26,0
more_joyous,26,8,18
morally_acceptable,26,26,0
overly_excited,26,23,3
so_attractive,26,20,6
as_low,26,25,1
too_pleasant,26,10,16
socially_acceptable,26,25,1
too_overpowering,26,12,14
particularly_revelatory,26,13,13
more_foreign,26,25,1
particularly_fast,26,26,0
less_sexy,26,7,19
especially_difficult,26,21,5
quite_true,26,24,2
as_clear-cut,26,23,3
so_common,26,14,12
more_normal,26,21,5
more_dynamic,26,23,3
more_tired,26,25,1
more_startling,26,14,12
truly_original,26,16,10
fully_ready,26,26,0
too_sacred,26,20,6
particularly_different,25,10,15
so_pleasant,25,13,12
no_more,25,14,11
less_appealing,25,15,10
entirely_wrong,25,21,4
as_creative,25,20,5
as_friendly,25,24,1
not_fun,25,24,1
actually_present,25,24,1
ever_dead,25,25,0
so_expensive,25,20,5
so_loud,25,21,4
less_fun,25,13,12
as_cruel,25,18,7
so_presumptuous,25,25,0
more_confused,25,23,2
more_volatile,25,20,5
fully_awake,25,25,0
more_cynical,25,12,13
less_painful,25,20,5
completely_different,25,19,6
too_substantial,25,1,24
particularly_expensive,25,24,1
more_welcoming,25,13,12
as_dynamic,25,20,5
as_prolific,25,25,0
more_inconvenient,25,11,14
as_tight,25,25,0
more_endearing,25,15,10
truly_great,25,14,11
mechanically_wrong,25,4,21
ever_safe,25,25,0
more_attainable,25,25,0
just_good,25,16,9
so_thrilling,25,13,12
so_worried,25,24,1
very_fancy,25,7,18
particularly_sexy,25,11,14
more_loving,25,12,13
more_involved,25,16,9
particularly_likeable,25,25,0
inherently_special,25,1,24
really_crazy,25,10,15
really_difficult,25,19,6
more_enduring,25,18,7
ever_impossible,25,25,0
as_stable,24,24,0
too_far-fetched,24,15,9
terribly_special,24,0,24
really_specific,24,4,20
too_ambitious,24,7,17
more_enthusiastic,24,23,1
particularly_scary,24,13,11
totally_safe,24,24,0
so_amazing,24,11,13
more_seductive,24,13,11
so_diverse,24,22,2
particularly_serious,24,16,8
more_responsible,24,23,1
completely_healthy,24,23,1
very_friendly,24,23,1
as_explicit,24,22,2
so_prevalent,24,23,1
more_admirable,24,12,12
more_contentious,24,19,5
easily_available,24,22,2
particularly_complicated,24,10,14
overly_impressed,24,24,0
fully_successful,24,24,0
terribly_unusual,24,4,20
much_less,24,12,12
so_wet,24,24,0
even_necessary,24,24,0
truly_random,24,24,0
so_significant,24,14,10
immediately_obvious,24,22,2
very_dramatic,24,3,21
economically_feasible,24,24,0
as_full,24,24,0
so_surprised,24,24,0
more_palpable,24,23,1
as_sophisticated,24,18,6
really_shocking,24,13,11
overly_impressive,24,15,9
more_pervasive,24,21,3
too_wet,24,23,1
really_willing,24,24,0
completely_perfect,24,24,0
more_horrific,24,7,17
ever_fun,24,24,0
too_costly,24,21,3
more_fierce,24,21,3
so_alive,24,24,0
completely_private,24,24,0
that_fond,24,24,0
so_chic,24,20,4
more_debilitating,24,11,13
more_menacing,24,8,16
as_blatant,24,12,12
really_substantial,23,4,19
so_boring,23,14,9
more_safe,23,18,5
more_tiresome,23,14,9
particularly_pleasant,23,23,0
physically_present,23,23,0
so_ashamed,23,23,0
so_blunt,23,21,2
as_colorful,23,21,2
really_complicated,23,4,19
as_advanced,23,18,5
especially_unique,23,9,14
too_alarming,23,3,20
more_intrusive,23,16,7
especially_interesting,23,10,13
so_optimistic,23,21,2
particularly_dramatic,23,8,15
too_offensive,23,3,20
as_catchy,23,15,8
more_chilling,23,8,15
more_inspirational,23,13,10
really_strong,23,18,5
more_unexpected,23,12,11
too_narrow,23,23,0
too_bizarre,23,12,11
as_destructive,23,17,6
more_full,23,20,3
really_effective,23,21,2
especially_unusual,23,8,15
even_similar,23,21,2
more_prolific,23,16,7
most_effective,23,19,4
absolutely_perfect,23,21,2
too_taboo,23,23,0
too_cheap,23,20,3
much_bigger,23,16,7
particularly_athletic,23,23,0
so_terrifying,23,14,9
completely_effective,23,23,0
really_excited,23,22,1
more_worthwhile,23,9,14
necessarily_new,23,14,9
necessarily_right,23,23,0
more_opportune,23,22,1
more_ominous,23,12,11
more_numerous,23,23,0
really_afraid,23,23,0
more_dependent,23,23,0
that_impressive,23,22,1
more_feminine,23,7,16
significantly_different,23,16,7
too_enthusiastic,23,17,6
absolutely_true,23,23,0
more_divine,23,8,15
too_grand,23,7,16
so_tight,23,22,1
ethically_wrong,23,2,21
particularly_complex,23,15,8
very_cold,23,22,1
that_comfortable,23,23,0
particularly_clever,23,8,15
really_unique,23,5,18
more_worth,23,11,12
more_prosperous,23,22,1
as_precise,23,19,4
as_fascinating,22,20,2
as_sick,22,21,1
as_angry,22,22,0
as_poor,22,21,1
as_thin,22,22,0
as_elaborate,22,11,11
as_thick,22,20,2
very_busy,22,20,2
entirely_convincing,22,21,1
as_poignant,22,17,5
really_impressive,22,5,17
particularly_healthy,22,19,3
too_silly,22,17,5
truly_ready,22,22,0
completely_dark,22,22,0
not_true,22,22,0
as_scared,22,22,0
closely_related,22,20,2
as_intriguing,22,18,4
overly_dramatic,22,4,18
really_useful,22,13,9
yet_clear,22,21,1
much_higher,22,20,2
truly_special,22,2,20
really_positive,22,7,15
as_permanent,22,14,8
as_epic,22,15,7
as_brutal,22,16,6
as_sure,22,21,1
completely_dry,22,22,0
more_reasonable,22,21,1
more_pressing,22,11,11
more_frightful,22,2,20
fast_enough,22,21,1
more_direct,22,17,5
so_depressed,22,22,0
more_lonely,22,13,9
wholly_good,22,22,0
more_astonishing,22,11,11
more_revolting,22,16,6
so_unusual,22,5,17
more_magnificent,22,10,12
more_dreadful,22,9,13
more_mainstream,22,17,5
fiscally_responsible,22,15,7
so_absurd,22,8,14
even_available,22,21,1
more_colorful,22,14,8
longer_relevant,22,22,0
ever_acceptable,22,22,0
so_eager,22,20,2
terribly_complicated,22,10,12
more_plentiful,22,22,0
visibly_wrong,22,5,17
more_precarious,22,21,1
more_alien,22,17,5
more_satisfactory,22,12,10
so_confused,22,22,0
too_bold,22,13,9
more_honest,22,12,10
that_low,22,22,0
more_glad,22,22,0
so_fine,22,12,10
especially_popular,22,22,0
ever_permanent,22,21,1
especially_remarkable,22,8,14
ever_worried,22,22,0
very_productive,22,22,0
that_nervous,22,22,0
more_appreciative,22,21,1
so_deadly,22,17,5
more_graphic,22,13,9
fully_satisfactory,21,20,1
quite_free,21,21,0
more_brutal,21,14,7
more_hypocritical,21,11,10
remotely_believable,21,17,4
particularly_sympathetic,21,21,0
as_weak,21,20,1
as_beneficial,21,13,8
truly_unique,21,5,16
terribly_bad,21,7,14
very_familiar,21,21,0
so_little,21,16,5
as_horrific,21,14,7
exactly_wrong,21,8,13
so_exhilarating,21,14,7
more_british,21,11,10
more_heroic,21,13,8
more_brilliant,21,13,8
as_central,21,19,2
far_enough,21,21,0
more_antithetical,21,15,6
so_famous,21,12,9
particularly_likely,21,21,0
ever_new,21,17,4
any_higher,21,20,1
too_awful,21,4,17
more_healthy,21,15,6
ever_clear,21,21,0
as_disturbing,21,19,2
fully_certain,21,21,0
so_fierce,21,19,2
more_badass,21,10,11
very_consistent,21,21,0
not_cool,21,18,3
so_controversial,21,14,7
ever_late,21,21,0
as_capable,21,21,0
as_numerous,21,19,2
as_thrilling,21,14,7
more_public,21,14,7
so_shocked,21,21,0
more_widespread,21,21,0
too_groundbreaking,21,1,20
especially_memorable,21,12,9
more_vicious,21,5,16
so_cute,21,21,0
so_vivid,21,18,3
entirely_correct,21,21,0
previously_possible,21,21,0
absolutely_necessary,21,20,1
as_durable,21,19,2
more_dispiriting,21,7,14
more_conscious,21,20,1
more_conservative,21,10,11
more_unnerving,21,13,8
so_profound,21,13,8
as_thorough,21,19,2
intrinsically_bad,21,9,12
real_big,21,16,5
more_worrisome,21,11,10
as_quiet,21,20,1
more_synonymous,21,14,7
most_powerful,21,21,0
more_priceless,21,15,6
even_interested,21,21,0
as_urgent,21,20,1
as_confident,21,21,0
yet_certain,21,21,0
particularly_fun,21,20,1
as_skilled,21,19,2
particularly_fresh,21,9,12
as_remarkable,21,12,9
more_genuine,20,10,10
so_practical,20,6,14
as_charming,20,19,1
so_rude,20,19,1
more_despicable,20,7,13
overtly_wrong,20,2,18
really_accurate,20,19,1
particularly_positive,20,12,8
more_daring,20,9,11
as_immediate,20,12,8
so_awful,20,8,12
less_daunting,20,19,1
more_definite,20,6,14
less_enthusiastic,20,19,1
so_relaxed,20,20,0
completely_empty,20,18,2
less_controversial,20,19,1
so_magical,20,7,13
so_gentle,20,12,8
so_horrible,20,11,9
so_lonely,20,17,3
more_fabulous,20,11,9
really_fond,20,19,1
really_dramatic,20,2,18
more_exasperating,20,7,13
as_wealthy,20,19,1
more_evocative,20,12,8
fully_secure,20,20,0
so_motivated,20,20,0
more_chic,20,8,12
more_fearful,20,11,9
so_competitive,20,20,0
as_slow,20,20,0
very_enthusiastic,20,20,0
more_emphatic,20,17,3
fully_free,20,20,0
absolutely_wrong,20,14,6
more_australian,20,0,20
as_stressful,20,11,9
financially_viable,20,20,0
truly_secure,20,20,0
as_soft,20,17,3
more_dire,20,15,5
really_permanent,20,17,3
more_abundant,20,19,1
majorly_wrong,20,2,18
completely_ready,20,20,0
so_direct,20,20,0
too_kinky,20,14,6
very_smart,20,19,1
more_modern,20,10,10
so_dumb,20,18,2
not_easy,20,20,0
too_daunting,20,10,10
more_noteworthy,20,11,9
too_sharp,20,8,12
so_fair,20,15,5
actually_real,20,19,1
physically_violent,20,19,1
more_pernicious,20,11,9
more_revolutionary,20,10,10
as_explosive,20,19,1
too_rough,20,8,12
more_relaxed,20,20,0
even_present,20,20,0
more_prescient,20,18,2
too_explicit,20,5,15
more_adventurous,20,13,7
even_clear,20,20,0
more_rare,20,11,9
sexually_explicit,20,9,11
perfectly_safe,20,18,2
even_human,20,19,1
perfectly_clear,20,19,1
more_provocative,20,11,9
too_stupid,20,17,3
ever_open,20,19,1
as_fierce,20,15,5
more_ironic,20,14,6
as_diverse,20,17,3
more_traumatic,20,8,12
more_substantive,20,2,18
exactly_easy,20,20,0
actually_available,20,19,1
now_available,20,17,3
truly_alive,20,20,0
as_adorable,20,13,7
especially_interested,20,20,0
particularly_reliable,20,20,0
really_solid,20,10,10
any_younger,20,20,0
truly_equal,20,19,1
more_regrettable,19,8,11
overly_difficult,19,13,6
less_critical,19,19,0
as_conservative,19,17,2
so_widespread,19,18,1
especially_bad,19,6,13
so_dear,19,13,6
less_passionate,19,18,1
purely_good,19,19,0
too_perfect,19,19,0
less_satisfying,19,12,7
too_poor,19,16,3
more_thrilled,19,18,1
radically_new,19,2,17
as_daunting,19,14,5
even_desirable,19,19,0
so_secure,19,19,0
too_painful,19,7,12
as_nervous,19,19,0
particularly_accurate,19,19,0
particularly_cheap,19,19,0
so_radical,19,8,11
overly_sentimental,19,19,0
so_delightful,19,8,11
too_secure,19,12,7
as_pervasive,19,16,3
really_better,19,11,8
less_fascinating,19,13,6
entirely_secure,19,19,0
too_intrusive,19,8,11
as_peaceful,19,14,5
as_necessary,19,19,0
so_thrilled,19,19,0
so_pervasive,19,17,2
too_insignificant,19,16,3
so_passionate,19,13,6
more_sweet,19,5,14
more_sympathetic,19,17,2
so_sore,19,17,2
so_unhappy,19,18,1
more_drastic,19,2,17
politically_incorrect,19,17,2
so_scary,19,15,4
as_major,19,4,15
more_overwhelming,19,12,7
so_exquisite,19,4,15
more_angry,19,18,1
particularly_insightful,19,9,10
ever_complete,19,19,0
acutely_aware,19,19,0
terribly_popular,19,19,0
so_alone,19,19,0
really_unusual,19,1,18
yet_ready,19,17,2
ever_ok,19,19,0
completely_black,19,18,1
more_limited,19,7,12
more_ashamed,19,19,0
particularly_offensive,19,2,17
too_broad,19,15,4
too_boring,19,14,5
really_suitable,19,18,1
ever_present,19,18,1
more_irrelevant,19,15,4
so_bitter,19,12,7
as_heartbreaking,19,11,8
completely_honest,19,19,0
truly_perfect,19,19,0
particularly_rare,19,14,5
completely_predictable,19,19,0
no_better,19,8,11
as_gratifying,19,11,8
yet_sure,19,19,0
too_fat,19,19,0
more_fair,19,17,2
hugely_popular,19,19,0
terribly_complex,19,9,10
remotely_new,19,3,16
really_fun,19,15,4
less_valuable,19,15,4
most_talented,19,18,1
as_vivid,19,16,3
more_problematic,19,12,7
quite_believable,19,19,0
more_preposterous,19,17,2
as_unusual,19,15,4
really_high,19,19,0
too_powerful,19,10,9
too_dull,19,18,1
so_brazen,19,17,2
as_honest,18,17,1
so_mysterious,18,6,12
so_enthusiastic,18,15,3
so_right,18,18,0
so_fond,18,15,3
pretty_enough,18,18,0
as_embarrassing,18,9,9
less_dramatic,18,17,1
so_fragile,18,17,1
more_appetizing,18,6,12
quite_willing,18,18,0
so_personal,18,13,5
so_relaxing,18,11,7
as_divisive,18,14,4
longer_afraid,18,18,0
so_poignant,18,14,4
particularly_enthusiastic,18,18,0
so_explicit,18,17,1
so_literal,18,16,2
particularly_exceptional,18,6,12
as_horrible,18,14,4
politically_motivated,18,16,2
very_sexy,18,11,7
politically_popular,18,18,0
more_constant,18,11,7
so_dependent,18,18,0
so_dire,18,11,7
more_cool,18,7,11
very_real,18,16,2
so_fashionable,18,15,3
so_rare,18,12,6
so_inspiring,18,9,9
particularly_groundbreaking,18,9,9
so_efficient,18,18,0
too_positive,18,7,11
really_dark,18,15,3
more_durable,18,7,11
that_effective,18,18,0
more_hazardous,18,14,4
too_stiff,18,16,2
really_satisfying,18,16,2
more_illustrative,18,15,3
more_expressive,18,17,1
inherently_funny,18,3,15
as_authentic,18,15,3
inherently_immoral,18,2,16
as_ubiquitous,18,17,1
more_nostalgic,18,6,12
inherently_improper,18,2,16
more_wholesome,18,11,7
inherently_right,18,10,8
as_terrifying,18,18,0
very_old,18,17,1
too_flattering,18,5,13
seriously_interested,18,17,1
too_trendy,18,4,14
more_onerous,18,5,13
terribly_serious,18,6,12
really_open,18,15,3
more_plain,18,18,0
less_demanding,18,17,1
fully_functional,18,18,0
more_fearsome,18,4,14
more_favourable,18,18,0
that_clear,18,18,0
fully_open,18,18,0
terribly_fond,18,18,0
truly_wrong,18,3,15
terribly_fancy,18,2,16
more_prestigious,18,7,11
not_able,18,17,1
intrinsically_good,18,10,8
actually_funny,18,17,1
so_smooth,18,18,0
very_powerful,18,18,0
more_desperate,18,12,6
really_simple,18,18,0
so_specific,18,11,7
overly_sweet,18,16,2
overly_technical,18,11,7
so_slow,18,17,1
really_amazing,18,4,14
more_sobering,18,8,10
more_integral,18,13,5
so_annoying,18,5,13
overtly_religious,18,11,7
as_affordable,18,18,0
any_safer,18,18,0
overly_fancy,18,3,15
as_silly,18,14,4
really_available,18,17,1
really_worthwhile,18,4,14
very_positive,18,12,6
as_accessible,18,16,2
ever_okay,18,18,0
entirely_good,18,17,1
too_involved,18,11,7
more_unpredictable,18,13,5
as_stunning,18,17,1
more_representative,18,17,1
as_captivating,18,17,1
so_tragic,18,8,10
more_revealing,18,13,5
particularly_satisfying,17,16,1
as_generous,17,14,3
more_majestic,17,3,14
totally_new,17,9,8
totally_secure,17,17,0
ever_better,17,16,1
so_familiar,17,15,2
particularly_shy,17,17,0
quite_accurate,17,17,0
quite_convincing,17,17,0
more_resonant,17,12,5
more_sustainable,17,11,6
as_emotional,17,13,4
more_typical,17,15,2
more_splendid,17,8,9
morally_right,17,14,3
more_sickening,17,8,9
more_scientific,17,8,9
politically_feasible,17,17,0
especially_successful,17,14,3
more_repugnant,17,10,7
more_plausible,17,14,3
too_glamorous,17,2,15
so_dull,17,10,7
so_apt,17,17,0
even_good,17,15,2
more_pronounced,17,17,0
too_extensive,17,3,14
so_crude,17,4,13
remotely_surprising,17,11,6
too_egregious,17,3,14
so_anxious,17,16,1
particularly_amazing,17,4,13
ever_static,17,17,0
as_startling,17,16,1
substantially_different,17,5,12
less_surprising,17,14,3
really_cool,17,10,7
more_epic,17,7,10
as_substantial,17,11,6
so_uncomfortable,17,14,3
overly_graphic,17,8,9
particularly_eager,17,17,0
so_perilous,17,17,0
so_tough,17,16,1
as_overt,17,8,9
so_comforting,17,4,13
as_vibrant,17,16,1
so_thick,17,16,1
as_specific,17,13,4
overly_interested,17,17,0
so_potent,17,13,4
overly_serious,17,3,14
less_clear,17,15,2
more_degrading,17,12,5
more_corrosive,17,9,8
more_counterproductive,17,10,7
as_rosy,17,17,0
so_sharp,17,15,2
as_versatile,17,15,2
as_vocal,17,17,0
so_fatal,17,12,5
particularly_long,17,17,0
very_complex,17,10,7
very_compelling,17,13,4
more_innocent,17,9,8
completely_satisfactory,17,17,0
really_sick,17,17,0
more_infamous,17,9,8
that_smart,17,16,1
so_frightening,17,9,8
more_gorgeous,17,7,10
really_qualified,17,16,1
more_futile,17,9,8
completely_clean,17,17,0
half_empty,17,16,1
more_fraught,17,16,1
more_fortunate,17,17,0
often_enough,17,17,0
more_believable,17,15,2
fully_human,17,16,1
more_breathtaking,17,7,10
so_ignorant,17,13,4
as_inventive,17,16,1
really_hot,17,14,3
more_canadian,17,3,14
as_light,17,16,1
that_busy,17,17,0
inherently_negative,17,8,9
very_profound,17,8,9
very_optimistic,17,17,0
very_satisfactory,17,17,0
absolutely_safe,17,17,0
anywhere_close,17,17,0
well_worth,17,15,2
as_classic,17,7,10
any_clearer,17,16,1
very_similar,17,10,7
always_good,17,16,1
very_pleased,17,15,2
as_soothing,16,10,6
more_guilty,16,12,4
more_repulsive,16,6,10
more_irresponsible,16,11,5
so_horny,16,15,1
so_charming,16,12,4
particularly_sinister,16,2,14
as_slick,16,14,2
really_healthy,16,16,0
really_over,16,16,0
wildly_popular,16,16,0
very_promising,16,12,4
really_fair,16,16,0
really_extraordinary,16,1,15
too_odd,16,5,11
more_progressive,16,14,2
more_knowledgeable,16,12,4
particularly_kind,16,16,0
so_disgusted,16,16,0
so_romantic,16,6,10
so_humbling,16,6,10
particularly_subtle,16,8,8
so_central,16,15,1
more_dishonest,16,14,2
very_hot,16,15,1
as_flashy,16,13,3
so_trivial,16,10,6
more_sensual,16,4,12
more_distinct,16,14,2
absolutely_right,16,13,3
as_offensive,16,14,2
ever_bad,16,11,5
really_involved,16,15,1
more_advantageous,16,14,2
terribly_unique,16,1,15
particularly_active,16,15,1
so_warm,16,14,2
as_glorious,16,12,4
more_unsightly,16,7,9
less_safe,16,15,1
too_onerous,16,5,11
more_grand,16,5,11
so_essential,16,13,3
more_blissful,16,4,12
more_negative,16,8,8
more_lovable,16,11,5
less_profound,16,15,1
more_fantastic,16,9,7
as_competitive,16,14,2
so_convincing,16,14,2
as_broad,16,14,2
more_notorious,16,8,8
overly_flashy,16,10,6
even_willing,16,16,0
innately_wrong,16,0,16
very_particular,16,3,13
truly_memorable,16,6,10
very_scary,16,12,4
that_familiar,16,16,0
so_active,16,16,0
not_busy,16,16,0
really_boring,16,16,0
especially_exciting,16,4,12
entirely_possible,16,16,0
historically_significant,16,9,7
intrinsically_evil,16,5,11
historically_accurate,16,16,0
more_explosive,16,7,9
startlingly_new,16,2,14
as_stylish,16,12,4
so_sacred,16,9,7
so_wise,16,11,5
very_tall,16,16,0
more_funny,16,9,7
actually_sure,16,16,0
terminally_ill,16,15,1
more_bleak,16,11,5
truly_certain,16,16,0
so_subtle,16,9,7
so_odd,16,7,9
very_practical,16,15,1
completely_immune,16,16,0
as_wise,16,15,1
so_generous,16,16,0
more_exhausting,16,6,10
as_nasty,16,10,6
more_frequent,16,13,3
very_likeable,16,16,0
less_interested,16,14,2
too_revolutionary,16,1,15
even_recognizable,16,16,0
more_improbable,16,12,4
so_shocking,16,5,11
so_precise,16,16,0
too_unexpected,16,3,13
more_current,16,10,6
more_incorrect,16,14,2
more_definitive,16,7,9
better_available,16,0,16
drastically_different,16,4,12
so_short,16,16,0
as_intimate,16,11,5
more_detailed,16,7,9
more_abhorrent,16,9,7
really_revolutionary,16,3,13
more_tiring,16,9,7
as_refreshing,16,12,4
not_worth,16,15,1
so_productive,16,16,0
more_susceptible,16,15,1
as_blind,16,7,9
as_delightful,16,5,11
more_delicate,16,8,8
as_bleak,16,16,0
really_scared,16,16,0
more_tantalizing,16,8,8
very_strange,16,3,13
less_valid,16,11,5
too_demanding,16,0,16
so_awesome,16,13,3
more_tender,16,9,7
as_aware,16,16,0
less_necessary,16,10,6
so_visible,16,16,0
too_appealing,16,10,6
actually_bad,16,12,4
very_reliable,16,16,0
too_few,16,14,2
so_public,16,12,4
really_quiet,16,16,0
so_unique,16,8,8
objectively_true,16,8,8
as_outrageous,16,12,4
less_crucial,16,14,2
more_truthful,16,11,5
more_strange,16,12,4
more_nerve-wracking,15,9,6
perfectly_straight,15,14,1
so_crazy,15,11,4
so_glamorous,15,9,6
entirely_satisfying,15,13,2
ever_funny,15,15,0
that_perfect,15,15,0
more_excruciating,15,3,12
any_stronger,15,15,0
more_cheerful,15,10,5
too_funny,15,4,11
much_older,15,13,2
as_persuasive,15,12,3
so_remarkable,15,5,10
longer_possible,15,15,0
too_healthy,15,6,9
particularly_newsworthy,15,8,7
not_helpful,15,14,1
absolutely_clear,15,14,1
as_gorgeous,15,9,6
very_athletic,15,15,0
truly_interested,15,15,0
so_aggressive,15,12,3
particularly_reassuring,15,14,1
too_sexy,15,3,12
as_surprised,15,15,0
more_blatant,15,10,5
not_afraid,15,15,0
more_picturesque,15,9,6
as_catastrophic,15,9,6
as_worried,15,15,0
most_reliable,15,15,0
much_impressed,15,15,0
wide_open,15,13,2
really_black,15,13,2
not_useful,15,14,1
much_larger,15,8,7
particularly_mysterious,15,1,14
second_best,15,13,2
very_efficient,15,15,0
entirely_predictable,15,15,0
fully_confident,15,15,0
more_trustworthy,15,8,7
more_nefarious,15,2,13
too_salty,15,13,2
widely_popular,15,15,0
so_disrespectful,15,15,0
so_intimate,15,10,5
terribly_clear,15,15,0
less_alone,15,15,0
too_conservative,15,12,3
especially_effective,15,14,1
less_tragic,15,13,2
more_experienced,15,10,5
too_distant,15,12,3
more_ugly,15,8,7
that_cruel,15,15,0
too_afraid,15,13,2
very_forthcoming,15,15,0
as_mysterious,15,10,5
more_flexible,15,12,3
so_interested,15,14,1
not_aware,15,15,0
too_thrilling,15,0,15
as_tired,15,14,1
terribly_concerned,15,14,1
really_compelling,15,6,9
as_tragic,15,12,3
ever_interested,15,15,0
particularly_distinctive,15,3,12
quite_easy,15,15,0
so_colorful,15,12,3
more_depressed,15,15,0
less_efficient,15,12,3
more_sensible,15,11,4
more_courageous,15,8,7
more_subject,15,14,1
any_wiser,15,14,1
more_scandalous,15,8,7
as_odd,15,11,4
more_subversive,15,7,8
remotely_accurate,15,15,0
longer_functional,15,15,0
more_instructive,15,11,4
as_athletic,15,14,1
as_cozy,15,8,7
more_invasive,15,4,11
more_inappropriate,15,10,5
as_ready,15,15,0
very_poor,15,14,1
as_luxurious,15,8,7
much_exciting,15,1,14
very_crowded,15,15,0
more_cowardly,15,0,15
more_unhealthy,15,10,5
really_ours,15,15,0
particularly_alarming,15,3,12
truly_terrible,15,7,8
too_stable,15,5,10
particularly_surprised,15,15,0
clearly_visible,15,15,0
as_fancy,15,5,10
more_disgusted,15,15,0
more_similar,15,12,3
really_other,15,1,14
as_crowded,15,15,0
more_unpopular,15,14,1
never_good,15,15,0
ever_personal,15,12,3
directly_involved,15,15,0
most_exciting,15,15,0
very_heavy,15,13,2
particularly_strange,15,2,13
more_innovative,15,10,5
really_hungry,15,15,0
really_keen,15,15,0
technically_illegal,15,11,4
as_addictive,15,13,2
more_galling,15,7,8
too_wise,15,14,1
too_sick,15,14,1
more_elusive,15,11,4
too_showy,15,4,11
as_steep,15,14,1
as_damaging,15,14,1
necessarily_illegal,15,2,13
more_contemptible,15,8,7
most_successful,15,14,1
more_recognizable,15,7,8
quite_dead,15,15,0
openly_gay,15,15,0
really_exceptional,15,4,11
better_pleased,15,15,0
especially_original,15,2,13
as_exhilarating,15,6,9
more_fulfilling,14,3,11
too_ready,14,10,4
better_able,14,12,2
too_profound,14,5,9
as_irritating,14,7,7
much_closer,14,11,3
so_versatile,14,12,2
too_notable,14,0,14
remotely_realistic,14,11,3
so_soft,14,11,3
horribly_wrong,14,3,11
entirely_surprising,14,14,0
particularly_flattering,14,13,1
terribly_difficult,14,8,6
not_acceptable,14,13,1
ever_aware,14,14,0
factually_incorrect,14,8,6
too_damaging,14,0,14
solely_responsible,14,14,0
more_immediate,14,9,5
remotely_original,14,5,9
really_alive,14,14,0
as_chaotic,14,12,2
readily_accessible,14,14,0
particularly_meaningful,14,9,5
more_helpless,14,5,9
truly_ours,14,14,0
as_informative,14,13,1
more_harrowing,14,7,7
completely_confident,14,14,0
so_vulgar,14,3,11
entirely_right,14,14,0
so_appropriate,14,14,0
too_convincing,14,6,8
terribly_remarkable,14,5,9
so_welcome,14,12,2
so_peaceful,14,12,2
more_foundational,14,9,5
more_heartening,14,8,6
yet_aware,14,14,0
so_concerned,14,14,0
completely_bad,14,14,0
that_crazy,14,14,0
quite_normal,14,13,1
so_pathetic,14,3,11
n't_good,14,14,0
inherently_difficult,14,2,12
so_hungry,14,14,0
particularly_frightening,14,6,8
too_optimistic,14,11,3
still_available,14,14,0
as_inspiring,14,13,1
completely_innocent,14,14,0
especially_compelling,14,13,1
so_violent,14,11,3
financially_secure,14,14,0
more_excellent,14,5,9
so_luxurious,14,11,3
really_nervous,14,14,0
so_empty,14,11,3
as_original,14,11,3
ever_predictable,14,14,0
more_crowded,14,14,0
more_unnatural,14,5,9
entirely_able,14,14,0
as_fine,14,10,4
not_necessary,14,14,0
very_subtle,14,11,3
more_crazy,14,7,7
as_satisfactory,14,13,1
offensively_bad,14,9,5
more_disrespectful,14,2,12
less_intense,14,14,0
too_brave,14,14,0
as_brave,14,12,2
remotely_good,14,10,4
more_salient,14,13,1
technically_difficult,14,9,5
more_riveting,14,6,8
really_visible,14,8,6
necessarily_good,14,12,2
yet_able,14,14,0
more_agonizing,14,8,6
more_relieved,14,12,2
as_sleek,14,12,2
so_new,14,7,7
as_adept,14,14,0
as_noticeable,14,13,1
as_notable,14,12,2
more_dirty,14,12,2
as_fantastic,14,13,1
more_stringent,14,11,3
really_unexpected,14,7,7
less_worthy,14,10,4
as_pleased,14,14,0
so_helpless,14,10,4
as_pleasurable,14,8,6
as_definitive,14,12,2
too_unique,14,2,12
as_benign,14,14,0
quite_big,14,13,1
too_attractive,14,6,8
too_greedy,14,14,0
more_unequal,14,6,8
very_definite,14,3,11
so_eloquent,14,11,3
more_thorough,14,12,2
so_emotional,14,14,0
so_destructive,14,9,5
too_vigilant,14,14,0
even_real,14,14,0
really_separate,14,14,0
much_worried,14,12,2
morally_superior,14,5,9
too_wrong,14,3,11
especially_noteworthy,14,6,8
so_jealous,14,14,0
quite_alone,14,14,0
drastically_wrong,14,4,10
ever_willing,14,14,0
particularly_thrilling,14,9,5
dramatically_different,14,4,10
more_professional,14,8,6
very_surprised,14,14,0
more_encouraging,14,8,6
more_obsessed,14,12,2
any_happier,14,14,0
so_kind,14,14,0
that_obvious,14,14,0
visually_appealing,14,8,6
truly_easy,14,13,1
more_extensive,14,8,6
truly_evil,14,14,0
ethically_acceptable,14,14,0
particularly_political,14,12,2
more_offended,14,14,0
entirely_innocent,14,14,0
more_nutritious,14,10,4
even_useful,14,14,0
that_hot,14,14,0
really_clean,14,14,0
too_sad,14,12,2
too_common,14,4,10
wholly_bad,14,14,0
more_wasteful,14,7,7
even_worthy,14,14,0
so_brave,14,12,2
less_accurate,14,14,0
very_open,14,14,0
too_risque,14,2,12
more_perplexing,14,10,4
more_unappealing,14,4,10
much_other,14,0,14
more_probable,14,11,3
especially_impressive,14,9,5
more_pivotal,14,13,1
criminally_wrong,14,4,10
more_private,14,6,8
truly_aware,14,14,0
entirely_fair,14,14,0
truly_black,14,14,0
even_new,14,11,3
truly_anonymous,14,14,0
really_empty,14,14,0
less_entertaining,13,7,6
more_dependable,13,10,3
longer_acceptable,13,13,0
more_demeaning,13,5,8
especially_fond,13,13,0
too_intimidating,13,2,11
very_warm,13,13,0
so_ripe,13,12,1
so_dry,13,10,3
even_unusual,13,3,10
more_heartfelt,13,7,6
as_rare,13,10,3
soon_enough,13,13,0
less_cool,13,3,10
as_uncomfortable,13,10,3
more_holy,13,6,7
very_sophisticated,13,9,4
so_calm,13,13,0
so_pleasing,13,6,7
so_extraordinary,13,5,8
necessarily_accurate,13,13,0
particularly_safe,13,13,0
more_competent,13,11,2
more_fit,13,11,2
particularly_pleased,13,13,0
so_careless,13,13,0
very_unique,13,5,8
particularly_magical,13,1,12
more_distasteful,13,7,6
more_distinctive,13,10,3
independently_wealthy,13,13,0
more_hopeless,13,8,5
basically_wrong,13,1,12
universally_popular,13,12,1
more_fruitful,13,9,4
too_mundane,13,13,0
as_wrong,13,7,6
so_rigid,13,11,2
as_revolutionary,13,13,0
as_shocked,13,12,1
necessarily_indicative,13,13,0
so_wild,13,10,3
perfectly_happy,13,12,1
so_egregious,13,7,6
most_interesting,13,13,0
as_magnificent,13,7,6
particularly_powerful,13,12,1
too_dirty,13,4,9
even_interesting,13,12,1
more_devoted,13,10,3
more_graceful,13,9,4
so_elegant,13,10,3
very_satisfied,13,12,1
very_secure,13,12,1
ever_afraid,13,13,0
too_disappointed,13,13,0
so_elaborate,13,4,9
so_disturbing,13,3,10
less_urgent,13,11,2
so_crowded,13,13,0
more_appalling,13,8,5
so_glorious,13,7,6
so_creative,13,13,0
inherently_problematic,13,4,9
more_pointless,13,7,6
that_scary,13,12,1
that_sick,13,13,0
more_prepared,13,12,1
that_nice,13,13,0
currently_active,13,12,1
any_less,13,13,0
more_racist,13,6,7
too_casual,13,11,2
keenly_aware,13,12,1
really_helpful,13,8,5
wholly_free,13,12,1
really_convincing,13,12,1
truly_effective,13,12,1
completely_reliable,13,13,0
too_horrible,13,5,8
more_miraculous,13,5,8
too_risky,13,5,8
essentially_new,13,1,12
ever_hungry,13,12,1
more_moral,13,6,7
that_fast,13,13,0
n't_easy,13,13,0
really_capable,13,11,2
really_confident,13,12,1
as_hilarious,13,9,4
truly_good,13,9,4
remotely_wrong,13,3,10
too_satisfied,13,10,3
so_humble,13,8,5
really_comparable,13,4,9
really_competitive,13,12,1
too_gentle,13,1,12
so_intuitive,13,13,0
so_keen,13,13,0
ever_real,13,13,0
so_uncertain,13,13,0
more_able,13,12,1
as_extraordinary,13,10,3
totally_accurate,13,13,0
really_secure,13,13,0
more_telling,13,9,4
too_baggy,13,7,6
less_surprised,13,9,4
so_hopeful,13,10,3
really_short,13,12,1
so_delicate,13,7,6
more_unfair,13,9,4
egregiously_wrong,13,3,10
as_basic,13,11,2
too_threatening,13,2,11
more_un-american,13,8,5
more_subtle,13,9,4
as_familiar,13,11,2
objectively_wrong,13,3,10
too_bland,13,12,1
so_tidy,13,12,1
less_secure,13,12,1
simply_black,13,13,0
just_simple,13,5,8
really_negative,13,4,9
really_normal,13,13,0
really_official,13,12,1
as_fit,13,13,0
more_serene,13,3,10
so_damaging,13,10,3
immediately_visible,13,7,6
more_skilled,13,8,5
really_personal,13,5,8
even_conscious,13,13,0
more_spiritual,13,7,6
as_idyllic,13,13,0
as_handsome,13,13,0
too_creative,13,3,10
too_racy,13,0,13
financially_successful,13,13,0
more_intuitive,13,11,2
so_vast,13,12,1
more_ludicrous,13,11,2
remotely_scary,13,3,10
as_changeable,13,13,0
remotely_romantic,13,3,10
more_lasting,13,7,6
particularly_creative,13,7,6
as_keen,13,13,0
completely_correct,13,13,0
fully_alive,13,12,1
so_ill,13,13,0
particularly_aggressive,13,12,1
more_illuminating,13,9,4
strictly_necessary,13,13,0
ever_close,13,13,0
more_bothersome,13,9,4
completely_open,13,13,0
less_funny,13,6,7
more_liberal,13,12,1
truly_possible,13,13,0
more_intoxicating,13,6,7
more_manly,13,2,11
remotely_relevant,13,12,1
so_contagious,13,12,1
very_extraordinary,13,3,10
physically_active,13,13,0
particularly_big,12,10,2
too_embarrassing,12,3,9
actually_illegal,12,9,3
more_incongruous,12,11,1
wholly_right,12,12,0
as_ridiculous,12,9,3
more_indispensable,12,8,4
less_challenging,12,12,0
inherently_superior,12,7,5
as_sacred,12,9,3
so_engaging,12,11,1
longer_taboo,12,12,0
really_mad,12,11,1
really_meaningful,12,3,9
so_near,12,12,0
so_natural,12,8,4
glaringly_wrong,12,2,10
more_injurious,12,11,1
most_comfortable,12,12,0
particularly_graphic,12,4,8
less_brutal,12,11,1
really_nice,12,9,3
so_astonishing,12,10,2
really_noticeable,12,4,8
directly_comparable,12,6,6
more_unprofessional,12,2,10
most_original,12,12,0
not_perfect,12,12,0
so_honest,12,11,1
necessarily_easy,12,12,0
as_blunt,12,9,3
particularly_brilliant,12,9,3
so_innocent,12,10,2
really_shocked,12,12,0
particularly_exotic,12,5,7
more_tenuous,12,12,0
actually_alone,12,12,0
more_heinous,12,6,6
fully_asleep,12,12,0
too_advanced,12,3,9
too_adventurous,12,1,11
less_strong,12,5,7
less_stunning,12,11,1
more_tranquil,12,6,6
too_tall,12,9,3
particularly_valuable,12,8,4
too_amused,12,1,11
too_anxious,12,4,8
so_faithful,12,11,1
fully_convincing,12,12,0
brand_new,12,9,3
more_decadent,12,2,10
more_tense,12,11,1
less_competitive,12,11,1
too_steady,12,1,11
too_absurd,12,8,4
so_fancy,12,3,9
totally_confident,12,12,0
more_easier,12,11,1
very_wrong,12,1,11
particularly_common,12,12,0
more_sublime,12,6,6
particularly_flashy,12,5,7
more_haunting,12,7,5
remotely_human,12,2,10
necessarily_desirable,12,12,0
terribly_impressive,12,6,6
too_picky,12,8,4
too_strict,12,11,1
ever_visible,12,12,0
less_spectacular,12,9,3
more_unhappy,12,11,1
remotely_illegal,12,3,9
ever_comfortable,12,12,0
remotely_controversial,12,3,9
completely_able,12,12,0
less_violent,12,8,4
totally_right,12,12,0
so_plain,12,11,1
entirely_reliable,12,12,0
truly_human,12,11,1
so_abundant,12,11,1
always_true,12,12,0
really_challenging,12,6,6
so_fresh,12,8,4
less_desirable,12,9,3
extremely_special,12,1,11
too_scared,12,12,0
so_alluring,12,10,2
completely_independent,12,12,0
more_fancy,12,2,10
that_large,12,12,0
so_fundamental,12,5,7
so_broad,12,11,1
so_sophisticated,12,7,5
actually_good,12,12,0
particularly_productive,12,10,2
terribly_comfortable,12,11,1
especially_fancy,12,3,9
only_available,12,12,0
very_fast,12,12,0
wholly_successful,12,12,0
more_mature,12,8,4
really_appealing,12,9,3
really_appropriate,12,10,2
less_devastating,12,10,2
really_angry,12,12,0
particularly_nice,12,11,1
less_troubling,12,12,0
particularly_objectionable,12,1,11
more_motivational,12,7,5
completely_objective,12,12,0
overly_spectacular,12,1,11
particularly_odd,12,0,12
that_excited,12,12,0
more_final,12,7,5
more_ferocious,12,10,2
that_exciting,12,9,3
so_acute,12,12,0
really_concrete,12,4,8
very_likable,12,12,0
as_witty,12,11,1
more_rational,12,6,6
really_evil,12,10,2
too_oily,12,12,0
so_surprising,12,8,4
so_rough,12,11,1
longer_male,12,12,0
more_protective,12,5,7
completely_convincing,12,12,0
more_radiant,12,10,2
exactly_true,12,12,0
more_other,12,8,4
more_good,12,6,6
so_tangible,12,4,8
openly_hostile,12,12,0
as_usual,12,6,6
less_romantic,12,8,4
longer_contagious,12,12,0
more_respectable,12,9,3
completely_absent,12,12,0
any_larger,12,10,2
so_numerous,12,12,0
too_drunk,12,12,0
as_convincing,12,11,1
really_consistent,12,10,2
particularly_welcome,12,11,1
more_hostile,12,9,3
more_exclusive,12,8,4
more_patient,12,7,5
wholly_convincing,12,12,0
terribly_expensive,12,10,2
as_constant,12,11,1
that_quick,12,12,0
more_plastic,12,12,0
very_glamorous,12,5,7
ever_fair,12,12,0
inherently_racist,12,2,10
that_significant,12,12,0
less_disturbing,12,10,2
more_jealous,12,12,0
more_pretentious,12,4,8
particularly_warm,12,11,1
so_irritating,12,5,7
too_fine,12,8,4
even_old,12,12,0
most_stable,12,12,0
perfectly_round,12,12,0
more_authoritative,12,7,5
as_hungry,12,11,1
too_huge,12,2,10
more_apropos,12,9,3
n't_enough,12,12,0
more_contagious,12,6,6
too_intimate,12,8,4
prohibitively_expensive,12,11,1
potentially_dangerous,12,9,3
as_long,12,10,2
very_aggressive,12,10,2
more_corrupt,12,9,3
pretty_good,12,10,2
even_enough,12,9,3
substantially_new,12,3,9
more_careful,12,8,4
even_alive,12,11,1
actually_dead,12,12,0
more_cathartic,12,3,9
physically_possible,12,12,0
so_discreet,12,2,10
more_compassionate,12,8,4
nearly_enough,12,12,0
much_interesting,12,0,12
as_abundant,12,11,1
as_innovative,12,12,0
more_attentive,12,12,0
as_optimistic,12,12,0
humanly_possible,12,5,7
very_realistic,12,12,0
as_miserable,12,4,8
very_stable,12,11,1
as_absolute,12,8,4
even_better,12,11,1
strictly_true,12,12,0
as_dense,12,11,1
as_mainstream,12,11,1
as_evil,12,11,1
more_blessed,12,8,4
morally_good,12,8,4
as_incredible,12,0,12
too_lazy,12,12,0
too_hardcore,12,1,11
inherently_violent,11,3,8
more_enthralling,11,5,6
economically_beneficial,11,11,0
less_potent,11,7,4
much_special,11,0,11
too_confusing,11,5,6
truly_satisfying,11,9,2
as_rigid,11,11,0
as_fond,11,11,0
actually_different,11,5,6
especially_hard,11,10,1
much_involved,11,10,1
wholly_satisfactory,11,11,0
quite_funny,11,11,0
particularly_palatable,11,11,0
quite_full,11,11,0
more_thoughtful,11,3,8
very_steep,11,9,2
always_effective,11,11,0
as_ashamed,11,11,0
so_cynical,11,11,0
so_swift,11,10,1
very_spectacular,11,2,9
more_crippling,11,8,3
so_overwhelming,11,8,3
significantly_new,11,2,9
far_distant,11,11,0
less_welcome,11,6,5
really_groundbreaking,11,0,11
as_carefree,11,10,1
so_universal,11,9,2
entirely_consistent,11,11,0
more_alone,11,11,0
particularly_smart,11,10,1
really_familiar,11,11,0
very_young,11,10,1
even_capable,11,10,1
so_light,11,10,1
as_unpredictable,11,11,0
as_depressing,11,7,4
as_jarring,11,10,1
more_electrifying,11,7,4
so_smart,11,10,1
so_frequent,11,8,3
as_responsive,11,11,0
far_more,11,3,8
as_absurd,11,7,4
as_simplistic,11,8,3
more_needed,11,11,0
less_formidable,11,9,2
more_wicked,11,4,7
totally_perfect,11,11,0
really_secret,11,9,2
remotely_exciting,11,2,9
necessarily_fatal,11,7,4
very_intelligent,11,11,0
as_monumental,11,8,3
truly_separate,11,11,0
as_intelligent,11,9,2
so_advanced,11,10,1
too_fresh,11,3,8
too_greasy,11,8,3
too_ridiculous,11,4,7
particularly_amusing,11,3,8
as_awkward,11,6,5
so_refreshing,11,3,8
more_receptive,11,11,0
too_sympathetic,11,2,9
as_expansive,11,9,2
so_palpable,11,11,0
more_fake,11,8,3
too_stuffy,11,5,6
as_sensitive,11,10,1
too_cute,11,10,1
financially_independent,11,11,0
as_amusing,11,11,0
more_dull,11,4,7
as_trivial,11,2,9
more_mobile,11,9,2
particularly_sophisticated,11,9,2
intrinsically_better,11,9,2
too_useful,11,10,1
less_vital,11,9,2
too_critical,11,6,5
that_expensive,11,11,0
physically_strong,11,11,0
graphically_violent,11,10,1
that_desperate,11,11,0
so_devastating,11,8,3
so_prosperous,11,11,0
completely_satisfying,11,11,0
quite_confident,11,11,0
so_handsome,11,7,4
too_humble,11,10,1
quintessentially_american,11,5,6
ever_effective,11,11,0
not_right,11,11,0
entirely_black,11,11,0
so_green,11,9,2
so_consistent,11,9,2
as_fundamental,11,10,1
more_dissimilar,11,11,0
up_close,11,11,0
too_bulky,11,5,6
more_wise,11,9,2
as_outspoken,11,11,0
more_obscure,11,7,4
more_sensational,11,5,6
as_lonely,11,8,3
terribly_happy,11,11,0
more_gross,11,4,7
particularly_glamorous,11,3,8
more_grotesque,11,2,9
so_dynamic,11,11,0
really_past,11,11,0
especially_important,11,6,5
so_harsh,11,10,1
longer_valid,11,11,0
too_literal,11,7,4
ever_serious,11,9,2
less_intriguing,11,9,2
very_obvious,11,6,5
as_contentious,11,8,3
fully_safe,11,11,0
more_vexing,11,5,6
very_wealthy,11,10,1
too_helpful,11,2,9
always_wrong,11,10,1
really_essential,11,7,4
so_outspoken,11,10,1
so_outrageous,11,7,4
more_energetic,11,6,5
more_palatable,11,9,2
as_desirable,11,9,2
very_concerned,11,11,0
more_sincere,11,8,3
as_proficient,11,11,0
extremely_popular,11,10,1
more_frightened,11,11,0
more_physical,11,5,6
very_challenging,11,6,5
terribly_impressed,11,11,0
more_likable,11,11,0
fully_predictable,11,11,0
too_shiny,11,2,9
less_delicious,11,6,5
very_certain,11,10,1
as_strict,11,9,2
as_sturdy,11,11,0
more_gentle,11,9,2
completely_good,11,11,0
so_ugly,11,5,6
so_memorable,11,7,4
less_human,11,10,1
as_lucky,11,9,2
as_pleasing,11,6,5
particularly_heroic,11,6,5
so_bizarre,11,6,5
more_pitiful,11,5,6
most_significant,11,10,1
more_sorry,11,11,0
more_poisonous,11,7,4
longer_welcome,11,11,0
politically_neutral,11,10,1
truly_clean,11,11,0
truly_clear,11,11,0
longer_young,11,11,0
too_eventful,11,1,10
less_free,11,9,2
so_embarrassing,11,3,8
actually_interested,11,11,0
more_sore,11,9,2
most_famous,11,11,0
too_gross,11,4,7
truly_amazing,11,4,7
more_equal,11,8,3
less_useful,11,7,4
so_drunk,11,10,1
really_ok,11,11,0
literally_true,11,11,0
totally_healthy,11,10,1
especially_easy,11,11,0
so_clever,11,7,4
more_troublesome,11,8,3
really_offensive,11,1,10
as_contagious,11,8,3
entirely_confident,11,11,0
more_humane,11,10,1
more_humble,11,6,5
really_cold,11,11,0
quite_close,11,11,0
as_reassuring,11,7,4
particularly_desirable,11,10,1
as_useless,11,4,7
as_frequent,11,11,0
especially_notable,11,6,5
very_wise,11,10,1
so_dreadful,11,2,9
more_proper,11,6,5
more_usual,11,8,3
truly_objective,11,11,0
very_rich,11,11,0
so_overt,11,9,2
so_evil,11,7,4
dramatically_new,11,0,11
as_obnoxious,11,10,1
truly_outstanding,11,4,7
remotely_likely,11,11,0
more_reprehensible,11,4,7
as_genuine,11,8,3
that_accurate,11,11,0
so_shallow,11,9,2
more_heavenly,11,3,8
as_inexpensive,11,11,0
ever_secure,11,11,0
particularly_excited,11,11,0
immediately_forthcoming,11,10,1
that_neat,11,11,0
really_complex,11,2,9
very_patient,11,11,0
more_chaotic,11,10,1
even_qualified,11,11,0
so_vocal,11,10,1
especially_dramatic,11,5,6
so_thin,10,10,0
ever_exact,10,10,0
too_quiet,10,7,3
less_lovely,10,9,1
more_unstable,10,8,2
as_succinct,10,8,2
more_erroneous,10,9,1
as_tempting,10,6,4
real_bad,10,1,9
more_taxing,10,2,8
more_eventful,10,7,3
ever_empty,10,10,0
as_new,10,8,2
very_entertaining,10,7,3
really_innovative,10,1,9
too_pushy,10,7,3
morally_permissible,10,10,0
as_excellent,10,7,3
more_legitimate,10,7,3
more_justified,10,10,0
completely_devoid,10,10,0
more_blurred,10,10,0
truly_scary,10,8,2
real_happy,10,9,1
as_unexpected,10,9,1
particularly_profound,10,2,8
so_extensive,10,8,2
as_welcoming,10,6,4
more_french,10,5,5
too_overbearing,10,9,1
more_strong,10,6,4
quite_safe,10,10,0
more_formal,10,6,4
vitally_important,10,8,2
blatantly_obvious,10,7,3
more_forceful,10,9,1
fully_satisfying,10,10,0
so_extravagant,10,0,10
especially_appealing,10,9,1
most_efficient,10,10,0
terribly_memorable,10,4,6
quite_strong,10,9,1
ever_chaste,10,10,0
quite_successful,10,10,0
as_eye-catching,10,9,1
very_numerous,10,10,0
as_willing,10,10,0
inherently_contradictory,10,0,10
more_close,10,6,4
fully_possible,10,10,0
so_bleak,10,10,0
very_safe,10,9,1
less_decisive,10,10,0
always_willing,10,9,1
more_gracious,10,7,3
inherently_different,10,0,10
particularly_heavy,10,7,3
just_fine,10,10,0
super_close,10,9,1
quite_present,10,10,0
so_major,10,0,10
as_desperate,10,10,0
not_present,10,10,0
yet_final,10,9,1
as_fearsome,10,9,1
any_older,10,10,0
always_clear,10,10,0
particularly_nefarious,10,1,9
less_complex,10,8,2
so_more,10,0,10
as_traumatic,10,4,6
less_obvious,10,10,0
more_suspicious,10,6,4
always_correct,10,10,0
so_vibrant,10,8,2
fiscally_conservative,10,5,5
so_profitable,10,10,0
always_necessary,10,10,0
more_indulgent,10,2,8
as_transparent,10,10,0
as_forceful,10,8,2
more_extravagant,10,6,4
especially_funny,10,8,2
too_nasty,10,3,7
so_thorough,10,7,3
really_likely,10,10,0
particularly_problematic,10,6,4
more_righteous,10,8,2
terribly_successful,10,9,1
terribly_compelling,10,5,5
more_inaccurate,10,9,1
terribly_different,10,5,5
very_small,10,10,0
super_amazing,10,5,5
terribly_deep,10,3,7
so_involved,10,10,0
too_firm,10,8,2
more_catastrophic,10,5,5
significantly_better,10,10,0
too_petty,10,7,3
terribly_offensive,10,3,7
more_adept,10,8,2
very_graphic,10,8,2
more_secret,10,7,3
too_stressful,10,5,5
truly_worthy,10,9,1
too_nice,10,5,5
truly_worth,10,4,6
freely_available,10,9,1
quite_whole,10,10,0
never_able,10,10,0
ever_forthcoming,10,10,0
as_casual,10,9,1
easily_satisfied,10,10,0
more_understandable,10,9,1
very_hungry,10,10,0
so_helpful,10,5,5
that_unusual,10,8,2
that_friendly,10,10,0
quite_comparable,10,3,7
less_able,10,7,3
truly_honest,10,10,0
too_runny,10,10,0
so_unworthy,10,9,1
more_nerve-racking,10,3,7
truly_healthy,10,10,0
really_weird,10,5,5
so_ridiculous,10,6,4
really_cheap,10,8,2
overly_enthusiastic,10,9,1
more_trendy,10,5,5
more_tricky,10,7,3
as_cut,10,10,0
more_astonished,10,10,0
particularly_thrilled,10,10,0
really_tired,10,9,1
so_positive,10,9,1
so_fraught,10,10,0
completely_separate,10,10,0
truly_important,10,6,4
too_slick,10,7,3
overly_optimistic,10,10,0
as_ideal,10,8,2
that_dumb,10,10,0
ostensibly_wrong,10,0,10
more_misguided,10,8,2
as_crisp,10,9,1
so_present,10,10,0
all_inclusive,10,10,0
really_awful,10,2,8
entirely_original,10,9,1
longer_red,10,10,0
near_ready,10,10,0
more_momentous,10,5,5
highly_effective,10,10,0
truly_innovative,10,0,10
perfectly_accurate,10,10,0
more_moving,10,9,1
so_distant,10,8,2
overly_interesting,10,4,6
more_touching,10,5,5
especially_novel,10,0,10
as_cynical,10,10,0
so_straight,10,10,0
any_faster,10,8,2
truly_dangerous,10,4,6
more_peculiar,10,8,2
overly_aggressive,10,8,2
not_free,10,10,0
that_powerful,10,10,0
more_vigorous,10,8,2
really_deep,10,3,7
so_substantial,10,2,8
very_few,10,4,6
more_primal,10,5,5
entirely_evil,10,10,0
as_grateful,10,9,1
particularly_violent,10,6,4
as_embarrassed,10,10,0
truly_awful,10,5,5
as_breathtaking,10,6,4
ever_shy,10,10,0
too_cheesy,10,3,7
more_portable,10,9,1
specifically_related,10,4,6
more_prejudicial,10,7,3
truly_dark,10,10,0
more_vile,10,4,6
very_sympathetic,10,10,0
as_beloved,10,10,0
too_ugly,10,8,2
very_competitive,10,10,0
very_short,10,10,0
politically_easy,10,10,0
very_vocal,10,10,0
less_enjoyable,10,9,1
inherently_offensive,10,0,10
more_vague,10,5,5
more_arduous,10,3,7
as_pathetic,10,6,4
more_partisan,10,9,1
truly_empty,10,10,0
overly_confident,10,10,0
longer_available,10,10,0
so_cozy,10,7,3
always_better,10,10,0
as_professional,10,9,1
really_creative,10,4,6
about_right,10,10,0
as_articulate,10,10,0
completely_silent,10,10,0
so_mundane,10,1,9
really_heavy,10,7,3
more_lofty,10,1,9
more_meaningless,10,3,7
more_english,10,6,4
so_reckless,10,9,1
too_fragile,10,4,6
ever_responsible,10,10,0
more_contemporary,10,9,1
more_literal,10,10,0
so_sorry,10,9,1
as_careful,10,10,0
too_violent,10,2,8
more_wretched,10,8,2
more_marvelous,10,6,4
as_nimble,10,10,0
very_clean,10,8,2
less_amazing,10,7,3
that_cool,10,10,0
inherently_incorrect,10,0,10
that_cold,10,10,0
very_cool,10,7,3
more_effortless,10,9,1
wildly_successful,10,10,0
as_costly,10,10,0
more_mad,10,10,0
that_consistent,10,10,0
as_noble,10,8,2
morally_justifiable,10,10,0
more_constructive,10,2,8
more_enlightening,10,5,5
as_calm,10,10,0
so_formal,10,3,7
so_irresponsible,10,10,0
perfectly_clean,10,10,0
more_mesmerizing,10,5,5
very_lucky,10,10,0
more_timeless,10,3,7
inherently_unhealthy,10,0,10
entirely_complete,10,10,0
so_enticing,10,5,5
strictly_wrong,9,2,7
any_harder,9,8,1
so_ubiquitous,9,7,2
absolutely_free,9,7,2
totally_effective,9,9,0
directly_relevant,9,8,1
still_active,9,9,0
so_focused,9,8,1
as_linear,9,9,0
particularly_famous,9,9,0
that_naive,9,9,0
politically_palatable,9,9,0
terribly_innovative,9,3,6
more_amazed,9,9,0
so_stressful,9,8,1
ever_appropriate,9,9,0
very_durable,9,8,1
well_pleased,9,4,5
more_outspoken,9,6,3
so_tense,9,9,0
so_dirty,9,9,0
sufficiently_clear,9,9,0
particularly_inclined,9,9,0
particularly_efficient,9,9,0
more_wrenching,9,6,3
inherently_harmful,9,0,9
more_artistic,9,3,6
totally_wrong,9,9,0
totally_independent,9,9,0
more_artificial,9,8,1
ever_great,9,7,2
as_liberal,9,9,0
very_precise,9,8,1
entirely_effective,9,8,1
more_opposite,9,7,2
wholly_evil,9,9,0
particularly_evil,9,3,6
remotely_conservative,9,0,9
necessarily_surprising,9,9,0
so_furious,9,9,0
especially_attractive,9,8,1
too_frustrating,9,6,3
as_astounding,9,9,0
that_complicated,9,9,0
as_audacious,9,6,3
very_social,9,9,0
that_memorable,9,9,0
particularly_imaginative,9,7,2
particularly_feminine,9,3,6
longer_useful,9,9,0
overly_challenging,9,4,5
not_awkward,9,6,3
terribly_hard,9,8,1
more_remote,9,8,1
exactly_revolutionary,9,9,0
inherently_political,9,1,8
more_anti-semitic,9,6,3
less_deadly,9,9,0
so_pessimistic,9,9,0
that_spectacular,9,4,5
ever_lonely,9,8,1
totally_unexpected,9,6,3
actually_open,9,9,0
so_intriguing,9,2,7
very_eager,9,9,0
less_damaging,9,8,1
particularly_harmful,9,7,2
not_happy,9,9,0
more_blue,9,9,0
more_laughable,9,7,2
ever_fatal,9,9,0
quite_prepared,9,8,1
crystal_clear,9,9,0
really_worthy,9,6,3
quite_possible,9,9,0
more_christian,9,3,6
really_dangerous,9,5,4
more_social,9,7,2
more_achievable,9,9,0
so_trendy,9,8,1
remotely_qualified,9,8,1
more_hateful,9,6,3
as_charismatic,9,8,1
so_huge,9,8,1
so_flexible,9,9,0
however_virtuous,9,0,9
just_different,9,6,3
more_golden,9,8,1
remotely_progressive,9,2,7
as_ferocious,9,4,5
more_handsome,9,8,1
not_interested,9,9,0
much_deeper,9,5,4
actually_useful,9,7,2
more_skeptical,9,9,0
so_unsettling,9,5,4
less_appropriate,9,8,1
less_happy,9,7,2
so_outlandish,9,4,5
as_grandiose,9,6,3
distantly_related,9,9,0
more_keen,9,8,1
more_informative,9,5,4
as_distinctive,9,9,0
terribly_profound,9,2,7
so_noble,9,2,7
more_whimsical,9,6,3
that_enthusiastic,9,9,0
so_confusing,9,7,2
as_humbling,9,5,4
more_raw,9,5,4
very_thick,9,9,0
too_restrictive,9,7,2
particularly_beautiful,9,7,2
more_mundane,9,3,6
so_overwhelmed,9,9,0
as_involved,9,8,1
entirely_present,9,9,0
as_classy,9,6,3
completely_unique,9,8,1
not_boring,9,9,0
so_sinister,9,4,5
less_alike,9,9,0
out_loud,9,9,0
so_favorable,9,8,1
truly_valuable,9,1,8
more_baffling,9,6,3
more_audacious,9,7,2
truly_shocking,9,4,5
too_rude,9,3,6
particularly_bright,9,7,2
clearly_better,9,6,3
very_comforting,9,8,1
more_salacious,9,2,7
more_insistent,9,7,2
clinically_significant,9,8,1
more_inflammatory,9,5,4
so_dominant,9,9,0
too_private,9,7,2
truly_surprising,9,5,4
as_formidable,9,6,3
less_capable,9,4,5
so_tall,9,7,2
overly_offensive,9,1,8
very_low,9,9,0
completely_smooth,9,9,0
really_full,9,9,0
more_busy,9,9,0
so_realistic,9,7,2
remotely_attractive,9,4,5
as_disastrous,9,9,0
too_pricey,9,6,3
terribly_shocking,9,2,7
really_fresh,9,3,6
proof_positive,9,8,1
entirely_positive,9,9,0
really_apparent,9,8,1
ever_hopeless,9,9,0
as_intricate,9,6,3
more_insecure,9,9,0
more_awe,9,0,9
truly_spectacular,9,3,6
always_possible,9,9,0
ever_constant,9,9,0
very_aware,9,9,0
very_credible,9,9,0
that_impressed,9,9,0
politically_right,9,9,0
officially_available,9,9,0
very_traditional,9,8,1
just_white,9,9,0
more_ideal,9,7,2
particularly_damning,9,4,5
so_disappointing,9,0,9
legally_responsible,9,9,0
less_american,9,8,1
even_imaginable,9,9,0
too_scandalous,9,0,9
as_distinct,9,7,2
less_conducive,9,6,3
more_odd,9,2,7
so_graphic,9,6,3
really_active,9,8,1
more_respected,9,7,2
more_odious,9,5,4
really_whole,9,9,0
inherently_sinister,9,0,9
no_less,9,8,1
completely_neutral,9,9,0
too_girly,9,3,6
consistently_good,9,8,1
too_feminine,9,6,3
so_gratifying,9,6,3
most_difficult,9,9,0
overly_expensive,9,8,1
as_joyful,9,4,5
remotely_subtle,9,3,6
too_brilliant,9,2,7
entirely_bad,9,9,0
more_nauseating,9,3,6
less_bitter,9,4,5
extremely_important,9,5,4
particularly_christian,9,0,9
so_curious,9,6,3
not_important,9,5,4
so_simplistic,9,7,2
entirely_rational,9,9,0
incredibly_special,9,0,9
politically_viable,9,9,0
as_dirty,9,7,2
currently_subject,9,9,0
less_poignant,9,9,0
remotely_challenging,9,2,7
so_silly,9,4,5
so_fearful,9,9,0
really_adequate,9,8,1
ever_concerned,9,9,0
too_flamboyant,9,5,4
always_successful,9,9,0
less_severe,9,9,0
so_friendly,9,8,1
too_delicate,9,6,3
more_astounding,9,6,3
more_imminent,9,9,0
too_shocked,9,8,1
too_arduous,9,1,8
so_unpopular,9,8,1
less_destructive,9,9,0
really_related,9,7,2
so_desirable,9,6,3
too_jarring,9,4,5
as_fabulous,9,8,1
so_modest,9,9,0
terribly_dramatic,9,3,6
as_notorious,9,8,1
less_sure,9,3,6
so_commonplace,9,4,5
super_excited,9,9,0
as_dependent,9,9,0
intrinsically_valuable,9,4,5
particularly_romantic,9,3,6
so_white,9,7,2
ever_accurate,9,9,0
too_noteworthy,9,0,9
even_comparable,9,5,4
less_subtle,9,9,0
so_inclined,9,8,1
less_influential,9,7,2
as_subtle,9,9,0
less_eager,9,6,3
so_robust,9,9,0
more_decisive,9,7,2
as_plain,9,9,0
as_white,9,8,1
really_stable,9,7,2
actually_ironic,9,9,0
noticeably_different,9,6,3
much_unusual,9,1,8
ever_private,9,9,0
very_inspiring,9,6,3
as_creepy,9,7,2
precisely_clear,9,9,0
so_weird,9,5,4
quite_convinced,9,9,0
fully_supportive,9,9,0
always_bad,9,9,0
more_cold,9,8,1
so_modern,9,8,1
home_free,9,9,0
as_sinister,9,4,5
as_volatile,9,5,4
fully_transparent,9,9,0
actually_necessary,9,9,0
very_valuable,9,4,5
even_likely,9,9,0
as_persistent,9,7,2
very_radical,9,7,2
very_informative,9,7,2
so_dead,9,5,4
morally_responsible,9,9,0
just_funny,9,5,4
even_most,9,9,0
most_glamorous,9,9,0
so_lofty,9,2,7
more_exquisite,9,2,7
as_tidy,9,9,0
more_talented,9,6,3
especially_friendly,9,8,1
so_brilliant,9,7,2
as_polished,9,8,1
less_fashionable,9,8,1
as_exotic,9,3,6
quite_fit,9,9,0
too_basic,9,9,0
so_pleasurable,9,9,0
particularly_persuasive,9,8,1
more_sweeping,9,6,3
more_comprehensive,9,9,0
so_impossible,9,3,6
too_negative,9,4,5
very_desirable,9,9,0
perfectly_smooth,9,9,0
so_wicked,9,7,2
even_competitive,9,9,0
perfectly_symmetrical,9,9,0
as_extravagant,9,4,5
even_true,9,9,0
much_simpler,9,7,2
ever_absolute,9,9,0
not_ready,9,9,0
as_unsettling,9,2,7
functionally_wrong,9,0,9
more_commonplace,9,6,3
all_better,9,6,3
particularly_realistic,9,9,0
all_black,9,9,0
even_pregnant,9,9,0
more_exalted,9,4,5
very_ambitious,9,8,1
more_exceptional,9,4,5
quite_equal,9,8,1
as_natural,9,9,0
strikingly_new,9,4,5
more_exhausted,9,9,0
more_tasty,9,3,6
as_wholesome,9,5,4
as_vicious,9,8,1
most_prolific,9,9,0
as_dead,9,9,0
less_delightful,9,6,3
even_related,9,8,1
so_exhausted,9,9,0
even_conceivable,9,9,0
more_criminal,9,4,5
more_disgraceful,9,5,4
as_righteous,9,4,5
too_embarrassed,9,9,0
as_yummy,9,6,3
absolutely_correct,9,8,1
as_problematic,9,7,2
longer_active,9,9,0
more_dismal,9,5,4
so_influential,9,8,1
as_raw,9,7,2
about_much,9,1,8
fully_reliable,9,9,0
as_recognizable,9,8,1
really_profound,9,3,6
very_quick,9,8,1
particularly_threatening,9,5,4
ever_straight,9,9,0
as_scandalous,9,8,1
universally_applicable,9,9,0
previously_aware,9,9,0
very_worried,9,9,0
quintessentially_british,9,4,5
as_satisfied,9,9,0
really_pregnant,9,9,0
totally_complete,9,9,0
as_provocative,9,7,2
more_cozy,9,4,5
very_odd,9,1,8
more_inefficient,8,5,3
more_irksome,8,4,4
inherently_new,8,1,7
as_sweeping,8,4,4
more_irrational,8,6,2
more_dazzling,8,8,0
so_ferocious,8,8,0
more_irresistible,8,2,6
very_mysterious,8,2,6
so_hip,8,8,0
especially_shocking,8,3,5
longer_theoretical,8,8,0
as_monolithic,8,8,0
less_prone,8,8,0
truly_revolutionary,8,4,4
as_fraught,8,7,1
so_creepy,8,6,2
terribly_useful,8,6,2
too_creamy,8,7,1
not_entertaining,8,8,0
totally_successful,8,8,0
as_harmful,8,7,1
more_respectful,8,6,2
far_worse,8,6,2
less_imaginative,8,8,0
real_exciting,8,0,8
too_similar,8,5,3
always_perfect,8,8,0
more_perverse,8,2,6
that_hungry,8,8,0
less_productive,8,8,0
less_authentic,8,8,0
not_satisfied,8,8,0
more_outlandish,8,5,3
so_vague,8,6,2
truly_relevant,8,5,3
ever_critical,8,8,0
more_objectionable,8,6,2
truly_remarkable,8,3,5
as_supportive,8,8,0
too_excessive,8,3,5
anywhere_near,8,8,0
totally_true,8,7,1
as_progressive,8,8,0
as_intuitive,8,8,0
most_athletic,8,8,0
very_technical,8,5,3
so_lazy,8,8,0
really_sad,8,6,2
as_negative,8,7,1
too_daring,8,0,8
more_bold,8,4,4
too_creepy,8,1,7
more_restful,8,4,4
more_virtuous,8,5,3
more_exemplary,8,5,3
entirely_immune,8,8,0
particularly_profitable,8,8,0
once_more,8,6,2
less_vivid,8,7,1
very_wide,8,8,0
ever_dry,8,8,0
more_insightful,8,3,5
remotely_amusing,8,1,7
too_stunning,8,5,3
even_relevant,8,8,0
so_dispiriting,8,4,4
seemingly_able,8,6,2
so_conscious,8,7,1
very_proud,8,7,1
more_faithful,8,7,1
more_arrogant,8,4,4
actually_aware,8,8,0
as_timeless,8,5,3
really_enjoyable,8,4,4
more_uncommon,8,4,4
so_sublime,8,2,6
too_problematic,8,0,8
less_brilliant,8,5,3
very_natural,8,3,5
so_rampant,8,8,0
more_ordinary,8,5,3
so_cut,8,7,1
particularly_worth,8,3,5
legally_married,8,8,0
more_rich,8,8,0
easily_identifiable,8,6,2
currently_operational,8,8,0
seriously_amiss,8,5,3
completely_aware,8,8,0
ever_quiet,8,8,0
more_restrictive,8,6,2
clinically_depressed,8,8,0
particularly_american,8,3,5
too_mysterious,8,1,7
truly_serious,8,7,1
inherently_objectionable,8,2,6
inherently_sinful,8,3,5
particularly_ambitious,8,7,1
so_ominous,8,3,5
more_articulate,8,7,1
truly_exciting,8,1,7
as_insightful,8,7,1
as_daring,8,7,1
once_worried,8,7,1
readily_visible,8,8,0
actually_related,8,8,0
truly_exceptional,8,7,1
less_wonderful,8,6,2
truly_competitive,8,8,0
most_beautiful,8,7,1
particularly_worthwhile,8,5,3
more_cost-effective,8,5,3
more_reliant,8,8,0
so_intoxicating,8,5,3
remarkably_different,8,0,8
more_unsure,8,7,1
completely_relaxed,8,8,0
as_rough,8,8,0
very_shocking,8,2,6
too_gory,8,1,7
overly_ambitious,8,7,1
more_weird,8,5,3
really_anonymous,8,8,0
more_creepy,8,4,4
so_forgiving,8,7,1
less_alarming,8,8,0
so_reassuring,8,2,6
as_candid,8,8,0
so_careful,8,6,2
really_warm,8,8,0
completely_possible,8,8,0
so_heinous,8,4,4
as_immersive,8,6,2
more_masculine,8,1,7
as_disheartening,8,5,3
that_worried,8,8,0
just_wrong,8,8,0
particularly_sharp,8,8,0
so_prosaic,8,2,6
more_manifest,8,5,3
completely_original,8,7,1
entirely_convinced,8,8,0
any_brighter,8,8,0
more_malicious,8,3,5
now_able,8,8,0
really_crowded,8,8,0
too_hungover,8,8,0
too_swift,8,3,5
actually_scary,8,6,2
less_threatening,8,7,1
so_grim,8,4,4
too_mean,8,7,1
more_monotonous,8,3,5
so_insecure,8,8,0
completely_straight,8,8,0
so_cavalier,8,8,0
more_rebellious,8,1,7
completely_stable,8,8,0
less_proud,8,5,3
really_friendly,8,5,3
longer_recognizable,8,8,0
as_sensational,8,5,3
very_visible,8,6,2
more_dry,8,7,1
overly_original,8,0,8
extremely_difficult,8,5,3
more_reckless,8,3,5
too_epic,8,2,6
very_detailed,8,6,2
really_smart,8,8,0
as_short,8,7,1
not_clear,8,7,1
very_full,8,8,0
more_western,8,4,4
truly_impossible,8,8,0
less_aggressive,8,7,1
more_effectual,8,5,3
genuinely_new,8,4,4
more_electric,8,5,3
so_solid,8,3,5
more_endangered,8,7,1
actually_visible,8,8,0
completely_impossible,8,8,0
much_important,8,3,5
very_organized,8,8,0
too_grateful,8,7,1
overly_wrong,8,0,8
particularly_right,8,2,6
real_special,8,0,8
more_persistent,8,5,3
very_palatable,8,8,0
most_accurate,8,8,0
entirely_honest,8,8,0
so_worthy,8,1,7
overly_friendly,8,7,1
as_suave,8,7,1
completely_full,8,8,0
too_modern,8,4,4
as_sublime,8,5,3
so_polite,8,6,2
ever_flattering,8,8,0
more_nourishing,8,2,6
ever_fast,8,8,0
that_attractive,8,8,0
that_honest,8,8,0
too_sensitive,8,5,3
so_hurtful,8,5,3
more_reminiscent,8,6,2
entirely_different,8,8,0
really_sharp,8,5,3
completely_normal,8,8,0
too_awkward,8,8,0
as_curious,8,5,3
as_fruitful,8,8,0
so_tempting,8,4,4
as_restrictive,8,8,0
so_incredible,8,5,3
completely_naked,8,8,0
super_serious,8,2,6
too_dumb,8,8,0
that_confident,8,8,0
that_concerned,8,8,0
as_effortless,8,7,1
so_tender,8,6,2
remotely_sexual,8,2,6
so_detailed,8,7,1
so_liberal,8,6,2
more_emotive,8,5,3
truly_offensive,8,2,6
not_bad,8,6,2
more_disagreeable,8,5,3
as_hopeful,8,8,0
so_stunning,8,6,2
overly_surprising,8,5,3
ever_less,8,8,0
really_honest,8,8,0
extremely_serious,8,5,3
sufficiently_grateful,8,8,0
entirely_risk-free,8,8,0
less_risky,8,6,2
more_sacrosanct,8,6,2
as_cheerful,8,7,1
inherently_flawed,8,3,5
pretty_sure,8,8,0
particularly_democratic,8,3,5
as_different,8,7,1
really_upset,8,8,0
ever_clean,8,8,0
ever_cheap,8,8,0
wide_enough,8,8,0
yet_evident,8,8,0
too_bothersome,8,3,5
quite_sufficient,8,8,0
so_remote,8,5,3
as_flamboyant,8,8,0
very_kind,8,8,0
more_hot,8,4,4
n't_right,8,8,0
really_religious,8,7,1
as_vast,8,7,1
fully_cognizant,8,8,0
as_lethal,8,7,1
more_sexier,8,2,6
too_shallow,8,8,0
most_egregious,8,8,0
substantially_wrong,8,0,8
more_deceitful,8,6,2
more_hurt,8,8,0
as_knowledgeable,8,7,1
less_concerned,8,8,0
as_political,8,8,0
critically_ill,8,7,1
inherently_conservative,8,0,8
longer_free,8,8,0
too_pleasing,8,0,8
actually_possible,8,7,1
so_narrow,8,7,1
as_unpopular,8,8,0
especially_useful,8,8,0
totally_alone,8,8,0
particularly_confident,8,8,0
so_immediate,8,5,3
really_objectionable,8,1,7
particularly_conservative,8,3,5
always_fun,8,8,0
fully_adequate,8,7,1
longer_fertile,8,8,0
really_responsible,8,7,1
too_sour,8,6,2
spectacularly_new,8,0,8
so_mortified,8,8,0
directly_concerned,8,8,0
so_conflicted,8,8,0
so_seamless,8,8,0
too_exceptional,8,0,8
quite_satisfying,8,6,2
quite_new,8,4,4
more_gripping,8,6,2
uniquely_american,8,5,3
more_dead,8,7,1
visually_interesting,8,1,7
sexually_satisfied,8,8,0
less_meaningful,8,7,1
instantly_recognizable,8,7,1
as_favorable,8,8,0
super_crazy,8,0,8
very_dangerous,8,8,0
very_flashy,8,7,1
as_majestic,8,4,4
so_petty,8,4,4
particularly_inventive,8,3,5
as_maddening,8,7,1
too_innovative,8,1,7
so_sensible,8,5,3
inherently_unique,8,1,7
more_global,8,8,0
so_blessed,8,7,1
less_sincere,8,4,4
that_small,8,8,0
very_severe,8,5,3
more_ancient,8,5,3
just_fun,8,3,5
knowingly_understated,8,8,0
very_noticeable,8,4,4
more_stubborn,8,4,4
as_likable,8,8,0
romantically_involved,8,8,0
particularly_fair,8,8,0
remotely_plausible,8,8,0
as_welcome,8,7,1
so_elusive,8,7,1
more_absolute,8,7,1
so_tricky,8,6,2
as_graceful,8,8,0
more_solemn,8,5,3
better_prepared,8,7,1
yet_official,8,7,1
as_worthwhile,8,6,2
longer_visible,8,8,0
so_seductive,8,6,2
very_substantial,8,3,5
especially_clever,8,7,1
more_uninteresting,8,2,6
particularly_liberal,8,3,5
nearly_right,8,2,6
too_sophisticated,8,2,6
particularly_modern,8,0,8
more_inane,8,4,4
never_enough,8,8,0
especially_strong,8,7,1
still_enough,8,8,0
particularly_believable,8,8,0
ever_useful,8,8,0
more_feasible,8,8,0
more_impatient,8,7,1
particularly_outrageous,8,2,6
even_helpful,8,8,0
terribly_close,8,8,0
too_brutal,8,4,4
too_preachy,8,5,3
perfectly_secure,8,8,0
even_wrong,8,6,2
too_rigid,7,6,1
so_democratic,7,6,1
ever_ideal,7,7,0
more_whole,7,3,4
too_gaudy,7,2,5
more_inclined,7,6,1
entirely_dependent,7,7,0
emotionally_involved,7,7,0
really_tangible,7,1,6
so_trite,7,0,7
grammatically_correct,7,7,0
more_dissatisfied,7,7,0
glaringly_obvious,7,5,2
legally_able,7,6,1
as_physical,7,7,0
as_seamless,7,6,1
so_attentive,7,6,1
fully_fluent,7,5,2
as_little,7,4,3
all_interested,7,7,0
really_believable,7,7,0
more_varied,7,7,0
more_friendly,7,7,0
as_uncomplicated,7,7,0
truly_close,7,7,0
more_misunderstood,7,5,2
particularly_favorable,7,7,0
truly_silent,7,7,0
so_diligent,7,7,0
more_disparate,7,7,0
more_disingenuous,7,6,1
terribly_significant,7,3,4
especially_rare,7,4,3
as_worthy,7,7,0
remotely_appealing,7,2,5
longer_necessary,7,7,0
really_busy,7,7,0
that_useful,7,7,0
too_complacent,7,7,0
as_hostile,7,6,1
longer_shiny,7,7,0
too_obtrusive,7,4,3
more_strategic,7,3,4
too_bitter,7,6,1
as_rude,7,6,1
that_extreme,7,7,0
more_strict,7,7,0
particularly_forthcoming,7,7,0
ever_ill,7,7,0
very_distinctive,7,0,7
particularly_lovely,7,3,4
necessarily_related,7,7,0
less_inviting,7,4,3
really_tough,7,5,2
too_frightening,7,1,6
inherently_magical,7,1,6
more_disorienting,7,5,2
too_rosy,7,1,6
as_crude,7,4,3
biologically_related,7,6,1
pleasantly_surprised,7,7,0
too_outstanding,7,0,7
as_private,7,7,0
as_blue,7,6,1
quite_satisfactory,7,7,0
inherently_criminal,7,0,7
more_awake,7,7,0
as_green,7,7,0
quite_fast,7,7,0
quick_enough,7,6,1
as_boisterous,7,4,3
so_effectual,7,5,2
as_enticing,7,5,2
quite_correct,7,7,0
ever_helpful,7,7,0
too_graceful,7,7,0
more_melancholy,7,5,2
quite_cool,7,7,0
particularly_welcoming,7,7,0
more_buoyant,7,7,0
also_difficult,7,7,0
less_deserving,7,7,0
much_useful,7,0,7
less_direct,7,6,1
most_impressive,7,7,0
so_distracting,7,5,2
more_hideous,7,3,4
terribly_keen,7,7,0
more_economical,7,6,1
less_rewarding,7,6,1
even_cold,7,7,0
too_hungry,7,7,0
completely_rational,7,7,0
always_able,7,7,0
very_conservative,7,6,1
especially_believable,7,7,0
more_charismatic,7,7,0
really_asleep,7,7,0
entirely_pleased,7,7,0
as_functional,7,6,1
as_easier,7,7,0
so_adorable,7,7,0
as_serene,7,5,2
too_effective,7,3,4
really_outgoing,7,7,0
particularly_familiar,7,7,0
remotely_glamorous,7,2,5
so_catchy,7,5,2
so_splendid,7,4,3
very_relevant,7,7,0
less_shocking,7,5,2
kind_enough,7,7,0
even_sore,7,7,0
more_weak,7,5,2
really_outrageous,7,1,6
incredibly_new,7,0,7
less_precious,7,6,1
really_attractive,7,4,3
more_heartbroken,7,7,0
so_disinterested,7,7,0
really_dominant,7,6,1
too_revealing,7,2,5
as_festive,7,5,2
particularly_worrisome,7,5,2
so_attainable,7,7,0
ever_smooth,7,7,0
ever_bored,7,7,0
as_crass,7,4,3
so_adventurous,7,4,3
very_famous,7,6,1
more_inexplicable,7,5,2
more_risque,7,5,2
as_riveting,7,7,0
less_talented,7,7,0
more_naked,7,5,2
inherently_noble,7,0,7
more_desolate,7,4,3
currently_present,7,7,0
more_civilized,7,5,2
more_playful,7,5,2
not_great,7,4,3
legally_enforceable,7,7,0
very_convenient,7,6,1
currently_open,7,2,5
ever_intentional,7,7,0
over_crowded,7,7,0
less_great,7,5,2
inherently_religious,7,0,7
not_surprising,7,3,4
too_troublesome,7,3,4
that_sure,7,7,0
quite_clean,7,7,0
more_trivial,7,5,2
so_hateful,7,3,4
as_disappointed,7,7,0
especially_concerned,7,7,0
as_positive,7,7,0
as_eager,7,7,0
that_intense,7,6,1
as_realistic,7,7,0
as_endearing,7,5,2
particularly_young,7,7,0
more_rugged,7,6,1
as_overwhelming,7,6,1
immediately_wrong,7,1,6
particularly_anxious,7,7,0
particularly_jewish,7,1,6
very_startling,7,2,5
more_grandiose,7,2,5
less_swift,7,7,0
particularly_ugly,7,4,3
any_greater,7,5,2
particularly_troublesome,7,2,5
startlingly_original,7,2,5
n't_worth,7,7,0
as_draconian,7,7,0
totally_predictable,7,7,0
inherently_unethical,7,0,7
necessarily_comparable,7,7,0
less_memorable,7,4,3
actively_bad,7,6,1
really_conscious,7,7,0
exactly_cheap,7,7,0
as_prosperous,7,7,0
very_complimentary,7,7,0
exactly_certain,7,7,0
really_conclusive,7,1,6
very_controversial,7,3,4
very_solid,7,6,1
more_visceral,7,6,1
particularly_ideological,7,4,3
terribly_friendly,7,6,1
more_inconsistent,7,6,1
more_clever,7,4,3
too_blatant,7,2,5
ever_over,7,7,0
really_productive,7,5,2
as_mad,7,6,1
more_spanish,7,4,3
much_cheaper,7,6,1
very_plausible,7,7,0
already_available,7,5,2
so_offensive,7,5,2
as_dear,7,7,0
inherently_masculine,7,0,7
very_sweet,7,7,0
fully_right,7,7,0
that_optimistic,7,7,0
as_hopeless,7,7,0
really_proud,7,7,0
ever_subject,7,7,0
n't_perfect,7,7,0
as_disruptive,7,6,1
too_famous,7,7,0
hugely_successful,7,7,0
all_related,7,5,2
so_strict,7,7,0
inherently_unsafe,7,2,5
more_rude,7,3,4
just_crazy,7,6,1
not_crazy,7,7,0
completely_whole,7,7,0
any_smaller,7,7,0
more_rampant,7,6,1
as_transformative,7,6,1
remotely_healthy,7,1,6
as_revelatory,7,4,3
so_hostile,7,7,0
wholly_wrong,7,6,1
less_hard,7,5,2
more_gut-wrenching,7,2,5
too_masculine,7,6,1
really_final,7,5,2
as_rigorous,7,5,2
particularly_skilled,7,6,1
more_unbelievable,7,3,4
more_rapid,7,6,1
as_motivated,7,7,0
ever_sad,7,7,0
really_convinced,7,7,0
more_prosaic,7,7,0
very_welcoming,7,7,0
much_aware,7,7,0
very_light,7,7,0
particularly_awful,7,4,3
outright_bad,7,7,0
as_acute,7,7,0
just_plain,7,3,4
that_helpful,7,6,1
really_pleasant,7,4,3
particularly_terrible,7,1,6
too_mainstream,7,5,2
absolutely_essential,7,6,1
too_emotional,7,6,1
too_uncomfortable,7,3,4
totally_dependent,7,5,2
more_noxious,7,2,5
too_sinister,7,0,7
wholly_satisfying,7,7,0
really_satisfactory,7,7,0
very_terrible,7,0,7
very_sick,7,7,0
as_trendy,7,6,1
explicitly_sexual,7,3,4
so_audacious,7,3,4
very_cute,7,5,2
as_distant,7,6,1
more_diligent,7,6,1
too_ashamed,7,7,0
more_conclusive,7,6,1
more_suspect,7,6,1
more_puzzling,7,7,0
so_transparent,7,6,1
so_daring,7,5,2
less_extraordinary,7,5,2
particularly_weird,7,0,7
real_high,7,7,0
more_key,7,3,4
as_infectious,7,4,3
necessarily_permanent,7,6,1
as_suitable,7,6,1
terribly_novel,7,4,3
truly_real,7,7,0
less_terrifying,7,6,1
remotely_successful,7,7,0
too_raunchy,7,2,5
much_harder,7,5,2
necessarily_unique,7,5,2
less_volatile,7,7,0
especially_serious,7,4,3
wholly_true,7,7,0
intellectually_dishonest,7,4,3
so_red,7,6,1
too_prominent,7,5,2
too_promising,7,1,6
always_available,7,7,0
so_bullish,7,7,0
perfectly_healthy,7,7,0
more_summery,7,1,6
as_instructive,7,7,0
socially_desirable,7,6,1
truly_representative,7,7,0
sickly_sweet,7,6,1
directly_accountable,7,6,1
significantly_related,7,7,0
very_conducive,7,6,1
so_divisive,7,5,2
as_bloody,7,6,1
very_believable,7,7,0
so_irresistible,7,6,1
so_conspicuous,7,6,1
particularly_negative,7,1,6
as_flavorful,7,7,0
really_set,7,7,0
really_likable,7,6,1
ever_official,7,6,1
politically_possible,7,7,0
too_intricate,7,3,4
so_topical,7,6,1
too_beautiful,7,6,1
truly_present,7,7,0
factually_accurate,7,7,0
wildly_original,7,1,6
factually_inaccurate,7,4,3
less_comprehensive,7,7,0
sufficiently_strong,7,6,1
as_newsworthy,7,6,1
factually_true,7,6,1
so_definitive,7,4,3
as_dull,7,5,2
factually_wrong,7,1,6
longer_novel,7,7,0
entirely_stable,7,7,0
very_creative,7,6,1
more_reluctant,7,7,0
real_major,7,0,7
entirely_straightforward,7,7,0
so_hopeless,7,5,2
more_commendable,7,3,4
terribly_productive,7,2,5
so_exotic,7,1,6
less_awesome,7,5,2
particularly_courageous,7,6,1
more_primitive,7,4,3
as_tender,7,5,2
less_loving,7,1,6
as_unpleasant,7,2,5
so_unclear,7,6,1
particularly_obvious,7,7,0
too_watery,7,7,0
as_tame,7,6,1
as_insane,7,4,3
equally_important,7,7,0
ever_enjoyable,7,7,0
critically_important,7,6,1
as_insistent,7,5,2
as_bitter,7,6,1
as_fragile,7,5,2
as_unlikely,7,7,0
particularly_clean,7,7,0
too_abrasive,7,2,5
especially_significant,7,3,4
very_costly,7,7,0
particularly_old,7,7,0
just_annoying,7,2,5
terribly_unexpected,7,1,6
most_fun,7,7,0
more_unreasonable,7,6,1
so_invigorating,7,2,5
more_immoral,7,3,4
more_interactive,7,6,1
morbidly_obese,7,7,0
more_intensive,7,5,2
so_comfy,7,6,1
totally_objective,7,6,1
very_supportive,7,7,0
quite_aware,7,7,0
much_afraid,7,7,0
no_worse,7,6,1
particularly_convenient,7,7,0
long_absent,7,7,0
as_irresponsible,7,1,6
super_impressive,7,1,6
particularly_consistent,7,6,1
as_grim,7,6,1
actually_ready,7,5,2
especially_helpful,7,6,1
really_intense,7,2,5
definitely_worth,7,7,0
too_plain,7,4,3
physically_able,7,7,0
remotely_normal,7,2,5
too_solid,7,0,7
more_fickle,7,7,0
more_instrumental,7,7,0
overtly_offensive,7,3,4
entirely_clean,7,7,0
now_possible,7,7,0
particularly_conducive,7,7,0
as_disconcerting,7,6,1
yet_willing,7,7,0
outwardly_wrong,7,1,6
particularly_competitive,7,7,0
not_safe,7,4,3
particularly_wise,7,6,1
very_exotic,7,2,5
always_happy,7,7,0
very_upset,7,6,1
most_dangerous,7,7,0
more_enthused,7,7,0
so_amusing,7,4,3
more_insane,7,3,4
more_macho,7,4,3
so_captivating,7,4,3
too_palatable,7,2,5
more_submissive,7,2,5
wholly_original,7,3,4
fully_conscious,7,7,0
perfectly_flat,7,7,0
as_cost-effective,7,7,0
as_final,7,4,3
more_homey,7,1,6
so_hilarious,7,7,0
particularly_egregious,7,2,5
too_bored,7,7,0
really_okay,7,7,0
particularly_upset,7,7,0
less_annoying,7,3,4
remotely_entertaining,7,1,6
wholly_absent,7,7,0
less_successful,7,6,1
as_graphic,7,6,1
so_fantastic,7,3,4
really_obvious,7,4,3
as_tiny,7,7,0
inherently_corrupt,7,2,5
very_skilled,7,7,0
legally_binding,7,5,2
really_acceptable,7,6,1
financially_feasible,7,7,0
more_adamant,7,7,0
as_competent,7,7,0
less_essential,7,4,3
not_hilarious,7,7,0
very_many,7,7,0
too_messy,7,4,3
too_generous,7,5,2
especially_innovative,7,4,3
more_worthless,7,4,3
more_subjective,7,3,4
as_perilous,7,5,2
even_probable,7,7,0
totally_immune,7,7,0
particularly_engaging,7,6,1
much_smaller,7,5,2
so_indifferent,7,6,1
overly_sensitive,7,5,2
so_pernicious,7,3,4
particularly_simple,7,6,1
more_supreme,7,4,3
fully_dead,7,7,0
ever_hard,7,7,0
totally_black,7,7,0
more_banal,7,3,4
quite_simple,7,5,2
as_frustrated,7,7,0
so_tedious,7,5,2
more_efficacious,7,3,4
very_pretty,7,7,0
fully_undone,7,7,0
so_gross,7,5,2
so_depressing,7,4,3
so_meaningful,7,7,0
so_lucrative,7,5,2
less_stable,7,7,0
as_miraculous,7,0,7
even_open,7,7,0
inherently_suspect,7,0,7
still_open,7,7,0
remotely_racist,7,0,7
as_prestigious,7,7,0
intellectually_honest,7,6,1
genuinely_human,7,0,7
more_laudable,7,6,1
real_sure,7,7,0
very_public,7,7,0
less_qualified,7,5,2
more_sentimental,7,5,2
more_variable,7,3,4
really_huge,7,2,5
just_nice,7,3,4
more_better,7,5,2
very_robust,7,7,0
so_distressing,7,6,1
too_particular,7,2,5
much_easy,7,7,0
less_frightening,7,6,1
as_eerie,7,4,3
less_lethal,7,6,1
significantly_worse,7,7,0
as_empty,7,5,2
so_fabulous,7,6,1
truly_past,7,7,0
more_impossible,7,4,3
so_american,7,1,6
ever_obvious,7,7,0
as_thoughtful,7,6,1
overly_worried,7,7,0
as_flattering,7,4,3
as_lavish,7,5,2
too_dressy,7,6,1
very_enjoyable,7,6,1
fully_capable,7,7,0
completely_human,7,6,1
more_ingenious,7,2,5
not_alone,7,7,0
more_lifelike,7,7,0
truly_open,7,7,0
as_timely,7,6,1
less_plausible,7,5,2
as_noteworthy,7,7,0
particularly_distinct,7,3,4
as_striking,7,5,2
ever_silent,7,7,0
actually_alive,7,7,0
more_privileged,7,5,2
more_suggestive,7,3,4
very_innovative,7,3,4
necessarily_nefarious,7,2,5
really_horrible,7,0,7
physically_intimate,7,6,1
intrinsically_new,7,0,7
more_imposing,7,6,1
so_grandiose,7,4,3
exactly_perfect,7,6,1
as_flat,7,6,1
more_relatable,7,5,2
entirely_separate,7,6,1
so_intrusive,6,5,1
ever_short,6,6,0
politically_powerful,6,6,0
really_entertaining,6,2,4
exceptionally_new,6,0,6
more_truer,6,6,0
really_evident,6,5,1
truly_artistic,6,0,6
ever_sober,6,6,0
incredibly_popular,6,6,0
as_enamored,6,6,0
exceptionally_good,6,3,3
immediately_evident,6,5,1
really_thrilled,6,6,0
so_desirous,6,6,0
more_pristine,6,2,4
less_relentless,6,6,0
more_ambiguous,6,6,0
more_unbearable,6,1,5
culturally_significant,6,4,2
intimately_involved,6,6,0
so_despicable,6,2,4
incredibly_difficult,6,5,1
too_annoying,6,2,4
more_tumultuous,6,4,2
too_timid,6,6,0
as_electric,6,5,1
as_glad,6,6,0
too_startling,6,0,6
morally_defensible,6,6,0
really_mysterious,6,1,5
more_sane,6,5,1
ever_useless,6,6,0
not_relevant,6,4,2
too_soggy,6,6,0
as_foolish,6,6,0
actually_pregnant,6,6,0
not_many,6,6,0
really_various,6,0,6
more_unified,6,6,0
ever_productive,6,5,1
more_addicting,6,4,2
really_neutral,6,6,0
as_expressive,6,5,1
more_self-evident,6,6,0
very_suitable,6,6,0
so_timely,6,6,0
more_restorative,6,0,6
so_threatening,6,5,1
exactly_popular,6,6,0
as_fortunate,6,6,0
ever_quick,6,6,0
so_determined,6,4,2
so_thirsty,6,6,0
totally_satisfactory,6,6,0
too_smooth,6,4,2
as_formal,6,3,3
longer_tenable,6,6,0
even_awake,6,6,0
very_flexible,6,5,1
too_worrisome,6,1,5
as_edgy,6,6,0
really_viable,6,6,0
directly_accessible,6,6,0
enormously_popular,6,6,0
substantively_new,6,0,6
really_public,6,6,0
as_fanatical,6,6,0
directly_visible,6,6,0
more_strident,6,6,0
very_fit,6,6,0
not_ok,6,6,0
too_sticky,6,4,2
distinctively_american,6,1,5
really_novel,6,0,6
ever_positive,6,6,0
so_heartbreaking,6,3,3
as_fashionable,6,6,0
less_simple,6,4,2
really_poor,6,6,0
inherently_unfair,6,0,6
totally_honest,6,6,0
less_sweet,6,5,1
more_silent,6,3,3
directly_proportional,6,6,0
ever_physical,6,1,5
ever_permissible,6,6,0
more_shameless,6,3,3
actually_perfect,6,6,0
objectively_good,6,3,3
not_new,6,2,4
really_relaxed,6,6,0
so_naked,6,5,1
exactly_fun,6,6,0
musically_inclined,6,6,0
very_dark,6,5,1
more_succinct,6,5,1
wholly_new,6,5,1
just_ok,6,5,1
really_ugly,6,3,3
less_thrilling,6,6,0
too_skinny,6,4,2
ever_rude,6,6,0
ever_sufficient,6,6,0
so_dense,6,6,0
ever_suitable,6,5,1
that_valuable,6,6,0
really_startling,6,1,5
economically_sustainable,6,6,0
too_alkaline,6,6,0
really_flat,6,6,0
more_tolerant,6,6,0
too_unpleasant,6,2,4
wildly_enthusiastic,6,6,0
exactly_surprising,6,6,0
just_human,6,4,2
that_unique,6,5,1
so_swell,6,6,0
so_rapid,6,6,0
really_subject,6,6,0
emotionally_available,6,6,0
actually_intimidating,6,6,0
emotionally_close,6,6,0
entirely_easy,6,6,0
morally_ambiguous,6,3,3
around_long,6,6,0
more_prophetic,6,4,2
mutually_beneficial,6,5,1
too_cerebral,6,1,5
really_strange,6,3,3
more_prudent,6,3,3
that_tough,6,6,0
really_fantastic,6,4,2
really_fast,6,5,1
any_lighter,6,6,0
too_harmful,6,1,5
even_acceptable,6,6,0
really_independent,6,6,0
so_merry,6,5,1
less_illegal,6,2,4
morally_neutral,6,4,2
really_ideal,6,6,0
as_dry,6,5,1
very_political,6,6,0
so_negative,6,4,2
less_striking,6,6,0
inherently_sexual,6,0,6
really_informative,6,5,1
really_innocent,6,6,0
actually_responsible,6,6,0
very_polite,6,6,0
really_inspiring,6,2,4
less_rigorous,6,6,0
deeply_personal,6,4,2
ever_noticeable,6,6,0
deeply_involved,6,6,0
deeply_interested,6,5,1
ever_uncomplicated,6,6,0
so_degrading,6,3,3
so_momentous,6,1,5
too_valuable,6,1,5
openly_critical,6,6,0
just_happy,6,5,1
primarily_interested,6,6,0
really_silent,6,6,0
too_vague,6,5,1
really_similar,6,4,2
exactly_subtle,6,6,0
too_slim,6,5,1
remotely_likable,6,3,3
really_threatening,6,3,3
more_eye-catching,6,4,2
as_creamy,6,6,0
merely_physical,6,5,1
so_fake,6,1,5
most_innovative,6,6,0
especially_accurate,6,6,0
as_alive,6,6,0
so_false,6,4,2
too_edgy,6,2,4
widely_accessible,6,6,0
very_sporty,6,6,0
less_notable,6,5,1
particularly_noble,6,2,4
all_happy,6,6,0
remotely_clear,6,5,1
as_shallow,6,6,0
particularly_cool,6,2,4
too_pink,6,4,2
remotely_christian,6,1,5
so_silent,6,6,0
very_knowledgeable,6,6,0
yet_open,6,6,0
particularly_comforting,6,6,0
more_imaginative,6,4,2
more_immersive,6,4,2
too_plentiful,6,2,4
twice_alike,6,6,0
less_forceful,6,5,1
as_obsessed,6,6,0
more_hungry,6,6,0
ultimately_responsible,6,6,0
ultimately_successful,6,6,0
fully_detailed,6,6,0
particularly_small,6,5,1
particularly_entertaining,6,5,1
particularly_enjoyable,6,6,0
less_convincing,6,5,1
very_rare,6,4,2
medically_serious,6,5,1
uncomfortably_hot,6,6,0
quite_solid,6,5,1
so_basic,6,5,1
ever_capable,6,6,0
more_honourable,6,4,2
too_pale,6,5,1
technically_feasible,6,6,0
fully_compliant,6,6,0
fully_compatible,6,6,0
very_sociable,6,6,0
especially_large,6,5,1
particularly_social,6,5,1
quite_straight,6,6,0
as_lean,6,6,0
qualitatively_different,6,1,5
especially_amazing,6,1,5
always_free,6,6,0
less_flattering,6,3,3
especially_great,6,5,1
quite_white,6,6,0
publicly_critical,6,6,0
truly_sustainable,6,6,0
never_gonna,6,6,0
most_consistent,6,6,0
even_harder,6,4,2
even_much,6,6,0
clearly_superior,6,5,1
terribly_sexy,6,3,3
intellectually_satisfying,6,5,1
particularly_observant,6,6,0
as_unnerving,6,3,3
as_intimidating,6,2,4
grammatically_wrong,6,1,5
too_cutesy,6,2,4
ever_different,6,6,0
remotely_capable,6,4,2
particularly_adventurous,6,4,2
particularly_advanced,6,4,2
so_worth,6,3,3
more_burdensome,6,3,3
so_characteristic,6,4,2
so_atrocious,6,2,4
very_persuasive,6,5,1
too_elegant,6,0,6
painfully_obvious,6,6,0
as_ruthless,6,6,0
most_pleasant,6,6,0
more_disheartened,6,6,0
particularly_artful,6,0,6
n't_possible,6,6,0
particularly_artistic,6,2,4
as_mundane,6,3,3
technically_correct,6,6,0
so_awash,6,6,0
ever_absent,6,6,0
too_political,6,2,4
ever_consistent,6,6,0
particularly_charismatic,6,4,2
quite_worth,6,5,1
personally_responsible,6,6,0
never_boring,6,6,0
personally_rewarding,6,2,4
strictly_illegal,6,0,6
merely_decorative,6,6,0
as_american,6,5,1
particularly_specific,6,5,1
terribly_relevant,6,6,0
more_inclusive,6,4,2
clearly_identifiable,6,6,0
still_true,6,6,0
terribly_revolutionary,6,0,6
particularly_spiritual,6,3,3
truly_unlimited,6,5,1
remotely_easy,6,5,1
as_seductive,6,2,4
publicly_visible,6,5,1
more_incriminating,6,0,6
less_inspiring,6,6,0
too_disturbing,6,2,4
particularly_essential,6,5,1
too_minor,6,4,2
fully_representative,6,6,0
athletically_inclined,6,6,0
fully_relaxed,6,6,0
particularly_knowledgeable,6,6,0
so_wealthy,6,6,0
as_stringent,6,4,2
too_insane,6,0,6
as_strenuous,6,4,2
particularly_mind-blowing,6,1,5
particularly_intriguing,6,0,6
particularly_miraculous,6,2,4
more_germane,6,5,1
as_stellar,6,5,1
unduly_concerned,6,6,0
less_delighted,6,5,1
so_callous,6,6,0
so_magnificent,6,3,3
genuinely_funny,6,5,1
fully_prepared,6,6,0
especially_convincing,6,6,0
automatically_wrong,6,1,5
particularly_sacred,6,1,5
less_menacing,6,5,1
fully_pleased,6,6,0
especially_controversial,6,4,2
inherently_destructive,6,1,5
particularly_rich,6,6,0
as_dependable,6,6,0
more_functional,6,2,4
especially_dangerous,6,5,1
very_eventful,6,2,4
as_mean,6,6,0
as_mature,6,6,0
all_alone,6,6,0
fully_trustworthy,6,6,0
super_easy,6,6,0
particularly_related,6,5,1
as_massive,6,3,3
very_apparent,6,6,0
more_fresh,6,4,2
especially_different,6,2,4
so_imperative,6,4,2
terribly_excited,6,5,1
as_compact,6,6,0
so_loathsome,6,2,4
as_synonymous,6,6,0
especially_deep,6,5,1
very_hopeful,6,5,1
too_dire,6,1,5
as_worse,6,5,1
too_dreadful,6,3,3
so_complacent,6,6,0
too_moist,6,6,0
as_zealous,6,5,1
as_visceral,6,6,0
too_open,6,6,0
particularly_hospitable,6,6,0
as_vile,6,5,1
remotely_cool,6,2,4
more_harmless,6,3,3
more_contrasting,6,6,0
so_independent,6,6,0
too_devastating,6,2,4
particularly_quiet,6,5,1
absolutely_final,6,5,1
more_educational,6,2,4
ever_best,6,6,0
too_invasive,6,3,3
better_worth,6,5,1
particularly_musical,6,5,1
so_benign,6,4,2
particularly_fantastic,6,3,3
mentally_retarded,6,6,0
fully_female,6,6,0
particularly_showy,6,3,3
so_riveting,6,5,1
less_extreme,6,5,1
less_costly,6,5,1
more_charitable,6,6,0
more_edifying,6,4,2
so_brutal,6,3,3
necessarily_superior,6,5,1
particularly_proud,6,6,0
much_alike,6,6,0
super_intense,6,1,5
as_sorry,6,5,1
terribly_funny,6,5,1
mentally_wrong,6,1,5
more_gray,6,5,1
especially_complicated,6,4,2
even_surprising,6,4,2
as_loyal,6,5,1
quite_predictable,6,6,0
so_sensitive,6,6,0
more_grievous,6,1,5
terribly_groundbreaking,6,1,5
particularly_handsome,6,6,0
remotely_fresh,6,1,5
as_detrimental,6,5,1
unintentionally_rude,6,6,0
so_concise,6,5,1
so_candid,6,6,0
technically_possible,6,5,1
very_intimate,6,6,0
so_linear,6,6,0
too_ornate,6,0,6
terribly_helpful,6,6,0
purely_economic,6,6,0
so_capable,6,4,2
so_epic,6,3,3
n't_sure,6,6,0
fully_independent,6,6,0
too_ostentatious,6,1,5
as_sympathetic,6,5,1
terribly_strong,6,5,1
most_challenging,6,6,0
particularly_uplifting,6,3,3
hugely_significant,6,2,4
more_astute,6,4,2
particularly_plausible,6,6,0
so_able,6,6,0
more_deliberate,6,5,1
more_warm,6,2,4
as_pretty,6,6,0
inherently_moral,6,1,5
as_high-profile,6,5,1
especially_flattering,6,5,1
more_vulgar,6,5,1
so_steep,6,4,2
quite_black,6,6,0
as_unattractive,6,1,5
more_delectable,6,3,3
particularly_upsetting,6,4,2
all_powerful,6,6,0
less_worrisome,6,6,0
too_sappy,6,4,2
especially_relevant,6,5,1
quite_better,6,3,3
so_mean,6,6,0
more_obscene,6,5,1
actually_clear,6,6,0
overly_emotional,6,5,1
more_vociferous,6,3,3
any_cheaper,6,5,1
as_momentous,6,4,2
just_cosmetic,6,4,2
so_onerous,6,5,1
so_innovative,6,6,0
more_mischievous,6,4,2
less_addictive,6,6,0
quite_capable,6,6,0
truly_invisible,6,6,0
completely_static,6,6,0
so_frank,6,6,0
truly_insurmountable,6,5,1
overly_modest,6,6,0
that_efficient,6,6,0
less_active,6,6,0
too_complimentary,6,0,6
too_robust,6,3,3
more_monstrous,6,4,2
more_demonstrative,6,2,4
really_bored,6,6,0
so_humbled,6,6,0
particularly_unexpected,6,4,2
too_compelling,6,3,3
so_accurate,6,6,0
more_fat,6,6,0
so_accommodating,6,6,0
remotely_serious,6,4,2
completely_useless,6,6,0
so_abstract,6,3,3
as_adventurous,6,4,2
truly_final,6,6,0
altogether_clear,6,6,0
overly_amazing,6,0,6
as_motivating,6,5,1
so_loose,6,6,0
alone_sufficient,6,6,0
as_gruesome,6,3,3
remotely_special,6,0,6
more_pessimistic,6,5,1
too_sentimental,6,6,0
as_toxic,6,6,0
as_plentiful,6,5,1
more_viable,6,5,1
crazy_expensive,6,3,3
truly_compelling,6,4,2
that_reliable,6,6,0
too_lavish,6,3,3
as_apt,6,6,0
so_savage,6,6,0
super_skinny,6,6,0
really_young,6,6,0
as_moving,6,5,1
so_obsessed,6,5,1
more_vast,6,6,0
more_polite,6,5,1
as_picturesque,6,5,1
less_guilty,6,4,2
very_talkative,6,6,0
so_odious,6,4,2
so_stubborn,6,4,2
so_costly,6,6,0
really_critical,6,5,1
as_heartwarming,6,4,2
so_predictable,6,2,4
too_cluttered,6,6,0
truly_extraordinary,6,0,6
very_meaningful,6,3,3
as_definite,6,3,3
longer_applicable,6,5,1
more_oppressive,6,3,3
terribly_challenging,6,4,2
more_virulent,6,6,0
as_harrowing,6,3,3
more_ardent,6,1,5
n't_bad,6,6,0
overly_comfortable,6,5,1
so_plentiful,6,6,0
more_outraged,6,6,0
too_evil,6,3,3
so_gay,6,5,1
n't_available,6,6,0
ever_last,6,3,3
so_human,6,2,4
that_passionate,6,6,0
truly_different,6,0,6
super_spectacular,6,0,6
truly_democratic,6,6,0
particularly_substantial,6,0,6
really_awake,6,6,0
too_revelatory,6,0,6
entirely_perfect,6,6,0
as_universal,6,6,0
as_infuriating,6,3,3
as_resonant,6,6,0
completely_dead,6,6,0
terribly_worried,6,6,0
terribly_convincing,6,5,1
entirely_transparent,6,6,0
very_explicit,6,4,2
particularly_open,6,6,0
too_rare,6,3,3
more_culpable,6,4,2
completely_evil,6,6,0
as_inevitable,6,5,1
that_amazing,6,6,0
remotely_memorable,6,3,3
very_careful,6,6,0
especially_worried,6,6,0
merely_hypothetical,6,6,0
particularly_technical,6,1,5
that_awesome,6,6,0
more_legendary,6,1,5
more_cute,6,1,5
so_divine,6,3,3
sexually_abused,6,4,2
too_magical,6,0,6
so_bountiful,6,6,0
truly_poor,6,6,0
truly_rich,6,6,0
quite_healthy,6,6,0
completely_consistent,6,6,0
very_professional,6,4,2
as_instrumental,6,5,1
overwhelmingly_popular,6,6,0
as_risky,6,6,0
physically_abused,6,6,0
so_fat,6,5,1
too_massive,6,3,3
truly_simple,6,6,0
inherently_gendered,6,0,6
very_transparent,6,6,0
never_wrong,6,5,1
so_favourable,6,6,0
so_slippery,6,4,2
more_international,6,5,1
so_liberating,6,2,4
so_enchanting,6,4,2
so_prolific,6,5,1
actually_concerned,6,6,0
apparently_able,6,6,0
far_superior,6,6,0
quite_absent,6,6,0
entirely_unexpected,6,6,0
particularly_supportive,6,6,0
too_flowery,6,3,3
as_tenuous,6,5,1
more_invisible,6,5,1
less_perfect,6,4,2
too_empty,6,6,0
as_relaxed,6,6,0
more_lurid,6,4,2
not_better,6,6,0
ever_guilty,6,6,0
very_elaborate,6,3,3
all_qualified,6,6,0
inherently_interesting,6,0,6
so_original,6,4,2
more_male,6,5,1
physically_sick,6,6,0
specifically_christian,6,2,4
more_barbaric,6,3,3
so_ordinary,6,3,3
more_marketable,6,6,0
completely_painless,6,6,0
half_hearted,6,2,4
less_excited,6,4,2
less_visible,6,6,0
extremely_good,6,5,1
wholly_accurate,6,6,0
overly_religious,6,6,0
very_thin,6,6,0
so_distinct,6,5,1
less_glamorous,6,3,3
completely_risk-free,6,6,0
remotely_scientific,6,0,6
particularly_patriotic,6,4,2
more_depraved,6,1,5
overly_popular,6,6,0
truly_neutral,6,6,0
remotely_democratic,6,2,4
even_fair,6,5,1
as_reckless,6,5,1
more_likeable,6,5,1
as_terrified,6,6,0
especially_revelatory,6,2,4
longer_empty,6,6,0
very_willing,6,6,0
hugely_different,6,2,4
very_cheerful,6,2,4
more_livable,6,6,0
more_luminous,6,4,2
more_fervent,6,4,2
much_inclined,6,6,0
entirely_responsible,6,6,0
remotely_humorous,6,0,6
remotely_fair,6,4,2
as_rapid,6,4,2
so_pricey,6,5,1
less_pleased,6,4,2
too_remote,6,4,2
more_bearish,6,6,0
very_fair,6,6,0
so_soothing,6,3,3
sufficiently_reliable,6,6,0
most_influential,5,4,1
apparently_wrong,5,2,3
so_jarring,5,4,1
too_naive,5,5,0
necessarily_inconsistent,5,3,2
too_garish,5,2,3
very_heroic,5,2,3
intrinsically_right,5,1,4
intrinsically_superior,5,0,5
very_lucrative,5,5,0
very_sensitive,5,5,0
especially_revolutionary,5,1,4
too_tart,5,5,0
too_luxurious,5,1,4
ever_scary,5,5,0
most_productive,5,5,0
necessarily_conclusive,5,5,0
most_prominent,5,5,0
especially_outstanding,5,3,2
most_stylish,5,5,0
most_recent,5,3,2
so_worthwhile,5,5,0
too_enthused,5,2,3
intentionally_cruel,5,4,1
ever_separate,5,5,0
so_insensitive,5,5,0
too_likely,5,4,1
so_insidious,5,3,2
most_serious,5,5,0
too_terrifying,5,0,5
especially_proud,5,4,1
too_lengthy,5,3,2
most_skilled,5,4,1
especially_radical,5,3,2
not_subject,5,3,2
so_inexpensive,5,5,0
most_intriguing,5,5,0
emotionally_ready,5,5,0
less_susceptible,5,5,0
too_monumental,5,0,5
seriously_sick,5,5,0
too_minuscule,5,5,0
too_sunny,5,3,2
longer_abstract,5,5,0
most_memorable,5,4,1
remotely_frightening,5,1,4
very_intense,5,4,1
more_unforgettable,5,2,3
too_aware,5,5,0
actually_correct,5,5,0
as_badass,5,5,0
too_mature,5,4,1
socially_conservative,5,5,0
especially_keen,5,5,0
especially_scientific,5,1,4
emotionally_painful,5,1,4
near_perfect,5,5,0
too_suspicious,5,1,4
solely_dependent,5,5,0
especially_scary,5,3,2
especially_likeable,5,4,1
too_juicy,5,0,5
especially_magical,5,0,5
even_noteworthy,5,3,2
necessarily_final,5,5,0
too_indulgent,5,5,0
so_inspired,5,5,0
most_active,5,5,0
too_cramped,5,4,1
too_raucous,5,1,4
entirely_sufficient,5,5,0
longer_interested,5,5,0
religiously_unaffiliated,5,2,3
too_recent,5,2,3
not_intentional,5,5,0
very_loud,5,4,1
ever_foolproof,5,5,0
too_forceful,5,5,0
longer_effective,5,5,0
longer_invisible,5,5,0
too_sloppy,5,4,1
too_relaxed,5,5,0
too_reliable,5,1,4
wholly_sure,5,5,0
too_reliant,5,5,0
not_awesome,5,5,0
entirely_representative,5,5,0
socially_responsible,5,4,1
entirely_truthful,5,3,2
so_vain,5,3,2
even_funny,5,4,1
just_casual,5,4,1
just_average,5,1,4
so_unreasonable,5,4,1
less_tenuous,5,0,5
less_terrible,5,1,4
ever_definite,5,5,0
too_cynical,5,5,0
environmentally_benign,5,5,0
so_marginal,5,4,1
ever_ordinary,5,5,0
entirely_welcome,5,5,0
too_flimsy,5,3,2
too_curious,5,4,1
ever_drunk,5,5,0
significantly_less,5,1,4
very_grand,5,0,5
remotely_reliable,5,3,2
ever_equal,5,5,0
most_attractive,5,5,0
too_pure,5,4,1
entirely_relevant,5,5,0
even_familiar,5,5,0
ever_normal,5,5,0
remotely_shocking,5,3,2
even_dry,5,5,0
actually_gay,5,5,0
so_late,5,5,0
so_unsure,5,5,0
ever_interesting,5,5,0
more_visionary,5,3,2
not_fair,5,5,0
more_vain,5,3,2
entirely_hopeless,5,5,0
too_chunky,5,3,2
too_heinous,5,0,5
so_intractable,5,5,0
so_unstable,5,5,0
too_heady,5,2,3
mutually_intelligible,5,5,0
too_chilly,5,5,0
more_vehement,5,5,0
ever_lucky,5,5,0
as_arduous,5,4,1
too_sanguine,5,1,4
remotely_sexy,5,2,3
entirely_real,5,4,1
so_lean,5,5,0
longer_jewish,5,5,0
so_interactive,5,5,0
more_wondrous,5,3,2
more_wild,5,2,3
too_frequent,5,4,1
not_comfortable,5,5,0
ever_neutral,5,5,0
too_romantic,5,3,2
entirely_negative,5,5,0
more_weighty,5,2,3
ever_inappropriate,5,2,3
as_apocalyptic,5,5,0
too_general,5,4,1
too_hopeful,5,2,3
wholly_satisfied,5,5,0
too_catastrophic,5,1,4
really_welcome,5,5,0
so_unwise,5,4,1
so_horrific,5,3,2
too_predictable,5,5,0
much_fond,5,5,0
really_valuable,5,3,2
ever_aggressive,5,5,0
too_far,5,5,0
even_legal,5,4,1
too_farfetched,5,3,2
so_weary,5,5,0
too_gruesome,5,0,5
any_tighter,5,5,0
actually_better,5,5,0
too_dim,5,4,1
remotely_dangerous,5,2,3
as_afraid,5,5,0
ever_angry,5,5,0
actually_important,5,5,0
not_political,5,5,0
too_diligent,5,5,0
necessarily_safe,5,5,0
long_overdue,5,5,0
not_personal,5,5,0
apparently_illegal,5,2,3
especially_complex,5,3,2
too_stimulating,5,1,4
less_vigorous,5,5,0
intrinsically_impossible,5,0,5
so_joyful,5,3,2
even_many,5,5,0
intellectually_challenging,5,2,3
most_handsome,5,5,0
too_disgusting,5,4,1
very_involved,5,5,0
too_intensive,5,0,5
too_fanciful,5,0,5
especially_entertaining,5,3,2
sexually_immoral,5,5,0
too_fantastic,5,1,4
so_impolite,5,5,0
too_noticable,5,1,4
too_fantastical,5,2,3
much_alive,5,4,1
very_honest,5,5,0
sexually_inappropriate,5,2,3
too_disastrous,5,0,5
too_inspiring,5,1,4
too_objectionable,5,0,5
more_unknown,5,3,2
ever_beautiful,5,5,0
ever_cool,5,5,0
especially_beautiful,5,3,2
too_glad,5,3,2
too_paranoid,5,5,0
remotely_competitive,5,4,1
morally_bad,5,2,3
very_personal,5,3,2
ever_clear-cut,5,5,0
too_dense,5,4,1
more_unrealistic,5,3,2
less_unusual,5,5,0
as_alluring,5,5,0
not_much,5,4,1
too_delighted,5,0,5
remotely_charming,5,0,5
less_tasty,5,5,0
more_unreliable,5,5,0
equally_good,5,5,0
so_honored,5,5,0
so_manly,5,3,2
too_debilitating,5,2,3
too_overt,5,0,5
entirely_alone,5,5,0
too_spooky,5,0,5
so_volatile,5,4,1
even_controversial,5,2,3
very_inclined,5,5,0
ever_beneficial,5,5,0
innately_bad,5,1,4
remotely_unusual,5,1,4
too_blunt,5,4,1
too_outdated,5,4,1
especially_cheap,5,5,0
necessarily_sinister,5,1,4
sexually_suggestive,5,1,4
especially_troubling,5,3,2
really_unpleasant,5,1,4
too_overdone,5,2,3
too_detrimental,5,0,5
so_limited,5,1,4
ever_pleasant,5,5,0
most_enjoyable,5,5,0
ever_malicious,5,5,0
entirely_adequate,5,5,0
intentionally_wrong,5,2,3
very_reassuring,5,4,1
very_formal,5,4,1
less_ominous,5,4,1
more_infectious,5,4,1
more_inevitable,5,3,2
super_popular,5,4,1
financially_rewarding,5,5,0
less_optimistic,5,5,0
financially_stable,5,4,1
particularly_apparent,5,5,0
financially_sustainable,5,5,0
more_individual,5,5,0
more_cunning,5,3,2
less_partisan,5,4,1
more_indignant,5,5,0
as_democratic,5,5,0
clearly_right,5,5,0
as_painless,5,5,0
less_offensive,5,5,0
more_independent,5,3,2
less_odious,5,4,1
again_ready,5,5,0
as_partisan,5,4,1
truly_substantial,5,0,5
financially_free,5,5,0
as_demoralizing,5,3,2
financially_dependent,5,5,0
less_bizarre,5,5,0
truly_significant,5,0,5
readily_understandable,5,5,0
more_insufferable,5,3,2
completely_abstract,5,4,1
as_normal,5,4,1
yet_capable,5,5,0
more_instant,5,2,3
more_content,5,4,1
truly_solid,5,2,3
more_insignificant,5,4,1
less_bold,5,4,1
truly_stable,5,5,0
more_contradictory,5,4,1
so_colourful,5,4,1
financially_able,5,5,0
painfully_aware,5,5,0
less_outraged,5,5,0
merely_personal,5,5,0
racially_motivated,5,2,3
particularly_aware,5,5,0
super_rich,5,4,1
very_negative,5,3,2
as_pivotal,5,4,1
always_singular,5,5,0
more_illegal,5,1,4
less_colorful,5,4,1
particularly_virtuous,5,3,2
as_poetic,5,3,2
less_comfortable,5,4,1
more_idiotic,5,5,0
fully_accurate,5,5,0
fully_achievable,5,5,0
less_committed,5,5,0
particularly_critical,5,5,0
particularly_cruel,5,4,1
particularly_viable,5,5,0
so_patient,5,4,1
particularly_dark,5,3,2
very_edifying,5,3,2
very_newsworthy,5,0,5
amazingly_new,5,0,5
particularly_wealthy,5,5,0
absolutely_new,5,2,3
particularly_awesome,5,0,5
so_similar,5,4,1
as_patient,5,5,0
less_intimidating,5,3,2
as_demanding,5,5,0
more_dark,5,1,4
less_chic,5,1,4
less_evil,5,4,1
particularly_wild,5,4,1
particularly_brutal,5,3,2
particularly_busy,5,5,0
as_delicate,5,5,0
more_impassioned,5,3,2
amazingly_special,5,0,5
less_evident,5,5,0
truly_wild,5,3,2
particularly_cheerful,5,5,0
quite_apparent,5,5,0
truly_worried,5,5,0
as_pessimistic,5,5,0
quite_warm,5,4,1
overtly_supernatural,5,0,5
overtly_sexy,5,2,3
ultimately_real,5,4,1
as_messy,5,5,0
more_comfy,5,3,2
overly_steep,5,3,2
more_comical,5,2,3
very_modern,5,3,2
more_commanding,5,2,3
purely_physical,5,5,0
completely_legal,5,5,0
realistically_possible,5,5,0
less_applicable,5,4,1
overly_terrible,5,1,4
always_accurate,5,5,0
overly_thrilled,5,5,0
less_favorable,5,5,0
less_legitimate,5,5,0
that_certain,5,5,0
inherently_inappropriate,5,1,4
as_modern,5,4,1
very_spiritual,5,4,1
truly_permanent,5,4,1
that_bright,5,4,1
completely_necessary,5,5,0
truly_necessary,5,5,0
truly_natural,5,3,2
still_able,5,5,0
really_attainable,5,5,0
overly_political,5,4,1
so_comprehensive,5,2,3
too_grandiose,5,3,2
as_lush,5,4,1
overly_precious,5,5,0
so_forthcoming,5,5,0
so_formidable,5,2,3
more_merciful,5,5,0
truly_loyal,5,5,0
overly_reliant,5,5,0
very_appetizing,5,3,2
completely_random,5,4,1
truly_meaningful,5,2,3
less_fervent,5,5,0
that_dangerous,5,5,0
as_marketable,5,5,0
that_curious,5,5,0
so_agreeable,5,4,1
more_light,5,5,0
absolutely_secure,5,5,0
extremely_useful,5,2,3
that_adventurous,5,5,0
overtly_illegal,5,1,4
so_fit,5,5,0
very_own,5,4,1
completely_dependent,5,5,0
so_appreciative,5,5,0
more_jewish,5,4,1
truly_right,5,5,0
overtly_obvious,5,2,3
more_considerate,5,4,1
more_inventive,5,4,1
overtly_racist,5,2,3
perfectly_good,5,5,0
less_patriotic,5,2,3
less_believable,5,4,1
real_comfortable,5,5,0
more_intricate,5,5,0
perfectly_free,5,5,0
more_intolerant,5,1,4
more_intolerable,5,5,0
truly_reflective,5,5,0
so_repulsive,5,3,2
extremely_valuable,5,3,2
that_afraid,5,5,0
again_close,5,5,0
that_black,5,5,0
very_extensive,5,5,0
as_celebrated,5,5,0
less_fantastic,5,2,3
completely_fluent,5,5,0
real_new,5,0,5
completely_flat,5,5,0
more_concrete,5,1,4
so_comical,5,3,2
very_spicy,5,5,0
very_adventurous,5,5,0
completely_fair,5,5,0
more_lame,5,4,1
as_narrow,5,5,0
that_angry,5,5,0
super_high,5,3,2
less_personal,5,4,1
that_aggressive,5,5,0
as_posh,5,4,1
particularly_dependent,5,5,0
as_loving,5,5,0
particularly_talented,5,5,0
terribly_confident,5,5,0
so_cheerful,5,5,0
particularly_patient,5,5,0
as_unbelievable,5,3,2
more_dignified,5,2,3
visually_compelling,5,4,1
particularly_photogenic,5,4,1
so_breathtaking,5,3,2
fundamentally_unfair,5,3,2
as_responsible,5,5,0
as_vexing,5,5,0
as_troublesome,5,4,1
less_empty,5,0,5
as_tricky,5,3,2
as_tolerant,5,5,0
quite_common,5,5,0
particularly_pretty,5,5,0
as_conducive,5,3,2
very_enticing,5,5,0
generally_applicable,5,5,0
absolutely_black,5,5,0
particularly_terrifying,5,3,2
terribly_controversial,5,4,1
fundamentally_good,5,2,3
grossly_wrong,5,2,3
as_regular,5,5,0
more_focused,5,5,0
particularly_nasty,5,1,4
less_determined,5,4,1
as_relaxing,5,5,0
as_upset,5,5,0
very_witty,5,3,2
more_flat,5,3,2
still_possible,5,5,0
less_magnificent,5,4,1
particularly_noticeable,5,1,4
as_unstable,5,5,0
quite_ideal,5,5,0
quite_human,5,5,0
all_natural,5,5,0
more_devious,5,2,3
as_uniform,5,5,0
as_unified,5,5,0
more_discreet,5,3,2
terribly_attractive,5,4,1
generally_available,5,4,1
more_entrepreneurial,5,3,2
technologically_advanced,5,5,0
as_straight,5,5,0
more_enlightened,5,5,0
more_enigmatic,5,4,1
so_enthralling,5,5,0
very_engaging,5,4,1
genuinely_good,5,2,3
more_enamored,5,5,0
technically_competent,5,5,0
more_earnest,5,4,1
particularly_scandalous,5,1,4
usually_true,5,5,0
particularly_solid,5,3,2
more_elemental,5,2,3
technically_new,5,1,4
particularly_sentimental,5,5,0
more_effusive,5,4,1
above_normal,5,5,0
more_eerie,5,4,1
inherently_awful,5,1,4
quite_dry,5,5,0
as_thankful,5,5,0
as_sudden,5,4,1
as_confusing,5,4,1
as_ripe,5,4,1
particularly_promising,5,4,1
as_telling,5,4,1
particularly_stunning,5,3,2
so_enduring,5,4,1
as_technical,5,3,2
as_salacious,5,2,3
particularly_quick,5,5,0
particularly_straightforward,5,5,0
as_systematic,5,4,1
so_changeable,5,4,1
usually_enough,5,5,0
more_exacting,5,5,0
particularly_rational,5,4,1
so_poetic,5,3,2
particularly_startling,5,4,1
quite_empty,5,5,0
more_divergent,5,5,0
terribly_distracting,5,1,4
fully_visible,5,4,1
more_unaffordable,5,4,1
less_creative,5,5,0
as_prone,5,4,1
so_believable,5,5,0
so_revolutionary,5,2,3
terribly_insightful,5,0,5
always_fair,5,5,0
particularly_fascinating,5,1,4
less_momentous,5,4,1
more_deplorable,5,4,1
as_public,5,5,0
more_harsh,5,3,2
as_recognisable,5,3,2
so_serene,5,4,1
particularly_true,5,5,0
more_happier,5,5,0
particularly_troubling,5,2,3
terribly_high,5,5,0
particularly_tricky,5,0,5
as_quaint,5,4,1
more_grueling,5,4,1
less_cruel,5,4,1
very_noteworthy,5,4,1
less_enticing,5,4,1
particularly_eventful,5,0,5
fully_democratic,5,5,0
ultimately_satisfying,5,3,2
very_weak,5,4,1
as_decisive,5,5,0
quite_stuck,5,2,3
quite_straightforward,5,5,0
fully_clean,5,5,0
as_present,5,4,1
very_notable,5,3,2
super_strong,5,4,1
quite_stable,5,5,0
particularly_dynamic,5,5,0
fully_comprehensible,5,5,0
so_shameful,5,2,3
hard_enough,5,5,0
as_pristine,5,5,0
quite_brave,5,5,0
very_welcome,5,4,1
particularly_endearing,5,3,2
more_historic,5,2,3
less_miraculous,5,4,1
particularly_grand,5,2,3
as_qualified,5,5,0
more_general,5,5,0
as_rational,5,5,0
so_exhausting,5,4,1
fully_responsible,5,5,0
as_coherent,5,5,0
particularly_logical,5,4,1
as_worrisome,5,4,1
particularly_tough,5,5,0
as_wondrous,5,3,2
more_frivolous,5,2,3
particularly_luxurious,5,3,2
quite_large,5,5,0
terribly_enthusiastic,5,5,0
so_secret,5,5,0
so_blue,5,5,0
as_recent,5,2,3
fully_true,5,5,0
more_forgiving,5,4,1
terribly_easy,5,5,0
as_vigorous,5,4,1
fully_rational,5,5,0
more_generic,5,1,4
particularly_harsh,5,4,1
particularly_intuitive,5,4,1
uniquely_christian,5,0,5
more_descriptive,5,3,2
more_green,5,3,2
less_daring,5,4,1
very_soft,5,4,1
super_valuable,5,4,1
fully_objective,5,5,0
less_dear,5,2,3
so_bland,5,3,2
mentally_competent,5,5,0
individually_responsible,5,5,0
so_expansive,5,5,0
more_girly,5,1,4
particularly_informative,5,3,2
inherently_democratic,5,3,2
quite_obvious,5,5,0
particularly_intellectual,5,3,2
as_random,5,4,1
more_german,5,4,1
completely_serious,5,5,0
as_slender,5,5,0
so_addictive,5,5,0
probably_wrong,5,4,1
as_gut-wrenching,5,3,2
so_hardy,5,4,1
directly_applicable,5,4,1
more_selfish,5,2,3
very_comprehensive,5,3,2
more_seamless,5,5,0
as_divine,5,0,5
exactly_identical,5,4,1
often_better,5,5,0
so_nasty,5,4,1
really_explicit,5,2,3
more_sceptical,5,5,0
more_scathing,5,5,0
more_savory,5,3,2
inherently_spiritual,5,1,4
spectacularly_wrong,5,2,3
more_saddening,5,3,2
really_magical,5,0,5
totally_private,5,5,0
more_ruthless,5,4,1
exactly_good,5,5,0
just_sex,5,5,0
very_concrete,5,3,2
as_guilty,5,5,0
less_harmful,5,5,0
more_soft,5,2,3
as_gifted,5,3,2
very_constructive,5,5,0
so_disheartening,5,0,5
so_troubling,5,2,3
very_talented,5,5,0
any_nearer,5,5,0
politically_minded,5,5,0
totally_good,5,5,0
more_sinful,5,4,1
more_antagonistic,5,5,0
obviously_superior,5,5,0
more_silly,5,2,3
as_bombastic,5,3,2
so_traumatic,5,2,3
obviously_unusual,5,0,5
directly_political,5,5,0
inherently_threatening,5,0,5
more_assertive,5,4,1
more_ruinous,5,4,1
once_concerned,5,5,0
more_red,5,5,0
so_noisy,5,4,1
more_auspicious,5,4,1
so_tantalizing,5,4,1
politically_acceptable,5,5,0
wholly_female,5,5,0
less_good,5,3,2
actually_safe,5,5,0
actually_scared,5,5,0
less_responsible,5,1,4
really_flashy,5,2,3
more_random,5,3,2
very_distracting,5,3,2
inherently_scary,5,1,4
truly_abstract,5,5,0
that_tired,5,5,0
really_faint,5,5,0
sufficiently_large,5,5,0
hugely_new,5,1,4
as_ignorant,5,5,0
so_technical,5,3,2
as_horrifying,5,3,2
really_lonely,5,5,0
more_regal,5,3,2
more_rigorous,5,4,1
as_hectic,5,5,0
more_retro,5,2,3
only_black,5,4,1
as_heinous,5,3,2
more_resilient,5,4,1
more_republican,5,4,1
very_compatible,5,5,0
very_distant,5,5,0
only_physical,5,5,0
really_illegal,5,3,2
really_ill,5,4,1
actually_right,5,5,0
less_robust,5,5,0
as_holy,5,3,2
less_impressed,5,4,1
as_horrid,5,1,4
only_useful,5,5,0
very_distinct,5,4,1
spectacularly_bad,5,2,3
so_typical,5,2,3
more_soulful,5,3,2
pretty_cool,5,5,0
as_erotic,5,3,2
as_eventful,5,5,0
so_unfamiliar,5,3,2
morally_reprehensible,5,2,3
so_unexpected,5,3,2
noticeably_wrong,5,0,5
really_smooth,5,5,0
really_small,5,4,1
ever_tired,5,5,0
as_better,5,1,4
too_upsetting,5,0,5
in_much,5,5,0
too_active,5,3,2
any_richer,5,5,0
economically_efficient,5,3,2
so_daunting,5,3,2
previously_able,5,5,0
implicitly_wrong,5,0,5
as_exuberant,5,4,1
so_delighted,5,5,0
notably_successful,5,5,0
too_vile,5,2,3
pretty_clear,5,5,0
really_technical,5,1,4
so_unimpressed,5,5,0
not_valuable,5,5,0
precisely_sure,5,5,0
not_visible,5,5,0
really_sustainable,5,5,0
less_horrific,5,4,1
not_welcome,5,5,0
not_willing,5,4,1
as_enduring,5,4,1
too_angry,5,5,0
very_democratic,5,4,1
so_ungrateful,5,5,0
strikingly_original,5,2,3
as_enormous,5,4,1
wildly_different,5,3,2
so_unfortunate,5,5,0
more_treacherous,5,4,1
as_enthralling,5,5,0
ever_uncomfortable,5,5,0
more_abusive,5,1,4
as_dreadful,5,3,2
as_dysfunctional,5,5,0
so_heartwarming,5,1,4
as_fluent,5,5,0
more_stunned,5,5,0
more_affected,5,5,0
really_radical,5,0,5
exactly_accurate,5,5,0
just_perfect,5,3,2
inherently_unscientific,5,1,4
obviously_bad,5,3,2
totally_convincing,5,5,0
more_aging,5,3,2
totally_dead,5,5,0
as_drunk,5,5,0
so_unattractive,5,2,3
really_predictable,5,5,0
less_harrowing,5,3,2
this_excited,5,5,0
more_alike,5,5,0
totally_evil,5,5,0
so_disastrous,5,5,0
really_rich,5,5,0
really_sexy,5,2,3
easily_achievable,5,5,0
more_accommodating,5,5,0
easily_replaceable,5,4,1
too_abstract,5,3,2
easily_recyclable,5,5,0
more_temporary,5,3,2
ever_unhappy,5,5,0
potentially_damaging,5,0,5
inherently_virtuous,5,0,5
more_technological,5,0,5
more_technical,5,0,5
inherently_valuable,5,1,4
so_disagreeable,5,2,3
less_heinous,5,4,1
really_scientific,5,2,3
too_white,5,4,1
though_possible,5,5,0
though_much,5,5,0
totally_absent,5,5,0
really_romantic,5,2,3
inherently_sacred,5,1,4
as_helpless,5,5,0
hugely_innovative,5,0,5
more_overt,5,3,2
more_calm,5,5,0
really_confused,5,5,0
wholly_clear,5,5,0
more_orderly,5,4,1
more_opulent,5,1,4
as_imaginative,5,4,1
as_irrelevant,5,3,2
statistically_different,5,5,0
truly_fair,5,5,0
more_official,5,3,2
overly_distracting,5,3,2
less_indicative,5,4,1
as_joyous,5,1,4
truly_fantastic,5,1,4
consistently_effective,5,5,0
less_forgiving,5,5,0
very_brilliant,5,3,2
very_beneficial,5,5,0
as_integral,5,5,0
excessively_hot,5,4,1
over_cautious,5,4,1
so_gorgeous,5,2,3
as_infamous,5,5,0
physically_aggressive,5,3,2
as_innocuous,5,3,2
that_quiet,5,4,1
so_conservative,5,4,1
that_predictable,5,5,0
as_insidious,5,4,1
as_inspirational,5,2,3
actually_various,5,0,5
less_provocative,5,5,0
overly_bad,5,1,4
more_paradoxical,5,5,0
that_innocent,5,5,0
very_beautiful,5,3,2
more_poetic,5,2,3
so_stable,5,5,0
more_mystical,5,4,1
also_late,5,5,0
really_bright,5,4,1
overly_long,5,5,0
so_adamant,5,5,0
less_fine,5,5,0
more_monumental,5,2,3
so_spooky,5,3,2
truly_innocent,5,5,0
completely_transparent,5,5,0
overly_memorable,5,2,3
more_moderate,5,5,0
extremely_close,5,5,0
extremely_cold,5,5,0
really_awesome,5,2,3
statistically_valid,5,5,0
truly_immune,5,5,0
more_objective,5,3,2
less_absurd,5,5,0
as_late,5,5,0
personally_involved,5,5,0
more_nuanced,5,1,4
as_legendary,5,5,0
explicitly_religious,5,3,2
truly_groundbreaking,5,1,4
purely_black,5,4,1
majorly_new,5,0,5
overly_fussy,5,3,2
so_startling,5,5,0
that_full,5,5,0
completely_white,5,5,0
extra_rewarding,5,0,5
as_literal,5,4,1
so_reliant,5,5,0
so_gracious,5,5,0
overly_dark,5,4,1
truly_capable,5,3,2
really_drunk,5,5,0
really_eager,5,5,0
more_beguiling,5,3,2
more_porous,5,5,0
as_independent,5,4,1
less_frustrating,5,3,2
really_distinctive,5,0,5
so_constant,5,3,2
currently_capable,5,5,0
as_disgusting,5,4,1
outright_terrible,5,5,0
that_scared,5,5,0
less_full,5,4,1
longer_usable,5,5,0
really_distinct,5,3,2
so_contentious,5,5,0
very_threatening,5,4,1
more_blunt,5,5,0
more_befitting,5,4,1
really_disappointing,5,4,1
less_religious,5,5,0
inherently_progressive,5,0,5
so_contradictory,5,4,1
more_discerning,4,4,0
incredibly_important,4,3,1
more_abrasive,4,0,4
so_irrelevant,4,4,0
too_frustrated,4,4,0
super_cheap,4,4,0
more_commercial,4,3,1
all_likely,4,4,0
sufficiently_powerful,4,2,2
straight_forward,4,4,0
hugely_profitable,4,4,0
super_comfortable,4,4,0
logically_wrong,4,1,3
very_seductive,4,2,2
more_childish,4,4,0
super_fast,4,4,0
even_logical,4,4,0
all_relevant,4,4,0
more_decorative,4,2,2
too_festive,4,2,2
scientifically_valid,4,4,0
very_wonderful,4,0,4
super_awesome,4,3,1
all_unique,4,0,4
so_instructive,4,2,2
so_droll,4,1,3
romantically_interested,4,4,0
all_positive,4,3,1
more_changeable,4,4,0
more_devout,4,4,0
historically_inaccurate,4,2,2
incredibly_interesting,4,2,2
intellectually_stimulating,4,3,1
much_richer,4,3,1
very_ill,4,4,0
more_accountable,4,3,1
more_compatible,4,2,2
even_optional,4,4,0
so_definite,4,1,3
much_cooler,4,2,2
strongly_related,4,4,0
merely_metaphorical,4,4,0
so_early,4,4,0
super_competitive,4,3,1
all_white,4,4,0
more_dreary,4,1,3
so_demoralizing,4,3,1
more_autobiographical,4,4,0
more_dubious,4,2,2
so_depraved,4,3,1
more_cliched,4,2,2
more_bare,4,4,0
super_complicated,4,3,1
more_cliche,4,1,3
more_cinematic,4,3,1
too_favorable,4,2,2
more_bad,4,2,2
all_greater,4,0,4
actually_difficult,4,4,0
more_classy,4,2,2
even_special,4,2,2
genuinely_scary,4,4,0
around_enough,4,4,0
so_enormous,4,3,1
sufficiently_interested,4,4,0
super_sexy,4,1,3
so_decisive,4,1,3
so_compact,4,2,2
seriously_harmful,4,4,0
more_complimentary,4,3,1
morally_objectionable,4,0,4
more_colourful,4,3,1
so_delectable,4,4,0
more_coherent,4,3,1
very_straightforward,4,4,0
more_cutthroat,4,3,1
systemically_wrong,4,0,4
more_disturbed,4,4,0
very_tight,4,3,1
more_cognizant,4,4,0
scientifically_accurate,4,4,0
so_indulgent,4,4,0
all_important,4,3,1
very_outspoken,4,4,0
so_indispensable,4,4,0
most_obvious,4,3,1
hugely_original,4,2,2
substantively_different,4,1,3
more_conciliatory,4,4,0
too_exhausting,4,1,3
highly_original,4,2,2
immediately_accessible,4,4,0
more_constitutional,4,2,2
half_over,4,4,0
even_newsworthy,4,4,0
too_energetic,4,0,4
even_detectable,4,4,0
more_anticlimactic,4,2,2
so_intricate,4,1,3
super_unique,4,1,3
militarily_strong,4,4,0
seemingly_wrong,4,0,4
very_outgoing,4,4,0
super_human,4,3,1
more_defensible,4,4,0
too_flexible,4,3,1
longer_able,4,4,0
sufficiently_compelling,4,3,1
highly_successful,4,3,1
so_distrustful,4,4,0
strategically_important,4,3,1
more_cosy,4,0,4
more_cordial,4,4,0
ideologically_pure,4,4,0
too_fierce,4,2,2
so_intimidating,4,1,3
more_deleterious,4,2,2
more_contemptuous,4,2,2
however_small,4,0,4
so_disposable,4,4,0
happily_numb,4,4,0
more_delusional,4,2,2
more_bored,4,4,0
more_dejected,4,4,0
super_technical,4,2,2
much_further,4,3,1
self_conscious,4,4,0
so_civil,4,4,0
most_radical,4,4,0
more_arbitrary,4,3,1
too_foreign,4,1,3
too_enlightening,4,1,3
very_wicked,4,3,1
so_dismal,4,3,1
remotely_worth,4,3,1
much_funny,4,0,4
ridiculously_expensive,4,3,1
however_important,4,1,3
apparently_willing,4,4,0
very_true,4,4,0
even_involved,4,4,0
incredibly_original,4,3,1
most_practical,4,4,0
super_new,4,0,4
even_perceptible,4,4,0
super_great,4,1,3
too_enamored,4,2,2
so_integral,4,4,0
more_dedicated,4,1,3
more_destabilizing,4,4,0
most_shocking,4,4,0
too_extra,4,1,3
even_passable,4,4,0
so_discerning,4,1,3
historically_correct,4,4,0
immediately_recognizable,4,4,0
remotely_useful,4,2,2
more_celebrated,4,4,0
much_newer,4,1,3
so_coarse,4,3,1
more_benign,4,4,0
so_classy,4,3,1
most_unusual,4,4,0
so_cunning,4,3,1
more_alert,4,4,0
most_profitable,4,4,0
more_connected,4,4,0
even_remarkable,4,1,3
too_evident,4,2,2
too_experimental,4,2,2
more_caring,4,4,0
hugely_wrong,4,1,3
too_flat,4,4,0
however_great,4,0,4
more_deep,4,1,3
super_natural,4,1,3
most_prestigious,4,4,0
so_discouraging,4,2,2
super_weird,4,1,3
more_bewildering,4,3,1
most_severe,4,4,0
so_eccentric,4,2,2
so_dissimilar,4,4,0
more_conflicted,4,4,0
however_good,4,0,4
longer_capable,4,4,0
all_unusual,4,0,4
more_humorous,4,2,2
more_educated,4,3,1
altogether_different,4,3,1
exceptionally_strong,4,3,1
inherently_radical,4,0,4
more_pragmatic,4,2,2
that_satisfied,4,4,0
too_chewy,4,4,0
that_safe,4,4,0
more_polarizing,4,0,4
that_relaxed,4,4,0
too_choosy,4,2,2
more_pious,4,3,1
more_pink,4,4,0
ever_linear,4,4,0
that_rare,4,4,0
that_profitable,4,4,0
that_precise,4,4,0
more_permissive,4,4,0
so_giddy,4,4,0
that_pessimistic,4,4,0
that_overt,4,4,0
wholly_comfortable,4,4,0
ever_lacking,4,4,0
more_presidential,4,2,2
ever_mandatory,4,4,0
ever_nice,4,4,0
that_special,4,1,3
ever_nervous,4,4,0
more_raucous,4,3,1
more_upbeat,4,4,0
actually_separate,4,4,0
more_questionable,4,1,3
actually_serious,4,4,0
inherently_safe,4,2,2
longer_many,4,4,0
that_tight,4,4,0
very_logical,4,4,0
actually_helpful,4,4,0
exceptionally_brilliant,4,4,0
that_sweet,4,4,0
that_surprising,4,4,0
more_promiscuous,4,3,1
exceptionally_different,4,1,3
inherently_risky,4,1,3
more_proficient,4,4,0
exceptionally_high,4,4,0
any_hotter,4,4,0
too_cheerful,4,1,3
more_overjoyed,4,4,0
exclusively_good,4,4,0
more_organized,4,3,1
more_organic,4,3,1
more_nasty,4,2,2
more_naive,4,2,2
more_musical,4,2,2
inherently_male,4,0,4
ever_idle,4,4,0
extremely_bad,4,2,2
more_modest,4,2,2
ever_hot,4,4,0
more_white,4,2,2
extremely_confident,4,4,0
that_dramatic,4,2,2
more_mild,4,4,0
extremely_drastic,4,1,3
inherently_liberal,4,0,4
more_witty,4,3,1
so_aggravating,4,3,1
so_forlorn,4,2,2
that_deep,4,4,0
ever_healthy,4,4,0
extremely_happy,4,4,0
extremely_hard,4,3,1
extra_vital,4,4,0
that_generous,4,4,0
so_abrupt,4,3,1
very_shy,4,4,0
so_futile,4,4,0
that_likable,4,4,0
more_opaque,4,2,2
more_one-sided,4,3,1
ever_innocent,4,4,0
too_cocky,4,4,0
explicitly_clear,4,4,0
explicitly_detailed,4,4,0
explicitly_graphic,4,3,1
so_fruitful,4,3,1
too_commercial,4,4,0
more_obedient,4,4,0
explicitly_political,4,3,1
that_huge,4,4,0
more_voluminous,4,4,0
too_colourful,4,3,1
explicitly_wrong,4,1,3
that_heavy,4,4,0
ever_incorrect,4,4,0
inherently_mistaken,4,0,4
that_weak,4,4,0
more_unthinkable,4,4,0
most_notable,4,3,1
too_adult,4,2,2
altogether_free,4,4,0
ever_typical,4,4,0
ever_related,4,3,1
too_acidic,4,3,1
more_theatrical,4,3,1
actually_likely,4,4,0
too_academic,4,3,1
more_tenacious,4,4,0
more_unforgiving,4,2,2
any_thicker,4,4,0
so_hectic,4,4,0
ever_uniform,4,4,0
so_holy,4,1,3
ever_pure,4,4,0
more_taboo,4,4,0
more_supernatural,4,1,3
thoroughly_satisfied,4,4,0
inherently_unusual,4,1,3
ever_wise,4,4,0
more_sudden,4,4,0
wholly_national,4,4,0
more_unfathomable,4,3,1
inherently_wicked,4,1,3
longer_true,4,4,0
more_titillating,4,2,2
ever_small,4,4,0
so_heroic,4,3,1
actually_interesting,4,3,1
ever_solid,4,4,0
ever_special,4,3,1
ever_specific,4,4,0
ever_stable,4,4,0
more_triumphant,4,3,1
so_hideous,4,1,3
more_unconventional,4,3,1
more_traumatizing,4,1,3
ever_strong,4,4,0
ever_stuck,4,2,2
more_transformative,4,2,2
more_undemocratic,4,0,4
more_underrated,4,1,3
ever_subtle,4,4,0
more_tough,4,2,2
more_torturous,4,2,2
more_undervalued,4,4,0
more_tolerable,4,4,0
exact_same,4,4,0
inherently_unreasonable,4,0,4
actually_impossible,4,3,1
more_stoked,4,4,0
more_second,4,4,0
so_hardcore,4,4,0
very_sentimental,4,1,3
exactly_ideal,4,4,0
wholly_independent,4,4,0
more_savage,4,2,2
any_lower,4,4,0
exactly_normal,4,4,0
then_perfect,4,0,4
actually_relevant,4,4,0
more_resistant,4,3,1
exactly_rare,4,4,0
any_louder,4,4,0
more_religious,4,4,0
so_grotesque,4,1,3
then_able,4,4,0
more_relative,4,1,3
exactly_shy,4,4,0
ever_obtainable,4,4,0
more_regular,4,3,1
more_regretful,4,2,2
more_secretive,4,3,1
more_senseless,4,2,2
more_unreal,4,4,0
more_sober,4,4,0
wholly_male,4,4,0
more_spooky,4,1,3
very_sensible,4,4,0
exactly_comfortable,4,4,0
more_southern,4,2,2
longer_sensible,4,3,1
wholly_responsible,4,4,0
ever_popular,4,4,0
more_socialist,4,4,0
so_harrowing,4,2,2
theoretically_outstanding,4,4,0
longer_silent,4,4,0
ever_pleased,4,4,0
more_simpler,4,2,2
more_sick,4,4,0
inherently_terrible,4,0,4
more_sexual,4,3,1
more_serviceable,4,3,1
more_unprepared,4,4,0
wholly_innocent,4,4,0
more_materialistic,4,3,1
extremely_high,4,3,1
more_masterful,4,4,0
ever_big,4,3,1
fully_good,4,4,0
fully_honest,4,4,0
fully_immune,4,4,0
fully_innocent,4,4,0
more_gruesome,4,1,3
most_evident,4,3,1
so_impactful,4,3,1
so_binary,4,4,0
ever_average,4,4,0
ever_automatic,4,3,1
longer_exclusive,4,4,0
inherently_dirty,4,0,4
most_expressive,4,4,0
so_impenetrable,4,3,1
fully_private,4,4,0
more_gay,4,3,1
fully_real,4,4,0
terribly_explicit,4,2,2
more_fruitless,4,3,1
most_fashionable,4,4,0
too_direct,4,2,2
very_nuanced,4,4,0
so_beneficial,4,4,0
so_foreign,4,3,1
ever_bigger,4,4,0
again_subject,4,4,0
too_depraved,4,3,1
fully_bad,4,4,0
more_humbled,4,4,0
terribly_much,4,1,3
so_immersive,4,4,0
more_hotter,4,2,2
very_normal,4,4,0
fully_close,4,4,0
fully_committed,4,4,0
fully_consistent,4,4,0
terribly_long,4,4,0
still_important,4,4,0
terribly_likely,4,4,0
most_elegant,4,4,0
so_beguiling,4,2,2
so_expressive,4,3,1
more_hectic,4,4,0
very_juicy,4,1,3
more_heated,4,4,0
terribly_inspiring,4,2,2
sexually_intimate,4,4,0
so_exclusive,4,3,1
more_forlorn,4,3,1
sexually_interested,4,4,0
mentally_unstable,4,4,0
more_expansive,4,4,0
more_excessive,4,4,0
visibly_upset,4,4,0
too_dominant,4,3,1
more_euphoric,4,0,4
inherently_boring,4,1,3
still_relevant,4,4,0
so_inappropriate,4,2,2
all_difficult,4,3,1
more_ephemeral,4,4,0
more_envious,4,4,0
all_easy,4,4,0
more_engrossing,4,2,2
all_excited,4,2,2
genuinely_happy,4,4,0
more_empty,4,2,2
all_familiar,4,4,0
genuinely_interested,4,4,0
more_egalitarian,4,2,2
technically_impossible,4,4,0
longer_dominant,4,4,0
more_expendable,4,4,0
terribly_athletic,4,4,0
more_feminist,4,1,3
more_foreboding,4,1,3
fully_willing,4,4,0
most_forgiving,4,4,0
fully_wrong,4,4,0
more_flattered,4,4,0
fundamentally_evil,4,1,3
too_discreet,4,1,3
fundamentally_flawed,4,1,3
fundamentally_important,4,1,3
so_brash,4,3,1
so_improbable,4,3,1
more_fearless,4,3,1
terribly_common,4,3,1
so_brief,4,4,0
more_fast,4,4,0
too_disruptive,4,1,3
more_far-fetched,4,4,0
so_excellent,4,3,1
even_warm,4,4,0
more_extra,4,3,1
ever_cold,4,4,0
terribly_notable,4,0,4
so_awkward,4,3,1
longer_identifiable,4,4,0
too_corny,4,3,1
that_aware,4,4,0
inherently_implausible,4,1,3
too_corporate,4,0,4
most_affordable,4,4,0
more_lavish,4,2,2
longer_innocent,4,4,0
so_flat,4,4,0
more_lacking,4,3,1
most_appealing,4,4,0
so_appalling,4,3,1
longer_important,4,4,0
more_judicious,4,4,0
more_italian,4,1,3
mathematically_alive,4,4,0
so_fertile,4,4,0
inherently_green,4,0,4
so_fearsome,4,2,2
ever_evident,4,4,0
ever_essential,4,4,0
more_intractable,4,1,3
that_awful,4,4,0
ever_fearful,4,4,0
too_cooperative,4,0,4
inherently_incompatible,4,0,4
so_forceful,4,4,0
too_consistent,4,1,3
extremely_positive,4,3,1
that_clever,4,4,0
so_altruistic,4,0,4
so_amazed,4,4,0
more_loathsome,4,2,2
well_satisfied,4,4,0
more_live,4,3,1
so_ambivalent,4,3,1
so_hurt,4,4,0
more_yellow,4,3,1
significantly_wrong,4,0,4
extremely_successful,4,4,0
so_fleeting,4,3,1
ever_full,4,4,0
anywhere_else,4,3,1
very_motivated,4,4,0
more_life-changing,4,1,3
massively_successful,4,4,0
significantly_lower,4,4,0
so_ideal,4,4,0
more_identifiable,4,2,2
too_cruel,4,2,2
terribly_realistic,4,4,0
most_cost-effective,4,4,0
more_impractical,4,3,1
more_impenetrable,4,2,2
more_immune,4,4,0
terribly_plausible,4,4,0
most_creative,4,4,0
terribly_persuasive,4,4,0
more_illustrious,4,3,1
very_smooth,4,4,0
more_illogical,4,3,1
terribly_obvious,4,2,2
instantly_accessible,4,3,1
more_ignorant,4,3,1
very_nervous,4,4,0
more_idyllic,4,3,1
more_idle,4,4,0
most_desirable,4,3,1
ever_competitive,4,4,0
fully_active,4,4,0
fully_american,4,4,0
more_incendiary,4,2,2
inherently_female,4,0,4
ever_correct,4,4,0
financially_responsible,4,4,0
so_idealistic,4,2,2
more_inhumane,4,0,4
so_astonished,4,4,0
ever_disappointed,4,4,0
more_informed,4,3,1
terribly_spectacular,4,0,4
so_idyllic,4,4,0
financially_interested,4,4,0
more_inept,4,4,0
most_complex,4,3,1
too_dear,4,3,1
so_far-reaching,4,4,0
altogether_happy,4,4,0
ever_dangerous,4,4,0
more_indifferent,4,3,1
so_illuminating,4,2,2
most_convenient,4,4,0
again_possible,4,4,0
too_dead,4,4,0
most_convincing,4,4,0
so_advantageous,4,3,1
so_deserving,4,3,1
very_prevalent,4,4,0
too_savory,4,1,3
as_brash,4,2,2
particularly_damaging,4,3,1
too_scientific,4,1,3
as_raunchy,4,3,1
brutally_honest,4,3,1
very_proficient,4,4,0
too_scrupulous,4,0,4
recognizably_human,4,1,3
as_red,4,4,0
currently_online,4,4,0
entirely_identical,4,4,0
not_familiar,4,4,0
currently_possible,4,4,0
just_delicious,4,0,4
really_exotic,4,1,3
particularly_thin,4,4,0
less_noble,4,0,4
really_expensive,4,2,2
particularly_thick,4,4,0
as_remote,4,4,0
entirely_healthy,4,4,0
very_gay,4,2,2
absolutely_impossible,4,4,0
too_sensational,4,1,3
less_engaging,4,1,3
as_repressive,4,3,1
not_gonna,4,3,1
particularly_curious,4,3,1
so_unwilling,4,4,0
particularly_elegant,4,2,2
really_excellent,4,3,1
particularly_urgent,4,1,3
less_noticeable,4,2,2
truly_authentic,4,2,2
not_close,4,4,0
really_enthusiastic,4,4,0
as_pretentious,4,3,1
particularly_costly,4,3,1
quite_boring,4,3,1
as_primal,4,3,1
not_comprehensible,4,4,0
as_decadent,4,3,1
entirely_objective,4,4,0
as_promising,4,4,0
particularly_credible,4,4,0
not_confident,4,4,0
less_reliable,4,3,1
less_enthralling,4,3,1
so_powerless,4,2,2
particularly_troubled,4,4,0
not_correct,4,4,0
not_creepy,4,4,0
not_dangerous,4,4,0
really_eventful,4,0,4
very_quiet,4,4,0
less_common,4,4,0
entirely_likable,4,4,0
just_curious,4,2,2
as_repulsive,4,4,0
particularly_talkative,4,4,0
so_patriotic,4,3,1
as_resilient,4,4,0
entirely_dark,4,4,0
too_slight,4,4,0
entirely_credible,4,4,0
very_frightening,4,4,0
as_crispy,4,4,0
so_merciful,4,3,1
particularly_stellar,4,4,0
entirely_compatible,4,4,0
particularly_dogmatic,4,4,0
particularly_drastic,4,1,3
not_interesting,4,3,1
really_feasible,4,4,0
quite_consistent,4,3,1
outrageously_bad,4,2,2
particularly_stable,4,4,0
less_conspicuous,4,4,0
as_secretive,4,4,0
quite_square,4,4,0
too_sober,4,1,3
quite_spectacular,4,3,1
not_likely,4,2,2
less_elegant,4,4,0
particularly_edifying,4,3,1
otherwise_minded,4,0,4
as_sentimental,4,4,0
really_urgent,4,1,3
as_separate,4,4,0
really_fascinating,4,0,4
particularly_distracting,4,3,1
as_savvy,4,4,0
particularly_detailed,4,3,1
so_melodramatic,4,0,4
so_possible,4,4,0
not_guilty,4,4,0
particularly_sure,4,4,0
entirely_female,4,4,0
less_confident,4,3,1
really_worse,4,3,1
too_sheer,4,2,2
just_easy,4,3,1
actually_blue,4,4,0
really_wild,4,2,2
quite_suitable,4,3,1
truly_accountable,4,4,0
unambiguously_good,4,4,0
particularly_stylish,4,2,2
particularly_stupid,4,4,0
less_natural,4,2,2
too_simplistic,4,4,0
ultimately_wrong,4,1,3
too_skeptical,4,4,0
not_illegal,4,4,0
as_sadistic,4,3,1
entirely_dismissive,4,4,0
too_skilled,4,3,1
really_famous,4,4,0
less_consequential,4,4,0
less_erotic,4,2,2
not_capable,4,3,1
quite_beautiful,4,4,0
perfectly_consistent,4,4,0
really_democratic,4,4,0
particularly_astonishing,4,2,2
as_depressed,4,4,0
too_pretentious,4,0,4
particularly_astute,4,4,0
very_restrictive,4,2,2
too_pretty,4,3,1
just_bad,4,3,1
particularly_auspicious,4,3,1
as_nefarious,4,2,2
remotely_ashamed,4,4,0
really_desirable,4,3,1
racially_offensive,4,2,2
less_quiet,4,4,0
as_noisy,4,4,0
very_accessible,4,4,0
as_nostalgic,4,2,2
very_abundant,4,4,0
criminally_negligent,4,1,3
remotely_anti-semitic,4,1,3
never_okay,4,4,0
perfectly_evil,4,4,0
too_profitable,4,2,2
particularly_beneficial,4,3,1
never_perfect,4,4,0
particularly_biblical,4,2,2
as_obsessive,4,3,1
as_nauseating,4,3,1
purely_technical,4,4,0
truly_concerned,4,4,0
very_afraid,4,4,0
especially_admirable,4,2,2
truly_creative,4,4,0
so_visceral,4,3,1
too_persistent,4,2,2
purely_private,4,4,0
truly_cool,4,4,0
too_pessimistic,4,4,0
truly_transparent,4,4,0
legally_available,4,4,0
too_physical,4,2,2
so_manageable,4,3,1
as_monstrous,4,1,3
so_pretentious,4,2,2
too_prepared,4,4,0
perfectly_quiet,4,4,0
less_insidious,4,4,0
never_acceptable,4,4,0
very_grateful,4,4,0
particularly_apt,4,4,0
less_familiar,4,4,0
truly_consensual,4,4,0
as_naive,4,4,0
equally_capable,4,4,0
so_vicious,4,4,0
never_easy,4,4,0
truly_unexpected,4,1,3
just_blue,4,3,1
really_dirty,4,3,1
entirely_private,4,4,0
critically_wrong,4,0,4
quite_alive,4,4,0
as_palpable,4,4,0
particularly_worthy,4,0,4
always_pleasant,4,4,0
entirely_serious,4,4,0
not_amusing,4,4,0
quite_amazing,4,3,1
not_appropriate,4,4,0
less_excellent,4,4,0
as_delighted,4,4,0
particularly_cohesive,4,2,2
always_funny,4,4,0
particularly_weak,4,4,0
as_pious,4,4,0
less_objectionable,4,2,2
particularly_competent,4,4,0
not_beautiful,4,3,1
culturally_relevant,4,4,0
truly_beautiful,4,4,0
entirely_realistic,4,4,0
particularly_visible,4,4,0
knowingly_untrue,4,4,0
outright_wrong,4,0,4
quite_useful,4,4,0
quite_bad,4,4,0
not_big,4,4,0
as_populous,4,4,0
yet_complete,4,4,0
particularly_charming,4,3,1
so_masculine,4,1,3
so_obscure,4,1,3
clearly_erroneous,4,3,1
less_integral,4,2,2
less_intelligent,4,4,0
remotely_acceptable,4,3,1
really_disappointed,4,4,0
just_busy,4,0,4
truly_various,4,0,4
remotely_abstract,4,0,4
as_ominous,4,2,2
less_depressing,4,2,2
perfectly_analogous,4,4,0
particularly_brave,4,2,2
remarkably_new,4,0,4
as_outlandish,4,3,1
entirely_trustworthy,4,4,0
really_disturbing,4,2,2
too_quirky,4,2,2
remarkably_good,4,3,1
too_random,4,3,1
truly_viable,4,2,2
as_ordinary,4,3,1
entirely_suitable,4,4,0
quite_adequate,4,3,1
as_ostentatious,4,3,1
too_reassuring,4,0,4
as_outgoing,4,4,0
uncomfortably_cold,4,4,0
otherwise_available,4,3,1
as_menacing,4,4,0
too_wacky,4,1,3
so_uncomplicated,4,4,0
too_weary,4,4,0
as_unforgettable,4,2,2
too_welcoming,4,1,3
particularly_honest,4,4,0
as_unfortunate,4,2,2
quite_great,4,3,1
as_unhappy,4,4,0
particularly_horrible,4,1,3
particularly_optimistic,4,3,1
too_wordy,4,2,2
less_diligent,4,4,0
too_worse,4,1,3
very_flavorful,4,4,0
too_youthful,4,4,0
really_natural,4,2,2
now_visible,4,4,0
uniquely_human,4,1,3
particularly_huge,4,4,0
now_worth,4,4,0
less_magical,4,2,2
just_ordinary,4,2,2
particularly_hungry,4,4,0
easily_able,4,4,0
really_rewarding,4,4,0
particularly_ideal,4,4,0
really_newsworthy,4,1,3
particularly_outspoken,4,4,0
easily_predictable,4,4,0
entirely_appropriate,4,4,0
so_monumental,4,1,3
really_sorry,4,4,0
very_romantic,4,4,0
really_soft,4,3,1
really_social,4,4,0
really_sober,4,4,0
less_culpable,4,4,0
so_sensual,4,4,0
so_unequal,4,2,2
particularly_pleasing,4,1,3
demonstrably_true,4,3,1
really_mature,4,4,0
less_cynical,4,4,0
less_scary,4,3,1
as_conclusive,4,4,0
too_urgent,4,1,3
just_more,4,1,3
particularly_gripping,4,0,4
particularly_handy,4,4,0
so_naughty,4,4,0
wildly_exciting,4,1,3
ecologically_sustainable,4,4,0
less_ludicrous,4,4,0
too_vigorous,4,0,4
uniquely_british,4,1,3
particularly_heartening,4,3,1
really_sexual,4,0,4
particularly_painful,4,4,0
so_scientific,4,0,4
as_uplifting,4,3,1
directly_attributable,4,4,0
directly_available,4,4,0
directly_overhead,4,4,0
particularly_masculine,4,3,1
quite_natural,4,4,0
really_problematic,4,2,2
really_privy,4,4,0
as_wasteful,4,3,1
really_practical,4,4,0
just_sad,4,3,1
less_sinister,4,3,1
particularly_juicy,4,1,3
as_comfy,4,4,0
so_unable,4,4,0
so_pitiful,4,2,2
particularly_magic,4,0,4
really_plausible,4,4,0
as_whimsical,4,4,0
less_similar,4,4,0
particularly_lucrative,4,4,0
universally_effective,4,4,0
as_wicked,4,3,1
really_overwhelming,4,3,1
as_cohesive,4,4,0
totally_false,4,3,1
distinctively_christian,4,0,4
really_passionate,4,4,0
altogether_sure,4,4,0
really_painful,4,1,3
particularly_intrusive,4,4,0
so_selfish,4,3,1
as_commonplace,4,4,0
totally_impossible,4,4,0
drastically_new,4,0,4
dramatically_wrong,4,1,3
less_deep,4,2,2
less_special,4,1,3
directly_critical,4,4,0
totally_bad,4,4,0
as_valid,4,4,0
as_vehement,4,4,0
actively_wrong,4,0,4
totally_invisible,4,4,0
uniquely_special,4,1,3
oddly_enough,4,0,4
really_old,4,3,1
less_sharp,4,1,3
as_virtuous,4,3,1
particularly_intelligent,4,4,0
totally_certain,4,4,0
totally_clean,4,4,0
less_sophisticated,4,4,0
downright_terrible,4,4,0
quite_interested,4,4,0
quite_interesting,4,1,3
totally_correct,4,4,0
obviously_better,4,3,1
totally_dark,4,4,0
directly_observable,4,4,0
particularly_gentle,4,4,0
less_stringent,4,4,0
totally_reliable,4,4,0
particularly_eye-catching,4,1,3
too_sturdy,4,1,3
empirically_verifiable,4,2,2
very_energetic,4,4,0
not_scared,4,4,0
as_speedy,4,4,0
as_spiritual,4,2,2
really_troubling,4,1,3
particularly_savvy,4,4,0
yet_profitable,4,4,0
as_spontaneous,4,4,0
really_tricky,4,1,3
too_supportive,4,0,4
deeply_religious,4,4,0
quite_sane,4,4,0
really_hurt,4,4,0
particularly_explicit,4,2,2
as_static,4,4,0
particularly_explosive,4,4,0
as_steady,4,4,0
quite_distinct,4,3,1
really_tragic,4,1,3
so_mischievous,4,4,0
as_stiff,4,4,0
only_personal,4,4,0
particularly_riveting,4,2,2
as_banal,4,2,2
particularly_extreme,4,1,3
so_unpleasant,4,2,2
less_dynamic,4,4,0
quite_different,4,4,0
not_open,4,4,0
utterly_destitute,4,4,0
actually_black,4,4,0
as_shiny,4,4,0
not_nice,4,3,1
not_normal,4,3,1
really_fundamental,4,1,3
as_crafty,4,4,0
not_okay,4,4,0
quite_credible,4,4,0
entirely_abstract,4,4,0
very_free,4,4,0
always_desirable,4,4,0
less_revolutionary,4,2,2
particularly_secret,4,2,2
just_flat,4,3,1
so_unpredictable,4,3,1
quite_daring,4,4,0
as_courageous,4,3,1
not_pregnant,4,4,0
less_easy,4,4,0
really_harmful,4,2,2
as_sobering,4,1,3
as_available,4,2,2
less_rich,4,4,0
particularly_sensitive,4,4,0
not_related,4,4,0
really_inactive,4,4,0
only_interested,4,1,3
too_unlikely,4,4,0
only_human,4,4,0
really_juicy,4,0,4
particularly_prosperous,4,4,0
very_prominent,4,4,0
less_substantial,4,3,1
as_tasteful,4,4,0
really_subtle,4,1,3
really_substantive,4,0,4
as_taut,4,4,0
totally_silent,4,4,0
really_stunning,4,0,4
less_crowded,4,4,0
very_first,4,4,0
less_loyal,4,2,2
as_therapeutic,4,1,3
quite_explicit,4,4,0
less_stylish,4,3,1
as_threatening,4,4,0
as_thrilled,4,3,1
as_timid,4,4,0
very_plentiful,4,4,0
once_boring,4,4,0
particularly_full,4,4,0
less_disgusting,4,4,0
really_steep,4,2,2
particularly_practical,4,4,0
once_afraid,4,4,0
as_tranquil,4,4,0
particularly_qualified,4,4,0
too_transparent,4,3,1
as_talkative,4,4,0
so_pointless,4,2,2
particularly_faithful,4,4,0
emotionally_detached,4,4,0
not_suitable,4,4,0
particularly_fashionable,4,4,0
not_sweet,4,4,0
less_divine,4,4,0
really_insane,4,3,1
too_taxing,4,2,2
too_tender,4,3,1
so_persuasive,4,4,0
too_tense,4,3,1
too_thankful,4,4,0
really_intriguing,4,1,3
really_jewish,4,3,1
too_thorough,4,4,0
so_pertinent,4,4,0
too_tiny,4,2,2
quite_engaging,4,4,0
as_surreal,4,3,1
else_objectionable,4,0,4
particularly_flawed,4,1,3
particularly_racist,4,3,1
particularly_flexible,4,4,0
less_credible,4,4,0
just_interested,4,4,0
less_criminal,4,3,1
remotely_commercial,4,0,4
as_one-sided,4,4,0
particularly_light,4,4,0
as_fearless,4,4,0
less_bad,4,4,0
overtly_aggressive,4,1,3
as_fertile,4,4,0
truly_funny,4,4,0
very_clever,4,4,0
less_weird,4,4,0
remotely_helpful,4,3,1
remotely_remarkable,4,0,4
truly_personal,4,2,2
physically_tired,4,4,0
possibly_wrong,4,3,1
as_chic,4,3,1
so_recent,4,0,4
so_worthless,4,1,3
especially_worrisome,4,2,2
less_fundamental,4,3,1
completely_calm,4,3,1
completely_secular,4,4,0
less_problematic,4,4,0
completely_blank,4,3,1
less_willing,4,3,1
necessarily_correct,4,4,0
less_fortunate,4,4,0
as_acrimonious,4,4,0
legally_valid,4,4,0
overtly_bad,4,1,3
so_yummy,4,3,1
always_comfortable,4,4,0
completely_convinced,4,4,0
as_dismal,4,2,2
as_flawless,4,4,0
less_helpful,4,3,1
as_ill,4,4,0
necessarily_clear,4,4,0
as_fiery,4,4,0
very_handy,4,4,0
overly_familiar,4,4,0
especially_virtuous,4,0,4
very_coherent,4,2,2
less_admirable,4,3,1
less_heroic,4,4,0
especially_offensive,4,2,2
as_cathartic,4,2,2
too_impossible,4,2,2
necessarily_false,4,4,0
truly_frightening,4,4,0
absolutely_zero,4,1,3
legally_possible,4,4,0
completely_believable,4,4,0
less_inclined,4,2,2
too_modest,4,3,1
as_ineffective,4,4,0
so_spiritual,4,1,3
n't_free,4,4,0
overly_disappointed,4,4,0
potentially_harmful,4,1,3
very_extreme,4,4,0
publicly_accessible,4,4,0
very_cheap,4,4,0
essentially_interested,4,0,4
as_faithful,4,3,1
as_admirable,4,4,0
too_hospitable,4,1,3
overtly_spiritual,4,2,2
remotely_sentimental,4,1,3
physically_alone,4,4,0
as_fair,4,4,0
as_ingenious,4,4,0
psychologically_wrong,4,2,2
real_wrong,4,4,0
overly_dominant,4,1,3
physically_different,4,1,3
less_affectionate,4,3,1
as_incapable,4,3,1
really_clever,4,1,3
physically_ill,4,4,0
especially_likable,4,4,0
as_inclusive,4,4,0
less_professional,4,1,3
so_outraged,4,4,0
so_wondrous,4,2,2
so_lethal,4,2,2
really_coherent,4,2,2
overtly_rude,4,4,0
truly_local,4,2,2
less_warm,4,4,0
essentially_different,4,1,3
necessarily_helpful,4,4,0
overly_unique,4,0,4
truly_flat,4,4,0
especially_inspiring,4,4,0
less_iconic,4,2,2
as_hurtful,4,1,3
very_favorable,4,4,0
as_frightened,4,4,0
especially_simple,4,2,2
especially_showy,4,2,2
truly_quiet,4,4,0
as_dreamy,4,1,3
overly_important,4,3,1
remotely_political,4,0,4
near_better,4,4,0
as_gritty,4,4,0
very_cordial,4,3,1
very_direct,4,4,0
truly_horrifying,4,2,2
as_gross,4,3,1
very_conclusive,4,4,0
especially_romantic,4,0,4
so_lively,4,4,0
altogether_new,4,2,2
nearly_good,4,4,0
overly_heavy,4,4,0
overly_harsh,4,3,1
primarily_concerned,4,4,0
especially_sympathetic,4,4,0
less_predictable,4,4,0
as_gracious,4,3,1
politically_sensitive,4,3,1
overly_keen,4,4,0
overly_large,4,2,2
as_global,4,4,0
less_pervasive,4,3,1
remotely_offensive,4,1,3
probably_enough,4,4,0
so_spotless,4,4,0
remotely_old,4,1,3
remotely_odd,4,0,4
completely_false,4,4,0
especially_special,4,0,4
so_proper,4,1,3
as_good-looking,4,4,0
especially_subtle,4,3,1
remotely_objective,4,2,2
overly_intimidating,4,4,0
less_astonishing,4,3,1
especially_skilled,4,4,0
as_gory,4,1,3
real_imperative,4,4,0
probably_true,4,4,0
less_gorgeous,4,3,1
overly_generous,4,3,1
completely_straightforward,4,3,1
completely_worthless,4,4,0
too_inconsequential,4,3,1
truly_portable,4,4,0
less_grand,4,4,0
very_fat,4,4,0
too_limited,4,3,1
remotely_ready,4,4,0
remotely_real,4,1,3
truly_helpful,4,3,1
especially_religious,4,4,0
previously_unreleased,4,2,2
intrinsically_harmful,4,1,3
overly_formal,4,3,1
remotely_intelligent,4,1,3
so_one-dimensional,4,3,1
politically_wise,4,4,0
so_steady,4,4,0
overtly_christian,4,2,2
very_predictable,4,2,2
as_heroic,4,3,1
as_forlorn,4,2,2
less_pernicious,4,4,0
less_ideological,4,4,0
remotely_likeable,4,3,1
n't_true,4,4,0
really_beneficial,4,3,1
completely_vertical,4,3,1
so_solemn,4,4,0
less_acute,4,4,0
truly_hopeless,4,4,0
especially_realistic,4,4,0
completely_easy,4,4,0
overtly_hostile,4,3,1
very_scientific,4,3,1
truly_religious,4,4,0
overtly_critical,4,3,1
intrinsically_racist,4,0,4
too_liberal,4,2,2
remotely_radical,4,0,4
politically_effective,4,4,0
as_distracting,4,3,1
overly_gory,4,4,0
completely_arbitrary,4,4,0
remotely_fun,4,3,1
especially_heroic,4,2,2
overly_sexual,4,2,2
constitutionally_adequate,4,4,0
personally_close,4,4,0
as_lofty,4,2,2
completely_over,4,3,1
less_honorable,4,2,2
especially_creative,4,2,2
as_evocative,4,4,0
as_efficacious,4,4,0
too_ominous,4,0,4
as_affectionate,4,4,0
truly_dominant,4,4,0
so_wasteful,4,4,0
so_other,4,2,2
truly_novel,4,0,4
too_orange,4,4,0
less_bright,4,4,0
purely_evil,4,4,0
especially_competitive,4,4,0
even_angry,4,4,0
as_limited,4,4,0
overly_controversial,4,1,3
very_authentic,4,4,0
so_whole,4,1,3
too_noisy,4,3,1
truly_official,4,4,0
remotely_dodgy,4,0,4
overly_conservative,4,4,0
less_alluring,4,4,0
mutually_compatible,4,4,0
even_accessible,4,4,0
musically_talented,4,3,1
remotely_sufficient,4,4,0
as_cliche,4,4,0
so_joyous,4,2,2
too_hairy,4,0,4
too_numerous,4,3,1
really_aggressive,4,4,0
less_outrageous,4,4,0
too_obnoxious,4,1,3
painfully_evident,4,4,0
so_privileged,4,4,0
especially_common,4,4,0
remotely_credible,4,4,0
as_mean-spirited,4,4,0
as_alarming,4,3,1
as_clumsy,4,3,1
as_engrossing,4,4,0
as_masterful,4,4,0
really_accountable,4,4,0
perhaps_more,4,1,3
remotely_compelling,4,0,4
very_demonstrative,4,4,0
conventionally_feminine,4,3,1
actually_dangerous,4,3,1
overly_anxious,4,4,0
truly_damaging,4,3,1
purely_objective,4,4,0
as_emphatic,4,4,0
less_horrifying,4,3,1
truly_sympathetic,4,4,0
very_amusing,4,2,2
particularly_afraid,4,4,0
less_ferocious,4,4,0
completely_ok,4,4,0
less_horrible,4,2,2
as_malicious,4,4,0
really_correct,4,4,0
less_original,4,3,1
especially_clear,4,4,0
so_relieved,4,4,0
purely_genetic,4,3,1
really_credible,4,3,1
remotely_convincing,4,3,1
overly_bitter,4,3,1
overly_significant,4,0,4
truly_normal,4,4,0
particularly_admirable,4,3,1
even_average,4,4,0
around_much,4,4,0
completely_one-sided,4,4,0
remotely_conventional,4,1,3
less_busy,4,3,1
truly_difficult,4,3,1
as_lengthy,4,3,1
so_reliable,4,3,1
as_glaring,4,3,1
too_hectic,4,1,3
remotely_familiar,4,2,2
too_mushy,4,3,1
overly_crowded,4,4,0
too_honest,4,2,2
as_insignificant,4,1,3
purely_academic,4,3,1
completely_quiet,4,4,0
less_humorous,4,3,1
as_irksome,4,2,2
as_juicy,4,1,3
consistently_successful,4,4,0
less_appetizing,4,2,2
as_insulting,4,4,0
as_intensive,4,3,1
truly_sorry,4,4,0
overly_remarkable,4,0,4
especially_fast,4,4,0
pretty_simple,4,4,0
as_exhausting,4,3,1
as_intrusive,4,4,0
consistently_profitable,4,4,0
as_ironic,4,2,2
as_experimental,4,4,0
less_virulent,4,3,1
especially_happy,4,4,0
overtly_violent,4,1,3
as_excruciating,4,4,0
truly_excited,4,4,0
overly_dangerous,4,3,1
as_diligent,4,4,0
as_exquisite,4,1,3
as_exclusive,4,4,0
too_horrendous,4,0,4
necessarily_interested,4,4,0
completely_adequate,4,4,0
too_hasty,4,4,0
very_brave,4,3,1
overly_crazy,4,4,0
n't_able,4,4,0
completely_invisible,4,4,0
again_comfortable,3,3,0
inherently_impossible,3,0,3
more_hardcore,3,1,2
completely_fine,3,3,0
less_dazzling,3,1,2
less_moral,3,2,1
more_harmonious,3,2,1
uniquely_japanese,3,1,2
more_furious,3,3,0
that_believable,3,3,0
overly_sympathetic,3,3,0
quite_popular,3,3,0
so_self-evident,3,3,0
real_moral,3,3,0
overly_surprised,3,3,0
more_lucid,3,3,0
more_garish,3,0,3
real_thrilled,3,3,0
particularly_kinky,3,1,2
overtly_dramatic,3,1,2
visually_stunning,3,0,3
better_live,3,3,0
completely_lacking,3,2,1
overly_thick,3,3,0
better_safe,3,3,0
uniquely_evil,3,0,3
yet_asleep,3,3,0
visually_impressive,3,1,2
less_appreciative,3,2,1
more_granular,3,1,2
particularly_hostile,3,3,0
so_pivotal,3,3,0
less_amusing,3,2,1
fully_fit,3,3,0
less_astounding,3,3,0
more_lyrical,3,2,1
absolutely_firm,3,3,0
more_left,3,0,3
particularly_fat,3,3,0
so_benevolent,3,2,1
more_luscious,3,3,0
so_ornate,3,3,0
quite_loud,3,3,0
completely_female,3,3,0
particularly_fearful,3,3,0
really_accessible,3,3,0
completely_involved,3,3,0
very_novel,3,0,3
overtly_didactic,3,2,1
particularly_humorous,3,1,2
absolutely_fine,3,2,1
inherently_insecure,3,0,3
completely_final,3,2,1
particularly_left-wing,3,1,2
faintly_comparable,3,0,3
so_bereft,3,3,0
less_delicate,3,3,0
less_apparent,3,0,3
overly_strong,3,3,0
so_solitary,3,2,1
terribly_flashy,3,0,3
less_perverted,3,3,0
absolutely_definite,3,3,0
so_sordid,3,1,2
so_overbearing,3,2,1
overly_wise,3,3,0
awfully_bad,3,1,2
particularly_intimate,3,1,2
inherently_inferior,3,0,3
particularly_generous,3,3,0
barely_able,3,2,1
overly_warm,3,3,0
terribly_graphic,3,1,2
particularly_incendiary,3,0,3
terribly_heavy,3,0,3
yet_full,3,2,1
terribly_great,3,1,2
so_phony,3,1,2
so_alien,3,2,1
that_brilliant,3,3,0
particularly_influential,3,3,0
quite_old,3,3,0
particularly_green,3,3,0
so_amiable,3,2,1
particularly_inflammatory,3,3,0
completely_logical,3,3,0
completely_loyal,3,3,0
that_committed,3,3,0
completely_helpless,3,3,0
completely_male,3,3,0
so_explosive,3,0,3
truly_obsolete,3,3,0
inherently_dishonest,3,0,3
best_available,3,2,1
best_pleased,3,1,2
less_arbitrary,3,2,1
less_deceptive,3,3,0
less_dedicated,3,3,0
fabulously_wealthy,3,3,0
more_handy,3,3,0
overtly_confrontational,3,3,0
so_better,3,3,0
so_petrified,3,3,0
quite_remarkable,3,2,1
always_excited,3,2,1
more_geeky,3,0,3
more_gutsy,3,2,1
more_loud,3,2,1
better_equipped,3,2,1
completely_ineffective,3,3,0
particularly_jazzy,3,0,3
factually_correct,3,3,0
more_hard,3,2,1
so_sour,3,2,1
truly_notable,3,0,3
overly_strenuous,3,1,2
quite_over,3,3,0
overly_sugary,3,3,0
real_positive,3,1,2
particularly_inappropriate,3,2,1
more_greek,3,2,1
more_liable,3,3,0
fully_pure,3,3,0
particularly_french,3,0,3
truly_popular,3,3,0
so_blissful,3,3,0
less_appalling,3,3,0
that_competitive,3,3,0
overtly_complex,3,0,3
fully_mature,3,3,0
so_flattered,3,3,0
truly_predictable,3,3,0
particularly_irish,3,2,1
particularly_jarring,3,1,2
less_careful,3,3,0
so_beloved,3,3,0
absolutely_original,3,1,2
inherently_expensive,3,0,3
terribly_thrilling,3,1,2
overwhelmingly_powerful,3,1,2
terribly_technical,3,1,2
particularly_coherent,3,2,1
truly_worthwhile,3,0,3
truly_wonderful,3,1,2
particularly_cheery,3,3,0
well_aware,3,3,0
truly_whole,3,3,0
so_slight,3,3,0
still_excited,3,3,0
particularly_charitable,3,3,0
terribly_surprised,3,3,0
particularly_eye-opening,3,3,0
way_better,3,2,1
inherently_frightening,3,0,3
so_sinful,3,1,2
inherently_fair,3,0,3
so_single,3,3,0
particularly_careful,3,2,1
quite_wrong,3,3,0
mechanically_inclined,3,3,0
particularly_bullish,3,1,2
so_painless,3,3,0
more_insatiable,3,1,2
clearly_correct,3,2,1
so_available,3,3,0
particularly_comic,3,1,2
always_simple,3,3,0
quite_visible,3,3,0
particularly_compatible,3,3,0
more_ideological,3,1,2
terribly_unpopular,3,3,0
less_better,3,2,1
terribly_objectionable,3,1,2
still_fun,3,3,0
less_commercial,3,3,0
completely_avoidable,3,3,0
particularly_crazy,3,2,1
catastrophically_wrong,3,2,1
fully_accountable,3,3,0
less_comforting,3,2,1
yet_dry,3,3,0
more_interdependent,3,3,0
completely_asleep,3,3,0
so_passive,3,3,0
truly_sick,3,3,0
more_ill,3,3,0
completely_anonymous,3,3,0
more_intellectual,3,0,3
particularly_consequential,3,2,1
less_cold,3,2,1
so_artful,3,3,0
readily_compatible,3,3,0
completely_acceptable,3,3,0
particularly_conclusive,3,3,0
overwhelmingly_positive,3,2,1
particularly_complimentary,3,3,0
truly_spontaneous,3,3,0
more_impoverished,3,3,0
truly_static,3,3,0
less_characteristic,3,2,1
absolutely_pure,3,2,1
more_indelible,3,2,1
terribly_satisfied,3,3,0
very_slow,3,3,0
particularly_ashamed,3,3,0
terribly_scary,3,2,1
terribly_scientific,3,1,2
financially_liable,3,2,1
truly_superior,3,2,1
so_parochial,3,3,0
truly_surreal,3,2,1
more_inescapable,3,1,2
more_indigenous,3,2,1
particularly_appropriate,3,2,1
terribly_severe,3,1,2
financially_wealthy,3,3,0
truly_unarmed,3,3,0
truly_true,3,3,0
closely_involved,3,3,0
financially_ready,3,3,0
particularly_applicable,3,3,0
financially_strong,3,3,0
particularly_annoying,3,2,1
less_oppressive,3,3,0
less_caring,3,2,1
more_ineffective,3,2,1
less_captivating,3,2,1
radically_wrong,3,0,3
particularly_academic,3,3,0
less_christian,3,1,2
more_inflexible,3,2,1
so_automatic,3,2,1
commonly_available,3,3,0
more_improper,3,3,0
particularly_bothersome,3,3,0
more_innocuous,3,1,2
again_more,3,3,0
so_partisan,3,3,0
less_boring,3,2,1
painfully_clear,3,3,0
particularly_bitter,3,2,1
so_sleek,3,3,0
truly_useful,3,1,2
terribly_reliable,3,3,0
painfully_slow,3,3,0
particularly_better,3,3,0
less_charming,3,1,2
less_charismatic,3,3,0
particularly_awe,3,0,3
less_brave,3,0,3
less_breathtaking,3,3,0
very_neat,3,3,0
terribly_steep,3,3,0
commercially_feasible,3,3,0
inherently_feminine,3,1,2
particularly_abundant,3,3,0
very_exceptional,3,0,3
as_cluttered,3,3,0
less_passive,3,2,1
fully_alone,3,3,0
real_close,3,3,0
quite_secure,3,3,0
quite_severe,3,3,0
particularly_enticing,3,3,0
more_high,3,1,2
that_active,3,3,0
terribly_large,3,3,0
particularly_enthralling,3,0,3
particularly_enlightening,3,3,0
more_high-tech,3,1,2
quite_sharp,3,3,0
blatantly_wrong,3,1,2
materially_different,3,2,1
overtly_ideological,3,0,3
truly_reliable,3,3,0
more_junior,3,3,0
still_intact,3,2,1
quite_similar,3,0,3
less_mute,3,0,3
real_great,3,0,3
overtly_jewish,3,2,1
particularly_emotional,3,1,2
particularly_embarrassing,3,1,2
inherently_hostile,3,2,1
fully_controllable,3,3,0
clinically_relevant,3,3,0
more_homesick,3,3,0
less_convenient,3,1,2
quite_special,3,1,2
less_moving,3,3,0
again_worried,3,3,0
more_jaded,3,3,0
real_important,3,1,2
that_attentive,3,3,0
absolutely_foolproof,3,3,0
less_pertinent,3,2,1
that_arrogant,3,3,0
fully_equal,3,3,0
fully_enough,3,3,0
completely_factual,3,3,0
real_interesting,3,0,3
more_hearty,3,2,1
very_painful,3,1,2
more_heavy,3,2,1
fairly_certain,3,3,0
that_anxious,3,3,0
very_proactive,3,3,0
that_ambitious,3,3,0
particularly_experimental,3,1,2
overtly_flashy,3,1,2
so_persistent,3,2,1
less_motivating,3,1,2
absolutely_good,3,3,0
less_corrupt,3,3,0
real_impressive,3,1,2
particularly_evident,3,3,0
completely_equal,3,3,0
so_overcome,3,3,0
blatantly_illegal,3,1,2
more_kinky,3,1,2
more_japanese,3,2,1
fully_conclusive,3,1,2
particularly_crowded,3,3,0
more_irish,3,0,3
completely_close,3,3,0
real_crazy,3,0,3
truly_sad,3,3,0
quite_surprising,3,2,1
overtly_racial,3,0,3
particularly_delicious,3,3,0
ultimately_happy,3,3,0
far_other,3,0,3
so_overpowering,3,2,1
broadly_popular,3,3,0
fully_available,3,3,0
terribly_urgent,3,1,2
completely_bored,3,3,0
more_hypnotic,3,0,3
terribly_upset,3,3,0
more_hysterical,3,3,0
fully_attainable,3,3,0
far_wide,3,3,0
overtly_romantic,3,2,1
ultimately_desirable,3,3,0
farther_afield,3,3,0
well_intentioned,3,1,2
more_intrinsic,3,1,2
fashionably_late,3,3,0
particularly_cute,3,1,2
more_idealistic,3,2,1
still_certain,3,3,0
less_nervous,3,2,1
so_baffling,3,1,2
less_narrow,3,3,0
completely_complete,3,2,1
so_shameless,3,1,2
amazingly_different,3,1,2
unbearably_hot,3,3,0
terribly_worrisome,3,0,3
overtly_modern,3,0,3
as_chatty,3,3,0
truly_revelatory,3,0,3
more_israeli,3,0,3
particularly_dominant,3,3,0
so_exuberant,3,3,0
particularly_diverse,3,1,2
completely_crazy,3,2,1
fully_closed,3,3,0
far_afield,3,3,0
less_nasty,3,3,0
less_conservative,3,3,0
more_hospitable,3,3,0
very_noble,3,1,2
real_excited,3,3,0
less_awkward,3,2,1
so_shiny,3,3,0
more_irregular,3,3,0
real_equivalent,3,3,0
particularly_disappointed,3,3,0
particularly_dignified,3,1,2
less_confusing,3,3,0
real_easy,3,3,0
very_probable,3,3,0
much_thicker,3,2,1
as_wrenching,3,2,1
as_invasive,3,2,1
very_drastic,3,1,2
as_interactive,3,3,0
more_broad,3,3,0
so_consequential,3,1,2
more_bright,3,2,1
more_brazen,3,0,3
more_brave,3,2,1
as_insecure,3,3,0
so_dogmatic,3,3,0
less_foundational,3,2,1
as_discouraging,3,3,0
so_considerate,3,3,0
as_discreet,3,3,0
very_capable,3,3,0
physically_capable,3,3,0
physically_close,3,3,0
sufficiently_successful,3,3,0
more_candid,3,3,0
very_troubling,3,2,1
as_indulgent,3,2,1
more_capricious,3,3,0
as_liberating,3,2,1
as_liable,3,3,0
purely_bad,3,3,0
very_typical,3,3,0
so_dreary,3,1,2
super_bad,3,3,0
as_lasting,3,3,0
personally_liable,3,3,0
so_confrontational,3,3,0
super_annoying,3,2,1
personally_popular,3,3,0
less_focused,3,3,0
very_rational,3,3,0
more_casual,3,3,0
purely_altruistic,3,3,0
as_invisible,3,1,2
so_relatable,3,3,0
more_bloody,3,2,1
as_indispensable,3,3,0
as_worthless,3,1,2
physically_ready,3,3,0
so_conventional,3,0,3
hugely_exciting,3,0,3
so_convinced,3,3,0
as_immune,3,3,0
so_distraught,3,3,0
incredibly_surprising,3,0,3
physically_tortured,3,3,0
very_cognitive,3,3,0
hugely_important,3,2,1
less_generous,3,3,0
hugely_impressive,3,1,2
hugely_interested,3,3,0
hugely_interesting,3,1,2
plain_bad,3,3,0
less_glad,3,2,1
so_distinctive,3,1,2
properly_accurate,3,3,0
very_thrilling,3,1,2
as_impossible,3,1,2
as_indifferent,3,3,0
very_christian,3,1,2
mildly_amusing,3,2,1
less_frequent,3,3,0
almost_impossible,3,1,2
very_tough,3,3,0
more_bittersweet,3,1,2
less_friendly,3,2,1
so_contemptible,3,1,2
more_bigger,3,1,2
more_big,3,1,2
physically_fit,3,3,0
psychologically_debilitating,3,3,0
very_recent,3,3,0
as_incendiary,3,2,1
more_benevolent,3,1,2
very_tolerant,3,3,0
as_improbable,3,3,0
less_frustrated,3,3,0
merely_symbolic,3,2,1
about_good,3,3,0
as_lighthearted,3,2,1
so_comic,3,2,1
all_terrible,3,3,0
perfectly_qualified,3,3,0
more_condescending,3,1,2
as_moral,3,3,0
indeed_possible,3,3,0
perfectly_representative,3,3,0
very_agreeable,3,3,0
less_injurious,3,1,2
more_complementary,3,2,1
perfectly_simple,3,3,0
very_amenable,3,3,0
super_flashy,3,2,1
as_mighty,3,2,1
more_communal,3,1,2
as_meticulous,3,3,0
all_useful,3,3,0
purely_political,3,3,0
super_happy,3,3,0
perfectly_parallel,3,3,0
super_busy,3,2,1
super_healthy,3,2,1
as_nuanced,3,3,0
highly_regarded,3,3,0
very_accommodating,3,3,0
less_fair,3,2,1
so_economical,3,2,1
super_impressed,3,3,0
super_important,3,2,1
purely_theoretical,3,3,0
all_surprised,3,3,0
very_upsetting,3,2,1
perfectly_linear,3,3,0
all_suspicious,3,1,2
purely_subjective,3,3,0
highly_unlikely,3,2,1
more_congenial,3,2,1
highly_unusual,3,1,2
super_heavy,3,0,3
perfectly_white,3,3,0
as_melancholy,3,3,0
always_sure,3,3,0
more_comic,3,2,1
very_artistic,3,2,1
so_compulsive,3,3,0
more_civil,3,3,0
as_lovable,3,3,0
so_conclusive,3,3,0
very_astonishing,3,2,1
personally_accountable,3,3,0
super_complex,3,0,3
horribly_offensive,3,1,2
as_loose,3,3,0
super_compelling,3,0,3
as_long-lasting,3,2,1
super_clear,3,3,0
less_fit,3,2,1
as_likeable,3,3,0
all_worse,3,0,3
as_lightweight,3,3,0
horribly_bad,3,1,2
as_determined,3,3,0
more_clean,3,3,0
more_cogent,3,1,2
perhaps_desirable,3,3,0
as_meaty,3,2,1
very_anxious,3,1,2
as_deserving,3,3,0
very_unified,3,3,0
more_collaborative,3,3,0
as_marvelous,3,2,1
purely_local,3,3,0
more_clearer,3,3,0
super_difficult,3,1,2
so_durable,3,2,1
permanently_safe,3,3,0
very_appropriate,3,2,1
as_despicable,3,3,0
so_pristine,3,2,1
so_private,3,3,0
as_idealistic,3,3,0
sufficiently_interesting,3,1,2
hugely_overweight,3,3,0
so_psyched,3,3,0
more_accomplished,3,3,0
substantially_better,3,3,0
immensely_popular,3,3,0
as_fatal,3,3,0
potentially_fatal,3,1,2
very_sturdy,3,3,0
very_steady,3,3,0
so_dim,3,3,0
as_far-fetched,3,3,0
more_absorbing,3,1,2
so_danceable,3,3,0
as_fantastical,3,1,2
as_fake,3,3,0
potentially_important,3,3,0
as_eclectic,3,3,0
as_economical,3,3,0
also_early,3,3,0
very_damaging,3,3,0
as_fearful,3,3,0
as_forthcoming,3,3,0
potentially_destructive,3,3,0
immediately_possible,3,3,0
as_foreign,3,2,1
very_rebellious,3,2,1
more_admired,3,3,0
as_foolproof,3,2,1
more_adequate,3,2,1
strictly_utilitarian,3,3,0
politically_wrong,3,1,2
so_daft,3,3,0
as_fleeting,3,2,1
very_curious,3,3,0
immediately_successful,3,3,0
as_filthy,3,2,1
previously_open,3,3,0
as_few,3,3,0
immediately_useful,3,3,0
so_damning,3,1,2
very_striking,3,0,3
potentially_lethal,3,1,2
stunningly_new,3,0,3
very_strict,3,3,0
so_queer,3,1,2
less_humiliating,3,2,1
less_horny,3,2,1
morally_indifferent,3,3,0
incredibly_bad,3,2,1
as_effusive,3,3,0
precisely_accurate,3,3,0
very_straight,3,3,0
pretty_boring,3,1,2
as_enlightening,3,3,0
as_enlightened,3,3,0
pretty_bad,3,3,0
also_good,3,3,0
very_dense,3,3,0
very_dependable,3,3,0
very_stout,3,3,0
presently_available,3,3,0
abnormally_rapid,3,3,0
as_euphoric,3,1,2
pretty_high,3,3,0
incredibly_hard,3,2,1
pretty_standard,3,1,2
stunningly_beautiful,3,3,0
very_strenuous,3,2,1
so_decadent,3,0,3
in_vain,3,3,0
as_educated,3,3,0
morally_relevant,3,3,0
as_educational,3,0,3
structurally_deficient,3,1,2
morally_questionable,3,1,2
pretty_much,3,3,0
morally_problematic,3,1,2
practically_acceptable,3,3,0
morally_perfect,3,3,0
as_exasperating,3,3,0
structurally_different,3,0,3
more_adult,3,0,3
incredibly_noteworthy,3,0,3
as_hypnotic,3,0,3
as_hearty,3,3,0
as_heady,3,2,1
less_imposing,3,3,0
sufficiently_effective,3,2,1
more_aromatic,3,2,1
as_harmonious,3,3,0
politically_fatal,3,2,1
so_cowardly,3,3,0
as_hardy,3,3,0
ideologically_coherent,3,3,0
about_black,3,3,0
as_hardcore,3,3,0
more_approachable,3,2,1
as_happier,3,3,0
as_handy,3,3,0
so_prone,3,3,0
sufficiently_confident,3,3,0
so_disingenuous,3,3,0
very_complete,3,2,1
politically_dominant,3,3,0
less_idle,3,3,0
professionally_rewarding,3,2,1
very_comic,3,1,2
as_dispiriting,3,1,2
as_hospitable,3,3,0
sufficiently_impressed,3,3,0
very_communicative,3,3,0
more_attuned,3,2,1
less_gracious,3,2,1
as_horrendous,3,2,1
as_horny,3,3,0
as_honorable,3,3,0
hugely_special,3,0,3
politically_advantageous,3,2,1
hugely_surprising,3,1,2
politically_astute,3,3,0
less_grateful,3,0,3
as_hideous,3,3,0
less_impossible,3,1,2
immediately_able,3,3,0
immediately_acceptable,3,3,0
as_grumpy,3,3,0
more_anticipated,3,2,1
so_disgraceful,3,1,2
very_convinced,3,3,0
as_fussy,3,3,0
as_funky,3,3,0
so_disconcerting,3,1,2
less_hazardous,3,3,0
so_current,3,3,0
sufficiently_accurate,3,3,0
politically_strong,3,3,0
more_agile,3,3,0
already_perfect,3,3,0
as_frantic,3,2,1
politically_sustainable,3,3,0
more_affectionate,3,2,1
more_affecting,3,2,1
as_frail,3,3,0
less_heady,3,3,0
as_gentle,3,3,0
politically_radical,3,3,0
politically_predictable,3,3,0
more_annoyed,3,3,0
as_dogmatic,3,3,0
sufficiently_comprehensive,3,3,0
as_gripping,3,3,0
probably_old,3,3,0
so_pronounced,3,3,0
less_immoral,3,3,0
more_anonymous,3,3,0
along_better,3,3,0
as_glib,3,3,0
so_dishonest,3,1,2
as_goofy,3,2,1
very_disappointed,3,3,0
yet_worth,3,0,3
so_disgusting,3,2,1
immediately_effective,3,3,0
as_gnarly,3,2,1
super_interested,3,3,0
as_nutritious,3,1,2
highly_popular,3,3,0
particularly_prolific,3,3,0
as_tedious,3,2,1
as_conscious,3,3,0
terribly_appealing,3,2,1
more_existential,3,1,2
so_evocative,3,3,0
so_sane,3,3,0
so_salient,3,2,1
as_consequential,3,3,0
usually_easy,3,3,0
as_tacky,3,1,2
as_systemic,3,3,0
less_disruptive,3,3,0
as_symbolic,3,3,0
yet_perfect,3,3,0
as_suspenseful,3,2,1
more_european,3,2,1
usually_good,3,3,0
as_tenacious,3,3,0
more_experimental,3,3,0
as_troubling,3,2,1
generally_aware,3,3,0
more_farfetched,3,3,0
more_far-reaching,3,3,0
particularly_poisonous,3,3,0
quite_fitting,3,3,0
as_traumatizing,3,3,0
particularly_poor,3,3,0
more_fanciful,3,2,1
still_present,3,3,0
as_traditional,3,3,0
further_more,3,3,0
usually_appropriate,3,3,0
all_concerned,3,3,0
quite_fair,3,3,0
more_exuberant,3,1,2
so_exact,3,3,0
as_tiresome,3,1,2
so_satisfactory,3,2,1
particularly_reflective,3,3,0
merely_academic,3,3,0
quite_effective,3,3,0
as_suggestive,3,3,0
genuinely_free,3,2,1
particularly_rough,3,3,0
as_cordial,3,3,0
particularly_sanguine,3,3,0
particularly_satisfactory,3,3,0
so_rosy,3,2,1
as_spicy,3,2,1
more_eminent,3,3,0
as_corrupt,3,3,0
particularly_scenic,3,3,0
particularly_scholarly,3,3,0
as_spacious,3,2,1
particularly_secure,3,3,0
as_social,3,3,0
particularly_severe,3,2,1
technically_incorrect,3,2,1
so_entrenched,3,3,0
less_liberal,3,2,1
technically_sophisticated,3,1,2
inherently_attractive,3,1,2
usually_necessary,3,3,0
so_ruthless,3,3,0
quite_dull,3,3,0
genetically_related,3,3,0
more_enviable,3,2,1
yet_present,3,2,1
technologically_feasible,3,3,0
as_conventional,3,3,0
less_draconian,3,3,0
so_sparkly,3,3,0
so_esoteric,3,1,2
as_streamlined,3,3,0
so_political,3,3,0
particularly_rigorous,3,1,2
so_ruinous,3,2,1
usually_open,3,3,0
genuinely_concerned,3,3,0
all_clear,3,3,0
terribly_clever,3,2,1
as_sneaky,3,2,1
as_vulgar,3,2,1
as_vociferous,3,3,0
absolutely_conclusive,3,2,1
so_scrupulous,3,2,1
fully_unconscious,3,3,0
mentally_ready,3,3,0
terribly_efficient,3,3,0
terribly_effective,3,3,0
quite_impressive,3,2,1
as_compatible,3,3,0
more_forbidden,3,1,2
terribly_drastic,3,0,3
so_scrumptious,3,2,1
as_venomous,3,0,3
particularly_moving,3,2,1
terribly_distinctive,3,1,2
fully_welcome,3,3,0
as_vain,3,3,0
quite_jewish,3,3,0
more_formative,3,2,1
particularly_playful,3,1,2
more_fortuitous,3,2,1
particularly_low,3,3,0
as_coincidental,3,2,1
so_secular,3,0,3
as_whole,3,2,1
as_well-known,3,3,0
more_frenetic,3,3,0
as_weighty,3,3,0
inherently_damaging,3,1,2
mentally_impaired,3,0,3
universally_successful,3,3,0
still_long,3,3,0
more_frantic,3,3,0
so_bloody,3,2,1
so_excruciating,3,1,2
terribly_entertaining,3,2,1
universally_true,3,3,0
terribly_enlightening,3,2,1
particularly_mystical,3,0,3
quite_important,3,3,0
particularly_necessary,3,3,0
as_upsetting,3,2,1
more_fertile,3,3,0
particularly_outlandish,3,1,2
inherently_complex,3,0,3
so_exceptional,3,3,0
particularly_overwhelming,3,3,0
more_feeble,3,2,1
very_prosperous,3,3,0
particularly_partial,3,3,0
as_uncommon,3,3,0
as_uncertain,3,3,0
less_disastrous,3,2,1
all_capable,3,3,0
so_scandalous,3,2,1
quite_fond,3,3,0
so_savvy,3,3,0
particularly_picky,3,3,0
as_tumultuous,3,3,0
fundamentally_incompatible,3,0,3
as_unforgiving,3,3,0
as_unhealthy,3,3,0
more_flamboyant,3,1,2
unpleasantly_hot,3,3,0
more_fleeting,3,2,1
more_flawless,3,3,0
more_flavorful,3,2,1
as_upbeat,3,3,0
quite_identical,3,3,0
quite_hungry,3,3,0
more_flagrant,3,2,1
particularly_onerous,3,2,1
as_unreliable,3,2,1
fundamentally_bad,3,0,3
always_appropriate,3,3,0
terribly_creative,3,0,3
absolutely_clean,3,3,0
visually_distinguishable,3,1,2
very_erotic,3,2,1
less_earnest,3,3,0
as_cosy,3,1,2
as_nutty,3,3,0
merely_intellectual,3,3,0
super_steep,3,3,0
more_defensive,3,1,2
as_polite,3,3,0
more_defective,3,2,1
as_poisonous,3,3,0
less_ethical,3,2,1
super_smooth,3,3,0
particularly_vocal,3,3,0
harshly_critical,3,2,1
quite_appropriate,3,3,0
super_significant,3,1,2
more_decent,3,2,1
so_restrictive,3,3,0
as_picky,3,3,0
less_eventful,3,3,0
particularly_widespread,3,3,0
as_pernicious,3,3,0
as_deceptive,3,2,1
vaguely_familiar,3,2,1
utterly_useless,3,1,2
as_preposterous,3,2,1
very_orthodox,3,3,0
as_quirky,3,2,1
as_damning,3,2,1
particularly_tragic,3,1,2
as_danceable,3,3,0
as_proper,3,3,0
more_dense,3,3,0
as_pronounced,3,3,0
super_thrilled,3,3,0
as_prompt,3,3,0
as_debilitating,3,2,1
particularly_unhappy,3,3,0
particularly_unhealthy,3,1,2
particularly_unreasonable,3,3,0
as_pricey,3,2,1
as_deceitful,3,2,1
less_intrusive,3,1,2
as_peculiar,3,1,2
as_passive,3,3,0
vaguely_related,3,0,3
as_paramount,3,3,0
so_clumsy,3,3,0
more_crass,3,3,0
as_open-minded,3,3,0
perfectly_beautiful,3,3,0
as_one-dimensional,3,3,0
verbally_abusive,3,3,0
very_violent,3,3,0
more_counterintuitive,3,1,2
as_off-putting,3,2,1
as_obtuse,3,1,2
more_cooperative,3,3,0
highly_likely,3,3,0
more_convoluted,3,3,0
less_instructive,3,2,1
super_keen,3,3,0
as_objective,3,3,0
super_involved,3,2,1
quintessentially_english,3,3,0
so_clueless,3,3,0
as_oppressive,3,3,0
high_minded,3,2,1
all_quiet,3,3,0
less_intimate,3,2,1
very_refreshing,3,3,0
so_elated,3,3,0
patently_offensive,3,0,3
more_cumbersome,3,0,3
patently_wrong,3,0,3
vaguely_similar,3,2,1
about_many,3,1,2
peculiarly_american,3,2,1
merely_nostalgic,3,3,0
less_exotic,3,2,1
so_cloudy,3,3,0
super_original,3,0,3
more_crisp,3,2,1
as_orderly,3,3,0
more_derelict,3,1,2
particularly_toxic,3,2,1
particularly_shocked,3,3,0
inherently_abnormal,3,0,3
as_selfless,3,3,0
glaringly_bad,3,3,0
utterly_devoid,3,3,0
as_self-conscious,3,3,0
particularly_spontaneous,3,3,0
less_elusive,3,3,0
as_secular,3,3,0
very_sound,3,3,0
utterly_evil,3,3,0
tangentially_related,3,3,0
more_distrustful,3,3,0
more_distressed,3,3,0
as_scientific,3,3,0
more_distraught,3,3,0
particularly_stealthy,3,2,1
particularly_steep,3,3,0
very_emotional,3,3,0
technically_advanced,3,2,1
as_senior,3,3,0
as_rampant,3,3,0
so_catastrophic,3,0,3
as_skillful,3,3,0
technically_good,3,2,1
more_ecstatic,3,3,0
as_cowardly,3,2,1
particularly_smooth,3,2,1
more_eco-friendly,3,2,1
more_eccentric,3,3,0
as_shy,3,3,0
as_showy,3,2,1
genuinely_terrifying,3,1,2
less_laughable,3,3,0
more_dysfunctional,3,2,1
as_credible,3,3,0
still_sure,3,3,0
technically_challenging,3,0,3
more_dumb,3,1,2
particularly_spanish,3,2,1
as_scarce,3,3,0
particularly_stimulating,3,1,2
all_keen,3,3,0
more_disquieting,3,3,0
supremely_confident,3,3,0
as_repugnant,3,3,0
particularly_tasty,3,2,1
so_empowering,3,1,2
less_engrossing,3,3,0
more_devoid,3,3,0
as_religious,3,3,0
as_reliant,3,3,0
all_necessary,3,3,0
as_regal,3,3,0
so_childish,3,2,1
as_refined,3,3,0
so_chilling,3,3,0
particularly_tight,3,3,0
yet_solid,3,2,1
half_awake,3,3,0
as_raucous,3,3,0
as_resourceful,3,3,0
as_respectable,3,3,0
particularly_suspicious,3,1,2
particularly_striking,3,0,3
quite_conscious,3,3,0
as_savage,3,3,0
grammatically_incorrect,3,1,2
as_sanguine,3,3,0
particularly_strategic,3,2,1
so_chaotic,3,3,0
gratuitously_violent,3,3,0
as_rugged,3,2,1
greatly_interested,3,3,0
less_eminent,3,3,0
greatly_concerned,3,3,0
greatly_different,3,1,2
less_emphatic,3,3,0
as_right,3,3,0
quite_compelling,3,2,1
still_willing,3,3,0
particularly_robust,3,3,0
less_preposterous,3,3,0
especially_american,3,0,3
actually_big,3,3,0
so_mighty,3,3,0
any_truer,3,3,0
ever_practical,3,3,0
longer_personal,3,2,1
too_sporty,3,2,1
not_pleased,3,3,0
too_less,3,3,0
more_united,3,3,0
not_real,3,3,0
not_popular,3,3,0
too_stellar,3,1,2
so_unprecedented,3,3,0
really_unhappy,3,3,0
as_automatic,3,3,0
initially_willing,3,3,0
too_exact,3,1,2
socially_appropriate,3,3,0
not_old,3,3,0
as_austere,3,3,0
not_obvious,3,3,0
actually_blind,3,3,0
even_plausible,3,3,0
really_upsetting,3,2,1
entirely_asleep,3,3,0
especially_progressive,3,1,2
entirely_arbitrary,3,3,0
really_uplifting,3,0,3
more_unproductive,3,2,1
any_welcome,3,3,0
entirely_appealing,3,3,0
longer_perfect,3,3,0
any_weaker,3,3,0
as_attentive,3,3,0
as_acceptable,3,2,1
really_unpredictable,3,0,3
more_uniform,3,2,1
ever_profitable,3,3,0
more_understated,3,3,0
ever_reliable,3,3,0
any_sweeter,3,3,0
ever_red,3,3,0
ever_regular,3,3,0
not_shy,3,3,0
emotionally_satisfying,3,3,0
so_minor,3,0,3
more_unflattering,3,1,2
emotionally_resonant,3,2,1
too_lenient,3,3,0
more_unfashionable,3,2,1
really_transparent,3,2,1
very_savvy,3,3,0
so_unlucky,3,1,2
too_austere,3,2,1
less_wrong,3,2,1
longer_productive,3,3,0
so_unnatural,3,1,2
completely_obvious,3,3,0
so_insignificant,3,3,0
not_scary,3,3,0
especially_quick,3,3,0
more_unhinged,3,3,0
too_stuck,3,3,0
simply_evil,3,3,0
ever_proud,3,3,0
as_avoidable,3,3,0
not_responsible,3,3,0
even_original,3,3,0
too_lean,3,3,0
too_lax,3,3,0
ever_random,3,3,0
so_hollow,3,2,1
really_trustworthy,3,2,1
as_awe,3,1,2
too_sugary,3,0,3
especially_profound,3,1,2
less_worthwhile,3,3,0
most_secure,3,3,0
entirely_distinct,3,3,0
not_hungry,3,3,0
really_white,3,3,0
more_user-friendly,3,2,1
ever_mistaken,3,3,0
necessarily_appropriate,3,3,0
longer_mandatory,3,3,0
necessarily_applicable,3,3,0
especially_positive,3,2,1
so_insightful,3,1,2
so_unseemly,3,2,1
especially_powerful,3,3,0
ever_much,3,3,0
most_relevant,3,3,0
remotely_intimidating,3,2,1
too_skillful,3,0,3
entirely_devoid,3,3,0
less_thrilled,3,1,2
entirely_empty,3,3,0
so_horrifying,3,0,3
actually_hard,3,3,0
remotely_inappropriate,3,0,3
entirely_friendly,3,3,0
actually_happy,3,3,0
more_venomous,3,2,1
actually_certain,3,3,0
as_appropriate,3,3,0
ever_lower,3,3,0
too_long-lasting,3,2,1
less_wondrous,3,3,0
entirely_foolproof,3,3,0
too_sexual,3,0,3
too_lofty,3,1,2
too_childish,3,1,2
too_shameful,3,2,1
remotely_inspiring,3,1,2
entirely_destitute,3,3,0
so_horrid,3,2,1
more_unwise,3,3,0
ever_optimal,3,3,0
ever_original,3,3,0
too_calm,3,3,0
more_unselfish,3,3,0
really_violent,3,2,1
most_representative,3,3,0
especially_problematic,3,1,2
especially_productive,3,3,0
innately_good,3,1,2
entirely_blameless,3,3,0
really_valid,3,3,0
longer_operational,3,3,0
not_mad,3,3,0
more_unsatisfying,3,0,3
too_brisk,3,2,1
too_somber,3,2,1
very_fresh,3,3,0
longer_online,3,3,0
so_loving,3,3,0
too_esoteric,3,2,1
entirely_desirable,3,2,1
longer_new,3,3,0
so_menacing,3,2,1
longer_appropriate,3,3,0
actually_hungry,3,3,0
entirely_controllable,3,3,0
entirely_conclusive,3,2,1
entirely_comprehensible,3,3,0
as_assertive,3,3,0
as_astonishing,3,3,0
really_vocal,3,3,0
ever_old,3,3,0
entirely_coherent,3,3,0
as_astute,3,3,0
not_involved,3,2,1
emotionally_impactful,3,2,1
seemingly_interested,3,3,0
so_unstoppable,3,3,0
seemingly_amiss,3,1,2
altogether_original,3,2,1
easily_quantifiable,3,3,0
ever_unique,3,3,0
now_present,3,3,0
most_trustworthy,3,3,0
too_weighty,3,2,1
now_safe,3,3,0
naturally_superior,3,1,2
more_sweeter,3,2,1
wildly_exotic,3,1,2
likely_aware,3,3,0
too_willing,3,2,1
especially_sophisticated,3,2,1
more_systemic,3,2,1
most_uplifting,3,3,0
most_urgent,3,3,0
as_abrupt,3,3,0
really_severe,3,1,2
intentionally_funny,3,3,0
too_visible,3,3,0
as_best,3,3,0
too_upbeat,3,3,0
too_inviting,3,0,3
really_sincere,3,3,0
actually_american,3,3,0
economically_important,3,1,2
longer_regarded,3,3,0
too_acute,3,1,2
less_strenuous,3,3,0
ever_trustworthy,3,3,0
economically_dependent,3,3,0
less_strategic,3,3,0
economically_competitive,3,3,0
too_vibrant,3,1,2
now_extant,3,2,1
ever_upset,3,3,0
really_sacred,3,1,2
emotionally_healthy,3,3,0
less_spare,3,3,0
really_representative,3,3,0
nutritionally_wrong,3,0,3
objectively_better,3,2,1
objectively_different,3,0,3
inherently_unsustainable,3,0,3
really_reliable,3,3,0
inherently_unstable,3,0,3
very_same,3,3,0
ever_vacant,3,3,0
really_realistic,3,3,0
really_rational,3,2,1
objectively_real,3,1,2
thoroughly_conscious,3,2,1
actually_nice,3,3,0
objectively_right,3,3,0
objectively_superior,3,3,0
more_sultry,3,0,3
really_responsive,3,3,0
especially_groundbreaking,3,0,3
really_revelatory,3,0,3
really_rude,3,3,0
most_valuable,3,3,0
so_hearty,3,2,1
ever_verifiable,3,2,1
really_routine,3,3,0
more_superstitious,3,3,0
ever_violent,3,3,0
nutritionally_beneficial,3,0,3
more_superior,3,2,1
dreadfully_wrong,3,0,3
more_superficial,3,2,1
remotely_obvious,3,2,1
ever_welcome,3,3,0
ever_wet,3,3,0
scientifically_wrong,3,0,3
especially_sharp,3,3,0
ever_tidy,3,3,0
inherently_worrisome,3,1,2
not_unique,3,3,0
so_uninterested,3,3,0
ever_shocked,3,3,0
not_terrible,3,1,2
really_thin,3,3,0
less_suggestive,3,3,0
so_misguided,3,2,1
specifically_religious,3,1,2
really_talkative,3,3,0
economically_prosperous,3,3,0
too_appetizing,3,1,2
more_turbulent,3,3,0
else_interesting,3,0,3
just_interesting,3,0,3
so_unified,3,3,0
too_traditional,3,1,2
too_tragic,3,1,2
most_subtle,3,3,0
eminently_practical,3,0,3
very_insightful,3,1,2
too_tedious,3,3,0
not_strange,3,3,0
longer_profitable,3,3,0
so_unkind,3,2,1
not_successful,3,3,0
too_talkative,3,3,0
emotionally_evocative,3,3,0
specifically_personal,3,0,3
emotionally_disturbing,3,1,2
ever_scared,3,3,0
emotionally_comfortable,3,3,0
nearly_impossible,3,3,0
wholly_reliable,3,3,0
ever_secret,3,3,0
so_hidden,3,0,3
very_formidable,3,1,2
not_weird,3,3,0
too_traumatic,3,1,2
not_worried,3,3,0
really_stellar,3,0,3
more_transcendent,3,1,2
effortlessly_cool,3,3,0
too_unfit,3,3,0
too_jaded,3,3,0
very_major,3,1,2
notably_wrong,3,0,3
too_unhappy,3,3,0
so_mistaken,3,3,0
noticeably_bad,3,2,1
really_static,3,3,0
economically_successful,3,3,0
near_capable,3,3,0
too_unorthodox,3,0,3
too_airy,3,3,0
really_sophisticated,3,0,3
notably_sympathetic,3,3,0
any_shorter,3,3,0
remotely_natural,3,0,3
really_straightforward,3,3,0
not_wrong,3,2,1
ever_sore,3,3,0
too_troubling,3,1,2
really_sufficient,3,3,0
ever_speechless,3,3,0
ever_spontaneous,3,3,0
too_unbearable,3,0,3
too_unbelievable,3,3,0
remotely_negative,3,0,3
longer_raw,3,3,0
more_tribal,3,2,1
just_limited,3,3,0
really_stressful,3,2,1
any_simpler,3,3,0
actually_easy,3,3,0
longer_little,3,3,0
too_self-conscious,3,3,0
really_questionable,3,1,2
so_witty,3,3,0
too_depressing,3,1,2
too_mild,3,2,1
too_depressed,3,3,0
too_dependent,3,3,0
especially_adept,3,3,0
especially_active,3,3,0
too_persuasive,3,2,1
ever_commonplace,3,3,0
remotely_chinese,3,1,2
equally_successful,3,3,0
too_dynamic,3,0,3
too_perverted,3,3,0
even_strong,3,3,0
equally_skilled,3,3,0
so_indicative,3,3,0
too_photogenic,3,1,2
just_aesthetic,3,2,1
most_disturbing,3,3,0
too_mind-blowing,3,0,3
most_diverse,3,3,0
most_engaging,3,3,0
seriously_threatening,3,2,1
too_momentous,3,0,3
necessarily_important,3,3,0
most_eloquent,3,3,0
too_destructive,3,0,3
remotely_feasible,3,2,1
necessarily_symptomatic,3,3,0
ever_casual,3,2,1
too_passionate,3,1,2
especially_ambitious,3,3,0
too_passive,3,2,1
remotely_feminine,3,1,2
most_durable,3,3,0
less_vulnerable,3,3,0
most_deadly,3,3,0
most_nimble,3,3,0
most_complete,3,2,1
very_late,3,3,0
ever_crowded,3,3,0
necessarily_gay,3,2,1
so_worldly,3,3,0
environmentally_sustainable,3,3,0
environmentally_responsible,3,3,0
seriously_involved,3,2,1
environmentally_prudent,3,3,0
ever_decisive,3,3,0
most_noble,3,3,0
apparently_aware,3,3,0
ever_definitive,3,3,0
too_damp,3,2,1
specially_new,3,1,2
most_complicated,3,3,0
just_beautiful,3,2,1
very_peaceful,3,2,1
necessarily_great,3,2,1
too_dazzling,3,1,2
ever_crazy,3,3,0
equally_available,3,3,0
too_definite,3,0,3
too_playful,3,2,1
so_imaginative,3,2,1
necessarily_wise,3,3,0
so_virtuous,3,2,1
ever_conscious,3,3,0
so_manic,3,3,0
ever_constructive,3,3,0
longer_fresh,3,3,0
ever_convenient,3,3,0
too_merciful,3,1,2
remotely_genuine,3,0,3
less_watchable,3,0,3
remotely_bad,3,1,2
too_practical,3,1,2
especially_big,3,2,1
necessarily_sufficient,3,3,0
especially_bright,3,3,0
necessarily_noteworthy,3,1,2
especially_high,3,3,0
severely_obese,3,3,0
necessarily_moral,3,0,3
actually_essential,3,3,0
most_graceful,3,3,0
remotely_enough,3,3,0
remotely_enjoyable,3,2,1
too_muddy,3,3,0
most_entertaining,3,3,0
necessarily_optimal,3,3,0
necessarily_original,3,2,1
especially_enlightening,3,2,1
most_frequent,3,3,0
ever_accessible,3,3,0
ever_accidental,3,3,0
even_unethical,3,1,2
most_inspiring,3,3,0
most_hospitable,3,3,0
too_nerdy,3,3,0
too_nefarious,3,1,2
especially_graphic,3,2,1
especially_generous,3,3,0
too_distressing,3,1,2
even_upset,3,3,0
especially_fun,3,1,2
too_distinct,3,0,3
too_naughty,3,1,2
sexually_aggressive,3,3,0
necessarily_intentional,3,3,0
severely_wrong,3,1,2
too_neat,3,3,0
even_winded,3,3,0
too_needy,3,3,0
especially_heavy,3,3,0
even_worried,3,3,0
necessarily_pleasant,3,3,0
too_novel,3,0,3
necessarily_problematic,3,2,1
so_wary,3,3,0
ever_attractive,3,3,0
too_didactic,3,3,0
so_majestic,3,1,2
especially_comfortable,3,3,0
as_agile,3,3,0
remotely_creative,3,0,3
necessarily_improper,3,2,1
sexually_stimulating,3,2,1
necessarily_shy,3,3,0
altogether_satisfied,3,3,0
as_agreeable,3,3,0
especially_challenging,3,3,0
too_outspoken,3,3,0
too_overjoyed,3,2,1
most_enthusiastic,3,3,0
ever_ashamed,3,3,0
sexually_provocative,3,0,3
remotely_difficult,3,3,0
remotely_cute,3,0,3
even_uncommon,3,2,1
so_lyrical,3,3,0
necessarily_rational,3,2,1
especially_dignified,3,0,3
remotely_defensible,3,3,0
severely_ill,3,3,0
especially_democratic,3,3,0
necessarily_relevant,3,3,0
remotely_fancy,3,0,3
necessarily_reprehensible,3,3,0
always_present,3,3,0
too_off-putting,3,2,1
especially_costly,3,3,0
ever_anonymous,3,3,0
instantly_gratifying,3,0,3
remotely_grand,3,0,3
environmentally_conscious,3,2,1
remotely_improper,3,0,3
entirely_ours,3,3,0
not_cheap,3,3,0
especially_onerous,3,3,0
entirely_physical,3,3,0
entirely_personal,3,3,0
more_wide,3,3,0
not_compatible,3,3,0
not_complete,3,3,0
even_religious,3,3,0
as_acerbic,3,2,1
entirely_one-sided,3,3,0
so_uplifting,3,0,3
relatively_unknown,3,2,1
more_wet,3,3,0
less_treacherous,3,3,0
entirely_normal,3,3,0
very_generous,3,3,0
entirely_pleasant,3,3,0
more_worldly,3,3,0
entirely_popular,3,3,0
entirely_practical,3,3,0
more_youthful,3,1,2
as_anticipated,3,3,0
too_religious,3,3,0
not_believable,3,3,0
so_urban,3,3,0
ever_greener,3,3,0
entirely_ready,3,3,0
entirely_random,3,3,0
intensely_interested,3,3,0
entirely_quiet,3,3,0
entirely_pure,3,3,0
so_humiliating,3,1,2
necessarily_controversial,3,1,2
ever_harmful,3,3,0
more_worrying,3,2,1
entirely_neutral,3,3,0
too_competitive,3,2,1
less_weighty,3,3,0
entirely_human,3,3,0
more_visual,3,2,1
so_injurious,3,2,1
too_cloying,3,1,2
not_exciting,3,3,0
entirely_impossible,3,3,0
too_secretive,3,1,2
ever_jealous,3,3,0
ever_justifiable,3,3,0
entirely_necessary,3,3,0
especially_partisan,3,2,1
even_readable,3,3,0
not_fat,3,3,0
reasonably_possible,3,3,0
so_innocuous,3,1,2
innately_special,3,0,3
entirely_helpful,3,3,0
so_humane,3,3,0
not_equal,3,3,0
even_reasonable,3,3,0
ever_insignificant,3,3,0
ever_important,3,2,1
so_upbeat,3,2,1
more_wealthy,3,2,1
too_rowdy,3,2,1
relatively_new,3,2,1
too_engaging,3,2,1
not_different,3,3,0
entirely_likeable,3,3,0
actually_fun,3,2,1
relatively_easy,3,2,1
ever_inevitable,3,3,0
remotely_important,3,3,0
as_appetizing,3,2,1
less_toxic,3,3,0
too_coarse,3,3,0
very_girly,3,2,1
ever_gonna,3,3,0
ever_glad,3,3,0
too_psyched,3,1,2
so_iconic,3,1,2
seriously_depressed,3,3,0
remotely_adequate,3,3,0
so_inept,3,2,1
longer_impartial,3,3,0
too_crispy,3,3,0
significantly_overweight,3,3,0
even_scientific,3,2,1
especially_odd,3,1,2
most_authentic,3,2,1
remotely_able,3,2,1
so_valiant,3,2,1
entirely_unfounded,3,3,0
too_puffy,3,2,1
entirely_unfamiliar,3,1,2
no_different,3,1,2
necessarily_enough,3,3,0
too_prosaic,3,2,1
remotely_akin,3,2,1
ever_dumb,3,3,0
just_big,3,2,1
ever_difficult,3,3,0
especially_meaningful,3,0,3
ever_dirty,3,3,0
most_common,3,3,0
never_old,3,3,0
ever_dissatisfied,3,3,0
significantly_higher,3,3,0
most_passionate,3,3,0
most_patient,3,3,0
necessarily_fair,3,3,0
entirely_villainous,3,3,0
too_progressive,3,3,0
never_satisfied,3,3,0
necessarily_exclusive,3,3,0
no_good,3,2,1
as_adamant,3,3,0
too_punitive,3,1,2
entirely_special,3,0,3
anywhere_long,3,3,0
especially_nice,3,3,0
ever_flat,3,3,0
just_clean,3,0,3
longer_invincible,3,3,0
entirely_selfless,3,3,0
so_massive,3,1,2
just_comfortable,3,1,2
too_convenient,3,1,2
not_applicable,3,3,0
more_zealous,3,3,0
too_contentious,3,1,2
less_ugly,3,3,0
ever_fussy,3,3,0
too_relevant,3,2,1
ever_fine,3,3,0
most_adventurous,3,3,0
very_graceful,3,3,0
too_receptive,3,2,1
ever_excited,3,3,0
most_articulate,3,3,0
too_crafty,3,0,3
especially_newsworthy,3,2,1
entirely_sympathetic,3,3,0
entirely_surprised,3,3,0
ever_false,3,3,0
normally_open,3,3,0
entirely_subjective,3,3,0
most_aggressive,3,3,0
too_real,3,1,2
too_realistic,3,2,1
entirely_static,3,3,0
ever_fat,3,3,0
religiously_observant,3,3,0
so_motivating,3,0,3
so_heartening,3,1,2
obscenely_rich,3,3,0
so_offended,3,3,0
overly_cautious,3,3,0
more_outstanding,3,0,3
overly_charming,3,3,0
that_new,3,2,1
really_convenient,3,3,0
socially_unstable,3,0,3
so_lacking,3,3,0
legally_liable,3,3,0
overly_critical,3,3,0
really_conservative,3,2,1
overly_compelling,3,1,2
overly_competitive,3,3,0
abundantly_clear,3,3,0
exclusively_islamic,3,0,3
exclusively_jewish,3,2,1
remotely_sophisticated,3,1,2
more_overrated,3,1,2
really_cooler,3,0,3
starkly_evident,3,3,0
truly_disruptive,3,1,2
truly_deserving,3,3,0
conventionally_beautiful,3,3,0
more_past,3,3,0
wholly_complete,3,3,0
conventionally_attractive,3,3,0
starkly_different,3,2,1
so_genuine,3,2,1
truly_disappointed,3,3,0
so_stringent,3,3,0
more_panicked,3,2,1
so_off-putting,3,0,3
so_strident,3,3,0
actually_violent,3,3,0
exclusively_christian,3,2,1
constitutionally_permissible,3,3,0
truly_enough,3,3,0
remotely_spectacular,3,1,2
truly_friendly,3,3,0
overly_dry,3,3,0
consistently_high,3,3,0
even_damp,3,3,0
more_ok,3,3,0
explicitly_autobiographical,3,3,0
explicitly_christian,3,1,2
consistently_great,3,2,1
consistently_funny,3,3,0
consistently_dominant,3,3,0
remotely_spiritual,3,1,2
truly_fluent,3,3,0
overly_easy,3,3,0
majorly_bad,3,0,3
overly_effusive,3,3,0
too_geeky,3,2,1
legally_qualified,3,3,0
legally_relevant,3,1,2
overly_didactic,3,3,0
legally_permissible,3,2,1
overly_dependent,3,3,0
that_knowledgeable,3,3,0
very_humorous,3,3,0
even_decent,3,3,0
overly_cynical,3,2,1
very_mature,3,3,0
altogether_comfortable,3,3,0
truly_excellent,3,1,2
actually_white,3,3,0
more_open-minded,3,3,0
overly_deep,3,1,2
overly_deferential,3,3,0
really_common,3,2,1
truly_explicit,3,2,1
exclusively_white,3,3,0
intrinsically_christian,3,1,2
ethnically_homogeneous,3,3,0
really_cruel,3,2,1
more_penetrating,3,2,1
that_picky,3,3,0
that_sad,3,3,0
reportedly_life-threatening,3,3,0
less_ready,3,2,1
truly_bored,3,3,0
too_horrific,3,1,2
more_ponderous,3,3,0
so_sudden,3,3,0
truly_captivating,3,2,1
that_rude,3,3,0
overly_adventurous,3,2,1
really_discouraged,3,3,0
that_rosy,3,3,0
too_frivolous,3,3,0
outwardly_special,3,0,3
truly_civilized,3,3,0
even_easy,3,3,0
too_holy,3,3,0
most_violent,3,3,0
actually_suicidal,3,3,0
excessively_bad,3,2,1
less_realistic,3,1,2
really_dynamic,3,0,3
too_freaky,3,2,1
too_free,3,2,1
more_predominant,3,3,0
that_short,3,3,0
too_humid,3,3,0
actually_stupid,3,2,1
that_sharp,3,3,0
even_ethical,3,3,0
really_dry,3,3,0
really_dreadful,3,1,2
that_severe,3,3,0
so_legendary,3,2,1
really_drastic,3,0,3
actually_successful,3,3,0
remotely_significant,3,1,2
that_restrictive,3,3,0
critically_injured,3,3,0
slightly_interesting,3,3,0
n't_better,3,3,0
so_glaring,3,3,0
truly_conservative,3,2,1
truly_consistent,3,3,0
legally_amiss,3,0,3
less_pure,3,1,2
over_zealous,3,1,2
truly_convincing,3,2,1
actually_unique,3,3,0
excessively_sweet,3,3,0
n't_beautiful,3,3,0
really_custom,3,1,2
that_pleasurable,3,3,0
more_permissible,3,3,0
more_perishable,3,3,0
really_definite,3,2,1
truly_conscious,3,3,0
less_racist,3,3,0
really_definitive,3,2,1
very_possible,3,3,0
over_complicated,3,3,0
that_remarkable,3,2,1
over_confident,3,3,0
truly_compatible,3,3,0
too_fruity,3,0,3
more_pissed,3,3,0
really_deserving,3,2,1
that_realistic,3,3,0
really_depressed,3,3,0
really_dependent,3,3,0
truly_conclusive,3,2,1
socially_unacceptable,3,1,2
that_prolific,3,3,0
so_intolerable,3,2,1
actually_worth,3,3,0
so_stimulating,3,2,1
very_materialistic,3,3,0
remotely_threatening,3,1,2
more_minimal,3,2,1
so_fragmented,3,3,0
very_ideological,3,2,1
so_foul,3,2,1
less_precise,3,3,0
completely_selfish,3,3,0
very_sinister,3,3,0
less_practical,3,1,2
completely_rigid,3,3,0
overly_powerful,3,3,0
truly_likable,3,3,0
completely_sane,3,2,1
less_affordable,3,3,0
very_mobile,3,3,0
much_tougher,3,2,1
much_stronger,3,2,1
extremely_dangerous,3,2,1
overly_ornate,3,2,1
manifestly_different,3,1,2
completely_solid,3,3,0
even_bisexual,3,3,0
absolutely_terrible,3,1,2
so_spontaneous,3,1,2
completely_terrible,3,3,0
really_beautiful,3,2,1
overly_new,3,0,3
truly_interesting,3,2,1
even_black,3,2,1
extremely_complicated,3,2,1
so_frail,3,3,0
completely_steady,3,3,0
overly_objectionable,3,0,3
so_spoilt,3,3,0
remotely_typical,3,0,3
truly_irreversible,3,3,0
extremely_expensive,3,3,0
truly_lonely,3,3,0
consistently_able,3,3,0
more_malignant,3,1,2
completely_overwhelming,3,2,1
absolutely_stunning,3,2,1
less_amazed,3,2,1
extremely_large,3,2,1
really_adventurous,3,2,1
so_foolproof,3,3,0
overly_shy,3,3,0
that_costly,3,3,0
less_aggravating,3,2,1
more_malevolent,3,0,3
more_major,3,1,2
much_surprising,3,0,3
completely_official,3,3,0
extremely_memorable,3,2,1
massively_different,3,1,2
extremely_new,3,0,3
really_alarming,3,0,3
overly_satisfied,3,3,0
less_political,3,3,0
completely_pleased,3,3,0
markedly_different,3,3,0
extremely_fancy,3,0,3
completely_responsible,3,3,0
really_applicable,3,3,0
really_anxious,3,3,0
remotely_traditional,3,2,1
completely_realistic,3,3,0
really_annoying,3,2,1
less_agreeable,3,2,1
completely_preventable,3,3,0
overly_rewarding,3,3,0
overly_rich,3,3,0
completely_positive,3,3,0
really_ambitious,3,3,0
extremely_hot,3,2,1
more_monolithic,3,3,0
that_emotional,3,3,0
as_bulky,3,3,0
more_newsworthy,3,1,2
remotely_supernatural,3,0,3
much_related,3,2,1
too_glaring,3,2,1
overly_flamboyant,3,3,0
so_steamy,3,3,0
so_irksome,3,1,2
more_nice,3,0,3
overly_frustrating,3,2,1
completely_truthful,3,3,0
even_appropriate,3,3,0
inherently_misleading,3,1,2
remotely_sure,3,3,0
any_busier,3,3,0
much_safer,3,3,0
overly_good,3,2,1
too_glossy,3,1,2
overly_fantastic,3,0,3
remotely_suggestive,3,0,3
so_omnipresent,3,3,0
truly_grateful,3,3,0
more_nurturing,3,2,1
actually_worthy,3,3,0
that_ignorant,3,3,0
even_accurate,3,3,0
so_frivolous,3,2,1
even_american,3,3,0
legally_sustainable,3,3,0
overly_explicit,3,2,1
explicitly_racist,3,2,1
locally_available,3,1,2
even_correct,3,3,0
considerably_better,3,2,1
truly_global,3,3,0
that_horrible,3,3,0
really_classic,3,1,2
that_fussy,3,3,0
remotely_unique,3,3,0
solely_good,3,3,0
completely_unknown,3,3,0
less_acceptable,3,2,1
that_fantastic,3,3,0
more_muscular,3,3,0
completely_uniform,3,3,0
really_brilliant,3,3,0
completely_unhappy,3,3,0
overly_inventive,3,0,3
completely_unfettered,3,3,0
less_accessible,3,2,1
remotely_unethical,3,0,3
overly_luxurious,3,3,0
so_spot,3,3,0
completely_unaware,3,2,1
completely_unarmed,3,3,0
really_bizarre,3,0,3
inherently_malicious,3,1,2
too_green,3,2,1
overly_greasy,3,3,0
solely_concerned,3,3,0
too_grotesque,3,2,1
completely_wicked,3,3,0
so_absolute,3,2,1
completely_welcome,3,3,0
completely_waterproof,3,3,0
overly_great,3,1,2
completely_visible,3,3,0
overly_happy,3,3,0
so_jaded,3,1,2
that_fortunate,3,3,0
inherently_meaningful,3,2,1
very_responsive,3,3,0
less_abstract,3,3,0
truly_identical,3,3,0
really_calm,3,3,0
less_reassuring,3,2,1
much_lower,3,1,2
inherently_real,3,2,1
longer_sticky,3,3,0
n't_serious,3,3,0
n't_safe,3,3,0
too_incriminating,3,0,3
too_incredible,3,1,2
totally_original,3,2,1
so_handy,3,1,2
so_tiresome,3,1,2
really_mean-spirited,3,3,0
socially_irresponsible,3,1,2
totally_possible,3,3,0
then_spectacular,3,0,3
less_scared,3,3,0
too_filthy,3,2,1
so_timid,3,2,1
totally_pure,3,3,0
just_solid,3,0,3
less_sensitive,3,3,0
totally_relaxed,3,3,0
more_scottish,3,2,1
so_toxic,3,2,1
more_selfless,3,0,3
intrinsically_interesting,3,2,1
too_informative,3,1,2
more_selective,3,3,0
remotely_presidential,3,0,3
more_secular,3,3,0
officially_open,3,3,0
long_free,3,3,0
really_naughty,3,1,2
totally_normal,3,3,0
more_scrupulous,3,3,0
really_narrow,3,0,3
really_naked,3,3,0
really_mystical,3,1,2
really_lucky,3,2,1
once_able,3,3,0
very_secret,3,2,1
too_fit,3,3,0
so_therapeutic,3,3,0
remotely_reasonable,3,1,2
only_chinese,3,3,0
really_intimate,3,2,1
really_intelligent,3,1,2
n't_present,3,3,0
more_reputable,3,3,0
too_inane,3,3,0
only_good,3,3,0
inherently_sexy,3,1,2
just_unfortunate,3,0,3
intrinsically_hard,3,0,3
really_indispensable,3,3,0
longer_tolerable,3,3,0
really_immune,3,3,0
too_inappropriate,3,0,3
definitively_wrong,3,1,2
more_rubbish,3,3,0
more_restless,3,3,0
more_routine,3,3,0
really_low,3,3,0
even_important,3,3,0
once_disappointed,3,3,0
really_likeable,3,2,1
much_enamored,3,3,0
really_legal,3,3,0
so_needy,3,3,0
much_evident,3,3,0
more_revered,3,1,2
more_revelatory,3,1,2
exactly_poor,3,3,0
only_able,3,3,0
totally_straightforward,3,3,0
just_tired,3,1,2
offensively_terrible,3,3,0
directly_connected,3,1,2
altogether_modern,3,3,0
really_powerful,3,2,1
any_nicer,3,1,2
inherently_undemocratic,3,0,3
exactly_close,3,3,0
this_easy,3,3,0
just_pure,3,1,2
really_pleased,3,3,0
totally_exempt,3,2,1
totally_fair,3,3,0
more_sordid,3,1,2
as_able,3,3,0
more_solitary,3,1,2
remotely_organic,3,1,2
really_patriotic,3,3,0
exactly_correct,3,3,0
obviously_related,3,2,1
so_unaffordable,3,3,0
so_unanimous,3,3,0
exactly_great,3,3,0
intentionally_malicious,3,3,0
really_pure,3,3,0
just_physical,3,3,0
really_proper,3,2,1
really_profitable,3,3,0
more_stereotypical,3,0,3
most_visible,3,3,0
inherently_unnatural,3,0,3
most_vocal,3,3,0
more_standard,3,1,2
more_staggering,3,2,1
exactly_boring,3,3,0
really_professional,3,2,1
totally_devoid,3,3,0
more_spontaneous,3,2,1
long_satisfied,3,3,0
naturally_good,3,3,0
intrinsically_male,3,0,3
inherently_troubling,3,0,3
inherently_troublesome,3,0,3
too_fashionable,3,2,1
more_shrill,3,3,0
really_optional,3,3,0
exactly_famous,3,2,1
so_harmful,3,2,1
longer_sleepy,3,3,0
there_enough,3,3,0
more_shallow,3,2,1
ruthlessly_efficient,3,3,0
intrinsically_irrational,3,0,3
totally_innocent,3,3,0
directly_harmful,3,3,0
spectacularly_good,3,1,2
off_sick,3,3,0
really_odd,3,0,3
totally_ignorant,3,3,0
just_satisfied,3,3,0
much_ashamed,3,2,1
really_overpowering,3,3,0
more_slippery,3,3,0
very_holy,3,3,0
more_skilful,3,3,0
altogether_surprising,3,3,0
nationally_representative,3,3,0
remotely_pleasant,3,2,1
more_singular,3,3,0
directly_transferable,3,3,0
really_overcome,3,3,0
much_appealing,3,0,3
remotely_popular,3,2,1
always_obvious,3,3,0
scantily_clad,3,3,0
exactly_equal,3,3,0
totally_unique,3,2,1
necessarily_incorrect,3,2,1
just_unnecessary,3,2,1
really_forbidden,3,2,1
outrageously_high,3,3,0
n't_likely,3,3,0
more_rad,3,2,1
really_fat,3,3,0
too_foolish,3,2,1
outright_funny,3,3,0
willfully_blind,3,3,0
outrageously_different,3,0,3
outright_horrible,3,3,0
currently_interested,3,3,0
damn_sure,3,3,0
exceptionally_fancy,3,0,3
exactly_unknown,3,3,0
so_novel,3,0,3
remotely_reminiscent,3,2,1
really_fit,3,3,0
n't_hard,3,3,0
exactly_unexpected,3,3,0
otherwise_wrong,3,0,3
truly_altruistic,3,3,0
slightly_different,3,2,1
currently_functional,3,3,0
truly_american,3,3,0
much_happier,3,2,1
really_erotic,3,2,1
less_respectful,3,2,1
too_ill,3,3,0
very_rewarding,3,2,1
that_strict,3,3,0
more_rabid,3,2,1
more_quirky,3,3,0
then_amazing,3,0,3
less_representative,3,2,1
n't_interested,3,3,0
outright_boring,3,3,0
really_extravagant,3,1,2
even_feasible,3,3,0
that_thin,3,3,0
less_reprehensible,3,2,1
inherently_romantic,3,0,3
truly_achievable,3,3,0
so_surreal,3,0,3
truly_afraid,3,3,0
remotely_revolutionary,3,2,1
truly_accurate,3,3,0
that_tiny,3,3,0
currently_willing,3,3,0
exceptionally_difficult,3,2,1
much_hotter,3,0,3
more_purposeful,3,2,1
currently_wrong,3,1,2
remotely_responsible,3,1,2
that_surprised,3,3,0
that_true,3,3,0
so_sweeping,3,1,2
exactly_young,3,3,0
outright_evil,3,3,0
very_masculine,3,2,1
so_intentional,3,1,2
more_quick,3,2,1
that_ugly,3,3,0
socially_relevant,3,3,0
so_tacky,3,2,1
so_supportive,3,3,0
exactly_square,3,3,0
more_prideful,3,2,1
really_foreign,3,2,1
that_wonderful,3,3,0
really_elegant,3,1,2
deeply_concerned,3,3,0
essentially_evil,3,1,2
so_superior,3,3,0
exactly_straightforward,3,3,0
culturally_neutral,3,3,0
exactly_stellar,3,3,0
that_wrong,3,2,1
more_redundant,3,2,1
especially_warm,3,3,0
that_skilled,3,3,0
outright_scary,3,1,2
socially_progressive,3,2,1
more_regressive,3,3,0
n't_funny,3,3,0
very_passionate,3,3,0
really_hilarious,3,2,1
really_hopeless,3,3,0
really_efficient,3,3,0
more_related,3,2,1
exceptionally_successful,3,2,1
exactly_similar,3,2,1
really_human,3,3,0
really_identical,3,3,0
more_relentless,3,0,3
really_glaring,3,0,3
just_yellow,3,2,1
really_extra,3,0,3
that_vulnerable,3,3,0
much_greater,3,3,0
truly_asleep,3,3,0
really_epic,3,1,2
actually_satisfactory,3,3,0
really_frustrated,3,3,0
n't_necessary,3,3,0
any_heavier,3,3,0
as_brazen,3,3,0
more_prized,3,2,1
so_notable,3,3,0
really_functional,3,1,2
remotely_religious,3,0,3
really_formal,3,1,2
actually_satisfying,3,3,0
that_specific,3,3,0
really_glamorous,3,2,1
more_pro-israel,3,2,1
really_equal,3,3,0
so_digital,2,2,0
long_wet,2,2,0
so_inaccessible,2,2,0
very_savory,2,1,1
so_logical,2,2,0
logically_possible,2,1,1
so_disillusioned,2,2,0
so_pungent,2,1,1
less_humane,2,1,1
always_calm,2,2,0
less_witty,2,1,1
so_puny,2,2,0
so_instantaneous,2,2,0
so_local,2,1,1
so_disruptive,2,2,0
so_inadequate,2,2,0
militarily_weaker,2,2,0
so_dignified,2,0,2
so_instant,2,2,0
likely_true,2,2,0
mildly_interesting,2,1,1
so_despondent,2,2,0
so_luminous,2,1,1
so_infectious,2,2,0
so_insurmountable,2,1,1
less_zealous,2,2,0
logically_inconsistent,2,1,1
so_loveable,2,2,0
so_loyal,2,1,1
so_lucid,2,2,0
so_intangible,2,0,2
so_likable,2,2,0
logistically_plausible,2,2,0
longer_conscious,2,2,0
so_prompt,2,1,1
likely_possible,2,2,0
longer_certain,2,2,0
so_individual,2,1,1
so_disjointed,2,2,0
longer_alive,2,2,0
longer_competitive,2,2,0
so_kinky,2,2,0
less_inadequate,2,2,0
longer_competent,2,2,0
so_legible,2,0,2
so_dismissive,2,2,0
longer_comparable,2,2,0
logically_consistent,2,2,0
very_standard,2,2,0
so_provocative,2,0,2
logically_contradictory,2,0,2
so_ironic,2,1,1
so_promising,2,2,0
mildly_inappropriate,2,2,0
so_insulting,2,1,1
long_winded,2,2,0
so_lavish,2,1,1
so_instrumental,2,2,0
less_worth,2,0,2
so_incisive,2,2,0
so_insufferable,2,2,0
less_wise,2,2,0
longer_dangerous,2,2,0
less_incisive,2,2,0
less_hungry,2,2,0
so_lovable,2,2,0
less_incendiary,2,2,0
so_destitute,2,1,1
less_impassioned,2,2,0
very_secretive,2,1,1
so_inconsistent,2,1,1
logistically_feasible,2,2,0
so_isolated,2,2,0
so_limitless,2,1,1
so_infrequent,2,2,0
so_promiscuous,2,2,0
so_jolly,2,0,2
less_inappropriate,2,2,0
long_dry,2,2,0
minimally_invasive,2,2,0
always_capable,2,2,0
so_devoid,2,2,0
so_intelligent,2,1,1
very_skeptical,2,2,0
very_receptive,2,2,0
less_scathing,2,2,0
longer_touted,2,2,0
less_ruinous,2,2,0
less_ruthless,2,2,0
less_sacred,2,1,1
longer_timid,2,2,0
so_nefarious,2,0,2
less_sad,2,1,1
longer_tentative,2,2,0
less_modest,2,2,0
less_modern,2,1,1
less_sane,2,2,0
less_satisfied,2,2,0
less_savage,2,2,0
so_guilty,2,2,0
less_mobile,2,2,0
longer_surprising,2,2,0
less_miserable,2,2,0
less_riveting,2,2,0
less_right,2,2,0
very_rigorous,2,2,0
so_noxious,2,1,1
less_reluctant,2,1,1
so_grave,2,2,0
so_facile,2,1,1
altogether_disappointed,2,2,0
so_greedy,2,1,1
longer_unique,2,2,0
medically_needed,2,2,0
less_repugnant,2,2,0
so_perplexing,2,1,1
so_notorious,2,1,1
less_naive,2,2,0
less_mysterious,2,2,0
so_noteworthy,2,0,2
always_angry,2,2,0
so_groovy,2,1,1
so_nonchalant,2,2,0
longer_surprised,2,2,0
longer_sufficient,2,2,0
so_downbeat,2,2,0
less_mighty,2,2,0
less_masculine,2,2,0
less_marvelous,2,2,0
mentally_handicapped,2,2,0
longer_shocking,2,2,0
so_musical,2,2,0
so_placid,2,1,1
longer_sensitive,2,2,0
less_silent,2,2,0
less_simplistic,2,2,0
so_muddy,2,2,0
less_malleable,2,1,1
less_solemn,2,2,0
less_malicious,2,2,0
longer_secret,2,2,0
altogether_false,2,2,0
less_solitary,2,1,1
longer_sacred,2,2,0
less_short,2,0,2
so_picturesque,2,2,0
longer_simple,2,2,0
less_sentimental,2,1,1
less_seductive,2,1,1
less_selfish,2,1,1
so_happier,2,2,0
mentally_capable,2,2,0
mentally_challenging,2,1,1
less_sensual,2,2,0
so_philosophical,2,0,2
longer_spontaneous,2,2,0
less_shocked,2,2,0
less_sexist,2,2,0
so_narcissistic,2,2,0
very_sad,2,1,1
longer_slender,2,2,0
less_shady,2,1,1
so_harmless,2,2,0
so_picky,2,2,0
less_noisy,2,2,0
so_gratified,2,2,0
less_relaxing,2,2,0
less_relatable,2,2,0
so_final,2,0,2
materially_significant,2,2,0
so_filthy,2,1,1
less_perilous,2,1,1
less_pressing,2,2,0
less_prestigious,2,2,0
so_one-sided,2,2,0
materially_wrong,2,0,2
also_unlikely,2,2,0
very_silly,2,2,0
less_primitive,2,2,0
so_festive,2,1,1
less_penetrating,2,0,2
less_peculiar,2,2,0
less_probable,2,2,0
majorly_different,2,0,2
altogether_bad,2,2,0
so_overdone,2,2,0
so_frenetic,2,1,1
so_overcrowded,2,2,0
marginally_better,2,2,0
so_foolhardy,2,2,0
less_poor,2,1,1
so_flimsy,2,0,2
markedly_better,2,2,0
marginally_successful,2,2,0
so_forthright,2,2,0
less_pragmatic,2,2,0
so_flattering,2,2,0
little_agreeable,2,2,0
less_predatory,2,1,1
less_perverse,2,2,0
less_pregnant,2,1,1
less_persuasive,2,2,0
less_prejudiced,2,2,0
less_prepared,2,2,0
so_flashy,2,0,2
less_patient,2,2,0
less_paranoid,2,2,0
also_unhappy,2,2,0
very_revolutionary,2,0,2
less_radiant,2,1,1
so_fantastical,2,0,2
so_particular,2,2,0
less_radical,2,0,2
longer_wary,2,2,0
so_obnoxious,2,1,1
longer_wanted,2,2,0
less_obscure,2,1,1
so_obtrusive,2,2,0
also_tough,2,2,0
less_reasonable,2,2,0
longer_violent,2,2,0
less_obnoxious,2,1,1
less_reflective,2,2,0
very_remote,2,2,0
medically_accurate,2,2,0
so_graceful,2,1,1
mechanically_complex,2,2,0
less_progressive,2,1,1
so_fuzzy,2,1,1
meaningfully_democratic,2,2,0
so_overworked,2,2,0
so_fast-paced,2,2,0
less_prominent,2,2,0
less_promising,2,2,0
less_prompt,2,1,1
so_futuristic,2,2,0
very_slim,2,2,0
very_sharp,2,1,1
magically_different,2,0,2
so_painstaking,2,1,1
less_operatic,2,2,0
so_paranoid,2,2,0
so_gloomy,2,2,0
so_far-fetched,2,1,1
so_glossy,2,2,0
so_plausible,2,2,0
less_majestic,2,1,1
very_relaxed,2,2,0
merely_incidental,2,2,0
so_marvelous,2,2,0
merely_passive,2,2,0
less_insulting,2,2,0
less_uneasy,2,1,1
less_unfortunate,2,2,0
very_speedy,2,2,0
longer_homogeneous,2,2,0
so_identifiable,2,1,1
merely_political,2,2,0
less_inspired,2,2,0
so_eerie,2,2,0
less_unhappy,2,2,0
so_prestigious,2,0,2
less_unhinged,2,2,0
merely_private,2,2,0
less_unique,2,1,1
longer_glossy,2,2,0
less_intelligible,2,2,0
merely_ordinary,2,2,0
so_prescriptive,2,2,0
so_predominant,2,1,1
less_irresponsible,2,2,0
merely_individual,2,2,0
so_emotive,2,1,1
so_mature,2,2,0
less_troubled,2,2,0
so_eminent,2,1,1
less_turbulent,2,2,0
merely_literal,2,2,0
so_icky,2,1,1
less_typical,2,0,2
so_humorous,2,1,1
so_prejudicial,2,2,0
less_uncertain,2,2,0
less_uncomfortable,2,2,0
so_elemental,2,0,2
merely_natural,2,2,0
so_eclectic,2,2,0
altogether_satisfying,2,1,1
so_illusory,2,2,0
so_implausible,2,2,0
so_primitive,2,1,1
merely_showy,2,2,0
merely_similar,2,2,0
so_impassioned,2,2,0
merely_subjective,2,2,0
less_vigilant,2,2,0
so_imperfect,2,2,0
longer_enough,2,2,0
longer_extant,2,2,0
altogether_harmonious,2,2,0
less_indignant,2,2,0
longer_efficient,2,2,0
so_lush,2,2,0
so_lurid,2,1,1
so_impoverished,2,1,1
very_self-conscious,2,2,0
merely_sensational,2,2,0
less_vague,2,2,0
less_insightful,2,2,0
so_prideful,2,2,0
less_unjust,2,1,1
less_unpopular,2,2,0
so_pretty,2,2,0
longer_fit,2,2,0
less_unsettling,2,2,0
less_ingenious,2,2,0
so_malleable,2,2,0
merely_ridiculous,2,2,0
so_imminent,2,2,0
longer_feasible,2,2,0
less_informative,2,2,0
less_unwilling,2,0,2
longer_fearful,2,2,0
merely_routine,2,2,0
less_upsetting,2,1,1
longer_farfetched,2,2,0
less_traumatic,2,2,0
merely_important,2,2,0
so_heavenly,2,1,1
merely_immoral,2,1,1
less_substantive,2,2,0
less_subversive,2,2,0
less_logical,2,2,0
merely_accidental,2,2,0
so_eventful,2,2,0
very_relatable,2,2,0
very_sane,2,2,0
so_ethereal,2,1,1
merely_angry,2,2,0
so_miraculous,2,0,2
merely_arbitrary,2,2,0
merely_black,2,2,0
so_equitable,2,2,0
so_pompous,2,1,1
less_suspicious,2,1,1
so_ephemeral,2,2,0
so_envious,2,2,0
less_sublime,2,2,0
less_subjective,2,1,1
so_misleading,2,1,1
less_startling,2,2,0
longer_respectable,2,2,0
less_splendid,2,1,1
longer_representative,2,2,0
longer_religious,2,2,0
mentally_stable,2,2,0
less_stark,2,1,1
less_luxurious,2,2,0
so_monotonous,2,1,1
mentally_tougher,2,1,1
less_stingy,2,2,0
so_monolithic,2,2,0
less_lucrative,2,2,0
less_stressful,2,2,0
longer_redundant,2,2,0
mentally_tired,2,2,0
so_mobile,2,2,0
so_enviable,2,1,1
merely_contemplative,2,2,0
so_homely,2,2,0
merely_honest,2,2,0
merely_external,2,1,1
so_portable,2,2,0
so_endearing,2,2,0
so_endangered,2,2,0
merely_good,2,2,0
less_timely,2,2,0
so_enamored,2,2,0
very_regular,2,2,0
longer_much,2,2,0
so_mediocre,2,1,1
longer_live,2,2,0
longer_lit,2,2,0
less_tough,2,1,1
longer_legitimate,2,2,0
always_best,2,2,0
merely_idle,2,2,0
so_populous,2,2,0
less_jubilant,2,2,0
less_lengthy,2,2,0
always_beautiful,2,2,0
less_legal,2,1,1
less_sympathetic,2,2,0
so_meticulous,2,2,0
longer_permissible,2,2,0
also_present,2,2,0
less_tangible,2,2,0
less_tense,2,2,0
longer_optional,2,2,0
so_energetic,2,2,0
so_enthused,2,2,0
also_possible,2,2,0
so_enlightened,2,2,0
so_populist,2,1,1
merely_different,2,2,0
merely_emotional,2,2,0
less_thorough,2,2,0
merely_biological,2,2,0
as_elementary,2,2,0
morally_better,2,2,0
really_decisive,2,1,1
over_impressed,2,2,0
really_desperate,2,2,0
over_fond,2,2,0
really_detailed,2,1,1
really_detectable,2,2,0
really_detrimental,2,0,2
over_elegant,2,2,0
really_devastating,2,0,2
over_busy,2,2,0
over_ambitious,2,2,0
outwardly_visible,2,2,0
outwardly_religious,2,1,1
outwardly_obvious,2,1,1
outwardly_insecure,2,2,0
outwardly_impressive,2,0,2
really_distracting,2,2,0
outwardly_glorious,2,0,2
outwardly_flashy,2,0,2
really_dormant,2,2,0
really_dull,2,2,0
outwardly_angry,2,2,0
outwardly_aggressive,2,1,1
outstandingly_original,2,0,2
really_eligible,2,2,0
really_else,2,0,2
really_demanding,2,0,2
over_sentimental,2,2,0
really_endearing,2,0,2
woefully_inadequate,2,2,0
overly_disturbing,2,0,2
absurdly_difficult,2,2,0
overly_detailed,2,1,1
overly_dense,2,1,1
really_compatible,2,2,0
overly_cute,2,2,0
overly_crunchy,2,2,0
overly_contrived,2,0,2
overly_congested,2,2,0
really_content,2,2,0
really_contradictory,2,0,2
really_contrary,2,1,1
overly_chewy,2,1,1
overly_chatty,2,2,0
overly_busy,2,2,0
overly_boisterous,2,2,0
overly_big,2,0,2
really_creepy,2,1,1
overly_attractive,2,1,1
overly_athletic,2,2,0
overly_appealing,2,0,2
overly_afraid,2,2,0
really_cryptic,2,1,1
really_curious,2,2,0
really_damaging,2,0,2
really_embarrassing,2,0,2
academically_ineligible,2,2,0
only_hard,2,2,0
really_global,2,2,0
really_grand,2,1,1
openly_vocal,2,2,0
really_green,2,2,0
openly_religious,2,2,0
really_handsome,2,2,0
really_happier,2,2,0
openly_defiant,2,2,0
openly_contemptuous,2,2,0
openly_available,2,2,0
really_heartfelt,2,2,0
openly_affectionate,2,2,0
really_heroic,2,2,0
only_worth,2,2,0
only_worse,2,2,0
really_hip,2,2,0
only_sweet,2,1,1
achingly_important,2,2,0
only_such,2,2,0
really_humorous,2,0,2
only_relevant,2,2,0
really_idle,2,2,0
only_qualified,2,2,0
only_loud,2,0,2
really_indicative,2,2,0
only_horizontal,2,2,0
oppressively_intimidating,2,2,0
ordinarily_respectable,2,2,0
outright_offensive,2,1,1
really_fussy,2,2,0
outright_nasty,2,2,0
really_equivalent,2,1,1
outright_irrational,2,2,0
outright_inappropriate,2,1,1
really_exclusive,2,2,0
outright_dismissive,2,2,0
really_experimental,2,1,1
outright_cruel,2,2,0
really_extreme,2,0,2
outrageously_wrong,2,0,2
academically_strong,2,2,0
outrageously_expensive,2,2,0
really_favorable,2,2,0
outrageously_appealing,2,2,0
out_wide,2,1,1
really_fishy,2,0,2
out_cold,2,2,0
otherwise_unlawful,2,2,0
otherwise_responsible,2,2,0
really_focused,2,2,0
really_frightening,2,1,1
really_frustrating,2,1,1
accidentally_mistaken,2,2,0
wildly_unlikely,2,2,0
really_further,2,0,2
overly_effective,2,2,0
really_cognizant,2,2,0
overly_enamored,2,2,0
realistically_attainable,2,2,0
realistically_open,2,2,0
yet_apparent,2,2,0
overly_sure,2,2,0
overly_substantial,2,0,2
really_absent,2,2,0
really_absolute,2,2,0
overly_stingy,2,2,0
overly_spicy,2,2,0
yet_afraid,2,2,0
really_achievable,2,2,0
overly_soft,2,1,1
overly_sociable,2,2,0
really_adept,2,2,0
overly_slick,2,1,1
overly_simplistic,2,2,0
really_admirable,2,1,1
really_advanced,2,0,2
overly_shocking,2,0,2
absolutely_strong,2,2,0
overly_secretive,2,1,1
really_alien,2,1,1
overly_salty,2,2,0
overly_salacious,2,0,2
really_allergic,2,2,0
overly_revolutionary,2,0,2
realistically_enough,2,2,0
real_warm,2,2,0
really_cocky,2,2,0
overly_tricky,2,1,1
overtly_harsh,2,1,1
overtly_graphic,2,0,2
real_impressed,2,2,0
overtly_gay,2,2,0
real_interested,2,2,0
overtly_feminine,2,0,2
overtly_extraordinary,2,0,2
overtly_exciting,2,1,1
overtly_evil,2,0,2
real_loving,2,2,0
real_negative,2,0,2
real_noticeable,2,0,2
real_obvious,2,0,2
real_rough,2,2,0
real_sharp,2,2,0
real_slow,2,1,1
real_solid,2,1,1
real_specific,2,0,2
real_spectacular,2,0,2
overly_wordy,2,2,0
real_strong,2,2,0
real_supportive,2,2,0
real_surprising,2,0,2
overly_upset,2,2,0
real_tricky,2,0,2
really_annoyed,2,2,0
overly_respectful,2,2,0
overly_quick,2,2,0
overly_pushy,2,2,0
overly_hopeful,2,2,0
overly_hilarious,2,0,2
overly_high,2,2,0
overly_gruesome,2,1,1
really_catastrophic,2,0,2
overly_glaring,2,0,2
overly_glamorous,2,1,1
really_cause,2,2,0
overly_full,2,2,0
overly_forceful,2,1,1
absolutely_unique,2,1,1
overly_flowery,2,0,2
overly_flexible,2,2,0
overly_firm,2,2,0
overly_feminine,2,1,1
really_chinese,2,1,1
overly_extravagant,2,1,1
overly_explosive,2,2,0
absolutely_weak,2,2,0
absolutely_white,2,2,0
overly_excessive,2,0,2
overly_erotic,2,1,1
overly_epic,2,0,2
overly_enthused,2,2,0
really_cliched,2,2,0
overly_hot,2,1,1
overly_humid,2,2,0
overly_idealistic,2,2,0
overly_noticeable,2,0,2
overly_prominent,2,2,0
overly_profound,2,2,0
really_astounding,2,0,2
overly_prescriptive,2,2,0
overly_preachy,2,2,0
overly_positive,2,0,2
overly_polite,2,2,0
overly_physical,2,2,0
overly_personal,2,2,0
really_autonomous,2,2,0
absolutely_superb,2,1,1
overly_notable,2,0,2
overly_intellectual,2,2,0
overly_needy,2,2,0
overly_modern,2,2,0
really_bitter,2,2,0
overly_materialistic,2,2,0
overly_masculine,2,1,1
overly_major,2,0,2
really_blind,2,2,0
really_blue,2,2,0
overly_judgmental,2,2,0
really_bothersome,2,2,0
really_brown,2,2,0
really_individual,2,2,0
really_insightful,2,0,2
real_fond,2,2,0
not_tired,2,2,0
not_synonymous,2,2,0
not_swift,2,2,0
not_sufficient,2,1,1
not_strong,2,2,0
not_spicy,2,2,0
not_sorry,2,2,0
really_transgender,2,2,0
not_silly,2,2,0
really_traumatic,2,0,2
not_shocked,2,2,0
not_serious,2,2,0
really_troubled,2,2,0
not_secure,2,2,0
not_sane,2,2,0
not_reversible,2,2,0
not_resistant,2,2,0
not_reasonable,2,2,0
really_unethical,2,0,2
really_unfair,2,1,1
not_proud,2,2,0
really_uniform,2,1,1
really_universal,2,2,0
not_paranoid,2,2,0
really_unlimited,2,2,0
really_unlocked,2,2,0
not_tenuous,2,2,0
not_toxic,2,2,0
not_ours,2,2,0
really_terrifying,2,1,1
really_skinny,2,2,0
really_slow,2,2,0
really_socialist,2,2,0
wildly_entertaining,2,2,0
noticeably_higher,2,2,0
really_spicy,2,2,0
really_standard,2,2,0
noticeably_better,2,2,0
really_stationary,2,2,0
notably_terrible,2,0,2
really_straight,2,2,0
really_strenuous,2,2,0
really_stronger,2,1,1
notably_new,2,1,1
notably_effective,2,2,0
notably_different,2,0,2
really_supernatural,2,1,1
really_supportive,2,2,0
not_worthy,2,2,0
really_sweet,2,2,0
really_sympathetic,2,2,0
not_valid,2,2,0
really_synonymous,2,2,0
really_talented,2,2,0
really_tall,2,2,0
really_unmanageable,2,2,0
not_ordinary,2,1,1
really_inspirational,2,0,2
actually_chinese,2,2,0
not_eligible,2,2,0
not_effective,2,2,0
relatively_close,2,2,0
not_drunk,2,2,0
relatively_good,2,2,0
not_disappointed,2,2,0
not_difficult,2,2,0
not_desperate,2,2,0
not_cute,2,2,0
actually_close,2,2,0
relatively_simple,2,2,0
not_conducive,2,2,0
not_compulsory,2,2,0
not_complicated,2,2,0
not_cold,2,2,0
not_catholic,2,2,0
not_black,2,2,0
not_beneficial,2,2,0
actually_cold,2,2,0
not_attainable,2,2,0
not_ambitious,2,2,0
reliably_predictable,2,2,0
reliably_secret,2,2,0
not_admirable,2,2,0
religiously_inclined,2,1,1
regularly_available,2,2,0
not_fascinating,2,2,0
not_optimistic,2,2,0
reasonably_likely,2,2,0
not_more,2,2,0
not_messy,2,2,0
not_mandatory,2,2,0
really_vegan,2,2,0
not_lame,2,2,0
not_jewish,2,2,0
really_vulgar,2,2,0
not_instant,2,2,0
really_wacky,2,0,2
not_infectious,2,2,0
not_incredible,2,2,0
not_impressive,2,2,0
not_identical,2,2,0
not_human,2,2,0
really_wide,2,2,0
really_winnable,2,2,0
not_high,2,2,0
actually_bored,2,2,0
actually_boring,2,2,0
not_grateful,2,2,0
actually_cheap,2,2,0
not_full,2,2,0
not_fresh,2,2,0
reasonably_foreseeable,2,2,0
reasonably_incidental,2,2,0
really_sinister,2,0,2
really_single,2,2,0
now_awake,2,0,2
really_missing,2,1,1
really_monumental,2,1,1
often_good,2,2,0
really_motivated,2,2,0
often_fatal,2,2,0
wildly_optimistic,2,1,1
really_nasty,2,0,2
actively_hostile,2,1,1
officially_official,2,2,0
really_negotiable,2,2,0
really_noble,2,1,1
officially_dead,2,2,0
actively_involved,2,2,0
really_obsessive,2,2,0
really_off-putting,2,0,2
off_ill,2,2,0
off_easy,2,2,0
wildly_interesting,2,0,2
really_optimal,2,2,0
really_optimistic,2,2,0
really_organic,2,1,1
wildly_innovative,2,0,2
obviously_true,2,1,1
really_out,2,2,0
obviously_threatening,2,0,2
obviously_talented,2,2,0
really_modern,2,1,1
often_misunderstood,2,2,0
now_capable,2,2,0
really_minded,2,2,0
really_intuitive,2,1,1
really_invisible,2,1,1
only_biological,2,2,0
only_applicable,2,2,0
really_irrational,2,1,1
really_key,2,1,1
once_sick,2,2,0
really_large,2,2,0
really_liberal,2,2,0
really_light,2,1,1
really_live,2,2,0
really_logical,2,2,0
once_condescending,2,2,0
really_loose,2,2,0
really_loud,2,1,1
once_bored,2,2,0
on_social,2,2,0
on_low,2,2,0
really_magic,2,1,1
really_mainstream,2,2,0
really_malicious,2,1,1
really_mean,2,1,1
often_successful,2,2,0
really_meaty,2,1,1
really_menacing,2,0,2
really_outside,2,2,0
obviously_suspicious,2,0,2
obviously_supernatural,2,0,2
obviously_sinister,2,0,2
objectively_worse,2,1,1
objectively_terrible,2,1,1
really_regular,2,1,1
objectively_essential,2,0,2
actually_accountable,2,2,0
objectively_bad,2,1,1
nutritionally_valuable,2,1,1
nutritionally_complete,2,2,0
actually_accurate,2,2,0
now_wrong,2,1,1
actually_active,2,1,1
wildly_expensive,2,1,1
really_scandalous,2,0,2
now_stuck,2,2,0
now_redundant,2,2,0
now_profitable,2,2,0
really_self-conscious,2,2,0
now_other,2,0,2
really_sensational,2,0,2
actually_afraid,2,2,0
now_free,2,2,0
now_evident,2,2,0
now_concerned,2,2,0
now_complete,2,2,0
now_clear,2,2,0
really_quick,2,2,0
obviously_amiss,2,2,0
really_prosperous,2,2,0
really_poetic,2,0,2
really_overt,2,0,2
really_overweight,2,2,0
obviously_right,2,2,0
really_particular,2,0,2
obviously_relevant,2,0,2
obviously_racist,2,1,1
wildly_inappropriate,2,1,1
actively_sick,2,2,0
really_persuasive,2,2,0
obviously_muslim,2,1,1
obviously_loose,2,1,1
really_polite,2,1,1
obviously_crazy,2,1,1
really_political,2,2,0
obviously_inappropriate,2,0,2
obviously_impossible,2,0,2
obviously_important,2,2,0
obviously_identifiable,2,2,0
really_precious,2,2,0
really_precise,2,1,1
really_prepared,2,2,0
really_prevalent,2,2,0
really_pristine,2,2,0
obviously_different,2,0,2
absolutely_satisfied,2,2,0
overtly_magical,2,0,2
morally_comfortable,2,0,2
quite_accessible,2,2,0
patently_illegal,2,1,1
patently_absurd,2,1,1
quite_alike,2,2,0
particularly_worse,2,2,0
quite_american,2,2,0
particularly_witty,2,1,1
quite_anxious,2,2,0
particularly_wide,2,2,0
particularly_weighty,2,2,0
particularly_wacky,2,1,1
particularly_visionary,2,1,1
particularly_virulent,2,2,0
quite_awake,2,2,0
particularly_valid,2,2,0
quite_best,2,2,0
particularly_usable,2,1,1
quite_bold,2,2,0
quite_bored,2,2,0
quite_bright,2,2,0
particularly_unfamiliar,2,2,0
particularly_unfair,2,0,2
particularly_uncommon,2,1,1
particularly_uncomfortable,2,2,0
particularly_unbelievable,2,0,2
particularly_trustworthy,2,2,0
peculiarly_african,2,1,1
quintessentially_russian,2,2,0
particularly_transparent,2,2,0
perfectly_black,2,2,0
perfectly_sharp,2,2,0
perfectly_satisfying,2,2,0
purely_responsive,2,2,0
about_huge,2,2,0
perfectly_righteous,2,2,0
perfectly_reliable,2,2,0
perfectly_regular,2,2,0
perfectly_reflective,2,2,0
purely_social,2,2,0
perfectly_predictable,2,2,0
perfectly_perpendicular,2,2,0
perfectly_normal,2,2,0
perfectly_honest,2,1,1
perfectly_fluent,2,2,0
perfectly_fair,2,2,0
perfectly_efficient,2,2,0
perfectly_effective,2,2,0
perfectly_easy,2,2,0
qualitatively_new,2,0,2
about_loving,2,2,0
perfectly_civilized,2,2,0
perfectly_circular,2,2,0
perfectly_certain,2,2,0
perfectly_capable,2,0,2
perfectly_calm,2,2,0
particularly_trendy,2,2,0
particularly_traditional,2,2,0
particularly_promiscuous,2,2,0
particularly_shameful,2,1,1
quite_desperate,2,2,0
particularly_sensible,2,1,1
particularly_secretive,2,0,2
particularly_scientific,2,2,0
particularly_scared,2,2,0
particularly_satisfied,2,2,0
particularly_salacious,2,0,2
particularly_russian,2,0,2
quite_dissonant,2,2,0
particularly_risky,2,1,1
particularly_righteous,2,1,1
particularly_right-wing,2,2,0
particularly_ridiculous,2,0,2
particularly_rewarding,2,2,0
particularly_responsive,2,2,0
particularly_reprehensible,2,1,1
quite_edgy,2,2,0
yet_pregnant,2,2,0
yet_possible,2,2,0
absolutely_absent,2,2,0
particularly_recognizable,2,2,0
absolutely_accurate,2,2,0
quite_entertaining,2,0,2
particularly_racial,2,2,0
particularly_prudent,2,2,0
particularly_shallow,2,1,1
particularly_short,2,2,0
particularly_thorough,2,2,0
above_mediocre,2,2,0
particularly_technological,2,0,2
quite_cold,2,2,0
particularly_tall,2,2,0
about_serious,2,2,0
particularly_symbolic,2,0,2
quite_comforting,2,1,1
particularly_sustainable,2,0,2
particularly_sunny,2,2,0
particularly_suitable,2,2,0
quite_comprehensible,2,2,0
particularly_stressful,2,1,1
quite_conceivable,2,2,0
quite_conclusive,2,2,0
particularly_squeamish,2,2,0
quite_contemporary,2,2,0
particularly_speculative,2,2,0
yet_safe,2,2,0
particularly_spacious,2,2,0
particularly_southern,2,1,1
particularly_soulful,2,1,1
particularly_solitary,2,0,2
particularly_sociable,2,2,0
quite_dark,2,2,0
particularly_sinful,2,0,2
yet_ripe,2,2,0
perfectly_stable,2,2,0
perfectly_successful,2,2,0
perfectly_true,2,2,0
previously_willing,2,2,0
primarily_dependent,2,2,0
politically_stable,2,2,0
primarily_muslim,2,2,0
primarily_political,2,2,0
politically_significant,2,1,1
probably_accurate,2,1,1
probably_better,2,1,1
politically_precious,2,2,0
politically_plausible,2,2,0
politically_partisan,2,2,0
probably_most,2,2,0
politically_involved,2,2,0
probably_other,2,0,2
politically_influential,2,2,0
politically_inclined,2,2,0
politically_fashionable,2,2,0
politically_expedient,2,2,0
politically_embarrassing,2,1,1
professionally_qualified,2,2,0
politically_courageous,2,2,0
politically_convenient,2,2,0
politically_conservative,2,2,0
profoundly_disturbing,2,2,0
politically_achievable,2,2,0
profoundly_satisfying,2,0,2
politically_successful,2,2,0
politically_toxic,2,1,1
perfectly_uniform,2,2,0
previously_visible,2,2,0
precisely_wrong,2,2,0
precisely_true,2,2,0
precisely_right,2,2,0
precisely_new,2,2,0
pretty_amazing,2,2,0
pretty_basic,2,2,0
pretty_decent,2,2,0
practically_useless,2,2,0
pretty_easy,2,1,1
pretty_expensive,2,2,0
pretty_obvious,2,1,1
potentially_relevant,2,0,2
potentially_hazardous,2,2,0
previously_apparent,2,2,0
potentially_explosive,2,1,1
potentially_devastating,2,1,1
previously_clear,2,2,0
possibly_better,2,1,1
about_appealing,2,2,0
previously_present,2,2,0
previously_uninsured,2,2,0
poorly_skilled,2,2,0
politically_useful,2,1,1
politically_unpopular,2,1,1
politically_unified,2,2,0
profoundly_spiritual,2,1,1
profoundly_thoughtful,2,2,0
plainly_visible,2,2,0
properly_able,2,2,0
philosophically_coherent,2,2,0
publicly_popular,2,2,0
personally_worried,2,2,0
purely_abstract,2,2,0
purely_aesthetic,2,2,0
purely_american,2,2,0
personally_punitive,2,2,0
personally_present,2,2,0
personally_painful,2,2,0
purely_artistic,2,2,0
purely_autobiographical,2,2,0
personally_interested,2,2,0
purely_cerebral,2,2,0
purely_classical,2,2,0
purely_commercial,2,2,0
personally_aware,2,2,0
purely_formal,2,2,0
purely_functional,2,2,0
permanently_successful,2,2,0
yet_true,2,2,0
purely_intellectual,2,2,0
perhaps_surprising,2,2,0
purely_mental,2,1,1
purely_military,2,2,0
perfectly_wonderful,2,2,0
philosophically_edifying,2,2,0
publicly_detailed,2,2,0
physically_addictive,2,2,0
physically_intimidated,2,2,0
properly_alive,2,2,0
plain_old,2,1,1
yet_visible,2,2,0
physically_visible,2,2,0
physically_uncomfortable,2,2,0
physically_talented,2,2,0
properly_qualified,2,2,0
physically_safe,2,2,0
physically_perfect,2,2,0
provably_false,2,2,0
physically_involved,2,1,1
physically_impressive,2,1,1
physically_affectionate,2,2,0
psychologically_complex,2,1,1
physically_healthy,2,2,0
psychologically_healthy,2,2,0
physically_exceptional,2,1,1
physically_dominant,2,2,0
physically_demonstrative,2,2,0
physically_demanding,2,1,1
psychologically_whole,2,2,0
physically_comfortable,2,2,0
physically_amiss,2,1,1
physically_afraid,2,2,0
particularly_prone,2,2,0
particularly_progressive,2,0,2
real_fancy,2,1,1
particularly_crisp,2,1,1
particularly_creepy,2,1,1
particularly_crafty,2,2,0
quite_unbelievable,2,2,0
particularly_contrite,2,2,0
quite_unique,2,1,1
particularly_contentious,2,1,1
particularly_constructive,2,2,0
quite_unselfish,2,2,0
particularly_concrete,2,1,1
particularly_communist,2,0,2
particularly_commercial,2,2,0
particularly_commendable,2,2,0
particularly_comedic,2,2,0
particularly_colorful,2,2,0
particularly_classy,2,2,0
particularly_classic,2,1,1
quite_wealthy,2,2,0
particularly_certain,2,1,1
quite_worthy,2,2,0
particularly_catchy,2,0,2
particularly_breathtaking,2,0,2
particularly_boring,2,2,0
particularly_bold,2,1,1
racially_diverse,2,2,0
racially_divisive,2,0,2
particularly_criminal,2,0,2
quite_threatening,2,2,0
particularly_beholden,2,2,0
particularly_cumbersome,2,1,1
particularly_disturbing,2,0,2
particularly_distressed,2,2,0
particularly_distinguishing,2,0,2
particularly_distinguished,2,2,0
particularly_disruptive,2,2,0
particularly_disrespectful,2,1,1
quite_stupid,2,2,0
particularly_direct,2,0,2
absolutely_ideal,2,2,0
particularly_devout,2,1,1
particularly_detrimental,2,2,0
particularly_desirous,2,2,0
particularly_deserving,2,2,0
particularly_descriptive,2,1,1
particularly_depressing,2,0,2
quite_surprised,2,2,0
particularly_deliberate,2,2,0
quite_talented,2,2,0
quite_tall,2,2,0
particularly_deficient,2,1,1
quite_tangible,2,1,1
quite_tasty,2,2,0
particularly_daunting,2,1,1
particularly_daring,2,1,1
yet_effective,2,2,0
particularly_beloved,2,2,0
racially_inflammatory,2,0,2
quite_expansive,2,2,0
rather_sure,2,2,0
rationally_mandatory,2,2,0
overwhelmingly_joyful,2,2,0
overwhelmingly_funny,2,2,0
overwhelmingly_difficult,2,2,0
overtly_thrilling,2,0,2
overtly_threatening,2,1,1
overtly_theatrical,2,1,1
overtly_terrible,2,0,2
overtly_supportive,2,2,0
overtly_special,2,0,2
overtly_sinister,2,0,2
yet_awake,2,2,0
real_certain,2,2,0
real_clear,2,2,0
absolutely_sacred,2,1,1
real_common,2,2,0
real_conservative,2,2,0
overtly_provocative,2,2,0
overtly_preachy,2,2,0
real_deep,2,0,2
real_different,2,2,0
real_dirty,2,1,1
real_drastic,2,2,0
overtly_nasty,2,1,1
overtly_menacing,2,1,1
rationally_acceptable,2,1,1
overwhelmingly_special,2,0,2
racially_sensitive,2,2,0
overwhelmingly_surprising,2,1,1
absolutely_positive,2,2,0
particularly_articulate,2,2,0
particularly_arousing,2,2,0
particularly_arduous,2,1,1
particularly_appreciative,2,2,0
yet_cold,2,2,0
particularly_angry,2,2,0
particularly_amiss,2,0,2
particularly_amazed,2,2,0
particularly_alluring,2,1,1
particularly_aggravating,2,1,1
particularly_african,2,0,2
particularly_affordable,2,2,0
particularly_affectionate,2,2,0
particularly_adroit,2,2,0
particularly_adaptable,2,2,0
absolutely_ready,2,2,0
particularly_accountable,2,2,0
particularly_accessible,2,2,0
particularly_abusive,2,0,2
particularly_abrasive,2,2,0
particularly_abnormal,2,0,2
rather_certain,2,2,0
painfully_awful,2,2,0
rather_simple,2,2,0
particularly_dry,2,2,0
particularly_durable,2,2,0
absolutely_happy,2,2,0
quite_innocent,2,2,0
particularly_maternal,2,2,0
particularly_materialistic,2,2,0
particularly_malicious,2,0,2
quite_keen,2,2,0
particularly_major,2,0,2
quite_lasting,2,2,0
particularly_lucky,2,1,1
particularly_loyal,2,2,0
particularly_loud,2,1,1
particularly_local,2,0,2
particularly_life-threatening,2,2,0
quite_long,2,2,0
particularly_lengthy,2,2,0
quite_lovely,2,1,1
quite_mainstream,2,2,0
quite_memorable,2,1,1
absolutely_critical,2,2,0
absolutely_crucial,2,1,1
particularly_japanese,2,0,2
quite_naked,2,2,0
particularly_intricate,2,1,1
particularly_intimidating,2,1,1
particularly_intense,2,1,1
particularly_inspirational,2,1,1
particularly_ingenious,2,0,2
particularly_menacing,2,1,1
particularly_moral,2,2,0
particularly_edgy,2,0,2
particularly_natural,2,0,2
particularly_professional,2,1,1
quite_extraordinary,2,1,1
particularly_precise,2,2,0
absolutely_amazing,2,2,0
quite_final,2,2,0
particularly_poignant,2,0,2
particularly_physical,2,1,1
particularly_personal,2,1,1
quite_frank,2,2,0
absolutely_bad,2,2,0
particularly_passionate,2,2,0
particularly_partisan,2,2,0
quite_frustrating,2,2,0
particularly_overweight,2,2,0
absolutely_better,2,2,0
particularly_orderly,2,2,0
particularly_oppressive,2,2,0
quite_high,2,2,0
quite_honest,2,1,1
particularly_objective,2,1,1
yet_operational,2,2,0
particularly_nostalgic,2,1,1
particularly_nimble,2,2,0
yet_old,2,2,0
particularly_nervous,2,2,0
particularly_inexpensive,2,2,0
particularly_indicative,2,2,0
particularly_incredible,2,0,2
particularly_inconsistent,2,0,2
particularly_forgiving,2,2,0
quite_representative,2,2,0
quite_respectable,2,2,0
particularly_foolproof,2,2,0
particularly_flavorful,2,2,0
particularly_firm,2,2,0
particularly_favourable,2,2,0
particularly_fantastical,2,1,1
absolutely_flat,2,2,0
particularly_fanciful,2,1,1
absolutely_forbidden,2,2,0
particularly_exemplary,2,1,1
particularly_excruciating,2,2,0
particularly_exact,2,1,1
particularly_ethical,2,1,1
quite_serious,2,2,0
particularly_enthused,2,2,0
particularly_engrossing,2,2,0
quite_silent,2,2,0
quite_smooth,2,1,1
particularly_emotive,2,2,0
particularly_elaborate,2,0,2
quite_sovereign,2,2,0
yet_extinct,2,2,0
quite_specific,2,2,0
particularly_formal,2,1,1
particularly_formidable,2,1,1
particularly_fragile,2,2,0
absolutely_equal,2,2,0
quite_overcome,2,2,0
particularly_illuminating,2,1,1
quite_passionate,2,2,0
absolutely_effective,2,2,0
particularly_hot,2,1,1
quite_plausible,2,2,0
particularly_hopeful,2,1,1
quite_pleased,2,2,0
particularly_historic,2,0,2
particularly_hilarious,2,1,1
absolutely_empty,2,1,1
particularly_heinous,2,1,1
particularly_free,2,1,1
particularly_hateful,2,0,2
particularly_hardcore,2,2,0
particularly_grandiose,2,1,1
particularly_graceful,2,1,1
quite_public,2,2,0
absolutely_extraordinary,2,0,2
quite_reachable,2,2,0
particularly_girly,2,2,0
particularly_germane,2,2,0
particularly_gay,2,2,0
particularly_fundamental,2,0,2
religiously_neutral,2,2,0
normally_shy,2,1,1
non_permanent,2,2,0
wholly_able,2,2,0
more_lucky,2,2,0
more_low-tech,2,0,2
more_low-key,2,2,0
well_underway,2,2,0
again_accessible,2,2,0
so_aloof,2,2,0
more_long,2,2,0
again_available,2,2,0
so_ambiguous,2,1,1
so_amenable,2,2,0
more_liquid,2,1,1
more_lighthearted,2,2,0
so_amused,2,1,1
so_anemic,2,2,0
well_qualified,2,2,0
so_annoyed,2,2,0
so_anonymous,2,2,0
more_laid,2,1,1
so_apathetic,2,1,1
so_appalled,2,2,0
more_kid-friendly,2,2,0
more_juvenile,2,0,2
again_conceivable,2,2,0
well_other,2,0,2
again_cool,2,2,0
aesthetically_stunning,2,2,0
so_akin,2,1,1
more_jolly,2,1,1
aesthetically_appealing,2,1,1
more_mystifying,2,1,1
more_mute,2,1,1
more_multifaceted,2,2,0
more_more,2,0,2
more_missing,2,2,0
wholly_american,2,2,0
so_adept,2,2,0
more_mindless,2,1,1
so_admirable,2,1,1
more_militaristic,2,0,2
more_mighty,2,1,1
more_mexican,2,1,1
so_affectionate,2,2,0
more_meritorious,2,1,1
more_mercurial,2,1,1
more_merciless,2,2,0
adorably_lovely,2,2,0
more_mediocre,2,1,1
more_medieval,2,1,1
more_medical,2,0,2
so_agile,2,2,0
more_massive,2,0,2
so_agonizing,2,1,1
more_manageable,2,2,0
more_malleable,2,2,0
so_appetizing,2,1,1
so_applicable,2,1,1
more_heterogeneous,2,2,0
so_austere,2,2,0
more_implausible,2,2,0
more_impervious,2,1,1
more_impersonal,2,0,2
again_satisfied,2,2,0
again_separate,2,2,0
more_immutable,2,2,0
more_imaginary,2,0,2
more_imaginable,2,1,1
so_awe,2,1,1
more_illicit,2,0,2
more_illegitimate,2,2,0
so_awestruck,2,2,0
vocally_talented,2,2,0
more_hyperbolic,2,0,2
again_substantial,2,2,0
more_hydrated,2,2,0
more_huge,2,2,0
so_banal,2,0,2
so_barbaric,2,2,0
more_horrendous,2,0,2
more_horny,2,2,0
so_bare,2,2,0
so_bearish,2,2,0
more_homeless,2,2,0
more_hollow,2,2,0
so_authoritative,2,2,0
more_incompatible,2,2,0
well_off,2,2,0
more_incomprehensible,2,1,1
more_irritable,2,0,2
more_irreverent,2,2,0
again_enough,2,2,0
more_irate,2,2,0
so_arbitrary,2,1,1
more_invincible,2,1,1
again_free,2,2,0
more_invaluable,2,0,2
so_arcane,2,0,2
so_ardent,2,1,1
more_intentional,2,2,0
again_healthy,2,2,0
more_intelligible,2,2,0
more_integrated,2,2,0
so_arid,2,1,1
more_insubstantial,2,1,1
more_instantaneous,2,1,1
more_insincere,2,1,1
so_artificial,2,0,2
more_inhuman,2,1,1
more_infallible,2,2,0
more_industrial,2,2,0
so_attuned,2,2,0
more_incumbent,2,1,1
more_inconsequential,2,1,1
more_mythic,2,2,0
more_narcissistic,2,0,2
wholly_authoritarian,2,2,0
more_reflective,2,2,0
more_recognisable,2,2,0
wholly_federal,2,2,0
more_reactionary,2,1,1
more_quiet,2,2,0
more_quaint,2,2,0
more_punitive,2,2,0
wholly_fair,2,2,0
more_psyched,2,2,0
actually_silent,2,2,0
more_proprietary,2,2,0
actually_slow,2,2,0
more_prompt,2,1,1
more_prohibitive,2,1,1
more_profane,2,0,2
actually_special,2,2,0
slightly_dodgy,2,1,1
more_pro-life,2,1,1
more_primary,2,2,0
more_prickly,2,2,0
actually_standard,2,0,2
actually_static,2,2,0
more_pregnant,2,0,2
more_preferable,2,1,1
more_predictive,2,2,0
more_predatory,2,0,2
more_refined,2,1,1
actually_riveting,2,1,1
so_abysmal,2,2,0
actually_revolutionary,2,2,0
more_sensuous,2,0,2
more_senior,2,1,1
more_self-critical,2,1,1
more_seasonal,2,0,2
more_scrumptious,2,1,1
more_sci-fi,2,1,1
more_scenic,2,1,1
more_scarce,2,2,0
more_savvy,2,2,0
actually_private,2,2,0
more_sarcastic,2,2,0
more_sanguine,2,2,0
actually_profitable,2,2,0
actually_qualified,2,2,0
more_rough,2,2,0
actually_quiet,2,2,0
wholly_human,2,2,0
more_risk-free,2,1,1
actually_reliable,2,2,0
more_responsive,2,2,0
more_resourceful,2,2,0
more_resentful,2,2,0
more_repressive,2,0,2
more_replaceable,2,2,0
actually_retrograde,2,2,0
actually_subject,2,2,0
more_posh,2,1,1
wholly_destitute,2,1,1
more_polarized,2,2,0
actually_weird,2,2,0
more_optimal,2,1,1
more_opinionated,2,0,2
wholly_clean,2,2,0
actually_willing,2,1,1
more_omnipresent,2,2,0
more_old-fashioned,2,1,1
more_offbeat,2,1,1
actually_worse,2,2,0
more_obtrusive,2,2,0
more_observant,2,2,0
slightly_true,2,2,0
more_obligated,2,1,1
slightly_unusual,2,1,1
more_nuclear,2,2,0
slightly_upset,2,2,0
wholly_black,2,2,0
wholly_barren,2,2,0
more_nonsensical,2,2,0
more_nimble,2,1,1
more_nightmarish,2,1,1
more_neurotic,2,2,0
so_absent,2,1,1
more_negligible,2,2,0
more_needy,2,2,0
more_optional,2,2,0
more_orange,2,2,0
more_ornate,2,2,0
actually_unexpected,2,1,1
more_pointed,2,2,0
wholly_dependent,2,2,0
more_plush,2,1,1
actually_thrilling,2,2,0
actually_transparent,2,2,0
actually_ugly,2,2,0
wholly_dead,2,2,0
more_photogenic,2,1,1
more_phony,2,1,1
more_phenomenal,2,1,1
wholly_credible,2,2,0
wholly_correct,2,2,0
more_orthodox,2,0,2
more_perplexed,2,2,0
actually_upset,2,2,0
more_partial,2,2,0
more_parochial,2,1,1
slightly_reminiscent,2,0,2
more_painless,2,2,0
more_overweight,2,2,0
more_overpowering,2,1,1
more_overdone,2,2,0
wholly_coherent,2,2,0
more_outdated,2,1,1
more_high-profile,2,1,1
more_hellish,2,1,1
non_local,2,0,2
all_worried,2,2,0
very_uncommon,2,0,2
more_cerebral,2,1,1
very_truthful,2,2,0
more_cautious,2,2,0
almost_certain,2,2,0
more_cartoonish,2,1,1
more_callous,2,1,1
more_bummed,2,2,0
more_broken,2,2,0
so_considerable,2,1,1
more_bogus,2,2,0
more_blind,2,0,2
more_blasphemous,2,1,1
more_bipartisan,2,2,0
more_biblical,2,1,1
more_bewildered,2,2,0
more_bereft,2,2,0
more_balanced,2,2,0
so_convoluted,2,1,1
very_thrilled,2,2,0
so_cooperative,2,2,0
more_average,2,2,0
almost_taboo,2,2,0
so_corrosive,2,1,1
more_austere,2,2,0
all_young,2,2,0
so_condescending,2,2,0
more_atmospheric,2,1,1
so_concrete,2,1,1
all_rosy,2,2,0
more_coveted,2,2,0
very_vigorous,2,2,0
all_similar,2,2,0
more_cooler,2,1,1
all_simple,2,2,0
very_viable,2,2,0
more_conventional,2,2,0
very_vague,2,0,2
more_contented,2,2,0
so_comedic,2,2,0
all_sure,2,2,0
more_congruent,2,1,1
very_uplifting,2,1,1
more_conductive,2,1,1
more_comprehensible,2,1,1
all_true,2,2,0
so_commercial,2,1,1
very_unlikely,2,2,0
more_coarse,2,1,1
more_cluttered,2,1,1
more_cloying,2,0,2
more_cloudy,2,2,0
all_wet,2,1,1
more_civilised,2,1,1
more_atrocious,2,1,1
so_cosmic,2,1,1
so_bewildering,2,1,1
more_adaptable,2,1,1
so_dainty,2,1,1
more_acrimonious,2,2,0
so_damned,2,2,0
more_accustomed,2,2,0
more_accommodative,2,2,0
more_academic,2,2,0
also_different,2,2,0
more_abstract,2,2,0
more_absent,2,2,0
morally_uplifting,2,2,0
so_dazzling,2,2,0
very_stressful,2,1,1
morally_simple,2,2,0
so_deceptive,2,1,1
so_defenseless,2,2,0
morally_reasonable,2,2,0
so_deferential,2,2,0
so_dejected,2,1,1
morally_justified,2,2,0
so_demanding,2,2,0
so_demonstrative,2,2,0
morally_equivalent,2,2,0
morally_deficient,2,2,0
morally_correct,2,2,0
so_descriptive,2,2,0
more_actual,2,1,1
more_addicted,2,2,0
so_cost-effective,2,2,0
also_broad,2,2,0
so_cosy,2,1,1
more_arresting,2,1,1
more_arcane,2,0,2
alone_likely,2,1,1
alone_long,2,2,0
more_apologetic,2,2,0
more_apocalyptic,2,0,2
more_anti-social,2,1,1
more_answerable,2,2,0
so_crisp,2,2,0
more_amused,2,2,0
very_systematic,2,1,1
more_amiable,2,2,0
more_amenable,2,2,0
already_aware,2,2,0
more_amateurish,2,2,0
more_alternative,2,1,1
so_cumbersome,2,1,1
very_sustainable,2,2,0
very_suspicious,2,0,2
more_aesthetic,2,1,1
so_customizable,2,2,0
more_advisable,2,2,0
more_adverse,2,2,0
also_available,2,2,0
all_remarkable,2,0,2
so_cliched,2,1,1
more_cultural,2,1,1
more_fluent,2,2,0
more_first,2,2,0
visually_different,2,1,1
more_feral,2,2,0
all_blue,2,2,0
all_comfortable,2,1,1
all_comforting,2,2,0
visually_boring,2,2,0
more_eye-popping,2,1,1
all_consuming,2,2,0
more_expedient,2,2,0
more_exhaustive,2,1,1
more_excitable,2,1,1
more_exact,2,1,1
more_ethical,2,1,1
more_ethereal,2,2,0
more_eternal,2,2,0
so_bummed,2,2,0
more_erratic,2,2,0
all_encompassing,2,2,0
so_buttery,2,1,1
more_enriching,2,1,1
more_enormous,2,1,1
all_equal,2,2,0
more_energized,2,2,0
more_endless,2,2,0
more_flammable,2,2,0
more_fond,2,2,0
very_vital,2,1,1
more_foolhardy,2,2,0
more_grim,2,2,0
more_greedy,2,1,1
more_greater,2,2,0
more_great,2,1,1
more_grave,2,2,0
visually_striking,2,2,0
visually_spectacular,2,1,1
visually_satisfying,2,2,0
aggressively_violent,2,1,1
more_globalized,2,2,0
more_gifted,2,2,0
visually_obvious,2,0,2
visually_misleading,2,0,2
more_gaudy,2,2,0
more_funky,2,2,0
so_bloodless,2,2,0
all_alike,2,2,0
more_freaky,2,0,2
more_fraudulent,2,1,1
more_fragrant,2,1,1
so_blurry,2,2,0
visually_exciting,2,0,2
more_foreseeable,2,1,1
visually_dynamic,2,2,0
more_foolproof,2,1,1
so_calming,2,0,2
all_fat,2,2,0
visibly_distraught,2,1,1
visibly_different,2,1,1
more_disciplined,2,2,0
all_local,2,2,0
viciously_alluring,2,2,0
more_disadvantaged,2,2,0
very_worthwhile,2,2,0
so_cheeky,2,1,1
all_negative,2,2,0
more_desirous,2,2,0
very_widespread,2,2,0
more_derogatory,2,1,1
so_choosy,2,2,0
very_white,2,2,0
so_cinematic,2,1,1
very_weird,2,2,0
so_circumspect,2,2,0
all_pervasive,2,2,0
more_deferential,2,2,0
more_defenseless,2,1,1
all_pleasant,2,2,0
all_popular,2,2,0
all_present,2,2,0
very_vulnerable,2,2,0
more_customizable,2,1,1
more_customary,2,2,0
more_custom,2,1,1
more_discouraged,2,2,0
more_discriminatory,2,2,0
more_disenchanted,2,2,0
so_cathartic,2,0,2
more_elementary,2,1,1
more_electable,2,2,0
more_elated,2,2,0
visibly_armed,2,2,0
all_grateful,2,2,0
more_dystopian,2,2,0
all_helpful,2,2,0
more_dumbfounded,2,2,0
viscerally_exciting,2,2,0
all_horrible,2,1,1
all_hot,2,2,0
more_downbeat,2,2,0
more_disillusioned,2,2,0
more_dovish,2,2,0
all_human,2,2,0
more_double,2,2,0
more_dope,2,2,0
more_docile,2,2,0
virtually_impossible,2,2,0
all_irrelevant,2,2,0
more_disposable,2,2,0
more_dismissive,2,1,1
so_charitable,2,2,0
more_disjointed,2,2,0
more_separate,2,2,0
more_serendipitous,2,2,0
more_shabby,2,2,0
n't_related,2,2,0
remotely_redeemable,2,0,2
n't_pleasant,2,2,0
n't_ours,2,2,0
n't_okay,2,2,0
n't_natural,2,2,0
n't_much,2,2,0
remotely_rude,2,1,1
remotely_safe,2,2,0
remotely_sane,2,0,2
n't_helpful,2,2,0
n't_great,2,2,0
n't_fun,2,2,0
remotely_sensible,2,1,1
n't_dead,2,2,0
remotely_simple,2,1,1
n't_boring,2,2,0
n't_binary,2,2,0
remotely_sinister,2,0,2
n't_awesome,2,2,0
n't_appropriate,2,2,0
n't_afraid,2,2,0
n't_acceptable,2,2,0
wholly_western,2,2,0
musically_sophisticated,2,2,0
remotely_strenuous,2,0,2
n't_ready,2,2,0
n't_responsible,2,2,0
remotely_sweet,2,0,2
remotely_rational,2,1,1
remotely_mystical,2,0,2
remotely_naive,2,0,2
remotely_necessary,2,1,1
near_good,2,2,0
actually_criminal,2,1,1
near_close,2,2,0
remotely_nostalgic,2,0,2
naturally_smooth,2,2,0
remotely_obscene,2,0,2
naturally_perfect,2,2,0
remotely_okay,2,1,1
naturally_inclined,2,2,0
remotely_perfect,2,2,0
remotely_perfunctory,2,1,1
narrowly_focused,2,2,0
nakedly_apparent,2,2,0
n't_worried,2,2,0
remotely_populist,2,0,2
remotely_pornographic,2,0,2
remotely_positive,2,1,1
actually_cruel,2,2,0
remotely_powerful,2,1,1
remotely_productive,2,0,2
remotely_racial,2,0,2
n't_scary,2,2,0
remotely_strong,2,0,2
much_worthy,2,1,1
more_shadowy,2,2,0
remotely_worthy,2,2,0
much_mysterious,2,0,2
much_momentous,2,2,0
much_lighter,2,2,0
reportedly_serious,2,2,0
reportedly_willing,2,2,0
resolutely_male,2,2,0
much_hot,2,2,0
much_heavier,2,1,1
ridiculously_cheap,2,2,0
actually_discriminatory,2,2,0
ridiculously_fun,2,2,0
much_excited,2,2,0
much_exceptional,2,1,1
much_eventful,2,0,2
much_economic,2,2,0
much_dynamic,2,0,2
much_difficult,2,1,1
rigidly_hierarchical,2,2,0
much_convenient,2,2,0
actually_drunk,2,2,0
much_clearer,2,2,0
much_caring,2,1,1
much_available,2,1,1
scientifically_impossible,2,0,2
scientifically_literate,2,2,0
actually_detailed,2,2,0
much_nice,2,0,2
much_worthwhile,2,0,2
much_nicer,2,1,1
wholly_visible,2,2,0
much_wiser,2,2,0
remotely_sympathetic,2,2,0
remotely_tentative,2,0,2
much_valuable,2,1,1
remotely_thick,2,1,1
much_thrilling,2,0,2
much_sweeter,2,2,0
much_superior,2,2,0
remotely_unconstitutional,2,0,2
much_slow,2,1,1
much_shorter,2,1,1
much_sharper,2,2,0
much_revolutionary,2,0,2
much_remarkable,2,0,2
much_quicker,2,2,0
remotely_usable,2,2,0
much_prettier,2,1,1
much_practical,2,2,0
much_positive,2,1,1
much_pleased,2,2,0
remotely_weird,2,0,2
much_original,2,0,2
remotely_witty,2,1,1
much_open,2,0,2
remotely_magical,2,0,2
nearly_ready,2,2,0
remotely_libertarian,2,1,1
remotely_catholic,2,0,2
necessarily_welcome,2,2,0
necessarily_valid,2,2,0
necessarily_unwelcome,2,2,0
remotely_clever,2,0,2
necessarily_unreasonable,2,1,1
remotely_communist,2,1,1
necessarily_unethical,2,0,2
necessarily_undesirable,2,1,1
remotely_compatible,2,1,1
necessarily_trustworthy,2,2,0
remotely_concerned,2,2,0
necessarily_synonymous,2,2,0
necessarily_sure,2,2,0
remotely_contemporary,2,0,2
necessarily_supernatural,2,0,2
necessarily_special,2,0,2
necessarily_simple,2,2,0
remotely_correct,2,1,1
remotely_criminal,2,0,2
remotely_critical,2,0,2
necessarily_scary,2,1,1
remotely_crunchy,2,0,2
necessarily_safer,2,2,0
necessarily_rural,2,2,0
necessarily_revolutionary,2,2,0
needlessly_complicated,2,2,0
remotely_campy,2,0,2
remotely_legal,2,2,0
remotely_biblical,2,1,1
nominally_christian,2,2,0
remarkably_successful,2,1,1
remotely_academic,2,0,2
never_violent,2,2,0
never_sad,2,2,0
never_ready,2,2,0
remotely_analogous,2,0,2
never_ok,2,2,0
never_necessary,2,2,0
never_more,2,2,0
never_less,2,2,0
remotely_apparent,2,2,0
remotely_applicable,2,2,0
remotely_articulate,2,1,1
remotely_artistic,2,1,1
never_happy,2,2,0
never_final,2,2,0
never_faint,2,2,0
never_equal,2,2,0
never_dull,2,2,0
remotely_aware,2,1,1
never_complete,2,2,0
never_clear,2,2,0
actually_confusing,2,2,0
remotely_beneficial,2,0,2
remotely_daring,2,0,2
necessarily_representative,2,2,0
necessarily_remarkable,2,0,2
necessarily_reflective,2,2,0
remotely_gratuitous,2,2,0
remotely_habitable,2,2,0
necessarily_evil,2,2,0
remotely_heroic,2,0,2
remotely_hip,2,0,2
necessarily_dominant,2,2,0
necessarily_discernible,2,2,0
necessarily_disastrous,2,2,0
necessarily_difficult,2,2,0
necessarily_dependent,2,2,0
remotely_humane,2,0,2
remotely_humanitarian,2,0,2
necessarily_contradictory,2,0,2
necessarily_cheaper,2,2,0
necessarily_cause,2,2,0
remotely_impressive,2,1,1
remotely_inconsistent,2,1,1
necessarily_beneficial,2,2,0
remotely_intellectual,2,0,2
actually_credible,2,1,1
remotely_involved,2,2,0
remotely_japanese,2,1,1
remotely_jolly,2,0,2
necessarily_actual,2,2,0
necessarily_able,2,2,0
necessarily_friendly,2,2,0
necessarily_fun,2,2,0
necessarily_guilty,2,2,0
remotely_exceptional,2,0,2
necessarily_real,2,2,0
necessarily_ready,2,2,0
remotely_definitive,2,1,1
necessarily_progressive,2,1,1
necessarily_present,2,2,0
necessarily_positive,2,2,0
remotely_dry,2,1,1
remotely_edible,2,0,2
necessarily_obvious,2,2,0
necessarily_negative,2,2,0
remotely_esoteric,2,0,2
necessarily_irrational,2,0,2
remotely_gay,2,0,2
necessarily_interesting,2,2,0
remotely_exotic,2,0,2
necessarily_insidious,2,0,2
remotely_fantastical,2,0,2
necessarily_impressive,2,1,1
remotely_fashionable,2,1,1
necessarily_immoral,2,1,1
remotely_flashy,2,0,2
necessarily_horrible,2,2,0
necessarily_healthy,2,2,0
necessarily_healthier,2,0,2
scientifically_precise,2,0,2
most_worried,2,2,0
most_vulnerable,2,1,1
more_unsound,2,2,0
more_unseemly,2,0,2
more_unsavory,2,1,1
more_unsafe,2,1,1
simply_brown,2,2,0
simply_concerned,2,2,0
actually_ill,2,2,0
more_unprecedented,2,1,1
more_unnecessary,2,2,0
more_unlucky,2,2,0
more_unkind,2,1,1
more_uninspiring,2,1,1
simply_ethereal,2,2,0
more_ungrateful,2,1,1
more_unfounded,2,2,0
wholly_representative,2,2,0
more_unforgivable,2,1,1
more_unforeseen,2,2,0
more_undesirable,2,1,1
more_underappreciated,2,1,1
simply_good,2,2,0
more_unconvincing,2,0,2
more_unconscious,2,2,0
more_unclear,2,2,0
simply_human,2,2,0
more_unacceptable,2,1,1
wholly_safe,2,2,0
simply_better,2,2,0
more_yummy,2,1,1
more_unsuitable,2,0,2
actually_factual,2,1,1
more_worst,2,1,1
more_worse,2,0,2
more_wistful,2,1,1
wholly_solid,2,2,0
wholly_sober,2,2,0
actually_german,2,2,0
more_viral,2,2,0
actually_graphic,2,0,2
more_vintage,2,0,2
more_vindictive,2,0,2
more_villainous,2,2,0
more_vigilant,2,1,1
wholly_silent,2,2,0
more_venerable,2,1,1
more_valiant,2,1,1
more_utopian,2,2,0
wholly_secure,2,2,0
simply_able,2,2,0
actually_high,2,2,0
more_urban,2,2,0
more_unworthy,2,1,1
more_unwelcome,2,2,0
more_unwarranted,2,2,0
more_unsung,2,2,0
more_tyrannical,2,1,1
more_twisted,2,1,1
more_trite,2,2,0
more_touted,2,2,0
more_steamy,2,1,1
more_steadfast,2,2,0
more_stately,2,1,1
simply_utilitarian,2,2,0
more_spot-on,2,2,0
more_spicy,2,1,1
simply_wrong,2,2,0
actually_official,2,1,1
actually_okay,2,2,0
more_sound,2,2,0
more_sorrowful,2,0,2
actually_original,2,1,1
more_smooth,2,2,0
more_smelly,2,1,1
more_smart,2,2,0
more_slow,2,1,1
simultaneously_rewarding,2,2,0
more_sizable,2,2,0
more_single,2,2,0
sincerely_interested,2,2,0
more_showy,2,1,1
more_shortsighted,2,1,1
actually_paradoxical,2,2,0
more_shiny,2,1,1
more_sharp,2,1,1
more_sterile,2,0,2
more_straight,2,2,0
actually_nude,2,2,0
more_tasteful,2,1,1
more_tortured,2,2,0
more_torture,2,2,0
wholly_private,2,2,0
wholly_positive,2,2,0
actually_legit,2,2,0
actually_less,2,0,2
wholly_pleased,2,2,0
more_thematic,2,2,0
wholly_ours,2,2,0
simply_present,2,2,0
actually_loyal,2,2,0
more_targeted,2,1,1
simply_synonymous,2,2,0
wholly_other,2,2,0
actually_mad,2,2,0
simply_satisfied,2,2,0
more_suspenseful,2,2,0
more_superfluous,2,1,1
more_superb,2,1,1
more_sumptuous,2,1,1
more_suburban,2,0,2
actually_native,2,2,0
more_subservient,2,1,1
more_stressed,2,2,0
wholly_sufficient,2,2,0
most_academic,2,2,0
most_versatile,2,2,0
most_predictable,2,2,0
seriously_damaging,2,2,0
most_positive,2,1,1
most_populous,2,2,0
less_hot,2,1,1
most_palatable,2,2,0
most_optimistic,2,2,0
seriously_injured,2,2,0
most_onerous,2,2,0
most_offensive,2,2,0
seriously_innovative,2,0,2
most_observant,2,2,0
most_numerous,2,2,0
seriously_new,2,0,2
most_necessary,2,2,0
most_natural,2,2,0
seriously_objectionable,2,0,2
most_modern,2,2,0
seriously_overweight,2,2,0
most_meaningful,2,2,0
seriously_serious,2,1,1
seriously_worried,2,2,0
most_lucid,2,2,0
most_liberal,2,2,0
most_lavish,2,2,0
most_knowledgeable,2,2,0
wholly_unexpected,2,2,0
most_prevalent,2,2,0
most_accessible,2,2,0
seriously_competitive,2,2,0
second_necessary,2,2,0
most_trendy,2,2,0
most_transparent,2,2,0
most_terrible,2,1,1
most_technical,2,2,0
most_talkative,2,2,0
most_sustainable,2,2,0
most_supportive,2,2,0
most_suitable,2,2,0
most_spectacular,2,2,0
most_special,2,2,0
most_sophisticated,2,2,0
most_scenic,2,2,0
most_satisfying,2,2,0
most_responsible,2,2,0
most_remarkable,2,2,0
most_religious,2,2,0
most_relaxing,2,2,0
self_indulgent,2,2,0
most_quotable,2,2,0
most_qualified,2,2,0
most_pure,2,1,1
seriously_afraid,2,2,0
seriously_bad,2,0,2
seriously_challenging,2,2,0
most_innocent,2,1,1
sexually_abusive,2,2,0
wholly_sympathetic,2,2,0
sexually_appealing,2,0,2
most_cynical,2,1,1
most_credible,2,2,0
most_cost-efficient,2,2,0
significantly_easier,2,2,0
most_conventional,2,2,0
most_controversial,2,2,0
most_conservative,2,2,0
most_confident,2,2,0
most_conducive,2,2,0
most_concise,2,2,0
most_competitive,2,2,0
most_clever,2,2,0
most_charismatic,2,2,0
significantly_ill,2,2,0
significantly_important,2,2,0
most_brilliant,2,1,1
significantly_more,2,0,2
most_basic,2,1,1
most_appropriate,2,1,1
significantly_successful,2,2,0
significantly_superior,2,1,1
significantly_unique,2,0,2
most_agile,2,2,0
most_advanced,2,2,0
most_adept,2,2,0
significantly_concerned,2,1,1
most_daunting,2,2,0
significantly_cheaper,2,2,0
sexually_mature,2,2,0
most_imaginative,2,2,0
most_ignorant,2,0,2
sexually_arousing,2,1,1
most_horrible,2,2,0
sexually_attractive,2,1,1
most_gifted,2,2,0
most_generous,2,2,0
most_friendly,2,2,0
most_formidable,2,2,0
most_flexible,2,2,0
most_feminine,2,2,0
sexually_open,2,2,0
sickeningly_sweet,2,0,2
most_extreme,2,1,1
sexually_promiscuous,2,1,1
sexually_related,2,1,1
actually_evil,2,1,1
most_excellent,2,2,0
most_enduring,2,2,0
shockingly_cold,2,2,0
actually_excited,2,2,0
most_edifying,2,2,0
shockingly_new,2,1,1
most_direct,2,2,0
seriously_endangered,2,2,0
so_sketchy,2,0,2
so_pushy,2,2,0
as_campy,2,2,0
completely_pointless,2,2,0
that_dominant,2,2,0
that_drunk,2,2,0
that_eager,2,2,0
truly_merciful,2,2,0
completely_productive,2,2,0
extremely_concerned,2,2,0
extremely_complex,2,0,2
completely_public,2,2,0
extremely_clear,2,2,0
truly_masculine,2,2,0
extremely_disappointing,2,1,1
that_enjoyable,2,2,0
completely_reliant,2,2,0
completely_representative,2,2,0
extraordinarily_wrong,2,0,2
extraordinarily_wealthy,2,2,0
completely_resistant,2,2,0
truly_magical,2,1,1
that_famous,2,2,0
extraordinarily_new,2,0,2
extraordinarily_intelligent,2,2,0
extremely_detailed,2,0,2
that_disruptive,2,2,0
that_flattering,2,2,0
that_crucial,2,2,0
that_convincing,2,2,0
extremely_loud,2,1,1
extremely_long,2,2,0
completely_opaque,2,2,0
that_crass,2,2,0
extremely_liberal,2,2,0
that_creative,2,2,0
completely_open-minded,2,2,0
extremely_interesting,2,0,2
that_critical,2,2,0
extremely_impressive,2,1,1
that_disrespectful,2,2,0
extremely_horrible,2,0,2
extremely_heavy,2,0,2
completely_out,2,2,0
completely_outstanding,2,0,2
that_detailed,2,2,0
completely_pain-free,2,2,0
extremely_enthusiastic,2,2,0
very_miraculous,2,0,2
extremely_easy,2,2,0
extremely_dry,2,2,0
truly_literate,2,2,0
extraordinarily_fancy,2,0,2
completely_universal,2,2,0
that_judgmental,2,2,0
that_independent,2,2,0
explicitly_illegal,2,1,1
truly_inspiring,2,1,1
completely_tidy,2,2,0
any_farther,2,2,0
completely_unaffected,2,1,1
truly_inevitable,2,2,0
truly_indian,2,2,0
truly_indestructible,2,2,0
as_bubbly,2,2,0
completely_undone,2,2,0
explicitly_jewish,2,0,2
completely_unexpected,2,2,0
that_logical,2,2,0
that_long,2,2,0
completely_unfounded,2,2,0
truly_impressive,2,1,1
that_loyal,2,2,0
very_maternal,2,2,0
exclusively_ours,2,2,0
completely_uninteresting,2,1,1
exclusively_modern,2,2,0
completely_symmetrical,2,2,0
completely_surprising,2,2,0
as_callous,2,1,1
that_harsh,2,2,0
extraordinarily_efficient,2,2,0
that_free,2,2,0
completely_selfless,2,2,0
that_frightening,2,2,0
completely_sharp,2,2,0
extra_irritating,2,1,1
extra_influential,2,2,0
very_meticulous,2,2,0
extra_comfortable,2,2,0
that_gullible,2,2,0
that_healthy,2,2,0
that_ill,2,2,0
completely_simple,2,2,0
truly_joyful,2,2,0
explosively_controversial,2,0,2
explicitly_violent,2,0,2
completely_sober,2,2,0
any_deeper,2,1,1
completely_spontaneous,2,2,0
truly_international,2,2,0
that_ideal,2,2,0
completely_surprised,2,2,0
extremely_negative,2,1,1
that_convenient,2,2,0
truly_negative,2,1,1
far_out,2,2,0
terribly_troubling,2,1,1
terribly_unbalanced,2,2,0
truly_practical,2,2,0
completely_green,2,2,0
completely_grey,2,2,0
very_narrow,2,2,0
very_naked,2,2,0
farther_east,2,2,0
completely_harmless,2,2,0
far_preferable,2,2,0
far_higher,2,2,0
fiercely_partisan,2,2,0
far_greater,2,2,0
very_mystical,2,0,2
far_east,2,2,0
completely_homogeneous,2,2,0
completely_ideal,2,2,0
terribly_violent,2,1,1
completely_identical,2,2,0
completely_ignorant,2,2,0
truly_peaceful,2,2,0
truly_patriotic,2,2,0
fiercely_independent,2,2,0
fiercely_urgent,2,1,1
extremely_noticeable,2,1,1
completely_extinct,2,2,0
terribly_sinister,2,0,2
terribly_smart,2,2,0
financially_possible,2,2,0
completely_effortless,2,2,0
terribly_social,2,2,0
terribly_sophisticated,2,0,2
completely_enjoyable,2,2,0
terribly_specific,2,1,1
financially_extravagant,2,2,0
as_celebratory,2,2,0
terribly_strenuous,2,2,0
completely_foreign,2,2,0
financially_comfortable,2,2,0
financially_catastrophic,2,2,0
truly_public,2,2,0
terribly_substantial,2,0,2
truly_proud,2,2,0
truly_profound,2,0,2
finally_ready,2,2,0
completely_flawless,2,2,0
truly_productive,2,0,2
completely_foolproof,2,1,1
far_able,2,1,1
completely_inaccessible,2,2,0
truly_passive,2,1,1
that_common,2,2,0
truly_noteworthy,2,1,1
completely_mobile,2,2,0
extremely_sincere,2,2,0
completely_moral,2,2,0
that_clear-cut,2,2,0
completely_naive,2,2,0
very_momentous,2,0,2
extremely_rewarding,2,2,0
extremely_revolutionary,2,0,2
completely_natural,2,2,0
completely_negative,2,2,0
terrifically_original,2,2,0
that_compelling,2,2,0
extremely_productive,2,2,0
extremely_powerful,2,2,0
completely_negligible,2,0,2
very_faithful,2,2,0
extremely_partisan,2,1,1
that_confused,2,2,0
completely_nude,2,2,0
extremely_original,2,0,2
extremely_offensive,2,1,1
extremely_soft,2,2,0
truly_objectionable,2,0,2
that_challenging,2,1,1
completely_linear,2,2,0
falsely_humble,2,2,0
completely_inert,2,2,0
truly_over,2,2,0
completely_innocuous,2,2,0
completely_insane,2,0,2
faintly_surprised,2,2,0
that_appealing,2,2,0
that_assertive,2,2,0
that_atrocious,2,2,0
faintly_interested,2,2,0
completely_irrational,2,2,0
completely_irresistible,2,2,0
truly_operational,2,2,0
extremely_wrong,2,0,2
that_bizarre,2,1,1
that_boring,2,2,0
extremely_unusual,2,1,1
that_brave,2,2,0
extremely_unlikely,2,2,0
extremely_unfortunate,2,2,0
that_bullish,2,2,0
that_many,2,2,0
any_grander,2,1,1
exactly_appropriate,2,2,0
truly_comparable,2,0,2
then_flawless,2,1,1
exactly_private,2,2,0
truly_creepy,2,2,0
exactly_peaceful,2,2,0
then_outstanding,2,0,2
exactly_original,2,2,0
exactly_noteworthy,2,2,0
creatively_problematic,2,2,0
exactly_necessary,2,2,0
creatively_unsettling,2,0,2
truly_common,2,2,0
exactly_prolific,2,2,0
criminally_insane,2,2,0
then_stellar,2,0,2
truly_committed,2,2,0
truly_cold,2,2,0
critically_acclaimed,2,2,0
critically_endangered,2,2,0
critically_successful,2,2,0
truly_challenging,2,2,0
exactly_immune,2,2,0
truly_british,2,2,0
truly_critical,2,1,1
conventionally_pretty,2,1,1
exactly_heroic,2,2,0
thematically_new,2,1,1
conspicuously_wrong,2,1,1
constantly_aware,2,2,0
that_warm,2,2,0
that_weird,2,2,0
exactly_stunning,2,2,0
exactly_stable,2,2,0
exactly_spectacular,2,2,0
exactly_special,2,0,2
truly_dynamic,2,0,2
truly_dull,2,2,0
exactly_sexy,2,1,1
truly_deep,2,2,0
constitutionally_objectionable,2,0,2
exactly_secret,2,2,0
then_available,2,1,1
exactly_same,2,2,0
exactly_rosy,2,2,0
constitutionally_wrong,2,0,2
continually_fresh,2,2,0
truly_disastrous,2,0,2
exactly_rational,2,2,0
exactly_quiet,2,2,0
truly_blind,2,2,0
exactly_helpful,2,2,0
exclusively_gay,2,2,0
currently_strong,2,2,0
currently_endangered,2,2,0
currently_extant,2,0,2
truly_allergic,2,2,0
exactly_crowded,2,2,0
truly_alike,2,2,0
exactly_cool,2,2,0
truly_affordable,2,2,0
exactly_conducive,2,2,0
truly_adequate,2,2,0
exactly_common,2,2,0
currently_true,2,2,0
therefore_easy,2,2,0
exactly_clever,2,1,1
truly_accessible,2,2,0
exactly_chummy,2,2,0
truly_absent,2,2,0
exactly_catchy,2,2,0
damn_creepy,2,2,0
exactly_buoyant,2,2,0
exactly_benign,2,1,1
damn_perfect,2,2,0
exactly_bad,2,1,1
currently_curable,2,2,0
exactly_dull,2,2,0
truly_blank,2,2,0
culturally_relative,2,0,2
theoretically_challenging,2,0,2
exactly_happy,2,2,0
exactly_groundbreaking,2,1,1
truly_better,2,2,0
there_able,2,1,1
exactly_friendly,2,2,0
truly_beneficial,2,2,0
exactly_free,2,2,0
there_credible,2,2,0
exactly_fine,2,2,0
truly_beholden,2,2,0
currently_close,2,2,0
culturally_specific,2,1,1
there_more,2,2,0
truly_average,2,1,1
truly_autonomous,2,1,1
exactly_expansive,2,2,0
currently_able,2,2,0
exactly_essential,2,2,0
currently_alive,2,2,0
currently_aware,2,2,0
truly_attainable,2,2,0
exactly_thrilled,2,2,0
conspicuously_successful,2,2,0
exactly_unique,2,0,2
truly_graphic,2,0,2
truly_happier,2,2,0
as_broken,2,2,0
that_rational,2,2,0
that_reasonable,2,2,0
truly_gripping,2,0,2
truly_green,2,2,0
that_remote,2,2,0
excessively_harsh,2,2,0
truly_greater,2,2,0
consciously_present,2,2,0
that_risky,2,2,0
that_productive,2,2,0
excessively_fearful,2,2,0
considerably_wrong,2,0,2
that_satisfying,2,2,0
consistently_active,2,2,0
consistently_available,2,2,0
consistently_average,2,2,0
consistently_brilliant,2,2,0
as_brittle,2,2,0
that_sensitive,2,2,0
consistently_clear,2,2,0
conceptually_wrong,2,0,2
that_prevalent,2,2,0
that_upset,2,2,0
truly_hungry,2,2,0
exclusively_female,2,2,0
truly_impartial,2,2,0
completely_unnoticed,2,2,0
exclusively_dependent,2,2,0
that_noteworthy,2,2,0
that_noticeable,2,1,1
that_obscure,2,2,0
completely_unstructured,2,2,0
that_open,2,2,0
completely_untouched,2,1,1
exclusively_american,2,1,1
that_presumptuous,2,2,0
that_partial,2,2,0
that_persuasive,2,2,0
that_pertinent,2,2,0
truly_heroic,2,1,1
truly_helpless,2,2,0
that_pleased,2,2,0
that_poor,2,2,0
that_positive,2,2,0
conceptually_complicated,2,1,1
truly_harmless,2,2,0
excessively_baggy,2,0,2
consistently_common,2,2,0
consistently_competitive,2,2,0
that_tidy,2,2,0
exceptionally_dry,2,2,0
truly_ethnic,2,2,0
exceptionally_controversial,2,1,1
exceptionally_compelling,2,2,0
consistently_strong,2,2,0
that_talented,2,2,0
truly_essential,2,1,1
that_terrible,2,2,0
that_thoughtful,2,2,0
that_threatening,2,2,0
that_transparent,2,2,0
truly_foolproof,2,2,0
truly_engaging,2,2,0
exceedingly_difficult,2,1,1
exactly_zero,2,2,0
that_uncomfortable,2,2,0
that_uncommon,2,2,0
truly_embarrassing,2,1,1
exactly_weak,2,2,0
exactly_vigilant,2,2,0
that_unhappy,2,2,0
exactly_untrue,2,2,0
truly_exact,2,2,0
consistently_satisfying,2,2,0
that_suitable,2,2,0
consistently_reliable,2,2,0
truly_fond,2,2,0
that_shy,2,2,0
exceptionally_unique,2,0,2
that_simplistic,2,2,0
exceptionally_special,2,0,2
truly_famous,2,2,0
any_healthier,2,2,0
consistently_happy,2,2,0
truly_faithful,2,2,0
that_social,2,2,0
exceptionally_powerful,2,1,1
that_soft,2,2,0
exceptionally_memorable,2,0,2
that_strange,2,2,0
truly_experimental,2,0,2
exceptionally_long,2,2,0
exceptionally_large,2,2,0
consistently_perfect,2,2,0
consistently_productive,2,2,0
that_substantial,2,2,0
exceptionally_fast,2,2,0
terribly_simple,2,2,0
terribly_shocked,2,2,0
completely_dormant,2,2,0
here_worth,2,0,2
highly_coveted,2,1,1
super_obvious,2,1,1
highly_complex,2,2,0
super_outstanding,2,0,2
super_passionate,2,2,0
blatantly_manipulative,2,2,0
super_practical,2,2,0
super_pricey,2,0,2
unduly_complex,2,2,0
super_productive,2,2,0
unduly_burdensome,2,2,0
super_noticeable,2,1,1
super_quick,2,2,0
here_long,2,2,0
super_rare,2,1,1
here_concerned,2,2,0
super_relevant,2,2,0
super_scary,2,1,1
heavily_dependent,2,1,1
heavily_armed,2,2,0
super_shocking,2,0,2
hauntingly_beautiful,2,1,1
highly_dependent,2,2,0
unduly_harsh,2,2,0
blissfully_happy,2,2,0
super_innovative,2,0,2
historically_bad,2,1,1
historically_appreciative,2,0,2
highly_volatile,2,2,0
highly_visible,2,2,0
better_welcome,2,2,0
biblically_wrong,2,0,2
highly_suspicious,2,2,0
highly_specific,2,2,0
highly_sensitive,2,2,0
biologically_male,2,2,0
highly_qualified,2,2,0
super_memorable,2,0,2
biologically_wrong,2,1,1
highly_profitable,2,2,0
highly_prevalent,2,2,0
super_interesting,2,0,2
highly_positive,2,2,0
super_jealous,2,2,0
unduly_worried,2,2,0
unduly_timid,2,2,0
highly_intelligent,2,1,1
super_major,2,0,2
blindingly_obvious,2,1,1
blissfully_ignorant,2,2,0
terribly_sensitive,2,1,1
goddamn_good,2,2,0
ultimately_right,2,1,1
breathtakingly_beautiful,2,2,0
breathtakingly_nimble,2,1,1
breathtakingly_original,2,2,0
surprisingly_good,2,2,0
gravely_mistaken,2,2,0
surprisingly_new,2,0,2
ultimately_immune,2,2,0
ultimately_harmless,2,2,0
ultimately_good,2,2,0
ultimately_better,2,2,0
brand_conscious,2,2,0
gleefully_gay,2,2,0
brutally_violent,2,1,1
glaringly_terrible,2,0,2
categorically_bad,2,1,1
technically_accurate,2,2,0
glaringly_apparent,2,2,0
technically_better,2,2,0
certainly_better,2,1,1
typically_necessary,2,2,0
technically_free,2,2,0
brand_loyal,2,2,0
supremely_watchable,2,2,0
super_strict,2,2,0
half_true,2,2,0
blissfully_unaware,2,2,0
hardly_enough,2,2,0
super_successful,2,2,0
super_surprising,2,1,1
super_sweet,2,2,0
super_thin,2,2,0
super_tight,2,2,0
halfway_complete,2,2,0
super_tricky,2,0,2
half_white,2,2,0
half_open,2,2,0
greatly_profitable,2,2,0
half_complete,2,2,0
half_bad,2,2,0
half_alive,2,2,0
both_easier,2,2,0
super_young,2,2,0
grossly_overweight,2,2,0
superficially_evident,2,2,0
grossly_abnormal,2,1,1
both_true,2,2,0
ultimately_sure,2,2,0
historically_certain,2,2,0
super_good,2,1,1
very_evident,2,1,1
hugely_keen,2,2,0
sufficiently_free,2,2,0
authentically_human,2,0,2
sufficiently_good,2,2,0
sufficiently_high,2,2,0
uniquely_western,2,0,2
hugely_revolutionary,2,0,2
automatically_bad,2,2,0
automatically_beneficial,2,2,0
hugely_noticeable,2,0,2
automatically_better,2,1,1
hugely_imaginative,2,2,0
authentically_african,2,1,1
hugely_fond,2,2,0
sufficiently_new,2,1,1
automatically_renewable,2,2,0
hugely_expensive,2,2,0
hugely_engaging,2,2,0
sufficiently_persuasive,2,2,0
sufficiently_precise,2,2,0
hugely_difficult,2,1,1
away_unscathed,2,2,0
sufficiently_rapid,2,2,0
universally_available,2,2,0
hysterically_funny,2,2,0
super_fun,2,2,0
sufficiently_compatible,2,2,0
immediately_distinctive,2,0,2
as_whiny,2,2,0
as_colossal,2,0,2
as_collaborative,2,2,0
as_wooden,2,1,1
sufficiently_challenging,2,1,1
immediately_dangerous,2,1,1
immediately_critical,2,2,0
immediately_compelling,2,2,0
sufficiently_close,2,2,0
always_sufficient,2,2,0
at_best,2,2,0
immediately_aware,2,2,0
always_suitable,2,2,0
very_outstanding,2,0,2
as_worldly,2,1,1
immediately_achievable,2,2,0
as_youthful,2,2,0
sufficiently_conscious,2,2,0
as_zany,2,2,0
universally_intelligible,2,0,2
universally_human,2,1,1
hugely_annoying,2,2,0
sufficiently_representative,2,2,0
awfully_interesting,2,0,2
super_elaborate,2,0,2
horribly_interesting,2,0,2
horribly_difficult,2,2,0
super_cool,2,1,1
horrendously_bad,2,2,0
hopelessly_political,2,2,0
uniformly_present,2,2,0
super_eager,2,2,0
super_effective,2,2,0
home_long,2,2,0
hiv_positive,2,2,0
historically_unusual,2,2,0
sufficiently_safe,2,2,0
historically_unique,2,1,1
historically_true,2,2,0
super_expensive,2,2,0
super_explosive,2,2,0
super_fantastic,2,0,2
historically_relevant,2,0,2
uniformly_conservative,2,2,0
super_fond,2,2,0
better_informed,2,2,0
historically_important,2,1,1
horribly_ugly,2,2,0
uniquely_asian,2,1,1
however_big,2,0,2
super_bitter,2,2,0
uniquely_offensive,2,1,1
sufficiently_secure,2,2,0
however_trivial,2,0,2
sufficiently_stringent,2,2,0
however_smart,2,1,1
uniquely_irish,2,1,1
sufficiently_transparent,2,2,0
backwards_compatible,2,2,0
however_motivating,2,0,2
however_instructive,2,0,2
however_insignificant,2,0,2
uniquely_dangerous,2,1,1
uniquely_costly,2,0,2
however_humble,2,0,2
uniquely_chinese,2,1,1
however_happy,2,0,2
super_aggressive,2,2,0
however_extreme,2,0,2
uniquely_catholic,2,0,2
however_dull,2,0,2
super_authentic,2,0,2
genuinely_popular,2,2,0
technically_inclined,2,2,0
typically_french,2,1,1
fully_credible,2,2,0
fully_empty,2,2,0
fully_efficient,2,2,0
terribly_intriguing,2,1,1
completely_accessible,2,2,0
fully_divine,2,2,0
fully_distinct,2,2,0
fully_digital,2,2,0
truly_single,2,2,0
fully_deductible,2,2,0
terribly_likable,2,2,0
fully_convinced,2,2,0
fully_engaging,2,2,0
completely_admirable,2,2,0
truly_sincere,2,2,0
terribly_magical,2,0,2
completely_alien,2,1,1
fully_competent,2,2,0
completely_analogous,2,2,0
truly_shocked,2,2,0
truly_set,2,2,0
truly_selfless,2,2,0
truly_self-sufficient,2,2,0
very_nourishing,2,2,0
terribly_intelligent,2,2,0
very_objective,2,2,0
fully_mainstream,2,2,0
very_objectionable,2,0,2
fully_opaque,2,2,0
commercially_profitable,2,2,0
fully_okay,2,2,0
terribly_functional,2,2,0
truly_straight,2,2,0
terribly_fussy,2,2,0
fully_nude,2,2,0
as_clinical,2,2,0
terribly_glorious,2,2,0
fully_literate,2,2,0
fully_explicit,2,2,0
fully_legal,2,2,0
fully_jewish,2,2,0
fully_japanese,2,2,0
fully_indian,2,2,0
always_worse,2,2,0
always_worth,2,2,0
fully_harmless,2,2,0
truly_solitary,2,2,0
compellingly_cheap,2,2,0
truly_socialist,2,2,0
completely_available,2,2,0
fully_british,2,2,0
completely_awake,2,2,0
completely_consensual,2,2,0
fresh_available,2,2,0
freely_open,2,2,0
terribly_pleased,2,2,0
terribly_powerful,2,1,1
terribly_precise,2,2,0
truly_round,2,2,0
completely_comparable,2,2,0
terribly_profitable,2,2,0
completely_conclusive,2,2,0
terribly_promising,2,0,2
completely_controlled,2,2,0
fully_blissful,2,2,0
completely_cynical,2,2,0
forever_happy,2,2,0
completely_decent,2,2,0
truly_responsible,2,2,0
terribly_religious,2,2,0
terribly_revealing,2,1,1
completely_dependable,2,2,0
terribly_romantic,2,1,1
terribly_rough,2,1,1
completely_disappointed,2,2,0
truly_satirical,2,2,0
truly_satisfactory,2,2,0
terribly_old,2,1,1
as_chilling,2,2,0
completely_awful,2,2,0
as_cinematic,2,2,0
fully_better,2,2,0
fully_believable,2,2,0
completely_bare,2,2,0
truly_secular,2,2,0
truly_secret,2,2,0
fully_autonomous,2,2,0
fully_automatic,2,1,1
truly_scientific,2,1,1
fully_apparent,2,2,0
fully_answerable,2,2,0
completely_blameless,2,2,0
fully_alert,2,2,0
truly_scared,2,2,0
fully_accessible,2,2,0
fully_acceptable,2,2,0
fully_absent,2,2,0
fucking_wrong,2,0,2
truly_scarce,2,2,0
frustratingly_difficult,2,2,0
fully_original,2,2,0
fully_playable,2,2,0
genuinely_kind,2,2,0
truly_undone,2,2,0
clearly_illegal,2,2,0
terribly_amusing,2,2,0
clearly_ineligible,2,2,0
clearly_inferior,2,2,0
truly_universal,2,2,0
clearly_negative,2,2,0
very_opulent,2,1,1
truly_unhappy,2,2,0
clearly_perfect,2,2,0
further_remarkable,2,0,2
further_distinctive,2,2,0
truly_upsetting,2,1,1
terribly_cheap,2,2,0
further_afield,2,2,0
further_advanced,2,2,0
truly_transformative,2,1,1
fundamentally_unreasonable,2,0,2
fundamentally_unique,2,1,1
fundamentally_transformative,2,1,1
fundamentally_spiritual,2,0,2
clearly_wrong,2,0,2
fundamentally_real,2,1,1
terribly_alarming,2,0,2
clearly_female,2,2,0
commercially_practicable,2,2,0
genetically_wrong,2,1,1
genuinely_interesting,2,0,2
typically_available,2,2,0
typically_american,2,2,0
as_coarse,2,2,0
technically_skilled,2,2,0
classically_beautiful,2,2,0
classically_handsome,2,2,0
truly_welcome,2,2,0
truly_waterproof,2,2,0
truly_warm,2,2,0
genetically_pure,2,2,0
terribly_advanced,2,0,2
clearly_apparent,2,2,0
clearly_aware,2,2,0
technologically_savvy,2,2,0
clearly_capable,2,2,0
generally_wrong,2,0,2
clearly_detailed,2,2,0
clearly_dominant,2,2,0
terribly_accurate,2,2,0
truly_useless,2,2,0
clearly_evident,2,1,1
always_uncomfortable,2,2,0
fundamentally_mysterious,2,1,1
terribly_consequential,2,0,2
fully_responsive,2,2,0
fully_stable,2,2,0
terribly_epic,2,0,2
terribly_esoteric,2,1,1
commercially_attractive,2,2,0
terribly_eventful,2,0,2
commercially_important,2,2,0
fully_separate,2,2,0
fully_self-sufficient,2,2,0
always_visible,2,2,0
fully_ripe,2,2,0
fully_respected,2,2,0
terribly_constructive,2,2,0
terribly_exotic,2,0,2
fully_reliant,2,2,0
terribly_extraordinary,2,0,2
fully_recoverable,2,2,0
terribly_extreme,2,1,1
fully_qualified,2,1,1
terribly_fascinating,2,1,1
fully_productive,2,2,0
fully_preventable,2,2,0
always_welcome,2,2,0
fully_straightforward,2,2,0
truly_sublime,2,2,0
fully_subject,2,2,0
fully_subjective,2,2,0
fundamentally_hostile,2,1,1
terribly_conventional,2,1,1
terribly_damaging,2,1,1
terribly_dangerous,2,1,1
truly_terrifying,2,1,1
clinically_severe,2,2,0
clinically_useful,2,2,0
truly_tame,2,2,0
fully_worthy,2,2,0
clinically_wrong,2,1,1
fully_white,2,2,0
fully_vegan,2,2,0
fully_understandable,2,2,0
fully_truthful,2,2,0
terribly_enamored,2,2,0
truly_suicidal,2,2,0
comfortably_warm,2,2,0
fully_tame,2,2,0
fully_synthetic,2,2,0
fully_sufficient,2,2,0
very_official,2,2,0
exactly_awash,2,2,0
dangerously_close,2,2,0
immediately_endearing,2,2,0
especially_willing,2,2,0
too_stereotypical,2,1,1
too_icy,2,1,1
as_authoritative,2,1,1
enough_enough,2,2,0
enough_good,2,2,0
enough_light,2,2,0
too_squishy,2,1,1
too_imaginative,2,1,1
too_square,2,1,1
enough_thankful,2,2,0
too_impersonal,2,2,0
essentially_good,2,2,0
especially_welcoming,2,2,0
too_implausible,2,2,0
especially_visible,2,2,0
entirely_acceptable,2,2,0
entirely_accessible,2,2,0
as_audible,2,2,0
too_speculative,2,0,2
especially_valuable,2,1,1
especially_user-friendly,2,2,0
too_inclined,2,2,0
too_icky,2,0,2
too_hyped,2,1,1
especially_unprecedented,2,0,2
too_sublime,2,1,1
too_heartbroken,2,2,0
emotionally_wrenching,2,1,1
very_humid,2,2,0
ethically_improper,2,1,1
too_subversive,2,0,2
too_substantive,2,0,2
as_awake,2,2,0
very_humble,2,2,0
ethically_defensible,2,2,0
too_higher,2,2,0
eternally_young,2,1,1
too_humiliating,2,1,1
too_hip,2,1,1
too_hokey,2,2,0
too_holistic,2,0,2
too_structured,2,0,2
essentially_unique,2,0,2
too_stringent,2,1,1
artistically_adventurous,2,2,0
too_human,2,2,0
too_straightforward,2,2,0
enough_advanced,2,2,0
very_hospitable,2,2,0
entirely_anonymous,2,2,0
entirely_disinterested,2,2,0
especially_small,2,2,0
too_snug,2,2,0
too_snazzy,2,0,2
entirely_civilian,2,2,0
too_sly,2,0,2
especially_striking,2,2,0
especially_strategic,2,1,1
especially_sporty,2,2,0
too_intimidated,2,2,0
especially_social,2,2,0
entirely_compelling,2,2,0
entirely_comprehensive,2,1,1
especially_subversive,2,1,1
too_intriguing,2,1,1
entirely_cool,2,2,0
too_sleepy,2,2,0
especially_shameful,2,1,1
especially_sexy,2,1,1
especially_sensitive,2,2,0
entirely_detrimental,2,2,0
too_irritating,2,1,1
especially_secret,2,0,2
too_skimpy,2,1,1
too_social,2,1,1
entirely_benign,2,2,0
entirely_apparent,2,2,0
especially_traumatic,2,1,1
especially_uncommon,2,2,0
too_independent,2,2,0
too_inexpensive,2,1,1
especially_true,2,2,0
entirely_apt,2,2,0
especially_troublesome,2,1,1
especially_trendy,2,0,2
too_inexperienced,2,2,0
entirely_attributable,2,2,0
especially_treacherous,2,0,2
entirely_autonomous,2,2,0
entirely_believable,2,2,0
too_inflexible,2,1,1
too_informal,2,2,0
especially_tired,2,2,0
too_innocent,2,1,1
too_sorry,2,0,2
too_insecure,2,2,0
entirely_aware,2,2,0
especially_tall,2,2,0
especially_talented,2,2,0
especially_sweet,2,1,1
emotionally_unavailable,2,2,0
artificially_manipulative,2,0,2
too_suggestive,2,2,0
too_trashy,2,0,2
too_unattainable,2,0,2
too_typical,2,0,2
too_forward,2,2,0
too_frantic,2,2,0
too_tropical,2,0,2
electorally_decisive,2,2,0
as_believable,2,2,0
even_entertaining,2,2,0
even_empty,2,2,0
too_treacherous,2,0,2
even_easier,2,2,0
either_able,2,2,0
even_drunk,2,2,0
even_dramatic,2,2,0
very_immediate,2,1,1
too_fundamental,2,1,1
too_transcendent,2,0,2
too_funky,2,0,2
very_imaginative,2,1,1
even_democratic,2,2,0
else_concerned,2,2,0
even_debatable,2,2,0
either_aware,2,2,0
very_impactful,2,1,1
ethnically_homogenous,2,2,0
effortlessly_consistent,2,2,0
economically_sensible,2,2,0
even_improbable,2,2,0
economically_sensitive,2,2,0
even_immoral,2,1,1
too_fishy,2,0,2
even_hungry,2,2,0
even_hot,2,2,0
architecturally_interesting,2,2,0
too_unimaginable,2,1,1
less_hospitable,2,2,0
too_flawed,2,2,0
too_forgiving,2,1,1
too_flippant,2,2,0
too_uneasy,2,1,1
architecturally_remarkable,2,1,1
too_flustered,2,2,0
too_unconventional,2,0,2
even_fun,2,2,0
architecturally_significant,2,1,1
too_uncommon,2,0,2
even_final,2,2,0
even_female,2,2,0
even_dark,2,2,0
too_gay,2,1,1
even_curious,2,2,0
even_audible,2,2,0
too_gratuitous,2,0,2
too_grave,2,1,1
even_blue,2,2,0
too_grey,2,2,0
too_tasteful,2,2,0
emotionally_compelling,2,0,2
too_tannic,2,2,0
even_beautiful,2,1,1
even_bad,2,2,0
too_gritty,2,2,0
even_attractive,2,2,0
too_giddy,2,2,0
emotionally_fraught,2,2,0
too_tacky,2,0,2
even_applicable,2,2,0
emotionally_neutral,2,2,0
even_amusing,2,2,0
emotionally_powerful,2,2,0
emotionally_present,2,2,0
emotionally_rewarding,2,1,1
even_active,2,2,0
emotionally_stable,2,2,0
too_taut,2,2,0
eminently_tasteless,2,0,2
even_catholic,2,2,0
as_barbaric,2,2,0
too_gigantic,2,1,1
too_gimmicky,2,0,2
arguably_wrong,2,0,2
even_contiguous,2,2,0
too_glib,2,2,0
even_consistent,2,2,0
else_likely,2,1,1
even_conservative,2,2,0
too_tiresome,2,1,1
too_glorious,2,1,1
even_concerned,2,2,0
even_compelling,2,1,1
too_goofy,2,1,1
even_coherent,2,2,0
even_cloudy,2,2,0
else_suitable,2,0,2
embarrassingly_bad,2,1,1
even_christian,2,2,0
even_chinese,2,2,0
as_barren,2,2,0
even_certain,2,2,0
especially_savvy,2,2,0
too_jumpy,2,2,0
dangerously_high,2,2,0
especially_christian,2,1,1
especially_consistent,2,2,0
too_opinionated,2,2,0
too_oppressive,2,1,1
too_ordinary,2,1,1
especially_comforting,2,2,0
entirely_self-sufficient,2,2,0
especially_clear-cut,2,2,0
as_agonizing,2,2,0
especially_cinematic,2,0,2
especially_chummy,2,2,0
as_airtight,2,2,0
too_relaxing,2,2,0
too_outside,2,2,0
too_regular,2,2,0
especially_breathtaking,2,1,1
as_airy,2,2,0
too_regimented,2,0,2
especially_beneficial,2,1,1
too_oversized,2,0,2
too_overwhelmed,2,2,0
very_green,2,2,0
as_alien,2,1,1
too_opaque,2,1,1
very_gripping,2,1,1
especially_articulate,2,2,0
especially_disturbing,2,1,1
entirely_persuasive,2,2,0
entirely_plausible,2,2,0
entirely_powerful,2,2,0
especially_elegant,2,2,0
as_adverse,2,2,0
too_respectable,2,1,1
especially_eager,2,2,0
especially_dynamic,2,2,0
too_reprehensible,2,0,2
entirely_relaxed,2,2,0
too_reminiscent,2,0,2
too_official,2,0,2
especially_distinctive,2,0,2
especially_distinct,2,1,1
especially_disruptive,2,2,0
as_affecting,2,2,0
very_genuine,2,2,0
too_reluctant,2,1,1
entirely_secular,2,2,0
as_affluent,2,1,1
especially_damning,2,2,0
too_offended,2,2,0
too_redundant,2,2,0
especially_artful,2,1,1
too_knowledgeable,2,1,1
too_previous,2,2,0
too_public,2,2,0
as_amicable,2,2,0
too_precise,2,2,0
too_premature,2,2,0
environmentally_unsound,2,0,2
entirely_uniform,2,2,0
entirely_unique,2,2,0
entirely_unjustified,2,2,0
entirely_unknown,2,2,0
too_prevalent,2,0,2
too_prudent,2,2,0
too_posh,2,1,1
environmentally_egregious,2,2,0
too_provocative,2,0,2
environmentally_dangerous,2,0,2
entirely_untrue,2,2,0
too_productive,2,1,1
entirely_whole,2,2,0
too_profane,2,1,1
entirely_waterproof,2,2,0
entirely_voluntary,2,2,0
entirely_visible,2,2,0
as_amiable,2,2,0
equally_enthusiastic,2,2,0
too_partial,2,2,0
too_pedestrian,2,2,0
especially_anxious,2,2,0
entirely_smooth,2,2,0
especially_aggressive,2,2,0
especially_afraid,2,2,0
too_red,2,2,0
too_patient,2,1,1
too_reckless,2,2,0
especially_adult,2,1,1
entirely_spontaneous,2,2,0
too_reasonable,2,2,0
too_permanent,2,0,2
too_polite,2,1,1
too_permissive,2,2,0
too_perverse,2,1,1
equally_strong,2,2,0
equally_rare,2,2,0
too_raw,2,2,0
too_pious,2,2,0
equally_probable,2,2,0
equally_open,2,2,0
too_plump,2,2,0
too_poignant,2,0,2
especially_excited,2,2,0
entirely_passive,2,2,0
especially_exotic,2,0,2
especially_patient,2,2,0
especially_populous,2,2,0
as_accommodating,2,2,0
especially_political,2,0,2
especially_polite,2,2,0
as_accomplished,2,2,0
too_loathsome,2,1,1
too_lonely,2,2,0
entirely_full,2,2,0
as_accountable,2,2,0
too_long-lived,2,2,0
especially_palatable,2,2,0
entirely_french,2,2,0
entirely_harmonious,2,2,0
as_applicable,2,2,0
entirely_ideal,2,2,0
too_lucrative,2,1,1
especially_old,2,2,0
entirely_inaccurate,2,2,0
too_lush,2,2,0
especially_obvious,2,1,1
especially_objectionable,2,0,2
too_mad,2,2,0
entirely_frivolous,2,2,0
very_fussy,2,2,0
especially_expensive,2,2,0
especially_representative,2,2,0
as_artistic,2,2,0
entirely_dry,2,2,0
too_lacking,2,2,0
entirely_efficient,2,2,0
too_silky,2,1,1
too_lame,2,2,0
entirely_enough,2,2,0
as_arrogant,2,1,1
very_functional,2,2,0
especially_resentful,2,2,0
entirely_exclusive,2,2,0
as_arcane,2,0,2
as_abusive,2,2,0
entirely_external,2,2,0
especially_rational,2,1,1
entirely_extinct,2,2,0
too_legit,2,2,0
entirely_faithful,2,2,0
too_lethal,2,0,2
entirely_feasible,2,2,0
especially_prominent,2,2,0
entirely_figurative,2,2,0
especially_noble,2,1,1
too_secret,2,2,0
entirely_incorrect,2,2,0
entirely_natural,2,2,0
especially_independent,2,2,0
too_sacrosanct,2,2,0
too_saccharine,2,2,0
especially_horrific,2,2,0
too_monstrous,2,0,2
especially_harsh,2,1,1
entirely_mistaken,2,2,0
especially_gripping,2,2,0
especially_futuristic,2,0,2
especially_fresh,2,2,0
especially_fearful,2,2,0
especially_neat,2,1,1
especially_familiar,2,2,0
entirely_obvious,2,2,0
too_rocky,2,1,1
especially_fair,2,1,1
entirely_okay,2,2,0
too_ripe,2,2,0
too_nervous,2,2,0
as_adversarial,2,2,0
especially_extraordinary,2,0,2
too_newsworthy,2,0,2
as_appalling,2,2,0
entirely_logical,2,2,0
especially_intelligent,2,2,0
too_metallic,2,1,1
entirely_independent,2,2,0
especially_mysterious,2,1,1
especially_musical,2,2,0
especially_modern,2,1,1
especially_mind-blowing,2,0,2
too_mathematical,2,1,1
too_scant,2,2,0
entirely_insensitive,2,2,0
as_adaptable,2,1,1
too_meaningful,2,0,2
too_meaty,2,0,2
especially_low,2,1,1
entirely_jewish,2,2,0
especially_lovable,2,0,2
especially_long,2,2,0
especially_likely,2,2,0
too_meek,2,2,0
too_mellow,2,2,0
too_salacious,2,0,2
especially_italian,2,1,1
especially_inventive,2,1,1
too_fiery,2,1,1
too_unrealistic,2,2,0
too_feeble,2,2,0
ever_keen,2,2,0
ever_mad,2,2,0
ever_loud,2,2,0
too_choppy,2,2,0
too_chuffed,2,0,2
totally_shocked,2,2,0
ever_life-threatening,2,2,0
ever_liable,2,2,0
too_classic,2,2,0
too_classy,2,1,1
totally_serious,2,2,0
too_cliched,2,2,0
too_cheery,2,1,1
totally_self-sufficient,2,2,0
ever_instant,2,2,0
too_coherent,2,1,1
too_colorful,2,0,2
too_comforting,2,0,2
totally_satisfying,2,2,0
very_firm,2,2,0
ever_impressive,2,2,0
anyway_lawful,2,2,0
too_compassionate,2,1,1
deliberately_malicious,2,1,1
very_literal,2,2,0
very_libertarian,2,2,0
too_captivating,2,1,1
totally_surprised,2,2,0
too_brown,2,1,1
too_bullish,2,2,0
too_buttery,2,1,1
as_bouncy,2,2,0
too_campy,2,2,0
totally_supportive,2,2,0
ever_one-sided,2,2,0
ever_one-dimensional,2,2,0
definitively_good,2,2,0
definitively_superior,2,2,0
ever_mean,2,2,0
ever_nicer,2,2,0
very_loose,2,2,0
ever_negative,2,2,0
ever_neat,2,2,0
deliberately_cruel,2,2,0
ever_natural,2,2,0
deliberately_destructive,2,1,1
ever_mundane,2,2,0
deliberately_funny,2,2,0
ever_mean-spirited,2,1,1
totally_risk-free,2,2,0
ever_identical,2,2,0
even_infuriating,2,0,2
determinedly_quirky,2,2,0
ever_exciting,2,1,1
ever_excessive,2,2,0
ever_excellent,2,2,0
ever_evil,2,2,0
too_crisp,2,1,1
ever_effortless,2,2,0
ever_easier,2,2,0
too_crooked,2,1,1
ever_eager,2,2,0
totally_open,2,2,0
too_crude,2,1,1
too_cowardly,2,2,0
ever_diverse,2,2,0
too_cumbersome,2,2,0
totally_obvious,2,2,0
ever_disappointing,2,2,0
ever_detailed,2,1,1
ever_destructive,2,2,0
ever_depressed,2,2,0
developmentally_wrong,2,0,2
ever_defensive,2,2,0
ever_cute,2,2,0
too_crass,2,1,1
ever_familiar,2,2,0
very_liberal,2,2,0
too_consequential,2,0,2
ever_homesick,2,2,0
totally_reliant,2,2,0
ever_homeless,2,2,0
totally_rational,2,2,0
totally_quiet,2,2,0
too_confidential,2,0,2
ever_heavy,2,2,0
too_confrontational,2,1,1
demonstrably_false,2,0,2
very_legitimate,2,2,0
ever_green,2,2,0
too_cosy,2,1,1
ever_gratuitous,2,2,0
ever_grateful,2,2,0
ever_genuine,2,2,0
totally_pleased,2,2,0
too_contrived,2,1,1
ever_french,2,2,0
too_convinced,2,1,1
too_convoluted,2,1,1
too_cordial,2,1,1
very_lazy,2,2,0
ever_overwhelming,2,2,0
any_wider,2,2,0
totally_surprising,2,2,0
ever_sunny,2,2,0
traditionally_attractive,2,2,0
totally_worth,2,1,1
totally_wild,2,2,0
too_aged,2,2,0
too_agreeable,2,1,1
totally_whole,2,2,0
ever_sustainable,2,2,0
any_scarier,2,1,1
deeply_intelligent,2,1,1
ever_superfluous,2,2,0
totally_weird,2,0,2
deeply_ideological,2,2,0
ever_suicidal,2,2,0
ever_stupid,2,2,0
deeply_philosophical,2,1,1
too_ambiguous,2,0,2
ever_sticky,2,2,0
deeply_sad,2,2,0
ever_stationary,2,2,0
totally_useless,2,1,1
deeply_serious,2,2,0
totally_unusual,2,0,2
ever_thirsty,2,2,0
traditionally_christian,2,2,0
too_brash,2,0,2
darkly_funny,2,2,0
exactly_adventurous,2,2,0
thoroughly_clean,2,2,0
thoroughly_complete,2,2,0
evidently_wrong,2,2,0
thoroughly_detailed,2,2,0
ever_worse,2,2,0
any_quicker,2,2,0
ever_wonderful,2,2,0
dangerously_wrong,2,2,0
ever_weak,2,2,0
ever_viable,2,2,0
too_adept,2,2,0
darn_good,2,2,0
ever_vertical,2,2,0
ever_valuable,2,2,0
ever_unplanned,2,2,0
too_abnormal,2,0,2
ever_uninteresting,2,2,0
ever_unexpected,2,2,0
ever_unconditional,2,2,0
too_accurate,2,2,0
ever_truer,2,2,0
ever_sorry,2,2,0
ever_sluggish,2,2,0
too_apologetic,2,2,0
ever_poor,2,2,0
ever_punitive,2,2,0
ever_professional,2,2,0
too_believable,2,0,2
totally_transparent,2,2,0
any_thinner,2,2,0
totally_thrilled,2,2,0
any_tougher,2,2,0
ever_prepared,2,2,0
ever_precise,2,2,0
too_blind,2,2,0
ever_political,2,2,0
too_apparent,2,1,1
ever_polish,2,2,0
totally_sympathetic,2,2,0
ever_pleasurable,2,2,0
ever_pink,2,2,0
any_warmer,2,2,0
very_loyal,2,2,0
ever_peaceful,2,1,1
ever_patronizing,2,2,0
ever_past,2,2,0
ever_passive,2,2,0
ever_pushy,2,2,0
ever_rational,2,2,0
ever_realistic,2,2,0
ever_redeemable,2,2,0
ever_skeptical,2,2,0
ever_single,2,2,0
totally_unreasonable,2,2,0
too_apt,2,1,1
ever_significant,2,1,1
any_smarter,2,1,1
ever_shocking,2,2,0
ever_sexy,2,2,0
too_arcane,2,1,1
totally_unnecessary,2,2,0
ever_severe,2,2,0
ever_sentimental,2,2,0
too_arousing,2,0,2
ever_satisfying,2,2,0
totally_uniform,2,2,0
ever_satisfactory,2,2,0
ever_sarcastic,2,2,0
deeply_wrong,2,0,2
too_atypical,2,0,2
too_available,2,2,0
ever_relevant,2,2,0
ever_crucial,2,2,0
too_dazed,2,2,0
too_deadly,2,1,1
totally_asleep,2,2,0
dramatically_effective,2,2,0
too_ethical,2,1,1
too_euphoric,2,2,0
dramatically_interesting,2,2,0
totally_believable,2,2,0
even_playable,2,2,0
even_past,2,2,0
even_painful,2,2,0
totally_aware,2,1,1
too_exaggerated,2,0,2
even_older,2,1,1
dramatically_compelling,2,1,1
even_okay,2,2,0
totally_appropriate,2,2,0
totally_amazing,2,1,1
even_obvious,2,1,1
very_insistent,2,2,0
too_excruciating,2,1,1
apparently_supreme,2,0,2
even_nervous,2,2,0
totally_abstract,2,2,0
easily_apparent,2,1,1
even_positive,2,1,1
even_preliminary,2,0,2
even_scary,2,2,0
even_reliable,2,2,0
too_enamoured,2,1,1
totally_comprehensive,2,2,0
even_rude,2,2,0
even_romantic,2,2,0
too_encouraging,2,0,2
even_riskier,2,2,0
even_right,2,1,1
even_rich,2,2,0
even_responsible,2,2,0
even_representative,2,2,0
totally_cold,2,2,0
very_inspired,2,2,0
too_enjoyable,2,1,1
totally_coherent,2,2,0
even_ready,2,2,0
totally_clueless,2,0,2
even_rational,2,2,0
even_rarer,2,2,0
too_entertaining,2,1,1
even_questionable,2,1,1
even_prominent,2,1,1
totally_bulletproof,2,2,0
easily_applicable,2,2,0
easily_attributable,2,2,0
even_national,2,2,0
economically_independent,2,2,0
even_likeable,2,2,0
even_legible,2,2,0
easily_visible,2,2,0
appreciably_worse,2,0,2
too_fascinating,2,1,1
even_late,2,2,0
too_vexing,2,0,2
too_vast,2,2,0
too_vain,2,2,0
as_binary,2,1,1
even_jealous,2,2,0
very_innocent,2,1,1
too_urban,2,1,1
very_inclusive,2,2,0
even_irrational,2,1,1
economically_possible,2,2,0
economically_productive,2,0,2
even_intelligible,2,2,0
too_unsettling,2,0,2
even_intelligent,2,1,1
too_favourable,2,1,1
too_fearsome,2,0,2
too_vocal,2,2,0
too_fake,2,0,2
easily_repeatable,2,2,0
too_vulgar,2,2,0
even_moral,2,2,0
too_yummy,2,0,2
too_expressive,2,1,1
too_exquisite,2,1,1
very_influential,2,2,0
even_mediocre,2,2,0
too_whimsical,2,1,1
as_bland,2,1,1
too_exuberant,2,0,2
too_eye-catching,2,0,2
easily_measurable,2,2,0
as_bittersweet,2,1,1
too_fabulous,2,0,2
easily_misunderstood,2,2,0
too_faint,2,2,0
even_mad,2,2,0
too_wealthy,2,0,2
too_wary,2,2,0
too_fair,2,2,0
as_bitchy,2,1,1
easily_readable,2,1,1
even_scared,2,2,0
even_secondary,2,2,0
too_deaf,2,2,0
ever_ample,2,2,0
ever_basic,2,1,1
ever_bare,2,2,0
directly_perceptible,2,2,0
ever_awake,2,2,0
ever_attainable,2,2,0
ever_appealing,2,2,0
ever_apparent,2,2,0
too_dignified,2,2,0
directly_rude,2,2,0
ever_amusing,2,2,0
directly_sexual,2,0,2
totally_impartial,2,2,0
directly_targeted,2,2,0
ever_alive,2,2,0
ever_airtight,2,2,0
ever_advisable,2,2,0
too_disappointing,2,2,0
directly_useful,2,1,1
ever_active,2,2,0
directly_wrong,2,0,2
ever_abusive,2,2,0
too_discouraging,2,1,1
very_jolly,2,2,0
ever_bland,2,2,0
even_sensible,2,2,0
apparently_eager,2,2,0
ever_conventional,2,2,0
ever_conservative,2,2,0
ever_confident,2,2,0
ever_conclusive,2,2,0
ever_compulsory,2,2,0
ever_compatible,2,2,0
too_demeaning,2,2,0
ever_commendable,2,2,0
too_demonstrative,2,1,1
directly_compatible,2,2,0
too_descriptive,2,0,2
ever_brave,2,2,0
totally_lacking,2,2,0
totally_isolated,2,2,0
too_desperate,2,2,0
ever_cancerous,2,2,0
too_despondent,2,2,0
directly_enforceable,2,2,0
ever_busy,2,2,0
directly_fatal,2,2,0
ever_brown,2,2,0
ever_bright,2,2,0
totally_friendly,2,2,0
as_blurry,2,2,0
even_zero,2,0,2
distinctly_visible,2,2,0
distinctly_human,2,0,2
even_subject,2,2,0
totally_dry,2,2,0
even_strange,2,0,2
very_intelligible,2,1,1
even_stable,2,2,0
too_eccentric,2,2,0
too_ecstatic,2,2,0
even_socialist,2,2,0
too_effusive,2,2,0
too_egotistical,2,2,0
totally_foolproof,2,1,1
even_slow,2,2,0
very_instructive,2,1,1
even_significant,2,1,1
even_sick,2,2,0
totally_dismissive,2,2,0
too_elated,2,2,0
even_sexy,2,1,1
even_sexual,2,2,0
downright_bad,2,2,0
too_elitist,2,2,0
very_intimidating,2,2,0
even_sustainable,2,2,0
totally_easy,2,2,0
even_tender,2,2,0
too_dismissive,2,2,0
very_inviting,2,1,1
very_inventive,2,1,1
even_witty,2,2,0
too_dissimilar,2,1,1
too_dissonant,2,1,1
too_distasteful,2,0,2
even_vital,2,2,0
very_intuitive,2,2,0
too_distressed,2,1,1
distinctively_european,2,2,0
too_diverse,2,1,1
too_divine,2,2,0
too_dogmatic,2,2,0
even_unique,2,1,1
distinctively_male,2,0,2
totally_equal,2,2,0
even_tired,2,2,0
very_intrusive,2,1,1
distinctly_better,2,2,0
totally_empty,2,2,0
immediately_easy,2,2,0
truly_ripe,2,2,0
very_careless,2,2,0
always_safe,2,2,0
less_arduous,2,1,1
specifically_gay,2,2,0
very_cozy,2,2,0
inherently_ridiculous,2,0,2
specifically_good,2,0,2
less_ardent,2,2,0
always_helpful,2,1,1
very_captivating,2,2,0
less_apt,2,1,1
as_tantalizing,2,2,0
inherently_derogatory,2,0,2
as_shameless,2,1,1
less_barbaric,2,2,0
as_obsolete,2,2,0
intrinsically_female,2,0,2
as_frank,2,2,0
as_hefty,2,2,0
spiritually_inclined,2,2,0
less_anxious,2,2,0
so_spacious,2,0,2
verbally_eloquent,2,2,0
as_freaky,2,2,0
vaguely_interesting,2,1,1
as_obtrusive,2,2,0
inherently_revolutionary,2,0,2
less_ashamed,2,2,0
so_social,2,1,1
so_treacherous,2,1,1
as_flowery,2,2,0
as_obscene,2,2,0
as_terrific,2,1,1
as_fluffy,2,2,0
as_selfish,2,1,1
less_aware,2,2,0
as_sensible,2,1,1
as_foreboding,2,2,0
less_available,2,0,2
as_playful,2,1,1
as_formative,2,2,0
specifically_european,2,0,2
less_authoritative,2,2,0
less_audacious,2,2,0
as_connected,2,2,0
strictly_religious,2,2,0
specifically_evil,2,1,1
as_observant,2,2,0
as_forthright,2,1,1
less_atrocious,2,2,0
so_sobering,2,0,2
as_inflammatory,2,2,0
specifically_fascist,2,0,2
very_present,2,2,0
specifically_important,2,1,1
always_predictable,2,2,0
just_silly,2,2,0
as_tactile,2,2,0
less_advantageous,2,2,0
as_fulfilling,2,2,0
as_silent,2,1,1
as_opaque,2,2,0
as_swift,2,2,0
so_spoiled,2,2,0
as_demonic,2,1,1
less_adorable,2,1,1
less_adamant,2,2,0
as_dreary,2,0,2
as_sustainable,2,1,1
as_futile,2,1,1
so_squeamish,2,2,0
still_more,2,2,0
as_fuzzy,2,1,1
still_necessary,2,2,0
strictly_monogamous,2,2,0
as_silky,2,2,0
still_operational,2,2,0
just_able,2,2,0
as_susceptible,2,2,0
as_individualistic,2,1,1
less_adventurous,2,2,0
as_droll,2,2,0
as_frivolous,2,0,2
just_shy,2,0,2
strictly_private,2,2,0
as_shrewd,2,1,1
so_speedy,2,2,0
as_demonstrative,2,2,0
as_manic,2,2,0
less_agonizing,2,2,0
innately_evil,2,2,0
incredibly_simple,2,2,0
always_obedient,2,2,0
intrinsically_immoral,2,1,1
very_cooperative,2,2,0
as_infallible,2,1,1
as_heavenly,2,1,1
as_inefficient,2,2,0
so_spicy,2,1,1
vastly_different,2,1,1
intrinsically_intuitive,2,0,2
just_absurd,2,2,0
very_enthused,2,2,0
as_pitiful,2,1,1
incredibly_spectacular,2,0,2
still_less,2,2,0
just_short,2,1,1
very_creditable,2,1,1
socially_significant,2,2,0
less_congruent,2,2,0
as_polarizing,2,2,0
as_disciplined,2,2,0
so_vigilant,2,2,0
so_sincere,2,2,0
incredibly_high,2,2,0
utterly_false,2,2,0
just_arguable,2,2,0
as_fervent,2,2,0
so_singular,2,0,2
very_acute,2,1,1
utterly_essential,2,0,2
intrinsically_anti-semitic,2,1,1
less_chaotic,2,2,0
very_problematic,2,1,1
always_great,2,2,0
as_elite,2,2,0
as_transcendent,2,1,1
less_central,2,2,0
as_condescending,2,1,1
as_homey,2,1,1
as_segregated,2,2,0
usually_available,2,2,0
incredibly_innovative,2,1,1
so_vigorous,2,2,0
so_unappealing,2,1,1
very_adaptable,2,2,0
utterly_foreign,2,1,1
as_ponderous,2,2,0
very_dreadful,2,0,2
insanely_hard,2,2,0
so_shoddy,2,1,1
as_concrete,2,1,1
so_unaware,2,2,0
as_earnest,2,2,0
incredibly_good,2,2,0
just_pleasant,2,0,2
just_basic,2,0,2
always_friendly,2,1,1
as_fat,2,2,0
intimately_familiar,2,2,0
so_shortsighted,2,1,1
as_trite,2,1,1
very_bothersome,2,1,1
inherently_efficient,2,0,2
as_scathing,2,2,0
as_favourable,2,2,0
as_feeble,2,2,0
as_feisty,2,2,0
always_full,2,2,0
still_good,2,2,0
less_combative,2,2,0
less_coherent,2,2,0
specifically_bad,2,0,2
solely_attributable,2,2,0
usually_aware,2,2,0
just_real,2,0,2
intrinsically_criminal,2,0,2
so_troublesome,2,2,0
inherently_discriminatory,2,0,2
as_confrontational,2,2,0
just_american,2,2,0
as_heterogeneous,2,2,0
as_confused,2,2,0
as_theatrical,2,2,0
less_bloody,2,2,0
so_tremendous,2,1,1
socially_uncontrollable,2,1,1
so_slim,2,2,0
less_blatant,2,2,0
as_inscrutable,2,2,0
just_amazing,2,2,0
so_sloppy,2,2,0
very_critical,2,2,0
less_best,2,1,1
less_beneficial,2,2,0
less_bellicose,2,2,0
very_buoyant,2,2,0
as_oblivious,2,2,0
as_flippant,2,2,0
less_bothersome,2,2,0
inherently_disgusting,2,1,1
as_topical,2,1,1
as_historic,2,2,0
inherently_racial,2,1,1
just_amusing,2,1,1
strictly_vegetarian,2,2,0
inherently_disruptive,2,0,2
less_cautious,2,1,1
as_titillating,2,2,0
as_delectable,2,0,2
as_novel,2,2,0
specifically_damaging,2,1,1
as_tiring,2,2,0
as_conflicted,2,2,0
inherently_disrespectful,2,0,2
just_practical,2,0,2
as_impotent,2,2,0
as_finicky,2,1,1
very_compassionate,2,2,0
as_firm,2,2,0
less_burdensome,2,1,1
as_instantaneous,2,2,0
solely_accountable,2,2,0
as_plush,2,1,1
as_instant,2,2,0
as_pliable,2,2,0
strictly_local,2,2,0
legitimately_funny,2,2,0
so_vociferous,2,2,0
as_pale,2,2,0
as_grotesque,2,1,1
as_gutsy,2,1,1
as_square,2,2,0
as_spry,2,2,0
as_impractical,2,1,1
knowingly_concise,2,2,0
always_kind,2,2,0
so_swollen,2,2,0
so_symbolic,2,1,1
inherently_transformative,2,0,2
strategically_necessary,2,2,0
very_pleasurable,2,2,0
as_opportune,2,2,0
vaguely_reminiscent,2,0,2
always_ready,2,2,0
kinda_cool,2,2,0
as_hairy,2,2,0
very_charismatic,2,2,0
so_thoughtful,2,2,0
individually_large,2,2,0
spectacularly_different,2,0,2
as_inclined,2,2,0
intrinsically_virtuous,2,0,2
inherently_american,2,0,2
so_suspicious,2,2,0
as_counterproductive,2,1,1
as_standard,2,1,1
intrinsically_unique,2,0,2
strictly_bad,2,2,0
strictly_autobiographical,2,2,0
intrinsically_sinful,2,0,2
spectacularly_amazing,2,2,0
as_overweight,2,2,0
so_timeless,2,2,0
usually_present,2,1,1
strictly_analogous,2,1,1
very_conscious,2,2,0
as_hawkish,2,2,0
as_steadfast,2,2,0
inherently_separate,2,2,0
intrinsically_special,2,0,2
individually_able,2,2,0
very_characteristic,2,0,2
vaguely_rude,2,0,2
as_petty,2,0,2
inherently_unconstitutional,2,0,2
as_demented,2,2,0
knowingly_oversold,2,2,0
utterly_believable,2,1,1
inherently_sexist,2,0,2
always_irreversible,2,2,0
as_perverse,2,2,0
so_tame,2,2,0
as_splendid,2,1,1
as_harmless,2,2,0
just_thoughtful,2,1,1
very_populous,2,2,0
still_visible,2,2,0
just_tough,2,2,0
as_perplexing,2,2,0
as_perky,2,1,1
just_unpleasant,2,0,2
still_valid,2,2,0
inherently_stressful,2,0,2
spectacularly_special,2,0,2
as_snug,2,2,0
very_permanent,2,2,0
usually_worth,2,1,1
as_perceptive,2,2,0
as_solitary,2,2,0
very_chic,2,1,1
so_weighty,2,0,2
utterly_absurd,2,2,0
just_unhappy,2,2,0
just_unexpected,2,0,2
infinitely_preferable,2,2,0
as_cost-efficient,2,2,0
always_sad,2,2,0
inherently_admirable,2,0,2
as_demeaning,2,1,1
so_tasteful,2,2,0
spectacularly_negative,2,2,0
as_cosmic,2,2,0
always_rational,2,2,0
intrinsically_worthwhile,2,0,2
so_taut,2,2,0
intrinsically_worthy,2,2,0
inherently_african,2,0,2
just_technical,2,2,0
just_worried,2,2,0
individually_strong,2,2,0
as_smug,2,2,0
inherently_suspicious,2,0,2
so_tempted,2,2,0
as_personable,2,2,0
straight_black,2,2,0
very_charming,2,2,0
as_sore,2,2,0
inherently_smart,2,0,2
so_tenuous,2,2,0
just_terrible,2,2,0
as_sordid,2,2,0
inherently_surprising,2,0,2
as_somber,2,2,0
still_vulnerable,2,2,0
as_stout,2,2,0
strictly_black,2,2,0
as_cooperative,2,2,0
as_opulent,2,2,0
as_photogenic,2,2,0
legally_old,2,2,0
as_hazardous,2,2,0
initially_able,2,2,0
intrinsically_objectionable,2,0,2
as_organic,2,1,1
so_tolerant,2,1,1
still_recognizable,2,2,0
as_singular,2,1,1
strictly_human,2,2,0
as_sultry,2,1,1
inherently_black,2,0,2
always_strong,2,2,0
legally_improper,2,1,1
as_suicidal,2,1,1
so_striking,2,2,0
as_sufficient,2,1,1
socially_awkward,2,1,1
as_such,2,2,0
strictly_financial,2,2,0
just_steady,2,0,2
so_stuck,2,2,0
inherently_weak,2,0,2
just_smart,2,0,2
legally_questionable,2,1,1
as_organized,2,2,0
as_geeky,2,1,1
as_supple,2,2,0
as_heartbroken,2,2,0
so_voluptuous,2,0,2
inherently_controversial,2,1,1
so_steadfast,2,1,1
inherently_complicated,2,0,2
incredibly_valuable,2,1,1
always_nice,2,2,0
inherently_compelling,2,0,2
as_superior,2,2,0
as_indicative,2,1,1
so_touchy,2,1,1
legally_tenable,2,2,0
inherently_christian,2,0,2
as_simpler,2,2,0
strictly_limited,2,2,0
as_sincere,2,1,1
specifically_poor,2,1,1
so_sticky,2,2,0
as_pigmented,2,2,0
so_stiff,2,2,0
as_inconvenient,2,0,2
as_distinguished,2,2,0
as_downbeat,2,2,0
intrinsically_precious,2,0,2
just_subtle,2,0,2
specifically_unique,2,0,2
inherently_selfish,2,0,2
indeed_much,2,1,1
so_zealous,2,1,1
as_outdated,2,2,0
as_outstanding,2,2,0
just_strong,2,1,1
intrinsically_sexual,2,0,2
strictly_correct,2,2,0
very_disciplined,2,2,0
largely_popular,2,2,0
very_enlightening,2,2,0
so_sunny,2,2,0
as_stubborn,2,1,1
irredeemably_bad,2,2,0
as_convinced,2,2,0
so_superficial,2,1,1
as_sloppy,2,1,1
so_tipsy,2,2,0
very_disconcerting,2,2,0
as_strained,2,2,0
always_reliable,2,2,0
so_tiny,2,2,0
so_wretched,2,1,1
just_strange,2,1,1
inherently_secure,2,2,0
legally_accurate,2,2,0
intrinsically_sacred,2,0,2
strictly_fair,2,2,0
inherently_benign,2,0,2
so_subject,2,1,1
as_gloomy,2,1,1
as_glossy,2,2,0
as_substantive,2,1,1
inherently_vicious,2,0,2
very_personable,2,2,0
indeed_immune,2,0,2
indeed_impossible,2,2,0
so_wacky,2,1,1
intrinsically_religious,2,0,2
specifically_subject,2,2,0
as_subservient,2,2,0
so_succinct,2,1,1
intrinsically_remarkable,2,0,2
as_inconsistent,2,2,0
as_skinny,2,2,0
so_succulent,2,2,0
later_famous,2,0,2
as_incongruous,2,2,0
as_golden,2,2,0
usually_long,2,2,0
as_farcical,2,1,1
so_shy,2,2,0
incredibly_fancy,2,0,2
as_complimentary,2,1,1
as_merciless,2,1,1
less_extensive,2,2,0
as_erudite,2,2,0
as_ethereal,2,2,0
so_resourceful,2,2,0
very_articulate,2,2,0
as_exact,2,2,0
as_low-cost,2,2,0
as_upfront,2,2,0
less_explicit,2,2,0
as_mesmerizing,2,2,0
very_collaborative,2,2,0
as_impartial,2,2,0
substantially_lower,2,2,0
just_important,2,2,0
less_exhilarating,2,1,1
inherently_illegitimate,2,0,2
as_unworthy,2,1,1
inherently_objective,2,0,2
so_restless,2,2,0
as_mild,2,2,0
just_creative,2,2,0
as_restorative,2,1,1
less_extravagant,2,2,0
very_ethical,2,2,0
inherently_illogical,2,0,2
so_unnecessary,2,1,1
less_fierce,2,1,1
as_descriptive,2,1,1
intensely_personal,2,2,0
as_user-friendly,2,2,0
immediately_spectacular,2,0,2
so_reluctant,2,2,0
less_feminine,2,1,1
less_fearsome,2,2,0
predominantly_black,2,2,0
very_definitive,2,1,1
as_resolute,2,2,0
less_fabulous,2,2,0
very_disturbing,2,0,2
as_equal,2,2,0
immediately_sure,2,2,0
as_erratic,2,2,0
less_fanciful,2,2,0
so_unmistakable,2,1,1
less_famous,2,1,1
as_luminous,2,2,0
substantially_similar,2,2,0
so_repugnant,2,2,0
so_uninformed,2,2,0
as_militant,2,2,0
so_righteous,2,2,0
as_impenetrable,2,2,0
as_priceless,2,0,2
as_loopy,2,2,0
less_enormous,2,2,0
intentionally_hurtful,2,2,0
still_better,2,1,1
as_humorous,2,1,1
as_loathsome,2,1,1
intentionally_misleading,2,1,1
less_enchanting,2,2,0
as_presumptuous,2,2,0
so_rife,2,2,0
as_unremarkable,2,0,2
as_minor,2,1,1
just_lucky,2,2,0
as_lively,2,2,0
as_revealing,2,2,0
less_emotional,2,1,1
less_emblematic,2,1,1
less_embarrassing,2,2,0
very_puzzling,2,2,0
as_mobile,2,2,0
very_decisive,2,2,0
as_liquid,2,2,0
as_far-reaching,2,2,0
less_enough,2,1,1
just_low,2,0,2
still_awesome,2,2,0
less_exceptional,2,2,0
as_exalted,2,0,2
as_unsure,2,2,0
less_erroneous,2,2,0
so_reticent,2,2,0
so_revealing,2,1,1
so_uniform,2,2,0
imminently_dangerous,2,1,1
very_colorful,2,2,0
intellectually_curious,2,2,0
as_unsightly,2,2,0
as_lopsided,2,2,0
as_unsettled,2,2,0
as_exceptional,2,1,1
so_revolting,2,2,0
as_privileged,2,2,0
as_minimal,2,1,1
as_imperative,2,2,0
intellectually_credible,2,1,1
just_local,2,2,0
intentionally_endangered,2,2,0
just_lovely,2,2,0
less_final,2,1,1
statistically_distinguishable,2,2,0
as_idiotic,2,2,0
substantively_wrong,2,0,2
as_readable,2,1,1
as_punchy,2,1,1
immediately_lethal,2,2,0
as_elemental,2,2,0
so_radiant,2,2,0
just_economic,2,2,0
less_heavy,2,2,0
as_voluminous,2,2,0
as_elusive,2,1,1
less_heavenly,2,0,2
so_unsightly,2,0,2
less_hearty,2,1,1
as_electrifying,2,2,0
less_healthy,2,1,1
stereotypically_muslim,2,2,0
so_rational,2,1,1
as_vitriolic,2,2,0
as_dapper,2,2,0
just_evil,2,1,1
just_dumb,2,1,1
inherently_jewish,2,0,2
as_protective,2,2,0
inherently_islamic,2,1,1
as_illustrious,2,2,0
universally_unpopular,2,2,0
so_unsettled,2,2,0
as_pungent,2,2,0
as_colourful,2,0,2
immediately_feasible,2,2,0
sufficiently_big,2,2,0
just_empty,2,1,1
sufficiently_bad,2,1,1
as_puzzling,2,2,0
as_questionable,2,2,0
utterly_wrong,2,0,2
as_manly,2,2,0
as_comedic,2,2,0
sufficiently_available,2,2,0
as_committed,2,2,0
always_passionate,2,1,1
immediately_identifiable,2,1,1
so_quirky,2,1,1
so_rad,2,2,0
as_watchable,2,2,0
as_commercial,2,2,0
as_immaculate,2,2,0
as_reactionary,2,2,0
as_wacky,2,2,0
stereotypically_british,2,0,2
as_prosaic,2,0,2
as_comparable,2,1,1
as_illuminating,2,2,0
as_reprehensible,2,2,0
so_receptive,2,2,0
unnecessarily_complicated,2,1,1
inherently_incongruous,2,0,2
as_promiscuous,2,2,0
so_recognizable,2,2,0
less_fraught,2,2,0
less_frantic,2,2,0
very_demanding,2,2,0
as_immortal,2,1,1
as_programmable,2,2,0
so_unnerving,2,1,1
as_endangered,2,2,0
so_regular,2,1,1
as_elastic,2,2,0
always_consistent,2,2,0
very_plain,2,2,0
so_relentless,2,2,0
just_disappointed,2,0,2
inherently_immune,2,2,0
immediately_reachable,2,2,0
as_melodramatic,2,1,1
inherently_natural,2,0,2
successfully_able,2,2,0
just_full,2,1,1
intellectually_normal,2,2,0
less_groovy,2,2,0
very_dependent,2,2,0
inherently_intuitive,2,0,2
so_unreal,2,1,1
immediately_obtainable,2,2,0
just_famous,2,1,1
inherently_insulting,2,1,1
inherently_insidious,2,0,2
inherently_incredible,2,0,2
as_malleable,2,2,0
somewhat_worse,2,1,1
very_ancient,2,1,1
less_glorious,2,1,1
as_compassionate,2,1,1
very_elegant,2,2,0
less_gripping,2,2,0
less_grim,2,1,1
as_renowned,2,1,1
as_mediocre,2,2,0
as_prophetic,2,2,0
less_green,2,2,0
inherently_murderous,2,0,2
less_grandiose,2,2,0
less_elaborate,2,2,0
infinitely_malleable,2,2,0
so_unfair,2,2,0
so_uncompromising,2,2,0
less_crooked,2,1,1
as_lazy,2,2,0
vaguely_human,2,1,1
very_aesthetic,2,2,0
as_jazzy,2,2,0
so_secretive,2,1,1
as_portable,2,2,0
solely_related,2,2,0
less_deplorable,2,2,0
less_dignified,2,2,0
as_musical,2,2,0
less_dependable,2,2,0
as_underrated,2,2,0
just_odd,2,1,1
as_homogenous,2,2,0
always_open,2,2,0
as_underappreciated,2,2,0
so_user-friendly,2,2,0
less_creepy,2,1,1
as_uneasy,2,2,0
very_prolific,2,2,0
as_implausible,2,1,1
always_enough,2,2,0
as_irrational,2,1,1
less_cosmic,2,1,1
so_shabby,2,0,2
less_different,2,0,2
inherently_fascist,2,1,1
solely_natural,2,2,0
as_life-changing,2,1,1
less_devoted,2,2,0
less_crass,2,1,1
as_derivative,2,1,1
so_unbearable,2,0,2
less_detrimental,2,1,1
as_royal,2,2,0
less_desperate,2,2,0
less_desolate,2,1,1
just_numb,2,0,2
as_naked,2,2,0
as_expert,2,2,0
so_rigorous,2,1,1
very_adequate,2,2,0
as_salty,2,2,0
as_justified,2,2,0
as_disgusted,2,2,0
as_naughty,2,2,0
still_dominant,2,2,0
as_sane,2,2,0
solely_physical,2,2,0
incredibly_dangerous,2,0,2
as_powerless,2,2,0
inherently_feminist,2,2,0
incredibly_complicated,2,0,2
so_sentimental,2,2,0
strongly_negative,2,1,1
internally_consistent,2,2,0
strongly_present,2,2,0
less_cute,2,1,1
less_curious,2,0,2
less_dark,2,2,0
less_dead,2,2,0
so_self-destructive,2,2,0
so_variable,2,2,0
less_democratic,2,1,1
less_demeaning,2,2,0
as_kind,2,2,0
less_delectable,2,2,0
so_usual,2,0,2
less_defiant,2,2,0
so_utopian,2,1,1
as_unconvincing,2,2,0
just_open,2,1,1
very_advanced,2,1,1
very_adept,2,2,0
just_ours,2,2,0
internally_inconsistent,2,1,1
as_key,2,2,0
strongly_suggestive,2,2,0
as_salient,2,2,0
less_debatable,2,2,0
as_disrespectful,2,2,0
inherently_gay,2,0,2
still_easy,2,1,1
incredibly_exciting,2,1,1
as_fanciful,2,0,2
less_diverse,2,2,0
as_concise,2,1,1
less_contentious,2,2,0
stunningly_attractive,2,1,1
so_uptight,2,1,1
so_undecided,2,2,0
as_monotonous,2,1,1
always_disappointing,2,2,0
so_scathing,2,1,1
very_overwhelming,2,1,1
inherently_exciting,2,1,1
always_stylish,2,2,0
less_conventional,2,2,0
inherently_private,2,1,1
less_contemptible,2,2,0
less_consistent,2,1,1
so_venomous,2,2,0
just_peaceful,2,0,2
still_functional,2,1,1
as_unprecedented,2,2,0
impossibly_bad,2,2,0
as_current,2,2,0
so_risky,2,2,0
unreasonably_difficult,2,2,0
as_humid,2,2,0
as_unnatural,2,1,1
as_exhausted,2,2,0
less_durable,2,2,0
very_bold,2,2,0
as_moist,2,2,0
as_monochromatic,2,2,0
intentionally_personal,2,0,2
strikingly_unusual,2,2,0
just_neutral,2,2,0
very_physical,2,2,0
so_vehement,2,2,0
as_human,2,2,0
less_discouraging,2,1,1
less_correct,2,2,0
as_cuddly,2,2,0
so_sanguine,2,2,0
as_eccentric,2,1,1
as_more,2,1,1
as_moody,2,2,0
as_rotten,2,0,2
as_motivational,2,1,1
as_wet,2,2,0
as_prescient,2,2,0
inherently_permanent,2,1,1
just_normal,2,1,1
incredibly_easy,2,2,0
so_sadistic,2,2,0
instantly_catchy,2,2,0
structurally_unique,2,0,2
less_corrosive,2,2,0
as_invincible,2,2,0
as_unfunny,2,1,1
less_distinct,2,2,0
less_disappointing,2,1,1
so_unconventional,2,1,1
still_extant,2,2,0
as_invulnerable,2,2,0
inherently_pathological,2,0,2
as_homogeneous,2,2,0
as_devout,2,2,0
totally_illogical,1,0,1
very_down,1,0,1
totally_linear,1,1,0
wildly_luxurious,1,0,1
totally_memorable,1,0,1
proudly_confident,1,1,0
totally_expensive,1,0,1
very_diverse,1,1,0
really_ordinary,1,1,0
totally_huge,1,0,1
totally_exact,1,1,0
really_pleasing,1,1,0
totally_hostile,1,1,0
totally_mind-blowing,1,1,0
totally_horrible,1,0,1
proportionally_correct,1,1,0
totally_essential,1,1,0
totally_manageable,1,0,1
provably_true,1,1,0
totally_ludicrous,1,1,0
totally_identical,1,1,0
totally_matte,1,1,0
really_pop,1,1,0
totally_ethereal,1,1,0
wildly_impressive,1,1,0
very_double,1,1,0
proportionately_short,1,1,0
totally_enthusiastic,1,1,0
really_orchestrated,1,1,0
properly_undone,1,1,0
yet_unprepared,1,1,0
very_cinematic,1,1,0
totally_ideal,1,1,0
really_noticable,1,0,1
really_plain,1,0,1
properly_mystical,1,1,0
proudly_conscious,1,1,0
really_pathetic,1,0,1
totally_final,1,1,0
really_offbeat,1,1,0
totally_insensitive,1,0,1
totally_invulnerable,1,1,0
properly_related,1,1,0
totally_inconsistent,1,0,1
totally_incomprehensible,1,1,0
totally_irresponsible,1,1,0
provably_better,1,1,0
proudly_patriotic,1,0,1
totally_familiar,1,1,0
totally_implausible,1,1,0
provably_deadly,1,1,0
properly_philosophical,1,1,0
really_overblown,1,1,0
totally_great,1,1,0
really_overbearing,1,1,0
really_overcrowded,1,1,0
really_offline,1,1,0
properly_relevant,1,1,0
totally_flush,1,1,0
totally_flawless,1,1,0
totally_flamboyant,1,1,0
really_partisan,1,1,0
totally_fluid,1,1,0
really_part-time,1,1,0
really_palpable,1,0,1
really_palatable,1,1,0
properly_scary,1,1,0
totally_formulaic,1,1,0
totally_foreign,1,1,0
properly_scientific,1,1,0
provably_correct,1,1,0
totally_foreseeable,1,1,0
totally_involved,1,1,0
totally_fine,1,1,0
totally_international,1,1,0
totally_gross,1,0,1
really_onboard,1,1,0
totally_helpless,1,1,0
very_civil,1,1,0
properly_square,1,1,0
totally_helpful,1,1,0
totally_faithful,1,1,0
totally_extinct,1,1,0
totally_external,1,1,0
very_domestic,1,1,0
really_phenomenal,1,0,1
really_outlandish,1,0,1
properly_human,1,1,0
provably_erroneous,1,1,0
really_photogenic,1,1,0
really_physical,1,1,0
really_picky,1,1,0
wildly_interested,1,1,0
totally_explicit,1,0,1
really_pink,1,1,0
totally_immaculate,1,1,0
really_perilous,1,0,1
really_online,1,1,0
properly_medieval,1,1,0
properly_soft,1,1,0
wildly_incompatible,1,1,0
totally_groundbreaking,1,0,1
totally_fake,1,1,0
totally_keen,1,1,0
really_peaceful,1,1,0
really_penetrating,1,1,0
totally_legible,1,1,0
really_obsessed,1,1,0
really_nutritious,1,0,1
properly_official,1,1,0
totally_harmless,1,1,0
totally_harmonious,1,1,0
really_one-dimensional,1,1,0
really_obnoxious,1,0,1
really_objective,1,1,0
totally_legitimate,1,1,0
properly_responsible,1,1,0
quite_lazy,1,1,0
totally_minimalist,1,1,0
purely_catholic,1,1,0
totally_unpalatable,1,1,0
really_ignorant,1,1,0
totally_unpaid,1,1,0
purely_chinese,1,1,0
very_dull,1,1,0
really_illuminating,1,1,0
totally_unmanageable,1,1,0
really_imaginary,1,1,0
totally_unknown,1,1,0
really_imaginative,1,0,1
very_assertive,1,0,1
really_immersive,1,0,1
really_imminent,1,1,0
really_immoral,1,0,1
purely_capitalist,1,1,0
purely_blatant,1,1,0
really_imperative,1,1,0
really_implausible,1,1,0
wildly_spectacular,1,1,0
purely_binary,1,1,0
purely_chronological,1,1,0
really_iffy,1,0,1
totally_unpopular,1,1,0
purely_clean,1,1,0
really_horrific,1,0,1
really_hostile,1,0,1
purely_european,1,1,0
purely_environmental,1,1,0
totally_valid,1,1,0
totally_utopian,1,1,0
purely_enjoyable,1,1,0
very_dynamic,1,1,0
purely_electronic,1,0,1
totally_upfront,1,1,0
purely_descriptive,1,1,0
purely_dependant,1,1,0
totally_unsympathetic,1,1,0
totally_unrelated,1,1,0
purely_cyclical,1,1,0
purely_complex,1,1,0
purely_compassionate,1,1,0
really_ideological,1,1,0
purely_coincidental,1,0,1
wildly_sociable,1,1,0
totally_unified,1,1,0
wildly_secure,1,1,0
totally_unacceptable,1,0,1
purely_arbitrary,1,1,0
really_informed,1,1,0
really_inhuman,1,1,0
purely_arab,1,1,0
totally_transcendent,1,1,0
purely_apolitical,1,0,1
totally_terrible,1,1,0
totally_tame,1,1,0
totally_synonymous,1,1,0
very_bent,1,1,0
really_instructive,1,0,1
really_intact,1,1,0
really_integral,1,1,0
really_integrated,1,1,0
really_intellectual,1,0,1
purely_anonymous,1,1,0
very_dry,1,1,0
very_biblical,1,1,0
totally_symmetrical,1,1,0
totally_unable,1,1,0
really_informational,1,1,0
wildly_radical,1,1,0
totally_unaffected,1,1,0
purely_benevolent,1,1,0
really_inappropriate,1,0,1
really_inclined,1,1,0
really_incredible,1,0,1
totally_unhinged,1,1,0
very_audible,1,1,0
really_indecent,1,0,1
totally_unfounded,1,1,0
totally_understandable,1,1,0
purely_beautiful,1,1,0
really_indifferent,1,1,0
totally_uncontrollable,1,1,0
really_indigenous,1,1,0
totally_unaware,1,1,0
very_awake,1,1,0
totally_unavoidable,1,1,0
very_awful,1,1,0
totally_unattractive,1,1,0
very_basic,1,0,1
totally_visible,1,1,0
really_hoppy,1,1,0
really_nicer,1,0,1
wildly_unattainable,1,0,1
tragically_beautiful,1,0,1
really_godly,1,0,1
wildly_unhealthy,1,1,0
traditionally_sympathetic,1,1,0
really_graphic,1,0,1
really_grateful,1,1,0
really_gratified,1,1,0
really_gratuitous,1,1,0
traditionally_socialist,1,1,0
traditionally_sci-fi,1,0,1
purely_exploratory,1,1,0
purely_internal,1,1,0
really_grievous,1,0,1
traditionally_protectionist,1,1,0
really_gruesome,1,0,1
really_guilty,1,1,0
really_gung,1,1,0
purely_instrumental,1,1,0
really_hairless,1,1,0
traditionally_populist,1,1,0
tragically_deluded,1,1,0
tragically_evident,1,1,0
tragically_toxic,1,1,0
really_girly,1,1,0
purely_matte,1,1,0
transparently_measurable,1,1,0
purely_mathematical,1,1,0
transparently_false,1,1,0
really_funky,1,0,1
purely_logical,1,1,0
transparently_accountable,1,1,0
very_applicable,1,1,0
tragically_wrong,1,1,0
really_gay,1,1,0
purely_legal,1,1,0
really_general,1,1,0
really_generic,1,1,0
purely_introverted,1,1,0
really_generous,1,1,0
really_genuine,1,1,0
really_ghastly,1,0,1
tragically_true,1,1,0
really_gimmicky,1,0,1
really_hairy,1,1,0
purely_instinctive,1,1,0
really_handicapped,1,0,1
purely_illustrative,1,1,0
purely_humanitarian,1,0,1
very_appreciative,1,1,0
traditionally_american,1,1,0
very_arguable,1,0,1
purely_gimmicky,1,1,0
purely_german,1,1,0
really_hidden,1,0,1
very_arresting,1,1,0
really_higher,1,1,0
purely_general,1,0,1
totally_white,1,1,0
totally_western,1,1,0
really_historic,1,1,0
purely_financial,1,1,0
purely_feminine,1,1,0
really_homeless,1,1,0
purely_federal,1,1,0
really_hopeful,1,1,0
totally_voluntary,1,1,0
traditionally_beautiful,1,0,1
really_heartbreaking,1,0,1
traditionally_popular,1,1,0
traditionally_cool,1,1,0
purely_infallible,1,1,0
traditionally_ordinary,1,1,0
wildly_terrible,1,0,1
traditionally_open,1,1,0
wildly_talented,1,1,0
traditionally_linear,1,1,0
really_hardcore,1,1,0
purely_individual,1,1,0
really_hardy,1,1,0
traditionally_liberal,1,1,0
purely_indian,1,1,0
really_harmless,1,1,0
traditionally_korean,1,1,0
traditionally_handsome,1,1,0
really_harsh,1,0,1
traditionally_entertaining,1,0,1
purely_imaginary,1,1,0
really_hateful,1,1,0
traditionally_democratic,1,1,0
really_intensive,1,0,1
very_blessed,1,1,0
very_blurred,1,1,0
really_melodramatic,1,0,1
totally_powerless,1,1,0
totally_positive,1,1,0
totally_porous,1,1,0
psychologically_normal,1,1,0
psychologically_masculine,1,1,0
totally_philosophical,1,1,0
really_meaningless,1,1,0
psychologically_invigorating,1,0,1
totally_passive,1,1,0
wildly_passionate,1,1,0
purely_accidental,1,1,0
totally_painless,1,1,0
really_messy,1,0,1
psychologically_impossible,1,0,1
psychologically_ill,1,1,0
really_methodical,1,1,0
really_mind-boggling,1,0,1
totally_overwhelming,1,1,0
really_miraculous,1,0,1
totally_outstanding,1,0,1
psychologically_plausible,1,1,0
psychologically_profound,1,1,0
really_masculine,1,1,0
really_married,1,1,0
totally_responsible,1,1,0
publically_official,1,0,1
really_lower,1,1,0
totally_reluctant,1,1,0
very_caring,1,1,0
really_lucid,1,0,1
totally_ready,1,1,0
publically_available,1,1,0
really_macho,1,0,1
very_casual,1,0,1
totally_proficient,1,1,0
totally_preventable,1,1,0
psychologically_unhealthy,1,0,1
totally_preposterous,1,0,1
very_catchy,1,1,0
very_celebratory,1,1,0
psychologically_stronger,1,1,0
totally_prepared,1,1,0
very_central,1,1,0
really_miscast,1,1,0
psychologically_fundamental,1,0,1
totally_ours,1,1,0
totally_novel,1,1,0
really_national,1,0,1
totally_nomadic,1,1,0
really_nearby,1,1,0
very_charitable,1,1,0
psychologically_addictive,1,0,1
psychologically_acute,1,1,0
psychologically_abrasive,1,0,1
really_neat,1,0,1
very_fishy,1,0,1
totally_neutral,1,1,0
psychologically_able,1,1,0
totally_nerve-wracking,1,1,0
totally_negative,1,1,0
totally_neat,1,1,0
totally_natural,1,0,1
totally_naked,1,1,0
wildly_new,1,0,1
totally_monolithic,1,1,0
totally_modern,1,1,0
totally_nonsensical,1,1,0
psychologically_challenging,1,1,0
really_mistaken,1,1,0
totally_oblivious,1,1,0
totally_optional,1,1,0
psychologically_exhausting,1,1,0
really_modest,1,1,0
psychologically_evocative,1,1,0
really_moisturized,1,1,0
really_momentous,1,0,1
totally_optimistic,1,1,0
totally_opposite,1,1,0
psychologically_easy,1,1,0
really_morose,1,1,0
totally_one-sided,1,1,0
psychologically_disturbing,1,1,0
totally_ok,1,1,0
wildly_offended,1,1,0
really_murky,1,1,0
really_mutual,1,1,0
totally_offline,1,1,0
totally_obsolete,1,1,0
really_naive,1,1,0
totally_restrictive,1,1,0
really_lovely,1,0,1
totally_ridiculous,1,0,1
publicly_hostile,1,1,0
really_inviting,1,0,1
totally_subjective,1,1,0
really_irish,1,0,1
totally_stuck,1,1,0
totally_strange,1,1,0
publicly_gleeful,1,1,0
publicly_forthcoming,1,1,0
publicly_evident,1,1,0
really_irritated,1,1,0
really_jealous,1,1,0
publicly_dismissive,1,1,0
totally_straight,1,1,0
really_joyful,1,1,0
totally_spontaneous,1,1,0
very_british,1,0,1
really_justifiable,1,1,0
really_justified,1,1,0
totally_sovereign,1,1,0
totally_sober,1,1,0
totally_subservient,1,1,0
publicly_intimate,1,1,0
really_kinky,1,0,1
totally_sufficient,1,1,0
really_intentional,1,1,0
really_interactive,1,0,1
really_interchangeable,1,0,1
publicly_willing,1,1,0
wildly_productive,1,1,0
publicly_vocal,1,1,0
very_drunk,1,1,0
publicly_viewable,1,1,0
really_internal,1,1,0
really_intricate,1,0,1
really_intrigued,1,1,0
publicly_uninteresting,1,1,0
publicly_ugly,1,1,0
publicly_supportive,1,1,0
publicly_responsive,1,1,0
publicly_quirky,1,1,0
publicly_outspoken,1,1,0
publicly_open,1,1,0
really_inventive,1,0,1
really_kid-friendly,1,1,0
really_knowledgeable,1,1,0
really_pornographic,1,0,1
really_lightweight,1,1,0
very_fine,1,0,1
yet_underway,1,1,0
publicly_appreciative,1,1,0
really_linear,1,1,0
publicly_apparent,1,0,1
really_liquid,1,1,0
really_literal,1,1,0
publicly_antagonistic,1,1,0
really_local,1,1,0
publicly_angry,1,1,0
totally_sanitary,1,1,0
totally_sanguine,1,1,0
publicly_aggressive,1,1,0
totally_sane,1,1,0
totally_sacred,1,1,0
really_long,1,1,0
totally_round,1,1,0
publicly_acrimonious,1,1,0
totally_righteous,1,1,0
totally_self-contained,1,1,0
totally_selfish,1,1,0
very_broad,1,0,1
totally_separate,1,1,0
really_korean,1,0,1
really_lacking,1,1,0
publicly_consistent,1,0,1
yet_uncertain,1,1,0
totally_single,1,1,0
really_large-scale,1,0,1
very_bulky,1,1,0
really_larger,1,1,0
really_lasting,1,0,1
publicly_confrontational,1,1,0
really_late,1,1,0
very_bullish,1,0,1
really_legit,1,1,0
really_legitimate,1,0,1
really_lethal,1,1,0
very_calm,1,1,0
publicly_clear,1,1,0
really_libertarian,1,0,1
really_life-changing,1,0,1
totally_enthused,1,1,0
too_viral,1,0,1
properly_funny,1,1,0
pretty_wonderful,1,1,0
previously_accessible,1,1,0
widely_misunderstood,1,1,0
too_shady,1,0,1
widely_misleading,1,0,1
really_youthful,1,1,0
really_yummy,1,0,1
too_set,1,0,1
really_zero,1,1,0
very_dead,1,0,1
pretty_wild,1,0,1
really_waterproof,1,1,0
realy_challenging,1,1,0
realy_new,1,1,0
pretty_ugly,1,1,0
realy_obvious,1,1,0
widely_mainstream,1,1,0
pretty_transparent,1,1,0
too_serene,1,0,1
reasonably_accessible,1,1,0
very_futuristic,1,0,1
really_worthless,1,1,0
very_daring,1,0,1
really_worrisome,1,0,1
really_workable,1,1,0
really_weak,1,1,0
really_wealthy,1,1,0
previously_capable,1,1,0
very_customizable,1,1,0
really_wearable,1,0,1
really_welcoming,1,1,0
too_sketchy,1,1,0
too_sinful,1,1,0
really_wet,1,1,0
very_fulfilling,1,1,0
yet_worthy,1,1,0
really_wicked,1,0,1
previously_attainable,1,1,0
too_shrill,1,1,0
previously_at-risk,1,1,0
too_shitty,1,1,0
previously_aggressive,1,1,0
previously_active,1,1,0
really_wise,1,1,0
too_senior,1,1,0
very_devastating,1,1,0
too_selfish,1,1,0
red_hot,1,1,0
pretty_substantial,1,0,1
pretty_strong,1,1,0
pretty_straightforward,1,1,0
refreshingly_new,1,0,1
regionally_comprehensive,1,1,0
regionally_diverse,1,1,0
regionally_sleepy,1,0,1
regularly_active,1,1,0
too_scathing,1,1,0
pretty_steep,1,1,0
regularly_full,1,1,0
regularly_open,1,1,0
relatively_affordable,1,1,0
too_satisfying,1,0,1
relatively_better,1,1,0
too_satisfactory,1,1,0
very_dear,1,1,0
too_sarcastic,1,1,0
too_sanitary,1,0,1
too_scenic,1,0,1
red_available,1,1,0
pretty_terrifying,1,1,0
recognizably_poisonous,1,1,0
too_select,1,1,0
reasonably_necessary,1,1,0
too_seedy,1,1,0
too_sedentary,1,1,0
reasonably_similar,1,1,0
reasonably_susceptible,1,1,0
reasonably_tenable,1,1,0
too_secular,1,1,0
reassuringly_visible,1,1,0
recently_ill,1,1,0
recently_notable,1,0,1
recently_other,1,0,1
pretty_terrible,1,1,0
recently_persistent,1,1,0
recklessly_aggressive,1,1,0
recognizably_conservative,1,0,1
recognizably_familiar,1,1,0
pretty_tasty,1,1,0
recognizably_libertarian,1,0,1
too_sleazy,1,1,0
too_sleek,1,1,0
really_unemployed,1,1,0
really_unreasonable,1,0,1
too_sporadic,1,1,0
too_spontaneous,1,1,0
really_unoccupied,1,1,0
really_unplayable,1,1,0
too_spoiled,1,1,0
too_spiritual,1,0,1
too_speedy,1,1,0
really_unprecedented,1,1,0
very_creamy,1,1,0
really_unrecognizable,1,1,0
really_watchable,1,0,1
really_unstoppable,1,1,0
very_french,1,1,0
too_sparse,1,1,0
really_unthinkable,1,1,0
really_upfront,1,0,1
too_spanish,1,0,1
previously_unqualified,1,1,0
previously_unlocked,1,0,1
too_spacious,1,1,0
really_unnecessary,1,1,0
previously_vulnerable,1,1,0
too_squeamish,1,1,0
really_unlikable,1,1,0
too_stingy,1,1,0
very_core,1,0,1
really_unfolding,1,0,1
very_diligent,1,1,0
really_unfortunate,1,1,0
too_stern,1,0,1
really_unhealthy,1,1,0
too_sterile,1,1,0
primarily_conceptual,1,1,0
really_unimpressive,1,1,0
too_stealthy,1,1,0
too_static,1,0,1
primarily_attributable,1,1,0
too_stark,1,1,0
very_courageous,1,0,1
too_standard,1,1,0
too_stagnant,1,1,0
too_staggering,1,0,1
really_unknown,1,1,0
really_urban,1,1,0
previously_unknown,1,1,0
too_sound,1,1,0
too_snarky,1,0,1
really_virtuous,1,0,1
too_smoky,1,0,1
too_smitten,1,0,1
really_visual,1,0,1
really_vital,1,1,0
previously_native,1,1,0
previously_muslim,1,1,0
previously_married,1,1,0
too_slutty,1,0,1
previously_legal,1,1,0
too_sluggish,1,1,0
previously_interested,1,1,0
really_voluntary,1,1,0
very_digestible,1,1,0
really_vulnerable,1,1,0
previously_confrontational,1,1,0
too_slippery,1,0,1
previously_conceivable,1,1,0
really_wasteful,1,1,0
too_snappy,1,1,0
really_vintage,1,0,1
very_crucial,1,1,0
really_viewable,1,1,0
previously_undiscovered,1,0,1
really_usable,1,0,1
previously_subject,1,1,0
too_sordid,1,1,0
really_useless,1,1,0
too_soothing,1,0,1
previously_public,1,0,1
previously_private,1,0,1
really_user-friendly,1,1,0
very_cuddly,1,0,1
too_sombre,1,1,0
too_solicitous,1,1,0
really_vague,1,0,1
very_frequent,1,1,0
very_curly,1,1,0
really_vast,1,1,0
previously_obvious,1,1,0
really_vegetarian,1,1,0
too_sneaky,1,0,1
pretty_spot,1,1,0
relatively_important,1,1,0
relatively_inexpensive,1,1,0
remarkably_capable,1,1,0
widely_inclusive,1,1,0
religiously_obligatory,1,1,0
pretty_awful,1,1,0
religiously_uniform,1,1,0
remarkably_affordable,1,1,0
remarkably_alarming,1,0,1
pretty_awesome,1,1,0
preternaturally_red,1,1,0
presently_worth,1,1,0
remarkably_consistent,1,1,0
very_debatable,1,0,1
remarkably_daring,1,0,1
presently_visible,1,1,0
remarkably_deep,1,0,1
very_glossy,1,1,0
remarkably_disturbing,1,0,1
too_rainy,1,1,0
remarkably_great,1,0,1
very_gory,1,1,0
very_gracious,1,1,0
too_recognizable,1,0,1
pretty_badass,1,1,0
very_delightful,1,1,0
very_delicious,1,1,0
reliably_lucrative,1,1,0
too_relatable,1,0,1
pretty_drunk,1,1,0
pretty_deep,1,1,0
very_defensible,1,1,0
very_detrimental,1,1,0
pretty_complicated,1,1,0
reliably_pro-life,1,1,0
reliably_successful,1,1,0
pretty_cheap,1,1,0
too_reflective,1,1,0
reliably_sunny,1,1,0
pretty_characteristic,1,1,0
pretty_challenging,1,1,0
religiously_challenging,1,0,1
religiously_charitable,1,1,0
religiously_diverse,1,1,0
religiously_enough,1,1,0
religiously_fundamentalist,1,1,0
remarkably_incompetent,1,1,0
remarkably_inconsistent,1,0,1
too_qualified,1,1,0
remarkably_wrong,1,0,1
remotely_abusive,1,1,0
remotely_accessible,1,1,0
presently_able,1,1,0
too_protective,1,1,0
remotely_admirable,1,0,1
remotely_adventurous,1,0,1
too_prosperous,1,0,1
remotely_affectionate,1,0,1
remotely_affordable,1,1,0
remotely_afraid,1,1,0
remotely_alarmed,1,1,0
prematurely_aware,1,1,0
predominately_latino,1,1,0
predominately_christian,1,1,0
remotely_alluring,1,0,1
predominantly_political,1,1,0
remotely_american,1,0,1
predominantly_noteworthy,1,1,0
remotely_amicable,1,0,1
presently_alive,1,1,0
very_destructive,1,0,1
too_quaint,1,1,0
very_deserving,1,0,1
remarkably_nastier,1,1,0
remarkably_negative,1,0,1
widely_attainable,1,1,0
too_puzzling,1,0,1
too_puzzled,1,1,0
remarkably_real,1,1,0
remarkably_refreshing,1,0,1
presently_unknown,1,1,0
remarkably_revelatory,1,0,1
too_pungent,1,0,1
presently_qualified,1,1,0
too_punchy,1,0,1
remarkably_special,1,0,1
presently_exempt,1,1,0
too_psychological,1,0,1
remarkably_uninhibited,1,0,1
remarkably_unorthodox,1,1,0
remarkably_unremarkable,1,1,0
presently_endangered,1,1,0
reliably_hardy,1,1,0
pretty_dumb,1,0,1
reliably_free,1,1,0
too_ruthless,1,1,0
pretty_poor,1,0,1
relatively_safer,1,1,0
relatively_secure,1,1,0
too_rustic,1,0,1
too_rural,1,1,0
very_general,1,1,0
relatively_slim,1,1,0
relatively_small,1,1,0
pretty_plain,1,0,1
relatively_soft,1,1,0
pretty_original,1,0,1
too_rotten,1,1,0
pretty_normal,1,0,1
relatively_vast,1,1,0
pretty_neat,1,1,0
relatively_weak,1,1,0
too_rigorous,1,0,1
relentlessly_carnal,1,1,0
very_gentle,1,1,0
pretty_rad,1,0,1
relatively_safe,1,1,0
pretty_more,1,1,0
pretty_reliable,1,1,0
relatively_intact,1,1,0
pretty_special,1,1,0
too_sane,1,0,1
pretty_solid,1,1,0
too_safer,1,0,1
pretty_smart,1,1,0
very_debilitating,1,1,0
relatively_invisible,1,1,0
pretty_sanguine,1,1,0
relatively_little,1,0,1
relatively_low,1,1,0
relatively_noteworthy,1,0,1
relatively_open,1,1,0
relatively_outstanding,1,0,1
pretty_rusty,1,1,0
pretty_rough,1,1,0
relatively_painless,1,1,0
relatively_poor,1,1,0
relatively_quiet,1,1,0
relentlessly_cheerful,1,1,0
too_rewarding,1,0,1
pretty_entertaining,1,1,0
pretty_intolerable,1,1,0
pretty_immersive,1,1,0
too_repetitive,1,1,0
pretty_ill-advised,1,1,0
reliably_available,1,1,0
pretty_harsh,1,1,0
pretty_hard,1,1,0
very_decorative,1,0,1
very_germane,1,1,0
too_relentless,1,0,1
reliably_blue,1,0,1
reliably_classic,1,1,0
very_glad,1,1,0
reliably_cold,1,1,0
pretty_funny,1,1,0
reliably_consistent,1,1,0
pretty_extreme,1,1,0
reliably_dry,1,1,0
reliably_effective,1,1,0
reliably_entertaining,1,1,0
too_repulsive,1,1,0
too_resourceful,1,1,0
relentlessly_dark,1,1,0
reliably_accurate,1,1,0
relentlessly_funny,1,1,0
relentlessly_green,1,0,1
relentlessly_loud,1,1,0
pretty_miraculous,1,1,0
relentlessly_positive,1,1,0
too_retro,1,0,1
relentlessly_provocative,1,1,0
relentlessly_single,1,1,0
relentlessly_stupid,1,1,0
too_reticent,1,1,0
too_restful,1,0,1
relentlessly_upbeat,1,1,0
relentlessly_vacuous,1,1,0
relentlessly_violent,1,1,0
pretty_low,1,1,0
too_responsible,1,1,0
pretty_loud,1,1,0
relentlessly_vocal,1,1,0
too_respectful,1,0,1
too_stodgy,1,0,1
primarily_desirable,1,1,0
properly_frightening,1,0,1
too_widespread,1,0,1
profoundly_impressed,1,1,0
totally_able,1,1,0
profoundly_eye-opening,1,0,1
too_yellow,1,1,0
really_saddening,1,1,0
wildly_extravagant,1,0,1
too_wrinkled,1,0,1
too_witty,1,1,0
too_windy,1,1,0
profoundly_evident,1,1,0
profoundly_personal,1,1,0
profoundly_dishonest,1,1,0
very_flippant,1,1,0
really_scarier,1,1,0
profoundly_depressing,1,1,0
profoundly_damaging,1,1,0
too_welcome,1,0,1
really_seamless,1,1,0
profoundly_concerned,1,1,0
profoundly_clear,1,1,0
very_flat,1,1,0
profoundly_irrational,1,1,0
profoundly_meaningful,1,0,1
really_rousing,1,0,1
totally_authentic,1,1,0
really_repeatable,1,1,0
totally_appealing,1,0,1
totally_apparent,1,1,0
totally_anonymous,1,1,0
profoundly_new,1,0,1
totally_altruistic,1,1,0
totally_alien,1,1,0
profoundly_negative,1,1,0
totally_affectionate,1,1,0
profoundly_moronic,1,1,0
totally_achievable,1,1,0
totally_accidental,1,1,0
totally_absurd,1,1,0
really_right-wing,1,1,0
really_rigorous,1,1,0
really_risque,1,0,1
really_rough,1,1,0
really_round,1,1,0
really_secular,1,1,0
profoundly_central,1,1,0
profoundly_beautiful,1,0,1
too_vicious,1,0,1
really_shy,1,1,0
too_verbose,1,0,1
too_variable,1,1,0
too_valid,1,0,1
too_usual,1,0,1
too_useless,1,0,1
wildly_excited,1,1,0
wildly_eventful,1,0,1
too_uptight,1,1,0
too_upfront,1,1,0
too_unworthy,1,1,0
really_skilled,1,1,0
too_unworkable,1,0,1
too_unwieldy,1,1,0
really_slutty,1,0,1
too_unsuitable,1,0,1
too_unsightly,1,0,1
professionally_monogamous,1,1,0
professionally_competent,1,1,0
really_showy,1,1,0
too_vintage,1,0,1
yet_white,1,1,0
too_virtual,1,1,0
profoundly_angry,1,1,0
too_vulnerable,1,1,0
really_self-evident,1,1,0
really_selfish,1,1,0
too_voluptuous,1,1,0
really_sensitive,1,1,0
too_voluminous,1,0,1
really_serendipitous,1,1,0
profoundly_american,1,1,0
professionally_successful,1,1,0
too_volatile,1,1,0
too_vociferous,1,0,1
really_sex,1,1,0
too_vivid,1,1,0
really_shady,1,0,1
too_visionary,1,1,0
really_shallow,1,1,0
too_viscous,1,1,0
professionally_reliant,1,1,0
totally_avoidable,1,1,0
really_remorseful,1,1,0
really_undisciplined,1,0,1
totally_democratic,1,1,0
totally_disruptive,1,1,0
properly_attentive,1,1,0
really_pro,1,1,0
very_cohesive,1,1,0
totally_disinterested,1,1,0
totally_disagreeable,1,1,0
totally_deterministic,1,1,0
totally_determined,1,1,0
totally_depraved,1,1,0
properly_appreciative,1,1,0
totally_awful,1,0,1
really_prominent,1,1,0
really_promiscuous,1,1,0
really_promising,1,1,0
totally_deceitful,1,1,0
really_proprietary,1,0,1
properly_alternative,1,1,0
totally_cynical,1,1,0
totally_curable,1,1,0
totally_consistent,1,1,0
wildly_fond,1,1,0
properly_aware,1,1,0
properly_clean,1,1,0
totally_dissatisfied,1,1,0
really_portable,1,1,0
yet_upright,1,1,0
totally_dumb,1,1,0
wildly_illuminating,1,1,0
wildly_idiosyncratic,1,1,0
properly_free,1,1,0
totally_dramatic,1,1,0
properly_fit,1,1,0
properly_feminine,1,1,0
totally_dominant,1,1,0
properly_extensible,1,1,0
totally_docile,1,1,0
properly_erotic,1,1,0
totally_distracting,1,0,1
totally_distinct,1,1,0
wildly_frantic,1,1,0
really_pretty,1,1,0
properly_comprehensive,1,1,0
properly_clear,1,1,0
really_psychological,1,1,0
properly_active,1,1,0
totally_conscious,1,1,0
profoundly_significant,1,1,0
totally_bored,1,1,0
really_rare,1,0,1
profoundly_serious,1,0,1
totally_blind,1,1,0
very_commonplace,1,0,1
really_reachable,1,1,0
totally_blameless,1,1,0
wildly_farcical,1,0,1
really_recent,1,0,1
really_red,1,0,1
profoundly_present,1,1,0
totally_bereft,1,1,0
totally_benign,1,1,0
really_relaxing,1,1,0
wildly_fantastic,1,0,1
totally_beholden,1,1,0
totally_bare,1,1,0
yet_visionary,1,0,1
totally_backward,1,1,0
totally_boring,1,1,0
very_distinguishable,1,1,0
totally_conclusive,1,1,0
really_random,1,1,0
totally_concerned,1,1,0
really_puzzling,1,0,1
very_collectible,1,1,0
prohibitively_rare,1,1,0
wildly_flamboyant,1,1,0
prohibitively_long,1,1,0
prohibitively_large,1,1,0
really_quantifiable,1,1,0
totally_collective,1,1,0
very_comedic,1,0,1
prohibitively_difficult,1,1,0
progressively_new,1,0,1
profoundly_wrong,1,0,1
profoundly_true,1,1,0
totally_close,1,1,0
really_quotable,1,1,0
really_racist,1,1,0
totally_chaotic,1,1,0
totally_calm,1,1,0
really_sociable,1,1,0
too_unseemly,1,0,1
too_unsavory,1,0,1
very_consuming,1,1,0
really_thoughtful,1,0,1
very_conspicuous,1,0,1
too_thirsty,1,1,0
very_constant,1,0,1
too_textured,1,1,0
really_tidy,1,1,0
probably_edible,1,1,0
too_tasty,1,1,0
really_timid,1,1,0
probably_eager,1,1,0
too_unruly,1,0,1
probably_close,1,1,0
really_toasty,1,1,0
too_tangy,1,0,1
too_tame,1,1,0
probably_central,1,1,0
too_tactical,1,0,1
very_contemporary,1,1,0
really_tolerant,1,1,0
really_top,1,1,0
probably_excited,1,1,0
really_thorough,1,1,0
really_theoretical,1,0,1
too_thoughtful,1,1,0
probably_guilty,1,1,0
too_titillating,1,1,0
probably_greater,1,1,0
probably_good,1,1,0
very_forceful,1,1,0
too_tipsy,1,1,0
probably_gay,1,1,0
really_targeted,1,1,0
really_tasteless,1,1,0
really_tasty,1,1,0
too_tidy,1,0,1
really_tedious,1,1,0
really_tempting,1,0,1
wildly_bad,1,0,1
very_discerning,1,1,0
probably_fine,1,1,0
wildly_ambitious,1,0,1
very_forgiving,1,1,0
really_thankful,1,1,0
probably_asleep,1,1,0
very_contrived,1,0,1
too_tactful,1,1,0
too_succesful,1,1,0
widely_open,1,1,0
primarily_responsible,1,1,0
primarily_repressive,1,1,0
really_truthful,1,1,0
really_typical,1,0,1
too_subservient,1,1,0
really_unattainable,1,1,0
too_subdued,1,1,0
primarily_ideological,1,1,0
too_stylish,1,0,1
too_studious,1,0,1
really_unattractive,1,1,0
really_uncertain,1,1,0
really_uncomfortable,1,1,0
primarily_economic,1,1,0
very_fragile,1,1,0
really_uncommon,1,0,1
too_stressed,1,1,0
very_frail,1,1,0
primarily_subjective,1,0,1
principally_financial,1,1,0
really_touching,1,0,1
principally_more,1,0,1
probably_acceptable,1,1,0
too_synthetic,1,0,1
really_traditional,1,1,0
too_suspenseful,1,0,1
too_susceptible,1,1,0
really_trans,1,1,0
really_transcendent,1,0,1
principally_wrong,1,0,1
too_surreal,1,0,1
principally_strong,1,1,0
principally_remarkable,1,1,0
very_fortunate,1,1,0
too_superstitious,1,0,1
really_tremendous,1,0,1
very_conventional,1,1,0
too_superior,1,1,0
really_trite,1,0,1
too_superficial,1,0,1
too_sumptuous,1,1,0
probably_harder,1,1,0
too_tolerant,1,0,1
really_taboo,1,0,1
too_uninteresting,1,1,0
probably_worth,1,1,0
too_unhealthy,1,0,1
really_steadfast,1,1,0
too_unfortunate,1,0,1
very_disoriented,1,1,0
really_steamy,1,0,1
too_unforgiving,1,1,0
too_unfamiliar,1,0,1
too_unfair,1,1,0
really_stiff,1,1,0
too_unethical,1,1,0
probably_willing,1,1,0
too_unequal,1,1,0
very_dishonest,1,1,0
too_underwhelming,1,1,0
really_strategic,1,1,0
too_understated,1,0,1
too_uncool,1,1,0
really_striking,1,0,1
too_unimportant,1,1,0
probably_worthy,1,1,0
very_comprehensible,1,1,0
very_disruptive,1,1,0
really_solicitous,1,1,0
too_unreasonable,1,0,1
really_sordid,1,0,1
too_unqualified,1,1,0
really_sound,1,1,0
really_sovereign,1,1,0
wildly_enthused,1,1,0
too_unpalatable,1,1,0
wildly_elaborate,1,0,1
really_speculative,1,1,0
really_spherical,1,0,1
too_unpaid,1,1,0
professionally_active,1,1,0
really_spoiled,1,0,1
really_spontaneous,1,0,1
really_spooky,1,0,1
too_unmanageable,1,0,1
too_unknown,1,1,0
too_unjust,1,1,0
wildly_diverse,1,0,1
very_discreet,1,1,0
probably_likely,1,1,0
too_tremendous,1,0,1
wildly_cheap,1,1,0
very_flush,1,1,0
very_confrontational,1,1,0
really_susceptible,1,1,0
very_confusing,1,0,1
really_suspicious,1,0,1
too_tranquil,1,1,0
probably_new,1,1,0
probably_necessary,1,1,0
too_toxic,1,0,1
very_discoverable,1,1,0
probably_more,1,1,0
really_symmetrical,1,1,0
very_foolish,1,1,0
probably_little,1,0,1
too_touchy,1,1,0
too_torturous,1,0,1
too_topical,1,0,1
very_consequential,1,1,0
yet_widespread,1,1,0
probably_overkill,1,1,0
too_uncomplicated,1,1,0
too_trippy,1,0,1
really_stubborn,1,1,0
wildly_difficult,1,1,0
probably_suitable,1,0,1
really_stupid,1,0,1
too_uncharacteristic,1,1,0
probably_significant,1,1,0
probably_short-term,1,1,0
probably_safe,1,1,0
too_unavailable,1,1,0
probably_right,1,1,0
wildly_delirious,1,1,0
probably_resonant,1,1,0
too_truthful,1,1,0
wildly_close,1,1,0
really_superior,1,1,0
probably_present,1,1,0
too_troubled,1,1,0
really_superstitious,1,0,1
very_fluent,1,1,0
transparently_ridiculous,1,1,0
truly_bleak,1,1,0
transparently_simple,1,1,0
typically_expansive,1,1,0
yet_conclusive,1,1,0
truly_white,1,1,0
truly_welcoming,1,1,0
quite_everyday,1,1,0
truly_weird,1,0,1
truly_wealthy,1,1,0
quite_worse,1,0,1
truly_weak,1,1,0
usually_drunk,1,0,1
quite_evangelical,1,1,0
quite_wretched,1,1,0
quite_equivalent,1,0,1
truly_vulgar,1,1,0
quite_young,1,1,0
quite_youthful,1,1,0
quite_zero,1,1,0
truly_vital,1,0,1
truly_visible,1,0,1
rabidly_anti-israel,1,1,0
rabidly_popular,1,1,0
truly_virtuous,1,1,0
usually_dull,1,0,1
usually_english,1,1,0
truly_willing,1,1,0
truly_witty,1,1,0
quite_wide,1,1,0
yet_curable,1,1,0
typically_eligible,1,1,0
typically_detectable,1,1,0
typically_competitive,1,1,0
typically_better,1,1,0
typically_avoidable,1,1,0
usually_distasteful,1,1,0
typically_asian,1,1,0
quite_vulgar,1,1,0
quite_exaggerated,1,1,0
typically_african,1,1,0
yet_convinced,1,1,0
quite_wholesome,1,1,0
typically_able,1,1,0
yet_conscious,1,1,0
twice_rotten,1,1,0
truly_zealous,1,1,0
truly_young,1,1,0
truly_yellow,1,1,0
quite_western,1,1,0
usually_dominant,1,1,0
quite_exact,1,1,0
truly_worthless,1,0,1
truly_vertical,1,1,0
racially_aware,1,1,0
truly_verifiable,1,1,0
truly_unfair,1,0,1
usually_high,1,1,0
quite_energetic,1,1,0
racially_progressive,1,0,1
racially_pure,1,1,0
yet_common,1,1,0
usually_ideal,1,1,0
truly_unforgivable,1,1,0
quite_elite,1,1,0
quite_electric,1,1,0
racially_serene,1,1,0
racially_superior,1,0,1
truly_unkind,1,1,0
racially_weird,1,0,1
truly_uneventful,1,1,0
quite_egregious,1,1,0
truly_understandable,1,1,0
truly_uncomfortable,1,1,0
racially_wrong,1,0,1
truly_unbiased,1,1,0
usually_incorrect,1,0,1
truly_unbelievable,1,1,0
radically_adventurous,1,1,0
racially_neutral,1,0,1
truly_unplanned,1,1,0
quite_epic,1,1,0
racially_identifiable,1,1,0
truly_vegan,1,1,0
racially_black,1,1,0
racially_derogatory,1,0,1
racially_distinct,1,1,0
yet_plentiful,1,1,0
truly_valid,1,1,0
usually_evident,1,1,0
usually_exhaustive,1,1,0
racially_exclusive,1,0,1
truly_urban,1,1,0
usually_fatal,1,1,0
truly_untouched,1,1,0
racially_ignorant,1,1,0
usually_full,1,0,1
truly_upset,1,1,0
truly_upright,1,1,0
truly_uplifting,1,1,0
truly_upbeat,1,1,0
racially_inherent,1,0,1
yet_compatible,1,1,0
racially_insensitive,1,0,1
truly_unusual,1,0,1
typically_english,1,1,0
quite_vintage,1,1,0
quite_crazy,1,1,0
typically_female,1,1,0
ultimately_final,1,1,0
ultimately_effective,1,1,0
quite_terrible,1,0,1
ultimately_doomed,1,0,1
quite_extinct,1,1,0
ultimately_demoralizing,1,1,0
ultimately_definitive,1,1,0
ultimately_dangerous,1,0,1
ultimately_critical,1,1,0
ultimately_correct,1,1,0
quite_thankful,1,1,0
ultimately_conclusive,1,1,0
ultimately_compatible,1,1,0
quite_thick,1,1,0
usually_better,1,1,0
ultimately_beneficial,1,1,0
quite_tight,1,1,0
quite_top,1,1,0
quite_transcendent,1,1,0
quite_transient,1,1,0
ultimately_bad,1,1,0
ultimately_amenable,1,1,0
ultimately_alone,1,1,0
ultimately_free,1,1,0
quite_tame,1,1,0
ultimately_frivolous,1,1,0
ultimately_satisfied,1,1,0
quite_such,1,1,0
ultimately_unattainable,1,0,1
quite_fine,1,1,0
ultimately_true,1,1,0
ultimately_sustainable,1,1,0
quite_figurative,1,1,0
ultimately_serious,1,0,1
usually_advantageous,1,1,0
ultimately_secure,1,1,0
yet_eligible,1,1,0
quite_fierce,1,1,0
quite_tacky,1,0,1
quite_feasible,1,1,0
ultimately_relevant,1,1,0
ultimately_pleasurable,1,0,1
ultimately_persuasive,1,1,0
ultimately_irreplaceable,1,1,0
quite_fancy,1,0,1
quite_sweeter,1,0,1
ultimately_important,1,1,0
quite_taboo,1,1,0
quite_famous,1,1,0
ultimately_advantageous,1,1,0
ultimately_adequate,1,1,0
ultimately_achievable,1,1,0
yet_definitive,1,0,1
quite_unworthy,1,1,0
quite_upbeat,1,1,0
quite_urban,1,1,0
typically_more,1,1,0
typically_life-threatening,1,1,0
typically_large,1,1,0
typically_japanese,1,1,0
quite_excruciating,1,1,0
usually_coincidental,1,1,0
typically_intense,1,1,0
quite_usual,1,0,1
typically_open,1,1,0
typically_horizontal,1,1,0
yet_dear,1,0,1
quite_valuable,1,1,0
yet_dead,1,1,0
typically_good,1,0,1
typically_german,1,1,0
yet_daunting,1,0,1
usually_compulsory,1,1,0
quite_vibrant,1,1,0
usually_controversial,1,1,0
typically_northern,1,1,0
typically_prideful,1,1,0
ultimately_accurate,1,1,0
quite_uncomfortable,1,1,0
ultimately_able,1,1,0
usually_brave,1,1,0
usually_cause,1,1,0
quite_transparent,1,1,0
usually_christian,1,1,0
uber_sensitive,1,1,0
quite_unattainable,1,1,0
uber_rare,1,0,1
uber_professional,1,1,0
uber_popular,1,1,0
uber_breathtaking,1,0,1
quite_unlikely,1,1,0
quite_understandable,1,1,0
yet_dominant,1,1,0
quite_uniform,1,1,0
typically_willing,1,1,0
yet_determined,1,1,0
typically_sufficient,1,1,0
quite_exotic,1,0,1
typically_static,1,1,0
quite_unkind,1,1,0
typically_safe,1,1,0
truly_unbeatable,1,1,0
yet_poor,1,1,0
truly_unavoidable,1,1,0
truly_triumphant,1,1,0
rather_worth,1,1,0
quite_devoid,1,1,0
truly_sovereign,1,1,0
rationally_arguable,1,1,0
rationally_certain,1,1,0
quite_determined,1,1,0
rationally_desirable,1,0,1
truly_soft,1,1,0
quite_detectable,1,1,0
rationally_present,1,1,0
readily_able,1,1,0
truly_social,1,1,0
readily_achievable,1,0,1
readily_adaptable,1,1,0
truly_sneaky,1,0,1
truly_sloppy,1,0,1
readily_applicable,1,1,0
yet_bare,1,0,1
truly_skeptical,1,1,0
yet_red,1,1,0
quite_deft,1,1,0
readily_commensurate,1,1,0
utterly_alien,1,1,0
rather_temporary,1,0,1
rather_tantalizing,1,1,0
rather_tall,1,0,1
rather_misleading,1,0,1
usually_transparent,1,1,0
usually_valid,1,1,0
quite_direct,1,1,0
usually_white,1,0,1
rather_interesting,1,1,0
truly_sterile,1,1,0
quite_difficult,1,1,0
rather_intriguing,1,0,1
usually_wonderful,1,1,0
rather_macho,1,1,0
rather_new,1,0,1
very_excitable,1,1,0
rather_nice,1,1,0
rather_obvious,1,1,0
rather_optimistic,1,1,0
rather_quiet,1,0,1
truly_stellar,1,1,0
truly_stationary,1,1,0
rather_sketchy,1,1,0
rather_small,1,0,1
rather_suitable,1,1,0
truly_spicy,1,1,0
readily_detectable,1,1,0
quite_definitive,1,1,0
utterly_alone,1,1,0
real_busy,1,1,0
real_athletic,1,1,0
utterly_brilliant,1,1,0
utterly_captivating,1,0,1
utterly_clear,1,1,0
truly_self-aware,1,1,0
quite_damning,1,1,0
quite_damaging,1,1,0
truly_seedy,1,1,0
utterly_close,1,1,0
real_bright,1,1,0
real_challenging,1,0,1
real_appropriate,1,1,0
quite_cute,1,1,0
utterly_complete,1,1,0
real_clean,1,1,0
truly_seasonal,1,1,0
real_clever,1,1,0
quite_crunchy,1,1,0
very_exclusive,1,0,1
real_closer,1,1,0
quite_crisp,1,1,0
quite_creepy,1,1,0
real_artistic,1,1,0
utterly_blind,1,0,1
readily_digestible,1,1,0
yet_regular,1,1,0
readily_exploitable,1,0,1
utterly_angry,1,1,0
readily_forthcoming,1,1,0
readily_identifiable,1,1,0
readily_noticeable,1,1,0
readily_obvious,1,1,0
readily_recognizable,1,1,0
utterly_astonishing,1,1,0
readily_searchable,1,1,0
readily_treatable,1,1,0
very_encouraging,1,0,1
real_angry,1,1,0
readily_useable,1,1,0
readily_useful,1,0,1
truly_silver,1,1,0
real_absolute,1,1,0
utterly_bereft,1,1,0
real_aesthetic,1,1,0
real_aggressive,1,1,0
real_ambitious,1,1,0
quite_deadly,1,0,1
utterly_bewildering,1,1,0
yet_quicker,1,1,0
usually_suitable,1,1,0
rather_grave,1,1,0
quite_divine,1,0,1
yet_close,1,1,0
truly_terrified,1,1,0
radically_original,1,0,1
radically_patriotic,1,1,0
radically_religious,1,1,0
truly_tasteless,1,1,0
truly_tangible,1,0,1
quite_dominant,1,1,0
yet_prepared,1,1,0
quite_divisible,1,1,0
truly_suspenseful,1,1,0
yet_coarse,1,0,1
radically_revolutionary,1,0,1
radically_strange,1,1,0
radically_transformative,1,0,1
truly_surprised,1,1,0
usually_much,1,1,0
very_evil,1,0,1
truly_supportive,1,1,0
truly_superb,1,1,0
usually_okay,1,0,1
truly_sufficient,1,1,0
quite_dormant,1,1,0
quite_dramatic,1,1,0
very_enlightened,1,1,0
truly_totalitarian,1,1,0
quite_edible,1,0,1
radically_affordable,1,1,0
yet_commercial,1,1,0
usually_keen,1,1,0
radically_democratic,1,1,0
truly_trans,1,1,0
truly_tragic,1,0,1
radically_evil,1,1,0
very_enormous,1,1,0
radically_free,1,1,0
truly_timeless,1,1,0
quite_drunk,1,1,0
radically_homogenous,1,1,0
usually_life-threatening,1,1,0
radically_incomprehensible,1,0,1
truly_thrilling,1,1,0
truly_threatening,1,1,0
truly_thirsty,1,1,0
radically_innovative,1,0,1
radically_left-wing,1,1,0
truly_thankful,1,1,0
radically_liberal,1,1,0
radically_unbalanced,1,0,1
very_exact,1,1,0
rather_grand,1,0,1
usually_specific,1,1,0
rarely_helpful,1,1,0
rarely_popular,1,1,0
rarely_pure,1,1,0
rarely_sober,1,1,0
rarely_speechless,1,1,0
quite_disappointing,1,1,0
rarely_true,1,1,0
rarely_unkind,1,1,0
usually_silent,1,1,0
quite_dirty,1,1,0
truly_strange,1,0,1
usually_relevant,1,1,0
usually_strong,1,1,0
rather_dead,1,1,0
rather_difficult,1,1,0
rather_distorted,1,0,1
usually_stuck,1,1,0
truly_straightforward,1,1,0
rather_excellent,1,1,0
rather_flat,1,1,0
rather_glorious,1,1,0
rather_good,1,1,0
rarely_fun,1,1,0
rarely_easy,1,1,0
truly_suburban,1,1,0
rapidly_outdated,1,1,0
radically_unhealthy,1,0,1
quite_disturbing,1,1,0
truly_substantive,1,1,0
quite_distracting,1,1,0
truly_stunning,1,0,1
usually_perfect,1,1,0
usually_possible,1,1,0
truly_stuck,1,1,0
usually_prohibitive,1,1,0
truly_strong,1,1,0
rarely_able,1,1,0
quite_discernible,1,1,0
usually_related,1,1,0
rarely_absolute,1,1,0
rarely_active,1,1,0
quite_disinterested,1,1,0
rarely_alone,1,1,0
rarely_boring,1,1,0
quite_disillusioned,1,1,0
quite_disheartening,1,0,1
rarely_concerned,1,1,0
rarely_cost-effective,1,1,0
ultimately_unexpected,1,1,0
ultimately_unique,1,1,0
quite_sturdy,1,1,0
quite_relatable,1,1,0
uniquely_horrible,1,0,1
uniquely_harrowing,1,0,1
uniquely_harmful,1,0,1
uniquely_greek,1,0,1
uniquely_full,1,1,0
quite_pleasant,1,1,0
uniquely_feminine,1,0,1
uniquely_exciting,1,0,1
quite_poignant,1,1,0
uniquely_english,1,0,1
uniquely_eccentric,1,1,0
uniquely_divisive,1,0,1
quite_powerful,1,1,0
uniquely_different,1,0,1
uniquely_delicious,1,0,1
quite_idle,1,1,0
quite_practicable,1,1,0
uniquely_dark,1,1,0
unpleasantly_reminiscent,1,1,0
uniquely_compelling,1,1,0
quite_practical,1,1,0
uniquely_communist,1,1,0
unquestionably_better,1,1,0
uniquely_identifiable,1,1,0
quite_petty,1,1,0
quite_perverse,1,1,0
uniquely_medieval,1,0,1
quite_immediate,1,1,0
yet_irreversible,1,1,0
yet_illegal,1,1,0
quite_outspoken,1,1,0
yet_honorable,1,0,1
uniquely_oppressive,1,1,0
quite_overwhelming,1,1,0
quite_imaginative,1,1,0
quite_palatable,1,1,0
uniquely_nationalist,1,1,0
quite_ill,1,0,1
quite_persuasive,1,1,0
uniquely_local,1,0,1
quite_past,1,1,0
very_european,1,1,0
quite_peaceful,1,1,0
uniquely_limited,1,1,0
uniquely_korean,1,1,0
uniquely_jewish,1,0,1
quite_perky,1,1,0
uniquely_italian,1,0,1
unnecessarily_unkind,1,1,0
quite_precious,1,1,0
unquestionably_compelling,1,1,0
uniquely_characteristic,1,1,0
quite_quiet,1,1,0
quite_horrific,1,1,0
unintentionally_impolite,1,1,0
unintentionally_humorous,1,1,0
quite_prominent,1,1,0
unintentionally_goofy,1,1,0
quite_proper,1,1,0
uniformly_vegetarian,1,1,0
quite_horrendous,1,1,0
uniformly_unfair,1,1,0
quite_pure,1,1,0
uniformly_true,1,1,0
uniquely_abusive,1,0,1
uniformly_tedious,1,1,0
uniformly_safe,1,1,0
uniformly_reflective,1,1,0
uniformly_recognizable,1,0,1
uniformly_ready,1,1,0
unrealistically_low,1,1,0
yet_fruitful,1,1,0
uniformly_navigable,1,1,0
quite_realistic,1,1,0
quite_reclusive,1,1,0
unrealistically_large,1,0,1
quite_profitable,1,1,0
unquestionably_effective,1,1,0
yet_guilty,1,0,1
unquestionably_good,1,1,0
unquestionably_significant,1,0,1
uniquely_buddhist,1,1,0
uniquely_beautiful,1,1,0
unrealistically_hopeful,1,1,0
uniquely_bad,1,0,1
uniquely_available,1,1,0
uniquely_australian,1,1,0
quite_prevalent,1,1,0
yet_historical,1,1,0
uniquely_amazing,1,0,1
yet_gray,1,1,0
quite_pricey,1,1,0
yet_great,1,1,0
quite_pristine,1,1,0
quite_privy,1,1,0
uniquely_african,1,0,1
quite_pro-israel,1,1,0
uniquely_advantageous,1,0,1
unrealistically_humble,1,1,0
quite_proficient,1,1,0
quite_humorous,1,1,0
unnecessarily_technical,1,1,0
uniquely_provocative,1,0,1
uniquely_readable,1,1,0
universally_beneficial,1,1,0
quite_low,1,1,0
quite_lucid,1,1,0
quite_invisible,1,1,0
quite_intolerable,1,1,0
quite_magnificent,1,0,1
universally_easy,1,1,0
universally_dependable,1,1,0
quite_mindless,1,1,0
universally_comforting,1,1,0
universally_clear,1,1,0
universally_beloved,1,1,0
universally_flattering,1,0,1
universally_wise,1,1,0
quite_mistaken,1,0,1
quite_monstrous,1,1,0
universally_appealing,1,1,0
unmistakably_clear,1,0,1
unnaturally_brown,1,1,0
quite_more,1,1,0
universally_agreeable,1,1,0
uniquely_wrong,1,0,1
quite_motivated,1,1,0
universally_excited,1,1,0
universally_fundamental,1,1,0
uniquely_wicked,1,0,1
universally_solid,1,1,0
universally_satisfying,1,1,0
universally_right,1,1,0
universally_secure,1,1,0
quite_last,1,1,0
quite_legitimate,1,1,0
universally_respected,1,1,0
quite_lengthy,1,0,1
quite_lethal,1,1,0
universally_significant,1,1,0
quite_like,1,0,1
quite_juicy,1,1,0
quite_irresponsible,1,1,0
universally_practical,1,1,0
quite_likely,1,1,0
quite_linear,1,1,0
quite_literal,1,1,0
yet_new,1,1,0
yet_more,1,0,1
quite_local,1,1,0
universally_oppressed,1,1,0
quite_logical,1,1,0
universally_interesting,1,0,1
quite_moving,1,1,0
quite_narrow,1,1,0
quite_other,1,1,0
uniquely_significant,1,1,0
unnecessarily_complex,1,1,0
yet_laid,1,1,0
uniquely_spiritual,1,0,1
unnecessarily_crude,1,1,0
uniquely_sovereign,1,0,1
quite_impossible,1,0,1
yet_jaded,1,1,0
quite_opaque,1,1,0
uniquely_southern,1,1,0
unnecessarily_cruel,1,1,0
uniquely_russian,1,0,1
quite_impressed,1,1,0
uniquely_rotten,1,0,1
unnecessarily_harsh,1,1,0
uniquely_religious,1,0,1
quite_optimal,1,1,0
quite_optimistic,1,1,0
uniquely_recognisable,1,1,0
quite_ordinary,1,1,0
unnecessarily_remote,1,1,0
quite_orthodox,1,1,0
uniquely_real,1,0,1
quite_obnoxious,1,1,0
yet_live,1,1,0
quite_inexplicable,1,1,0
uniquely_urban,1,0,1
uniquely_warped,1,1,0
quite_inevitable,1,1,0
uniquely_vulnerable,1,0,1
quite_niche,1,1,0
uniquely_virtuous,1,0,1
uniquely_useful,1,0,1
unnaturally_hard,1,1,0
quite_inert,1,1,0
quite_nostalgic,1,0,1
quite_inclusive,1,1,0
uniquely_unique,1,1,0
quite_obese,1,1,0
uniquely_toxic,1,1,0
quite_notable,1,1,0
unnecessarily_apologetic,1,1,0
yet_mature,1,1,0
uniquely_threatening,1,1,0
quite_noticeable,1,1,0
uniquely_terrible,1,0,1
uniquely_superior,1,1,0
unnecessarily_competitive,1,1,0
uniquely_stressful,1,0,1
yet_free,1,1,0
uniformly_male,1,1,0
ultimately_valid,1,1,0
quite_horny,1,1,0
quite_forgettable,1,1,0
undeniably_true,1,0,1
undeniably_satisfied,1,0,1
undeniably_present,1,1,0
quite_forceful,1,1,0
quite_showy,1,1,0
quite_forbidden,1,1,0
undeniably_haunting,1,0,1
quite_significant,1,1,0
unusually_toxic,1,1,0
unusually_warm,1,1,0
undeniably_english,1,1,0
undeniably_catchy,1,1,0
quite_silly,1,1,0
unconstitutionally_vague,1,0,1
uncomfortably_tired,1,1,0
quite_skilled,1,0,1
uncomfortably_tight,1,1,0
uncomfortably_spicy,1,1,0
uncomfortably_hungry,1,1,0
quite_soft,1,1,0
uncomfortably_firm,1,1,0
uncomfortably_difficult,1,1,0
understandably_worried,1,1,0
undoubtedly_aware,1,1,0
undoubtedly_forthcoming,1,1,0
unusually_sinister,1,0,1
unduly_elated,1,1,0
unduly_dry,1,1,0
unduly_discriminatory,1,1,0
unusually_mobile,1,0,1
unduly_confused,1,1,0
unusually_offensive,1,0,1
quite_scared,1,1,0
quite_frightening,1,1,0
quite_scarier,1,1,0
unusually_pleasant,1,1,0
quite_fragile,1,1,0
unduly_afraid,1,1,0
quite_scary,1,1,0
unduly_certain,1,1,0
quite_forthright,1,1,0
quite_forthcoming,1,1,0
quite_set,1,1,0
unduly_austere,1,1,0
unduly_alarmed,1,1,0
unusually_small,1,1,0
unusually_squeamish,1,1,0
yet_familiar,1,1,0
quite_solitary,1,1,0
quite_sorry,1,1,0
uncomfortably_chilly,1,1,0
usually_accessible,1,1,0
urgently_wrong,1,0,1
unapologetically_feminine,1,1,0
quite_standard,1,0,1
quite_static,1,1,0
unapologetically_badass,1,0,1
yet_peaceful,1,0,1
unambiguously_wrong,1,1,0
unambiguously_sinful,1,1,0
unambiguously_noble,1,1,0
unambiguously_negative,1,1,0
unambiguously_liberating,1,1,0
urgently_proactive,1,1,0
unambiguously_benevolent,1,1,0
unambiguously_bad,1,1,0
unacceptably_high,1,0,1
unabashedly_honest,1,0,1
ultra_successful,1,1,0
ultra_formal,1,1,0
quite_stressful,1,0,1
quite_strident,1,1,0
ultra_exciting,1,0,1
ultimately_visible,1,0,1
urgently_real,1,0,1
unashamedly_impersonal,1,1,0
unusually_weak,1,1,0
unbearably_ugly,1,1,0
quite_flexible,1,1,0
quite_flattered,1,1,0
uncomfortably_busy,1,1,0
uncharacteristically_bright,1,1,0
unbelievably_special,1,0,1
unbelievably_satisfied,1,1,0
unusually_wrong,1,0,1
up_high,1,1,0
unbelievably_blatant,1,1,0
yet_overgrown,1,1,0
unbearably_tedious,1,0,1
yet_exclusive,1,1,0
quite_spicy,1,1,0
yet_exempt,1,1,0
urgently_concerned,1,1,0
quite_flat,1,0,1
unbearably_sore,1,1,0
unbearably_intense,1,1,0
urgently_needed,1,1,0
unbearably_cruel,1,1,0
unbearably_cheesy,1,1,0
unbearably_bad,1,1,0
quite_savvy,1,1,0
unduly_expansive,1,1,0
unusually_lengthy,1,0,1
unrelentingly_serious,1,1,0
unrelentingly_grim,1,1,0
uniformly_black,1,1,0
quite_replaceable,1,1,0
uniformly_bad,1,1,0
uniformly_available,1,1,0
unrelentingly_inhospitable,1,1,0
quite_handsome,1,1,0
uniformly_applicable,1,1,0
quite_revolutionary,1,1,0
unrelentingly_manipulative,1,0,1
uniformly_accurate,1,1,0
yet_other,1,1,0
unfortunately_rare,1,1,0
quite_greek,1,1,0
unfortunately_different,1,0,1
yet_over,1,1,0
unfathomably_wealthy,1,1,0
unfairly_hard,1,1,0
quite_rich,1,1,0
unfairly_discriminatory,1,1,0
quite_gratuitous,1,1,0
quite_grateful,1,1,0
unrelentingly_dark,1,1,0
uniformly_christian,1,1,0
unfailingly_depressing,1,1,0
quite_heartbreaking,1,0,1
quite_related,1,1,0
unrealistically_upbeat,1,1,0
unreasonably_burdensome,1,1,0
yet_forgiving,1,1,0
uniformly_liberal,1,1,0
quite_relaxed,1,1,0
quite_relaxing,1,1,0
quite_relevant,1,1,0
quite_heroic,1,0,1
quite_reliable,1,1,0
unreasonably_loud,1,1,0
quite_repeatable,1,1,0
quite_religious,1,1,0
uniformly_islamic,1,1,0
yet_firm,1,1,0
unreasonably_proud,1,1,0
unrelentingly_bleak,1,1,0
uniformly_grey,1,0,1
uniformly_good,1,1,0
uniformly_flat,1,1,0
uniformly_elegant,1,1,0
uniformly_easy,1,1,0
unfairly_difficult,1,1,0
quite_gory,1,1,0
unduly_gory,1,1,0
unduly_sanguine,1,1,0
unusually_expensive,1,1,0
quite_runny,1,1,0
unduly_violent,1,1,0
unusually_hostile,1,1,0
quite_fun,1,1,0
unduly_strict,1,1,0
quite_same,1,1,0
unduly_stimulating,1,1,0
unduly_skeptical,1,1,0
unduly_short,1,1,0
unduly_restrictive,1,1,0
quite_routine,1,1,0
quite_satirical,1,1,0
unduly_radical,1,0,1
unduly_passive,1,1,0
unduly_outrageous,1,0,1
unduly_oppressive,1,1,0
unduly_hot,1,1,0
unusually_jarring,1,0,1
yet_fashionable,1,1,0
unusually_jaw-dropping,1,0,1
unusually_large,1,1,0
unequivocally_bad,1,1,0
quite_rough,1,1,0
unexpectedly_wrong,1,0,1
unusually_cool,1,1,0
unrelentingly_smooth,1,1,0
quite_glad,1,1,0
quite_ripe,1,0,1
quite_robotic,1,1,0
unexpectedly_negative,1,0,1
unexpectedly_complex,1,1,0
unusually_big,1,0,1
unexpectedly_colorful,1,1,0
quite_robust,1,1,0
quite_german,1,1,0
unusually_difficult,1,0,1
unequivocally_british,1,1,0
unequivocally_useless,1,1,0
unequivocally_uneasy,1,1,0
unusually_effective,1,1,0
quite_genuine,1,1,0
unequivocally_pleased,1,1,0
quite_garish,1,1,0
unequivocally_good,1,1,0
unequivocally_famous,1,1,0
quite_romantic,1,1,0
unequivocally_certain,1,1,0
very_encouraged,1,0,1
truly_scandalous,1,0,1
transparently_wrong,1,0,1
wonderfully_crisp,1,1,0
verbally_obvious,1,1,0
purposely_unkind,1,1,0
truly_elemental,1,0,1
purposely_overblown,1,1,0
really_constructive,1,1,0
purposely_obtuse,1,1,0
truly_electrifying,1,1,0
very_eclectic,1,0,1
truly_egregious,1,0,1
truly_efficient,1,1,0
really_controversial,1,1,0
purposely_abusive,1,1,0
truly_effectual,1,1,0
very_abnormal,1,0,1
really_conventional,1,1,0
truly_edgy,1,1,0
really_convertible,1,1,0
purposefully_ugly,1,0,1
truly_economical,1,1,0
purposefully_dramatic,1,1,0
truly_dry,1,1,0
truly_dogmatic,1,1,0
truly_dissonant,1,1,0
really_consequential,1,0,1
verbally_incomprehensible,1,0,1
really_connected,1,1,0
really_confidential,1,1,0
quickly_popular,1,1,0
wonderfully_clear,1,1,0
quickly_high,1,1,0
truly_epic,1,1,0
truly_enthusiastic,1,1,0
really_conducive,1,1,0
truly_enjoyable,1,1,0
quickly_enough,1,1,0
truly_english,1,1,0
quickly_decisive,1,1,0
truly_endangered,1,1,0
truly_elite,1,1,0
truly_enchanting,1,1,0
truly_empowered,1,0,1
really_confusing,1,1,0
quickly_able,1,1,0
verbally_graphic,1,0,1
truly_elusive,1,1,0
wonderfully_clean,1,1,0
qualitatively_instructive,1,1,0
wonderfully_campy,1,0,1
truly_eloquent,1,1,0
very_acceptable,1,1,0
wonderfully_beautiful,1,1,0
very_accepting,1,1,0
truly_convinced,1,1,0
truly_curable,1,1,0
purely_transactional,1,1,0
purely_traditional,1,1,0
very_addictive,1,1,0
purely_theatrical,1,1,0
really_cultural,1,0,1
truly_cozy,1,1,0
truly_correct,1,1,0
really_cute,1,0,1
really_cynical,1,0,1
really_damning,1,0,1
truly_cynical,1,1,0
truly_convenient,1,1,0
truly_contrary,1,0,1
really_daring,1,1,0
truly_continuous,1,1,0
really_data-driven,1,1,0
woefully_bad,1,1,0
really_dear,1,1,0
really_debatable,1,1,0
truly_content,1,1,0
really_decent,1,1,0
truly_custom,1,0,1
purely_true,1,1,0
truly_dissatisfied,1,1,0
truly_discernible,1,1,0
purposefully_cruel,1,1,0
truly_disposable,1,1,0
really_cosmic,1,0,1
very_accustomed,1,1,0
woefully_unprepared,1,1,0
purely_wild,1,1,0
very_eccentric,1,0,1
truly_dispassionate,1,1,0
purely_western,1,1,0
truly_disgusting,1,0,1
purely_utilitarian,1,1,0
very_feasible,1,1,0
really_criminal,1,0,1
truly_dirty,1,0,1
really_crispy,1,1,0
truly_direct,1,1,0
truly_devastating,1,0,1
truly_delightful,1,1,0
purely_urban,1,1,0
truly_definitive,1,0,1
purely_turkish,1,1,0
truly_decisive,1,1,0
very_fearful,1,1,0
truly_equitable,1,1,0
real_complex,1,0,1
verbally_effusive,1,1,0
really_christian,1,1,0
quite_agile,1,1,0
vaguely_sensible,1,1,0
wonderfully_picturesque,1,1,0
really_chummy,1,1,0
really_civilized,1,1,0
quite_adventurous,1,1,0
truly_glamorous,1,0,1
quite_advantageous,1,1,0
truly_german,1,1,0
quite_advanced,1,0,1
truly_genuine,1,0,1
truly_fun,1,1,0
truly_frustrated,1,1,0
truly_fruitful,1,1,0
quite_adult,1,1,0
truly_frosty,1,1,0
vaguely_spiritual,1,1,0
vaguely_suggestive,1,0,1
truly_french,1,1,0
really_clear-cut,1,1,0
quite_addicted,1,1,0
wonderfully_happy,1,1,0
quite_agreeable,1,1,0
truly_gritty,1,1,0
truly_gruesome,1,1,0
really_changeable,1,1,0
truly_hierarchical,1,1,0
truly_heterosexual,1,1,0
really_celebrated,1,1,0
really_celebratory,1,1,0
wonderfully_pleasant,1,1,0
truly_heartbroken,1,1,0
truly_harsh,1,1,0
vaguely_revelatory,1,0,1
quite_alternate,1,1,0
quite_alright,1,1,0
really_charismatic,1,1,0
truly_grumpy,1,1,0
truly_harmful,1,0,1
truly_hardcore,1,1,0
truly_hard-hitting,1,1,0
truly_hard,1,1,0
really_charming,1,1,0
quite_alien,1,1,0
really_cheery,1,1,0
quite_akin,1,0,1
quite_airtight,1,1,0
vaguely_scholarly,1,0,1
truly_freaky,1,0,1
quite_accustomed,1,1,0
yet_thriving,1,1,0
truly_existent,1,1,0
truly_external,1,0,1
truly_explosive,1,1,0
quintessentially_conservative,1,0,1
vastly_better,1,1,0
really_commonplace,1,1,0
quietly_shocking,1,1,0
truly_expensive,1,0,1
quietly_powerful,1,1,0
quietly_perceptive,1,1,0
quietly_joyous,1,1,0
quietly_compelling,1,1,0
truly_extinct,1,1,0
quickly_widespread,1,1,0
really_competent,1,0,1
truly_exclusive,1,1,0
vastly_exciting,1,0,1
vastly_wealthy,1,1,0
truly_european,1,0,1
verbally_agile,1,1,0
wonderfully_erotic,1,0,1
verbally_belligerent,1,1,0
truly_eternal,1,1,0
really_committed,1,0,1
vaguely_warm,1,1,0
quite_accidental,1,1,0
wonderfully_frank,1,1,0
truly_frantic,1,1,0
truly_foreign,1,1,0
quite_acceptable,1,1,0
really_cohesive,1,0,1
truly_flawed,1,0,1
really_colder,1,1,0
vaguely_true,1,1,0
vaguely_useful,1,0,1
truly_feasible,1,1,0
really_colorful,1,1,0
truly_fearless,1,1,0
quintessentially_french,1,1,0
really_combustible,1,0,1
truly_fascinating,1,1,0
quintessentially_relaxing,1,0,1
really_comedic,1,1,0
quintessentially_new,1,0,1
wonderfully_exciting,1,1,0
really_comic,1,0,1
quintessentially_mexican,1,0,1
quintessentially_italian,1,1,0
truly_fabulous,1,0,1
purely_technological,1,1,0
truly_contemporary,1,1,0
truly_constant,1,1,0
really_defensible,1,1,0
purely_personal,1,1,0
truly_addicting,1,0,1
truly_active,1,1,0
really_eye-catching,1,0,1
really_eye-opening,1,0,1
purely_peaceful,1,1,0
purely_partisan,1,0,1
very_amused,1,1,0
truly_abysmal,1,1,0
really_faithful,1,1,0
really_false,1,1,0
truly_absurd,1,1,0
very_analytical,1,1,0
very_fierce,1,1,0
truely_good,1,1,0
truely_enjoyable,1,0,1
really_fashionable,1,0,1
purely_ours,1,1,0
purely_original,1,1,0
purely_organic,1,1,0
truely_comfortable,1,1,0
truely_coherent,1,1,0
truely_accurate,1,1,0
truly_addictive,1,1,0
very_amiable,1,1,0
truly_adult,1,0,1
truly_airtight,1,1,0
truly_applicable,1,1,0
truly_annoying,1,0,1
truly_ancient,1,1,0
purely_random,1,1,0
truly_analogous,1,0,1
truly_amiss,1,0,1
truly_amateur,1,1,0
purely_psychological,1,1,0
purely_professional,1,1,0
truly_alien,1,0,1
wildly_wrong,1,1,0
truly_adventurous,1,1,0
truly_agile,1,1,0
truly_aggressive,1,1,0
really_expedient,1,0,1
truly_african,1,0,1
really_expendable,1,1,0
truly_affectionate,1,1,0
truly_advisory,1,1,0
truly_adversarial,1,1,0
really_explosive,1,1,0
purely_platonic,1,0,1
really_fatigued,1,1,0
really_faulty,1,0,1
tremendously_wrong,1,0,1
really_forthcoming,1,1,0
purely_musical,1,0,1
tremendously_important,1,0,1
tremendously_groundbreaking,1,0,1
very_early,1,1,0
wildly_variable,1,1,0
really_foolproof,1,1,0
tremendously_frightening,1,1,0
tremendously_fancy,1,0,1
purely_metaphorical,1,1,0
tremendously_excited,1,1,0
really_forward,1,1,0
purely_natural,1,1,0
really_freakin,1,0,1
wildly_unrealistic,1,1,0
tremendously_different,1,1,0
tremendously_deep,1,1,0
tremendously_comforting,1,0,1
really_frightened,1,1,0
purely_medical,1,1,0
purely_mechanical,1,1,0
tremendously_aggressive,1,1,0
really_fruity,1,0,1
really_fluent,1,1,0
really_flexible,1,1,0
really_fearful,1,1,0
tremendously_new,1,0,1
very_fiery,1,1,0
tremendously_wild,1,0,1
tremendously_unfamiliar,1,0,1
tremendously_special,1,0,1
tremendously_popular,1,1,0
really_feminine,1,1,0
purely_operational,1,1,0
really_firm,1,1,0
tremendously_pleasing,1,1,0
tremendously_original,1,0,1
purely_new,1,0,1
really_flawless,1,1,0
very_appalling,1,0,1
tremendously_lucrative,1,1,0
really_fitting,1,1,0
really_flamboyant,1,0,1
really_flammable,1,1,0
tremendously_long,1,1,0
tremendously_intricate,1,0,1
tremendously_innovative,1,0,1
really_flattering,1,1,0
purely_negative,1,1,0
truly_appropriate,1,0,1
very_american,1,0,1
truly_ashamed,1,1,0
very_affordable,1,0,1
truly_coherent,1,1,0
really_digital,1,0,1
truly_clear-cut,1,1,0
truly_classical,1,1,0
really_dire,1,0,1
really_direct,1,1,0
really_disagreeable,1,0,1
truly_circular,1,1,0
truly_christian,1,1,0
truly_cheap,1,1,0
really_disastrous,1,0,1
truly_coincidental,1,1,0
really_discernible,1,0,1
truly_catastrophic,1,0,1
really_discouraging,1,0,1
really_distasteful,1,0,1
truly_caring,1,1,0
truly_captive,1,1,0
truly_canadian,1,1,0
purely_selfish,1,1,0
truly_bright,1,1,0
truly_breathtaking,1,1,0
purely_southern,1,1,0
purely_spectacular,1,0,1
truly_bombastic,1,0,1
very_feminist,1,1,0
truly_consequential,1,0,1
truly_confident,1,1,0
truly_concrete,1,1,0
truly_comprehensive,1,1,0
really_demonstrative,1,0,1
truly_complimentary,1,1,0
truly_complicated,1,1,0
really_depressing,1,0,1
really_derivative,1,0,1
truly_complex,1,0,1
purely_tame,1,1,0
willfully_naive,1,1,0
purely_sweet,1,1,0
truly_competent,1,1,0
really_destructive,1,1,0
purely_supportive,1,0,1
very_adult,1,1,0
truly_communist,1,1,0
truly_commonplace,1,1,0
purely_spiritual,1,1,0
purely_speculative,1,1,0
willfully_provocative,1,1,0
truly_brave,1,0,1
truly_blunt,1,0,1
purely_rational,1,1,0
purely_relaxed,1,1,0
really_egregious,1,0,1
really_elaborate,1,0,1
truly_balanced,1,1,0
very_alarming,1,0,1
really_elusive,1,0,1
truly_awesome,1,1,0
really_embarrassed,1,1,0
very_amazing,1,0,1
really_emblematic,1,1,0
truly_available,1,1,0
purely_red,1,1,0
purely_representative,1,1,0
really_endangered,1,1,0
purely_realistic,1,1,0
purely_reactive,1,1,0
really_engrossing,1,1,0
truly_automatic,1,1,0
truly_autobiographical,1,1,0
very_ambiguous,1,0,1
truly_australian,1,1,0
purely_reactionary,1,1,0
really_enticing,1,0,1
really_effusive,1,1,0
very_airy,1,0,1
purely_scientific,1,1,0
really_dumb,1,1,0
really_down,1,1,0
willfully_eccentric,1,0,1
truly_bizarre,1,0,1
really_dressy,1,0,1
really_driven,1,1,0
truly_bitter,1,1,0
purely_satisfying,1,1,0
truly_biodegradable,1,1,0
really_due,1,0,1
truly_bilingual,1,1,0
purely_sane,1,1,0
very_agricultural,1,1,0
really_dysfunctional,1,0,1
truly_best,1,1,0
willfully_dishonest,1,1,0
purely_sad,1,1,0
really_edgy,1,1,0
really_edible,1,1,0
purely_retro,1,1,0
truly_benevolent,1,1,0
willfully_contemporary,1,1,0
truly_believable,1,1,0
vaguely_recognisable,1,1,0
truly_high,1,1,0
really_catholic,1,0,1
utterly_transparent,1,1,0
utterly_inane,1,0,1
quite_compatible,1,1,0
utterly_incriminating,1,0,1
real_speechless,1,1,0
utterly_insane,1,0,1
real_steep,1,0,1
truly_pastoral,1,1,0
yet_silent,1,1,0
real_strenuous,1,0,1
real_successful,1,1,0
utterly_interesting,1,0,1
truly_passionate,1,1,0
truly_paradoxical,1,1,0
real_surprised,1,0,1
truly_palpable,1,1,0
real_sweet,1,1,0
truly_painful,1,1,0
real_sympathetic,1,1,0
real_tall,1,1,0
real_technical,1,0,1
quite_comfy,1,1,0
real_tense,1,1,0
truly_overpowering,1,1,0
real_specialized,1,0,1
very_elite,1,1,0
utterly_impossible,1,0,1
quite_complex,1,1,0
real_productive,1,0,1
real_professional,1,0,1
real_prominent,1,0,1
real_real,1,1,0
truly_political,1,1,0
real_revolutionary,1,0,1
truly_poignant,1,0,1
real_scared,1,1,0
truly_pleased,1,1,0
real_severe,1,0,1
utterly_important,1,0,1
yet_sexist,1,1,0
real_showy,1,0,1
very_eloquent,1,1,0
real_skinny,1,1,0
real_slight,1,1,0
truly_playable,1,1,0
yet_serious,1,0,1
real_social,1,1,0
truly_phenomenal,1,0,1
quite_competitive,1,1,0
truly_pertinent,1,1,0
truly_overcome,1,1,0
utterly_miserable,1,0,1
real_true,1,1,0
really_abnormal,1,0,1
utterly_stupid,1,1,0
utterly_sure,1,1,0
quite_cohesive,1,1,0
realistically_terrifying,1,1,0
quite_coherent,1,0,1
quite_co-operative,1,1,0
realistically_threatening,1,1,0
really_3d,1,1,0
yet_apocalyptic,1,0,1
truly_offline,1,1,0
truly_off-putting,1,1,0
truly_okay,1,1,0
truly_obscure,1,1,0
utterly_terrible,1,1,0
really_abstract,1,1,0
really_abundant,1,1,0
really_abused,1,1,0
very_elastic,1,1,0
truly_noble,1,1,0
utterly_terrified,1,1,0
quite_cloying,1,1,0
truly_newsworthy,1,1,0
realistically_sad,1,1,0
utterly_sharp,1,1,0
real_upset,1,1,0
truly_optional,1,0,1
real_vocal,1,1,0
real_worth,1,1,0
truly_outrageous,1,0,1
realistically_accurate,1,1,0
realistically_achievable,1,1,0
utterly_negative,1,1,0
truly_outlandish,1,1,0
utterly_pessimistic,1,1,0
truly_oriented,1,1,0
yet_single,1,0,1
realistically_available,1,1,0
truly_old,1,1,0
realistically_enforceable,1,1,0
truly_optimistic,1,1,0
utterly_political,1,1,0
truly_optimal,1,1,0
realistically_likely,1,1,0
truly_opposite,1,1,0
utterly_repulsive,1,0,1
utterly_ridiculous,1,1,0
truly_opaque,1,1,0
quite_coincidental,1,1,0
real_pretentious,1,0,1
real_precious,1,1,0
real_popular,1,1,0
truly_respectable,1,1,0
very_emphatic,1,1,0
real_excessive,1,0,1
truly_rewarding,1,0,1
yet_satisfied,1,1,0
utterly_destructive,1,1,0
real_extreme,1,0,1
truly_restrictive,1,0,1
real_familiar,1,1,0
real_fast,1,1,0
real_favorable,1,1,0
quite_contrary,1,0,1
real_enough,1,1,0
real_flashy,1,0,1
utterly_dismal,1,1,0
truly_resilient,1,1,0
real_foreboding,1,1,0
real_forgiving,1,1,0
real_full,1,1,0
real_fussy,1,1,0
real_glamorous,1,0,1
truly_removable,1,1,0
real_goofy,1,0,1
real_enthusiastic,1,1,0
real_energetic,1,0,1
quite_content,1,1,0
real_dangerous,1,0,1
real_complicated,1,0,1
real_consistent,1,1,0
truly_sane,1,1,0
real_convincing,1,1,0
very_expansive,1,1,0
truly_sacred,1,1,0
very_enamoured,1,1,0
real_creative,1,0,1
truly_ruthless,1,1,0
real_damaging,1,0,1
utterly_conclusive,1,1,0
utterly_depressed,1,1,0
truly_russian,1,1,0
yet_sad,1,1,0
very_experimental,1,0,1
utterly_contemptible,1,0,1
real_distinct,1,0,1
too_promiscuous,1,1,0
utterly_dependent,1,1,0
real_dynamic,1,0,1
truly_righteous,1,1,0
real_embarrassing,1,0,1
truly_remote,1,1,0
real_hard,1,1,0
quite_complicated,1,1,0
very_elusive,1,1,0
truly_progressive,1,1,0
real_meaningful,1,1,0
real_natural,1,0,1
real_nervous,1,1,0
truly_profitable,1,1,0
real_normal,1,1,0
real_noticable,1,0,1
utterly_happy,1,1,0
utterly_horrible,1,0,1
truly_pristine,1,1,0
real_outspoken,1,1,0
real_lacking,1,1,0
truly_principled,1,1,0
real_parallel,1,1,0
utterly_horrified,1,1,0
truly_priceless,1,1,0
real_patient,1,1,0
yet_secure,1,1,0
real_perfect,1,1,0
real_personal,1,0,1
real_pleasant,1,1,0
utterly_human,1,1,0
truly_prolific,1,1,0
truly_proper,1,1,0
utterly_epic,1,1,0
very_explosive,1,1,0
truly_relaxed,1,1,0
truly_related,1,1,0
quite_constant,1,1,0
truly_red,1,1,0
real_immediate,1,0,1
truly_reasonable,1,1,0
utterly_faithful,1,1,0
utterly_fantastical,1,0,1
utterly_fatal,1,1,0
truly_realistic,1,1,0
truly_rational,1,1,0
utterly_gorgeous,1,1,0
truly_rare,1,1,0
real_innovative,1,0,1
utterly_freaky,1,0,1
truly_quick,1,1,0
truly_qualified,1,1,0
real_inventive,1,1,0
utterly_glorious,1,0,1
real_irish,1,1,0
quite_connected,1,1,0
real_keen,1,1,0
utterly_tragic,1,0,1
utterly_unconscious,1,1,0
really_cathartic,1,0,1
utterly_unforeseen,1,0,1
very_fastidious,1,1,0
quite_asleep,1,1,0
really_badass,1,1,0
truly_integrated,1,1,0
really_bald,1,1,0
truly_instrumental,1,1,0
quite_arrogant,1,1,0
really_belligerent,1,1,0
truly_instructive,1,0,1
really_benevolent,1,1,0
vaguely_legitimate,1,0,1
truly_inspired,1,1,0
really_bent,1,1,0
really_best,1,1,0
truly_inspirational,1,0,1
worryingly_overpriced,1,1,0
really_bigger,1,1,0
really_bigoted,1,0,1
truly_insane,1,0,1
truly_infinite,1,1,0
truly_inferior,1,1,0
truly_inexpensive,1,1,0
quite_appreciative,1,1,0
very_economical,1,1,0
truly_inventive,1,1,0
truly_irish,1,1,0
really_authoritative,1,1,0
quite_beguiling,1,1,0
truly_legitimate,1,1,0
quite_basic,1,0,1
quite_banal,1,1,0
really_attributable,1,1,0
very_edgy,1,1,0
truly_kurdish,1,1,0
really_attuned,1,1,0
really_audible,1,1,0
really_authentic,1,0,1
vaguely_interested,1,1,0
truly_irreplaceable,1,0,1
really_autobiographical,1,1,0
truly_justifiable,1,1,0
yet_absolute,1,1,0
truly_just,1,1,0
quite_authentic,1,1,0
really_averse,1,1,0
quite_attractive,1,1,0
quite_astonishing,1,1,0
really_avoidable,1,1,0
truly_israeli,1,1,0
really_blank,1,1,0
truly_indigenous,1,1,0
vaguely_logical,1,1,0
truly_humble,1,1,0
truly_immortal,1,1,0
truly_immersive,1,1,0
yet_tangible,1,0,1
vaguely_plausible,1,1,0
vaguely_ready,1,1,0
really_canadian,1,1,0
truly_illegal,1,0,1
really_careful,1,1,0
truly_humorous,1,1,0
really_caring,1,0,1
truly_human-like,1,1,0
quite_amazed,1,1,0
really_casual,1,0,1
truly_horrible,1,0,1
truly_honorable,1,0,1
truly_homogenous,1,1,0
really_catchy,1,0,1
truly_homogeneous,1,1,0
truly_holistic,1,1,0
wonderfully_privileged,1,1,0
truly_hip,1,1,0
truly_hilarious,1,1,0
truly_impactful,1,0,1
vaguely_personal,1,0,1
really_bold,1,0,1
really_british,1,1,0
vaguely_magnificent,1,1,0
truly_incriminating,1,0,1
truly_incredible,1,0,1
truly_incorrect,1,1,0
truly_inappropriate,1,1,0
really_breathtaking,1,0,1
truly_inactive,1,1,0
vaguely_morose,1,1,0
very_eco-friendly,1,1,0
vaguely_nationalistic,1,0,1
truly_impoverished,1,1,0
wonderfully_satisfying,1,1,0
vaguely_normal,1,0,1
worryingly_cheap,1,1,0
quite_ancient,1,1,0
truly_impervious,1,1,0
really_bulky,1,0,1
vaguely_offensive,1,0,1
really_bullish,1,1,0
quite_analogous,1,0,1
really_bummed,1,1,0
wonderfully_surprised,1,1,0
really_attentive,1,1,0
vaguely_illegal,1,0,1
truly_liberal,1,1,0
truly_mortal,1,1,0
quite_central,1,1,0
truly_mutual,1,1,0
truly_murderous,1,0,1
truly_mundane,1,1,0
really_adversarial,1,0,1
really_adverse,1,0,1
quite_casual,1,1,0
really_advisable,1,1,0
yet_affordable,1,1,0
quite_careful,1,1,0
really_affectionate,1,1,0
truly_naive,1,1,0
really_affordable,1,1,0
truly_moral,1,1,0
truly_monumental,1,0,1
really_aged,1,1,0
truly_momentous,1,0,1
truly_modular,1,1,0
quite_brown,1,1,0
really_alike,1,0,1
truly_mobile,1,1,0
truly_mistaken,1,1,0
vaguely_aware,1,0,1
vaguely_appealing,1,0,1
vaguely_bulky,1,0,1
really_addicted,1,1,0
quite_closed,1,1,0
yet_alive,1,1,0
utterly_unhappy,1,1,0
really_accustomed,1,1,0
quite_cliched,1,1,0
quite_clear-cut,1,1,0
really_actionable,1,0,1
utterly_unlikable,1,1,0
truly_nerdy,1,1,0
truly_negligent,1,1,0
really_additional,1,0,1
vaguely_amusing,1,1,0
utterly_unselfish,1,1,0
utterly_valuable,1,1,0
quite_chewy,1,1,0
truly_native,1,1,0
truly_national,1,1,0
yet_sophisticated,1,1,0
truly_nasty,1,1,0
utterly_wicked,1,0,1
vaguely_american,1,0,1
really_adult,1,0,1
truly_miserable,1,1,0
truly_miraculous,1,0,1
truly_light,1,0,1
truly_loathsome,1,1,0
really_apprehensive,1,1,0
vaguely_critical,1,1,0
really_armed,1,1,0
vaguely_digital,1,0,1
really_artistic,1,0,1
vaguely_dominant,1,0,1
truly_loving,1,1,0
really_ashamed,1,0,1
vaguely_entertaining,1,1,0
truly_logical,1,1,0
vaguely_funny,1,0,1
truly_malicious,1,0,1
truly_little,1,1,0
yet_successful,1,1,0
truly_likeable,1,1,0
vaguely_hypothetical,1,0,1
very_efficacious,1,1,0
really_athletic,1,1,0
yet_suggestive,1,0,1
very_far,1,1,0
truly_lighthearted,1,0,1
very_fashionable,1,1,0
truly_major,1,1,0
quite_blended,1,1,0
truly_mind-boggling,1,1,0
vaguely_controversial,1,0,1
quite_brilliant,1,1,0
yet_advisable,1,1,0
yet_accustomed,1,1,0
vaguely_chinese,1,0,1
vaguely_clear,1,0,1
really_amenable,1,1,0
really_american,1,1,0
vaguely_close,1,1,0
vaguely_comparable,1,1,0
truly_menacing,1,1,0
quite_bottomless,1,1,0
really_apologetic,1,1,0
really_amusing,1,0,1
truly_mean-spirited,1,1,0
truly_matte,1,1,0
vaguely_creative,1,1,0
quite_blissful,1,1,0
truly_married,1,1,0
truly_mandatory,1,1,0
yet_subject,1,1,0
truly_manageable,1,1,0
truly_malignant,1,0,1
too_promotional,1,1,0
ridiculously_overpriced,1,1,0
remotely_amiss,1,1,0
so_contrary,1,0,1
sufficiently_radical,1,1,0
sufficiently_qualified,1,1,0
sufficiently_purposeful,1,0,1
so_contemptuous,1,1,0
sufficiently_prominent,1,1,0
sufficiently_profitable,1,1,0
so_continuous,1,0,1
sufficiently_proficient,1,1,0
sufficiently_productive,1,1,0
very_topical,1,0,1
sufficiently_predictable,1,0,1
very_tiring,1,1,0
sufficiently_portable,1,0,1
so_contemporary,1,1,0
very_timid,1,1,0
sufficiently_poetic,1,1,0
very_tidy,1,1,0
sufficiently_opulent,1,1,0
sufficiently_open,1,1,0
sufficiently_newsworthy,1,0,1
sufficiently_nasty,1,1,0
sufficiently_motivated,1,1,0
sufficiently_moral,1,1,0
sufficiently_momentous,1,0,1
sufficiently_modest,1,1,0
very_thoughtful,1,1,0
sufficiently_refreshing,1,1,0
sufficiently_resilient,1,1,0
very_thorny,1,1,0
sufficiently_sure,1,1,0
very_tremendous,1,0,1
sufficiently_worthy,1,1,0
sufficiently_worldly,1,1,0
very_tranquil,1,1,0
sufficiently_widespread,1,1,0
sufficiently_warm,1,1,0
sufficiently_valuable,1,0,1
sufficiently_valid,1,1,0
sufficiently_trustworthy,1,1,0
sufficiently_tough,1,1,0
sufficiently_tangible,1,0,1
sufficiently_sustainable,1,1,0
sufficiently_supervised,1,1,0
very_touching,1,0,1
sufficiently_superior,1,1,0
sufficiently_succinct,1,1,0
sufficiently_stable,1,1,0
sufficiently_splendid,1,1,0
sufficiently_solid,1,1,0
sufficiently_skilled,1,1,0
sufficiently_sensitive,1,1,0
sufficiently_satisfied,1,1,0
so_consuming,1,0,1
sufficiently_robust,1,1,0
sufficiently_rigorous,1,1,0
sufficiently_restful,1,1,0
very_thorough,1,1,0
sufficiently_mature,1,1,0
suitably_easy,1,1,0
sufficiently_crass,1,1,0
sufficiently_easy,1,1,0
very_tender,1,0,1
sufficiently_divine,1,0,1
so_courageous,1,1,0
sufficiently_distinctive,1,0,1
sufficiently_distinct,1,1,0
sufficiently_detailed,1,1,0
sufficiently_dense,1,1,0
very_tempted,1,1,0
sufficiently_deft,1,1,0
sufficiently_deep,1,1,0
very_telling,1,1,0
sufficiently_corrupt,1,1,0
sufficiently_explicit,1,1,0
very_taxing,1,0,1
very_tasty,1,1,0
sufficiently_cool,1,1,0
sufficiently_conversant,1,1,0
sufficiently_consistent,1,1,0
so_crafty,1,1,0
sufficiently_concrete,1,1,0
very_tangible,1,0,1
very_tame,1,1,0
sufficiently_conclusive,1,1,0
sufficiently_concerned,1,1,0
sufficiently_complete,1,0,1
sufficiently_entertaining,1,1,0
sufficiently_familiar,1,1,0
sufficiently_magic,1,1,0
sufficiently_illegal,1,0,1
sufficiently_loyal,1,0,1
so_corny,1,1,0
sufficiently_low,1,1,0
sufficiently_lean,1,1,0
so_corporate,1,0,1
sufficiently_intimidating,1,1,0
sufficiently_intensive,1,1,0
sufficiently_intelligent,1,1,0
very_thematic,1,0,1
sufficiently_independent,1,1,0
sufficiently_inclusive,1,1,0
so_corrupt,1,1,0
very_theatrical,1,0,1
sufficiently_flat,1,1,0
sufficiently_humane,1,1,0
very_thankful,1,1,0
sufficiently_huge,1,1,0
sufficiently_horrible,1,0,1
sufficiently_harsh,1,1,0
sufficiently_granular,1,1,0
sufficiently_funny,1,1,0
sufficiently_frustrated,1,1,0
sufficiently_fortunate,1,1,0
sufficiently_flexible,1,1,0
so_counterintuitive,1,1,0
very_tense,1,1,0
suitably_christian,1,1,0
suitably_grateful,1,1,0
so_educational,1,1,0
super_fat,1,1,0
very_unwise,1,1,0
so_commanding,1,1,0
super_frustrating,1,0,1
super_friendly,1,1,0
super_formal,1,0,1
very_unstable,1,1,0
super_flirty,1,1,0
super_flexible,1,1,0
very_unpredictable,1,1,0
super_flat,1,1,0
super_feminine,1,1,0
so_commendable,1,1,0
very_unpleasant,1,0,1
super_graphic,1,1,0
very_unnatural,1,0,1
very_outrageous,1,0,1
super_familiar,1,1,0
super_exotic,1,1,0
super_exact,1,0,1
super_eventful,1,0,1
so_communal,1,0,1
super_elite,1,1,0
so_compatible,1,1,0
very_unhelpful,1,1,0
super_durable,1,1,0
super_dramatic,1,0,1
super_gory,1,0,1
very_upfront,1,1,0
super_diverse,1,1,0
super_inappropriate,1,1,0
super_late,1,1,0
very_variable,1,1,0
super_kinky,1,0,1
super_intuitive,1,1,0
very_valiant,1,1,0
so_combustible,1,0,1
super_intensive,1,0,1
very_utilitarian,1,0,1
super_intelligent,1,1,0
super_inspiring,1,1,0
super_insidious,1,0,1
super_inexpensive,1,0,1
super_inaccurate,1,1,0
super_gross,1,0,1
very_user-friendly,1,1,0
very_usable,1,1,0
super_illuminating,1,1,0
very_urgent,1,0,1
super_hungry,1,1,0
super_huge,1,0,1
super_hot,1,0,1
super_hoppy,1,0,1
super_helpful,1,1,0
very_upscale,1,0,1
super_hardcore,1,0,1
super_hard,1,1,0
so_competent,1,1,0
very_unhealthy,1,1,0
suitably_horrified,1,1,0
super_acidic,1,0,1
super_blurry,1,1,0
super_bland,1,1,0
very_uncomfortable,1,1,0
so_conducive,1,1,0
super_big,1,0,1
super_beneficial,1,1,0
super_attractive,1,1,0
super_athletic,1,0,1
super_appealing,1,1,0
super_affectionate,1,1,0
super_advanced,1,0,1
super_active,1,1,0
super_abundant,1,1,0
super_brilliant,1,0,1
suitably_vast,1,1,0
suitably_unprepared,1,1,0
so_congested,1,1,0
very_troublesome,1,1,0
very_tropical,1,1,0
so_congruent,1,1,0
suitably_sober,1,1,0
so_conscientious,1,1,0
suitably_simple,1,1,0
suitably_remorseful,1,1,0
very_triumphant,1,1,0
very_trendy,1,1,0
super_bold,1,0,1
super_bummed,1,1,0
super_disturbing,1,0,1
super_crucial,1,0,1
super_distinct,1,0,1
super_disappointing,1,1,0
super_diligent,1,1,0
super_different,1,0,1
super_detrimental,1,0,1
super_democratic,1,1,0
very_unhappy,1,1,0
super_delicious,1,1,0
super_deep,1,0,1
super_dark,1,0,1
very_uneven,1,0,1
super_dangerous,1,0,1
very_uneasy,1,1,0
very_understated,1,1,0
super_crowded,1,1,0
super_creative,1,1,0
super_costly,1,1,0
super_consistent,1,1,0
super_confident,1,1,0
super_concerned,1,1,0
super_comfy,1,1,0
super_cinematic,1,0,1
super_certain,1,1,0
super_cerebral,1,0,1
super_capable,1,1,0
so_conditional,1,1,0
sufficiently_cohesive,1,1,0
so_criminal,1,0,1
sufficiently_clever,1,1,0
strictly_unofficial,1,1,0
so_dictatorial,1,1,0
very_stealthy,1,0,1
strikingly_illustrative,1,1,0
strikingly_evident,1,1,0
strikingly_disturbing,1,1,0
strikingly_bizarre,1,0,1
so_diminutive,1,0,1
strikingly_beautiful,1,0,1
strictly_worse,1,1,0
strictly_victorian,1,1,0
strictly_verbal,1,1,0
strictly_vegan,1,1,0
strictly_uniform,1,1,0
strikingly_inspiring,1,1,0
strictly_thematic,1,1,0
strictly_technical,1,1,0
strictly_taboo,1,0,1
so_discrete,1,1,0
so_discriminatory,1,0,1
strictly_supernatural,1,0,1
so_disgruntled,1,1,0
strictly_subjective,1,1,0
strictly_singular,1,1,0
so_disheartened,1,1,0
strictly_serious,1,1,0
strictly_scientific,1,1,0
so_devout,1,1,0
so_devious,1,1,0
strictly_relevant,1,1,0
strongly_enough,1,1,0
strongly_right,1,1,0
strongly_religious,1,1,0
strongly_pro-choice,1,1,0
so_delusional,1,1,0
strongly_pro-american,1,1,0
strongly_popular,1,1,0
strongly_optimistic,1,1,0
strongly_motivated,1,1,0
strongly_liberal,1,1,0
strongly_introverted,1,1,0
strongly_impressed,1,1,0
strongly_hawkish,1,1,0
so_derivative,1,1,0
strikingly_jewish,1,0,1
strongly_divergent,1,1,0
strongly_conservative,1,1,0
strongly_bullish,1,0,1
strongly_analytical,1,1,0
very_stingy,1,1,0
strikingly_successful,1,1,0
strikingly_special,1,0,1
very_sticky,1,1,0
strikingly_sore,1,1,0
strikingly_noticeable,1,1,0
strikingly_memorable,1,0,1
so_detrimental,1,0,1
strictly_right,1,1,0
strictly_related,1,1,0
sufficiently_clad,1,1,0
very_spoiled,1,1,0
strictly_individual,1,1,0
strictly_impersonal,1,0,1
strictly_homosexual,1,1,0
strictly_good,1,1,0
strictly_german,1,1,0
strictly_functional,1,0,1
strictly_forthcoming,1,1,0
so_drunken,1,1,0
strictly_faithful,1,1,0
very_spontaneous,1,0,1
strictly_euphoric,1,0,1
strictly_ethical,1,1,0
strictly_essential,1,1,0
so_dominate,1,1,0
strictly_economic,1,1,0
so_earnest,1,1,0
so_earthy,1,1,0
strictly_dramatic,1,1,0
strictly_dictatorial,1,1,0
strictly_desirable,1,1,0
strictly_cultural,1,1,0
so_eco-friendly,1,1,0
strictly_concerned,1,1,0
so_ecstatic,1,1,0
so_edgy,1,1,0
strictly_comic,1,1,0
so_doubtful,1,0,1
strictly_legal,1,1,0
strictly_random,1,1,0
strictly_novel,1,1,0
strictly_pure,1,1,0
strictly_professional,1,1,0
strictly_productive,1,0,1
so_disorganized,1,1,0
so_disoriented,1,1,0
so_disorienting,1,0,1
so_disquieting,1,0,1
strictly_political,1,1,0
strictly_personal,1,1,0
so_dissatisfied,1,1,0
strictly_partisan,1,0,1
strictly_observant,1,1,0
so_distasteful,1,0,1
so_domestic,1,1,0
strictly_non-partisan,1,1,0
strictly_nocturnal,1,1,0
strictly_new,1,1,0
strictly_neutral,1,1,0
strictly_medical,1,0,1
so_disturbed,1,1,0
strictly_logical,1,1,0
so_divergent,1,0,1
very_stagnant,1,1,0
strictly_linear,1,1,0
so_docile,1,0,1
so_dodgy,1,1,0
strongly_sour,1,1,0
strongly_supportive,1,1,0
so_deliberate,1,0,1
subtly_philosophical,1,1,0
suddenly_brilliant,1,1,0
suddenly_afraid,1,1,0
sudden_quiet,1,1,0
sudden_hearted,1,1,0
successfully_fatal,1,1,0
very_supple,1,1,0
successfully_enough,1,1,0
very_superstitious,1,1,0
subtly_varied,1,1,0
subtly_threatening,1,0,1
subtly_powerful,1,0,1
very_sufficient,1,1,0
subtly_expressive,1,1,0
suddenly_likely,1,1,0
subtly_entertaining,1,1,0
subtly_alive,1,1,0
substantively_true,1,1,0
substantively_motivated,1,1,0
substantively_beneficial,1,0,1
substantively_appropriate,1,1,0
very_substantive,1,0,1
substantially_worse,1,1,0
substantially_significant,1,0,1
substantially_lucrative,1,1,0
substantially_good,1,0,1
substantially_equivalent,1,1,0
suddenly_important,1,1,0
suddenly_moody,1,1,0
strongly_sweet,1,1,0
sufficiently_attractive,1,1,0
so_crispy,1,1,0
sufficiently_cautious,1,1,0
sufficiently_careful,1,1,0
sufficiently_callous,1,1,0
very_tactful,1,1,0
sufficiently_bullish,1,0,1
sufficiently_brilliant,1,1,0
very_symptomatic,1,1,0
sufficiently_believable,1,1,0
so_crystal,1,1,0
so_cuddly,1,1,0
sufficiently_aware,1,1,0
very_sweeping,1,0,1
suddenly_new,1,1,0
sufficiently_aspirational,1,1,0
sufficiently_artistic,1,1,0
sufficiently_analytical,1,1,0
sufficiently_advanced,1,1,0
sufficiently_adept,1,1,0
sufficiently_actionable,1,1,0
very_suspenseful,1,0,1
sufficiently_accommodating,1,1,0
sufficiently_abrasive,1,0,1
suddenly_terrified,1,0,1
very_susceptible,1,1,0
suddenly_outraged,1,1,0
substantially_enough,1,1,0
very_overpowering,1,0,1
substantially_accurate,1,1,0
structurally_radical,1,0,1
structurally_worrisome,1,0,1
structurally_viable,1,1,0
so_decrepit,1,1,0
very_strategic,1,1,0
so_dedicated,1,1,0
structurally_threatening,1,1,0
structurally_sustainable,1,1,0
structurally_sound,1,1,0
structurally_significant,1,0,1
structurally_self-sufficient,1,1,0
structurally_safe,1,1,0
so_defensive,1,1,0
structurally_major,1,0,1
subsequently_useful,1,1,0
so_deficient,1,1,0
structurally_integral,1,1,0
structurally_incapable,1,1,0
structurally_improper,1,0,1
structurally_defective,1,0,1
so_deft,1,1,0
structurally_cohesive,1,1,0
structurally_capable,1,1,0
structurally_balanced,1,0,1
structurally_awkward,1,0,1
structurally_amiss,1,0,1
strongly_vegetarian,1,1,0
so_deceitful,1,0,1
stubbornly_french,1,1,0
so_debilitating,1,1,0
stubbornly_incidental,1,1,0
subsequently_able,1,1,0
very_stupid,1,0,1
sublimely_wonderful,1,0,1
sublimely_silly,1,0,1
very_studious,1,1,0
sublimely_artistic,1,0,1
stylistically_unique,1,0,1
stylistically_different,1,1,0
stylistically_confrontational,1,1,0
stylistically_cohesive,1,1,0
stylistically_appropriate,1,1,0
stylistically_adventurous,1,1,0
so_dapper,1,1,0
stylishly_clever,1,1,0
stylishly_alluring,1,1,0
stupidly_wrong,1,0,1
stupidly_hard,1,1,0
stupidly_false,1,1,0
so_darned,1,1,0
stupidly_excessive,1,1,0
stunningly_simple,1,1,0
stunningly_sexy,1,0,1
stunningly_real,1,1,0
stunningly_clear,1,1,0
stunningly_brilliant,1,1,0
super_liberal,1,1,0
super_literary,1,0,1
super_long,1,1,0
terribly_cerebral,1,0,1
terribly_complimentary,1,0,1
visually_detailed,1,1,0
terribly_competitive,1,1,0
visually_crazy,1,0,1
terribly_comforting,1,1,0
visually_confusing,1,1,0
visually_comprehensive,1,1,0
terribly_coherent,1,1,0
terribly_cinematic,1,0,1
visually_captivating,1,1,0
terribly_christian,1,1,0
terribly_charming,1,1,0
visually_breathtaking,1,1,0
very_open-minded,1,1,0
terribly_catchy,1,1,0
terribly_candid,1,0,1
terribly_busy,1,1,0
terribly_buoyant,1,1,0
terribly_brutal,1,1,0
terribly_brave,1,1,0
so_brisk,1,1,0
so_brittle,1,1,0
visually_believable,1,1,0
terribly_boring,1,1,0
so_brown,1,1,0
terribly_bold,1,0,1
terribly_conducive,1,1,0
terribly_confusing,1,1,0
terribly_big,1,0,1
terribly_didactic,1,1,0
so_bombastic,1,0,1
terribly_egregious,1,0,1
terribly_earnest,1,1,0
terribly_dynamic,1,1,0
terribly_draconian,1,0,1
visually_dramatic,1,0,1
terribly_distant,1,1,0
terribly_disgusting,1,0,1
terribly_discouraging,1,1,0
terribly_disappointed,1,1,0
terribly_dire,1,0,1
so_bonkers,1,0,1
visually_distracting,1,1,0
terribly_conservative,1,1,0
terribly_destructive,1,0,1
terribly_desirable,1,1,0
terribly_depressing,1,0,1
terribly_debilitating,1,1,0
terribly_daring,1,1,0
terribly_critical,1,1,0
terribly_courageous,1,1,0
terribly_cooperative,1,1,0
so_boyish,1,1,0
terribly_convenient,1,0,1
visually_distinct,1,0,1
terribly_consistent,1,1,0
terribly_blatant,1,0,1
terribly_beautiful,1,1,0
technically_young,1,1,0
so_buoyant,1,1,0
terribly_abstract,1,0,1
so_budget-friendly,1,1,0
temporarily_idle,1,1,0
temporarily_free,1,1,0
technologically_wrong,1,1,0
technologically_unique,1,0,1
technologically_possible,1,1,0
technologically_novel,1,0,1
technologically_minded,1,1,0
technologically_interesting,1,0,1
visibly_sad,1,1,0
so_bumpy,1,1,0
technologically_inconsistent,1,0,1
visibly_special,1,0,1
visibly_irritated,1,1,0
technologically_impractical,1,0,1
so_burdensome,1,1,0
technologically_illiterate,1,1,0
technologically_groundbreaking,1,0,1
visibly_insane,1,1,0
technologically_flashy,1,0,1
technologically_different,1,0,1
technologically_deficient,1,1,0
visibly_inappropriate,1,0,1
technologically_coherent,1,1,0
technologically_cheap,1,1,0
visibly_sloppy,1,0,1
visibly_unhealthy,1,1,0
visually_beautiful,1,0,1
terribly_annoying,1,0,1
terribly_awful,1,0,1
terribly_aware,1,1,0
visually_attractive,1,0,1
terribly_averse,1,1,0
visually_arresting,1,1,0
terribly_atmospheric,1,1,0
terribly_artistic,1,1,0
visually_arousing,1,1,0
terribly_articulate,1,1,0
terribly_arduous,1,1,0
terribly_applicable,1,1,0
terribly_apparent,1,1,0
visually_apparent,1,0,1
terribly_accessible,1,1,0
terribly_annoyed,1,1,0
terribly_angry,1,1,0
terribly_ambitious,1,1,0
terribly_amazing,1,0,1
terribly_afraid,1,1,0
visually_amusing,1,0,1
visibly_violent,1,0,1
terribly_advisable,1,1,0
terribly_adventurous,1,0,1
terribly_adept,1,1,0
terribly_adamant,1,1,0
terribly_active,1,1,0
terribly_elaborate,1,0,1
terribly_energetic,1,1,0
terribly_engrossing,1,1,0
terribly_impoverished,1,1,0
terribly_irrelevant,1,1,0
terribly_invasive,1,1,0
vitally_immoral,1,1,0
terribly_intense,1,1,0
terribly_instructive,1,1,0
vitally_essential,1,0,1
vitally_alive,1,1,0
terribly_insecure,1,1,0
terribly_infuriating,1,0,1
terribly_informative,1,0,1
visually_wonderful,1,0,1
terribly_inconvenient,1,1,0
terribly_imaginative,1,0,1
so_beholden,1,1,0
so_bent,1,0,1
terribly_illustrious,1,1,0
terribly_hygienic,1,0,1
terribly_hurt,1,1,0
visually_witty,1,0,1
terribly_humorous,1,1,0
visually_uninteresting,1,1,0
terribly_horrific,1,0,1
terribly_hopeful,1,1,0
terribly_historical,1,1,0
so_bewildered,1,1,0
terribly_heinous,1,0,1
terribly_irritating,1,1,0
terribly_jarring,1,0,1
visually_exhilarating,1,1,0
vividly_realistic,1,0,1
terribly_mysterious,1,0,1
terribly_motivated,1,1,0
terribly_mistaken,1,1,0
terribly_miraculous,1,0,1
terribly_minor,1,0,1
vocally_brilliant,1,1,0
terribly_mean-spirited,1,1,0
vividly_violent,1,0,1
terribly_mature,1,1,0
vividly_true,1,1,0
terribly_marketable,1,1,0
terribly_marginal,1,0,1
terribly_major,1,1,0
terribly_kind,1,1,0
vividly_real,1,1,0
vividly_evocative,1,0,1
so_barren,1,1,0
terribly_lucid,1,1,0
terribly_lovable,1,0,1
terribly_loud,1,1,0
terribly_linear,1,1,0
terribly_likeable,1,1,0
vividly_evident,1,1,0
vividly_apparent,1,1,0
terribly_laughable,1,1,0
terribly_knowledgeable,1,1,0
terribly_heartbroken,1,1,0
terribly_healthy,1,1,0
terribly_hazardous,1,1,0
very_offensive,1,0,1
very_observable,1,0,1
terribly_familiar,1,1,0
terribly_faithful,1,1,0
very_observant,1,1,0
terribly_extravagant,1,0,1
terribly_explosive,1,0,1
so_bloated,1,1,0
visually_inspiring,1,0,1
visually_impaired,1,1,0
terribly_exclusive,1,0,1
visually_gripping,1,1,0
visually_funnier,1,1,0
visually_fun,1,0,1
terribly_harmful,1,0,1
visually_fresh,1,0,1
terribly_exceptional,1,0,1
so_bloodthirsty,1,0,1
terribly_essential,1,1,0
terribly_enticing,1,1,0
terribly_enthused,1,1,0
visually_fancy,1,0,1
visually_familiar,1,1,0
very_onerous,1,0,1
visually_extravagant,1,1,0
so_bohemian,1,0,1
visually_explicit,1,1,0
visually_jarring,1,1,0
terribly_fearsome,1,1,0
terribly_ferocious,1,1,0
terribly_flawed,1,1,0
terribly_hardcore,1,1,0
visually_unappealing,1,0,1
terribly_gruesome,1,1,0
terribly_grisly,1,1,0
terribly_gratuitous,1,0,1
visually_tactile,1,0,1
terribly_gracious,1,1,0
very_nutty,1,0,1
terribly_glamorous,1,1,0
terribly_gifted,1,1,0
terribly_genuine,1,1,0
terribly_futuristic,1,0,1
visually_sexy,1,0,1
terribly_fun,1,0,1
terribly_full,1,1,0
terribly_frightening,1,0,1
terribly_forthcoming,1,1,0
so_blank,1,0,1
terribly_formal,1,0,1
visually_present,1,1,0
terribly_foreign,1,1,0
terribly_fluent,1,1,0
visually_pleasing,1,1,0
visually_other,1,0,1
visually_offensive,1,1,0
technologically_challenging,1,1,0
technically_valid,1,1,0
super_low,1,1,0
super_touristy,1,0,1
super_wrong,1,0,1
super_wonderful,1,1,0
so_chilly,1,1,0
super_witty,1,1,0
super_wild,1,0,1
very_wild,1,1,0
super_vibrant,1,1,0
super_urgent,1,0,1
super_urban,1,1,0
super_unusual,1,0,1
super_uncomfortable,1,0,1
super_unattainable,1,0,1
super_tiny,1,0,1
superbly_impressive,1,1,0
so_chummy,1,1,0
very_wet,1,1,0
super_tall,1,1,0
super_sure,1,1,0
super_suggestive,1,0,1
super_subtle,1,0,1
super_stringent,1,1,0
super_striking,1,0,1
super_stressful,1,0,1
super_strange,1,0,1
super_sticky,1,0,1
super_stellar,1,0,1
super_zealous,1,1,0
superbly_outrageous,1,0,1
super_standard,1,1,0
so_chaste,1,1,0
surely_aware,1,1,0
violently_eager,1,1,0
surely_absurd,1,0,1
sure_wrong,1,1,0
supremely_valuable,1,0,1
supremely_ordinary,1,1,0
violently_carcinogenic,1,1,0
supremely_moderate,1,1,0
supremely_happy,1,1,0
supremely_exhilarating,1,1,0
supremely_awful,1,1,0
supposedly_wrong,1,0,1
supposedly_weaker,1,1,0
superbly_reliable,1,1,0
supposedly_shy,1,1,0
so_chatty,1,1,0
supposedly_representative,1,0,1
very_worst,1,0,1
supposedly_fake,1,0,1
superficially_valid,1,1,0
superficially_political,1,1,0
so_cheery,1,1,0
superficially_effective,1,1,0
superficially_consistent,1,1,0
superficially_apparent,1,1,0
superbly_special,1,0,1
so_civilized,1,1,0
super_squishy,1,1,0
technically_urban,1,0,1
super_nice,1,0,1
so_closed,1,1,0
super_painful,1,1,0
super_outgoing,1,1,0
super_old,1,1,0
super_official,1,0,1
super_offensive,1,0,1
super_odd,1,0,1
very_virtuous,1,1,0
so_cluttered,1,1,0
super_notable,1,1,0
so_cocky,1,1,0
super_noisy,1,1,0
super_nervous,1,1,0
super_powerful,1,1,0
so_cognizant,1,1,0
super_nerdy,1,1,0
super_narrow,1,1,0
super_miraculous,1,0,1
so_coherent,1,0,1
very_vindictive,1,1,0
so_cohesive,1,1,0
super_massive,1,0,1
so_collectable,1,1,0
very_vibrant,1,1,0
super_lucky,1,1,0
super_loyal,1,1,0
super_positive,1,1,0
super_problematic,1,0,1
super_spiritual,1,0,1
super_shiny,1,0,1
super_spicy,1,0,1
super_specific,1,1,0
so_classic,1,0,1
very_outlandish,1,0,1
super_sophisticated,1,0,1
super_social,1,1,0
super_sociable,1,1,0
super_smart,1,1,0
super_slow,1,0,1
super_short,1,1,0
very_watery,1,1,0
so_claustrophobic,1,0,1
super_sensitive,1,0,1
super_proud,1,1,0
super_self-conscious,1,1,0
super_secret,1,0,1
very_watchful,1,1,0
super_scandalous,1,0,1
super_revolutionary,1,0,1
super_responsive,1,1,0
super_religious,1,1,0
very_vivid,1,1,0
so_cliche,1,0,1
super_rad,1,1,0
super_punctual,1,1,0
super_psyched,1,1,0
surely_concerned,1,1,0
surely_enduring,1,1,0
surely_fuller,1,1,0
viscerally_satisfying,1,1,0
visibly_delighted,1,1,0
technically_necessary,1,1,0
technically_literate,1,1,0
technically_legal,1,1,0
technically_late,1,1,0
technically_interesting,1,1,0
visibly_appealing,1,1,0
so_carefree,1,1,0
technically_insurmountable,1,0,1
technically_innovative,1,1,0
technically_ineffective,1,1,0
technically_inaccurate,1,1,0
technically_improper,1,0,1
technically_ok,1,0,1
technically_impressive,1,1,0
technically_important,1,1,0
technically_impeccable,1,0,1
technically_high,1,1,0
technically_flawless,1,1,0
technically_fancy,1,0,1
technically_false,1,1,0
technically_eligible,1,1,0
technically_efficient,1,1,0
technically_different,1,0,1
technically_dead,1,1,0
technically_dangerous,1,1,0
technically_official,1,1,0
technically_original,1,1,0
surely_tempting,1,1,0
technically_revolutionary,1,0,1
technically_untrue,1,1,0
technically_unavoidable,1,1,0
technically_true,1,1,0
visibly_forthcoming,1,1,0
technically_supernatural,1,1,0
visibly_excited,1,0,1
technically_savvy,1,1,0
visibly_effective,1,1,0
technically_sad,1,0,1
technically_ruinous,1,0,1
technically_risky,1,1,0
technically_right,1,1,0
technically_remarkable,1,0,1
visibly_dirty,1,0,1
technically_relevant,1,1,0
technically_real,1,1,0
technically_ready,1,1,0
technically_qualified,1,1,0
so_campy,1,1,0
technically_precise,1,1,0
technically_practical,1,1,0
visibly_drunk,1,1,0
technically_powerful,1,0,1
technically_poor,1,1,0
technically_perfect,1,1,0
visibly_distinct,1,1,0
technically_complicated,1,0,1
technically_compliant,1,1,0
viscerally_intense,1,0,1
sweetly_entertaining,1,1,0
systemically_unjust,1,0,1
systematically_related,1,1,0
systematically_privileged,1,1,0
systematically_methodical,1,1,0
systematically_distinct,1,1,0
symbolically_wrong,1,0,1
virtually_identical,1,1,0
symbolically_synonymous,1,0,1
symbolically_sexy,1,1,0
symbolically_important,1,1,0
sweetly_significant,1,1,0
sweetly_humble,1,0,1
virtually_endless,1,1,0
technically_closed,1,1,0
suspiciously_high,1,1,0
surprisingly_widespread,1,1,0
surprisingly_small,1,1,0
surprisingly_religious,1,0,1
so_charismatic,1,1,0
surprisingly_modest,1,1,0
surprisingly_hard,1,1,0
surprisingly_emotional,1,0,1
surprisingly_accessible,1,1,0
violently_sorry,1,1,0
surely_worse,1,1,0
violently_sick,1,1,0
tactically_beneficial,1,1,0
virtually_immortal,1,1,0
tactically_smart,1,0,1
tad_cocky,1,1,0
technically_brilliant,1,1,0
technically_beautiful,1,1,0
technically_bad,1,1,0
technically_awful,1,1,0
so_casual,1,1,0
technically_appropriate,1,1,0
technically_anachronistic,1,1,0
technically_alone,1,1,0
technically_alive,1,1,0
technically_adventurous,1,1,0
technically_acute,1,0,1
so_cautious,1,1,0
technically_accomplished,1,1,0
technically_able,1,1,0
tastefully_showy,1,1,0
tastefully_erotic,1,1,0
tantalizingly_sweet,1,0,1
so_celebratory,1,1,0
tantalizingly_elusive,1,1,0
tantalizingly_closer,1,1,0
viscerally_alive,1,1,0
virtually_interchangeable,1,1,0
tangentially_relevant,1,1,0
virtually_incurable,1,0,1
tad_odd,1,1,0
so_educated,1,1,0
strictly_chronological,1,1,0
too_prolonged,1,0,1
so_unwell,1,1,0
so_marvellous,1,1,0
very_pessimistic,1,1,0
very_photogenic,1,1,0
so_masterful,1,1,0
so_used,1,1,0
so_materialistic,1,1,0
very_sanitary,1,1,0
so_upsetting,1,1,0
very_picky,1,1,0
so_upscale,1,1,0
so_meager,1,1,0
so_upfront,1,1,0
so_untenable,1,1,0
so_varied,1,1,0
so_unsympathetic,1,1,0
so_unsung,1,1,0
so_meaningless,1,1,0
so_measurable,1,0,1
so_unsophisticated,1,0,1
so_meek,1,1,0
so_melancholy,1,1,0
so_unseen,1,1,0
so_unscientific,1,1,0
so_unsatisfying,1,0,1
so_meritorious,1,1,0
so_unsatisfied,1,1,0
so_marketable,1,1,0
so_verbal,1,1,0
so_unremarkable,1,0,1
so_well-known,1,1,0
so_wrenching,1,1,0
so_worrisome,1,1,0
so_wordy,1,0,1
so_wistful,1,1,0
so_ludicrous,1,1,0
so_windy,1,1,0
so_luscious,1,0,1
very_peculiar,1,0,1
very_penetrating,1,1,0
very_perceptive,1,1,0
so_wholesome,1,0,1
so_whimsical,1,0,1
so_macho,1,0,1
so_viable,1,1,0
so_watchful,1,1,0
so_maddening,1,1,0
very_sappy,1,1,0
so_magnetic,1,0,1
so_voracious,1,1,0
so_malevolent,1,0,1
so_vitriolic,1,1,0
so_malicious,1,0,1
so_virulent,1,1,0
so_virtual,1,1,0
so_manifest,1,1,0
so_manipulative,1,1,0
so_mesmerising,1,0,1
so_mesmerizing,1,0,1
very_patriotic,1,1,0
so_unattainable,1,1,0
so_uncool,1,1,0
so_monochromatic,1,1,0
so_uncontroversial,1,1,0
so_monstrous,1,1,0
so_morbid,1,1,0
so_uncommon,1,0,1
so_unchecked,1,1,0
so_uncanny,1,1,0
so_unbelievable,1,1,0
so_unbalanced,1,1,0
so_mournful,1,1,0
so_moving,1,0,1
so_muddled,1,1,0
so_underrated,1,1,0
so_unassuming,1,1,0
so_multicultural,1,1,0
so_multifaceted,1,1,0
so_murky,1,1,0
so_muscular,1,1,0
so_unafraid,1,1,0
so_unaccountable,1,0,1
so_turbulent,1,0,1
so_tumultuous,1,0,1
so_mushy,1,0,1
so_truthful,1,0,1
so_troubled,1,1,0
so_under-appreciated,1,1,0
so_uneducated,1,1,0
so_unreliable,1,1,0
so_mind-boggling,1,0,1
so_unrealistic,1,1,0
so_methodical,1,1,0
so_unreachable,1,1,0
so_unprofitable,1,1,0
so_unprofessional,1,1,0
so_unproductive,1,1,0
so_mild,1,0,1
so_unprepared,1,1,0
so_militant,1,1,0
so_mind-blowing,1,0,1
very_sanguine,1,1,0
so_unnerved,1,1,0
so_unlimited,1,1,0
so_moderate,1,0,1
so_unknown,1,0,1
so_uninspiring,1,0,1
so_uninhibited,1,1,0
so_unimportant,1,1,0
so_unheard,1,0,1
so_unhealthy,1,1,0
so_unfunny,1,0,1
so_unforgiving,1,1,0
so_unfit,1,1,0
so_mixed,1,1,0
so_unfashionable,1,1,0
so_uneventful,1,1,0
so_low-key,1,1,0
so_youthful,1,1,0
strictly_certain,1,1,0
so_intransigent,1,0,1
solely_representative,1,1,0
solely_reliant,1,1,0
so_interdisciplinary,1,1,0
solely_proud,1,1,0
very_seamless,1,1,0
so_internal,1,0,1
solely_private,1,1,0
so_international,1,1,0
solely_positive,1,1,0
solely_political,1,1,0
so_intolerant,1,0,1
solely_pessimistic,1,1,0
solely_own,1,1,0
solely_speculative,1,1,0
solely_ours,1,1,0
solely_musical,1,1,0
solely_mathematical,1,1,0
solely_man-made,1,1,0
so_inventive,1,1,0
solely_male,1,1,0
so_invincible,1,1,0
solely_loyal,1,1,0
so_irate,1,1,0
solely_interested,1,1,0
solely_horizontal,1,1,0
solely_historic,1,0,1
solely_selfish,1,1,0
solely_spiritual,1,1,0
so_irregular,1,1,0
solidly_positive,1,1,0
somehow_worse,1,1,0
so_insistent,1,1,0
somehow_unworthy,1,1,0
so_inspirational,1,0,1
somehow_sweet,1,1,0
somehow_rude,1,1,0
somehow_revolutionary,1,1,0
somehow_hypocritical,1,1,0
somehow_doomed,1,1,0
somehow_better,1,1,0
solidly_supportive,1,1,0
so_instinctive,1,1,0
solidly_conservative,1,1,0
solely_successful,1,1,0
so_insubstantial,1,1,0
very_secular,1,0,1
solidly_brilliant,1,0,1
so_insufficient,1,1,0
solidly_bad,1,1,0
solely_violent,1,1,0
solely_traditional,1,1,0
solely_therapeutic,1,1,0
solely_theoretical,1,1,0
solely_synonymous,1,1,0
so_intellectual,1,0,1
solely_sufficient,1,1,0
so_irrational,1,0,1
solely_environmental,1,1,0
socially_active,1,1,0
socially_engaging,1,1,0
socially_optimal,1,1,0
socially_justifiable,1,1,0
socially_inept,1,1,0
socially_inclusive,1,1,0
socially_important,1,1,0
socially_healthy,1,1,0
so_liveable,1,1,0
socially_existent,1,0,1
so_livid,1,1,0
so_loath,1,1,0
socially_excruciating,1,0,1
socially_equitable,1,0,1
socially_elite,1,1,0
socially_respectable,1,1,0
very_scenic,1,1,0
socially_effective,1,1,0
so_loopy,1,1,0
socially_disruptive,1,1,0
socially_disadvantaged,1,1,0
so_lopsided,1,1,0
socially_devastating,1,1,0
socially_correct,1,1,0
socially_conscious,1,1,0
socially_autistic,1,1,0
socially_ambivalent,1,1,0
socially_aggressive,1,1,0
socially_prominent,1,1,0
so_liable,1,1,0
solely_early,1,1,0
so_juvenile,1,0,1
so_irreversible,1,1,0
solely_descriptive,1,1,0
solely_derivative,1,1,0
solely_competitive,1,1,0
solely_commercial,1,1,0
solely_christian,1,1,0
so_jam-packed,1,1,0
solely_black,1,1,0
very_passable,1,1,0
so_jovial,1,1,0
solely_beholden,1,1,0
so_judicious,1,1,0
solely_achievable,1,1,0
so_lethargic,1,1,0
solely_academic,1,1,0
so_knowledgeable,1,1,0
socially_viable,1,1,0
very_scrupulous,1,1,0
socially_unjust,1,0,1
so_lax,1,1,0
socially_subversive,1,0,1
socially_skilled,1,1,0
so_lengthy,1,1,0
socially_satisfying,1,0,1
so_less,1,1,0
socially_revealing,1,0,1
so_mystical,1,0,1
so_triumphant,1,1,0
so_transformational,1,1,0
so_savory,1,0,1
so_perverse,1,1,0
very_promiscuous,1,1,0
so_selfless,1,0,1
so_physical,1,0,1
so_pink,1,1,0
so_self-contained,1,1,0
so_self-confident,1,1,0
very_prompt,1,1,0
so_plastic,1,1,0
so_schizophrenic,1,1,0
so_sceptical,1,1,0
so_scarce,1,1,0
very_provocative,1,0,1
very_relaxing,1,1,0
so_plush,1,1,0
so_sarcastic,1,1,0
very_prudent,1,1,0
so_saddened,1,1,0
so_poisonous,1,0,1
so_polished,1,1,0
so_rural,1,1,0
so_rugged,1,0,1
so_polluted,1,1,0
very_pure,1,1,0
so_robotic,1,1,0
so_risk-free,1,1,0
so_separate,1,1,0
so_set,1,1,0
so_right-wing,1,1,0
so_short-sighted,1,1,0
so_skilled,1,1,0
so_paramount,1,1,0
so_skilful,1,0,1
so_skeptical,1,1,0
so_partial,1,0,1
so_sizable,1,0,1
so_passe,1,1,0
so_simpler,1,1,0
so_silky,1,1,0
so_pastoral,1,1,0
so_shrill,1,1,0
so_showy,1,0,1
so_short-lived,1,1,0
so_sex,1,1,0
so_peculiar,1,0,1
so_pedantic,1,1,0
so_pedestrian,1,0,1
so_perceptible,1,1,0
very_reliant,1,1,0
so_shit,1,1,0
so_sheer,1,0,1
so_perky,1,1,0
very_progressive,1,1,0
so_shaky,1,1,0
so_shady,1,0,1
very_prohibitive,1,1,0
so_populated,1,1,0
so_possessive,1,0,1
very_saddened,1,1,0
so_raunchy,1,1,0
so_refined,1,1,0
so_progressive,1,1,0
so_reductive,1,1,0
so_prolonged,1,0,1
so_recognisable,1,0,1
very_raucous,1,0,1
so_reasonable,1,0,1
very_readable,1,1,0
so_readable,1,1,0
so_reactive,1,1,0
so_reactionary,1,0,1
so_raw,1,1,0
so_prophetic,1,1,0
so_related,1,1,0
so_raucous,1,1,0
so_proportional,1,1,0
very_ready,1,1,0
so_random,1,1,0
so_provincial,1,0,1
so_radioactive,1,1,0
so_psychedelic,1,1,0
very_reasonable,1,1,0
so_questionable,1,1,0
so_qualified,1,0,1
so_puzzling,1,1,0
so_puzzled,1,1,0
so_professional,1,1,0
so_problematic,1,1,0
so_rhythmic,1,0,1
so_respectable,1,0,1
very_quirky,1,1,0
so_praiseworthy,1,1,0
so_precarious,1,1,0
very_regressive,1,1,0
so_reverent,1,1,0
so_revelatory,1,0,1
so_restorative,1,1,0
so_prepared,1,1,0
very_quixotic,1,0,1
so_prescient,1,1,0
so_responsive,1,1,0
so_respected,1,1,0
so_resonant,1,1,0
so_proactive,1,1,0
so_pressing,1,1,0
so_resistant,1,0,1
so_resilient,1,1,0
very_recognizable,1,1,0
so_repressive,1,1,0
very_recognisable,1,1,0
so_reprehensible,1,0,1
so_replete,1,1,0
so_replaceable,1,1,0
so_repetitive,1,1,0
so_primal,1,0,1
so_religious,1,1,0
so_paradoxical,1,0,1
so_panicked,1,1,0
so_skimpy,1,1,0
so_objective,1,1,0
so_sustainable,1,1,0
very_possessive,1,1,0
so_supreme,1,1,0
so_supple,1,1,0
so_superstitious,1,1,0
so_nuanced,1,0,1
so_supernatural,1,0,1
so_nutty,1,1,0
so_superfluous,1,0,1
so_obedient,1,0,1
so_obese,1,1,0
so_objectionable,1,0,1
so_oblique,1,1,0
so_symmetrical,1,1,0
so_superb,1,1,0
so_suitable,1,0,1
so_oblivious,1,1,0
so_suicidal,1,1,0
so_sugary,1,1,0
so_observant,1,1,0
so_such,1,1,0
so_obsessive,1,1,0
so_obstinate,1,1,0
so_subversive,1,1,0
so_substantive,1,0,1
so_obtuse,1,1,0
so_sweaty,1,1,0
so_noticeable,1,1,0
so_paltry,1,0,1
so_territorial,1,1,0
so_transferable,1,1,0
so_transcendent,1,1,0
so_traditional,1,0,1
very_rude,1,1,0
so_touching,1,1,0
so_total,1,1,0
very_pleasing,1,1,0
very_rosy,1,1,0
so_needless,1,0,1
very_poetic,1,0,1
so_theatrical,1,1,0
so_terse,1,0,1
so_negligent,1,1,0
so_systematic,1,1,0
so_terrific,1,1,0
so_tepid,1,0,1
so_negligible,1,1,0
so_negotiable,1,1,0
so_tenable,1,1,0
so_temporary,1,1,0
very_portable,1,1,0
very_rigid,1,1,0
so_tasteless,1,1,0
so_nostalgic,1,0,1
so_tactile,1,0,1
so_tactical,1,1,0
very_practicable,1,1,0
so_sturdy,1,1,0
so_structured,1,1,0
so_smelly,1,0,1
so_ostentatious,1,0,1
so_sound,1,1,0
very_pricy,1,0,1
so_outgoing,1,1,0
so_sorrowful,1,1,0
so_outstanding,1,1,0
so_sneaky,1,1,0
so_smug,1,1,0
so_smoother,1,1,0
so_overdue,1,1,0
so_smitten,1,1,0
so_overjoyed,1,1,0
so_overrated,1,1,0
very_pragmatic,1,1,0
so_sly,1,1,0
so_sluggish,1,1,0
so_slimy,1,1,0
very_resilient,1,1,0
so_overwrought,1,1,0
very_replaceable,1,1,0
so_slick,1,1,0
so_sleepy,1,1,0
so_skittish,1,1,0
so_palatable,1,0,1
so_pale,1,1,0
so_skinny,1,1,0
very_pressing,1,1,0
so_organic,1,1,0
so_speculative,1,0,1
so_speechless,1,1,0
so_stressed,1,1,0
so_streamlined,1,0,1
so_strategic,1,1,0
very_preachy,1,1,0
so_stout,1,1,0
so_stoked,1,1,0
so_stilted,1,1,0
very_restful,1,0,1
so_omnipotent,1,1,0
so_sterile,1,0,1
so_stereotypical,1,1,0
so_static,1,1,0
very_predictive,1,1,0
so_standard,1,0,1
so_stale,1,1,0
so_staid,1,1,0
so_staggering,1,1,0
so_spot-on,1,0,1
so_sporty,1,0,1
so_open-minded,1,1,0
very_respectful,1,1,0
so_opportune,1,1,0
so_oppressed,1,1,0
so_oppressive,1,1,0
very_resistant,1,1,0
so_insipid,1,1,0
sometime_available,1,1,0
sometimes_better,1,1,0
so_foreboding,1,1,0
so_flavorful,1,1,0
so_flawless,1,1,0
very_panicked,1,1,0
still_affordable,1,1,0
so_flippant,1,1,0
so_flirtatious,1,1,0
so_fluid,1,1,0
so_flush,1,1,0
so_flustered,1,1,0
still_accessible,1,0,1
still_acceptable,1,1,0
stereotypically_tropical,1,0,1
so_forgetful,1,1,0
still_applicable,1,1,0
stereotypically_theatrical,1,0,1
stereotypically_stoic,1,1,0
stereotypically_spectacular,1,0,1
stereotypically_scottish,1,0,1
stereotypically_masculine,1,1,0
stereotypically_male,1,0,1
stereotypically_macho,1,0,1
so_fortuitous,1,1,0
stereotypically_gay,1,0,1
steadily_happy,1,1,0
so_fractious,1,1,0
very_singular,1,0,1
still_amazing,1,0,1
still_arousing,1,1,0
so_fragrant,1,1,0
still_boring,1,0,1
so_fastidious,1,1,0
still_clear,1,1,0
so_fatigued,1,1,0
still_clean,1,1,0
so_favorite,1,1,0
still_chuffed,1,1,0
still_captivating,1,1,0
so_feeble,1,1,0
so_feisty,1,0,1
still_capable,1,1,0
still_calm,1,1,0
so_fervent,1,1,0
so_feverish,1,1,0
still_asleep,1,1,0
still_bloated,1,1,0
so_fickle,1,0,1
very_slender,1,1,0
still_blind,1,1,0
still_bad,1,1,0
still_awake,1,1,0
very_sleek,1,1,0
so_firm,1,1,0
so_fitting,1,1,0
so_flabbergasted,1,1,0
so_flagrant,1,1,0
so_flamboyant,1,0,1
steadily_dependable,1,1,0
staunchly_convinced,1,0,1
spiritually_shabby,1,1,0
starkly_apparent,1,1,0
starkly_white,1,0,1
starkly_revealing,1,1,0
so_geeky,1,0,1
so_general,1,1,0
so_generic,1,0,1
starkly_easy,1,1,0
starkly_compelling,1,1,0
very_shiny,1,1,0
starkly_black,1,1,0
starkly_bad,1,1,0
so_gleeful,1,1,0
so_global,1,1,0
staggeringly_new,1,0,1
so_galling,1,1,0
staggeringly_good,1,1,0
so_golden,1,1,0
splendidly_absurd,1,1,0
spiritually_wrong,1,0,1
so_gory,1,1,0
spiritually_whole,1,1,0
spiritually_uplifting,1,1,0
so_gradual,1,1,0
spiritually_superior,1,0,1
very_sexual,1,1,0
spiritually_stimulating,1,1,0
spiritually_significant,1,1,0
so_garish,1,1,0
startlingly_fresh,1,0,1
staunchly_authoritarian,1,1,0
statistically_probable,1,1,0
very_sincere,1,0,1
statistically_wrong,1,0,1
so_frantic,1,1,0
statistically_unlikely,1,1,0
so_freakin,1,1,0
so_freaky,1,0,1
statistically_sound,1,1,0
very_partial,1,1,0
statistically_robust,1,1,0
statistically_remarkable,1,0,1
statistically_relevant,1,1,0
statistically_productive,1,1,0
statistically_measurable,1,0,1
startlingly_innovative,1,0,1
so_frightful,1,0,1
statistically_inexplicable,1,1,0
statistically_equal,1,1,0
so_fruity,1,1,0
statistically_dominant,1,1,0
statistically_dense,1,1,0
so_functional,1,1,0
so_funky,1,1,0
statistically_correct,1,1,0
startlingly_strange,1,0,1
so_fussy,1,1,0
startlingly_realistic,1,1,0
still_close,1,0,1
still_competent,1,1,0
very_slick,1,1,0
still_undecided,1,1,0
straight_other,1,0,1
straight_enough,1,1,0
so_enamoured,1,1,0
still_whole,1,1,0
still_weird,1,1,0
so_endemic,1,1,0
still_useful,1,1,0
still_upset,1,1,0
still_upright,1,1,0
still_unfortunate,1,0,1
so_english,1,1,0
still_undocumented,1,1,0
still_unclear,1,1,0
strangely_entertaining,1,1,0
still_unable,1,1,0
still_tasty,1,1,0
still_tacky,1,1,0
still_sweet,1,1,0
so_entire,1,1,0
still_stunning,1,1,0
still_strong,1,1,0
still_special,1,1,0
still_singular,1,1,0
so_equal,1,1,0
still_sick,1,1,0
so_equivocal,1,0,1
straight_regular,1,1,0
so_empowered,1,1,0
still_costly,1,1,0
strategically_sensible,1,0,1
strictly_better,1,1,0
strictly_arbitrary,1,1,0
so_efficacious,1,0,1
strictly_anonymous,1,1,0
very_speculative,1,1,0
strictly_amazing,1,1,0
so_effusive,1,1,0
strictly_altruistic,1,1,0
strictly_accurate,1,1,0
so_elastic,1,0,1
strategically_viable,1,1,0
strategically_titillating,1,0,1
strategically_racist,1,0,1
so_emphatic,1,1,0
strategically_prudent,1,1,0
strategically_new,1,1,0
very_sour,1,1,0
strategically_decisive,1,1,0
strategically_critical,1,1,0
strategically_black,1,0,1
strangely_perfect,1,1,0
strangely_low,1,1,0
strangely_important,1,0,1
strangely_handsome,1,1,0
strangely_exuberant,1,1,0
so_empathetic,1,1,0
still_shy,1,1,0
still_short,1,0,1
so_erotic,1,1,0
very_sneaky,1,1,0
still_interesting,1,1,0
very_solicitous,1,1,0
so_experimental,1,1,0
still_interested,1,1,0
very_socialist,1,0,1
so_extra,1,1,0
still_hungry,1,1,0
still_human,1,1,0
still_hot,1,0,1
still_honorable,1,1,0
still_happy,1,1,0
still_great,1,1,0
so_eye-opening,1,1,0
so_erratic,1,1,0
still_graver,1,0,1
very_snarky,1,1,0
still_glossy,1,0,1
still_full,1,1,0
still_fresh,1,1,0
so_fanatical,1,0,1
still_dizzy,1,1,0
still_disappointed,1,1,0
so_far-flung,1,0,1
still_definitive,1,1,0
so_farfetched,1,1,0
still_crisp,1,1,0
still_invigorating,1,1,0
still_involved,1,1,0
so_expendable,1,1,0
still_larger,1,1,0
still_sexy,1,1,0
still_scared,1,1,0
very_overt,1,1,0
still_right,1,1,0
so_eternal,1,0,1
still_religious,1,1,0
so_even-handed,1,1,0
very_sorry,1,1,0
still_reasonable,1,1,0
still_real,1,1,0
still_purple,1,1,0
still_profitable,1,1,0
so_exaggerated,1,1,0
still_problematic,1,0,1
still_preferable,1,1,0
so_excessive,1,0,1
still_pink,1,1,0
very_soothing,1,1,0
so_exempt,1,1,0
very_soluble,1,1,0
very_overweight,1,1,0
still_legit,1,1,0
still_legal,1,1,0
so_exhaustive,1,1,0
still_late,1,1,0
so_granular,1,1,0
spiritually_satisfying,1,0,1
sometimes_imaginative,1,0,1
sorta_annoying,1,1,0
specially_bad,1,0,1
specially_attractive,1,0,1
so_immense,1,1,0
specially_appropriate,1,0,1
specially_adult,1,0,1
so_immoral,1,1,0
so_immune,1,1,0
specially_abnormal,1,1,0
spatially_uniform,1,1,0
sorta_responsible,1,1,0
sorta_reminiscent,1,0,1
so_impatient,1,1,0
sooooo_hard,1,1,0
specially_difficult,1,1,0
soooo_disappointed,1,1,0
soooo_comfortable,1,1,0
soooo_amazing,1,0,1
sooo_high,1,1,0
sooo_good,1,1,0
soon_weary,1,1,0
so_imposing,1,1,0
soon_sore,1,1,0
soo_excited,1,1,0
sonically_worth,1,0,1
so_imprecise,1,1,0
very_selfish,1,1,0
specially_characteristic,1,0,1
specially_distinctive,1,1,0
sonically_palatable,1,1,0
specially_privileged,1,1,0
specifically_american,1,0,1
specifically_amazing,1,0,1
so_hydrated,1,1,0
so_hypocritical,1,1,0
so_hysterical,1,1,0
specifically_abnormal,1,1,0
specially_wrong,1,0,1
specially_visual,1,1,0
specially_unwell,1,1,0
specially_ugly,1,0,1
specially_sexual,1,0,1
specially_proud,1,1,0
so_idiotic,1,1,0
specially_distinguishable,1,0,1
specially_powerful,1,1,0
specially_noteworthy,1,0,1
specially_left-wing,1,0,1
specially_interesting,1,0,1
so_ill-advised,1,1,0
so_illegitimate,1,1,0
specially_innovative,1,0,1
specially_fine,1,0,1
specially_extravagant,1,0,1
specially_exciting,1,0,1
specially_dramatic,1,0,1
so_illustrious,1,1,0
sonically_rich,1,1,0
sonically_outstanding,1,0,1
spiritually_rich,1,1,0
so_inhumane,1,0,1
so_infamous,1,0,1
somewhat_heavy,1,1,0
somewhat_cooler,1,1,0
so_inflammatory,1,1,0
so_inflexible,1,1,0
somewhat_common,1,1,0
somewhat_comforting,1,1,0
somewhat_bloody,1,1,0
so_infuriating,1,1,0
so_ingenious,1,0,1
so_ingrained,1,1,0
so_inhuman,1,0,1
somewhat_bland,1,0,1
so_inexplicable,1,1,0
so_innate,1,0,1
sometimes_wrong,1,1,0
sometimes_uplifting,1,0,1
so_insane,1,1,0
sometimes_unnoticed,1,0,1
so_inscrutable,1,1,0
sometimes_unique,1,1,0
sometimes_repetitive,1,0,1
sometimes_possible,1,1,0
sometimes_other,1,0,1
sometimes_nervous,1,0,1
sometimes_necessary,1,1,0
so_infallible,1,1,0
somewhat_humorous,1,1,0
so_inaccurate,1,1,0
so_inconvenient,1,1,0
so_inactive,1,1,0
sonically_mute,1,1,0
so_inane,1,1,0
sonically_jarring,1,1,0
sonically_inventive,1,0,1
sonically_heinous,1,0,1
so_inclusive,1,1,0
so_incompetent,1,0,1
so_incongruous,1,1,0
sonically_exceptional,1,0,1
sonically_enchanting,1,1,0
so_inconspicuous,1,1,0
sonically_challenging,1,1,0
somewhat_odd,1,1,0
so_incredulous,1,0,1
sonically_bold,1,1,0
somewhere_nice,1,1,0
somewhere_else,1,1,0
so_indignant,1,0,1
somewhat_unfair,1,1,0
somewhat_tricky,1,1,0
somewhat_stimulating,1,1,0
somewhat_similar,1,0,1
somewhat_predictable,1,0,1
somewhat_overrated,1,1,0
so_ineffective,1,0,1
specifically_attributable,1,1,0
specifically_available,1,0,1
specifically_aware,1,1,0
so_hazy,1,1,0
so_hardworking,1,1,0
spectacularly_complex,1,0,1
spectacularly_clumsy,1,1,0
spectacularly_close,1,1,0
spectacularly_cinematic,1,1,0
spectacularly_catastrophic,1,0,1
spectacularly_bizarre,1,0,1
spectacularly_beautiful,1,1,0
so_hasty,1,1,0
spectacularly_astounding,1,0,1
so_haunting,1,1,0
so_hazardous,1,1,0
so_healthful,1,0,1
spectacularly_old,1,1,0
spectacularly_absent,1,1,0
specifically_worrisome,1,0,1
specifically_western,1,0,1
so_heartbroken,1,1,0
specifically_vegan,1,0,1
specifically_useful,1,0,1
so_heated,1,1,0
specifically_suitable,1,1,0
very_sensual,1,0,1
specifically_southern,1,1,0
specifically_sleazy,1,0,1
specifically_skilled,1,1,0
so_harder,1,1,0
spectacularly_remarkable,1,0,1
specifically_biblical,1,0,1
spiritually_fruitful,1,1,0
spiritually_rewarding,1,0,1
spiritually_powerful,1,0,1
spiritually_motivated,1,1,0
spiritually_literate,1,1,0
spiritually_important,1,1,0
spiritually_ideal,1,1,0
spiritually_hungry,1,1,0
spiritually_healthy,1,1,0
so_gregarious,1,1,0
so_grievous,1,0,1
spiritually_happy,1,1,0
spiritually_genuine,1,1,0
so_grumpy,1,1,0
very_separate,1,1,0
spiritually_depressing,1,0,1
spiritually_dead,1,1,0
spiritually_corrosive,1,1,0
spiritually_correct,1,1,0
spiritually_close,1,1,0
so_gullible,1,1,0
so_handmade,1,1,0
spiritually_beneficial,1,1,0
spectacularly_unique,1,0,1
spectacularly_troubled,1,1,0
spectacularly_tragic,1,1,0
spectacularly_successful,1,1,0
specifically_sexual,1,0,1
specifically_sensitive,1,1,0
specifically_russian,1,0,1
very_senior,1,1,0
specifically_identifiable,1,1,0
specifically_identical,1,1,0
specifically_idealistic,1,1,0
specifically_hypocritical,1,0,1
so_horrendous,1,1,0
specifically_helpful,1,1,0
very_sensational,1,0,1
so_horrified,1,0,1
specifically_eye-catching,1,0,1
specifically_enforceable,1,1,0
so_hospitable,1,1,0
specifically_educational,1,1,0
specifically_easier,1,1,0
specifically_right,1,1,0
specifically_drastic,1,0,1
specifically_digital,1,0,1
specifically_difficult,1,0,1
specifically_desirable,1,0,1
specifically_delicious,1,1,0
specifically_defiant,1,1,0
specifically_defamatory,1,0,1
specifically_dangerous,1,0,1
specifically_concerned,1,1,0
so_humid,1,1,0
specifically_communist,1,0,1
specifically_catholic,1,1,0
specifically_immoral,1,0,1
so_honourable,1,1,0
specifically_indian,1,0,1
specifically_jewish,1,0,1
very_partisan,1,1,0
specifically_responsible,1,1,0
specifically_proud,1,1,0
so_heterogeneous,1,1,0
specifically_problematic,1,0,1
specifically_political,1,0,1
specifically_outstanding,1,0,1
specifically_ours,1,1,0
so_high-profile,1,1,0
so_high-tech,1,1,0
so_higher,1,1,0
specifically_official,1,0,1
specifically_odd,1,0,1
specifically_nuclear,1,0,1
so_historic,1,0,1
specifically_novel,1,0,1
specifically_mythic,1,0,1
specifically_musical,1,1,0
specifically_more,1,0,1
so_homesick,1,1,0
specifically_memorable,1,0,1
specifically_local,1,0,1
specifically_libertarian,1,0,1
specifically_lesbian,1,0,1
so_honorable,1,1,0
vocally_dynamic,1,0,1
so_bald,1,0,1
so_balanced,1,1,0
seemingly_special,1,0,1
too_exclusive,1,1,0
seemingly_insurmountable,1,0,1
seemingly_manipulative,1,0,1
seemingly_open,1,0,1
seemingly_perfect,1,1,0
seemingly_pleased,1,1,0
too_excitable,1,1,0
seemingly_ready,1,1,0
seemingly_reliant,1,1,0
too_exalted,1,1,0
seemingly_serious,1,0,1
seemingly_severe,1,1,0
seemingly_successful,1,1,0
seemingly_insulting,1,0,1
seemingly_trivial,1,1,0
seemingly_true,1,1,0
too_evocative,1,0,1
seemingly_unable,1,1,0
seemingly_unfair,1,1,0
seemingly_unfazed,1,0,1
too_evasive,1,1,0
seemingly_untouchable,1,0,1
seemingly_unusual,1,0,1
seemingly_visible,1,0,1
too_essential,1,1,0
seemingly_zero,1,1,0
too_exhausted,1,1,0
too_exorbitant,1,1,0
seldom_true,1,0,1
too_exploitative,1,0,1
searingly_hot,1,1,0
seasonally_fashionable,1,1,0
too_extremist,1,0,1
second_easiest,1,1,0
very_industrious,1,1,0
very_inflammatory,1,0,1
secretly_canadian,1,1,0
secretly_envious,1,1,0
secretly_gay,1,1,0
secretly_religious,1,1,0
secretly_sexy,1,1,0
too_explosive,1,0,1
seemingly_available,1,1,0
seemingly_impossible,1,0,1
seemingly_aware,1,1,0
seemingly_banal,1,0,1
seemingly_chronic,1,0,1
seemingly_close,1,1,0
seemingly_comfortable,1,1,0
seemingly_depressed,1,1,0
seemingly_great,1,1,0
seemingly_happy,1,0,1
too_experienced,1,0,1
seemingly_hostile,1,0,1
too_expansive,1,0,1
very_insane,1,1,0
seismically_active,1,1,0
self-consciously_aesthetic,1,0,1
scientifically_worthy,1,1,0
very_integral,1,1,0
seriously_foolish,1,1,0
seriously_good,1,1,0
seriously_hot,1,1,0
too_electrifying,1,0,1
very_instant,1,1,0
seriously_hungry,1,1,0
wholly_unconnected,1,1,0
wholly_unaware,1,1,0
seriously_immoral,1,0,1
seriously_impressive,1,0,1
seriously_improper,1,1,0
seriously_inadequate,1,1,0
wholly_unambiguous,1,1,0
seriously_enough,1,1,0
seriously_introspective,1,1,0
too_efficient,1,0,1
seriously_main,1,0,1
seriously_mistaken,1,1,0
seriously_neurotic,1,0,1
too_earnest,1,1,0
too_dusty,1,0,1
seriously_newsworthy,1,0,1
seriously_oriented,1,1,0
very_interactive,1,1,0
seriously_productive,1,0,1
seriously_radical,1,0,1
seriously_expensive,1,0,1
seriously_disabled,1,1,0
self-consciously_ethnic,1,1,0
seriously_able,1,1,0
self-consciously_grim,1,1,0
self-consciously_quirky,1,1,0
very_inspirational,1,0,1
too_erotic,1,0,1
too_equivocal,1,0,1
self-consciously_retro,1,1,0
self-consciously_weird,1,1,0
too_enthralling,1,0,1
self_evident,1,1,0
self_righteous,1,1,0
too_enough,1,1,0
self_satisfied,1,1,0
too_english,1,0,1
seriously_different,1,1,0
seriously_agitated,1,1,0
seriously_angry,1,1,0
seriously_close,1,1,0
seriously_corrupt,1,1,0
seriously_critical,1,1,0
seriously_damaged,1,1,0
too_encouraged,1,0,1
too_emphatic,1,1,0
wholly_understandable,1,1,0
seriously_dangerous,1,0,1
seriously_destructive,1,1,0
seriously_detrimental,1,0,1
too_eye-opening,1,0,1
scientifically_viable,1,1,0
terribly_mystical,1,0,1
too_finicky,1,0,1
ridiculously_massive,1,1,0
ridiculously_spicy,1,0,1
ridiculously_wealthy,1,1,0
right_calm,1,1,0
right_crooked,1,0,1
right_divine,1,1,0
very_improper,1,1,0
right_dominant,1,1,0
right_enough,1,0,1
right_good,1,1,0
right_greater,1,1,0
right_honest,1,1,0
too_financial,1,1,0
ridiculously_long,1,1,0
wholly_unnatural,1,1,0
right_next,1,0,1
right_short,1,1,0
right_sick,1,1,0
right_wrong,1,1,0
rightly_right,1,1,0
wholly_unmoved,1,1,0
rightly_sober,1,1,0
too_ferocious,1,0,1
rigidly_perfect,1,1,0
rigorously_certain,1,1,0
rigorously_correct,1,1,0
ridiculously_loud,1,0,1
ridiculously_impressive,1,0,1
rigorously_intellectual,1,1,0
wholly_unreliable,1,1,0
too_fragrant,1,0,1
resolutely_catholic,1,0,1
resolutely_conservative,1,1,0
too_forthcoming,1,1,0
wholly_unwilling,1,1,0
too_formidable,1,0,1
resoundingly_solid,1,1,0
resoundingly_true,1,0,1
rhythmically_concerned,1,1,0
rhythmically_secure,1,1,0
rhythmically_stagnant,1,1,0
too_forbidden,1,1,0
richly_passionate,1,0,1
ridiculously_horrible,1,1,0
richly_red,1,1,0
too_focused,1,1,0
ridiculously_damaging,1,0,1
too_fluffy,1,0,1
ridiculously_easy,1,1,0
wholly_unrealistic,1,1,0
too_floral,1,0,1
ridiculously_entertaining,1,1,0
too_flirty,1,1,0
ridiculously_eye-catching,1,0,1
ridiculously_happy,1,1,0
very_impressionable,1,1,0
rigorously_enforceable,1,1,0
rigorously_secular,1,1,0
scientifically_verifiable,1,1,0
scientifically_justifiable,1,1,0
scarcely_conceivable,1,0,1
scarcely_willing,1,0,1
scientifically_attributable,1,1,0
very_incorrect,1,1,0
scientifically_aware,1,1,0
very_independent,1,1,0
scientifically_clear,1,1,0
scientifically_credible,1,1,0
scientifically_defensible,1,1,0
scientifically_easy,1,1,0
very_industrial,1,1,0
scientifically_intriguing,1,0,1
scientifically_meaningful,1,1,0
scandalously_indulgent,1,1,0
scientifically_measurable,1,1,0
scientifically_necessary,1,1,0
scientifically_obvious,1,0,1
scientifically_possible,1,1,0
too_faithful,1,1,0
scientifically_predictable,1,1,0
scientifically_profound,1,1,0
scientifically_qualified,1,1,0
scientifically_relevant,1,0,1
scientifically_reliable,1,1,0
scientifically_robust,1,1,0
scientifically_sacrosanct,1,0,1
scarcely_armed,1,1,0
very_inconsistent,1,0,1
rigorously_valid,1,1,0
too_fatal,1,0,1
romantically_attractive,1,0,1
romantically_symbolic,1,0,1
roughly_equal,1,1,0
roughly_synonymous,1,0,1
round_appealing,1,1,0
round_good,1,1,0
too_faulty,1,0,1
round_much,1,1,0
round_sunny,1,1,0
routinely_funny,1,1,0
routinely_successful,1,1,0
ruggedly_handsome,1,1,0
ruthlessly_clinical,1,1,0
too_fastidious,1,1,0
ruthlessly_effective,1,1,0
ruthlessly_inhumane,1,1,0
sadly_aware,1,1,0
sadly_misleading,1,0,1
sadly_misunderstood,1,1,0
sadly_relevant,1,1,0
wholly_unjustified,1,1,0
wholly_unimportant,1,1,0
safely_intact,1,1,0
safely_remote,1,1,0
satisfyingly_clear,1,1,0
satisfyingly_good,1,1,0
seriously_scary,1,0,1
too_dreary,1,1,0
too_dreamy,1,0,1
too_contemptible,1,0,1
significantly_stronger,1,1,0
too_cozy,1,0,1
too_courteous,1,0,1
too_courageous,1,0,1
very_lean,1,1,0
significantly_unusual,1,0,1
significantly_visionary,1,0,1
too_conversational,1,1,0
very_legal,1,1,0
very_legible,1,1,0
significantly_worthy,1,0,1
too_contented,1,0,1
significantly_younger,1,1,0
significantly_romantic,1,0,1
too_conspicuous,1,1,0
wholly_supportive,1,1,0
too_considerable,1,0,1
too_congenial,1,1,0
too_confused,1,1,0
wholly_subservient,1,1,0
very_lengthy,1,1,0
wholly_strict,1,1,0
too_conducive,1,0,1
too_concrete,1,1,0
similarly_ambiguous,1,1,0
similarly_compelling,1,0,1
significantly_smaller,1,0,1
too_credible,1,0,1
wholly_straight,1,1,0
significantly_high,1,1,0
too_decadent,1,1,0
very_labor-intensive,1,1,0
very_large-scale,1,0,1
too_damning,1,0,1
too_damn,1,0,1
significantly_esoteric,1,1,0
significantly_extra,1,0,1
too_curvy,1,0,1
significantly_good,1,0,1
significantly_greater,1,1,0
too_current,1,0,1
significantly_harder,1,1,0
too_curly,1,0,1
significantly_profitable,1,1,0
significantly_huge,1,1,0
too_crunchy,1,1,0
too_crumbly,1,0,1
significantly_jewish,1,0,1
significantly_larger,1,0,1
very_laudable,1,0,1
very_lavish,1,1,0
significantly_monolithic,1,1,0
significantly_negative,1,1,0
very_law-abiding,1,1,0
significantly_obese,1,1,0
significantly_potent,1,1,0
similarly_cutesy,1,1,0
too_concise,1,1,0
seriously_stupid,1,0,1
too_charismatic,1,0,1
very_liquid,1,1,0
wholly_separate,1,1,0
too_chubby,1,1,0
too_christian,1,0,1
too_chilling,1,0,1
similarly_profitable,1,0,1
similarly_radical,1,1,0
similarly_sacred,1,0,1
wholly_selfish,1,1,0
too_chatty,1,1,0
too_charming,1,1,0
similarly_skilled,1,1,0
too_chaotic,1,1,0
too_chummy,1,1,0
very_literary,1,1,0
very_lively,1,1,0
too_central,1,0,1
too_cavalier,1,1,0
very_lonely,1,1,0
wholly_sectarian,1,1,0
too_catchy,1,0,1
simply_amazing,1,1,0
simply_arrogant,1,1,0
simply_attributable,1,1,0
very_long-lasting,1,1,0
too_cartoonish,1,0,1
similarly_powerful,1,1,0
very_linear,1,0,1
wholly_static,1,1,0
too_comfy,1,1,0
very_less,1,1,0
wholly_spiritual,1,1,0
too_conceptual,1,1,0
too_comprehensive,1,0,1
wholly_spectacular,1,0,1
too_complementary,1,0,1
similarly_effective,1,1,0
similarly_inconclusive,1,1,0
similarly_jarring,1,0,1
too_compact,1,1,0
too_communicative,1,0,1
similarly_limited,1,1,0
similarly_major,1,0,1
very_limited,1,1,0
similarly_mysterious,1,1,0
very_life-changing,1,0,1
similarly_nomadic,1,0,1
too_coincidental,1,1,0
too_clunky,1,1,0
similarly_particular,1,1,0
wholly_skeptical,1,1,0
too_clumsy,1,1,0
too_cloudy,1,0,1
very_lighthearted,1,1,0
too_clinical,1,1,0
too_clear-cut,1,0,1
significantly_diverse,1,1,0
significantly_distinguishable,1,1,0
too_decorative,1,0,1
too_disingenuous,1,1,0
sexually_assertive,1,1,0
too_dismayed,1,1,0
sexually_carefree,1,1,0
sexually_chaste,1,1,0
sexually_compelling,1,0,1
sexually_curious,1,1,0
sexually_deviant,1,1,0
too_dismal,1,1,0
sexually_disturbing,1,1,0
sexually_equal,1,1,0
sexually_excited,1,1,0
sexually_free,1,0,1
sexually_frustrated,1,1,0
sexually_ambiguous,1,1,0
too_disheartening,1,0,1
too_disheartened,1,1,0
sexually_frustrating,1,1,0
too_discrete,1,0,1
sexually_graphic,1,1,0
sexually_gratified,1,1,0
sexually_horrific,1,0,1
too_disconcerting,1,0,1
very_irish,1,1,0
too_discerning,1,0,1
too_discernible,1,0,1
sexually_incompatible,1,1,0
too_disrespectful,1,0,1
sexually_adventurous,1,1,0
significantly_distinct,1,0,1
severely_disruptive,1,1,0
seriously_suicidal,1,1,0
very_intriguing,1,1,0
seriously_uneasy,1,1,0
seriously_willing,1,1,0
wholly_truthful,1,0,1
severely_american,1,0,1
severely_conservative,1,0,1
severely_critical,1,1,0
severely_damaged,1,1,0
severely_difficult,1,1,0
too_draconian,1,1,0
too_dovish,1,1,0
too_dour,1,1,0
wholly_systematic,1,1,0
too_doubtful,1,1,0
severely_malnourished,1,1,0
too_domestic,1,1,0
severely_myopic,1,1,0
severely_other,1,1,0
too_divisive,1,0,1
wholly_threatening,1,1,0
severely_overweight,1,1,0
severely_sick,1,1,0
too_distrustful,1,1,0
too_distinctive,1,0,1
very_invasive,1,1,0
too_disadvantaged,1,1,0
sexually_monogamous,1,1,0
sexually_motivated,1,1,0
sickly_captivating,1,1,0
shockingly_easy,1,1,0
shockingly_enough,1,1,0
shockingly_good,1,1,0
shockingly_innovative,1,1,0
too_derogatory,1,1,0
shockingly_plain,1,0,1
shockingly_satisfying,1,0,1
too_derivative,1,1,0
shockingly_tantalizing,1,0,1
shockingly_true,1,1,0
shockingly_unexpected,1,1,0
sickeningly_sentimental,1,0,1
too_delightful,1,0,1
very_irritable,1,1,0
significantly_bad,1,0,1
very_kinetic,1,0,1
significantly_bold,1,1,0
too_deleterious,1,1,0
significantly_clear,1,1,0
significantly_close,1,1,0
significantly_competitive,1,1,0
too_definitive,1,0,1
significantly_conservative,1,0,1
too_deferential,1,1,0
significantly_damaging,1,1,0
wholly_surprising,1,1,0
too_desirable,1,1,0
too_desolate,1,1,0
shockingly_distinct,1,1,0
shockingly_bigoted,1,1,0
sexually_normal,1,1,0
sexually_obsessed,1,1,0
sexually_oriented,1,1,0
sexually_overt,1,0,1
sexually_perverse,1,1,0
sexually_perverted,1,1,0
very_jaded,1,1,0
too_devious,1,0,1
very_jarring,1,1,0
sexually_shy,1,1,0
too_deviant,1,0,1
sexually_strong,1,1,0
sexually_timid,1,0,1
very_joyous,1,1,0
sexually_voracious,1,1,0
sexually_weird,1,1,0
shamefully_obvious,1,1,0
shamelessly_wholesome,1,0,1
sharply_apparent,1,1,0
sharply_black,1,1,0
sharply_contrasting,1,1,0
sharply_distinguishable,1,0,1
shockingly_affordable,1,1,0
shockingly_bad,1,1,0
very_junior,1,1,0
too_frenetic,1,1,0
very_immune,1,1,0
too_frightened,1,1,0
too_merry,1,0,1
remotely_fascist,1,0,1
too_miraculous,1,0,1
too_minimalist,1,1,0
too_minimal,1,1,0
remotely_festive,1,0,1
too_mindless,1,0,1
too_mindful,1,1,0
remotely_formal,1,0,1
too_militaristic,1,1,0
remotely_friendly,1,1,0
too_miffed,1,1,0
too_meticulous,1,1,0
too_mental,1,0,1
too_motivated,1,1,0
very_hairy,1,1,0
too_melancholy,1,0,1
too_mediocre,1,0,1
remotely_glorious,1,0,1
too_medieval,1,0,1
remotely_good-looking,1,1,0
remotely_graphic,1,0,1
too_mean-spirited,1,1,0
remotely_great,1,1,0
too_meager,1,0,1
remotely_guilty,1,0,1
too_matte,1,0,1
too_monolithic,1,0,1
too_mountainous,1,0,1
remotely_harmful,1,0,1
remotely_erotic,1,0,1
remotely_egalitarian,1,0,1
remotely_elderly,1,1,0
remotely_electable,1,1,0
remotely_elementary,1,1,0
too_next,1,1,0
remotely_emotional,1,0,1
remotely_enlightened,1,0,1
wickedly_sexy,1,1,0
remotely_entrepreneurial,1,1,0
remotely_epic,1,0,1
remotely_equal,1,0,1
remotely_equivalent,1,0,1
remotely_essential,1,1,0
too_muscular,1,1,0
remotely_ethical,1,0,1
remotely_evident,1,1,0
too_nerve-wracking,1,1,0
too_near,1,1,0
too_natural,1,0,1
remotely_experimental,1,0,1
too_mystifying,1,0,1
remotely_exploitative,1,0,1
remotely_expressive,1,0,1
remotely_factual,1,1,0
very_groundbreaking,1,0,1
too_mystical,1,0,1
remotely_happy,1,1,0
too_materialistic,1,1,0
remotely_liberating,1,0,1
wickedly_charming,1,0,1
too_loopy,1,0,1
remotely_impersonal,1,1,0
too_long-winded,1,1,0
too_long-term,1,1,0
remotely_indifferent,1,1,0
remotely_inevitable,1,0,1
remotely_inflammatory,1,0,1
wickedly_entertaining,1,0,1
remotely_influential,1,1,0
remotely_innocent,1,0,1
remotely_insipid,1,1,0
too_local,1,0,1
remotely_intimate,1,1,0
too_lovable,1,1,0
too_literate,1,1,0
remotely_invalid,1,1,0
remotely_inventive,1,0,1
too_liquid,1,1,0
remotely_irish,1,0,1
remotely_irrational,1,0,1
too_limp,1,1,0
too_lightweight,1,1,0
too_lighthearted,1,1,0
too_life-changing,1,0,1
remotely_large,1,1,0
remotely_laughable,1,0,1
remotely_imperfect,1,0,1
remotely_immoral,1,0,1
remotely_hateful,1,0,1
very_handsome,1,1,0
too_marvelous,1,0,1
remotely_heavenly,1,0,1
too_manly,1,1,0
too_malevolent,1,1,0
remotely_high,1,1,0
too_male,1,1,0
remotely_homogeneous,1,1,0
remotely_homosexual,1,0,1
too_magnificent,1,0,1
remotely_honorable,1,0,1
remotely_hostile,1,0,1
remotely_hot,1,1,0
remotely_hurt,1,1,0
too_loving,1,1,0
remotely_hyperbolic,1,0,1
remotely_hypocritical,1,0,1
remotely_iconic,1,0,1
too_lurid,1,1,0
too_ludicrous,1,1,0
remotely_ideal,1,1,0
remotely_identifiable,1,0,1
remotely_ideological,1,0,1
remotely_iffy,1,0,1
too_lucky,1,1,0
remotely_illicit,1,0,1
remotely_imaginative,1,0,1
remotely_effective,1,1,0
too_niche,1,1,0
too_nightmarish,1,0,1
remotely_casual,1,0,1
remotely_benign,1,0,1
remotely_better,1,1,0
too_ponderous,1,1,0
remotely_biological,1,0,1
remotely_bisexual,1,0,1
remotely_bogus,1,0,1
too_pompous,1,0,1
remotely_bold,1,0,1
remotely_boring,1,1,0
remotely_brave,1,1,0
remotely_british,1,0,1
too_polarizing,1,0,1
too_pleasurable,1,0,1
too_pornographic,1,0,1
remotely_certain,1,1,0
very_gratifying,1,1,0
widely_applicable,1,1,0
remotely_chaotic,1,1,0
very_gray,1,0,1
too_plausible,1,1,0
remotely_chaste,1,0,1
remotely_claustrophobic,1,0,1
remotely_cognizant,1,1,0
too_perilous,1,1,0
remotely_coherent,1,0,1
remotely_comfortable,1,1,0
too_pop,1,1,0
remotely_beautiful,1,0,1
remotely_edifying,1,0,1
too_pricy,1,0,1
too_prohibitive,1,1,0
remotely_anti-gay,1,0,1
remotely_anti-israel,1,1,0
too_prodigious,1,1,0
too_proactive,1,1,0
remotely_antiquated,1,0,1
remotely_apocalyptic,1,0,1
remotely_apologetic,1,1,0
too_pristine,1,1,0
too_primitive,1,1,0
too_prideful,1,1,0
remotely_appetizing,1,0,1
very_granular,1,1,0
too_powerless,1,1,0
too_presumptuous,1,1,0
remotely_asian,1,0,1
too_present,1,1,0
remotely_aspirational,1,0,1
too_preposterous,1,1,0
remotely_attainable,1,1,0
too_preoccupied,1,1,0
remotely_authentic,1,0,1
remotely_available,1,1,0
remotely_average,1,0,1
too_praiseworthy,1,0,1
remotely_awesome,1,0,1
remotely_comforting,1,1,0
remotely_comical,1,0,1
remotely_common,1,1,0
too_noxious,1,1,0
too_obsessed,1,1,0
too_observant,1,0,1
too_obscene,1,1,0
remotely_decorative,1,0,1
remotely_deep,1,0,1
too_objective,1,1,0
remotely_delicious,1,0,1
remotely_desirable,1,1,0
remotely_devout,1,1,0
remotely_different,1,0,1
too_nutritious,1,0,1
remotely_disappointing,1,1,0
remotely_disconcerting,1,0,1
too_pedantic,1,1,0
remotely_disruptive,1,0,1
remotely_distinct,1,0,1
remotely_doable,1,1,0
too_nostalgic,1,1,0
too_normal,1,1,0
remotely_domestic,1,0,1
too_noble,1,1,0
remotely_dull,1,1,0
too_nimble,1,0,1
remotely_eccentric,1,0,1
remotely_edgy,1,0,1
too_nihilistic,1,0,1
remotely_deceptive,1,0,1
remotely_decent,1,0,1
too_obtuse,1,1,0
remotely_decadent,1,0,1
too_peaceful,1,1,0
too_pathetic,1,0,1
too_past,1,1,0
remotely_competent,1,0,1
remotely_conceivable,1,1,0
too_paradoxical,1,0,1
remotely_conclusive,1,0,1
remotely_condescending,1,0,1
remotely_confident,1,1,0
remotely_consensual,1,0,1
too_overworked,1,1,0
too_overpriced,1,1,0
remotely_contradictory,1,0,1
remotely_contrived,1,0,1
too_overblown,1,1,0
remotely_cosy,1,0,1
remotely_cranky,1,0,1
too_organized,1,1,0
remotely_creepy,1,0,1
remotely_cruel,1,1,0
too_one-dimensional,1,1,0
remotely_cutesy,1,0,1
wide_awake,1,1,0
remotely_dainty,1,0,1
too_odious,1,1,0
remotely_left-wing,1,0,1
remotely_life-threatening,1,1,0
reportedly_related,1,1,0
remotely_stressful,1,1,0
remotely_spicy,1,0,1
too_hazardous,1,0,1
remotely_spooky,1,0,1
too_harrowing,1,0,1
remotely_sporty,1,0,1
remotely_stable,1,0,1
remotely_standard,1,0,1
too_harmonious,1,1,0
remotely_straight,1,0,1
remotely_strange,1,0,1
very_hurtful,1,1,0
very_hyperbolic,1,1,0
too_handy,1,1,0
too_heated,1,1,0
remotely_sturdy,1,1,0
remotely_subservient,1,1,0
too_handsome,1,0,1
remotely_subversive,1,0,1
too_gutsy,1,0,1
too_gullible,1,1,0
too_grumpy,1,1,0
remotely_suitable,1,1,0
too_gruff,1,1,0
remotely_surprised,1,1,0
very_idealistic,1,1,0
remotely_suspenseful,1,0,1
remotely_specific,1,0,1
too_heroic,1,0,1
wholly_voluntary,1,1,0
remotely_sexualized,1,0,1
remotely_scholarly,1,0,1
too_humorous,1,1,0
remotely_seasonal,1,0,1
remotely_secret,1,0,1
remotely_secretive,1,0,1
remotely_secular,1,0,1
remotely_self-destructive,1,1,0
remotely_sensitive,1,0,1
too_horrifying,1,1,0
too_horrid,1,1,0
too_hoppy,1,1,0
too_hopeless,1,1,0
too_homely,1,1,0
too_hesitant,1,1,0
remotely_shady,1,0,1
remotely_shocked,1,1,0
very_humanistic,1,1,0
too_hollow,1,1,0
wholly_white,1,1,0
remotely_simplistic,1,0,1
too_historical,1,0,1
too_hilly,1,0,1
too_hilarious,1,0,1
remotely_skillful,1,0,1
remotely_smoky,1,1,0
remotely_solid,1,0,1
very_identifiable,1,0,1
too_grisly,1,0,1
remotely_light,1,1,0
remotely_white,1,1,0
remotely_unpleasant,1,0,1
remotely_unreal,1,0,1
remotely_unreasonable,1,0,1
remotely_unruly,1,0,1
remotely_unsafe,1,0,1
remotely_uplifting,1,0,1
remotely_upscale,1,0,1
remotely_valid,1,1,0
too_geometric,1,0,1
remotely_vegetarian,1,0,1
remotely_viable,1,1,0
remotely_visible,1,1,0
remotely_winded,1,1,0
too_gnarly,1,1,0
very_illuminating,1,0,1
too_furious,1,1,0
remotely_worldly,1,0,1
remotely_worried,1,1,0
too_fun,1,0,1
too_frugal,1,1,0
too_frosty,1,1,0
too_frigid,1,1,0
reportedly_present,1,1,0
reportedly_profitable,1,1,0
too_frightful,1,0,1
reportedly_ready,1,1,0
remotely_uniform,1,0,1
too_godly,1,0,1
too_gripping,1,0,1
remotely_tragic,1,0,1
remotely_tantalizing,1,0,1
remotely_tedious,1,0,1
remotely_tempting,1,1,0
too_grim,1,1,0
too_grievous,1,0,1
remotely_thoughtful,1,0,1
remotely_thrilling,1,0,1
remotely_tidy,1,0,1
remotely_timely,1,1,0
remotely_titillating,1,1,0
too_granular,1,1,0
very_iffy,1,0,1
too_grainy,1,1,0
remotely_unflattering,1,0,1
remotely_transparent,1,1,0
remotely_troubling,1,0,1
wholly_valid,1,1,0
too_gracious,1,0,1
very_ignorant,1,1,0
remotely_uncomfortable,1,0,1
too_gorgeous,1,0,1
remotely_undemocratic,1,0,1
remotely_understated,1,0,1
too_golden,1,0,1
remotely_unexpected,1,1,0
remotely_unfair,1,1,0
too_hyperactive,1,1,0
too_hyperbolic,1,1,0
remotely_scared,1,1,0
too_intentional,1,0,1
too_introspective,1,1,0
remotely_notable,1,0,1
remotely_noteworthy,1,0,1
remotely_novel,1,0,1
remotely_objectionable,1,0,1
too_intoxicating,1,1,0
too_intolerant,1,1,0
remotely_official,1,0,1
very_hip,1,1,0
remotely_old-fashioned,1,0,1
remotely_open-minded,1,0,1
remotely_operational,1,1,0
remotely_opinionated,1,0,1
remotely_noble,1,0,1
remotely_oppressed,1,1,0
remotely_ordinary,1,0,1
very_historical,1,1,0
too_intelligent,1,1,0
too_insurmountable,1,1,0
remotely_ostentatious,1,0,1
remotely_overt,1,0,1
remotely_palatable,1,1,0
remotely_parallel,1,0,1
remotely_partisan,1,0,1
remotely_patriotic,1,0,1
remotely_peaceful,1,0,1
remotely_nocturnal,1,0,1
remotely_nihilistic,1,0,1
too_iconic,1,0,1
remotely_menacing,1,1,0
too_legible,1,0,1
very_harmful,1,0,1
too_last,1,1,0
remotely_long,1,1,0
remotely_lovable,1,0,1
remotely_mainstream,1,1,0
remotely_manageable,1,1,0
remotely_marketable,1,0,1
remotely_masculine,1,0,1
remotely_meaningful,1,1,0
too_lackluster,1,1,0
remotely_mechanical,1,0,1
remotely_metallic,1,0,1
too_ironic,1,0,1
remotely_misleading,1,0,1
remotely_moderate,1,0,1
remotely_momentous,1,0,1
remotely_moral,1,0,1
too_laborious,1,1,0
remotely_narrow,1,0,1
too_jubilant,1,0,1
too_jazzy,1,1,0
remotely_nerve-racking,1,0,1
remotely_newsworthy,1,0,1
wholly_wise,1,1,0
too_irritated,1,1,0
too_insufficient,1,1,0
too_insubstantial,1,1,0
remotely_personal,1,0,1
too_illustrious,1,0,1
too_impulsive,1,1,0
very_hostile,1,1,0
very_human,1,0,1
too_implicit,1,0,1
remotely_reluctant,1,1,0
too_impactful,1,0,1
too_immoral,1,1,0
too_immense,1,0,1
remotely_representative,1,1,0
remotely_republican,1,1,0
too_immediate,1,0,1
remotely_retro,1,0,1
remotely_rich,1,0,1
remotely_perverse,1,1,0
remotely_right,1,0,1
very_human-like,1,1,0
remotely_royal,1,1,0
too_illustrative,1,0,1
too_illuminating,1,0,1
remotely_sacred,1,1,0
too_illogical,1,1,0
remotely_salacious,1,0,1
too_idealistic,1,1,0
remotely_sappy,1,0,1
remotely_satisfactory,1,1,0
remotely_satisfying,1,0,1
wholly_willing,1,1,0
remotely_relatable,1,1,0
too_inaccessible,1,1,0
too_inadequate,1,1,0
remotely_physical,1,1,0
remotely_pious,1,0,1
remotely_playable,1,1,0
remotely_polite,1,1,0
too_insistent,1,0,1
remotely_pop,1,0,1
too_insightful,1,1,0
too_inquisitive,1,1,0
too_inoffensive,1,0,1
too_infuriating,1,1,0
too_influential,1,1,0
remotely_practical,1,1,0
remotely_predictable,1,1,0
remotely_problematic,1,0,1
remotely_questionable,1,0,1
remotely_quiet,1,1,0
too_indicative,1,0,1
too_indecent,1,0,1
too_inconvenient,1,1,0
very_horrible,1,1,0
too_incompetent,1,1,0
too_inclusive,1,1,0
too_incisive,1,0,1
remotely_rebellious,1,0,1
remotely_recognizable,1,1,0
simply_available,1,1,0
too_caring,1,1,0
very_long-lived,1,1,0
wholly_bare,1,1,0
that_humble,1,1,0
that_hospitable,1,1,0
that_homey,1,1,0
that_hilarious,1,1,0
wholly_blank,1,1,0
wholly_blameless,1,1,0
that_helpless,1,1,0
wholly_beneficial,1,1,0
slightly_wobbly,1,1,0
slightly_wonky,1,0,1
slyly_comic,1,1,0
slyly_funny,1,1,0
that_heated,1,1,0
that_impenetrable,1,1,0
that_heartless,1,1,0
that_hasty,1,1,0
very_messy,1,1,0
that_handy,1,1,0
that_gruesome,1,1,0
that_grim,1,1,0
that_greater,1,1,0
that_glamorous,1,1,0
that_fruitful,1,1,0
wholly_awful,1,1,0
wholly_available,1,1,0
that_frightened,1,1,0
that_idealistic,1,1,0
very_merry,1,0,1
that_forthright,1,1,0
wholly_blissful,1,1,0
slightly_sour,1,1,0
wholly_civilized,1,1,0
slightly_special,1,0,1
that_irritating,1,1,0
slightly_squeamish,1,1,0
that_irreverent,1,0,1
that_introspective,1,1,0
wholly_cinematic,1,1,0
that_intimate,1,1,0
that_intentional,1,1,0
that_inspiring,1,1,0
that_insightful,1,1,0
slightly_strange,1,1,0
that_impossible,1,1,0
that_innovative,1,1,0
slightly_suggestive,1,1,0
slightly_surprised,1,1,0
slightly_surprising,1,1,0
that_influential,1,1,0
that_inferior,1,1,0
that_infectious,1,1,0
that_ineffective,1,1,0
slightly_unethical,1,0,1
that_impulsive,1,1,0
very_melodramatic,1,1,0
slightly_unsettling,1,0,1
so_abused,1,1,0
that_forgiving,1,1,0
that_daunting,1,1,0
that_dire,1,1,0
so_addicted,1,1,0
that_easier,1,1,0
wholly_amenable,1,1,0
that_durable,1,1,0
that_dull,1,1,0
that_docile,1,1,0
so_adequate,1,1,0
that_distinctive,1,1,0
that_distinct,1,1,0
that_dissimilar,1,1,0
that_discreet,1,1,0
so_affecting,1,1,0
that_diligent,1,1,0
very_mind-blowing,1,0,1
that_devoid,1,1,0
wholly_alone,1,1,0
wholly_admirable,1,0,1
so_affluent,1,1,0
wholly_adequate,1,1,0
that_desirable,1,1,0
so_aged,1,0,1
that_depressed,1,1,0
that_dependable,1,1,0
that_democratic,1,1,0
that_deluded,1,1,0
that_delicious,1,1,0
wholly_analytical,1,1,0
very_mild,1,1,0
so_acceptable,1,0,1
so_acrobatic,1,0,1
wholly_authentic,1,1,0
so_accidental,1,1,0
that_flustered,1,1,0
that_flexible,1,1,0
that_fitting,1,1,0
that_few,1,1,0
that_fertile,1,1,0
wholly_artistic,1,1,0
so_accustomed,1,1,0
that_fascinating,1,1,0
that_faithful,1,1,0
that_extraordinary,1,1,0
that_extra,1,0,1
wholly_antiquated,1,1,0
wholly_arbitrary,1,1,0
wholly_appropriate,1,1,0
that_explosive,1,0,1
that_exotic,1,1,0
that_exceptional,1,1,0
that_evident,1,1,0
so_adaptable,1,1,0
that_enlightened,1,1,0
that_energetic,1,1,0
that_eloquent,1,1,0
that_elegant,1,1,0
that_effusive,1,1,0
that_jealous,1,1,0
that_lasting,1,1,0
that_lenient,1,1,0
that_religious,1,1,0
that_sane,1,1,0
that_rough,1,1,0
that_romantic,1,1,0
that_robust,1,1,0
that_right,1,1,0
that_rich,1,1,0
that_revelatory,1,1,0
wholly_democratic,1,1,0
that_respectful,1,1,0
wholly_decadent,1,1,0
that_resolute,1,1,0
wholly_deaf,1,1,0
that_relevant,1,1,0
slightly_interactive,1,1,0
that_regrettable,1,0,1
that_reflective,1,1,0
that_receptive,1,1,0
that_random,1,1,0
that_rabid,1,1,0
that_pushy,1,1,0
that_proud,1,1,0
slightly_interested,1,1,0
that_proactive,1,1,0
that_private,1,1,0
slightly_ironic,1,1,0
that_pricey,1,0,1
wholly_derivative,1,1,0
that_savvy,1,1,0
that_lighthearted,1,1,0
that_sexist,1,1,0
that_slow,1,1,0
wholly_effective,1,1,0
that_sloppy,1,1,0
slightly_freaky,1,1,0
wholly_economic,1,1,0
wholly_eastern,1,1,0
wholly_dormant,1,1,0
that_sinister,1,1,0
that_shocking,1,1,0
that_shocked,1,1,0
that_shallow,1,1,0
slightly_hairy,1,1,0
that_serene,1,1,0
slightly_independent,1,1,0
wholly_dominant,1,1,0
slightly_higher,1,0,1
that_sentimental,1,1,0
slightly_humorous,1,0,1
wholly_dispassionate,1,1,0
slightly_hurtful,1,0,1
wholly_dismayed,1,1,0
wholly_different,1,1,0
that_selfish,1,1,0
that_secure,1,1,0
that_secretive,1,1,0
slightly_ill,1,1,0
wholly_dark,1,1,0
that_pretty,1,1,0
that_practical,1,1,0
that_motivated,1,1,0
that_outrageous,1,0,1
slightly_right,1,1,0
that_old,1,1,0
that_objectionable,1,1,0
slightly_satisfied,1,1,0
that_nuanced,1,1,0
that_nostalgic,1,1,0
slightly_scary,1,1,0
slightly_sceptical,1,1,0
that_normal,1,1,0
that_noisy,1,1,0
that_necessary,1,1,0
slightly_sexual,1,1,0
that_powerless,1,1,0
that_miserable,1,1,0
that_messy,1,1,0
that_major,1,1,0
that_mad,1,1,0
that_lyrical,1,1,0
that_lopsided,1,1,0
that_loose,1,1,0
slightly_shocked,1,1,0
that_lonely,1,1,0
that_linear,1,1,0
slightly_similar,1,0,1
that_likely,1,1,0
slightly_remorseful,1,1,0
that_outstanding,1,1,0
that_painless,1,1,0
that_palatable,1,1,0
that_polite,1,1,0
that_pleasing,1,0,1
slightly_less,1,0,1
that_pleasant,1,1,0
wholly_consistent,1,1,0
slightly_lower,1,1,0
that_plausible,1,1,0
slightly_menacing,1,0,1
that_photogenic,1,1,0
slightly_negative,1,0,1
that_personal,1,1,0
slightly_off-kilter,1,0,1
that_persistent,1,1,0
slightly_outlandish,1,0,1
wholly_concerned,1,1,0
slightly_overweight,1,1,0
that_perceptive,1,1,0
that_pedantic,1,1,0
slightly_plump,1,1,0
that_pathetic,1,1,0
slightly_political,1,1,0
slightly_radical,1,1,0
that_parochial,1,1,0
slightly_remarkable,1,0,1
wholly_comparable,1,1,0
that_definite,1,1,0
that_dark,1,1,0
slightly_fascinating,1,0,1
terribly_shameful,1,0,1
so_astute,1,1,0
terribly_stellar,1,1,0
terribly_stable,1,1,0
way_less,1,0,1
terribly_squeamish,1,1,0
terribly_spicy,1,1,0
way_high,1,1,0
terribly_solid,1,0,1
terribly_snazzy,1,0,1
terribly_shy,1,1,0
way_good,1,1,0
terribly_showy,1,0,1
very_naturalistic,1,1,0
terribly_straightforward,1,1,0
very_naughty,1,0,1
terribly_sensational,1,1,0
terribly_scrupulous,1,1,0
terribly_scandalous,1,0,1
terribly_satisfying,1,1,0
terribly_salacious,1,1,0
so_atypical,1,1,0
terribly_safe,1,1,0
way_easy,1,1,0
terribly_robust,1,1,0
terribly_risky,1,0,1
terribly_rigorous,1,0,1
way_more,1,1,0
terribly_strange,1,0,1
terribly_rewarding,1,1,0
terribly_sympathetic,1,1,0
terribly_twisted,1,0,1
well_dry,1,1,0
terribly_tricky,1,1,0
well_cocky,1,1,0
well_clad,1,0,1
well_cheap,1,1,0
terribly_transcendent,1,0,1
terribly_tragic,1,0,1
terribly_traditional,1,1,0
so_articulate,1,1,0
terribly_titillating,1,0,1
terribly_thrilled,1,1,0
well_armed,1,1,0
terribly_stressful,1,1,0
terribly_symbolic,1,1,0
terribly_suspenseful,1,1,0
very_nasty,1,0,1
weirdly_melodic,1,1,0
terribly_sure,1,1,0
terribly_supportive,1,1,0
terribly_suggestive,1,1,0
terribly_subtle,1,0,1
way_out,1,1,0
terribly_substantive,1,0,1
terribly_stuffy,1,0,1
so_asinine,1,1,0
terribly_right,1,0,1
terribly_republican,1,1,0
that_daring,1,1,0
warmly_clad,1,0,1
terribly_overweight,1,1,0
terribly_outrageous,1,0,1
terribly_oriented,1,1,0
warmly_human,1,1,0
terribly_orderly,1,1,0
terribly_official,1,0,1
terribly_offended,1,1,0
terribly_odd,1,0,1
terribly_obtuse,1,1,0
terribly_observant,1,1,0
terribly_obscure,1,0,1
terribly_obedient,1,1,0
terribly_noticable,1,0,1
terribly_palatable,1,1,0
terribly_noteworthy,1,0,1
so_backward,1,1,0
terribly_nostalgic,1,1,0
terribly_newsworthy,1,0,1
very_nifty,1,0,1
so_badass,1,1,0
terribly_nervous,1,1,0
vocally_spectacular,1,0,1
terribly_negative,1,1,0
vocally_political,1,1,0
vocally_overwhelming,1,1,0
terribly_necessary,1,0,1
terribly_overwhelming,1,0,1
terribly_pertinent,1,1,0
terribly_reliant,1,0,1
terribly_provocative,1,0,1
so_auspicious,1,1,0
terribly_relatable,1,1,0
terribly_regular,1,1,0
terribly_recognizable,1,1,0
terribly_reasonable,1,1,0
so_authentic,1,0,1
terribly_rational,1,1,0
terribly_rare,1,1,0
terribly_radical,1,0,1
way_easier,1,1,0
terribly_quick,1,1,0
way_cooler,1,1,0
terribly_prone,1,1,0
terribly_pleasant,1,1,0
terribly_prominent,1,1,0
terribly_prolific,1,1,0
way_cool,1,1,0
so_averse,1,1,0
terribly_proficient,1,1,0
terribly_private,1,0,1
so_awake,1,1,0
terribly_presentable,1,0,1
terribly_predictive,1,1,0
terribly_practical,1,1,0
terribly_political,1,1,0
terribly_polite,1,1,0
terribly_ugly,1,0,1
terribly_uncertain,1,1,0
terribly_uncomfortable,1,0,1
that_bothersome,1,0,1
that_cheap,1,1,0
that_charitable,1,1,0
well_rich,1,1,0
that_chaotic,1,1,0
that_cautious,1,1,0
that_capricious,1,1,0
that_calm,1,1,0
well_recognizable,1,0,1
well_readable,1,1,0
that_callous,1,1,0
that_brutal,1,0,1
well_rare,1,0,1
that_booming,1,1,0
well_smaller,1,1,0
so_ancient,1,0,1
very_motivating,1,1,0
that_better,1,1,0
that_belligerent,1,1,0
that_beautiful,1,1,0
very_moving,1,0,1
that_awkward,1,1,0
that_averse,1,1,0
so_antagonistic,1,1,0
well_pricey,1,1,0
that_automated,1,1,0
that_appetizing,1,1,0
that_circumspect,1,1,0
that_classy,1,1,0
terribly_unconventional,1,0,1
that_conscious,1,1,0
that_damaging,1,1,0
that_cynical,1,1,0
that_crisp,1,1,0
that_credible,1,1,0
so_aimless,1,0,1
that_courageous,1,1,0
that_cooperative,1,1,0
wholly_academic,1,1,0
wholly_abstract,1,1,0
so_alarming,1,1,0
that_contentious,1,1,0
that_considerate,1,1,0
well_youthful,1,1,0
that_clean,1,1,0
that_congenial,1,1,0
that_confusing,1,0,1
that_confrontational,1,0,1
that_complacent,1,1,0
so_alert,1,1,0
that_competent,1,1,0
well_uglier,1,1,0
that_comfy,1,1,0
well_sure,1,1,0
that_clearer,1,1,0
very_moral,1,0,1
well_straightforward,1,1,0
that_apparent,1,1,0
so_apocalyptic,1,1,0
that_amateurish,1,1,0
terribly_unwieldy,1,1,0
terribly_visible,1,1,0
well_mannered,1,1,0
terribly_vicious,1,1,0
terribly_vibrant,1,1,0
well_lower,1,1,0
terribly_verbose,1,1,0
well_loose,1,1,0
well_large,1,1,0
terribly_valuable,1,1,0
terribly_vain,1,1,0
terribly_usual,1,0,1
terribly_upsetting,1,0,1
well_good,1,1,0
that_alarming,1,1,0
terribly_unwarranted,1,1,0
terribly_unsurprising,1,0,1
terribly_unsuitable,1,0,1
terribly_unorthodox,1,0,1
well_full,1,1,0
so_archaic,1,1,0
well_equipped,1,1,0
terribly_unoriginal,1,0,1
terribly_unhappy,1,1,0
so_arduous,1,0,1
well_early,1,1,0
well_eager,1,1,0
terribly_vital,1,0,1
terribly_vocal,1,1,0
terribly_weak,1,1,0
so_apropos,1,1,0
that_alarmed,1,1,0
that_affluent,1,1,0
that_advanced,1,1,0
thankfully_rare,1,0,1
terrifyingly_villainous,1,1,0
terrifyingly_gruesome,1,0,1
terrifyingly_fat,1,1,0
terrifyingly_close,1,1,0
terrifyingly_captivating,1,1,0
terrifyingly_beautiful,1,0,1
terrifically_revolutionary,1,0,1
terrifically_important,1,0,1
terrifically_good,1,1,0
terrifically_fun,1,1,0
terrifically_exciting,1,0,1
terrifically_enthusiastic,1,1,0
terrifically_easy,1,1,0
terrifically_dreamy,1,0,1
so_approachable,1,1,0
well_organized,1,1,0
terrifically_compelling,1,0,1
very_muted,1,0,1
terribly_wise,1,1,0
terribly_welcoming,1,1,0
terribly_welcome,1,1,0
slightly_floral,1,0,1
that_snappy,1,1,0
simply_bad,1,0,1
thoroughly_reliable,1,1,0
wholly_old,1,1,0
thoroughly_unhappy,1,1,0
wholly_occasional,1,1,0
thoroughly_transformative,1,0,1
thoroughly_tiresome,1,0,1
wholly_obvious,1,1,0
wholly_obscure,1,1,0
wholly_oblivious,1,1,0
wholly_objective,1,1,0
wholly_novel,1,1,0
thoroughly_successful,1,1,0
thoroughly_sore,1,1,0
thoroughly_professional,1,1,0
simply_scottish,1,1,0
thoroughly_irrational,1,1,0
simply_social,1,1,0
thoroughly_inept,1,1,0
thoroughly_healthy,1,1,0
thoroughly_good,1,1,0
simply_spectacular,1,0,1
very_manly,1,1,0
wholly_necessary,1,1,0
thoroughly_funny,1,1,0
thoroughly_friendly,1,1,0
thoroughly_familiar,1,1,0
thoroughly_english,1,0,1
though_enough,1,0,1
wholly_optimistic,1,1,0
thoroughly_dirty,1,1,0
simply_private,1,1,0
simply_pitiful,1,1,0
wholly_past,1,1,0
too_accommodating,1,1,0
too_accessible,1,0,1
too_abundant,1,1,0
simply_political,1,1,0
too_absent,1,1,0
too_abrupt,1,1,0
together_different,1,0,1
together_clear,1,1,0
tightly_centralized,1,1,0
thus_unprepared,1,1,0
thus_susceptible,1,0,1
simply_satisfying,1,1,0
thus_minded,1,1,0
thus_likely,1,1,0
simply_prohibitive,1,1,0
simply_punitive,1,1,0
thrillingly_dramatic,1,1,0
simply_relational,1,1,0
though_wide,1,1,0
though_welcoming,1,0,1
simply_right,1,1,0
though_warm,1,1,0
though_obvious,1,1,0
though_imaginable,1,1,0
wholly_natural,1,1,0
thoroughly_destructive,1,1,0
therefore_total,1,1,0
simply_willing,1,1,0
simply_unimaginable,1,1,0
this_high,1,1,0
this_heartbreaking,1,1,0
simply_untrue,1,1,0
this_hard,1,1,0
this_happy,1,1,0
simply_vile,1,1,0
simply_visible,1,1,0
wholly_mad,1,1,0
this_good,1,1,0
this_funky,1,1,0
simply_white,1,1,0
this_free,1,1,0
simply_unacceptable,1,1,0
simultaneously_amazed,1,1,0
simultaneously_annoying,1,1,0
simultaneously_clever,1,1,0
wholly_lucid,1,1,0
simultaneously_daunting,1,0,1
simultaneously_easy,1,1,0
this_enthusiastic,1,1,0
simultaneously_envious,1,1,0
simultaneously_exciting,1,1,0
this_candid,1,1,0
this_busy,1,1,0
thermally_efficient,1,1,0
simply_unfathomable,1,1,0
this_large,1,1,0
thoroughly_depressed,1,1,0
wholly_monogamous,1,1,0
thoroughly_democratic,1,1,0
simply_strange,1,0,1
simply_subservient,1,1,0
thoroughly_deep,1,1,0
thoroughly_competent,1,1,0
simply_sweet,1,1,0
thoroughly_agnostic,1,0,1
wholly_muslim,1,1,0
thoroughly_aghast,1,1,0
this_tidy,1,1,0
wholly_mortal,1,1,0
this_simple,1,1,0
this_quaint,1,1,0
wholly_meaningless,1,1,0
this_proud,1,1,0
this_prepared,1,1,0
this_optimistic,1,1,0
simply_technical,1,1,0
this_many,1,1,0
wholly_modern,1,1,0
simply_tired,1,0,1
this_loud,1,1,0
this_long,1,1,0
simply_transparent,1,1,0
simply_unable,1,1,0
wholly_metaphorical,1,1,0
wholly_personal,1,1,0
wholly_physical,1,1,0
simply_physical,1,1,0
too_australian,1,1,0
too_benign,1,1,0
too_beholden,1,1,0
simply_ethical,1,1,0
too_bashful,1,1,0
too_bare,1,0,1
simply_external,1,1,0
too_banal,1,1,0
too_awesome,1,0,1
too_averse,1,1,0
simply_fake,1,1,0
simply_free,1,1,0
too_authentic,1,0,1
wholly_religious,1,1,0
simply_enough,1,0,1
simply_generic,1,1,0
simply_genetic,1,1,0
too_attentive,1,0,1
too_astronomical,1,0,1
too_astringent,1,0,1
too_astounding,1,0,1
too_astonishing,1,0,1
too_assertive,1,1,0
too_aspirational,1,1,0
simply_grateful,1,1,0
very_luxurious,1,0,1
simply_greedy,1,1,0
simply_environmental,1,1,0
simply_empirical,1,1,0
simply_personal,1,1,0
too_bouncy,1,0,1
simply_beholden,1,1,0
too_carefree,1,1,0
simply_beneficial,1,1,0
very_lovable,1,1,0
too_capable,1,0,1
very_lovely,1,0,1
simply_blue,1,1,0
too_broken,1,0,1
too_brittle,1,1,0
simply_boring,1,1,0
too_brief,1,1,0
too_breathtaking,1,0,1
simply_cerebral,1,1,0
simply_elegant,1,0,1
simply_compliant,1,1,0
simply_cosmetic,1,1,0
simply_dead,1,1,0
simply_dependable,1,0,1
too_blue,1,0,1
simply_didactic,1,1,0
too_blase,1,0,1
simply_different,1,1,0
wholly_repulsive,1,1,0
too_black,1,1,0
simply_dishonest,1,1,0
too_bittersweet,1,1,0
simply_green,1,1,0
simply_happy,1,1,0
simply_helpful,1,1,0
too_affluent,1,0,1
wholly_pure,1,1,0
wholly_profane,1,1,0
too_alive,1,1,0
simply_literal,1,1,0
too_alcoholic,1,1,0
very_malty,1,0,1
simply_local,1,1,0
too_alarmed,1,0,1
very_manifest,1,1,0
too_affordable,1,1,0
wholly_predictable,1,1,0
simply_lower,1,1,0
simply_mean,1,1,0
simply_heroic,1,1,0
simply_mind-boggling,1,1,0
wholly_pleasing,1,1,0
too_adversarial,1,1,0
simply_monetary,1,1,0
too_adroit,1,1,0
too_adequate,1,0,1
simply_noble,1,1,0
simply_nonsensical,1,1,0
simply_overwhelming,1,1,0
too_adamant,1,1,0
simply_particular,1,1,0
too_accustomed,1,1,0
wholly_rational,1,1,0
simply_linear,1,1,0
too_alone,1,1,0
simply_irrelevant,1,1,0
too_arrogant,1,1,0
too_aromatic,1,1,0
wholly_recognizable,1,1,0
simply_historical,1,1,0
too_archaic,1,1,0
simply_identical,1,1,0
simply_inaccessible,1,1,0
wholly_receptive,1,1,0
simply_incomprehensible,1,1,0
simply_incorrect,1,1,0
simply_informational,1,1,0
wholly_reassuring,1,1,0
too_appreciative,1,0,1
too_antagonistic,1,1,0
too_annoyed,1,1,0
too_angelic,1,1,0
too_ancient,1,1,0
too_amiss,1,1,0
very_mad,1,1,0
too_amicable,1,1,0
simply_interested,1,1,0
very_mainstream,1,0,1
wholly_reasonable,1,1,0
wholly_realistic,1,1,0
simply_ironic,1,0,1
therefore_valuable,1,1,0
therefore_superior,1,1,0
slightly_fair,1,1,0
then_capable,1,0,1
then_excited,1,1,0
then_excellent,1,0,1
wholly_funny,1,1,0
slightly_annoying,1,0,1
then_essential,1,0,1
then_due,1,1,0
then_disappointed,1,0,1
then_demonic,1,0,1
then_cute,1,0,1
then_contentious,1,0,1
wholly_full,1,1,0
then_certain,1,1,0
slightly_believable,1,1,0
then_fascinating,1,0,1
then_breathtaking,1,0,1
then_bizarre,1,0,1
then_awake,1,1,0
then_attractive,1,1,0
then_astonishing,1,0,1
then_adorable,1,0,1
wholly_friendly,1,1,0
thematically_possible,1,1,0
thematically_inappropriate,1,0,1
slightly_bored,1,1,0
thematically_explicit,1,1,0
thematically_cogent,1,1,0
then_exemplary,1,0,1
wholly_genetic,1,1,0
slightly_boring,1,1,0
then_nasty,1,1,0
singularly_perfect,1,1,0
wholly_identical,1,1,0
singularly_reliant,1,1,0
then_other,1,0,1
then_ordinary,1,1,0
then_ok,1,0,1
wholly_grey,1,1,0
singularly_significant,1,0,1
then_nostalgia,1,0,1
singularly_useless,1,0,1
wholly_great,1,1,0
singularly_weird,1,1,0
then_motivating,1,0,1
then_fine,1,1,0
wholly_grateful,1,1,0
then_key,1,1,0
then_inspiring,1,0,1
slightly_abusive,1,1,0
then_incredible,1,0,1
then_guilty,1,1,0
then_great,1,0,1
slightly_alluring,1,0,1
then_glamorous,1,0,1
then_full,1,0,1
slightly_amusing,1,0,1
slightly_angry,1,1,0
thats_correct,1,1,0
wholly_fictional,1,1,0
wholly_loveable,1,1,0
wholly_english,1,1,0
wholly_external,1,1,0
that_theatrical,1,0,1
wholly_exploitative,1,1,0
that_tempting,1,1,0
that_tall,1,1,0
wholly_explicit,1,1,0
that_systematic,1,1,0
wholly_exempt,1,1,0
wholly_exclusive,1,1,0
that_supportive,1,1,0
that_superstitious,1,1,0
wholly_equal,1,1,0
that_sunny,1,1,0
slightly_crunchy,1,1,0
that_succinct,1,1,0
that_subtle,1,1,0
wholly_empty,1,1,0
that_strident,1,1,0
that_stressful,1,1,0
slightly_drunk,1,1,0
that_strenuous,1,1,0
slightly_dry,1,1,0
slightly_european,1,0,1
that_stable,1,1,0
that_solid,1,1,0
wholly_efficient,1,1,0
slightly_curious,1,1,0
that_tiresome,1,1,0
slightly_christian,1,0,1
that_viable,1,1,0
thats_clever,1,0,1
thats_bad,1,0,1
that_widespread,1,1,0
slightly_coherent,1,1,0
that_wet,1,1,0
that_wealthy,1,1,0
that_walkable,1,1,0
that_vocal,1,1,0
that_vital,1,1,0
that_visible,1,1,0
that_virtuous,1,1,0
that_violent,1,1,0
that_versatile,1,1,0
slightly_corrupt,1,1,0
that_urgent,1,1,0
wholly_familiar,1,1,0
that_unsafe,1,1,0
slightly_concerned,1,1,0
that_unforgiving,1,1,0
that_uncharacteristic,1,1,0
that_truer,1,1,0
slightly_contradictory,1,0,1
that_troublesome,1,1,0
that_trivial,1,1,0
that_trite,1,1,0
wholly_false,1,1,0
then_present,1,1,0
singularly_outlandish,1,0,1
then_professional,1,0,1
wholly_inventive,1,0,1
wholly_likable,1,1,0
sincerely_mistaken,1,0,1
there_perfect,1,0,1
wholly_libertarian,1,1,0
wholly_invisible,1,1,0
there_new,1,1,0
very_marketable,1,1,0
sincerely_respectful,1,0,1
there_longer,1,1,0
sincerely_sexual,1,1,0
sinfully_seductive,1,0,1
there_likely,1,1,0
sinfully_weary,1,1,0
there_right,1,0,1
there_lacking,1,1,0
there_good,1,1,0
sinfully_wicked,1,1,0
there_black,1,1,0
there_better,1,0,1
wholly_intolerable,1,1,0
there_absent,1,1,0
wholly_interesting,1,0,1
singularly_able,1,1,0
theoretically_wrong,1,0,1
theoretically_secure,1,1,0
theoretically_possible,1,1,0
there_ready,1,1,0
there_scared,1,1,0
singularly_new,1,0,1
therefore_other,1,1,0
simultaneously_frightening,1,1,0
simultaneously_good,1,1,0
simultaneously_ignorant,1,0,1
therefore_sufficient,1,1,0
simultaneously_necessary,1,0,1
therefore_simple,1,1,0
therefore_safe,1,1,0
therefore_relevant,1,1,0
therefore_qualified,1,1,0
wholly_literate,1,1,0
simultaneously_open,1,1,0
therefore_popular,1,1,0
therefore_insignificant,1,0,1
there_slender,1,1,0
therefore_inevitable,1,1,0
simultaneously_receptive,1,1,0
therefore_harmful,1,0,1
therefore_excited,1,1,0
simultaneously_sufficient,1,1,0
simultaneously_visible,1,1,0
sincerely_averse,1,1,0
therefore_big,1,1,0
therefore_acceptable,1,1,0
wholly_likeable,1,1,0
therefore_able,1,1,0
there_white,1,1,0
theoretically_plausible,1,0,1
theoretically_naive,1,1,0
theoretically_impossible,1,1,0
then_suitable,1,1,0
singularly_frightening,1,0,1
wholly_impassable,1,1,0
then_welcome,1,0,1
then_useless,1,0,1
then_unwelcome,1,1,0
then_unknown,1,0,1
then_unique,1,0,1
wholly_immune,1,1,0
then_torture,1,0,1
wholly_ignorant,1,1,0
then_temporary,1,1,0
then_superb,1,0,1
singularly_frustrating,1,0,1
wholly_infallible,1,1,0
then_social,1,0,1
then_several,1,0,1
singularly_mind-blowing,1,1,0
then_same,1,1,0
wholly_idle,1,1,0
then_responsible,1,1,0
then_remarkable,1,0,1
singularly_minded,1,1,0
then_reliable,1,0,1
then_refreshing,1,0,1
then_radical,1,0,1
singularly_myopic,1,1,0
then_welcoming,1,0,1
then_wishful,1,0,1
then_worthwhile,1,0,1
theologically_accurate,1,1,0
theoretically_futile,1,1,0
theoretically_depressing,1,1,0
theoretically_complicated,1,0,1
theoretically_compelling,1,1,0
singularly_american,1,0,1
singularly_awful,1,1,0
singularly_brave,1,1,0
singularly_clear,1,1,0
singularly_compelling,1,1,0
theoretically_certain,1,1,0
singularly_detrimental,1,0,1
wholly_individual,1,1,0
singularly_effective,1,1,0
theoretically_capable,1,1,0
theologically_vigilant,1,1,0
theologically_unorthodox,1,1,0
theologically_surprising,1,1,0
theologically_right,1,1,0
theologically_precise,1,1,0
theologically_justified,1,1,0
theologically_indifferent,1,1,0
theologically_impossible,1,0,1
theologically_identical,1,1,0
theologically_correct,1,1,0
singularly_excellent,1,0,1
predominantly_female,1,1,0
abnormally_afraid,1,1,0
predictably_sweet,1,1,0
even_modest,1,1,0
even_novel,1,0,1
even_noticable,1,1,0
even_notable,1,1,0
even_normal,1,1,0
even_nicer,1,0,1
even_nice,1,1,0
even_naughty,1,0,1
even_mysterious,1,0,1
even_muscular,1,1,0
even_modern,1,1,0
even_objectionable,1,0,1
even_miserable,1,1,0
even_minor,1,0,1
even_midnight,1,1,0
even_middle,1,1,0
even_memorable,1,1,0
even_mechanical,1,1,0
even_measurable,1,1,0
even_meaningless,1,0,1
even_meaningful,1,1,0
even_obese,1,1,0
even_obscure,1,1,0
even_major,1,0,1
even_pleasing,1,1,0
even_promising,1,1,0
even_profitable,1,1,0
even_problematic,1,1,0
even_prickly,1,1,0
even_predictable,1,1,0
even_practical,1,1,0
even_popular,1,1,0
even_polite,1,1,0
even_polish,1,1,0
even_pleasant,1,1,0
even_observable,1,1,0
even_plastic,1,1,0
even_physical,1,1,0
even_permissible,1,1,0
even_partisan,1,0,1
even_own,1,1,0
even_overweight,1,1,0
even_ordinary,1,1,0
even_ok,1,1,0
even_odd,1,0,1
even_mathematical,1,1,0
even_mainstream,1,1,0
even_grey,1,1,0
even_ill,1,1,0
even_indifferent,1,1,0
even_indian,1,1,0
even_inconsistent,1,0,1
even_incompatible,1,1,0
even_inappropriate,1,0,1
even_improper,1,0,1
even_impressive,1,0,1
even_imaginative,1,0,1
even_illegal,1,1,0
even_identifiable,1,1,0
even_informal,1,1,0
even_hopeful,1,1,0
even_homosexual,1,1,0
even_historical,1,1,0
even_hesitant,1,1,0
even_heavier,1,1,0
even_harmful,1,1,0
even_hard,1,1,0
even_happier,1,0,1
even_halfway,1,1,0
even_indignant,1,1,0
even_instructive,1,0,1
even_magic,1,0,1
even_legitimate,1,1,0
even_lukewarm,1,1,0
even_lucrative,1,1,0
even_lucky,1,1,0
even_loyal,1,1,0
even_longer,1,0,1
even_livable,1,1,0
even_liquid,1,0,1
even_limited,1,1,0
even_likable,1,1,0
even_leftist,1,1,0
even_intellectual,1,1,0
even_left-leaning,1,1,0
even_lawful,1,1,0
even_lasting,1,1,0
even_last,1,1,0
even_keen,1,1,0
even_japanese,1,1,0
even_irritating,1,1,0
even_ironic,1,0,1
even_intriguing,1,1,0
even_psychedelic,1,0,1
even_quieter,1,1,0
even_radical,1,1,0
even_visceral,1,0,1
even_xenophobic,1,1,0
even_worthwhile,1,1,0
even_worrying,1,1,0
even_wise,1,1,0
even_wild,1,1,0
even_whiter,1,1,0
even_welcome,1,1,0
even_watchable,1,1,0
even_vocal,1,1,0
even_viral,1,1,0
evenly_available,1,1,0
even_victorian,1,1,0
even_viable,1,1,0
even_vegetarian,1,1,0
even_valid,1,1,0
even_upright,1,1,0
even_unseemly,1,0,1
even_unlocked,1,1,0
even_unlikely,1,1,0
even_unhappy,1,1,0
even_yellow,1,1,0
evenly_circular,1,1,0
even_rare,1,1,0
ever_aged,1,1,0
ever_authentic,1,1,0
ever_arbitrary,1,1,0
ever_apt,1,1,0
ever_anxious,1,1,0
ever_annoying,1,0,1
ever_angelic,1,1,0
ever_ambivalent,1,1,0
ever_allowable,1,1,0
ever_alike,1,1,0
ever_admissible,1,1,0
eventually_key,1,1,0
ever_adequate,1,1,0
ever_additional,1,1,0
ever_achievable,1,1,0
ever_accountable,1,1,0
ever_abstract,1,1,0
ever_abrupt,1,1,0
ever_abrasive,1,1,0
ever_abnormal,1,1,0
eventually_simple,1,1,0
even_unexpected,1,1,0
even_unappealing,1,0,1
even_typical,1,1,0
even_scandalous,1,1,0
even_smart,1,1,0
even_small,1,1,0
even_shy,1,1,0
even_shocking,1,1,0
even_shady,1,0,1
even_serious,1,1,0
even_sentient,1,1,0
even_sensual,1,0,1
even_sci-fi,1,1,0
even_satisfactory,1,1,0
even_trivial,1,0,1
even_satirical,1,1,0
even_sarcastic,1,1,0
even_sane,1,1,0
even_safe,1,1,0
even_rocky,1,0,1
even_relative,1,1,0
even_reflective,1,1,0
even_red,1,1,0
even_realistic,1,1,0
even_sneaky,1,1,0
even_soft,1,1,0
even_sorry,1,1,0
even_sour,1,1,0
even_tougher,1,1,0
even_tipsy,1,1,0
even_tiny,1,1,0
even_thoughtful,1,0,1
even_terrified,1,1,0
even_taller,1,1,0
even_tactical,1,1,0
even_sympathetic,1,1,0
even_supernatural,1,1,0
even_suggestive,1,1,0
even_sufficient,1,1,0
even_stylish,1,0,1
even_stuck,1,0,1
even_structural,1,1,0
even_straight,1,1,0
even_sticky,1,1,0
even_spiritual,1,1,0
even_spicy,1,1,0
even_speculative,1,0,1
even_guilty,1,1,0
even_gleeful,1,1,0
ever_banal,1,1,0
essentially_romantic,1,0,1
eternally_miserable,1,1,0
eternally_low,1,1,0
eternally_hopeful,1,1,0
eternally_effectual,1,1,0
essentially_unrelated,1,1,0
essentially_true,1,0,1
essentially_systematic,1,1,0
essentially_subversive,1,0,1
essentially_simple,1,1,0
essentially_right,1,0,1
eternally_vigilant,1,1,0
essentially_richer,1,0,1
essentially_religious,1,0,1
essentially_productive,1,0,1
essentially_private,1,0,1
essentially_poorer,1,0,1
essentially_pagan,1,1,0
essentially_moderate,1,1,0
essentially_jewish,1,0,1
essentially_integrated,1,1,0
eternally_stable,1,1,0
ethically_appropriate,1,1,0
essentially_indian,1,0,1
ethically_superior,1,1,0
even_achievable,1,1,0
even_accountable,1,1,0
even_absent,1,1,0
ethnically_uniform,1,1,0
ethnically_diverse,1,1,0
ethnically_acceptable,1,1,0
ethically_worthwhile,1,0,1
ethically_troubling,1,0,1
ethically_thorny,1,0,1
ethically_right,1,1,0
ethically_clear-cut,1,0,1
ethically_pertinent,1,0,1
ethically_objectionable,1,0,1
ethically_legitimate,1,1,0
ethically_justifiable,1,1,0
ethically_holy,1,1,0
ethically_grey,1,0,1
ethically_english,1,1,0
ethically_desirable,1,0,1
ethically_comparable,1,1,0
essentially_infrequent,1,1,0
essentially_identical,1,1,0
even_germane,1,1,0
especially_unlikely,1,0,1
especially_visceral,1,1,0
especially_violent,1,1,0
especially_vibrant,1,1,0
especially_viable,1,1,0
especially_urban,1,1,0
especially_upscale,1,0,1
especially_upright,1,1,0
especially_unsafe,1,1,0
especially_unmistakable,1,0,1
especially_unheard,1,1,0
especially_vulnerable,1,1,0
especially_unhealthy,1,1,0
especially_unfamiliar,1,0,1
especially_unconventional,1,0,1
especially_uncomfortable,1,1,0
especially_uncharacteristic,1,1,0
especially_un-american,1,1,0
especially_ugly,1,1,0
especially_treatable,1,1,0
especially_transferable,1,1,0
especially_vital,1,1,0
especially_weak,1,1,0
essentially_helpful,1,1,0
especially_zealous,1,1,0
essentially_harmful,1,1,0
essentially_equivalent,1,1,0
essentially_democratic,1,1,0
essentially_corrupt,1,0,1
essentially_contradictory,1,1,0
essentially_close,1,1,0
essentially_british,1,0,1
essentially_better,1,1,0
essentially_arbitrary,1,1,0
especially_young,1,1,0
especially_wealthy,1,1,0
especially_worthy,1,1,0
especially_worthwhile,1,0,1
especially_worth,1,1,0
especially_wonky,1,0,1
especially_wise,1,1,0
especially_wholesome,1,1,0
especially_white,1,0,1
especially_welcome,1,1,0
especially_weird,1,1,0
even_afraid,1,1,0
even_aghast,1,1,0
even_alarming,1,1,0
even_dignified,1,1,0
even_eligible,1,1,0
even_edible,1,1,0
even_economical,1,1,0
even_eager,1,1,0
even_dull,1,1,0
even_distinguishable,1,1,0
even_disrespectful,1,1,0
even_disinterested,1,1,0
even_dirty,1,1,0
even_difficult,1,1,0
even_envious,1,1,0
even_devoid,1,0,1
even_deserving,1,1,0
even_dependent,1,1,0
even_defiant,1,0,1
even_dangerous,1,1,0
even_damaging,1,0,1
even_cute,1,1,0
even_custom,1,1,0
even_cursory,1,1,0
even_enthusiastic,1,1,0
even_equal,1,1,0
even_alone,1,1,0
even_fast,1,0,1
even_funnier,1,0,1
even_functional,1,1,0
even_friendly,1,1,0
even_free,1,0,1
even_foreign,1,1,0
even_foolish,1,1,0
even_flawed,1,1,0
even_fatal,1,1,0
even_fat,1,1,0
even_fascist,1,1,0
even_equivalent,1,0,1
even_factual,1,1,0
even_extraordinary,1,0,1
even_extant,1,1,0
even_expedient,1,1,0
even_existent,1,1,0
even_exclusive,1,1,0
even_exciting,1,1,0
even_exceptional,1,1,0
even_essential,1,0,1
even_current,1,1,0
even_critical,1,1,0
even_criminal,1,0,1
even_believable,1,1,0
even_brighter,1,1,0
even_boring,1,0,1
even_bored,1,1,0
even_bold,1,1,0
even_blind,1,1,0
even_bigger,1,0,1
even_big,1,1,0
even_bent,1,1,0
even_beneficial,1,1,0
even_bearable,1,1,0
even_credible,1,1,0
even_authentic,1,1,0
even_attentive,1,1,0
even_assertive,1,1,0
even_arguable,1,1,0
even_arab,1,1,0
even_approximate,1,1,0
even_apologetic,1,1,0
even_analogous,1,1,0
even_amoral,1,1,0
even_captivating,1,0,1
even_caring,1,1,0
even_centrist,1,1,0
even_challenging,1,1,0
even_cost-effective,1,1,0
even_cool,1,1,0
even_convincing,1,0,1
even_conversational,1,1,0
even_contemptuous,1,1,0
even_conspicuous,1,1,0
even_confident,1,0,1
even_concrete,1,1,0
even_comprehensible,1,1,0
even_complete,1,1,0
even_complementary,1,1,0
even_competent,1,1,0
even_comfortable,1,1,0
even_closer,1,1,0
even_civilized,1,1,0
even_civil,1,1,0
even_circumstantial,1,1,0
even_cheerful,1,1,0
even_charming,1,1,0
ever_autonomous,1,1,0
ever_benign,1,1,0
especially_tough,1,1,0
ever_skinny,1,1,0
ever_stagnant,1,1,0
ever_spooky,1,1,0
ever_spicy,1,1,0
ever_spherical,1,1,0
ever_soggy,1,1,0
ever_soft,1,1,0
ever_snowy,1,1,0
ever_smart,1,1,0
ever_slow,1,1,0
ever_skillful,1,1,0
ever_strange,1,0,1
ever_sketchy,1,1,0
ever_singular,1,1,0
ever_simplistic,1,1,0
ever_similar,1,1,0
ever_sexualized,1,1,0
ever_sensitive,1,1,0
ever_sensible,1,1,0
ever_selfish,1,1,0
ever_second,1,1,0
ever_steady,1,1,0
ever_streaky,1,1,0
ever_same,1,1,0
ever_tacky,1,1,0
ever_transparent,1,1,0
ever_transformative,1,1,0
ever_traceable,1,1,0
ever_tough,1,1,0
ever_timid,1,1,0
ever_timely,1,1,0
ever_tight,1,1,0
ever_thankful,1,0,1
ever_temporary,1,1,0
ever_taboo,1,1,0
ever_stronger,1,1,0
ever_sympathetic,1,1,0
ever_symmetrical,1,0,1
ever_sweeter,1,1,0
ever_sweet,1,1,0
ever_susceptible,1,1,0
ever_surprising,1,1,0
ever_superior,1,1,0
ever_substantial,1,1,0
ever_stylish,1,1,0
ever_sci-fi,1,1,0
ever_sacred,1,1,0
ever_painful,1,1,0
ever_predictive,1,1,0
ever_pro-active,1,1,0
ever_privy,1,1,0
ever_privileged,1,1,0
ever_prior,1,1,0
ever_prickly,1,1,0
ever_previous,1,1,0
ever_prevalent,1,1,0
ever_pretty,1,1,0
ever_pregnant,1,1,0
ever_precious,1,1,0
ever_promising,1,1,0
ever_pragmatic,1,1,0
ever_poetic,1,1,0
ever_persuasive,1,1,0
ever_peachy,1,1,0
ever_pathological,1,1,0
ever_passionate,1,1,0
ever_partisan,1,1,0
ever_palpable,1,1,0
ever_pale,1,1,0
ever_promiscuous,1,1,0
ever_prone,1,1,0
ever_saccharine,1,1,0
ever_resentful,1,1,0
ever_rustic,1,1,0
ever_rubbish,1,1,0
ever_routine,1,1,0
ever_rotten,1,1,0
ever_romantic,1,1,0
ever_robust,1,1,0
ever_righteous,1,1,0
ever_rich,1,1,0
ever_retrograde,1,0,1
ever_remarkable,1,1,0
ever_proportional,1,1,0
ever_relaxed,1,1,0
ever_relative,1,1,0
ever_refundable,1,1,0
ever_recognizable,1,1,0
ever_reckless,1,1,0
ever_receptive,1,1,0
ever_reachable,1,1,0
ever_raucous,1,1,0
ever_public,1,1,0
ever_tricky,1,1,0
ever_trite,1,1,0
ever_trivial,1,1,0
exactly_alive,1,1,0
exactly_bloody,1,1,0
exactly_black,1,1,0
exactly_beneficial,1,0,1
exactly_beloved,1,1,0
exactly_apropos,1,1,0
exactly_appealing,1,1,0
exactly_apparent,1,1,0
exactly_anonymous,1,1,0
exactly_alone,1,1,0
exactly_alien,1,1,0
exactly_brooding,1,1,0
exactly_afraid,1,1,0
exactly_acceptable,1,1,0
exactly_abhorrent,1,0,1
evolutionarily_sustainable,1,1,0
evolutionarily_obsessed,1,1,0
evolutionarily_inevitable,1,0,1
evolutionarily_important,1,0,1
evidently_sinister,1,0,1
evidently_outrageous,1,1,0
exactly_brilliant,1,1,0
exactly_bustling,1,1,0
ever_ugly,1,1,0
exactly_convenient,1,1,0
exactly_different,1,1,0
exactly_definite,1,0,1
exactly_dead,1,1,0
exactly_culpable,1,0,1
exactly_criminal,1,1,0
exactly_creative,1,1,0
exactly_cozy,1,1,0
exactly_cordial,1,1,0
exactly_conventional,1,1,0
exactly_congruent,1,1,0
exactly_central,1,1,0
exactly_confusing,1,1,0
exactly_complimentary,1,1,0
exactly_compliant,1,1,0
exactly_compatible,1,1,0
exactly_comforting,1,1,0
exactly_cold,1,1,0
exactly_classy,1,1,0
exactly_chuffed,1,1,0
exactly_challenging,1,1,0
evidently_keen,1,1,0
evidently_interested,1,1,0
evidently_enough,1,1,0
ever_unjust,1,1,0
ever_unruly,1,1,0
ever_unreachable,1,1,0
ever_unqualified,1,1,0
ever_unpleasant,1,1,0
ever_unnoticed,1,1,0
ever_unnecessary,1,1,0
ever_unlocked,1,1,0
ever_unknowable,1,1,0
ever_unkind,1,1,0
ever_unimportant,1,1,0
evidently_aware,1,1,0
ever_ungrateful,1,1,0
ever_uneventful,1,1,0
ever_understated,1,1,0
ever_uncontroversial,1,1,0
ever_unconscious,1,1,0
ever_unconnected,1,1,0
ever_unchanged,1,1,0
ever_unavailable,1,1,0
ever_unanimous,1,1,0
ever_unsuccessful,1,1,0
ever_unsure,1,1,0
ever_untouchable,1,1,0
ever_unwarranted,1,1,0
ever_young,1,1,0
ever_worthy,1,1,0
ever_worthwhile,1,1,0
ever_windy,1,1,0
ever_wide,1,1,0
ever_white,1,1,0
ever_whiny,1,1,0
ever_weird,1,1,0
ever_waterproof,1,1,0
ever_vulnerable,1,1,0
ever_vocal,1,1,0
ever_vindictive,1,1,0
ever_venerable,1,1,0
ever_vegan,1,1,0
ever_vague,1,1,0
ever_urgent,1,1,0
ever_urban,1,1,0
ever_unwelcome,1,1,0
ever_unwatchable,1,1,0
ever_painless,1,1,0
ever_own,1,1,0
ever_blue,1,1,0
ever_empirical,1,1,0
ever_extant,1,1,0
ever_explicit,1,1,0
ever_expensive,1,1,0
ever_expedient,1,1,0
ever_existent,1,1,0
ever_equitable,1,1,0
ever_entertaining,1,1,0
ever_engaging,1,1,0
ever_energetic,1,1,0
ever_emotional,1,1,0
ever_fairer,1,1,0
ever_eligible,1,1,0
ever_early,1,1,0
ever_dysfunctional,1,1,0
ever_due,1,1,0
ever_dormant,1,1,0
ever_dogmatic,1,1,0
ever_distracting,1,1,0
ever_distinct,1,1,0
ever_disrespectful,1,1,0
ever_external,1,1,0
ever_famous,1,1,0
ever_discernible,1,1,0
ever_friendly,1,0,1
ever_handy,1,1,0
ever_handsome,1,1,0
ever_greater,1,1,0
ever_gory,1,1,0
ever_gorgeous,1,1,0
ever_gay,1,1,0
ever_funnier,1,1,0
ever_functional,1,1,0
ever_frightened,1,0,1
ever_forthright,1,1,0
ever_fancy,1,1,0
ever_forecast,1,1,0
ever_foolish,1,1,0
ever_flawless,1,1,0
ever_finer,1,1,0
ever_female,1,1,0
ever_feasible,1,1,0
ever_fashionable,1,1,0
ever_fascinating,1,1,0
ever_fantastic,1,1,0
ever_disingenuous,1,1,0
ever_direct,1,1,0
ever_overweight,1,1,0
ever_cliched,1,1,0
ever_compliant,1,1,0
ever_complex,1,1,0
ever_complacent,1,1,0
ever_competent,1,1,0
ever_committed,1,1,0
ever_comfy,1,1,0
ever_coherent,1,1,0
ever_cocky,1,1,0
ever_closer,1,1,0
ever_clearer,1,1,0
ever_complimentary,1,1,0
ever_classy,1,1,0
ever_chill,1,1,0
ever_cheesy,1,1,0
ever_challenging,1,1,0
ever_catholic,1,1,0
ever_careful,1,1,0
ever_calm,1,1,0
ever_bulletproof,1,1,0
ever_bulky,1,1,0
ever_complicated,1,1,0
ever_conducive,1,1,0
ever_devoid,1,1,0
ever_curious,1,1,0
ever_detrimental,1,0,1
ever_desirable,1,1,0
ever_derivative,1,1,0
ever_dependent,1,1,0
ever_dependable,1,1,0
ever_democratic,1,1,0
ever_defenseless,1,1,0
ever_dark,1,1,0
ever_current,1,1,0
ever_creepy,1,1,0
ever_confidential,1,1,0
ever_creditable,1,1,0
ever_cranky,1,1,0
ever_coy,1,1,0
ever_counterintuitive,1,1,0
ever_costlier,1,1,0
ever_convincing,1,1,0
ever_controversial,1,1,0
ever_confusing,1,1,0
ever_confused,1,1,0
ever_haphazard,1,1,0
ever_happier,1,1,0
ever_harder,1,1,0
ever_male,1,1,0
ever_monotonous,1,1,0
ever_moist,1,1,0
ever_miserable,1,1,0
ever_mindless,1,1,0
ever_mindful,1,1,0
ever_militant,1,0,1
ever_mellow,1,1,0
ever_mature,1,1,0
ever_manifest,1,1,0
ever_major,1,1,0
ever_mute,1,1,0
ever_mainstream,1,1,0
ever_lucrative,1,1,0
ever_lucid,1,1,0
ever_loyal,1,1,0
ever_longer,1,1,0
ever_logical,1,1,0
ever_little,1,1,0
ever_liquid,1,1,0
ever_limp,1,1,0
ever_moral,1,1,0
ever_mysterious,1,1,0
ever_harsh,1,0,1
ever_outdated,1,1,0
ever_overt,1,1,0
ever_oversold,1,1,0
ever_overpowering,1,1,0
ever_overdone,1,1,0
ever_overcrowded,1,1,0
ever_overcast,1,1,0
ever_overblown,1,1,0
ever_outstanding,1,1,0
ever_outdoors,1,1,0
ever_ours,1,1,0
ever_naive,1,1,0
ever_only,1,1,0
ever_online,1,1,0
ever_odd,1,1,0
ever_noble,1,1,0
ever_newsworthy,1,1,0
ever_negligible,1,1,0
ever_needy,1,1,0
ever_naughty,1,1,0
ever_nasty,1,1,0
ever_legitimate,1,1,0
ever_legal,1,1,0
ever_lazy,1,1,0
ever_hyperbolic,1,1,0
ever_inclusive,1,1,0
ever_incidental,1,1,0
ever_impressed,1,1,0
ever_impartial,1,1,0
ever_immune,1,1,0
ever_imminent,1,1,0
ever_immediate,1,1,0
ever_immaculate,1,1,0
ever_illuminating,1,1,0
ever_hungover,1,1,0
ever_lax,1,1,0
ever_hospitable,1,1,0
ever_hopeful,1,1,0
ever_honest,1,1,0
ever_homely,1,1,0
ever_holy,1,1,0
ever_higher,1,1,0
ever_high,1,1,0
ever_hereditary,1,1,0
ever_hazardous,1,1,0
ever_inconsequential,1,1,0
ever_incumbent,1,1,0
ever_independent,1,1,0
ever_indicative,1,1,0
ever_lasting,1,1,0
ever_knowledgeable,1,1,0
ever_judgmental,1,1,0
ever_judgemental,1,1,0
ever_irritable,1,1,0
ever_invisible,1,1,0
ever_intuitive,1,1,0
ever_intrusive,1,1,0
ever_insulting,1,1,0
ever_instructive,1,0,1
ever_instantaneous,1,1,0
ever_insincere,1,1,0
ever_insecure,1,1,0
ever_informative,1,1,0
ever_informal,1,1,0
ever_inexpensive,1,1,0
ever_indulgent,1,1,0
ever_individual,1,1,0
ever_indigenous,1,1,0
especially_trained,1,1,0
especially_touchy,1,1,0
easily_old,1,1,0
entirely_bored,1,1,0
entirely_cognizant,1,1,0
entirely_civil,1,1,0
entirely_chronological,1,1,0
entirely_christian,1,1,0
entirely_charitable,1,1,0
entirely_candid,1,1,0
entirely_calm,1,1,0
entirely_british,1,1,0
entirely_boring,1,1,0
entirely_blind,1,1,0
entirely_coincidental,1,1,0
entirely_bleak,1,1,0
entirely_big,1,0,1
entirely_biblical,1,1,0
entirely_bereft,1,1,0
entirely_beholden,1,1,0
entirely_beautiful,1,1,0
entirely_baseless,1,1,0
entirely_bare,1,1,0
entirely_backward,1,1,0
entirely_cohesive,1,1,0
entirely_comforting,1,0,1
entirely_awake,1,1,0
entirely_discrete,1,1,0
entirely_electronic,1,1,0
entirely_dormant,1,1,0
entirely_divine,1,1,0
entirely_distracting,1,0,1
entirely_dissimilar,1,1,0
entirely_disrespectful,1,1,0
entirely_disposable,1,1,0
entirely_dispassionate,1,1,0
entirely_disorganized,1,1,0
entirely_disappointed,1,1,0
entirely_complacent,1,1,0
entirely_direct,1,1,0
entirely_depraved,1,1,0
entirely_dependable,1,1,0
entirely_democratic,1,1,0
entirely_definite,1,1,0
entirely_defenseless,1,1,0
entirely_cynical,1,1,0
entirely_cruel,1,1,0
entirely_concerned,1,1,0
entirely_awful,1,1,0
entirely_avoidable,1,1,0
energetically_useful,1,0,1
enough_bubbly,1,1,0
enough_grateful,1,1,0
enough_fit,1,1,0
enough_famous,1,1,0
enough_dominant,1,1,0
enough_detailed,1,1,0
enough_dark,1,1,0
enough_cute,1,1,0
enough_critical,1,1,0
enough_courageous,1,1,0
enough_brave,1,1,0
enough_lightweight,1,1,0
enough_armed,1,1,0
enough_alone,1,1,0
enormously_productive,1,1,0
enormously_problematic,1,1,0
enormously_influential,1,1,0
enormously_important,1,0,1
enormously_close,1,1,0
enormously_alarming,1,0,1
enjoyably_horrible,1,1,0
enough_large,1,1,0
enough_many,1,1,0
entirely_averse,1,1,0
entirely_absurd,1,1,0
entirely_authoritarian,1,1,0
entirely_atypical,1,1,0
entirely_applicable,1,1,0
entirely_analytical,1,1,0
entirely_american,1,1,0
entirely_altruistic,1,1,0
entirely_alien,1,1,0
entirely_agreeable,1,1,0
entirely_abysmal,1,1,0
entertainingly_surreal,1,1,0
enough_more,1,1,0
entertainingly_sick,1,1,0
entertainingly_populist,1,1,0
enough_vain,1,1,0
enough_trained,1,1,0
enough_slick,1,1,0
enough_satisfied,1,1,0
enough_russian,1,1,0
enough_right,1,1,0
enough_quiet,1,1,0
entirely_endemic,1,1,0
entirely_engaging,1,0,1
entirely_engrossing,1,1,0
entirely_monochromatic,1,1,0
entirely_off,1,1,0
entirely_objectionable,1,1,0
entirely_novel,1,1,0
entirely_nostalgic,1,1,0
entirely_motionless,1,1,0
entirely_mortal,1,1,0
entirely_monstrous,1,1,0
entirely_monolithic,1,1,0
entirely_monogamous,1,1,0
entirely_mild,1,1,0
entirely_opaque,1,1,0
entirely_metaphysical,1,1,0
entirely_meaningless,1,1,0
entirely_mature,1,1,0
entirely_lucid,1,1,0
entirely_loyal,1,1,0
entirely_local,1,1,0
entirely_legal,1,1,0
entirely_lacking,1,1,0
entirely_knowledgeable,1,1,0
entirely_official,1,1,0
entirely_open,1,1,0
entirely_enjoyable,1,1,0
entirely_powerless,1,1,0
entirely_reflective,1,1,0
entirely_red,1,1,0
entirely_reclusive,1,1,0
entirely_reasonable,1,1,0
entirely_public,1,1,0
entirely_proud,1,1,0
entirely_proof,1,1,0
entirely_privy,1,1,0
entirely_pragmatic,1,0,1
entirely_pleasurable,1,1,0
entirely_orthodox,1,1,0
entirely_pivotal,1,1,0
entirely_peaceful,1,1,0
entirely_past,1,1,0
entirely_passionate,1,1,0
entirely_paradoxical,1,1,0
entirely_palatable,1,1,0
entirely_overrated,1,1,0
entirely_overcome,1,1,0
entirely_outlandish,1,1,0
entirely_irregular,1,1,0
entirely_irrational,1,1,0
entirely_inviting,1,1,0
entirely_feminine,1,1,0
entirely_german,1,1,0
entirely_genetic,1,1,0
entirely_fun,1,1,0
entirely_forthright,1,1,0
entirely_forgettable,1,1,0
entirely_foreign,1,1,0
entirely_fond,1,1,0
entirely_flat,1,1,0
entirely_flashy,1,0,1
entirely_favourable,1,1,0
entirely_invincible,1,1,0
entirely_false,1,1,0
entirely_exhilarating,1,1,0
entirely_exhausted,1,1,0
entirely_exempt,1,1,0
entirely_exciting,1,1,0
entirely_excited,1,1,0
entirely_exceptional,1,1,0
entirely_ethical,1,1,0
entirely_equal,1,1,0
entirely_graceful,1,1,0
entirely_gratified,1,1,0
entirely_groundless,1,1,0
entirely_guilty,1,1,0
entirely_interchangeable,1,1,0
entirely_insurmountable,1,1,0
entirely_insubstantial,1,1,0
entirely_instrumental,1,1,0
entirely_inspirational,1,0,1
entirely_inscrutable,1,1,0
entirely_inherent,1,1,0
entirely_indifferent,1,1,0
entirely_indicative,1,1,0
entirely_inconsistent,1,1,0
entirely_incendiary,1,1,0
entirely_inane,1,1,0
entirely_inactive,1,1,0
entirely_ignorant,1,1,0
entirely_idealistic,1,1,0
entirely_icy,1,1,0
entirely_hot,1,1,0
entirely_hopeful,1,1,0
entirely_homogenous,1,1,0
enjoyably_evil,1,0,1
energetically_imaginative,1,1,0
entirely_robust,1,1,0
economically_strategic,1,1,0
effectively_manipulative,1,1,0
effectively_heroic,1,1,0
effectively_different,1,1,0
effectively_able,1,1,0
eerily_quiet,1,1,0
eerily_effective,1,1,0
educationally_beneficial,1,1,0
economically_weaker,1,1,0
economically_vital,1,1,0
economically_stable,1,1,0
effortlessly_appealing,1,1,0
economically_smart,1,1,0
economically_self-sufficient,1,1,0
economically_secure,1,1,0
economically_right,1,1,0
economically_rewarding,1,1,0
economically_recyclable,1,1,0
economically_reasonable,1,1,0
economically_realistic,1,1,0
economically_rational,1,1,0
effectively_measurable,1,1,0
effortlessly_beautiful,1,1,0
economically_problematic,1,0,1
egregiously_showy,1,1,0
either_suicidal,1,1,0
either_simple,1,1,0
either_optimistic,1,1,0
either_new,1,1,0
either_late,1,1,0
either_good,1,0,1
either_fast,1,0,1
egregiously_untrue,1,1,0
egregiously_unattractive,1,0,1
egregiously_offensive,1,0,1
effortlessly_deadly,1,1,0
egregiously_fake,1,1,0
egregiously_contemporary,1,1,0
egregiously_clueless,1,1,0
egregiously_bad,1,1,0
egregiously_awful,1,1,0
effortlessly_spectacular,1,0,1
effortlessly_graceful,1,1,0
effortlessly_expressive,1,1,0
effortlessly_elegant,1,0,1
economically_profitable,1,1,0
economically_privileged,1,1,0
endlessly_exploitable,1,1,0
easily_soluble,1,1,0
ecologically_consistent,1,1,0
easily_willing,1,1,0
easily_watchable,1,1,0
easily_upset,1,1,0
easily_undone,1,1,0
easily_understandable,1,1,0
easily_transferable,1,1,0
easily_traceable,1,1,0
easily_susceptible,1,1,0
easily_shocked,1,1,0
ecologically_justifiable,1,1,0
easily_searchable,1,1,0
easily_reversible,1,1,0
easily_related,1,1,0
easily_relatable,1,1,0
easily_recognizable,1,1,0
easily_recognisable,1,1,0
easily_pleased,1,1,0
easily_perceptible,1,1,0
easily_palpable,1,1,0
ecologically_friendly,1,0,1
ecologically_significant,1,0,1
economically_practical,1,1,0
economically_fundamental,1,0,1
economically_necessary,1,1,0
economically_mysterious,1,0,1
economically_manageable,1,1,0
economically_literate,1,1,0
economically_large,1,1,0
economically_knowledgable,1,1,0
economically_intuitive,1,1,0
economically_integrated,1,1,0
economically_insignificant,1,1,0
economically_effective,1,1,0
ecologically_spectacular,1,1,0
economically_dominant,1,1,0
economically_devastating,1,1,0
economically_desirable,1,1,0
economically_damaging,1,1,0
economically_crazy,1,0,1
economically_advisable,1,1,0
economically_advantageous,1,1,0
ecologically_wrong,1,0,1
ecologically_wise,1,1,0
either_traditional,1,1,0
either_unconscious,1,1,0
either_unusual,1,1,0
emotionally_honest,1,1,0
emotionally_related,1,1,0
emotionally_reactive,1,1,0
emotionally_proud,1,1,0
emotionally_persuasive,1,1,0
emotionally_overblown,1,1,0
emotionally_off-putting,1,1,0
emotionally_nourishing,1,1,0
emotionally_mature,1,1,0
emotionally_manipulative,1,1,0
emotionally_gratifying,1,0,1
emotionally_significant,1,1,0
emotionally_glad,1,1,0
emotionally_fragile,1,1,0
emotionally_false,1,0,1
emotionally_expressive,1,1,0
emotionally_exhausting,1,1,0
emotionally_easy,1,1,0
emotionally_desperate,1,1,0
emotionally_damaging,1,1,0
emotionally_compatible,1,1,0
emotionally_secure,1,1,0
emotionally_simple,1,1,0
either_upcoming,1,1,0
empirically_satisfactory,1,1,0
endlessly_entertaining,1,1,0
endlessly_drinkable,1,1,0
endearingly_weird,1,1,0
endearingly_naive,1,1,0
endearingly_crazy,1,1,0
endearingly_bashful,1,1,0
empirically_wrong,1,1,0
empirically_viable,1,1,0
empirically_truthful,1,1,0
empirically_correct,1,1,0
emotionally_stagnant,1,1,0
empirically_clear,1,1,0
emphatically_certain,1,1,0
emotionally_vulnerable,1,1,0
emotionally_unstable,1,1,0
emotionally_unreachable,1,1,0
emotionally_transcendent,1,0,1
emotionally_taxing,1,1,0
emotionally_supportive,1,1,0
emotionally_stronger,1,1,0
emotionally_challenging,1,1,0
emotionally_believable,1,1,0
emotionally_appealing,1,1,0
else_bizarre,1,0,1
else_involved,1,1,0
else_inventive,1,0,1
else_imaginable,1,0,1
else_great,1,0,1
else_good,1,0,1
else_foreign,1,0,1
else_exciting,1,0,1
else_cooler,1,0,1
else_complicated,1,0,1
else_bigger,1,0,1
emotionally_advisable,1,1,0
else_available,1,0,1
else_attractive,1,0,1
else_appealing,1,0,1
else_angry,1,1,0
else_alive,1,0,1
else_affordable,1,0,1
else_able,1,1,0
electronically_accessible,1,0,1
electorally_popular,1,1,0
else_much,1,0,1
else_new,1,0,1
else_other,1,1,0
else_past,1,0,1
emotionally_able,1,1,0
eminently_wrong,1,0,1
eminently_qualified,1,1,0
eminently_necessary,1,0,1
eminently_loose,1,1,0
eminently_hip,1,0,1
eminently_frustrating,1,1,0
embarrassingly_shrill,1,1,0
embarrassingly_shabby,1,0,1
embarrassingly_profound,1,1,0
embarrassingly_cavalier,1,1,0
else_wide,1,0,1
else_warm,1,0,1
else_unusual,1,0,1
else_suspicious,1,0,1
else_short,1,0,1
else_secure,1,1,0
else_praiseworthy,1,0,1
else_pragmatic,1,0,1
entirely_religious,1,1,0
entirely_rosy,1,1,0
especially_timely,1,1,0
especially_instructive,1,1,0
especially_kind,1,1,0
especially_juicy,1,0,1
especially_judgmental,1,1,0
especially_jewish,1,1,0
especially_irrational,1,0,1
especially_intriguing,1,0,1
especially_intimate,1,0,1
especially_intense,1,1,0
especially_intellectual,1,1,0
especially_insightful,1,1,0
especially_libertarian,1,0,1
especially_informative,1,1,0
especially_individual,1,0,1
especially_incredible,1,1,0
especially_impressed,1,1,0
especially_imaginative,1,1,0
especially_illegal,1,0,1
especially_humiliating,1,0,1
especially_humble,1,1,0
especially_humanitarian,1,0,1
especially_knowledgeable,1,1,0
especially_logical,1,0,1
especially_huge,1,0,1
especially_mexican,1,0,1
especially_nervous,1,1,0
especially_nefarious,1,0,1
especially_necessary,1,1,0
especially_natural,1,0,1
especially_mystical,1,0,1
especially_much,1,1,0
especially_moderate,1,1,0
especially_mobile,1,1,0
especially_miraculous,1,0,1
especially_metaphysical,1,0,1
especially_lovely,1,0,1
especially_messy,1,1,0
especially_merciless,1,1,0
especially_menacing,1,0,1
especially_meaty,1,1,0
especially_mannered,1,1,0
especially_manly,1,0,1
especially_lyrical,1,1,0
especially_lucrative,1,1,0
especially_loyal,1,1,0
especially_human,1,0,1
especially_hostile,1,1,0
especially_dominant,1,0,1
especially_enticing,1,1,0
especially_eye-opening,1,1,0
especially_eye-catching,1,0,1
especially_explicit,1,0,1
especially_exclusive,1,0,1
especially_exceptional,1,0,1
especially_excellent,1,1,0
especially_esoteric,1,0,1
especially_erotic,1,0,1
especially_epic,1,0,1
especially_enthusiastic,1,1,0
especially_female,1,0,1
especially_enjoyable,1,1,0
especially_engaging,1,1,0
especially_encouraging,1,1,0
especially_embarrassing,1,0,1
especially_elusive,1,1,0
especially_elaborate,1,0,1
especially_egregious,1,1,0
especially_efficient,1,1,0
especially_durable,1,1,0
especially_fascinating,1,0,1
especially_fierce,1,1,0
especially_horrible,1,1,0
especially_grueling,1,1,0
especially_hopeless,1,1,0
especially_hopeful,1,1,0
especially_honourable,1,0,1
especially_homogenous,1,1,0
especially_holy,1,0,1
especially_historical,1,0,1
especially_harrowing,1,0,1
especially_harmful,1,0,1
especially_handy,1,1,0
especially_greasy,1,0,1
especially_flashy,1,0,1
especially_glamorous,1,0,1
especially_german,1,0,1
especially_gentle,1,0,1
especially_fussy,1,0,1
especially_furious,1,1,0
especially_frightening,1,0,1
especially_formidable,1,1,0
especially_forceful,1,1,0
especially_flavorful,1,1,0
especially_nuanced,1,0,1
especially_numerous,1,1,0
especially_odious,1,0,1
especially_sensational,1,0,1
especially_slick,1,0,1
especially_sinister,1,0,1
especially_sinful,1,1,0
especially_sincere,1,0,1
especially_shy,1,1,0
especially_shitty,1,0,1
especially_shiny,1,1,0
especially_sexual,1,0,1
especially_severe,1,1,0
especially_selfish,1,1,0
especially_sorrowful,1,0,1
especially_secure,1,1,0
especially_scrappy,1,0,1
especially_scenic,1,1,0
especially_scandalous,1,0,1
especially_satisfying,1,1,0
especially_satisfactory,1,1,0
especially_sadistic,1,0,1
especially_rugged,1,1,0
especially_riveting,1,1,0
especially_smart,1,1,0
especially_spectacular,1,0,1
especially_offbeat,1,0,1
especially_sustainable,1,1,0
especially_tidy,1,1,0
especially_thriving,1,1,0
especially_thrilled,1,1,0
especially_threatening,1,0,1
especially_thick,1,1,0
especially_theological,1,0,1
especially_theatrical,1,0,1
especially_terrible,1,1,0
especially_tempting,1,0,1
especially_superstitious,1,1,0
especially_speedy,1,1,0
especially_suicidal,1,1,0
especially_substantial,1,0,1
especially_stylish,1,1,0
especially_sturdy,1,1,0
especially_stupid,1,0,1
especially_stringent,1,1,0
especially_strict,1,1,0
especially_stressful,1,1,0
especially_startling,1,1,0
especially_risque,1,0,1
especially_right,1,0,1
especially_restful,1,1,0
especially_passionate,1,1,0
especially_practical,1,1,0
especially_pleasurable,1,1,0
especially_pleasing,1,1,0
especially_pleasant,1,1,0
especially_plausible,1,1,0
especially_plain,1,1,0
especially_photogenic,1,1,0
especially_persuasive,1,1,0
especially_personal,1,0,1
especially_painful,1,1,0
especially_responsive,1,1,0
especially_outspoken,1,1,0
especially_outrageous,1,0,1
especially_outlandish,1,0,1
especially_orthodox,1,1,0
especially_ordinary,1,0,1
especially_orderly,1,0,1
especially_optimistic,1,1,0
especially_oppressive,1,1,0
especially_open,1,1,0
especially_praiseworthy,1,0,1
especially_precious,1,1,0
especially_precise,1,0,1
especially_preferable,1,0,1
especially_responsible,1,1,0
especially_reliable,1,1,0
especially_related,1,1,0
especially_regrettable,1,1,0
especially_regional,1,0,1
especially_recent,1,0,1
especially_reassuring,1,1,0
especially_readable,1,1,0
especially_quirky,1,0,1
especially_quantitative,1,0,1
especially_qualified,1,1,0
especially_purposeful,1,1,0
especially_public,1,1,0
especially_proprietary,1,0,1
especially_prone,1,1,0
especially_prolific,1,1,0
especially_profitable,1,1,0
especially_proficient,1,1,0
especially_premium,1,0,1
especially_drastic,1,0,1
especially_disastrous,1,0,1
entirely_rude,1,1,0
entirely_warm,1,1,0
environmentally_clean,1,1,0
environmentally_challenging,1,1,0
environmentally_allowable,1,1,0
environmentally_acceptable,1,1,0
entirely_wretched,1,1,0
entirely_willing,1,1,0
entirely_wholesome,1,1,0
entirely_white,1,1,0
entirely_weak,1,1,0
entirely_viable,1,1,0
environmentally_desirable,1,1,0
entirely_utopian,1,1,0
entirely_user-friendly,1,1,0
entirely_useful,1,1,0
entirely_urban,1,1,0
entirely_unwilling,1,1,0
entirely_unusable,1,1,0
entirely_untouchable,1,1,0
entirely_unremarkable,1,0,1
entirely_unrelated,1,1,0
environmentally_correct,1,0,1
environmentally_devastating,1,1,0
entirely_unprecedented,1,1,0
equally_accessible,1,1,0
equally_difficult,1,1,0
equally_concerned,1,1,0
equally_cogent,1,0,1
equally_clear,1,1,0
equally_brilliant,1,1,0
equally_bad,1,1,0
equally_appropriate,1,1,0
equally_applicable,1,1,0
equally_appealing,1,1,0
equally_able,1,1,0
environmentally_hazardous,1,1,0
epically_challenging,1,1,0
epically_busy,1,1,0
epically_bad,1,0,1
environmentally_unfriendly,1,0,1
environmentally_sound,1,0,1
environmentally_sensitive,1,1,0
environmentally_preferable,1,1,0
environmentally_persistent,1,0,1
environmentally_necessary,1,1,0
entirely_unqualified,1,1,0
entirely_unpalatable,1,1,0
especially_disappointing,1,1,0
entirely_sincere,1,1,0
entirely_subdued,1,1,0
entirely_strange,1,0,1
entirely_straight,1,1,0
entirely_stagnant,1,1,0
entirely_spurious,1,1,0
entirely_spectacular,1,0,1
entirely_specific,1,1,0
entirely_sorry,1,1,0
entirely_social,1,1,0
entirely_simple,1,1,0
entirely_subtle,1,1,0
entirely_silent,1,1,0
entirely_sensitive,1,1,0
entirely_selfish,1,1,0
entirely_self-taught,1,1,0
entirely_sedentary,1,1,0
entirely_secret,1,1,0
entirely_scientific,1,1,0
entirely_sane,1,1,0
entirely_sad,1,1,0
entirely_subservient,1,1,0
entirely_symbolic,1,1,0
entirely_unimpressed,1,1,0
entirely_unaware,1,1,0
entirely_unified,1,1,0
entirely_unhappy,1,1,0
entirely_unfeasible,1,1,0
entirely_undetectable,1,1,0
entirely_undeserved,1,1,0
entirely_unconnected,1,1,0
entirely_unconditional,1,1,0
entirely_unconcerned,1,1,0
entirely_unchallenged,1,1,0
entirely_unavoidable,1,1,0
entirely_synonymous,1,1,0
entirely_unanimous,1,1,0
entirely_unambiguous,1,1,0
entirely_unaffected,1,1,0
entirely_tragic,1,1,0
entirely_toxic,1,1,0
entirely_theoretical,1,1,0
entirely_thematic,1,1,0
entirely_terrible,1,1,0
entirely_tedious,1,1,0
equally_dignified,1,0,1
equally_eager,1,1,0
equally_excellent,1,1,0
especially_cautious,1,1,0
especially_compatible,1,1,0
especially_combative,1,1,0
especially_clean,1,1,0
especially_classy,1,0,1
especially_civilized,1,1,0
especially_chinese,1,0,1
especially_cheery,1,1,0
especially_chaste,1,1,0
especially_charismatic,1,1,0
especially_catchy,1,0,1
especially_compulsive,1,1,0
especially_careful,1,1,0
especially_calming,1,1,0
especially_calm,1,1,0
especially_british,1,0,1
especially_brave,1,1,0
especially_bizarre,1,0,1
especially_bellicose,1,1,0
especially_bashful,1,1,0
especially_attuned,1,1,0
especially_complete,1,1,0
especially_conducive,1,1,0
equally_excited,1,1,0
especially_cuddly,1,0,1
especially_detailed,1,1,0
especially_desirable,1,1,0
especially_decisive,1,1,0
especially_dear,1,1,0
especially_dazzling,1,1,0
especially_daring,1,0,1
especially_danceable,1,1,0
especially_damaging,1,0,1
especially_cunning,1,1,0
especially_cruel,1,1,0
especially_confident,1,1,0
especially_critical,1,1,0
especially_criminal,1,1,0
especially_corrupt,1,1,0
especially_cordial,1,1,0
especially_cooperative,1,1,0
especially_cool,1,1,0
especially_convenient,1,1,0
especially_contemporary,1,1,0
especially_conservative,1,0,1
especially_athletic,1,1,0
especially_astounding,1,0,1
especially_assertive,1,1,0
equally_patient,1,1,0
equally_shady,1,1,0
equally_sensitive,1,1,0
equally_safe,1,1,0
equally_risky,1,1,0
equally_representative,1,1,0
equally_pure,1,1,0
equally_productive,1,1,0
equally_pleased,1,1,0
equally_plastic,1,0,1
equally_naked,1,1,0
especially_arduous,1,0,1
equally_miserable,1,1,0
equally_knowledgeable,1,1,0
equally_interested,1,1,0
equally_intense,1,1,0
equally_inexperienced,1,1,0
equally_indifferent,1,1,0
equally_hateful,1,1,0
equally_fine,1,1,0
equally_fair,1,0,1
equally_soothing,1,1,0
equally_stupid,1,1,0
equally_subject,1,1,0
equally_tough,1,1,0
especially_arcane,1,1,0
especially_apt,1,1,0
especially_appreciative,1,1,0
especially_apparent,1,1,0
especially_amusing,1,1,0
especially_amiss,1,1,0
especially_alarming,1,0,1
especially_aimless,1,1,0
especially_affectionate,1,1,0
especially_adventurous,1,1,0
especially_advantageous,1,1,0
especially_advanced,1,0,1
especially_abundant,1,1,0
equally_vulnerable,1,1,0
equally_viewable,1,1,0
equally_useful,1,1,0
equally_unprecedented,1,1,0
equally_true,1,1,0
equally_triumphant,1,0,1
exactly_difficult,1,1,0
exactly_dishonest,1,1,0
exactly_dominant,1,1,0
genuinely_accessible,1,1,0
genuinely_close,1,1,0
genuinely_christian,1,1,0
genuinely_brilliant,1,1,0
genuinely_biblical,1,1,0
genuinely_beautiful,1,1,0
genuinely_bad,1,1,0
genuinely_awful,1,1,0
genuinely_artistic,1,0,1
genuinely_angry,1,1,0
gently_rural,1,0,1
genuinely_comfy,1,1,0
genetically_predisposed,1,1,0
genetically_perfect,1,1,0
genetically_male,1,1,0
genetically_identical,1,1,0
genetically_distinct,1,1,0
genetically_common,1,0,1
genetically_close,1,1,0
genetically_british,1,1,0
generally_viable,1,1,0
genuinely_comfortable,1,1,0
genuinely_conservative,1,1,0
generally_unjust,1,1,0
genuinely_great,1,0,1
genuinely_independent,1,1,0
genuinely_impossible,1,1,0
genuinely_hungry,1,1,0
genuinely_hot,1,0,1
genuinely_horrific,1,1,0
genuinely_historical,1,1,0
genuinely_helpless,1,1,0
genuinely_heartfelt,1,0,1
genuinely_hard,1,1,0
genuinely_friendly,1,1,0
genuinely_dangerous,1,0,1
genuinely_female,1,1,0
genuinely_executive,1,0,1
genuinely_enlightening,1,1,0
genuinely_eccentric,1,1,0
genuinely_dull,1,1,0
genuinely_disinterested,1,1,0
genuinely_dignified,1,0,1
genuinely_difficult,1,1,0
genuinely_despondent,1,1,0
generally_unpleasant,1,1,0
generally_true,1,1,0
furiously_fearsome,1,0,1
further_recyclable,1,1,0
generally_appropriate,1,1,0
generally_advantageous,1,1,0
generally_accurate,1,1,0
generally_absent,1,1,0
furthermore_similar,1,1,0
furthermore_erect,1,1,0
further_wrong,1,1,0
further_worth,1,0,1
further_tight,1,1,0
further_outstanding,1,0,1
generally_conscious,1,1,0
further_open,1,0,1
further_necessary,1,0,1
further_liable,1,1,0
further_identifiable,1,1,0
further_east,1,1,0
further_delightful,1,0,1
further_definite,1,0,1
further_dead,1,1,0
further_convincing,1,1,0
generally_bad,1,0,1
generally_correct,1,1,0
generally_talented,1,1,0
generally_incomprehensible,1,1,0
generally_squeamish,1,1,0
generally_responsive,1,1,0
generally_problematic,1,1,0
generally_possible,1,1,0
generally_political,1,1,0
generally_oppressed,1,1,0
generally_more,1,1,0
generally_likely,1,1,0
generally_intelligent,1,1,0
generally_inclined,1,1,0
generally_desirable,1,1,0
generally_inappropriate,1,1,0
generally_helpful,1,1,0
generally_healthy,1,1,0
generally_harmful,1,1,0
generally_flexible,1,1,0
generally_fair,1,1,0
generally_egregious,1,1,0
generally_effective,1,1,0
generally_economic,1,1,0
genuinely_informative,1,1,0
genuinely_inhuman,1,0,1
genuinely_innovative,1,0,1
glaringly_strange,1,0,1
gloriously_good,1,1,0
gloriously_evident,1,1,0
gloriously_beautiful,1,0,1
gloriously_bad,1,1,0
globally_richer,1,1,0
globally_distinctive,1,0,1
globally_competitive,1,1,0
globally_compatible,1,1,0
gleefully_creative,1,1,0
glaringly_relevant,1,1,0
gloriously_lazy,1,1,0
glaringly_outlandish,1,0,1
glaringly_inconsistent,1,1,0
glaringly_inappropriate,1,0,1
glaringly_dogmatic,1,1,0
glaringly_deficient,1,1,0
glaringly_clear,1,1,0
glaringly_awful,1,0,1
geographically_specific,1,1,0
geographically_rich,1,1,0
gloriously_impassioned,1,1,0
gloriously_silly,1,1,0
genuinely_interactive,1,0,1
gratuitously_sensational,1,1,0
greatly_effective,1,1,0
greatly_distinctive,1,0,1
greatly_debilitating,1,1,0
greatly_celebrated,1,1,0
greatly_afraid,1,1,0
gravely_wrong,1,0,1
gravely_offensive,1,1,0
gravely_ill,1,1,0
gratuitously_weird,1,1,0
gratuitously_harsh,1,1,0
gloriously_varied,1,1,0
gratuitously_creepy,1,1,0
gratuitously_brutal,1,0,1
graphically_revolutionary,1,0,1
grammatically_improper,1,0,1
grammatically_better,1,1,0
grammatically_awkward,1,0,1
goddamn_volatile,1,1,0
goddamn_tired,1,1,0
goddamn_ridiculous,1,0,1
geographically_perfect,1,1,0
geographically_largest,1,1,0
geographically_homogeneous,1,1,0
genuinely_personable,1,1,0
genuinely_right,1,1,0
genuinely_rewarding,1,1,0
genuinely_responsive,1,1,0
genuinely_reflective,1,1,0
genuinely_rebellious,1,0,1
genuinely_random,1,1,0
genuinely_present,1,1,0
genuinely_possible,1,1,0
genuinely_pleasant,1,1,0
genuinely_open,1,1,0
geographically_correct,1,1,0
genuinely_opaque,1,1,0
genuinely_nice,1,1,0
genuinely_naked,1,1,0
genuinely_motivated,1,1,0
genuinely_memorable,1,0,1
genuinely_malevolent,1,0,1
genuinely_majestic,1,1,0
genuinely_loving,1,1,0
genuinely_kinder,1,1,0
genuinely_serious,1,1,0
genuinely_sexy,1,1,0
genuinely_socialist,1,1,0
genuinely_sorry,1,1,0
geographically_close,1,1,0
geographically_advantageous,1,0,1
genuinely_wrong,1,0,1
genuinely_worth,1,0,1
genuinely_wireless,1,1,0
genuinely_weird,1,1,0
genuinely_useful,1,1,0
genuinely_universal,1,1,0
genuinely_unified,1,1,0
genuinely_typical,1,0,1
genuinely_thrilled,1,1,0
genuinely_thoughtful,1,1,0
genuinely_terrified,1,1,0
genuinely_suspenseful,1,1,0
genuinely_surprising,1,1,0
genuinely_surprised,1,1,0
genuinely_suicidal,1,1,0
genuinely_successful,1,1,0
genuinely_stagnant,1,1,0
furiously_menacing,1,1,0
funnily_enough,1,0,1
greatly_familiar,1,1,0
fully_gratified,1,1,0
fully_inefficient,1,1,0
fully_inclusive,1,1,0
fully_impactful,1,1,0
fully_immutable,1,1,0
fully_humane,1,1,0
fully_heroic,1,1,0
fully_harmonious,1,1,0
fully_grey,1,1,0
fully_green,1,1,0
fully_genuine,1,1,0
fully_intact,1,1,0
fully_fun,1,1,0
fully_fresh,1,1,0
fully_forthcoming,1,1,0
fully_forgettable,1,1,0
fully_foreign,1,1,0
fully_fitting,1,1,0
fully_fictional,1,0,1
fully_fascist,1,1,0
fully_fair,1,1,0
fully_informed,1,1,0
fully_integrated,1,1,0
fully_evil,1,1,0
fully_literal,1,1,0
fully_obtainable,1,1,0
fully_observant,1,1,0
fully_obscure,1,1,0
fully_obedient,1,1,0
fully_normal,1,1,0
fully_naked,1,1,0
fully_mobile,1,1,0
fully_mexican,1,1,0
fully_loyal,1,1,0
fully_light,1,1,0
fully_intelligible,1,1,0
fully_liberating,1,1,0
fully_liberal,1,1,0
fully_legitimate,1,1,0
fully_laden,1,1,0
fully_knowledgeable,1,1,0
fully_israeli,1,1,0
fully_irish,1,1,0
fully_interested,1,1,0
fully_interchangeable,1,1,0
fully_excited,1,1,0
fully_european,1,1,0
fundamentally_worth,1,0,1
fully_black,1,1,0
fully_comforting,1,1,0
fully_coherent,1,1,0
fully_civilized,1,1,0
fully_chinese,1,1,0
fully_catholic,1,1,0
fully_captive,1,1,0
fully_captivating,1,1,0
fully_candid,1,1,0
fully_brown,1,1,0
fully_bilingual,1,1,0
fully_compelling,1,1,0
fully_bent,1,1,0
fully_beholden,1,1,0
fully_bare,1,1,0
fully_australian,1,1,0
fully_audible,1,1,0
fully_asian,1,1,0
fully_appropriate,1,1,0
fully_appreciative,1,1,0
fully_applicable,1,1,0
fully_comparable,1,1,0
fully_comprehensive,1,1,0
fully_english,1,1,0
fully_deserving,1,1,0
fully_enamoured,1,1,0
fully_eastern,1,1,0
fully_dynamic,1,1,0
fully_dry,1,1,0
fully_dormant,1,1,0
fully_dominant,1,1,0
fully_discernible,1,1,0
fully_devastating,1,1,0
fully_deterministic,1,1,0
fully_dependent,1,1,0
fully_confidential,1,1,0
fully_definitive,1,1,0
fully_dark,1,1,0
fully_critical,1,1,0
fully_correct,1,1,0
fully_convertible,1,1,0
fully_conversant,1,1,0
fully_controlled,1,1,0
fully_contiguous,1,1,0
fully_consensual,1,1,0
fully_obvious,1,1,0
fully_online,1,1,0
fully_orderly,1,1,0
functionally_literate,1,1,0
fundamentally_difficult,1,0,1
fundamentally_contradictory,1,0,1
fundamentally_concerned,1,1,0
fundamentally_attractive,1,1,0
fundamentally_amiss,1,0,1
fundamentally_american,1,0,1
functionally_primitive,1,0,1
functionally_obsolete,1,1,0
functionally_obedient,1,1,0
functionally_immediate,1,1,0
fundamentally_equal,1,0,1
functionally_iffy,1,0,1
functionally_ideal,1,1,0
functionally_equivalent,1,1,0
functionally_different,1,0,1
functionally_complete,1,0,1
functionally_accessible,1,1,0
fully_wild,1,1,0
fully_wearable,1,1,0
fully_waterproof,1,1,0
fundamentally_distinct,1,0,1
fundamentally_extraordinary,1,0,1
fully_organized,1,1,0
fundamentally_playful,1,0,1
fundamentally_unethical,1,1,0
fundamentally_true,1,1,0
fundamentally_superior,1,1,0
fundamentally_selfish,1,1,0
fundamentally_scary,1,0,1
fundamentally_right,1,0,1
fundamentally_religious,1,1,0
fundamentally_problematic,1,0,1
fundamentally_positive,1,0,1
fundamentally_peculiar,1,0,1
fundamentally_great,1,0,1
fundamentally_objective,1,0,1
fundamentally_newer,1,0,1
fundamentally_necessary,1,0,1
fundamentally_militant,1,0,1
fundamentally_medical,1,1,0
fundamentally_liberal,1,0,1
fundamentally_islamic,1,1,0
fundamentally_immoral,1,0,1
fundamentally_guilty,1,1,0
fully_warm,1,1,0
fully_voluntary,1,1,0
fully_villainous,1,1,0
fully_public,1,1,0
fully_remote,1,1,0
fully_religious,1,1,0
fully_relaxing,1,1,0
fully_related,1,1,0
fully_relatable,1,1,0
fully_recognisable,1,1,0
fully_reactive,1,1,0
fully_quiet,1,1,0
fully_quantifiable,1,1,0
fully_proficient,1,1,0
fully_verifiable,1,1,0
fully_professional,1,1,0
fully_privy,1,1,0
fully_portable,1,1,0
fully_pessimistic,1,1,0
fully_persuasive,1,1,0
fully_perfect,1,1,0
fully_pain-free,1,1,0
fully_outside,1,1,0
fully_ours,1,1,0
fully_resilient,1,1,0
fully_righteous,1,1,0
fully_rural,1,1,0
fully_selective,1,1,0
fully_vegetarian,1,1,0
fully_unreal,1,1,0
fully_unified,1,1,0
fully_unhappy,1,1,0
fully_underway,1,1,0
fully_tiring,1,1,0
fully_thorough,1,1,0
fully_thankful,1,1,0
fully_technological,1,1,0
fully_sustainable,1,1,0
fully_suitable,1,1,0
fully_strategic,1,1,0
fully_spiritual,1,1,0
fully_sovereign,1,1,0
fully_solvable,1,1,0
fully_sober,1,1,0
fully_skeptical,1,1,0
fully_sincere,1,1,0
fully_sick,1,1,0
greatly_expansive,1,1,0
greatly_impressive,1,0,1
exactly_downtrodden,1,1,0
however_egregious,1,0,1
however_idiosyncratic,1,0,1
however_identical,1,1,0
however_hungry,1,1,0
however_high,1,0,1
however_helpful,1,1,0
however_grave,1,1,0
however_fun,1,0,1
however_extraordinary,1,0,1
however_excellent,1,0,1
however_effective,1,0,1
however_isolated,1,0,1
however_discriminatory,1,0,1
however_demeaning,1,1,0
however_dear,1,0,1
however_crude,1,0,1
however_courteous,1,0,1
however_complete,1,0,1
however_clever,1,0,1
however_brilliant,1,0,1
however_bizarre,1,0,1
however_ineffective,1,0,1
however_more,1,1,0
however_accurate,1,0,1
however_pure,1,0,1
however_sublime,1,0,1
however_strange,1,0,1
however_severe,1,1,0
however_sceptical,1,0,1
however_sacred,1,0,1
however_ridiculous,1,0,1
however_related,1,0,1
however_real,1,0,1
however_qualified,1,0,1
however_profitable,1,0,1
however_new,1,1,0
however_powerful,1,0,1
however_personal,1,0,1
however_perfect,1,0,1
however_outstanding,1,0,1
however_outlandish,1,0,1
however_optimistic,1,0,1
however_objective,1,0,1
however_nuanced,1,0,1
however_nice,1,0,1
however_available,1,1,0
horrifyingly_sexual,1,1,0
historically_successful,1,0,1
hopelessly_bleak,1,1,0
hopelessly_unreasonable,1,1,0
hopelessly_stupid,1,1,0
hopelessly_opaque,1,1,0
hopelessly_inquisitive,1,1,0
hopelessly_incapable,1,1,0
hopelessly_impossible,1,0,1
hopelessly_grim,1,1,0
hopelessly_dark,1,1,0
hopelessly_confused,1,1,0
hopelessly_bad,1,1,0
horrendously_difficult,1,0,1
hopefully_more,1,0,1
honestly_controversial,1,0,1
honestly_comfortable,1,1,0
honestly_amazing,1,1,0
home_much,1,1,0
historically_worth,1,1,0
historically_valuable,1,0,1
historically_unprecedented,1,0,1
historically_unionized,1,1,0
horrendously_allergic,1,1,0
horrendously_disappointed,1,1,0
horrifyingly_interesting,1,1,0
horribly_scared,1,1,0
horrifyingly_gruesome,1,0,1
horrifically_explicit,1,0,1
horrifically_complicated,1,0,1
horrifically_bleak,1,1,0
horrifically_bad,1,1,0
horribly_unpleasant,1,0,1
horribly_special,1,0,1
horribly_sinister,1,0,1
horribly_sick,1,1,0
horribly_rebellious,1,1,0
horrendously_huge,1,0,1
horribly_miserable,1,0,1
horribly_memorable,1,0,1
horribly_graphic,1,0,1
horribly_friendly,1,1,0
horribly_exciting,1,0,1
horribly_deep,1,1,0
horribly_critical,1,1,0
horribly_confusing,1,0,1
horrendously_steep,1,1,0
however_successful,1,0,1
however_tempting,1,1,0
however_thrilling,1,1,0
hugely_visual,1,0,1
humanly_noticeable,1,1,0
humanly_militaristic,1,0,1
humanly_edible,1,0,1
humanly_controllable,1,1,0
humanly_capable,1,1,0
humanly_available,1,0,1
humanly_alone,1,1,0
hugely_worrisome,1,1,0
hugely_worried,1,1,0
hugely_tall,1,1,0
humanly_surprising,1,1,0
hugely_suspenseful,1,1,0
hugely_serious,1,0,1
hugely_secret,1,0,1
hugely_satisfying,1,0,1
hugely_right,1,0,1
hugely_richer,1,1,0
hugely_revelatory,1,1,0
hugely_relevant,1,1,0
hugely_prominent,1,1,0
humanly_readable,1,1,0
humanly_wrong,1,0,1
however_tough,1,0,1
ideologically_stalwart,1,1,0
immediately_close,1,1,0
immediately_catchy,1,1,0
immediately_catastrophic,1,1,0
immediately_capable,1,1,0
immediately_analogous,1,0,1
immediately_alarming,1,0,1
immaculately_clean,1,1,0
ideologically_unified,1,1,0
ideologically_transparent,1,1,0
ideologically_sensational,1,1,0
hyper_sweet,1,1,0
ideologically_neutral,1,1,0
ideologically_neat,1,1,0
ideologically_monolithic,1,1,0
ideologically_lurid,1,1,0
ideologically_consistent,1,1,0
ideally_stable,1,1,0
ideally_perfect,1,1,0
ideally_civilized,1,1,0
ideally_accessible,1,1,0
hugely_profound,1,0,1
hugely_problematic,1,0,1
hugely_practical,1,0,1
hugely_ambitious,1,1,0
hugely_coy,1,1,0
hugely_controversial,1,1,0
hugely_confident,1,1,0
hugely_complex,1,0,1
hugely_compelling,1,1,0
hugely_challenging,1,1,0
hugely_catchy,1,1,0
hugely_believable,1,1,0
hugely_atypical,1,0,1
hugely_active,1,1,0
hugely_obsessed,1,1,0
hugely_abnormal,1,0,1
however_worthy,1,0,1
however_wise,1,1,0
however_weird,1,0,1
however_vivid,1,0,1
however_useful,1,0,1
however_uplifting,1,0,1
however_unpleasant,1,0,1
however_true,1,1,0
hugely_deep,1,0,1
hugely_disappointed,1,1,0
hugely_distinctive,1,0,1
hugely_dramatic,1,0,1
hugely_objectionable,1,1,0
hugely_nuanced,1,1,0
hugely_muscular,1,1,0
hugely_maternal,1,1,0
hugely_likeable,1,1,0
hugely_lavish,1,0,1
hugely_involved,1,1,0
hugely_impressed,1,1,0
hugely_graceful,1,1,0
hugely_funny,1,1,0
hugely_formulaic,1,1,0
hugely_fat,1,1,0
hugely_fancy,1,0,1
hugely_famous,1,1,0
hugely_excited,1,1,0
hugely_entertaining,1,1,0
hugely_elite,1,0,1
hugely_effective,1,1,0
hugely_dynamic,1,1,0
historically_undervalued,1,1,0
historically_strict,1,1,0
greatly_mistaken,1,1,0
hardly_more,1,0,1
hardly_unheard,1,1,0
hardly_trendy,1,0,1
hardly_sufficient,1,1,0
hardly_routine,1,1,0
hardly_relevant,1,1,0
hardly_reassuring,1,1,0
hardly_rational,1,1,0
hardly_qualified,1,1,0
hardly_possible,1,1,0
hardly_impressive,1,1,0
hardly_unusual,1,1,0
hardly_important,1,1,0
hardly_helpful,1,1,0
hardly_frivolous,1,1,0
hardly_different,1,0,1
hardly_attractive,1,1,0
hardly_agile,1,1,0
hardly_able,1,1,0
happily_true,1,1,0
happily_single,1,1,0
hardly_uniform,1,1,0
hardly_worse,1,0,1
happily_busy,1,1,0
heavily_intoxicated,1,1,0
here_early,1,0,1
here_alive,1,0,1
hence_affordable,1,1,0
hella_wrong,1,0,1
heavily_reliant,1,0,1
heavily_populated,1,1,0
heavily_laden,1,1,0
heavily_kurdish,1,1,0
heavily_involved,1,1,0
heavily_ingrained,1,0,1
hardly_worth,1,1,0
heavily_indebted,1,0,1
heavily_hyped,1,1,0
heavily_christian,1,1,0
hauntingly_compelling,1,0,1
harshly_sobering,1,1,0
harshly_salty,1,1,0
harshly_ideological,1,0,1
harshly_brutal,1,1,0
hardly_worthy,1,0,1
happily_romantic,1,1,0
halfway_whole,1,1,0
historically_stable,1,1,0
grossly_inadequate,1,1,0
grossly_overrated,1,1,0
grossly_overpriced,1,1,0
grossly_offensive,1,1,0
grossly_obese,1,1,0
grossly_negligent,1,1,0
grossly_large,1,0,1
grossly_irresponsible,1,0,1
grossly_incapable,1,1,0
grossly_inappropriate,1,0,1
grossly_inaccurate,1,0,1
grossly_unbelievable,1,1,0
grossly_fat,1,0,1
grossly_erroneous,1,1,0
grossly_disproportionate,1,0,1
grossly_absurd,1,1,0
grimly_authoritative,1,1,0
greatly_wrong,1,0,1
greatly_surprised,1,1,0
greatly_popular,1,1,0
greatly_political,1,1,0
grossly_theatrical,1,0,1
grossly_undeveloped,1,1,0
halfway_sane,1,0,1
half_faint,1,0,1
halfway_related,1,0,1
halfway_mature,1,1,0
halfway_legit,1,1,0
halfway_interested,1,1,0
half_worth,1,0,1
half_willing,1,1,0
half_thankful,1,1,0
half_pregnant,1,1,0
half_intelligent,1,1,0
half_decent,1,1,0
grossly_unforeseen,1,0,1
half_correct,1,1,0
half_clad,1,1,0
half_bright,1,1,0
half_blind,1,1,0
habitually_contrite,1,1,0
habitually_able,1,1,0
grotesquely_violent,1,0,1
grotesquely_repulsive,1,1,0
grossly_unremarkable,1,1,0
here_fantastic,1,1,0
here_present,1,1,0
here_smart,1,1,0
highly_sophisticated,1,1,0
highly_venomous,1,1,0
highly_variable,1,1,0
highly_unstable,1,1,0
highly_transformative,1,1,0
highly_toxic,1,1,0
highly_technical,1,0,1
highly_symbolic,1,0,1
highly_spirited,1,1,0
highly_spicy,1,1,0
highly_social,1,1,0
hilariously_honest,1,1,0
highly_skilled,1,1,0
highly_sexual,1,1,0
highly_self-aware,1,0,1
highly_secretive,1,1,0
highly_respectable,1,1,0
highly_resistant,1,1,0
highly_remarkable,1,0,1
highly_relevant,1,1,0
highly_progressive,1,1,0
highly_versatile,1,1,0
hilariously_indifferent,1,1,0
here_subject,1,1,0
historically_jewish,1,1,0
historically_special,1,0,1
historically_sacred,1,0,1
historically_remarkable,1,1,0
historically_reliable,1,0,1
historically_precise,1,1,0
historically_open,1,1,0
historically_normal,1,0,1
historically_natural,1,0,1
historically_low,1,1,0
historically_inevitable,1,1,0
historically_aware,1,1,0
historically_incredible,1,1,0
historically_ignorant,1,1,0
historically_honest,1,1,0
historically_great,1,0,1
historically_geeky,1,0,1
historically_credible,1,0,1
historically_constant,1,1,0
historically_consistent,1,1,0
historically_conservative,1,0,1
highly_productive,1,1,0
highly_procedural,1,0,1
highly_probable,1,1,0
highly_ambitious,1,1,0
highly_detailed,1,1,0
highly_desirable,1,1,0
highly_counterproductive,1,1,0
highly_confidential,1,1,0
highly_confident,1,1,0
highly_competitive,1,1,0
highly_competent,1,1,0
highly_befitting,1,0,1
highly_articulate,1,1,0
highly_advantageous,1,1,0
highly_pragmatic,1,1,0
highly_addictive,1,1,0
highly_accurate,1,1,0
highly_accessible,1,1,0
higher_ideal,1,1,0
high_enough,1,1,0
hideously_scary,1,0,1
hideously_late,1,1,0
hideously_amoral,1,1,0
heretofore_obtainable,1,1,0
highly_detrimental,1,1,0
highly_entertaining,1,1,0
highly_eventful,1,0,1
highly_exalted,1,1,0
highly_political,1,1,0
highly_painful,1,1,0
highly_observant,1,0,1
highly_nutritious,1,1,0
highly_mystical,1,0,1
highly_motivating,1,1,0
highly_misleading,1,1,0
highly_memorable,1,0,1
highly_lucrative,1,1,0
highly_labor-intensive,1,1,0
highly_judgmental,1,1,0
highly_intimate,1,1,0
highly_indignant,1,1,0
highly_important,1,0,1
highly_fraught,1,1,0
highly_flamboyant,1,1,0
highly_fascinating,1,0,1
highly_expedient,1,1,0
highly_excitable,1,1,0
fully_analogous,1,1,0
fully_airborne,1,1,0
fully_adult,1,1,0
excessively_long,1,1,0
excessively_precious,1,1,0
excessively_positive,1,1,0
excessively_pleasant,1,1,0
excessively_overpowering,1,0,1
excessively_optimistic,1,1,0
excessively_old,1,1,0
excessively_oily,1,1,0
excessively_negative,1,1,0
excessively_low,1,1,0
excessively_liberal,1,1,0
excessively_proud,1,1,0
excessively_lavish,1,1,0
excessively_insane,1,0,1
excessively_industrious,1,1,0
excessively_indulgent,1,1,0
excessively_impressive,1,1,0
excessively_humiliating,1,0,1
excessively_humble,1,1,0
excessively_heavy,1,0,1
excessively_great,1,0,1
excessively_prominent,1,1,0
excessively_religious,1,1,0
excessively_gory,1,0,1
excessively_spicy,1,1,0
excessively_ugly,1,1,0
excessively_troubling,1,0,1
excessively_touristy,1,1,0
excessively_territorial,1,1,0
excessively_terrifying,1,0,1
excessively_sympathetic,1,1,0
excessively_straightforward,1,1,0
excessively_stimulating,1,1,0
excessively_steep,1,1,0
excessively_special,1,0,1
excessively_respectful,1,1,0
excessively_sophisticated,1,1,0
excessively_small,1,1,0
excessively_slim,1,0,1
excessively_simplistic,1,1,0
excessively_sharp,1,1,0
excessively_seedy,1,1,0
excessively_satisfied,1,0,1
excessively_rigid,1,1,0
excessively_restless,1,1,0
excessively_graphic,1,0,1
excessively_genuine,1,0,1
exceptionally_negative,1,1,0
exceptionally_supernatural,1,0,1
excessively_acrimonious,1,0,1
exceptionally_wrong,1,0,1
exceptionally_weird,1,0,1
exceptionally_weak,1,1,0
exceptionally_valuable,1,1,0
exceptionally_tricky,1,1,0
exceptionally_traumatic,1,1,0
exceptionally_tough,1,1,0
exceptionally_surprising,1,0,1
exceptionally_stable,1,1,0
excessively_aggressive,1,1,0
exceptionally_smart,1,0,1
exceptionally_small,1,1,0
exceptionally_skilled,1,1,0
exceptionally_shocking,1,0,1
exceptionally_serious,1,1,0
exceptionally_rich,1,1,0
exceptionally_pleasing,1,0,1
exceptionally_personal,1,0,1
exceptionally_painful,1,1,0
excessively_afraid,1,1,0
excessively_alcoholic,1,1,0
excessively_full,1,1,0
excessively_cowardly,1,1,0
excessively_frustrating,1,1,0
excessively_flashy,1,1,0
excessively_expensive,1,1,0
excessively_energetic,1,1,0
excessively_distraught,1,1,0
excessively_detailed,1,0,1
excessively_defensive,1,1,0
excessively_debilitating,1,1,0
excessively_cruel,1,1,0
excessively_convoluted,1,0,1
excessively_ancient,1,1,0
excessively_convincing,1,1,0
excessively_confused,1,1,0
excessively_comfy,1,0,1
excessively_cold,1,1,0
excessively_chummy,1,1,0
excessively_calm,1,1,0
excessively_burdensome,1,1,0
excessively_awful,1,1,0
excessively_astounding,1,1,0
excessively_unacceptable,1,0,1
excessively_underweight,1,1,0
excessively_unforgiving,1,1,0
excruciatingly_difficult,1,0,1
explicitly_confrontational,1,1,0
explicitly_concerned,1,1,0
explicitly_biblical,1,1,0
explicitly_appreciative,1,1,0
exorbitantly_weird,1,1,0
excruciatingly_wrong,1,0,1
excruciatingly_thick,1,1,0
excruciatingly_neutral,1,1,0
excruciatingly_memorable,1,0,1
excruciatingly_bad,1,1,0
explicitly_discriminatory,1,0,1
exclusively_vegetarian,1,1,0
exclusively_unique,1,0,1
exclusively_technical,1,1,0
exclusively_symptomatic,1,1,0
exclusively_southern,1,1,0
exclusively_solitary,1,1,0
exclusively_representative,1,1,0
exclusively_religious,1,1,0
exclusively_reliant,1,1,0
explicitly_critical,1,1,0
explicitly_elitist,1,1,0
excessively_unique,1,0,1
explicitly_legal,1,1,0
explicitly_racial,1,1,0
explicitly_queer,1,0,1
explicitly_predictable,1,1,0
explicitly_physical,1,1,0
explicitly_nocturnal,1,0,1
explicitly_new,1,1,0
explicitly_negative,1,1,0
explicitly_malicious,1,0,1
explicitly_libertarian,1,1,0
explicitly_islamic,1,1,0
explicitly_feminist,1,1,0
explicitly_interested,1,1,0
explicitly_incoherent,1,0,1
explicitly_inclusive,1,1,0
explicitly_important,1,0,1
explicitly_ideological,1,1,0
explicitly_gory,1,0,1
explicitly_good,1,0,1
explicitly_gay,1,1,0
explicitly_funny,1,0,1
exclusively_rational,1,1,0
exclusively_public,1,1,0
exclusively_psychological,1,1,0
exclusively_altruistic,1,1,0
exclusively_concerned,1,1,0
exclusively_cold,1,1,0
exclusively_chinese,1,1,0
exclusively_charitable,1,1,0
exclusively_catholic,1,0,1
exclusively_capable,1,1,0
exclusively_buddhist,1,1,0
exclusively_better,1,1,0
exclusively_available,1,1,0
exclusively_active,1,1,0
exclusively_peaceful,1,1,0
excitingly_new,1,0,1
excitingly_endearing,1,0,1
excessively_youthful,1,1,0
excessively_wasteful,1,1,0
excessively_volatile,1,1,0
excessively_violent,1,1,0
excessively_vicious,1,1,0
excessively_verbose,1,1,0
excessively_unnerving,1,0,1
exclusively_conservative,1,1,0
exclusively_correct,1,1,0
exclusively_critical,1,1,0
exclusively_democratic,1,1,0
exclusively_pagan,1,0,1
exclusively_oral,1,1,0
exclusively_non-violent,1,1,0
exclusively_monetary,1,1,0
exclusively_mobile,1,1,0
exclusively_male,1,0,1
exclusively_libertarian,1,0,1
exclusively_involved,1,1,0
exclusively_human,1,1,0
exclusively_homosexual,1,1,0
exclusively_gendered,1,1,0
exclusively_french,1,1,0
exclusively_free,1,1,0
exclusively_fantastic,1,1,0
exclusively_external,1,1,0
exclusively_european,1,1,0
exclusively_ethical,1,1,0
exclusively_domestic,1,1,0
exclusively_devoted,1,1,0
exceptionally_novel,1,0,1
exceptionally_nasty,1,1,0
fucking_happy,1,1,0
exactly_logical,1,1,0
exactly_obese,1,1,0
exactly_novel,1,1,0
exactly_nice,1,1,0
exactly_mute,1,1,0
exactly_modest,1,1,0
exactly_magical,1,1,0
exactly_magic,1,0,1
exactly_low-income,1,1,0
exactly_long,1,1,0
exactly_literal,1,0,1
exactly_optimal,1,1,0
exactly_likely,1,1,0
exactly_light,1,1,0
exactly_legal,1,1,0
exactly_lawful,1,1,0
exactly_laughable,1,0,1
exactly_lacking,1,1,0
exactly_knowledgeable,1,1,0
exactly_kind,1,1,0
exactly_keen,1,1,0
exactly_obvious,1,1,0
exactly_orderly,1,1,0
exactly_insane,1,1,0
exactly_positive,1,1,0
exactly_radical,1,1,0
exactly_quick,1,1,0
exactly_queer,1,1,0
exactly_purple,1,1,0
exactly_proud,1,1,0
exactly_proper,1,1,0
exactly_progressive,1,1,0
exactly_precise,1,1,0
exactly_possible,1,1,0
exactly_polite,1,1,0
exactly_orthodox,1,1,0
exactly_polished,1,1,0
exactly_pleasant,1,1,0
exactly_playful,1,1,0
exactly_plausible,1,1,0
exactly_photogenic,1,1,0
exactly_perky,1,1,0
exactly_painless,1,1,0
exactly_overt,1,1,0
exactly_outstanding,1,1,0
exactly_invisible,1,1,0
exactly_indian,1,1,0
exceptionally_narrow,1,1,0
exactly_familiar,1,1,0
exactly_fresh,1,0,1
exactly_fraught,1,1,0
exactly_foreseeable,1,1,0
exactly_fluent,1,1,0
exactly_flattering,1,1,0
exactly_filthy,1,1,0
exactly_feminine,1,1,0
exactly_fast,1,1,0
exactly_fascinating,1,1,0
exactly_false,1,1,0
exactly_full,1,1,0
exactly_fabulous,1,1,0
exactly_euphoric,1,1,0
exactly_equivalent,1,1,0
exactly_enviable,1,1,0
exactly_enthusiastic,1,1,0
exactly_enlightening,1,1,0
exactly_electrifying,1,1,0
exactly_edifying,1,1,0
exactly_eager,1,1,0
exactly_fuel-efficient,1,1,0
exactly_funny,1,1,0
exactly_impressive,1,1,0
exactly_homey,1,1,0
exactly_illegal,1,0,1
exactly_iconic,1,0,1
exactly_human,1,1,0
exactly_hot,1,1,0
exactly_hostile,1,1,0
exactly_horrifying,1,1,0
exactly_horizontal,1,1,0
exactly_hopeless,1,1,0
exactly_honest,1,1,0
exactly_hip,1,1,0
exactly_gay,1,1,0
exactly_hefty,1,1,0
exactly_healthy,1,1,0
exactly_harmonious,1,1,0
exactly_hard,1,1,0
exactly_handsome,1,1,0
exactly_greek,1,1,0
exactly_genteel,1,1,0
exactly_generous,1,1,0
exactly_generic,1,1,0
exactly_ready,1,1,0
exactly_realistic,1,1,0
exactly_red,1,1,0
exceedingly_intense,1,1,0
exceptionally_american,1,0,1
exceptionally_adept,1,1,0
exceedingly_wealthy,1,1,0
exceedingly_right,1,1,0
exceedingly_rare,1,1,0
exceedingly_powerful,1,1,0
exceedingly_outrageous,1,0,1
exceedingly_offensive,1,1,0
exceedingly_long,1,1,0
exceedingly_high,1,1,0
exceptionally_astute,1,0,1
exceedingly_foolish,1,1,0
exceedingly_fancy,1,0,1
exceedingly_broad,1,1,0
exceedingly_bad,1,1,0
exactly_worthy,1,1,0
exactly_worried,1,1,0
exactly_wonderful,1,1,0
exactly_white,1,1,0
exactly_welcome,1,1,0
exceptionally_astonishing,1,0,1
exceptionally_authentic,1,1,0
exactly_relaxed,1,1,0
exceptionally_favorable,1,0,1
exceptionally_lucky,1,1,0
exceptionally_low,1,1,0
exceptionally_interesting,1,0,1
exceptionally_important,1,1,0
exceptionally_human,1,0,1
exceptionally_homophobic,1,0,1
exceptionally_heinous,1,1,0
exceptionally_graphic,1,0,1
exceptionally_gay,1,0,1
exceptionally_fantastic,1,1,0
exceptionally_bad,1,1,0
exceptionally_extraordinary,1,0,1
exceptionally_exciting,1,1,0
exceptionally_energetic,1,1,0
exceptionally_disturbing,1,0,1
exceptionally_cohesive,1,1,0
exceptionally_clever,1,0,1
exceptionally_challenging,1,1,0
exceptionally_cautious,1,1,0
exceptionally_beautiful,1,1,0
exactly_wealthy,1,1,0
exactly_user-friendly,1,1,0
exactly_useful,1,1,0
exactly_self-explanatory,1,1,0
exactly_standard,1,1,0
exactly_spot-on,1,1,0
exactly_smooth,1,1,0
exactly_slow,1,1,0
exactly_sloppy,1,1,0
exactly_skimpy,1,1,0
exactly_simple,1,1,0
exactly_short,1,1,0
exactly_shocking,1,1,0
exactly_secure,1,1,0
exactly_unwilling,1,1,0
exactly_scientific,1,1,0
exactly_scary,1,1,0
exactly_savory,1,1,0
exactly_satisfied,1,1,0
exactly_rife,1,1,0
exactly_revelatory,1,1,0
exactly_responsible,1,1,0
exactly_representative,1,1,0
exactly_repetitive,1,1,0
exactly_static,1,1,0
exactly_strange,1,1,0
exactly_strong,1,1,0
exactly_suitable,1,1,0
exactly_unreadable,1,1,0
exactly_unprecedented,1,1,0
exactly_uninteresting,1,1,0
exactly_unhappy,1,1,0
exactly_undiscovered,1,1,0
exactly_uncommon,1,1,0
exactly_typical,1,1,0
exactly_tolerant,1,1,0
exactly_tight,1,1,0
exactly_theatrical,1,1,0
exactly_terse,1,1,0
exactly_tasteful,1,1,0
exactly_tactful,1,1,0
exactly_taboo,1,1,0
exactly_synonymous,1,1,0
exactly_sympathetic,1,1,0
exactly_sweeping,1,1,0
exactly_surprised,1,1,0
exactly_superhuman,1,1,0
explicitly_raunchy,1,1,0
explicitly_redundant,1,1,0
explicitly_regional,1,0,1
federally_endangered,1,1,0
fiercely_intolerant,1,1,0
fiercely_ambitious,1,1,0
fiercely_adaptable,1,1,0
fiendishly_triumphant,1,0,1
fiendishly_intelligent,1,1,0
ferociously_scary,1,1,0
ferociously_dead,1,0,1
ferociously_competitive,1,1,0
ferociously_boring,1,1,0
fatally_nihilistic,1,1,0
fiercely_vocal,1,1,0
fatally_incriminating,1,0,1
fatally_flawed,1,1,0
fatally_dispiriting,1,0,1
fatally_damaging,1,1,0
fast_simple,1,0,1
fast_responsible,1,1,0
fast_ok,1,1,0
fashionably_minimalistic,1,1,0
farther_distant,1,1,0
fiercely_protective,1,0,1
finally_believable,1,1,0
far_smaller,1,1,0
finally_willing,1,1,0
financially_easier,1,1,0
financially_dicey,1,1,0
financially_delinquent,1,1,0
financially_complicated,1,0,1
financially_challenging,1,1,0
financially_bad,1,0,1
financially_alarming,1,1,0
financially_accurate,1,1,0
financially_accountable,1,1,0
finally_satisfying,1,1,0
finally_capable,1,1,0
finally_satisfied,1,1,0
finally_satisfactory,1,1,0
finally_safe,1,1,0
finally_honest,1,1,0
finally_free,1,1,0
finally_famous,1,1,0
finally_enough,1,1,0
finally_convincing,1,1,0
finally_certain,1,1,0
far_underground,1,1,0
far_right,1,0,1
explicitly_right,1,1,0
fairly_straightforward,1,1,0
falsely_romantic,1,1,0
falsely_nostalgic,1,0,1
falsely_frightening,1,1,0
falsely_enthusiastic,1,1,0
falsely_acceptable,1,1,0
fairly_timeless,1,1,0
fairly_sure,1,1,0
fairly_sufficient,1,1,0
fairly_strong,1,0,1
fairly_simple,1,1,0
falsely_titillating,1,1,0
fairly_similar,1,0,1
fairly_predictable,1,1,0
fairly_positive,1,1,0
fairly_perfect,1,1,0
fairly_new,1,0,1
fairly_insulting,1,1,0
fairly_high,1,0,1
fairly_formulaic,1,0,1
fairly_easy,1,1,0
falsely_sentimental,1,1,0
falsely_uplifting,1,1,0
far_ready,1,1,0
far_available,1,1,0
far_off,1,1,0
far_less,1,0,1
far_interested,1,1,0
far_faster,1,0,1
far_different,1,1,0
far_comparable,1,1,0
far_closer,1,1,0
far_blue,1,1,0
far_bigger,1,1,0
far_advanced,1,1,0
famously_grumpy,1,1,0
far_absent,1,1,0
fantastically_unlikely,1,1,0
fantastically_successful,1,0,1
fantastically_special,1,0,1
fantastically_right,1,0,1
fantastically_remote,1,1,0
fantastically_magic,1,0,1
fantastically_difficult,1,1,0
fantastically_british,1,1,0
financially_efficient,1,1,0
financially_eligible,1,1,0
financially_fit,1,1,0
formally_german,1,1,0
formally_transcendent,1,0,1
formally_religious,1,1,0
formally_radical,1,1,0
formally_qualified,1,1,0
formally_privileged,1,1,0
formally_outrageous,1,0,1
formally_irrational,1,0,1
formally_involved,1,1,0
formally_interesting,1,1,0
formally_complex,1,1,0
frankly_cancerous,1,1,0
formally_anti-semitic,1,1,0
formally_anonymous,1,1,0
formally_ambitious,1,1,0
formally_adventurous,1,1,0
formally_absolute,1,1,0
forever_lasting,1,1,0
forever_jaded,1,0,1
forever_free,1,1,0
forever_doomed,1,1,0
formally_valid,1,1,0
frankly_clear,1,1,0
financially_functional,1,1,0
frighteningly_expensive,1,0,1
frustratingly_quiet,1,1,0
frustratingly_opaque,1,1,0
frustratingly_hard,1,1,0
frustratingly_frantic,1,1,0
frightfully_original,1,0,1
frightfully_fun,1,1,0
frighteningly_unattractive,1,1,0
frighteningly_remote,1,1,0
frighteningly_obvious,1,1,0
frighteningly_evident,1,1,0
frankly_erotic,1,1,0
frighteningly_cold,1,1,0
frequently_observable,1,1,0
frequently_lethal,1,1,0
frequently_awkward,1,1,0
freely_accessible,1,1,0
freakishly_short,1,1,0
freakishly_good,1,0,1
frankly_thematic,1,1,0
frankly_technical,1,0,1
forever_dead,1,0,1
forever_abundant,1,1,0
flawlessly_total,1,1,0
financially_realistic,1,1,0
firmly_committed,1,1,0
financially_wrong,1,0,1
financially_unaffordable,1,1,0
financially_tenable,1,1,0
financially_sound,1,1,0
financially_sophisticated,1,1,0
financially_solid,1,1,0
financially_self-sufficient,1,1,0
financially_robust,1,1,0
financially_prudent,1,1,0
flagrantly_sentimental,1,1,0
financially_productive,1,1,0
financially_motivated,1,1,0
financially_missing,1,0,1
financially_lucrative,1,1,0
financially_involved,1,1,0
financially_insecure,1,1,0
financially_impactful,1,1,0
financially_healthy,1,1,0
financially_healthier,1,1,0
firmly_final,1,0,1
firmly_organic,1,1,0
firmly_related,1,1,0
first_aware,1,1,0
flagrantly_raunchy,1,0,1
flagrantly_bad,1,0,1
fittingly_simple,1,1,0
fiscally_unbalanced,1,1,0
fiscally_sensible,1,0,1
fiscally_self-sufficient,1,1,0
fiscally_possible,1,1,0
fiscally_positive,1,0,1
fiscally_normal,1,1,0
fiscally_impossible,1,1,0
fiscally_costly,1,1,0
fiscally_able,1,1,0
first_popular,1,1,0
first_physical,1,1,0
first_obvious,1,1,0
first_lethal,1,1,0
first_gay,1,1,0
first_evident,1,1,0
first_enough,1,1,0
fairly_dreadful,1,0,1
fairly_decent,1,1,0
fairly_common,1,0,1
extremely_appealing,1,1,0
extremely_cloudy,1,1,0
extremely_clever,1,0,1
extremely_casual,1,1,0
extremely_busy,1,1,0
extremely_bubbly,1,0,1
extremely_bright,1,1,0
extremely_beautiful,1,0,1
extremely_attractive,1,1,0
extremely_appreciative,1,1,0
extremely_ambitious,1,1,0
extremely_cool,1,1,0
extremely_amazing,1,1,0
extremely_adventurous,1,1,0
extremely_abusive,1,1,0
extravagantly_valuable,1,0,1
extravagantly_imaginative,1,0,1
extravagantly_expensive,1,1,0
extravagantly_detailed,1,1,0
extravagantly_brutal,1,1,0
extraordinarily_unfortunate,1,0,1
extremely_convenient,1,1,0
extremely_costly,1,1,0
extremely_famous,1,1,0
extremely_eager,1,0,1
extremely_extroverted,1,1,0
extremely_explicit,1,0,1
extremely_experimental,1,1,0
extremely_exotic,1,0,1
extremely_exclusive,1,1,0
extremely_embarrassing,1,0,1
extremely_efficient,1,1,0
extremely_effective,1,1,0
extremely_educated,1,0,1
extremely_dramatic,1,0,1
extremely_creative,1,1,0
extremely_disturbing,1,0,1
extremely_disappointed,1,1,0
extremely_different,1,0,1
extremely_demanding,1,1,0
extremely_dejected,1,1,0
extremely_deep,1,1,0
extremely_cut,1,1,0
extremely_cruel,1,1,0
extremely_credible,1,1,0
extraordinarily_superficial,1,0,1
extraordinarily_successful,1,1,0
extraordinarily_remarkable,1,0,1
exquisitely_ludicrous,1,1,0
extra_critical,1,1,0
extra_attractive,1,1,0
extra_annoying,1,1,0
extra_aggravating,1,1,0
externally_visible,1,1,0
externally_consistent,1,1,0
externally_attractive,1,0,1
externally_aggressive,1,1,0
extensively_detailed,1,1,0
exquisitely_beautiful,1,0,1
extraordinarily_profound,1,1,0
exquisitely_bad,1,1,0
explosively_successful,1,1,0
explosively_special,1,0,1
explosively_popular,1,1,0
explosively_new,1,0,1
explicitly_terrible,1,1,0
explicitly_supernatural,1,0,1
explicitly_scary,1,1,0
explicitly_romantic,1,1,0
extra_essential,1,1,0
extra_favorable,1,1,0
extra_horrible,1,1,0
extra_hot,1,1,0
extraordinarily_patient,1,1,0
extraordinarily_original,1,0,1
extraordinarily_memorable,1,0,1
extraordinarily_kind,1,1,0
extraordinarily_impressive,1,0,1
extraordinarily_helpful,1,1,0
extraordinarily_heady,1,0,1
extraordinarily_ferocious,1,1,0
extraordinarily_embarrassing,1,0,1
extraordinarily_different,1,0,1
extraordinarily_deep,1,0,1
extraordinarily_complex,1,1,0
extraordinarily_captivating,1,1,0
extraordinarily_beautiful,1,1,0
extraordinarily_bad,1,1,0
extraordinarily_alarming,1,0,1
extra_widespread,1,1,0
extra_unattractive,1,0,1
extra_important,1,1,0
extremely_fab,1,0,1
extremely_far-fetched,1,1,0
fairly_clear-cut,1,1,0
extremely_surprising,1,0,1
extremely_upfront,1,1,0
extremely_unpleasant,1,1,0
extremely_unexpected,1,0,1
extremely_trivial,1,0,1
extremely_toxic,1,1,0
extremely_tight,1,1,0
extremely_theological,1,1,0
extremely_tall,1,1,0
extremely_talented,1,1,0
extremely_subtle,1,1,0
extremely_vocal,1,1,0
extremely_strict,1,1,0
extremely_steep,1,1,0
extremely_startling,1,0,1
extremely_specific,1,1,0
extremely_smart,1,1,0
extremely_small,1,0,1
extremely_significant,1,1,0
extremely_shady,1,0,1
extremely_severe,1,1,0
extremely_vibrant,1,1,0
extremely_warm,1,0,1
extremely_fit,1,1,0
faintly_modest,1,0,1
faintly_similar,1,0,1
faintly_secure,1,1,0
faintly_romantic,1,0,1
faintly_related,1,1,0
faintly_recognizable,1,1,0
faintly_qualified,1,1,0
faintly_pleasant,1,1,0
faintly_plausible,1,1,0
faintly_outrageous,1,0,1
faintly_fishy,1,1,0
extremely_worried,1,0,1
faintly_erotic,1,0,1
faintly_audible,1,1,0
faintly_amusing,1,0,1
faintly_ambiguous,1,0,1
factually_verifiable,1,1,0
factually_untrue,1,1,0
factually_complete,1,1,0
fabulously_rich,1,1,0
extremly_special,1,0,1
extremely_selfish,1,1,0
extremely_scandalous,1,0,1
extremely_robust,1,1,0
extremely_inappropriate,1,0,1
extremely_low,1,1,0
extremely_likely,1,1,0
extremely_likable,1,0,1
extremely_lightweight,1,0,1
extremely_light,1,1,0
extremely_lazy,1,1,0
extremely_kind,1,1,0
extremely_interested,1,1,0
extremely_intense,1,0,1
extremely_impressed,1,1,0
extremely_rigorous,1,1,0
extremely_immature,1,1,0
extremely_ideological,1,1,0
extremely_huge,1,0,1
extremely_helpful,1,1,0
extremely_gross,1,0,1
extremely_graphic,1,0,1
extremely_fragile,1,1,0
extremely_fortunate,1,1,0
extremely_flawed,1,1,0
extremely_lucrative,1,0,1
extremely_major,1,0,1
extremely_notable,1,1,0
extremely_novel,1,0,1
extremely_rich,1,1,0
extremely_responsive,1,1,0
extremely_receptive,1,1,0
extremely_rare,1,1,0
extremely_profound,1,0,1
extremely_profitable,1,1,0
extremely_present,1,0,1
extremely_possessive,1,1,0
extremely_poor,1,1,0
extremely_plentiful,1,1,0
extremely_pleasing,1,1,0
extremely_pleased,1,1,0
extremely_patient,1,1,0
extremely_painful,1,1,0
extremely_overweight,1,1,0
extremely_outstanding,1,1,0
extremely_off,1,1,0
extremely_odd,1,0,1
extremely_obnoxious,1,1,0
easily_open,1,1,0
easily_obtainable,1,1,0
predictably_rational,1,1,0
anyway_close,1,1,0
anyway_worthy,1,1,0
anyway_responsible,1,1,0
anyway_related,1,0,1
anyway_optimistic,1,1,0
anyway_objectionable,1,0,1
anyway_important,1,1,0
anyway_different,1,1,0
anyway_dangerous,1,1,0
anyway_comparable,1,1,0
anyway_aware,1,1,0
anywhere_interesting,1,1,0
anyway_accidental,1,1,0
anymore_welcome,1,1,0
anymore_unsuitable,1,1,0
anymore_uncertain,1,1,0
anymore_trustworthy,1,1,0
anymore_strategic,1,1,0
anymore_sophisticated,1,0,1
anymore_serene,1,1,0
anymore_likely,1,1,0
anywhere_early,1,1,0
anywhere_more,1,1,0
anymore_illustrious,1,1,0
apparently_enough,1,1,0
apparently_involved,1,1,0
apparently_interested,1,1,0
apparently_improper,1,0,1
apparently_important,1,1,0
apparently_good,1,1,0
apparently_foreign,1,1,0
apparently_farther,1,1,0
apparently_false,1,0,1
apparently_evil,1,1,0
apparently_effective,1,1,0
anywhere_much,1,1,0
apparently_dishonest,1,0,1
apparently_correct,1,1,0
apparently_concerned,1,1,0
apparently_clear,1,1,0
apparently_capable,1,1,0
apparently_biased,1,0,1
apparently_available,1,1,0
apparently_arbitrary,1,1,0
apparently_amiss,1,1,0
anymore_lethal,1,1,0
anymore_fun,1,1,0
amazingly_stellar,1,1,0
annoyingly_corporate,1,0,1
any_darker,1,1,0
any_broader,1,1,0
any_black,1,1,0
annoyingly_small,1,0,1
annoyingly_quirky,1,1,0
annoyingly_preachy,1,1,0
annoyingly_oily,1,1,0
annoyingly_loud,1,1,0
annoyingly_ill,1,1,0
annoyingly_boisterous,1,1,0
any_drier,1,1,0
anatomically_specific,1,1,0
anatomically_simpler,1,1,0
anatomically_disoriented,1,0,1
anatomically_different,1,0,1
anatomically_correct,1,1,0
amusingly_subversive,1,1,0
amusingly_noisy,1,1,0
amusingly_audacious,1,1,0
amusingly_arrogant,1,1,0
any_dirtier,1,1,0
any_dumber,1,1,0
anymore_evident,1,1,0
any_sicker,1,1,0
anymore_effective,1,1,0
anymore_clear,1,1,0
anymore_bored,1,0,1
anymore_amusing,1,1,0
any_weirder,1,1,0
any_taller,1,1,0
any_stiffer,1,1,0
any_smoother,1,1,0
any_slower,1,1,0
any_sharper,1,1,0
any_finer,1,0,1
any_sadder,1,1,0
any_rough,1,1,0
any_prettier,1,1,0
any_poorer,1,1,0
any_nastier,1,1,0
any_lesser,1,1,0
any_harsher,1,1,0
any_funnier,1,1,0
any_friendlier,1,1,0
apparently_irrelevant,1,0,1
apparently_keen,1,1,0
apparently_left,1,0,1
artistically_noteworthy,1,0,1
as_absent,1,1,0
as_abrasive,1,1,0
as_abnormal,1,1,0
artistically_worthy,1,1,0
artistically_true,1,1,0
artistically_sterile,1,1,0
artistically_sexy,1,1,0
artistically_satisfied,1,1,0
artistically_precise,1,1,0
artistically_indulgent,1,0,1
as_absorbing,1,1,0
artistically_ignorant,1,1,0
artistically_beautiful,1,1,0
artistically_admirable,1,1,0
artificially_rigid,1,1,0
artificially_overdone,1,1,0
artificially_manic,1,1,0
artificially_low,1,1,0
artificially_intelligent,1,1,0
artificially_aged,1,1,0
as_absorbent,1,1,0
as_abysmal,1,1,0
apparently_life-threatening,1,0,1
as_altruistic,1,1,0
as_annoyed,1,1,0
as_angular,1,1,0
as_angelic,1,1,0
as_anemic,1,1,0
as_anecdotal,1,1,0
as_analytical,1,1,0
as_amoral,1,1,0
as_amazed,1,1,0
as_amateurish,1,1,0
as_aloof,1,1,0
as_academic,1,0,1
as_alone,1,1,0
as_alcoholic,1,1,0
as_aggravating,1,1,0
as_adult,1,1,0
as_addicting,1,1,0
as_actual,1,1,0
as_acrobatic,1,1,0
as_acidic,1,0,1
as_accustomed,1,1,0
around_worth,1,0,1
around_willing,1,0,1
around_lucrative,1,1,0
apparently_reflective,1,1,0
apparently_trivial,1,0,1
apparently_suspicious,1,0,1
apparently_sufficient,1,1,0
apparently_successful,1,1,0
apparently_smart,1,1,0
apparently_serious,1,0,1
apparently_responsible,1,1,0
apparently_reluctant,1,1,0
apparently_relevant,1,1,0
apparently_ready,1,1,0
around_fast,1,1,0
apparently_parallel,1,0,1
apparently_open,1,1,0
apparently_novel,1,0,1
apparently_noticeable,1,1,0
apparently_negative,1,0,1
apparently_minded,1,0,1
apparently_major,1,1,0
apparently_lush,1,1,0
apparently_limitless,1,1,0
appealingly_innocent,1,1,0
appreciably_dependent,1,1,0
appreciably_different,1,1,0
appreciably_greater,1,1,0
around_electric,1,1,0
around_big,1,0,1
arguably_indicative,1,1,0
arguably_feminist,1,1,0
arguably_efficient,1,1,0
arguably_different,1,0,1
arguably_contrary,1,1,0
architecturally_pure,1,1,0
architecturally_palatable,1,1,0
architecturally_magnificent,1,1,0
architecturally_exciting,1,1,0
architecturally_elegant,1,1,0
architecturally_ambitious,1,1,0
appropriately_suitable,1,1,0
appropriately_intentioned,1,1,0
appreciably_strenuous,1,1,0
appreciably_shorter,1,0,1
appreciably_quicker,1,1,0
appreciably_lower,1,1,0
amusingly_anecdotal,1,0,1
amazingly_spectacular,1,1,0
as_antagonistic,1,1,0
always_certain,1,1,0
always_credible,1,1,0
always_cost-effective,1,1,0
always_constant,1,1,0
always_conscious,1,0,1
always_conducive,1,1,0
always_cognizant,1,1,0
always_clear-cut,1,1,0
always_civil,1,1,0
always_cheap,1,1,0
always_cautious,1,1,0
always_culpable,1,1,0
always_careful,1,1,0
always_busy,1,0,1
always_bright,1,1,0
always_boring,1,1,0
always_bored,1,0,1
always_black,1,1,0
always_bitter,1,1,0
always_benign,1,1,0
always_aware,1,1,0
always_cruel,1,1,0
always_dependent,1,1,0
always_applicable,1,1,0
always_extensive,1,1,0
always_hard,1,1,0
always_gut-wrenching,1,1,0
always_guilty,1,1,0
always_green,1,1,0
always_fruitful,1,1,0
always_forthcoming,1,1,0
always_forbidden,1,1,0
always_fast,1,1,0
always_false,1,1,0
always_expensive,1,1,0
always_depressed,1,1,0
always_expansive,1,1,0
always_evident,1,1,0
always_entertaining,1,1,0
always_elusive,1,0,1
always_economical,1,1,0
always_easier,1,1,0
always_eager,1,1,0
always_difficult,1,1,0
always_different,1,1,0
always_attainable,1,1,0
always_apparent,1,1,0
amazingly_scary,1,0,1
altogether_novel,1,0,1
altogether_sober,1,1,0
altogether_simple,1,1,0
altogether_serious,1,1,0
altogether_satisfactory,1,0,1
altogether_safe,1,1,0
altogether_recognizable,1,1,0
altogether_pleasant,1,1,0
altogether_plausible,1,1,0
altogether_peculiar,1,1,0
altogether_notable,1,0,1
altogether_subject,1,1,0
altogether_memorable,1,1,0
altogether_legal,1,1,0
altogether_irish,1,1,0
altogether_interesting,1,1,0
altogether_intentional,1,1,0
altogether_innocuous,1,1,0
altogether_inaccurate,1,1,0
altogether_impressive,1,1,0
altogether_impersonal,1,1,0
altogether_strange,1,1,0
altogether_sympathetic,1,1,0
always_amiable,1,1,0
altogether_unsuccessful,1,1,0
always_amazing,1,1,0
always_amazed,1,1,0
always_agreeable,1,1,0
always_aggressive,1,1,0
always_afraid,1,1,0
always_advisable,1,1,0
always_absolute,1,1,0
altogether_useless,1,1,0
altogether_unusual,1,0,1
altogether_unpleasant,1,1,0
altogether_trivial,1,1,0
altogether_unnatural,1,1,0
altogether_unimportant,1,1,0
altogether_unfamiliar,1,1,0
altogether_undeserved,1,1,0
altogether_unconscious,1,1,0
altogether_uncommon,1,1,0
altogether_unattractive,1,1,0
altogether_trustworthy,1,1,0
altogether_true,1,1,0
always_harmonious,1,1,0
always_hospitable,1,1,0
always_hot,1,1,0
always_tame,1,1,0
always_unhappy,1,1,0
always_unfair,1,1,0
always_uneasy,1,1,0
always_unavailable,1,1,0
always_trivial,1,1,0
always_transient,1,1,0
always_tolerant,1,1,0
always_tiresome,1,1,0
always_tidy,1,1,0
always_sympathetic,1,1,0
always_unsafe,1,1,0
always_supportive,1,1,0
always_superior,1,1,0
always_subordinate,1,1,0
always_stupid,1,1,0
always_straightforward,1,1,0
always_silent,1,1,0
always_sharp,1,0,1
always_sensitive,1,1,0
always_sensible,1,1,0
always_unique,1,1,0
always_useful,1,1,0
always_humble,1,1,0
amazingly_cool,1,1,0
amazingly_revolting,1,1,0
amazingly_popular,1,1,0
amazingly_pleasant,1,1,0
amazingly_innovative,1,0,1
amazingly_handsome,1,1,0
amazingly_grand,1,1,0
amazingly_good-looking,1,1,0
amazingly_effective,1,1,0
amazingly_cute,1,0,1
amazingly_complex,1,0,1
always_vegan,1,1,0
amazingly_bulky,1,1,0
amazingly_appetizing,1,1,0
amazingly_accurate,1,1,0
always_wonderful,1,1,0
always_wise,1,1,0
always_white,1,1,0
always_wearable,1,1,0
always_warm,1,1,0
always_voluntary,1,1,0
always_secure,1,1,0
always_satisfying,1,1,0
always_rude,1,1,0
always_intuitive,1,1,0
always_lucky,1,1,0
always_lower,1,1,0
always_likable,1,1,0
always_liberal,1,1,0
always_lenient,1,1,0
always_late,1,1,0
always_knowledgeable,1,1,0
always_keen,1,0,1
always_justifiable,1,1,0
always_interesting,1,1,0
always_rigorous,1,1,0
always_interested,1,1,0
always_intelligent,1,1,0
always_innocent,1,1,0
always_inferior,1,1,0
always_incompatible,1,1,0
always_inclusive,1,1,0
always_important,1,1,0
always_imaginative,1,1,0
always_ideal,1,1,0
always_monetary,1,1,0
always_moral,1,1,0
always_negotiable,1,1,0
always_onboard,1,1,0
always_rich,1,1,0
always_respected,1,1,0
always_representative,1,1,0
always_remarkable,1,1,0
always_red,1,1,0
always_psychological,1,1,0
always_proud,1,1,0
always_promising,1,0,1
always_productive,1,1,0
always_predominant,1,1,0
always_practical,1,1,0
always_positive,1,1,0
always_popular,1,1,0
always_playful,1,1,0
always_plausible,1,1,0
always_personal,1,1,0
always_painful,1,1,0
always_overt,1,1,0
always_optimistic,1,1,0
as_anonymous,1,1,0
as_anti-american,1,1,0
altogether_gruesome,1,1,0
as_incompatible,1,1,0
as_ineffectual,1,1,0
as_industrious,1,1,0
as_individual,1,1,0
as_indistinguishable,1,0,1
as_indiscriminate,1,1,0
as_indelible,1,1,0
as_incriminating,1,1,0
as_inconsequential,1,0,1
as_inconclusive,1,1,0
as_incisive,1,1,0
as_inferior,1,1,0
as_incidental,1,1,0
as_inappropriate,1,1,0
as_inane,1,1,0
as_inaccurate,1,1,0
as_impressionable,1,0,1
as_imposing,1,1,0
as_impervious,1,1,0
as_immoral,1,1,0
as_immobile,1,1,0
as_inept,1,1,0
as_infinite,1,0,1
as_immense,1,0,1
as_introspective,1,1,0
as_kinetic,1,1,0
as_killer,1,1,0
as_judgmental,1,1,0
as_jubilant,1,1,0
as_jovial,1,1,0
as_jealous,1,1,0
as_jaded,1,1,0
as_itchy,1,1,0
as_irresistible,1,0,1
as_intoxicating,1,1,0
as_inherent,1,0,1
as_interdisciplinary,1,1,0
as_interchangeable,1,1,0
as_integrated,1,1,0
as_intact,1,0,1
as_insurmountable,1,0,1
as_insipid,1,1,0
as_insensitive,1,1,0
as_inquisitive,1,1,0
as_inhumane,1,1,0
as_imminent,1,1,0
as_immaterial,1,1,0
as_frosty,1,1,0
as_godly,1,1,0
as_gullible,1,1,0
as_groovy,1,1,0
as_grisly,1,1,0
as_gregarious,1,1,0
as_greedy,1,1,0
as_greasy,1,1,0
as_grave,1,0,1
as_grander,1,1,0
as_grainy,1,1,0
as_glum,1,1,0
as_handmade,1,1,0
as_gleeful,1,1,0
as_gigantic,1,1,0
as_giddy,1,1,0
as_ghastly,1,1,0
as_generic,1,1,0
as_general,1,1,0
as_gaudy,1,0,1
as_galling,1,0,1
as_fruitless,1,1,0
as_gung,1,1,0
as_hapless,1,1,0
as_illicit,1,1,0
as_humbled,1,1,0
as_illegitimate,1,1,0
as_identifiable,1,1,0
as_identical,1,1,0
as_icky,1,0,1
as_hysterical,1,1,0
as_hypocritical,1,1,0
as_hyper,1,1,0
as_hygienic,1,1,0
as_humiliating,1,1,0
as_humble,1,0,1
as_hardline,1,1,0
as_horrified,1,1,0
as_homely,1,0,1
as_hellish,1,1,0
as_heartless,1,1,0
as_heartfelt,1,1,0
as_heartening,1,1,0
as_haunting,1,1,0
as_hateful,1,0,1
as_hardworking,1,1,0
as_kinky,1,0,1
as_lame,1,0,1
as_lax,1,1,0
as_obtainable,1,1,0
as_opinionated,1,1,0
as_open-ended,1,0,1
as_onerous,1,1,0
as_omnipresent,1,1,0
as_omnipotent,1,1,0
as_old-school,1,1,0
as_okay,1,1,0
as_official,1,1,0
as_offbeat,1,1,0
as_obscure,1,1,0
as_optimal,1,1,0
as_obligatory,1,1,0
as_nutritional,1,1,0
as_numb,1,1,0
as_nourishing,1,1,0
as_nonsensical,1,1,0
as_non-partisan,1,1,0
as_non-existent,1,1,0
as_nihilistic,1,0,1
as_nifty,1,1,0
as_opposite,1,1,0
as_oriented,1,1,0
as_lenient,1,0,1
as_pedestrian,1,1,0
as_pompous,1,1,0
as_plausible,1,1,0
as_placid,1,1,0
as_philosophical,1,1,0
as_phenomenal,1,1,0
as_petrified,1,1,0
as_pertinent,1,1,0
as_permeable,1,1,0
as_perishable,1,1,0
as_pedantic,1,0,1
as_ornate,1,0,1
as_patriotic,1,1,0
as_particular,1,1,0
as_participatory,1,1,0
as_paradoxical,1,1,0
as_painstaking,1,1,0
as_overwhelmed,1,1,0
as_overdone,1,1,0
as_overblown,1,0,1
as_orthodox,1,1,0
as_neutral,1,1,0
as_nerve-wracking,1,1,0
as_nerve-racking,1,1,0
as_macabre,1,1,0
as_medieval,1,1,0
as_measurable,1,1,0
as_meager,1,1,0
as_masculine,1,1,0
as_marginal,1,1,0
as_mandatory,1,1,0
as_manageable,1,0,1
as_maintainable,1,1,0
as_magnetic,1,1,0
as_lurid,1,1,0
as_nerdy,1,0,1
as_ludicrous,1,1,0
as_lucid,1,1,0
as_loveable,1,1,0
as_lousy,1,1,0
as_livable,1,1,0
as_listenable,1,1,0
as_lifelike,1,0,1
as_life-threatening,1,1,0
as_less,1,1,0
as_meditative,1,1,0
as_meh,1,1,0
as_mellow,1,1,0
as_merciful,1,1,0
as_needy,1,1,0
as_nebulous,1,0,1
as_native,1,1,0
as_nationalist,1,1,0
as_narcissistic,1,1,0
as_mystical,1,1,0
as_muscular,1,1,0
as_multifaceted,1,1,0
as_mortified,1,1,0
as_morbid,1,1,0
as_monogamous,1,1,0
as_modest,1,1,0
as_moderate,1,1,0
as_misguided,1,1,0
as_miniscule,1,1,0
as_minimalist,1,1,0
as_mind-boggling,1,0,1
as_mind-blowing,1,1,0
as_militaristic,1,1,0
as_frugal,1,1,0
as_frightful,1,0,1
as_anti-democratic,1,1,0
as_cartoonish,1,0,1
as_chilly,1,1,0
as_chewy,1,0,1
as_cheesy,1,0,1
as_cheeky,1,1,0
as_cheaper,1,0,1
as_characteristic,1,1,0
as_cerebral,1,1,0
as_cavalier,1,1,0
as_cautious,1,1,0
as_caring,1,1,0
as_claustrophobic,1,1,0
as_careless,1,1,0
as_buttery,1,1,0
as_busier,1,1,0
as_burdensome,1,1,0
as_buoyant,1,0,1
as_bumpy,1,1,0
as_bullish,1,1,0
as_bulletproof,1,1,0
as_brown,1,1,0
as_christian,1,1,0
as_cleaner,1,1,0
as_british,1,0,1
as_constructive,1,1,0
as_crappy,1,0,1
as_coy,1,1,0
as_counter-intuitive,1,1,0
as_corrosive,1,1,0
as_correct,1,1,0
as_corny,1,0,1
as_convoluted,1,1,0
as_contrived,1,1,0
as_contemplative,1,1,0
as_conspicuous,1,1,0
as_closed,1,1,0
as_congested,1,1,0
as_configurable,1,0,1
as_conceptual,1,0,1
as_complicit,1,1,0
as_complacent,1,1,0
as_communist,1,1,0
as_cogent,1,0,1
as_clueless,1,1,0
as_cloying,1,1,0
as_brooding,1,1,0
as_brisk,1,1,0
as_frenetic,1,1,0
as_artful,1,1,0
as_averse,1,1,0
as_autonomous,1,1,0
as_authoritarian,1,1,0
as_attuned,1,1,0
as_atrocious,1,0,1
as_atmospheric,1,1,0
as_asleep,1,1,0
as_artsy,1,1,0
as_artificial,1,1,0
as_arousing,1,1,0
as_baffling,1,1,0
as_aromatic,1,1,0
as_arbitrary,1,1,0
as_approachable,1,1,0
as_apprehensive,1,1,0
as_appreciative,1,1,0
as_apathetic,1,1,0
as_anxious,1,1,0
as_antsy,1,1,0
as_antiquated,1,1,0
as_awestruck,1,1,0
as_bankable,1,1,0
as_brief,1,1,0
as_bloodthirsty,1,1,0
as_breezy,1,1,0
as_bountiful,1,1,0
as_boundless,1,1,0
as_bothersome,1,1,0
as_bossy,1,1,0
as_bored,1,1,0
as_booming,1,1,0
as_bogus,1,0,1
as_blurred,1,1,0
as_bloodless,1,1,0
as_bare,1,1,0
as_bloated,1,0,1
as_blessed,1,1,0
as_blase,1,1,0
as_benevolent,1,1,0
as_beholden,1,1,0
as_beguiling,1,1,0
as_beefy,1,1,0
as_bearish,1,1,0
as_baseless,1,1,0
as_criminal,1,1,0
as_crooked,1,1,0
as_crunchy,1,1,0
as_energetic,1,1,0
as_exacting,1,1,0
as_evangelical,1,1,0
as_ephemeral,1,1,0
as_entrenched,1,1,0
as_enthused,1,1,0
as_enterprising,1,1,0
as_enough,1,1,0
as_english,1,1,0
as_engaging,1,1,0
as_endless,1,1,0
as_existential,1,1,0
as_encouraging,1,1,0
as_encompassing,1,1,0
as_enchanting,1,1,0
as_emotive,1,1,0
as_emblematic,1,1,0
as_elated,1,1,0
as_egalitarian,1,1,0
as_ecstatic,1,1,0
as_easygoing,1,1,0
as_excessive,1,1,0
as_exorbitant,1,1,0
as_culpable,1,1,0
as_flaky,1,1,0
as_foundational,1,1,0
as_foul,1,1,0
as_fortuitous,1,0,1
as_formulaic,1,1,0
as_focused,1,1,0
as_flush,1,1,0
as_flirtatious,1,1,0
as_flimsy,1,0,1
as_flawed,1,1,0
as_flagrant,1,1,0
as_experienced,1,1,0
as_finite,1,1,0
as_figurative,1,1,0
as_feminine,1,0,1
as_favourite,1,1,0
as_fatigued,1,1,0
as_fast-paced,1,1,0
as_factual,1,0,1
as_eye-opening,1,1,0
as_exploitative,1,1,0
as_early,1,1,0
as_dystopian,1,0,1
as_dusty,1,1,0
as_deliberate,1,1,0
as_diminutive,1,1,0
as_devoted,1,1,0
as_devoid,1,1,0
as_devious,1,1,0
as_deterministic,1,1,0
as_desolate,1,1,0
as_deranged,1,1,0
as_deplorable,1,0,1
as_demure,1,1,0
as_deleterious,1,1,0
as_dubious,1,1,0
as_dehydrated,1,1,0
as_degrading,1,1,0
as_defensive,1,1,0
as_defenseless,1,1,0
as_decorative,1,1,0
as_damaged,1,1,0
as_customizable,1,1,0
as_curvy,1,1,0
as_cumbersome,1,1,0
as_disagreeable,1,1,0
as_discernible,1,1,0
as_discerning,1,1,0
as_discrete,1,0,1
as_dour,1,1,0
as_dorky,1,1,0
as_dominating,1,1,0
as_dominate,1,1,0
as_domestic,1,0,1
as_diversified,1,1,0
as_distressing,1,0,1
as_distressed,1,1,0
as_distraught,1,1,0
as_distasteful,1,1,0
as_disproportionate,1,1,0
as_disorienting,1,0,1
as_disordered,1,1,0
as_dismissive,1,1,0
as_disjointed,1,1,0
as_disinterested,1,1,0
as_dishonest,1,1,0
as_disgraceful,1,0,1
as_discriminating,1,1,0
altogether_immortal,1,1,0
altogether_good,1,1,0
easily_observable,1,0,1
actually_human,1,1,0
actually_inspiring,1,1,0
actually_insane,1,1,0
actually_innocent,1,1,0
actually_inconsistent,1,0,1
actually_impartial,1,1,0
actually_immortal,1,1,0
actually_imminent,1,1,0
actually_identifiable,1,1,0
actually_hurtful,1,1,0
actually_hostile,1,1,0
actually_intelligent,1,1,0
actually_honest,1,1,0
actually_healthy,1,1,0
actually_harmful,1,0,1
actually_halfway,1,1,0
actually_guilty,1,1,0
actually_glad,1,1,0
actually_general,1,1,0
actually_full,1,1,0
actually_frightening,1,1,0
actually_insurmountable,1,1,0
actually_intuitive,1,1,0
actually_fond,1,1,0
actually_lovely,1,1,0
actually_much,1,1,0
actually_more,1,1,0
actually_momentous,1,0,1
actually_mandatory,1,1,0
actually_malicious,1,1,0
actually_magical,1,0,1
actually_magic,1,0,1
actually_lucid,1,1,0
actually_lower,1,1,0
actually_live,1,1,0
actually_invalid,1,1,0
actually_linear,1,1,0
actually_likable,1,1,0
actually_legal,1,1,0
actually_large,1,1,0
actually_joyous,1,1,0
actually_jewish,1,1,0
actually_irish,1,1,0
actually_involved,1,1,0
actually_invisible,1,1,0
actually_forward,1,1,0
actually_fluent,1,1,0
actually_best,1,1,0
actually_cool,1,1,0
actually_desirable,1,1,0
actually_deadly,1,1,0
actually_cute,1,1,0
actually_current,1,1,0
actually_cuddly,1,1,0
actually_crowded,1,1,0
actually_creative,1,1,0
actually_creamy,1,1,0
actually_courageous,1,1,0
actually_convenient,1,1,0
actually_dirty,1,1,0
actually_contradictory,1,1,0
actually_consistent,1,1,0
actually_considerable,1,0,1
actually_consensual,1,1,0
actually_competitive,1,1,0
actually_comic,1,1,0
actually_comfortable,1,1,0
actually_challenging,1,0,1
actually_capable,1,1,0
actually_destructive,1,1,0
actually_disappointed,1,1,0
actually_flat,1,1,0
actually_enthusiastic,1,1,0
actually_feasible,1,1,0
actually_fair,1,1,0
actually_extraordinary,1,1,0
actually_extinct,1,1,0
actually_exotic,1,1,0
actually_exclusive,1,1,0
actually_erotic,1,1,0
actually_equal,1,1,0
actually_epic,1,1,0
actually_entertaining,1,1,0
actually_disappointing,1,1,0
actually_english,1,1,0
actually_empty,1,1,0
actually_eligible,1,1,0
actually_efficient,1,1,0
actually_effective,1,1,0
actually_easier,1,1,0
actually_dumb,1,1,0
actually_drinkable,1,1,0
actually_dramatic,1,0,1
actually_mundane,1,1,0
actually_musical,1,1,0
actually_naked,1,1,0
actually_strange,1,1,0
actually_threatening,1,0,1
actually_theological,1,1,0
actually_terrible,1,1,0
actually_technical,1,1,0
actually_tasty,1,1,0
actually_surprised,1,1,0
actually_suitable,1,1,0
actually_sufficient,1,1,0
actually_strong,1,1,0
actually_straight,1,1,0
actually_unbelievable,1,1,0
actually_sterile,1,1,0
actually_square,1,1,0
actually_spontaneous,1,1,0
actually_socialist,1,1,0
actually_smarter,1,1,0
actually_smart,1,1,0
actually_small,1,1,0
actually_slower,1,1,0
actually_sincere,1,1,0
actually_toxic,1,1,0
actually_uncomfortable,1,1,0
actually_national,1,1,0
actually_whole,1,1,0
acutely_embarrassing,1,1,0
acutely_conscious,1,1,0
acutely_apparent,1,1,0
acutely_alive,1,1,0
acutely_alarming,1,1,0
actually_young,1,1,0
actually_worst,1,1,0
actually_worried,1,1,0
actually_wise,1,1,0
actually_wearable,1,1,0
actually_underground,1,1,0
actually_vulnerable,1,1,0
actually_vicious,1,1,0
actually_viable,1,1,0
actually_vegetarian,1,1,0
actually_vegan,1,1,0
actually_unusual,1,0,1
actually_unlimited,1,1,0
actually_unhappy,1,1,0
actually_unemployed,1,1,0
actually_simple,1,1,0
actually_significant,1,1,0
actually_sick,1,1,0
actually_older,1,1,0
actually_pertinent,1,1,0
actually_permanent,1,1,0
actually_passable,1,1,0
actually_pale,1,1,0
actually_painful,1,1,0
actually_own,1,1,0
actually_overweight,1,1,0
actually_outraged,1,1,0
actually_operational,1,1,0
actually_offensive,1,1,0
actually_sexy,1,1,0
actually_observable,1,1,0
actually_obscure,1,0,1
actually_objective,1,1,0
actually_obese,1,1,0
actually_noticeable,1,0,1
actually_normal,1,1,0
actually_nonsense,1,1,0
actually_negative,1,1,0
actually_natural,1,1,0
actually_physical,1,0,1
actually_playable,1,1,0
actually_political,1,1,0
actually_practical,1,1,0
actually_senior,1,1,0
actually_satisfied,1,1,0
actually_sad,1,1,0
actually_sacrosanct,1,0,1
actually_robust,1,1,0
actually_risque,1,1,0
actually_responsive,1,1,0
actually_representative,1,1,0
actually_repeatable,1,1,0
actually_red,1,1,0
actually_realistic,1,1,0
actually_reachable,1,1,0
actually_random,1,1,0
actually_racy,1,0,1
actually_racist,1,0,1
actually_prominent,1,1,0
actually_productive,1,1,0
actually_prepared,1,1,0
actually_prejudiced,1,1,0
actually_brave,1,1,0
actually_beneficial,1,1,0
acutely_obvious,1,1,0
absolutely_evil,1,1,0
absolutely_fearful,1,0,1
absolutely_fastidious,1,1,0
absolutely_fascinating,1,1,0
absolutely_fantastic,1,1,0
absolutely_fake,1,0,1
absolutely_fair,1,1,0
absolutely_exhaustive,1,1,0
absolutely_exciting,1,0,1
absolutely_exact,1,1,0
absolutely_easy,1,1,0
absolutely_great,1,1,0
absolutely_dynamic,1,0,1
absolutely_dull,1,1,0
absolutely_dominant,1,1,0
absolutely_different,1,1,0
absolutely_delectable,1,1,0
absolutely_daft,1,0,1
absolutely_convinced,1,1,0
absolutely_constant,1,1,0
absolutely_concrete,1,0,1
absolutely_futuristic,1,1,0
absolutely_groundbreaking,1,1,0
absolutely_complete,1,1,0
absolutely_negative,1,0,1
absolutely_powerless,1,1,0
absolutely_powerful,1,1,0
absolutely_plain,1,1,0
absolutely_outstanding,1,0,1
absolutely_one-sided,1,1,0
absolutely_objective,1,1,0
absolutely_novel,1,1,0
absolutely_normal,1,1,0
absolutely_non-existent,1,1,0
absolutely_mandatory,1,1,0
absolutely_harmless,1,1,0
absolutely_likable,1,1,0
absolutely_irrelevant,1,1,0
absolutely_intractable,1,0,1
absolutely_insufferable,1,0,1
absolutely_incredible,1,0,1
absolutely_improbable,1,1,0
absolutely_immoral,1,1,0
absolutely_identical,1,1,0
absolutely_hilarious,1,1,0
absolutely_comprehensive,1,1,0
absolutely_comfortable,1,1,0
actually_barren,1,1,0
about_faster,1,0,1
about_segregated,1,1,0
about_safe,1,1,0
about_present,1,1,0
about_pleasing,1,1,0
about_perfect,1,1,0
about_overkill,1,1,0
about_nice,1,1,0
about_more,1,1,0
about_high-quality,1,1,0
about_fancy,1,1,0
about_smooth,1,1,0
about_fair,1,1,0
about_easy,1,1,0
about_discerning,1,1,0
about_daring,1,1,0
about_complex,1,1,0
about_bigger,1,1,0
about_big,1,1,0
about_beautiful,1,1,0
abnormally_small,1,1,0
about_simple,1,0,1
about_true,1,1,0
absolutely_characteristic,1,1,0
above_single,1,1,0
absolutely_captivating,1,1,0
absolutely_awful,1,1,0
absolutely_american,1,1,0
absolutely_alike,1,1,0
absolutely_advanced,1,1,0
absolutely_abnormal,1,1,0
absolutely_able,1,1,0
above_underweight,1,1,0
above_trivial,1,1,0
above_shitty,1,1,0
about_unbearable,1,1,0
above_shallow,1,1,0
above_qualified,1,1,0
above_proficient,1,1,0
above_minimal,1,1,0
above_high,1,1,0
above_generic,1,1,0
above_average,1,1,0
above_amateurish,1,1,0
above_abysmal,1,1,0
absolutely_precise,1,1,0
absolutely_predictable,1,0,1
absolutely_privy,1,1,0
actively_good,1,1,0
actively_sober,1,1,0
actively_sensitive,1,1,0
actively_ready,1,1,0
actively_offensive,1,1,0
actively_macabre,1,1,0
actively_loving,1,1,0
actively_interested,1,1,0
actively_impartial,1,1,0
actively_harmful,1,1,0
actively_conscious,1,1,0
actively_supernatural,1,1,0
actively_bisexual,1,1,0
actively_aware,1,1,0
actively_annoying,1,1,0
actively_afraid,1,1,0
acoustically_live,1,1,0
achingly_vulnerable,1,1,0
achingly_sweet,1,1,0
achingly_conscious,1,1,0
achingly_bittersweet,1,0,1
actively_suicidal,1,1,0
actively_terrible,1,1,0
absolutely_proof,1,1,0
actually_anti-israel,1,1,0
actually_bare,1,1,0
actually_bankrupt,1,1,0
actually_autistic,1,1,0
actually_authentic,1,1,0
actually_audible,1,0,1
actually_attainable,1,1,0
actually_asleep,1,1,0
actually_appropriate,1,1,0
actually_applicable,1,1,0
actually_anonymous,1,1,0
actively_unhappy,1,1,0
actually_angry,1,1,0
actually_amiss,1,1,0
actually_ambitious,1,1,0
actually_affectionate,1,1,0
actually_adequate,1,1,0
actually_achievable,1,1,0
actually_accessible,1,1,0
actually_acceptable,1,1,0
actively_virtuous,1,1,0
achingly_beautiful,1,1,0
accurately_illustrative,1,1,0
accurately_aware,1,1,0
absolutely_static,1,0,1
absolutely_unanimous,1,1,0
absolutely_typical,1,1,0
absolutely_traditional,1,1,0
absolutely_total,1,1,0
absolutely_thrilled,1,1,0
absolutely_surprised,1,1,0
absolutely_sufficient,1,1,0
absolutely_successful,1,1,0
absolutely_stupid,1,1,0
absolutely_standard,1,1,0
accidentally_tolerable,1,1,0
absolutely_spot,1,1,0
absolutely_specific,1,1,0
absolutely_sincere,1,0,1
absolutely_silent,1,1,0
absolutely_separate,1,1,0
absolutely_romantic,1,0,1
absolutely_risk-free,1,1,0
absolutely_reliable,1,0,1
absolutely_relative,1,1,0
absolutely_uncomfortable,1,1,0
absolutely_vital,1,1,0
absurdly_ashamed,1,0,1
absurdly_bad,1,0,1
accidentally_attractive,1,0,1
academically_successful,1,1,0
academically_rigorous,1,1,0
academically_obscure,1,1,0
academically_inclined,1,1,0
academically_great,1,1,0
academically_excellent,1,1,0
academically_clever,1,1,0
academically_brilliant,1,1,0
abysmally_bad,1,1,0
abundantly_thick,1,1,0
abundantly_rich,1,1,0
abundantly_precious,1,1,0
abundantly_intelligent,1,0,1
abundantly_evident,1,1,0
absurdly_wrong,1,1,0
absurdly_unintelligible,1,0,1
absurdly_expensive,1,1,0
absurdly_cartoonish,1,1,0
acutely_expressive,1,1,0
acutely_traumatic,1,0,1
altogether_futile,1,1,0
almost_irrelevant,1,1,0
almost_real,1,0,1
almost_random,1,1,0
almost_psychic,1,1,0
almost_parallel,1,1,0
almost_offensive,1,1,0
almost_nonstop,1,0,1
almost_nonexistent,1,1,0
almost_non-existent,1,1,0
almost_linear,1,1,0
almost_invisible,1,1,0
almost_smooth,1,1,0
almost_inevitable,1,1,0
almost_impenetrable,1,1,0
almost_identical,1,1,0
almost_heartbreaking,1,1,0
almost_grotesque,1,0,1
almost_good,1,1,0
almost_free,1,0,1
almost_formulaic,1,0,1
almost_double,1,1,0
almost_similar,1,1,0
almost_sure,1,1,0
almost_complete,1,1,0
alone_enough,1,1,0
already_comfortable,1,1,0
already_awash,1,1,0
already_anxious,1,1,0
alot_more,1,1,0
along_fine,1,1,0
along_enough,1,1,0
alone_worth,1,1,0
alone_strong,1,1,0
alone_more,1,1,0
alone_adequate,1,1,0
almost_threatening,1,0,1
alone_able,1,1,0
almost_zero,1,1,0
almost_worth,1,1,0
almost_worse,1,1,0
almost_unrecognizable,1,1,0
almost_universal,1,1,0
almost_unimportant,1,1,0
almost_trivial,1,1,0
almost_transcendent,1,0,1
almost_disgraceful,1,0,1
almost_boring,1,0,1
all_phony,1,1,0
all_serious,1,1,0
all_subjective,1,1,0
all_strong,1,1,0
all_strange,1,0,1
all_straightforward,1,0,1
all_straight,1,1,0
all_spicy,1,1,0
all_soft,1,1,0
all_smooth,1,0,1
all_short,1,1,0
all_secondary,1,1,0
all_surprising,1,1,0
all_scientific,1,1,0
all_satisfied,1,1,0
all_sad,1,1,0
all_recognisable,1,1,0
all_real,1,1,0
all_quick,1,1,0
all_pure,1,1,0
all_prudent,1,1,0
all_pro-life,1,1,0
all_substantial,1,1,0
all_susceptible,1,1,0
allegedly_responsible,1,0,1
all_virtuous,1,1,0
allegedly_involved,1,0,1
allegedly_expert,1,1,0
all_yellow,1,1,0
all_workable,1,1,0
all_wonderful,1,1,0
all_willing,1,1,0
all_warm,1,1,0
all_visual,1,1,0
all_visible,1,1,0
all_vacant,1,1,0
all_sweet,1,1,0
all_uptight,1,0,1
all_upset,1,1,0
all_upbeat,1,1,0
all_unrecognizable,1,1,0
all_understaffed,1,1,0
all_thirsty,1,1,0
all_third,1,1,0
all_technical,1,1,0
all_sweeter,1,0,1
already_complete,1,1,0
already_dead,1,1,0
already_double,1,1,0
also_slender,1,1,0
also_usual,1,1,0
also_uneducated,1,1,0
also_undesirable,1,1,0
also_transparent,1,1,0
also_sure,1,1,0
also_sufficient,1,1,0
also_successful,1,1,0
also_strong,1,1,0
also_smart,1,1,0
also_singular,1,1,0
also_wealthy,1,1,0
also_similar,1,1,0
also_rubbish,1,1,0
also_responsible,1,1,0
also_recreational,1,1,0
also_proud,1,1,0
also_proof,1,1,0
also_prone,1,1,0
also_previous,1,1,0
also_pleased,1,1,0
also_vivid,1,1,0
also_welcome,1,1,0
already_illegal,1,1,0
altogether_convenient,1,1,0
altogether_friendly,1,1,0
altogether_foolish,1,1,0
altogether_embarrassing,1,1,0
altogether_effective,1,1,0
altogether_easy,1,1,0
altogether_destitute,1,1,0
altogether_desirable,1,1,0
altogether_dead,1,1,0
altogether_correct,1,1,0
altogether_confident,1,1,0
also_wide,1,1,0
altogether_coherent,1,0,1
altogether_asleep,1,1,0
altogether_appealing,1,1,0
altogether_amusing,1,1,0
altogether_altruistic,1,1,0
altogether_accessible,1,1,0
also_worthwhile,1,1,0
also_worth,1,1,0
also_wild,1,0,1
also_outdated,1,1,0
also_old,1,1,0
also_obvious,1,0,1
also_careful,1,1,0
also_emblematic,1,1,0
also_easy,1,1,0
also_dependent,1,1,0
also_correct,1,1,0
also_concerned,1,1,0
also_compliant,1,1,0
also_cheap,1,1,0
also_certain,1,1,0
also_cautious,1,1,0
also_aware,1,1,0
also_noteworthy,1,1,0
also_amusing,1,1,0
also_able,1,1,0
already_shocked,1,1,0
already_set,1,1,0
already_rare,1,0,1
already_present,1,1,0
already_offensive,1,1,0
already_obvious,1,0,1
already_inherent,1,0,1
also_excellent,1,1,0
also_exhaustive,1,1,0
also_explicit,1,0,1
also_famous,1,1,0
also_negative,1,1,0
also_memorable,1,1,0
also_magical,1,0,1
also_loyal,1,1,0
also_little,1,1,0
also_large,1,1,0
also_keen,1,1,0
also_irish,1,1,0
also_intrusive,1,1,0
also_interesting,1,1,0
also_intelligent,1,1,0
also_inflammatory,1,1,0
also_impressed,1,0,1
also_important,1,0,1
also_huge,1,1,0
also_hard,1,1,0
also_great,1,1,0
also_full,1,1,0
also_fat,1,1,0
all_poor,1,1,0
all_painful,1,1,0
acutely_wrong,1,0,1
again_reliant,1,1,0
again_synonymous,1,1,0
again_surprised,1,1,0
again_suitable,1,1,0
again_static,1,1,0
again_single,1,1,0
again_silent,1,1,0
again_satisfying,1,1,0
again_right,1,1,0
again_responsive,1,1,0
again_prominent,1,1,0
again_unanimous,1,1,0
again_pink,1,1,0
again_overweight,1,1,0
again_other,1,1,0
again_normal,1,1,0
again_loose,1,1,0
again_lonely,1,1,0
again_live,1,1,0
again_likely,1,1,0
again_less,1,1,0
again_troubled,1,1,0
again_unlawful,1,0,1
again_impossible,1,1,0
aggressively_feminine,1,0,1
ago_true,1,1,0
aggressively_stylish,1,1,0
aggressively_secular,1,1,0
aggressively_protective,1,1,0
aggressively_political,1,1,0
aggressively_modern,1,0,1
aggressively_melodic,1,1,0
aggressively_masculine,1,1,0
aggressively_groovy,1,0,1
aggressively_dangerous,1,1,0
again_useful,1,1,0
aggressively_clinical,1,1,0
aggressively_boring,1,1,0
aggressively_bad,1,1,0
again_worthy,1,1,0
again_willing,1,1,0
again_wet,1,1,0
again_welcome,1,1,0
again_vulnerable,1,1,0
again_visible,1,1,0
again_influential,1,1,0
again_important,1,1,0
all_optimistic,1,1,0
adequately_tangy,1,1,0
again_absent,1,1,0
aesthetically_unnecessary,1,1,0
aesthetically_unappealing,1,0,1
aesthetically_offensive,1,1,0
aesthetically_innovative,1,1,0
aesthetically_gratifying,1,0,1
aesthetically_desirable,1,1,0
aesthetically_blunt,1,1,0
aesthetically_acceptable,1,1,0
adequately_specific,1,1,0
again_anxious,1,1,0
adequately_present,1,1,0
adequately_outstanding,1,0,1
adequately_enforceable,1,1,0
adequately_efficient,1,1,0
adequately_aware,1,1,0
adequately_accurate,1,1,0
additionally_wrong,1,0,1
additionally_popular,1,1,0
additionally_critical,1,0,1
again_afraid,1,1,0
again_beholden,1,1,0
again_harsh,1,1,0
again_eligible,1,1,0
again_hard,1,1,0
again_happy,1,1,0
again_guilty,1,1,0
again_greater,1,1,0
again_great,1,1,0
again_glad,1,1,0
again_feasible,1,1,0
again_essential,1,1,0
again_entire,1,1,0
again_discretionary,1,1,0
again_bored,1,1,0
again_costly,1,1,0
again_conducive,1,1,0
again_concerned,1,1,0
again_commensurate,1,1,0
again_closer,1,1,0
again_clean,1,1,0
again_captivating,1,1,0
again_capable,1,1,0
again_brilliant,1,1,0
agonisingly_nerve-wracking,1,0,1
agonizingly_close,1,1,0
agonizingly_sincere,1,0,1
all_glamorous,1,0,1
all_intelligible,1,1,0
all_innocent,1,1,0
all_incongruous,1,0,1
all_inclined,1,1,0
all_impressed,1,1,0
all_homeless,1,1,0
all_hard,1,1,0
all_great,1,1,0
all_graceful,1,0,1
all_fussy,1,1,0
all_legit,1,1,0
all_funny,1,0,1
all_full,1,0,1
all_free,1,1,0
all_foolish,1,1,0
all_flat,1,1,0
all_evil,1,1,0
all_essential,1,1,0
all_equivalent,1,1,0
all_encouraging,1,1,0
all_judgmental,1,1,0
all_legitimate,1,1,0
agonizingly_unappealing,1,1,0
all_nefarious,1,1,0
all_operational,1,1,0
all_open,1,1,0
all_one-sided,1,1,0
all_ok,1,1,0
all_obvious,1,0,1
all_obsessed,1,1,0
all_normal,1,0,1
all_nice,1,1,0
all_neutral,1,1,0
all_neat,1,1,0
all_lesbian,1,1,0
all_muscular,1,0,1
all_muddy,1,1,0
all_much,1,0,1
all_miserable,1,0,1
all_mental,1,1,0
all_memorable,1,1,0
all_lucky,1,1,0
all_lovely,1,1,0
all_liberal,1,1,0
all_empty,1,1,0
all_doomed,1,1,0
all_dirty,1,1,0
all_altruistic,1,1,0
all_bleak,1,1,0
all_bent,1,0,1
all_beneficial,1,1,0
all_beautiful,1,1,0
all_aware,1,1,0
all_awake,1,1,0
all_available,1,0,1
all_asleep,1,1,0
all_anxious,1,1,0
all_active,1,1,0
all_different,1,0,1
all_acceptable,1,1,0
all_able,1,0,1
albeit_illegal,1,0,1
albeit_evocative,1,0,1
alarmingly_unusual,1,0,1
alarmingly_retro,1,1,0
alarmingly_new,1,0,1
alarmingly_low,1,1,0
alarmingly_floral,1,1,0
all_bloated,1,1,0
all_bloody,1,1,0
all_busy,1,1,0
all_buttery,1,1,0
all_detectable,1,1,0
all_desirable,1,1,0
all_dependent,1,0,1
all_deceitful,1,1,0
all_dead,1,1,0
all_dark,1,1,0
all_dangerous,1,1,0
all_damaging,1,1,0
all_current,1,1,0
all_critical,1,1,0
all_crazy,1,0,1
all_correct,1,1,0
all_confident,1,1,0
all_complicated,1,0,1
all_close,1,0,1
all_clever,1,0,1
all_clad,1,1,0
all_christian,1,1,0
all_charitable,1,1,0
as_possessive,1,1,0
as_pragmatic,1,1,0
as_precarious,1,1,0
conventionally_religious,1,0,1
convincingly_innocent,1,1,0
convincingly_enthusiastic,1,1,0
convincingly_enough,1,1,0
convincingly_crazy,1,1,0
convincingly_contrite,1,1,0
convincingly_barren,1,0,1
convincingly_able,1,1,0
conventionally_tragic,1,1,0
conventionally_sexy,1,1,0
conventionally_rational,1,0,1
convincingly_serious,1,1,0
conventionally_pious,1,0,1
conventionally_pathetic,1,1,0
conventionally_official,1,0,1
conventionally_modern,1,1,0
conventionally_listenable,1,1,0
conventionally_likable,1,1,0
conventionally_handsome,1,1,0
conventionally_gorgeous,1,1,0
conventionally_dramatic,1,0,1
convincingly_real,1,1,0
convincingly_significant,1,1,0
conventionally_american,1,1,0
crazily_efficient,1,0,1
creatively_vibrant,1,1,0
creatively_sure,1,1,0
creatively_satisfying,1,1,0
creatively_inspiring,1,1,0
creatively_healthy,1,0,1
crazy_exciting,1,0,1
crazy_complicated,1,0,1
crazy_accurate,1,1,0
crazily_weird,1,1,0
crazily_different,1,0,1
convincingly_southern,1,1,0
crazily_awesome,1,1,0
cosmetically_wrong,1,1,0
cosmetically_indifferent,1,1,0
cosmetically_damaging,1,0,1
cosmetically_classic,1,0,1
correspondingly_easy,1,1,0
coolly_modern,1,1,0
coolly_abstract,1,1,0
convincingly_true,1,1,0
conventionally_comic,1,1,0
conveniently_black,1,1,0
consistently_solid,1,1,0
conspicuously_fashionable,1,1,0
constantly_achievable,1,1,0
conspicuously_significant,1,1,0
conspicuously_right,1,0,1
conspicuously_new,1,0,1
conspicuously_large,1,1,0
conspicuously_international,1,1,0
conspicuously_ideological,1,0,1
conspicuously_huge,1,1,0
conspicuously_geeky,1,1,0
conspicuously_english,1,1,0
constantly_exhausted,1,1,0
consistently_wrong,1,1,0
consistently_worthless,1,1,0
consistently_useful,1,1,0
consistently_unsurprising,1,1,0
consistently_tight,1,1,0
consistently_supportive,1,1,0
consistently_superior,1,1,0
consistently_superb,1,1,0
consistently_stable,1,1,0
constantly_basic,1,1,0
constantly_malicious,1,1,0
conveniently_available,1,1,0
constitutionally_invalid,1,0,1
continuously_positive,1,1,0
continuously_enough,1,0,1
continuously_creamy,1,1,0
continuously_accessible,1,1,0
continually_critical,1,1,0
contextually_adaptable,1,1,0
constitutionally_troubling,1,0,1
constitutionally_suspect,1,0,1
constitutionally_necessary,1,1,0
constitutionally_inappropriate,1,0,1
constantly_satisfied,1,1,0
constitutionally_impossible,1,0,1
constitutionally_feasible,1,1,0
constitutionally_ethical,1,1,0
constitutionally_eligible,1,1,0
constitutionally_deficient,1,1,0
constantly_undulating,1,0,1
constantly_tired,1,1,0
constantly_surprising,1,1,0
constantly_sick,1,1,0
creepily_evil,1,0,1
criminally_culpable,1,0,1
criminally_improper,1,0,1
currently_clear,1,1,0
currently_faster,1,1,0
currently_endemic,1,1,0
currently_eligible,1,1,0
currently_easy,1,1,0
currently_dishonest,1,1,0
currently_compatible,1,1,0
currently_comparable,1,1,0
currently_communist,1,1,0
currently_common,1,1,0
currently_better,1,0,1
currently_forthcoming,1,1,0
currently_armed,1,1,0
currently_apparent,1,1,0
currently_airborne,1,1,0
currently_adequate,1,1,0
curiously_soothing,1,1,0
culturally_western,1,0,1
culturally_universal,1,1,0
culturally_unique,1,0,1
culturally_unaware,1,1,0
currently_feasible,1,1,0
currently_green,1,0,1
criminally_inclined,1,1,0
currently_ready,1,1,0
currently_significant,1,1,0
currently_sick,1,1,0
currently_short,1,1,0
currently_secure,1,1,0
currently_searchable,1,1,0
currently_safe,1,1,0
currently_riskier,1,1,0
currently_reliable,1,1,0
currently_relevant,1,1,0
currently_qualified,1,1,0
currently_homemade,1,1,0
currently_profitable,1,1,0
currently_proficient,1,1,0
currently_popular,1,1,0
currently_obvious,1,1,0
currently_likely,1,1,0
currently_legal,1,1,0
currently_involved,1,1,0
currently_inexpensive,1,1,0
currently_illegal,1,1,0
culturally_transcendent,1,1,0
culturally_subordinate,1,1,0
culturally_sensitive,1,0,1
crucially_important,1,0,1
culturally_aware,1,1,0
culturally_appropriate,1,1,0
culturally_alien,1,0,1
culturally_accurate,1,1,0
crushingly_funny,1,1,0
crushingly_bleak,1,1,0
cruelly_disappointed,1,1,0
cruelly_deceptive,1,1,0
crucially_serious,1,1,0
critically_low,1,1,0
culturally_right,1,1,0
critically_incorrect,1,1,0
critically_hurt,1,1,0
critically_harmful,1,1,0
critically_dependent,1,1,0
critically_cold,1,1,0
criminally_underappreciated,1,1,0
criminally_suspicious,1,0,1
criminally_scandalous,1,0,1
criminally_naive,1,0,1
culturally_captive,1,1,0
culturally_central,1,1,0
culturally_chinese,1,1,0
culturally_christian,1,1,0
culturally_remote,1,1,0
culturally_liberal,1,1,0
culturally_insensitive,1,1,0
culturally_influential,1,0,1
culturally_indian,1,1,0
culturally_inappropriate,1,1,0
culturally_important,1,1,0
culturally_homogeneous,1,1,0
culturally_gay,1,1,0
culturally_free,1,1,0
culturally_enriching,1,0,1
culturally_edifying,1,0,1
culturally_distinctive,1,1,0
culturally_disruptive,1,0,1
culturally_democratic,1,1,0
culturally_correct,1,1,0
culturally_compulsory,1,1,0
culturally_competent,1,1,0
culturally_close,1,1,0
consistently_special,1,0,1
consistently_sharp,1,1,0
currently_third,1,1,0
completely_skeptical,1,1,0
completely_superfluous,1,1,0
completely_subjective,1,1,0
completely_subject,1,1,0
completely_strange,1,1,0
completely_square,1,1,0
completely_speechless,1,1,0
completely_specific,1,1,0
completely_sound,1,1,0
completely_sketchy,1,1,0
completely_similar,1,1,0
completely_sweet,1,1,0
completely_significant,1,1,0
completely_shy,1,1,0
completely_shocking,1,1,0
completely_self-sufficient,1,1,0
completely_self-contained,1,1,0
completely_seamless,1,1,0
completely_sanitary,1,1,0
completely_sad,1,1,0
completely_sacred,1,1,0
completely_sustainable,1,1,0
completely_symbiotic,1,1,0
completely_rotten,1,1,0
completely_unbiased,1,1,0
completely_unified,1,1,0
completely_unforeseen,1,1,0
completely_unfair,1,0,1
completely_underwater,1,1,0
completely_understandable,1,1,0
completely_uncontroversial,1,1,0
completely_unconnected,1,1,0
completely_unclear,1,1,0
completely_uncertain,1,1,0
completely_unbelievable,1,0,1
completely_sympathetic,1,1,0
completely_unavoidable,1,1,0
completely_unafraid,1,1,0
completely_unacceptable,1,1,0
completely_unable,1,1,0
completely_trustworthy,1,1,0
completely_translucent,1,1,0
completely_tired,1,1,0
completely_terrified,1,1,0
completely_synonymous,1,1,0
completely_routine,1,1,0
completely_robust,1,1,0
consistently_secure,1,1,0
completely_okay,1,1,0
completely_overwhelmed,1,1,0
completely_overpowering,1,1,0
completely_overcome,1,1,0
completely_orthodox,1,1,0
completely_organized,1,1,0
completely_organic,1,1,0
completely_opposite,1,1,0
completely_onboard,1,1,0
completely_old-fashioned,1,1,0
completely_offensive,1,0,1
completely_peaceful,1,1,0
completely_obtuse,1,0,1
completely_obsessed,1,1,0
completely_oblivious,1,1,0
completely_obedient,1,1,0
completely_nonchalant,1,1,0
completely_native,1,1,0
completely_narrative,1,1,0
completely_motionless,1,1,0
completely_monogamous,1,1,0
completely_passive,1,1,0
completely_persuasive,1,1,0
completely_righteous,1,1,0
completely_reassuring,1,1,0
completely_revolutionary,1,1,0
completely_reversible,1,1,0
completely_restful,1,1,0
completely_respectable,1,1,0
completely_removable,1,1,0
completely_remote,1,1,0
completely_relevant,1,1,0
completely_regular,1,1,0
completely_recyclable,1,1,0
completely_real,1,1,0
completely_physical,1,1,0
completely_pure,1,1,0
completely_protective,1,1,0
completely_pro-life,1,1,0
completely_privy,1,1,0
completely_present,1,1,0
completely_precise,1,1,0
completely_pleasing,1,1,0
completely_plausible,1,1,0
completely_platonic,1,1,0
completely_uninspired,1,1,0
completely_unintelligible,1,1,0
completely_unjustified,1,1,0
consistently_accurate,1,1,0
consistently_correct,1,1,0
consistently_cordial,1,1,0
consistently_compliant,1,1,0
consistently_compelling,1,1,0
consistently_catchy,1,1,0
consistently_campy,1,1,0
consistently_bonkers,1,1,0
consistently_better,1,1,0
consistently_aggressive,1,1,0
considerably_worse,1,1,0
consistently_difficult,1,1,0
considerably_stronger,1,1,0
considerably_smaller,1,0,1
considerably_memorable,1,1,0
considerably_lengthy,1,1,0
considerably_larger,1,1,0
consciously_unkind,1,1,0
consciously_unjust,1,1,0
consciously_unconscious,1,1,0
consciously_trendy,1,1,0
consistently_different,1,1,0
consistently_excellent,1,1,0
completely_unlikely,1,1,0
consistently_impressed,1,1,0
consistently_satisfactory,1,1,0
consistently_rude,1,1,0
consistently_right,1,1,0
consistently_rewarding,1,1,0
consistently_related,1,1,0
consistently_oblivious,1,1,0
consistently_obedient,1,1,0
consistently_male,1,1,0
consistently_interesting,1,1,0
consistently_hot,1,1,0
consistently_exciting,1,1,0
consistently_hostile,1,1,0
consistently_hilarious,1,1,0
consistently_heavy,1,1,0
consistently_healthy,1,1,0
consistently_greater,1,1,0
consistently_generous,1,1,0
consistently_free,1,1,0
consistently_flamboyant,1,1,0
consistently_fascinating,1,1,0
consciously_suicidal,1,1,0
consciously_sexual,1,1,0
consciously_insane,1,1,0
completely_unworthy,1,0,1
completely_willing,1,1,0
completely_wasteful,1,1,0
completely_vulnerable,1,1,0
completely_voluntary,1,1,0
completely_virtuous,1,1,0
completely_villainous,1,1,0
completely_victorious,1,1,0
completely_useful,1,1,0
completely_upsetting,1,1,0
completely_unwarranted,1,1,0
consciously_guilty,1,1,0
completely_unusual,1,1,0
completely_untrue,1,1,0
completely_unthinkable,1,1,0
completely_unsuccessful,1,1,0
completely_unreasonable,1,1,0
completely_unreachable,1,1,0
completely_unpredictable,1,1,0
completely_unoccupied,1,1,0
completely_unmanageable,1,1,0
completely_wonderful,1,0,1
completely_worth,1,1,0
completely_worthy,1,1,0
completely_wretched,1,1,0
consciously_flamboyant,1,1,0
consciously_evil,1,1,0
consciously_cognizant,1,1,0
consciously_celebratory,1,1,0
consciously_bored,1,1,0
consciously_able,1,1,0
confusingly_similar,1,1,0
conceptually_thorough,1,1,0
conceptually_revolutionary,1,1,0
conceptually_new,1,0,1
conceptually_elegant,1,1,0
conceptually_distant,1,1,0
conceptually_coherent,1,1,0
conceptually_clever,1,1,0
conceptually_clear,1,1,0
compulsively_watchable,1,1,0
compulsively_readable,1,1,0
completely_zero,1,1,0
completely_yellow,1,1,0
currently_sufficient,1,1,0
currently_usable,1,1,0
as_predictive,1,1,0
disproportionately_responsible,1,1,0
distinctively_irish,1,0,1
distinctively_different,1,1,0
distinctively_current,1,0,1
distinctively_comprehensive,1,1,0
distinctively_characteristic,1,1,0
distinctively_canadian,1,0,1
distinctively_australian,1,0,1
distinctively_african,1,0,1
distantly_inhuman,1,1,0
disproportionately_affectionate,1,0,1
distinctively_libertarian,1,0,1
disgustingly_vulgar,1,1,0
disgustingly_sober,1,1,0
disgustingly_healthy,1,1,0
disgustingly_filthy,1,1,0
disgustingly_fat,1,1,0
disastrously_wrong,1,0,1
disastrously_opposite,1,1,0
disastrously_bad,1,1,0
disappointingly_dry,1,1,0
distinctively_lethal,1,0,1
distinctively_light,1,1,0
directly_violent,1,0,1
distinctly_discernible,1,1,0
distressingly_artificial,1,1,0
distinctly_unfair,1,0,1
distinctly_satisfying,1,1,0
distinctly_quiet,1,1,0
distinctly_male,1,1,0
distinctly_jewish,1,0,1
distinctly_individual,1,1,0
distinctly_german,1,0,1
distinctly_french,1,0,1
distinctly_christian,1,0,1
distinctively_lovely,1,1,0
distinctly_catholic,1,0,1
distinctly_aware,1,1,0
distinctly_australian,1,0,1
distinctly_american,1,1,0
distinctly_abundant,1,1,0
distinctively_western,1,0,1
distinctively_tall,1,1,0
distinctively_stylish,1,1,0
distinctively_religious,1,0,1
directly_willing,1,1,0
directly_valuable,1,1,0
devoutly_observant,1,1,0
directly_apparent,1,1,0
directly_damaging,1,1,0
directly_creepy,1,1,0
directly_controversial,1,0,1
directly_contrary,1,1,0
directly_conscious,1,1,0
directly_confrontational,1,1,0
directly_christian,1,0,1
directly_bad,1,0,1
directly_assertive,1,1,0
directly_analogous,1,1,0
directly_guilty,1,1,0
directly_aggressive,1,1,0
directly_abusive,1,1,0
directly_above,1,1,0
directly_able,1,1,0
dimly_visible,1,1,0
dimly_autobiographical,1,0,1
digitally_available,1,1,0
digitally_accessible,1,1,0
diametrically_opposite,1,1,0
directly_effectual,1,1,0
directly_historical,1,1,0
directly_usable,1,0,1
directly_personal,1,0,1
directly_transportable,1,1,0
directly_traceable,1,1,0
directly_subject,1,1,0
directly_self-conscious,1,1,0
directly_revolutionary,1,0,1
directly_relational,1,1,0
directly_racist,1,1,0
directly_preachy,1,1,0
directly_pleasant,1,1,0
directly_oral,1,1,0
directly_hostile,1,1,0
directly_opposite,1,1,0
directly_obscene,1,0,1
directly_next,1,1,0
directly_measurable,1,1,0
directly_meaningful,1,1,0
directly_malicious,1,1,0
directly_life-threatening,1,1,0
directly_interested,1,1,0
directly_informed,1,1,0
disturbingly_clear,1,1,0
disturbingly_gratifying,1,0,1
disturbingly_similar,1,1,0
dreadfully_surprised,1,1,0
easily_believable,1,1,0
easily_avoidable,1,1,0
easily_attainable,1,1,0
easily_adjustable,1,1,0
easily_acceptable,1,1,0
early_enough,1,1,0
early_close,1,1,0
dynamically_effective,1,1,0
duly_aware,1,1,0
dreadfully_practical,1,1,0
easily_bored,1,1,0
dreadfully_pleasing,1,1,0
dreadfully_novel,1,0,1
dreadfully_comfortable,1,1,0
drastically_short,1,1,0
drastically_creative,1,0,1
drastically_bad,1,0,1
dramatically_wonderful,1,0,1
dramatically_weaker,1,1,0
dramatically_valid,1,1,0
easily_black,1,1,0
easily_changeable,1,1,0
divinely_aware,1,1,0
easily_ethereal,1,0,1
easily_mistaken,1,1,0
easily_memorable,1,0,1
easily_maneuverable,1,1,0
easily_manageable,1,1,0
easily_lower,1,1,0
easily_interwoven,1,0,1
easily_friendly,1,1,0
easily_fixable,1,1,0
easily_expendable,1,1,0
easily_downloadable,1,1,0
easily_comparable,1,1,0
easily_discernible,1,1,0
easily_digestible,1,1,0
easily_detectable,1,1,0
easily_customizable,1,1,0
easily_controllable,1,1,0
easily_confused,1,1,0
easily_configurable,1,1,0
easily_conceivable,1,1,0
easily_comprehensible,1,1,0
dramatically_strong,1,1,0
dramatically_solid,1,1,0
dramatically_satisfying,1,1,0
downright_embarrassing,1,1,0
downright_outrageous,1,1,0
downright_odd,1,1,0
downright_oblivious,1,1,0
downright_malicious,1,1,0
downright_humorous,1,1,0
downright_horrible,1,1,0
downright_frustrating,1,1,0
downright_forthright,1,0,1
downright_foolish,1,1,0
downright_effective,1,0,1
dramatically_present,1,1,0
downright_dull,1,1,0
down_worse,1,1,0
down_more,1,1,0
down_lower,1,1,0
down_live,1,1,0
down_deep,1,0,1
doubly_sinful,1,1,0
doubly_careful,1,1,0
double_worried,1,1,0
downright_poetic,1,1,0
downright_primitive,1,0,1
downright_raucous,1,1,0
downright_rude,1,1,0
dramatically_powerful,1,1,0
dramatically_opposite,1,1,0
dramatically_negative,1,0,1
dramatically_necessary,1,1,0
dramatically_important,1,1,0
dramatically_disastrous,1,0,1
dramatically_correct,1,1,0
dramatically_convincing,1,1,0
dramatically_clear-cut,1,1,0
dramatically_believable,1,0,1
dramatically_bad,1,1,0
dramatically_aware,1,1,0
dramatically_autistic,1,1,0
dramatically_apparent,1,1,0
dramatically_amazing,1,0,1
downright_vulgar,1,1,0
downright_unfair,1,1,0
downright_ugly,1,1,0
downright_terrifying,1,1,0
devoutly_thankful,1,0,1
devilishly_charming,1,1,0
currently_valid,1,1,0
deeply_familiar,1,1,0
deeply_insulting,1,1,0
deeply_insightful,1,0,1
deeply_insecure,1,1,0
deeply_injurious,1,1,0
deeply_impressed,1,1,0
deeply_important,1,1,0
deeply_immoral,1,1,0
deeply_ill,1,1,0
deeply_frightening,1,1,0
deeply_dramatic,1,1,0
deeply_offensive,1,0,1
deeply_dissatisfied,1,1,0
deeply_devout,1,1,0
deeply_democratic,1,1,0
deeply_cool,1,0,1
deeply_convincing,1,1,0
deeply_controversial,1,0,1
deeply_conservative,1,1,0
deeply_conscious,1,1,0
deeply_compassionate,1,1,0
deeply_medical,1,0,1
deeply_painful,1,1,0
decidedly_secular,1,1,0
deeply_troubling,1,1,0
definitely_better,1,0,1
definitely_available,1,1,0
definitely_annoying,1,1,0
defiantly_atmospheric,1,1,0
deeply_unpopular,1,0,1
deeply_unnatural,1,0,1
deeply_unhappy,1,1,0
deeply_unattractive,1,1,0
deeply_true,1,1,0
deeply_tenacious,1,0,1
deeply_political,1,1,0
deeply_surprising,1,0,1
deeply_subtle,1,0,1
deeply_striking,1,0,1
deeply_stimulating,1,0,1
deeply_spiritual,1,1,0
deeply_set,1,1,0
deeply_sensual,1,1,0
deeply_satisfying,1,1,0
deeply_profound,1,0,1
decidedly_unwise,1,1,0
decidedly_relevant,1,1,0
developmentally_ready,1,1,0
damn_glad,1,1,0
dangerously_good,1,1,0
dangerously_excessive,1,1,0
dangerously_amiss,1,1,0
dangerously_addictive,1,0,1
damn_wrong,1,1,0
damn_interesting,1,1,0
damn_horny,1,1,0
damn_harder,1,1,0
damn_hard,1,1,0
damn_funny,1,1,0
dangerously_ill,1,1,0
damn_excited,1,1,0
damn_different,1,1,0
damn_cooler,1,1,0
damn_cold,1,1,0
damn_black,1,1,0
damn_awkward,1,0,1
currently_wet,1,1,0
currently_visible,1,1,0
currently_vegan,1,1,0
dangerously_hot,1,1,0
dangerously_illegal,1,0,1
decidedly_good,1,1,0
darkly_efficient,1,1,0
decidedly_creepy,1,1,0
deceptively_convincing,1,1,0
deathly_cold,1,1,0
deathly_afraid,1,1,0
deadly_serious,1,0,1
deadly_afraid,1,1,0
darn_slow,1,1,0
darkly_wide,1,1,0
darkly_paranoid,1,1,0
darkly_comic,1,1,0
dangerously_imbalanced,1,0,1
dangerously_vulnerable,1,1,0
dangerously_unsafe,1,1,0
dangerously_sober,1,1,0
dangerously_sexy,1,0,1
dangerously_political,1,0,1
dangerously_obese,1,1,0
dangerously_naive,1,1,0
dangerously_loose,1,1,0
dangerously_large,1,0,1
definitely_blue,1,1,0
definitely_certain,1,1,0
definitely_comparable,1,1,0
demographically_new,1,0,1
depressingly_alike,1,1,0
densely_populated,1,1,0
demonstrably_wrong,1,0,1
demonstrably_repetitive,1,0,1
demonstrably_effective,1,1,0
demonstrably_better,1,1,0
demonstrably_authentic,1,1,0
demographically_representative,1,1,0
demographically_rare,1,1,0
democratically_responsible,1,1,0
depressingly_common,1,1,0
democratically_bad,1,1,0
democratically_available,1,1,0
democratically_accountable,1,1,0
deliriously_pleased,1,1,0
delightfully_intuitive,1,0,1
delightfully_elegant,1,1,0
delightfully_dangerous,1,0,1
delightfully_buttery,1,0,1
delightfully_aromatic,1,0,1
depressingly_apparent,1,1,0
depressingly_expressive,1,1,0
definitely_curious,1,1,0
desperately_willing,1,0,1
developmentally_immature,1,0,1
developmentally_appropriate,1,1,0
devastatingly_sexy,1,1,0
devastatingly_handsome,1,1,0
devastatingly_desperate,1,1,0
devastatingly_cruel,1,1,0
devastatingly_brilliant,1,1,0
devastatingly_apparent,1,1,0
determinedly_sunny,1,1,0
desperately_showy,1,1,0
depressingly_morbid,1,1,0
desperately_relevant,1,1,0
desperately_monotonous,1,0,1
desperately_loyal,1,1,0
desperately_empty,1,1,0
desperately_eager,1,1,0
desperately_difficult,1,1,0
desperately_depressed,1,1,0
deservedly_popular,1,1,0
depressingly_new,1,1,0
deliciously_unimaginable,1,1,0
deliciously_retro,1,1,0
deliciously_interactive,1,1,0
definitely_sure,1,1,0
definitively_worth,1,1,0
definitively_true,1,1,0
definitively_supernatural,1,0,1
definitively_right,1,1,0
definitively_correct,1,1,0
definitively_better,1,1,0
definitively_bad,1,0,1
definitively_alien,1,0,1
definitely_true,1,1,0
definitely_straight,1,1,0
deliciously_gratifying,1,1,0
definitely_novel,1,0,1
definitely_incorrect,1,1,0
definitely_healthy,1,1,0
definitely_faster,1,1,0
definitely_faint,1,0,1
definitely_entertaining,1,1,0
definitely_dry,1,1,0
definitely_different,1,1,0
definitely_cute,1,1,0
deliberately_abusive,1,1,0
deliberately_complicated,1,0,1
deliberately_detrimental,1,0,1
deliberately_feminine,1,1,0
deliciously_evil,1,1,0
deliciously_enjoyable,1,1,0
deliciously_different,1,0,1
deliciously_absurd,1,1,0
deliberately_wrong,1,1,0
deliberately_vicious,1,1,0
deliberately_unkind,1,0,1
deliberately_rude,1,1,0
deliberately_rough,1,1,0
deliberately_provocative,1,1,0
deliberately_political,1,1,0
deliberately_partisan,1,1,0
deliberately_offensive,1,1,0
deliberately_obscure,1,1,0
deliberately_nasty,1,1,0
deliberately_mean-spirited,1,1,0
deliberately_ironic,1,0,1
deliberately_indifferent,1,1,0
deliberately_fraudulent,1,0,1
completely_mistaken,1,1,0
completely_meek,1,1,0
completely_meaningless,1,1,0
awesomely_weird,1,1,0
back_hideous,1,1,0
back_fat,1,1,0
awkwardly_cold,1,1,0
awfully_young,1,1,0
awfully_strange,1,0,1
awfully_special,1,0,1
awfully_serious,1,0,1
awfully_new,1,0,1
awfully_daring,1,1,0
awesomely_old-school,1,1,0
back_possible,1,1,0
away_open,1,1,0
away_long,1,1,0
automatically_worthy,1,1,0
automatically_villainous,1,1,0
automatically_true,1,1,0
automatically_strong,1,1,0
automatically_strange,1,0,1
automatically_skilled,1,1,0
automatically_right,1,0,1
back_other,1,0,1
backward_compatible,1,1,0
automatically_healthy,1,0,1
barely_imaginable,1,1,0
basically_basic,1,0,1
basically_bad,1,0,1
barely_worth,1,1,0
barely_visible,1,1,0
barely_top,1,1,0
barely_physical,1,1,0
barely_perceptible,1,1,0
barely_passable,1,1,0
barely_legal,1,1,0
barely_funny,1,1,0
backward_stupid,1,1,0
barely_enough,1,0,1
barely_disappointing,1,0,1
barely_different,1,0,1
barely_credible,1,1,0
barely_big,1,1,0
barely_adequate,1,1,0
badly_scared,1,1,0
badly_enough,1,1,0
backwards_stupid,1,1,0
automatically_liberal,1,1,0
automatically_good,1,1,0
as_viable,1,1,0
as_weary,1,0,1
astoundingly_impressive,1,1,0
astoundingly_high,1,1,0
astoundingly_crazy,1,0,1
astonishingly_fruitful,1,1,0
as_wretched,1,0,1
as_worth,1,1,0
as_workable,1,1,0
as_wordy,1,1,0
as_weightless,1,1,0
as_weaker,1,1,0
astronomically_accurate,1,1,0
as_watery,1,1,0
as_watchful,1,1,0
as_wary,1,0,1
as_voracious,1,1,0
as_visionary,1,1,0
as_viscous,1,1,0
as_virulent,1,0,1
as_vindictive,1,1,0
as_villainous,1,1,0
astoundingly_successful,1,1,0
astronomically_greater,1,1,0
automatically_entertaining,1,0,1
authentically_liberal,1,0,1
automatically_elitist,1,0,1
automatically_delightful,1,1,0
automatically_controversial,1,1,0
automatically_available,1,1,0
authentically_whole,1,1,0
authentically_spiritual,1,0,1
authentically_scottish,1,0,1
authentically_religious,1,1,0
authentically_political,1,0,1
authentically_islamic,1,0,1
astronomically_wrong,1,1,0
authentically_hispanic,1,1,0
authentically_gripping,1,1,0
authentically_greek,1,1,0
authentically_french,1,1,0
authentically_conscious,1,1,0
authentically_black,1,0,1
authentically_arab,1,0,1
authentically_angry,1,1,0
authentically_american,1,0,1
basically_beautiful,1,0,1
basically_certain,1,1,0
basically_empty,1,1,0
bitterly_critical,1,1,0
blatantly_accessible,1,1,0
blandly_technical,1,1,0
blandly_optimistic,1,1,0
blandly_conventional,1,0,1
blandly_contemplative,1,1,0
bizarrely_delightful,1,1,0
bizarrely_charismatic,1,1,0
bitterly_partisan,1,1,0
bitterly_disappointed,1,1,0
bitingly_dismissive,1,1,0
blatantly_apparent,1,0,1
bitingly_cruel,1,1,0
bitingly_cold,1,1,0
bit_surprising,1,1,0
bit_convincing,1,1,0
bit_compelling,1,1,0
biologically_separate,1,1,0
biologically_right,1,1,0
biologically_plausible,1,1,0
biologically_female,1,1,0
blatantly_anti-semitic,1,0,1
blatantly_christian,1,0,1
basically_evil,1,0,1
blatantly_mistaken,1,1,0
blatantly_violent,1,1,0
blatantly_unidentified,1,0,1
blatantly_suggestive,1,0,1
blatantly_stupid,1,1,0
blatantly_rude,1,1,0
blatantly_racist,1,1,0
blatantly_pornographic,1,0,1
blatantly_offensive,1,0,1
blatantly_obtuse,1,1,0
blatantly_mean,1,1,0
blatantly_commercial,1,1,0
blatantly_jealous,1,1,0
blatantly_ideological,1,1,0
blatantly_icky,1,0,1
blatantly_helpful,1,1,0
blatantly_gay,1,1,0
blatantly_feminist,1,1,0
blatantly_emotional,1,1,0
blatantly_egregious,1,0,1
blatantly_deceitful,1,1,0
biologically_bad,1,0,1
biologically_adaptive,1,0,1
biblically_correct,1,1,0
beautifully_complex,1,0,1
best_alive,1,1,0
best_acceptable,1,1,0
best_able,1,1,0
below_yellow,1,1,0
beautifully_unified,1,1,0
beautifully_satisfying,1,1,0
beautifully_quaint,1,1,0
beautifully_luminous,1,1,0
beautifully_forlorn,1,0,1
beautifully_boring,1,1,0
beyond_beautiful,1,1,0
basically_willing,1,1,0
basically_unethical,1,0,1
basically_same,1,0,1
basically_right,1,1,0
basically_helpful,1,1,0
basically_good,1,0,1
basically_futuristic,1,1,0
basically_free,1,1,0
basically_experimental,1,0,1
best_applicable,1,1,0
best_disappointed,1,1,0
best_exciting,1,1,0
best_ideal,1,1,0
beyond_achievable,1,1,0
better_tasty,1,0,1
better_satisfied,1,1,0
better_relaxing,1,0,1
better_ready,1,1,0
better_possible,1,0,1
better_orchestrated,1,1,0
better_off,1,1,0
better_impressed,1,1,0
better_high,1,1,0
better_first,1,1,0
better_closer,1,1,0
better_capable,1,1,0
better_better,1,0,1
better_armed,1,1,0
better_acquainted,1,1,0
best_valid,1,1,0
best_treacherous,1,1,0
best_short,1,1,0
as_victorian,1,1,0
as_variable,1,1,0
completely_mean,1,1,0
as_selective,1,1,0
as_single,1,1,0
as_short-sighted,1,1,0
as_shoddy,1,1,0
as_shitty,1,1,0
as_shaky,1,1,0
as_shady,1,0,1
as_self-sufficient,1,1,0
as_self-indulgent,1,1,0
as_self-evident,1,1,0
as_sedentary,1,1,0
as_skittish,1,1,0
as_secret,1,1,0
as_seasoned,1,1,0
as_scrupulous,1,1,0
as_scrumptious,1,1,0
as_schizophrenic,1,1,0
as_sceptical,1,1,0
as_scalable,1,1,0
as_savory,1,1,0
as_sanitary,1,1,0
as_sizable,1,1,0
as_sleazy,1,1,0
as_saddening,1,0,1
as_sought-after,1,1,0
as_spot-on,1,1,0
as_sporty,1,1,0
as_sporadic,1,0,1
as_spoiled,1,1,0
as_specious,1,1,0
as_spartan,1,0,1
as_sparse,1,1,0
as_spare,1,1,0
as_sour,1,0,1
as_solvable,1,1,0
as_sleepy,1,0,1
as_sociable,1,1,0
as_snazzy,1,0,1
as_snarky,1,1,0
as_snappy,1,0,1
as_smitten,1,1,0
as_sly,1,1,0
as_slutty,1,1,0
as_sluggish,1,1,0
as_slim,1,1,0
as_safer,1,1,0
as_ruinous,1,1,0
as_vapid,1,1,0
as_probable,1,0,1
as_rabid,1,1,0
as_quotable,1,1,0
as_queer,1,0,1
as_purposeful,1,0,1
as_punitive,1,1,0
as_punctual,1,1,0
as_psychotic,1,1,0
as_psyched,1,1,0
as_profane,1,0,1
as_proactive,1,1,0
as_reactive,1,1,0
as_pro-active,1,1,0
as_prized,1,1,0
as_principled,1,1,0
as_pressing,1,1,0
as_presentable,1,1,0
as_prescriptive,1,1,0
as_prepared,1,1,0
as_pregnant,1,0,1
as_predisposed,1,1,0
as_radiant,1,1,0
as_reasonable,1,1,0
as_rubbish,1,1,0
as_resistant,1,1,0
as_roomy,1,0,1
as_rocky,1,1,0
as_rife,1,1,0
as_reverent,1,1,0
as_revered,1,1,0
as_retro,1,1,0
as_retarded,1,0,1
as_restful,1,1,0
as_respectful,1,1,0
as_reserved,1,1,0
as_receptive,1,1,0
as_representative,1,1,0
as_replete,1,1,0
as_replaceable,1,0,1
as_repetitive,1,1,0
as_reluctant,1,1,0
as_relentless,1,1,0
as_relative,1,1,0
as_related,1,1,0
as_regimented,1,1,0
as_staggering,1,1,0
as_stately,1,1,0
as_steamy,1,1,0
as_understated,1,1,0
as_unimportant,1,1,0
as_unhinged,1,1,0
as_unhelpful,1,1,0
as_unfettered,1,1,0
as_unfathomable,1,1,0
as_unfair,1,0,1
as_uneventful,1,1,0
as_unequal,1,1,0
as_underwhelming,1,1,0
as_undeniable,1,0,1
as_uninspiring,1,0,1
as_uncontroversial,1,1,0
as_uncontrollable,1,0,1
as_uncanny,1,0,1
as_unbreakable,1,1,0
as_unbearable,1,1,0
as_unbalanced,1,1,0
as_unattainable,1,1,0
as_unapologetic,1,1,0
as_unanimous,1,1,0
as_uninspired,1,1,0
as_unknown,1,1,0
as_sticky,1,0,1
as_untouchable,1,1,0
as_valiant,1,1,0
as_vague,1,1,0
as_utopian,1,1,0
as_utilitarian,1,0,1
as_usable,1,1,0
as_upright,1,1,0
as_unwilling,1,1,0
as_unwell,1,1,0
as_unwanted,1,1,0
as_untenable,1,1,0
as_unlikeable,1,1,0
as_unsympathetic,1,1,0
as_unstoppable,1,1,0
as_unseemly,1,0,1
as_unsatisfactory,1,1,0
as_unrelated,1,1,0
as_unproven,1,1,0
as_unprofessional,1,1,0
as_unnecessary,1,0,1
as_unlucky,1,1,0
as_unambiguous,1,1,0
as_unacceptable,1,1,0
as_typical,1,1,0
as_sunny,1,1,0
as_tactful,1,1,0
as_symmetrical,1,1,0
as_sweaty,1,1,0
as_suspicious,1,1,0
as_suspect,1,0,1
as_surgical,1,1,0
as_supernatural,1,1,0
as_superficial,1,1,0
as_superb,1,1,0
as_sumptuous,1,0,1
as_twisted,1,0,1
as_succulent,1,0,1
as_subversive,1,1,0
as_subordinate,1,1,0
as_subjective,1,1,0
as_stunned,1,1,0
as_strategic,1,1,0
as_storied,1,0,1
as_stoic,1,1,0
as_stingy,1,1,0
as_tactical,1,1,0
as_tangible,1,1,0
as_tangy,1,1,0
as_tannic,1,1,0
as_truthful,1,1,0
as_trustworthy,1,1,0
as_tropical,1,1,0
as_triumphant,1,1,0
as_tribal,1,1,0
as_treacherous,1,1,0
as_trashy,1,1,0
as_transportable,1,1,0
as_touchy,1,1,0
as_touching,1,1,0
as_total,1,1,0
as_torturous,1,0,1
as_thirsty,1,1,0
as_thankless,1,1,0
as_terse,1,0,1
as_territorial,1,1,0
as_tense,1,1,0
as_temperamental,1,1,0
as_targeted,1,1,0
blatantly_visible,1,0,1
blazingly_counterintuitive,1,1,0
blazingly_overwhelming,1,1,0
completely_adorable,1,1,0
completely_authentic,1,1,0
completely_attentive,1,1,0
completely_attainable,1,1,0
completely_appropriate,1,0,1
completely_apolitical,1,1,0
completely_american,1,1,0
completely_alive,1,1,0
completely_alike,1,1,0
completely_airtight,1,1,0
completely_accidental,1,1,0
completely_automatic,1,1,0
completely_absurd,1,1,0
competitively_valid,1,1,0
compellingly_revolting,1,0,1
compellingly_odd,1,1,0
compellingly_fresh,1,1,0
comparatively_mild,1,1,0
comparatively_effortless,1,1,0
comparatively_close,1,0,1
comparably_successful,1,1,0
completely_automated,1,0,1
completely_autonomous,1,1,0
comparably_interesting,1,0,1
completely_british,1,1,0
completely_coherent,1,1,0
completely_clueless,1,1,0
completely_closed,1,1,0
completely_circular,1,1,0
completely_chinese,1,1,0
completely_childlike,1,1,0
completely_chemical,1,1,0
completely_cheesy,1,1,0
completely_catastrophic,1,0,1
completely_bothersome,1,1,0
completely_averse,1,1,0
completely_boring,1,1,0
completely_bonkers,1,0,1
completely_blind,1,1,0
completely_bizarre,1,1,0
completely_better,1,1,0
completely_benign,1,1,0
completely_beholden,1,1,0
completely_bald,1,1,0
completely_awkward,1,1,0
comparably_revealing,1,0,1
comparably_fine,1,0,1
blazingly_sensual,1,1,0
clinically_objective,1,1,0
coldly_aloof,1,1,0
cognitively_sophisticated,1,1,0
cognitively_complicated,1,0,1
closely_familiar,1,1,0
closely_comparable,1,1,0
clinically_widespread,1,1,0
clinically_underweight,1,1,0
clinically_strange,1,0,1
clinically_sick,1,1,0
clinically_obese,1,1,0
coldly_minimalist,1,1,0
clinically_meaningful,1,1,0
clinically_ill,1,1,0
clinically_detailed,1,1,0
clinically_demented,1,1,0
clinically_crazy,1,1,0
clinically_complex,1,1,0
clinically_apparent,1,1,0
cleverly_subversive,1,1,0
clearly_unlawful,1,1,0
coldly_efficient,1,1,0
coldly_objective,1,1,0
comparably_disastrous,1,1,0
commercially_odd,1,0,1
comparably_convincing,1,1,0
comparably_chatty,1,1,0
commonly_related,1,1,0
commercially_useful,1,0,1
commercially_unreasonable,1,1,0
commercially_savvy,1,1,0
commercially_reasonable,1,1,0
commercially_practical,1,1,0
commercially_popular,1,1,0
commercially_correct,1,1,0
coldly_precise,1,1,0
comically_smart,1,0,1
comically_rife,1,1,0
comically_inept,1,1,0
comically_grotesque,1,1,0
comically_frustrated,1,1,0
comically_crude,1,1,0
comically_big,1,1,0
comfortably_user-friendly,1,1,0
comfortably_satisfied,1,1,0
completely_committed,1,1,0
completely_commonplace,1,1,0
completely_competent,1,0,1
completely_illegal,1,1,0
completely_inefficient,1,1,0
completely_individual,1,1,0
completely_inconsistent,1,1,0
completely_incompetent,1,1,0
completely_inappropriate,1,1,0
completely_inactive,1,1,0
completely_impulsive,1,1,0
completely_impolite,1,1,0
completely_impartial,1,1,0
completely_hungry,1,1,0
completely_innate,1,1,0
completely_horrible,1,0,1
completely_hopeless,1,1,0
completely_holy,1,1,0
completely_hideous,1,1,0
completely_harmonious,1,1,0
completely_hard,1,0,1
completely_groundless,1,1,0
completely_groundbreaking,1,0,1
completely_great,1,1,0
completely_inept,1,1,0
completely_innovative,1,1,0
completely_constant,1,1,0
completely_legible,1,1,0
completely_matte,1,1,0
completely_masterful,1,1,0
completely_manual,1,1,0
completely_manifest,1,1,0
completely_magical,1,1,0
completely_loathsome,1,1,0
completely_live,1,1,0
completely_limp,1,1,0
completely_likable,1,1,0
completely_knowledgeable,1,1,0
completely_inoffensive,1,1,0
completely_irreversible,1,1,0
completely_irrelevant,1,1,0
completely_invulnerable,1,1,0
completely_introverted,1,1,0
completely_intimate,1,1,0
completely_interested,1,1,0
completely_interchangeable,1,1,0
completely_insurmountable,1,1,0
completely_insular,1,1,0
completely_genetic,1,1,0
completely_functional,1,1,0
completely_frightened,1,1,0
completely_detrimental,1,1,0
completely_efficient,1,1,0
completely_dysfunctional,1,1,0
completely_dumb,1,1,0
completely_dull,1,1,0
completely_drunk,1,1,0
completely_distinct,1,1,0
completely_disingenuous,1,1,0
completely_disillusioned,1,1,0
completely_disappointing,1,1,0
completely_desirable,1,1,0
completely_friendly,1,1,0
completely_deserving,1,1,0
completely_depressing,1,1,0
completely_definitive,1,0,1
completely_decrepit,1,1,0
completely_decisive,1,1,0
completely_creepy,1,1,0
completely_credible,1,1,0
completely_controllable,1,1,0
completely_continuous,1,1,0
completely_embarrassing,1,0,1
completely_engaging,1,1,0
completely_entertaining,1,1,0
completely_evident,1,1,0
completely_freakin,1,0,1
completely_frank,1,1,0
completely_forward,1,1,0
completely_forthcoming,1,1,0
completely_forgettable,1,1,0
completely_foreseeable,1,1,0
completely_focused,1,1,0
completely_flexible,1,1,0
completely_flattering,1,1,0
completely_fearless,1,1,0
completely_favourable,1,1,0
completely_favorable,1,1,0
completely_fantastic,1,1,0
completely_faithful,1,1,0
completely_explicit,1,1,0
completely_exempt,1,1,0
completely_exclusive,1,1,0
completely_excessive,1,1,0
completely_exact,1,1,0
clearly_uneasy,1,1,0
clearly_undemocratic,1,1,0
clearly_unconstitutional,1,1,0
breathtakingly_sensational,1,1,0
broadly_influential,1,0,1
broadly_flexible,1,1,0
broadly_encouraging,1,0,1
broadly_effective,1,1,0
broadly_available,1,1,0
brilliantly_obvious,1,1,0
brilliantly_cool,1,1,0
brilliantly_clever,1,1,0
brightly_satisfying,1,1,0
breathtakingly_majestic,1,1,0
broadly_talented,1,1,0
breathtakingly_good,1,1,0
brazenly_novel,1,1,0
brazenly_new,1,0,1
brazenly_liberal,1,1,0
brazenly_arrogant,1,1,0
bracingly_cold,1,1,0
both_young,1,1,0
both_unnecessary,1,1,0
both_unmarried,1,1,0
broadly_supportive,1,1,0
broadly_true,1,1,0
categorically_wrong,1,0,1
casually_casual,1,0,1
categorically_ready,1,1,0
categorically_different,1,1,0
catastrophically_high,1,1,0
catastrophically_hard,1,0,1
catastrophically_bad,1,0,1
casually_rough,1,1,0
casually_erudite,1,1,0
casually_effective,1,1,0
casually_charming,1,1,0
brutally_tortured,1,1,0
brutally_amusing,1,1,0
brutally_soft,1,1,0
brutally_paced,1,1,0
brutally_negative,1,1,0
brutally_judgmental,1,1,0
brutally_hilarious,1,1,0
brutally_hard,1,1,0
brutally_efficient,1,1,0
brutally_critical,1,1,0
brutally_competitive,1,1,0
both_unavailable,1,1,0
both_tasty,1,1,0
both_stupid,1,1,0
blindly_technical,1,1,0
both_available,1,1,0
both_absent,1,1,0
borderline_inexplicable,1,1,0
borderline_creepy,1,0,1
bone_stupid,1,1,0
bone_dry,1,1,0
boldly_liberal,1,1,0
blisteringly_hot,1,1,0
blissfully_welcoming,1,1,0
blindly_supportive,1,1,0
both_single,1,1,0
blindly_pointless,1,1,0
blindly_patriotic,1,1,0
blindly_passionate,1,1,0
blindly_optimistic,1,1,0
blindly_jealous,1,1,0
blindly_idealistic,1,1,0
blindingly_difficult,1,1,0
blindingly_clear,1,1,0
blessedly_dependent,1,1,0
both_beautiful,1,1,0
both_black,1,1,0
both_clean,1,1,0
both_dead,1,1,0
both_simple,1,1,0
both_short,1,1,0
both_right,1,1,0
both_responsible,1,1,0
both_prominent,1,1,0
both_popular,1,1,0
both_noble,1,1,0
both_nice,1,1,0
both_naked,1,1,0
both_inexpensive,1,1,0
both_higher,1,1,0
both_helpful,1,1,0
both_greater,1,1,0
both_good,1,1,0
both_generic,1,1,0
both_funny,1,1,0
both_fascinating,1,1,0
both_eligible,1,1,0
both_dreadful,1,1,0
categorically_true,1,1,0
certainly_adequate,1,0,1
clearly_stupid,1,1,0
clearly_beneficial,1,0,1
clearly_frivolous,1,1,0
clearly_feminine,1,1,0
clearly_enough,1,1,0
clearly_eligible,1,1,0
clearly_distinguished,1,1,0
clearly_distinct,1,1,0
clearly_discrete,1,1,0
clearly_destabilizing,1,1,0
clearly_dead,1,1,0
clearly_bad,1,0,1
clearly_illegitimate,1,1,0
clearly_autobiographical,1,1,0
clearly_audible,1,1,0
clearly_abnormal,1,1,0
classically_tragic,1,1,0
classically_traditional,1,1,0
classically_stylish,1,0,1
classically_romantic,1,0,1
classically_provocative,1,1,0
classically_likable,1,1,0
clearly_good,1,1,0
clearly_improper,1,1,0
certainly_aloof,1,1,0
clearly_positive,1,1,0
clearly_sinful,1,1,0
clearly_satirical,1,1,0
clearly_relevant,1,0,1
clearly_related,1,1,0
clearly_recognisable,1,1,0
clearly_public,1,1,0
clearly_present,1,1,0
clearly_prescriptive,1,1,0
clearly_predominant,1,1,0
clearly_perceptive,1,1,0
clearly_inconsistent,1,1,0
clearly_obvious,1,1,0
clearly_moral,1,1,0
clearly_miraculous,1,1,0
clearly_mental,1,1,0
clearly_measurable,1,1,0
clearly_masculine,1,1,0
clearly_male,1,1,0
clearly_irregular,1,0,1
clearly_incorrect,1,1,0
classically_liberal,1,0,1
classically_cute,1,1,0
classically_conservative,1,1,0
certainly_moral,1,1,0
certainly_worse,1,0,1
certainly_unfortunate,1,1,0
certainly_understandable,1,1,0
certainly_true,1,1,0
certainly_tentative,1,0,1
certainly_right,1,1,0
certainly_preferable,1,1,0
certainly_predictable,1,0,1
certainly_more,1,1,0
certainly_mandatory,1,1,0
classically_comic,1,0,1
certainly_inspiring,1,0,1
certainly_inflammatory,1,1,0
certainly_incorrect,1,1,0
certainly_helpful,1,1,0
certainly_fine,1,1,0
certainly_excellent,1,1,0
certainly_eloquent,1,1,0
certainly_colorful,1,1,0
certainly_attainable,1,1,0
certifiably_secure,1,1,0
characteristically_american,1,1,0
characteristically_deadly,1,1,0
characteristically_different,1,0,1
classically_coastal,1,1,0
classically_chic,1,1,0
chronically_insecure,1,1,0
chronically_happy,1,1,0
chemically_wrong,1,0,1
chemically_versatile,1,1,0
chemically_psychotic,1,1,0
chemically_important,1,1,0
chemically_identical,1,1,0
chemically_depressed,1,1,0
cheerfully_pragmatic,1,1,0
cheerfully_campy,1,1,0
cheerfully_anxious,1,1,0
charmingly_psychotic,1,1,0
charmingly_goofy,1,1,0
charmingly_eccentric,1,0,1
charmingly_aloof,1,1,0
characteristically_reliable,1,1,0
characteristically_italian,1,0,1
immediately_comfortable,1,1,0
immediately_compassionate,1,1,0
immediately_confident,1,1,0
noticeably_broad,1,1,0
noticeably_ineffective,1,1,0
noticeably_honest,1,1,0
noticeably_helpful,1,1,0
noticeably_evident,1,1,0
noticeably_drunk,1,1,0
noticeably_concerned,1,1,0
noticeably_cold,1,1,0
noticeably_closer,1,1,0
noticeably_cleaner,1,1,0
noticeably_bright,1,1,0
noticeably_new,1,0,1
noticeably_big,1,1,0
noticeably_amiss,1,0,1
noticeably_aged,1,1,0
notably_unusual,1,0,1
notably_uncomfortable,1,1,0
notably_sweet,1,1,0
notably_superb,1,1,0
notably_strange,1,0,1
notably_spectacular,1,1,0
noticeably_miserable,1,1,0
noticeably_problematic,1,1,0
notably_significant,1,1,0
notoriously_hospitable,1,1,0
now_anonymous,1,1,0
now_afraid,1,1,0
now_active,1,1,0
now_accurate,1,1,0
notoriously_weird,1,0,1
notoriously_unpredictable,1,1,0
notoriously_tricky,1,0,1
notoriously_slow,1,1,0
notoriously_prone,1,1,0
notoriously_gross,1,1,0
noticeably_regional,1,0,1
notoriously_famous,1,0,1
notoriously_difficult,1,1,0
notoriously_bad,1,0,1
noticeably_worse,1,1,0
noticeably_tragic,1,0,1
noticeably_thematic,1,1,0
noticeably_smarter,1,1,0
noticeably_similar,1,1,0
noticeably_scared,1,1,0
notably_smooth,1,1,0
notably_religious,1,1,0
not_terrified,1,1,0
not_unhappy,1,1,0
not_violent,1,1,0
not_vibrant,1,1,0
not_viable,1,1,0
not_vain,1,1,0
not_vacant,1,1,0
not_usable,1,1,0
not_upset,1,1,0
not_unreasonable,1,1,0
not_universal,1,0,1
not_underwater,1,1,0
not_watchable,1,1,0
not_uncommon,1,1,0
not_unaffected,1,1,0
not_ugly,1,1,0
not_truthful,1,1,0
not_trashy,1,1,0
not_transferable,1,1,0
not_tolerant,1,1,0
not_tight,1,1,0
not_thin,1,1,0
not_vulnerable,1,1,0
not_wealthy,1,1,0
notably_painful,1,1,0
notably_easy,1,1,0
notably_original,1,1,0
notably_offensive,1,1,0
notably_observant,1,1,0
notably_keen,1,1,0
notably_juicy,1,0,1
notably_inhumane,1,0,1
notably_impressive,1,1,0
notably_immersive,1,0,1
notably_good,1,1,0
notably_criminal,1,0,1
not_wet,1,1,0
notably_consistent,1,1,0
notably_complicated,1,1,0
notably_beneficial,1,1,0
notably_bad,1,0,1
notably_attractive,1,1,0
notably_astonishing,1,1,0
notably_amiss,1,1,0
not_young,1,1,0
not_whole,1,1,0
now_certain,1,1,0
now_clearer,1,1,0
now_common,1,1,0
objectively_dishonest,1,0,1
objectively_male,1,0,1
objectively_interesting,1,1,0
objectively_important,1,0,1
objectively_flat,1,1,0
objectively_feminine,1,0,1
objectively_female,1,0,1
objectively_false,1,1,0
objectively_fair,1,1,0
objectively_distinct,1,0,1
objectively_deserving,1,0,1
objectively_objectionable,1,1,0
objectively_certain,1,1,0
objectively_advantageous,1,0,1
nutritionally_superior,1,0,1
nutritionally_sound,1,1,0
nutritionally_rich,1,1,0
nutritionally_qualified,1,1,0
nutritionally_equivalent,1,1,0
nutritionally_advantageous,1,0,1
nutritionally_adequate,1,1,0
objectively_manifest,1,1,0
objectively_offensive,1,0,1
now_commonplace,1,0,1
obviously_ambitious,1,0,1
obviously_commercial,1,1,0
obviously_close,1,1,0
obviously_clever,1,1,0
obviously_chinese,1,0,1
obviously_black,1,1,0
obviously_beneficial,1,1,0
obviously_authoritative,1,0,1
obviously_attractive,1,1,0
obviously_apparent,1,0,1
obscenely_loud,1,0,1
objectively_perfect,1,1,0
obscenely_expensive,1,0,1
obnoxiously_self-conscious,1,0,1
obnoxiously_expensive,1,1,0
obnoxiously_apparent,1,1,0
objectively_vital,1,0,1
objectively_valuable,1,0,1
objectively_unreasonable,1,0,1
objectively_threatening,1,0,1
objectively_reasonable,1,1,0
numerically_equal,1,1,0
numerically_comparable,1,1,0
numbingly_mundane,1,0,1
now_illegal,1,1,0
now_permanent,1,1,0
now_perfect,1,1,0
now_numerous,1,1,0
now_notable,1,0,1
now_necessary,1,1,0
now_most,1,1,0
now_more,1,0,1
now_interested,1,1,0
now_immune,1,1,0
now_homeless,1,1,0
numbingly_cold,1,1,0
now_happier,1,1,0
now_full,1,1,0
now_fond,1,1,0
now_eligible,1,1,0
now_due,1,0,1
now_democratic,1,1,0
now_delighted,1,1,0
now_dead,1,0,1
now_damp,1,1,0
now_pleased,1,1,0
now_real,1,1,0
now_sacred,1,0,1
now_sick,1,1,0
nowhere_public,1,0,1
nowhere_obvious,1,0,1
nowhere_fast,1,0,1
nowhere_capable,1,1,0
now_worthy,1,0,1
now_worried,1,1,0
now_unusual,1,1,0
now_uninhabited,1,1,0
now_unfit,1,1,0
now_unbelievable,1,1,0
now_unbearable,1,1,0
now_unavoidable,1,1,0
now_unavailable,1,1,0
now_true,1,1,0
now_triumphant,1,1,0
now_transparent,1,1,0
now_sure,1,1,0
now_sufficient,1,1,0
now_strong,1,1,0
not_terrifying,1,1,0
not_tenable,1,1,0
obviously_correct,1,1,0
not_few,1,1,0
not_greedy,1,1,0
not_greasy,1,1,0
not_glad,1,1,0
not_genuine,1,1,0
not_gay,1,1,0
not_friendly,1,0,1
not_fluent,1,1,0
not_fine,1,1,0
not_final,1,1,0
not_fatal,1,1,0
not_gross,1,1,0
not_fast,1,0,1
not_fashionable,1,1,0
not_fantastic,1,1,0
not_fabulous,1,1,0
not_expensive,1,1,0
not_expedient,1,1,0
not_existent,1,1,0
not_exhilarating,1,1,0
not_exhausting,1,1,0
not_green,1,1,0
not_grumpy,1,1,0
not_excited,1,0,1
not_honest,1,1,0
not_impolite,1,1,0
not_impatient,1,1,0
not_immune,1,1,0
not_immediate,1,1,0
not_ideal,1,1,0
not_hypocritical,1,1,0
not_humorous,1,0,1
not_hostile,1,1,0
not_hopeful,1,1,0
not_homophobic,1,1,0
not_gullible,1,1,0
not_homeless,1,1,0
not_heinous,1,1,0
not_heartbreaking,1,0,1
not_healthy,1,1,0
not_harsh,1,1,0
not_harmful,1,1,0
not_hardcore,1,1,0
not_hard,1,1,0
not_handy,1,1,0
not_excruciating,1,1,0
not_evident,1,1,0
not_taller,1,1,0
not_consistent,1,1,0
not_daunting,1,1,0
not_dark,1,1,0
not_current,1,1,0
not_curable,1,1,0
not_cultural,1,1,0
not_crowded,1,1,0
not_cozy,1,1,0
not_costly,1,1,0
not_convincing,1,1,0
not_consensual,1,1,0
not_delusional,1,1,0
not_conscious,1,1,0
not_concerned,1,1,0
not_comprehensive,1,1,0
not_complex,1,1,0
not_compelling,1,1,0
not_commercial,1,1,0
not_collaborative,1,1,0
not_cognizant,1,1,0
not_cogent,1,1,0
not_definitive,1,1,0
not_depressing,1,1,0
not_ethical,1,1,0
not_embarrassed,1,1,0
not_eternal,1,1,0
not_essential,1,1,0
not_equivalent,1,1,0
not_enjoyable,1,1,0
not_english,1,1,0
not_endless,1,1,0
not_endearing,1,1,0
not_empty,1,1,0
not_embarrassing,1,1,0
not_efficient,1,1,0
not_desirable,1,1,0
not_ecstatic,1,1,0
not_easier,1,1,0
not_dumb,1,1,0
not_dressy,1,0,1
not_double,1,1,0
not_doable,1,0,1
not_do-able,1,1,0
not_distracting,1,1,0
not_destructive,1,1,0
not_impossible,1,1,0
not_impressed,1,1,0
not_inactive,1,1,0
not_qualified,1,1,0
not_rude,1,1,0
not_rich,1,1,0
not_renewable,1,1,0
not_religious,1,1,0
not_reliable,1,1,0
not_red,1,1,0
not_raw,1,1,0
not_rainy,1,1,0
not_racist,1,1,0
not_provocative,1,1,0
not_sacred,1,1,0
not_profitable,1,1,0
not_proficient,1,1,0
not_professional,1,1,0
not_pro-life,1,1,0
not_prescriptive,1,1,0
not_practical,1,1,0
not_poor,1,1,0
not_physical,1,1,0
not_painful,1,1,0
not_russian,1,1,0
not_same,1,1,0
not_indifferent,1,1,0
not_solitary,1,1,0
not_tall,1,1,0
not_sustainable,1,1,0
not_surprised,1,1,0
not_supernatural,1,1,0
not_suburban,1,1,0
not_subjective,1,1,0
not_stylish,1,0,1
not_stinky,1,1,0
not_special,1,1,0
not_smooth,1,1,0
not_satisfying,1,1,0
not_sleepy,1,1,0
not_singular,1,1,0
not_significant,1,0,1
not_sick,1,1,0
not_sexy,1,1,0
not_sex,1,1,0
not_separate,1,1,0
not_sensitive,1,1,0
not_secret,1,1,0
not_overrated,1,1,0
not_overpriced,1,1,0
not_overpaid,1,1,0
not_italian,1,1,0
not_liberal,1,1,0
not_less,1,1,0
not_legit,1,1,0
not_legal,1,0,1
not_least,1,1,0
not_last,1,1,0
not_large,1,1,0
not_kind,1,1,0
not_jealous,1,1,0
not_irish,1,1,0
not_outrageous,1,1,0
not_invisible,1,1,0
not_intrusive,1,1,0
not_interchangeable,1,1,0
not_intense,1,1,0
not_instructive,1,1,0
not_insightful,1,1,0
not_innovative,1,1,0
not_innocent,1,1,0
not_individualistic,1,1,0
not_likeable,1,1,0
not_long,1,1,0
not_manly,1,1,0
not_meaningful,1,1,0
not_orthodox,1,1,0
not_oppressed,1,1,0
not_open-minded,1,1,0
not_offensive,1,1,0
not_odd,1,1,0
not_obligatory,1,1,0
not_numerous,1,1,0
not_noticeable,1,1,0
not_noteworthy,1,0,1
not_nervous,1,1,0
not_negotiable,1,0,1
not_negative,1,1,0
not_natural,1,1,0
not_naive,1,1,0
not_muslim,1,1,0
not_most,1,1,0
not_moral,1,1,0
not_modern,1,0,1
not_melodic,1,0,1
obviously_concerned,1,1,0
obviously_criminal,1,1,0
not_clever,1,1,0
only_islamic,1,1,0
only_negative,1,0,1
only_natural,1,1,0
only_mental,1,1,0
only_masculine,1,1,0
only_longer,1,1,0
only_logical,1,1,0
only_likely,1,0,1
only_lightweight,1,1,0
only_lean,1,1,0
only_intelligible,1,1,0
only_nice,1,1,0
only_instrumental,1,0,1
only_ignorant,1,1,0
only_ideological,1,1,0
only_huge,1,1,0
only_horrible,1,1,0
only_hopeless,1,1,0
only_great,1,1,0
only_grateful,1,1,0
only_funny,1,1,0
only_new,1,0,1
only_noticeable,1,1,0
only_full,1,1,0
only_related,1,1,0
only_turkish,1,0,1
only_true,1,1,0
only_technical,1,1,0
only_suitable,1,1,0
only_stupid,1,1,0
only_stronger,1,1,0
only_strange,1,1,0
only_sentimental,1,1,0
only_religious,1,1,0
only_redundant,1,1,0
only_open,1,0,1
only_realistic,1,0,1
only_racist,1,1,0
only_quick,1,1,0
only_proper,1,1,0
only_prevalent,1,1,0
only_present,1,1,0
only_political,1,1,0
only_pertinent,1,1,0
only_overweight,1,1,0
only_fun,1,1,0
only_french,1,1,0
once_scared,1,1,0
once_unsure,1,1,0
only_better,1,1,0
only_beneficial,1,1,0
only_beautiful,1,1,0
only_agnostic,1,1,0
only_affective,1,1,0
only_aesthetic,1,0,1
only_accurate,1,1,0
online_valid,1,1,0
online_compatible,1,1,0
once_unhappy,1,1,0
only_bright,1,1,0
once_unemployed,1,1,0
once_tranquil,1,1,0
once_tiring,1,1,0
once_tired,1,1,0
once_thankful,1,1,0
once_stilted,1,1,0
once_sober,1,1,0
once_shy,1,1,0
once_secret,1,0,1
only_bleak,1,1,0
only_capable,1,1,0
only_flexible,1,1,0
only_discouraging,1,0,1
only_few,1,1,0
only_expensive,1,1,0
only_ethnic,1,1,0
only_ephemeral,1,1,0
only_enough,1,0,1
only_eminent,1,1,0
only_easy,1,1,0
only_due,1,1,0
only_domestic,1,1,0
only_disastrous,1,0,1
only_closer,1,1,0
only_different,1,0,1
only_destructive,1,1,0
only_dark,1,1,0
only_cruel,1,1,0
only_cool,1,1,0
only_controversial,1,1,0
only_confusing,1,1,0
only_concerned,1,1,0
only_competent,1,1,0
only_underappreciated,1,1,0
only_unhappy,1,1,0
only_unique,1,1,0
ostensibly_grisly,1,0,1
otherwise_bothersome,1,0,1
otherwise_baseless,1,0,1
otherwise_apparent,1,1,0
otherwise_advantageous,1,1,0
otherwise_abnormal,1,1,0
otherwise_able,1,1,0
ostensibly_useful,1,0,1
ostensibly_responsible,1,1,0
ostensibly_holy,1,0,1
ostensibly_comedic,1,0,1
otherwise_criminal,1,0,1
originally_sinful,1,1,0
originally_sick,1,1,0
originally_present,1,0,1
originally_original,1,1,0
originally_involved,1,0,1
originally_interesting,1,1,0
originally_interested,1,1,0
originally_good,1,0,1
originally_chinese,1,1,0
otherwise_contrary,1,1,0
otherwise_defective,1,1,0
only_unknown,1,1,0
otherwise_trivial,1,0,1
outrageously_brilliant,1,0,1
out_weird,1,1,0
out_unscathed,1,1,0
out_terrible,1,1,0
out_sick,1,1,0
out_available,1,1,0
otherwise_unusual,1,0,1
otherwise_unsuitable,1,1,0
otherwise_unreasonable,1,1,0
otherwise_traditional,1,0,1
otherwise_disagreeable,1,0,1
otherwise_ready,1,1,0
otherwise_public,1,1,0
otherwise_perceptible,1,0,1
otherwise_other,1,1,0
otherwise_interesting,1,0,1
otherwise_impoverished,1,1,0
otherwise_impossible,1,0,1
otherwise_harmful,1,1,0
otherwise_disruptive,1,1,0
originally_american,1,1,0
originally_afraid,1,1,0
optically_flat,1,1,0
openly_aggressive,1,1,0
openly_harmful,1,1,0
openly_friendly,1,1,0
openly_flirtatious,1,1,0
openly_dishonest,1,1,0
openly_discriminatory,1,1,0
openly_criminal,1,0,1
openly_bitter,1,1,0
openly_antagonistic,1,1,0
openly_ambitious,1,1,0
openly_abusive,1,1,0
optically_clean,1,1,0
only_young,1,1,0
only_wrong,1,0,1
only_wiser,1,0,1
only_willing,1,0,1
only_visual,1,1,0
only_vacant,1,1,0
only_urgent,1,1,0
only_upset,1,1,0
only_untrustworthy,1,1,0
openly_interested,1,1,0
openly_melodramatic,1,1,0
openly_negative,1,0,1
openly_parochial,1,1,0
oppressively_spare,1,1,0
oppressively_small,1,1,0
oppressively_maternal,1,1,0
oppressively_hot,1,1,0
oppressively_dreary,1,1,0
oppressively_dominant,1,1,0
operationally_wrong,1,0,1
operationally_sensitive,1,0,1
operationally_feasible,1,1,0
operationally_effective,1,1,0
openly_violent,1,1,0
openly_tyrannical,1,1,0
openly_trans,1,1,0
openly_spiritual,1,1,0
openly_slutty,1,0,1
openly_shocking,1,0,1
openly_rude,1,1,0
openly_resentful,1,1,0
openly_political,1,1,0
once_scary,1,1,0
once_pushy,1,1,0
obviously_cruel,1,1,0
obviously_sick,1,0,1
obviously_toxic,1,1,0
obviously_timely,1,0,1
obviously_tasteless,1,0,1
obviously_taller,1,1,0
obviously_sweet,1,1,0
obviously_stupid,1,1,0
obviously_strange,1,0,1
obviously_special,1,0,1
obviously_simple,1,1,0
obviously_sexual,1,0,1
obviously_trendy,1,1,0
obviously_sensitive,1,0,1
obviously_sensible,1,1,0
obviously_seasonal,1,0,1
obviously_scary,1,0,1
obviously_risky,1,0,1
obviously_rich,1,1,0
obviously_revolutionary,1,0,1
obviously_responsible,1,0,1
obviously_remarkable,1,0,1
obviously_tragic,1,0,1
obviously_unfair,1,0,1
obviously_ready,1,1,0
oddly_compelling,1,1,0
offensively_fraudulent,1,1,0
offensively_boring,1,1,0
off_worse,1,1,0
off_optimal,1,1,0
off_more,1,1,0
off_good,1,1,0
off_enough,1,1,0
oddly_tannic,1,1,0
oddly_related,1,1,0
oddly_appropriate,1,1,0
obviously_unique,1,0,1
occasionally_necessary,1,1,0
occasionally_entertaining,1,0,1
occasionally_brown,1,1,0
obviously_worse,1,1,0
obviously_visible,1,1,0
obviously_vegan,1,0,1
obviously_valuable,1,0,1
obviously_useful,1,1,0
obviously_unsuitable,1,1,0
obviously_real,1,1,0
obviously_qualified,1,1,0
once_proactive,1,1,0
obviously_graphic,1,1,0
obviously_inaccurate,1,0,1
obviously_illegal,1,0,1
obviously_ideal,1,1,0
obviously_horrible,1,0,1
obviously_higher,1,0,1
obviously_high,1,1,0
obviously_helpful,1,1,0
obviously_harmful,1,1,0
obviously_hard,1,1,0
obviously_gory,1,0,1
obviously_inferior,1,1,0
obviously_good,1,1,0
obviously_gendered,1,0,1
obviously_fair,1,1,0
obviously_exploitative,1,1,0
obviously_experimental,1,1,0
obviously_exotic,1,1,0
obviously_equal,1,1,0
obviously_drunk,1,1,0
obviously_dependent,1,1,0
obviously_indian,1,1,0
obviously_instrumental,1,1,0
obviously_promising,1,0,1
obviously_new,1,0,1
obviously_problematic,1,1,0
obviously_preposterous,1,1,0
obviously_pleased,1,1,0
obviously_parallel,1,0,1
obviously_open,1,1,0
obviously_offensive,1,0,1
obviously_odd,1,0,1
obviously_objectionable,1,1,0
obviously_noticeable,1,1,0
obviously_negative,1,0,1
obviously_interested,1,1,0
obviously_nefarious,1,0,1
obviously_mountainous,1,0,1
obviously_miraculous,1,0,1
obviously_military,1,0,1
obviously_messy,1,1,0
obviously_meaningful,1,1,0
obviously_ludicrous,1,1,0
obviously_latin,1,0,1
obviously_large,1,1,0
offensively_futile,1,1,0
offensively_horrendous,1,0,1
offensively_minded,1,1,0
often_thin,1,1,0
on_more,1,1,0
ominously_terrifying,1,0,1
ominously_close,1,1,0
often_willing,1,1,0
often_weirder,1,1,0
often_visible,1,1,0
often_violent,1,1,0
often_unstable,1,1,0
often_tragic,1,1,0
often_tempting,1,1,0
once_anxious,1,1,0
often_superficial,1,1,0
often_sufficient,1,1,0
often_straightforward,1,1,0
often_spot-on,1,1,0
often_sound,1,1,0
often_sectarian,1,1,0
often_ready,1,1,0
often_possible,1,1,0
often_pleasant,1,1,0
once_accurate,1,1,0
once_aware,1,1,0
offensively_most,1,0,1
once_irate,1,1,0
once_predictable,1,1,0
once_popular,1,0,1
once_pleased,1,1,0
once_perceptible,1,1,0
once_overpowering,1,1,0
once_newsworthy,1,1,0
once_mean,1,1,0
once_livid,1,1,0
once_lackluster,1,1,0
once_hungry,1,1,0
once_calm,1,1,0
once_hot,1,1,0
once_hard,1,1,0
once_funny,1,1,0
once_dry,1,1,0
once_doubtful,1,1,0
once_distracting,1,1,0
once_confused,1,1,0
once_complete,1,0,1
once_cold,1,1,0
often_overwhelming,1,1,0
often_ours,1,1,0
often_obvious,1,1,0
officially_homeless,1,1,0
officially_willing,1,1,0
officially_single,1,1,0
officially_related,1,1,0
officially_present,1,1,0
officially_onboard,1,1,0
officially_obese,1,1,0
officially_marketable,1,0,1
officially_legitimate,1,1,0
officially_informed,1,1,0
officially_guilty,1,1,0
often_necessary,1,1,0
officially_general,1,1,0
officially_gay,1,1,0
officially_conservative,1,0,1
officially_catholic,1,1,0
officially_accountable,1,1,0
offensively_skilled,1,1,0
offensively_sexual,1,1,0
offensively_pushy,1,1,0
offensively_ostentatious,1,0,1
often_able,1,1,0
often_absent,1,1,0
often_achievable,1,1,0
often_additional,1,1,0
often_more,1,1,0
often_mistaken,1,1,0
often_misleading,1,1,0
often_miserable,1,0,1
often_loyal,1,1,0
often_inefficient,1,1,0
often_incremental,1,1,0
often_humorous,1,1,0
often_hot,1,1,0
often_guilty,1,1,0
often_free,1,1,0
often_fearless,1,0,1
often_fair,1,1,0
often_disastrous,1,1,0
often_difficult,1,1,0
often_clean,1,1,0
often_available,1,1,0
often_arbitrary,1,0,1
often_applicable,1,1,0
not_closer,1,1,0
not_charming,1,1,0
immediately_consistent,1,1,0
much_surprised,1,1,0
much_upset,1,1,0
much_unsafe,1,1,0
much_unique,1,0,1
much_unheard,1,1,0
much_unexpected,1,0,1
much_unaffected,1,0,1
much_troublesome,1,0,1
much_tighter,1,1,0
much_taller,1,0,1
much_suitable,1,1,0
much_voluntary,1,0,1
much_subtle,1,0,1
much_stressful,1,0,1
much_spooky,1,0,1
much_spiritual,1,0,1
much_spectacular,1,0,1
much_soft,1,1,0
much_smarter,1,1,0
much_simple,1,1,0
much_similar,1,0,1
much_visual,1,0,1
much_vulnerable,1,1,0
much_serious,1,1,0
musically_interesting,1,0,1
mutually_applicable,1,1,0
musically_weird,1,0,1
musically_potent,1,1,0
musically_pleasant,1,0,1
musically_perfect,1,1,0
musically_offensive,1,0,1
musically_nutritious,1,1,0
musically_meaningful,1,0,1
musically_magical,1,0,1
musically_innovative,1,1,0
much_warmer,1,1,0
musically_impressed,1,1,0
musically_ideal,1,1,0
musically_functional,1,1,0
musically_experimental,1,1,0
musically_diverse,1,1,0
musically_astounding,1,1,0
musically_appealing,1,0,1
musically_alike,1,1,0
much_white,1,1,0
much_significant,1,1,0
much_scared,1,1,0
much_free,1,0,1
much_influential,1,1,0
much_lucky,1,0,1
much_louder,1,1,0
much_longer,1,0,1
much_lesser,1,0,1
much_left,1,0,1
much_lacking,1,0,1
much_keen,1,1,0
abnormally_black,1,0,1
much_informal,1,1,0
much_indistinguishable,1,1,0
much_minded,1,1,0
much_impassioned,1,1,0
much_human,1,1,0
much_heroic,1,0,1
much_harmful,1,0,1
much_happy,1,1,0
much_green,1,1,0
much_great,1,0,1
much_funnier,1,1,0
much_full,1,1,0
much_memorable,1,0,1
much_negative,1,1,0
much_satisfactory,1,0,1
much_private,1,1,0
much_same,1,1,0
much_sacred,1,1,0
much_rich,1,1,0
much_relaxing,1,1,0
much_reactive,1,1,0
much_public,1,1,0
much_prone,1,1,0
much_profound,1,0,1
much_productive,1,0,1
much_present,1,0,1
much_newsworthy,1,0,1
much_popular,1,1,0
much_poor,1,1,0
much_physical,1,0,1
much_oversold,1,0,1
much_outstanding,1,0,1
much_ordinary,1,0,1
much_old,1,1,0
much_objectionable,1,0,1
much_notable,1,0,1
mutually_comprehensible,1,1,0
mutually_contradictory,1,1,0
mutually_exceptional,1,1,0
n't_pointless,1,1,0
n't_russian,1,1,0
n't_rough,1,1,0
n't_religious,1,1,0
n't_reliable,1,1,0
n't_real,1,1,0
n't_quiet,1,1,0
n't_qualified,1,0,1
n't_profitable,1,1,0
n't_pregnant,1,1,0
n't_pleased,1,1,0
n't_strange,1,1,0
n't_other,1,1,0
n't_open,1,1,0
n't_new,1,1,0
n't_negative,1,1,0
n't_mental,1,1,0
n't_mad,1,1,0
n't_lucky,1,1,0
n't_loud,1,1,0
n't_liable,1,1,0
n't_selfish,1,1,0
n't_strategic,1,1,0
mutually_inclusive,1,1,0
n't_weak,1,1,0
narrowly_religious,1,1,0
narrowly_political,1,1,0
narrowly_hierarchical,1,1,0
narrowly_didactic,1,0,1
namely_angelic,1,0,1
nakedly_radical,1,1,0
nakedly_illegal,1,0,1
nakedly_forthright,1,1,0
n't_willing,1,1,0
n't_upset,1,1,0
n't_strong,1,1,0
n't_unusual,1,1,0
n't_uncomfortable,1,1,0
n't_terrible,1,1,0
n't_taller,1,1,0
n't_talented,1,1,0
n't_suitable,1,1,0
n't_sufficient,1,1,0
n't_subtle,1,1,0
n't_subject,1,1,0
n't_last,1,1,0
n't_large,1,1,0
n't_lacking,1,1,0
n't_busy,1,1,0
n't_drastic,1,1,0
n't_difficult,1,1,0
n't_dangerous,1,1,0
n't_cool,1,1,0
n't_constructive,1,1,0
n't_conducive,1,1,0
n't_complicated,1,1,0
n't_cheap,1,1,0
n't_capable,1,1,0
n't_believable,1,1,0
n't_italian,1,1,0
n't_awkward,1,1,0
n't_aware,1,1,0
n't_amazing,1,1,0
n't_adequate,1,1,0
mysteriously_beautiful,1,0,1
mutually_supportive,1,1,0
mutually_spontaneous,1,1,0
mutually_irreconcilable,1,0,1
mutually_inconsistent,1,0,1
n't_dull,1,1,0
n't_electric,1,1,0
n't_elite,1,1,0
n't_empty,1,1,0
n't_invalid,1,1,0
n't_interesting,1,1,0
n't_intentional,1,1,0
n't_independent,1,1,0
n't_important,1,1,0
n't_impenetrable,1,1,0
n't_hurtful,1,1,0
n't_hungry,1,1,0
n't_human,1,1,0
n't_high,1,1,0
n't_happy,1,1,0
n't_green,1,1,0
n't_glamorous,1,1,0
n't_friendly,1,1,0
n't_forgivable,1,1,0
n't_flat,1,1,0
n't_feasible,1,1,0
n't_fat,1,1,0
n't_evil,1,1,0
much_fresher,1,1,0
much_fortunate,1,1,0
nationally_dominant,1,1,0
most_selfless,1,1,0
most_sordid,1,1,0
most_skillful,1,1,0
most_skilful,1,1,0
most_skeptical,1,1,0
most_singular,1,1,0
most_simplistic,1,0,1
most_sexy,1,1,0
most_sensitive,1,1,0
most_sensible,1,1,0
most_scientific,1,1,0
most_stalwart,1,0,1
most_sceptical,1,0,1
most_sacred,1,1,0
most_rugged,1,1,0
most_robust,1,1,0
most_rigorous,1,1,0
most_revealing,1,1,0
most_responsive,1,0,1
most_respected,1,1,0
most_resonant,1,1,0
most_spacious,1,1,0
most_steadfast,1,1,0
most_relaxed,1,1,0
most_trans,1,0,1
most_unpopular,1,0,1
most_unpleasant,1,1,0
most_unmanageable,1,1,0
most_unexpected,1,1,0
most_uncomfortable,1,1,0
most_ugly,1,1,0
most_truthful,1,1,0
most_true,1,1,0
most_transient,1,1,0
most_traditional,1,1,0
most_storied,1,1,0
most_thrilling,1,1,0
most_threatening,1,1,0
most_thoughtful,1,1,0
most_tenuous,1,0,1
most_tactful,1,1,0
most_surprising,1,1,0
most_substantive,1,1,0
most_stupid,1,1,0
most_strategic,1,1,0
most_reputable,1,1,0
most_reclusive,1,1,0
much_fine,1,1,0
most_outgoing,1,1,0
most_picturesque,1,1,0
most_photogenic,1,1,0
most_pessimistic,1,1,0
most_persistent,1,1,0
most_perfect,1,1,0
most_patriotic,1,1,0
most_painful,1,0,1
most_overwhelming,1,1,0
most_outspoken,1,1,0
most_other,1,1,0
most_placid,1,1,0
most_organized,1,1,0
most_opulent,1,1,0
most_oppressed,1,1,0
most_odious,1,1,0
most_odd,1,1,0
most_obscure,1,1,0
most_objective,1,0,1
most_objectionable,1,1,0
most_nutritious,1,1,0
most_pious,1,1,0
most_plausible,1,1,0
most_realistic,1,1,0
most_probable,1,1,0
most_rational,1,1,0
most_rare,1,1,0
most_rapid,1,1,0
most_quaint,1,1,0
most_punctual,1,1,0
most_proud,1,1,0
most_progressive,1,1,0
most_profound,1,1,0
most_professional,1,1,0
most_prized,1,1,0
most_pleasurable,1,1,0
most_privileged,1,1,0
most_pristine,1,1,0
most_pressing,1,1,0
most_presidential,1,1,0
most_present,1,1,0
most_potent,1,1,0
most_pop,1,1,0
most_polished,1,0,1
most_polarizing,1,1,0
most_unspoiled,1,1,0
most_unstable,1,1,0
most_upbeat,1,1,0
much_conscious,1,1,0
much_delighted,1,1,0
much_deep,1,0,1
much_dear,1,0,1
much_cuter,1,0,1
much_cute,1,0,1
much_creepy,1,0,1
much_creepier,1,0,1
much_corny,1,1,0
much_conspicuous,1,0,1
much_common,1,0,1
much_denser,1,0,1
much_colder,1,1,0
much_cold,1,1,0
much_close,1,1,0
much_clear,1,0,1
much_cleaner,1,1,0
much_childlike,1,0,1
much_cheesy,1,0,1
much_challenging,1,1,0
much_careful,1,1,0
much_demure,1,0,1
much_depraved,1,1,0
most_vexing,1,1,0
much_extra,1,0,1
much_festive,1,0,1
much_feminine,1,0,1
much_faster,1,1,0
much_fascinating,1,0,1
much_farther,1,1,0
much_fancy,1,0,1
much_famous,1,1,0
much_familiar,1,1,0
much_extraordinary,1,0,1
much_erotic,1,0,1
much_detectable,1,1,0
much_enthusiastic,1,1,0
much_enough,1,1,0
much_endangered,1,1,0
much_enamoured,1,1,0
much_early,1,1,0
much_dumber,1,0,1
much_dry,1,1,0
much_dreadful,1,0,1
much_divine,1,1,0
much_capable,1,1,0
much_busier,1,1,0
much_bored,1,1,0
most_worthwhile,1,1,0
mostly_low-level,1,0,1
mostly_likely,1,1,0
mostly_enough,1,1,0
mostly_devoid,1,1,0
mostly_cute,1,0,1
mostly_cosmetic,1,0,1
mostly_civil,1,1,0
mostly_black,1,1,0
most_zealous,1,1,0
most_widespread,1,1,0
much_bolder,1,1,0
most_welcome,1,1,0
most_wearable,1,1,0
most_vulgar,1,1,0
most_vivid,1,1,0
most_vital,1,1,0
most_vile,1,0,1
most_vigorous,1,1,0
most_vicious,1,1,0
most_vibrant,1,1,0
mostly_man-made,1,1,0
mostly_poor,1,0,1
mostly_small,1,0,1
mostly_true,1,1,0
much_bleaker,1,1,0
much_binary,1,0,1
much_bent,1,1,0
much_believable,1,0,1
much_basic,1,1,0
much_awesome,1,1,0
much_athletic,1,1,0
much_appropriate,1,0,1
much_apparent,1,1,0
much_angry,1,0,1
much_analogous,1,0,1
much_amiss,1,1,0
much_alone,1,1,0
much_akin,1,0,1
much_affectionate,1,1,0
much_adult,1,0,1
much_addictive,1,1,0
much_accustomed,1,1,0
much_able,1,1,0
narrowly_sectarian,1,0,1
nationally_dry,1,1,0
not_certain,1,1,0
necessarily_unsustainable,1,1,0
needlessly_adversarial,1,1,0
necessarily_worth,1,1,0
necessarily_worse,1,1,0
necessarily_waterproof,1,1,0
necessarily_virtuous,1,0,1
necessarily_violent,1,1,0
necessarily_vicious,1,1,0
necessarily_unusual,1,0,1
necessarily_untrue,1,1,0
necessarily_unscientific,1,0,1
needlessly_divisive,1,1,0
necessarily_unrealistic,1,1,0
necessarily_uninhabitable,1,1,0
necessarily_uniform,1,1,0
necessarily_unhealthy,1,1,0
necessarily_unhappy,1,1,0
necessarily_unfunny,1,0,1
necessarily_unfortunate,1,1,0
necessarily_unfair,1,1,0
necessarily_truthful,1,1,0
needlessly_antagonistic,1,1,0
needlessly_high,1,1,0
necessarily_thorough,1,1,0
never_blue,1,1,0
never_disappointed,1,1,0
never_disagreeable,1,1,0
never_direct,1,1,0
never_difficult,1,1,0
never_desirable,1,1,0
never_dependent,1,1,0
never_concerned,1,1,0
never_cheap,1,1,0
never_brief,1,1,0
never_better,1,1,0
needlessly_obscure,1,1,0
never_bad,1,1,0
never_aware,1,1,0
never_alone,1,1,0
never_accessible,1,1,0
never_abusive,1,1,0
never_absolute,1,1,0
neither_guilty,1,1,0
neither_able,1,1,0
needlessly_provocative,1,1,0
necessarily_transferable,1,1,0
necessarily_terminal,1,1,0
necessarily_political,1,0,1
necessarily_realistic,1,1,0
necessarily_sad,1,1,0
necessarily_revelatory,1,1,0
necessarily_responsible,1,1,0
necessarily_resilient,1,1,0
necessarily_repeatable,1,1,0
necessarily_religious,1,1,0
necessarily_reliable,1,1,0
necessarily_recoverable,1,1,0
necessarily_reckless,1,1,0
necessarily_radical,1,0,1
necessarily_satisfying,1,1,0
necessarily_racist,1,0,1
necessarily_quick,1,1,0
necessarily_quantitative,1,0,1
necessarily_qualified,1,1,0
necessarily_proprietary,1,1,0
necessarily_profound,1,1,0
necessarily_primary,1,1,0
necessarily_predictable,1,1,0
necessarily_predatory,1,0,1
necessarily_satisfactory,1,1,0
necessarily_scientific,1,1,0
necessarily_tenable,1,1,0
necessarily_spooky,1,0,1
necessarily_technological,1,1,0
necessarily_tangible,1,0,1
necessarily_tame,1,1,0
necessarily_symmetrical,1,1,0
necessarily_sustainable,1,1,0
necessarily_suspicious,1,0,1
necessarily_supportive,1,1,0
necessarily_structural,1,1,0
necessarily_static,1,1,0
necessarily_specific,1,0,1
necessarily_self-evident,1,1,0
necessarily_socialist,1,0,1
necessarily_sinful,1,1,0
necessarily_significant,1,1,0
necessarily_short,1,1,0
necessarily_shocked,1,1,0
necessarily_shameful,1,0,1
necessarily_sexual,1,1,0
necessarily_serious,1,0,1
necessarily_selfish,1,1,0
never_equivalent,1,1,0
never_explicit,1,1,0
never_fearful,1,1,0
normally_present,1,1,0
not_accountable,1,1,0
not_accidental,1,1,0
not_accessible,1,1,0
not_abusive,1,1,0
not_absolute,1,1,0
normally_serious,1,1,0
normally_scared,1,1,0
normally_right,1,1,0
normally_reliable,1,1,0
normally_possible,1,1,0
not_active,1,1,0
normally_appreciative,1,1,0
normally_able,1,1,0
nonetheless_similar,1,1,0
nonetheless_rewarding,1,1,0
nonetheless_popular,1,1,0
nonetheless_impressive,1,1,0
non_worthy,1,1,0
non_secular,1,1,0
non_european,1,1,0
not_accurate,1,1,0
not_adequate,1,1,0
never_free,1,1,0
not_apparent,1,0,1
not_centrist,1,1,0
not_brutal,1,1,0
not_british,1,1,0
not_brilliant,1,1,0
not_blue,1,1,0
not_bizarre,1,1,0
not_awful,1,1,0
not_atheist,1,1,0
not_askew,1,0,1
not_appalling,1,1,0
not_alert,1,1,0
not_apathetic,1,1,0
not_anxious,1,1,0
not_angry,1,1,0
not_amiable,1,0,1
not_american,1,1,0
not_ambiguous,1,1,0
not_amazed,1,1,0
not_alive,1,1,0
not_alike,1,1,0
non_different,1,1,0
no_white,1,1,0
no_poor,1,1,0
never_middle,1,1,0
never_simple,1,1,0
never_silent,1,1,0
never_sick,1,1,0
never_shallow,1,1,0
never_right,1,1,0
never_quiet,1,1,0
never_precise,1,1,0
never_positive,1,1,0
never_overwhelming,1,1,0
never_lonely,1,1,0
no_moral,1,1,0
never_liberal,1,1,0
never_lesser,1,1,0
never_legitimate,1,1,0
never_lazy,1,1,0
never_justifiable,1,1,0
never_incorrect,1,1,0
never_improper,1,1,0
never_impressed,1,1,0
never_hard,1,1,0
never_steady,1,1,0
never_sure,1,1,0
never_sweet,1,1,0
never_true,1,1,0
no_italian,1,1,0
no_green,1,1,0
no_greater,1,0,1
no_closer,1,1,0
no_bigger,1,1,0
nit_enough,1,1,0
nigh_unplayable,1,1,0
newly_nefarious,1,0,1
newly_incredible,1,0,1
newly_embarrassing,1,0,1
newly_appealing,1,0,1
nevertheless_unsuitable,1,1,0
nevertheless_reluctant,1,1,0
nevertheless_grateful,1,1,0
nevertheless_assertive,1,1,0
nevertheless_alive,1,1,0
never_wise,1,1,0
never_welcome,1,1,0
never_visible,1,1,0
necessarily_possible,1,1,0
necessarily_plausible,1,1,0
nationally_significant,1,1,0
nearly_poetic,1,0,1
nearly_unusual,1,0,1
nearly_unrecognizable,1,1,0
nearly_universal,1,0,1
nearly_strong,1,1,0
nearly_smooth,1,1,0
nearly_smart,1,1,0
nearly_sharp,1,1,0
nearly_reliable,1,1,0
nearly_popular,1,1,0
nearly_irrelevant,1,0,1
necessarily_adaptive,1,1,0
nearly_instantaneous,1,1,0
nearly_influential,1,1,0
nearly_impenetrable,1,1,0
nearly_identical,1,1,0
nearly_human,1,0,1
nearly_hilarious,1,1,0
nearly_fit,1,1,0
nearly_empty,1,1,0
nearly_dramatic,1,1,0
nearly_worth,1,1,0
necessarily_admirable,1,1,0
nearly_cheap,1,1,0
necessarily_beautiful,1,1,0
necessarily_callous,1,1,0
necessarily_brutal,1,1,0
necessarily_boring,1,1,0
necessarily_bold,1,1,0
necessarily_biodegradable,1,1,0
necessarily_bigger,1,1,0
necessarily_best,1,1,0
necessarily_benign,1,1,0
necessarily_benevolent,1,0,1
necessarily_aware,1,1,0
necessarily_affordable,1,1,0
necessarily_autobiographical,1,1,0
necessarily_artificial,1,0,1
necessarily_arbitrary,1,1,0
necessarily_appealing,1,1,0
necessarily_antithetical,1,1,0
necessarily_amiss,1,0,1
necessarily_alarming,1,0,1
necessarily_alarmed,1,0,1
necessarily_agile,1,1,0
nearly_cold,1,0,1
nearly_ambitious,1,1,0
necessarily_perfect,1,1,0
naturally_heavy,1,1,0
naturally_present,1,1,0
naturally_powerful,1,1,0
naturally_peaceful,1,1,0
naturally_neat,1,1,0
naturally_near,1,1,0
naturally_matte,1,1,0
naturally_incorrect,1,0,1
naturally_improper,1,0,1
naturally_illicit,1,0,1
naturally_great,1,1,0
naturally_radiant,1,1,0
naturally_funny,1,1,0
naturally_evident,1,0,1
naturally_curious,1,1,0
naturally_black,1,1,0
naturally_beautiful,1,1,0
naturally_attractive,1,0,1
naturally_astute,1,1,0
naturally_aggressive,1,1,0
naturally_adept,1,1,0
naturally_qualified,1,1,0
naturally_resistant,1,1,0
nearly_adequate,1,1,0
near_full,1,1,0
near_worthy,1,1,0
near_tired,1,1,0
near_sorry,1,0,1
near_smart,1,1,0
near_quiet,1,1,0
near_qualified,1,1,0
near_large,1,1,0
near_involved,1,1,0
near_germane,1,1,0
near_equal,1,1,0
naturally_secret,1,1,0
near_absolute,1,1,0
naturally_wrong,1,1,0
naturally_vile,1,1,0
naturally_tame,1,1,0
naturally_talented,1,1,0
naturally_sympathetic,1,1,0
naturally_sustainable,1,1,0
naturally_social,1,1,0
naturally_sociable,1,1,0
necessarily_capable,1,1,0
necessarily_charismatic,1,1,0
necessarily_cheap,1,1,0
necessarily_inevitable,1,1,0
necessarily_lasting,1,1,0
necessarily_jewish,1,1,0
necessarily_irresponsible,1,1,0
necessarily_insurmountable,1,1,0
necessarily_instantaneous,1,1,0
necessarily_insightful,1,0,1
necessarily_innovative,1,1,0
necessarily_inferior,1,1,0
necessarily_inexpensive,1,1,0
necessarily_incompatible,1,0,1
necessarily_mad,1,1,0
necessarily_inclined,1,1,0
necessarily_inaccurate,1,1,0
necessarily_impractical,1,0,1
necessarily_impossible,1,1,0
necessarily_impartial,1,1,0
necessarily_immutable,1,1,0
necessarily_immune,1,1,0
necessarily_idle,1,1,0
necessarily_humorous,1,1,0
necessarily_limited,1,1,0
necessarily_magical,1,0,1
necessarily_circular,1,1,0
necessarily_offensive,1,1,0
necessarily_passive,1,1,0
necessarily_partisan,1,1,0
necessarily_paramount,1,1,0
necessarily_parallel,1,1,0
necessarily_pagan,1,1,0
necessarily_overt,1,1,0
necessarily_other,1,1,0
necessarily_one-sided,1,1,0
necessarily_old,1,1,0
necessarily_objectionable,1,0,1
necessarily_meditative,1,0,1
necessarily_novel,1,1,0
necessarily_normal,1,1,0
necessarily_nice,1,1,0
necessarily_newsworthy,1,1,0
necessarily_negligent,1,1,0
necessarily_neat,1,1,0
necessarily_natural,1,1,0
necessarily_muslim,1,1,0
necessarily_memorable,1,0,1
necessarily_human,1,1,0
necessarily_horrific,1,1,0
necessarily_heroic,1,1,0
necessarily_cruel,1,1,0
necessarily_dignified,1,0,1
necessarily_different,1,0,1
necessarily_detrimental,1,1,0
necessarily_detectable,1,1,0
necessarily_destructive,1,1,0
necessarily_democratic,1,1,0
necessarily_definite,1,1,0
necessarily_deceptive,1,1,0
necessarily_dark,1,1,0
necessarily_credible,1,1,0
necessarily_heretical,1,1,0
necessarily_creative,1,1,0
necessarily_continuous,1,1,0
necessarily_consistent,1,1,0
necessarily_conducive,1,1,0
necessarily_concerned,1,1,0
necessarily_complicated,1,1,0
necessarily_complete,1,1,0
necessarily_compatible,1,1,0
necessarily_coincidental,1,1,0
necessarily_dire,1,1,0
necessarily_doomed,1,1,0
necessarily_dramatic,1,0,1
necessarily_dysfunctional,1,1,0
necessarily_hateful,1,0,1
necessarily_harmful,1,1,0
necessarily_hard,1,1,0
necessarily_futuristic,1,1,0
necessarily_funny,1,1,0
necessarily_frivolous,1,0,1
necessarily_free,1,1,0
necessarily_foreign,1,1,0
necessarily_focused,1,1,0
necessarily_feasible,1,1,0
necessarily_fast,1,1,0
necessarily_extraordinary,1,0,1
necessarily_explicit,1,1,0
necessarily_expensive,1,1,0
necessarily_exhaustive,1,1,0
necessarily_emblematic,1,1,0
necessarily_embarrassing,1,1,0
necessarily_elitist,1,1,0
necessarily_edgy,1,0,1
outrageously_difficult,1,1,0
outrageously_droll,1,0,1
outrageously_evil,1,1,0
particularly_vague,1,1,0
particularly_vigilant,1,1,0
particularly_vicious,1,0,1
particularly_vibrant,1,1,0
particularly_vexing,1,1,0
particularly_verbose,1,1,0
particularly_venerable,1,0,1
particularly_vehement,1,0,1
particularly_variable,1,1,0
particularly_valiant,1,0,1
particularly_user-friendly,1,1,0
particularly_vintage,1,0,1
particularly_urban,1,1,0
particularly_upscale,1,0,1
particularly_upbeat,1,1,0
particularly_unsuccessful,1,1,0
particularly_unstoppable,1,1,0
particularly_unsightly,1,1,0
particularly_unsettled,1,1,0
particularly_unsafe,1,1,0
particularly_unnerved,1,1,0
particularly_villainous,1,0,1
particularly_vital,1,0,1
particularly_unfriendly,1,1,0
partly_monetary,1,1,0
pathetically_hilarious,1,1,0
patently_goofy,1,1,0
patently_distasteful,1,1,0
past_irritating,1,1,0
past_functional,1,1,0
past_first,1,1,0
past_due,1,1,0
passionately_generous,1,1,0
passionately_enamoured,1,1,0
partly_comprehensive,1,1,0
particularly_vivid,1,1,0
particularly_worldly,1,1,0
particularly_wordy,1,1,0
particularly_wondrous,1,0,1
particularly_wonderful,1,0,1
particularly_wistful,1,1,0
particularly_wiser,1,1,0
particularly_whimsical,1,0,1
particularly_weaker,1,1,0
particularly_vulgar,1,0,1
particularly_unmanageable,1,1,0
particularly_unethical,1,1,0
particularly_soft-spoken,1,1,0
particularly_stoic,1,0,1
particularly_succesful,1,1,0
particularly_subversive,1,0,1
particularly_suave,1,0,1
particularly_stuffy,1,1,0
particularly_studious,1,1,0
particularly_strenuous,1,1,0
particularly_streaky,1,1,0
particularly_strained,1,1,0
particularly_straight,1,1,0
particularly_static,1,1,0
particularly_superior,1,1,0
particularly_square,1,1,0
particularly_spooky,1,0,1
particularly_spoiled,1,1,0
particularly_spicy,1,1,0
particularly_sour,1,1,0
particularly_sorry,1,1,0
particularly_sore,1,1,0
particularly_soothing,1,0,1
particularly_solicitous,1,1,0
particularly_superhuman,1,0,1
particularly_supernatural,1,0,1
particularly_undeserved,1,1,0
particularly_tiny,1,1,0
particularly_undemocratic,1,0,1
particularly_unconventional,1,0,1
particularly_uncertain,1,0,1
particularly_transformative,1,0,1
particularly_transcendent,1,1,0
particularly_tolerant,1,1,0
particularly_toasty,1,0,1
particularly_titillating,1,0,1
particularly_tired,1,1,0
particularly_time-consuming,1,1,0
particularly_susceptible,1,1,0
particularly_thoughtful,1,0,1
particularly_tense,1,1,0
particularly_tender,1,1,0
particularly_tempting,1,1,0
particularly_tart,1,1,0
particularly_tangible,1,0,1
particularly_synonymous,1,1,0
particularly_sweet,1,1,0
particularly_suspenseful,1,1,0
pathetically_mundane,1,1,0
pathologically_angry,1,1,0
pathologically_rare,1,1,0
perfectly_peaceful,1,1,0
perfectly_right,1,1,0
perfectly_ridiculous,1,1,0
perfectly_rhythmic,1,1,0
perfectly_repeatable,1,1,0
perfectly_ready,1,1,0
perfectly_random,1,1,0
perfectly_predictive,1,1,0
perfectly_possible,1,1,0
perfectly_perfect,1,1,0
perfectly_palatable,1,1,0
perfectly_satisfactory,1,1,0
perfectly_organic,1,1,0
perfectly_objective,1,1,0
perfectly_mobile,1,1,0
perfectly_lovely,1,1,0
perfectly_logical,1,1,0
perfectly_innocent,1,1,0
perfectly_infallible,1,1,0
perfectly_impenetrable,1,1,0
perfectly_impartial,1,1,0
perfectly_sanguine,1,1,0
perfectly_simultaneous,1,1,0
peculiarly_attractive,1,0,1
perfectly_tight,1,1,0
perhaps_many,1,1,0
perhaps_greater,1,1,0
perhaps_equal,1,0,1
perhaps_deeper,1,1,0
perhaps_best,1,0,1
perfectly_wrong,1,1,0
perfectly_victorious,1,1,0
perfectly_truthful,1,1,0
perfectly_transparent,1,1,0
perfectly_thorough,1,1,0
perfectly_sincere,1,1,0
perfectly_synonymous,1,1,0
perfectly_symbiotic,1,1,0
perfectly_sweet,1,1,0
perfectly_sure,1,1,0
perfectly_straightforward,1,1,0
perfectly_square,1,1,0
perfectly_spherical,1,1,0
perfectly_skillful,1,1,0
perfectly_skilled,1,0,1
perfectly_immune,1,1,0
perfectly_identical,1,1,0
perfectly_humiliating,1,1,0
peculiarly_white,1,1,0
perfectly_attuned,1,1,0
perfectly_appropriate,1,0,1
perfectly_alike,1,1,0
perfectly_agnostic,1,1,0
perfectly_admirable,1,1,0
perfectly_acceptable,1,1,0
perfectly_able,1,1,0
perennially_stunning,1,0,1
perennially_saccharine,1,1,0
peculiarly_victorian,1,0,1
perfectly_horizontal,1,1,0
peculiarly_strange,1,0,1
peculiarly_southern,1,0,1
peculiarly_noble,1,1,0
peculiarly_libertarian,1,0,1
peculiarly_italian,1,0,1
peculiarly_german,1,0,1
peculiarly_christian,1,0,1
peculiarly_characteristic,1,0,1
peculiarly_beautiful,1,0,1
perfectly_audible,1,1,0
perfectly_bad,1,1,0
perfectly_balanced,1,1,0
perfectly_bilingual,1,1,0
perfectly_harmonious,1,1,0
perfectly_harmless,1,1,0
perfectly_graceful,1,1,0
perfectly_friendly,1,1,0
perfectly_flexible,1,1,0
perfectly_fine,1,1,0
perfectly_exempt,1,1,0
perfectly_equitable,1,1,0
perfectly_empty,1,1,0
perfectly_emblematic,1,0,1
perfectly_dry,1,1,0
perfectly_disinterested,1,1,0
perfectly_discreet,1,1,0
perfectly_democratic,1,1,0
perfectly_definitive,1,1,0
perfectly_correct,1,1,0
perfectly_convenient,1,1,0
perfectly_complete,1,1,0
perfectly_comfortable,1,1,0
particularly_solemn,1,0,1
particularly_soft,1,0,1
perhaps_outspoken,1,1,0
particularly_meaty,1,0,1
particularly_momentous,1,0,1
particularly_moderate,1,1,0
particularly_mobile,1,1,0
particularly_military,1,1,0
particularly_mild,1,1,0
particularly_metaphysical,1,0,1
particularly_messy,1,1,0
particularly_merciful,1,1,0
particularly_medical,1,0,1
particularly_measurable,1,1,0
particularly_muslim,1,0,1
particularly_mature,1,1,0
particularly_massive,1,1,0
particularly_malevolent,1,0,1
particularly_male,1,0,1
particularly_mainstream,1,1,0
particularly_magnificent,1,0,1
particularly_lush,1,1,0
particularly_lovable,1,1,0
particularly_loose,1,1,0
particularly_monogamous,1,1,0
particularly_narrow,1,1,0
particularly_long-lasting,1,1,0
particularly_obnoxious,1,1,0
particularly_organized,1,0,1
particularly_ordinary,1,0,1
particularly_optimal,1,1,0
particularly_ominous,1,0,1
particularly_oily,1,1,0
particularly_off-putting,1,0,1
particularly_odious,1,0,1
particularly_obtuse,1,1,0
particularly_obscure,1,1,0
particularly_obedient,1,1,0
particularly_nationalistic,1,1,0
particularly_nutritious,1,1,0
particularly_numerous,1,1,0
particularly_nuanced,1,1,0
particularly_nourishing,1,1,0
particularly_notorious,1,1,0
particularly_nomadic,1,1,0
particularly_neutral,1,1,0
particularly_neat,1,1,0
particularly_near,1,1,0
particularly_long-lived,1,1,0
particularly_lofty,1,1,0
particularly_sneaky,1,0,1
particularly_independent,1,1,0
particularly_international,1,0,1
particularly_intentional,1,0,1
particularly_integral,1,1,0
particularly_inspired,1,1,0
particularly_insidious,1,0,1
particularly_insecure,1,1,0
particularly_innocent,1,0,1
particularly_indulgent,1,1,0
particularly_indispensable,1,1,0
particularly_incorrect,1,0,1
particularly_invasive,1,0,1
particularly_incompatible,1,0,1
particularly_impractical,1,0,1
particularly_impactful,1,1,0
particularly_immoral,1,1,0
particularly_imminent,1,0,1
particularly_immersive,1,1,0
particularly_illegal,1,1,0
particularly_idyllic,1,1,0
particularly_idiosyncratic,1,0,1
particularly_introspective,1,1,0
particularly_involved,1,1,0
particularly_literary,1,0,1
particularly_largest,1,0,1
particularly_liquid,1,1,0
particularly_lighthearted,1,1,0
particularly_lifelike,1,1,0
particularly_liberating,1,1,0
particularly_lethal,1,1,0
particularly_legible,1,1,0
particularly_legal,1,0,1
particularly_leftist,1,1,0
particularly_lazy,1,0,1
particularly_large-scale,1,1,0
particularly_irrational,1,1,0
particularly_labor-intensive,1,1,0
particularly_joyous,1,1,0
particularly_joyful,1,1,0
particularly_jaw-dropping,1,0,1
particularly_italian,1,0,1
particularly_islamic,1,0,1
particularly_irritating,1,1,0
particularly_irresponsible,1,0,1
particularly_irreplaceable,1,0,1
particularly_ornate,1,0,1
particularly_orthodox,1,1,0
particularly_ostentatious,1,0,1
particularly_representative,1,1,0
particularly_risque,1,0,1
particularly_rigid,1,1,0
particularly_revolting,1,0,1
particularly_revered,1,1,0
particularly_retro,1,0,1
particularly_respectful,1,1,0
particularly_respectable,1,1,0
particularly_resonant,1,1,0
particularly_resolute,1,1,0
particularly_renewable,1,1,0
particularly_rosy,1,0,1
particularly_remorseful,1,1,0
particularly_relieved,1,1,0
particularly_reliant,1,1,0
particularly_relatable,1,1,0
particularly_regrettable,1,1,0
particularly_regional,1,1,0
particularly_regal,1,0,1
particularly_refreshing,1,0,1
particularly_receptive,1,1,0
particularly_roomy,1,0,1
particularly_rowdy,1,1,0
particularly_outdated,1,1,0
particularly_sexist,1,0,1
particularly_smarter,1,1,0
particularly_slow,1,1,0
particularly_skinny,1,1,0
particularly_skillful,1,1,0
particularly_sketchy,1,0,1
particularly_similar,1,1,0
particularly_silly,1,0,1
particularly_shady,1,0,1
particularly_sexual,1,1,0
particularly_sensual,1,1,0
particularly_rude,1,1,0
particularly_sensational,1,0,1
particularly_self-destructive,1,1,0
particularly_scrupulous,1,1,0
particularly_scottish,1,0,1
particularly_sci-fi,1,0,1
particularly_sanitary,1,1,0
particularly_salient,1,0,1
particularly_saccharine,1,0,1
particularly_rural,1,0,1
particularly_recent,1,0,1
particularly_real,1,0,1
particularly_racy,1,0,1
particularly_perfect,1,1,0
particularly_pious,1,1,0
particularly_picturesque,1,1,0
particularly_philosophical,1,1,0
particularly_pessimistic,1,1,0
particularly_perverse,1,0,1
particularly_pervasive,1,1,0
particularly_personable,1,1,0
particularly_permeable,1,1,0
particularly_permanent,1,0,1
particularly_pedantic,1,1,0
particularly_quotable,1,1,0
particularly_peculiar,1,0,1
particularly_paranoid,1,1,0
particularly_pale,1,1,0
particularly_pagan,1,0,1
particularly_overt,1,0,1
particularly_oversold,1,1,0
particularly_overpowering,1,1,0
particularly_outraged,1,1,0
particularly_outgoing,1,1,0
particularly_poetic,1,1,0
particularly_polite,1,1,0
particularly_populist,1,1,0
particularly_portable,1,1,0
particularly_queer,1,1,0
particularly_quantitative,1,1,0
particularly_puzzling,1,1,0
particularly_pure,1,1,0
particularly_provocative,1,1,0
particularly_prominent,1,1,0
particularly_prohibitive,1,0,1
particularly_proficient,1,1,0
particularly_profane,1,1,0
particularly_probable,1,1,0
particularly_privileged,1,1,0
particularly_private,1,1,0
particularly_prickly,1,1,0
particularly_prestigious,1,1,0
particularly_presidential,1,1,0
particularly_precious,1,0,1
particularly_praiseworthy,1,0,1
particularly_possible,1,1,0
particularly_posh,1,0,1
perhaps_necessary,1,1,0
perhaps_prettier,1,0,1
outrageously_exciting,1,0,1
politically_revolutionary,1,1,0
politically_sound,1,1,0
politically_sophisticated,1,1,0
politically_smart,1,1,0
politically_simple,1,1,0
politically_sexy,1,1,0
politically_scary,1,1,0
politically_savvy,1,1,0
politically_safe,1,1,0
politically_ruthless,1,1,0
politically_relevant,1,1,0
politically_stilted,1,1,0
politically_related,1,0,1
politically_realistic,1,1,0
politically_reactionary,1,1,0
politically_queer,1,1,0
politically_provocative,1,0,1
politically_productive,1,1,0
politically_privileged,1,0,1
politically_prepared,1,0,1
politically_practical,1,1,0
politically_specific,1,1,0
politically_strident,1,1,0
politically_polarized,1,1,0
positively_good,1,1,0
possibly_illegal,1,1,0
possibly_fun,1,0,1
possibly_damaging,1,1,0
possibly_correct,1,1,0
positively_sure,1,1,0
positively_social,1,0,1
positively_pastoral,1,1,0
positively_muddy,1,1,0
positively_injurious,1,1,0
positively_fair,1,0,1
politically_stronger,1,1,0
positively_evil,1,0,1
positively_dark,1,1,0
poorly_qualified,1,1,0
politically_volatile,1,1,0
politically_uncertain,1,1,0
politically_terminal,1,1,0
politically_tenable,1,1,0
politically_sympathetic,1,1,0
politically_surprising,1,0,1
politically_potent,1,1,0
politically_perilous,1,1,0
politically_aware,1,1,0
politically_damaging,1,0,1
politically_energetic,1,1,0
politically_empowering,1,1,0
politically_eloquent,1,1,0
politically_elite,1,1,0
politically_earnest,1,1,0
politically_difficult,1,0,1
politically_deviant,1,1,0
politically_desirable,1,1,0
politically_deadly,1,1,0
politically_controversial,1,1,0
politically_enticing,1,1,0
politically_contentious,1,1,0
politically_consequential,1,1,0
politically_conscious,1,1,0
politically_conducive,1,1,0
politically_closer,1,1,0
politically_challenging,1,1,0
politically_black,1,1,0
politically_biased,1,1,0
politically_benign,1,0,1
politically_enlightening,1,0,1
politically_extreme,1,1,0
politically_palpable,1,1,0
politically_judicious,1,1,0
politically_outspoken,1,1,0
politically_offensive,1,1,0
politically_nuanced,1,1,0
politically_new,1,0,1
politically_naive,1,0,1
politically_miserable,1,1,0
politically_marginal,1,1,0
politically_likely,1,1,0
politically_liberal,1,1,0
politically_intrinsic,1,0,1
politically_foolhardy,1,1,0
politically_innocent,1,1,0
politically_inclusive,1,1,0
politically_impossible,1,1,0
politically_important,1,1,0
politically_helpless,1,1,0
politically_helpful,1,1,0
politically_harmless,1,1,0
politically_free,1,1,0
politically_fraught,1,0,1
possibly_negative,1,0,1
possibly_noble,1,1,0
possibly_worth,1,1,0
practically_observable,1,0,1
precisely_average,1,1,0
precisely_astute,1,1,0
precisely_analogous,1,1,0
precisely_amiss,1,1,0
practically_wrong,1,0,1
practically_workable,1,1,0
practically_successful,1,1,0
practically_possible,1,1,0
practically_positive,1,0,1
practically_necessary,1,1,0
precisely_broken,1,1,0
practically_meaningful,1,1,0
practically_important,1,0,1
practically_hard,1,1,0
practically_expedient,1,1,0
practically_effortless,1,1,0
practically_capable,1,1,0
practically_beneficial,1,1,0
practically_available,1,1,0
practically_applicable,1,0,1
precisely_balanced,1,1,0
precisely_certain,1,1,0
potentially_awesome,1,1,0
precisely_physical,1,1,0
predictably_positive,1,1,0
predictably_methodical,1,1,0
predictably_lively,1,1,0
predictably_lackluster,1,1,0
predictably_consistent,1,1,0
precisely_uniform,1,1,0
precisely_satisfactory,1,0,1
precisely_remarkable,1,0,1
precisely_pleased,1,1,0
precisely_parallel,1,1,0
precisely_correct,1,1,0
precisely_mindful,1,1,0
precisely_identical,1,1,0
precisely_hostile,1,1,0
precisely_happy,1,1,0
precisely_germane,1,1,0
precisely_french,1,1,0
precisely_equal,1,1,0
precisely_enticing,1,1,0
precisely_domestic,1,0,1
practically_alone,1,1,0
powerfully_unsettling,1,1,0
powerfully_original,1,1,0
potentially_heroic,1,0,1
potentially_nihilistic,1,1,0
potentially_luxurious,1,0,1
potentially_lucrative,1,0,1
potentially_lucky,1,1,0
potentially_joyous,1,0,1
potentially_interesting,1,0,1
potentially_influential,1,1,0
potentially_inaccessible,1,1,0
potentially_improper,1,0,1
potentially_great,1,1,0
powerfully_nostalgic,1,1,0
potentially_good,1,1,0
potentially_fruitful,1,1,0
potentially_far-reaching,1,1,0
potentially_exceptional,1,0,1
potentially_embarrassing,1,1,0
potentially_disruptive,1,0,1
potentially_criminal,1,1,0
potentially_confidential,1,1,0
potentially_capable,1,1,0
potentially_offensive,1,1,0
potentially_poisonous,1,0,1
potentially_prejudicial,1,0,1
potentially_presidential,1,0,1
powerfully_moving,1,1,0
powerfully_interesting,1,1,0
powerfully_interactive,1,1,0
powerfully_imaginative,1,0,1
powerfully_enough,1,1,0
powerfully_economical,1,1,0
powerfully_apropos,1,1,0
powerfully_ambiguous,1,1,0
potentially_wrong,1,0,1
potentially_violent,1,1,0
potentially_useful,1,1,0
potentially_tragic,1,1,0
potentially_toxic,1,0,1
potentially_special,1,0,1
potentially_significant,1,1,0
potentially_sensitive,1,0,1
potentially_seductive,1,0,1
potentially_real,1,1,0
potentially_profitable,1,0,1
politically_beneficial,1,1,0
politically_attractive,1,1,0
perhaps_reflective,1,0,1
personally_least,1,1,0
personally_safe,1,1,0
personally_rich,1,1,0
personally_religious,1,1,0
personally_relevant,1,0,1
personally_relatable,1,1,0
personally_private,1,1,0
personally_offensive,1,1,0
personally_objectionable,1,0,1
personally_novel,1,0,1
personally_judgmental,1,1,0
personally_slow,1,0,1
personally_intrusive,1,1,0
personally_insignificant,1,1,0
personally_horrible,1,0,1
personally_happy,1,1,0
personally_familiar,1,1,0
personally_expressive,1,0,1
personally_experienced,1,1,0
personally_exciting,1,0,1
personally_dramatic,1,1,0
personally_satisfying,1,1,0
personally_special,1,0,1
personally_disrespectful,1,1,0
philosophically_groundbreaking,1,1,0
physically_alluring,1,1,0
physically_addicting,1,1,0
physically_abnormal,1,0,1
philosophically_special,1,0,1
philosophically_significant,1,0,1
philosophically_serious,1,1,0
philosophically_morbid,1,0,1
philosophically_innovative,1,0,1
philosophically_honest,1,1,0
philosophically_conservative,1,1,0
personally_touchy,1,1,0
philosophically_anemic,1,1,0
phenomenally_popular,1,1,0
phenomenally_outrageous,1,0,1
perversely_offensive,1,0,1
perversely_odd,1,1,0
perversely_dismissive,1,1,0
perversely_cool,1,1,0
personally_wrong,1,0,1
personally_violent,1,1,0
personally_distasteful,1,0,1
personally_devastating,1,0,1
politically_appropriate,1,1,0
permanently_closed,1,1,0
permanently_sacrosanct,1,0,1
permanently_rewarding,1,0,1
permanently_private,1,1,0
permanently_popular,1,1,0
permanently_malignant,1,0,1
permanently_less,1,1,0
permanently_injurious,1,1,0
permanently_gray,1,1,0
permanently_dark,1,1,0
permanently_bored,1,1,0
permanently_satisfying,1,0,1
permanently_bad,1,0,1
permanently_amiss,1,1,0
perhaps_worse,1,0,1
perhaps_unreachable,1,1,0
perhaps_thinner,1,0,1
perhaps_suitable,1,0,1
perhaps_short,1,0,1
perhaps_satisfied,1,0,1
perhaps_sadder,1,0,1
permanently_satisfied,1,1,0
permanently_static,1,1,0
personally_desirous,1,1,0
personally_able,1,1,0
personally_deserving,1,1,0
personally_courageous,1,1,0
personally_compelling,1,1,0
personally_charismatic,1,1,0
personally_bankrupt,1,1,0
personally_appealing,1,1,0
personally_anxious,1,1,0
personally_anti-semitic,1,1,0
personally_afraid,1,1,0
perpetually_sad,1,1,0
permanently_undone,1,1,0
perpetually_pleased,1,1,0
perpetually_pious,1,1,0
perpetually_funny,1,1,0
perpetually_free,1,1,0
permanently_wrong,1,1,0
permanently_worthwhile,1,0,1
permanently_weak,1,1,0
permanently_waterproof,1,1,0
permanently_unlucky,1,1,0
physically_appealing,1,0,1
physically_arduous,1,1,0
physically_attractive,1,1,0
physically_weird,1,0,1
plain_lucky,1,1,0
plain_fraught,1,0,1
plain_evil,1,1,0
plain_dark,1,1,0
plain_cute,1,1,0
pitifully_lyrical,1,1,0
pitifully_hopeful,1,1,0
physiologically_wrong,1,0,1
physiologically_inevitable,1,0,1
physically_useful,1,0,1
plain_stupid,1,1,0
physically_unsafe,1,1,0
physically_toxic,1,1,0
physically_threatening,1,0,1
physically_taxing,1,1,0
physically_tangible,1,1,0
physically_sustainable,1,1,0
physically_stuck,1,1,0
physically_stronger,1,1,0
physically_stressful,1,0,1
plain_palpable,1,1,0
plain_weird,1,1,0
physically_aware,1,1,0
pleasantly_hot,1,1,0
politically_afraid,1,1,0
politically_advisable,1,1,0
politically_adept,1,1,0
pointedly_true,1,1,0
pointedly_political,1,1,0
pleasingly_welcome,1,1,0
pleasingly_reminiscent,1,1,0
pleasingly_melodic,1,0,1
pleasingly_effortless,1,0,1
pleasantly_free,1,0,1
plain_white,1,1,0
pleasantly_disappointed,1,1,0
playfully_cinematic,1,0,1
plainly_unjust,1,1,0
plainly_unconstitutional,1,1,0
plainly_problematic,1,1,0
plainly_offensive,1,1,0
plainly_inconsistent,1,1,0
plainly_discernible,1,1,0
plain_wrong,1,0,1
physically_strenuous,1,0,1
physically_similar,1,1,0
physically_significant,1,0,1
physically_endangered,1,1,0
physically_handicapped,1,1,0
physically_free,1,1,0
physically_faithful,1,1,0
physically_extreme,1,1,0
physically_extraordinary,1,0,1
physically_explicit,1,0,1
physically_exhausting,1,1,0
physically_excessive,1,1,0
physically_evident,1,0,1
physically_difficult,1,0,1
physically_robust,1,1,0
physically_daunting,1,1,0
physically_dangerous,1,1,0
physically_conspicuous,1,1,0
physically_common,1,0,1
physically_closer,1,1,0
physically_burdensome,1,1,0
physically_blind,1,1,0
physically_beneficial,1,1,0
physically_bad,1,0,1
physically_happy,1,1,0
physically_harmful,1,1,0
physically_huge,1,1,0
physically_hungry,1,1,0
physically_right,1,1,0
physically_qualified,1,1,0
physically_productive,1,0,1
physically_powerful,1,1,0
physically_pleasurable,1,1,0
physically_pleasing,1,0,1
physically_overwhelming,1,1,0
physically_overpowering,1,1,0
physically_notable,1,0,1
physically_mysterious,1,0,1
physically_memorable,1,0,1
physically_measurable,1,0,1
physically_intimidating,1,1,0
physically_intact,1,1,0
physically_insurmountable,1,0,1
physically_independent,1,1,0
physically_impossible,1,0,1
physically_identifiable,1,1,0
physically_hurt,1,1,0
particularly_iconic,1,1,0
particularly_hurtful,1,1,0
particularly_humiliating,1,0,1
overly_musical,1,1,0
overly_onerous,1,0,1
overly_obvious,1,1,0
overly_obsessive,1,1,0
overly_nostalgic,1,1,0
overly_nice,1,1,0
overly_newsworthy,1,1,0
overly_negative,1,1,0
overly_nasty,1,1,0
overly_mysterious,1,0,1
overly_much,1,0,1
overly_ostentatious,1,1,0
overly_mournful,1,1,0
overly_morbid,1,1,0
overly_mobile,1,1,0
overly_mental,1,1,0
overly_menacing,1,1,0
overly_melodramatic,1,1,0
overly_melancholic,1,1,0
overly_mechanical,1,1,0
overly_meaty,1,1,0
overly_opulent,1,1,0
overly_outstanding,1,1,0
overly_malicious,1,0,1
overly_productive,1,1,0
overly_regretful,1,1,0
overly_rebellious,1,0,1
overly_realistic,1,1,0
overly_reactive,1,1,0
overly_reactionary,1,1,0
overly_random,1,1,0
overly_quotable,1,1,0
overly_punchy,1,1,0
overly_progressive,1,1,0
overly_present,1,1,0
overly_painful,1,1,0
overly_practical,1,1,0
overly_pleased,1,1,0
overly_pious,1,1,0
overly_pink,1,0,1
overly_pessimistic,1,1,0
overly_permissive,1,1,0
overly_patriotic,1,0,1
overly_passionate,1,0,1
overly_partisan,1,1,0
overly_mature,1,1,0
overly_macho,1,1,0
overly_enamoured,1,1,0
overly_flat,1,1,0
overly_girly,1,1,0
overly_genuine,1,0,1
overly_geeky,1,1,0
overly_funny,1,0,1
overly_fun,1,1,0
overly_fresh,1,1,0
overly_forthcoming,1,1,0
overly_flattering,1,1,0
overly_flattered,1,1,0
overly_fat,1,1,0
overly_glossy,1,1,0
overly_fast,1,0,1
overly_fair,1,1,0
overly_extreme,1,0,1
overly_extraordinary,1,0,1
overly_expressive,1,1,0
overly_envious,1,1,0
overly_enthralling,1,0,1
overly_enjoyable,1,1,0
overly_engaging,1,0,1
overly_gloomy,1,0,1
overly_gritty,1,1,0
overly_loud,1,1,0
overly_intense,1,0,1
overly_loose,1,0,1
overly_literal,1,1,0
overly_likeable,1,1,0
overly_kinetic,1,1,0
overly_jealous,1,1,0
overly_involved,1,1,0
overly_intrusive,1,1,0
overly_introverted,1,1,0
overly_intricate,1,0,1
overly_innovative,1,0,1
overly_groundbreaking,1,0,1
overly_individualistic,1,1,0
overly_inappropriate,1,0,1
overly_imaginative,1,0,1
overly_humble,1,1,0
overly_hostile,1,1,0
overly_hospitable,1,1,0
overly_horrible,1,0,1
overly_heroic,1,0,1
overly_hard,1,1,0
overly_relevant,1,1,0
overly_repetitive,1,1,0
overly_restful,1,1,0
overly_tolerant,1,1,0
overly_upbeat,1,0,1
overly_unusual,1,0,1
overly_unlucky,1,1,0
overly_uncomfortable,1,0,1
overly_trite,1,0,1
overly_trendy,1,1,0
overly_traditional,1,0,1
overly_touristy,1,0,1
overly_touchy,1,0,1
overly_timid,1,1,0
overly_upsetting,1,0,1
overly_tight,1,1,0
overly_tidy,1,1,0
overly_theatrical,1,1,0
overly_tense,1,1,0
overly_tenacious,1,1,0
overly_tasty,1,1,0
overly_tart,1,1,0
overly_talented,1,1,0
overly_suspicious,1,1,0
overly_upscale,1,1,0
overly_vague,1,1,0
overly_restrictive,1,0,1
overtly_abusive,1,1,0
overtly_anti-semitic,1,0,1
overtly_anti-israel,1,1,0
overtly_anti-american,1,1,0
overtly_antagonistic,1,1,0
overtly_angular,1,0,1
overtly_amusing,1,1,0
overtly_alarming,1,0,1
overtly_agricultural,1,1,0
overtly_adversarial,1,1,0
overtly_abstract,1,1,0
overly_variable,1,1,0
overly_zealous,1,1,0
overly_worthy,1,1,0
overly_worrisome,1,0,1
overly_wonderful,1,0,1
overly_willing,1,1,0
overly_welcoming,1,1,0
overly_weak,1,1,0
overly_vocal,1,1,0
overly_violent,1,1,0
overly_supportive,1,1,0
overly_supernatural,1,0,1
overly_sudden,1,0,1
overly_savory,1,1,0
overly_shiny,1,0,1
overly_sexy,1,1,0
overly_severe,1,0,1
overly_sensible,1,1,0
overly_self-indulgent,1,1,0
overly_secret,1,0,1
overly_seasoned,1,1,0
overly_scientific,1,0,1
overly_scary,1,1,0
overly_satisfying,1,0,1
overly_successful,1,1,0
overly_sappy,1,1,0
overly_safe,1,1,0
overly_sad,1,1,0
overly_rough,1,1,0
overly_roomy,1,1,0
overly_romantic,1,1,0
overly_risque,1,0,1
overly_reverent,1,1,0
overly_revealing,1,1,0
overly_showy,1,1,0
overly_silly,1,0,1
overly_similar,1,1,0
overly_simple,1,1,0
overly_subtle,1,1,0
overly_stylish,1,0,1
overly_stunning,1,0,1
overly_stressful,1,0,1
overly_stimulating,1,1,0
overly_stiff,1,1,0
overly_stereotypical,1,1,0
overly_squeamish,1,1,0
overly_spooky,1,1,0
overly_speculative,1,1,0
overly_specific,1,0,1
overly_sour,1,1,0
overly_sophisticated,1,0,1
overly_solemn,1,1,0
overly_social,1,1,0
overly_smelly,1,0,1
overly_slow,1,1,0
overly_sloppy,1,1,0
overly_skilled,1,1,0
overly_energetic,1,1,0
overly_elaborate,1,0,1
particularly_humanitarian,1,1,0
outwardly_accurate,1,1,0
outwardly_damning,1,0,1
outwardly_critical,1,1,0
outwardly_controversial,1,0,1
outwardly_complex,1,1,0
outwardly_charismatic,1,0,1
outwardly_breathtaking,1,1,0
outwardly_assertive,1,1,0
outwardly_artificial,1,1,0
outwardly_apparent,1,1,0
outstandingly_weird,1,0,1
outwardly_distinctive,1,1,0
outstandingly_innovative,1,0,1
outstandingly_good,1,1,0
outstandingly_funny,1,0,1
outstandingly_fast,1,1,0
outstandingly_difficult,1,0,1
outstandingly_bad,1,1,0
outstandingly_amazing,1,1,0
outright_ugly,1,0,1
outright_threatening,1,1,0
outwardly_different,1,0,1
outwardly_dramatic,1,0,1
outright_supernatural,1,1,0
outwardly_offensive,1,0,1
outwardly_unpleasant,1,0,1
outwardly_successful,1,1,0
outwardly_strange,1,0,1
outwardly_southern,1,0,1
outwardly_remarkable,1,0,1
outwardly_queer,1,1,0
outwardly_prideful,1,1,0
outwardly_political,1,0,1
outwardly_outspoken,1,1,0
outwardly_noteworthy,1,0,1
outwardly_effeminate,1,0,1
outwardly_illegal,1,0,1
outwardly_hostile,1,0,1
outwardly_hateful,1,1,0
outwardly_frightening,1,0,1
outwardly_expressive,1,1,0
outwardly_exciting,1,0,1
outwardly_excited,1,1,0
outwardly_enthusiastic,1,1,0
outwardly_emotional,1,1,0
outright_terrifying,1,1,0
outright_stupid,1,1,0
overly_egregious,1,1,0
outrageously_violent,1,0,1
outright_disappointed,1,1,0
outright_dangerous,1,1,0
outright_confusing,1,1,0
outright_challenging,1,1,0
outright_better,1,1,0
outright_awful,1,1,0
outright_anachronistic,1,0,1
outright_amazing,1,0,1
outright_abhorrent,1,1,0
outrageously_unrealistic,1,0,1
outright_disrespectful,1,1,0
outrageously_steep,1,1,0
outrageously_special,1,0,1
outrageously_rebellious,1,1,0
outrageously_productive,1,1,0
outrageously_powerful,1,1,0
outrageously_memorable,1,0,1
outrageously_implausible,1,1,0
outrageously_funny,1,0,1
outrageously_experimental,1,0,1
outright_disgusting,1,1,0
outright_embarrassing,1,1,0
outright_steep,1,1,0
outright_magical,1,0,1
outright_smart,1,0,1
outright_saccharine,1,1,0
outright_rude,1,1,0
outright_racist,1,0,1
outright_profane,1,1,0
outright_poor,1,1,0
outright_political,1,1,0
outright_negative,1,1,0
outright_malicious,1,1,0
outright_insulting,1,1,0
outright_exciting,1,0,1
outright_immune,1,1,0
outright_illegal,1,0,1
outright_hostile,1,1,0
outright_horrifying,1,0,1
outright_horrific,1,1,0
outright_good,1,0,1
outright_full,1,1,0
outright_frightening,1,1,0
outright_favourite,1,1,0
outwardly_violent,1,0,1
over_bloated,1,1,0
over_direct,1,1,0
overly_cliched,1,1,0
overly_consistent,1,1,0
overly_confusing,1,1,0
overly_confrontational,1,1,0
overly_compact,1,1,0
overly_common,1,1,0
overly_comic,1,1,0
overly_comfy,1,1,0
overly_cluttered,1,1,0
overly_cloying,1,1,0
overly_clever,1,1,0
overly_convenient,1,1,0
overly_clear,1,1,0
overly_clean,1,1,0
overly_chunky,1,1,0
overly_childish,1,1,0
overly_cheesy,1,1,0
overly_cerebral,1,1,0
overly_casual,1,1,0
overly_careful,1,1,0
overly_candid,1,0,1
overly_constructive,1,0,1
overly_convincing,1,1,0
over_dominate,1,1,0
overly_demonstrative,1,1,0
overly_early,1,1,0
overly_eager,1,1,0
overly_dynamic,1,0,1
overly_dreary,1,1,0
overly_divisive,1,0,1
overly_dismayed,1,1,0
overly_discriminatory,1,1,0
overly_discouraged,1,1,0
overly_depressing,1,0,1
overly_demanding,1,1,0
overly_cooperative,1,1,0
overly_delicate,1,1,0
overly_decorative,1,1,0
overly_debilitating,1,1,0
overly_dazzling,1,0,1
overly_daring,1,0,1
overly_cryptic,1,1,0
overly_cruel,1,1,0
overly_creative,1,1,0
overly_cordial,1,1,0
overly_bullish,1,1,0
overly_brutal,1,1,0
overly_brave,1,1,0
over_less,1,0,1
over_sanguine,1,1,0
over_organized,1,1,0
over_opulent,1,1,0
over_optimistic,1,1,0
over_obsessed,1,1,0
over_much,1,0,1
over_more,1,1,0
over_minimum,1,1,0
over_meh,1,1,0
over_keen,1,1,0
overly_bloody,1,1,0
over_inclusive,1,1,0
over_hungry,1,1,0
over_healthy,1,1,0
over_generous,1,1,0
over_funny,1,1,0
over_fluffy,1,1,0
over_exaggerated,1,1,0
over_enough,1,1,0
over_dry,1,1,0
over_seasoned,1,1,0
over_sexualized,1,1,0
over_showy,1,1,0
over_sweet,1,1,0
overly_blessed,1,1,0
overly_bearish,1,0,1
overly_baggy,1,1,0
overly_awful,1,0,1
overly_ashamed,1,1,0
overly_antiquated,1,1,0
overly_alarming,1,0,1
overly_affectionate,1,1,0
overly_advanced,1,0,1
overly_accustomed,1,1,0
overly_abundant,1,1,0
overly_absorbent,1,1,0
overall_scary,1,0,1
overall_lowest,1,1,0
overall_happy,1,1,0
over_wrought,1,1,0
over_worried,1,1,0
over_wet,1,1,0
over_technical,1,1,0
overtly_apparent,1,0,1
overtly_artsy,1,1,0
overtly_aware,1,1,0
particularly_contradictory,1,0,1
particularly_crunchy,1,1,0
particularly_crucial,1,1,0
particularly_cozy,1,1,0
particularly_coy,1,1,0
particularly_covert,1,0,1
particularly_correct,1,1,0
particularly_corny,1,1,0
particularly_convoluted,1,0,1
particularly_conventional,1,1,0
particularly_contemporary,1,1,0
particularly_culpable,1,1,0
particularly_conspicuous,1,1,0
particularly_conscious,1,1,0
particularly_conscientious,1,1,0
particularly_confusing,1,1,0
particularly_confrontational,1,1,0
particularly_confidential,1,1,0
particularly_comprehensive,1,1,0
particularly_compliant,1,1,0
particularly_compassionate,1,0,1
particularly_cryptic,1,1,0
particularly_cultural,1,0,1
particularly_comical,1,0,1
particularly_delightful,1,0,1
particularly_discerning,1,1,0
particularly_disastrous,1,0,1
particularly_disappointing,1,0,1
particularly_disagreeable,1,0,1
particularly_dirty,1,0,1
particularly_diligent,1,1,0
particularly_destructive,1,1,0
particularly_despondent,1,1,0
particularly_demonstrative,1,1,0
particularly_delighted,1,1,0
particularly_cunning,1,0,1
particularly_delicate,1,0,1
particularly_dejected,1,1,0
particularly_deft,1,1,0
particularly_definite,1,0,1
particularly_defensive,1,1,0
particularly_decisive,1,1,0
particularly_decadent,1,1,0
particularly_dead,1,0,1
particularly_cutesy,1,0,1
particularly_communal,1,0,1
particularly_cold,1,0,1
overtly_beneficial,1,1,0
particularly_attuned,1,1,0
particularly_benign,1,1,0
particularly_benevolent,1,1,0
particularly_basic,1,0,1
particularly_balanced,1,1,0
particularly_awkward,1,1,0
particularly_averse,1,1,0
particularly_autobiographical,1,1,0
particularly_authentic,1,0,1
particularly_atypical,1,0,1
particularly_atrocious,1,0,1
particularly_bipartisan,1,0,1
particularly_astounding,1,0,1
particularly_asinine,1,0,1
particularly_asian,1,0,1
particularly_arresting,1,1,0
particularly_arab,1,0,1
particularly_appetizing,1,1,0
particularly_apologetic,1,1,0
particularly_anti-semitic,1,1,0
particularly_anti-gay,1,1,0
particularly_biodiverse,1,1,0
particularly_bitchy,1,0,1
particularly_clear-cut,1,1,0
particularly_celebrated,1,1,0
particularly_civilized,1,1,0
particularly_civil,1,1,0
particularly_cinematic,1,0,1
particularly_chinese,1,0,1
particularly_chilling,1,1,0
particularly_chill,1,0,1
particularly_chatty,1,1,0
particularly_centrist,1,0,1
particularly_central,1,1,0
particularly_catastrophic,1,1,0
particularly_black,1,0,1
particularly_captivating,1,1,0
particularly_capable,1,1,0
particularly_candid,1,1,0
particularly_campy,1,0,1
particularly_buggy,1,1,0
particularly_broad,1,1,0
particularly_brazen,1,1,0
particularly_blue,1,0,1
particularly_bloody,1,1,0
particularly_disconcerting,1,1,0
particularly_discouraged,1,1,0
particularly_discoverable,1,1,0
particularly_fulfilling,1,0,1
particularly_golden,1,1,0
particularly_gnarly,1,0,1
particularly_glad,1,1,0
particularly_german,1,0,1
particularly_gendered,1,1,0
particularly_futuristic,1,0,1
particularly_furious,1,1,0
particularly_funky,1,0,1
particularly_functional,1,1,0
particularly_frustrating,1,1,0
particularly_gory,1,1,0
particularly_fruity,1,1,0
particularly_fruitful,1,1,0
particularly_frightful,1,1,0
particularly_freaky,1,0,1
particularly_fortunate,1,1,0
particularly_foreign,1,0,1
particularly_foreboding,1,0,1
particularly_forbidden,1,1,0
particularly_focused,1,1,0
particularly_good-looking,1,1,0
particularly_gracious,1,1,0
particularly_dispassionate,1,1,0
particularly_heartwarming,1,1,0
particularly_human,1,1,0
particularly_horrendous,1,1,0
particularly_honourable,1,1,0
particularly_honorable,1,0,1
particularly_homophobic,1,1,0
particularly_homemade,1,1,0
particularly_holy,1,1,0
particularly_hip,1,0,1
particularly_heterosexual,1,0,1
particularly_heartbroken,1,1,0
particularly_grateful,1,1,0
particularly_hazy,1,1,0
particularly_hazardous,1,0,1
particularly_harrowing,1,1,0
particularly_hard-hitting,1,1,0
particularly_guilty,1,0,1
particularly_grotesque,1,0,1
particularly_gross,1,0,1
particularly_gregarious,1,1,0
particularly_greek,1,0,1
particularly_festive,1,1,0
particularly_fearsome,1,0,1
particularly_faster,1,1,0
particularly_elastic,1,1,0
particularly_enduring,1,1,0
particularly_encouraging,1,0,1
particularly_encouraged,1,1,0
particularly_enchanting,1,0,1
particularly_enamoured,1,1,0
particularly_employable,1,1,0
particularly_eloquent,1,1,0
particularly_elite,1,1,0
particularly_elated,1,1,0
particularly_egalitarian,1,0,1
particularly_fast-paced,1,1,0
particularly_effeminate,1,0,1
particularly_eerie,1,1,0
particularly_ecstatic,1,1,0
particularly_early,1,1,0
particularly_dubious,1,0,1
particularly_dovish,1,0,1
particularly_divisive,1,1,0
particularly_divine,1,0,1
particularly_disturbed,1,1,0
particularly_enforceable,1,1,0
particularly_english,1,1,0
particularly_enlightened,1,1,0
particularly_enviable,1,0,1
particularly_far-fetched,1,1,0
particularly_false,1,1,0
particularly_factual,1,1,0
particularly_fabulous,1,1,0
particularly_exuberant,1,0,1
particularly_extensive,1,1,0
particularly_expressive,1,0,1
particularly_expert,1,1,0
particularly_expansive,1,1,0
particularly_exhausting,1,1,0
particularly_executive,1,0,1
particularly_exclusive,1,0,1
particularly_excellent,1,1,0
particularly_euphoric,1,1,0
particularly_ethereal,1,1,0
particularly_erratic,1,0,1
particularly_erotic,1,1,0
particularly_equivocal,1,0,1
particularly_epic,1,0,1
particularly_anti-american,1,1,0
particularly_ancient,1,0,1
particularly_analytical,1,0,1
overtly_naughty,1,0,1
overtly_ostentatious,1,0,1
overtly_off-putting,1,1,0
overtly_odd,1,0,1
overtly_nutty,1,0,1
overtly_nostalgic,1,1,0
overtly_noisy,1,1,0
overtly_new,1,0,1
overtly_negative,1,1,0
overtly_nefarious,1,0,1
overtly_musical,1,1,0
overtly_partisan,1,1,0
overtly_monstrous,1,1,0
overtly_misogynistic,1,1,0
overtly_memorable,1,0,1
overtly_mean,1,1,0
overtly_masculine,1,0,1
overtly_male,1,1,0
overtly_macho,1,0,1
overtly_liberal,1,0,1
overtly_jealous,1,1,0
overtly_other,1,0,1
overtly_patriotic,1,1,0
overtly_suspicious,1,0,1
overtly_risque,1,1,0
overtly_sinful,1,0,1
overtly_showy,1,0,1
overtly_shocking,1,0,1
overtly_sexist,1,1,0
overtly_serious,1,0,1
overtly_secular,1,1,0
overtly_seasonal,1,0,1
overtly_sci-fi,1,0,1
overtly_scary,1,1,0
overtly_revelatory,1,0,1
overtly_physical,1,0,1
overtly_regal,1,0,1
overtly_rebellious,1,1,0
overtly_rational,1,1,0
overtly_radical,1,1,0
overtly_pushy,1,0,1
overtly_promotional,1,1,0
overtly_profitable,1,1,0
overtly_powerful,1,1,0
overtly_pleasant,1,0,1
overtly_islamic,1,0,1
overtly_ironic,1,0,1
overtly_invasive,1,1,0
overtly_conflicted,1,1,0
overtly_emotional,1,1,0
overtly_embarrassing,1,0,1
overtly_edgy,1,0,1
overtly_ecstatic,1,1,0
overtly_downbeat,1,0,1
overtly_dogmatic,1,1,0
overtly_distracting,1,0,1
overtly_depressing,1,1,0
overtly_criminal,1,0,1
overtly_concerned,1,1,0
overtly_intellectual,1,0,1
overtly_conceptual,1,1,0
overtly_complicated,1,0,1
overtly_comical,1,1,0
overtly_combustible,1,0,1
overtly_cheesy,1,0,1
overtly_cheap,1,0,1
overtly_cerebral,1,0,1
overtly_buddhist,1,1,0
overtly_boyish,1,0,1
overtly_engaging,1,1,0
overtly_enjoyable,1,0,1
overtly_ergonomic,1,0,1
overtly_erotic,1,0,1
overtly_incoherent,1,0,1
overtly_inappropriate,1,0,1
overtly_improper,1,0,1
overtly_impressed,1,1,0
overtly_illicit,1,0,1
overtly_homosexual,1,0,1
overtly_helpful,1,1,0
overtly_gruesome,1,0,1
overtly_gory,1,0,1
overtly_good,1,0,1
overtly_friendly,1,1,0
overtly_foolish,1,1,0
overtly_fit,1,1,0
overtly_figurative,1,0,1
overtly_feminist,1,1,0
overtly_fashionable,1,0,1
overtly_fantastical,1,0,1
overtly_evident,1,1,0
overtly_ethnic,1,1,0
overtly_soft,1,1,0
overtly_sweet,1,1,0
particularly_amenable,1,1,0
painfully_miscast,1,1,0
palpably_absurd,1,1,0
painstakingly_simple,1,1,0
painfully_wrong,1,0,1
painfully_unfunny,1,1,0
painfully_tight,1,1,0
painfully_shy,1,1,0
painfully_sharp,1,1,0
painfully_realistic,1,1,0
painfully_poetic,1,0,1
painfully_lopsided,1,1,0
partially_exciting,1,0,1
painfully_intrusive,1,1,0
painfully_hot,1,1,0
painfully_honest,1,1,0
painfully_graphic,1,1,0
painfully_boring,1,1,0
overwhelmingly_wrong,1,0,1
overwhelmingly_wretched,1,1,0
overwhelmingly_wide,1,1,0
overwhelmingly_white,1,1,0
partially_aware,1,1,0
partially_feasible,1,1,0
overtly_sympathetic,1,1,0
particularly_acidic,1,1,0
particularly_ambivalent,1,1,0
particularly_ambiguous,1,0,1
particularly_alternative,1,0,1
particularly_allergic,1,1,0
particularly_alarmed,1,0,1
particularly_agile,1,1,0
particularly_affecting,1,1,0
particularly_aesthetic,1,0,1
particularly_advisable,1,1,0
particularly_accommodating,1,1,0
partially_full,1,1,0
particularly_acceptable,1,1,0
particularly_able,1,1,0
partially_valuable,1,1,0
partially_trustworthy,1,1,0
partially_successful,1,1,0
partially_strong,1,1,0
partially_open,1,1,0
partially_new,1,1,0
partially_healthy,1,1,0
overwhelmingly_valuable,1,1,0
overwhelmingly_urgent,1,0,1
overwhelmingly_ugly,1,0,1
overwhelmingly_better,1,1,0
overwhelmingly_feminine,1,1,0
overwhelmingly_exciting,1,0,1
overwhelmingly_egregious,1,0,1
overwhelmingly_drastic,1,0,1
overwhelmingly_deep,1,1,0
overwhelmingly_confusing,1,1,0
overwhelmingly_challenging,1,1,0
overwhelmingly_busy,1,1,0
overwhelmingly_big,1,1,0
overwhelmingly_angry,1,1,0
overwhelmingly_tough,1,0,1
overwhelmingly_amazing,1,1,0
overtly_weird,1,0,1
overtly_vulgar,1,0,1
overtly_visible,1,1,0
overtly_unusual,1,0,1
overtly_unrealistic,1,0,1
overtly_unhealthy,1,0,1
overtly_topical,1,1,0
overtly_theological,1,1,0
overwhelmingly_fresh,1,0,1
overwhelmingly_great,1,0,1
overwhelmingly_hungry,1,1,0
overwhelmingly_interesting,1,1,0
overwhelmingly_thick,1,1,0
overwhelmingly_sure,1,1,0
overwhelmingly_strong,1,1,0
overwhelmingly_spectacular,1,0,1
overwhelmingly_salty,1,1,0
overwhelmingly_sad,1,1,0
overwhelmingly_romantic,1,1,0
overwhelmingly_rich,1,1,0
overwhelmingly_republican,1,1,0
overwhelmingly_remarkable,1,0,1
overwhelmingly_religious,1,1,0
overwhelmingly_reliable,1,1,0
overwhelmingly_quick,1,1,0
overwhelmingly_productive,1,1,0
overwhelmingly_optimistic,1,1,0
overwhelmingly_objectionable,1,1,0
overwhelmingly_nutty,1,1,0
overwhelmingly_liberal,1,1,0
overwhelmingly_large,1,1,0
most_nuanced,1,1,0
most_noteworthy,1,1,0
most_morbid,1,0,1
later_surprised,1,1,0
legally_actionable,1,0,1
legally_accountable,1,1,0
legally_acceptable,1,1,0
lawfully_wrong,1,0,1
lawfully_present,1,1,0
laughably_unqualified,1,1,0
laughably_loathsome,1,1,0
laughably_bad,1,1,0
later_victorian,1,1,0
largely_unregulated,1,1,0
legally_avoidable,1,1,0
largely_unprofitable,1,1,0
largely_supportive,1,1,0
largely_satisfying,1,1,0
largely_responsible,1,1,0
largely_female,1,1,0
largely_christian,1,1,0
largely_available,1,1,0
knowingly_wrong,1,0,1
knowingly_violent,1,0,1
legally_armed,1,1,0
legally_beholden,1,1,0
knowingly_small,1,1,0
legally_objectionable,1,0,1
legally_suspect,1,0,1
legally_sophisticated,1,0,1
legally_sensible,1,1,0
legally_right,1,1,0
legally_related,1,1,0
legally_prohibitive,1,0,1
legally_problematic,1,1,0
legally_ok,1,1,0
legally_official,1,0,1
legally_necessary,1,1,0
legally_complex,1,1,0
legally_indian,1,1,0
legally_free,1,1,0
legally_employable,1,1,0
legally_eligible,1,1,0
legally_due,1,1,0
legally_drunk,1,1,0
legally_distinct,1,1,0
legally_deficient,1,0,1
legally_controversial,1,1,0
knowingly_uncomplicated,1,1,0
knowingly_slow,1,1,0
just_true,1,1,0
just_warm,1,1,0
justly_deserving,1,0,1
justifiably_wrong,1,0,1
justifiably_rebellious,1,1,0
justifiably_insane,1,1,0
just_worthless,1,0,1
just_worse,1,0,1
just_wild,1,0,1
just_wet,1,0,1
just_weak,1,1,0
just_visual,1,1,0
justly_terrible,1,0,1
just_utilitarian,1,1,0
just_useful,1,0,1
just_unusual,1,0,1
just_unprecedented,1,1,0
just_unlucky,1,1,0
just_universal,1,0,1
just_unique,1,1,0
just_unacceptable,1,1,0
just_unable,1,1,0
justly_famous,1,1,0
keenly_alive,1,1,0
knowingly_ordinary,1,1,0
kinda_queer,1,1,0
knowingly_modest,1,1,0
knowingly_misleading,1,1,0
knowingly_manipulative,1,1,0
knowingly_liable,1,1,0
knowingly_intelligent,1,1,0
knowingly_humble,1,1,0
knowingly_helpful,1,1,0
knowingly_funny,1,1,0
kinda_warm,1,1,0
kinda_prime,1,1,0
keenly_focused,1,1,0
kinda_new,1,1,0
kinda_hypocritical,1,1,0
kinda_friendly,1,1,0
kinda_excited,1,0,1
kinda_complex,1,1,0
kinda_boring,1,1,0
kinda_bad,1,1,0
keenly_obvious,1,1,0
keenly_interested,1,1,0
legally_undone,1,1,0
legally_unfair,1,0,1
legally_usable,1,1,0
less_black,1,1,0
less_celebrated,1,1,0
less_caustic,1,1,0
less_careless,1,1,0
less_broad,1,1,0
less_brash,1,1,0
less_bouncy,1,1,0
less_bombastic,1,1,0
less_boisterous,1,1,0
less_bleak,1,1,0
less_bigoted,1,1,0
less_ceremonial,1,1,0
less_biblical,1,0,1
less_bewildering,1,1,0
less_bewildered,1,0,1
less_beguiling,1,1,0
less_basic,1,1,0
less_bashful,1,1,0
less_banal,1,1,0
less_balanced,1,1,0
less_awe,1,1,0
less_celebratory,1,1,0
less_cheap,1,1,0
legitimately_adversarial,1,0,1
less_cocky,1,0,1
less_concrete,1,1,0
less_complete,1,1,0
less_complacent,1,1,0
less_competent,1,1,0
less_compatible,1,1,0
less_compact,1,1,0
less_combustible,1,1,0
less_colourful,1,1,0
less_cohesive,1,0,1
less_coarse,1,1,0
less_cheerful,1,0,1
less_clumsy,1,1,0
less_closer,1,0,1
less_close,1,0,1
less_cliched,1,1,0
less_clean,1,0,1
less_classy,1,0,1
less_cinematic,1,0,1
less_chilling,1,1,0
less_childish,1,1,0
less_autistic,1,1,0
less_attuned,1,1,0
less_attentive,1,1,0
less_abysmal,1,1,0
less_adversarial,1,1,0
less_adroit,1,1,0
less_adept,1,1,0
less_actual,1,1,0
less_acquainted,1,1,0
less_achievable,1,1,0
less_accustomed,1,1,0
less_accomplished,1,1,0
less_accommodating,1,1,0
less_abusive,1,0,1
less_athletic,1,1,0
less_abundant,1,1,0
less_absolute,1,1,0
less_abrasive,1,1,0
legitimately_wrong,1,0,1
legitimately_subject,1,0,1
legitimately_injured,1,1,0
legitimately_fast,1,1,0
legitimately_evil,1,1,0
legitimately_available,1,1,0
less_afraid,1,1,0
less_agitated,1,1,0
less_alert,1,0,1
less_alive,1,1,0
less_astonished,1,1,0
less_assertive,1,1,0
less_aspirational,1,1,0
less_asleep,1,1,0
less_articulate,1,1,0
less_artful,1,1,0
less_arrogant,1,1,0
less_arresting,1,1,0
less_archaic,1,1,0
less_arab,1,1,0
less_approachable,1,0,1
less_apocalyptic,1,0,1
less_antiquated,1,0,1
less_angry,1,1,0
less_amused,1,0,1
less_amenable,1,1,0
less_ambivalent,1,1,0
less_ambiguous,1,1,0
less_alright,1,1,0
just_typical,1,0,1
just_tricky,1,0,1
less_confrontational,1,1,0
just_dusty,1,1,0
just_erotic,1,1,0
just_episodic,1,1,0
just_entertaining,1,1,0
just_energetic,1,0,1
just_emotional,1,1,0
just_embarrassing,1,0,1
just_efficient,1,0,1
just_effective,1,0,1
just_dynamic,1,1,0
just_dominant,1,0,1
just_expressive,1,1,0
just_disruptive,1,0,1
just_disastrous,1,0,1
just_desirable,1,1,0
just_deficient,1,1,0
just_decorative,1,1,0
just_dead,1,0,1
just_dark,1,1,0
just_dangerous,1,1,0
just_custom,1,1,0
just_exceptional,1,1,0
just_extraordinary,1,0,1
just_cozy,1,0,1
just_great,1,1,0
just_inane,1,1,0
just_impossible,1,1,0
just_impatient,1,0,1
just_imaginable,1,1,0
just_hungry,1,1,0
just_helpful,1,0,1
just_heavy,1,0,1
just_heavier,1,0,1
just_guilty,1,1,0
just_gray,1,1,0
just_factual,1,0,1
just_glad,1,1,0
just_gay,1,1,0
just_functional,1,0,1
just_frustrating,1,1,0
just_french,1,1,0
just_flashy,1,0,1
just_federal,1,1,0
just_fantastic,1,1,0
just_faithful,1,0,1
just_creepy,1,0,1
just_correct,1,0,1
just_tender,1,0,1
just_amiable,1,1,0
just_awesome,1,1,0
just_attributable,1,1,0
just_artificial,1,1,0
just_arrogant,1,1,0
just_arbitrary,1,1,0
just_anxious,1,1,0
just_anti-social,1,1,0
just_antagonistic,1,1,0
just_anecdotal,1,1,0
just_affordable,1,0,1
just_benign,1,1,0
just_adventurous,1,0,1
just_adorable,1,0,1
just_accidental,1,1,0
just_academic,1,1,0
jaw-droppingly_sumptuous,1,1,0
jaw-droppingly_offensive,1,0,1
irritatingly_crumbly,1,1,0
irritatingly_conspicuous,1,1,0
irritatingly_angelic,1,1,0
just_awful,1,1,0
just_better,1,1,0
just_convenient,1,1,0
just_coincidental,1,1,0
just_content,1,1,0
just_consistent,1,0,1
just_concrete,1,1,0
just_concerned,1,1,0
just_complicated,1,0,1
just_competent,1,1,0
just_commonplace,1,1,0
just_common,1,0,1
just_cold,1,1,0
just_clumsy,1,0,1
just_bittersweet,1,0,1
just_close,1,1,0
just_chilling,1,0,1
just_charming,1,1,0
just_challenging,1,1,0
just_canadian,1,1,0
just_buddhist,1,1,0
just_boring,1,1,0
just_blind,1,1,0
just_bleak,1,1,0
just_incapable,1,0,1
just_incomprehensible,1,1,0
just_inconvenient,1,0,1
just_relaxing,1,0,1
just_selfish,1,1,0
just_scary,1,1,0
just_scared,1,1,0
just_savory,1,1,0
just_satisfying,1,0,1
just_satisfactory,1,1,0
just_rude,1,1,0
just_rhetorical,1,1,0
just_resourceful,1,1,0
just_refreshing,1,1,0
just_shameful,1,1,0
just_red,1,1,0
just_recreational,1,1,0
just_reckless,1,1,0
just_ready,1,1,0
just_reactionary,1,1,0
just_raw,1,0,1
just_raucous,1,1,0
just_random,1,1,0
just_racist,1,1,0
just_sexist,1,1,0
just_shocked,1,1,0
just_incorrect,1,0,1
just_suitable,1,0,1
just_temporary,1,1,0
just_symbolic,1,1,0
just_sweet,1,1,0
just_suspect,1,1,0
just_surreal,1,0,1
just_surprised,1,1,0
just_superficial,1,1,0
just_superb,1,1,0
just_sunny,1,1,0
just_sufficient,1,0,1
just_similar,1,1,0
just_stupid,1,1,0
just_stunning,1,1,0
just_stuck,1,1,0
just_standard,1,1,0
just_spontaneous,1,0,1
just_special,1,0,1
just_sore,1,0,1
just_small,1,0,1
just_slow,1,0,1
just_quick,1,0,1
just_pushy,1,1,0
just_priceless,1,1,0
just_loud,1,0,1
just_muslim,1,1,0
just_monumental,1,1,0
just_monotonous,1,0,1
just_mild,1,0,1
just_mental,1,0,1
just_medical,1,1,0
just_mechanical,1,1,0
just_malicious,1,1,0
just_lower,1,0,1
just_little,1,0,1
just_present,1,0,1
just_linear,1,1,0
just_likely,1,1,0
just_light,1,0,1
just_lawful,1,1,0
just_large,1,0,1
just_lacking,1,0,1
just_irritated,1,0,1
just_informative,1,1,0
just_individual,1,1,0
just_nauseous,1,1,0
just_new,1,0,1
just_notable,1,0,1
just_noticeable,1,0,1
just_pregnant,1,1,0
just_potential,1,1,0
just_popular,1,0,1
just_political,1,1,0
just_polite,1,1,0
just_pleasurable,1,0,1
just_pleasing,1,0,1
just_personal,1,1,0
just_patient,1,1,0
just_past,1,1,0
just_passive,1,1,0
just_passionate,1,1,0
just_passable,1,1,0
just_painful,1,0,1
just_oversized,1,0,1
just_one-sided,1,1,0
just_okay,1,1,0
just_occasional,1,1,0
just_obsessed,1,0,1
less_conflicted,1,1,0
less_confused,1,1,0
less_serviceable,1,0,1
less_merciful,1,1,0
less_motivated,1,1,0
less_more,1,1,0
less_monumental,1,1,0
less_monolithic,1,1,0
less_moderate,1,1,0
less_misleading,1,1,0
less_mindless,1,0,1
less_messy,1,1,0
less_meritorious,1,0,1
less_melodic,1,1,0
less_mundane,1,0,1
less_mellow,1,1,0
less_meaty,1,1,0
less_mean,1,1,0
less_mature,1,1,0
less_massive,1,1,0
less_marvellous,1,0,1
less_many,1,0,1
less_manly,1,0,1
less_manifest,1,1,0
less_mournful,1,1,0
less_murky,1,1,0
less_maddening,1,1,0
less_nostalgic,1,1,0
less_open-ended,1,1,0
less_open,1,1,0
less_old-school,1,1,0
less_obtrusive,1,1,0
less_obsolete,1,1,0
less_obsessed,1,1,0
less_observable,1,1,0
less_notorious,1,1,0
less_noteworthy,1,1,0
less_normal,1,1,0
less_narcissistic,1,1,0
less_nonsensical,1,1,0
less_nimble,1,1,0
less_newsworthy,1,1,0
less_new,1,0,1
less_neurotic,1,1,0
less_nerve-racking,1,1,0
less_negative,1,1,0
less_naughty,1,1,0
less_nationalistic,1,1,0
less_malevolent,1,1,0
less_macho,1,1,0
less_inflammatory,1,1,0
less_international,1,1,0
less_ironic,1,1,0
less_irksome,1,0,1
less_invigorating,1,0,1
less_invasive,1,1,0
less_intricate,1,0,1
less_intrepid,1,1,0
less_intransigent,1,1,0
less_intolerant,1,1,0
less_intimidated,1,1,0
less_intensive,1,1,0
less_irritable,1,1,0
less_intact,1,1,0
less_insurmountable,1,1,0
less_inspirational,1,1,0
less_insane,1,0,1
less_inquisitive,1,1,0
less_inopportune,1,1,0
less_innocent,1,1,0
less_ingrained,1,1,0
less_infuriating,1,1,0
less_irrational,1,1,0
less_irritated,1,1,0
less_luscious,1,1,0
less_lifeless,1,1,0
less_lucky,1,1,0
less_lucid,1,1,0
less_lower,1,0,1
less_loopy,1,1,0
less_loathsome,1,1,0
less_literal,1,1,0
less_limited,1,0,1
less_likeable,1,0,1
less_likable,1,1,0
less_liable,1,1,0
less_irritating,1,1,0
less_less,1,1,0
less_lazy,1,0,1
less_labor-intensive,1,1,0
less_keen,1,0,1
less_judgmental,1,1,0
less_joyous,1,1,0
less_joyful,1,0,1
less_jolly,1,0,1
less_jewish,1,1,0
less_opportune,1,1,0
less_oppressed,1,1,0
less_opulent,1,1,0
less_readable,1,1,0
less_repressive,1,1,0
less_regrettable,1,1,0
less_refreshing,1,0,1
less_refreshed,1,0,1
less_refined,1,1,0
less_red,1,1,0
less_recognizable,1,1,0
less_receptive,1,1,0
less_rebellious,1,1,0
less_reachable,1,1,0
less_resonant,1,1,0
less_raucous,1,1,0
less_rampant,1,1,0
less_ragged,1,1,0
less_racial,1,0,1
less_quixotic,1,1,0
less_quirky,1,1,0
less_questionable,1,0,1
less_quaint,1,1,0
less_puzzling,1,1,0
less_resolute,1,1,0
less_respectable,1,0,1
less_orderly,1,1,0
less_routine,1,1,0
less_scrappy,1,1,0
less_scientific,1,0,1
less_scholarly,1,1,0
less_scenic,1,1,0
less_scarce,1,1,0
less_scandalous,1,1,0
less_sanguine,1,1,0
less_sacrosanct,1,1,0
less_rude,1,1,0
less_ripe,1,0,1
less_responsive,1,0,1
less_rigid,1,1,0
less_ridiculous,1,1,0
less_richer,1,1,0
less_revolting,1,0,1
less_reverent,1,1,0
less_revealing,1,1,0
less_restrictive,1,1,0
less_restrained,1,1,0
less_restful,1,1,0
less_prudent,1,1,0
less_prophetic,1,0,1
less_proper,1,0,1
less_patronizing,1,1,0
less_physical,1,0,1
less_photogenic,1,0,1
less_phony,1,1,0
less_persistent,1,0,1
less_perplexing,1,1,0
less_perplexed,1,1,0
less_permanent,1,0,1
less_perceptible,1,0,1
less_peaceful,1,1,0
less_palpable,1,1,0
less_proficient,1,1,0
less_palatable,1,1,0
less_painless,1,1,0
less_overwhelming,1,1,0
less_overt,1,1,0
less_overpowering,1,1,0
less_outstanding,1,0,1
less_other,1,0,1
less_ostentatious,1,1,0
less_ordinary,1,0,1
less_picturesque,1,1,0
less_pious,1,1,0
less_plain,1,1,0
less_plastic,1,1,0
less_proactive,1,1,0
less_privileged,1,1,0
less_private,1,1,0
less_principled,1,1,0
less_pretty,1,0,1
less_pretentious,1,1,0
less_presidential,1,1,0
less_present,1,1,0
less_praiseworthy,1,1,0
less_potential,1,1,0
less_possible,1,0,1
less_positive,1,1,0
less_populist,1,1,0
less_poisonous,1,1,0
less_pointed,1,1,0
less_poetic,1,1,0
less_pliable,1,0,1
less_pleasurable,1,0,1
less_pleasing,1,1,0
less_informed,1,1,0
less_infinite,1,0,1
less_connected,1,1,0
less_disturbed,1,1,0
less_ecological,1,1,0
less_eclectic,1,1,0
less_dysfunctional,1,1,0
less_dumbfounded,1,1,0
less_dull,1,1,0
less_dubious,1,1,0
less_dry,1,1,0
less_drinkable,1,1,0
less_dreadful,1,1,0
less_distressing,1,1,0
less_economical,1,1,0
less_distinguished,1,1,0
less_distinctive,1,1,0
less_distasteful,1,0,1
less_distant,1,1,0
less_disquieting,1,0,1
less_disproportionate,1,1,0
less_disorienting,1,1,0
less_disoriented,1,1,0
less_dismal,1,1,0
less_economic,1,1,0
less_ecstatic,1,1,0
less_dishonest,1,1,0
less_enthused,1,0,1
less_expansive,1,1,0
less_excruciating,1,1,0
less_evocative,1,1,0
less_european,1,1,0
less_erratic,1,1,0
less_equal,1,1,0
less_epic,1,1,0
less_enviable,1,1,0
less_entrepreneurial,1,1,0
less_enlightening,1,1,0
less_educational,1,1,0
less_enigmatic,1,1,0
less_enduring,1,1,0
less_encouraging,1,1,0
less_empowering,1,0,1
less_embarrassed,1,1,0
less_eloquent,1,0,1
less_egalitarian,1,1,0
less_effusive,1,1,0
less_effectual,1,1,0
less_disillusioned,1,1,0
less_discrete,1,0,1
less_infamous,1,1,0
less_courteous,1,1,0
less_damning,1,1,0
less_cunning,1,1,0
less_cumbersome,1,1,0
less_crude,1,1,0
less_crisp,1,1,0
less_creamy,1,0,1
less_crazy,1,1,0
less_crafty,1,1,0
less_cowardly,1,1,0
less_cost-efficient,1,1,0
less_defensible,1,1,0
less_convoluted,1,1,0
less_convinced,1,0,1
less_controllable,1,1,0
less_contrived,1,0,1
less_constant,1,1,0
less_considerate,1,0,1
less_considerable,1,0,1
less_conscious,1,1,0
less_conscientious,1,0,1
less_debilitating,1,1,0
less_deluded,1,1,0
less_disconcerting,1,0,1
less_detailed,1,1,0
less_disciplined,1,1,0
less_discerning,1,1,0
less_discernible,1,0,1
less_disappointed,1,1,0
less_disagreeable,1,0,1
less_disabled,1,1,0
less_dirty,1,0,1
less_diabolical,1,1,0
less_devout,1,1,0
less_destabilizing,1,1,0
less_demonic,1,1,0
less_despicable,1,1,0
less_desirous,1,1,0
less_descriptive,1,0,1
less_derivative,1,1,0
less_derelict,1,1,0
less_deranged,1,1,0
less_depressed,1,1,0
less_dependent,1,1,0
less_demoralizing,1,0,1
less_experienced,1,1,0
less_exploitable,1,0,1
less_exploitative,1,1,0
less_hopeful,1,1,0
less_hypnotic,1,1,0
less_hygienic,1,1,0
less_hurtful,1,1,0
less_hurt,1,1,0
less_humble,1,1,0
less_huge,1,1,0
less_hostile,1,1,0
less_horrified,1,1,0
less_horrid,1,1,0
less_honourable,1,1,0
less_ideal,1,0,1
less_honest,1,1,0
less_homely,1,0,1
less_historic,1,1,0
less_hip,1,1,0
less_hilarious,1,1,0
less_hideous,1,1,0
less_heterogeneous,1,1,0
less_hectic,1,1,0
less_heartwarming,1,1,0
less_hysterical,1,1,0
less_identical,1,0,1
less_explosive,1,1,0
less_incapable,1,1,0
less_inevitable,1,0,1
less_inept,1,1,0
less_industrious,1,1,0
less_individual,1,1,0
less_indelible,1,1,0
less_incredible,1,1,0
less_incorrect,1,0,1
less_incomprehensible,1,0,1
less_incompatible,1,0,1
less_inane,1,1,0
less_ignorant,1,1,0
less_improbable,1,1,0
less_implausible,1,1,0
less_impervious,1,1,0
less_impatient,1,1,0
less_impactful,1,1,0
less_immersive,1,1,0
less_immediate,1,1,0
less_imaginable,1,1,0
less_illuminating,1,1,0
less_heartbreaking,1,1,0
less_hazy,1,1,0
less_hasty,1,1,0
less_fertile,1,1,0
less_fond,1,1,0
less_flawless,1,0,1
less_flawed,1,1,0
less_flamboyant,1,1,0
less_firm,1,1,0
less_finite,1,1,0
less_fiery,1,1,0
less_fictional,1,1,0
less_festive,1,0,1
less_feminist,1,0,1
less_harsh,1,1,0
less_favourable,1,1,0
less_fat,1,1,0
less_fastidious,1,1,0
less_farcical,1,1,0
less_fantastical,1,1,0
less_false,1,1,0
less_faithful,1,0,1
less_exuberant,1,1,0
less_exquisite,1,0,1
less_foolish,1,1,0
less_foreboding,1,1,0
less_foreign,1,1,0
less_forgivable,1,1,0
less_hardy,1,1,0
less_handy,1,1,0
less_grumpy,1,1,0
less_gruesome,1,1,0
less_grotesque,1,1,0
less_grievous,1,1,0
less_gratifying,1,0,1
less_gloomy,1,1,0
less_glaring,1,1,0
less_gentle,1,1,0
less_geeky,1,1,0
less_furious,1,0,1
less_fruitful,1,0,1
less_frivolous,1,1,0
less_frightened,1,1,0
less_french,1,1,0
less_fragile,1,1,0
less_forthcoming,1,1,0
less_formal,1,1,0
irresistibly_neurotic,1,1,0
irresistibly_contagious,1,0,1
irredeemably_wicked,1,1,0
individually_unaffordable,1,1,0
infinitely_divisible,1,1,0
infinitely_deep,1,1,0
infinitely_abundant,1,1,0
infectiously_clever,1,1,0
inevitably_modest,1,1,0
inevitably_bad,1,0,1
inevitably_addictive,1,1,0
inescapably_stuck,1,1,0
individually_wealthy,1,1,0
individually_superior,1,1,0
infinitely_large,1,1,0
individually_significant,1,1,0
individually_serious,1,1,0
individually_rich,1,1,0
individually_quick,1,1,0
individually_overwhelming,1,1,0
individually_noteworthy,1,1,0
individually_impressive,1,1,0
individually_important,1,0,1
individually_heinous,1,1,0
infinitely_graceful,1,1,0
infinitely_less,1,0,1
individually_essential,1,1,0
inherently_amiss,1,0,1
inherently_bigger,1,0,1
inherently_beneficial,1,0,1
inherently_beautiful,1,1,0
inherently_awesome,1,0,1
inherently_apocalyptic,1,0,1
inherently_anti-democratic,1,0,1
inherently_anachronistic,1,0,1
inherently_amusing,1,0,1
inherently_amoral,1,1,0
inherently_alarming,1,0,1
infinitely_precious,1,0,1
inherently_adult,1,0,1
inherently_addicting,1,1,0
inherently_adaptive,1,1,0
inherently_abusive,1,0,1
infuriatingly_cheerful,1,1,0
infinitely_worse,1,1,0
infinitely_variable,1,1,0
infinitely_stronger,1,1,0
infinitely_secure,1,1,0
individually_funny,1,1,0
individually_distracting,1,1,0
incredibly_uncomfortable,1,1,0
indeed_contentious,1,0,1
indeed_memorable,1,0,1
indeed_many,1,1,0
indeed_ignorant,1,1,0
indeed_homosexual,1,1,0
indeed_funny,1,0,1
indeed_fun,1,1,0
indeed_free,1,1,0
indeed_fraudulent,1,1,0
indeed_crass,1,1,0
indeed_close,1,1,0
indeed_permanent,1,1,0
indeed_capable,1,1,0
indeed_able,1,1,0
incredibly_wrong,1,0,1
incredibly_worthwhile,1,0,1
incredibly_wealthy,1,1,0
incredibly_vocal,1,1,0
incredibly_violent,1,1,0
incredibly_unique,1,0,1
incredibly_unfashionable,1,1,0
indeed_more,1,1,0
indeed_sensible,1,1,0
individually_decisive,1,1,0
indirectly_proportional,1,1,0
individually_corrupt,1,1,0
individually_conclusive,1,1,0
individually_brilliant,1,1,0
individually_big,1,1,0
individually_available,1,1,0
individually_affordable,1,1,0
individually_accountable,1,1,0
indisputably_huge,1,1,0
indirectly_related,1,1,0
independently_verifiable,1,1,0
indeed_stronger,1,0,1
independently_universal,1,1,0
independently_rich,1,1,0
independently_mobile,1,1,0
independently_damning,1,1,0
independently_curious,1,0,1
independently_close,1,1,0
indeed_uncommon,1,1,0
indeed_typical,1,1,0
indeed_suitable,1,1,0
inherently_bothersome,1,0,1
inherently_cartoonish,1,0,1
inherently_catholic,1,0,1
inherently_hilarious,1,0,1
inherently_inaccurate,1,0,1
inherently_improbable,1,0,1
inherently_impressive,1,0,1
inherently_imprecise,1,0,1
inherently_immature,1,0,1
inherently_illicit,1,0,1
inherently_ideological,1,0,1
inherently_human,1,0,1
inherently_homosexual,1,0,1
inherently_heavy,1,0,1
inherently_indecent,1,0,1
inherently_healthy,1,0,1
inherently_healthier,1,0,1
inherently_hateful,1,0,1
inherently_groundbreaking,1,0,1
inherently_greedy,1,1,0
inherently_greater,1,1,0
inherently_governmental,1,0,1
inherently_godly,1,0,1
inherently_gloomy,1,0,1
inherently_inconsistent,1,0,1
inherently_infallible,1,0,1
inherently_charming,1,0,1
inherently_likable,1,1,0
inherently_medieval,1,0,1
inherently_manly,1,0,1
inherently_manipulative,1,0,1
inherently_magic,1,0,1
inherently_macho,1,0,1
inherently_lucky,1,0,1
inherently_low,1,0,1
inherently_local,1,0,1
inherently_likeable,1,0,1
inherently_liberating,1,0,1
inherently_insurmountable,1,1,0
inherently_left-wing,1,0,1
inherently_left,1,0,1
inherently_lawless,1,0,1
inherently_lawful,1,0,1
inherently_laughable,1,0,1
inherently_lame,1,0,1
inherently_judgmental,1,0,1
inherently_irrational,1,0,1
inherently_invaluable,1,0,1
inherently_fussy,1,0,1
inherently_fun,1,1,0
inherently_fresh,1,0,1
inherently_cruel,1,1,0
inherently_disingenuous,1,0,1
inherently_disagreeable,1,0,1
inherently_deviant,1,0,1
inherently_desirable,1,0,1
inherently_defensible,1,0,1
inherently_defective,1,1,0
inherently_decadent,1,0,1
inherently_dead,1,0,1
inherently_current,1,0,1
inherently_crooked,1,0,1
inherently_fraudulent,1,0,1
inherently_crippling,1,0,1
inherently_creepy,1,0,1
inherently_creative,1,0,1
inherently_correct,1,0,1
inherently_constructive,1,0,1
inherently_coherent,1,1,0
inherently_coercive,1,0,1
inherently_cinematic,1,0,1
inherently_chinese,1,1,0
inherently_dissonant,1,0,1
inherently_distinct,1,0,1
inherently_distinctive,1,1,0
inherently_disturbing,1,0,1
inherently_formal,1,0,1
inherently_foolish,1,0,1
inherently_faulty,1,0,1
inherently_fatal,1,0,1
inherently_fascinating,1,0,1
inherently_false,1,1,0
inherently_extreme,1,0,1
inherently_experimental,1,0,1
inherently_exclusive,1,1,0
inherently_evocative,1,0,1
inherently_entertaining,1,0,1
inherently_english,1,1,0
inherently_elegant,1,0,1
inherently_edifying,1,0,1
inherently_easy,1,1,0
inherently_easier,1,0,1
inherently_dysfunctional,1,0,1
inherently_dumb,1,0,1
inherently_divisive,1,0,1
incredibly_unfamiliar,1,0,1
incredibly_threatening,1,0,1
irredeemably_vile,1,1,0
immensely_attractive,1,1,0
imminently_life-threatening,1,1,0
imminently_explosive,1,1,0
immensely_worried,1,1,0
immensely_successful,1,0,1
immensely_satisfying,1,0,1
immensely_readable,1,1,0
immensely_productive,1,1,0
immensely_interesting,1,0,1
immensely_fishy,1,0,1
immediately_worried,1,1,0
impeccably_fresh,1,1,0
immediately_vulnerable,1,0,1
immediately_verifiable,1,1,0
immediately_uplifting,1,0,1
immediately_understandable,1,1,0
immediately_tired,1,0,1
immediately_threatening,1,0,1
immediately_taxable,1,1,0
immediately_susceptible,1,1,0
immediately_striking,1,1,0
imminently_relevant,1,0,1
impeccably_strong,1,0,1
immediately_special,1,0,1
impossibly_impractical,1,0,1
inappropriately_chatty,1,1,0
inappropriately_aggressive,1,1,0
in_clear,1,1,0
improbably_perky,1,1,0
impressively_rich,1,1,0
impressively_intelligent,1,1,0
impressively_complete,1,1,0
impossibly_strenuous,1,1,0
impossibly_small,1,0,1
impossibly_high,1,1,0
implicitly_christian,1,1,0
impossibly_heavy,1,1,0
impossibly_difficult,1,1,0
impossibly_daunting,1,1,0
importantly_great,1,1,0
importantly_bad,1,1,0
implicitly_subversive,1,0,1
implicitly_present,1,1,0
implicitly_meaningful,1,1,0
implicitly_evil,1,0,1
immediately_startling,1,1,0
immediately_shocking,1,1,0
incredibly_tedious,1,1,0
immediately_harmful,1,1,0
immediately_life-threatening,1,1,0
immediately_intuitive,1,1,0
immediately_intriguing,1,1,0
immediately_interesting,1,0,1
immediately_inaccurate,1,1,0
immediately_impressive,1,0,1
immediately_imminent,1,1,0
immediately_idiosyncratic,1,0,1
immediately_helpful,1,1,0
immediately_gratifying,1,0,1
immediately_malicious,1,0,1
immediately_forgettable,1,1,0
immediately_fixable,1,1,0
immediately_fatal,1,0,1
immediately_existential,1,1,0
immediately_dismissive,1,1,0
immediately_dire,1,1,0
immediately_delicious,1,1,0
immediately_definite,1,1,0
immediately_controversial,1,0,1
immediately_likely,1,1,0
immediately_memorable,1,1,0
immediately_sensational,1,0,1
immediately_popular,1,1,0
immediately_rewarding,1,1,0
immediately_replaceable,1,1,0
immediately_recognisable,1,0,1
immediately_quantifiable,1,0,1
immediately_prophetic,1,1,0
immediately_promising,1,1,0
immediately_profound,1,0,1
immediately_productive,1,1,0
immediately_prepared,1,1,0
immediately_poisonous,1,1,0
immediately_necessary,1,1,0
immediately_perfect,1,1,0
immediately_palpable,1,0,1
immediately_painful,1,1,0
immediately_outstanding,1,0,1
immediately_outlandish,1,0,1
immediately_offensive,1,0,1
immediately_noticeable,1,1,0
immediately_noteworthy,1,0,1
immediately_new,1,0,1
inappropriately_generous,1,1,0
inappropriately_humble,1,1,0
inappropriately_lax,1,1,0
incredibly_jewish,1,0,1
incredibly_personal,1,0,1
incredibly_painful,1,1,0
incredibly_offensive,1,1,0
incredibly_mystical,1,0,1
incredibly_massive,1,1,0
incredibly_luxurious,1,0,1
incredibly_lucrative,1,1,0
incredibly_long,1,1,0
incredibly_likable,1,1,0
incredibly_inventive,1,0,1
incredibly_polite,1,1,0
incredibly_intriguing,1,1,0
incredibly_insightful,1,0,1
incredibly_independent,1,1,0
incredibly_improbable,1,1,0
incredibly_imaginative,1,1,0
incredibly_hyperactive,1,1,0
incredibly_heavy,1,1,0
incredibly_harsh,1,0,1
incredibly_happy,1,1,0
incredibly_pissed,1,1,0
incredibly_potent,1,1,0
inappropriately_melodramatic,1,1,0
incredibly_significant,1,0,1
incredibly_talented,1,1,0
incredibly_sure,1,1,0
incredibly_successful,1,1,0
incredibly_strong,1,0,1
incredibly_striking,1,0,1
incredibly_steep,1,0,1
incredibly_specific,1,0,1
incredibly_sociable,1,1,0
incredibly_smart,1,0,1
incredibly_serious,1,0,1
incredibly_powerful,1,1,0
incredibly_scientific,1,0,1
incredibly_sappy,1,1,0
incredibly_sad,1,1,0
incredibly_rough,1,1,0
incredibly_revolutionary,1,0,1
incredibly_remarkable,1,0,1
incredibly_relevant,1,1,0
incredibly_rare,1,1,0
incredibly_prolific,1,1,0
incredibly_grateful,1,1,0
incredibly_graphic,1,0,1
incredibly_frustrating,1,1,0
incredibly_adventurous,1,0,1
incredibly_awkward,1,0,1
incredibly_awful,1,1,0
incredibly_astute,1,1,0
incredibly_artistic,1,0,1
incredibly_approachable,1,0,1
incredibly_appealing,1,1,0
incredibly_ambitious,1,1,0
incredibly_amazing,1,0,1
incredibly_aggressive,1,1,0
increasingly_vital,1,1,0
incredibly_fresh,1,0,1
increasingly_possible,1,1,0
increasingly_likely,1,0,1
increasingly_easy,1,1,0
increasingly_critical,1,1,0
increasingly_confident,1,1,0
increasingly_common,1,1,0
increasingly_aware,1,1,0
increasingly_aggressive,1,1,0
inappropriately_sexual,1,0,1
incredibly_bashful,1,1,0
incredibly_beautiful,1,1,0
incredibly_certain,1,1,0
incredibly_comfortable,1,1,0
incredibly_foolproof,1,1,0
incredibly_expensive,1,1,0
incredibly_exotic,1,0,1
incredibly_entertaining,1,1,0
incredibly_elusive,1,1,0
incredibly_eloquent,1,1,0
incredibly_elaborate,1,0,1
incredibly_dramatic,1,0,1
incredibly_diverse,1,1,0
incredibly_distinctive,1,0,1
incredibly_defensible,1,1,0
incredibly_deep,1,0,1
incredibly_deadly,1,1,0
incredibly_damaging,1,0,1
incredibly_crazy,1,0,1
incredibly_convenient,1,1,0
incredibly_complimentary,1,1,0
incredibly_compelling,1,0,1
incredibly_common,1,1,0
inherently_miserable,1,0,1
inherently_misguided,1,1,0
inherently_misogynistic,1,0,1
intentionally_reckless,1,1,0
interestingly_connected,1,1,0
interestingly_awesome,1,1,0
intentionally_vicious,1,0,1
intentionally_underground,1,1,0
intentionally_silent,1,1,0
intentionally_sexual,1,1,0
intentionally_self-destructive,1,1,0
intentionally_rude,1,1,0
intentionally_rough,1,1,0
intentionally_productive,1,1,0
interestingly_exciting,1,0,1
intentionally_overbearing,1,1,0
intentionally_okay,1,0,1
intentionally_offensive,1,1,0
intentionally_nostalgic,1,1,0
intentionally_mean,1,1,0
intentionally_inaccurate,1,1,0
intentionally_harsh,1,0,1
intentionally_grotesque,1,0,1
intentionally_glamorous,1,1,0
interestingly_different,1,0,1
interestingly_funny,1,0,1
intentionally_evil,1,1,0
internally_wrong,1,1,0
intolerably_preachy,1,1,0
intimately_interwoven,1,1,0
intimately_conscious,1,1,0
intimately_connected,1,1,0
intimately_close,1,1,0
intimately_aware,1,1,0
internationally_popular,1,1,0
internationally_complicated,1,1,0
internationally_competitive,1,1,0
internally_vile,1,1,0
interestingly_innovative,1,0,1
internally_stronger,1,1,0
internally_stable,1,1,0
internally_satisfying,1,1,0
internally_probable,1,1,0
internally_motivating,1,0,1
internally_democratic,1,1,0
internally_coherent,1,1,0
interminably_angry,1,1,0
interestingly_unhappy,1,1,0
intentionally_false,1,1,0
intentionally_earnest,1,1,0
inherently_monstrous,1,1,0
intellectually_fit,1,1,0
intellectually_memorable,1,0,1
intellectually_mature,1,1,0
intellectually_loathsome,1,0,1
intellectually_lightweight,1,1,0
intellectually_incriminating,1,0,1
intellectually_inconsistent,1,0,1
intellectually_inaccessible,1,1,0
intellectually_impressive,1,1,0
intellectually_fraudulent,1,0,1
intellectually_equal,1,1,0
intellectually_satisfactory,1,1,0
intellectually_engaging,1,1,0
intellectually_disconcerting,1,0,1
intellectually_difficult,1,1,0
intellectually_deferential,1,1,0
intellectually_critical,1,1,0
intellectually_complex,1,1,0
intellectually_compelling,1,1,0
intellectually_bankrupt,1,0,1
intellectually_aloof,1,1,0
intellectually_persuasive,1,1,0
intellectually_sensible,1,1,0
intentionally_disrespectful,1,1,0
intensely_sugary,1,1,0
intentionally_dishonest,1,1,0
intentionally_campy,1,1,0
intentionally_blind,1,1,0
intentionally_bad,1,1,0
intentionally_artful,1,0,1
intentionally_alarming,1,1,0
intensely_urgent,1,1,0
intensely_tricky,1,0,1
intensely_sweet,1,1,0
intensely_popular,1,1,0
intellectually_shallow,1,1,0
intensely_mindful,1,1,0
intensely_involved,1,1,0
intensely_hyperbolic,1,1,0
intensely_floral,1,1,0
intensely_exciting,1,0,1
intensely_distracting,1,0,1
intensely_difficult,1,1,0
intellectually_special,1,0,1
intellectually_sound,1,0,1
intricately_deep,1,1,0
intricately_detailed,1,1,0
intriguingly_flavorful,1,1,0
intrinsically_startling,1,0,1
intrinsically_unlikely,1,0,1
intrinsically_uninteresting,1,1,0
intrinsically_unhealthy,1,0,1
intrinsically_unethical,1,0,1
intrinsically_ugly,1,1,0
intrinsically_true,1,0,1
intrinsically_troubling,1,0,1
intrinsically_tragic,1,0,1
intrinsically_sweet,1,0,1
intrinsically_slow,1,0,1
intrinsically_unthinkable,1,1,0
intrinsically_silly,1,0,1
intrinsically_significant,1,0,1
intrinsically_shameful,1,0,1
intrinsically_scary,1,0,1
intrinsically_safe,1,1,0
intrinsically_sacrosanct,1,0,1
intrinsically_right-wing,1,0,1
intrinsically_rewarding,1,1,0
intrinsically_reprehensible,1,0,1
intrinsically_unsustainable,1,0,1
intrinsically_visual,1,0,1
intriguingly_thoughtful,1,1,0
invariably_wise,1,1,0
irredeemably_tragic,1,1,0
irredeemably_evil,1,1,0
irrationally_presumptuous,1,0,1
irrationally_negative,1,1,0
irrationally_exuberant,1,1,0
irrationally_angry,1,1,0
ironically_clever,1,0,1
inversely_proportional,1,1,0
invariably_wretched,1,1,0
invariably_tight,1,1,0
intrinsically_weird,1,0,1
invariably_successful,1,1,0
invariably_squeamish,1,1,0
invariably_benign,1,1,0
invariably_appealing,1,1,0
intuitively_wise,1,1,0
intuitively_plausible,1,1,0
intrinsically_young,1,0,1
intrinsically_wicked,1,0,1
intrinsically_western,1,0,1
intrinsically_reckless,1,0,1
intrinsically_reactionary,1,1,0
intrinsically_progressive,1,0,1
intrinsically_damaging,1,0,1
intrinsically_false,1,0,1
intrinsically_disturbing,1,0,1
intrinsically_difficult,1,0,1
intrinsically_devious,1,0,1
intrinsically_deplorable,1,0,1
intrinsically_democratic,1,0,1
intrinsically_defective,1,0,1
intrinsically_dangerous,1,0,1
intrinsically_damning,1,1,0
intrinsically_creepy,1,0,1
intrinsically_positive,1,0,1
intrinsically_correct,1,0,1
intrinsically_contradictory,1,0,1
intrinsically_conservative,1,0,1
intrinsically_childish,1,0,1
intrinsically_charming,1,0,1
intrinsically_beautiful,1,0,1
intrinsically_asian,1,0,1
intrinsically_american,1,0,1
intrinsically_absurd,1,0,1
intrinsically_fascinating,1,0,1
intrinsically_fine,1,1,0
intrinsically_gay,1,0,1
intrinsically_horrific,1,0,1
intrinsically_odd,1,0,1
intrinsically_novel,1,0,1
intrinsically_noble,1,0,1
intrinsically_nefarious,1,0,1
intrinsically_musical,1,0,1
intrinsically_moral,1,0,1
intrinsically_militaristic,1,0,1
intrinsically_meritorious,1,0,1
intrinsically_meaningless,1,1,0
intrinsically_malicious,1,0,1
intrinsically_left-wing,1,0,1
intrinsically_joyful,1,1,0
intrinsically_japanese,1,0,1
intrinsically_islamic,1,0,1
intrinsically_important,1,0,1
intrinsically_implausible,1,0,1
intrinsically_illegal,1,1,0
intrinsically_humorous,1,1,0
intrinsically_human,1,0,1
intellectually_adventurous,1,1,0
insufferably_cutesy,1,1,0
instinctively_sceptical,1,1,0
inherently_spooky,1,0,1
inherently_technical,1,0,1
inherently_supernatural,1,1,0
inherently_superficial,1,1,0
inherently_substantial,1,0,1
inherently_submissive,1,0,1
inherently_stupid,1,0,1
inherently_strange,1,0,1
inherently_stagnant,1,1,0
inherently_stable,1,0,1
inherently_speculative,1,1,0
inherently_thrilling,1,1,0
inherently_spanish,1,0,1
inherently_social,1,0,1
inherently_smarter,1,1,0
inherently_small,1,0,1
inherently_simple,1,1,0
inherently_shocking,1,0,1
inherently_shameful,1,0,1
inherently_serious,1,0,1
inherently_sensational,1,1,0
inherently_technological,1,0,1
inherently_totalitarian,1,0,1
inherently_worthwhile,1,1,0
inherently_untrue,1,0,1
inherently_western,1,0,1
inherently_weird,1,0,1
inherently_vulnerable,1,1,0
inherently_visual,1,0,1
inherently_vague,1,0,1
inherently_useless,1,0,1
inherently_useful,1,0,1
inherently_uplifting,1,0,1
inherently_unworkable,1,0,1
inherently_unsuitable,1,0,1
inherently_treacherous,1,0,1
inherently_unrealistic,1,0,1
inherently_unprofessional,1,0,1
inherently_unpleasant,1,0,1
inherently_unknowable,1,1,0
inherently_unjust,1,1,0
inherently_uncomfortable,1,0,1
inherently_unappealing,1,0,1
inherently_ugly,1,0,1
inherently_true,1,1,0
inherently_secular,1,0,1
inherently_secret,1,1,0
inherently_satisfying,1,0,1
inherently_obvious,1,0,1
inherently_peaceful,1,0,1
inherently_pathetic,1,0,1
inherently_partisan,1,0,1
inherently_paradoxical,1,0,1
inherently_painful,1,0,1
inherently_original,1,0,1
inherently_oriented,1,1,0
inherently_optimal,1,0,1
inherently_odd,1,0,1
inherently_obscene,1,0,1
inherently_safer,1,0,1
inherently_novel,1,0,1
inherently_nice,1,0,1
inherently_nefarious,1,0,1
inherently_narcissistic,1,0,1
inherently_mystical,1,0,1
inherently_mysterious,1,0,1
inherently_motivating,1,0,1
inherently_most,1,0,1
inherently_moronic,1,0,1
inherently_pernicious,1,0,1
inherently_perverse,1,0,1
inherently_pessimistic,1,1,0
inherently_populist,1,0,1
inherently_sacrosanct,1,0,1
inherently_rotten,1,0,1
inherently_roman,1,0,1
inherently_repugnant,1,1,0
inherently_related,1,1,0
inherently_regressive,1,0,1
inherently_reasonable,1,0,1
inherently_reactionary,1,0,1
inherently_rational,1,0,1
inherently_quiet,1,0,1
inherently_quick,1,0,1
inherently_queer,1,0,1
inherently_profound,1,0,1
inherently_profane,1,0,1
inherently_primitive,1,0,1
inherently_predictive,1,0,1
inherently_precious,1,0,1
inherently_positive,1,0,1
inherently_pornographic,1,0,1
inherently_worse,1,0,1
initially_apparent,1,1,0
instinctively_perfect,1,1,0
insanely_cool,1,0,1
insanely_perverse,1,0,1
insanely_loud,1,1,0
insanely_itchy,1,1,0
insanely_inventive,1,0,1
insanely_intense,1,1,0
insanely_happy,1,1,0
insanely_good,1,0,1
insanely_frenetic,1,0,1
insanely_extreme,1,1,0
insanely_confident,1,1,0
insanely_profound,1,0,1
insanely_complicated,1,0,1
insanely_awesome,1,1,0
insanely_awe,1,1,0
insanely_apparent,1,1,0
inordinately_troubling,1,0,1
inordinately_simple,1,1,0
inordinately_mean,1,0,1
inordinately_evil,1,0,1
innately_virtuous,1,0,1
insanely_pleasurable,1,0,1
insanely_prosperous,1,1,0
initially_appealing,1,0,1
instantly_available,1,1,0
instinctively_hostile,1,1,0
instantly_wrong,1,0,1
instantly_scared,1,1,0
instantly_memorable,1,1,0
instantly_effective,1,1,0
instantly_debilitating,1,1,0
instantly_conducive,1,1,0
instantly_compelling,1,1,0
instantly_comfortable,1,1,0
instantly_attributable,1,1,0
insanely_rich,1,1,0
instantly_amazing,1,1,0
instantly_addictive,1,1,0
inside_worthy,1,1,0
inside_long,1,1,0
inside_enough,1,1,0
insanely_wealthy,1,1,0
insanely_strong,1,0,1
insanely_scared,1,1,0
insanely_satisfying,1,1,0
innately_valuable,1,0,1
innately_unworkable,1,0,1
innately_unpleasant,1,0,1
initially_racist,1,0,1
innately_fun,1,0,1
innately_embarrassing,1,0,1
innately_democratic,1,0,1
innately_dangerous,1,0,1
innately_amiss,1,0,1
innately_addictive,1,0,1
initially_visible,1,1,0
initially_surprising,1,0,1
initially_responsible,1,1,0
initially_popular,1,1,0
innately_unhealthy,1,0,1
initially_open,1,1,0
initially_interested,1,1,0
initially_impressed,1,1,0
initially_hilarious,1,1,0
initially_familiar,1,1,0
initially_eager,1,1,0
initially_compelling,1,0,1
initially_comfortable,1,1,0
initially_aware,1,1,0
innately_gendered,1,1,0
innately_harmful,1,0,1
innately_heroic,1,0,1
innately_human,1,0,1
innately_terrible,1,0,1
innately_spiritual,1,0,1
innately_social,1,0,1
innately_sinful,1,0,1
innately_sexual,1,0,1
innately_secure,1,1,0
innately_religious,1,0,1
innately_radical,1,0,1
innately_problematic,1,0,1
innately_offensive,1,0,1
innately_nefarious,1,0,1
innately_natural,1,0,1
innately_mysterious,1,0,1
innately_malicious,1,0,1
innately_male,1,0,1
innately_irish,1,0,1
innately_interesting,1,0,1
innately_immune,1,1,0
innately_humorous,1,0,1
less_sensational,1,1,0
less_sexual,1,1,0
most_moral,1,1,0
more_homely,1,0,1
more_hyped,1,0,1
more_humanoid,1,1,0
more_humanitarian,1,0,1
more_humanistic,1,1,0
more_horrified,1,1,0
more_horrid,1,1,0
more_homophobic,1,1,0
more_homogeneous,1,1,0
more_homemade,1,1,0
more_hokey,1,1,0
more_icky,1,0,1
more_heterosexual,1,0,1
more_hesitant,1,1,0
more_heartless,1,1,0
more_healthier,1,1,0
more_healthful,1,0,1
more_heady,1,0,1
more_hawkish,1,1,0
more_hassle,1,1,0
more_hard-hitting,1,1,0
more_hyper,1,1,0
more_icy,1,1,0
more_hairy,1,0,1
more_inadequate,1,1,0
more_informal,1,1,0
more_inexpensive,1,1,0
more_inert,1,0,1
more_industrious,1,1,0
more_indian,1,1,0
more_indecent,1,1,0
more_incomplete,1,1,0
more_incisive,1,1,0
more_incidental,1,1,0
more_inaccessible,1,1,0
more_identical,1,1,0
more_impressionable,1,0,1
more_impotent,1,1,0
more_implicit,1,0,1
more_imperfect,1,1,0
more_impeccable,1,1,0
more_immortal,1,0,1
more_illusory,1,1,0
more_illegible,1,0,1
more_idiosyncratic,1,0,1
more_hapless,1,1,0
more_groundless,1,1,0
more_enterprising,1,0,1
more_factual,1,1,0
more_fine,1,1,0
more_financial,1,1,0
more_female,1,1,0
more_federal,1,1,0
more_fatigued,1,1,0
more_fastidious,1,1,0
more_fastest,1,1,0
more_fanatical,1,0,1
more_faint,1,1,0
more_facile,1,0,1
more_flabbergasted,1,1,0
more_fab,1,0,1
more_eye-opening,1,0,1
more_exempt,1,1,0
more_even,1,1,0
more_evasive,1,1,0
more_erudite,1,0,1
more_equivalent,1,0,1
more_equitable,1,1,0
more_environmental,1,1,0
more_firm,1,0,1
more_flawed,1,1,0
more_groundbreaking,1,0,1
more_giddy,1,1,0
more_groovy,1,0,1
more_grey,1,0,1
more_gregarious,1,1,0
more_gratified,1,1,0
more_gradual,1,1,0
more_godly,1,0,1
more_glossy,1,0,1
more_gloomy,1,1,0
more_gleeful,1,1,0
more_genteel,1,1,0
more_forgettable,1,0,1
more_fundamentalist,1,1,0
more_fuel-efficient,1,1,0
more_fresher,1,1,0
more_frail,1,0,1
more_fractious,1,1,0
more_fourth,1,1,0
more_foul,1,1,0
more_forthright,1,1,0
more_formulaic,1,0,1
more_infrequent,1,1,0
more_inherent,1,1,0
more_inhospitable,1,1,0
more_meek,1,1,0
more_mind-blowing,1,0,1
more_miffed,1,1,0
more_meticulous,1,1,0
more_metaphysical,1,0,1
more_metaphorical,1,0,1
more_mesmerising,1,0,1
more_melodramatic,1,1,0
more_melodic,1,0,1
more_mellow,1,1,0
more_meditative,1,0,1
more_mindful,1,1,0
more_medicinal,1,1,0
more_mathematical,1,1,0
more_marvellous,1,1,0
more_marginalized,1,1,0
more_man-made,1,1,0
more_magnetic,1,1,0
more_magic,1,1,0
more_lower,1,0,1
more_low,1,1,0
more_mind-boggling,1,1,0
more_miniscule,1,1,0
more_injured,1,1,0
more_nationalistic,1,1,0
more_neutral,1,1,0
more_nerdy,1,0,1
more_needless,1,1,0
more_nebulous,1,1,0
more_nearer,1,1,0
more_navigable,1,1,0
more_nauseous,1,1,0
more_naturalistic,1,1,0
more_native,1,1,0
more_narrow,1,1,0
more_miscast,1,1,0
more_narrative,1,1,0
more_mythical,1,0,1
more_muslim,1,0,1
more_multicultural,1,0,1
more_muddled,1,1,0
more_moronic,1,1,0
more_morbid,1,1,0
more_moody,1,0,1
more_misinformed,1,1,0
more_loveable,1,1,0
more_louder,1,0,1
more_lopsided,1,1,0
more_invulnerable,1,0,1
more_juicy,1,1,0
more_judgmental,1,1,0
more_jovial,1,1,0
more_joint,1,1,0
more_jittery,1,1,0
more_jaw-dropping,1,1,0
more_itchy,1,1,0
more_irritated,1,1,0
more_irreplaceable,1,1,0
more_intrepid,1,1,0
more_loose,1,1,0
more_intimidated,1,1,0
more_interwoven,1,1,0
more_internal,1,1,0
more_intangible,1,1,0
more_intact,1,1,0
more_insufficient,1,1,0
more_instinctive,1,1,0
more_insensitive,1,0,1
more_inopportune,1,1,0
more_kind,1,0,1
more_laborious,1,1,0
more_lackluster,1,1,0
more_lacklustre,1,1,0
more_long-lived,1,1,0
more_long-lasting,1,1,0
more_lively,1,0,1
more_little,1,1,0
more_litigious,1,1,0
more_literary,1,1,0
more_listenable,1,1,0
more_limitless,1,1,0
more_lightweight,1,1,0
more_lesser,1,1,0
more_less,1,1,0
more_lesbian,1,0,1
more_lenient,1,1,0
more_legit,1,1,0
more_legible,1,1,0
more_legal,1,1,0
more_left-wing,1,1,0
more_leery,1,1,0
more_lawful,1,1,0
more_entrenched,1,1,0
more_encompassing,1,0,1
more_noisy,1,1,0
more_averse,1,1,0
more_beholden,1,1,0
more_bearable,1,0,1
more_bashful,1,1,0
more_barren,1,1,0
more_bankrupt,1,1,0
more_bankable,1,1,0
more_baffled,1,1,0
more_back,1,1,0
more_avid,1,0,1
more_autonomous,1,1,0
more_bent,1,1,0
more_automatic,1,1,0
more_atypical,1,1,0
more_athletic,1,1,0
more_astringent,1,1,0
more_aspirational,1,0,1
more_asleep,1,1,0
more_asinine,1,1,0
more_armed,1,1,0
more_archaic,1,1,0
more_bellicose,1,1,0
more_bespoke,1,1,0
more_appalled,1,1,0
more_brittle,1,0,1
more_centrist,1,0,1
more_caustic,1,1,0
more_catholic,1,1,0
more_catchy,1,1,0
more_carefree,1,1,0
more_cancerous,1,0,1
more_cagey,1,1,0
more_businesslike,1,0,1
more_broadcast,1,0,1
more_brash,1,0,1
more_best,1,1,0
more_bouncy,1,0,1
more_booming,1,1,0
more_bolder,1,0,1
more_bloodthirsty,1,1,0
more_bloated,1,1,0
more_bland,1,1,0
more_blameless,1,0,1
more_binding,1,1,0
more_binary,1,1,0
more_approximate,1,1,0
more_apathetic,1,1,0
more_enamoured,1,1,0
morally_troubling,1,0,1
more_acerbic,1,1,0
more_absorbent,1,0,1
more_abrupt,1,1,0
more_above,1,1,0
more_abnormal,1,0,1
morally_worse,1,1,0
morally_weighty,1,0,1
morally_valid,1,1,0
morally_unambiguous,1,1,0
morally_tidy,1,1,0
more_acrobatic,1,1,0
morally_tenable,1,1,0
morally_strange,1,0,1
morally_special,1,0,1
morally_serious,1,0,1
morally_scandalous,1,1,0
morally_satisfying,1,1,0
morally_sane,1,1,0
morally_safe,1,1,0
morally_respectable,1,1,0
more_acquainted,1,1,0
more_actionable,1,0,1
more_antisocial,1,1,0
more_ambivalent,1,1,0
more_anti-democratic,1,1,0
more_anti-american,1,0,1
more_anomalous,1,0,1
more_anemic,1,1,0
more_anarchic,1,0,1
more_analytical,1,0,1
more_anachronistic,1,1,0
more_ample,1,1,0
more_amoral,1,1,0
more_amateur,1,0,1
more_adaptive,1,1,0
more_altruistic,1,1,0
more_allergic,1,0,1
more_alcoholic,1,0,1
more_alarmed,1,0,1
more_akin,1,1,0
more_aerodynamic,1,1,0
more_adversarial,1,1,0
more_adrift,1,1,0
more_adjustable,1,0,1
more_ceremonial,1,1,0
more_cheap,1,0,1
more_chilly,1,1,0
more_despondent,1,1,0
more_dim,1,0,1
more_digital,1,1,0
more_diffuse,1,1,0
more_die-hard,1,1,0
more_dicey,1,0,1
more_diabolical,1,0,1
more_detectable,1,1,0
more_detached,1,1,0
more_destitute,1,1,0
more_deranged,1,1,0
more_dismayed,1,1,0
more_demonic,1,1,0
more_demented,1,1,0
more_dehydrated,1,1,0
more_deft,1,1,0
more_defiant,1,1,0
more_defamatory,1,1,0
more_decrepit,1,1,0
more_debatable,1,1,0
more_data-driven,1,1,0
more_discernible,1,1,0
more_disordered,1,1,0
more_chinese,1,1,0
more_droll,1,1,0
more_employable,1,0,1
more_empathic,1,1,0
more_empathetic,1,1,0
more_emerging,1,1,0
more_eligible,1,1,0
more_egotistical,1,0,1
more_edgy,1,0,1
more_east,1,1,0
more_drunk,1,1,0
more_dreamy,1,0,1
more_disorganized,1,1,0
more_draconian,1,1,0
more_down,1,1,0
more_dour,1,1,0
more_doomed,1,1,0
more_dominating,1,1,0
more_diversified,1,1,0
more_distorted,1,0,1
more_displeased,1,1,0
more_disoriented,1,1,0
more_damaged,1,0,1
more_dainty,1,1,0
more_daft,1,1,0
more_coercive,1,0,1
more_compulsive,1,0,1
more_compact,1,1,0
more_communist,1,1,0
more_communicative,1,1,0
more_comedic,1,1,0
more_combustible,1,1,0
more_combative,1,1,0
more_collective,1,1,0
more_cohesive,1,1,0
more_co-operative,1,1,0
more_cyclical,1,0,1
more_clueless,1,1,0
more_closer,1,1,0
more_closed,1,1,0
more_clinical,1,1,0
more_claustrophobic,1,0,1
more_civilian,1,1,0
more_circumspect,1,1,0
more_circuitous,1,1,0
more_chuffed,1,1,0
more_conditional,1,1,0
more_confidential,1,1,0
more_confrontational,1,1,0
more_congested,1,1,0
more_cuddly,1,0,1
more_cryptic,1,1,0
more_crude,1,1,0
more_crooked,1,0,1
more_creditable,1,1,0
more_crazier,1,1,0
more_cranky,1,1,0
more_cramped,1,1,0
more_crafty,1,1,0
more_courteous,1,1,0
more_counter-intuitive,1,0,1
more_cost-efficient,1,1,0
more_cosmopolitan,1,1,0
more_cosmic,1,1,0
more_convertible,1,1,0
more_controllable,1,1,0
more_contrived,1,1,0
more_consuming,1,1,0
more_conscientious,1,1,0
more_nihilistic,1,1,0
more_nonchalant,1,1,0
less_shadowy,1,1,0
most_casual,1,1,0
most_concerned,1,0,1
most_comprehensive,1,1,0
most_competent,1,1,0
most_comparable,1,0,1
most_cohesive,1,1,0
most_coherent,1,1,0
most_chinese,1,1,0
most_chatty,1,1,0
most_celebratory,1,1,0
most_carnal,1,0,1
most_costly,1,1,0
most_careful,1,1,0
most_capable,1,1,0
most_brazen,1,1,0
most_boring,1,1,0
most_blunt,1,1,0
most_benign,1,1,0
most_beneficial,1,1,0
most_balanced,1,1,0
most_aware,1,1,0
most_cordial,1,0,1
most_courageous,1,1,0
most_authoritative,1,1,0
most_deserving,1,1,0
most_dramatic,1,1,0
most_dominate,1,1,0
most_distant,1,1,0
most_disciplined,1,1,0
most_dire,1,1,0
most_diplomatic,1,1,0
most_diligent,1,1,0
most_despicable,1,0,1
most_desperate,1,0,1
most_descriptive,1,1,0
most_crucial,1,1,0
most_depressed,1,1,0
most_demonstrative,1,1,0
most_democratic,1,1,0
most_demanding,1,1,0
most_delicious,1,1,0
most_daring,1,1,0
most_damaging,1,1,0
most_current,1,1,0
most_cruel,1,1,0
most_autocratic,1,1,0
most_attentive,1,1,0
more_unoriginal,1,1,0
more_unsympathetic,1,1,0
more_various,1,1,0
more_vapid,1,1,0
more_vacuous,1,1,0
more_usable,1,1,0
more_upscale,1,0,1
more_upright,1,1,0
more_upfront,1,1,0
more_unwatchable,1,0,1
more_unusable,1,0,1
more_unsuited,1,1,0
more_victorian,1,0,1
more_unstoppable,1,0,1
more_unscrupulous,1,1,0
more_unscientific,1,1,0
more_unsatisfactory,1,1,0
more_unremarkable,1,1,0
more_unqualified,1,0,1
more_unprofitable,1,0,1
more_unpretentious,1,1,0
more_unpalatable,1,0,1
more_vegan,1,1,0
more_vitriolic,1,1,0
most_astute,1,1,0
more_zany,1,1,0
most_artsy,1,1,0
most_artistic,1,1,0
most_approachable,1,1,0
most_alarmist,1,0,1
most_agreeable,1,1,0
most_admirable,1,1,0
most_addictive,1,1,0
most_abundant,1,0,1
most_able,1,1,0
more_young,1,1,0
more_voluntary,1,1,0
more_wishful,1,1,0
more_winnable,1,1,0
more_winless,1,1,0
more_weekly,1,1,0
more_weary,1,1,0
more_wearable,1,0,1
more_wary,1,1,0
more_wanted,1,1,0
more_wacky,1,0,1
most_drastic,1,1,0
most_dreadful,1,1,0
most_dynamic,1,1,0
most_impactful,1,1,0
most_inventive,1,1,0
most_intellectual,1,1,0
most_insulting,1,1,0
most_insightful,1,1,0
most_inexpensive,1,1,0
most_industrial,1,0,1
most_individual,1,1,0
most_incisive,1,1,0
most_impoverished,1,1,0
most_immediate,1,1,0
most_jaded,1,0,1
most_humane,1,1,0
most_holy,1,1,0
most_helpful,1,0,1
most_healthy,1,1,0
most_heady,1,1,0
most_hasty,1,1,0
most_harmonious,1,1,0
most_hardcore,1,0,1
most_gruesome,1,1,0
most_inviting,1,1,0
most_laughable,1,1,0
most_eager,1,1,0
most_lyrical,1,1,0
most_modest,1,1,0
most_moderate,1,1,0
most_mobile,1,1,0
most_metallic,1,1,0
most_melodic,1,1,0
most_mature,1,1,0
most_massive,1,1,0
most_manly,1,1,0
most_magnificent,1,1,0
most_luxurious,1,1,0
most_least,1,1,0
most_lurid,1,1,0
most_lucrative,1,1,0
most_loyal,1,0,1
most_lovable,1,1,0
most_logical,1,1,0
most_lively,1,1,0
most_literary,1,1,0
most_liquid,1,1,0
most_legitimate,1,1,0
most_grotesque,1,1,0
most_grave,1,1,0
most_graphic,1,0,1
most_engrossing,1,1,0
most_exclusive,1,1,0
most_excited,1,1,0
most_evocative,1,1,0
most_essential,1,1,0
most_erudite,1,1,0
most_equitable,1,1,0
most_enthralling,1,1,0
most_enlightening,1,1,0
most_enigmatic,1,0,1
most_endearing,1,1,0
most_gracious,1,1,0
most_endangered,1,1,0
most_encouraging,1,1,0
most_emotive,1,1,0
most_embarrassing,1,1,0
most_elusive,1,1,0
most_elaborate,1,0,1
most_egalitarian,1,1,0
most_effectual,1,1,0
most_easygoing,1,1,0
most_experienced,1,1,0
most_explicit,1,1,0
most_exquisite,1,0,1
most_extensive,1,1,0
most_glorious,1,1,0
most_gentle,1,1,0
most_general,1,1,0
most_functional,1,1,0
most_fruity,1,1,0
most_frightening,1,1,0
most_forgettable,1,1,0
most_fluent,1,1,0
most_flavorful,1,1,0
most_figurative,1,1,0
most_fearsome,1,1,0
most_favorite,1,1,0
most_favorable,1,1,0
most_fantastic,1,1,0
most_fanatical,1,1,0
most_familiar,1,1,0
most_false,1,1,0
most_faithful,1,1,0
most_eye-catching,1,1,0
more_unorthodox,1,0,1
more_unlikable,1,1,0
more_nondescript,1,1,0
more_recyclable,1,0,1
more_reverent,1,1,0
more_retrograde,1,1,0
more_restrained,1,1,0
more_restive,1,1,0
more_resolute,1,1,0
more_renowned,1,1,0
more_regulatory,1,1,0
more_regional,1,1,0
more_refreshed,1,0,1
more_recreational,1,0,1
more_right-wing,1,1,0
more_radioactive,1,1,0
more_queer,1,0,1
more_pungent,1,1,0
more_psychotic,1,1,0
more_psychedelic,1,0,1
more_prodigious,1,1,0
more_procedural,1,0,1
more_pro-business,1,1,0
more_principled,1,1,0
more_rife,1,1,0
more_rigid,1,1,0
more_preventable,1,1,0
more_seedy,1,1,0
more_short,1,0,1
more_shitty,1,1,0
more_shareable,1,0,1
more_set,1,1,0
more_self-sufficient,1,1,0
more_self-indulgent,1,0,1
more_self-destructive,1,1,0
more_self-centered,1,1,0
more_self-aware,1,1,0
more_sedate,1,0,1
more_robotic,1,0,1
more_schizophrenic,1,0,1
more_scarier,1,0,1
more_same,1,1,0
more_sadistic,1,1,0
more_russian,1,1,0
more_royal,1,1,0
more_rowdy,1,1,0
more_rousing,1,1,0
more_rotten,1,1,0
more_principal,1,1,0
more_pretty,1,1,0
more_unjustified,1,1,0
more_old,1,1,0
more_painstaking,1,0,1
more_overused,1,1,0
more_overcome,1,1,0
more_overblown,1,0,1
more_orwellian,1,1,0
more_oppressed,1,0,1
more_operatic,1,0,1
more_omnipotent,1,1,0
more_old-school,1,0,1
more_obtuse,1,0,1
more_parallel,1,1,0
more_obtainable,1,1,0
more_obstinate,1,1,0
more_obsessive,1,1,0
more_observable,1,1,0
more_obligatory,1,0,1
more_obese,1,1,0
more_numb,1,1,0
more_novel,1,1,0
more_nostalgia,1,1,0
more_palestinian,1,1,0
more_paranoid,1,1,0
more_prettier,1,1,0
more_petty,1,1,0
more_presentable,1,0,1
more_precocious,1,1,0
more_praiseworthy,1,0,1
more_powerless,1,1,0
more_potential,1,1,0
more_pornographic,1,1,0
more_populist,1,1,0
more_pompous,1,1,0
more_philosophical,1,1,0
more_perverted,1,0,1
more_participatory,1,0,1
more_permeable,1,1,0
more_perfunctory,1,1,0
more_perceptive,1,1,0
more_patronizing,1,1,0
more_patriarchal,1,1,0
more_pathological,1,1,0
more_pastoral,1,1,0
more_passe,1,1,0
more_particular,1,1,0
more_short-sighted,1,0,1
more_shrewd,1,1,0
more_silver,1,1,0
more_timid,1,1,0
more_unassuming,1,1,0
more_unambiguous,1,1,0
more_unaffected,1,1,0
more_treatable,1,1,0
more_translucent,1,1,0
more_transgender,1,1,0
more_trained,1,1,0
more_total,1,1,0
more_top,1,1,0
more_tight,1,1,0
more_unbalanced,1,1,0
more_thriving,1,1,0
more_thrifty,1,0,1
more_thorny,1,1,0
more_thirsty,1,1,0
more_third,1,1,0
more_theoretical,1,1,0
more_thankless,1,1,0
more_territorial,1,1,0
more_terrific,1,0,1
more_unavoidable,1,0,1
more_unbeatable,1,0,1
more_simplistic,1,1,0
more_unfolding,1,1,0
more_unionized,1,1,0
more_unintelligible,1,1,0
more_uninspired,1,1,0
more_uninformed,1,1,0
more_unimpressive,1,0,1
more_unimaginative,1,0,1
more_unhelpful,1,0,1
more_unheard,1,0,1
more_unfriendly,1,1,0
more_unfavorable,1,1,0
more_uncanny,1,1,0
more_unemployed,1,1,0
more_uneasy,1,1,0
more_undefined,1,1,0
more_uncool,1,1,0
more_uncontrollable,1,1,0
more_unconstitutional,1,1,0
more_unconcerned,1,1,0
more_uncompromising,1,1,0
more_uncomplicated,1,0,1
more_tempted,1,1,0
more_temperate,1,1,0
more_tasteless,1,0,1
more_sour,1,1,0
more_spherical,1,1,0
more_speedy,1,1,0
more_speechless,1,1,0
more_speculative,1,1,0
more_specious,1,1,0
more_specialized,1,1,0
more_sparkly,1,0,1
more_spare,1,1,0
more_spacious,1,1,0
more_sombre,1,1,0
more_tame,1,1,0
more_somber,1,1,0
more_soluble,1,1,0
more_solicitous,1,1,0
more_smug,1,0,1
more_sloppy,1,1,0
more_slick,1,1,0
more_slender,1,1,0
more_sleek,1,0,1
more_skillful,1,0,1
more_spoiled,1,1,0
more_spoilt,1,1,0
more_spurious,1,0,1
more_square,1,0,1
more_talkative,1,1,0
more_tacky,1,0,1
more_systematic,1,0,1
more_symptomatic,1,1,0
more_symmetrical,1,0,1
more_swift,1,1,0
more_super,1,0,1
more_sugary,1,0,1
more_subdued,1,1,0
more_sturdy,1,0,1
more_stronger,1,1,0
more_strained,1,1,0
more_storied,1,1,0
more_stiff,1,1,0
more_staunch,1,1,0
more_static,1,1,0
more_stalwart,1,1,0
more_stale,1,0,1
more_stagnant,1,1,0
morally_repugnant,1,1,0
morally_redeemable,1,0,1
morally_pure,1,1,0
longer_decorative,1,1,0
longer_divine,1,1,0
longer_difficult,1,1,0
longer_detectable,1,1,0
longer_desperate,1,1,0
longer_dependent,1,1,0
longer_dependant,1,1,0
longer_defensive,1,1,0
longer_deep,1,1,0
longer_deductible,1,1,0
longer_current,1,1,0
longer_early,1,1,0
longer_curious,1,1,0
longer_curable,1,1,0
longer_cunning,1,1,0
longer_criminal,1,1,0
longer_credible,1,1,0
longer_controllable,1,1,0
longer_contentious,1,1,0
longer_contemptuous,1,1,0
longer_confident,1,1,0
longer_docile,1,1,0
longer_easy,1,1,0
longer_concerned,1,1,0
longer_exceptional,1,1,0
longer_fragmented,1,1,0
longer_festive,1,1,0
longer_fat,1,1,0
longer_fashionable,1,1,0
longer_familiar,1,1,0
longer_faithful,1,1,0
longer_factual,1,1,0
longer_existent,1,1,0
longer_exempt,1,1,0
longer_even,1,1,0
longer_economical,1,1,0
longer_euphoric,1,1,0
longer_essential,1,1,0
longer_equitable,1,1,0
longer_enjoyable,1,1,0
longer_enforceable,1,1,0
longer_emerging,1,1,0
longer_efficacious,1,1,0
longer_effectual,1,1,0
longer_educational,1,1,0
longer_conditional,1,1,0
longer_communist,1,1,0
logistically_possible,1,1,0
long_prominent,1,1,0
longer_angry,1,1,0
longer_agreeable,1,1,0
longer_affecting,1,1,0
longer_accurate,1,1,0
longer_academic,1,1,0
long_unjust,1,1,0
long_sustainable,1,1,0
long_silent,1,1,0
long_ridiculous,1,1,0
long_present,1,1,0
longer_armed,1,1,0
long_pleased,1,1,0
long_more,1,0,1
long_illegal,1,1,0
long_homeless,1,1,0
long_demure,1,1,0
long_dead,1,1,0
long_afraid,1,0,1
long_active,1,1,0
long_accountable,1,1,0
longer_anonymous,1,1,0
longer_ashamed,1,1,0
longer_common,1,1,0
longer_boring,1,1,0
longer_comfortable,1,1,0
longer_cold,1,1,0
longer_coherent,1,1,0
longer_chubby,1,1,0
longer_central,1,1,0
longer_caring,1,1,0
longer_carefree,1,1,0
longer_brown,1,1,0
longer_boyish,1,1,0
longer_blue,1,1,0
longer_attractive,1,1,0
longer_bleak,1,1,0
longer_blank,1,1,0
longer_binding,1,1,0
longer_better,1,1,0
longer_believable,1,1,0
longer_beautiful,1,1,0
longer_awful,1,1,0
longer_aware,1,1,0
longer_avoidable,1,1,0
longer_frail,1,1,0
longer_funny,1,1,0
longer_furious,1,1,0
longer_real,1,1,0
longer_runny,1,1,0
longer_rowdy,1,1,0
longer_robust,1,1,0
longer_restrained,1,1,0
longer_responsive,1,1,0
longer_respected,1,1,0
longer_resentful,1,1,0
longer_reliable,1,1,0
longer_regal,1,1,0
longer_rare,1,1,0
longer_safe,1,1,0
longer_radical,1,1,0
longer_quick,1,1,0
longer_qualified,1,1,0
longer_proud,1,1,0
longer_prosperous,1,1,0
longer_prickly,1,1,0
longer_pragmatic,1,1,0
longer_practical,1,1,0
longer_positive,1,1,0
longer_sacrosanct,1,1,0
longer_satisfactory,1,1,0
longer_genteel,1,1,0
longer_sound,1,1,0
longer_tangible,1,1,0
longer_synonymous,1,1,0
longer_susceptible,1,1,0
longer_super,1,1,0
longer_suitable,1,1,0
longer_such,1,1,0
longer_stylish,1,1,0
longer_sterile,1,1,0
longer_standard,1,1,0
longer_smoky,1,1,0
longer_satisfied,1,1,0
longer_smart,1,1,0
longer_skinny,1,1,0
longer_singular,1,1,0
longer_shy,1,1,0
longer_serviceable,1,1,0
longer_secure,1,1,0
longer_secretive,1,1,0
longer_scared,1,1,0
longer_satisfying,1,1,0
longer_popular,1,1,0
longer_poor,1,1,0
longer_polite,1,1,0
longer_impressive,1,1,0
longer_junior,1,1,0
longer_jealous,1,1,0
longer_irresponsible,1,1,0
longer_irreconcilable,1,1,0
longer_involved,1,1,0
longer_interesting,1,1,0
longer_inferior,1,1,0
longer_inclined,1,1,0
longer_inappropriate,1,1,0
longer_impressed,1,0,1
longer_pleasant,1,1,0
longer_illicit,1,1,0
longer_humorous,1,1,0
longer_human,1,1,0
longer_high,1,1,0
longer_hidden,1,1,0
longer_helpful,1,1,0
longer_hazardous,1,1,0
longer_gripping,1,1,0
longer_glamorous,1,1,0
longer_lasting,1,1,0
longer_lazy,1,1,0
longer_legal,1,1,0
longer_lesbian,1,1,0
longer_plausible,1,1,0
longer_petty,1,1,0
longer_paramount,1,1,0
longer_overpowering,1,1,0
longer_organic,1,1,0
longer_open,1,0,1
longer_one-sided,1,1,0
longer_objective,1,1,0
longer_normal,1,1,0
longer_needy,1,1,0
longer_native,1,1,0
longer_naive,1,1,0
longer_monolithic,1,1,0
longer_mindful,1,1,0
longer_lumpy,1,1,0
longer_lucrative,1,1,0
longer_loose,1,1,0
longer_logical,1,1,0
longer_lethal,1,1,0
logistically_simple,1,1,0
logistically_difficult,1,1,0
morally_proper,1,1,0
less_touching,1,1,0
less_uneventful,1,1,0
less_undesirable,1,1,0
less_uncompromising,1,1,0
less_uncanny,1,1,0
less_unacceptable,1,0,1
less_truthful,1,0,1
less_tricky,1,1,0
less_trendy,1,1,0
less_transparent,1,1,0
less_totalitarian,1,1,0
less_unfriendly,1,1,0
less_torturous,1,0,1
less_tolerant,1,1,0
less_tolerable,1,1,0
less_titillating,1,0,1
less_tiresome,1,1,0
less_timid,1,0,1
less_thoughtful,1,1,0
less_thorny,1,0,1
less_thirsty,1,1,0
less_unexpected,1,0,1
less_universal,1,1,0
less_thankful,1,0,1
less_veiled,1,1,0
less_vitriolic,1,1,0
less_visionary,1,1,0
less_visceral,1,1,0
less_virtuous,1,1,0
less_villainous,1,1,0
less_vicious,1,0,1
less_vibrant,1,0,1
less_viable,1,1,0
less_versatile,1,1,0
less_vehement,1,1,0
less_unlikely,1,1,0
less_various,1,1,0
less_varied,1,1,0
less_upbeat,1,1,0
less_unwelcome,1,1,0
less_untrue,1,1,0
less_unstable,1,1,0
less_unsettled,1,1,0
less_unreal,1,1,0
less_unpleasant,1,1,0
less_theatrical,1,1,0
less_terrific,1,1,0
logistically_complex,1,1,0
less_sobering,1,1,0
less_stately,1,0,1
less_staggering,1,1,0
less_specific,1,1,0
less_sought-after,1,1,0
less_sorry,1,0,1
less_soothing,1,1,0
less_sombre,1,0,1
less_solid,1,1,0
less_social,1,1,0
less_smug,1,1,0
less_stern,1,1,0
less_small,1,0,1
less_sloppy,1,1,0
less_sleazy,1,1,0
less_skilled,1,1,0
less_silly,1,1,0
less_sickening,1,1,0
less_sick,1,1,0
less_shy,1,1,0
less_shameful,1,1,0
less_sterile,1,1,0
less_stiff,1,1,0
less_tenable,1,1,0
less_suitable,1,1,0
less_systematic,1,1,0
less_synonymous,1,1,0
less_symbolic,1,0,1
less_sustainable,1,1,0
less_surreal,1,1,0
less_supportive,1,1,0
less_supernatural,1,1,0
less_superior,1,1,0
less_sumptuous,1,1,0
less_sufficient,1,1,0
less_storied,1,1,0
less_sturdy,1,1,0
less_stupid,1,1,0
less_stubborn,1,1,0
less_structured,1,1,0
less_strident,1,1,0
less_strict,1,1,0
less_strange,1,1,0
less_strained,1,1,0
less_straightforward,1,1,0
less_vocal,1,1,0
less_voluntary,1,0,1
less_wasteful,1,1,0
literally_possible,1,1,0
lively_enough,1,1,0
little_pleased,1,1,0
little_more,1,0,1
little_irritating,1,0,1
little_interested,1,1,0
literally_wrong,1,0,1
literally_right,1,1,0
literally_repetitive,1,1,0
literally_private,1,1,0
literally_pink,1,1,0
locally_abundant,1,1,0
literally_measurable,1,0,1
literally_insane,1,1,0
literally_indistinguishable,1,1,0
literally_incapable,1,0,1
literally_hot,1,0,1
literally_false,1,1,0
literally_extreme,1,1,0
literally_descriptive,1,1,0
literally_deadpan,1,0,1
locally_able,1,1,0
locally_accessible,1,1,0
less_white,1,1,0
logically_impossible,1,0,1
logically_unsound,1,0,1
logically_satisfying,1,1,0
logically_reasonable,1,1,0
logically_predictable,1,1,0
logically_necessary,1,0,1
logically_less,1,1,0
logically_indefensible,1,0,1
logically_incorrect,1,1,0
logically_incoherent,1,0,1
logically_implicit,1,1,0
locally_common,1,1,0
logically_feasible,1,1,0
logically_equivalent,1,1,0
logically_defensible,1,1,0
logically_contiguous,1,0,1
logically_appropriate,1,1,0
locally_visible,1,1,0
locally_salient,1,1,0
locally_other,1,0,1
locally_familiar,1,0,1
literally_awesome,1,0,1
literally_alone,1,1,0
literally_accurate,1,1,0
likely_better,1,1,0
likely_false,1,1,0
likely_explicit,1,1,0
likely_exciting,1,1,0
likely_eager,1,1,0
likely_desirable,1,1,0
likely_correct,1,1,0
likely_compatible,1,1,0
likely_cohesive,1,0,1
likely_capable,1,1,0
likely_ambivalent,1,1,0
linguistically_mysterious,1,0,1
likely_accustomed,1,1,0
likely_able,1,1,0
less_yummy,1,0,1
less_wretched,1,1,0
less_worse,1,1,0
less_worldly,1,1,0
less_widespread,1,1,0
less_wicked,1,1,0
less_wholesome,1,0,1
likely_fatal,1,1,0
likely_good,1,1,0
likely_indicative,1,1,0
likely_innocent,1,1,0
linguistically_homogeneous,1,1,0
linguistically_complete,1,1,0
likewise_late,1,1,0
likewise_crazy,1,0,1
likely_unwelcome,1,1,0
likely_unknown,1,1,0
likely_unexpected,1,1,0
likely_suitable,1,1,0
likely_relevant,1,1,0
likely_real,1,1,0
likely_protectionist,1,1,0
likely_profitable,1,1,0
likely_productive,1,1,0
likely_present,1,1,0
likely_necessary,1,1,0
likely_meaningful,1,1,0
likely_legal,1,1,0
likely_involved,1,1,0
likely_interested,1,1,0
longer_tiny,1,1,0
longer_translucent,1,1,0
longer_transparent,1,1,0
merely_procedural,1,1,0
merely_scholarly,1,1,0
merely_safe,1,1,0
merely_rhetorical,1,1,0
merely_respectful,1,0,1
merely_related,1,1,0
merely_real,1,1,0
merely_random,1,1,0
merely_quantitative,1,1,0
merely_punitive,1,1,0
merely_present,1,1,0
merely_sentimental,1,1,0
merely_practical,1,1,0
merely_positive,1,1,0
merely_pliable,1,1,0
merely_picturesque,1,0,1
merely_ornamental,1,0,1
merely_official,1,0,1
merely_objective,1,1,0
merely_normal,1,1,0
merely_negative,1,1,0
merely_sectarian,1,0,1
merely_shrill,1,1,0
merely_mortal,1,1,0
merely_unofficial,1,1,0
mighty_wonderful,1,0,1
mighty_tricky,1,1,0
merely_witty,1,1,0
merely_wishful,1,1,0
merely_warm,1,1,0
merely_virtual,1,1,0
merely_verbal,1,1,0
merely_valuable,1,1,0
merely_utilitarian,1,1,0
merely_transcendent,1,1,0
merely_silly,1,1,0
merely_theoretical,1,1,0
merely_temporary,1,1,0
merely_technological,1,1,0
merely_technical,1,1,0
merely_tactical,1,1,0
merely_suggestive,1,0,1
merely_sublime,1,1,0
merely_strategic,1,1,0
merely_speculative,1,1,0
merely_naturalistic,1,1,0
merely_more,1,0,1
longer_trustworthy,1,1,0
merely_competent,1,1,0
merely_didactic,1,1,0
merely_descriptive,1,1,0
merely_derivative,1,1,0
merely_delightful,1,1,0
merely_decent,1,0,1
merely_cute,1,1,0
merely_cultural,1,0,1
merely_conventional,1,1,0
merely_contemporary,1,1,0
merely_comparable,1,1,0
merely_dull,1,0,1
merely_commercial,1,1,0
merely_coastal,1,1,0
merely_clinical,1,1,0
merely_clever,1,1,0
merely_blue,1,1,0
merely_bad,1,1,0
merely_atmospheric,1,1,0
merely_anecdotal,1,1,0
merely_ambivalent,1,1,0
merely_domestic,1,1,0
merely_entertaining,1,1,0
merely_mistaken,1,1,0
merely_illustrative,1,1,0
merely_miserable,1,1,0
merely_mechanical,1,1,0
merely_lovely,1,1,0
merely_local,1,1,0
merely_internal,1,1,0
merely_instrumental,1,1,0
merely_institutional,1,1,0
merely_inevitable,1,1,0
merely_imaginary,1,0,1
merely_ignorant,1,0,1
merely_european,1,1,0
merely_idiosyncratic,1,1,0
merely_human,1,0,1
merely_historical,1,1,0
merely_grim,1,1,0
merely_gratuitous,1,0,1
merely_funny,1,0,1
merely_functional,1,1,0
merely_frightening,1,1,0
merely_flippant,1,1,0
mildly_abrasive,1,0,1
mildly_active,1,1,0
mildly_anxious,1,0,1
monstrously_long,1,1,0
morally_challenging,1,1,0
morally_attractive,1,1,0
morally_astute,1,1,0
morally_arbitrary,1,0,1
morally_appropriate,1,1,0
morally_admirable,1,1,0
monumentally_stupid,1,1,0
monumentally_horrific,1,0,1
monumentally_different,1,0,1
monstrously_hideous,1,1,0
morally_consistent,1,1,0
momentarily_believable,1,1,0
modestly_successful,1,1,0
modestly_enough,1,1,0
moderately_unaffordable,1,1,0
moderately_successful,1,1,0
moderately_strong,1,1,0
moderately_strenuous,1,1,0
moderately_inspiring,1,1,0
moderately_exciting,1,1,0
morally_complex,1,0,1
morally_corrupt,1,0,1
mildly_awkward,1,1,0
morally_indefensible,1,1,0
morally_prejudicial,1,0,1
morally_outraged,1,1,0
morally_offensive,1,0,1
morally_obligated,1,1,0
morally_meaningful,1,0,1
morally_mandatory,1,1,0
morally_intriguing,1,0,1
morally_insensitive,1,1,0
morally_innocent,1,1,0
morally_hypocritical,1,0,1
morally_decent,1,0,1
morally_guilty,1,1,0
morally_flexible,1,1,0
morally_flawed,1,0,1
morally_fair,1,1,0
morally_evil,1,1,0
morally_edifying,1,1,0
morally_disproportionate,1,1,0
morally_deranged,1,0,1
morally_depraved,1,1,0
moderately_decent,1,1,0
moderately_close,1,1,0
moderately_ancient,1,0,1
mildly_positive,1,1,0
militarily_distant,1,1,0
militarily_decisive,1,1,0
militarily_active,1,1,0
mildly_unpleasant,1,1,0
mildly_undesirable,1,0,1
mildly_tolerant,1,1,0
mildly_successful,1,1,0
mildly_similar,1,0,1
mildly_rational,1,1,0
mildly_noteworthy,1,0,1
mobile_friendly,1,1,0
mildly_newsworthy,1,0,1
mildly_new,1,0,1
mildly_funny,1,1,0
mildly_entertaining,1,0,1
mildly_demented,1,1,0
mildly_critical,1,1,0
mildly_compelling,1,1,0
mildly_comical,1,0,1
mildly_combative,1,1,0
militarily_dominant,1,1,0
militarily_necessary,1,1,0
militarily_self-evident,1,1,0
militarily_stronger,1,1,0
miserably_ill,1,1,0
miserably_cold,1,1,0
miraculously_monstrous,1,0,1
miraculously_happy,1,1,0
miraculously_free,1,0,1
minimally_sufficient,1,1,0
minimally_persuasive,1,1,0
minimally_intrusive,1,1,0
minimally_helpful,1,1,0
minimally_credible,1,1,0
minimally_concerned,1,1,0
minimally_accountable,1,1,0
mind-numbingly_terrible,1,1,0
mind-numbingly_dumb,1,1,0
mind-numbingly_dull,1,1,0
mind-numbingly_bland,1,0,1
mind-numbingly_bad,1,0,1
militarily_viable,1,1,0
militarily_useful,1,1,0
merely_affective,1,1,0
merely_aesthetic,1,1,0
merely_adequate,1,1,0
majorly_impressed,1,1,0
majorly_traumatic,1,0,1
majorly_spectacular,1,0,1
majorly_skilled,1,1,0
majorly_serious,1,0,1
majorly_remarkable,1,0,1
majorly_prominent,1,0,1
majorly_problematic,1,0,1
majorly_negative,1,0,1
majorly_interesting,1,1,0
majorly_important,1,0,1
manifestly_alkaline,1,1,0
majorly_expensive,1,1,0
majorly_exciting,1,0,1
majorly_critical,1,0,1
majorly_concerned,1,0,1
majorly_compelling,1,0,1
majorly_bright,1,0,1
mainly_unusual,1,1,0
mainly_enough,1,0,1
mainly_due,1,0,1
majorly_unique,1,0,1
manifestly_disturbing,1,0,1
massively_intimidating,1,0,1
markedly_superior,1,1,0
massively_interested,1,1,0
massively_great,1,0,1
massively_expensive,1,1,0
massively_difficult,1,1,0
massively_complicated,1,1,0
massively_bad,1,1,0
marvelously_macabre,1,1,0
markedly_visible,1,1,0
markedly_synthetic,1,1,0
markedly_jewish,1,0,1
manifestly_excessive,1,1,0
markedly_deficient,1,1,0
marginally_significant,1,1,0
marginally_relevant,1,1,0
marginally_good,1,1,0
marginally_effective,1,1,0
marginally_disappointing,1,0,1
marginally_competent,1,1,0
marginally_applicable,1,1,0
manifestly_illegal,1,0,1
magnificently_successful,1,0,1
magnificently_stupid,1,1,0
magnificently_flamboyant,1,1,0
longer_vigorous,1,1,0
loud_funny,1,1,0
loosely_related,1,1,0
loosely_adrift,1,1,0
longer_worthwhile,1,1,0
longer_worth,1,1,0
longer_whole,1,1,0
longer_weird,1,1,0
longer_weekly,1,1,0
longer_voluntary,1,0,1
longer_vertical,1,1,0
magnificently_beautiful,1,1,0
longer_unusual,1,1,0
longer_unthinkable,1,1,0
longer_unseen,1,1,0
longer_unmarked,1,1,0
longer_unknown,1,1,0
longer_unequal,1,1,0
longer_uncommon,1,1,0
longer_unchallenged,1,1,0
longer_ugly,1,1,0
lovingly_detailed,1,1,0
low_cunning,1,1,0
low_fat,1,0,1
ludicrously_inventive,1,1,0
magically_undone,1,1,0
magically_nostalgic,1,0,1
magically_new,1,0,1
magically_interesting,1,0,1
magically_immune,1,1,0
magically_effective,1,1,0
magically_competent,1,1,0
magically_captivating,1,0,1
madly_overweight,1,1,0
madly_impressed,1,1,0
maddeningly_consistent,1,1,0
lyrically_vivid,1,1,0
lyrically_upbeat,1,1,0
lyrically_soothing,1,1,0
lyrically_profound,1,0,1
lyrically_complex,1,1,0
luxuriously_large,1,1,0
luxuriously_free,1,1,0
luxuriously_decadent,1,0,1
massively_interesting,1,0,1
massively_keen,1,1,0
merely_accurate,1,0,1
medically_important,1,1,0
memorably_charismatic,1,1,0
medically_unfit,1,1,0
medically_trained,1,1,0
medically_significant,1,1,0
medically_scary,1,0,1
medically_safer,1,1,0
medically_qualified,1,1,0
medically_obese,1,1,0
medically_inclined,1,1,0
medically_helpful,1,1,0
memorably_silly,1,1,0
medically_fragile,1,1,0
medically_conclusive,1,0,1
medically_challenging,1,1,0
medically_appropriate,1,1,0
medically_able,1,1,0
mechanically_tough,1,1,0
mechanically_strong,1,1,0
mechanically_special,1,0,1
mechanically_flawless,1,1,0
memorably_hilarious,1,1,0
mentally_able,1,1,0
massively_new,1,0,1
mentally_present,1,1,0
merely_abstract,1,1,0
merely_able,1,1,0
mentally_unwell,1,1,0
mentally_unsound,1,1,0
mentally_unhealthy,1,0,1
mentally_tough,1,1,0
mentally_strong,1,1,0
mentally_stimulating,1,0,1
mentally_robust,1,1,0
mentally_perfect,1,0,1
mentally_amiss,1,0,1
mentally_lazy,1,1,0
mentally_incapable,1,1,0
mentally_healthy,1,1,0
mentally_fit,1,1,0
mentally_disturbed,1,1,0
mentally_deficient,1,1,0
mentally_debilitating,1,0,1
mentally_crippling,1,0,1
mentally_complete,1,1,0
mechanically_different,1,1,0
measurably_wrong,1,0,1
measurably_better,1,1,0
massively_wrong,1,0,1
mathematically_certain,1,1,0
materially_trivial,1,1,0
materially_satisfied,1,1,0
materially_rich,1,1,0
materially_rewarding,1,1,0
materially_important,1,0,1
materially_diverse,1,1,0
materially_criminal,1,0,1
materially_beholden,1,1,0
massively_unrealistic,1,0,1
measurably_abnormal,1,0,1
massively_talented,1,1,0
massively_special,1,0,1
massively_shocked,1,1,0
massively_scientific,1,1,0
massively_rich,1,1,0
massively_revolutionary,1,0,1
massively_religious,1,1,0
massively_radical,1,1,0
massively_overwhelming,1,1,0
mathematically_complex,1,1,0
mathematically_correct,1,1,0
mathematically_eligible,1,1,0
mathematically_impossible,1,0,1
meaningfully_related,1,1,0
meaningfully_new,1,0,1
meaningfully_memorable,1,1,0
meaningfully_large,1,1,0
meaningfully_effective,1,1,0
meaningfully_better,1,1,0
maybe_unaware,1,0,1
maybe_serious,1,0,1
maybe_proportional,1,1,0
maybe_nice,1,0,1
maybe_more,1,0,1
maybe_hilarious,1,0,1
maybe_dead,1,1,0
maybe_certain,1,0,1
maximally_great,1,1,0
mathematically_safe,1,1,0
mathematically_justifiable,1,1,0
mathematically_inept,1,1,0
mathematically_inaccurate,1,0,1
much_innovative,1,1,0
