bigram_lower,SUM,ADJ,NEG
SUM,3148010,3062925,85085
as_good,44885,44415,470
very_good,30349,30233,116
as_bad,27740,27464,276
so_sure,26584,26573,11
quite_sure,26156,26137,19
too_late,25854,25844,10
immediately_clear,25276,25273,3
always_easy,24574,24558,16
as_easy,23376,23326,50
so_much,21925,20732,1193
so_bad,21352,21193,159
immediately_available,21297,21289,8
too_bad,19520,19074,446
so_good,18002,17847,155
really_sure,17898,17895,3
even_close,17701,17377,324
so_easy,17596,17541,55
that_bad,16535,16499,36
more_important,15208,11595,3613
as_simple,14753,14698,55
even_sure,14520,14519,1
as_strong,13119,13052,67
entirely_sure,13046,13044,2
too_much,12638,12283,355
as_important,12280,12132,148
much_better,11225,11044,181
that_great,11075,11042,33
much_different,10891,10830,61
as_big,10764,10608,156
that_good,10655,10629,26
yet_clear,10553,10552,1
quite_ready,10259,10244,15
that_easy,10158,10127,31
too_hard,10108,9992,116
that_hard,9966,9955,11
so_great,9594,9495,99
exactly_sure,8860,8859,1
quite_right,8829,8813,16
as_effective,8693,8639,54
all_bad,8637,8624,13
so_lucky,8613,8600,13
too_sure,8093,8058,35
yet_ready,7611,7609,2
more_excited,7578,7571,7
entirely_clear,7524,7520,4
yet_available,7481,7473,8
too_difficult,7446,7311,135
always_possible,7440,7438,2
too_happy,7356,6272,1084
too_early,7193,7187,6
as_high,7091,7032,59
even_aware,7060,7059,1
more_different,6797,6795,2
readily_available,6622,6603,19
so_simple,6613,6540,73
much_more,6579,6301,278
that_different,6574,6566,8
too_big,6441,6216,225
that_big,6269,6263,6
too_many,6173,6066,107
that_simple,6163,6161,2
as_much,5898,5708,190
so_different,5785,5760,25
nearly_enough,5772,5744,28
as_great,5728,5672,56
that_difficult,5577,5570,7
that_important,5532,5523,9
mutually_exclusive,5509,5488,21
too_shabby,5399,5251,148
too_worried,5323,5287,36
too_distant,5251,5248,3
as_popular,5237,5210,27
any_better,4754,4733,21
that_much,4743,4739,4
as_difficult,4635,4609,26
as_successful,4625,4605,20
so_hard,4597,4587,10
very_happy,4441,4434,7
too_hot,4364,4336,28
too_concerned,4346,4294,52
more_proud,4312,4301,11
really_interested,4160,4158,2
too_surprising,4030,3885,145
always_clear,4012,4010,2
more_pleased,3828,3825,3
too_old,3798,3778,20
directly_related,3752,3742,10
too_keen,3709,3617,92
as_common,3699,3694,5
entirely_true,3667,3655,12
as_large,3636,3557,79
too_good,3623,3495,128
too_long,3610,3596,14
as_clear,3456,3445,11
so_obvious,3423,3395,28
currently_available,3415,3368,47
so_important,3408,3334,74
only_good,3332,3332,0
too_high,3300,3275,25
too_sweet,3262,3231,31
so_clear,3255,3244,11
as_many,3246,3162,84
very_different,3241,3222,19
necessarily_true,3238,3231,7
more_wrong,3162,3131,31
very_effective,3135,3130,5
quite_enough,3135,3128,7
completely_satisfied,3122,3116,6
so_happy,3081,3072,9
as_powerful,2993,2895,98
always_true,2941,2937,4
only_possible,2909,2908,1
as_sharp,2866,2856,10
as_close,2854,2835,19
overly_concerned,2851,2815,36
as_fun,2809,2776,33
very_nice,2801,2786,15
too_excited,2800,2773,27
too_pleased,2772,1535,1237
so_quick,2769,2754,15
only_important,2764,2764,0
too_heavy,2758,2628,130
very_easy,2736,2732,4
as_exciting,2710,2627,83
as_severe,2692,2639,53
so_fortunate,2683,2683,0
very_high,2660,2655,5
as_impressive,2657,2617,40
statistically_significant,2645,2635,10
too_busy,2642,2620,22
very_clear,2641,2634,7
more_likely,2618,2538,80
so_difficult,2608,2580,28
too_expensive,2593,2552,41
as_obvious,2556,2536,20
very_popular,2545,2539,6
fully_aware,2525,2518,7
really_good,2521,2448,73
too_small,2476,2411,65
as_interesting,2466,2433,33
very_big,2462,2450,12
even_worth,2443,2435,8
very_difficult,2439,2423,16
that_interested,2435,2435,0
as_dramatic,2434,2355,79
too_cold,2425,2408,17
very_helpful,2422,2411,11
as_lucky,2380,2373,7
as_nice,2379,2332,47
particularly_good,2376,2338,38
always_better,2374,2372,2
so_hot,2368,2358,10
just_good,2367,2354,13
too_different,2363,2314,49
always_available,2359,2359,0
completely_sure,2356,2355,1
politically_correct,2344,2319,25
very_likely,2330,2299,31
very_useful,2328,2314,14
quite_clear,2307,2305,2
very_common,2294,2289,5
particularly_interested,2278,2275,3
immediately_obvious,2258,2255,3
too_surprised,2246,2233,13
very_interesting,2240,2162,78
yet_complete,2220,2217,3
as_serious,2212,2135,77
always_necessary,2201,2201,0
really_necessary,2185,2178,7
as_straightforward,2184,2175,9
as_fortunate,2179,2178,1
widely_available,2156,2151,5
very_successful,2137,2132,5
so_many,2128,2090,38
so_big,2113,2075,38
entirely_accurate,2103,2098,5
very_long,2100,2099,1
as_likely,2087,2084,3
too_serious,2083,1403,680
so_high,2079,2070,9
as_expensive,2067,2057,10
necessarily_bad,2065,2057,8
very_strong,2065,2050,15
as_funny,2065,2035,30
so_surprising,2059,2049,10
really_worth,2054,1998,56
long_enough,2047,2045,2
as_cool,2031,1995,36
immediately_apparent,2031,2023,8
as_smart,2030,2025,5
so_distant,2020,2016,4
always_obvious,2020,2020,0
as_familiar,2005,2003,2
yet_sure,1990,1990,0
too_tight,1984,1961,23
more_true,1969,1939,30
as_efficient,1960,1952,8
that_interesting,1950,1947,3
so_nice,1937,1913,24
so_keen,1930,1930,0
very_many,1925,1888,37
as_scary,1925,1896,29
more_frustrating,1917,712,1205
always_right,1903,1898,5
as_deep,1896,1878,18
too_young,1896,1886,10
necessarily_better,1893,1890,3
even_able,1885,1885,0
half_bad,1879,1846,33
as_comfortable,1872,1859,13
quite_true,1864,1852,12
very_important,1856,1813,43
more_thrilled,1844,1843,1
too_close,1833,1815,18
only_beautiful,1833,1833,0
only_able,1818,1818,0
more_perfect,1810,1761,49
too_strong,1804,1753,51
that_expensive,1800,1798,2
easily_accessible,1790,1787,3
as_smooth,1777,1764,13
as_interested,1765,1764,1
as_happy,1764,1757,7
totally_sure,1762,1762,0
exactly_clear,1759,1759,0
too_fond,1755,1683,72
as_tough,1739,1719,20
as_safe,1720,1713,7
always_good,1709,1707,2
more_exciting,1709,828,881
really_worried,1706,1700,6
as_sweet,1704,1652,52
more_difficult,1699,1442,257
very_interested,1694,1693,1
any_worse,1693,1687,6
always_able,1682,1682,0
very_hard,1682,1668,14
as_concerned,1678,1677,1
very_comfortable,1673,1668,5
really_true,1661,1659,2
inherently_wrong,1648,170,1478
as_hot,1645,1618,27
as_complicated,1638,1630,8
as_accurate,1633,1633,0
very_familiar,1618,1618,0
even_clear,1615,1615,0
any_easier,1607,1599,8
significantly_different,1604,1597,7
as_dangerous,1597,1571,26
always_enough,1575,1575,0
so_common,1572,1559,13
as_intense,1572,1550,22
so_fast,1551,1377,174
so_strong,1550,1537,13
more_expensive,1547,1514,33
so_close,1537,1521,16
readily_apparent,1531,1522,9
more_specific,1531,1354,177
more_popular,1529,1493,36
too_large,1529,1486,43
more_effective,1529,1408,121
entirely_surprising,1528,1521,7
too_impressed,1528,1427,101
too_careful,1527,1521,6
much_bigger,1521,1509,12
as_bright,1511,1505,6
so_popular,1507,1497,10
as_robust,1505,1496,9
really_clear,1497,1495,2
as_significant,1477,1442,35
entirely_new,1477,1445,32
more_evident,1475,1423,52
more_powerful,1470,894,576
as_active,1468,1465,3
so_subtle,1466,1457,9
much_good,1464,1432,32
much_interested,1462,1461,1
as_useful,1457,1450,7
exactly_true,1455,1445,10
very_smart,1453,1444,9
too_thick,1446,1437,9
more_fun,1439,1047,392
very_exciting,1438,1370,68
even_funny,1433,1432,1
so_serious,1430,1394,36
only_fun,1411,1411,0
always_successful,1408,1407,1
necessarily_indicative,1406,1405,1
too_crazy,1402,981,421
too_familiar,1401,1392,9
really_happy,1399,1394,5
absolutely_necessary,1394,1388,6
really_new,1390,870,520
more_satisfying,1389,468,921
more_dangerous,1387,1000,387
much_worse,1386,1355,31
more_beautiful,1385,669,716
very_expensive,1384,1382,2
exactly_new,1378,1366,12
more_clear,1369,1356,13
that_strong,1368,1367,1
as_productive,1363,1360,3
completely_clear,1353,1352,1
only_easy,1349,1349,0
too_bright,1339,1217,122
all_good,1339,1334,5
quite_good,1332,1327,5
yet_able,1331,1331,0
very_bright,1327,1325,2
too_complicated,1323,1112,211
very_large,1321,1316,5
really_possible,1313,1313,0
that_high,1312,1309,3
really_important,1309,1250,59
as_crazy,1300,1282,18
as_aggressive,1298,1294,4
too_great,1294,1233,61
as_attractive,1275,1266,9
as_heavy,1269,1254,15
publicly_available,1256,1254,2
too_quick,1252,1247,5
really_much,1243,1227,16
as_healthy,1242,1242,0
really_able,1241,1241,0
so_funny,1239,1230,9
overly_sweet,1234,1231,3
really_surprising,1234,1185,49
as_prevalent,1233,1231,2
that_impressive,1230,1228,2
more_grateful,1226,1224,2
entirely_certain,1218,1218,0
as_famous,1217,1196,21
really_concerned,1217,1210,7
as_hard,1217,1208,9
that_common,1216,1215,1
completely_happy,1210,1208,2
that_complicated,1208,1208,0
too_easy,1207,1181,26
always_accurate,1205,1204,1
just_important,1204,1204,0
that_funny,1203,1194,9
necessarily_good,1196,1190,6
much_older,1195,1190,5
too_thrilled,1192,1081,111
too_dissimilar,1188,1187,1
very_much,1175,1087,88
entirely_happy,1174,1172,2
easily_available,1173,1171,2
always_sure,1168,1167,1
as_valuable,1161,1144,17
very_active,1159,1157,2
as_reliable,1159,1149,10
as_glamorous,1153,1143,10
more_happy,1151,1148,3
too_upset,1150,1142,8
particularly_fond,1150,1149,1
as_clean,1148,1144,4
so_concerned,1147,1146,1
so_fun,1147,1136,11
so_young,1146,1133,13
that_surprising,1141,1139,2
well_enough,1140,1139,1
as_extreme,1135,1107,28
too_proud,1133,1118,15
that_familiar,1129,1129,0
as_rich,1126,1115,11
always_perfect,1126,1126,0
that_serious,1120,1114,6
as_excited,1115,1111,4
so_successful,1114,1110,4
fully_satisfied,1109,1106,3
more_serious,1106,662,444
very_pleasant,1106,1102,4
only_wrong,1103,1102,1
as_thick,1101,1098,3
as_cold,1101,1096,5
really_ready,1101,1098,3
too_short,1100,1087,13
more_valuable,1098,722,376
as_complex,1097,1073,24
more_apparent,1091,1071,20
as_sexy,1089,1063,26
particularly_surprising,1076,1018,58
only_great,1075,1075,0
as_fast,1073,1064,9
very_accurate,1071,1070,1
exactly_easy,1069,1065,4
as_dominant,1066,1060,6
as_quick,1063,1056,7
as_secure,1061,1059,2
quite_able,1056,1056,0
really_aware,1055,1055,0
so_large,1053,1021,32
very_funny,1051,1038,13
so_certain,1050,1040,10
as_beautiful,1047,956,91
as_consistent,1047,1039,8
very_efficient,1043,1042,1
as_dark,1030,1022,8
really_fair,1029,1029,0
immediately_possible,1027,1027,0
very_close,1025,1007,18
as_old,1023,1003,20
as_cheap,1017,1011,6
as_busy,1007,1005,2
as_confident,1004,1002,2
too_interested,1003,990,13
medically_necessary,1003,994,9
too_little,1001,971,30
much_easier,999,994,5
entirely_unexpected,995,981,14
very_impressive,989,978,11
that_unusual,983,981,2
entirely_comfortable,976,973,3
only_useful,972,972,0
as_perfect,972,961,11
too_disappointed,970,965,5
even_possible,967,964,3
most_important,963,945,18
that_popular,961,961,0
as_dire,960,954,6
much_higher,952,948,4
terribly_surprising,951,923,28
so_busy,946,944,2
too_harsh,945,910,35
so_smart,940,935,5
so_interested,938,936,2
as_helpful,938,933,5
so_crazy,937,929,8
too_low,937,925,12
as_visible,934,931,3
very_attractive,934,927,7
less_important,926,896,30
particularly_interesting,925,813,112
very_surprising,918,886,32
even_enough,917,917,0
quite_accurate,916,912,4
always_bad,916,916,0
necessarily_easy,914,908,6
very_fond,913,913,0
so_naive,910,909,1
any_different,910,906,4
as_tall,909,903,6
even_necessary,905,904,1
very_deep,901,890,11
as_extensive,897,882,15
too_loud,897,876,21
economically_viable,894,893,1
already_familiar,893,892,1
so_unusual,884,864,20
so_worried,883,880,3
more_obvious,883,849,34
as_durable,880,878,2
more_helpful,880,847,33
more_relevant,879,866,13
more_complicated,878,643,235
more_timely,875,873,2
so_new,874,863,11
yet_certain,874,872,2
so_excited,871,869,2
as_painful,870,841,29
only_necessary,869,869,0
as_tight,868,866,2
so_familiar,868,863,5
too_exciting,867,461,406
always_fun,867,867,0
as_open,866,865,1
as_critical,866,861,5
very_friendly,865,862,3
very_practical,865,863,2
more_rewarding,865,316,549
only_safe,864,864,0
physically_present,864,858,6
too_tough,862,846,16
as_young,861,843,18
so_small,861,845,16
only_delicious,859,859,0
very_impressed,859,859,0
too_thin,859,854,5
as_talented,857,854,3
particularly_concerned,856,851,5
yet_aware,855,854,1
as_advanced,853,844,9
so_sweet,852,817,35
very_fun,850,847,3
completely_accurate,847,846,1
more_appropriate,843,798,45
particularly_difficult,839,813,26
particularly_happy,837,836,1
always_aware,833,833,0
entirely_successful,832,825,7
as_widespread,832,824,8
any_happier,830,828,2
so_long,829,818,11
too_soft,827,818,9
as_flexible,826,822,4
as_profitable,825,820,5
entirely_wrong,824,815,9
too_fancy,823,305,518
that_concerned,821,818,3
as_prominent,821,810,11
too_deep,820,737,83
closely_related,819,817,2
so_bright,819,806,13
so_cool,819,809,10
as_loud,815,806,9
commercially_available,815,809,6
really_relevant,815,813,2
overly_impressed,813,812,1
as_satisfying,810,732,78
so_scary,809,805,4
more_interesting,808,629,179
so_expensive,808,801,7
more_accurate,807,796,11
that_exciting,805,802,3
that_uncommon,804,802,2
strictly_necessary,801,799,2
that_stupid,795,792,3
aesthetically_pleasing,794,784,10
inherently_bad,794,713,81
always_practical,792,792,0
that_nice,792,790,2
as_wide,792,788,4
much_larger,790,778,12
that_smart,790,788,2
consciously_aware,790,788,2
so_little,787,780,7
even_available,787,786,1
as_enthusiastic,787,784,3
more_annoying,787,257,530
as_spectacular,786,748,38
that_happy,780,776,4
completely_true,779,774,5
entirely_fair,779,776,3
as_warm,778,766,12
just_wrong,774,774,0
as_rare,773,768,5
as_worried,773,772,1
as_strict,770,766,4
yet_possible,769,769,0
strictly_true,767,766,1
only_beneficial,766,766,0
actually_true,766,763,3
as_optimistic,765,764,1
necessarily_wrong,765,572,193
totally_clear,764,764,0
just_bad,763,761,2
so_perfect,763,753,10
really_surprised,763,756,7
always_reliable,762,762,0
so_pleasant,760,746,14
so_eager,759,756,3
so_straightforward,758,754,4
absolutely_sure,757,756,1
really_enough,757,757,0
so_friendly,756,755,1
mentally_ill,755,753,2
particularly_new,752,433,319
so_confident,748,747,1
always_fair,748,748,0
quite_certain,747,747,0
too_obvious,747,708,39
so_stupid,747,737,10
more_critical,746,685,61
just_interested,746,746,0
very_productive,746,745,1
as_noticeable,745,743,2
necessarily_related,742,742,0
as_harsh,742,738,4
always_effective,741,740,1
all_happy,737,737,0
very_serious,736,688,48
particularly_helpful,734,729,5
as_steep,732,724,8
too_crowded,731,728,3
as_black,731,724,7
too_dark,730,713,17
only_dangerous,728,728,0
so_strange,728,685,43
as_flashy,726,721,5
economically_feasible,726,726,0
too_comfortable,720,702,18
as_sophisticated,719,712,7
very_appealing,718,716,2
really_bad,718,561,157
as_solid,716,710,6
particularly_useful,715,702,13
very_confident,714,714,0
as_sure,714,712,2
more_efficient,712,691,21
criminally_responsible,712,712,0
as_rosy,708,707,1
as_convenient,708,698,10
so_tough,706,700,6
too_dry,704,697,7
as_compelling,703,690,13
as_impressed,703,703,0
as_stable,700,699,1
environmentally_friendly,697,686,11
remotely_close,696,558,138
as_memorable,695,668,27
actually_sure,693,693,0
exactly_cheap,693,691,2
more_convenient,691,629,62
very_healthy,687,683,4
that_tough,686,685,1
as_willing,685,685,0
that_impressed,684,682,2
too_important,683,644,39
even_good,682,680,2
all_interested,681,681,0
only_interested,680,676,4
so_kind,679,679,0
particularly_strong,679,675,4
only_bad,678,678,0
that_lucky,676,676,0
very_sure,675,674,1
even_certain,672,672,0
as_friendly,670,667,3
as_detailed,668,656,12
so_comfortable,667,664,3
as_clear-cut,667,664,3
so_terrible,666,631,35
that_effective,663,663,0
just_enough,663,614,49
more_thankful,662,661,1
as_relevant,661,660,1
much_concerned,660,657,3
as_competitive,660,658,2
yet_familiar,660,660,0
yet_final,659,654,5
most_popular,658,644,14
as_enjoyable,657,634,23
all_right,655,654,1
more_successful,652,639,13
currently_active,652,651,1
very_optimistic,651,651,0
more_comfortable,647,566,81
very_convincing,646,642,4
so_far-fetched,645,644,1
as_positive,645,644,1
always_comfortable,644,643,1
just_great,642,641,1
immediately_able,639,639,0
as_precise,639,635,4
yet_open,639,637,2
exactly_right,638,637,1
really_wrong,637,211,426
always_apparent,637,636,1
that_useful,637,637,0
legally_binding,637,613,24
even_interested,636,636,0
particularly_close,636,632,4
as_comprehensive,635,613,22
previously_available,633,630,3
too_warm,630,618,12
always_simple,629,629,0
as_crisp,628,626,2
particularly_effective,628,628,0
as_sensitive,628,627,1
really_comfortable,627,625,2
so_interesting,627,602,25
only_effective,626,626,0
so_special,625,556,69
always_happy,624,622,2
directly_responsible,622,618,4
so_old,620,614,6
so_cold,618,617,1
that_helpful,618,617,1
so_positive,617,616,1
really_free,617,617,0
as_different,616,614,2
only_true,615,614,1
sexually_active,615,615,0
directly_comparable,615,608,7
that_keen,615,614,1
as_appealing,615,615,0
always_great,613,610,3
too_tired,613,606,7
too_picky,610,606,4
very_keen,605,605,0
so_complicated,604,589,15
commercially_viable,602,601,1
as_stupid,602,598,4
as_soft,601,596,5
entirely_satisfied,601,600,1
only_comfortable,601,601,0
terribly_difficult,601,595,6
readily_accessible,599,599,0
so_black,599,599,0
very_complicated,598,576,22
as_cute,597,581,16
always_feasible,596,596,0
much_fun,596,596,0
just_physical,595,595,0
very_realistic,593,590,3
only_illegal,591,591,0
so_fond,591,586,5
very_reliable,590,590,0
socially_acceptable,589,588,1
too_severe,587,534,53
completely_free,586,584,2
as_clever,585,581,4
solely_responsible,585,583,2
as_drastic,584,561,23
as_daunting,584,579,5
quite_perfect,584,581,3
so_secret,583,581,2
as_generous,583,575,8
too_spicy,583,567,16
so_beautiful,582,528,54
that_close,582,582,0
already_aware,580,580,0
really_big,579,536,43
as_far-fetched,577,577,0
really_dead,577,577,0
too_complex,575,503,72
that_scary,574,572,2
so_proud,573,571,2
so_dramatic,573,488,85
always_straightforward,572,572,0
as_special,572,520,52
so_sad,570,563,7
only_available,569,568,1
just_fun,567,562,5
that_worried,566,566,0
very_specific,564,549,15
even_willing,563,563,0
so_famous,561,552,9
so_afraid,561,560,1
as_potent,560,548,12
very_tall,559,559,0
very_pleased,559,558,1
as_keen,558,558,0
any_closer,558,557,1
particularly_impressive,557,537,20
very_fast,557,557,0
as_crowded,556,555,1
always_visible,556,555,1
entirely_correct,555,553,2
only_essential,555,555,0
too_confident,554,540,14
that_significant,554,553,1
as_terrible,554,535,19
really_close,552,546,6
always_consistent,552,552,0
too_loose,552,544,8
so_healthy,552,551,1
as_full,551,549,2
really_hard,548,546,2
generally_available,547,546,1
only_responsible,546,546,0
always_pleasant,546,545,1
too_special,545,96,449
really_serious,545,483,62
pretty_enough,544,543,1
absolutely_certain,543,535,8
really_easy,543,542,1
as_fresh,543,536,7
often_enough,543,543,0
too_optimistic,542,538,4
just_possible,541,541,0
financially_viable,540,540,0
overly_complicated,540,511,29
that_obvious,539,539,0
particularly_easy,539,529,10
as_lucrative,538,531,7
so_scared,537,536,1
so_innocent,536,534,2
very_old,536,534,2
as_innocent,536,530,6
more_significant,535,345,190
completely_honest,535,535,0
so_willing,534,531,3
only_difficult,534,534,0
as_complete,533,522,11
so_impressed,531,530,1
so_rosy,531,530,1
particularly_memorable,531,473,58
really_familiar,530,530,0
so_heavy,530,517,13
as_skilled,529,526,3
only_willing,529,527,2
fully_functional,527,527,0
entirely_free,526,523,3
more_right,526,521,5
even_true,525,525,0
so_cute,525,523,2
only_concerned,524,524,0
far_enough,524,524,0
quite_dead,524,523,1
always_present,524,524,0
that_comfortable,523,522,1
more_urgent,523,486,37
as_apparent,521,519,2
always_best,520,520,0
only_better,520,519,1
most_likely,517,491,26
real_happy,517,515,2
that_clear,516,515,1
only_functional,515,515,0
as_awesome,514,490,24
only_popular,514,514,0
only_healthy,513,513,0
only_capable,512,512,0
particularly_high,510,508,2
just_beautiful,510,509,1
so_optimistic,509,507,2
very_excited,508,503,5
as_dumb,507,500,7
so_dangerous,507,472,35
real_sure,506,506,0
more_common,505,469,36
as_necessary,503,502,1
so_useful,503,497,6
as_entertaining,503,494,9
too_smart,501,486,15
more_impressive,500,353,147
as_bleak,500,499,1
particularly_worried,499,495,4
so_true,499,491,8
as_beneficial,498,489,9
too_light,498,487,11
too_eager,498,448,50
as_small,498,491,7
too_shy,497,472,25
yet_public,496,495,1
necessarily_representative,496,496,0
terribly_interested,496,496,0
as_accessible,495,493,2
as_frequent,495,494,1
most_effective,495,487,8
so_exciting,495,449,46
quite_satisfied,495,491,4
only_interesting,494,494,0
so_effective,494,489,5
only_unnecessary,493,493,0
so_tight,493,490,3
very_original,492,473,19
only_unique,491,491,0
particularly_special,490,171,319
even_real,489,488,1
particularly_religious,488,480,8
altogether_surprising,487,486,1
too_wet,487,484,3
as_plentiful,487,486,1
as_tasty,485,466,19
overly_worried,484,480,4
necessarily_new,483,470,13
too_far-fetched,482,472,10
only_expensive,482,482,0
only_unfair,481,481,0
as_explosive,481,478,3
so_severe,480,465,15
too_challenging,479,411,68
only_helpful,479,479,0
more_delighted,479,474,5
particularly_popular,478,476,2
that_large,478,478,0
too_slow,477,467,10
only_acceptable,476,476,0
more_precious,476,238,238
particularly_exciting,475,396,79
physically_able,475,475,0
too_clear,473,450,23
quite_correct,473,473,0
very_busy,473,470,3
completely_comfortable,472,471,1
so_low,472,467,5
historically_accurate,472,470,2
as_certain,471,465,6
always_popular,470,470,0
so_loud,469,465,4
too_aggressive,468,451,17
always_safe,468,467,1
so_surprised,468,467,1
so_deep,467,461,6
too_common,467,457,10
too_fast,467,459,8
as_prolific,467,467,0
more_attractive,466,317,149
only_affordable,465,465,0
as_huge,464,444,20
as_weak,464,459,5
more_complex,463,363,100
even_present,463,463,0
so_impressive,462,453,9
less_likely,462,455,7
that_fast,461,461,0
very_powerful,461,461,0
only_easier,460,460,0
all_concerned,459,459,0
yet_eligible,459,458,1
as_low,458,449,9
quite_complete,457,451,6
very_safe,456,453,3
more_simple,456,408,48
only_relevant,456,456,0
as_amazing,456,426,30
very_concerned,456,452,4
as_free,455,451,4
fully_operational,455,455,0
too_popular,454,415,39
more_impressed,453,452,1
previously_possible,453,453,0
only_free,453,453,0
so_wonderful,452,407,45
as_aware,452,452,0
too_cool,451,443,8
always_correct,451,451,0
so_powerful,450,390,60
as_capable,450,449,1
always_ideal,450,450,0
very_satisfying,448,437,11
most_expensive,448,445,3
as_challenging,447,445,2
as_pleasant,446,432,14
always_appropriate,445,445,0
so_rare,444,436,8
even_alive,443,441,2
even_human,443,442,1
so_helpful,442,436,6
as_true,442,434,8
always_positive,441,441,0
exactly_surprising,441,441,0
exactly_happy,441,440,1
very_clean,440,438,2
very_convenient,440,439,1
always_smooth,440,439,1
particularly_unusual,440,289,151
very_best,438,414,24
too_scary,438,384,54
so_apparent,438,434,4
so_enthusiastic,438,434,4
so_clear-cut,437,436,1
only_famous,437,437,0
more_vital,437,344,93
as_vulnerable,436,433,3
always_convenient,436,436,0
politically_active,436,434,2
immediately_visible,436,429,7
too_rich,435,428,7
as_crucial,435,427,8
mobile_friendly,435,435,0
really_accurate,435,434,1
too_steep,434,419,15
very_noticeable,434,430,4
as_unique,433,401,32
currently_possible,433,433,0
as_harmful,432,431,1
that_excited,432,432,0
more_affordable,432,428,4
so_pleased,431,427,4
very_visible,431,429,2
ever_easy,430,422,8
radically_different,430,409,21
as_weird,430,415,15
financially_feasible,430,430,0
more_satisfied,429,427,2
as_intimidating,429,424,5
fully_clear,429,429,0
that_rare,429,429,0
less_expensive,428,425,3
immediately_evident,428,427,1
really_special,427,72,355
particularly_attractive,427,419,8
so_full,426,418,8
particularly_successful,426,423,3
always_greener,426,426,0
as_costly,425,425,0
overly_fond,424,424,0
too_overwhelming,423,408,15
more_enjoyable,423,245,178
just_right,423,421,2
necessarily_interested,422,422,0
too_overpowering,422,408,14
best_pleased,422,420,2
particularly_important,422,407,15
completely_wrong,420,389,31
more_surprised,420,418,2
as_fancy,420,410,10
as_responsive,419,418,1
as_dense,418,416,2
exactly_ideal,418,417,1
so_foolish,418,412,6
too_terrible,418,354,64
totally_satisfied,418,414,4
as_ambitious,417,398,19
as_grand,417,400,17
real_good,416,410,6
terribly_concerned,416,412,4
as_strange,416,395,21
very_significant,415,402,13
overly_optimistic,415,414,1
yet_willing,414,413,1
very_careful,413,411,2
all_positive,413,409,4
overly_impressive,412,401,11
too_specific,412,368,44
more_special,412,226,186
more_stark,411,408,3
as_surprising,411,409,2
as_awful,410,394,16
as_ready,410,408,2
as_involved,409,408,1
as_radical,409,401,8
far_wrong,409,409,0
only_alive,409,408,1
quite_happy,409,409,0
very_creative,408,405,3
yet_dead,407,407,0
physically_possible,407,406,1
just_true,406,406,0
completely_new,405,390,15
very_flattering,405,403,2
as_supportive,404,404,0
only_physical,404,403,1
always_helpful,404,403,1
yet_old,404,404,0
so_short,403,402,1
too_impressive,401,337,64
overly_excited,400,394,6
so_attractive,400,394,6
even_old,400,400,0
all_inclusive,399,399,0
even_ready,399,399,0
more_challenging,399,323,76
quite_human,398,398,0
only_practical,398,398,0
as_light,398,397,1
still_alive,397,378,19
particularly_impressed,396,395,1
very_great,396,390,6
completely_safe,396,394,2
that_straightforward,395,395,0
quite_comfortable,394,394,0
morally_wrong,394,304,90
more_relaxing,394,129,265
that_sweet,393,393,0
totally_happy,392,392,0
so_bold,392,384,8
really_limited,391,391,0
so_tragic,391,380,11
really_great,389,363,26
too_extreme,389,279,110
otherwise_available,388,383,5
too_wide,388,382,6
soon_enough,388,388,0
as_pure,387,378,9
that_wonderful,387,387,0
so_appealing,386,376,10
so_rich,386,378,8
yet_ripe,386,386,0
only_attractive,386,386,0
too_hasty,385,385,0
most_exciting,384,380,4
as_shocking,384,377,7
particularly_great,383,362,21
any_more,383,371,12
physically_active,383,383,0
as_predictable,383,380,3
as_intuitive,382,382,0
terribly_exciting,382,313,69
so_cheap,382,380,2
completely_certain,382,380,2
overly_complex,382,367,15
very_positive,381,373,8
only_related,381,381,0
as_wonderful,379,335,44
so_dark,379,374,5
as_dependent,378,377,1
too_salty,378,375,3
as_eager,378,377,1
more_american,378,151,227
more_crucial,378,332,46
really_related,377,375,2
that_amazing,377,377,0
as_thorough,377,374,3
that_successful,377,376,1
as_risky,376,374,2
so_thrilled,376,376,0
more_productive,376,356,20
more_aggressive,376,368,8
nearly_good,375,373,2
particularly_funny,375,355,20
totally_unexpected,375,367,8
so_open,374,372,2
all_rosy,374,373,1
so_safe,374,370,4
as_diverse,373,370,3
as_wild,373,361,12
especially_good,373,361,12
terminally_ill,373,370,3
as_dynamic,372,366,6
more_apt,372,356,16
long_lasting,372,367,5
as_violent,372,365,7
so_tired,372,371,1
as_broad,372,368,4
too_bulky,371,365,6
as_devastating,371,357,14
just_concerned,371,371,0
as_nervous,370,368,2
terribly_different,370,365,5
too_fussy,369,341,28
more_secure,368,356,12
so_extreme,368,349,19
even_better,368,366,2
much_new,368,259,109
very_stable,368,365,3
just_useful,368,367,1
entirely_necessary,368,366,2
really_funny,368,355,13
very_sweet,367,367,0
brand_new,367,364,3
really_different,366,324,42
most_comfortable,365,364,1
more_painful,365,192,173
too_painful,364,352,12
as_romantic,364,333,31
terribly_interesting,364,336,28
truly_free,364,363,1
very_consistent,363,363,0
particularly_original,363,311,52
particularly_keen,363,362,1
as_bold,362,352,10
too_flashy,362,286,76
really_suitable,362,361,1
always_evident,361,360,1
as_influential,361,352,9
so_critical,361,356,5
always_welcome,360,358,2
more_essential,360,267,93
only_ineffective,360,360,0
inherently_evil,360,308,52
more_romantic,360,131,229
fundamentally_different,359,328,31
always_predictable,359,359,0
too_intense,359,310,49
politically_motivated,359,355,4
as_versatile,358,356,2
so_quiet,358,356,2
fully_ready,358,358,0
very_flexible,358,357,1
really_helpful,358,353,5
only_convenient,358,358,0
any_clearer,357,356,1
as_damaging,357,356,1
any_bigger,357,355,2
so_angry,357,354,3
really_useful,356,347,9
as_dry,356,353,3
so_clean,356,350,6
far_distant,356,356,0
too_successful,356,341,15
so_generous,356,355,1
too_safe,355,350,5
as_favorable,355,355,0
that_dangerous,355,353,2
n't_good,354,350,4
that_attractive,354,354,0
very_knowledgeable,354,354,0
visually_appealing,353,347,6
as_overwhelming,353,349,4
as_vocal,353,351,2
entirely_surprised,353,344,9
yet_official,353,351,2
that_crazy,352,352,0
particularly_relevant,352,345,7
as_boring,351,337,14
only_aware,351,351,0
that_hot,351,351,0
exactly_accurate,351,351,0
as_conservative,351,349,2
directly_relevant,350,349,1
too_unusual,350,260,90
quite_big,349,348,1
too_tall,349,345,4
even_past,349,349,0
as_sturdy,348,348,0
so_forgiving,348,347,1
yet_capable,348,348,0
even_related,346,345,1
much_lower,346,343,3
only_cheaper,346,346,0
as_catchy,346,335,11
all_equal,346,346,0
too_critical,345,338,7
only_perfect,345,345,0
quite_fair,345,344,1
even_worthy,345,345,0
as_elegant,344,331,13
only_more,344,344,0
really_satisfied,344,343,1
humanly_possible,344,335,9
easily_visible,344,343,1
necessarily_surprising,343,341,2
not_good,343,337,6
terribly_important,342,330,12
very_complex,341,333,8
more_correct,341,338,3
as_careful,341,341,0
only_stylish,340,340,0
overly_difficult,339,333,6
very_enthusiastic,339,339,0
too_costly,339,335,4
very_religious,339,337,2
substantially_different,338,326,12
fully_human,338,337,1
too_rough,338,326,12
as_uncommon,337,337,0
so_smooth,337,337,0
only_legal,336,336,0
really_interesting,336,242,94
more_concerned,336,332,4
as_brilliant,336,327,9
as_stressful,335,325,10
as_direct,335,328,7
that_fond,334,334,0
more_comforting,334,113,221
very_profitable,334,333,1
very_intelligent,333,333,0
remotely_interested,333,332,1
too_nice,333,327,6
even_open,332,332,0
ever_good,332,303,29
terribly_good,332,326,6
that_cold,332,332,0
really_appropriate,331,329,2
that_many,331,321,10
very_obvious,331,326,5
altogether_clear,330,329,1
more_real,330,280,50
just_happy,330,328,2
very_kind,329,329,0
too_shocking,329,279,50
only_entertaining,329,329,0
so_dependent,329,329,0
much_worried,329,327,2
overtly_political,329,315,14
too_friendly,328,304,24
so_fine,328,316,12
as_evident,328,323,5
so_sanguine,328,328,0
terribly_expensive,326,323,3
as_creative,326,321,5
as_annoying,325,304,21
so_sensitive,325,325,0
really_hungry,325,324,1
really_certain,324,323,1
only_false,324,324,0
necessarily_accurate,324,323,1
yet_profitable,324,323,1
clearly_visible,324,324,0
just_black,323,320,3
as_adept,323,322,1
too_sad,323,318,5
always_black,323,323,0
so_blind,322,160,162
so_nervous,321,319,2
statistically_different,321,321,0
much_cheaper,321,320,1
as_essential,320,314,6
as_available,320,319,1
more_natural,320,219,101
necessarily_right,320,320,0
too_distracting,319,276,43
that_bright,319,318,1
so_thick,318,315,3
as_intelligent,318,316,2
completely_successful,318,317,1
as_controversial,317,311,6
very_sophisticated,317,313,4
so_intense,317,312,5
as_susceptible,317,317,0
as_unusual,317,312,5
much_harder,317,315,2
more_dramatic,317,235,82
especially_interested,316,314,2
very_bad,316,279,37
even_worried,315,312,3
more_useful,315,264,51
as_hungry,314,312,2
particularly_hard,314,302,12
as_prone,314,313,1
only_hard,314,314,0
as_athletic,313,310,3
more_accessible,313,311,2
as_slick,313,309,4
yet_strong,313,313,0
totally_accurate,312,311,1
only_present,312,312,0
as_thin,312,310,2
very_secure,311,309,2
intimately_familiar,311,310,1
entirely_convincing,310,305,5
as_vibrant,310,309,1
more_certain,310,266,44
that_busy,309,309,0
actually_dead,309,309,0
really_feasible,308,308,0
as_forthcoming,308,308,0
already_available,308,304,4
exactly_great,308,308,0
as_deadly,307,296,11
so_free,307,303,4
that_dissimilar,307,307,0
as_new,307,302,5
as_horrible,307,302,5
so_harsh,306,304,2
very_relevant,306,305,1
so_evident,306,302,4
that_cute,305,305,0
only_critical,304,304,0
very_fair,304,303,1
always_willing,304,303,1
much_smaller,304,301,3
really_difficult,304,298,6
as_neat,303,299,4
really_alone,303,303,0
too_technical,302,258,44
very_sharp,302,301,1
very_subtle,302,298,4
too_enthusiastic,301,294,7
more_confident,301,297,4
any_higher,301,299,2
that_sure,300,300,0
too_sticky,300,297,3
as_forgiving,300,300,0
as_physical,300,299,1
very_supportive,300,300,0
even_visible,299,299,0
more_fitting,299,282,17
totally_free,299,297,2
as_mature,299,298,1
only_different,299,298,1
just_related,298,298,0
readily_visible,298,298,0
very_competitive,298,298,0
only_strong,298,298,0
very_detailed,298,296,2
so_awesome,298,295,3
too_likely,297,290,7
as_stringent,297,295,2
freely_available,296,295,1
as_frightening,296,285,11
fully_present,296,296,0
very_memorable,296,285,11
very_wide,296,296,0
completely_ready,295,295,0
particularly_bad,295,258,37
that_hungry,295,295,0
really_impressed,295,293,2
entirely_safe,294,294,0
really_safe,294,291,3
only_real,294,294,0
more_interested,293,283,10
as_numerous,293,290,3
so_painful,293,286,7
very_sexy,293,283,10
completely_necessary,292,292,0
immediately_successful,292,291,1
so_significant,292,282,10
totally_true,292,291,1
very_promising,292,288,4
so_convenient,292,282,10
literally_true,292,292,0
very_open,292,292,0
quite_old,291,291,0
particularly_comfortable,291,288,3
as_specific,290,284,6
so_desperate,290,285,5
normally_available,290,290,0
exactly_perfect,289,288,1
terribly_surprised,289,289,0
only_full,289,289,0
always_wrong,288,285,3
as_wealthy,288,285,3
overly_familiar,288,286,2
fast_enough,288,287,1
really_excited,287,286,1
as_rigid,287,287,0
too_scared,287,287,0
just_better,287,286,1
only_smart,287,287,0
very_professional,286,282,4
more_aware,286,285,1
more_embarrassing,286,131,155
as_abundant,286,285,1
more_appealing,286,196,90
so_unique,286,277,9
that_strange,285,285,0
truly_happy,285,285,0
as_passionate,285,280,5
that_confident,284,284,0
as_transparent,284,284,0
all_alike,284,284,0
all_wrong,284,180,104
very_thick,283,283,0
as_slow,283,280,3
very_heavy,283,281,2
particularly_large,283,282,1
inherently_good,283,242,41
overly_aggressive,283,280,3
too_strenuous,283,193,90
too_full,283,277,6
too_dramatic,283,192,91
more_boring,282,137,145
too_interesting,282,210,72
so_shocking,282,271,11
that_weird,281,281,0
even_capable,281,280,1
as_colorful,281,278,3
that_accurate,281,281,0
very_crowded,281,281,0
so_shy,281,281,0
too_subtle,281,224,57
yet_satisfied,280,280,0
yet_mature,280,280,0
really_practical,280,280,0
very_hot,280,279,1
necessarily_enough,280,280,0
as_rigorous,280,278,2
terribly_impressed,280,279,1
necessarily_illegal,280,265,15
that_special,279,276,3
as_upset,279,278,1
so_poor,279,262,17
that_powerful,279,279,0
even_safe,279,279,0
usually_available,279,279,0
as_ubiquitous,279,276,3
as_meaningful,279,276,3
only_harmful,278,278,0
quite_strong,278,277,1
very_durable,278,277,1
very_cool,278,274,4
even_mad,277,277,0
that_dumb,277,273,4
super_easy,277,277,0
so_dire,277,269,8
very_wise,277,275,2
that_cool,276,274,2
legally_responsible,276,276,0
so_inclined,276,274,2
very_conducive,276,275,1
always_nice,276,275,1
very_dangerous,275,272,3
so_visible,275,275,0
more_ready,275,272,3
completely_unexpected,275,274,1
as_sad,275,253,22
entirely_bad,275,272,3
as_vital,274,266,8
as_impactful,274,270,4
as_quiet,274,273,1
entirely_pleased,274,273,1
more_gratifying,274,112,162
so_arrogant,274,274,0
more_supportive,273,270,3
so_ready,273,270,3
very_sensitive,273,273,0
very_clever,272,272,0
very_precise,272,271,1
so_likely,272,254,18
only_durable,271,271,0
fully_healthy,271,271,0
too_afraid,271,265,6
completely_dead,270,268,2
completely_different,270,263,7
dramatically_different,270,260,10
very_forthcoming,269,269,0
so_amazing,269,256,13
totally_comfortable,269,268,1
so_strict,269,269,0
particularly_friendly,269,268,1
all_perfect,269,268,1
all_easy,269,269,0
usually_necessary,269,269,0
previously_aware,268,268,0
all_negative,268,268,0
too_stiff,267,264,3
universally_popular,267,266,1
much_less,267,254,13
only_informative,266,266,0
very_hungry,266,266,0
most_powerful,266,263,3
very_special,266,187,79
as_fond,266,266,0
that_cheap,266,265,1
yet_comfortable,266,266,0
all_pleased,265,265,0
just_financial,265,265,0
exactly_good,265,265,0
even_wrong,265,263,2
so_upset,265,262,3
so_warm,265,263,2
that_noticeable,265,264,1
as_pleased,265,263,2
so_lazy,265,265,0
just_different,265,258,7
very_simple,264,251,13
so_weird,264,260,4
exactly_subtle,264,263,1
always_worth,264,264,0
too_nervous,264,264,0
more_prevalent,264,251,13
much_younger,263,258,5
fully_able,263,263,0
so_clever,263,256,7
only_simple,263,263,0
only_appropriate,262,262,0
very_proud,262,260,2
as_substantial,262,256,6
all_clear,262,262,0
as_immediate,262,253,9
too_noticeable,261,236,25
really_fond,261,260,1
so_overwhelming,261,258,3
so_dissimilar,261,261,0
completely_healthy,261,255,6
less_true,260,223,37
exactly_fair,260,259,1
as_green,260,257,3
as_fine,260,253,7
as_delicious,260,240,20
so_dumb,260,258,2
terribly_hard,260,258,2
as_brutal,260,253,7
so_boring,260,251,9
all_familiar,259,259,0
overly_long,259,259,0
as_problematic,259,257,2
exactly_correct,259,259,0
more_necessary,259,235,24
only_crucial,259,259,0
as_stiff,258,257,1
so_odd,258,248,10
entirely_impossible,258,254,4
so_complex,258,245,13
even_conscious,258,258,0
as_spicy,257,256,1
so_uncommon,257,255,2
only_annoying,257,257,0
really_willing,257,257,0
so_noticeable,256,256,0
any_younger,256,254,2
only_vital,256,256,0
only_impossible,256,256,0
just_easy,256,255,1
so_wise,255,249,6
commercially_successful,255,254,1
particularly_noteworthy,255,201,54
just_annoying,255,250,5
more_terrifying,255,102,153
as_angry,255,254,1
necessarily_safe,254,254,0
as_natural,254,254,0
as_knowledgeable,254,253,1
so_wrong,254,232,22
even_worse,254,165,89
only_rich,254,254,0
very_aggressive,254,252,2
entirely_honest,254,254,0
completely_aware,254,254,0
as_rewarding,254,229,25
only_desirable,253,253,0
just_popular,252,251,1
much_closer,252,247,5
really_keen,252,252,0
seriously_hurt,252,252,0
entirely_different,252,252,0
overly_expensive,252,251,1
really_available,252,251,1
only_ready,252,252,0
very_challenging,251,246,5
yet_perfect,251,250,1
more_disappointing,251,101,150
most_efficient,251,251,0
so_crowded,251,251,0
so_glad,251,248,3
fully_conscious,251,251,0
only_safer,250,250,0
always_ready,250,250,0
entirely_consistent,250,250,0
remotely_true,250,250,0
only_successful,250,250,0
very_worried,249,249,0
particularly_unique,249,173,76
more_disappointed,249,237,12
more_damaging,249,177,72
very_compelling,249,244,5
only_suitable,249,249,0
just_big,248,247,1
too_bitter,248,246,2
as_messy,248,247,1
as_poor,248,247,1
always_wise,248,247,1
more_open,248,244,4
well_aware,248,246,2
that_small,248,247,1
as_elaborate,247,236,11
so_wide,247,246,1
so_grand,247,217,30
very_responsive,247,247,0
as_magical,246,219,27
too_pushy,246,242,4
as_urgent,246,245,1
very_intuitive,246,246,0
that_beautiful,246,246,0
so_fresh,245,239,6
as_short,245,243,2
really_right,245,243,2
particularly_compelling,245,227,18
physically_capable,245,245,0
too_personal,245,214,31
very_satisfied,245,244,1
only_open,244,243,1
as_practical,244,230,14
absolutely_essential,244,242,2
so_awful,244,232,12
very_reassuring,243,242,1
so_weak,243,236,7
very_similar,242,234,8
so_humble,242,236,6
as_dead,242,239,3
particularly_pleased,242,242,0
as_negative,242,239,3
entirely_dissimilar,241,241,0
entirely_positive,241,239,2
personally_responsible,241,241,0
more_frightening,241,119,122
as_rough,241,238,3
particularly_deep,241,230,11
very_meaningful,241,238,3
so_silly,241,236,5
fully_sure,240,240,0
always_open,240,240,0
that_relevant,240,240,0
not_true,240,240,0
very_surprised,240,238,2
always_realistic,240,238,2
too_shocked,240,239,1
only_exciting,239,239,0
as_odd,239,235,4
more_refreshing,239,81,158
so_typical,239,236,3
n't_important,239,237,2
as_real,239,234,5
as_desirable,239,237,2
overly_dramatic,239,216,23
much_taller,238,236,2
significantly_better,238,238,0
so_sharp,238,236,2
very_tasty,238,238,0
fully_awake,238,238,0
easily_impressed,238,238,0
only_fast,238,238,0
just_theoretical,237,237,0
that_awesome,237,237,0
quite_real,237,234,3
really_afraid,237,237,0
that_terrible,237,237,0
technically_illegal,237,228,9
drastically_different,237,225,12
more_wonderful,237,98,139
as_evil,237,236,1
as_ugly,237,231,6
very_informative,237,235,2
most_pleasant,237,237,0
very_aware,237,236,1
legally_able,236,235,1
so_glamorous,236,230,6
too_simple,236,231,5
always_sufficient,236,236,0
too_dangerous,236,218,18
as_surprised,236,232,4
more_intense,236,215,21
really_qualified,235,234,1
that_low,235,235,0
too_pricey,235,232,3
as_long,235,190,45
as_grim,235,234,1
only_tasty,235,235,0
any_safer,235,234,1
ever_able,234,234,0
real_big,234,228,6
more_compelling,234,167,67
really_present,234,234,0
quite_convinced,234,231,3
more_famous,234,167,67
too_intrusive,233,220,13
more_opposite,233,231,2
very_hopeful,233,232,1
only_inevitable,233,232,1
so_aggressive,233,229,4
most_talented,233,228,5
more_vulnerable,233,217,16
really_capable,232,230,2
particularly_proud,232,227,5
completely_dry,232,230,2
really_fun,231,227,4
too_bold,231,222,9
particularly_remarkable,231,137,94
too_uncommon,231,229,2
that_huge,231,231,0
very_loud,231,230,1
actually_interested,231,231,0
as_afraid,231,231,0
already_obvious,231,231,0
as_thrilled,231,230,1
only_gorgeous,231,231,0
physically_strong,231,231,0
not_sure,230,228,2
as_brave,230,228,2
perfectly_clear,230,228,2
even_fair,230,230,0
as_patient,230,228,2
only_right,230,230,0
entirely_truthful,230,228,2
already_clear,229,229,0
more_severe,229,193,36
too_lazy,229,224,5
particularly_clear,229,228,1
as_ridiculous,229,226,3
as_white,229,228,1
very_cold,229,228,1
so_rigid,228,226,2
truly_alone,228,228,0
actually_present,228,227,1
any_simpler,228,228,0
quite_willing,228,227,1
all_uncommon,228,228,0
already_enough,228,228,0
too_precious,228,211,17
as_tired,227,226,1
really_noticeable,227,219,8
completely_impossible,227,224,3
any_harder,227,226,1
super_excited,227,227,0
more_careful,227,223,4
entirely_familiar,226,226,0
only_efficient,226,226,0
necessarily_happy,226,224,2
well_worth,226,224,2
terribly_useful,226,223,3
more_pleasant,226,170,56
too_major,226,39,187
as_mobile,225,225,0
personally_liable,225,224,1
prohibitively_expensive,225,221,4
much_greater,225,225,0
exactly_fun,225,224,1
very_warm,225,225,0
most_beautiful,225,224,1
as_scared,225,225,0
very_accessible,225,225,0
only_worth,224,224,0
so_relevant,224,223,1
personally_identifiable,224,216,8
only_talented,224,224,0
really_open,224,221,3
all_related,224,222,2
only_enjoyable,224,224,0
as_flavorful,224,223,1
entirely_original,223,220,3
only_natural,223,223,0
as_agile,223,221,2
only_costly,223,223,0
as_liberal,223,221,2
only_okay,223,223,0
as_epic,223,216,7
fully_comfortable,223,223,0
more_optimistic,223,219,4
always_kind,223,223,0
only_funny,222,222,0
necessarily_sure,222,222,0
fully_open,222,222,0
that_surprised,222,222,0
only_likely,222,221,1
as_restrictive,222,220,2
just_able,222,222,0
really_real,222,220,2
that_appealing,222,222,0
so_gentle,222,214,8
so_predictable,221,217,4
particularly_fast,221,221,0
very_forgiving,221,220,1
that_deep,221,221,0
only_painful,221,221,0
mentally_ready,221,221,0
very_skilled,221,221,0
only_powerful,221,221,0
as_tender,220,214,6
very_social,220,219,1
very_scientific,220,219,1
biologically_related,220,219,1
that_extreme,220,220,0
as_creamy,219,218,1
only_happy,219,219,0
so_anxious,219,217,2
as_welcoming,219,215,4
more_forthcoming,219,216,3
only_common,219,219,0
too_tricky,219,194,25
as_stark,219,214,5
particularly_wrong,219,16,203
as_cut,218,218,0
so_soft,218,215,3
politically_feasible,218,218,0
very_rich,218,218,0
most_reliable,218,217,1
always_free,218,218,0
always_accessible,218,218,0
just_economic,217,217,0
very_talkative,217,216,1
as_progressive,217,217,0
as_profound,217,205,12
most_accurate,217,217,0
ever_perfect,217,216,1
intrinsically_wrong,217,34,183
only_professional,217,217,0
especially_surprising,217,207,10
particularly_pleasant,216,215,1
particularly_excited,216,214,2
that_true,216,216,0
universally_true,216,216,0
too_kind,216,187,29
more_entertaining,215,153,62
only_applicable,215,215,0
as_personal,215,208,7
legally_enforceable,215,215,0
so_cruel,215,208,7
completely_alone,214,214,0
yet_enough,214,214,0
too_involved,214,205,9
totally_surprised,214,214,0
even_comparable,214,210,4
too_ambitious,214,197,17
entirely_reliable,214,213,1
all_worried,213,213,0
as_massive,213,208,5
only_offensive,213,213,0
only_new,213,212,1
as_silly,213,208,5
as_present,213,212,1
very_inspiring,213,210,3
physically_wrong,213,37,176
necessarily_available,213,212,1
as_shiny,213,213,0
too_sharp,213,198,15
particularly_appealing,213,205,8
only_cruel,212,212,0
most_interesting,212,206,6
that_clever,212,211,1
as_explicit,212,210,2
more_involved,212,203,9
as_rapid,212,207,5
so_aware,212,212,0
ever_simple,212,208,4
far_better,212,162,50
yet_safe,212,212,0
too_weird,212,184,28
too_boring,212,207,5
yet_operational,212,212,0
very_new,211,156,55
entirely_absent,211,207,4
more_sophisticated,211,145,66
as_impossible,211,208,3
as_sick,211,209,2
all_true,211,211,0
just_political,211,211,0
less_interested,211,209,2
really_cool,211,204,7
financially_stable,210,209,1
always_healthy,210,210,0
emotionally_ready,210,210,0
very_athletic,210,209,1
as_frustrating,210,142,68
just_funny,210,205,5
very_scary,210,205,5
fiscally_responsible,209,201,8
so_recent,209,205,4
just_nice,209,205,4
quite_aware,209,209,0
not_enough,209,207,2
all_black,209,209,0
only_ok,209,209,0
more_welcoming,209,197,12
necessarily_aware,209,209,0
always_compatible,209,208,1
too_helpful,209,200,9
really_nervous,209,208,1
yet_visible,209,209,0
seriously_ill,209,204,5
inherently_dangerous,209,177,32
so_tall,208,205,3
even_eligible,208,208,0
exactly_conducive,208,207,1
entirely_uncommon,208,208,0
too_formal,207,182,25
very_smooth,207,207,0
fully_effective,207,206,1
very_suitable,207,207,0
very_tough,207,207,0
very_comforting,207,205,2
as_blatant,207,195,12
very_glamorous,207,199,8
very_patient,206,206,0
as_bitter,206,205,1
just_available,206,206,0
too_weak,206,204,2
that_sad,206,205,1
necessarily_obvious,206,206,0
even_relevant,205,205,0
so_slow,205,201,4
only_immoral,205,205,0
as_volatile,205,200,5
very_valuable,205,199,6
too_strict,205,204,1
fully_compatible,205,205,0
actually_necessary,205,205,0
as_terrifying,205,205,0
most_glamorous,205,204,1
very_welcoming,204,204,0
especially_difficult,204,199,5
already_dead,204,204,0
particularly_challenging,204,189,15
entirely_confident,204,204,0
only_compatible,204,204,0
more_thrilling,204,71,133
fully_complete,204,204,0
necessarily_important,204,204,0
as_bulky,204,204,0
only_knowledgeable,203,203,0
necessarily_ready,203,202,1
completely_devoid,203,202,1
only_valuable,203,203,0
officially_available,203,203,0
exactly_thrilled,203,203,0
as_emotional,203,199,4
actually_able,203,202,1
exactly_hard,203,203,0
much_faster,202,201,1
very_enjoyable,202,200,2
yet_right,202,202,0
as_able,202,202,0
only_passionate,202,202,0
completely_useless,202,202,0
very_mobile,202,202,0
not_funny,202,202,0
half_full,201,200,1
really_effective,201,198,3
only_feasible,201,201,0
as_fit,201,200,1
more_stressful,201,97,104
only_inaccurate,200,200,0
as_qualified,200,199,1
more_irritating,200,85,115
very_satisfactory,200,200,0
too_pleasant,200,184,16
too_runny,200,200,0
really_exciting,200,96,104
very_romantic,200,200,0
less_effective,199,185,14
more_personal,199,126,73
terribly_happy,199,199,0
only_fair,199,199,0
terribly_original,199,163,36
actually_real,199,198,1
particularly_dangerous,199,181,18
so_accurate,199,199,0
so_wild,199,196,3
as_creepy,199,197,2
as_desperate,199,198,1
totally_surprising,198,197,1
that_friendly,198,198,0
really_comparable,198,189,9
entirely_satisfactory,198,195,3
terribly_worried,198,197,1
always_certain,198,198,0
so_necessary,198,198,0
as_ideal,198,196,2
that_desperate,198,198,0
currently_able,198,198,0
more_memorable,198,123,75
as_diligent,198,198,0
most_intelligent,198,198,0
that_unique,198,197,1
as_thrilling,197,189,8
easily_identifiable,197,194,3
entirely_obvious,197,196,1
necessarily_correct,197,197,0
more_competitive,197,189,8
as_iconic,196,182,14
even_legal,196,195,1
as_vast,196,195,1
particularly_long,196,196,0
terribly_impressive,196,190,6
so_prominent,196,191,5
too_narrow,196,195,1
very_costly,196,196,0
so_ridiculous,195,189,6
as_resilient,195,195,0
fundamentally_wrong,195,45,150
as_fierce,195,189,6
as_nasty,195,188,7
too_cheap,195,191,4
as_honest,194,193,1
significantly_higher,194,194,0
fully_mature,194,192,2
more_deserving,194,159,35
too_cute,194,190,4
very_cooperative,194,194,0
so_shocked,194,194,0
commonly_available,194,194,0
as_seamless,194,193,1
yet_good,194,194,0
altogether_sure,194,194,0
too_greasy,193,190,3
as_receptive,193,193,0
totally_wrong,193,193,0
too_sensitive,193,190,3
particularly_surprised,193,189,4
yet_apparent,193,193,0
specifically_related,192,186,6
independently_wealthy,192,192,0
too_mad,192,192,0
mentally_competent,192,191,1
exactly_healthy,192,192,0
too_dense,192,190,2
too_rigid,192,190,2
necessarily_evil,192,192,0
totally_new,192,182,10
particularly_bright,192,190,2
as_original,192,187,5
solely_dependent,192,192,0
so_normal,192,191,1
so_favorable,191,190,1
just_hard,191,190,1
entirely_possible,191,190,1
as_innovative,191,191,0
more_inspiring,191,87,104
so_lonely,191,187,4
only_welcome,191,191,0
sufficiently_clear,191,191,0
very_polite,191,191,0
that_valuable,191,190,1
too_wild,191,165,26
also_true,191,191,0
overly_critical,191,190,1
more_enthusiastic,190,189,1
so_bleak,190,190,0
so_horrible,190,181,9
as_random,190,189,1
fully_fit,190,186,4
more_profitable,190,179,11
particularly_healthy,190,187,3
so_real,190,185,5
more_prominent,190,148,42
necessarily_clear,189,189,0
even_light,189,168,21
as_charming,189,185,4
as_destructive,189,179,10
very_talented,189,189,0
exactly_ready,189,188,1
quite_easy,189,189,0
physically_ready,189,189,0
terribly_fond,189,189,0
even_much,189,185,4
actually_possible,189,188,1
very_quick,189,186,3
all_difficult,189,188,1
too_greedy,189,189,0
too_anxious,188,180,8
even_familiar,188,188,0
too_certain,188,179,9
yet_present,188,187,1
just_smart,188,186,2
only_faster,188,188,0
as_subtle,188,187,1
too_noisy,188,187,1
not_possible,188,185,3
quite_possible,187,187,0
particularly_big,187,185,2
not_able,187,185,2
exactly_comfortable,187,187,0
just_amazing,187,187,0
so_active,187,187,0
always_rational,187,187,0
that_safe,187,186,1
necessarily_reflective,186,186,0
directly_applicable,186,184,2
overly_keen,186,186,0
just_more,186,183,3
necessarily_negative,186,186,0
that_naive,186,186,0
as_egregious,186,173,13
more_active,185,180,5
so_mysterious,185,172,13
as_proficient,185,184,1
particularly_active,185,184,1
ever_likely,185,181,4
very_favorable,185,185,0
as_offensive,185,182,3
as_naive,185,185,0
so_enjoyable,184,180,4
terribly_helpful,184,184,0
necessarily_relevant,184,183,1
more_depressing,184,67,117
too_broad,184,180,4
really_visible,184,178,6
all_surprised,184,184,0
only_uncomfortable,184,184,0
technically_possible,184,183,1
far_short,184,184,0
absolutely_clear,184,182,2
completely_immune,184,183,1
most_attractive,184,182,2
perfectly_round,183,183,0
totally_different,183,181,2
as_pessimistic,183,183,0
quite_ripe,183,182,1
more_diverse,183,182,1
very_receptive,183,183,0
actually_available,183,181,2
so_mad,183,181,2
too_drastic,182,80,102
only_unethical,182,182,0
more_amazing,182,90,92
only_cheap,182,182,0
that_memorable,182,182,0
actually_good,182,182,0
overly_surprised,182,180,2
as_catastrophic,182,176,6
so_vulnerable,182,180,2
very_cheap,181,181,0
so_urgent,181,173,8
so_satisfying,181,121,60
completely_confident,181,181,0
so_huge,181,180,1
necessarily_helpful,181,181,0
so_brave,180,178,2
so_welcome,180,177,3
overly_large,180,175,5
as_awkward,180,174,6
really_human,180,180,0
terribly_effective,180,180,0
so_careful,180,178,2
really_crazy,180,165,15
pretty_good,180,175,5
as_bullish,180,180,0
only_quick,180,180,0
as_revolutionary,179,179,0
only_frustrating,179,179,0
too_hopeful,179,176,3
as_formal,179,176,3
really_ideal,179,179,0
actually_related,179,179,0
just_difficult,179,178,1
perfectly_straight,179,178,1
only_cute,179,179,0
really_sick,179,178,1
very_sympathetic,179,179,0
too_oily,179,179,0
more_sinister,179,24,155
so_radical,179,167,12
yet_convinced,178,178,0
super_happy,178,178,0
that_reliable,178,178,0
as_toxic,178,178,0
more_delicious,178,96,82
terribly_complicated,178,165,13
only_useless,178,178,0
too_confusing,178,172,6
exactly_wrong,178,165,13
as_obsessed,178,178,0
really_scared,178,177,1
particularly_fun,178,177,1
yet_over,178,178,0
immediately_recognizable,178,178,0
only_impressive,178,178,0
just_interesting,177,174,3
more_precise,177,162,15
completely_surprising,177,175,2
that_healthy,177,176,1
very_entertaining,177,173,4
so_specific,176,168,8
so_sick,176,175,1
necessarily_unique,176,174,2
clearly_erroneous,176,175,1
technically_feasible,176,176,0
more_reliable,176,151,25
so_prevalent,176,175,1
really_black,176,174,2
entirely_dependent,176,176,0
that_active,176,176,0
as_expansive,176,171,5
directly_visible,176,176,0
always_equal,175,175,0
very_transparent,175,175,0
all_powerful,175,175,0
very_distant,175,175,0
very_lucky,175,174,1
so_secure,175,175,0
all_sure,175,175,0
just_full,175,174,1
so_daunting,175,173,2
so_neat,174,170,4
more_noticeable,174,168,6
particularly_accurate,174,173,1
always_friendly,174,173,1
that_efficient,174,174,0
as_confusing,174,171,3
so_random,174,174,0
much_difficult,174,173,1
completely_surprised,174,172,2
as_peaceful,173,168,5
as_fragile,173,171,2
typically_available,173,173,0
so_negative,173,171,2
ever_enough,173,172,1
more_qualified,173,144,29
as_acute,173,172,1
yet_free,173,173,0
so_green,173,170,3
all_great,173,172,1
more_transparent,173,170,3
as_nimble,173,173,0
seriously_wrong,173,58,115
particularly_familiar,173,173,0
only_unconstitutional,173,173,0
just_unfair,172,172,0
more_welcome,172,159,13
always_cheap,172,172,0
really_scary,172,160,12
more_harmful,172,128,44
more_beneficial,172,150,22
very_involved,172,172,0
really_high,172,172,0
exactly_pleased,172,171,1
totally_necessary,172,172,0
more_meaningful,171,129,42
entirely_unfounded,171,171,0
necessarily_fair,171,170,1
entirely_satisfying,171,168,3
only_economic,171,170,1
particularly_common,171,170,1
yet_close,171,171,0
exactly_popular,171,171,0
usually_possible,171,171,0
just_illegal,171,171,0
as_formidable,171,168,3
entirely_right,171,171,0
about_right,170,169,1
overly_enthusiastic,170,169,1
that_old,170,169,1
as_convincing,170,169,1
exactly_stellar,170,170,0
extremely_difficult,170,167,3
fully_accurate,170,170,0
so_precious,170,154,16
more_basic,170,111,59
so_disappointed,170,170,0
overly_interested,170,170,0
completely_secure,170,170,0
more_gracious,169,166,3
just_worried,169,169,0
only_consistent,169,169,0
as_wise,169,168,1
not_important,169,165,4
publicly_accessible,169,169,0
immediately_accessible,169,169,0
overly_confident,169,169,0
more_positive,169,147,22
as_dirty,169,166,3
necessarily_great,169,167,2
exactly_certain,169,169,0
most_original,168,166,2
as_stellar,168,167,1
much_happier,168,167,1
fully_accessible,168,168,0
so_thin,168,168,0
too_onerous,168,157,11
actually_new,168,165,3
exactly_friendly,168,168,0
always_useful,168,168,0
only_big,168,167,1
too_clever,168,141,27
as_shy,168,168,0
so_hasty,167,167,0
less_interesting,167,151,16
immediately_noticeable,167,167,0
less_difficult,167,165,2
much_aware,167,167,0
yet_prepared,167,167,0
that_pleasant,167,167,0
immediately_aware,167,167,0
as_central,167,165,2
materially_different,167,166,1
too_uncomfortable,166,162,4
highly_effective,166,166,0
too_graphic,166,130,36
necessarily_dangerous,166,166,0
that_long,166,166,0
only_clean,166,166,0
most_common,166,163,3
very_diverse,166,166,0
just_adorable,166,165,1
too_cautious,166,164,2
even_noticeable,166,166,0
most_fun,166,166,0
so_brilliant,166,164,2
as_affordable,166,166,0
only_untrue,166,166,0
as_steady,166,165,1
terribly_familiar,166,166,0
too_detailed,166,149,17
only_accessible,166,166,0
yet_legal,166,165,1
as_uncomfortable,166,161,5
as_motivated,166,166,0
just_satisfied,165,165,0
entirely_aware,165,163,2
really_nice,165,162,3
just_perfect,165,163,2
so_steep,165,163,2
even_important,165,165,0
entirely_convinced,165,164,1
so_farfetched,165,165,0
already_present,165,165,0
as_benign,165,165,0
only_unacceptable,165,165,0
necessarily_synonymous,165,165,0
so_sexy,165,159,6
so_polite,165,163,2
too_significant,165,132,33
fully_confident,164,163,1
just_academic,164,164,0
completely_smooth,164,164,0
remotely_possible,164,162,2
completely_full,164,162,2
necessarily_healthy,164,164,0
only_familiar,164,164,0
as_vivid,164,160,4
very_young,164,162,2
completely_right,164,161,3
politically_popular,164,163,1
so_challenging,164,159,5
that_optimistic,163,163,0
really_old,163,161,2
necessarily_harmful,163,163,0
damn_good,163,162,1
just_functional,163,162,1
as_pricey,163,162,1
so_reliable,163,162,1
fully_available,163,163,0
much_wrong,163,99,64
very_vocal,162,160,2
only_unable,162,162,0
so_hungry,162,162,0
even_concerned,162,162,0
exactly_original,162,158,4
unduly_concerned,162,157,5
always_beneficial,161,161,0
too_spectacular,161,53,108
so_fantastic,161,156,5
more_intelligent,161,146,15
really_confident,161,160,1
quite_normal,161,160,1
so_ordinary,161,156,5
particularly_controversial,160,133,27
too_hungry,160,160,0
more_fundamental,160,95,65
as_bizarre,160,150,10
particularly_adept,160,160,0
more_visible,160,151,9
more_advanced,160,142,18
more_profound,160,116,44
more_devastating,160,96,64
particularly_innovative,160,128,32
really_healthy,160,160,0
more_substantial,160,46,114
very_robust,160,160,0
particularly_inspiring,160,150,10
quite_worth,160,159,1
just_dangerous,160,160,0
just_beneficial,160,160,0
completely_open,159,159,0
more_honest,159,149,10
completely_familiar,159,159,0
overtly_sexual,159,134,25
very_strict,159,159,0
completely_fair,159,159,0
only_ideal,159,159,0
more_sensitive,159,151,8
too_powerful,159,150,9
only_proud,159,159,0
as_tricky,159,156,3
as_overt,159,150,9
really_strong,159,154,5
only_challenging,158,158,0
so_drastic,158,131,27
as_reliant,158,158,0
very_engaging,158,156,2
more_tragic,158,79,79
normally_open,158,158,0
as_functional,158,156,2
really_conducive,158,158,0
so_grateful,158,157,1
overly_heavy,158,158,0
half_empty,158,156,2
grammatically_correct,157,156,1
only_qualified,157,157,0
so_pessimistic,157,157,0
all_serious,157,156,1
absolutely_perfect,157,154,3
that_heavy,157,157,0
completely_reliable,157,155,2
entirely_serious,157,157,0
totally_honest,157,157,0
not_valid,157,157,0
entirely_unique,157,156,1
exactly_free,156,155,1
only_educational,156,156,0
entirely_immune,156,156,0
always_suitable,156,156,0
so_honest,156,155,1
as_unlikely,156,154,2
especially_interesting,156,143,13
as_professional,156,155,1
particularly_shocking,156,142,14
completely_correct,156,156,0
most_successful,156,152,4
only_skilled,156,156,0
all_ready,156,156,0
overly_happy,156,156,0
so_accessible,156,155,1
that_painful,155,155,0
entirely_unreasonable,155,154,1
so_welcoming,155,154,1
always_forthcoming,155,155,0
as_embarrassing,155,143,12
exactly_common,155,155,0
that_fortunate,155,155,0
particularly_cheap,155,155,0
more_appreciative,155,154,1
always_related,155,155,0
particularly_rare,155,150,5
as_adventurous,154,152,2
directly_available,154,154,0
even_fun,154,154,0
only_cool,154,154,0
as_outlandish,154,152,2
too_stupid,154,150,4
as_inclined,154,154,0
necessarily_permanent,154,153,1
so_selfish,154,153,1
only_reliable,154,154,0
as_pervasive,154,150,4
technically_wrong,154,62,92
as_tolerant,154,154,0
too_fat,154,153,1
only_unsightly,154,154,0
more_violent,154,140,14
really_popular,154,153,1
more_accommodating,154,154,0
entirely_predictable,154,153,1
so_cynical,153,153,0
entirely_negative,153,153,0
only_normal,153,153,0
particularly_significant,153,137,16
as_calm,153,152,1
overly_surprising,153,150,3
as_regular,153,153,0
particularly_kind,153,153,0
just_local,153,152,1
as_competent,153,153,0
as_disastrous,153,151,2
especially_close,153,153,0
as_authentic,153,150,3
terribly_high,153,153,0
as_addictive,153,151,2
completely_obvious,152,152,0
as_anxious,152,151,1
as_outrageous,152,148,4
really_angry,152,152,0
just_unique,152,152,0
so_supportive,152,152,0
particularly_scary,152,141,11
remotely_similar,152,90,62
too_particular,152,147,5
so_blatant,152,140,12
too_active,152,150,2
so_widespread,152,151,1
that_awful,152,152,0
so_valuable,152,142,10
too_strange,152,114,38
that_costly,152,152,0
only_reasonable,152,152,0
really_better,151,143,8
too_few,151,137,14
more_explicit,151,142,9
exactly_shocking,151,151,0
very_imaginative,151,148,3
so_efficient,151,151,0
completely_unheard,151,151,0
as_shocked,151,150,1
more_central,151,131,20
only_high,151,151,0
as_worthy,151,151,0
currently_open,151,146,5
immediately_sure,150,150,0
super_expensive,150,150,0
as_recognizable,150,149,1
as_realistic,150,150,0
that_picky,150,150,0
more_costly,150,132,18
particularly_efficient,150,150,0
so_picky,150,150,0
so_spectacular,150,137,13
even_new,150,147,3
more_alive,150,145,5
currently_eligible,150,150,0
nearly_impossible,149,145,4
all_bleak,149,149,0
terribly_long,149,149,0
really_mad,149,148,1
terribly_popular,149,149,0
very_dramatic,149,128,21
very_appetizing,149,146,3
only_stupid,149,149,0
completely_empty,149,147,2
super_familiar,149,149,0
particularly_nice,149,148,1
as_hectic,149,149,0
so_flattering,149,149,0
completely_effective,149,149,0
more_straightforward,149,145,4
so_forthcoming,149,149,0
that_famous,149,147,2
too_similar,149,146,3
just_wishful,149,149,0
so_tasty,149,143,6
very_beautiful,148,146,2
entirely_responsible,148,148,0
more_magical,148,58,90
too_casual,148,146,2
always_desirable,148,148,0
as_distinct,148,145,3
unduly_worried,148,146,2
as_luxurious,148,140,8
necessarily_comfortable,148,146,2
so_lovely,148,138,10
that_talented,148,148,0
as_private,148,148,0
legally_possible,148,148,0
inherently_better,147,130,17
terribly_successful,147,146,1
sufficiently_strong,147,145,2
just_free,147,147,0
markedly_different,147,147,0
quite_familiar,147,147,0
always_intuitive,147,147,0
only_detrimental,147,147,0
so_rough,147,146,1
so_benign,147,145,2
so_pure,147,132,15
very_user-friendly,147,147,0
as_harmless,147,147,0
as_exotic,147,139,8
very_technical,147,144,3
more_exhilarating,147,37,110
ever_certain,147,145,2
terribly_unusual,147,127,20
as_prestigious,147,147,0
even_afraid,147,147,0
particularly_expensive,147,143,4
more_ridiculous,147,109,38
most_practical,147,146,1
even_hungry,147,147,0
that_enthusiastic,147,147,0
particularly_complex,147,138,9
only_incorrect,147,147,0
as_flat,147,146,1
more_easy,147,133,14
as_promising,146,146,0
very_likable,146,145,1
just_necessary,146,146,0
only_significant,146,146,0
any_good,146,141,5
entirely_smooth,146,146,0
very_pretty,146,144,2
quickly_enough,146,146,0
directly_involved,146,146,0
so_sunny,146,146,0
remotely_related,146,131,15
just_relevant,146,146,0
as_sanguine,146,146,0
as_noisy,145,144,1
too_useful,145,144,1
just_cool,145,145,0
always_synonymous,145,145,0
only_inappropriate,145,145,0
just_cosmetic,145,143,2
financially_sustainable,145,145,0
entirely_human,145,145,0
most_convenient,145,145,0
that_severe,145,145,0
yet_widespread,145,145,0
always_glamorous,145,145,0
too_stressful,145,140,5
financially_able,145,144,1
more_stoked,144,144,0
necessarily_ideal,144,144,0
fully_representative,144,144,0
just_famous,144,143,1
really_dangerous,144,138,6
entirely_appropriate,144,143,1
always_interested,144,144,0
truly_interested,144,144,0
as_fat,144,142,2
particularly_notable,144,111,33
actually_free,144,144,0
very_credible,144,143,1
just_willing,144,144,0
only_worried,143,143,0
real_comfortable,143,143,0
only_ridiculous,143,143,0
yet_sufficient,143,143,0
most_flattering,143,143,0
very_motivated,143,143,0
only_healthier,143,143,0
exactly_pleasant,143,143,0
necessarily_difficult,143,143,0
especially_concerned,143,142,1
only_accurate,142,142,0
very_encouraging,142,138,4
usually_enough,142,142,0
as_welcome,142,141,1
overly_technical,142,133,9
always_conducive,142,142,0
even_hard,142,142,0
only_absurd,142,142,0
very_willing,142,142,0
that_perfect,142,142,0
always_clear-cut,142,142,0
more_awkward,142,91,51
more_practical,142,105,37
so_compelling,142,126,16
abundantly_clear,142,142,0
only_fascinating,142,142,0
too_windy,142,142,0
backwards_compatible,142,142,0
more_spectacular,142,88,54
strictly_accurate,142,139,3
only_pleasing,142,142,0
so_stubborn,142,140,2
more_sure,141,135,6
very_spicy,141,141,0
always_negative,141,141,0
less_real,141,109,32
so_obsessed,141,140,1
always_pretty,141,141,0
much_worth,141,92,49
very_unusual,141,102,39
less_complicated,141,139,2
so_remarkable,141,131,10
that_nervous,141,141,0
mentally_stable,141,141,0
usually_open,141,141,0
very_painful,141,139,2
super_cute,140,140,0
so_peaceful,140,138,2
highly_skilled,140,140,0
as_cruel,140,132,8
as_outspoken,140,139,1
especially_strong,140,135,5
overly_exciting,140,107,33
vastly_different,140,139,1
quite_large,140,140,0
as_forceful,140,138,2
factually_correct,140,140,0
that_quick,140,139,1
less_impressive,140,132,8
as_lovely,140,124,16
too_effective,140,136,4
equally_important,139,138,1
legally_available,139,139,0
as_independent,139,137,2
fully_happy,139,139,0
as_precious,139,129,10
very_functional,139,139,0
only_political,139,139,0
morally_right,139,136,3
more_convincing,139,108,31
only_appealing,139,139,0
only_embarrassing,139,139,0
really_upset,139,139,0
more_friendly,139,139,0
more_mistaken,139,138,1
quite_full,139,138,1
technically_correct,139,139,0
too_skinny,138,134,4
really_significant,138,107,31
only_dependent,138,138,0
very_honest,138,138,0
so_traditional,138,137,1
particularly_sharp,138,137,1
too_unhappy,138,138,0
too_restrictive,138,136,2
entirely_alone,138,138,0
even_accurate,138,138,0
as_gloomy,138,137,1
genetically_related,138,138,0
as_handsome,138,137,1
truly_independent,138,138,0
as_eloquent,138,135,3
politically_incorrect,138,134,4
always_honest,138,138,0
only_financial,138,138,0
necessarily_fatal,138,133,5
as_disappointed,138,137,1
especially_fond,138,137,1
very_experienced,138,137,1
legally_liable,138,137,1
just_sad,137,134,3
as_mad,137,135,2
so_ignorant,137,132,5
as_mysterious,137,132,5
particularly_enthusiastic,137,137,0
fully_successful,137,137,0
really_correct,137,137,0
so_pathetic,137,126,11
as_proud,137,137,0
that_critical,137,136,1
very_believable,137,136,1
altogether_different,137,136,1
more_pleasing,137,75,62
more_upset,137,134,3
most_famous,137,135,2
only_permissible,137,137,0
so_frequent,137,133,4
necessarily_cheap,137,137,0
as_fruitful,137,137,0
remotely_funny,137,110,27
as_glorious,137,132,5
actually_wrong,136,71,65
just_hot,136,134,2
entirely_altruistic,136,134,2
really_alive,136,136,0
overly_sensitive,136,134,2
particularly_optimistic,136,135,1
as_savvy,136,136,0
particularly_complicated,136,122,14
necessarily_appropriate,136,136,0
so_deadly,136,131,5
so_dry,136,133,3
always_important,136,136,0
really_applicable,135,135,0
only_large,135,135,0
entirely_ready,135,134,1
exactly_rare,135,134,1
too_appealing,135,129,6
as_energetic,135,135,0
terribly_complex,135,125,10
really_acceptable,135,134,1
so_annoying,135,122,13
as_gross,135,134,1
always_indicative,135,135,0
just_personal,135,135,0
exactly_normal,135,134,1
completely_crazy,135,134,1
only_dead,135,135,0
that_aware,135,134,1
as_stylish,135,131,4
only_irresponsible,135,135,0
so_reliant,134,132,2
much_impressed,134,134,0
very_frequent,134,134,0
more_surprising,134,108,26
only_evident,134,134,0
too_clean,134,115,19
most_impressive,134,134,0
very_remarkable,134,87,47
immediately_forthcoming,134,133,1
as_nutritious,134,132,2
so_intimidating,134,130,4
exactly_alike,134,133,1
as_intriguing,134,130,4
as_hostile,134,132,2
as_usual,134,128,6
even_cold,134,134,0
more_absurd,133,101,32
exactly_high,133,133,0
as_upbeat,133,133,0
much_stronger,133,132,1
as_satisfied,133,133,0
so_similar,133,132,1
all_comfortable,133,132,1
as_cynical,133,133,0
even_qualified,133,133,0
blatantly_obvious,133,129,4
so_frightening,133,124,9
particularly_eager,133,133,0
too_original,133,92,41
especially_helpful,133,130,3
very_advanced,132,131,1
most_difficult,132,128,4
necessarily_easier,132,132,0
too_perfect,132,130,2
just_responsible,132,132,0
really_sorry,132,132,0
that_better,132,132,0
too_fine,132,128,4
just_cute,132,131,1
as_trustworthy,132,131,1
so_crucial,132,131,1
very_rare,132,130,2
just_stupid,131,131,0
so_rude,131,130,1
really_expensive,131,129,2
necessarily_equal,131,130,1
terribly_bad,131,117,14
as_wet,131,130,1
openly_gay,131,129,2
as_onerous,131,130,1
as_sticky,131,130,1
only_inconvenient,131,131,0
too_drunk,131,129,2
less_dangerous,131,124,7
as_sore,131,130,1
quite_high,131,131,0
as_picky,131,131,0
so_ambitious,131,119,12
all_obvious,131,130,1
more_prone,130,127,3
very_handy,130,129,1
really_representative,130,129,1
exactly_famous,130,126,4
any_cheaper,130,128,2
that_convenient,130,130,0
as_lethal,130,127,3
much_wider,130,127,3
so_romantic,130,120,10
as_sympathetic,130,129,1
terribly_comfortable,130,129,1
directly_accessible,130,130,0
as_simplistic,130,127,3
too_overbearing,130,127,3
primarily_concerned,130,130,0
as_crispy,130,130,0
overly_ambitious,130,129,1
entirely_inaccurate,130,130,0
as_dull,130,128,2
quite_close,130,129,1
financially_responsible,129,129,0
entirely_untrue,129,126,3
so_grim,129,125,4
yet_conclusive,129,128,1
particularly_subtle,129,121,8
so_broad,129,126,3
too_farfetched,129,127,2
as_social,129,129,0
so_impossible,129,123,6
only_fashionable,129,129,0
as_chaotic,129,127,2
technically_difficult,129,124,5
completely_flat,129,128,1
very_prominent,129,129,0
financially_successful,129,129,0
so_practical,129,115,14
more_generous,129,118,11
in_much,129,129,0
only_amazing,129,129,0
as_cooperative,129,129,0
more_happier,129,129,0
all_satisfied,129,129,0
exactly_helpful,129,128,1
too_fun,128,127,1
too_sexy,128,115,13
super_comfortable,128,128,0
as_stunning,128,127,1
particularly_smart,128,127,1
only_stunning,128,128,0
more_willing,128,124,4
as_disturbing,128,126,2
more_capable,128,122,6
exactly_short,128,128,0
only_stronger,128,128,0
as_farfetched,128,128,0
too_aware,128,128,0
as_loyal,128,127,1
even_sorry,128,128,0
only_satisfied,128,128,0
too_literal,128,124,4
as_definitive,128,126,2
most_ideal,128,128,0
as_graphic,128,125,3
always_beautiful,128,128,0
very_picky,128,127,1
more_eager,127,123,4
terribly_excited,127,126,1
exactly_legal,127,125,2
overly_burdensome,127,126,1
particularly_convincing,127,125,2
as_modern,127,126,1
truly_safe,127,127,0
downright_impossible,127,124,3
entirely_innocent,127,126,1
even_american,127,127,0
very_real,127,124,3
as_invasive,127,126,1
really_involved,127,126,1
just_gorgeous,127,127,0
more_promising,127,116,11
actually_bad,127,123,4
only_excited,127,127,0
that_intense,127,126,1
so_light,127,125,2
politically_expedient,127,126,1
mentally_retarded,127,127,0
just_comfortable,127,125,2
technically_true,126,126,0
widely_popular,126,125,1
just_convenient,126,126,0
that_spectacular,126,121,5
as_permanent,126,118,8
easily_recognizable,126,126,0
physically_fit,126,126,0
more_charming,126,95,31
particularly_thrilled,126,126,0
more_dissimilar,126,126,0
just_acceptable,126,125,1
too_new,126,68,58
as_traumatic,126,120,6
more_creative,126,112,14
exactly_difficult,126,126,0
overly_sentimental,126,121,5
so_patient,126,125,1
totally_impossible,126,125,1
more_familiar,126,116,10
particularly_novel,126,91,35
technologically_savvy,126,126,0
really_likely,126,126,0
mentally_tough,126,126,0
too_outrageous,126,92,34
so_convinced,126,126,0
so_affordable,126,126,0
only_nice,125,125,0
especially_popular,125,125,0
just_symbolic,125,125,0
officially_open,125,125,0
overly_friendly,125,123,2
that_odd,125,125,0
as_conducive,125,123,2
just_helpful,125,124,1
just_delicious,125,121,4
openly_hostile,125,124,1
so_silent,125,125,0
so_advanced,125,124,1
more_striking,125,119,6
so_natural,125,121,4
so_evil,125,121,4
particularly_clever,125,110,15
too_risky,125,116,9
fully_compliant,125,125,0
as_disruptive,125,124,1
as_fantastic,125,124,1
wholly_unexpected,125,122,3
too_demanding,125,107,18
only_unrealistic,125,125,0
entirely_unfamiliar,124,121,3
now_available,124,118,6
very_adventurous,124,124,0
more_frustrated,124,117,7
too_messy,124,121,3
super_high,124,122,2
more_sacred,124,74,50
less_significant,124,114,10
as_pristine,124,124,0
most_appropriate,124,122,2
that_new,124,121,3
exactly_shy,124,124,0
exactly_bad,124,123,1
often_available,124,124,0
so_greedy,124,123,1
very_steep,124,122,2
just_safe,124,123,1
that_similar,124,122,2
as_hopeful,124,124,0
as_juicy,124,121,3
really_conscious,124,124,0
very_famous,124,123,1
very_tolerant,124,124,0
as_enamored,124,124,0
just_white,123,123,0
so_ideal,123,123,0
as_hopeless,123,123,0
as_sunny,123,123,0
very_severe,123,120,3
sexually_explicit,123,111,12
as_red,123,123,0
as_fascinating,123,120,3
so_direct,123,122,1
as_threatening,123,122,1
only_cost-effective,123,123,0
as_mainstream,123,122,1
too_annoying,123,118,5
so_entertaining,123,117,6
not_worth,123,118,5
as_intrusive,123,122,1
entirely_complete,123,122,1
more_poignant,123,101,22
wholly_successful,123,123,0
still_active,123,123,0
yet_evident,123,123,0
as_remarkable,123,114,9
as_well-known,123,119,4
more_heartbreaking,123,39,84
more_worried,123,122,1
entirely_devoid,123,123,0
too_baggy,123,117,6
so_alone,123,123,0
too_conservative,122,118,4
very_elegant,122,122,0
very_eager,122,122,0
necessarily_concerned,122,122,0
too_angry,122,122,0
as_amusing,122,122,0
very_wealthy,122,121,1
just_ready,122,122,0
exactly_revolutionary,122,121,1
incredibly_difficult,122,121,1
very_extensive,122,122,0
even_more,122,112,10
only_personal,122,122,0
entirely_unusual,122,122,0
as_depressing,122,117,5
as_flattering,122,119,3
super_close,122,121,1
more_vocal,122,117,5
that_enjoyable,122,122,0
necessarily_applicable,122,122,0
entirely_effective,122,121,1
as_idyllic,122,122,0
terribly_clear,122,122,0
as_universal,122,122,0
much_safer,122,122,0
strictly_comparable,122,122,0
only_misleading,122,122,0
more_realistic,122,117,5
super_impressed,121,121,0
only_creative,121,121,0
as_comforting,121,91,30
completely_truthful,121,120,1
more_extreme,121,102,19
necessarily_familiar,121,121,0
not_available,121,113,8
more_fascinating,121,83,38
as_privileged,121,121,0
as_showy,121,118,3
as_one-sided,121,121,0
just_fast,121,121,0
super_exciting,121,96,25
really_essential,121,117,4
as_portable,121,121,0
necessarily_visible,121,121,0
so_cut,121,120,1
as_troublesome,121,119,2
so_private,121,121,0
perfectly_flat,121,121,0
so_productive,121,121,0
too_awful,121,104,17
that_sophisticated,121,120,1
as_insane,121,117,4
very_beneficial,121,121,0
as_far-reaching,121,121,0
not_interested,121,121,0
particularly_productive,120,117,3
so_calm,120,120,0
only_visible,120,119,1
as_graceful,120,120,0
as_gentle,120,120,0
more_delightful,120,60,60
so_fair,120,114,6
as_speedy,120,119,1
fully_capable,120,120,0
necessarily_consistent,120,120,0
too_healthy,120,111,9
only_active,120,120,0
very_affordable,120,119,1
only_tough,120,119,1
only_hot,120,120,0
particularly_likable,120,118,2
any_faster,120,117,3
really_smart,120,120,0
that_compelling,120,120,0
even_dry,119,119,0
as_vigorous,119,118,1
as_absurd,119,114,5
as_distinctive,119,118,1
yet_full,119,118,1
well_pleased,119,114,5
too_huge,119,109,10
as_cohesive,119,119,0
so_controversial,119,112,7
yet_live,119,119,0
only_friendly,119,119,0
physically_addictive,119,118,1
only_rare,119,119,0
completely_unfounded,119,119,0
only_unjust,119,119,0
just_fine,119,116,3
really_worthy,119,117,2
as_delicate,119,118,1
only_correct,119,119,0
very_welcome,119,118,1
completely_dark,119,119,0
that_remarkable,119,118,1
remotely_comparable,119,82,37
just_easier,119,119,0
just_new,119,118,1
necessarily_able,118,118,0
too_watery,118,118,0
legally_valid,118,118,0
especially_new,118,73,45
lawfully_present,118,118,0
always_rosy,118,118,0
only_bigger,118,118,0
overly_thrilled,118,118,0
overly_strong,118,118,0
so_narrow,118,116,2
as_valid,118,118,0
so_delicious,118,104,14
exactly_exciting,118,117,1
yet_active,118,118,0
super_important,118,117,1
more_motivating,118,46,72
more_disheartening,118,38,80
as_focused,118,117,1
very_unique,118,109,9
much_simpler,118,116,2
currently_subject,118,118,0
substantially_similar,118,118,0
too_extensive,118,104,14
just_okay,118,118,0
too_emotional,118,115,3
really_successful,118,115,3
as_technical,118,116,2
particularly_sympathetic,118,118,0
super_strong,117,116,1
as_intimate,117,111,6
easily_able,117,117,0
exactly_safe,117,117,0
crystal_clear,117,116,1
only_disrespectful,117,117,0
as_tragic,117,113,4
as_vigilant,117,117,0
particularly_sensitive,117,117,0
always_funny,117,117,0
just_ok,117,115,2
as_hardy,117,116,1
very_low,117,115,2
factually_accurate,117,116,1
too_daunting,117,105,12
particularly_different,117,102,15
visually_stunning,117,114,3
only_adorable,117,117,0
terribly_bright,117,117,0
as_linear,116,116,0
exactly_eager,116,115,1
so_reticent,116,116,0
as_disappointing,116,103,13
entirely_bleak,116,116,0
too_radical,116,92,24
pretty_sure,116,114,2
fully_transparent,116,116,0
most_obvious,116,115,1
very_photogenic,116,116,0
as_fluffy,116,116,0
exactly_warm,116,116,0
only_impressed,116,116,0
easily_satisfied,116,116,0
otherwise_possible,116,116,0
actually_aware,116,116,0
very_sturdy,116,116,0
entirely_perfect,116,115,1
really_complete,116,116,0
more_widespread,116,116,0
necessarily_expensive,115,114,1
very_likeable,115,115,0
very_democratic,115,114,1
really_responsible,115,114,1
only_refreshing,115,115,0
only_elegant,115,115,0
exactly_full,115,115,0
structurally_sound,115,115,0
totally_aware,115,114,1
really_compatible,115,115,0
as_major,115,100,15
as_detrimental,115,114,1
too_sour,115,113,2
more_remarkable,115,75,40
completely_absent,115,115,0
completely_clean,115,114,1
not_easy,115,114,1
necessarily_best,114,113,1
reasonably_foreseeable,114,114,0
too_firm,114,111,3
particularly_sophisticated,114,112,2
as_basic,114,112,2
always_capable,114,114,0
necessarily_effective,114,113,1
more_talented,114,111,3
entirely_false,114,114,0
truly_representative,114,114,0
wide_open,114,109,5
perfectly_accurate,114,114,0
more_potent,114,88,26
most_qualified,114,114,0
so_tiny,114,114,0
yet_common,114,113,1
yet_confident,114,114,0
any_greater,114,112,2
only_sustainable,114,114,0
as_fair,114,114,0
particularly_warm,114,113,1
as_responsible,114,114,0
usually_fatal,114,111,3
especially_worried,114,114,0
very_mature,114,114,0
only_hilarious,114,114,0
readily_identifiable,114,114,0
exactly_close,114,114,0
more_offensive,113,74,39
particularly_positive,113,105,8
practically_possible,113,113,0
only_unhealthy,113,113,0
wildly_popular,113,112,1
so_glorious,113,107,6
even_jewish,113,113,0
particularly_skilled,113,112,1
visually_pleasing,113,113,0
entirely_welcome,113,113,0
very_fancy,113,95,18
so_accommodating,113,113,0
universally_applicable,113,113,0
terribly_new,113,51,62
only_contrary,113,113,0
more_influential,113,96,17
totally_convinced,113,112,1
even_dead,113,113,0
so_stiff,113,113,0
more_uncomfortable,113,62,51
more_disturbing,112,77,35
necessarily_cheaper,112,112,0
only_rude,112,112,0
particularly_aggressive,112,111,1
extremely_important,112,108,4
quite_free,112,110,2
nearly_ready,112,112,0
very_ambitious,112,111,1
instantly_recognizable,112,111,1
as_horrific,112,105,7
especially_useful,112,112,0
super_fun,112,112,0
all_important,112,110,2
universally_available,112,112,0
really_pleased,112,112,0
so_presumptuous,112,112,0
particularly_flattering,112,110,2
as_tidy,112,110,2
too_mushy,112,108,4
so_charming,112,107,5
too_embarrassed,112,112,0
more_controversial,111,78,33
primarily_interested,111,111,0
as_distant,111,110,1
so_trivial,111,105,6
more_peaceful,111,72,39
that_skilled,111,111,0
just_strong,111,110,1
so_desirable,111,108,3
even_bad,111,111,0
highly_visible,111,110,1
always_clean,111,110,1
too_horrible,111,103,8
as_salty,111,111,0
immediately_reachable,111,111,0
very_political,111,111,0
that_likely,111,111,0
so_wet,111,111,0
as_inclusive,111,111,0
always_relevant,111,111,0
as_lonely,111,108,3
only_clear,111,111,0
always_quick,111,111,0
so_personal,111,104,7
any_less,111,111,0
very_same,110,110,0
that_short,110,110,0
that_shocking,110,110,0
so_modest,110,110,0
only_foolish,110,110,0
even_comfortable,110,110,0
acutely_aware,110,110,0
so_pretty,110,110,0
ever_wrong,110,104,6
technically_savvy,110,110,0
more_discouraging,110,49,61
only_sad,110,110,0
just_effective,110,109,1
perfectly_smooth,110,110,0
especially_memorable,110,99,11
too_controversial,110,84,26
very_dark,110,109,1
particularly_tall,110,110,0
only_rewarding,110,110,0
really_hot,110,106,4
very_adept,109,109,0
so_frustrating,109,84,25
sufficiently_aware,109,109,0
as_apt,109,109,0
more_adorable,109,76,33
as_inexpensive,109,109,0
overly_pleased,109,109,0
very_small,109,109,0
very_logical,109,109,0
totally_dependent,109,107,2
so_cavalier,109,109,0
particularly_spectacular,109,74,35
so_dead,109,105,4
necessarily_worth,109,109,0
too_funny,109,96,13
necessarily_unusual,109,108,1
politically_viable,109,109,0
so_loose,109,109,0
especially_high,109,108,1
directly_attributable,109,109,0
usually_interested,109,109,0
as_resistant,109,108,1
always_logical,109,109,0
so_costly,109,109,0
extremely_high,109,108,1
particularly_athletic,109,109,0
necessarily_willing,108,108,0
too_girly,108,102,6
particularly_sexy,108,93,15
so_local,108,107,1
real_clear,108,108,0
too_frequent,108,106,2
very_pleasing,108,108,0
only_small,108,108,0
much_warmer,108,106,2
so_dominant,108,108,0
so_talented,108,108,0
terribly_likely,108,108,0
only_brilliant,108,108,0
always_linear,108,107,1
always_conscious,108,107,1
completely_dependent,108,107,1
entirely_coincidental,108,108,0
hugely_popular,108,108,0
entirely_dead,108,108,0
very_tight,108,106,2
that_horrible,108,108,0
as_fluent,108,108,0
so_stable,107,107,0
entirely_unpleasant,107,106,1
all_excited,107,105,2
as_flamboyant,107,106,1
exactly_forthcoming,107,107,0
too_open,107,105,2
as_raw,107,105,2
necessarily_positive,107,107,0
really_obvious,107,104,3
as_suitable,107,106,1
only_innovative,107,107,0
more_destructive,107,66,41
just_lovely,107,107,0
quite_warm,107,106,1
really_simple,107,107,0
so_fragile,107,105,2
that_competitive,107,107,0
very_portable,107,107,0
entirely_easy,107,106,1
only_positive,107,107,0
completely_insane,107,105,2
completely_original,107,105,2
very_appropriate,107,106,1
completely_random,107,106,1
just_simple,107,99,8
so_precise,107,107,0
only_low,107,107,0
as_narrow,107,107,0
completely_perfect,107,107,0
completely_terrible,107,107,0
only_timely,107,107,0
most_productive,106,105,1
entirely_unrelated,106,106,0
so_tolerant,106,105,1
always_applicable,106,106,0
as_tense,106,106,0
as_articulate,106,106,0
just_applicable,106,106,0
previously_familiar,106,106,0
so_literal,106,104,2
less_beautiful,106,97,9
more_nutritious,106,102,4
so_outrageous,106,102,4
completely_stupid,106,106,0
wholly_accurate,106,105,1
more_classic,106,47,59
entirely_pleasant,106,106,0
really_active,106,105,1
really_ours,106,106,0
totally_confident,106,106,0
absolutely_true,106,104,2
really_sad,106,103,3
very_persuasive,106,105,1
purely_historical,106,106,0
more_worthy,106,74,32
really_realistic,106,106,0
particularly_likely,106,106,0
more_stable,106,103,3
so_sophisticated,106,101,5
that_brave,106,106,0
as_trivial,106,97,9
particularly_likeable,106,106,0
as_extravagant,105,100,5
nearly_big,105,105,0
morally_acceptable,105,105,0
only_inefficient,105,105,0
very_generous,105,104,1
terribly_wrong,105,30,75
as_hardcore,105,105,0
especially_important,105,99,6
terribly_common,105,104,1
anywhere_close,105,104,1
always_full,105,105,0
as_jarring,105,104,1
much_afraid,105,104,1
that_disappointed,105,105,0
especially_happy,105,104,1
more_lovely,105,74,31
only_many,105,105,0
totally_obvious,105,105,0
exactly_practical,105,105,0
entirely_realistic,105,104,1
more_shocked,105,104,1
too_dirty,105,96,9
more_iconic,105,68,37
so_dense,105,105,0
that_cruel,105,105,0
as_conclusive,104,104,0
so_drunk,104,103,1
so_satisfied,104,104,0
nearly_strong,104,104,0
as_charismatic,104,104,0
very_physical,104,104,0
as_sleek,104,102,2
as_notable,104,101,3
so_involved,104,104,0
necessarily_useful,104,104,0
so_numerous,104,104,0
as_captivating,104,103,1
too_enthused,104,101,3
too_lengthy,104,101,3
only_legitimate,104,104,0
only_soft,104,104,0
so_convincing,104,102,2
even_complete,104,104,0
entirely_rational,104,104,0
more_ecstatic,104,104,0
only_local,104,104,0
just_dependent,104,104,0
as_attentive,104,104,0
terribly_uncommon,103,103,0
so_promising,103,103,0
too_cynical,103,102,1
necessarily_free,103,102,1
wildly_different,103,101,2
really_cold,103,103,0
only_nutritious,103,103,0
so_vital,103,96,7
genuinely_interested,103,103,0
so_stark,103,99,4
more_conservative,103,91,12
personally_familiar,103,103,0
quite_fast,103,103,0
so_memorable,103,98,5
financially_possible,103,103,0
fully_responsible,103,102,1
so_hopeful,103,100,3
much_brighter,103,103,0
yet_high,103,103,0
as_noble,103,101,2
as_empty,103,101,2
just_offensive,103,103,0
so_skilled,103,103,0
particularly_outstanding,103,77,26
still_available,103,100,3
that_ironic,103,103,0
financially_independent,103,102,1
only_excellent,103,103,0
really_welcome,103,103,0
actually_illegal,103,99,4
as_excellent,103,100,3
as_similar,103,103,0
always_efficient,103,103,0
intellectually_honest,103,102,1
much_clearer,103,102,1
too_cheesy,103,94,9
otherwise_eligible,103,99,4
just_capable,102,102,0
as_alarming,102,99,3
as_pretty,102,102,0
as_bloody,102,100,2
just_present,102,101,1
more_logical,102,92,10
even_tired,102,102,0
so_judgmental,102,102,0
so_solid,102,97,5
especially_large,102,101,1
overly_physical,102,102,0
super_helpful,102,102,0
even_smart,102,102,0
more_complete,102,89,13
too_smooth,102,100,2
as_protective,102,102,0
particularly_meaningful,102,97,5
entirely_unprecedented,102,102,0
only_economical,102,102,0
as_miserable,102,94,8
very_full,102,102,0
so_profitable,102,102,0
just_open,102,101,1
more_fortunate,102,101,1
too_visible,102,102,0
just_angry,102,102,0
really_perfect,102,102,0
totally_certain,102,102,0
so_foreign,102,101,1
totally_fair,102,102,0
so_flexible,102,102,0
more_infuriating,101,42,59
only_enough,101,100,1
quite_bad,101,100,1
very_prevalent,101,101,0
overly_crowded,101,101,0
as_obnoxious,101,99,2
easily_quantifiable,101,101,0
more_aggravating,101,38,63
only_close,101,101,0
only_boring,101,101,0
that_upset,101,100,1
overly_spicy,101,101,0
particularly_heavy,101,98,3
just_wonderful,101,101,0
all_white,101,101,0
more_direct,101,96,5
so_stressful,101,100,1
as_compact,101,101,0
only_impractical,101,101,0
more_shocking,101,75,26
very_apparent,101,100,1
overtly_religious,101,91,10
even_consistent,101,101,0
necessarily_incompatible,101,100,1
especially_effective,101,100,1
scientifically_accurate,101,101,0
even_interesting,101,100,1
directly_concerned,101,101,0
completely_black,101,100,1
that_wide,101,101,0
very_particular,101,88,13
only_inspiring,101,101,0
that_strict,101,101,0
terribly_deep,101,93,8
too_explicit,101,85,16
as_useless,101,94,7
completely_independent,101,101,0
so_ugly,101,95,6
too_negative,101,96,5
too_intimidating,101,90,11
necessarily_compatible,101,101,0
sickly_sweet,101,100,1
normally_accessible,100,100,0
more_hopeful,100,88,12
very_descriptive,100,100,0
super_great,100,97,3
so_rewarding,100,93,7
too_attractive,100,92,8
particularly_valuable,100,96,4
as_decisive,100,100,0
very_true,100,100,0
so_transparent,100,99,1
exactly_impressive,100,100,0
just_tired,100,98,2
more_blessed,100,96,4
quite_equal,100,98,2
more_applicable,100,98,2
very_compatible,100,100,0
as_helpless,100,100,0
more_nervous,100,99,1
as_lopsided,100,99,1
as_exclusive,100,100,0
more_intimate,100,36,64
truly_dead,100,100,0
that_necessary,100,100,0
just_practical,100,98,2
quite_capable,100,100,0
very_desirable,100,100,0
yet_online,100,100,0
currently_aware,100,100,0
exactly_comforting,100,99,1
quite_awake,100,100,0
necessarily_religious,99,99,0
just_cheap,99,99,0
really_cheap,99,97,2
just_uncomfortable,99,99,0
technologically_advanced,99,99,0
so_problematic,99,99,0
totally_familiar,99,99,0
more_threatening,99,56,43
only_plausible,99,99,0
too_humid,99,99,0
so_careless,99,98,1
that_aggressive,99,99,0
n't_great,99,96,3
really_common,99,98,1
too_wordy,99,97,2
all_helpful,99,99,0
so_formal,99,92,7
terribly_optimistic,99,99,0
really_evil,99,96,3
real_excited,99,99,0
only_unpleasant,99,99,0
only_confusing,99,99,0
obviously_wrong,99,51,48
much_thicker,99,98,1
exactly_positive,99,99,0
any_stronger,99,99,0
extremely_expensive,99,99,0
too_outlandish,99,72,27
simply_enough,99,98,1
just_essential,99,99,0
totally_crazy,99,99,0
more_passionate,98,82,16
criminally_liable,98,98,0
so_terrifying,98,89,9
as_informative,98,97,1
as_handy,98,98,0
overly_bitter,98,97,1
completely_satisfying,98,96,2
as_fashionable,98,98,0
really_disappointed,98,98,0
directly_observable,98,98,0
so_fancy,98,89,9
only_profitable,98,98,0
as_vicious,98,97,1
as_inspiring,98,97,1
overly_challenging,98,92,6
super_clear,98,98,0
that_stable,98,98,0
terribly_upset,98,96,2
quite_appropriate,98,97,1
necessarily_dependent,98,98,0
as_normal,98,97,1
more_numerous,98,98,0
all_fun,98,98,0
all_natural,98,98,0
necessarily_identical,98,98,0
just_expensive,98,98,0
only_human,98,98,0
merely_wrong,98,98,0
only_ugly,98,98,0
really_shocking,98,87,11
fully_independent,98,97,1
as_prepared,98,98,0
really_complicated,98,79,19
so_extraordinary,97,88,9
so_few,97,94,3
just_lucky,97,97,0
too_shiny,97,88,9
only_smaller,97,97,0
as_loose,97,97,0
that_generous,97,97,0
so_dull,97,89,8
very_fresh,97,97,0
as_hilarious,97,93,4
most_stable,97,97,0
just_healthy,97,97,0
only_ignorant,97,97,0
so_public,97,93,4
very_sensible,97,97,0
more_intriguing,97,72,25
as_effortless,97,96,1
only_disgusting,97,97,0
always_strong,97,97,0
strictly_related,97,97,0
as_pleasing,97,92,5
only_inexpensive,97,97,0
physically_attractive,97,97,0
better_able,97,95,2
more_consistent,97,93,4
that_challenging,97,95,2
that_fantastic,97,97,0
seriously_interested,97,95,2
more_reasonable,97,95,2
so_bitter,97,90,7
too_extravagant,97,57,40
only_fresh,97,97,0
completely_innocent,97,97,0
extremely_hard,97,96,1
really_competitive,97,96,1
overly_reliant,96,96,0
overly_salty,96,94,2
as_viable,96,96,0
entirely_unheard,96,95,1
necessarily_perfect,96,96,0
as_lame,96,95,1
as_rational,96,96,0
as_worrisome,96,95,1
far_different,96,96,0
particularly_serious,96,88,8
more_soothing,96,41,55
super_sweet,96,96,0
as_intricate,96,93,3
actually_worth,96,95,1
more_pathetic,96,40,56
even_most,96,96,0
necessarily_fun,96,96,0
so_violent,96,92,4
very_christian,96,94,2
only_damaging,96,96,0
no_more,96,66,30
only_viable,96,96,0
too_positive,96,85,11
as_tangible,96,96,0
as_relaxed,96,96,0
so_basic,96,95,1
so_competitive,96,96,0
so_wealthy,96,96,0
consistently_good,96,95,1
backward_compatible,96,96,0
any_nicer,96,94,2
more_responsible,95,94,1
more_disgusting,95,43,52
terribly_relevant,95,94,1
n't_worth,95,92,3
that_dramatic,95,92,3
precisely_sure,95,94,1
wholly_original,95,91,4
only_special,95,95,0
very_few,95,33,62
too_trendy,95,80,15
very_solid,95,94,1
clinically_significant,95,94,1
as_contagious,95,92,3
really_religious,95,94,1
totally_successful,95,95,0
as_timely,95,94,1
so_absurd,95,81,14
necessarily_exclusive,95,95,0
always_flattering,95,94,1
very_innovative,95,91,4
that_flexible,95,95,0
always_essential,95,95,0
just_entertaining,95,95,0
equally_good,95,95,0
exactly_unique,95,93,2
initially_clear,95,95,0
more_flexible,95,92,3
as_acceptable,95,94,1
completely_foreign,95,95,0
almost_impossible,95,90,5
as_fearful,95,95,0
super_popular,95,94,1
as_enticing,95,93,2
really_more,95,66,29
reasonably_practicable,94,94,0
necessarily_hard,94,94,0
so_dismissive,94,94,0
as_exact,94,94,0
as_lengthy,94,90,4
always_identical,94,93,1
more_ambitious,94,80,14
less_powerful,94,85,9
all_unusual,94,90,4
totally_alone,94,94,0
more_ideal,94,92,2
only_understandable,94,94,0
so_noble,94,86,8
very_rewarding,94,93,1
too_tart,94,94,0
appreciably_different,94,94,0
really_positive,94,79,15
as_edgy,94,93,1
too_cocky,94,93,1
more_human,94,74,20
even_likely,94,94,0
too_quiet,94,91,3
even_pregnant,94,94,0
as_classy,94,91,3
that_young,94,94,0
too_offensive,93,72,21
very_attentive,93,93,0
as_wrong,93,86,7
very_dense,93,93,0
very_numerous,93,93,0
as_shallow,93,93,0
more_terrible,93,45,48
as_spacious,93,90,3
very_flashy,93,92,1
particularly_welcome,93,92,1
just_alive,93,93,0
even_catholic,93,93,0
more_engaging,93,73,20
often_easy,93,93,0
particularly_reliable,93,93,0
as_separate,93,93,0
only_angry,93,93,0
entirely_legal,93,93,0
totally_safe,93,93,0
more_desirable,93,79,14
financially_secure,93,91,2
so_remote,93,90,3
super_fast,93,93,0
no_better,93,71,22
particularly_political,93,90,3
yet_accessible,93,93,0
most_appealing,93,93,0
usually_present,93,92,1
necessarily_essential,93,93,0
more_suitable,93,75,18
so_extensive,93,90,3
about_good,93,93,0
politically_possible,93,93,0
more_daunting,93,63,30
as_cautious,93,93,0
super_hot,93,92,1
remotely_interesting,93,55,38
more_susceptible,93,92,1
emotionally_available,93,93,0
intrinsically_evil,92,81,11
any_smarter,92,91,1
as_witty,92,91,1
just_desirable,92,92,0
as_sinister,92,87,5
so_consistent,92,90,2
so_uptight,92,91,1
exactly_inspiring,92,91,1
as_incredible,92,80,12
yet_stable,92,92,0
so_terrified,92,91,1
as_anonymous,92,91,1
as_ominous,92,90,2
that_sick,92,92,0
very_intense,92,91,1
overly_dependent,92,92,0
only_competitive,92,92,0
always_immediate,92,92,0
only_larger,92,92,0
so_shiny,92,92,0
even_big,92,92,0
terribly_strong,92,90,2
more_available,92,84,8
so_delicate,92,84,8
very_controversial,92,88,4
necessarily_popular,92,92,0
particularly_enjoyable,92,92,0
particularly_satisfying,92,91,1
as_accommodating,92,92,0
all_disappointed,92,92,0
too_generous,92,90,2
as_prosperous,92,92,0
as_enthused,92,92,0
strictly_correct,92,92,0
very_traditional,92,91,1
fully_supportive,91,90,1
so_charitable,91,91,0
outright_impossible,91,89,2
precisely_true,91,91,0
merely_academic,91,91,0
so_explicit,91,87,4
as_lofty,91,87,4
more_proactive,91,91,0
terribly_easy,91,90,1
more_scared,91,90,1
highly_qualified,91,91,0
more_favorable,91,90,1
entirely_secure,91,91,0
so_blunt,91,89,2
very_plausible,91,91,0
entirely_shocking,91,91,0
actually_funny,91,90,1
there_more,91,90,1
just_valuable,91,91,0
super_cheap,91,91,0
very_complimentary,91,91,0
very_green,91,91,0
really_specific,91,71,20
actually_clear,91,91,0
really_unusual,91,73,18
as_trendy,91,90,1
even_angry,91,90,1
not_fun,91,90,1
perfectly_happy,91,89,2
as_moist,91,91,0
particularly_powerful,91,90,1
necessarily_valid,91,91,0
as_absolute,91,87,4
yet_secure,90,90,0
as_liquid,90,90,0
more_miserable,90,60,30
as_satisfactory,90,89,1
so_conservative,90,88,2
completely_unique,90,89,1
so_offensive,90,86,4
only_lower,90,90,0
fully_visible,90,89,1
entirely_relevant,90,90,0
as_blunt,90,86,4
really_thrilled,90,90,0
more_luxurious,90,46,44
that_tight,90,90,0
as_polished,90,86,4
entirely_healthy,90,89,1
about_black,90,89,1
too_sick,90,89,1
really_gay,90,90,0
particularly_beautiful,90,88,2
very_nutritious,90,90,0
less_valuable,90,86,4
as_carefree,90,89,1
quite_confident,90,90,0
altogether_new,90,87,3
particularly_upset,90,88,2
as_exceptional,90,89,1
as_traditional,90,90,0
quite_worthy,90,90,0
fully_qualified,90,89,1
very_sociable,90,90,0
so_intelligent,90,89,1
much_shorter,90,89,1
totally_useless,90,89,1
truly_random,90,90,0
only_key,90,90,0
totally_immune,90,90,0
more_professional,90,84,6
quite_black,90,90,0
all_dead,89,88,1
more_awesome,89,52,37
much_easy,89,89,0
especially_easy,89,89,0
just_exclusive,89,89,0
truly_ready,89,89,0
entirely_good,89,88,1
so_unexpected,89,86,3
too_acidic,89,88,1
all_confident,89,89,0
even_debatable,89,89,0
as_proactive,89,89,0
particularly_conducive,89,88,1
most_valuable,89,87,2
super_fancy,89,46,43
so_frustrated,89,89,0
too_preachy,89,83,6
currently_clear,89,89,0
really_consistent,89,87,2
as_rugged,89,88,1
naturally_good,89,89,0
only_valid,89,89,0
as_inventive,89,88,1
only_secure,89,89,0
too_dependent,89,89,0
as_guilty,89,89,0
hugely_different,89,85,4
exactly_comparable,89,88,1
only_pleasant,89,89,0
actually_ready,89,87,2
as_pronounced,89,88,1
just_tough,89,88,1
that_tall,89,89,0
so_reluctant,89,89,0
yet_dry,89,89,0
entirely_forthcoming,88,88,0
very_representative,88,88,0
as_strenuous,88,86,2
any_larger,88,86,2
as_cumbersome,88,88,0
as_outgoing,88,87,1
so_miserable,88,84,4
more_fair,88,83,5
quite_tall,88,88,0
only_competent,88,88,0
only_irrelevant,88,88,0
exactly_uncommon,88,88,0
really_caring,88,86,2
too_memorable,88,48,40
even_competitive,88,88,0
particularly_quick,88,88,0
so_unreasonable,88,87,1
as_cost-effective,88,88,0
significantly_lower,88,88,0
yet_accustomed,88,88,0
initially_aware,88,88,0
as_novel,88,88,0
truly_satisfied,88,88,0
mutually_intelligible,88,88,0
as_passive,88,88,0
essentially_different,87,84,3
always_complete,87,87,0
that_farfetched,87,87,0
more_risky,87,77,10
only_black,87,86,1
so_confused,87,87,0
most_memorable,87,84,3
more_frequent,87,84,3
always_fatal,87,86,1
more_distracting,87,49,38
very_soft,87,86,1
ever_sure,87,87,0
as_fearsome,87,86,1
more_safe,87,82,5
only_warm,87,87,0
far_right,87,85,2
much_important,87,82,5
just_rich,87,87,0
physically_abusive,87,87,0
terribly_accurate,87,87,0
highly_contagious,87,87,0
that_positive,87,87,0
so_handsome,87,83,4
really_appealing,87,83,4
more_deadly,87,62,25
less_safe,87,85,2
really_unique,87,69,18
overly_emotional,87,85,2
as_tedious,87,85,2
as_grandiose,87,84,3
necessarily_worse,87,87,0
near_enough,87,85,2
overly_busy,87,87,0
fully_free,87,87,0
so_plentiful,87,87,0
easily_obtainable,87,87,0
so_amusing,87,84,3
that_sensitive,87,87,0
perfectly_symmetrical,87,87,0
exactly_excited,87,87,0
especially_impressive,87,82,5
that_warm,86,86,0
too_disruptive,86,83,3
all_impressed,86,86,0
more_distant,86,82,4
too_promising,86,80,6
so_white,86,84,2
wholly_true,86,86,0
so_relaxed,86,86,0
necessarily_beneficial,86,86,0
overly_bright,86,86,0
as_dependable,86,86,0
very_demanding,86,86,0
very_spectacular,86,77,9
always_keen,86,85,1
terribly_keen,86,86,0
quite_cold,86,86,0
that_sharp,86,86,0
completely_transparent,86,86,0
historically_significant,86,79,7
necessarily_desirable,86,84,2
too_violent,86,78,8
totally_pleased,86,85,1
so_depressed,86,86,0
as_ignorant,86,86,0
as_gory,86,83,3
all_smooth,86,85,1
so_regular,86,85,1
very_fashionable,86,85,1
so_outlandish,86,81,5
so_gullible,86,86,0
so_minor,86,83,3
really_sufficient,86,86,0
just_awesome,86,86,0
just_attractive,86,86,0
so_complete,86,83,3
very_widespread,86,86,0
very_respectful,85,85,0
particularly_safe,85,85,0
as_draconian,85,85,0
too_bored,85,85,0
usually_able,85,85,0
most_complex,85,83,2
very_inviting,85,83,2
much_longer,85,82,3
entirely_representative,85,85,0
exactly_fond,85,85,0
more_false,85,76,9
necessarily_conducive,85,85,0
so_harmful,85,84,1
too_problematic,85,77,8
really_shocked,85,85,0
particularly_creative,85,77,8
very_lucrative,85,84,1
so_harmless,85,85,0
very_flavorful,85,84,1
really_tough,85,82,3
completely_bad,85,85,0
only_shocking,85,85,0
always_favorable,85,85,0
only_unfortunate,85,85,0
entirely_blameless,85,85,0
more_inclined,85,84,1
too_vague,85,84,1
more_motivated,85,85,0
as_polite,85,85,0
so_particular,85,85,0
as_expressive,85,84,1
visually_interesting,85,78,7
currently_present,85,85,0
yet_obvious,85,85,0
more_sensible,85,81,4
more_reassuring,85,49,36
as_dismal,84,82,2
as_rampant,84,84,0
entirely_random,84,84,0
more_radical,84,52,32
just_bigger,84,84,0
not_happy,84,83,1
as_convinced,84,84,0
overly_intrusive,84,84,0
so_abundant,84,83,1
real_high,84,84,0
necessarily_dead,84,83,1
only_unhelpful,84,84,0
just_random,84,84,0
that_tired,84,84,0
so_stellar,84,84,0
exactly_realistic,84,84,0
all_grim,84,84,0
so_ill,84,84,0
altogether_happy,84,84,0
only_complex,84,84,0
only_decorative,84,84,0
as_comfy,84,84,0
as_lush,84,81,3
around_much,84,82,2
that_consistent,84,84,0
as_troubling,84,83,1
more_afraid,84,81,3
entirely_useless,84,84,0
terribly_efficient,84,84,0
only_short,84,84,0
that_creative,84,84,0
presently_available,84,83,1
most_dangerous,83,82,1
developmentally_ready,83,83,0
as_fussy,83,81,2
glaringly_obvious,83,81,2
entirely_incorrect,83,83,0
totally_dead,83,83,0
as_skinny,83,83,0
hard_enough,83,83,0
necessarily_simple,83,83,0
so_confusing,83,81,2
more_confusing,83,63,20
even_original,83,83,0
so_magical,83,70,13
all_alone,83,83,0
only_unsafe,83,83,0
really_viable,83,83,0
too_snug,83,83,0
as_appropriate,83,83,0
more_acceptable,83,81,2
necessarily_present,83,83,0
so_detailed,83,82,1
quite_over,83,83,0
so_useless,83,49,34
always_smart,83,83,0
more_present,83,82,1
so_late,83,83,0
so_damaging,83,80,3
so_essential,83,80,3
very_probable,83,83,0
yet_effective,83,83,0
even_scared,83,83,0
exactly_straightforward,83,82,1
completely_satisfactory,83,82,1
entirely_straightforward,83,83,0
too_creamy,83,82,1
personally_aware,83,83,0
too_creative,83,73,10
economically_sustainable,83,83,0
fully_ripe,83,83,0
exactly_keen,83,83,0
fully_secure,83,83,0
strictly_legal,83,81,2
so_beneficial,83,83,0
as_blue,83,82,1
as_applicable,82,82,0
totally_ready,82,82,0
too_sophisticated,82,75,7
less_painful,82,77,5
that_mad,82,82,0
as_fundamental,82,81,1
particularly_harmful,82,79,3
exactly_necessary,82,81,1
as_sensational,82,79,3
as_ancient,82,81,1
real_familiar,82,82,0
too_showy,82,69,13
so_creative,82,82,0
exactly_human,82,80,2
completely_convinced,82,82,0
that_knowledgeable,82,82,0
so_profound,82,74,8
more_authentic,82,53,29
as_pleasurable,82,75,7
totally_correct,82,82,0
so_sympathetic,82,82,0
more_glaring,82,65,17
really_valid,82,82,0
just_critical,82,82,0
mentally_strong,82,82,0
sufficiently_robust,82,82,0
all_terrible,82,82,0
very_cute,82,80,2
fully_certain,82,82,0
equally_effective,82,82,0
very_uncommon,82,80,2
quite_identical,82,82,0
so_robust,82,82,0
particularly_aware,82,82,0
as_brisk,82,81,1
so_prone,82,82,0
quite_sufficient,82,82,0
so_passionate,82,76,6
completely_unknown,82,81,1
usually_visible,82,82,0
as_overpowering,82,82,0
greatly_different,82,80,2
just_crazy,82,81,1
even_imaginable,82,82,0
exactly_small,82,82,0
exactly_unexpected,82,82,0
exactly_glamorous,82,82,0
only_old,82,82,0
overly_important,82,81,1
yet_qualified,82,82,0
environmentally_sustainable,82,82,0
more_exotic,82,28,54
quite_successful,82,82,0
wildly_successful,82,79,3
most_athletic,82,82,0
so_empty,82,79,3
really_sustainable,81,81,0
so_fat,81,80,1
as_uniform,81,80,1
necessarily_reliable,81,81,0
exactly_identical,81,80,1
quite_white,81,81,0
only_central,81,81,0
extremely_popular,81,79,2
already_open,81,81,0
most_elegant,81,81,0
so_fearful,81,81,0
so_devastating,81,78,3
so_cooperative,81,81,0
quite_great,81,79,2
technically_perfect,81,80,1
as_commonplace,81,81,0
always_achievable,81,81,0
not_ready,81,80,1
usually_good,81,81,0
only_disappointing,81,81,0
too_poor,81,78,3
racially_motivated,81,78,3
only_best,81,81,0
easily_replaceable,81,80,1
much_wiser,81,80,1
that_tricky,81,81,0
unusually_high,81,81,0
always_cheaper,81,81,0
as_user-friendly,81,81,0
perfectly_clean,81,81,0
always_advisable,81,81,0
much_slower,81,81,0
most_suitable,81,81,0
logistically_possible,81,81,0
just_frustrating,81,81,0
more_noble,81,32,49
too_rare,81,77,4
merely_theoretical,81,81,0
so_pricey,80,79,1
morally_responsible,80,80,0
all_available,80,77,3
only_shameful,80,80,0
always_sunny,80,80,0
always_familiar,80,80,0
just_fat,80,80,0
always_adequate,80,80,0
particularly_radical,80,63,17
only_unusual,80,80,0
real_pleased,80,79,1
as_spontaneous,80,80,0
nearly_large,80,80,0
so_thrilling,80,68,12
so_embarrassed,80,80,0
easily_distinguishable,80,80,0
overly_tight,80,80,0
so_egregious,80,74,6
n't_true,80,80,0
as_unpleasant,80,74,6
not_necessary,80,80,0
so_immediate,80,76,4
that_eager,80,80,0
only_sweet,80,79,1
really_indicative,80,80,0
so_gloomy,80,80,0
super_hard,80,80,0
entirely_unknown,80,80,0
too_pessimistic,80,80,0
more_empowering,80,23,57
second_best,80,76,4
so_vocal,80,79,1
so_upbeat,80,79,1
only_inconsistent,80,80,0
even_sick,80,80,0
very_harmful,80,79,1
necessarily_suitable,80,80,0
really_impressive,80,63,17
so_cautious,80,80,0
normally_possible,80,80,0
readily_obvious,80,80,0
always_pleased,80,79,1
out_loud,80,79,1
yet_tired,80,80,0
just_dead,79,78,1
very_accommodating,79,79,0
completely_pleased,79,79,0
quite_dark,79,79,0
too_sympathetic,79,70,9
significantly_related,79,79,0
as_faithful,79,78,1
only_inhumane,79,79,0
as_cozy,79,71,8
extremely_likely,79,78,1
necessarily_comprehensive,79,79,0
always_noticeable,79,79,0
financially_rewarding,79,79,0
only_sexy,79,79,0
too_political,79,74,5
always_sweet,79,79,0
as_snappy,79,78,1
most_positive,79,78,1
quite_brave,79,79,0
altogether_unexpected,79,78,1
as_adaptable,79,78,1
completely_silent,79,78,1
much_other,79,64,15
just_anecdotal,79,79,0
so_smug,79,79,0
as_contentious,79,76,3
quite_dry,79,78,1
as_assertive,79,79,0
less_certain,79,68,11
that_risky,79,79,0
overly_detailed,79,78,1
particularly_dramatic,79,64,15
just_excited,79,78,1
just_visual,78,78,0
necessarily_worried,78,77,1
so_original,78,76,2
so_appropriate,78,78,0
n't_fun,78,78,0
always_permanent,78,78,0
fully_familiar,78,78,0
very_responsible,78,78,0
too_cluttered,78,78,0
precisely_clear,78,78,0
overly_big,78,75,3
overly_flashy,78,72,6
just_decorative,78,78,0
more_scary,78,28,50
as_provocative,78,76,2
so_sticky,78,78,0
more_flattering,78,54,24
most_significant,78,76,2
only_superior,78,78,0
more_sympathetic,78,75,3
too_silly,78,73,5
as_casual,78,77,1
very_competent,78,78,0
very_short,78,78,0
usually_serious,78,78,0
most_recent,78,74,4
very_feasible,78,78,0
too_jealous,78,78,0
all_new,78,77,1
very_palatable,78,78,0
altogether_true,78,78,0
more_unique,78,55,23
more_durable,78,67,11
so_frightened,78,76,2
only_unlikely,78,78,0
very_fruitful,78,78,0
nearly_sufficient,78,78,0
really_adequate,78,78,0
very_poor,78,77,1
as_spry,78,78,0
too_obscure,78,65,13
only_risky,78,78,0
quite_safe,78,78,0
currently_interested,78,77,1
so_hectic,78,78,0
so_bullish,78,77,1
that_pleased,78,78,0
so_curious,78,74,4
just_special,78,76,2
exactly_flattering,78,78,0
too_judgmental,78,78,0
more_elegant,78,50,28
more_humiliating,78,37,41
as_invincible,78,78,0
merely_good,77,76,1
exactly_reassuring,77,77,0
totally_right,77,77,0
more_black,77,31,46
quite_open,77,76,1
so_crass,77,57,20
particularly_revolutionary,77,50,27
really_memorable,77,55,22
particularly_necessary,77,77,0
that_productive,77,77,0
just_stylish,77,77,0
so_adventurous,77,74,3
only_logical,77,77,0
quite_simple,77,75,2
as_objective,77,77,0
very_natural,77,72,5
only_supportive,77,77,0
too_satisfied,77,74,3
particularly_sure,77,77,0
that_tasty,77,77,0
more_upsetting,77,38,39
so_alarming,77,77,0
as_eventful,77,77,0
very_certain,77,76,1
even_subtle,77,77,0
just_worth,77,77,0
usually_painful,77,77,0
as_accustomed,77,77,0
only_subject,77,77,0
only_edible,77,77,0
especially_unusual,77,61,16
very_brave,77,75,2
so_realistic,77,75,2
so_vast,77,76,1
too_slippery,77,76,1
too_obtrusive,77,74,3
more_economical,77,76,1
so_diligent,77,77,0
so_acute,77,77,0
more_extensive,77,71,6
as_gruesome,77,74,3
necessarily_healthier,77,75,2
even_easy,77,77,0
particularly_old,77,77,0
much_involved,77,76,1
as_taboo,77,77,0
painfully_obvious,77,77,0
only_light,76,76,0
so_adorable,76,76,0
most_desirable,76,75,1
more_attentive,76,76,0
that_crucial,76,76,0
super_busy,76,75,1
more_humane,76,74,2
terribly_funny,76,75,1
only_stressful,76,76,0
only_lightweight,76,76,0
initially_interested,76,75,1
always_legal,76,75,1
truly_necessary,76,76,0
more_strenuous,76,10,66
only_surprising,76,76,0
always_productive,76,76,0
too_sore,76,76,0
too_cumbersome,76,75,1
really_private,76,76,0
exactly_intuitive,76,76,0
too_dull,76,75,1
very_present,76,74,2
necessarily_contradictory,76,74,2
so_casual,76,76,0
very_observant,76,75,1
aesthetically_appealing,76,75,1
reasonably_possible,76,76,0
very_constructive,76,75,1
structurally_wrong,76,14,62
so_ancient,76,74,2
very_emotional,76,75,1
any_older,76,76,0
that_profitable,76,76,0
so_usual,76,74,2
so_restrictive,76,76,0
completely_irrelevant,76,75,1
entirely_related,76,76,0
only_wise,76,76,0
so_destructive,76,71,5
as_flawless,76,75,1
so_excellent,76,75,1
normally_present,76,76,0
very_capable,76,74,2
already_bad,76,76,0
just_military,76,76,0
as_poetic,76,73,3
exactly_smooth,76,76,0
exactly_welcome,76,76,0
only_wasteful,76,76,0
quite_convincing,76,75,1
so_risky,76,76,0
only_trendy,76,76,0
terribly_convincing,76,75,1
intuitively_obvious,76,76,0
most_helpful,76,75,1
very_straightforward,76,76,0
as_windy,76,76,0
particularly_inclined,76,76,0
so_favorite,76,75,1
as_unpopular,76,76,0
very_first,76,75,1
too_adventurous,76,65,11
even_correct,76,76,0
completely_positive,76,76,0
too_convincing,76,68,8
far_afield,76,75,1
that_boring,76,76,0
necessarily_complete,76,76,0
too_remote,76,74,2
ever_free,76,76,0
too_elaborate,76,48,28
as_rude,76,75,1
completely_awful,75,74,1
overly_generous,75,73,2
yet_mainstream,75,75,0
too_jarring,75,70,5
too_excessive,75,70,5
more_acute,75,75,0
altogether_wrong,75,74,1
as_menacing,75,75,0
so_bizarre,75,70,5
exactly_young,75,75,0
exactly_light,75,74,1
potentially_dangerous,75,72,3
terribly_compelling,75,70,5
more_humbling,75,21,54
even_illegal,75,75,0
real_fond,75,75,0
always_precise,75,74,1
financially_ready,75,75,0
more_glorious,75,44,31
also_possible,75,75,0
as_lean,75,74,1
always_physical,75,75,0
overly_religious,75,75,0
perfectly_safe,75,73,2
more_sustainable,75,69,6
inherently_negative,75,66,9
sufficiently_sensitive,75,75,0
as_foreign,75,74,1
as_slippery,75,75,0
entirely_implausible,75,75,0
so_lenient,75,75,0
super_cool,75,74,1
exactly_surprised,75,74,1
more_democratic,75,60,15
as_persuasive,75,71,4
only_religious,75,75,0
as_pungent,75,74,1
immediately_certain,75,75,0
exactly_mainstream,75,75,0
always_transparent,75,74,1
just_human,75,73,2
much_surprised,75,75,0
particularly_hungry,75,75,0
remotely_surprising,75,69,6
so_diverse,75,73,2
so_merry,75,74,1
less_popular,75,72,3
more_mature,75,70,5
necessarily_sufficient,75,75,0
only_versatile,75,75,0
just_tasty,75,75,0
too_reliable,75,71,4
exactly_welcoming,75,75,0
much_alike,75,75,0
too_realistic,74,73,1
all_equivalent,74,74,0
too_practical,74,71,3
exactly_proud,74,74,0
just_affordable,74,73,1
too_invasive,74,69,5
terribly_significant,74,70,4
only_outdated,74,74,0
merely_symbolic,74,73,1
as_elusive,74,73,1
as_irritating,74,67,7
only_doable,74,74,0
already_apparent,74,74,0
as_reckless,74,73,1
more_uncertain,74,62,12
more_symbolic,74,60,14
so_liberal,74,72,2
any_lower,74,74,0
too_grand,74,56,18
yet_due,74,74,0
only_awesome,74,74,0
even_upset,74,74,0
more_liberal,74,72,2
just_specific,74,74,0
really_busy,74,74,0
as_thoughtful,74,73,1
more_knowledgeable,74,70,4
overly_serious,74,58,16
publicly_visible,74,73,1
really_ok,74,72,2
so_plain,74,73,1
much_heavier,74,73,1
so_right,74,74,0
too_disheartened,74,74,0
even_recognizable,74,74,0
physically_violent,74,73,1
very_articulate,74,74,0
especially_attractive,74,73,1
as_dreadful,74,72,2
any_healthier,74,74,0
particularly_hot,74,72,2
easily_attainable,74,74,0
hugely_successful,74,74,0
much_cooler,74,71,3
as_immersive,74,72,2
only_futile,74,74,0
particularly_noticeable,74,70,4
much_effective,74,74,0
overly_special,73,27,46
even_accessible,73,73,0
as_lazy,73,73,0
very_reasonable,73,73,0
slightly_better,73,72,1
legally_qualified,73,73,0
kind_enough,73,73,0
so_shabby,73,70,3
so_shallow,73,71,2
particularly_knowledgeable,73,73,0
necessarily_impossible,73,71,2
really_meaningful,73,64,9
more_mysterious,73,37,36
so_suitable,73,72,1
as_feasible,73,73,0
so_disturbing,73,63,10
simply_black,73,73,0
much_kinder,73,73,0
even_drunk,73,73,0
as_divisive,73,69,4
that_open,73,73,0
around_long,73,73,0
that_precise,73,73,0
only_serious,73,73,0
more_intimidating,73,39,34
even_higher,73,72,1
completely_hopeless,73,73,0
always_profitable,73,72,1
morbidly_obese,73,73,0
exactly_unknown,73,73,0
terribly_pleased,73,73,0
as_religious,73,73,0
especially_exciting,73,61,12
necessarily_different,73,72,1
otherwise_exempt,73,68,5
more_cost-effective,73,70,3
only_incapable,73,73,0
entirely_separate,73,72,1
actually_pregnant,73,73,0
intrinsically_bad,73,61,12
really_clean,73,73,0
very_substantial,73,68,5
so_fierce,73,71,2
only_worthy,73,73,0
too_stuffy,73,66,7
so_vague,73,70,3
technically_accurate,73,73,0
that_slow,73,73,0
completely_normal,72,70,2
vitally_important,72,70,2
necessarily_safer,72,72,0
fully_honest,72,72,0
real_keen,72,72,0
better_qualified,72,57,15
as_nuanced,72,71,1
overly_hot,72,71,1
exactly_dead,72,71,1
terribly_attractive,72,71,1
always_secure,72,72,0
more_relaxed,72,72,0
too_moist,72,72,0
only_long,72,72,0
much_popular,72,72,0
less_attractive,72,56,16
very_quiet,72,71,1
ever_boring,72,72,0
so_handy,72,70,2
really_normal,72,72,0
only_huge,72,72,0
as_credible,72,72,0
as_distracting,72,71,1
only_racist,72,72,0
just_technical,72,72,0
so_damned,72,72,0
very_organized,72,72,0
very_evident,72,71,1
as_unhealthy,72,72,0
actually_responsible,72,72,0
super_rich,72,71,1
particularly_busy,72,72,0
conventionally_attractive,72,70,2
so_professional,72,72,0
really_proud,72,71,1
especially_funny,72,70,2
entirely_inappropriate,72,71,1
as_current,72,72,0
particularly_forthcoming,72,72,0
as_gorgeous,72,65,7
exact_same,72,72,0
particularly_insightful,72,59,13
always_stable,72,72,0
just_embarrassing,72,71,1
normally_visible,72,72,0
super_special,72,22,50
more_glamorous,72,39,33
only_unprecedented,72,72,0
as_heroic,72,71,1
only_counterproductive,72,72,0
necessarily_more,72,72,0
exactly_equal,72,71,1
overly_disappointed,72,72,0
most_affordable,72,72,0
so_uncomfortable,72,69,3
that_wrong,72,71,1
ridiculously_expensive,72,70,2
that_visible,72,72,0
only_intelligent,72,72,0
only_believable,72,72,0
as_clinical,72,72,0
heavily_dependent,72,71,1
so_enamored,72,72,0
more_horrifying,72,33,39
so_bored,72,71,1
as_arduous,72,71,1
as_mean,72,71,1
just_old,71,71,0
hugely_surprising,71,69,2
yet_compatible,71,71,0
mentally_capable,71,71,0
always_high,71,71,0
very_liquid,71,71,0
immediately_relevant,71,71,0
especially_relevant,71,70,1
so_modern,71,69,2
generally_open,71,71,0
very_little,71,47,24
particularly_reassuring,71,70,1
entirely_unjustified,71,71,0
more_pertinent,71,68,3
only_dishonest,71,71,0
so_vile,71,38,33
so_depressing,71,68,3
as_cheerful,71,70,1
usually_aware,71,71,0
super_interested,71,71,0
particularly_glamorous,71,63,8
very_proficient,71,71,0
incredibly_easy,71,71,0
as_pigmented,71,71,0
as_picturesque,71,69,2
as_limited,71,71,0
always_real,71,71,0
exactly_convenient,71,70,1
exactly_enthusiastic,71,70,1
as_clueless,71,71,0
as_fabulous,71,69,2
necessarily_proud,71,71,0
even_halfway,71,71,0
so_distinct,71,70,1
only_higher,71,71,0
very_communicative,71,71,0
just_american,71,71,0
so_average,71,71,0
fully_cognizant,71,71,0
only_productive,71,71,0
as_cheesy,71,70,1
too_damaging,71,57,14
only_flexible,71,71,0
more_plain,71,71,0
that_harsh,71,71,0
particularly_fair,71,71,0
very_fit,71,70,1
as_monolithic,71,71,0
more_healthy,71,65,6
initially_sure,71,71,0
only_prevalent,71,71,0
very_typical,71,70,1
terribly_close,70,70,0
longer_available,70,70,0
most_useful,70,69,1
really_independent,70,70,0
only_achievable,70,70,0
deeply_involved,70,70,0
so_classic,70,67,3
very_strange,70,57,13
completely_identical,70,70,0
fully_apparent,70,70,0
very_explicit,70,68,2
so_passive,70,70,0
so_tricky,70,68,2
as_crunchy,70,69,1
as_frustrated,70,70,0
super_obvious,70,69,1
anywhere_near,70,69,1
truly_able,70,70,0
as_newsworthy,70,69,1
scientifically_valid,70,70,0
just_cheaper,70,70,0
more_liberating,70,25,45
quite_suitable,70,69,1
too_chewy,70,70,0
quite_prepared,70,68,2
even_responsible,70,70,0
really_painful,70,66,4
routinely_available,70,70,0
entirely_practical,70,70,0
only_happier,70,70,0
just_weird,70,69,1
most_consistent,70,69,1
only_gay,70,70,0
as_unwise,70,70,0
as_economical,70,70,0
not_aware,70,67,3
primarily_responsible,70,70,0
too_flattering,70,57,13
too_timid,70,70,0
absolutely_free,70,67,3
too_feminine,70,67,3
as_enlightened,70,70,0
completely_forthcoming,70,70,0
yet_large,70,70,0
overly_powerful,70,70,0
too_discouraged,70,70,0
widely_accessible,70,70,0
most_serious,70,69,1
just_aesthetic,70,69,1
all_able,70,69,1
real_strong,70,70,0
extremely_easy,70,70,0
all_similar,70,70,0
legally_eligible,70,70,0
most_enjoyable,70,70,0
only_unsustainable,70,70,0
so_exotic,70,64,6
just_silly,70,70,0
that_adventurous,70,70,0
so_fabulous,70,68,2
exactly_scientific,70,69,1
more_predictable,70,59,11
just_impressive,70,70,0
too_exotic,70,44,26
only_aesthetic,69,68,1
even_religious,69,67,2
only_discriminatory,69,69,0
really_friendly,69,66,3
outrageously_expensive,69,69,0
qualitatively_different,69,64,5
most_profitable,69,66,3
real_sharp,69,69,0
especially_noteworthy,69,60,9
too_awkward,69,69,0
even_christian,69,69,0
too_prominent,69,67,2
exactly_typical,69,69,0
yet_popular,69,69,0
much_smarter,69,69,0
as_elastic,69,69,0
much_expensive,69,69,0
n't_interested,69,69,0
particularly_robust,69,69,0
still_sure,69,69,0
too_choosy,69,67,2
just_successful,69,69,0
entirely_unsympathetic,69,69,0
as_depressed,69,69,0
over_confident,69,69,0
really_fast,69,67,2
as_sour,69,68,1
more_robust,69,68,1
terribly_sure,69,69,0
explicitly_political,69,67,2
terribly_shocking,69,62,7
only_eco-friendly,69,69,0
as_adorable,69,62,7
just_common,69,68,1
very_convinced,69,69,0
just_sex,69,69,0
less_serious,69,68,1
as_democratic,69,69,0
just_inconvenient,69,68,1
strictly_illegal,69,62,7
totally_shocked,69,68,1
as_coherent,69,69,0
more_pure,69,39,30
that_ambitious,69,69,0
keenly_aware,69,68,1
as_favourable,69,69,0
just_passionate,69,69,0
so_onerous,69,68,1
necessarily_possible,69,69,0
so_emotional,69,69,0
too_remarkable,69,27,42
really_awake,69,69,0
quite_mature,69,69,0
as_greasy,69,69,0
necessarily_superior,69,68,1
real_easy,69,69,0
less_intense,69,69,0
equally_available,68,68,0
so_cocky,68,68,0
very_critical,68,67,1
critically_important,68,67,1
so_fussy,68,68,0
so_permanent,68,56,12
too_accurate,68,68,0
always_peaceful,68,68,0
truly_new,68,36,32
immediately_identifiable,68,67,1
completely_responsible,68,68,0
technologically_feasible,68,68,0
only_green,68,68,0
really_convenient,68,68,0
reasonably_available,68,68,0
as_compatible,68,68,0
quite_straight,68,68,0
socially_awkward,68,67,1
as_gritty,68,67,1
more_incorrect,68,66,2
more_stupid,68,55,13
always_common,68,68,0
just_lazy,68,68,0
so_brazen,68,66,2
just_green,68,68,0
quite_different,68,68,0
always_intentional,68,68,0
so_elegant,68,65,3
that_intelligent,68,68,0
completely_unreasonable,68,68,0
all_encompassing,68,68,0
just_ineffective,68,68,0
quite_wide,68,68,0
too_unexpected,68,55,13
morally_superior,68,59,9
always_confident,68,68,0
most_creative,68,68,0
quite_legal,68,67,1
so_one-sided,68,68,0
entirely_clean,68,68,0
very_personal,68,66,2
as_gaudy,68,67,1
completely_false,68,67,1
noticeably_different,68,65,3
truly_aware,68,67,1
morally_equivalent,68,68,0
more_valid,68,63,5
real_smart,68,67,1
entirely_unwelcome,68,68,0
terribly_serious,68,56,12
so_fascinating,68,63,5
directly_proportional,68,68,0
only_wonderful,68,68,0
as_ruthless,68,68,0
actually_correct,68,67,1
as_foolish,68,68,0
less_efficient,68,64,4
even_desirable,68,68,0
as_committed,68,68,0
conventionally_beautiful,68,68,0
so_unlikely,68,67,1
as_selfish,68,67,1
too_competitive,68,66,2
only_illogical,67,67,0
so_paranoid,67,67,0
too_ridiculous,67,60,7
more_pleasurable,67,38,29
as_horrifying,67,65,2
again_able,67,67,0
so_obscure,67,64,3
super_keen,67,67,0
entirely_suitable,67,67,0
sufficiently_large,67,67,0
as_human,67,67,0
only_naive,67,67,0
immediately_familiar,67,67,0
as_eye-catching,67,65,2
fully_informed,67,65,2
very_expressive,67,67,0
very_discreet,67,67,0
not_afraid,67,67,0
sufficiently_effective,67,66,1
overly_graphic,67,57,10
very_profound,67,57,10
only_pointless,67,67,0
so_unhappy,67,65,2
quite_new,67,62,5
totally_reliable,67,67,0
just_nostalgia,67,67,0
exactly_consistent,67,66,1
always_mandatory,67,67,0
longer_viable,67,67,0
only_slow,67,67,0
significantly_worse,67,67,0
that_scared,67,67,0
so_apt,67,67,0
even_gay,67,67,0
so_tidy,67,65,2
wholly_surprising,67,67,0
that_pricey,67,66,1
as_delightful,67,56,11
locally_available,67,65,2
only_apparent,67,67,0
completely_straight,67,67,0
only_unlawful,67,67,0
really_pregnant,67,67,0
just_monetary,67,67,0
only_surprised,67,67,0
really_tired,67,65,2
more_free,67,65,2
all_dark,67,67,0
particularly_favorable,67,67,0
too_bummed,67,67,0
completely_consistent,67,67,0
too_predictable,67,67,0
entirely_believable,67,67,0
more_evil,67,51,16
as_open-minded,67,67,0
more_toxic,67,45,22
completely_shocked,67,67,0
even_ashamed,67,66,1
always_optimal,67,66,1
exactly_fresh,66,64,2
only_fine,66,66,0
so_complacent,66,66,0
altogether_bad,66,66,0
just_likely,66,66,0
actually_visible,66,66,0
just_ours,66,66,0
just_legal,66,66,0
just_normal,66,65,1
very_usable,66,66,0
very_coherent,66,64,2
particularly_welcoming,66,66,0
also_available,66,66,0
fully_reliable,66,65,1
currently_compatible,66,66,0
absolutely_gorgeous,66,66,0
too_bothersome,66,61,5
outright_hostile,66,60,6
only_meaningful,66,66,0
more_forceful,66,65,1
totally_perfect,66,66,0
more_emphatic,66,63,3
more_embarrassed,66,66,0
yet_big,66,66,0
just_evil,66,65,1
so_brief,66,66,0
more_cooperative,66,66,0
terribly_large,66,66,0
always_evil,66,66,0
incredibly_talented,66,66,0
extremely_knowledgeable,66,66,0
really_original,66,44,22
most_active,66,66,0
so_major,66,56,10
truly_alive,66,66,0
particularly_supportive,66,66,0
very_shocking,66,60,6
only_disappointed,66,66,0
particularly_realistic,66,66,0
fully_autonomous,66,66,0
just_ignorant,66,66,0
really_spectacular,66,24,42
super_human,66,65,1
totally_absent,66,65,1
simply_good,66,66,0
always_proud,66,65,1
so_savvy,66,66,0
necessarily_pleasant,66,66,0
as_monumental,66,63,3
as_intensive,66,65,1
really_usable,66,65,1
necessarily_straightforward,66,66,0
necessarily_typical,66,65,1
always_satisfied,66,65,1
necessarily_realistic,66,66,0
entirely_foreign,66,66,0
sufficiently_reliable,66,66,0
as_lavish,66,64,2
so_receptive,66,66,0
as_likable,66,65,1
so_privileged,66,65,1
exactly_novel,66,66,0
yet_famous,66,66,0
just_unnecessary,66,64,2
so_vain,66,64,2
wholly_responsible,66,66,0
very_catchy,65,65,0
so_messy,65,65,0
really_accessible,65,65,0
not_bad,65,63,2
always_likable,65,64,1
over_crowded,65,65,0
very_private,65,64,1
very_ideal,65,65,0
brand_loyal,65,65,0
really_separate,65,65,0
especially_hard,65,64,1
too_wise,65,63,2
particularly_shy,65,65,0
overly_restrictive,65,63,2
more_enticing,65,36,29
altogether_impossible,65,62,3
sufficiently_familiar,65,65,0
mechanically_inclined,65,65,0
wholly_clear,65,65,0
terribly_productive,65,60,5
so_independent,65,65,0
quite_smart,65,65,0
only_afraid,65,64,1
so_tense,65,65,0
all_likely,65,64,1
that_lovely,65,65,0
as_sacred,65,62,3
really_famous,65,65,0
already_full,65,65,0
actually_dangerous,65,64,1
so_awkward,65,64,1
completely_compatible,65,65,0
too_sugary,65,61,4
especially_religious,65,65,0
too_embarrassing,65,56,9
just_cruel,65,65,0
more_credible,65,58,7
overly_greasy,65,63,2
that_fussy,65,65,0
easily_digestible,65,64,1
as_momentous,65,63,2
easily_detectable,65,65,0
entirely_open,65,65,0
more_emotional,65,49,16
so_nasty,65,64,1
as_engaging,65,64,1
just_digital,65,65,0
exactly_unheard,65,65,0
totally_bad,65,65,0
too_frustrated,65,65,0
so_thankful,65,65,0
necessarily_certain,65,65,0
only_toxic,65,65,0
just_clean,65,62,3
more_sad,65,40,25
so_potent,65,61,4
just_high,65,64,1
completely_ignorant,64,64,0
necessarily_responsible,64,64,0
just_red,64,64,0
fully_prepared,64,64,0
as_opaque,64,64,0
ever_satisfied,64,63,1
overly_eager,64,64,0
truly_complete,64,64,0
fully_consistent,64,64,0
as_demanding,64,64,0
too_creepy,64,56,8
usually_dangerous,64,64,0
exactly_simple,64,64,0
any_brighter,64,63,1
completely_unfamiliar,64,64,0
only_evil,64,64,0
more_stylish,64,50,14
as_lenient,64,63,1
entirely_irrelevant,64,64,0
entirely_trustworthy,64,64,0
only_lovely,64,64,0
necessarily_real,64,64,0
more_anxious,64,61,3
totally_effective,64,64,0
more_outspoken,64,61,3
so_inspiring,64,55,9
even_feasible,64,64,0
so_pleasing,64,57,7
particularly_sweet,64,64,0
too_recent,64,61,3
only_unwise,64,64,0
too_shallow,64,64,0
exactly_sexy,64,62,2
too_convenient,64,62,2
nearly_high,64,64,0
just_cold,64,64,0
entirely_conclusive,64,63,1
so_crude,64,51,13
even_surprising,64,62,2
more_topical,64,64,0
so_fashionable,64,60,4
only_lighter,64,64,0
technically_challenging,64,61,3
only_eye-catching,64,64,0
particularly_distinctive,64,52,12
as_advantageous,64,64,0
so_central,64,63,1
readily_evident,64,64,0
even_sufficient,64,64,0
always_enjoyable,64,64,0
exactly_quiet,64,64,0
exactly_romantic,64,64,0
just_false,64,64,0
always_exciting,64,64,0
too_slick,64,60,4
quite_consistent,64,63,1
just_sexual,64,64,0
just_national,64,64,0
really_similar,64,62,2
so_noisy,64,63,1
necessarily_sexual,64,64,0
wholly_dependent,64,64,0
very_sustainable,64,64,0
just_sexy,64,64,0
particularly_profitable,64,64,0
as_public,64,63,1
as_remote,64,64,0
so_brutal,63,59,4
too_slim,63,62,1
most_accessible,63,63,0
particularly_informative,63,61,2
always_serious,63,62,1
as_photogenic,63,62,1
too_unreasonable,63,62,1
especially_original,63,49,14
very_threatening,63,62,1
quite_ideal,63,63,0
always_exact,63,63,0
more_amusing,63,32,31
too_alarming,63,43,20
only_young,63,63,0
overly_athletic,63,63,0
only_poor,63,63,0
really_apparent,63,62,1
much_familiar,63,63,0
entirely_helpful,63,63,0
really_stuck,63,33,30
really_creative,63,57,6
too_flat,63,63,0
necessarily_secure,63,63,0
super_impressive,63,58,5
even_right,63,62,1
simply_interested,63,63,0
entirely_compatible,63,62,1
exactly_related,63,63,0
that_sorry,63,63,0
so_adept,63,63,0
particularly_painful,63,63,0
necessarily_racist,63,62,1
that_angry,63,63,0
overtly_racist,63,60,3
only_sensitive,63,63,0
technically_legal,63,63,0
directly_accountable,63,62,1
any_wiser,63,62,1
completely_stable,63,63,0
particularly_cold,63,62,1
really_challenging,63,57,6
fully_committed,63,62,1
quick_enough,63,62,1
morally_reprehensible,63,60,3
especially_bad,63,50,13
too_smug,63,63,0
entirely_stable,63,63,0
quite_visible,63,63,0
only_remarkable,63,63,0
that_shocked,63,63,0
so_embarrassing,63,55,8
only_weak,63,63,0
just_unusual,63,62,1
so_petty,63,59,4
more_similar,63,60,3
as_startling,63,61,2
only_satisfying,63,63,0
very_predictable,63,61,2
more_vivid,63,56,7
always_supportive,63,63,0
so_overt,63,58,5
that_correct,63,63,0
really_satisfying,63,60,3
sufficiently_conservative,63,63,0
too_sentimental,63,62,1
only_vulnerable,63,63,0
that_passionate,63,63,0
very_shy,63,63,0
very_light,63,63,0
as_confused,63,62,1
mutually_beneficial,63,62,1
more_lethal,63,35,28
so_limited,63,58,5
that_thick,63,62,1
very_modern,63,61,2
especially_common,63,61,2
really_dark,62,59,3
necessarily_problematic,62,61,1
so_spicy,62,61,1
most_prolific,62,61,1
most_secure,62,59,3
just_ugly,62,62,0
just_powerful,62,62,0
always_harmonious,62,62,0
as_innocuous,62,60,2
truly_successful,62,62,0
so_stylish,62,62,0
all_gloomy,62,62,0
completely_waterproof,62,62,0
so_golden,62,60,2
even_useful,62,62,0
so_available,62,62,0
so_straight,62,62,0
any_smaller,62,62,0
that_innocent,62,62,0
more_sexy,62,20,42
factually_incorrect,62,56,6
always_acceptable,62,62,0
that_rich,62,61,1
merely_physical,62,61,1
merely_interested,62,62,0
only_similar,62,62,0
most_competitive,62,62,0
that_curious,62,62,0
so_creepy,62,60,2
only_problematic,62,62,0
just_unpleasant,62,60,2
that_ridiculous,62,62,0
actually_sick,62,62,0
only_proper,62,62,0
even_full,62,62,0
only_compelling,62,62,0
entirely_normal,62,61,1
unduly_burdensome,62,60,2
far_wide,62,62,0
too_unique,62,50,12
that_practical,62,62,0
fully_convinced,62,62,0
especially_keen,62,62,0
too_swift,62,57,5
too_ripe,62,61,1
even_happy,62,62,0
less_exciting,62,50,12
necessarily_welcome,62,61,1
as_corrupt,62,62,0
very_versatile,62,62,0
less_relevant,62,60,2
so_defensive,62,62,0
always_representative,62,62,0
fiscally_conservative,62,57,5
more_persuasive,62,53,9
too_trivial,62,51,11
really_unexpected,62,55,7
only_cold,62,62,0
that_detailed,62,62,0
so_dirty,62,62,0
as_loving,62,62,0
as_sudden,62,61,1
really_attractive,62,59,3
only_intact,62,62,0
quite_believable,62,62,0
not_clear,62,61,1
just_emotional,62,62,0
only_realistic,61,60,1
as_marketable,61,61,0
too_advanced,61,52,9
actually_legal,61,61,0
easily_scared,61,61,0
politically_neutral,61,60,1
only_pleased,61,61,0
completely_worthless,61,61,0
so_technical,61,59,2
actually_alone,61,61,0
more_recent,61,34,27
far_advanced,61,61,0
more_indicative,61,57,4
fully_satisfying,61,60,1
super_good,61,60,1
too_frustrating,61,58,3
completely_predictable,61,61,0
more_receptive,61,61,0
quite_adequate,61,59,2
always_eager,61,61,0
politically_acceptable,61,61,0
particularly_practical,61,61,0
as_blind,61,52,9
super_interesting,61,59,2
as_visceral,61,61,0
just_unsightly,61,61,0
too_obnoxious,61,58,3
too_honest,61,59,2
very_dynamic,61,61,0
wholly_convincing,61,60,1
so_cheerful,61,61,0
as_tempting,61,57,4
overly_rich,61,60,1
very_thorough,61,61,0
actually_capable,61,61,0
very_interactive,61,61,0
ever_available,61,61,0
more_cruel,61,51,10
as_interactive,61,61,0
well_qualified,61,61,0
entirely_novel,61,61,0
too_willing,61,60,1
particularly_clean,61,61,0
necessarily_false,61,61,0
exactly_appropriate,61,60,1
as_racist,61,61,0
very_authentic,61,61,0
as_grateful,61,60,1
so_intuitive,61,61,0
actually_important,61,61,0
relatively_easy,61,60,1
just_small,61,60,1
entirely_unwarranted,61,61,0
terribly_disappointed,61,61,0
that_neat,61,61,0
much_prettier,61,59,2
ever_happy,61,60,1
most_innovative,61,61,0
just_sick,61,61,0
all_better,61,58,3
only_diverse,61,61,0
real_concerned,61,61,0
that_smooth,61,61,0
so_timid,61,60,1
very_conservative,61,60,1
immediately_life-threatening,61,60,1
more_responsive,61,61,0
very_fluent,61,61,0
as_scandalous,61,60,1
even_white,61,61,0
as_clumsy,61,60,1
much_tougher,61,59,2
even_black,61,61,0
particularly_fancy,61,35,26
too_wrong,61,50,11
so_helpless,61,57,4
more_detailed,61,51,10
not_right,61,61,0
as_gullible,61,61,0
easily_noticeable,61,61,0
less_intelligent,61,61,0
so_gracious,60,60,0
more_eloquent,60,54,6
really_deep,60,53,7
just_gay,60,60,0
pleasantly_surprised,60,60,0
extremely_careful,60,60,0
truly_great,60,49,11
even_obvious,60,59,1
only_tedious,60,60,0
more_dominant,60,56,4
super_confident,60,60,0
so_alien,60,59,1
really_passionate,60,60,0
as_reluctant,60,60,0
very_relaxing,60,60,0
particularly_revelatory,60,47,13
anatomically_correct,60,60,0
more_curious,60,53,7
much_related,60,59,1
exactly_familiar,60,59,1
actually_open,60,60,0
more_joyful,60,27,33
even_logical,60,60,0
very_trustworthy,60,59,1
only_blind,60,60,0
n't_capable,60,59,1
more_ironic,60,54,6
only_irritating,60,60,0
necessarily_confident,60,60,0
simply_wrong,60,60,0
entirely_transparent,60,60,0
excessively_high,60,60,0
as_alien,60,59,1
exactly_impressed,60,60,0
easily_shocked,60,60,0
long_overdue,60,59,1
necessarily_comparable,60,60,0
really_prepared,60,60,0
n't_able,60,58,2
very_thrilled,60,60,0
more_bizarre,60,50,10
only_inadequate,60,60,0
ever_worth,60,52,8
usually_worth,60,59,1
really_poor,60,60,0
highly_likely,60,58,2
overly_popular,60,60,0
too_bland,60,59,1
as_colourful,60,58,2
ever_true,60,59,1
easily_discernible,60,60,0
too_sorry,60,55,5
overly_hard,59,59,0
truly_human,59,58,1
particularly_open,59,59,0
much_bad,59,59,0
more_original,59,45,14
more_dire,59,54,5
as_gracious,59,58,1
as_diplomatic,59,59,0
really_american,59,59,0
only_military,59,59,0
super_heavy,59,56,3
as_political,59,59,0
publically_available,59,59,0
not_guilty,59,58,1
as_poignant,59,54,5
even_hot,59,59,0
so_blue,59,58,1
so_hilarious,59,59,0
more_restrictive,59,56,3
just_harmful,59,59,0
currently_legal,59,59,0
downright_dangerous,59,58,1
hugely_important,59,58,1
actually_hungry,59,59,0
really_fancy,59,18,41
particularly_famous,59,58,1
as_refreshing,59,55,4
that_far-fetched,59,59,0
just_significant,59,59,0
fully_alive,59,58,1
exactly_worth,59,59,0
too_modest,59,58,1
overly_successful,59,59,0
so_jolly,59,56,3
so_conscious,59,58,1
real_bad,59,47,12
more_demoralizing,59,25,34
just_scary,59,59,0
that_thrilled,59,59,0
always_reflective,59,59,0
ultimately_responsible,59,59,0
very_huge,59,59,0
only_technical,59,59,0
already_exempt,59,50,9
most_conducive,59,59,0
as_drunk,59,59,0
even_strong,59,59,0
even_warm,59,59,0
very_necessary,59,59,0
particularly_rich,59,59,0
always_avoidable,59,59,0
just_aware,59,59,0
as_quirky,59,58,1
clinically_depressed,59,58,1
that_entertaining,59,59,0
too_ready,59,55,4
entirely_thrilled,59,59,0
yet_pregnant,59,59,0
more_patriotic,59,33,26
terribly_memorable,59,52,7
ever_black,59,59,0
not_capable,59,54,5
most_skilled,59,58,1
so_circumspect,59,59,0
very_distinct,59,58,1
not_willing,59,56,3
most_sophisticated,59,58,1
particularly_confident,59,58,1
as_acidic,59,58,1
necessarily_intuitive,59,59,0
overly_anxious,59,59,0
too_ugly,59,55,4
so_unrealistic,59,59,0
inherently_illegal,59,34,25
entirely_black,59,59,0
as_exhilarating,59,50,9
very_classy,59,59,0
as_customizable,59,59,0
more_traditional,58,43,15
more_demanding,58,45,13
too_sunny,58,56,2
as_frantic,58,57,1
as_endearing,58,56,2
as_glossy,58,58,0
more_glad,58,58,0
particularly_hopeful,58,56,2
terribly_practical,58,58,0
that_daunting,58,58,0
especially_deep,58,56,2
remotely_ready,58,58,0
as_outstanding,58,58,0
all_sad,58,58,0
particularly_imaginative,58,54,4
even_similar,58,56,2
more_honorable,58,36,22
financially_dependent,58,58,0
as_slim,58,58,0
so_sore,58,56,2
entirely_crazy,58,58,0
very_economical,58,57,1
any_sweeter,58,58,0
as_scenic,58,58,0
more_vibrant,58,55,3
readily_noticeable,58,58,0
only_silly,58,58,0
necessarily_inconsistent,58,56,2
too_plain,58,55,3
too_complacent,58,58,0
inherently_problematic,58,49,9
very_hygienic,58,58,0
particularly_convenient,58,58,0
absolutely_positive,58,58,0
sufficiently_independent,58,57,1
completely_separate,58,58,0
totally_secure,58,58,0
always_warm,58,58,0
so_lofty,58,51,7
that_meaningful,58,58,0
particularly_talented,58,58,0
as_unexpected,58,56,2
so_cozy,58,55,3
as_extraordinary,58,55,3
exactly_huge,58,58,0
necessarily_predictive,58,58,0
only_moral,58,58,0
particularly_newsworthy,58,51,7
as_curious,58,54,4
economically_efficient,58,56,2
as_unified,58,58,0
only_most,58,58,0
always_responsible,58,58,0
as_relaxing,58,58,0
generally_aware,58,58,0
only_memorable,58,58,0
most_romantic,58,58,0
as_wholesome,58,54,4
totally_unfounded,58,58,0
n't_interesting,58,57,1
too_ashamed,58,57,1
physically_close,58,58,0
more_opportune,58,57,1
mentally_fit,58,58,0
as_daring,58,57,1
fully_true,58,58,0
medically_wrong,58,5,53
only_destructive,58,58,0
always_hard,58,57,1
more_rational,58,52,6
as_imminent,58,56,2
actually_human,58,58,0
only_confident,58,58,0
only_sturdy,58,58,0
only_white,57,57,0
as_little,57,52,5
as_imaginative,57,56,1
remotely_qualified,57,56,1
too_inconvenient,57,57,0
necessarily_practical,57,57,0
especially_big,57,56,1
politically_savvy,57,57,0
entirely_independent,57,57,0
socially_responsible,57,56,1
as_altruistic,57,57,0
super_common,57,57,0
far_worse,57,55,2
that_certain,57,57,0
entirely_rosy,57,57,0
very_objective,57,57,0
too_direct,57,55,2
particularly_intelligent,57,57,0
so_hostile,57,57,0
very_potent,57,56,1
more_relieved,57,55,2
very_artistic,57,56,1
as_cuddly,57,56,1
as_plain,57,57,0
generally_true,57,57,0
quite_hot,57,57,0
more_loyal,57,47,10
overly_effective,57,57,0
most_challenging,57,56,1
strictly_relevant,57,57,0
only_arrogant,57,57,0
easily_predictable,57,57,0
so_effortless,57,57,0
statistically_valid,57,57,0
super_useful,57,57,0
so_pervasive,57,55,2
so_cheery,57,57,0
overly_common,57,57,0
as_hoppy,57,56,1
easily_transferable,57,57,0
as_literal,57,56,1
too_troublesome,57,53,4
very_conscious,57,57,0
altogether_certain,57,57,0
more_off-putting,57,23,34
just_hypothetical,57,57,0
just_sweet,57,57,0
more_modern,57,46,11
more_angry,57,55,2
usually_life-threatening,57,57,0
overwhelmingly_sweet,57,57,0
that_stressful,57,57,0
really_warm,57,57,0
altogether_unpleasant,57,57,0
totally_devoid,57,57,0
that_frequent,57,57,0
more_perilous,57,25,32
very_upset,57,55,2
particularly_flashy,57,50,7
just_poor,57,57,0
really_productive,57,55,2
more_conducive,57,44,13
very_sick,57,56,1
always_truthful,57,57,0
very_stylish,57,56,1
completely_human,57,56,1
as_stretchy,57,57,0
necessarily_linear,57,56,1
sufficiently_accurate,57,57,0
nearly_close,57,57,0
so_flat,57,57,0
particularly_violent,57,53,4
too_dumb,57,57,0
too_chilly,57,57,0
too_harmful,57,52,5
necessarily_open,57,57,0
truly_sure,57,57,0
always_big,57,57,0
as_gratifying,57,49,8
overly_fussy,57,54,3
especially_dangerous,57,56,1
too_overt,57,47,10
completely_natural,57,57,0
as_elementary,57,57,0
even_cool,57,57,0
even_active,57,57,0
only_unreasonable,57,57,0
more_inviting,57,46,11
always_white,57,57,0
terribly_unique,57,42,15
always_careful,57,57,0
so_simplistic,57,55,2
much_nicer,57,56,1
always_welcoming,57,57,0
entirely_hopeless,57,55,2
extremely_talented,57,57,0
very_enticing,57,57,0
solely_reliant,57,57,0
always_close,56,56,0
highly_regarded,56,55,1
most_entertaining,56,56,0
downright_hostile,56,54,2
so_incredible,56,53,3
racially_diverse,56,56,0
only_guilty,56,56,0
really_empty,56,56,0
very_loving,56,56,0
usually_easy,56,56,0
exactly_clean,56,56,0
that_prevalent,56,56,0
extremely_dangerous,56,55,1
so_comforting,56,43,13
only_deep,56,56,0
so_delightful,56,45,11
so_hesitant,56,56,0
yet_sick,56,56,0
just_exciting,56,56,0
only_less,56,56,0
necessarily_legal,56,55,1
completely_convincing,56,56,0
overly_harsh,56,54,2
so_graceful,56,55,1
real_interested,56,56,0
only_fantastic,56,56,0
particularly_wealthy,56,56,0
more_full,56,53,3
even_awake,56,56,0
overly_thick,56,56,0
only_responsive,56,56,0
always_lucky,56,56,0
only_devastating,56,56,0
more_invigorating,56,15,41
particularly_offensive,56,39,17
only_independent,56,56,0
always_seamless,56,56,0
absolutely_stunning,56,55,1
too_substantial,56,32,24
only_insulting,56,56,0
completely_helpless,56,56,0
more_unusual,56,43,13
developmentally_appropriate,56,56,0
extremely_common,56,56,0
that_clean,56,56,0
most_vulnerable,56,53,3
completely_blind,56,56,0
too_pretentious,56,51,5
so_jarring,56,55,1
truly_private,56,56,0
very_distinctive,56,49,7
as_selective,56,56,0
more_versatile,56,40,16
very_contagious,56,56,0
definitely_worth,56,56,0
unconstitutionally_vague,56,55,1
less_worthy,56,52,4
really_enjoyable,56,52,4
as_conscious,56,56,0
too_odd,56,45,11
more_political,56,40,16
more_determined,56,54,2
even_curious,56,56,0
just_painful,56,55,1
entirely_accidental,56,55,1
more_lucrative,56,49,7
more_respectful,56,54,2
more_loving,56,43,13
terribly_great,56,54,2
just_awful,56,56,0
even_free,55,54,1
as_muscular,55,55,0
easily_possible,55,55,0
substantively_different,55,52,3
really_pleasant,55,52,3
sufficiently_detailed,55,55,0
particularly_smooth,55,54,1
completely_anonymous,55,55,0
medically_qualified,55,55,0
as_firm,55,55,0
entirely_real,55,54,1
exactly_representative,55,55,0
especially_remarkable,55,41,14
so_exceptional,55,55,0
greatly_concerned,55,53,2
as_congested,55,55,0
overwhelmingly_positive,55,52,3
so_tender,55,53,2
always_doable,55,55,0
actually_black,55,55,0
most_patient,55,55,0
very_regular,55,55,0
very_rational,55,55,0
really_weird,55,50,5
terribly_sophisticated,55,53,2
as_buoyant,55,53,2
more_elaborate,55,25,30
very_broad,55,54,1
home_free,55,54,1
just_professional,55,55,0
only_lazy,55,55,0
actually_useful,55,53,2
yet_necessary,55,55,0
very_influential,55,55,0
too_pink,55,53,2
as_scientific,55,55,0
very_least,55,54,1
as_candid,55,55,0
necessarily_apparent,55,55,0
so_overpowering,55,54,1
as_goofy,55,54,1
too_modern,55,50,5
real_thrilled,55,55,0
more_prudent,55,52,3
extremely_helpful,55,55,0
as_worthwhile,55,53,2
very_hospitable,55,55,0
totally_unheard,55,55,0
actually_evil,55,54,1
financially_capable,55,55,0
technically_proficient,55,55,0
easily_undone,55,55,0
substantially_better,55,55,0
so_impatient,55,55,0
as_constant,55,54,1
most_subtle,55,54,1
all_necessary,55,55,0
necessarily_funny,55,55,0
only_proficient,55,55,0
that_beneficial,55,55,0
totally_original,55,54,1
normally_able,55,55,0
always_trustworthy,55,55,0
more_confused,55,53,2
that_outrageous,55,54,1
more_skilled,55,50,5
too_reliant,55,55,0
quite_obvious,55,55,0
even_positive,55,53,2
all_pleasant,55,54,1
as_confrontational,55,55,0
so_substantial,55,47,8
necessarily_conscious,55,53,2
morally_permissible,55,55,0
generally_accessible,55,55,0
necessarily_equivalent,55,55,0
legally_wrong,55,22,33
only_equal,55,55,0
all_nice,55,55,0
as_benevolent,55,55,0
yet_interested,55,55,0
too_delicate,55,52,3
that_weak,55,55,0
overly_fancy,55,40,15
so_determined,55,53,2
deeply_concerned,55,55,0
always_convincing,55,53,2
quite_comparable,55,48,7
only_historic,54,54,0
yet_functional,54,54,0
as_magnificent,54,48,6
super_tight,54,54,0
that_adorable,54,54,0
so_present,54,54,0
more_volatile,54,48,6
just_faster,54,54,0
truly_evil,54,54,0
more_troubling,54,40,14
sufficiently_interested,54,54,0
completely_possible,54,54,0
strongly_related,54,54,0
less_secure,54,51,3
overly_upset,54,54,0
extremely_useful,54,51,3
generally_applicable,54,54,0
n't_available,54,54,0
as_classic,54,44,10
so_massive,54,52,2
always_sympathetic,54,53,1
particularly_anxious,54,54,0
exactly_beautiful,54,54,0
always_straight,54,54,0
only_insufficient,54,54,0
that_annoying,54,54,0
overly_active,54,54,0
very_savvy,54,54,0
as_noteworthy,54,54,0
yet_feasible,54,54,0
more_patient,54,49,5
particularly_brilliant,54,51,3
that_distant,54,54,0
immediately_intuitive,54,54,0
as_fertile,54,54,0
more_emblematic,54,47,7
only_modern,54,54,0
just_flat,54,53,1
as_cheery,54,54,0
more_possible,54,53,1
not_fair,54,54,0
entirely_sympathetic,54,53,1
only_bright,54,54,0
so_loyal,54,53,1
truly_comfortable,54,53,1
as_respectful,54,53,1
not_alone,54,54,0
much_lighter,54,52,2
particularly_profound,54,46,8
only_irrational,54,54,0
more_solid,54,36,18
as_improbable,54,54,0
super_soft,54,54,0
really_long,54,54,0
truly_worth,54,48,6
too_arduous,54,46,8
yet_illegal,54,54,0
as_believable,54,53,1
very_wrong,54,43,11
exactly_unusual,54,54,0
particularly_competitive,54,54,0
only_eager,54,54,0
only_jewish,54,54,0
often_possible,54,54,0
best_available,54,53,1
so_colorful,54,51,3
as_ripe,54,53,1
particularly_exceptional,54,42,12
especially_compelling,54,53,1
only_hypocritical,54,54,0
really_advisable,54,54,0
only_relaxing,54,54,0
only_unprofessional,54,54,0
extremely_effective,54,54,0
too_intelligent,54,54,0
very_sound,54,54,0
just_vital,54,54,0
factually_true,54,53,1
especially_comfortable,54,54,0
always_receptive,54,54,0
as_unpredictable,54,54,0
as_arrogant,54,53,1
most_intuitive,54,54,0
reasonably_related,54,54,0
so_gorgeous,54,51,3
too_brown,54,53,1
as_typical,54,54,0
necessarily_incorrect,54,53,1
so_early,54,53,1
most_durable,54,54,0
strategically_important,54,52,2
as_abrasive,54,53,1
all_unique,54,50,4
so_conventional,54,51,3
significantly_greater,54,54,0
just_low,54,52,2
really_impossible,54,52,2
entirely_logical,54,53,1
politically_palatable,54,54,0
only_harmless,54,54,0
already_eligible,54,49,5
just_boring,54,54,0
too_relaxed,54,54,0
only_shocked,54,54,0
real_popular,54,54,0
wholly_satisfied,54,53,1
currently_feasible,54,54,0
personally_interested,53,53,0
always_neat,53,53,0
as_humid,53,53,0
now_able,53,53,0
just_dumb,53,51,2
that_satisfying,53,53,0
super_healthy,53,52,1
only_disturbing,53,53,0
only_disingenuous,53,53,0
as_automatic,53,53,0
as_joyful,53,48,5
very_intimidating,53,53,0
only_widespread,53,53,0
as_disgusting,53,52,1
as_hospitable,53,53,0
just_friendly,53,53,0
completely_evil,53,53,0
just_disappointing,53,53,0
so_ashamed,53,53,0
only_unfounded,53,53,0
more_detrimental,53,39,14
only_corrupt,53,53,0
particularly_intuitive,53,52,1
terribly_reliable,53,52,1
too_liberal,53,51,2
always_fast,53,53,0
as_sorry,53,50,3
quite_sharp,53,51,2
as_complimentary,53,52,1
exactly_appealing,53,53,0
less_remarkable,53,49,4
sufficiently_mature,53,53,0
really_critical,53,52,1
too_dressy,53,52,1
as_charitable,53,53,0
so_capable,53,51,2
completely_naked,53,52,1
just_mental,53,52,1
very_pigmented,53,53,0
so_veiled,53,53,0
terribly_busy,53,53,0
particularly_responsive,53,53,0
that_afraid,53,53,0
even_conceivable,53,53,0
extremely_rare,53,52,1
as_tiny,53,53,0
always_interesting,53,53,0
too_hectic,53,48,5
explicitly_religious,53,51,2
ever_right,53,53,0
as_chilly,53,53,0
otherwise_subject,53,53,0
always_coherent,53,52,1
just_negative,53,53,0
as_festive,53,51,2
so_standard,53,52,1
uniquely_american,53,50,3
mentally_prepared,53,53,0
so_agreeable,53,52,1
especially_successful,53,49,4
more_untrue,53,50,3
actually_happy,53,52,1
as_observant,53,53,0
quite_funny,53,53,0
just_costly,53,53,0
as_sweeping,53,48,5
very_outgoing,53,53,0
ever_alone,53,53,0
just_appropriate,53,53,0
only_brave,53,53,0
exactly_synonymous,53,53,0
most_welcoming,53,53,0
extremely_good,53,52,1
much_healthier,53,53,0
as_talkative,53,53,0
as_ferocious,53,48,5
quite_alive,53,53,0
too_traumatic,53,51,2
too_traditional,53,51,2
just_harder,53,53,0
only_visual,53,53,0
quite_solid,53,52,1
pretty_cool,53,53,0
more_public,53,46,7
only_intriguing,53,53,0
very_educated,53,53,0
generally_possible,53,53,0
so_trustworthy,53,53,0
sufficiently_high,53,53,0
necessarily_stupid,53,53,0
socially_conservative,53,52,1
as_subject,53,53,0
there_long,53,52,1
only_vegan,53,53,0
only_clever,53,53,0
only_unattractive,53,53,0
really_okay,53,53,0
only_obvious,53,53,0
more_agreeable,53,47,6
always_affordable,53,53,0
necessarily_specific,53,52,1
very_favourable,53,53,0
necessarily_unhealthy,53,53,0
there_much,53,52,1
really_sweet,53,52,1
as_brash,52,50,2
really_blue,52,52,0
absolutely_safe,52,52,0
more_disastrous,52,41,11
too_rude,52,44,8
more_formidable,52,37,15
necessarily_wise,52,51,1
totally_unreasonable,52,52,0
only_bearable,52,52,0
already_hard,52,52,0
as_swift,52,51,1
as_reassuring,52,48,4
just_appealing,52,52,0
as_riveting,52,51,1
yet_fluent,52,52,0
quite_available,52,52,0
really_heavy,52,48,4
totally_thrilled,52,52,0
as_oily,52,52,0
more_foolish,52,47,5
super_serious,52,45,7
obviously_related,52,51,1
as_pretentious,52,51,1
too_fresh,52,44,8
necessarily_cause,52,52,0
especially_sharp,52,52,0
most_basic,52,47,5
so_trendy,52,51,1
so_red,52,51,1
really_reflective,52,52,0
overly_broad,52,52,0
exactly_reliable,52,52,0
quite_mainstream,52,52,0
longer_pink,52,52,0
that_fresh,52,52,0
quite_quick,52,52,0
easily_achievable,52,52,0
so_callous,52,52,0
more_divisive,52,26,26
stunningly_beautiful,52,52,0
sufficiently_transparent,52,52,0
only_tragic,52,52,0
inherently_violent,52,44,8
n't_sure,52,52,0
more_distinct,52,50,2
just_suitable,52,51,1
solely_concerned,52,52,0
more_insulting,52,32,20
yet_true,52,51,1
now_possible,52,52,0
wildly_enthusiastic,52,50,2
ethnically_diverse,52,52,0
as_partisan,52,51,1
just_immoral,52,52,0
too_general,52,51,1
too_prescriptive,52,52,0
visually_impressive,52,49,3
really_worthwhile,52,38,14
incredibly_important,52,51,1
really_typical,52,51,1
physically_healthy,52,52,0
entirely_objective,52,52,0
fully_satisfactory,52,49,3
as_commercial,52,52,0
equally_likely,52,52,0
only_admirable,52,52,0
yet_definitive,52,51,1
very_radical,52,50,2
absolutely_correct,52,50,2
quite_common,52,52,0
only_scary,52,52,0
so_insecure,52,52,0
politically_convenient,52,50,2
so_mainstream,52,52,0
very_risky,52,52,0
as_reasonable,52,52,0
most_confident,52,52,0
totally_unique,52,51,1
totally_complete,52,52,0
too_receptive,52,51,1
immediately_necessary,52,52,0
too_sappy,52,49,3
entirely_pure,52,51,1
only_predictable,51,51,0
still_open,51,46,5
purely_academic,51,50,1
usually_much,51,51,0
more_horrible,51,30,21
very_viable,51,51,0
more_sincere,51,47,4
too_relevant,51,50,1
too_solid,51,43,8
too_burdensome,51,51,0
too_blunt,51,49,2
just_curious,51,48,3
entirely_willing,51,51,0
necessarily_high,51,50,1
as_fiery,51,51,0
too_annoyed,51,51,0
actually_much,51,51,0
environmentally_conscious,51,50,1
too_amazing,51,23,28
entirely_unlikely,51,51,0
necessarily_successful,51,51,0
broadly_available,51,51,0
all_identical,51,51,0
as_skeptical,51,50,1
entirely_selfless,51,51,0
yet_underway,51,51,0
usually_big,51,51,0
that_brilliant,51,51,0
entirely_voluntary,51,51,0
only_premature,51,51,0
too_repetitive,51,50,1
more_tempting,51,33,18
solely_attributable,51,51,0
as_logical,51,51,0
super_effective,51,51,0
necessarily_friendly,51,51,0
necessarily_intentional,51,51,0
only_exhausting,51,51,0
internally_consistent,51,51,0
only_charming,51,51,0
all_evil,51,51,0
quite_honest,51,49,2
that_soft,51,51,0
reasonably_accessible,51,51,0
very_dissimilar,51,51,0
just_medical,51,51,0
that_realistic,51,51,0
particularly_loud,51,50,1
most_lucrative,51,50,1
very_american,51,50,1
that_proud,51,49,2
altogether_surprised,51,50,1
especially_great,51,50,1
very_amusing,51,49,2
too_fanciful,51,46,5
perfectly_square,51,51,0
so_religious,51,51,0
so_relaxing,51,44,7
only_strange,51,51,0
so_reckless,51,50,1
very_neat,51,51,0
altogether_successful,51,51,0
super_crazy,51,43,8
so_adamant,51,51,0
actually_relevant,51,51,0
overly_formal,51,50,1
even_confident,51,50,1
not_helpful,51,50,1
as_persistent,51,49,2
grossly_negligent,51,51,0
too_naive,51,51,0
extremely_hot,51,50,1
very_elaborate,51,48,3
so_terrific,51,51,0
previously_eligible,51,51,0
sexually_mature,51,50,1
that_subtle,51,51,0
even_effective,51,51,0
rationally_related,51,51,0
fully_correct,51,51,0
especially_challenging,51,50,1
so_favourable,51,51,0
as_touristy,51,51,0
remotely_accurate,51,51,0
always_cooperative,51,51,0
precisely_accurate,51,51,0
as_badass,51,51,0
completely_negative,51,50,1
too_hoppy,51,51,0
exactly_kind,51,51,0
as_hefty,51,51,0
too_gory,51,44,7
too_humble,51,50,1
particularly_romantic,51,44,7
just_social,51,51,0
so_mild,51,50,1
terribly_challenging,51,48,3
too_forceful,51,51,0
very_bitter,51,51,0
exactly_aware,51,51,0
that_intimidating,51,51,0
just_fantastic,51,51,0
exactly_memorable,51,50,1
fundamentally_new,51,16,35
always_harmful,51,51,0
more_inclusive,50,48,2
that_full,50,50,0
so_overwhelmed,50,49,1
wholly_good,50,50,0
so_daft,50,50,0
more_stunning,50,40,10
so_faithful,50,49,1
only_handy,50,50,0
as_compassionate,50,49,1
not_great,50,47,3
really_huge,50,45,5
romantically_interested,50,50,0
very_public,50,50,0
so_outspoken,50,49,1
significantly_larger,50,49,1
physically_impossible,50,47,3
purely_altruistic,50,50,0
super_big,50,49,1
as_dismissive,50,50,0
just_short,50,49,1
that_silly,50,50,0
necessarily_uncommon,50,50,0
too_real,50,47,3
not_useful,50,49,1
quite_bright,50,50,0
too_squeamish,50,50,0
as_experienced,50,50,0
as_experimental,50,50,0
less_ambitious,50,45,5
more_misleading,50,50,0
even_surprised,50,50,0
particularly_desirable,50,48,2
necessarily_big,50,50,0
especially_friendly,50,49,1
so_commonplace,50,45,5
very_motivating,50,50,0
too_arrogant,50,50,0
only_authentic,50,50,0
as_holy,50,48,2
exactly_innocent,50,50,0
as_scarce,50,50,0
totally_random,50,50,0
very_conclusive,50,50,0
n't_enough,50,49,1
too_far,50,50,0
much_angry,50,49,1
so_influential,50,49,1
that_predictable,50,50,0
highly_toxic,50,50,0
always_illegal,50,50,0
less_necessary,50,44,6
that_loud,50,50,0
altogether_comfortable,50,49,1
so_sorry,50,49,1
highly_successful,50,49,1
less_valid,50,43,7
musically_inclined,50,50,0
often_able,50,50,0
most_inspiring,50,50,0
exactly_obvious,50,50,0
really_noteworthy,50,23,27
overly_helpful,50,50,0
currently_accessible,50,50,0
reasonably_necessary,50,50,0
more_jarring,50,34,16
very_secret,50,49,1
so_secretive,50,49,1
necessarily_final,50,50,0
that_glamorous,50,50,0
only_busy,50,50,0
physically_tired,50,49,1
particularly_fresh,50,38,12
altogether_uncommon,50,50,0
around_enough,50,50,0
as_strident,50,50,0
necessarily_common,50,50,0
only_worthwhile,50,50,0
less_enthusiastic,50,49,1
super_thick,50,50,0
super_surprising,50,49,1
yet_extinct,50,50,0
super_worried,50,50,0
too_threatening,50,39,11
yet_subject,50,50,0
so_wasteful,50,49,1
purely_physical,50,50,0
exceptionally_high,50,50,0
so_definitive,50,47,3
very_comprehensive,50,48,2
as_malleable,50,50,0
only_inspirational,50,50,0
only_criminal,50,50,0
normally_interested,50,50,0
more_committed,50,48,2
more_dynamic,50,47,3
less_concerned,50,50,0
real_conservative,50,50,0
as_equal,49,49,0
very_colorful,49,49,0
necessarily_criminal,49,48,1
exactly_willing,49,48,1
so_diplomatic,49,49,0
as_optimal,49,49,0
very_proactive,49,49,0
as_oppressive,49,49,0
just_close,49,49,0
all_one-sided,49,49,0
only_compliant,49,49,0
only_stable,49,49,0
necessarily_physical,49,49,0
real_serious,49,26,23
particularly_entertaining,49,48,1
just_disappointed,49,47,2
only_innocent,49,49,0
particularly_uncommon,49,48,1
too_wonderful,49,47,2
really_personal,49,41,8
religiously_observant,49,49,0
any_weaker,49,49,0
too_precise,49,49,0
as_outraged,49,49,0
extremely_comfortable,49,49,0
very_normal,49,49,0
as_pale,49,49,0
usually_accessible,49,49,0
very_reflective,49,49,0
extremely_close,49,49,0
so_skeptical,49,49,0
too_dominant,49,48,1
not_dead,49,49,0
extremely_painful,49,49,0
that_emotional,49,49,0
overly_loud,49,49,0
entirely_evil,49,49,0
more_representative,49,48,1
easily_measurable,49,49,0
emotionally_mature,49,49,0
all_useful,49,49,0
generally_interested,49,49,0
very_liberal,49,49,0
actually_accurate,49,49,0
only_american,49,49,0
terribly_controversial,49,48,1
terribly_confident,49,49,0
that_advanced,49,49,0
so_lucrative,49,46,3
especially_unique,49,35,14
necessarily_smarter,49,49,0
so_complimentary,49,49,0
just_excellent,49,49,0
always_foolproof,49,49,0
terribly_active,49,49,0
really_believable,49,49,0
intrinsically_good,49,41,8
too_chunky,49,47,2
really_natural,49,47,2
as_uptight,49,49,0
more_obsessed,49,47,2
just_efficient,49,48,1
more_tolerant,49,49,0
particularly_tough,49,49,0
even_popular,49,49,0
scientifically_possible,49,49,0
terribly_enthusiastic,49,49,0
more_tired,49,48,1
particularly_thrilling,49,43,6
too_orange,49,49,0
as_final,49,46,3
really_random,49,49,0
quite_alone,49,49,0
exactly_interested,49,49,0
exclusively_male,49,48,1
actually_alive,49,49,0
particularly_afraid,49,49,0
as_bland,49,47,2
particularly_obvious,49,49,0
totally_responsible,49,49,0
completely_thrilled,49,49,0
immediately_useful,49,49,0
inherently_funny,49,34,15
super_active,49,49,0
that_unlikely,49,49,0
more_bullish,49,45,4
terribly_big,49,48,1
necessarily_untrue,49,49,0
most_compelling,49,49,0
so_dear,49,43,6
too_presumptuous,49,49,0
more_worth,49,37,12
as_perky,49,48,1
most_advanced,49,49,0
always_appealing,49,49,0
honestly_sure,49,49,0
just_impossible,49,49,0
morally_justifiable,49,49,0
only_current,49,49,0
directly_subject,49,49,0
as_frenetic,49,49,0
so_suspicious,49,49,0
more_awful,49,23,26
just_inappropriate,49,49,0
more_abundant,49,48,1
entirely_natural,49,49,0
not_safe,49,46,3
significantly_more,49,47,2
necessarily_beautiful,49,49,0
too_depressed,49,47,2
just_huge,49,49,0
real_impressed,49,49,0
terribly_inspiring,49,47,2
very_thin,49,49,0
so_discreet,49,39,10
necessarily_afraid,49,49,0
very_nervous,48,47,1
very_cheerful,48,44,4
particularly_handsome,48,48,0
just_inaccurate,48,48,0
more_local,48,34,14
more_uplifting,48,21,27
just_superficial,48,48,0
as_genuine,48,45,3
as_hesitant,48,48,0
yet_equal,48,47,1
wholly_new,48,47,1
too_crispy,48,48,0
entirely_comparable,48,48,0
incredibly_strong,48,47,1
easily_comparable,48,48,0
easily_apparent,48,47,1
necessarily_likely,48,48,0
yet_commonplace,48,48,0
so_dreadful,48,39,9
consistently_available,48,48,0
too_inclined,48,48,0
emotionally_stable,48,48,0
exactly_appetizing,48,48,0
only_grateful,48,48,0
very_agile,48,48,0
only_imperative,48,48,0
just_trendy,48,48,0
very_diligent,48,48,0
as_conspicuous,48,48,0
entirely_credible,48,48,0
very_possible,48,48,0
as_sustainable,48,47,1
really_white,48,48,0
totally_smooth,48,48,0
entirely_intuitive,48,48,0
only_unexpected,48,48,0
surprisingly_many,48,48,0
wholly_bad,48,48,0
too_extraordinary,48,17,31
just_fair,48,48,0
entirely_impressed,48,48,0
really_satisfactory,48,48,0
less_fun,48,36,12
really_christian,48,48,0
only_crazy,48,48,0
really_convincing,48,47,1
really_sharp,48,45,3
more_foreign,48,47,1
quite_satisfying,48,46,2
so_vivid,48,45,3
so_toxic,48,47,1
as_static,48,47,1
as_alluring,48,48,0
always_conclusive,48,48,0
too_mature,48,46,2
as_immune,48,48,0
fully_pleased,48,48,0
entirely_undeserved,48,47,1
so_motivated,48,48,0
nearly_fast,48,48,0
so_eloquent,48,44,4
very_disciplined,48,47,1
very_inventive,48,47,1
even_dark,48,48,0
more_bitter,48,41,7
very_spacious,48,48,0
too_disappointing,48,47,1
just_informative,48,48,0
completely_objective,48,48,0
directly_connected,48,45,3
always_benign,48,48,0
as_appetizing,48,47,1
more_conscious,48,47,1
always_attractive,48,47,1
more_polite,48,47,1
even_realistic,48,48,0
as_palatable,48,48,0
altogether_pleasant,48,48,0
all_shocked,48,48,0
as_forthright,48,47,1
even_controversial,48,45,3
too_gross,48,41,7
really_political,48,48,0
openly_available,48,48,0
really_secret,48,46,2
that_rude,48,48,0
so_susceptible,48,48,0
exactly_crazy,48,48,0
mentally_healthy,48,48,0
as_accountable,48,48,0
necessarily_harder,48,48,0
entirely_able,48,48,0
always_faithful,48,48,0
too_soggy,48,48,0
too_hip,48,47,1
very_loyal,48,47,1
as_bothersome,48,48,0
incredibly_expensive,48,48,0
particularly_visible,48,48,0
more_imperative,48,44,4
more_unfortunate,48,40,8
only_tolerable,48,48,0
so_absolute,48,47,1
only_flawed,48,48,0
physically_hungry,48,48,0
equally_true,47,47,0
completely_straightforward,47,46,1
as_flaky,47,47,0
that_cynical,47,47,0
just_afraid,47,47,0
really_short,47,46,1
terribly_sweet,47,47,0
particularly_receptive,47,47,0
really_honest,47,47,0
about_much,47,38,9
more_stringent,47,43,4
just_enjoyable,47,47,0
just_psychological,47,47,0
more_blatant,47,42,5
more_unsettling,47,20,27
so_troubling,47,44,3
only_negative,47,46,1
mathematically_possible,47,47,0
so_mean,47,47,0
overly_cautious,47,47,0
easily_understandable,47,47,0
completely_realistic,47,47,0
exactly_similar,47,46,1
especially_proud,47,45,2
totally_innocent,47,46,1
more_disruptive,47,40,7
uniformly_positive,47,47,0
just_strange,47,45,2
too_gentle,47,34,13
even_nervous,47,47,0
much_interesting,47,35,12
entirely_conscious,47,46,1
too_psyched,47,45,2
very_usual,47,47,0
as_exhaustive,47,47,0
too_talkative,47,47,0
merely_bad,47,47,0
otherwise_able,47,47,0
just_racist,47,47,0
too_frightening,47,41,6
very_patriotic,47,47,0
more_unlikely,47,40,7
so_open-minded,47,47,0
as_notorious,47,45,2
more_subtle,47,43,4
yet_worried,47,47,0
always_direct,47,47,0
just_temporary,47,47,0
too_glamorous,47,32,15
even_difficult,47,47,0
especially_fast,47,47,0
truly_bad,47,28,19
just_brilliant,47,47,0
usually_aggressive,47,47,0
completely_clueless,47,47,0
more_conspicuous,47,41,6
only_harder,47,47,0
most_experienced,47,47,0
more_cautious,47,47,0
most_knowledgeable,47,46,1
more_convinced,47,47,0
morally_neutral,47,45,2
exactly_worried,47,47,0
more_extraordinary,47,30,17
so_separate,47,47,0
so_scrupulous,47,46,1
necessarily_wiser,47,47,0
real_worried,47,47,0
sufficiently_compelling,47,46,1
as_pathetic,47,43,4
entirely_empty,47,47,0
very_progressive,47,46,1
so_sacred,47,40,7
always_patient,47,47,0
all_safe,47,47,0
completely_able,47,47,0
as_lightweight,47,47,0
quite_deep,47,47,0
fully_democratic,47,47,0
factually_wrong,47,40,7
all_afraid,47,47,0
remotely_enough,47,47,0
just_large,47,45,2
only_insensitive,47,47,0
exactly_rosy,47,47,0
really_jewish,47,46,1
even_suitable,47,47,0
objectively_true,47,39,8
too_bizarre,47,36,11
really_terrible,47,28,19
offensively_bad,47,42,5
entirely_useful,47,47,0
so_coy,47,47,0
really_solid,47,37,10
merely_political,47,47,0
real_crazy,47,44,3
as_suspicious,47,47,0
exactly_possible,47,47,0
particularly_observant,47,47,0
really_full,47,47,0
just_useless,47,47,0
necessarily_surprised,47,41,6
so_idyllic,47,47,0
completely_unrealistic,47,47,0
totally_reliant,47,47,0
only_unhappy,47,47,0
yet_concerned,47,47,0
too_edgy,47,43,4
even_expensive,47,46,1
exactly_shocked,47,46,1
entirely_unhappy,47,47,0
totally_stupid,47,47,0
super_simple,47,47,0
as_omnipresent,47,47,0
physically_ill,47,47,0
very_prolific,46,46,0
necessarily_gay,46,45,1
only_ethical,46,46,0
completely_legal,46,46,0
only_comprehensive,46,46,0
as_bountiful,46,46,0
only_undesirable,46,46,0
as_audacious,46,43,3
as_breathtaking,46,42,4
completely_oblivious,46,46,0
always_expensive,46,46,0
so_blase,46,46,0
as_possible,46,46,0
completely_forthright,46,46,0
as_golden,46,45,1
very_feminine,46,46,0
much_deeper,46,42,4
clearly_identifiable,46,46,0
completely_private,46,46,0
only_cumbersome,46,46,0
most_stylish,46,46,0
very_disappointed,46,46,0
as_patriotic,46,46,0
very_sticky,46,46,0
only_bold,46,46,0
much_heavy,46,46,0
as_buttery,46,46,0
as_silky,46,46,0
completely_ridiculous,46,46,0
as_playful,46,45,1
very_personable,46,46,0
only_older,46,46,0
as_uncomplicated,46,46,0
as_effusive,46,46,0
completely_serious,46,45,1
most_beneficial,46,45,1
so_bulky,46,46,0
always_self-evident,46,46,0
as_chewy,46,45,1
only_robust,46,46,0
very_free,46,46,0
much_louder,46,46,0
only_original,46,46,0
only_simpler,46,46,0
most_spectacular,46,46,0
n't_real,46,46,0
very_late,46,46,0
only_distracting,46,46,0
so_steady,46,46,0
less_alike,46,46,0
so_sudden,46,46,0
yet_practical,46,46,0
so_distracting,46,44,2
too_abstract,46,44,2
too_gaudy,46,41,5
really_major,46,9,37
overly_prescriptive,46,45,1
real_hard,46,42,4
so_unfortunate,46,45,1
too_thrilling,46,31,15
ever_worried,46,45,1
too_knowledgeable,46,45,1
legally_necessary,46,46,0
exactly_commonplace,46,46,0
especially_bright,46,46,0
actually_helpful,46,46,0
particularly_suitable,46,46,0
even_unusual,46,36,10
quite_empty,46,45,1
that_specific,46,46,0
totally_convincing,46,45,1
just_fascinating,46,46,0
heavily_reliant,46,45,1
directly_harmful,46,46,0
just_incredible,46,46,0
technically_skilled,46,46,0
ethically_wrong,46,25,21
super_thrilled,46,46,0
more_alluring,46,28,18
here_long,46,46,0
quite_smooth,46,45,1
just_mad,46,46,0
too_black,46,46,0
exactly_sympathetic,46,46,0
entirely_far-fetched,46,45,1
yet_sophisticated,46,46,0
too_obsessed,46,46,0
all_crazy,46,45,1
more_contrary,46,40,6
exactly_inexpensive,46,45,1
immediately_ready,46,46,0
environmentally_responsible,46,46,0
so_knowledgeable,46,45,1
entirely_visible,46,46,0
particularly_consistent,46,45,1
morally_repugnant,46,46,0
proof_positive,46,45,1
exactly_overwhelming,46,45,1
properly_qualified,46,46,0
that_bleak,46,46,0
too_rosy,46,40,6
entirely_supportive,46,46,0
mentally_unstable,46,46,0
more_plausible,46,43,3
super_deep,46,45,1
too_numerous,46,45,1
extremely_happy,46,46,0
less_appealing,46,36,10
too_mild,46,45,1
only_unwilling,45,45,0
n't_funny,45,45,0
very_spiritual,45,44,1
so_luxurious,45,42,3
totally_dissimilar,45,45,0
totally_healthy,45,44,1
so_lovable,45,45,0
as_posh,45,43,2
exactly_black,45,45,0
really_beneficial,45,44,1
culturally_sensitive,45,44,1
exactly_efficient,45,45,0
very_thoughtful,45,45,0
exactly_parallel,45,44,1
more_alarming,45,33,12
only_tall,45,45,0
only_heavy,45,45,0
only_complicated,45,45,0
always_advantageous,45,45,0
much_useful,45,38,7
really_inclined,45,45,0
totally_flat,45,43,2
quite_powerful,45,45,0
intimately_involved,45,45,0
as_recent,45,42,3
too_abrasive,45,39,6
exactly_deep,45,45,0
so_meaningful,45,45,0
more_graphic,45,36,9
very_rigorous,45,45,0
only_honest,45,45,0
yet_cold,45,45,0
as_roomy,45,44,1
as_straight,45,45,0
more_prescient,45,43,2
too_convinced,45,44,1
more_fashionable,45,39,6
necessarily_black,45,45,0
just_talented,45,45,0
entirely_faithful,45,45,0
always_viable,45,45,0
too_tasty,45,45,0
very_abundant,45,45,0
only_outrageous,45,44,1
especially_clear,45,45,0
ultimately_successful,45,45,0
visually_attractive,45,44,1
more_dead,45,44,1
particularly_ideological,45,42,3
less_capable,45,40,5
not_free,45,45,0
usually_true,45,45,0
always_steady,45,45,0
particularly_charismatic,45,42,3
very_peaceful,45,44,1
really_reliable,45,45,0
too_stable,45,35,10
solely_related,45,45,0
necessarily_subject,45,45,0
always_satisfying,45,45,0
particularly_dynamic,45,45,0
always_quiet,45,45,0
all_glamorous,45,44,1
entirely_stupid,45,45,0
especially_rare,45,42,3
only_advantageous,45,45,0
more_believable,45,43,2
even_average,45,45,0
more_tedious,45,21,24
overly_comfortable,45,44,1
as_superficial,45,45,0
n't_willing,45,44,1
too_cutesy,45,37,8
very_recent,45,45,0
just_irritating,45,45,0
just_limited,45,45,0
very_steady,45,45,0
any_tougher,45,45,0
very_readable,45,45,0
as_amenable,45,45,0
so_stunning,45,42,3
wholly_wrong,45,42,3
too_favorable,45,43,2
any_cuter,45,45,0
openly_critical,45,45,0
only_luxurious,45,45,0
more_encouraging,45,39,6
too_forthcoming,45,45,0
so_super,45,43,2
all_relevant,45,45,0
just_religious,45,45,0
so_swift,45,44,1
always_likeable,45,45,0
too_glossy,45,43,2
sufficiently_serious,45,45,0
physically_challenging,45,45,0
more_progressive,45,43,2
more_onerous,45,32,13
extremely_large,45,44,1
as_majestic,45,40,5
really_motivated,45,45,0
so_guilty,45,45,0
as_beloved,45,45,0
fully_forthcoming,45,45,0
exactly_traditional,45,45,0
academically_eligible,45,45,0
really_outstanding,45,24,21
so_abstract,45,42,3
historically_correct,45,45,0
that_incredible,45,45,0
only_exclusive,45,45,0
as_likeable,45,45,0
terribly_realistic,45,45,0
always_dependable,45,45,0
more_notable,45,19,26
more_normal,45,40,5
as_daft,45,45,0
so_conspicuous,45,44,1
really_conservative,45,44,1
more_moral,45,38,7
really_legal,45,45,0
totally_uncommon,45,45,0
so_anonymous,45,45,0
completely_visible,45,45,0
always_dangerous,45,45,0
as_insightful,45,43,2
that_exceptional,45,45,0
completely_unrelated,45,45,0
that_dirty,45,45,0
as_fatal,45,45,0
currently_pregnant,45,45,0
easily_reachable,45,45,0
financially_strong,45,45,0
as_meticulous,45,45,0
yet_ubiquitous,45,45,0
financially_savvy,45,45,0
as_meaty,45,44,1
as_exhausting,45,44,1
purely_economic,45,45,0
easily_pleased,45,45,0
so_gay,45,44,1
as_enormous,45,43,2
so_bloody,44,43,1
entirely_unfair,44,44,0
even_appropriate,44,44,0
especially_wrong,44,1,43
already_good,44,44,0
as_historic,44,43,1
just_reactive,44,44,0
just_proud,44,44,0
just_precious,44,44,0
as_unsettling,44,37,7
just_quick,44,43,1
nearly_complete,44,44,0
that_confusing,44,43,1
that_likable,44,44,0
particularly_elegant,44,42,2
all_comparable,44,44,0
really_germane,44,44,0
as_ill,44,44,0
so_excessive,44,43,1
necessarily_serious,44,43,1
much_alive,44,43,1
overly_obvious,44,43,1
that_awkward,44,44,0
all_stupid,44,44,0
psychologically_ready,44,44,0
more_apropos,44,41,3
only_spiritual,44,44,0
very_customizable,44,44,0
technically_impressive,44,44,0
nationally_representative,44,44,0
just_individual,44,44,0
perfectly_circular,44,43,1
that_poor,44,44,0
so_squeamish,44,44,0
financially_beneficial,44,44,0
quite_clean,44,44,0
entirely_apparent,44,44,0
more_consequential,44,32,12
really_fit,44,44,0
so_gung,44,44,0
particularly_ambitious,44,43,1
as_emphatic,44,44,0
less_harmful,44,44,0
remotely_good,44,40,4
consistently_funny,44,43,1
that_extraordinary,44,44,0
so_worrisome,44,44,0
all_aware,44,44,0
very_stressful,44,42,2
always_calm,44,44,0
not_likely,44,42,2
less_complex,44,42,2
entirely_irrational,44,44,0
particularly_careful,44,43,1
always_sustainable,44,44,0
romantically_involved,44,44,0
too_overwhelmed,44,44,0
more_blunt,44,44,0
that_dense,44,44,0
yet_proficient,44,44,0
really_notable,44,20,24
particularly_comforting,44,43,1
only_resistant,44,44,0
very_manly,44,44,0
very_charitable,44,44,0
terribly_dissimilar,44,44,0
directly_dependent,44,44,0
more_outrageous,44,34,10
sexually_satisfied,44,44,0
more_prosperous,44,43,1
so_conducive,44,44,0
especially_long,44,44,0
just_unethical,44,44,0
entirely_factual,44,44,0
only_yummy,44,44,0
necessarily_detrimental,44,44,0
more_mainstream,44,39,5
terribly_subtle,44,42,2
sufficiently_specific,44,44,0
totally_unfamiliar,44,44,0
totally_forthcoming,44,44,0
most_convincing,44,44,0
quite_small,44,44,0
so_irritating,44,37,7
much_exciting,44,29,15
only_credible,44,44,0
always_golden,44,44,0
very_fertile,44,44,0
more_inconvenient,44,30,14
quite_nice,44,43,1
very_sad,44,42,2
exceptionally_good,44,41,3
highly_competitive,44,43,1
only_symbolic,44,44,0
very_selective,44,44,0
as_authoritative,44,42,2
as_particular,44,44,0
only_exceptional,44,44,0
overly_wet,44,44,0
exactly_essential,44,44,0
completely_opaque,44,44,0
actually_concerned,44,44,0
really_substantial,44,25,19
easily_confused,44,44,0
super_difficult,44,42,2
as_burdensome,44,44,0
only_cultural,44,44,0
much_mistaken,44,44,0
more_hilarious,44,21,23
only_cleaner,44,44,0
only_handsome,44,44,0
really_amazing,44,30,14
too_childish,44,42,2
much_happy,44,43,1
completely_reliant,44,44,0
much_hotter,44,41,3
ideologically_pure,44,44,0
more_fortuitous,44,43,1
only_sufficient,44,44,0
actually_hard,44,44,0
just_creative,44,44,0
so_clueless,44,44,0
even_sad,44,44,0
only_closer,44,44,0
intellectually_dishonest,44,40,4
exactly_brilliant,43,41,2
especially_impressed,43,42,1
now_alive,43,40,3
most_graceful,43,43,0
culturally_acceptable,43,43,0
so_abrupt,43,42,1
exactly_thrilling,43,41,2
legally_permissible,43,42,1
remotely_new,43,27,16
as_gifted,43,41,2
already_interested,43,43,0
just_upset,43,43,0
inherently_racist,43,33,10
just_warm,43,43,0
particularly_inventive,43,38,5
always_valid,43,43,0
as_disciplined,43,43,0
very_agreeable,43,43,0
so_versatile,43,41,2
virtually_impossible,43,42,1
best_qualified,43,43,0
more_disconcerting,43,13,30
quite_healthy,43,43,0
particularly_amazing,43,30,13
too_suspicious,43,37,6
as_harmonious,43,43,0
completely_foolproof,43,42,1
fully_competent,43,43,0
as_alert,43,42,1
necessarily_violent,43,43,0
necessarily_inevitable,43,43,0
too_red,43,43,0
as_affectionate,43,43,0
very_diplomatic,43,43,0
so_disastrous,43,42,1
culturally_relevant,43,43,0
most_influential,43,39,4
as_one-dimensional,43,43,0
more_competent,43,41,2
entirely_present,43,43,0
as_mundane,43,40,3
necessarily_pleased,43,42,1
only_controversial,43,43,0
more_intrusive,43,36,7
brutally_honest,43,42,1
too_productive,43,42,1
less_happy,43,41,2
so_novel,43,40,3
necessarily_close,43,43,0
substantially_equivalent,43,43,0
only_terrible,43,43,0
more_damning,43,27,16
incredibly_high,43,42,1
totally_inaccurate,43,43,0
only_theoretical,43,43,0
too_muddy,43,43,0
yet_suitable,43,43,0
plain_wrong,43,40,3
too_stubborn,43,43,0
very_dry,43,43,0
totally_independent,43,43,0
that_essential,43,43,0
quite_impossible,43,40,3
totally_irrelevant,43,43,0
really_boring,43,43,0
too_nasty,43,36,7
pretty_easy,43,42,1
actually_white,43,43,0
any_truer,43,43,0
particularly_worrisome,43,41,2
too_assertive,43,42,1
more_advantageous,43,41,2
truly_important,43,39,4
only_emotional,43,43,0
quite_sane,43,43,0
too_vocal,43,43,0
too_apparent,43,42,1
most_friendly,43,43,0
only_attainable,43,43,0
particularly_tasty,43,42,1
too_uptight,43,43,0
presently_possible,43,43,0
just_positive,43,43,0
really_ill,43,42,1
emotionally_healthy,43,43,0
just_light,43,42,1
always_gentle,43,43,0
just_blue,43,42,1
so_chic,43,39,4
just_evident,43,43,0
realistically_possible,43,43,0
n't_ready,43,42,1
more_fatal,43,40,3
so_insistent,43,43,0
overly_competitive,43,43,0
as_silent,43,42,1
altogether_pleased,43,43,0
just_hungry,43,42,1
so_sinister,43,38,5
just_ideal,43,43,0
personally_involved,43,43,0
technically_necessary,43,43,0
more_thorough,43,41,2
really_controversial,43,43,0
necessarily_productive,43,43,0
particularly_picky,43,43,0
completely_horrible,43,41,2
sickeningly_sweet,43,41,2
really_magic,43,42,1
so_thorough,43,40,3
as_wacky,43,43,0
more_ominous,43,32,11
as_bombastic,43,41,2
actually_gay,43,43,0
just_slow,43,42,1
as_wicked,43,42,1
just_real,43,40,3
highly_unusual,43,40,3
too_unpleasant,43,39,4
just_rare,43,43,0
more_psyched,43,43,0
completely_unaware,43,42,1
as_damning,43,42,1
particularly_specific,43,42,1
outright_illegal,43,41,2
so_jaded,43,41,2
as_weighty,43,42,1
always_preventable,42,42,0
so_satisfactory,42,41,1
most_natural,42,42,0
so_able,42,42,0
so_insignificant,42,42,0
totally_blind,42,42,0
particularly_beneficial,42,41,1
totally_foreign,42,42,0
entirely_persuasive,42,41,1
all_hard,42,42,0
all_sweet,42,42,0
overtly_hostile,42,41,1
so_jealous,42,42,0
easily_searchable,42,42,0
so_prolific,42,41,1
already_active,42,42,0
completely_untrue,42,42,0
so_focused,42,41,1
so_intrusive,42,41,1
totally_open,42,42,0
simply_related,42,42,0
wholly_free,42,41,1
always_cool,42,42,0
less_stressful,42,42,0
so_holy,42,39,3
so_stuck,42,42,0
so_unbelievable,42,42,0
so_stingy,42,42,0
particularly_amusing,42,34,8
so_elusive,42,41,1
most_current,42,41,1
overly_specific,42,40,2
entirely_benign,42,42,0
completely_uncommon,42,42,0
mutually_inclusive,42,42,0
completely_available,42,42,0
n't_aware,42,42,0
more_able,42,41,1
so_heroic,42,41,1
very_scalable,42,42,0
really_dependent,42,42,0
really_complex,42,33,9
so_irrational,42,41,1
so_exclusive,42,41,1
overly_precious,42,40,2
too_fruity,42,38,4
too_secure,42,35,7
just_dark,42,42,0
as_perilous,42,39,3
inherently_harmful,42,33,9
yet_awake,42,42,0
quite_popular,42,42,0
inherently_unsafe,42,37,5
still_relevant,42,42,0
more_heartwarming,42,10,32
only_historical,42,42,0
ever_dull,42,42,0
appreciably_better,42,42,0
as_reflective,42,41,1
really_subject,42,42,0
quite_serious,42,42,0
just_clever,42,42,0
only_incredible,42,42,0
exactly_enough,42,42,0
just_fashionable,42,42,0
even_many,42,42,0
more_festive,42,18,24
even_irish,42,42,0
too_conspicuous,42,42,0
only_instrumental,42,41,1
very_inclined,42,42,0
very_inclusive,42,42,0
really_guilty,42,42,0
just_ideological,42,42,0
as_tame,42,40,2
just_inevitable,42,42,0
more_experienced,42,37,5
only_lawful,42,42,0
exactly_enjoyable,42,42,0
only_foreign,42,42,0
too_disturbing,42,38,4
quite_effective,42,42,0
that_diverse,42,42,0
as_dreamy,42,39,3
altogether_easy,42,42,0
previously_accessible,42,42,0
fully_detailed,42,42,0
terribly_friendly,42,41,1
as_deft,42,42,0
more_racist,42,35,7
terribly_appealing,42,41,1
technologically_possible,42,42,0
very_windy,42,42,0
as_inevitable,42,41,1
that_satisfied,42,42,0
so_comfy,42,40,2
practically_feasible,42,42,0
as_abrupt,42,42,0
quite_expensive,42,42,0
as_jaded,42,42,0
quite_fit,42,41,1
as_brittle,42,42,0
yet_great,42,42,0
super_friendly,42,42,0
as_mild,42,42,0
very_dirty,42,42,0
exactly_optimistic,42,42,0
actively_involved,42,42,0
exactly_nice,42,42,0
yet_dark,42,42,0
immediately_present,42,42,0
as_absorbent,42,42,0
particularly_wise,42,41,1
deeply_interested,42,41,1
just_most,42,42,0
objectively_reasonable,42,42,0
just_tall,42,42,0
more_unpleasant,42,24,18
only_notable,42,42,0
very_musical,42,42,0
more_distressing,42,22,20
just_welcome,42,42,0
just_young,42,42,0
wholly_satisfactory,42,42,0
truly_equal,42,41,1
regularly_available,42,42,0
particularly_true,42,42,0
especially_controversial,42,40,2
legally_insane,42,42,0
particularly_promising,42,41,1
too_masculine,42,40,2
less_costly,42,41,1
really_enthusiastic,42,42,0
less_demanding,42,41,1
all_different,42,41,1
particularly_evil,42,36,6
really_efficient,42,42,0
readily_obtainable,42,42,0
only_waterproof,42,42,0
more_compassionate,42,38,4
necessarily_smart,42,42,0
too_rusty,42,42,0
only_national,42,42,0
officially_dead,42,42,0
more_truthful,42,37,5
particularly_related,42,41,1
too_fragile,42,36,6
very_charming,42,42,0
more_enlightened,42,42,0
too_flexible,42,41,1
more_egregious,42,25,17
particularly_severe,42,40,2
just_hyperbole,41,41,0
only_dark,41,41,0
even_muslim,41,41,0
as_insurmountable,41,40,1
very_passionate,41,40,1
absolutely_satisfied,41,41,0
usually_high,41,41,0
technically_capable,41,41,0
particularly_steep,41,41,0
as_compliant,41,41,0
so_skinny,41,41,0
too_polite,41,40,1
super_skinny,41,41,0
particularly_generous,41,41,0
too_crunchy,41,41,0
as_breathable,41,41,0
highly_sensitive,41,41,0
exactly_useful,41,41,0
only_specific,41,41,0
so_joyful,41,39,2
quite_hard,41,41,0
so_serene,41,40,1
totally_predictable,41,41,0
always_difficult,41,41,0
super_awesome,41,40,1
not_relevant,41,39,2
always_constant,41,41,0
particularly_enlightening,41,40,1
genetically_predisposed,41,41,0
less_useful,41,37,4
that_apparent,41,41,0
only_disruptive,41,41,0
particularly_young,41,41,0
necessarily_political,41,40,1
entirely_terrible,41,41,0
terribly_hot,41,41,0
overly_high,41,41,0
as_unhappy,41,41,0
only_prudent,41,41,0
too_enjoyable,41,40,1
as_hairy,41,41,0
fully_rational,41,41,0
that_insane,41,41,0
genetically_identical,41,41,0
quite_american,41,39,2
fully_waterproof,41,41,0
terribly_cold,41,41,0
really_rich,41,41,0
entirely_peaceful,41,41,0
that_onerous,41,41,0
so_hopeless,41,39,2
as_courageous,41,40,1
less_productive,41,41,0
so_human,41,37,4
that_pessimistic,41,41,0
super_accurate,41,41,0
as_appreciative,41,41,0
much_funny,41,37,4
hugely_expensive,41,41,0
just_ridiculous,41,41,0
completely_naive,41,41,0
exactly_cool,41,41,0
very_eloquent,41,41,0
just_handy,41,41,0
only_colorful,41,41,0
particularly_loyal,41,41,0
inherently_superior,41,36,5
ever_sick,41,41,0
quite_present,41,41,0
ever_ready,41,41,0
particularly_satisfied,41,41,0
clinically_relevant,41,41,0
so_rational,41,40,1
only_faithful,41,41,0
just_stunning,41,41,0
only_quicker,41,41,0
quite_realistic,41,41,0
completely_heartless,41,41,0
so_political,41,41,0
even_valid,41,41,0
as_rusty,41,41,0
so_ubiquitous,41,39,2
as_spooky,41,41,0
just_busy,41,37,4
very_bold,41,41,0
very_bullish,41,40,1
very_rosy,41,41,0
overly_fast,41,40,1
particularly_alarming,41,29,12
so_near,41,41,0
only_indicative,41,41,0
quite_interesting,41,37,4
so_sensible,41,38,3
remotely_realistic,41,38,3
sufficiently_precise,41,41,0
actually_scary,41,39,2
as_stuffy,41,41,0
as_affluent,41,40,1
always_easier,41,41,0
economically_beneficial,41,41,0
all_lucky,41,41,0
badly_enough,41,41,0
merely_decorative,41,41,0
as_objectionable,41,41,0
as_stubborn,41,40,1
as_obsessive,41,40,1
exactly_hot,41,40,1
sufficiently_concerned,41,41,0
only_timeless,41,41,0
as_ornate,41,40,1
incredibly_beautiful,41,41,0
only_integral,41,41,0
much_physical,41,40,1
as_painless,41,41,0
exactly_equivalent,41,40,1
so_final,41,39,2
already_sick,41,41,0
also_important,41,40,1
really_profitable,41,41,0
more_ripe,41,40,1
more_outraged,41,41,0
more_permanent,41,18,23
more_impactful,41,29,12
outright_bad,41,41,0
very_soluble,41,41,0
so_dreamy,41,40,1
more_worthwhile,41,27,14
more_negative,41,33,8
very_violent,41,41,0
unbearably_hot,41,41,0
most_eloquent,41,41,0
constitutionally_eligible,41,41,0
more_hospitable,41,41,0
more_probable,41,38,3
so_disgusting,41,40,1
more_brutal,41,34,7
more_elated,41,41,0
really_remarkable,41,17,24
so_durable,41,40,1
really_privy,41,41,0
economically_possible,40,40,0
too_overdone,40,35,5
entirely_friendly,40,40,0
truly_reflective,40,40,0
more_cynical,40,27,13
completely_bleak,40,40,0
quite_natural,40,39,1
very_dependable,40,40,0
more_incredible,40,18,22
morally_correct,40,40,0
too_daring,40,32,8
always_alone,40,40,0
particularly_graphic,40,31,9
very_human,40,39,1
equally_valid,40,40,0
so_daring,40,38,2
even_healthy,40,40,0
just_historical,40,40,0
as_hearty,40,40,0
equally_successful,40,40,0
just_familiar,40,40,0
too_consistent,40,36,4
too_clingy,40,40,0
very_complete,40,39,1
particularly_groundbreaking,40,31,9
real_confident,40,40,0
really_blind,40,40,0
overly_sure,40,40,0
only_therapeutic,40,40,0
very_illuminating,40,39,1
most_precise,40,40,0
too_lucky,40,40,0
only_romantic,40,40,0
too_cliche,40,40,0
enough_alone,40,40,0
only_insightful,40,40,0
too_confused,40,40,0
less_compelling,40,37,3
exactly_confident,40,40,0
immediately_popular,40,40,0
too_worrisome,40,35,5
merely_concerned,40,40,0
much_fat,40,39,1
exactly_stable,40,40,0
very_angry,40,40,0
particularly_stellar,40,40,0
as_bearish,40,39,1
particularly_stable,40,40,0
that_substantial,40,40,0
overly_oily,40,40,0
much_available,40,38,2
only_unaware,40,40,0
automatically_eligible,40,40,0
as_long-lasting,40,39,1
particularly_onerous,40,39,1
too_unrealistic,40,39,1
so_tedious,40,38,2
really_valuable,40,38,2
only_absent,40,40,0
as_bouncy,40,40,0
only_mistaken,40,40,0
just_similar,40,40,0
so_traumatic,40,37,3
super_quick,40,40,0
so_unfamiliar,40,38,2
constantly_aware,40,40,0
only_soothing,40,40,0
absolutely_right,40,37,3
more_thoughtful,40,32,8
just_irresponsible,40,40,0
only_solid,40,40,0
very_uncomfortable,40,40,0
terribly_fast,40,40,0
only_endangered,40,40,0
as_american,40,40,0
really_racist,40,40,0
very_acceptable,40,40,0
so_unlucky,40,38,2
very_cost-effective,40,40,0
also_good,40,40,0
totally_shocking,40,40,0
alone_sufficient,40,40,0
naturally_present,40,40,0
more_erotic,40,13,27
so_stuffy,40,40,0
really_optional,40,40,0
too_touristy,40,40,0
altogether_unusual,40,38,2
just_visible,40,40,0
most_photogenic,40,40,0
as_representative,40,40,0
that_favorable,40,40,0
necessarily_original,40,39,1
that_enough,40,40,0
always_polite,40,39,1
very_explosive,40,40,0
still_present,40,39,1
less_risky,40,37,3
more_addictive,40,32,8
more_startling,40,28,12
always_reasonable,40,40,0
thus_susceptible,40,39,1
more_surreal,40,28,12
more_adventurous,40,33,7
fully_alert,40,40,0
more_problematic,40,33,7
as_funky,40,40,0
so_windy,40,40,0
too_simplistic,40,40,0
necessarily_significant,40,40,0
too_sanguine,40,36,4
as_eccentric,40,39,1
overly_warm,40,40,0
even_subject,40,40,0
ever_necessary,40,40,0
entirely_sane,40,40,0
only_hazardous,40,40,0
always_green,40,40,0
as_electric,40,38,2
ever_possible,40,39,1
terribly_remarkable,40,31,9
very_graphic,40,38,2
too_blatant,40,34,6
less_sexy,40,21,19
only_certain,40,40,0
terribly_picky,40,40,0
terribly_sympathetic,40,40,0
initially_obvious,40,40,0
that_crowded,40,40,0
more_fragile,40,37,3
so_raw,40,40,0
necessarily_rare,40,40,0
very_handsome,40,40,0
very_enlightening,40,39,1
totally_helpless,40,40,0
particularly_extraordinary,40,11,29
real_close,40,40,0
directly_useful,40,39,1
fully_cooperative,40,40,0
very_fortunate,40,39,1
actually_difficult,40,40,0
clearly_better,40,37,3
really_convinced,40,40,0
just_crucial,40,40,0
particularly_cool,40,36,4
quite_square,40,40,0
so_persistent,40,39,1
very_toxic,40,40,0
critically_ill,40,37,3
overly_enthused,40,40,0
as_gay,40,40,0
still_certain,40,40,0
just_accessible,40,40,0
still_able,40,39,1
more_adept,40,38,2
only_upset,40,40,0
fully_comparable,40,40,0
far_superior,40,40,0
wholly_comfortable,39,39,0
commercially_feasible,39,39,0
more_equal,39,36,3
so_enlightened,39,39,0
overly_pessimistic,39,39,0
just_best,39,39,0
more_strange,39,35,4
as_miraculous,39,32,7
too_evident,39,37,2
just_rude,39,39,0
really_illegal,39,37,2
quite_impressive,39,38,1
very_formal,39,38,1
easily_readable,39,38,1
as_waterproof,39,39,0
as_readable,39,38,1
too_frightened,39,39,0
so_extravagant,39,27,12
only_sympathetic,39,39,0
too_forward,39,39,0
too_foreign,39,36,3
particularly_spiritual,39,36,3
so_tangible,39,30,9
as_virtuous,39,38,1
thus_subject,39,39,0
very_crisp,39,39,0
so_elaborate,39,30,9
intellectually_challenging,39,35,4
super_concerned,39,39,0
overly_political,39,38,1
longer_relevant,39,39,0
even_unique,39,38,1
so_attentive,39,38,1
only_social,39,39,0
as_salient,39,39,0
so_selective,39,39,0
very_remote,39,39,0
very_ethical,39,39,0
inherently_interesting,39,33,6
so_classy,39,38,1
as_powerless,39,39,0
only_commonplace,39,39,0
personally_close,39,38,1
totally_insane,39,38,1
too_brief,39,39,0
incredibly_popular,39,39,0
only_sexual,39,39,0
only_comforting,39,39,0
really_ugly,39,36,3
very_humble,39,39,0
inherently_different,39,29,10
so_revolutionary,39,36,3
even_profitable,39,39,0
very_energetic,39,39,0
just_disrespectful,39,39,0
n't_happy,39,37,2
just_environmental,39,39,0
very_tidy,39,39,0
just_english,39,39,0
actually_crazy,39,38,1
as_snug,39,39,0
quite_pleased,39,39,0
more_tangible,39,20,19
so_linear,39,39,0
most_complicated,39,39,0
only_smarter,39,39,0
too_white,39,38,1
completely_fluent,39,39,0
actively_hostile,39,38,1
exactly_open,39,39,0
exactly_attractive,39,39,0
as_timid,39,39,0
just_competitive,39,39,0
immediately_concerned,39,39,0
too_detrimental,39,34,5
as_adamant,39,39,0
just_innovative,39,39,0
strictly_historical,39,39,0
very_rigid,39,39,0
as_obtrusive,39,39,0
yet_conducive,39,39,0
as_superior,39,38,1
yet_competent,39,39,0
exactly_honest,39,39,0
completely_invisible,39,39,0
really_picky,39,39,0
exactly_funny,39,37,2
as_serene,39,37,2
more_hostile,39,35,4
culturally_appropriate,39,39,0
too_cloying,39,37,2
only_palatable,39,39,0
as_crude,39,36,3
completely_unusual,39,39,0
so_brash,39,38,1
remarkably_different,39,31,8
really_eager,39,39,0
especially_complex,39,37,2
truly_effective,39,38,1
too_romantic,39,36,3
fully_asleep,39,39,0
so_accustomed,39,39,0
most_thrilling,39,39,0
more_colorful,39,31,8
so_grave,39,39,0
quite_asleep,39,39,0
more_pervasive,39,36,3
as_cocky,39,38,1
very_annoying,39,39,0
more_obnoxious,39,17,22
really_offensive,39,28,11
too_savvy,39,39,0
as_foolproof,39,38,1
so_discerning,39,36,3
that_fragile,39,39,0
necessarily_critical,39,39,0
more_corrupt,39,35,4
overly_interesting,39,33,6
necessarily_faster,39,39,0
as_incompetent,39,39,0
quite_cool,39,38,1
that_hopeful,39,39,0
that_honest,39,39,0
particularly_frightening,39,30,9
fully_legal,39,39,0
only_organic,39,39,0
too_religious,39,39,0
always_attainable,39,39,0
too_lean,39,39,0
only_polite,39,39,0
always_painful,39,39,0
particularly_low,39,39,0
just_wild,39,38,1
very_wet,39,39,0
most_modern,39,38,1
less_competitive,39,37,2
always_more,39,39,0
less_able,39,36,3
more_plentiful,39,39,0
especially_likely,39,39,0
often_wrong,39,39,0
automatically_better,39,38,1
as_horrendous,39,38,1
so_flashy,39,37,2
too_sheer,39,37,2
only_academic,39,39,0
especially_quick,39,39,0
so_alive,39,38,1
as_humble,39,38,1
so_considerate,39,39,0
more_universal,39,25,14
necessarily_optimal,39,39,0
absolutely_impossible,39,38,1
only_adept,39,39,0
explicitly_illegal,39,38,1
yet_worthy,39,39,0
longer_able,39,39,0
that_ugly,39,39,0
particularly_detailed,39,38,1
financially_literate,39,39,0
just_unhealthy,39,39,0
merely_personal,39,39,0
real_great,39,36,3
as_humorous,39,38,1
less_clear,39,37,2
all_funny,39,37,2
necessarily_rational,39,38,1
super_talented,39,39,0
just_unacceptable,39,39,0
necessarily_inaccurate,39,39,0
as_decadent,38,37,1
really_strange,38,35,3
less_accurate,38,38,0
overly_dry,38,38,0
all_clean,38,38,0
all_averse,38,38,0
sufficiently_different,38,38,0
as_heartbreaking,38,30,8
particularly_hospitable,38,38,0
very_presidential,38,36,2
as_spiritual,38,35,3
most_prominent,38,38,0
fully_responsive,38,38,0
too_colorful,38,35,3
very_edifying,38,36,2
only_plentiful,38,38,0
most_relevant,38,37,1
very_compassionate,38,38,0
quite_whole,38,38,0
really_uncommon,38,37,1
yet_privy,38,38,0
only_conducive,38,38,0
incredibly_hard,38,37,1
truly_present,38,38,0
as_stealthy,38,38,0
as_stout,38,38,0
already_subject,38,38,0
as_hazardous,38,38,0
yet_universal,38,38,0
necessarily_immune,38,37,1
terribly_painful,38,38,0
necessarily_sad,38,37,1
as_flush,38,38,0
necessarily_romantic,38,38,0
terribly_proud,38,38,0
so_progressive,38,38,0
much_weaker,38,38,0
terribly_special,38,14,24
so_formidable,38,35,3
just_arbitrary,38,38,0
so_rampant,38,38,0
necessarily_predictable,38,38,0
always_pure,38,38,0
yet_viable,38,38,0
far_more,38,30,8
just_absurd,38,38,0
necessarily_necessary,38,38,0
all_healthy,38,38,0
more_prepared,38,37,1
all_human,38,38,0
very_restrictive,38,36,2
that_excellent,38,38,0
initially_available,38,38,0
less_excited,38,35,3
pretty_obvious,38,37,1
as_soothing,38,32,6
always_explicit,38,38,0
too_patient,38,37,1
more_virtuous,38,35,3
clearly_evident,38,37,1
all_correct,38,38,0
so_vibrant,38,36,2
totally_ignorant,38,38,0
only_welcoming,38,38,0
real_common,38,38,0
totally_hopeless,38,38,0
as_dominating,38,37,1
necessarily_universal,38,38,0
usually_harmful,38,38,0
entirely_unrealistic,38,38,0
so_reassuring,38,30,8
even_serious,38,38,0
that_foolish,38,38,0
totally_cool,38,36,2
too_risque,38,26,12
completely_fit,38,37,1
necessarily_shy,38,38,0
actually_serious,38,38,0
only_much,38,38,0
enough_good,38,38,0
so_slick,38,38,0
just_verbal,38,38,0
quite_difficult,38,38,0
super_complicated,38,37,1
necessarily_conclusive,38,38,0
just_polite,38,38,0
particularly_susceptible,38,38,0
as_infectious,38,35,3
overly_dense,38,37,1
more_disparate,38,38,0
so_insane,38,38,0
as_mighty,38,37,1
exactly_spectacular,38,38,0
just_overweight,38,38,0
exactly_scary,38,38,0
any_louder,38,38,0
exactly_riveting,38,38,0
any_prettier,38,38,0
most_vocal,38,38,0
particularly_vocal,38,38,0
sufficiently_supportive,38,38,0
so_epic,38,35,3
really_careful,38,38,0
particularly_musical,38,37,1
always_wonderful,38,38,0
actively_bad,38,37,1
overly_positive,38,36,2
particularly_prone,38,38,0
just_skilled,38,38,0
completely_uniform,38,38,0
early_enough,38,38,0
absolutely_wrong,38,32,6
merely_hypothetical,38,38,0
overly_picky,38,37,1
as_yummy,38,35,3
especially_significant,38,34,4
necessarily_bigger,38,38,0
as_wary,38,37,1
only_lucky,38,37,1
just_typical,38,37,1
so_corrupt,38,38,0
as_integral,38,38,0
really_secure,38,38,0
super_fond,38,38,0
really_small,38,37,1
so_enthused,38,38,0
just_problematic,38,38,0
really_romantic,38,35,3
longer_possible,38,37,1
any_shorter,38,38,0
too_eventful,38,28,10
generally_acceptable,38,38,0
as_tranquil,38,38,0
more_innocent,38,30,8
politically_aware,38,38,0
just_loud,38,37,1
actually_afraid,38,38,0
more_useless,38,17,21
exactly_poor,38,38,0
really_deserving,38,37,1
completely_blameless,38,38,0
as_tacky,38,36,2
perfectly_efficient,38,38,0
so_bland,38,36,2
technically_dead,38,36,2
more_terrified,38,38,0
quite_interested,38,38,0
too_scientific,37,32,5
personally_present,37,37,0
too_ostentatious,37,32,5
even_high,37,37,0
so_worthy,37,29,8
entirely_shocked,37,36,1
so_benevolent,37,36,1
too_beautiful,37,36,1
more_current,37,31,6
so_pristine,37,36,1
only_silent,37,37,0
really_wet,37,37,0
so_dim,37,37,0
all_free,37,37,0
just_grand,37,37,0
so_proper,37,34,3
entirely_disappointed,37,37,0
perfectly_consistent,37,36,1
just_remarkable,37,37,0
only_sensible,37,37,0
so_yummy,37,36,1
as_zealous,37,36,1
only_relative,37,37,0
clearly_related,37,37,0
entirely_coherent,37,37,0
actually_harmful,37,36,1
entirely_pessimistic,37,37,0
as_suspenseful,37,35,2
particularly_problematic,37,33,4
particularly_crazy,37,36,1
not_worthy,37,37,0
too_heartbroken,37,37,0
too_cramped,37,36,1
very_lovable,37,37,0
more_genuine,37,27,10
too_handy,37,37,0
just_risky,37,37,0
all_glad,37,37,0
even_french,37,37,0
overwhelmingly_popular,37,37,0
emotionally_involved,37,37,0
best_possible,37,36,1
completely_candid,37,37,0
totally_dry,37,36,1
less_satisfying,37,30,7
all_responsible,37,37,0
also_able,37,36,1
obviously_true,37,36,1
necessarily_sustainable,37,37,0
so_volatile,37,36,1
really_accountable,37,37,0
near_ready,37,37,0
radically_new,37,19,18
so_unkind,37,35,2
too_comfy,37,36,1
too_egregious,37,23,14
too_tiny,37,35,2
too_brutal,37,33,4
just_natural,37,37,0
just_long,37,37,0
completely_altruistic,37,37,0
actually_willing,37,36,1
necessarily_famous,37,35,2
very_juicy,37,34,3
even_apparent,37,36,1
even_ours,37,37,0
particularly_worth,37,32,5
less_favourable,37,37,0
wholly_satisfying,37,37,0
especially_eager,37,37,0
even_bigger,37,36,1
more_depressed,37,37,0
not_cool,37,34,3
really_worse,37,36,1
all_tired,37,37,0
particularly_vulnerable,37,37,0
as_sentimental,37,36,1
necessarily_complicated,37,37,0
really_harmful,37,35,2
more_definitive,37,28,9
remotely_concerned,37,37,0
crazy_expensive,37,34,3
really_equal,37,36,1
just_fresh,37,37,0
always_natural,37,37,0
so_unpleasant,37,35,2
really_sex,37,37,0
so_speedy,37,37,0
always_innocent,37,37,0
necessarily_strong,37,37,0
legally_defensible,37,37,0
just_larger,37,37,0
too_famous,37,37,0
too_fair,37,37,0
essentially_wrong,37,4,33
even_scary,37,37,0
so_definite,37,34,3
necessarily_supportive,37,36,1
so_tempting,37,33,4
only_hostile,37,37,0
as_primitive,37,36,1
quite_final,37,36,1
as_plush,37,36,1
more_moderate,37,37,0
overly_distracting,37,35,2
explicitly_christian,37,35,2
merely_possible,37,37,0
yet_conscious,37,37,0
terribly_convenient,37,36,1
terribly_creative,37,33,4
inherently_immoral,37,21,16
really_beautiful,37,36,1
that_arrogant,37,37,0
most_critical,37,37,0
most_satisfying,37,37,0
quite_loud,37,37,0
as_debilitating,37,36,1
so_ok,37,36,1
as_definite,37,34,3
only_greater,37,37,0
highly_technical,37,36,1
highly_unlikely,37,35,2
exactly_favorable,37,37,0
more_prolific,37,30,7
yet_asleep,37,37,0
more_insidious,37,20,17
more_revealing,37,32,5
directly_transferable,37,37,0
as_greedy,37,37,0
potentially_harmful,37,34,3
much_cleaner,37,37,0
currently_capable,37,37,0
exactly_awash,37,37,0
actually_better,37,37,0
morally_good,37,33,4
very_curious,37,37,0
way_better,37,36,1
more_inaccurate,37,36,1
exactly_expensive,37,37,0
only_undemocratic,37,37,0
totally_satisfying,37,36,1
quite_necessary,37,37,0
that_uncomfortable,37,37,0
only_confused,37,37,0
so_naughty,37,37,0
more_skeptical,37,37,0
that_rough,37,37,0
that_rosy,37,37,0
overly_negative,37,37,0
that_robust,37,37,0
as_incongruous,37,37,0
quite_optimal,37,37,0
technically_minded,37,37,0
so_ironic,37,36,1
much_quicker,37,36,1
that_prominent,37,37,0
only_fundamental,37,37,0
very_direct,37,37,0
as_imperative,37,37,0
more_shameful,37,13,24
so_appetizing,37,36,1
that_thrilling,37,37,0
more_paramount,37,34,3
most_egregious,37,35,2
so_fundamental,37,30,7
quite_important,37,37,0
more_jealous,37,37,0
as_elite,37,37,0
terribly_specific,37,34,3
truly_original,37,27,10
truly_open,37,37,0
only_domestic,37,37,0
only_unproductive,37,37,0
as_aromatic,37,37,0
as_arbitrary,37,37,0
extremely_powerful,37,37,0
only_divisive,37,37,0
more_intuitive,37,35,2
ever_fun,37,37,0
as_moderate,37,36,1
all_wonderful,37,37,0
deeply_familiar,37,37,0
so_deaf,37,17,20
only_distinct,37,37,0
that_anxious,37,37,0
merely_enough,37,37,0
exactly_supportive,37,37,0
about_left,37,37,0
as_affective,37,37,0
terribly_old,37,36,1
more_spiritual,37,31,6
ever_present,37,36,1
as_frivolous,37,35,2
very_faithful,37,37,0
so_lame,37,37,0
yet_serious,37,36,1
really_over,37,37,0
exactly_unprecedented,37,37,0
fully_dry,37,37,0
exactly_same,36,36,0
so_taboo,36,36,0
so_stringent,36,36,0
that_unhappy,36,36,0
that_unexpected,36,36,0
much_hard,36,36,0
more_unexpected,36,25,11
as_lovable,36,36,0
all_physical,36,35,1
only_trustworthy,36,36,0
especially_productive,36,36,0
really_functional,36,34,2
more_satisfactory,36,26,10
only_sick,36,36,0
overly_bulky,36,36,0
exactly_user-friendly,36,36,0
so_joyous,36,34,2
particularly_passionate,36,36,0
so_temporary,36,36,0
very_knowledgable,36,36,0
particularly_social,36,35,1
entirely_applicable,36,36,0
very_chatty,36,36,0
exactly_suitable,36,36,0
highly_profitable,36,36,0
quite_flat,36,35,1
so_beloved,36,36,0
exactly_successful,36,36,0
necessarily_accessible,36,36,0
super_powerful,36,36,0
particularly_sad,36,36,0
only_meaningless,36,36,0
exactly_truthful,36,36,0
always_dependent,36,36,0
only_ubiquitous,36,36,0
so_irresponsible,36,36,0
highly_entertaining,36,35,1
highly_efficient,36,35,1
super_bright,36,36,0
super_bad,36,36,0
overly_quick,36,36,0
totally_positive,36,36,0
ever_clear,36,36,0
as_implausible,36,34,2
very_mysterious,36,30,6
always_satisfactory,36,35,1
more_british,36,26,10
necessarily_rich,36,36,0
always_responsive,36,36,0
that_durable,36,36,0
yet_successful,36,36,0
fully_automatic,36,35,1
as_futuristic,36,36,0
that_flattering,36,36,0
only_devoid,36,36,0
as_dissimilar,36,36,0
particularly_brave,36,34,2
consistently_effective,36,36,0
currently_valid,36,36,0
necessarily_higher,36,36,0
entirely_unpredictable,36,36,0
very_strenuous,36,35,1
extremely_strong,36,36,0
extremely_successful,36,36,0
extremely_valuable,36,34,2
so_fluent,36,36,0
always_privy,36,36,0
so_far,36,36,0
that_bizarre,36,35,1
already_perfect,36,36,0
necessarily_ok,36,36,0
so_fastidious,36,34,2
really_cute,36,35,1
as_fanatical,36,36,0
entirely_reassuring,36,36,0
as_fanciful,36,34,2
that_controversial,36,36,0
less_surprised,36,32,4
too_steady,36,25,11
all_friendly,36,36,0
factually_inaccurate,36,33,3
only_private,36,36,0
more_contrasting,36,36,0
only_daunting,36,36,0
particularly_lucrative,36,36,0
legally_married,36,34,2
remotely_believable,36,31,5
more_dependent,36,36,0
directly_aware,36,36,0
more_misguided,36,34,2
so_universal,36,34,2
always_violent,36,36,0
geographically_close,36,36,0
totally_unrelated,36,36,0
so_uniform,36,36,0
as_inflammatory,36,35,1
yet_mandatory,36,36,0
always_crazy,36,36,0
much_active,36,36,0
super_thin,36,36,0
very_approachable,36,36,0
only_worse,36,36,0
legally_old,36,36,0
more_deceptive,36,18,18
noticeably_better,36,36,0
absolutely_beautiful,36,36,0
that_ignorant,36,36,0
as_harrowing,36,33,3
as_hawkish,36,36,0
overly_involved,36,36,0
very_demonstrative,36,36,0
most_scientific,36,36,0
pretty_clear,36,35,1
not_responsible,36,36,0
always_concerned,36,36,0
necessarily_eager,36,36,0
really_evident,36,35,1
entirely_flattering,36,35,1
that_outlandish,36,36,0
readily_able,36,36,0
exactly_quick,36,36,0
commercially_reasonable,36,36,0
incredibly_useful,36,36,0
as_nutty,36,35,1
overly_simplistic,36,36,0
directly_overhead,36,36,0
perfectly_healthy,36,36,0
as_oblivious,36,36,0
immediately_related,36,36,0
naturally_aggressive,36,36,0
even_english,36,36,0
completely_irrational,36,36,0
really_powerful,36,35,1
theoretically_possible,36,36,0
more_assertive,36,34,2
most_costly,36,35,1
merely_cosmetic,36,36,0
more_horrific,36,19,17
very_intrusive,36,35,1
directly_political,36,34,2
exactly_natural,36,36,0
truly_secure,36,36,0
really_stupid,36,35,1
very_graceful,36,36,0
as_preposterous,36,35,1
very_harsh,36,36,0
only_traditional,36,36,0
more_feminine,36,20,16
so_scarce,36,36,0
more_sweet,36,22,14
really_intentional,36,36,0
so_ripe,36,35,1
exactly_fast,36,36,0
very_truthful,36,36,0
even_nice,36,36,0
totally_awesome,36,36,0
only_frightening,36,36,0
really_tall,36,36,0
as_ordinary,36,35,1
overly_sympathetic,36,36,0
always_hot,36,36,0
totally_clean,36,35,1
exactly_big,36,36,0
as_pliable,36,36,0
only_intellectual,36,36,0
only_unwarranted,36,36,0
too_cozy,36,35,1
most_dramatic,36,36,0
just_challenging,36,36,0
so_rapid,36,36,0
so_childish,36,35,1
politically_easy,36,36,0
only_smooth,36,36,0
more_alien,36,31,5
any_taller,36,36,0
even_clever,36,35,1
measurably_different,36,36,0
more_guilty,36,32,4
very_gentle,36,36,0
so_lopsided,36,36,0
quite_relevant,36,36,0
as_nefarious,36,34,2
so_implausible,35,35,0
physically_painful,35,35,0
particularly_critical,35,34,1
so_recognizable,35,35,0
altogether_accurate,35,35,0
even_welcome,35,35,0
overly_explosive,35,35,0
terribly_dangerous,35,34,1
so_nimble,35,35,0
as_skillful,35,35,0
very_verbal,35,34,1
fundamentally_sound,35,34,1
just_creepy,35,34,1
exactly_affordable,35,35,0
exactly_alone,35,35,0
as_sincere,35,34,1
only_chic,35,35,0
so_resilient,35,35,0
quite_sweet,35,35,0
really_sexy,35,32,3
mathematically_impossible,35,34,1
instantly_available,35,35,0
so_indifferent,35,34,1
merely_economic,35,35,0
too_intricate,35,31,4
only_thin,35,35,0
just_vulnerable,35,35,0
that_savvy,35,35,0
so_mundane,35,26,9
really_dramatic,35,16,19
technically_brilliant,35,35,0
intrinsically_valuable,35,30,5
as_relatable,35,35,0
therefore_subject,35,35,0
all_horrible,35,34,1
technically_impossible,35,35,0
technically_inclined,35,35,0
directly_measurable,35,35,0
necessarily_meaningful,35,35,0
particularly_competent,35,35,0
intimately_aware,35,35,0
often_aware,35,35,0
necessarily_natural,35,35,0
ever_afraid,35,35,0
generally_subject,35,35,0
pretty_close,35,35,0
only_delusional,35,35,0
not_perfect,35,35,0
truly_democratic,35,35,0
yet_adequate,35,35,0
necessarily_quick,35,35,0
so_preposterous,35,35,0
morally_bankrupt,35,35,0
yet_robust,35,35,0
too_public,35,35,0
terribly_smart,35,35,0
just_compatible,35,35,0
entirely_worthless,35,35,0
as_secretive,35,35,0
as_glaring,35,34,1
so_exhausted,35,35,0
previously_able,35,35,0
as_secret,35,35,0
less_spectacular,35,32,3
overtly_christian,35,31,4
more_picturesque,35,29,6
only_unknown,35,35,0
very_resilient,35,35,0
insanely_expensive,35,35,0
just_blind,35,35,0
quite_similar,35,32,3
so_acceptable,35,34,1
too_basic,35,35,0
about_nostalgia,35,35,0
all_dangerous,35,35,0
totally_unrealistic,35,35,0
completely_faithful,35,35,0
totally_serious,35,34,1
so_glib,35,35,0
more_crowded,35,35,0
less_talented,35,35,0
so_humorous,35,33,2
only_hurtful,35,35,0
less_deserving,35,35,0
that_inspiring,35,35,0
that_convincing,35,35,0
fully_safe,35,35,0
blindingly_obvious,35,34,1
less_dramatic,35,34,1
so_hospitable,35,35,0
too_blue,35,34,1
absolutely_critical,35,35,0
more_palatable,35,33,2
too_appetizing,35,32,3
quite_satisfactory,35,35,0
always_subtle,35,35,0
really_hurt,35,35,0
more_sorry,35,35,0
n't_cool,35,35,0
too_paranoid,35,34,1
necessarily_qualified,35,35,0
exactly_elegant,35,34,1
more_captivating,35,21,14
overly_soft,35,34,1
super_sharp,35,35,0
only_arbitrary,35,35,0
really_spicy,35,35,0
as_maneuverable,35,35,0
completely_solid,35,35,0
only_late,35,35,0
particularly_stylish,35,33,2
so_spooky,35,33,2
really_knowledgeable,35,35,0
particularly_technical,35,30,5
only_addictive,35,35,0
highly_detailed,35,35,0
only_spectacular,35,35,0
quite_famous,35,34,1
super_sexy,35,32,3
only_fluent,35,35,0
entirely_adequate,35,35,0
really_flat,35,35,0
so_carefree,35,35,0
as_such,35,34,1
highly_functional,35,35,0
as_boisterous,35,32,3
overly_simple,35,34,1
easily_observable,35,34,1
as_ludicrous,35,35,0
even_cute,35,35,0
as_lighthearted,35,34,1
quite_fond,35,35,0
as_repetitive,35,35,0
particularly_rational,35,34,1
so_touchy,35,34,1
significantly_less,35,31,4
even_famous,35,35,0
so_threatening,35,34,1
necessarily_attractive,35,35,0
completely_powerless,35,34,1
as_usable,35,35,0
exactly_transparent,35,35,0
too_generic,35,35,0
especially_pleased,35,35,0
as_joyous,35,31,4
that_supportive,35,35,0
truly_sorry,35,35,0
even_compatible,35,35,0
completely_alien,35,34,1
naturally_inclined,35,35,0
politically_astute,35,35,0
sufficiently_vigilant,35,35,0
grossly_unfair,35,35,0
only_transparent,35,35,0
entirely_baseless,35,35,0
altogether_free,35,35,0
too_inspiring,35,31,4
much_inclined,35,35,0
any_slower,35,35,0
even_applicable,35,35,0
significantly_cheaper,35,35,0
as_insistent,35,33,2
just_mistaken,35,35,0
actually_racist,35,34,1
exactly_prolific,35,35,0
quite_elite,35,35,0
truly_good,35,31,4
only_sleek,35,35,0
too_depressing,35,33,2
as_virulent,35,34,1
yet_detailed,35,35,0
always_likely,35,35,0
very_stimulating,35,35,0
just_terrible,35,35,0
really_large,35,35,0
as_chatty,35,35,0
particularly_engaging,34,33,1
that_frightening,34,34,0
as_punchy,34,33,1
actually_jewish,34,34,0
instantly_apparent,34,34,0
so_bothersome,34,34,0
historically_true,34,34,0
yet_alive,34,34,0
initially_successful,34,34,0
terribly_heavy,34,31,3
immediately_effective,34,34,0
usually_helpful,34,34,0
as_timeless,34,31,3
fully_candid,34,34,0
more_unattractive,34,10,24
very_grateful,34,34,0
fully_conversant,34,34,0
immediately_discernible,34,34,0
all_effective,34,34,0
more_ubiquitous,34,27,7
excessively_long,34,34,0
necessarily_satisfied,34,34,0
necessarily_proof,34,33,1
ever_interested,34,34,0
so_democratic,34,33,1
as_artistic,34,34,0
entirely_reliant,34,34,0
really_naked,34,34,0
more_irrelevant,34,30,4
as_transformative,34,33,1
truly_black,34,34,0
just_older,34,34,0
hugely_significant,34,30,4
still_good,34,34,0
truly_special,34,14,20
very_firm,34,34,0
exactly_relevant,34,34,0
particularly_conservative,34,29,5
that_affordable,34,34,0
just_mobile,34,34,0
just_average,34,30,4
so_clumsy,34,34,0
as_fraught,34,33,1
financially_sound,34,34,0
more_physical,34,28,6
exactly_terrible,34,34,0
only_ludicrous,34,34,0
immediately_adjacent,34,34,0
so_cuddly,34,34,0
too_available,34,33,1
that_drastic,34,34,0
too_dim,34,33,1
only_quiet,34,34,0
very_tired,34,33,1
instantly_recognisable,34,34,0
only_loyal,34,34,0
as_quaint,34,33,1
truly_competitive,34,34,0
entirely_selfish,34,34,0
more_functional,34,30,4
super_complex,34,31,3
so_disappointing,34,25,9
scientifically_sound,34,34,0
absolutely_amazing,34,34,0
as_crass,34,31,3
as_impenetrable,34,34,0
quite_compatible,34,34,0
all_accurate,34,34,0
highly_accurate,34,34,0
more_hurtful,34,19,15
as_striking,34,32,2
remotely_credible,34,34,0
as_conventional,34,34,0
only_generous,34,34,0
as_poisonous,34,34,0
more_suspicious,34,30,4
as_organized,34,34,0
remotely_relevant,34,33,1
quite_beautiful,34,34,0
exactly_analogous,34,34,0
more_drastic,34,17,17
especially_appealing,34,33,1
too_massive,34,31,3
just_smaller,34,34,0
more_daring,34,23,11
just_gross,34,34,0
legally_drunk,34,34,0
readily_observable,34,34,0
very_adaptable,34,34,0
actually_qualified,34,34,0
incredibly_fun,34,34,0
only_english,34,34,0
wholly_sure,34,34,0
especially_familiar,34,34,0
very_afraid,34,34,0
very_ill,34,33,1
even_italian,34,34,0
substantially_related,34,34,0
substantially_higher,34,34,0
very_assertive,34,33,1
as_pertinent,34,34,0
so_cordial,34,32,2
technically_free,34,34,0
very_anxious,34,32,2
too_conscious,34,34,0
super_sure,34,34,0
super_strict,34,34,0
technically_new,34,29,5
more_lucky,34,34,0
pretty_bad,34,34,0
as_porous,34,34,0
exactly_afraid,34,34,0
as_devout,34,34,0
less_fascinating,34,28,6
super_nice,34,33,1
as_deserving,34,34,0
that_hilarious,34,34,0
no_worse,34,30,4
quite_positive,34,34,0
more_innovative,34,29,5
always_specific,34,34,0
otherwise_qualified,34,31,3
more_therapeutic,34,7,27
less_busy,34,33,1
ever_straightforward,34,34,0
necessarily_young,34,33,1
less_human,34,33,1
too_giddy,34,34,0
necessarily_unsafe,34,34,0
actually_easy,34,34,0
particularly_explosive,34,34,0
truly_concerned,34,34,0
necessarily_transferable,34,34,0
fully_predictable,34,34,0
as_brazen,34,34,0
as_obscure,34,34,0
that_influential,34,34,0
that_unreasonable,34,34,0
more_informative,34,30,4
that_vital,34,34,0
just_corrupt,34,34,0
more_humbled,34,34,0
always_tangible,34,34,0
less_controversial,34,33,1
that_lazy,34,34,0
as_supple,34,34,0
particularly_heroic,34,28,6
terribly_dramatic,34,28,6
too_cruel,34,31,3
as_yellow,34,34,0
perfectly_legal,34,34,0
as_off-putting,34,33,1
more_resilient,34,33,1
readily_discernible,34,34,0
thoroughly_familiar,34,34,0
just_romantic,34,34,0
actively_aware,34,34,0
so_amenable,34,34,0
only_unavoidable,34,34,0
too_unfamiliar,34,33,1
overly_wordy,34,34,0
classically_beautiful,34,34,0
dramatically_better,34,34,0
n't_smart,34,34,0
really_affordable,34,34,0
only_simplistic,34,34,0
necessarily_interchangeable,34,34,0
so_energetic,34,34,0
only_thoughtful,34,34,0
simply_concerned,34,34,0
all_popular,34,34,0
so_festive,34,33,1
necessarily_guilty,34,34,0
mentally_present,34,34,0
entirely_inconceivable,34,34,0
necessarily_keen,34,34,0
totally_oblivious,34,34,0
so_reasonable,34,33,1
entirely_likable,34,34,0
so_invisible,34,34,0
long_dead,34,34,0
only_violent,34,34,0
always_fond,34,34,0
so_pushy,34,34,0
so_wicked,34,32,2
always_interchangeable,34,33,1
most_social,34,34,0
too_welcoming,34,31,3
slightly_close,34,2,32
totally_disappointed,34,34,0
more_brilliant,34,26,8
all_surprising,34,34,0
simply_amazing,34,34,0
only_selfish,34,34,0
only_unpopular,34,34,0
much_surprising,34,31,3
directly_compatible,34,34,0
overly_feminine,34,33,1
all_rich,34,33,1
all_willing,34,34,0
completely_rational,34,34,0
so_sleepy,34,33,1
so_blessed,34,33,1
logically_possible,34,33,1
completely_over,34,33,1
so_innocuous,34,32,2
completely_good,34,34,0
only_revolutionary,34,34,0
totally_unprecedented,34,34,0
so_picturesque,34,34,0
longer_necessary,34,34,0
most_deserving,34,33,1
always_uniform,33,33,0
always_spectacular,33,33,0
as_truthful,33,33,0
just_guilty,33,33,0
more_dear,33,22,11
really_desirable,33,32,1
too_lenient,33,33,0
quite_extinct,33,33,0
as_demonstrative,33,32,1
as_embarrassed,33,33,0
particularly_wide,33,33,0
really_young,33,33,0
absolutely_vital,33,33,0
only_russian,33,33,0
immediately_fatal,33,32,1
fully_convertible,33,33,0
actually_guilty,33,32,1
as_frightened,33,33,0
actually_right,33,33,0
meaningfully_different,33,33,0
immediately_interested,33,33,0
as_beholden,33,33,0
exceptionally_fast,33,33,0
overly_original,33,25,8
overly_deep,33,31,2
as_apocalyptic,33,33,0
just_unhappy,33,33,0
sexually_interested,33,33,0
as_averse,33,33,0
constantly_worried,33,33,0
very_considerate,33,33,0
really_wild,33,31,2
yet_real,33,33,0
as_irrelevant,33,31,2
purely_good,33,33,0
more_ethical,33,32,1
very_straight,33,33,0
as_revelatory,33,30,3
merely_different,33,33,0
exactly_straight,33,33,0
more_fearful,33,24,9
overtly_sexy,33,30,3
only_constitutional,33,33,0
so_divisive,33,31,2
only_dumb,33,33,0
only_dry,33,33,0
very_commercial,33,33,0
so_scientific,33,29,4
that_harmful,33,33,0
more_diligent,33,32,1
only_kind,33,33,0
as_terrified,33,33,0
quite_young,33,33,0
deeply_religious,33,32,1
too_juicy,33,28,5
consistently_successful,33,33,0
too_mean,33,32,1
more_pronounced,33,32,1
only_outstanding,33,33,0
only_keen,33,33,0
so_virtuous,33,32,1
so_social,33,32,1
completely_relevant,33,33,0
as_taut,33,33,0
terribly_noticeable,33,33,0
personally_rewarding,33,29,4
that_evident,33,33,0
really_negative,33,24,9
as_descriptive,33,32,1
especially_complicated,33,31,2
even_competent,33,33,0
more_user-friendly,33,32,1
really_stable,33,31,2
absolutely_delicious,33,33,0
exactly_strong,33,33,0
so_logical,33,32,1
so_startling,33,33,0
very_affectionate,33,33,0
just_christian,33,33,0
extremely_cold,33,33,0
ever_final,33,31,2
exactly_private,33,33,0
extremely_serious,33,30,3
totally_black,33,33,0
fully_american,33,33,0
really_anonymous,33,33,0
quite_apparent,33,33,0
as_surreal,33,32,1
distantly_related,33,33,0
totally_normal,33,33,0
highly_productive,33,33,0
so_fraught,33,32,1
truly_anonymous,33,33,0
only_manageable,33,33,0
as_exuberant,33,31,2
just_refreshing,33,33,0
necessarily_organic,33,33,0
very_heroic,33,30,3
always_cost-effective,33,33,0
most_technical,33,33,0
so_reputable,33,33,0
technically_sound,33,33,0
generally_necessary,33,33,0
only_external,33,33,0
so_catchy,33,31,2
very_shiny,33,33,0
as_pink,33,33,0
therefore_susceptible,33,33,0
really_fat,33,33,0
that_plentiful,33,33,0
only_unsupported,33,33,0
as_convoluted,33,33,0
as_pivotal,33,32,1
currently_visible,33,33,0
as_upsetting,33,32,1
excessively_hot,33,32,1
only_appalling,33,33,0
as_chic,33,32,1
extremely_fast,33,33,0
socially_active,33,33,0
so_dynamic,33,33,0
necessarily_old,33,33,0
too_fierce,33,31,2
fully_convincing,33,33,0
most_handsome,33,33,0
aesthetically_beautiful,33,33,0
more_unfair,33,29,4
already_pregnant,33,33,0
less_critical,33,33,0
too_green,33,32,1
overly_muscular,33,33,0
incredibly_huge,33,33,0
as_concise,33,32,1
as_conscientious,33,33,0
necessarily_lower,33,33,0
only_misguided,33,33,0
actually_blue,33,33,0
extremely_durable,33,33,0
necessarily_logical,33,33,0
visually_exciting,33,31,2
most_trustworthy,33,33,0
particularly_representative,33,33,0
as_considerable,33,33,0
as_indicative,33,32,1
as_visual,33,33,0
most_luxurious,33,33,0
more_beloved,33,15,18
overly_sticky,33,33,0
most_traditional,33,33,0
as_militant,33,33,0
only_incompatible,33,33,0
more_trustworthy,33,26,7
very_extraordinary,33,23,10
really_compelling,33,24,9
very_civil,33,33,0
too_impatient,33,33,0
more_rare,33,24,9
more_maddening,33,12,21
much_successful,33,33,0
really_supportive,33,33,0
even_political,33,33,0
more_clever,33,30,3
very_eventful,33,29,4
so_dogmatic,33,33,0
so_melodramatic,33,29,4
financially_prudent,33,33,0
quite_bold,33,33,0
as_fearless,33,33,0
that_dark,33,33,0
even_native,33,33,0
as_culpable,33,33,0
especially_kind,33,33,0
otherwise_accessible,33,33,0
any_hotter,33,33,0
always_flashy,33,33,0
usually_effective,33,33,0
even_official,33,33,0
only_artistic,33,33,0
much_visible,33,33,0
not_present,33,33,0
so_easier,33,33,0
more_doubtful,33,26,7
as_cluttered,33,33,0
very_vulnerable,33,33,0
necessarily_imminent,33,33,0
always_red,33,33,0
exactly_robust,33,32,1
that_sturdy,33,33,0
very_thrilling,33,31,2
explicitly_clear,33,33,0
most_fashionable,33,33,0
really_depressed,33,33,0
very_applicable,33,33,0
necessarily_scary,33,32,1
only_captivating,33,33,0
most_generous,33,32,1
particularly_persuasive,33,32,1
just_obvious,33,33,0
particularly_adventurous,32,29,3
absolutely_confident,32,31,1
n't_right,32,32,0
criminally_negligent,32,28,4
overly_promotional,32,32,0
so_legal,32,32,0
legally_sufficient,32,32,0
fully_developed,32,32,0
overly_productive,32,31,1
as_sparkly,32,32,0
especially_sympathetic,32,31,1
academically_qualified,32,32,0
too_neat,32,31,1
even_large,32,32,0
exactly_smart,32,32,0
that_gullible,32,32,0
more_joyous,32,14,18
exactly_slow,32,32,0
remotely_scary,32,22,10
as_smelly,32,32,0
not_smart,32,32,0
overly_descriptive,32,32,0
more_palpable,32,31,1
so_responsive,32,32,0
only_thorough,32,32,0
so_appreciative,32,32,0
particularly_threatening,32,28,4
most_favorable,32,32,0
just_sure,32,32,0
just_surprising,32,32,0
just_sustainable,32,32,0
really_smooth,32,32,0
altogether_shocking,32,32,0
too_upsetting,32,27,5
too_exhausted,32,31,1
truly_hungry,32,32,0
too_insane,32,26,6
very_muscular,32,32,0
just_odd,32,31,1
more_attainable,32,32,0
just_unconstitutional,32,32,0
just_notable,32,31,1
only_baseless,32,32,0
too_vigorous,32,28,4
that_thin,32,31,1
as_unrealistic,32,32,0
just_subject,32,32,0
especially_powerful,32,31,1
so_superior,32,32,0
just_safer,32,32,0
generally_useful,32,32,0
only_short-sighted,32,32,0
that_problematic,32,32,0
so_thoughtful,32,32,0
only_unfamiliar,32,32,0
really_optimistic,32,32,0
particularly_shocked,32,32,0
truly_healthy,32,32,0
overly_noticeable,32,30,2
that_selfish,32,32,0
particularly_progressive,32,30,2
so_distinctive,32,30,2
grossly_disproportionate,32,31,1
more_enduring,32,25,7
most_auspicious,32,32,0
that_overwhelming,32,32,0
particularly_uplifting,32,29,3
completely_unprecedented,32,32,0
historically_inaccurate,32,30,2
only_invaluable,32,32,0
as_defensive,32,32,0
more_desperate,32,26,6
only_spacious,32,32,0
too_curious,32,30,2
most_professional,32,32,0
so_unpopular,32,31,1
too_liquid,32,32,0
only_invisible,32,32,0
only_breathtaking,32,32,0
just_memorable,32,32,0
necessarily_definitive,32,32,0
only_overwhelming,32,32,0
remotely_competitive,32,31,1
entirely_fanciful,32,32,0
remotely_controversial,32,23,9
so_sincere,32,32,0
remotely_fair,32,30,2
overly_preachy,32,32,0
just_incompetent,32,32,0
highly_relevant,32,32,0
very_notable,32,30,2
even_due,32,32,0
especially_heavy,32,32,0
even_clean,32,32,0
most_robust,32,32,0
just_weak,32,32,0
very_sentimental,32,29,3
often_necessary,32,32,0
only_younger,32,32,0
as_tiring,32,32,0
just_knowledgeable,32,32,0
very_admirable,32,32,0
more_limited,32,20,12
necessarily_convenient,32,32,0
completely_bare,32,31,1
much_complicated,32,32,0
just_intellectual,32,32,0
completely_better,32,32,0
that_intrusive,32,32,0
really_revolutionary,32,19,13
bit_surprised,32,32,0
only_conscious,32,32,0
sufficiently_stringent,32,32,0
as_annoyed,32,32,0
really_innovative,32,23,9
entirely_plausible,32,32,0
quite_stable,32,32,0
so_vulgar,32,21,11
always_romantic,32,32,0
so_forthright,32,32,0
so_comprehensive,32,29,3
n't_beautiful,32,32,0
just_chinese,32,32,0
so_general,32,32,0
as_orderly,32,32,0
exactly_fashionable,32,32,0
only_subjective,32,32,0
really_pertinent,32,32,0
so_cliche,32,31,1
always_sensible,32,32,0
still_interested,32,32,0
more_good,32,26,6
more_vicious,32,16,16
so_peachy,32,32,0
more_contentious,32,27,5
fiscally_sustainable,32,32,0
just_competent,32,31,1
only_flattering,32,32,0
this_excited,32,32,0
as_racy,32,32,0
most_conventional,32,32,0
more_prestigious,32,21,11
even_wet,32,32,0
particularly_credible,32,32,0
fiscally_prudent,32,32,0
completely_harmless,32,32,0
mathematically_safe,32,32,0
so_loving,32,32,0
as_restful,32,32,0
as_rocky,32,32,0
exactly_compatible,32,32,0
really_anxious,32,32,0
as_fragrant,32,32,0
entirely_interested,32,32,0
very_festive,32,32,0
consistently_great,32,31,1
terribly_satisfying,32,32,0
so_notable,32,32,0
always_bright,32,32,0
as_evocative,32,31,1
equally_accessible,32,32,0
always_sexual,32,32,0
less_strong,32,25,7
entirely_optimistic,32,32,0
too_reassuring,32,27,5
very_essential,32,32,0
too_stingy,32,32,0
overly_hungry,32,32,0
particularly_devout,32,31,1
as_shaky,32,32,0
so_fatal,32,27,5
self_conscious,32,32,0
somehow_related,32,32,0
exactly_ecstatic,32,32,0
only_representative,32,32,0
as_refined,32,32,0
even_shocked,32,32,0
mentally_sharp,32,31,1
very_outspoken,32,32,0
necessarily_terrible,32,32,0
n't_easy,32,32,0
particularly_appropriate,32,31,1
as_sensible,32,31,1
actually_different,32,26,6
more_humble,32,27,5
exactly_rich,32,31,1
necessarily_fast,32,32,0
more_hazardous,32,28,4
very_exact,32,32,0
exactly_illegal,32,30,2
necessarily_loyal,32,32,0
yet_wise,32,32,0
really_shy,32,32,0
only_unjustified,32,32,0
exactly_able,32,32,0
more_social,32,30,2
most_honest,32,32,0
too_hilly,31,30,1
just_wasteful,31,31,0
so_endearing,31,31,0
more_provocative,31,22,9
too_descriptive,31,29,2
particularly_prominent,31,31,0
necessarily_interesting,31,30,1
always_instantaneous,31,31,0
statistically_meaningful,31,31,0
especially_different,31,27,4
most_realistic,31,31,0
truly_voluntary,31,31,0
completely_avoidable,31,31,0
particularly_enamored,31,31,0
that_simplistic,31,31,0
just_smarter,31,31,0
so_genuine,31,30,1
always_fresh,31,31,0
completely_idle,31,30,1
too_devastating,31,27,4
only_advisable,31,31,0
that_careful,31,31,0
too_forgiving,31,30,1
physically_sick,31,31,0
necessarily_poor,31,30,1
only_laughable,31,31,0
exactly_much,31,31,0
quite_proper,31,30,1
totally_evil,31,31,0
always_decisive,31,31,0
more_stimulating,31,12,19
too_spooky,31,26,5
real_exciting,31,23,8
necessarily_hostile,31,31,0
particularly_dark,31,29,2
just_spiritual,31,31,0
initially_apparent,31,31,0
as_feminine,31,30,1
so_intriguing,31,24,7
only_gross,31,31,0
mechanically_minded,31,31,0
inherently_unhealthy,31,21,10
so_intimate,31,26,5
super_technical,31,28,3
terribly_clever,31,28,3
necessarily_proportional,31,31,0
ethically_acceptable,31,31,0
truly_unique,31,15,16
just_tragic,31,31,0
really_fresh,31,25,6
more_enthused,31,31,0
only_loud,31,29,2
particularly_pleasing,31,28,3
so_mighty,31,31,0
especially_pleasant,31,31,0
just_technological,31,31,0
plain_stupid,31,31,0
only_tired,31,31,0
especially_nice,31,31,0
that_suitable,31,31,0
overly_offensive,31,23,8
entirely_alien,31,31,0
only_technological,31,31,0
too_selfish,31,31,0
that_conscious,31,31,0
too_ill,31,29,2
overly_bad,31,27,4
too_valuable,31,26,5
so_palatable,31,30,1
only_abundant,31,31,0
downright_scary,31,30,1
as_rabid,31,31,0
as_celebrated,31,31,0
particularly_mobile,31,31,0
morally_defensible,31,31,0
completely_arbitrary,31,31,0
actually_familiar,31,30,1
still_possible,31,31,0
as_honorable,31,31,0
really_authentic,31,30,1
only_synonymous,31,31,0
just_male,31,31,0
exactly_low,31,31,0
particularly_nervous,31,31,0
yet_critical,31,31,0
exceptionally_large,31,31,0
always_sad,31,30,1
exactly_likely,31,31,0
only_genuine,31,31,0
as_accomplished,31,31,0
that_messy,31,31,0
that_desirable,31,31,0
ever_safe,31,30,1
particularly_nutritious,31,31,0
inherently_difficult,31,19,12
necessarily_shocking,31,31,0
actually_eligible,31,31,0
so_obnoxious,31,30,1
economically_practical,31,31,0
even_edible,31,31,0
as_whimsical,31,31,0
entirely_proud,31,31,0
as_salacious,31,28,3
really_central,31,31,0
all_unhappy,31,31,0
super_convenient,31,31,0
too_pale,31,30,1
not_real,31,30,1
really_newsworthy,31,28,3
so_accidental,31,31,0
most_healthy,31,31,0
exactly_real,31,31,0
perfectly_spherical,31,31,0
all_conducive,31,31,0
merely_financial,31,31,0
entirely_fond,31,31,0
especially_accurate,31,31,0
too_complimentary,31,25,6
as_self-evident,31,31,0
more_appetizing,31,19,12
as_stingy,31,31,0
politically_sustainable,31,31,0
n't_amazing,31,30,1
so_gross,31,29,2
too_pleasing,31,23,8
very_sporty,31,31,0
terribly_obvious,31,29,2
technically_competent,31,31,0
always_normal,31,31,0
quite_accustomed,31,31,0
totally_worthless,31,31,0
yet_firm,31,31,0
very_masculine,31,30,1
all_beautiful,31,31,0
as_consequential,31,31,0
so_possible,31,31,0
exactly_sad,31,31,0
really_dirty,31,30,1
especially_tall,31,31,0
too_brilliant,31,24,7
less_violent,31,27,4
more_crazy,31,24,7
even_satisfied,31,31,0
quite_surprising,31,30,1
totally_consistent,31,31,0
just_dirty,31,31,0
overly_pushy,31,31,0
so_harmonious,31,31,0
incredibly_effective,31,31,0
just_drunk,31,31,0
that_forgiving,31,31,0
overly_strenuous,31,29,2
entirely_full,31,31,0
super_clean,31,31,0
as_geeky,31,30,1
just_confusing,31,31,0
exactly_dominant,31,31,0
very_pricey,31,31,0
just_equal,31,31,0
more_forthright,31,31,0
as_austere,31,31,0
less_enjoyable,31,30,1
not_new,31,27,4
not_nice,31,29,2
completely_overwhelming,31,30,1
just_external,31,31,0
super_competitive,31,30,1
very_superstitious,31,30,1
so_hip,31,31,0
necessarily_noticeable,31,31,0
seriously_concerned,31,31,0
too_skilled,31,30,1
more_gorgeous,31,21,10
very_poetic,31,30,1
particularly_fashionable,31,30,1
so_horrifying,31,28,3
economically_capable,31,31,0
very_scenic,31,31,0
environmentally_sensitive,31,31,0
technically_sophisticated,31,29,2
necessarily_deep,31,31,0
more_ashamed,31,31,0
necessarily_white,31,31,0
specifically_wrong,31,5,26
more_seductive,31,20,11
as_heartless,31,31,0
too_absurd,31,27,4
so_innovative,31,31,0
as_neutral,31,31,0
necessarily_unexpected,31,31,0
as_tart,31,30,1
only_redundant,31,31,0
entirely_averse,31,31,0
so_sloppy,31,31,0
only_thankful,31,31,0
that_worthy,31,31,0
yet_healthy,31,30,1
very_insightful,31,29,2
relatively_inexpensive,31,31,0
freely_convertible,31,31,0
relatively_new,31,29,2
only_weird,31,31,0
too_supportive,31,27,4
sufficiently_responsive,31,31,0
economically_competitive,31,31,0
actually_impossible,31,30,1
utterly_ridiculous,31,30,1
exactly_uplifting,31,31,0
really_committed,31,30,1
sufficiently_rigorous,31,31,0
just_regional,31,31,0
more_scientific,31,22,9
too_alarmed,31,30,1
exactly_plentiful,31,31,0
especially_clever,31,30,1
only_monetary,31,31,0
as_excessive,31,31,0
so_honorable,31,31,0
as_reticent,31,31,0
really_low,31,31,0
as_risque,31,31,0
always_agreeable,30,30,0
exactly_flush,30,30,0
sufficiently_active,30,30,0
more_recognizable,30,22,8
really_mature,30,30,0
that_romantic,30,30,0
always_equivalent,30,30,0
nearly_worth,30,30,0
only_amusing,30,30,0
much_pleased,30,30,0
so_needy,30,30,0
more_endearing,30,20,10
so_neutral,30,30,0
more_enchanting,30,19,11
totally_silent,30,30,0
only_comfy,30,30,0
quite_opaque,30,30,0
as_vulgar,30,29,1
as_paranoid,30,30,0
physically_tough,30,30,0
really_reasonable,30,30,0
completely_unwarranted,30,30,0
exactly_feasible,30,30,0
sufficiently_available,30,30,0
always_critical,30,30,0
very_wonderful,30,26,4
much_special,30,19,11
only_terrifying,30,30,0
so_catastrophic,30,27,3
as_indispensable,30,30,0
very_showy,30,30,0
so_infuriating,30,30,0
exactly_complex,30,29,1
very_tasteful,30,29,1
too_gay,30,28,2
really_achievable,30,30,0
physically_mature,30,30,0
super_long,30,30,0
even_involved,30,30,0
even_intentional,30,30,0
so_seamless,30,30,0
up_close,30,29,1
more_feasible,30,30,0
more_favourable,30,30,0
ever_acceptable,30,30,0
politically_wise,30,30,0
only_humane,30,30,0
then_available,30,29,1
completely_comparable,30,30,0
totally_awful,30,29,1
all_warm,30,30,0
perfectly_normal,30,30,0
even_guilty,30,30,0
merely_descriptive,30,30,0
as_alive,30,30,0
so_philosophical,30,28,2
only_intuitive,30,30,0
as_needy,30,30,0
as_blissful,30,30,0
exactly_optimal,30,30,0
really_proper,30,29,1
directly_interested,30,30,0
as_airtight,30,30,0
just_empty,30,29,1
easily_reversible,30,30,0
even_representative,30,30,0
only_troubling,30,30,0
only_courteous,30,30,0
so_lengthy,30,30,0
as_approachable,30,30,0
completely_shocking,30,30,0
quite_thick,30,30,0
as_sloppy,30,29,1
so_arbitrary,30,29,1
completely_flawless,30,30,0
more_alike,30,30,0
really_aggressive,30,30,0
super_comfy,30,30,0
willfully_blind,30,30,0
more_fierce,30,27,3
already_underway,30,30,0
super_creative,30,30,0
very_grand,30,25,5
n't_clear,30,30,0
n't_bad,30,30,0
overly_rigid,30,30,0
only_involved,30,30,0
so_courageous,30,30,0
yet_competitive,30,30,0
even_acceptable,30,30,0
instantly_obvious,30,30,0
instantly_clear,30,30,0
so_outstanding,30,29,1
any_richer,30,30,0
so_outraged,30,30,0
sufficiently_interesting,30,28,2
strictly_autobiographical,30,27,3
as_irrational,30,29,1
physically_harmful,30,30,0
super_stylish,30,30,0
too_efficient,30,29,1
so_palpable,30,30,0
completely_absurd,30,30,0
completely_quiet,30,30,0
super_successful,30,30,0
most_dynamic,30,30,0
that_sympathetic,30,30,0
inherently_special,30,6,24
so_one-dimensional,30,29,1
just_plain,30,26,4
so_beholden,30,30,0
really_irish,30,29,1
really_mandatory,30,30,0
completely_authentic,30,30,0
more_fabulous,30,21,9
too_desperate,30,30,0
only_vast,30,30,0
sufficiently_powerful,30,28,2
so_enamoured,30,30,0
always_amazing,30,30,0
more_resistant,30,29,1
so_sour,30,28,2
as_terrific,30,29,1
physically_dangerous,30,30,0
just_inspiring,30,30,0
statistically_representative,30,30,0
very_fine,30,29,1
always_instant,30,30,0
as_breezy,30,30,0
much_colder,30,30,0
very_invasive,30,30,0
as_reactive,30,30,0
more_astonished,30,30,0
as_legendary,30,30,0
completely_illegal,30,30,0
intellectually_stimulating,30,28,2
so_chilly,30,30,0
still_important,30,30,0
all_worth,30,30,0
very_unlikely,30,30,0
so_vicious,30,30,0
less_urgent,30,28,2
more_chilling,30,15,15
more_divergent,30,30,0
so_fruitful,30,29,1
automatically_bad,30,30,0
that_noteworthy,30,30,0
so_heartless,30,30,0
less_challenging,30,30,0
not_proud,30,30,0
fairly_easy,30,30,0
totally_truthful,30,29,1
not_welcome,30,30,0
properly_available,30,30,0
altogether_convincing,30,30,0
most_perfect,30,30,0
particularly_christian,30,21,9
solely_interested,30,30,0
only_prone,30,30,0
very_prudent,30,30,0
only_wealthy,30,30,0
overly_huge,30,30,0
generally_good,30,30,0
most_authentic,30,29,1
just_soft,30,30,0
less_daunting,30,29,1
most_amazing,30,30,0
really_official,30,29,1
so_exquisite,30,15,15
more_calming,30,10,20
more_unjust,30,26,4
so_generic,30,29,1
necessarily_evident,30,30,0
as_discreet,30,30,0
terribly_religious,30,30,0
entirely_fictional,30,30,0
only_public,30,30,0
only_obsolete,30,30,0
clinically_meaningful,30,30,0
so_humid,30,30,0
entirely_risk-free,30,30,0
very_absorbent,30,30,0
that_creepy,30,30,0
particularly_light,30,30,0
over_complicated,30,30,0
unusually_large,30,29,1
as_fantastical,30,28,2
more_disgusted,30,30,0
too_selective,30,30,0
fully_truthful,30,30,0
as_hip,30,30,0
as_fast-paced,30,30,0
so_idealistic,30,28,2
entirely_silent,30,30,0
so_disrespectful,30,30,0
just_unfortunate,30,27,3
too_sacred,30,24,6
that_impossible,30,30,0
really_wise,30,30,0
especially_cheap,30,30,0
that_loyal,30,30,0
as_few,30,28,2
more_definite,30,16,14
so_unfair,30,30,0
as_homogenous,30,30,0
often_true,30,30,0
really_drunk,30,30,0
always_mutual,30,30,0
entirely_distinct,30,30,0
particularly_mysterious,30,16,14
too_intensive,30,25,5
particularly_appetizing,30,29,1
especially_excited,30,30,0
entirely_identical,30,30,0
that_extensive,30,30,0
always_believable,30,30,0
entirely_harmless,30,29,1
more_vigilant,30,29,1
too_spacious,30,30,0
too_posh,30,29,1
over_priced,30,30,0
necessarily_financial,30,30,0
currently_online,30,30,0
too_unhealthy,30,29,1
entirely_ignorant,30,30,0
so_inevitable,30,29,1
as_dysfunctional,30,30,0
entirely_helpless,30,30,0
more_characteristic,30,26,4
particularly_artistic,30,26,4
all_present,30,30,0
usually_prone,30,30,0
less_great,30,28,2
yet_obsolete,30,30,0
only_delightful,30,30,0
always_overt,30,29,1
most_unique,30,30,0
more_pressing,30,19,11
so_exhilarating,30,23,7
about_ready,30,30,0
always_awesome,30,30,0
too_private,30,28,2
generally_suitable,30,30,0
that_fascinating,29,29,0
more_courageous,29,22,7
so_horrific,29,27,2
totally_unknown,29,29,0
too_lofty,29,27,2
even_uncommon,29,28,1
really_awesome,29,26,3
even_great,29,29,0
as_succinct,29,27,2
remotely_aware,29,28,1
perfectly_rational,29,29,0
that_delicious,29,29,0
really_awful,29,21,8
particularly_advanced,29,27,2
most_engaging,29,29,0
as_obedient,29,29,0
exactly_unbiased,29,28,1
hugely_profitable,29,29,0
super_hungry,29,28,1
politically_advantageous,29,28,1
very_stretchy,29,29,0
very_resistant,29,29,0
more_holy,29,22,7
most_extreme,29,29,0
sufficiently_good,29,29,0
too_corny,29,26,3
more_inspirational,29,19,10
sexually_compatible,29,29,0
as_docile,29,29,0
less_funny,29,22,7
too_profitable,29,27,2
physically_available,29,29,0
actually_fun,29,28,1
so_equal,29,29,0
as_reputable,29,29,0
more_admirable,29,17,12
as_dedicated,29,29,0
completely_linear,29,29,0
less_impressed,29,28,1
especially_efficient,29,29,0
just_internal,29,29,0
as_pressing,29,29,0
as_fatigued,29,29,0
ever_close,29,29,0
sufficiently_secure,29,29,0
really_asleep,29,29,0
just_irrelevant,29,29,0
equally_applicable,29,29,0
really_scientific,29,26,3
wholly_inaccurate,29,29,0
just_accurate,29,29,0
else_better,29,0,29
more_gentle,29,27,2
exactly_worthy,29,29,0
just_impressed,29,29,0
particularly_accessible,29,29,0
uniquely_human,29,26,3
so_slim,29,29,0
so_slippery,29,27,2
completely_pure,29,29,0
extremely_huge,29,28,1
as_amused,29,29,0
sufficiently_flexible,29,29,0
yet_human,29,29,0
inherently_sinful,29,24,5
as_tangy,29,29,0
physically_intimidating,29,29,0
legally_actionable,29,28,1
terribly_innovative,29,22,7
inherently_right,29,21,8
yet_hot,29,29,0
only_japanese,29,29,0
especially_adept,29,29,0
only_precious,29,29,0
real_complicated,29,28,1
really_sincere,29,29,0
so_grumpy,29,29,0
traditionally_beautiful,29,27,2
necessarily_sympathetic,29,27,2
as_adverse,29,29,0
only_cozy,29,29,0
politically_powerful,29,28,1
just_domestic,29,29,0
only_incomplete,29,29,0
necessarily_happier,29,29,0
immediately_easy,29,29,0
too_mysterious,29,22,7
most_conservative,29,29,0
just_durable,29,29,0
as_astounding,29,29,0
emotionally_satisfying,29,29,0
just_educational,29,29,0
directly_adjacent,29,29,0
even_rich,29,29,0
very_timely,29,29,0
always_active,29,29,0
overly_demonstrative,29,29,0
too_taboo,29,29,0
politically_minded,29,29,0
completely_far-fetched,29,29,0
just_conservative,29,29,0
less_entertaining,29,23,6
as_giddy,29,29,0
as_selfless,29,29,0
exactly_revelatory,29,27,2
particularly_harsh,29,28,1
extremely_professional,29,29,0
only_strategic,29,29,0
very_volatile,29,29,0
too_brave,29,29,0
already_illegal,29,29,0
conventionally_handsome,29,29,0
so_related,29,29,0
so_admirable,29,28,1
as_self-conscious,29,29,0
as_sneaky,29,28,1
totally_false,29,28,1
much_excited,29,29,0
ever_more,29,28,1
not_qualified,29,29,0
extremely_complex,29,27,2
only_dramatic,29,29,0
so_averse,29,29,0
too_comforting,29,27,2
as_admirable,29,29,0
politically_smart,29,29,0
necessarily_efficient,29,29,0
even_lower,29,29,0
exactly_old,29,29,0
so_hidden,29,26,3
as_malicious,29,29,0
as_balanced,29,29,0
overly_hoppy,29,29,0
particularly_durable,29,29,0
previously_subject,29,29,0
very_dignified,29,29,0
overly_sharp,29,29,0
all_suitable,29,29,0
more_antithetical,29,23,6
as_nerdy,29,28,1
remotely_worth,29,28,1
so_merciful,29,28,1
bitterly_cold,29,29,0
super_cold,29,29,0
fully_erect,29,29,0
just_european,29,29,0
more_comprehensive,29,29,0
completely_disappointed,29,29,0
less_profound,29,28,1
exactly_pure,29,26,3
necessarily_stronger,29,29,0
fully_evident,29,29,0
terribly_sexy,29,26,3
only_brutal,29,29,0
too_motivated,29,29,0
previously_present,29,29,0
still_mad,29,29,0
only_due,29,29,0
as_masterful,29,29,0
necessarily_human,29,29,0
entirely_over,29,28,1
entirely_awful,29,29,0
truly_possible,29,29,0
only_enormous,29,29,0
always_political,29,29,0
always_enthusiastic,29,29,0
just_naive,29,29,0
more_typical,29,27,2
only_gentle,29,29,0
only_flat,29,29,0
entirely_difficult,29,29,0
any_nearer,29,29,0
actually_worried,29,29,0
just_public,29,29,0
universally_successful,29,28,1
sufficiently_attractive,29,29,0
particularly_spicy,29,29,0
as_uplifting,29,28,1
completely_analogous,29,29,0
completely_white,29,29,0
incredibly_stupid,29,29,0
too_vulnerable,29,29,0
that_compatible,29,29,0
more_religious,29,29,0
more_lonely,29,20,9
necessarily_complex,29,29,0
too_dogmatic,29,29,0
all_open,29,29,0
super_smart,29,29,0
too_insignificant,29,26,3
very_comfy,29,29,0
as_infallible,29,28,1
technically_advanced,29,28,1
very_cautious,29,28,1
overly_sugary,29,29,0
only_aggressive,29,29,0
so_objectionable,29,28,1
only_depressed,29,29,0
only_adequate,29,29,0
as_contradictory,29,29,0
fundamentally_flawed,29,26,3
only_archaic,29,29,0
more_burdensome,29,26,3
as_civilized,29,29,0
particularly_thick,29,29,0
so_civil,29,29,0
exactly_flat,29,29,0
particularly_palatable,29,29,0
as_crafty,29,29,0
sufficiently_aggressive,29,29,0
far_off,29,29,0
more_traumatic,29,17,12
very_balanced,29,29,0
just_pointless,29,29,0
as_crappy,29,28,1
absolutely_thrilled,29,29,0
overly_memorable,29,26,3
more_energetic,29,24,5
too_fluffy,29,28,1
overly_tall,29,29,0
too_flowery,29,26,3
greatly_interested,29,29,0
truly_worthy,29,28,1
as_correct,29,29,0
very_black,29,29,0
so_astonishing,29,27,2
particularly_pretty,29,29,0
more_inappropriate,29,24,5
exactly_flawless,29,28,1
overly_spectacular,29,18,11
particularly_strange,29,16,13
far_greater,29,29,0
visibly_apparent,29,29,0
near_perfect,29,29,0
exactly_available,29,29,0
even_chinese,29,29,0
that_capable,29,29,0
so_tame,29,29,0
so_obtuse,29,29,0
especially_subtle,29,28,1
just_scared,29,29,0
completely_averse,29,29,0
highly_dependent,29,29,0
already_difficult,29,29,0
particularly_scientific,29,29,0
so_inexpensive,29,29,0
really_quiet,29,29,0
as_judgmental,29,29,0
just_logical,29,29,0
most_visible,29,29,0
yet_worth,29,26,3
as_inconvenient,29,27,2
necessarily_profitable,29,29,0
entirely_bereft,29,29,0
too_intimate,29,25,4
completely_autonomous,29,29,0
as_indifferent,29,29,0
as_worse,29,28,1
incredibly_hot,29,29,0
very_enthused,29,29,0
particularly_secure,29,29,0
as_organic,29,28,1
as_vile,29,28,1
economically_significant,29,29,0
particularly_widespread,29,29,0
most_detailed,29,29,0
easily_affordable,29,29,0
as_laughable,29,28,1
technically_related,29,29,0
real_fast,29,29,0
really_thick,29,29,0
as_snazzy,28,27,1
currently_ready,28,28,0
very_frustrating,28,28,0
yet_determined,28,28,0
fully_dead,28,28,0
extremely_efficient,28,28,0
quite_double,28,28,0
equally_strong,28,28,0
quite_red,28,28,0
always_terrible,28,28,0
still_bitter,28,26,2
equally_responsible,28,28,0
too_gruesome,28,23,5
exactly_secret,28,27,1
quite_typical,28,28,0
really_unhappy,28,28,0
less_crowded,28,28,0
just_abstract,28,28,0
just_cultural,28,28,0
wholly_unique,28,28,0
really_accustomed,28,28,0
really_debatable,28,27,1
fully_dependent,28,28,0
only_regional,28,28,0
only_horrible,28,28,0
very_cordial,28,27,1
very_concrete,28,26,2
easily_recyclable,28,28,0
so_partisan,28,28,0
necessarily_large,28,28,0
necessarily_malicious,28,28,0
terribly_kind,28,28,0
as_disconcerting,28,27,1
so_uplifting,28,25,3
so_poignant,28,24,4
altogether_satisfied,28,28,0
very_frightening,28,28,0
not_familiar,28,26,2
as_cramped,28,28,0
as_global,28,28,0
quite_official,28,28,0
as_atmospheric,28,28,0
even_wise,28,28,0
particularly_flexible,28,28,0
too_muscular,28,28,0
really_plausible,28,28,0
as_coarse,28,28,0
particularly_flavorful,28,28,0
as_wasteful,28,27,1
as_shitty,28,28,0
emotionally_intelligent,28,28,0
nearly_old,28,28,0
only_vague,28,28,0
all_consistent,28,28,0
necessarily_uniform,28,28,0
yet_solid,28,27,1
always_subject,28,28,0
most_economical,28,28,0
as_secular,28,28,0
as_illustrious,28,28,0
ever_dead,28,28,0
terribly_informative,28,27,1
exactly_evil,28,28,0
entirely_one-sided,28,28,0
very_gracious,28,28,0
freely_accessible,28,28,0
completely_one-sided,28,28,0
only_characteristic,28,28,0
well_satisfied,28,28,0
incredibly_dangerous,28,26,2
especially_shocking,28,23,5
so_lighthearted,28,27,1
very_central,28,28,0
particularly_extreme,28,25,3
so_fanciful,28,28,0
particularly_articulate,28,28,0
just_reasonable,28,27,1
more_fruitful,28,24,4
necessarily_low,28,28,0
only_complete,28,28,0
more_invasive,28,17,11
necessarily_unhappy,28,28,0
just_criminal,28,28,0
overly_girly,28,28,0
wholly_necessary,28,28,0
as_ecstatic,28,28,0
so_refreshing,28,19,9
just_serious,28,28,0
so_expansive,28,28,0
very_fussy,28,28,0
so_glaring,28,28,0
as_sheer,28,28,0
only_usable,28,28,0
very_legible,28,28,0
really_permanent,28,25,3
entirely_grim,28,28,0
sufficiently_open,28,28,0
most_violent,28,27,1
only_dependable,28,28,0
much_political,28,28,0
really_optimal,28,28,0
actually_green,28,28,0
most_sympathetic,28,28,0
quite_clever,28,28,0
necessarily_nice,28,27,1
really_professional,28,27,1
too_ornate,28,22,6
only_catchy,28,28,0
more_dreadful,28,15,13
exactly_precise,28,28,0
overly_good,28,27,1
consistently_enough,28,28,0
especially_expensive,28,28,0
quite_unique,28,27,1
necessarily_irrational,28,26,2
super_smooth,28,28,0
as_prompt,28,28,0
basically_good,28,27,1
yet_happy,28,28,0
always_rich,28,28,0
more_private,28,20,8
really_rare,28,27,1
always_cold,28,28,0
really_other,28,14,14
exactly_linear,28,28,0
even_greater,28,28,0
especially_conducive,28,28,0
classically_handsome,28,28,0
more_fantastic,28,21,7
equally_bad,28,28,0
very_nuanced,28,28,0
dangerously_high,28,28,0
always_impressed,28,28,0
quite_precise,28,28,0
even_attractive,28,28,0
less_successful,28,27,1
necessarily_sinister,28,23,5
only_odd,28,28,0
so_sentimental,28,28,0
purely_financial,28,28,0
too_dusty,28,27,1
merely_functional,28,28,0
necessarily_similar,28,28,0
just_higher,28,28,0
just_moral,28,28,0
truly_certain,28,28,0
too_volatile,28,28,0
so_alluring,28,26,2
more_revolutionary,28,18,10
not_interesting,28,27,1
yet_consistent,28,28,0
really_green,28,28,0
ever_successful,28,28,0
almost_certain,28,27,1
as_liberating,28,27,1
only_female,28,28,0
only_verbal,28,28,0
entirely_enthusiastic,28,28,0
particularly_liberal,28,23,5
especially_dramatic,28,22,6
that_intuitive,28,28,0
too_transparent,28,27,1
as_homogeneous,28,28,0
reasonably_likely,28,28,0
really_technical,28,24,4
entirely_scientific,28,28,0
terribly_thrilled,28,28,0
only_scientific,28,28,0
fully_understandable,28,28,0
too_disastrous,28,23,5
very_noisy,28,27,1
recently_active,28,28,0
more_overjoyed,28,28,0
really_superstitious,28,27,1
too_damp,28,27,1
more_despicable,28,15,13
perfectly_good,28,28,0
less_severe,28,28,0
only_italian,28,28,0
that_typical,28,28,0
particularly_wild,28,27,1
inherently_distinctive,28,27,1
purely_coincidental,28,27,1
very_amenable,28,28,0
more_astonishing,28,17,11
often_clear,28,28,0
as_enthralling,28,28,0
always_inevitable,28,28,0
necessarily_crazy,28,28,0
directly_competitive,28,28,0
most_progressive,28,28,0
any_longer,28,6,22
strikingly_different,28,28,0
only_individual,28,28,0
overly_proud,28,27,1
just_plausible,28,28,0
just_pink,28,28,0
just_foolish,28,28,0
not_normal,28,27,1
confusingly_similar,28,28,0
so_uncomplicated,28,28,0
quite_likely,28,28,0
most_adventurous,28,28,0
terribly_shocked,28,28,0
all_successful,28,28,0
so_improbable,28,27,1
near_impossible,28,28,0
that_handy,28,28,0
perfectly_sure,28,28,0
too_tedious,28,28,0
entirely_meaningless,28,28,0
wholly_different,28,28,0
necessarily_enjoyable,28,28,0
usually_concerned,28,28,0
as_standard,28,27,1
yet_powerful,28,27,1
as_noticable,28,28,0
completely_neutral,28,28,0
only_reckless,28,28,0
necessarily_small,28,27,1
very_related,28,28,0
particularly_odd,28,16,12
only_indifferent,28,28,0
really_logical,28,28,0
overly_dark,28,27,1
actually_representative,28,28,0
really_exceptional,28,17,11
only_patient,28,28,0
incredibly_comfortable,28,28,0
very_appreciative,28,28,0
very_sunny,28,28,0
infinitely_malleable,28,28,0
always_typical,28,28,0
consistently_profitable,27,26,1
so_forceful,27,27,0
only_glad,27,27,0
terribly_scary,27,26,1
intellectually_capable,27,27,0
entirely_similar,27,27,0
less_qualified,27,25,2
actually_certain,27,27,0
necessarily_optimistic,27,27,0
so_pitiful,27,25,2
less_inclined,27,25,2
too_smelly,27,27,0
truly_perfect,27,27,0
sufficiently_competitive,27,27,0
only_reprehensible,27,27,0
overtly_aggressive,27,24,3
most_imaginative,27,26,1
necessarily_inferior,27,27,0
as_peachy,27,27,0
so_damn,27,27,0
plainly_visible,27,27,0
only_conservative,27,27,0
inherently_political,27,19,8
very_distracting,27,25,2
particularly_feminine,27,21,6
exactly_bare,27,25,2
sufficiently_loyal,27,26,1
always_ethical,27,27,0
that_complex,27,27,0
as_perceptive,27,27,0
incredibly_valuable,27,26,1
medically_accurate,27,27,0
necessarily_impressive,27,26,1
physically_difficult,27,26,1
immediately_detectable,27,27,0
terribly_meaningful,27,27,0
actually_effective,27,27,0
as_finicky,27,26,1
always_sexy,27,27,0
more_selective,27,27,0
as_pushy,27,27,0
so_firm,27,27,0
totally_negative,27,26,1
desperately_poor,27,27,0
too_rocky,27,26,1
quite_parallel,27,27,0
typically_present,27,27,0
simply_satisfied,27,27,0
overly_significant,27,23,4
particularly_diverse,27,25,2
completely_inaccurate,27,27,0
more_illuminating,27,23,4
conveniently_available,27,27,0
strikingly_beautiful,27,26,1
that_adept,27,26,1
more_wise,27,25,2
totally_naive,27,27,0
as_prudent,27,27,0
only_commercial,27,27,0
overly_acidic,27,27,0
particularly_exotic,27,20,7
always_palatable,27,27,0
really_tight,27,27,0
only_distinctive,27,27,0
far_easier,27,26,1
immensely_popular,27,27,0
more_worrisome,27,16,11
very_exotic,27,22,5
so_automatic,27,26,1
usually_fond,27,27,0
frequently_enough,27,27,0
particularly_believable,27,27,0
exactly_indicative,27,27,0
really_responsive,27,27,0
socially_appropriate,27,27,0
starkly_different,27,26,1
only_heartbreaking,27,27,0
that_easier,27,27,0
only_respectful,27,27,0
always_benevolent,27,27,0
so_peculiar,27,26,1
as_agreeable,27,27,0
seriously_enough,27,27,0
psychologically_healthy,27,27,0
more_complimentary,27,26,1
quite_low,27,27,0
particularly_rewarding,27,27,0
not_grateful,27,27,0
that_worse,27,27,0
too_lonely,27,27,0
more_arousing,27,5,22
most_potent,27,27,0
always_impressive,27,27,0
more_bleak,27,22,5
particularly_intense,27,26,1
more_delicate,27,19,8
much_dependent,27,27,0
morally_culpable,27,27,0
too_crisp,27,25,2
as_cloying,27,27,0
only_ironic,27,27,0
potentially_damaging,27,21,6
especially_convincing,27,27,0
as_swollen,27,27,0
very_cinematic,27,27,0
too_fearful,27,27,0
very_noteworthy,27,26,1
more_likable,27,27,0
more_divine,27,12,15
so_believable,27,27,0
very_available,27,26,1
too_dear,27,26,1
more_decisive,27,24,3
even_helpful,27,27,0
overly_intense,27,26,1
as_instant,27,27,0
as_upscale,27,27,0
so_swell,27,27,0
entirely_apt,27,27,0
terribly_fancy,27,11,16
terribly_consistent,27,26,1
so_troublesome,27,27,0
most_picturesque,27,27,0
logically_consistent,27,27,0
always_credible,27,27,0
much_evil,27,27,0
more_synonymous,27,20,7
remotely_human,27,16,11
as_ideological,27,27,0
notably_successful,27,27,0
fully_opaque,27,27,0
legally_relevant,27,25,2
fully_possible,27,27,0
fully_productive,27,27,0
actually_safe,27,27,0
as_cosy,27,25,2
as_instantaneous,27,27,0
just_stronger,27,27,0
so_constant,27,25,2
especially_creative,27,25,2
entirely_attributable,27,27,0
even_essential,27,26,1
terribly_detailed,27,27,0
merely_incidental,27,27,0
longer_afraid,27,27,0
also_weak,27,27,0
only_numerous,27,27,0
overly_lengthy,27,27,0
yet_jaded,27,27,0
even_cognizant,27,27,0
as_kind,27,27,0
so_invincible,27,27,0
any_weirder,27,27,0
very_apt,27,27,0
necessarily_clean,27,27,0
super_short,27,27,0
often_successful,27,27,0
especially_fun,27,25,2
explicitly_sexual,27,23,4
especially_innovative,27,23,4
so_disruptive,27,27,0
as_invisible,27,25,2
so_burdensome,27,27,0
completely_unprepared,27,27,0
really_rational,27,26,1
easily_adaptable,27,27,0
currently_illegal,27,27,0
just_passive,27,27,0
very_nimble,27,27,0
practically_non-existent,27,25,2
just_incorrect,27,26,1
more_expressive,27,26,1
even_entertaining,27,27,0
only_justifiable,27,27,0
only_ours,27,27,0
more_protective,27,20,7
very_able,27,27,0
too_tidy,27,25,2
more_upbeat,27,27,0
very_academic,27,27,0
easily_compatible,27,27,0
further_due,27,27,0
entirely_dark,27,27,0
very_accustomed,27,27,0
as_dear,27,27,0
too_tiring,27,27,0
yet_imminent,27,27,0
more_explosive,27,18,9
wildly_optimistic,27,26,1
most_responsible,27,27,0
that_urgent,27,27,0
yet_reliable,27,27,0
very_uplifting,27,26,1
so_enticing,27,22,5
totally_clueless,27,25,2
just_selfish,27,27,0
as_seasoned,27,27,0
really_homeless,27,27,0
normally_prone,27,27,0
just_commercial,27,26,1
nearly_powerful,27,27,0
even_sore,27,27,0
easily_traceable,27,27,0
excessively_sweet,27,26,1
overly_hopeful,27,26,1
always_harmless,27,27,0
always_okay,27,27,0
as_generic,27,27,0
usually_sufficient,27,27,0
technically_qualified,27,27,0
as_inept,27,27,0
so_hateful,27,23,4
terribly_hopeful,27,27,0
super_amazing,27,22,5
particularly_prolific,27,27,0
only_pleasurable,27,27,0
less_cool,27,17,10
really_overweight,27,26,1
all_unlikely,27,27,0
downright_evil,27,27,0
as_monstrous,27,24,3
even_vegetarian,27,27,0
as_naughty,27,27,0
necessarily_full,27,27,0
currently_operational,27,27,0
more_cool,27,16,11
so_graphic,27,22,5
too_amused,27,16,11
only_pregnant,27,27,0
so_gratifying,27,24,3
sufficiently_skilled,27,27,0
as_dour,27,27,0
more_substantive,27,9,18
hugely_impressed,27,27,0
completely_rosy,27,27,0
normally_aggressive,27,27,0
fully_adequate,27,26,1
just_rhetorical,27,27,0
quite_conscious,27,27,0
too_physical,27,25,2
more_badass,27,16,11
exactly_pristine,27,27,0
all_complicated,27,26,1
much_high,27,27,0
so_indulgent,27,27,0
as_mindful,27,27,0
just_destructive,27,27,0
absolutely_accurate,27,27,0
n't_nice,27,27,0
so_rigorous,27,26,1
already_public,27,27,0
as_sinful,27,27,0
more_forgiving,27,26,1
terribly_fun,27,26,1
extremely_complicated,27,26,1
perfectly_uniform,27,27,0
much_fond,27,27,0
particularly_huge,27,27,0
much_farther,27,27,0
remotely_surprised,27,27,0
entirely_foolproof,27,27,0
only_sacred,27,27,0
also_interested,27,27,0
too_melodramatic,27,26,1
very_calm,27,27,0
only_unscientific,27,27,0
as_stimulating,27,27,0
only_mandatory,27,27,0
as_grueling,27,27,0
just_realistic,27,27,0
entirely_dismissive,27,26,1
more_menacing,27,11,16
easily_removable,27,27,0
terribly_healthy,27,27,0
only_incompetent,27,27,0
even_plausible,27,27,0
so_talkative,27,27,0
entirely_genuine,27,27,0
necessarily_affordable,27,27,0
more_easier,27,26,1
so_legitimate,27,27,0
as_sluggish,27,24,3
quite_tight,27,27,0
so_crisp,27,27,0
particularly_quiet,27,25,2
generally_simple,27,27,0
much_open,26,24,2
exclusively_concerned,26,26,0
only_deadly,26,26,0
most_urgent,26,25,1
as_inspirational,26,23,3
incredibly_deep,26,25,1
as_horrid,26,21,5
as_invulnerable,26,26,0
technically_able,26,26,0
absolutely_happy,26,26,0
that_quiet,26,25,1
as_incendiary,26,25,1
technically_good,26,25,1
merely_passive,26,26,0
more_improbable,26,22,4
technically_alive,26,26,0
as_eye-popping,26,26,0
very_damaging,26,26,0
uniformly_successful,26,25,1
practically_impossible,26,24,2
already_evident,26,26,0
as_indulgent,26,25,1
most_surprising,26,26,0
most_flexible,26,26,0
that_numerous,26,26,0
totally_transparent,26,26,0
really_torture,26,26,0
most_severe,26,25,1
overly_full,26,26,0
as_astute,26,26,0
absolutely_adorable,26,26,0
fully_equal,26,26,0
that_disappointing,26,26,0
as_manly,26,26,0
most_inexpensive,26,26,0
super_detailed,26,26,0
fully_immune,26,26,0
terribly_flattering,26,26,0
fully_indian,26,26,0
academically_rigorous,26,26,0
economically_important,26,24,2
ordinarily_resident,26,26,0
exactly_local,26,25,1
extremely_bad,26,24,2
as_empathetic,26,26,0
fully_knowledgeable,26,26,0
really_crucial,26,26,0
extremely_sensitive,26,26,0
very_conventional,26,26,0
so_magnificent,26,23,3
overly_satisfied,26,26,0
typically_open,26,26,0
completely_round,26,26,0
really_legitimate,26,25,1
so_effusive,26,26,0
overly_demanding,26,26,0
as_airy,26,26,0
easily_transportable,26,26,0
yet_easy,26,26,0
typically_necessary,26,26,0
so_exhausting,26,25,1
purely_political,26,26,0
fully_comprehensive,26,26,0
exactly_satisfied,26,26,0
as_good-looking,26,26,0
immediately_dangerous,26,25,1
more_irresponsible,26,21,5
as_beefy,26,26,0
altogether_dissimilar,26,26,0
super_spicy,26,25,1
as_brown,26,26,0
financially_healthy,26,26,0
highly_intelligent,26,25,1
yet_inevitable,26,26,0
sufficiently_comprehensive,26,26,0
more_noteworthy,26,17,9
more_precarious,26,25,1
exactly_green,26,26,0
as_opulent,26,26,0
as_knowledgable,26,26,0
most_familiar,26,25,1
so_mobile,26,26,0
that_likeable,26,26,0
as_cutthroat,26,26,0
highly_addictive,26,26,0
terribly_crowded,26,26,0
as_irresponsible,26,20,6
as_ostentatious,26,25,1
really_bright,26,25,1
that_vulnerable,26,26,0
as_hard-hitting,26,26,0
as_hideous,26,26,0
so_cranky,26,26,0
morally_objectionable,26,22,4
fully_proficient,26,26,0
so_judgemental,26,26,0
more_lenient,26,26,0
extremely_wealthy,26,26,0
super_noticeable,26,25,1
that_informative,26,26,0
purely_rational,26,26,0
really_thin,26,26,0
purely_cosmetic,26,26,0
exactly_inconspicuous,26,26,0
as_heinous,26,24,2
only_tolerant,26,26,0
already_busy,26,26,0
quite_amazing,26,25,1
that_worrisome,26,26,0
much_darker,26,26,0
very_literate,26,26,0
only_compassionate,26,26,0
totally_dark,26,26,0
even_cheap,26,26,0
particularly_partisan,26,26,0
wholly_positive,26,26,0
ever_bad,26,21,5
physically_aggressive,26,24,2
so_uncertain,26,26,0
just_thin,26,26,0
totally_empty,26,26,0
particularly_fruitful,26,26,0
readily_recognizable,26,26,0
partly_responsible,26,26,0
always_trivial,26,26,0
as_transcendent,26,25,1
entirely_seamless,26,26,0
truly_innovative,26,16,10
more_contemporary,26,25,1
necessarily_independent,26,26,0
just_awkward,26,26,0
always_graceful,26,26,0
too_self-conscious,26,26,0
less_aggressive,26,25,1
simply_bad,26,25,1
not_worried,26,25,1
as_scalable,26,26,0
specifically_aware,26,26,0
entirely_flat,26,26,0
too_robust,26,23,3
only_rational,26,26,0
not_satisfied,26,26,0
only_hopeful,26,26,0
as_raucous,26,26,0
all_eager,26,26,0
all_romantic,26,26,0
particularly_hostile,26,26,0
only_pervasive,26,26,0
necessarily_unfair,26,25,1
completely_implausible,26,25,1
all_full,26,25,1
most_brilliant,26,25,1
visually_compelling,26,25,1
yet_advanced,26,26,0
necessarily_hot,26,26,0
so_unbearable,26,24,2
as_raunchy,26,25,1
normally_eligible,26,26,0
still_enough,26,26,0
always_tidy,26,26,0
always_fruitful,26,26,0
so_perilous,26,26,0
categorically_different,26,26,0
all_wet,26,25,1
as_unbelievable,26,23,3
especially_notable,26,21,5
so_decent,26,26,0
necessarily_capable,26,26,0
truly_amazing,26,19,7
as_related,26,26,0
less_special,26,23,3
sexually_attractive,26,25,1
only_harsh,26,25,1
necessarily_wealthy,26,25,1
most_appetizing,26,26,0
as_sublime,26,23,3
more_dishonest,26,24,2
too_coarse,26,26,0
as_subjective,26,26,0
so_delighted,26,26,0
very_independent,26,26,0
necessarily_fond,26,26,0
especially_flattering,26,25,1
clearly_enough,26,26,0
entirely_evident,26,26,0
universally_accessible,26,26,0
more_tender,26,19,7
so_unknown,26,25,1
really_grumpy,26,26,0
only_preferable,26,26,0
only_intense,26,26,0
simply_economic,26,26,0
entirely_solid,26,26,0
just_heavy,26,25,1
even_live,26,26,0
more_corrosive,26,18,8
very_noble,26,24,2
even_late,26,26,0
outright_terrible,26,26,0
too_cooperative,26,22,4
too_lax,26,26,0
remotely_capable,26,24,2
particularly_disturbing,26,24,2
quite_tough,26,26,0
remotely_likely,26,26,0
actually_mad,26,26,0
just_consistent,26,25,1
particularly_noble,26,21,5
particularly_bullish,26,24,2
very_hardy,26,26,0
simply_important,26,26,0
completely_equal,26,26,0
entirely_keen,26,26,0
quite_steady,26,26,0
too_prevalent,26,24,2
more_debilitating,26,13,13
only_improper,26,26,0
usually_difficult,26,26,0
just_edible,26,26,0
equally_capable,26,26,0
too_plentiful,26,22,4
just_incidental,26,26,0
even_reasonable,26,26,0
perfectly_fine,26,26,0
as_systematic,26,25,1
just_hypocritical,26,26,0
quite_wrong,26,26,0
very_hip,26,26,0
so_slight,26,26,0
always_unique,26,26,0
even_green,26,26,0
overly_vocal,26,26,0
biologically_possible,26,26,0
so_disgusted,26,25,1
overly_trendy,26,24,2
likely_enough,26,26,0
particularly_small,26,25,1
too_free,26,25,1
less_desirable,26,23,3
exactly_alive,26,26,0
very_tricky,26,26,0
inherently_flawed,26,21,5
particularly_costly,26,25,1
not_better,26,25,1
only_portable,26,26,0
particularly_angry,26,26,0
real_proud,26,26,0
inherently_offensive,26,16,10
only_antithetical,26,26,0
too_flimsy,26,24,2
always_large,26,26,0
real_consistent,26,26,0
outright_dangerous,26,26,0
wholly_evil,26,26,0
all_compatible,26,26,0
necessarily_excited,26,26,0
very_brilliant,26,24,2
exactly_amazing,26,26,0
much_scared,26,26,0
all_keen,26,26,0
overwhelmingly_large,26,26,0
too_gritty,26,25,1
only_french,26,26,0
more_considerate,26,25,1
incredibly_powerful,26,26,0
nearly_smart,26,26,0
particularly_handy,26,26,0
exactly_desirable,26,26,0
more_unhappy,26,25,1
exactly_conventional,26,26,0
particularly_savvy,26,26,0
very_tactful,26,26,0
exactly_complimentary,26,26,0
really_red,26,25,1
exactly_boring,26,26,0
necessarily_angry,26,26,0
only_ambitious,26,26,0
strongly_enough,26,25,1
wholly_dissimilar,26,26,0
particularly_showy,26,23,3
physically_safe,26,25,1
inherently_destructive,26,21,5
so_superficial,26,25,1
really_english,26,25,1
too_kinky,26,20,6
actually_enough,26,26,0
particularly_coherent,26,25,1
completely_ineffective,26,26,0
demonstrably_false,26,24,2
very_breathable,26,26,0
entirely_private,26,26,0
less_comfortable,26,25,1
most_cost-effective,26,26,0
truly_ours,26,26,0
entirely_quiet,26,26,0
more_cheerful,26,21,5
as_unreasonable,26,26,0
constantly_simple,26,26,0
only_single,26,26,0
more_enlightening,26,21,5
just_pleasing,26,25,1
entirely_comprehensive,26,25,1
super_tall,25,25,0
often_present,25,25,0
really_straightforward,25,25,0
just_shameful,25,25,0
easily_discoverable,25,25,0
as_fickle,25,25,0
nearly_perfect,25,25,0
altogether_fair,25,25,0
just_relative,25,25,0
more_legitimate,25,22,3
even_harder,25,23,2
so_annoyed,25,24,1
exorbitantly_expensive,25,25,0
overly_onerous,25,23,2
most_supportive,25,25,0
only_awkward,25,25,0
necessarily_anti-semitic,25,25,0
super_weird,25,22,3
only_massive,25,25,0
super_wealthy,25,25,0
really_gonna,25,25,0
only_excessive,25,25,0
just_optimistic,25,25,0
super_warm,25,25,0
more_faithful,25,24,1
necessarily_consecutive,25,25,0
really_credible,25,24,1
all_expensive,25,25,0
quite_fresh,25,24,1
just_reliable,25,25,0
fully_vegan,25,25,0
particularly_scenic,25,25,0
just_pleased,25,24,1
so_hurtful,25,22,3
universally_positive,25,25,0
that_recent,25,25,0
real_deep,25,23,2
any_friendlier,25,25,0
technically_incorrect,25,24,1
just_healthier,25,25,0
too_corporate,25,21,4
terribly_persuasive,25,25,0
particularly_risky,25,24,1
too_groundbreaking,25,5,20
breathtakingly_beautiful,25,25,0
practically_nonexistent,25,25,0
only_variable,25,25,0
so_self-evident,25,25,0
quite_heavy,25,25,0
real_optimistic,25,25,0
as_encouraging,25,25,0
particularly_enthused,25,25,0
just_reliant,25,25,0
entirely_indicative,25,25,0
super_light,25,25,0
always_male,25,25,0
only_medical,25,25,0
only_nationwide,25,25,0
really_social,25,25,0
universally_beloved,25,25,0
clinically_insane,25,24,1
real_bright,25,25,0
too_hardcore,25,14,11
extremely_low,25,25,0
more_warm,25,21,4
really_extraordinary,25,10,15
so_hypocritical,25,25,0
wholly_unreasonable,25,25,0
less_proud,25,22,3
only_alien,25,24,1
entirely_arbitrary,25,25,0
as_unstable,25,25,0
only_lucrative,25,25,0
too_dismissive,25,25,0
very_british,25,22,3
especially_meaningful,25,22,3
patently_obvious,25,25,0
even_conservative,25,24,1
overly_gory,25,25,0
so_comical,25,23,2
painfully_aware,25,24,1
very_stealthy,25,24,1
graphically_violent,25,24,1
perfectly_acceptable,25,25,0
explicitly_racist,25,24,1
so_spontaneous,25,23,2
necessarily_unethical,25,23,2
as_kinky,25,24,1
as_treacherous,25,25,0
too_unwieldy,25,25,0
as_key,25,25,0
that_obscure,25,25,0
that_troublesome,25,25,0
as_clunky,25,25,0
so_incompetent,25,24,1
any_thicker,25,25,0
so_invasive,25,25,0
particularly_strenuous,25,25,0
much_black,25,25,0
more_exact,25,24,1
really_quick,25,25,0
only_liberating,25,25,0
especially_rich,25,25,0
as_triumphant,25,25,0
automatically_true,25,25,0
usually_happy,25,25,0
only_novel,25,25,0
yet_independent,25,25,0
super_rare,25,24,1
only_enlightening,25,25,0
grammatically_incorrect,25,23,2
very_intriguing,25,25,0
entirely_authentic,25,25,0
so_wacky,25,24,1
globally_competitive,25,25,0
that_terrific,25,25,0
that_lonely,25,24,1
too_hungover,25,25,0
too_ecstatic,25,25,0
so_chaotic,25,25,0
only_psychological,25,25,0
very_prone,25,25,0
too_rigorous,25,24,1
very_systematic,25,24,1
only_disgraceful,25,25,0
super_practical,25,25,0
completely_believable,25,25,0
often_willing,25,25,0
overly_ornate,25,24,1
entirely_unaware,25,25,0
very_tender,25,24,1
exclusively_related,25,25,0
very_modest,25,25,0
extremely_tough,25,25,0
so_splendid,25,22,3
necessarily_vital,25,25,0
often_visible,25,25,0
too_yellow,25,25,0
only_astonishing,25,25,0
simply_beautiful,25,25,0
as_legitimate,25,25,0
particularly_qualified,25,25,0
generally_able,25,25,0
only_dull,25,25,0
quite_authentic,25,25,0
as_manic,25,25,0
so_detrimental,25,24,1
as_adjustable,25,25,0
so_cumbersome,25,24,1
intrinsically_better,25,23,2
outright_false,25,23,2
intentionally_malicious,25,25,0
very_revolutionary,25,23,2
unduly_harsh,25,25,0
ever_impossible,25,25,0
immediately_eligible,25,25,0
most_noble,25,25,0
so_pale,25,25,0
intellectually_curious,25,25,0
not_much,25,24,1
very_revealing,25,25,0
as_adequate,25,25,0
less_surprising,25,22,3
still_true,25,25,0
as_punitive,25,25,0
very_far-fetched,25,25,0
fatally_flawed,25,25,0
particularly_damaging,25,24,1
extremely_different,25,24,1
as_discerning,25,25,0
overly_shocked,25,25,0
so_mature,25,25,0
only_classic,25,25,0
very_discerning,25,25,0
as_rowdy,25,25,0
as_resonant,25,25,0
only_iconic,25,25,0
as_mystical,25,25,0
even_weird,25,25,0
quite_respectable,25,25,0
as_developed,25,25,0
very_plentiful,25,25,0
ever_aware,25,25,0
musically_talented,25,24,1
most_optimal,25,25,0
necessarily_inherent,25,25,0
sufficiently_qualified,25,25,0
very_sorry,25,25,0
fairly_certain,25,25,0
truly_separate,25,25,0
so_photogenic,25,25,0
terribly_uncomfortable,25,24,1
ever_complete,25,25,0
always_functional,25,25,0
less_bad,25,25,0
sufficiently_profitable,25,25,0
as_strategic,25,25,0
not_okay,25,24,1
only_chinese,25,25,0
intrinsically_interesting,25,24,1
quite_long,25,25,0
immediately_recognisable,25,24,1
very_extreme,25,25,0
yet_skilled,25,25,0
mentally_able,25,25,0
as_plump,25,25,0
only_wide,25,25,0
as_pious,25,25,0
really_bitter,25,25,0
sufficiently_advanced,25,25,0
more_hypocritical,25,15,10
incredibly_common,25,25,0
totally_impressed,25,25,0
that_amusing,25,25,0
only_frustrated,25,25,0
very_elastic,25,25,0
fully_divine,25,25,0
therefore_surprising,25,25,0
socially_unacceptable,25,23,2
as_palpable,25,25,0
overly_stiff,25,25,0
always_excited,25,24,1
too_offended,25,25,0
less_disturbing,25,23,2
overly_dangerous,25,24,1
very_own,25,24,1
really_intelligent,25,23,2
very_slow,25,25,0
only_relatable,25,25,0
as_pointless,25,25,0
as_disparate,25,25,0
strictly_vegetarian,25,25,0
usually_willing,25,25,0
too_naughty,25,23,2
completely_intuitive,25,25,0
otherwise_apparent,25,25,0
very_conspicuous,25,24,1
that_bothersome,25,25,0
readily_clear,25,25,0
that_accessible,25,25,0
less_crucial,25,23,2
entirely_mistaken,25,25,0
mechanically_wrong,25,4,21
less_damaging,25,24,1
completely_present,25,25,0
really_entertaining,25,21,4
necessarily_life-threatening,25,25,0
completely_loyal,25,25,0
exactly_abundant,25,24,1
so_compact,25,23,2
medically_fit,25,25,0
so_oblivious,25,25,0
necessarily_much,25,25,0
real_active,25,25,0
much_scary,25,25,0
more_funny,25,18,7
remotely_sufficient,25,25,0
overly_romantic,25,25,0
purely_commercial,25,25,0
so_responsible,25,25,0
particularly_catchy,25,23,2
politically_realistic,25,25,0
altogether_correct,25,25,0
specifically_interested,25,25,0
as_hateful,25,23,2
so_horny,25,24,1
no_different,25,20,5
currently_profitable,25,25,0
entirely_favorable,25,25,0
actually_insane,25,25,0
that_ideal,25,25,0
particularly_influential,25,25,0
entirely_feasible,25,25,0
even_privy,25,25,0
so_resistant,25,24,1
just_depressing,25,25,0
fabulously_wealthy,25,25,0
only_extraordinary,25,25,0
only_courageous,25,25,0
severely_ill,25,25,0
personally_concerned,25,25,0
completely_dissimilar,25,25,0
n't_possible,25,25,0
very_crafty,25,25,0
less_good,25,23,2
overtly_obvious,25,22,3
quite_huge,25,25,0
legally_blind,25,24,1
horribly_bad,25,23,2
very_susceptible,25,25,0
legally_correct,25,25,0
more_kind,25,24,1
visually_spectacular,25,24,1
really_curious,25,25,0
more_bored,25,25,0
too_commercial,25,25,0
as_heartwarming,25,23,2
even_mandatory,25,25,0
only_scared,25,25,0
as_sporty,25,24,1
quite_useful,25,25,0
obviously_apparent,25,24,1
objectively_wrong,25,15,10
so_compatible,25,25,0
as_masculine,25,25,0
exactly_soft,25,25,0
legally_tenable,25,25,0
entirely_sincere,25,24,1
previously_visible,25,25,0
so_protective,25,25,0
most_optimistic,25,25,0
too_bent,25,24,1
more_fraught,25,24,1
unreasonably_dangerous,25,25,0
much_helpful,25,25,0
even_sympathetic,25,25,0
as_moral,25,25,0
so_pretentious,25,23,2
as_dogmatic,25,25,0
as_fruity,25,25,0
really_horrible,25,18,7
very_girly,25,24,1
less_free,25,23,2
fully_active,25,25,0
only_rampant,25,25,0
quite_secure,25,25,0
so_fit,25,25,0
so_esoteric,25,23,2
especially_talented,25,25,0
always_plausible,25,25,0
too_mainstream,25,23,2
exclusively_white,24,24,0
as_youthful,24,24,0
really_voluntary,24,24,0
so_understandable,24,24,0
quite_brown,24,23,1
so_thirsty,24,24,0
so_inept,24,22,2
very_adequate,24,23,1
logistically_feasible,24,24,0
real_enough,24,24,0
necessarily_trustworthy,24,24,0
always_online,24,24,0
logically_necessary,24,23,1
primarily_political,24,24,0
extremely_costly,24,24,0
fully_reversible,24,24,0
necessarily_christian,24,24,0
less_healthy,24,22,2
only_empty,24,24,0
as_impartial,24,24,0
better_enough,24,24,0
more_unpopular,24,23,1
so_vigilant,24,24,0
just_sensitive,24,24,0
truly_dangerous,24,18,6
only_ripe,24,24,0
merely_useful,24,24,0
just_unlikely,24,24,0
necessarily_abnormal,24,24,0
fully_stable,24,24,0
terribly_hungry,24,24,0
as_idealistic,24,24,0
only_miserable,24,24,0
so_unsettling,24,20,4
more_overwhelming,24,17,7
only_sharp,24,24,0
so_inclusive,24,24,0
just_stressful,24,24,0
necessarily_acceptable,24,24,0
as_cosmopolitan,24,24,0
always_complimentary,24,24,0
only_dynamic,24,24,0
obviously_visible,24,24,0
as_worthless,24,22,2
especially_sensitive,24,24,0
remotely_original,24,15,9
particularly_awful,24,21,3
less_confident,24,23,1
as_cranky,24,24,0
too_needy,24,24,0
very_delicate,24,24,0
too_prohibitive,24,24,0
always_automatic,24,24,0
currently_involved,24,23,1
outwardly_visible,24,24,0
totally_unaware,24,24,0
more_varied,24,24,0
as_granular,24,24,0
fully_hard,24,24,0
always_congruent,24,24,0
not_healthy,24,24,0
just_viable,24,24,0
too_icy,24,23,1
just_vegetarian,24,24,0
more_bold,24,19,5
utterly_absurd,24,23,1
no_good,24,22,2
normally_necessary,24,24,0
very_alert,24,24,0
especially_novel,24,14,10
fully_accountable,24,24,0
so_grandiose,24,21,3
less_destructive,24,24,0
as_delighted,24,24,0
as_dim,24,24,0
always_understandable,24,24,0
less_essential,24,21,3
so_imminent,24,24,0
as_healthful,24,24,0
more_dispiriting,24,10,14
necessarily_attributable,24,24,0
only_accountable,24,24,0
especially_satisfying,24,24,0
real_likely,24,23,1
too_racy,24,11,13
very_protective,24,24,0
very_bulky,24,24,0
not_difficult,24,23,1
as_hurtful,24,21,3
entirely_gloomy,24,24,0
ridiculously_high,24,24,0
terribly_offensive,24,17,7
super_scary,24,23,1
exclusively_christian,24,23,1
quite_straightforward,24,24,0
as_sound,24,24,0
markedly_better,24,24,0
horribly_wrong,24,13,11
only_creepy,24,24,0
well_trained,24,24,0
just_economical,24,24,0
too_chatty,24,24,0
super_careful,24,24,0
quite_tender,24,21,3
too_cartoony,24,24,0
entirely_simple,24,24,0
super_athletic,24,23,1
very_speedy,24,24,0
super_aggressive,24,24,0
so_coincidental,24,24,0
totally_conclusive,24,24,0
just_controversial,24,24,0
completely_selfless,24,24,0
so_flippant,24,24,0
easily_susceptible,24,24,0
so_psyched,24,24,0
only_unprepared,24,24,0
actually_likely,24,23,1
financially_liable,24,23,1
only_illegitimate,24,24,0
easily_upset,24,24,0
even_tall,24,24,0
just_bizarre,24,24,0
too_cloudy,24,23,1
easily_portable,24,24,0
just_biological,24,24,0
as_macho,24,24,0
as_binary,24,23,1
necessarily_immoral,24,23,1
just_hilarious,24,24,0
n't_useful,24,24,0
easily_forthcoming,24,24,0
really_lucky,24,23,1
too_stringent,24,23,1
so_crappy,24,24,0
overly_cold,24,24,0
entirely_candid,24,24,0
always_immune,24,23,1
perfectly_representative,24,24,0
even_japanese,24,24,0
so_compassionate,24,24,0
overly_protective,24,24,0
so_laughable,24,24,0
only_unappealing,24,24,0
just_flexible,24,24,0
as_steamy,24,24,0
horribly_expensive,24,24,0
only_expert,24,24,0
only_influential,24,24,0
totally_bleak,24,23,1
criminally_insane,24,24,0
as_squeamish,24,24,0
just_feasible,24,24,0
entirely_sober,24,24,0
more_fit,24,22,2
overly_ripe,24,22,2
entirely_linear,24,24,0
super_intuitive,24,24,0
sufficiently_complete,24,23,1
very_sanitary,24,24,0
inherently_valuable,24,20,4
quite_poor,24,24,0
totally_fun,24,24,0
exactly_impartial,24,23,1
ever_willing,24,24,0
yet_compliant,24,24,0
actually_angry,24,24,0
overly_skilled,24,24,0
that_black,24,24,0
inherently_improper,24,8,16
entirely_popular,24,24,0
inherently_implausible,24,21,3
physically_perfect,24,24,0
as_prohibitive,24,24,0
necessarily_nefarious,24,19,5
so_noteworthy,24,22,2
too_sloppy,24,23,1
overly_talented,24,24,0
only_commendable,24,24,0
incredibly_surprising,24,21,3
only_thrilled,24,24,0
much_positive,24,23,1
altogether_unknown,24,24,0
incredibly_interesting,24,22,2
more_preposterous,24,22,2
only_compact,24,24,0
incredibly_exciting,24,23,1
yet_applicable,24,24,0
so_oppressive,24,24,0
as_erotic,24,22,2
sufficiently_prepared,24,24,0
very_respectable,24,24,0
quite_representative,24,24,0
more_integral,24,19,5
mutually_compatible,24,24,0
so_ludicrous,24,24,0
only_sure,24,24,0
physically_beautiful,24,22,2
too_accessible,24,23,1
only_contradictory,24,24,0
that_competent,24,24,0
completely_representative,24,24,0
more_civilized,24,22,2
entirely_ridiculous,24,24,0
yet_definite,24,24,0
likely_ready,24,24,0
totally_objective,24,23,1
completely_relaxed,24,24,0
only_contagious,24,24,0
more_heroic,24,16,8
immediately_helpful,24,24,0
socially_conscious,24,24,0
ever_okay,24,23,1
exactly_likable,24,24,0
actually_essential,24,24,0
so_fertile,24,24,0
overly_verbose,24,24,0
always_flawless,24,24,0
initially_impressed,24,24,0
super_intense,24,19,5
yet_smart,24,24,0
so_shitty,24,24,0
so_strenuous,24,24,0
terribly_quick,24,23,1
as_unforgiving,24,24,0
entirely_beneficial,24,24,0
too_elegant,24,18,6
particularly_unhappy,24,24,0
naturally_talented,24,24,0
entirely_sufficient,24,24,0
just_neutral,24,24,0
too_vigilant,24,24,0
all_scary,24,24,0
uniformly_bad,24,24,0
more_athletic,24,24,0
as_unfortunate,24,21,3
just_modern,24,24,0
too_wacky,24,20,4
just_messy,24,24,0
only_shorter,24,24,0
less_prone,24,24,0
too_welcome,24,23,1
very_reactive,24,24,0
always_peachy,24,24,0
only_erroneous,24,24,0
just_lower,24,23,1
always_brilliant,24,24,0
wildly_expensive,24,23,1
totally_ridiculous,24,23,1
outwardly_apparent,24,24,0
just_predictable,24,24,0
more_ugly,24,17,7
as_combative,24,24,0
particularly_endearing,24,22,2
uncomfortably_tight,24,24,0
too_garish,24,21,3
only_unemployed,24,24,0
particularly_soft,24,23,1
particularly_bitter,24,23,1
so_furious,24,24,0
surprisingly_most,24,24,0
slightly_different,24,23,1
particularly_stressful,24,23,1
that_talkative,24,24,0
as_infamous,24,24,0
more_english,24,20,4
too_geeky,24,23,1
any_deeper,24,23,1
more_magnificent,24,12,12
less_passionate,24,23,1
merely_intellectual,24,24,0
really_trans,24,24,0
so_correct,24,24,0
so_wary,24,24,0
particularly_sentimental,24,24,0
completely_unnecessary,24,24,0
more_evocative,24,16,8
uniformly_bleak,24,24,0
even_equal,24,24,0
only_sophisticated,24,24,0
not_acceptable,24,23,1
actually_surprising,24,24,0
just_inspirational,24,24,0
much_costly,24,24,0
only_mental,24,24,0
very_intimate,24,24,0
merely_human,24,23,1
so_snug,24,24,0
super_picky,24,24,0
most_user-friendly,24,24,0
even_fat,24,24,0
more_efficacious,24,20,4
longer_interested,24,24,0
usually_feasible,24,24,0
that_ready,24,24,0
terribly_pleasant,24,24,0
too_rowdy,24,23,1
n't_worthy,24,24,0
n't_wonderful,24,24,0
necessarily_traditional,24,23,1
very_crucial,24,24,0
truly_accurate,24,24,0
super_loud,24,24,0
so_appalling,24,23,1
always_sensitive,24,24,0
so_spacious,24,22,2
only_unconscionable,24,24,0
only_bizarre,24,24,0
counter_productive,24,24,0
as_campy,24,24,0
merely_important,24,24,0
just_ironic,24,24,0
only_european,24,24,0
perfectly_analogous,24,24,0
so_well-known,24,23,1
that_shy,24,24,0
more_remote,24,23,1
as_bulletproof,24,24,0
perfectly_capable,24,22,2
that_violent,24,24,0
that_versatile,24,24,0
highly_popular,24,24,0
highly_motivated,24,24,0
entirely_valid,23,23,0
more_constant,23,16,7
as_flavourful,23,23,0
more_constructive,23,15,8
blindly_optimistic,23,23,0
less_noble,23,19,4
consistently_strong,23,23,0
as_flawed,23,23,0
entirely_white,23,22,1
necessarily_greener,23,23,0
too_skimpy,23,22,1
terribly_powerful,23,22,1
clearly_illegal,23,23,0
only_distasteful,23,23,0
extremely_reliable,23,23,0
more_charitable,23,23,0
more_caring,23,23,0
fiscally_irresponsible,23,23,0
that_bullish,23,23,0
scientifically_reliable,23,23,0
too_provocative,23,21,2
terribly_much,23,19,4
necessarily_revolutionary,23,23,0
too_profound,23,14,9
necessarily_skilled,23,23,0
more_pernicious,23,14,9
more_commonplace,23,20,3
as_feeble,23,23,0
necessarily_over,23,23,0
so_affluent,23,23,0
so_frantic,23,23,0
extremely_worried,23,22,1
extremely_long,23,23,0
scientifically_rigorous,23,23,0
necessarily_short,23,23,0
truly_capable,23,21,2
necessarily_glamorous,23,23,0
necessarily_inappropriate,23,22,1
so_worthless,23,20,3
extremely_impressed,23,23,0
less_tragic,23,21,2
clearly_consistent,23,23,0
normally_much,23,23,0
usually_comfortable,23,23,0
entirely_reasonable,23,23,0
clearly_audible,23,23,0
less_favorable,23,23,0
so_american,23,16,7
less_fortunate,23,22,1
usually_related,23,23,0
so_compliant,23,23,0
so_amused,23,22,1
so_dismal,23,22,1
so_fleeting,23,22,1
necessarily_unreasonable,23,22,1
too_stretchy,23,23,0
completely_voluntary,23,23,0
entirely_groundless,23,23,0
manifestly_excessive,23,23,0
just_fabulous,23,23,0
as_mean-spirited,23,23,0
as_sociable,23,23,0
completely_easy,23,23,0
exactly_shabby,23,23,0
so_respectful,23,23,0
just_divisive,23,23,0
so_respectable,23,22,1
even_red,23,23,0
too_bumpy,23,23,0
as_minor,23,22,1
easily_scalable,23,23,0
just_confident,23,23,0
just_complex,23,23,0
so_prudent,23,23,0
as_modest,23,22,1
even_stronger,23,23,0
even_successful,23,23,0
as_morbid,23,23,0
n't_awesome,23,21,2
as_muddy,23,23,0
as_runny,23,23,0
sufficiently_stable,23,23,0
totally_boring,23,23,0
so_credible,23,23,0
only_digital,23,23,0
only_brighter,23,23,0
only_curious,23,23,0
more_repugnant,23,16,7
too_despondent,23,23,0
that_well-known,23,23,0
that_willing,23,23,0
just_inefficient,23,23,0
just_inconsistent,23,23,0
so_delusional,23,23,0
super_original,23,20,3
merely_historical,23,23,0
truly_terrible,23,14,9
more_tense,23,22,1
more_articulate,23,22,1
so_emphatic,23,23,0
much_disappointed,23,23,0
as_suave,23,22,1
as_long-lived,23,23,0
exactly_unhappy,23,23,0
exactly_unfamiliar,23,23,0
so_cramped,23,23,0
morally_problematic,23,21,2
exactly_tiny,23,23,0
n't_talented,23,22,1
completely_green,23,23,0
just_artistic,23,23,0
sufficiently_small,23,23,0
so_pointless,23,21,2
directly_traceable,23,23,0
so_current,23,23,0
totally_full,23,23,0
strictly_linear,23,23,0
so_ominous,23,18,5
so_okay,23,23,0
as_predominant,23,23,0
strictly_religious,23,22,1
sufficiently_critical,23,23,0
as_precarious,23,23,0
exactly_accessible,23,23,0
completely_mature,23,23,0
so_momentous,23,18,5
sufficiently_big,23,23,0
therefore_clear,23,23,0
strictly_vegan,23,23,0
sufficiently_attentive,23,23,0
so_earnest,23,23,0
more_incongruous,23,22,1
much_present,23,22,1
as_personable,23,23,0
sufficiently_able,23,23,0
more_immediate,23,18,5
initially_keen,23,23,0
exactly_interesting,23,22,1
sufficiently_inclusive,23,23,0
sufficiently_long,23,23,0
truly_serious,23,22,1
as_respectable,23,23,0
spiritually_mature,23,23,0
sufficiently_protective,23,23,0
as_relentless,23,23,0
too_academic,23,22,1
so_persuasive,23,23,0
too_abrupt,23,23,0
exactly_neutral,23,23,0
internationally_competitive,23,23,0
totally_fine,23,23,0
immediately_profitable,23,23,0
ever_new,23,19,4
sufficiently_knowledgeable,23,23,0
only_constant,23,23,0
ever_permanent,23,22,1
completely_incompetent,23,23,0
completely_incorrect,23,23,0
completely_real,23,23,0
strictly_applicable,23,23,0
innately_good,23,21,2
innately_bad,23,19,4
totally_realistic,23,23,0
super_sensitive,23,22,1
as_troubled,23,21,2
just_transactional,23,23,0
fully_reflective,23,23,0
necessarily_dark,23,23,0
obviously_relevant,23,21,2
most_promising,23,23,0
legally_culpable,23,23,0
that_innovative,23,23,0
legally_competent,23,23,0
truly_empty,23,23,0
necessarily_cool,23,23,0
so_iconic,23,21,2
especially_enthusiastic,23,23,0
just_worthy,23,23,0
only_despicable,23,23,0
very_amused,23,23,0
so_imaginary,23,23,0
just_unwise,23,23,0
that_lucrative,23,23,0
merely_rhetorical,23,23,0
really_wide,23,23,0
more_distinctive,23,18,5
just_unattractive,23,23,0
more_unpredictable,23,18,5
long_winded,23,23,0
so_condescending,23,23,0
necessarily_democratic,23,23,0
legally_present,23,23,0
extremely_clear,23,23,0
as_glad,23,20,3
most_logical,23,23,0
necessarily_exhaustive,23,23,0
not_effective,23,23,0
ridiculously_easy,23,23,0
totally_unusual,23,21,2
less_common,23,23,0
extremely_confident,23,23,0
not_ok,23,23,0
more_vague,23,18,5
better_prepared,23,21,2
merely_technical,23,23,0
extremely_busy,23,23,0
better_off,23,23,0
as_groundbreaking,23,22,1
too_matte,23,22,1
entirely_flawless,23,23,0
as_grumpy,23,23,0
too_tender,23,22,1
notably_different,23,21,2
especially_beautiful,23,21,2
necessarily_destructive,23,23,0
necessarily_central,23,23,0
very_astute,23,23,0
too_distressed,23,22,1
just_tolerant,23,23,0
genuinely_happy,23,23,0
especially_valuable,23,22,1
especially_warm,23,23,0
as_verbose,23,23,0
as_vehement,23,23,0
technically_adept,23,23,0
so_insensitive,23,23,0
completely_whole,23,23,0
as_vague,23,23,0
only_comparable,23,23,0
nearly_important,23,23,0
as_upfront,23,23,0
totally_satisfactory,23,23,0
just_preferable,23,23,0
exceptionally_strong,23,22,1
so_distressing,23,22,1
so_enormous,23,22,1
just_organic,23,23,0
as_ironic,23,21,2
as_unbearable,23,23,0
as_irritated,23,23,0
more_tiresome,23,14,9
more_literal,23,22,1
that_religious,23,23,0
more_educated,23,22,1
too_gloomy,23,23,0
very_charismatic,23,23,0
most_straightforward,23,23,0
that_obsessed,23,23,0
automatically_available,23,23,0
necessarily_boring,23,23,0
generally_effective,23,23,0
so_touristy,23,23,0
necessarily_averse,23,23,0
that_polite,23,23,0
more_mobile,23,21,2
only_alarming,23,23,0
especially_skilled,23,23,0
too_grainy,23,23,0
as_imposing,23,23,0
especially_smart,23,23,0
too_handsome,23,22,1
that_promising,23,23,0
just_seasonal,23,23,0
especially_surprised,23,20,3
so_inflexible,23,23,0
exclusively_american,23,22,1
too_grandiose,23,21,2
truly_unlimited,23,22,1
truly_memorable,23,13,10
most_sensitive,23,22,1
wholly_consistent,23,23,0
really_dry,23,23,0
readily_understandable,23,23,0
overly_creative,23,23,0
quite_feasible,23,23,0
particularly_tight,23,23,0
very_mindful,23,23,0
always_adept,23,23,0
particularly_encouraging,23,22,1
always_proportional,23,23,0
wholly_unfamiliar,23,23,0
always_scary,23,23,0
particularly_constructive,23,23,0
very_strategic,23,23,0
always_genuine,23,23,0
always_prudent,23,23,0
only_superb,23,23,0
over_ambitious,23,23,0
particularly_partial,23,23,0
only_thrilling,23,23,0
as_delusional,23,23,0
particularly_photogenic,23,22,1
always_similar,23,23,0
any_lighter,23,23,0
always_significant,23,23,0
only_sexist,23,23,0
always_sharp,23,22,1
only_painless,23,23,0
really_annoying,23,22,1
very_perfect,23,23,0
quite_traditional,23,23,0
always_favourable,23,23,0
really_detailed,23,22,1
always_final,23,23,0
only_obnoxious,23,23,0
always_financial,23,23,0
wholly_reliant,23,23,0
overtly_violent,23,20,3
overly_painful,23,23,0
particularly_democratic,23,18,5
perfectly_fair,23,23,0
only_reflective,23,23,0
altogether_necessary,23,23,0
particularly_magical,23,11,12
only_hungry,23,23,0
always_hungry,23,23,0
really_edible,23,23,0
very_trendy,23,23,0
all_thrilled,23,23,0
particularly_graceful,23,21,2
perfectly_comfortable,23,23,0
patently_false,23,23,0
as_bubbly,23,23,0
very_refreshing,23,23,0
wildly_original,23,17,6
really_objective,23,23,0
very_tempting,23,23,0
really_radical,23,18,5
very_walkable,23,23,0
physically_powerful,23,23,0
always_grateful,23,23,0
very_substantive,23,22,1
particularly_troublesome,23,18,5
only_worthless,23,23,0
always_handy,23,23,0
as_dominate,23,23,0
particularly_eventful,23,18,5
only_sinful,23,23,0
overly_careful,23,23,0
particularly_nuanced,23,23,0
very_noticable,23,23,0
as_awe,23,21,2
physically_talented,23,23,0
wholly_familiar,23,23,0
well_conversant,23,23,0
only_unfit,23,23,0
as_cordial,23,23,0
as_engrossing,23,23,0
very_mainstream,23,22,1
quite_reliable,23,23,0
very_lengthy,23,22,1
any_tighter,23,23,0
very_odd,23,15,8
only_dominant,23,23,0
politically_conservative,23,23,0
also_responsible,23,23,0
quite_scary,23,22,1
physically_accessible,23,23,0
very_oily,23,23,0
as_considerate,23,23,0
only_typical,23,23,0
as_erratic,23,23,0
any_warmer,23,23,0
already_famous,23,23,0
really_inspiring,23,19,4
only_german,23,23,0
always_voluntary,23,23,0
quite_fun,23,23,0
very_hairy,23,23,0
only_messy,23,23,0
well_underway,23,23,0
only_indispensable,23,23,0
always_meaningful,23,23,0
always_dark,23,23,0
really_crowded,23,23,0
only_eligible,23,23,0
always_small,23,23,0
only_tiresome,23,23,0
overly_reactive,23,23,0
purely_aesthetic,22,22,0
very_visual,22,22,0
real_surprised,22,21,1
too_prone,22,22,0
yet_irreversible,22,22,0
sufficiently_competent,22,22,0
exactly_obscure,22,22,0
really_indian,22,22,0
too_verbose,22,21,1
just_misleading,22,22,0
that_pathetic,22,22,0
nearly_adequate,22,22,0
more_portable,22,21,1
too_gooey,22,22,0
overly_strict,22,22,0
very_honorable,22,22,0
so_competent,22,22,0
particularly_better,22,22,0
extremely_interesting,22,20,2
quite_exact,22,22,0
as_brief,22,22,0
particularly_compatible,22,22,0
entirely_fruitless,22,22,0
very_ready,22,22,0
even_coherent,22,22,0
as_callous,22,21,1
so_inexplicable,22,22,0
particularly_crowded,22,21,1
entirely_fresh,22,22,0
just_shocking,22,22,0
more_regrettable,22,11,11
as_righteous,22,17,5
as_buggy,22,22,0
more_revolting,22,16,6
more_priceless,22,16,6
more_frightful,22,3,19
as_scrupulous,22,22,0
incredibly_good,22,22,0
deeply_flawed,22,22,0
more_frightened,22,22,0
that_technical,22,22,0
incredibly_detailed,22,22,0
more_privileged,22,20,2
really_conclusive,22,16,6
necessarily_exciting,22,22,0
too_fantastic,22,18,4
financially_attractive,22,22,0
necessarily_appealing,22,22,0
blatantly_racist,22,22,0
clearly_superior,22,20,2
truly_satisfying,22,20,2
more_modest,22,19,3
more_insightful,22,17,5
just_qualified,22,22,0
only_scarce,22,22,0
very_problematic,22,21,1
as_untouchable,22,22,0
as_concentrated,22,22,0
so_contentious,22,22,0
more_mindful,22,21,1
real_tall,22,22,0
truly_spectacular,22,16,6
exactly_important,22,22,0
so_nonchalant,22,22,0
exactly_innovative,22,22,0
necessarily_comforting,22,22,0
just_pretty,22,22,0
really_loud,22,21,1
just_philosophical,22,22,0
too_tempting,22,22,0
more_manageable,22,22,0
necessarily_benign,22,22,0
more_ludicrous,22,20,2
often_fatal,22,22,0
only_separate,22,22,0
dangerously_close,22,22,0
yet_standard,22,22,0
totally_alien,22,22,0
particularly_complimentary,22,22,0
yet_deep,22,22,0
sufficiently_confident,22,22,0
particularly_transparent,22,22,0
particularly_toxic,22,21,1
too_enamored,22,20,2
sufficiently_impressed,22,22,0
only_demeaning,22,22,0
as_unanimous,22,22,0
always_literal,22,22,0
less_influential,22,20,2
overwhelmingly_strong,22,22,0
especially_welcoming,22,22,0
quite_keen,22,22,0
particularly_short,22,22,0
really_mexican,22,22,0
altogether_altruistic,22,22,0
more_nostalgic,22,10,12
very_hilly,22,22,0
totally_inconceivable,22,22,0
readily_forthcoming,22,22,0
truly_wrong,22,7,15
only_enthusiastic,22,22,0
truly_relevant,22,19,3
very_greasy,22,22,0
exactly_immune,22,22,0
really_invisible,22,21,1
as_insignificant,22,19,3
as_tumultuous,22,22,0
regularly_active,22,22,0
that_widespread,22,22,0
so_instant,22,22,0
culturally_specific,22,20,2
all_uncomfortable,22,22,0
all_favorable,22,22,0
too_tacky,22,20,2
extremely_beautiful,22,21,1
merely_difficult,22,22,0
very_sanguine,22,22,0
actually_native,22,22,0
too_weighty,22,21,1
just_counterproductive,22,22,0
culturally_significant,22,20,2
still_fun,22,22,0
quite_spectacular,22,21,1
too_revealing,22,15,7
still_clear,22,22,0
precisely_certain,22,22,0
much_impressive,22,22,0
completely_sane,22,21,1
as_nostalgic,22,20,2
all_local,22,22,0
ever_ok,22,22,0
quite_tangible,22,21,1
very_correct,22,22,0
too_chuffed,22,20,2
only_tastier,22,22,0
much_sure,22,22,0
particularly_emotional,22,20,2
uncomfortably_hot,22,22,0
just_due,22,22,0
all_flat,22,20,2
even_practical,22,22,0
merely_dead,22,22,0
fully_literate,22,22,0
genuinely_funny,22,21,1
always_blue,22,22,0
just_dishonest,22,22,0
ever_open,22,21,1
better_pleased,22,22,0
entirely_straight,22,22,0
only_tricky,22,22,0
so_likable,22,22,0
utterly_impossible,22,21,1
precisely_correct,22,22,0
just_brave,22,22,0
slightly_interested,22,22,0
just_active,22,22,0
completely_unfair,22,21,1
only_conceivable,22,22,0
slightly_higher,22,21,1
terribly_reassuring,22,22,0
about_more,22,22,0
only_foreseeable,22,22,0
really_talented,22,22,0
even_vegan,22,22,0
actually_ill,22,22,0
just_apparent,22,22,0
just_casual,22,21,1
too_accustomed,22,22,0
even_shy,22,22,0
most_talkative,22,22,0
particularly_distinct,22,18,4
most_prevalent,22,20,2
always_distinct,22,22,0
always_comforting,22,22,0
just_complicated,22,21,1
as_phenomenal,22,22,0
too_revolutionary,22,6,16
that_distinct,22,21,1
most_representative,22,22,0
much_famous,22,22,0
remotely_life-threatening,22,22,0
just_clear,22,22,0
really_catholic,22,21,1
only_unattainable,22,22,0
remotely_romantic,22,12,10
easily_broken,22,16,6
constantly_easy,22,22,0
about_perfect,22,22,0
even_enjoyable,22,22,0
critically_endangered,22,22,0
independently_verifiable,22,22,0
as_lyrical,22,22,0
simply_great,22,22,0
exactly_polite,22,22,0
altogether_positive,22,22,0
actually_sorry,22,22,0
that_profound,22,22,0
terribly_steep,22,22,0
too_crumbly,22,21,1
too_crude,22,21,1
so_candid,22,22,0
actually_scared,22,22,0
perfectly_parallel,22,22,0
very_cohesive,22,22,0
exactly_cold,22,22,0
exactly_compelling,22,21,1
as_atrocious,22,21,1
exactly_concerned,22,22,0
too_vibrant,22,20,2
ordinarily_available,22,22,0
more_serene,22,12,10
actually_terrible,22,22,0
really_physical,22,21,1
even_decent,22,22,0
very_relatable,22,22,0
as_repulsive,22,22,0
just_intelligent,22,22,0
very_forceful,22,22,0
more_splendid,22,13,9
entirely_worth,22,22,0
specifically_christian,22,18,4
purely_evil,22,22,0
very_touristy,22,22,0
generally_visible,22,22,0
remotely_attractive,22,17,5
too_cliched,22,22,0
most_articulate,22,22,0
as_appalling,22,22,0
completely_ideal,22,22,0
as_puffy,22,22,0
constitutionally_permissible,22,22,0
half_over,22,22,0
completely_impressed,22,22,0
most_charismatic,22,22,0
quite_crazy,22,22,0
merely_coincidental,22,22,0
always_admirable,22,22,0
simply_possible,22,22,0
so_prosperous,22,22,0
yet_appropriate,22,22,0
so_malleable,22,22,0
overly_sexual,22,20,2
purely_functional,22,22,0
always_generous,22,22,0
just_happier,22,22,0
entirely_unsuccessful,22,22,0
so_brittle,22,22,0
more_upfront,22,22,0
first_apparent,22,22,0
too_convoluted,22,21,1
really_relaxed,22,22,0
completely_functional,22,22,0
all_dissimilar,22,22,0
so_upsetting,22,22,0
more_wholesome,22,15,7
strictly_traditional,22,22,0
less_subtle,22,22,0
all_uniform,22,22,0
inherently_governmental,22,21,1
entirely_unsurprising,22,22,0
always_glorious,22,22,0
very_predictive,22,22,0
too_energetic,22,18,4
more_canadian,22,8,14
too_squishy,22,21,1
very_messy,22,22,0
so_savory,22,21,1
super_religious,22,22,0
already_sufficient,22,22,0
necessarily_normal,22,22,0
very_limited,22,22,0
normally_aware,22,22,0
just_tolerable,22,22,0
extremely_concerned,22,21,1
really_vital,22,22,0
overtly_offensive,22,17,5
already_high,22,22,0
truly_exceptional,22,21,1
only_naked,22,22,0
overly_costly,22,22,0
more_dirty,22,19,3
as_vociferous,22,22,0
too_partisan,22,21,1
only_regrettable,22,22,0
exactly_secure,22,22,0
more_descriptive,22,20,2
as_touchy,22,22,0
as_flippant,22,22,0
so_deserving,22,21,1
as_efficacious,22,22,0
too_pedantic,22,22,0
as_enduring,22,21,1
already_rich,22,22,0
especially_political,22,20,2
super_pleased,22,22,0
already_great,22,22,0
socially_inept,22,21,1
as_endangered,22,22,0
fully_conclusive,22,20,2
so_engaging,22,21,1
only_pretty,22,22,0
so_physical,22,21,1
so_dependable,22,22,0
more_epic,22,12,10
pretty_right,22,22,0
fully_right,22,22,0
only_reluctant,22,22,0
quite_green,22,22,0
especially_optimistic,22,22,0
readily_achievable,22,21,1
overly_useful,22,22,0
yet_ideal,22,22,0
so_perceptive,22,22,0
all_vegan,22,22,0
automatically_exempt,22,22,0
too_overpriced,22,22,0
really_eligible,22,22,0
particularly_grand,22,19,3
only_biological,22,22,0
extremely_competitive,22,21,1
absolutely_fantastic,22,22,0
as_grainy,22,22,0
totally_averse,22,22,0
visibly_wrong,22,5,17
more_compact,22,22,0
only_receptive,22,22,0
more_breathtaking,22,12,10
too_indulgent,22,22,0
always_recognizable,22,21,1
super_proud,22,22,0
more_coherent,22,21,1
fairly_obvious,22,22,0
politically_sensitive,22,19,3
really_doable,22,22,0
only_racial,22,22,0
about_appealing,22,22,0
as_gigantic,22,22,0
truly_awful,22,17,5
only_questionable,22,22,0
particularly_logical,22,21,1
any_wider,22,22,0
always_rewarding,22,22,0
exactly_serious,22,22,0
academically_inclined,22,22,0
yet_warm,22,22,0
overly_compelling,22,20,2
already_visible,22,22,0
really_excellent,22,20,2
as_determined,22,22,0
so_heinous,22,18,4
particularly_objectionable,22,11,11
very_delicious,22,22,0
exactly_timely,22,22,0
exactly_thick,22,22,0
directly_enforceable,22,22,0
necessarily_sick,22,22,0
yet_fit,22,22,0
too_stoked,22,22,0
particularly_bothersome,22,22,0
necessarily_scientific,22,22,0
exactly_sustainable,22,22,0
exactly_silent,22,22,0
particularly_grateful,22,22,0
that_classy,22,22,0
as_sterile,22,22,0
as_splendid,22,21,1
extremely_familiar,22,22,0
just_spanish,22,22,0
very_marketable,22,22,0
always_practicable,22,22,0
super_old,22,22,0
too_noteworthy,22,13,9
that_clear-cut,22,22,0
merely_subjective,22,22,0
medically_appropriate,22,22,0
extraordinarily_high,22,22,0
as_theatrical,22,22,0
so_pleasurable,22,22,0
that_welcoming,22,22,0
overly_explicit,22,21,1
particularly_burdensome,22,22,0
always_worthwhile,22,22,0
always_solid,22,22,0
so_exact,22,22,0
as_worldly,22,21,1
so_feasible,22,22,0
reasonably_avoidable,22,22,0
all_real,22,22,0
as_horny,22,22,0
more_exclusive,22,18,4
exactly_predictable,22,21,1
only_preposterous,22,22,0
too_notable,22,7,15
outright_racist,22,21,1
overly_easy,22,22,0
seasonally_appropriate,22,22,0
as_tenuous,22,21,1
only_descriptive,22,22,0
all_visible,22,22,0
more_focused,22,22,0
so_ethical,22,22,0
overly_dominant,22,19,3
chronically_ill,22,22,0
so_fluffy,22,22,0
even_honest,21,21,0
just_bright,21,21,0
not_related,21,20,1
particularly_essential,21,20,1
more_unnerving,21,13,8
fully_trustworthy,21,21,0
super_productive,21,21,0
economically_sound,21,21,0
economically_sensible,21,21,0
very_lonely,21,21,0
inherently_contradictory,21,11,10
already_impressive,21,21,0
so_flawed,21,21,0
as_astonishing,21,21,0
altogether_sorry,21,21,0
even_sweet,21,21,0
just_ceremonial,21,21,0
most_adept,21,21,0
very_educational,21,21,0
too_confrontational,21,19,2
totally_relevant,21,21,0
terribly_profitable,21,21,0
as_frail,21,21,0
totally_weird,21,19,2
particularly_honest,21,21,0
only_provocative,21,21,0
as_sweaty,21,21,0
just_global,21,21,0
altogether_unfamiliar,21,20,1
particularly_green,21,21,0
always_universal,21,21,0
too_contrived,21,20,1
more_vigorous,21,19,2
too_judgemental,21,21,0
altogether_satisfying,21,20,1
always_detectable,21,21,0
as_mellow,21,21,0
all_red,21,21,0
as_frugal,21,21,0
extremely_rich,21,21,0
just_bored,21,21,0
still_hungry,21,21,0
exactly_better,21,21,0
more_subject,21,20,1
so_poetic,21,19,2
militarily_significant,21,21,0
just_wet,21,20,1
as_excruciating,21,21,0
exactly_stunning,21,21,0
that_inconvenient,21,21,0
more_succinct,21,20,1
super_dark,21,20,1
scientifically_correct,21,21,0
any_quicker,21,21,0
personally_worried,21,21,0
less_religious,21,21,0
super_critical,21,21,0
as_unrelated,21,21,0
too_reckless,21,21,0
overly_attractive,21,20,1
absolutely_terrible,21,19,2
as_subversive,21,21,0
totally_separate,21,20,1
always_timely,21,21,0
all_quiet,21,21,0
too_delighted,21,16,5
particularly_curious,21,20,1
so_frank,21,19,2
as_unsafe,21,21,0
totally_absurd,21,20,1
just_basic,21,19,2
as_overwhelmed,21,21,0
only_classy,21,21,0
yet_manifest,21,21,0
infinitely_old,21,21,0
even_gonna,21,21,0
most_welcome,21,21,0
too_irritating,21,20,1
even_functional,21,21,0
excessively_large,21,21,0
so_blissful,21,20,1
entirely_reflective,21,21,0
any_crazier,21,21,0
actually_single,21,21,0
just_worse,21,20,1
only_negligent,21,21,0
really_disturbing,21,19,2
as_bare,21,21,0
particularly_evident,21,21,0
directly_analogous,21,21,0
all_boring,21,21,0
quite_related,21,21,0
wholly_absent,21,21,0
individually_responsible,21,21,0
really_public,21,21,0
more_tantalizing,21,13,8
obviously_better,21,20,1
really_proof,21,21,0
completely_dominant,21,21,0
yet_hopeless,21,21,0
fully_trained,21,21,0
inherently_incompatible,21,17,4
very_courageous,21,20,1
too_cheerful,21,18,3
completely_obsessed,21,21,0
highly_probable,21,21,0
always_factual,21,21,0
very_massive,21,20,1
economically_disadvantaged,21,21,0
initially_visible,21,21,0
only_baffling,21,21,0
completely_matte,21,21,0
even_personal,21,21,0
so_reactive,21,21,0
strictly_essential,21,21,0
so_eccentric,21,18,3
entirely_unbelievable,21,21,0
thus_clear,21,21,0
particularly_apparent,21,21,0
technically_complex,21,21,0
quite_daring,21,21,0
quite_practical,21,21,0
as_okay,21,21,0
constantly_available,21,21,0
only_unsuitable,21,21,0
exactly_wild,21,21,0
most_enthusiastic,21,21,0
actually_perfect,21,21,0
usually_ready,21,21,0
as_watery,21,21,0
not_surprising,21,17,4
only_disheartening,21,21,0
only_mobile,21,21,0
particularly_eloquent,21,21,0
as_populous,21,21,0
always_elegant,21,21,0
too_meaningful,21,19,2
remotely_feasible,21,20,1
readily_susceptible,21,21,0
so_abrasive,21,21,0
less_scary,21,20,1
ever_late,21,21,0
physically_different,21,18,3
fully_intact,21,21,0
always_economical,21,21,0
completely_pointless,21,21,0
economically_active,21,21,0
overly_great,21,19,2
less_annoying,21,17,4
overtly_wrong,21,3,18
abnormally_high,21,21,0
much_inferior,21,21,0
as_enamoured,21,21,0
now_eligible,21,21,0
especially_aggressive,21,21,0
so_witty,21,21,0
historically_bad,21,20,1
terribly_sad,21,21,0
distinctly_different,21,21,0
then_able,21,21,0
as_thankful,21,21,0
really_chinese,21,20,1
only_unthinkable,21,21,0
any_funnier,21,21,0
most_rewarding,21,21,0
really_clever,21,18,3
very_blue,21,21,0
easily_marketable,21,21,0
very_inspirational,21,20,1
so_racist,21,21,0
too_tame,21,21,0
extremely_detailed,21,19,2
remotely_clear,21,20,1
just_coincidental,21,21,0
more_amazed,21,21,0
constitutionally_qualified,21,21,0
less_delicious,21,16,5
as_fluid,21,21,0
only_fabulous,21,21,0
particularly_auspicious,21,20,1
too_mundane,21,21,0
very_restful,21,20,1
most_artistic,21,21,0
particularly_intrusive,21,20,1
as_ethical,21,21,0
longer_valid,21,21,0
exactly_tough,21,21,0
particularly_dense,21,21,0
altogether_unreasonable,21,20,1
that_enticing,21,21,0
even_measurable,21,21,0
startlingly_new,21,7,14
totally_worth,21,20,1
completely_inactive,21,21,0
only_prominent,21,21,0
even_newsworthy,21,21,0
just_intolerable,21,21,0
much_technical,21,21,0
so_explosive,21,18,3
that_satisfactory,21,21,0
so_astute,21,21,0
that_dire,21,21,0
very_disruptive,21,21,0
massively_different,21,19,2
overly_creamy,21,21,0
completely_soft,21,21,0
so_audacious,21,17,4
more_adamant,21,21,0
much_tighter,21,21,0
that_reasonable,21,21,0
entirely_cynical,21,21,0
legally_obligated,21,21,0
all_beneficial,21,21,0
only_peaceful,21,21,0
entirely_idle,21,21,0
much_upset,21,21,0
as_motivating,21,20,1
inherently_sexual,21,15,6
most_competent,21,21,0
overly_appealing,21,19,2
that_dominant,21,21,0
all_religious,21,21,0
particularly_cooperative,21,21,0
necessarily_painful,21,21,0
as_chunky,21,21,0
exactly_qualified,21,21,0
as_cinematic,21,21,0
financially_practical,21,21,0
so_demanding,21,21,0
significantly_faster,21,21,0
quite_cheap,21,21,0
highly_active,21,21,0
more_ordinary,21,18,3
actually_asleep,21,21,0
as_civil,21,21,0
only_anxious,21,21,0
immediately_applicable,21,21,0
officially_official,21,21,0
more_dependable,21,18,3
fully_comprehensible,21,21,0
real_flashy,21,20,1
more_nuanced,21,17,4
yet_comparable,21,21,0
overly_tired,21,21,0
only_environmental,21,21,0
only_inclusive,21,21,0
more_infamous,21,13,8
usually_successful,21,21,0
too_unlikely,21,21,0
too_human,21,20,1
as_cerebral,21,21,0
particularly_precise,21,21,0
only_limited,21,21,0
really_innocent,21,21,0
completely_acceptable,21,21,0
as_sadistic,21,19,2
too_informative,21,19,2
actually_blind,21,21,0
more_illustrative,21,18,3
too_informal,21,21,0
really_equivalent,21,20,1
that_terrifying,21,21,0
exactly_professional,21,21,0
always_pleasing,21,21,0
less_evil,21,20,1
only_repugnant,21,21,0
nearly_deep,21,21,0
that_flashy,21,21,0
totally_unjustified,21,21,0
always_objective,21,21,0
sufficiently_challenging,21,20,1
very_good-looking,21,21,0
even_adequate,21,21,0
only_male,21,21,0
so_conclusive,21,21,0
more_partisan,21,20,1
outright_wrong,21,17,4
just_optional,21,21,0
more_excruciating,21,9,12
just_ordinary,21,19,2
just_quiet,21,21,0
more_exasperating,21,8,13
particularly_terrible,21,15,6
so_convoluted,21,20,1
very_narrow,21,21,0
exactly_lightweight,21,21,0
immediately_understandable,21,21,0
necessarily_beholden,21,20,1
so_impulsive,21,21,0
sexually_intimate,21,21,0
so_creamy,21,21,0
only_inferior,21,21,0
just_prevalent,21,21,0
as_comparable,21,20,1
there_enough,21,21,0
just_pleasant,21,19,2
totally_implausible,21,21,0
too_pretty,21,20,1
so_crafty,21,21,0
necessarily_local,21,21,0
too_fashionable,21,20,1
entirely_organic,21,21,0
particularly_substantial,21,15,6
almost_identical,21,21,0
really_magical,21,16,5
terribly_aggressive,21,21,0
so_prescient,21,21,0
exactly_long,21,21,0
too_exhausting,21,18,3
too_enticing,21,21,0
totally_horrible,21,20,1
nearly_tough,21,20,1
too_passive,21,20,1
very_white,21,21,0
always_worthy,21,21,0
just_outdated,21,21,0
necessarily_offensive,21,21,0
more_discerning,21,21,0
fully_achievable,21,21,0
absolutely_mandatory,21,21,0
truly_fair,21,21,0
just_paranoid,21,21,0
more_merciful,21,21,0
too_esoteric,21,19,2
more_insistent,21,19,2
overly_supportive,21,20,1
very_pure,21,21,0
truly_indicative,21,21,0
that_conducive,21,21,0
necessarily_aggressive,21,21,0
clinically_dead,21,21,0
darn_good,21,21,0
entirely_memorable,21,21,0
sufficiently_grateful,21,21,0
overwhelmingly_powerful,21,19,2
only_deeper,21,21,0
more_criminal,21,16,5
too_playful,21,20,1
as_identifiable,21,21,0
patently_offensive,21,18,3
incredibly_painful,21,21,0
only_instructive,21,21,0
not_beautiful,21,20,1
super_trendy,21,21,0
real_nice,21,21,0
incredibly_long,21,21,0
totally_harmless,21,21,0
terribly_competitive,21,21,0
completely_bonkers,21,20,1
extremely_friendly,21,21,0
particularly_willing,21,20,1
actually_unique,21,21,0
especially_healthy,21,21,0
entirely_preventable,21,21,0
real_surprising,21,19,2
as_corny,21,19,2
only_humorous,21,21,0
fashionably_late,21,21,0
exactly_effective,21,21,0
very_aerodynamic,21,21,0
so_decisive,21,18,3
so_disagreeable,21,18,3
only_pertinent,21,21,0
financially_unsustainable,21,21,0
exactly_cute,21,21,0
more_chic,21,9,12
that_motivated,21,21,0
very_humid,21,21,0
necessarily_green,21,21,0
really_slow,21,21,0
necessarily_greater,21,21,0
more_generic,21,17,4
only_international,21,21,0
publicly_critical,21,21,0
completely_conscious,21,21,0
highly_durable,21,21,0
as_resourceful,21,21,0
deeply_offensive,21,20,1
completely_conclusive,21,21,0
really_past,21,21,0
also_present,21,21,0
any_busier,21,21,0
readily_distinguishable,21,21,0
as_life-threatening,21,20,1
very_advantageous,21,21,0
wholly_negative,21,21,0
as_smitten,21,21,0
just_many,21,21,0
just_meaningless,21,21,0
very_hoppy,21,21,0
particularly_crafty,21,21,0
necessarily_feasible,21,21,0
necessarily_favorable,21,21,0
entirely_powerless,21,21,0
universally_effective,21,21,0
exactly_portable,21,21,0
as_curvy,21,21,0
usually_clear,21,21,0
more_counterproductive,21,14,7
completely_apparent,21,21,0
as_sparse,21,21,0
exactly_enticing,21,21,0
entirely_comforting,21,20,1
so_overbearing,21,19,2
that_noisy,21,21,0
really_informative,21,20,1
more_cowardly,21,6,15
quintessentially_american,21,15,6
all_optimistic,21,21,0
as_gregarious,21,21,0
exactly_false,21,20,1
so_repetitive,21,21,0
generally_fatal,21,21,0
completely_awake,21,21,0
more_heartfelt,21,15,6
exactly_ethical,21,21,0
too_distraught,21,21,0
that_unheard,20,20,0
necessarily_wet,20,20,0
quite_fluent,20,20,0
much_mad,20,20,0
exactly_radical,20,20,0
so_puzzling,20,20,0
as_solitary,20,19,1
so_liable,20,20,0
clearly_apparent,20,20,0
overly_terrible,20,16,4
fully_clean,20,20,0
as_shameful,20,20,0
fully_fluent,20,18,2
less_reliable,20,19,1
sufficiently_similar,20,20,0
only_respectable,20,20,0
super_new,20,16,4
usually_suitable,20,20,0
very_prosperous,20,20,0
medically_dangerous,20,20,0
sufficiently_substantial,20,20,0
hugely_familiar,20,20,0
so_wholesome,20,18,2
physically_exhausting,20,20,0
exactly_objective,20,20,0
as_titillating,20,20,0
too_social,20,19,1
terribly_profound,20,13,7
exactly_large,20,20,0
as_thirsty,20,20,0
terribly_promising,20,18,2
very_luxurious,20,19,1
so_likeable,20,20,0
extremely_fun,20,20,0
anymore_different,20,20,0
sexually_available,20,20,0
less_restrictive,20,20,0
much_greener,20,19,1
always_monetary,20,20,0
entirely_oblivious,20,20,0
sufficiently_respectful,20,20,0
always_dramatic,20,20,0
all_hot,20,20,0
so_obedient,20,19,1
completely_supportive,20,20,0
yet_desperate,20,19,1
entirely_ideal,20,20,0
possibly_true,20,20,0
necessarily_decisive,20,20,0
exactly_wonderful,20,19,1
immediately_lethal,20,20,0
very_opaque,20,20,0
not_comfortable,20,20,0
any_smoother,20,20,0
much_funnier,20,20,0
always_dominant,20,20,0
that_worth,20,20,0
necessarily_crucial,20,19,1
easily_solvable,20,20,0
highly_selective,20,20,0
so_voluntary,20,20,0
necessarily_functional,20,20,0
so_plausible,20,20,0
clearly_distinguishable,20,20,0
as_pitiful,20,19,1
entirely_subjective,20,20,0
so_youthful,20,20,0
very_porous,20,20,0
infinitely_better,20,20,0
physically_strenuous,20,19,1
physically_stronger,20,20,0
real_successful,20,20,0
quite_impressed,20,20,0
completely_bald,20,20,0
as_right,20,20,0
horribly_difficult,20,20,0
naturally_funny,20,20,0
completely_bereft,20,19,1
n't_hard,20,20,0
really_straight,20,20,0
so_proficient,20,20,0
incredibly_large,20,20,0
very_flat,20,20,0
remotely_worried,20,20,0
exactly_empty,20,19,1
completely_painless,20,20,0
super_efficient,20,20,0
exactly_thin,20,20,0
nearly_accurate,20,20,0
so_shortsighted,20,19,1
physically_qualified,20,20,0
so_mellow,20,20,0
exactly_apologetic,20,20,0
usually_cheap,20,20,0
incredibly_fast,20,20,0
as_rainy,20,20,0
overly_visible,20,20,0
incredibly_different,20,20,0
incredibly_excited,20,20,0
exactly_authentic,20,20,0
completely_appropriate,20,19,1
exactly_stupid,20,19,1
n't_impressive,20,20,0
very_red,20,20,0
normally_subject,20,20,0
well_known,20,17,3
completely_deaf,20,20,0
yet_late,20,20,0
blindly_loyal,20,20,0
very_relaxed,20,20,0
physically_uncomfortable,20,20,0
so_zealous,20,19,1
exactly_discreet,20,20,0
exactly_creative,20,20,0
as_repressive,20,19,1
very_conductive,20,20,0
fully_deductible,20,20,0
exactly_cuddly,20,19,1
very_indicative,20,20,0
only_internal,20,20,0
only_radical,20,20,0
all_painful,20,20,0
that_unrealistic,20,20,0
all_green,20,20,0
entirely_proper,20,20,0
exceptionally_talented,20,20,0
completely_comprehensive,20,20,0
less_troubling,20,19,1
always_such,20,20,0
so_overdone,20,20,0
exactly_democratic,20,20,0
exactly_desperate,20,20,0
less_threatening,20,19,1
that_stunning,20,20,0
as_unconventional,20,20,0
politically_relevant,20,20,0
always_safer,20,20,0
exactly_tight,20,20,0
as_same,20,20,0
exactly_ugly,20,20,0
less_vital,20,18,2
very_gripping,20,19,1
very_instructive,20,19,1
necessarily_moral,20,17,3
well_familiar,20,20,0
usually_advisable,20,20,0
usually_afraid,20,20,0
terribly_rare,20,20,0
very_co-operative,20,20,0
super_relevant,20,20,0
very_expansive,20,20,0
thoroughly_satisfied,20,20,0
necessarily_advisable,20,20,0
real_friendly,20,20,0
so_provocative,20,17,3
necessarily_toxic,20,20,0
above_average,20,20,0
usually_strong,20,20,0
much_smoother,20,20,0
completely_meaningless,20,20,0
much_short,20,20,0
much_sharper,20,20,0
only_probable,20,20,0
emotionally_capable,20,20,0
super_knowledgeable,20,20,0
completely_novel,20,20,0
that_free,20,20,0
sufficiently_important,20,20,0
usually_subject,20,20,0
all_sick,20,20,0
instantly_accessible,20,19,1
as_seductive,20,16,4
not_strong,20,20,0
exactly_foolproof,20,20,0
therefore_ashamed,20,20,0
usually_fun,20,20,0
super_fresh,20,20,0
only_superfluous,20,20,0
inherently_hostile,20,19,1
nearly_identical,20,20,0
mutually_exceptional,20,20,0
overtly_sweet,20,20,0
always_flat,20,20,0
really_analogous,20,20,0
exactly_sharp,20,20,0
super_flattering,20,20,0
emotionally_able,20,20,0
that_fabulous,20,20,0
not_harmful,20,19,1
terribly_insightful,20,14,6
overly_violent,20,20,0
as_synonymous,20,20,0
that_steep,20,20,0
super_specific,20,20,0
politically_partisan,20,20,0
nearly_long,20,20,0
as_stoic,20,20,0
only_shortsighted,20,20,0
real_hot,20,19,1
inherently_secure,20,20,0
so_spiritual,20,17,3
quite_exciting,20,20,0
super_annoying,20,19,1
exactly_heroic,20,20,0
strictly_liable,20,20,0
entirely_passive,20,20,0
sufficiently_sophisticated,20,20,0
only_unreliable,20,20,0
more_persistent,20,17,3
totally_comprehensive,20,20,0
so_choosy,20,20,0
just_insane,20,20,0
entirely_concerned,20,20,0
so_deluded,20,20,0
more_stunned,20,20,0
just_indifferent,20,20,0
too_upbeat,20,20,0
really_workable,20,20,0
even_excited,20,20,0
wholly_unrelated,20,20,0
especially_positive,20,19,1
as_barren,20,20,0
just_sufficient,20,19,1
entirely_functional,20,20,0
so_runny,20,20,0
really_frightening,20,19,1
more_troublesome,20,17,3
remotely_acceptable,20,19,1
very_cheery,20,20,0
so_chummy,20,20,0
overly_nice,20,20,0
more_fearsome,20,6,14
just_smooth,20,20,0
too_discouraging,20,19,1
even_convinced,20,20,0
too_hefty,20,20,0
more_selfish,20,17,3
reasonably_certain,20,20,0
more_french,20,15,5
as_bloodthirsty,20,20,0
more_sensual,20,8,12
just_irrational,20,20,0
only_deserving,20,20,0
even_deep,20,20,0
culturally_diverse,20,20,0
too_destructive,20,17,3
as_lively,20,20,0
that_pretty,20,20,0
more_sobering,20,10,10
even_dirty,20,20,0
particularly_prevalent,20,20,0
even_grateful,20,20,0
more_effortless,20,19,1
altogether_satisfactory,20,19,1
as_grave,20,19,1
perfectly_secure,20,20,0
altogether_unwelcome,20,20,0
so_bent,20,19,1
more_courteous,20,20,0
too_compelling,20,16,4
just_flawed,20,20,0
too_vulgar,20,20,0
especially_hot,20,20,0
more_conventional,20,20,0
most_aggressive,20,20,0
extremely_accurate,20,20,0
only_cosmetic,20,20,0
as_antagonistic,20,20,0
just_unrealistic,20,20,0
so_salty,20,20,0
only_urgent,20,20,0
easily_applicable,20,20,0
only_unworthy,20,20,0
most_agile,20,20,0
only_extreme,20,20,0
as_verbal,20,20,0
only_noticeable,20,20,0
that_impactful,20,20,0
visibly_dirty,20,19,1
really_cognizant,20,20,0
really_violent,20,19,1
really_many,20,20,0
all_qualified,20,20,0
even_immune,20,20,0
only_witty,20,20,0
as_ashamed,20,20,0
even_keen,20,20,0
more_devoted,20,17,3
particularly_fussy,20,20,0
especially_knowledgeable,20,20,0
that_radical,20,20,0
so_hideous,20,17,3
as_artful,20,20,0
as_mindless,20,20,0
perfectly_satisfied,20,20,0
just_legitimate,20,20,0
more_fulfilling,20,9,11
only_unwelcome,20,20,0
too_random,20,19,1
as_insufferable,20,20,0
damn_hard,20,20,0
more_notorious,20,12,8
merely_related,20,20,0
financially_lucrative,20,20,0
damn_expensive,20,20,0
too_enamoured,20,19,1
really_late,20,20,0
so_sturdy,20,20,0
really_traditional,20,20,0
so_righteous,20,20,0
so_inconvenient,20,20,0
more_instructive,20,16,4
particularly_unexpected,20,18,2
quite_active,20,20,0
fundamentally_unfair,20,18,2
too_pungent,20,19,1
too_earnest,20,20,0
just_racial,20,20,0
as_instrumental,20,19,1
really_competent,20,19,1
downright_wrong,20,20,0
so_covert,20,20,0
particularly_sustainable,20,18,2
also_wrong,20,20,0
more_lovable,20,15,5
altogether_absent,20,20,0
as_ineffective,20,20,0
as_comedic,20,20,0
very_current,20,20,0
particularly_agile,20,20,0
particularly_thorough,20,20,0
too_tense,20,19,1
too_urgent,20,16,4
otherwise_visible,20,20,0
explicitly_aware,20,20,0
terribly_annoying,20,19,1
too_evil,20,17,3
too_finicky,20,19,1
too_flamboyant,20,16,4
more_mundane,20,14,6
particularly_slow,20,20,0
particularly_sinister,20,6,14
entirely_efficient,20,20,0
very_uniform,20,20,0
particularly_weird,20,13,7
as_laborious,20,20,0
just_satisfying,20,19,1
as_idiotic,20,19,1
all_possible,20,20,0
entirely_common,20,20,0
typically_interested,20,20,0
all_poor,20,20,0
just_sentimental,20,20,0
particularly_rosy,20,19,1
as_hysterical,20,20,0
especially_serious,20,16,4
very_aesthetic,20,20,0
just_shy,20,18,2
more_resonant,20,15,5
more_respectable,20,17,3
that_mysterious,20,20,0
especially_scary,20,18,2
widely_applicable,20,20,0
really_odd,20,17,3
as_impulsive,20,20,0
less_intriguing,20,18,2
only_delighted,20,20,0
merely_ornamental,20,19,1
really_intuitive,20,19,1
terribly_athletic,20,20,0
too_terrifying,20,15,5
as_itchy,20,20,0
properly_aware,20,20,0
as_jam-packed,20,20,0
so_repulsive,20,18,2
that_photogenic,20,20,0
as_jolly,20,20,0
very_urgent,20,19,1
just_metaphorical,20,20,0
just_mechanical,20,20,0
especially_true,20,20,0
only_cynical,20,20,0
even_brave,20,20,0
just_residential,20,20,0
most_credible,20,20,0
particularly_talkative,20,20,0
overly_cute,20,20,0
so_lax,20,20,0
most_intriguing,20,19,1
always_busy,20,19,1
always_comparable,20,20,0
just_descriptive,20,20,0
as_freaky,20,20,0
only_allowable,20,20,0
more_australian,20,0,20
as_zany,20,20,0
as_dovish,20,20,0
wholly_right,20,20,0
overly_cheesy,20,20,0
overly_chatty,20,20,0
as_frigid,20,20,0
now_necessary,20,20,0
just_disturbing,20,20,0
as_unhinged,20,20,0
all_capable,20,20,0
less_brutal,20,19,1
entirely_typical,20,19,1
majorly_wrong,20,2,18
consistently_reliable,20,20,0
remotely_plausible,20,20,0
as_outdated,20,20,0
too_jaded,20,20,0
remotely_equivalent,20,19,1
so_fake,20,15,5
all_big,20,20,0
actually_old,20,20,0
particularly_edifying,20,18,2
especially_active,20,20,0
too_bleak,20,20,0
more_appalling,20,15,5
only_paramount,20,20,0
overtly_partisan,20,20,0
entirely_unbiased,20,20,0
terribly_eager,20,20,0
so_scandalous,20,19,1
just_contrary,20,20,0
less_active,20,20,0
only_unheard,20,20,0
too_off-putting,20,19,1
so_elite,20,19,1
overly_pretentious,20,19,1
very_definite,20,9,11
that_believable,20,20,0
even_significant,20,19,1
particularly_abundant,20,20,0
too_blind,20,20,0
as_fleeting,20,19,1
quite_special,20,18,2
really_democratic,20,20,0
as_flimsy,20,19,1
most_observant,20,20,0
less_american,20,19,1
so_encouraging,20,20,0
as_educational,20,17,3
particularly_egregious,20,15,5
only_universal,20,20,0
less_precious,20,19,1
most_inviting,20,20,0
legally_capable,20,20,0
as_worth,20,20,0
all_certain,20,20,0
too_cerebral,20,15,5
quite_set,20,20,0
merely_false,20,20,0
already_immune,20,20,0
really_dominant,20,18,2
less_cruel,20,19,1
as_disposable,20,20,0
just_believable,20,20,0
as_amicable,20,20,0
more_busy,20,20,0
completely_valid,20,20,0
so_flush,20,20,0
more_chaotic,20,19,1
overly_personal,20,20,0
only_unscathed,20,19,1
so_fuzzy,20,19,1
that_attentive,20,20,0
genuinely_concerned,20,20,0
particularly_gory,20,20,0
even_operational,20,20,0
just_bearable,20,20,0
probably_aware,20,20,0
just_endemic,20,20,0
most_faithful,20,20,0
as_disheartening,20,17,3
so_qualified,20,19,1
just_dull,20,20,0
as_exquisite,20,17,3
so_flimsy,20,18,2
so_altruistic,20,16,4
most_direct,20,20,0
entirely_trivial,20,20,0
that_arduous,20,20,0
so_frail,20,20,0
more_blissful,20,8,12
so_flawless,20,20,0
less_conservative,20,20,0
as_ample,20,20,0
as_general,20,20,0
very_sexual,20,20,0
just_dry,20,20,0
more_chuffed,20,20,0
too_appropriate,20,20,0
particularly_annoying,20,19,1
too_glib,19,19,0
that_comfy,19,19,0
both_right,19,19,0
too_glad,19,16,3
financially_free,19,19,0
that_windy,19,19,0
too_gimmicky,19,17,2
necessarily_flattering,19,19,0
as_topical,19,18,1
particularly_strict,19,19,0
really_threatening,19,15,4
too_potent,19,19,0
always_old,19,19,0
more_ignorant,19,18,1
necessarily_factual,19,19,0
as_sexist,19,19,0
particularly_rough,19,19,0
very_addictive,19,19,0
quite_logical,19,19,0
only_optimistic,19,19,0
as_controllable,19,19,0
so_shameful,19,16,3
really_live,19,19,0
sufficiently_persuasive,19,19,0
entirely_intentional,19,19,0
less_wonderful,19,17,2
exactly_mind-blowing,19,19,0
really_likable,19,18,1
quite_light,19,19,0
necessarily_congruent,19,19,0
particularly_riveting,19,17,2
more_insane,19,15,4
all_awful,19,19,0
necessarily_current,19,19,0
that_grim,19,19,0
truly_scary,19,17,2
as_incompatible,19,19,0
exactly_luxurious,19,19,0
really_sensitive,19,19,0
only_calm,19,19,0
fully_applicable,19,19,0
too_floral,19,18,1
overly_thin,19,19,0
pretty_great,19,19,0
very_proper,19,19,0
terribly_unexpected,19,13,6
all_bright,19,19,0
as_singular,19,18,1
too_premature,19,19,0
truly_qualified,19,19,0
truly_real,19,19,0
as_constructive,19,19,0
as_fervent,19,19,0
too_stuck,19,19,0
particularly_similar,19,19,0
less_appropriate,19,18,1
that_appetizing,19,19,0
always_verbal,19,19,0
as_feisty,19,19,0
deadly_serious,19,18,1
morally_corrupt,19,18,1
particularly_brutal,19,17,2
too_stylish,19,18,1
usually_obvious,19,19,0
as_wondrous,19,17,2
as_sizable,19,19,0
not_concerned,19,19,0
not_correct,19,19,0
only_interactive,19,19,0
sufficiently_related,19,19,0
more_degrading,19,14,5
as_despicable,19,19,0
really_unlimited,19,19,0
only_direct,19,19,0
always_respectful,19,19,0
more_discreet,19,17,2
entirely_blind,19,19,0
totally_blameless,19,19,0
so_ruthless,19,19,0
terribly_entertaining,19,18,1
only_dirty,19,19,0
so_despicable,19,15,4
as_heady,19,18,1
overly_bold,19,19,0
more_better,19,17,2
so_orderly,19,19,0
highly_expensive,19,19,0
always_probable,19,19,0
highly_offensive,19,19,0
really_flashy,19,16,3
necessarily_satisfying,19,19,0
super_dry,19,19,0
so_opaque,19,19,0
particularly_physical,19,18,1
especially_painful,19,19,0
truly_honest,19,19,0
self_aware,19,19,0
particularly_germane,19,19,0
super_durable,19,19,0
very_pleasurable,19,19,0
yet_expired,19,19,0
more_commercial,19,18,1
necessarily_private,19,19,0
real_picky,19,19,0
usually_compatible,19,19,0
truly_clean,19,19,0
only_recognizable,19,19,0
highly_infectious,19,19,0
necessarily_probable,19,19,0
more_christian,19,13,6
only_red,19,19,0
only_intimidating,19,19,0
only_nonsensical,19,19,0
just_unhelpful,19,19,0
exceptionally_beautiful,19,19,0
really_enforceable,19,19,0
only_insane,19,19,0
exactly_square,19,19,0
entirely_exclusive,19,19,0
visibly_present,19,19,0
visually_apparent,19,18,1
just_violent,19,19,0
yet_prevalent,19,19,0
always_qualified,19,19,0
truly_authentic,19,17,2
only_reminiscent,19,19,0
hugely_exciting,19,16,3
outright_evil,19,19,0
necessarily_spectacular,19,19,0
wholly_reliable,19,19,0
especially_convenient,19,19,0
as_formulaic,19,18,1
especially_confident,19,19,0
all_acceptable,19,19,0
as_easier,19,19,0
more_accountable,19,18,1
totally_unhappy,19,19,0
all_amazing,19,19,0
especially_glamorous,19,17,2
quite_invisible,19,19,0
legally_subject,19,19,0
necessarily_tangible,19,18,1
yet_forthcoming,19,19,0
so_hypothetical,19,19,0
as_egalitarian,19,19,0
so_ecstatic,19,19,0
only_indian,19,19,0
that_fluent,19,19,0
so_edgy,19,19,0
less_absurd,19,19,0
only_richer,19,19,0
necessarily_truthful,19,19,0
electrically_conductive,19,18,1
usually_keen,19,19,0
more_fond,19,19,0
logically_impossible,19,18,1
wholly_certain,19,19,0
very_dependent,19,19,0
exactly_rational,19,18,1
quite_appealing,19,19,0
really_fussy,19,19,0
as_decorative,19,19,0
as_decent,19,19,0
particularly_polite,19,19,0
yet_rich,19,19,0
hugely_interested,19,19,0
terribly_valuable,19,19,0
entirely_legitimate,19,19,0
necessarily_innovative,19,19,0
exactly_profound,19,19,0
fully_competitive,19,19,0
always_superior,19,19,0
too_horrific,19,17,2
just_static,19,19,0
more_astute,19,17,2
overly_invasive,19,19,0
politically_important,19,19,0
really_handy,19,19,0
overly_cluttered,19,19,0
only_disastrous,19,18,1
necessarily_immediate,19,19,0
too_lavish,19,16,3
least_interested,19,19,0
truly_excited,19,19,0
even_winded,19,19,0
partially_responsible,19,18,1
so_binary,19,19,0
even_mediocre,19,19,0
most_comforting,19,18,1
even_local,19,19,0
very_stiff,19,19,0
economically_justifiable,19,19,0
most_beloved,19,19,0
as_apprehensive,19,19,0
remotely_subtle,19,13,6
most_ambitious,19,19,0
actually_live,19,19,0
much_extra,19,18,1
that_strenuous,19,19,0
totally_relaxed,19,19,0
perfectly_reliable,19,19,0
totally_naked,19,19,0
completely_inconceivable,19,19,0
only_watchable,19,19,0
most_relaxing,19,19,0
initially_able,19,19,0
totally_rational,19,19,0
always_aggressive,19,19,0
constantly_present,19,19,0
most_crucial,19,18,1
completely_sincere,19,19,0
only_fake,19,19,0
less_rich,19,19,0
always_discernible,19,19,0
simply_political,19,19,0
most_controversial,19,19,0
only_user-friendly,19,19,0
economically_independent,19,19,0
totally_natural,19,18,1
so_bossy,19,19,0
more_wasteful,19,12,7
racially_discriminatory,19,19,0
too_redundant,19,19,0
too_toxic,19,17,2
quite_significant,19,19,0
generally_unlawful,19,18,1
just_horrible,19,19,0
overly_obsessed,19,19,0
exactly_bright,19,19,0
as_malty,19,19,0
remotely_necessary,19,18,1
that_proficient,19,19,0
longer_acceptable,19,19,0
exactly_bullish,19,17,2
exclusively_heterosexual,19,19,0
entirely_welcoming,19,19,0
completely_rigid,19,19,0
entirely_vegan,19,18,1
n't_effective,19,19,0
so_melancholy,19,18,1
as_rambunctious,19,18,1
that_trustworthy,19,19,0
economically_rational,19,19,0
just_compelling,19,19,0
as_melodramatic,19,16,3
as_melodic,19,18,1
perfectly_predictable,19,19,0
even_specific,19,19,0
only_straightforward,19,19,0
too_regular,19,19,0
strikingly_original,19,16,3
much_evident,19,19,0
more_unhealthy,19,14,5
longer_active,19,19,0
completely_extinct,19,19,0
most_dominant,19,18,1
even_noteworthy,19,17,2
always_fine,19,19,0
still_angry,19,19,0
all_shy,19,19,0
too_scandalous,19,10,9
very_salty,19,19,0
so_addictive,19,19,0
technically_complicated,19,18,1
particularly_applicable,19,19,0
just_devastating,19,19,0
most_inventive,19,18,1
quite_talented,19,19,0
so_advantageous,19,18,1
always_brave,19,19,0
as_unknown,19,19,0
just_disingenuous,19,19,0
wholly_effective,19,19,0
less_romantic,19,14,5
too_weary,19,19,0
only_convincing,19,19,0
as_abusive,19,19,0
simply_useful,19,19,0
just_correct,19,18,1
most_outgoing,19,19,0
just_cost-effective,19,19,0
very_scared,19,19,0
completely_related,19,19,0
less_problematic,19,19,0
as_unfair,19,18,1
still_capable,19,18,1
only_athletic,19,19,0
completely_risk-free,19,19,0
real_specific,19,17,2
as_obtuse,19,17,2
as_accidental,19,19,0
only_contemporary,19,19,0
particularly_disappointed,19,19,0
extremely_small,19,18,1
only_fewer,19,19,0
just_dreamy,19,19,0
actually_empty,19,19,0
quite_crisp,19,19,0
most_radical,19,19,0
actually_french,19,19,0
most_frequent,19,19,0
extremely_positive,19,18,1
terribly_precise,19,18,1
too_chaotic,19,19,0
alone_responsible,19,19,0
extremely_poor,19,19,0
completely_mad,19,19,0
quite_credible,19,19,0
as_unnerving,19,16,3
most_profound,19,16,3
much_green,19,19,0
not_suitable,19,18,1
much_richer,19,18,1
any_luckier,19,19,0
much_reliable,19,19,0
economically_dependent,19,19,0
only_greedy,19,19,0
completely_nude,19,19,0
too_catastrophic,19,15,4
still_young,19,19,0
too_blurry,19,19,0
totally_appropriate,19,19,0
always_exclusive,19,19,0
that_solid,19,19,0
less_shocking,19,17,2
less_pleased,19,17,2
as_maddening,19,18,1
really_skilled,19,19,0
so_militant,19,19,0
totally_apparent,19,19,0
always_joyful,19,19,0
incredibly_accurate,19,19,0
as_peculiar,19,17,2
really_muslim,19,19,0
just_muslim,19,19,0
significantly_overweight,19,19,0
more_pivotal,19,17,2
significantly_smaller,19,18,1
that_credible,19,19,0
typically_dangerous,19,19,0
always_cute,19,19,0
currently_viable,19,19,0
that_tiny,19,19,0
completely_vulnerable,19,19,0
real_expensive,19,19,0
particularly_user-friendly,19,19,0
incredibly_delicious,19,19,0
just_misguided,19,19,0
so_lean,19,19,0
exactly_faithful,19,19,0
only_idle,19,19,0
exactly_fantastic,19,19,0
as_sacrosanct,19,19,0
not_wrong,19,18,1
environmentally_safe,19,19,0
entirely_dry,19,19,0
even_armed,19,19,0
about_fair,19,19,0
ever_better,19,18,1
all_unreasonable,19,19,0
completely_trustworthy,19,19,0
actually_healthy,19,19,0
so_concrete,19,18,1
just_nostalgic,19,19,0
just_nuclear,19,19,0
necessarily_antithetical,19,19,0
just_partisan,19,19,0
more_momentous,19,14,5
exactly_impossible,19,18,1
quite_memorable,19,18,1
emotionally_resonant,19,18,1
generally_aggressive,19,19,0
generally_advisable,19,19,0
much_comfortable,19,19,0
very_offensive,19,18,1
publicly_viewable,19,19,0
too_pricy,19,18,1
necessarily_autobiographical,19,19,0
particularly_terrifying,19,17,2
yet_permanent,19,19,0
all_cute,19,19,0
excessively_intrusive,19,18,1
particularly_tolerant,19,19,0
evenly_divisible,19,19,0
particularly_dominant,19,19,0
necessarily_active,19,19,0
as_instinctive,19,19,0
so_consequential,19,17,2
only_immediate,19,19,0
sufficiently_distinct,19,19,0
as_intellectual,19,19,0
more_obscure,19,15,4
more_offended,19,19,0
very_weak,19,18,1
as_overweight,19,19,0
more_organized,19,18,1
painfully_slow,19,19,0
really_pro-life,19,19,0
really_bored,19,19,0
really_neutral,19,19,0
just_insensitive,19,19,0
particularly_explicit,19,17,2
as_jubilant,19,19,0
altogether_inaccurate,19,19,0
just_jealous,19,19,0
too_dire,19,14,5
extremely_challenging,19,19,0
always_detrimental,19,19,0
as_republican,19,19,0
always_thrilled,19,19,0
terribly_loud,19,19,0
substantially_identical,19,19,0
even_disappointed,19,19,0
super_unique,19,16,3
so_miraculous,19,17,2
universally_admired,19,18,1
as_bumpy,19,19,0
always_idyllic,19,19,0
incredibly_successful,19,19,0
as_pernicious,19,19,0
so_stealthy,19,19,0
just_inexpensive,19,19,0
n't_relevant,19,19,0
any_colder,19,19,0
more_strict,19,19,0
only_benign,19,19,0
financially_worth,19,19,0
exclusively_jewish,19,18,1
entirely_rare,19,19,0
yet_brave,19,19,0
as_lurid,19,19,0
more_rigorous,19,18,1
most_uplifting,19,19,0
exclusively_responsible,19,19,0
as_uncertain,19,18,1
more_prophetic,19,17,2
as_jumpy,19,19,0
exactly_entertaining,19,19,0
originally_present,19,18,1
as_rotten,19,15,4
about_rich,19,19,0
too_typical,19,17,2
more_rapid,19,18,1
as_caring,19,19,0
even_busy,19,19,0
particularly_extensive,19,19,0
only_uncertain,19,19,0
too_skeptical,19,19,0
so_monumental,19,16,3
too_vast,19,19,0
yet_adept,19,19,0
as_lax,19,19,0
naturally_beautiful,19,19,0
completely_boring,19,19,0
currently_endangered,19,19,0
so_colourful,19,18,1
more_reliant,19,19,0
most_versatile,19,18,1
incredibly_impressive,19,19,0
just_brown,19,19,0
wholly_human,19,19,0
more_relatable,19,17,2
so_monolithic,19,19,0
fully_recoverable,18,18,0
amazingly_talented,18,18,0
so_quaint,18,18,0
very_meaty,18,18,0
remotely_scientific,18,12,6
scantily_clad,18,17,1
that_secure,18,18,0
very_maneuverable,18,18,0
very_open-minded,18,18,0
so_valid,18,18,0
wholly_devoid,18,18,0
yet_much,18,18,0
all_sunny,18,18,0
massively_successful,18,18,0
automatically_good,18,18,0
obviously_dangerous,18,15,3
always_worse,18,18,0
blazingly_fast,18,18,0
explicitly_related,18,18,0
terribly_cheap,18,18,0
that_potent,18,18,0
that_unhealthy,18,18,0
entirely_impressive,18,18,0
very_advisable,18,18,0
absolutely_identical,18,18,0
not_close,18,18,0
generally_eligible,18,18,0
excruciatingly_painful,18,18,0
relatively_cheap,18,18,0
not_ideal,18,18,0
emotionally_powerful,18,18,0
that_particular,18,18,0
too_suitable,18,18,0
generally_dangerous,18,18,0
that_outstanding,18,18,0
quite_explicit,18,18,0
that_outgoing,18,18,0
that_observant,18,17,1
not_essential,18,18,0
that_unbelievable,18,18,0
super_young,18,18,0
exclusively_female,18,18,0
terribly_distant,18,18,0
that_prolific,18,18,0
athletically_inclined,18,18,0
yet_ill,18,18,0
remotely_fun,18,17,1
so_unnatural,18,16,2
that_responsive,18,18,0
entirely_essential,18,18,0
excessively_expensive,18,18,0
authentically_black,18,17,1
so_portable,18,18,0
normally_fatal,18,18,0
that_viable,18,18,0
only_nervous,18,18,0
highly_questionable,18,18,0
usually_shy,18,18,0
biblically_accurate,18,18,0
remotely_easy,18,17,1
only_noble,18,18,0
not_subject,18,16,2
quite_attractive,18,18,0
entirely_excited,18,18,0
fully_willing,18,18,0
really_allergic,18,18,0
supremely_talented,18,18,0
half_pregnant,18,18,0
so_pronounced,18,17,1
too_superstitious,18,17,1
genetically_distinct,18,18,0
objectively_real,18,16,2
real_positive,18,16,2
highly_radioactive,18,18,0
truly_willing,18,18,0
more_odd,18,11,7
particularly_tricky,18,13,5
too_promotional,18,18,0
particularly_troubling,18,15,3
so_conflicted,18,18,0
so_concise,18,17,1
particularly_eye-catching,18,15,3
typically_eligible,18,18,0
dramatically_higher,18,18,0
even_arguable,18,18,0
overly_modest,18,18,0
very_valid,18,18,0
currently_popular,18,18,0
typically_fatal,18,18,0
more_radiant,18,16,2
less_legitimate,18,18,0
more_related,18,17,1
too_displeased,18,18,0
merely_necessary,18,18,0
too_professional,18,18,0
acutely_toxic,18,18,0
more_salient,18,17,1
so_contradictory,18,17,1
equally_concerned,18,18,0
particularly_simple,18,17,1
more_independent,18,16,2
too_funky,18,16,2
particularly_sociable,18,18,0
particularly_spacious,18,18,0
particularly_speedy,18,17,1
just_profitable,18,18,0
too_fishy,18,16,2
more_keen,18,17,1
dangerously_low,18,18,0
too_favourable,18,17,1
particularly_stunning,18,16,2
merely_reactive,18,18,0
just_plastic,18,18,0
also_willing,18,18,0
very_workable,18,18,0
very_witty,18,16,2
too_exceptional,18,10,8
more_rude,18,14,4
environmentally_benign,18,18,0
particularly_sanguine,18,18,0
very_summery,18,18,0
particularly_enticing,18,18,0
just_glad,18,18,0
altogether_welcome,18,17,1
even_lucky,18,18,0
only_vegetarian,18,18,0
easily_amenable,18,18,0
easily_approachable,18,18,0
already_comfortable,18,18,0
actually_poor,18,18,0
less_perfect,18,16,2
always_angry,18,18,0
only_unsuccessful,18,18,0
quite_truthful,18,18,0
most_forgiving,18,18,0
always_authentic,18,18,0
always_awake,18,18,0
even_polite,18,18,0
too_catchy,18,17,1
only_unproven,18,18,0
more_virulent,18,18,0
ultimately_satisfying,18,16,2
so_cluttered,18,18,0
already_cool,18,18,0
really_playable,18,18,0
even_detectable,18,18,0
culturally_competent,18,18,0
really_prevalent,18,18,0
actually_stupid,18,17,1
more_sublime,18,12,6
really_proficient,18,18,0
so_cheesy,18,18,0
more_taxing,18,10,8
too_dead,18,17,1
so_chatty,18,18,0
even_fast,18,18,0
more_tolerable,18,18,0
so_insurmountable,18,17,1
just_hopeful,18,18,0
so_intellectual,18,17,1
so_captivating,18,15,3
more_unnatural,18,9,9
merely_interesting,18,17,1
especially_welcome,18,18,0
merely_satisfied,18,18,0
so_agile,18,18,0
too_luxurious,18,14,4
more_abhorrent,18,11,7
overly_crazy,18,18,0
readily_detectable,18,18,0
so_draconian,18,18,0
already_tired,18,18,0
more_agonizing,18,12,6
too_opaque,18,17,1
overly_conservative,18,18,0
totally_wild,18,18,0
legally_acceptable,18,18,0
wholly_representative,18,18,0
more_awake,18,18,0
more_balanced,18,18,0
merely_useless,18,18,0
visually_unappealing,18,17,1
really_distinct,18,16,2
so_hardcore,18,18,0
particularly_luxurious,18,16,2
so_hardy,18,17,1
overly_cynical,18,17,1
morally_relevant,18,18,0
overly_assertive,18,18,0
so_egotistical,18,18,0
so_frugal,18,18,0
downright_bizarre,18,18,0
so_futuristic,18,18,0
equally_possible,18,18,0
less_convenient,18,16,2
so_fictional,18,18,0
so_fickle,18,17,1
so_ferocious,18,18,0
too_mobile,18,18,0
so_expert,18,18,0
so_giddy,18,18,0
equally_useful,18,18,0
equally_valuable,18,18,0
so_everyday,18,18,0
too_objectionable,18,13,5
particularly_ideal,18,18,0
less_devastating,18,16,2
overly_didactic,18,17,1
so_gradual,18,18,0
more_bothersome,18,14,4
especially_generous,18,17,1
more_hopeless,18,13,5
really_genuine,18,18,0
more_exquisite,18,11,7
more_extravagant,18,14,4
really_groundbreaking,18,7,11
more_flattered,18,18,0
particularly_full,18,18,0
more_formal,18,14,4
just_solar,18,18,0
too_hesitant,18,18,0
more_fresh,18,16,2
so_deferential,18,17,1
more_futile,18,10,8
more_general,18,18,0
really_identical,18,18,0
just_sexist,18,18,0
wide_enough,18,17,1
too_hairy,18,14,4
just_scientific,18,17,1
more_heartening,18,12,6
more_helpless,18,9,9
more_expansive,18,18,0
more_excellent,18,9,9
especially_graphic,18,17,1
really_frustrating,18,17,1
too_intellectual,18,18,0
truly_clear,18,18,0
overly_academic,18,18,0
more_cordial,18,18,0
totally_unsympathetic,18,18,0
really_exclusive,18,18,0
merely_true,18,18,0
also_great,18,18,0
particularly_outspoken,18,18,0
more_disrespectful,18,6,12
just_timely,18,18,0
wholly_unfounded,18,18,0
really_fantastic,18,16,2
particularly_patriotic,18,15,3
totally_unprepared,18,18,0
more_eco-friendly,18,17,1
too_imaginative,18,17,1
more_elusive,18,14,4
really_focused,18,18,0
most_hospitable,18,18,0
always_boring,18,18,0
exceedingly_difficult,18,17,1
very_qualified,18,18,0
sufficiently_forthcoming,18,18,0
sexually_suggestive,18,14,4
unnecessarily_harsh,18,17,1
necessarily_awful,18,18,0
always_malicious,18,18,0
overly_tart,18,18,0
exactly_lucrative,18,18,0
sexually_exclusive,18,18,0
theoretically_impossible,18,18,0
always_new,18,18,0
so_nuanced,18,17,1
politically_conscious,18,18,0
necessarily_due,18,18,0
necessarily_ethical,18,18,0
overly_tough,18,17,1
always_ok,18,18,0
exactly_painful,18,17,1
so_observant,18,18,0
so_obsessive,18,18,0
necessarily_addictive,18,18,0
quite_modern,18,18,0
necessarily_honest,18,18,0
mentally_handicapped,18,18,0
incredibly_original,18,17,1
all_guilty,18,18,0
incredibly_helpful,18,18,0
entirely_precise,18,17,1
simply_academic,18,18,0
simply_able,18,18,0
overly_steep,18,16,2
completely_accessible,18,18,0
nearly_bad,18,18,0
sufficiently_ambitious,18,18,0
exactly_foreign,18,18,0
entirely_political,18,18,0
only_skeptical,18,18,0
nearly_equal,18,18,0
nearly_full,18,18,0
exactly_generous,18,18,0
sufficiently_close,18,18,0
always_legitimate,18,17,1
entirely_physical,18,18,0
exactly_peaceful,18,17,1
medically_advisable,18,18,0
substantially_lower,18,18,0
so_yellow,18,18,0
usually_eligible,18,18,0
exactly_sweet,18,18,0
exactly_symmetrical,18,18,0
academically_ready,18,18,0
so_worthwhile,18,18,0
too_straightforward,18,18,0
exactly_trivial,18,18,0
exactly_trustworthy,18,18,0
only_prolific,18,18,0
necessarily_sweet,18,18,0
entirely_kind,18,18,0
super_likely,18,18,0
necessarily_urgent,18,17,1
necessarily_weak,18,18,0
really_silent,18,17,1
so_playful,18,18,0
super_optimistic,18,18,0
never_good,18,17,1
super_painful,18,18,0
academically_successful,18,18,0
exactly_stylish,18,18,0
only_reputable,18,18,0
particularly_charming,18,17,1
exactly_productive,18,18,0
always_plentiful,18,18,0
necessarily_insurmountable,18,18,0
hugely_fond,18,18,0
hugely_effective,18,18,0
exactly_relaxing,18,18,0
certifiably_insane,18,18,0
politically_naive,18,17,1
likely_true,18,18,0
always_proper,18,18,0
necessarily_personal,18,18,0
super_challenging,18,18,0
too_stark,18,18,0
socially_adept,18,18,0
particularly_choosy,18,18,0
exactly_spacious,18,18,0
exactly_standard,18,17,1
entirely_likely,18,18,0
super_crowded,18,18,0
physically_visible,18,18,0
exactly_crisp,18,17,1
only_unnatural,18,18,0
wholly_innocent,18,18,0
so_legendary,18,17,1
personally_religious,18,18,0
totally_pessimistic,18,18,0
completely_vegan,18,18,0
even_wide,18,18,0
spectacularly_bad,18,15,3
completely_unjustified,18,18,0
always_deep,18,18,0
actually_high,18,18,0
wholly_independent,18,18,0
too_saccharine,18,18,0
ever_comfortable,18,18,0
uniformly_good,18,17,1
sincerely_interested,18,18,0
quite_qualified,18,18,0
much_great,18,17,1
physically_dependent,18,18,0
ever_funny,18,18,0
completely_ripe,18,18,0
always_conventional,18,18,0
just_central,18,18,0
still_intact,18,16,2
quite_short,18,18,0
most_intense,18,18,0
so_jovial,18,18,0
so_abnormal,18,18,0
actually_naked,18,18,0
just_damaging,18,18,0
most_nutritious,18,18,0
most_physical,18,18,0
most_pleasing,18,18,0
even_sexy,18,17,1
too_bossy,18,18,0
personally_corrupt,18,18,0
always_cognizant,18,18,0
unduly_restrictive,18,18,0
most_rational,18,18,0
so_lacking,18,18,0
most_scenic,18,18,0
most_sensible,18,18,0
very_sincere,18,17,1
merely_formal,18,18,0
together_exclusive,18,18,0
completely_preventable,18,18,0
universally_appealing,18,18,0
inherently_religious,18,11,7
mutually_distinctive,18,18,0
only_superficial,18,18,0
completely_hard,18,17,1
mutually_unique,18,18,0
completely_fresh,18,18,0
inherently_corrupt,18,13,5
always_healthier,18,18,0
completely_essential,18,17,1
completely_efficient,18,18,0
simply_happy,18,18,0
completely_dismissive,18,17,1
n't_necessary,18,18,0
particularly_damning,18,13,5
n't_perfect,18,18,0
exactly_complete,18,18,0
quite_ordinary,18,18,0
exactly_complicated,18,18,0
actually_compatible,18,18,0
exactly_convincing,18,18,0
strictly_partisan,18,17,1
so_manly,18,16,2
much_old,18,18,0
completely_incapable,18,18,0
economically_advantageous,18,18,0
completely_pessimistic,18,18,0
instantly_familiar,18,18,0
readily_transferable,18,18,0
so_lush,18,18,0
less_similar,18,18,0
completely_ok,18,18,0
innately_wrong,18,2,16
much_satisfied,18,18,0
much_shocking,18,18,0
completely_miserable,18,18,0
actually_edible,18,18,0
merely_convenient,18,18,0
much_sweeter,18,18,0
physically_impressive,18,17,1
much_tough,18,18,0
inherently_unfair,18,12,6
only_taller,18,18,0
physically_intimate,18,17,1
much_dangerous,18,18,0
already_more,18,18,0
financially_realistic,18,18,0
entirely_complimentary,18,18,0
as_ambiguous,18,18,0
terribly_warm,18,18,0
as_impractical,18,17,1
terribly_forthcoming,18,18,0
very_genuine,18,18,0
very_imposing,18,18,0
only_exquisite,18,18,0
as_comical,18,18,0
that_comforting,18,18,0
too_unbearable,18,15,3
primarily_economic,18,18,0
very_impactful,18,17,1
as_steadfast,18,18,0
all_strange,18,17,1
as_variable,18,18,0
really_tangible,18,12,6
only_fat,18,18,0
as_deliberate,18,18,0
any_heavier,18,18,0
really_uncomfortable,18,18,0
any_cooler,18,18,0
extremely_heavy,18,16,2
as_hyper,18,18,0
only_complementary,18,18,0
prohibitively_high,18,18,0
as_grotesque,18,17,1
very_eco-friendly,18,18,0
as_tenacious,18,18,0
extremely_special,18,7,11
only_decent,18,18,0
terribly_scientific,18,16,2
as_furious,18,18,0
only_biodegradable,18,18,0
as_gray,18,18,0
so_ungrateful,18,18,0
as_legible,18,18,0
as_high-profile,18,17,1
entirely_anonymous,18,17,1
all_peachy,18,18,0
entirely_democratic,18,17,1
all_pretty,18,18,0
very_drinkable,18,18,0
fully_efficient,18,18,0
as_open-ended,18,17,1
terribly_romantic,18,17,1
as_fuzzy,18,17,1
as_quotable,18,18,0
very_gay,18,16,2
really_trustworthy,18,17,1
as_predictive,18,18,0
previously_interested,18,18,0
anymore_excited,18,18,0
all_straightforward,18,17,1
as_distressing,18,17,1
as_voluminous,18,18,0
as_marvelous,18,17,1
extremely_practical,18,18,0
that_disruptive,18,18,0
very_lovely,18,17,1
entirely_academic,18,18,0
very_courteous,18,18,0
that_distracting,18,18,0
as_gung,18,18,0
as_icy,18,18,0
only_fortunate,18,18,0
very_humorous,18,18,0
terribly_positive,18,18,0
as_square,18,18,0
as_eerie,18,15,3
that_fair,18,18,0
only_immune,18,18,0
as_insecure,18,18,0
very_expert,18,18,0
that_appropriate,18,17,1
only_flavorful,18,18,0
only_literate,18,18,0
very_early,18,18,0
entirely_benevolent,18,18,0
very_enlightened,18,18,0
quite_acceptable,18,18,0
as_unprecedented,18,18,0
as_insidious,18,17,1
as_bored,18,18,0
only_awake,18,18,0
very_jewish,18,18,0
extremely_healthy,18,18,0
so_timely,18,18,0
entirely_amicable,18,18,0
as_baffling,18,17,1
as_liable,18,18,0
any_lesser,18,18,0
only_ill,18,18,0
as_substantive,18,17,1
as_sexual,18,18,0
fully_inclusive,18,18,0
only_improbable,18,18,0
really_sympathetic,18,18,0
too_unkind,18,18,0
terribly_inconvenient,18,18,0
as_sarcastic,18,18,0
that_greedy,18,18,0
any_darker,18,18,0
quite_advanced,18,17,1
only_barbaric,18,18,0
more_riveting,17,9,8
directly_liable,17,17,0
so_strident,17,17,0
highly_creative,17,17,0
totally_able,17,17,0
not_crazy,17,17,0
emotionally_present,17,17,0
not_appropriate,17,17,0
exactly_cheery,17,15,2
more_authoritative,17,12,5
as_regressive,17,17,0
only_christian,17,17,0
as_squishy,17,17,0
generally_present,17,17,0
very_empathetic,17,17,0
super_reliable,17,17,0
more_impeccable,17,17,0
always_distinguishable,17,17,0
more_righteous,17,15,2
much_further,17,16,1
only_discouraging,17,16,1
exactly_newsworthy,17,17,0
as_downbeat,17,15,2
intensely_personal,17,17,0
not_busy,17,17,0
structurally_deficient,17,15,2
so_informative,17,17,0
unreasonably_high,17,17,0
more_majestic,17,3,14
quite_comprehensive,17,17,0
particularly_cute,17,15,2
just_liberal,17,17,0
just_futile,17,17,0
as_slender,17,16,1
exactly_random,17,17,0
terribly_spectacular,17,13,4
only_armed,17,17,0
that_unfair,17,17,0
too_independent,17,17,0
extremely_unlikely,17,17,0
very_scrupulous,17,17,0
overly_paranoid,17,17,0
overly_commercial,17,17,0
entirely_indifferent,17,15,2
too_passionate,17,15,2
simply_gorgeous,17,17,0
alarmingly_high,17,17,0
exactly_challenging,17,17,0
just_linear,17,17,0
more_arduous,17,10,7
rapidly_enough,17,17,0
quite_compelling,17,16,1
necessarily_enthusiastic,17,17,0
largely_irrelevant,17,17,0
more_auspicious,17,16,1
especially_likable,17,15,2
particularly_outgoing,17,17,0
always_hospitable,17,17,0
not_confident,17,17,0
only_apt,17,17,0
extremely_religious,17,17,0
yet_accurate,17,17,0
less_welcome,17,12,5
physically_addicting,17,17,0
physically_affectionate,17,17,0
totally_real,17,17,0
originally_interested,17,17,0
especially_wealthy,17,17,0
officially_over,17,17,0
just_female,17,17,0
just_tactical,17,17,0
less_obvious,17,15,2
as_eclectic,17,17,0
wildly_inaccurate,17,17,0
actually_close,17,17,0
so_baggy,17,17,0
overly_passionate,17,16,1
n't_valuable,17,17,0
extremely_funny,17,17,0
widely_different,17,17,0
presently_aware,17,17,0
completely_terrified,17,17,0
always_poor,17,17,0
likely_able,17,17,0
more_reflective,17,17,0
too_adept,17,17,0
so_irrelevant,17,17,0
sufficiently_pro-israel,17,17,0
exactly_logical,17,17,0
too_grim,17,17,0
much_cold,17,17,0
never_scared,17,17,0
that_exotic,17,17,0
only_fragile,17,17,0
perfectly_true,17,17,0
often_difficult,17,17,0
as_cartoonish,17,16,1
directly_toxic,17,17,0
currently_high,17,17,0
already_sure,17,17,0
even_midnight,17,17,0
too_quirky,17,15,2
extremely_convenient,17,17,0
just_sympathetic,17,17,0
red_hot,17,17,0
completely_unbelievable,17,16,1
even_mexican,17,17,0
most_complete,17,16,1
only_unclear,17,17,0
just_accidental,17,17,0
always_public,17,17,0
outwardly_obvious,17,16,1
only_childish,17,17,0
generally_easy,17,17,0
especially_lucrative,17,17,0
particularly_intimidating,17,16,1
only_repetitive,17,17,0
far_cheaper,17,17,0
exactly_controversial,17,17,0
well_able,17,17,0
usually_appropriate,17,17,0
financially_devastating,17,17,0
even_legitimate,17,17,0
super_adorable,17,17,0
too_inappropriate,17,14,3
particularly_wonderful,17,16,1
terribly_imaginative,17,16,1
as_transient,17,17,0
less_eager,17,14,3
so_trite,17,10,7
less_extraordinary,17,15,2
as_shrill,17,17,0
highly_illegal,17,17,0
also_guilty,17,17,0
simply_false,17,17,0
only_unafraid,17,17,0
really_likeable,17,16,1
predominantly_white,17,17,0
generally_popular,17,17,0
particularly_intriguing,17,11,6
completely_defenseless,17,17,0
entirely_insane,17,17,0
that_personal,17,17,0
so_bearish,17,17,0
potentially_hazardous,17,17,0
very_last,17,16,1
yet_immune,17,17,0
literally_false,17,17,0
even_loud,17,17,0
totally_easy,17,17,0
only_powerless,17,17,0
much_economic,17,17,0
really_organic,17,16,1
all_hopeless,17,17,0
embarrassingly_bad,17,16,1
pretty_much,17,17,0
n't_strong,17,17,0
only_inhuman,17,17,0
overly_partisan,17,17,0
entirely_analogous,17,17,0
merely_anecdotal,17,17,0
too_accommodating,17,17,0
exactly_cooperative,17,17,0
exactly_official,17,17,0
generally_happy,17,17,0
particularly_daunting,17,16,1
already_tough,17,17,0
real_anxious,17,17,0
criminally_wrong,17,6,11
strictly_academic,17,17,0
even_german,17,17,0
inherently_risky,17,14,3
just_hostile,17,17,0
as_lucid,17,17,0
much_sad,17,17,0
very_tangible,17,16,1
innately_evil,17,17,0
only_reliant,17,17,0
overtly_concerned,17,17,0
just_indicative,17,17,0
truly_surprising,17,13,4
strictly_chronological,17,17,0
just_indian,17,17,0
physically_hard,17,17,0
that_shallow,17,17,0
previously_open,17,17,0
much_serious,17,17,0
ever_visible,17,17,0
quite_zero,17,17,0
strictly_medical,17,16,1
always_flexible,17,17,0
more_candid,17,17,0
more_strong,17,13,4
so_marginal,17,16,1
ever_real,17,17,0
as_loopy,17,17,0
entirely_due,17,17,0
more_unequal,17,9,8
actually_separate,17,17,0
especially_fancy,17,8,9
actively_religious,17,17,0
that_hectic,17,17,0
particularly_artful,17,10,7
really_coherent,17,15,2
totally_untrue,17,17,0
real_vocal,17,17,0
only_susceptible,17,17,0
drastically_wrong,17,7,10
just_pleasurable,17,16,1
overly_baggy,17,17,0
just_inhumane,17,17,0
less_sincere,17,13,4
only_lonely,17,17,0
as_autonomous,17,17,0
just_republican,17,17,0
as_better,17,13,4
necessarily_dominant,17,17,0
more_unappealing,17,7,10
perfectly_honest,17,16,1
especially_fresh,17,17,0
racially_insensitive,17,16,1
supremely_confident,17,15,2
massively_popular,17,17,0
much_strong,17,17,0
very_ripe,17,17,0
just_impractical,17,17,0
as_glib,17,17,0
overly_sexualized,17,17,0
ever_static,17,17,0
criminally_culpable,17,16,1
particularly_modern,17,9,8
very_crispy,17,17,0
entirely_waterproof,17,17,0
remotely_serious,17,15,2
more_tasty,17,11,6
more_hygienic,17,17,0
as_unfamiliar,17,17,0
remotely_sexy,17,14,3
always_private,17,17,0
actually_drunk,17,17,0
emotionally_unstable,17,15,2
only_greener,17,17,0
only_tasteless,17,17,0
necessarily_distinct,17,17,0
very_thankful,17,17,0
more_cold,17,16,1
that_embarrassing,17,17,0
as_barbaric,17,17,0
even_exclusive,17,17,0
sufficiently_numerous,17,17,0
truly_available,17,17,0
just_reminiscent,17,17,0
much_unusual,17,7,10
necessarily_mainstream,17,17,0
even_exciting,17,17,0
entirely_appealing,17,17,0
remotely_representative,17,17,0
just_untrue,17,17,0
really_problematic,17,15,2
much_softer,17,17,0
just_imaginary,17,17,0
more_tiring,17,10,7
especially_uncommon,17,17,0
truly_beneficial,17,17,0
gravely_ill,17,17,0
solely_due,17,17,0
truly_sustainable,17,17,0
altogether_original,17,16,1
strictly_financial,17,16,1
less_memorable,17,14,3
much_true,17,17,0
so_materialistic,17,17,0
more_contagious,17,11,6
very_stupid,17,16,1
exactly_ancient,17,16,1
as_bloated,17,15,2
terribly_explosive,17,16,1
exactly_awful,17,16,1
overly_saccharine,17,17,0
exactly_awesome,17,17,0
n't_cute,17,16,1
merely_mistaken,17,17,0
necessarily_liberal,17,17,0
completely_fictional,17,17,0
more_viable,17,16,1
always_predictive,17,17,0
necessarily_damaging,17,17,0
inherently_conservative,17,8,9
extremely_active,17,17,0
real_conducive,17,17,0
culturally_insensitive,17,17,0
clearly_wrong,17,15,2
only_substantial,17,17,0
more_sickening,17,8,9
quite_excellent,17,17,0
only_picturesque,17,17,0
so_user-friendly,17,17,0
as_fulfilling,17,17,0
actually_fat,17,17,0
very_conscientious,17,16,1
more_sensational,17,11,6
just_jewish,17,17,0
more_weird,17,14,3
totally_conscious,17,17,0
soon_angry,17,17,0
just_key,17,17,0
particularly_american,17,12,5
readily_subject,17,17,0
completely_evident,17,17,0
especially_intelligent,17,17,0
intellectually_satisfying,17,16,1
equally_guilty,17,17,0
objectively_better,17,16,1
just_japanese,17,17,0
perfectly_reasonable,17,17,0
especially_inspiring,17,17,0
as_doomed,17,17,0
more_imaginative,17,15,2
ridiculously_good,17,17,0
professionally_qualified,17,17,0
too_troubled,17,17,0
that_rational,17,17,0
fully_objective,17,17,0
so_unhealthy,17,17,0
truly_dark,17,17,0
very_cozy,17,17,0
really_precise,17,16,1
now_subject,17,17,0
as_quantifiable,17,17,0
so_primitive,17,16,1
so_nutritious,17,17,0
quite_equivalent,17,16,1
as_audible,17,17,0
overly_showy,17,16,1
extremely_annoying,17,17,0
exceptionally_quick,17,17,0
also_aware,17,17,0
less_stunning,17,16,1
so_intent,17,17,0
very_worthwhile,17,17,0
that_enthused,17,17,0
yet_mobile,17,17,0
now_clear,17,17,0
inherently_inferior,17,14,3
quite_english,17,17,0
truly_conservative,17,16,1
directly_answerable,17,17,0
truly_poor,17,17,0
entirely_heartless,17,17,0
super_tasty,17,17,0
exactly_reflective,17,17,0
chemically_addictive,17,17,0
entirely_accessible,17,17,0
particularly_noisy,17,17,0
perfectly_compatible,17,17,0
exactly_receptive,17,17,0
n't_better,17,17,0
wholly_immune,17,17,0
terribly_nice,17,17,0
not_hard,17,17,0
very_suspenseful,17,16,1
particularly_scared,17,17,0
instantly_gratifying,17,13,4
terribly_tough,17,17,0
remotely_equal,17,16,1
terribly_fair,17,17,0
only_defensible,17,17,0
so_civilized,17,17,0
more_unsightly,17,8,9
entirely_acceptable,17,17,0
instantly_catchy,17,17,0
perfectly_correct,17,17,0
just_heartbreaking,17,17,0
just_intact,17,17,0
that_restrictive,17,17,0
directly_beneficial,17,17,0
still_upset,17,16,1
exactly_believable,17,17,0
well_mannered,17,16,1
always_severe,17,17,0
completely_wet,17,17,0
pretty_awesome,17,17,0
as_fake,17,16,1
so_confrontational,17,17,0
super_funny,17,17,0
terribly_comforting,17,17,0
actually_interesting,17,16,1
willfully_ignorant,17,17,0
so_unpredictable,17,16,1
all_nervous,17,17,0
yet_usable,17,17,0
pretty_amazing,17,17,0
naturally_strong,17,17,0
super_famous,17,17,0
even_offensive,17,17,0
only_anachronistic,17,17,0
especially_safe,17,17,0
too_stimulating,17,13,4
sufficiently_severe,17,17,0
really_tricky,17,14,3
sufficiently_distinctive,17,16,1
falsely_modest,17,17,0
brand_conscious,17,17,0
only_condescending,17,17,0
so_feeble,17,16,1
just_divine,17,17,0
always_pleasurable,17,17,0
extremely_tall,17,17,0
most_ethical,17,17,0
specifically_religious,17,15,2
exactly_graceful,17,17,0
politically_effective,17,17,0
very_auspicious,17,17,0
very_weird,17,17,0
too_sleepy,17,16,1
just_skeptical,17,17,0
necessarily_commercial,17,17,0
just_british,17,17,0
less_alone,17,17,0
less_corrupt,17,17,0
politically_strong,17,17,0
necessarily_upset,17,16,1
super_delicious,17,17,0
only_ancient,17,17,0
exactly_progressive,17,17,0
well_detailed,17,17,0
actually_british,17,17,0
totally_supportive,17,17,0
very_plain,17,17,0
as_inconsistent,17,17,0
most_sociable,17,17,0
entirely_unconnected,17,17,0
exactly_heavy,17,17,0
very_spontaneous,17,16,1
more_exceptional,17,12,5
as_vain,17,17,0
as_orange,17,17,0
necessarily_inexpensive,17,17,0
most_gracious,17,16,1
as_esoteric,17,17,0
less_fierce,17,16,1
yet_detectable,17,17,0
as_changeable,17,17,0
more_exhausting,17,7,10
necessarily_sinful,17,17,0
as_neurotic,17,17,0
as_ingenious,17,17,0
exactly_upbeat,17,17,0
super_memorable,17,15,2
even_questionable,17,16,1
so_foolhardy,17,17,0
necessarily_partisan,17,17,0
as_hygienic,17,17,0
necessarily_advantageous,17,17,0
exactly_fat,17,17,0
terribly_intuitive,17,17,0
entirely_lacking,17,17,0
so_cunning,17,16,1
real_impressive,17,15,2
more_plastic,17,17,0
so_worth,17,14,3
always_blind,17,17,0
always_audible,17,17,0
super_huge,17,16,1
so_idiotic,17,17,0
seemingly_impossible,17,15,2
only_jealous,17,17,0
even_amusing,17,17,0
as_enlightening,17,17,0
extremely_interested,17,17,0
as_homophobic,17,17,0
all_attributable,17,17,0
commercially_attractive,17,17,0
totally_pure,17,17,0
as_tactile,17,17,0
necessarily_technical,17,17,0
real_obvious,17,15,2
as_ok,17,17,0
environmentally_sound,17,16,1
morally_ambiguous,17,14,3
just_nasty,17,17,0
really_creepy,17,16,1
mentally_incompetent,17,17,0
as_savage,17,17,0
very_decisive,17,17,0
most_skillful,17,17,0
as_curly,17,17,0
only_pure,17,17,0
very_sour,17,17,0
most_populous,17,17,0
less_bitter,17,12,5
very_skillful,17,16,1
too_wasteful,17,17,0
so_savage,17,17,0
exactly_gentle,17,17,0
seismically_active,17,17,0
real_quick,17,17,0
so_lavish,17,16,1
so_inconsistent,17,16,1
personally_popular,17,17,0
too_smoky,17,16,1
historically_important,17,16,1
brand_specific,17,17,0
more_objective,17,15,2
then_aware,17,17,0
financially_profitable,17,17,0
emotionally_close,17,17,0
as_hollow,17,17,0
exactly_unpleasant,17,17,0
just_brutal,17,17,0
just_one-sided,17,17,0
as_tasteful,17,17,0
very_vigorous,17,17,0
just_corporate,17,17,0
as_streamlined,17,17,0
that_intriguing,17,17,0
necessarily_transparent,17,17,0
as_cliche,17,17,0
most_prestigious,17,17,0
more_perplexing,17,13,4
less_formidable,17,15,2
especially_romantic,17,13,4
very_apologetic,17,17,0
as_euphoric,17,15,2
always_constructive,17,17,0
significantly_high,17,17,0
sufficiently_safe,17,17,0
exactly_flashy,17,17,0
most_functional,17,17,0
more_galling,17,9,8
more_other,17,13,4
super_necessary,17,17,0
quite_remarkable,17,16,1
more_grand,17,6,11
really_novel,17,11,6
less_curious,17,15,2
particularly_ugly,17,14,3
less_vulnerable,17,17,0
never_able,17,17,0
so_monotonous,17,16,1
too_idealistic,17,17,0
just_depressed,17,17,0
just_amusing,17,16,1
entirely_invisible,17,17,0
most_religious,17,17,0
scientifically_true,17,17,0
too_terrified,17,17,0
exactly_handsome,17,17,0
that_notable,17,17,0
as_cognizant,17,17,0
otherwise_open,17,17,0
really_sci-fi,17,17,0
more_naive,17,15,2
exactly_white,17,17,0
entirely_bare,17,17,0
absolutely_convinced,17,15,2
very_acidic,17,17,0
so_formulaic,17,17,0
more_graceful,17,13,4
automatically_subject,17,17,0
broadly_applicable,17,17,0
most_deadly,17,16,1
really_noticable,17,16,1
just_deadly,17,17,0
truly_useful,17,15,2
particularly_uncomfortable,17,17,0
overly_talkative,17,17,0
real_difficult,17,17,0
so_sinful,17,15,2
only_deceptive,17,17,0
overly_fruity,17,17,0
fully_acceptable,17,17,0
exactly_special,17,15,2
consequently_clear,17,17,0
just_palatable,17,17,0
quite_stupid,17,17,0
only_uplifting,17,17,0
totally_straightforward,17,17,0
automatically_wrong,17,12,5
deathly_afraid,17,17,0
really_sore,17,17,0
overly_sophisticated,17,16,1
super_flashy,17,16,1
only_readable,17,17,0
fully_dark,17,17,0
so_pliable,17,17,0
fairly_sure,17,17,0
as_angelic,17,17,0
really_sensible,17,17,0
really_french,17,17,0
just_conceptual,17,17,0
especially_tasty,17,17,0
as_stuck,17,17,0
so_gray,17,17,0
truly_wild,17,14,3
all_racist,17,17,0
incredibly_knowledgeable,17,17,0
incredibly_interested,17,17,0
completely_unhappy,17,17,0
mobile_ready,17,17,0
only_unworkable,17,17,0
reasonably_safe,17,17,0
already_strong,17,17,0
so_favourite,17,17,0
really_urgent,17,14,3
purely_theoretical,17,17,0
very_compact,17,17,0
just_arrogant,17,17,0
traditionally_attractive,17,17,0
exactly_likeable,17,17,0
exactly_endearing,17,16,1
much_appealing,17,14,3
extremely_light,17,17,0
more_hateful,17,14,3
only_quieter,17,17,0
too_brittle,17,16,1
all_realistic,17,17,0
morally_questionable,17,15,2
so_ambivalent,17,16,1
quite_romantic,17,17,0
necessarily_wealthier,17,17,0
wholly_unpleasant,17,17,0
even_rational,17,17,0
most_notable,17,15,2
more_primitive,17,15,2
incredibly_explosive,17,17,0
personally_wealthy,17,16,1
easily_manageable,17,17,0
purely_religious,17,17,0
as_academic,17,16,1
just_detrimental,17,17,0
entirely_favourable,17,17,0
even_poor,17,17,0
only_preventable,17,17,0
comfortably_satisfied,17,17,0
all_appropriate,17,17,0
necessarily_amazing,17,17,0
emotionally_difficult,17,17,0
absolutely_conclusive,17,16,1
well_off,17,16,1
so_riveting,17,16,1
only_cathartic,17,17,0
just_mediocre,17,17,0
exactly_prone,17,17,0
just_current,17,17,0
so_faint,17,17,0
quite_blue,17,17,0
so_ambiguous,17,16,1
particularly_crisp,17,16,1
more_proper,17,12,5
fully_relevant,17,17,0
too_progressive,17,17,0
deeply_personal,17,15,2
necessarily_worthy,17,17,0
overly_wide,17,17,0
yet_dominant,17,17,0
too_troubling,17,15,2
as_chubby,17,17,0
all_anxious,17,17,0
necessarily_automatic,17,17,0
so_solemn,17,17,0
sufficiently_careful,17,17,0
always_civil,17,17,0
more_harrowing,17,10,7
always_inspiring,17,17,0
very_fulfilling,17,17,0
so_humbling,17,7,10
always_lower,17,17,0
consistently_high,17,17,0
only_intelligible,17,17,0
truly_objective,17,17,0
more_sore,16,14,2
really_embarrassed,16,16,0
well_prepared,16,16,0
just_nutritious,16,16,0
so_short-sighted,16,16,0
immediately_feasible,16,16,0
more_open-minded,16,16,0
usually_acceptable,16,16,0
really_embarrassing,16,14,2
particularly_dependent,16,16,0
necessarily_simpler,16,16,0
only_petty,16,16,0
as_claustrophobic,16,16,0
in_vain,16,16,0
also_difficult,16,16,0
as_purple,16,16,0
really_emotional,16,16,0
nearly_radical,16,16,0
so_prideful,16,16,0
totally_incorrect,16,16,0
more_contemptible,16,9,7
more_harsh,16,14,2
entirely_capable,16,16,0
necessarily_chronological,16,16,0
terribly_novel,16,13,3
really_prominent,16,16,0
half_naked,16,16,0
only_imminent,16,16,0
purely_subjective,16,16,0
just_short-sighted,16,16,0
not_scared,16,16,0
too_fatigued,16,16,0
overtly_critical,16,15,1
anyway_related,16,15,1
more_handsome,16,15,1
as_instructive,16,16,0
more_superior,16,15,1
yet_likely,16,16,0
always_neutral,16,16,0
very_tiring,16,16,0
just_sci-fi,16,16,0
completely_inept,16,16,0
always_traditional,16,16,0
so_debilitating,16,16,0
terribly_unreasonable,16,16,0
totally_far-fetched,16,16,0
less_frightening,16,15,1
as_identical,16,16,0
as_collaborative,16,16,0
totally_unfair,16,16,0
necessarily_bright,16,16,0
terribly_inclined,16,16,0
grossly_offensive,16,16,0
exactly_specific,16,16,0
necessarily_progressive,16,15,1
not_successful,16,16,0
so_contagious,16,15,1
much_tricky,16,16,0
less_stable,16,16,0
particularly_good-looking,16,16,0
so_manageable,16,15,1
less_frustrating,16,14,2
truly_worried,16,16,0
so_identical,16,16,0
politically_significant,16,15,1
upwardly_mobile,16,15,1
sufficiently_motivated,16,16,0
more_subversive,16,8,8
that_enormous,16,16,0
necessarily_sensitive,16,16,0
pretty_simple,16,16,0
politically_right,16,16,0
super_valuable,16,15,1
just_innocent,16,16,0
truly_comparable,16,14,2
medically_serious,16,14,2
merely_speculative,16,16,0
very_wild,16,16,0
especially_revelatory,16,12,4
so_insidious,16,14,2
just_unprecedented,16,16,0
acutely_ill,16,16,0
really_confused,16,16,0
just_solid,16,13,3
necessarily_sexy,16,16,0
entirely_sad,16,16,0
really_confusing,16,16,0
real_cold,16,16,0
as_punctual,16,16,0
so_conscientious,16,16,0
specifically_concerned,16,16,0
only_intrusive,16,16,0
as_courteous,16,16,0
immediately_responsive,16,16,0
completely_inappropriate,16,16,0
so_nefarious,16,14,2
biologically_plausible,16,16,0
really_single,16,16,0
so_tiresome,16,14,2
as_collectible,16,16,0
always_measurable,16,16,0
more_likeable,16,15,1
as_best,16,16,0
always_tolerant,16,16,0
physically_large,16,16,0
strictly_new,16,16,0
politically_toxic,16,15,1
all_young,16,16,0
as_dignified,16,16,0
actually_allergic,16,16,0
as_inefficient,16,16,0
more_empathetic,16,16,0
more_flavorful,16,15,1
more_dull,16,9,7
very_italian,16,16,0
less_lethal,16,15,1
more_repulsive,16,6,10
so_morbid,16,16,0
actually_vegan,16,16,0
completely_cynical,16,16,0
very_unhappy,16,16,0
very_committed,16,15,1
extremely_excited,16,15,1
as_infuriating,16,13,3
as_lasting,16,16,0
too_implausible,16,16,0
just_thankful,16,16,0
highly_original,16,14,2
always_moral,16,16,0
even_beautiful,16,15,1
exactly_voluntary,16,16,0
particularly_festive,16,16,0
anywhere_else,16,15,1
too_rainy,16,16,0
only_ethnic,16,16,0
quite_odd,16,16,0
merely_offensive,16,16,0
all_political,16,16,0
quite_fine,16,16,0
completely_delusional,16,16,0
only_ideological,16,16,0
wildly_dissimilar,16,16,0
super_low,16,16,0
naturally_skilled,16,16,0
only_liable,16,16,0
necessarily_unpleasant,16,16,0
only_implausible,16,16,0
even_asleep,16,16,0
just_traditional,16,16,0
particularly_outrageous,16,10,6
just_rewarding,16,16,0
less_thrilling,16,16,0
highly_knowledgeable,16,16,0
particularly_capable,16,16,0
necessarily_valuable,16,16,0
more_pretentious,16,8,8
as_jazzy,16,16,0
really_subtle,16,13,3
very_overwhelming,16,15,1
incredibly_efficient,16,16,0
n't_qualified,16,15,1
so_powerless,16,14,2
originally_available,16,16,0
deliberately_indifferent,16,16,0
entirely_public,16,16,0
merely_metaphorical,16,16,0
quite_friendly,16,16,0
more_effusive,16,15,1
all_complete,16,16,0
as_toasty,16,16,0
necessarily_overt,16,16,0
currently_functional,16,16,0
as_cathartic,16,14,2
only_seamless,16,16,0
that_wild,16,16,0
naturally_athletic,16,16,0
really_obsessed,16,16,0
exactly_devoid,16,16,0
really_forthcoming,16,16,0
just_surprised,16,16,0
so_soothing,16,13,3
too_ignorant,16,16,0
simply_decorative,16,16,0
really_fluent,16,16,0
even_british,16,16,0
totally_straight,16,16,0
entirely_desirable,16,15,1
more_heinous,16,10,6
sexually_immoral,16,16,0
really_thirsty,16,16,0
no_less,16,15,1
clinically_necessary,16,16,0
currently_fit,16,16,0
truly_global,16,16,0
very_daring,16,15,1
so_desolate,16,16,0
only_horrifying,16,16,0
necessarily_competitive,16,16,0
totally_irrational,16,16,0
less_famous,16,15,1
as_resolute,16,16,0
actively_suicidal,16,16,0
mathematically_correct,16,16,0
totally_ideal,16,16,0
really_frustrated,16,16,0
always_impossible,16,16,0
always_static,16,16,0
as_hellish,16,16,0
as_defenseless,16,16,0
more_reckless,16,11,5
actually_unusual,16,15,1
usually_quick,16,16,0
outwardly_religious,16,15,1
quite_okay,16,16,0
more_edifying,16,14,2
really_final,16,14,2
as_dazzling,16,15,1
as_communicative,16,16,0
as_rustic,16,16,0
just_transparent,16,16,0
even_dangerous,16,16,0
well_equipped,16,16,0
as_devious,16,16,0
just_negligent,16,16,0
exactly_magic,16,15,1
so_myopic,16,16,0
that_traumatic,16,16,0
truly_passionate,16,15,1
too_diligent,16,16,0
especially_tough,16,16,0
too_palatable,16,11,5
nearly_funny,16,16,0
only_progressive,16,16,0
not_equal,16,16,0
completely_factual,16,16,0
inherently_aggressive,16,16,0
particularly_faithful,16,16,0
so_deliberate,16,15,1
incredibly_obvious,16,16,0
nearly_effective,16,16,0
entirely_inconsistent,16,16,0
so_clinical,16,16,0
socially_desirable,16,15,1
only_bothersome,16,16,0
inherently_criminal,16,9,7
too_raw,16,16,0
less_sure,16,10,6
too_sexual,16,12,4
as_local,16,16,0
totally_excited,16,16,0
necessarily_special,16,14,2
economically_productive,16,14,2
n't_afraid,16,16,0
entirely_comprehensible,16,15,1
so_heavenly,16,15,1
n't_attractive,16,16,0
exactly_top-notch,16,16,0
very_colourful,16,16,0
necessarily_native,16,16,0
perfectly_comparable,16,16,0
currently_willing,16,16,0
yet_satisfactory,16,15,1
more_miraculous,16,8,8
particularly_nostalgic,16,15,1
so_pedantic,16,16,0
as_choppy,16,16,0
usually_wrong,16,16,0
merely_black,16,16,0
more_sick,16,16,0
downright_offensive,16,15,1
economically_stable,16,16,0
readily_willing,16,16,0
so_topical,16,15,1
as_inexperienced,16,16,0
truly_easy,16,15,1
more_dense,16,16,0
truly_valuable,16,8,8
necessarily_unconstitutional,16,16,0
only_holy,16,16,0
as_chaste,16,16,0
emotionally_painful,16,12,4
particularly_portable,16,16,0
truly_outstanding,16,8,8
just_troubling,16,16,0
clinically_appropriate,16,16,0
not_boring,16,16,0
so_sober,16,16,0
naturally_violent,16,16,0
not_big,16,16,0
less_lovely,16,15,1
so_meticulous,16,16,0
always_silent,16,16,0
too_disgusting,16,14,2
n't_likely,16,16,0
very_understandable,16,16,0
exceptionally_difficult,16,15,1
nearly_ambitious,16,16,0
quite_naked,16,16,0
very_perceptive,16,16,0
particularly_courageous,16,15,1
as_childish,16,16,0
super_shiny,16,15,1
above_normal,16,16,0
as_illegal,16,16,0
n't_familiar,16,15,1
particularly_forgiving,16,16,0
so_pernicious,16,12,4
very_intellectual,16,16,0
immediately_impressive,16,15,1
n't_grateful,16,16,0
too_hospitable,16,13,3
only_poisonous,16,16,0
as_recognisable,16,14,2
likely_worth,16,16,0
more_poisonous,16,12,4
actually_beneficial,16,15,1
longer_functional,16,16,0
very_worldly,16,16,0
over_fond,16,16,0
too_shoddy,16,16,0
more_scandalous,16,9,7
fully_public,16,16,0
only_senseless,16,16,0
less_optimistic,16,16,0
mobile_compatible,16,16,0
most_remarkable,16,16,0
very_distinguishable,16,16,0
merely_individual,16,16,0
overly_extensive,16,16,0
entirely_forthright,16,16,0
very_civilized,16,16,0
already_extinct,16,16,0
just_reckless,16,16,0
only_vertical,16,16,0
just_confused,16,16,0
as_monotonous,16,15,1
as_unstoppable,16,16,0
politically_controversial,16,16,0
much_nervous,16,16,0
as_easygoing,16,16,0
only_abhorrent,16,16,0
as_omnipotent,16,15,1
remotely_cool,16,12,4
instantly_visible,16,16,0
entirely_great,16,16,0
especially_ambitious,16,16,0
marginally_better,16,16,0
quite_soft,16,16,0
only_global,16,16,0
too_tannic,16,14,2
longer_visible,16,16,0
so_loveable,16,16,0
presently_able,16,16,0
completely_raw,16,16,0
too_satisfying,16,15,1
always_compelling,16,16,0
very_alarming,16,15,1
overly_cheap,16,16,0
too_limited,16,14,2
so_fantastical,16,14,2
all_fat,16,16,0
only_non-toxic,16,16,0
actively_harmful,16,16,0
most_responsive,16,15,1
just_greek,16,16,0
even_special,16,14,2
more_akin,16,16,0
only_comprehensible,16,16,0
so_exuberant,16,16,0
always_entertaining,16,16,0
ever_much,16,16,0
as_distraught,16,16,0
more_lasting,16,10,6
completely_passive,16,16,0
so_glossy,16,16,0
quite_universal,16,16,0
much_painful,16,16,0
as_visionary,16,16,0
particularly_straightforward,16,16,0
overly_sappy,16,14,2
more_unstable,16,14,2
considerably_higher,16,16,0
very_pragmatic,16,16,0
outrageously_high,16,16,0
too_focused,16,16,0
still_unknown,16,16,0
particularly_solid,16,14,2
too_adult,16,14,2
most_diplomatic,16,16,0
really_distinguishable,16,16,0
even_probable,16,16,0
necessarily_innocent,16,16,0
entirely_harmonious,16,16,0
really_insane,16,15,1
now_open,16,16,0
so_bashful,16,16,0
now_visible,16,16,0
most_capable,16,16,0
as_divine,16,11,5
too_thorough,16,16,0
so_fearsome,16,14,2
extremely_productive,16,16,0
more_agile,16,16,0
overly_controversial,16,13,3
that_direct,16,16,0
just_handsome,16,16,0
remotely_difficult,16,16,0
extremely_skilled,16,16,0
clearly_discernible,16,16,0
all_active,16,16,0
very_humane,16,16,0
most_diverse,16,16,0
just_diverse,16,16,0
as_unlucky,16,16,0
terribly_social,16,16,0
always_crucial,16,16,0
very_erotic,16,15,1
just_comforting,16,16,0
generally_fond,16,16,0
overly_chewy,16,15,1
as_ardent,16,16,0
that_bold,16,16,0
readily_convertible,16,16,0
just_charming,16,16,0
specifically_familiar,16,16,0
exactly_outstanding,16,16,0
overwhelmingly_impressive,16,16,0
enough_better,16,16,0
quite_balanced,16,16,0
more_interactive,16,15,1
most_favorite,16,16,0
actually_painful,16,16,0
always_cordial,16,16,0
necessarily_jewish,16,16,0
completely_square,16,16,0
as_unreliable,16,15,1
particularly_admirable,16,15,1
truly_remarkable,16,11,5
exactly_overjoyed,16,16,0
really_local,16,16,0
particularly_juicy,16,13,3
most_thoughtful,16,16,0
intrinsically_different,16,16,0
specifically_relevant,16,16,0
very_dominant,16,16,0
as_dusty,16,16,0
reliably_hardy,16,16,0
so_liquid,16,16,0
actually_irish,16,16,0
most_ancient,16,16,0
so_glum,16,16,0
very_negative,16,14,2
actually_ironic,16,16,0
only_broad,16,16,0
statistically_relevant,16,16,0
too_oppressive,16,15,1
statistically_reliable,16,16,0
legally_appropriate,16,16,0
entirely_critical,16,16,0
especially_critical,16,16,0
just_probable,16,15,1
legally_admissible,16,16,0
even_larger,16,15,1
real_important,16,13,3
artistically_inclined,16,16,0
as_dreary,16,14,2
necessarily_flashy,16,16,0
particularly_sensational,16,15,1
exclusively_dependent,16,16,0
so_enchanting,16,14,2
less_amazing,16,13,3
overly_elaborate,16,15,1
intensely_interested,16,16,0
all_enough,16,16,0
that_flavorful,16,16,0
so_impenetrable,16,15,1
only_nostalgic,16,16,0
exclusively_vegan,16,16,0
especially_distinctive,16,14,2
just_eccentric,16,16,0
always_comprehensible,16,16,0
so_lethal,16,14,2
so_groovy,16,15,1
directly_present,16,16,0
so_damning,16,14,2
relatively_small,16,16,0
terribly_political,16,16,0
physically_dominant,16,16,0
particularly_sorry,16,16,0
generally_harmful,16,16,0
readily_applicable,16,16,0
largely_responsible,16,16,0
remotely_amusing,16,9,7
absolutely_new,16,13,3
obviously_bad,16,14,2
altogether_unlikely,16,16,0
perhaps_surprising,16,16,0
least_concerned,16,16,0
actually_random,16,16,0
only_first,16,16,0
too_beholden,16,16,0
extremely_quick,16,16,0
as_impatient,16,16,0
overly_pleasant,16,16,0
already_worried,16,16,0
reasonably_able,16,16,0
intentionally_cruel,16,15,1
less_rewarding,16,15,1
morally_bad,16,13,3
overly_disruptive,16,16,0
particularly_amenable,16,16,0
as_sleazy,16,16,0
only_sane,16,16,0
remotely_exciting,16,7,9
specifically_detailed,16,16,0
terribly_afraid,16,15,1
so_tacky,16,15,1
more_tranquil,16,10,6
just_faithful,16,15,1
too_coherent,16,15,1
necessarily_mad,16,16,0
quite_accessible,16,16,0
much_simple,16,16,0
ever_serious,16,14,2
less_potent,16,12,4
only_unwanted,16,16,0
fairly_positive,16,16,0
too_sparkly,16,16,0
often_feasible,16,16,0
quite_distinct,16,15,1
ever_shy,16,15,1
actually_smart,16,16,0
fully_relaxed,16,16,0
too_alien,16,16,0
more_casual,16,16,0
as_girly,16,16,0
only_oppressive,16,16,0
quite_predictable,16,16,0
more_catastrophic,16,11,5
even_russian,16,16,0
readily_adaptable,16,16,0
easily_subject,16,16,0
very_rough,16,16,0
quite_symmetrical,16,16,0
too_breezy,16,16,0
so_single,16,16,0
most_comprehensive,16,13,3
sexually_aggressive,16,16,0
entirely_sustainable,16,16,0
just_adequate,16,16,0
quite_rich,16,16,0
really_soft,16,15,1
quite_surprised,16,16,0
only_uncommon,16,16,0
morally_sound,16,16,0
morally_qualified,16,16,0
visually_stimulating,16,16,0
so_restless,16,16,0
most_demanding,16,16,0
so_sceptical,16,16,0
much_clear,16,15,1
better_available,16,0,16
totally_nude,16,15,1
all_busy,16,16,0
that_noticable,16,16,0
really_italian,16,16,0
necessarily_mandatory,16,16,0
as_baggy,16,16,0
quite_dominant,16,16,0
so_authentic,16,15,1
up_high,16,15,1
real_crisp,16,16,0
always_charming,16,16,0
so_odious,16,14,2
too_bullish,16,16,0
more_civil,16,16,0
just_utilitarian,16,16,0
so_frivolous,16,15,1
very_magical,16,16,0
all_receptive,16,16,0
all_sympathetic,16,16,0
too_grumpy,16,16,0
more_tenuous,16,16,0
as_prodigious,16,14,2
so_functional,16,16,0
just_potential,16,16,0
too_noticable,16,12,4
often_good,16,16,0
all_close,16,15,1
only_coherent,16,16,0
as_accepting,16,16,0
even_final,16,16,0
too_bubbly,16,16,0
always_dead,16,16,0
so_cowardly,16,16,0
as_elated,16,16,0
totally_altruistic,16,16,0
as_murky,16,16,0
just_immediate,16,16,0
most_cooperative,16,16,0
only_misunderstood,16,16,0
as_exhausted,16,16,0
too_alkaline,16,16,0
very_terrible,16,9,7
entirely_synonymous,16,16,0
too_clunky,16,16,0
just_vegan,16,16,0
perfectly_white,16,16,0
much_convincing,16,16,0
completely_sober,16,16,0
so_harrowing,16,14,2
perfectly_natural,16,16,0
only_musical,16,16,0
as_analytical,16,15,1
remotely_illegal,16,7,9
overly_convincing,16,16,0
entirely_equal,16,16,0
just_federal,16,16,0
only_complicit,16,16,0
geographically_accurate,16,16,0
really_loyal,16,16,0
ever_predictable,16,16,0
particularly_inhumane,16,16,0
only_theological,16,16,0
as_paradoxical,16,16,0
that_organized,16,16,0
too_scrupulous,16,12,4
that_eloquent,16,16,0
just_honest,16,16,0
very_newsworthy,16,11,5
necessarily_fat,16,16,0
physically_abused,16,16,0
still_worth,16,16,0
very_chic,16,15,1
immediately_comfortable,16,16,0
as_smoky,16,16,0
that_rewarding,16,16,0
regularly_open,16,16,0
too_outdated,16,15,1
merely_external,16,15,1
as_attuned,16,16,0
just_reluctant,16,16,0
only_mad,16,16,0
necessarily_long,16,16,0
completely_organic,16,16,0
only_attentive,16,16,0
vastly_superior,16,16,0
even_sexual,16,16,0
most_impactful,16,16,0
much_possible,16,16,0
now_concerned,16,16,0
just_reflective,16,16,0
perfectly_obvious,16,16,0
all_fine,16,16,0
most_colorful,16,16,0
too_crass,16,14,2
quite_specific,16,15,1
seriously_worried,16,16,0
even_secret,16,16,0
perfectly_linear,16,16,0
always_painless,16,16,0
particularly_cohesive,16,14,2
that_insightful,16,16,0
digitally_savvy,16,16,0
completely_unbiased,16,16,0
far_higher,16,16,0
equally_powerful,16,16,0
only_fearful,16,16,0
overly_defensive,16,16,0
so_dreary,16,14,2
particularly_gruesome,16,16,0
much_red,16,15,1
most_excellent,15,15,0
very_drunk,15,15,0
particularly_picturesque,15,15,0
too_prideful,15,15,0
quite_unanimous,15,15,0
usually_cause,15,15,0
much_big,15,15,0
as_overcrowded,15,15,0
always_shy,15,15,0
particularly_dry,15,15,0
all_peaceful,15,15,0
really_neat,15,14,1
extremely_creative,15,15,0
morally_unacceptable,15,15,0
always_amenable,15,15,0
naturally_interested,15,15,0
only_fond,15,15,0
always_sober,15,15,0
necessarily_unwelcome,15,15,0
much_attractive,15,15,0
too_choppy,15,15,0
fully_organic,15,15,0
even_naked,15,15,0
totally_illegal,15,15,0
fairly_traceable,15,15,0
real_busy,15,15,0
extremely_deep,15,15,0
as_elitist,15,15,0
just_mindless,15,15,0
as_murderous,15,15,0
particularly_potent,15,15,0
always_vital,15,15,0
primarily_ideological,15,15,0
all_mushy,15,12,3
completely_unsympathetic,15,15,0
very_vibrant,15,15,0
as_cavalier,15,15,0
very_random,15,15,0
incredibly_durable,15,15,0
very_legal,15,15,0
as_mushy,15,15,0
so_arduous,15,14,1
as_flammable,15,15,0
exactly_enthralling,15,15,0
too_hurt,15,15,0
often_interested,15,15,0
as_caustic,15,15,0
always_amicable,15,15,0
quite_best,15,15,0
really_german,15,15,0
so_goofy,15,15,0
as_isolated,15,15,0
usually_noticeable,15,15,0
as_telling,15,14,1
really_interactive,15,14,1
quite_better,15,12,3
as_enchanting,15,14,1
incredibly_cute,15,15,0
as_tentative,15,15,0
especially_athletic,15,15,0
completely_vertical,15,14,1
so_wordy,15,14,1
clinically_useful,15,15,0
terribly_visible,15,15,0
necessarily_vegan,15,15,0
so_rocky,15,15,0
even_believable,15,15,0
exactly_ordinary,15,14,1
terribly_knowledgeable,15,15,0
necessarily_flat,15,15,0
so_irresistible,15,14,1
completely_benign,15,15,0
totally_invisible,15,15,0
currently_necessary,15,15,0
even_usable,15,15,0
particularly_right,15,9,6
completely_adequate,15,15,0
as_judgemental,15,15,0
so_cryptic,15,15,0
even_okay,15,15,0
even_natural,15,15,0
purely_hypothetical,15,15,0
as_spirited,15,15,0
only_relaxed,15,15,0
so_muddy,15,15,0
as_sordid,15,15,0
overly_fishy,15,15,0
entirely_disappointing,15,14,1
very_destructive,15,14,1
that_courageous,15,15,0
even_public,15,15,0
that_foreign,15,15,0
most_painful,15,14,1
only_reassuring,15,15,0
particularly_feasible,15,15,0
totally_inappropriate,15,15,0
most_organized,15,15,0
super_enthusiastic,15,15,0
even_secondary,15,15,0
very_merry,15,14,1
likely_aware,15,15,0
very_menacing,15,15,0
most_objective,15,14,1
most_numerous,15,15,0
almost_irrelevant,15,15,0
wildly_exciting,15,11,4
politically_stable,15,15,0
extraordinarily_difficult,15,15,0
too_encouraging,15,13,2
entirely_neutral,15,15,0
immensely_talented,15,15,0
typically_aggressive,15,15,0
so_stereotypical,15,15,0
mentally_deficient,15,15,0
very_loose,15,15,0
as_odious,15,15,0
more_foundational,15,10,5
exactly_tall,15,15,0
egregiously_wrong,15,5,10
just_disruptive,15,14,1
truly_responsible,15,15,0
truly_neutral,15,15,0
extremely_impressive,15,14,1
only_breathable,15,15,0
so_congested,15,15,0
terribly_distinctive,15,13,2
totally_good,15,15,0
even_proud,15,15,0
only_muslim,15,15,0
as_abnormal,15,15,0
too_empty,15,15,0
as_seedy,15,15,0
really_socialist,15,15,0
entirely_likeable,15,15,0
particularly_racist,15,14,1
as_hyperbolic,15,15,0
always_paramount,15,15,0
as_submissive,15,15,0
most_loyal,15,14,1
really_japanese,15,15,0
overly_present,15,15,0
just_secure,15,15,0
too_frigid,15,15,0
only_distressing,15,15,0
exactly_spontaneous,15,14,1
entirely_unforeseen,15,15,0
as_wooden,15,13,2
particularly_conscious,15,15,0
previously_feasible,15,15,0
less_decisive,15,15,0
so_newsworthy,15,15,0
only_sensual,15,15,0
truly_rich,15,15,0
just_sensible,15,15,0
less_deadly,15,15,0
as_expert,15,15,0
too_nostalgic,15,14,1
less_volatile,15,15,0
so_juicy,15,15,0
totally_private,15,15,0
less_frequent,15,15,0
only_intentional,15,15,0
very_playful,15,15,0
more_nerve-wracking,15,9,6
typically_able,15,15,0
as_hypocritical,15,15,0
pretty_expensive,15,15,0
as_senior,15,15,0
very_slick,15,15,0
more_global,15,15,0
entirely_painless,15,15,0
more_nefarious,15,2,13
as_acrobatic,15,15,0
really_concrete,15,7,8
damn_lazy,15,15,0
most_mature,15,15,0
always_religious,15,15,0
very_characteristic,15,13,2
all_old,15,15,0
only_alluring,15,15,0
so_tiring,15,15,0
traditionally_feminine,15,15,0
only_enticing,15,15,0
only_actual,15,15,0
actually_american,15,15,0
even_organic,15,15,0
entirely_autobiographical,15,14,1
longer_welcome,15,15,0
most_flavorful,15,15,0
too_horrendous,15,11,4
academically_competitive,15,15,0
widely_successful,15,15,0
too_believable,15,13,2
quite_live,15,15,0
more_intensive,15,13,2
home_much,15,15,0
overly_zealous,15,15,0
only_resilient,15,15,0
actually_offensive,15,15,0
as_vexing,15,15,0
more_fat,15,15,0
more_pessimistic,15,14,1
functionally_equivalent,15,15,0
always_attentive,15,15,0
as_choosy,15,15,0
very_sore,15,15,0
usually_hard,15,15,0
most_shocking,15,15,0
only_sincere,15,15,0
equally_vulnerable,15,15,0
only_residential,15,15,0
as_sassy,15,15,0
sufficiently_representative,15,15,0
hysterically_funny,15,15,0
incredibly_complex,15,15,0
particularly_viable,15,15,0
nearly_aggressive,15,15,0
really_athletic,15,15,0
truly_religious,15,15,0
necessarily_cold,15,15,0
too_hostile,15,15,0
particularly_thoughtful,15,14,1
extremely_frustrating,15,15,0
most_transparent,15,15,0
as_tantalizing,15,15,0
fiscally_feasible,15,15,0
deeply_enough,15,15,0
as_sane,15,15,0
entirely_absurd,15,15,0
as_enigmatic,15,15,0
just_peachy,15,15,0
logically_inconsistent,15,14,1
really_wealthy,15,14,1
only_unseemly,15,15,0
exactly_skilled,15,15,0
quite_average,15,15,0
always_comprehensive,15,15,0
so_amazed,15,15,0
necessarily_sophisticated,15,15,0
so_naked,15,14,1
as_nifty,15,15,0
even_prepared,15,15,0
always_personal,15,15,0
cautiously_optimistic,15,15,0
quite_sober,15,15,0
sufficiently_definite,15,15,0
only_ungrateful,15,15,0
just_raw,15,14,1
entirely_ethical,15,15,0
sufficiently_developed,15,15,0
only_unqualified,15,15,0
particularly_contentious,15,14,1
that_functional,15,14,1
totally_possible,15,15,0
broadly_popular,15,15,0
as_corrosive,15,15,0
totally_anonymous,15,14,1
longer_young,15,15,0
consistently_productive,15,15,0
always_persuasive,15,14,1
ethnically_russian,15,15,0
very_vivid,15,15,0
only_protective,15,15,0
especially_radical,15,13,2
as_nerve-racking,15,15,0
usually_great,15,15,0
sufficiently_committed,15,15,0
less_brilliant,15,12,3
really_stressful,15,14,1
too_protective,15,15,0
particularly_certain,15,14,1
always_competitive,15,15,0
nearly_interesting,15,13,2
most_riveting,15,15,0
so_amicable,15,15,0
so_amiable,15,14,1
necessarily_static,15,15,0
quite_skilled,15,14,1
so_fanatical,15,14,1
purely_technical,15,15,0
just_spectacular,15,15,0
very_moist,15,15,0
overly_excessive,15,13,2
always_light,15,15,0
less_brave,15,12,3
perfectly_stable,15,15,0
overly_sour,15,15,0
absolutely_ready,15,14,1
quite_evil,15,15,0
as_mediocre,15,15,0
only_grand,15,15,0
now_ready,15,15,0
very_ergonomic,15,15,0
only_scalable,15,15,0
overly_bullish,15,15,0
conventionally_religious,15,14,1
as_blameless,15,15,0
necessarily_likable,15,15,0
just_invisible,15,15,0
less_susceptible,15,15,0
now_willing,15,15,0
only_biblical,15,15,0
exactly_angry,15,15,0
so_brisk,15,14,1
entirely_resistant,15,15,0
as_staunch,15,15,0
really_pink,15,15,0
chemically_identical,15,15,0
just_respectable,15,15,0
always_enforceable,15,15,0
essentially_new,15,3,12
that_thoughtful,15,15,0
just_pregnant,15,15,0
quite_evident,15,15,0
necessarily_hereditary,15,15,0
just_historic,15,15,0
still_willing,15,12,3
ever_personal,15,12,3
as_futile,15,14,1
too_derivative,15,15,0
only_heartbroken,15,15,0
very_fat,15,15,0
that_rigid,15,15,0
particularly_lovely,15,11,4
so_sensational,15,15,0
more_unprofessional,15,5,10
overly_nervous,15,15,0
technically_eligible,15,15,0
so_bumpy,15,15,0
that_catchy,15,15,0
as_complacent,15,15,0
remotely_familiar,15,13,2
super_steep,15,15,0
too_innovative,15,8,7
already_crazy,15,15,0
fully_attentive,15,15,0
as_measurable,15,15,0
all_lazy,15,15,0
completely_fine,15,15,0
more_bearable,15,14,1
architecturally_significant,15,14,1
merely_indifferent,15,15,0
exclusively_available,15,15,0
any_dumber,15,15,0
politically_involved,15,15,0
just_responsive,15,15,0
exclusively_black,15,15,0
highly_competent,15,15,0
typically_possible,15,15,0
objectively_good,15,12,3
always_afraid,15,15,0
so_upfront,15,15,0
not_eligible,15,15,0
necessarily_legitimate,15,14,1
so_unclear,15,14,1
only_loving,15,15,0
as_skittish,15,15,0
democratically_accountable,15,15,0
that_absurd,15,15,0
economically_successful,15,15,0
exactly_booming,15,15,0
so_bountiful,15,15,0
totally_waterproof,15,15,0
highly_beneficial,15,15,0
too_tangy,15,14,1
more_culpable,15,13,2
too_grateful,15,14,1
particularly_colorful,15,15,0
altogether_terrible,15,15,0
wholly_correct,15,15,0
technically_inaccurate,15,15,0
very_orthodox,15,15,0
so_breathtaking,15,13,2
super_slow,15,14,1
that_receptive,15,15,0
more_vile,15,9,6
exactly_averse,15,15,0
too_raunchy,15,10,5
very_obedient,15,15,0
economically_secure,15,15,0
only_good-looking,15,15,0
as_merry,15,15,0
ecologically_sustainable,15,15,0
entirely_specific,15,15,0
as_blurry,15,15,0
really_ethical,15,15,0
so_dignified,15,12,3
especially_insightful,15,15,0
that_real,15,15,0
so_rainy,15,15,0
particularly_negative,15,9,6
ever_hungry,15,14,1
ultimately_important,15,15,0
entirely_illogical,15,15,0
biologically_active,15,15,0
not_serious,15,15,0
inherently_unethical,15,8,7
entirely_conducive,15,15,0
completely_intact,15,15,0
as_immoral,15,15,0
extremely_big,15,15,0
overly_apparent,15,15,0
that_heartless,15,15,0
much_unique,15,14,1
extremely_attractive,15,15,0
all_scared,15,15,0
only_temporary,15,15,0
so_disheartening,15,10,5
less_meaningful,15,14,1
initially_popular,15,15,0
very_right,15,15,0
really_dumb,15,15,0
as_discrete,15,14,1
as_discouraging,15,15,0
so_insulting,15,14,1
very_excellent,15,15,0
particularly_muscular,15,14,1
not_visible,15,15,0
overly_affectionate,15,15,0
initially_comfortable,15,15,0
quite_drunk,15,15,0
only_awful,15,15,0
entirely_misleading,15,15,0
as_probable,15,14,1
more_technical,15,10,5
perfectly_free,15,15,0
as_banal,15,13,2
overly_amazing,15,9,6
remotely_sexual,15,9,6
somehow_better,15,15,0
very_onerous,15,14,1
half_enough,15,15,0
yet_tall,15,15,0
overly_sexy,15,15,0
completely_logical,15,15,0
completely_invincible,15,15,0
all_unfamiliar,15,15,0
really_mainstream,15,15,0
always_transferable,15,15,0
also_clear,15,15,0
totally_applicable,15,15,0
exactly_modest,15,14,1
as_luscious,15,14,1
typically_visible,15,15,0
more_trendy,15,10,5
truly_compelling,15,13,2
so_marvelous,15,15,0
all_dire,15,15,0
so_spotless,15,15,0
practically_perfect,15,15,0
perfectly_logical,15,15,0
readily_usable,15,15,0
overly_hostile,15,15,0
inherently_obvious,15,14,1
truly_compatible,15,15,0
not_open,15,15,0
even_greek,15,15,0
only_satisfactory,15,15,0
not_obvious,15,15,0
quite_pink,15,15,0
over_wet,15,15,0
insanely_hot,15,15,0
wholly_inappropriate,15,15,0
really_predictable,15,15,0
completely_official,15,15,0
less_striking,15,15,0
as_sketchy,15,15,0
less_stringent,15,15,0
too_worse,15,12,3
always_external,15,15,0
much_shocked,15,15,0
as_pricy,15,15,0
that_stringent,15,15,0
entirely_hostile,15,15,0
massively_keen,15,15,0
all_impossible,15,15,0
so_maddening,15,15,0
heavily_armed,15,14,1
as_manipulative,15,15,0
always_tough,15,15,0
very_optimal,15,15,0
all_simple,15,15,0
systemically_important,15,15,0
real_pretty,15,15,0
emotionally_strong,15,15,0
overly_abundant,15,15,0
that_sentimental,15,15,0
more_un-american,15,9,6
much_white,15,15,0
totally_unwarranted,15,15,0
well_skilled,15,15,0
more_stubborn,15,10,5
solely_economic,15,15,0
unusually_warm,15,15,0
more_seamless,15,15,0
as_pompous,15,15,0
longer_taboo,15,15,0
as_careless,15,15,0
just_luxurious,15,15,0
visually_distracting,15,15,0
constitutionally_possible,15,15,0
that_damaging,15,15,0
lively_enough,15,15,0
exactly_scared,15,15,0
incredibly_sexy,15,15,0
purely_black,15,14,1
exactly_current,15,15,0
more_dry,15,14,1
all_hungry,15,15,0
only_unbelievable,15,15,0
totally_fluent,15,15,0
fully_appropriate,15,15,0
too_compact,15,15,0
more_masculine,15,8,7
especially_noticeable,15,15,0
really_robust,15,15,0
generally_conducive,15,15,0
really_light,15,14,1
wholly_unjustified,15,15,0
immediately_likable,15,15,0
necessarily_constant,15,15,0
only_vibrant,15,15,0
just_terrifying,15,15,0
yet_severe,15,15,0
more_alone,15,15,0
too_flippant,15,15,0
as_apathetic,15,15,0
just_tight,15,14,1
necessarily_explicit,15,15,0
really_outgoing,15,15,0
too_impossible,15,13,2
constitutionally_valid,15,15,0
that_drunk,15,15,0
so_weary,15,15,0
really_particular,15,13,2
yet_overwhelming,15,15,0
as_permissive,15,15,0
always_powerful,15,15,0
too_distinct,15,12,3
really_costly,15,15,0
less_fair,15,14,1
more_reluctant,15,15,0
so_weighty,15,13,2
especially_competitive,15,15,0
much_efficient,15,15,0
too_sparse,15,15,0
only_vicious,15,15,0
most_cheerful,15,15,0
actually_due,15,15,0
n't_safe,15,15,0
as_delectable,15,13,2
too_stunning,15,12,3
just_advantageous,15,15,0
exactly_disappointed,15,15,0
much_common,15,14,1
particularly_cruel,15,14,1
only_upsetting,15,15,0
so_impolite,15,15,0
immediately_likely,15,14,1
so_greasy,15,15,0
highly_reliable,15,15,0
as_floral,15,15,0
too_experimental,15,13,2
quite_liquid,15,15,0
entirely_fluent,15,15,0
always_user-friendly,15,15,0
super_passionate,15,15,0
really_intense,15,10,5
so_sublime,15,8,7
only_lacking,15,15,0
dramatically_lower,15,15,0
explicitly_gay,15,15,0
actually_practical,15,15,0
extremely_loud,15,14,1
just_admirable,15,15,0
particularly_personal,15,13,2
simply_dependent,15,15,0
just_absent,15,15,0
physically_alone,15,15,0
so_pompous,15,14,1
really_liberal,15,15,0
incredibly_rare,15,15,0
exactly_delighted,15,15,0
altogether_flattering,15,15,0
chronically_homeless,15,15,0
only_detailed,15,15,0
as_impervious,15,15,0
too_diverse,15,14,1
so_unstable,15,15,0
legally_questionable,15,14,1
as_foolhardy,15,15,0
so_honourable,15,15,0
actually_homeless,15,15,0
as_tiresome,15,13,2
only_drunk,15,15,0
completely_closed,15,15,0
very_unreasonable,15,15,0
more_meaningless,15,8,7
only_spanish,15,15,0
scientifically_defensible,15,15,0
particularly_witty,15,14,1
overly_alarming,15,14,1
just_foreign,15,14,1
even_common,15,15,0
religiously_neutral,15,15,0
just_private,15,15,0
so_blurry,15,15,0
as_hapless,15,15,0
as_regimented,15,15,0
generally_ready,15,15,0
even_constitutional,15,15,0
as_gut-wrenching,15,13,2
n't_open,15,13,2
really_faithful,15,15,0
as_artificial,15,15,0
as_sleepy,15,15,0
merely_inconvenient,15,15,0
necessarily_exact,15,15,0
so_darned,15,15,0
structurally_different,15,12,3
less_terrible,15,11,4
so_unwise,15,14,1
only_poorer,15,15,0
so_objective,15,15,0
much_friendlier,15,15,0
so_sparkly,15,15,0
physically_demanding,15,14,1
uniformly_negative,15,15,0
ever_fair,15,15,0
especially_likeable,15,14,1
over_dry,15,15,0
too_conducive,15,14,1
not_beneficial,15,15,0
even_jealous,15,15,0
as_dressy,15,15,0
very_secretive,15,14,1
that_abundant,15,15,0
exactly_catchy,15,15,0
individually_redeemable,15,15,0
really_explicit,15,12,3
probably_true,15,15,0
n't_lovely,15,15,0
too_rapid,15,15,0
not_awesome,15,15,0
remotely_adequate,15,15,0
yet_acceptable,15,15,0
overly_clear,15,15,0
too_impulsive,15,15,0
more_ancient,15,12,3
entirely_frivolous,15,15,0
actually_complete,15,15,0
perfectly_regular,15,15,0
particularly_squeamish,15,15,0
wholly_identical,15,15,0
environmentally_damaging,15,15,0
most_attentive,15,15,0
all_upset,15,15,0
startlingly_original,15,10,5
more_immoral,15,11,4
politically_difficult,15,14,1
more_respected,15,13,2
particularly_introspective,15,15,0
real_certain,15,15,0
super_psyched,15,15,0
particularly_bold,15,14,1
as_plausible,15,15,0
more_demeaning,15,7,8
as_shrewd,15,14,1
more_annoyed,15,15,0
obviously_present,15,15,0
as_turbulent,15,15,0
very_english,15,15,0
extremely_proud,15,15,0
as_indestructible,15,15,0
so_submissive,15,15,0
as_methodical,15,15,0
actually_full,15,15,0
actually_functional,15,15,0
more_mad,15,15,0
necessarily_harmless,14,14,0
medically_related,14,14,0
less_worrisome,14,14,0
particularly_sporty,14,14,0
overly_luxurious,14,14,0
necessarily_creative,14,14,0
quite_irrelevant,14,14,0
overtly_spiritual,14,11,3
immediately_impressed,14,14,0
too_expansive,14,13,1
that_feasible,14,14,0
almost_enough,14,14,0
merely_practical,14,14,0
necessarily_heavy,14,14,0
sufficiently_patriotic,14,14,0
more_injurious,14,12,2
wholly_convinced,14,14,0
necessarily_direct,14,14,0
wildly_entertaining,14,14,0
sufficiently_ready,14,14,0
immediately_practical,14,12,2
only_indigenous,14,14,0
more_irrational,14,12,2
entirely_disinterested,14,14,0
theologically_correct,14,14,0
immediately_observable,14,14,0
necessarily_commensurate,14,14,0
necessarily_corrupt,14,14,0
merely_present,14,14,0
necessarily_deadly,14,14,0
immediately_important,14,14,0
particularly_superstitious,14,14,0
adequately_aware,14,14,0
as_inferior,14,14,0
less_willing,14,13,1
so_obtrusive,14,14,0
more_intoxicating,14,7,7
very_worthy,14,14,0
entirely_opaque,14,14,0
less_honorable,14,12,2
as_sober,14,14,0
immediately_appealing,14,14,0
too_fit,14,13,1
sexually_fit,14,14,0
real_thick,14,14,0
clearly_male,14,14,0
always_noble,14,14,0
fully_black,14,14,0
less_helpful,14,13,1
medically_possible,14,14,0
also_subject,14,14,0
exactly_picturesque,14,14,0
otherwise_present,14,14,0
also_worth,14,14,0
just_productive,14,14,0
more_manly,14,3,11
more_insecure,14,14,0
too_unbelievable,14,14,0
exactly_intimidating,14,14,0
as_arcane,14,12,2
as_minimalist,14,14,0
actually_red,14,14,0
most_advantageous,14,14,0
completely_seamless,14,14,0
as_minimal,14,13,1
so_lively,14,14,0
purely_objective,14,14,0
actually_religious,14,14,0
actually_flat,14,14,0
quite_vintage,14,14,0
terribly_spicy,14,14,0
very_studious,14,14,0
too_satisfactory,14,14,0
as_polarizing,14,14,0
ecologically_friendly,14,13,1
that_depressed,14,14,0
completely_resistant,14,14,0
less_sad,14,13,1
overly_ostentatious,14,14,0
really_calm,14,14,0
still_fresh,14,13,1
completely_selfish,14,14,0
too_concrete,14,14,0
more_moving,14,13,1
internationally_famous,14,13,1
spiritually_healthy,14,14,0
most_careful,14,13,1
so_barren,14,14,0
most_brutal,14,14,0
too_acute,14,12,2
even_literate,14,14,0
always_different,14,14,0
so_best,14,14,0
entirely_subtle,14,14,0
actually_rare,14,14,0
completely_static,14,14,0
very_self-aware,14,14,0
too_reluctant,14,13,1
just_french,14,14,0
just_frightening,14,13,1
only_fruitful,14,14,0
much_financial,14,14,0
all_shiny,14,14,0
completely_similar,14,14,0
enough_qualified,14,14,0
completely_sick,14,14,0
as_mesmerizing,14,14,0
just_grateful,14,14,0
intellectually_lazy,14,14,0
solely_physical,14,14,0
very_crazy,14,14,0
so_integral,14,14,0
too_cryptic,14,14,0
only_terrific,14,14,0
as_avid,14,14,0
longer_true,14,14,0
too_secret,14,14,0
too_curvy,14,13,1
even_friendly,14,14,0
always_famous,14,14,0
so_celebratory,14,14,0
merely_legal,14,14,0
always_fantastic,14,14,0
so_insular,14,14,0
strictly_fair,14,14,0
particularly_dignified,14,12,2
initially_happy,14,14,0
initially_excited,14,14,0
so_majestic,14,12,2
extremely_versatile,14,14,0
yet_tangible,14,13,1
cosmetically_appealing,14,14,0
so_stout,14,14,0
as_materialistic,14,14,0
so_intoxicating,14,11,3
always_empty,14,14,0
entirely_sorry,14,14,0
only_tiring,14,14,0
only_wiser,14,13,1
less_sensitive,14,14,0
completely_practical,14,14,0
as_preachy,14,14,0
yet_afraid,14,14,0
so_intractable,14,14,0
as_mechanical,14,14,0
completely_onboard,14,14,0
as_preferable,14,14,0
economically_attractive,14,14,0
just_harmless,14,14,0
so_buoyant,14,14,0
only_thinner,14,14,0
that_dependable,14,14,0
still_valid,14,14,0
openly_accessible,14,14,0
quite_welcome,14,13,1
as_perishable,14,14,0
easily_acceptable,14,14,0
so_baffling,14,12,2
just_closer,14,14,0
most_palatable,14,14,0
consistently_able,14,14,0
just_disgusting,14,14,0
as_nonchalant,14,14,0
fiscally_possible,14,14,0
most_polite,14,14,0
most_hygienic,14,14,0
as_official,14,14,0
terribly_secure,14,14,0
overly_pricey,14,13,1
actually_official,14,13,1
actually_magic,14,13,1
considerably_better,14,13,1
entirely_uniform,14,14,0
just_comprehensive,14,14,0
so_alternative,14,14,0
most_receptive,14,14,0
that_distinctive,14,13,1
consistently_sharp,14,14,0
too_cavalier,14,14,0
too_biased,14,14,0
slightly_true,14,14,0
consistently_accurate,14,14,0
entirely_uncomfortable,14,14,0
always_chronological,14,14,0
so_accepting,14,14,0
unduly_difficult,14,14,0
too_responsible,14,14,0
even_reliable,14,14,0
always_cheerful,14,14,0
just_defensive,14,14,0
so_acidic,14,14,0
very_slippery,14,14,0
just_decent,14,14,0
so_addicted,14,14,0
as_nonsensical,14,14,0
merely_great,14,14,0
less_poignant,14,14,0
entirely_unhealthy,14,14,0
just_desperate,14,13,1
very_sneaky,14,14,0
as_obscene,14,14,0
even_second,14,14,0
even_secure,14,14,0
terribly_safe,14,14,0
most_glorious,14,14,0
even_physical,14,14,0
just_figurative,14,14,0
always_compulsory,14,14,0
only_unsurprising,14,14,0
most_easy,14,14,0
so_steadfast,14,13,1
much_accustomed,14,14,0
terribly_sharp,14,14,0
just_attributable,14,14,0
just_aspirational,14,14,0
extremely_thick,14,14,0
too_appreciative,14,13,1
uniformly_available,14,14,0
as_paramount,14,14,0
so_atrocious,14,10,4
always_deadly,14,14,0
extremely_romantic,14,14,0
always_definitive,14,14,0
ever_accurate,14,14,0
only_cost-efficient,14,14,0
completely_unacceptable,14,14,0
so_static,14,14,0
much_crowded,14,14,0
terribly_skilled,14,14,0
very_drastic,14,12,2
personally_relevant,14,13,1
most_enthralling,14,14,0
so_apathetic,14,13,1
most_forthcoming,14,14,0
most_formidable,14,13,1
most_solid,14,14,0
just_classical,14,14,0
quite_sick,14,14,0
actually_ours,14,14,0
even_passable,14,14,0
most_feminine,14,13,1
too_bashful,14,14,0
most_fascinating,14,14,0
just_bitter,14,13,1
less_provocative,14,14,0
only_flawless,14,14,0
just_careless,14,14,0
always_controllable,14,14,0
about_liberal,14,14,0
as_aloof,14,14,0
quite_severe,14,14,0
uncomfortably_cold,14,14,0
too_wary,14,14,0
so_chaste,14,13,1
ever_subject,14,14,0
strictly_human,14,14,0
nearly_clever,14,14,0
quite_ok,14,14,0
completely_baseless,14,14,0
as_rife,14,14,0
simply_better,14,14,0
incredibly_funny,14,14,0
less_invasive,14,14,0
as_jittery,14,14,0
entirely_cohesive,14,14,0
yet_closed,14,13,1
only_sloppy,14,14,0
very_rapid,14,14,0
more_preferable,14,13,1
so_indispensable,14,14,0
universally_good,14,14,0
exactly_eye-popping,14,14,0
naturally_sweet,14,14,0
overly_stimulating,14,14,0
near_good,14,14,0
very_glad,14,14,0
only_ill-advised,14,14,0
exactly_fluent,14,14,0
always_infallible,14,14,0
actually_upset,14,14,0
about_red,14,14,0
more_random,14,12,2
particularly_expressive,14,13,1
real_accurate,14,14,0
simply_difficult,14,14,0
totally_legal,14,14,0
very_unpleasant,14,13,1
more_raw,14,10,4
all_depressing,14,14,0
merely_acceptable,14,14,0
currently_happy,14,14,0
really_bothersome,14,14,0
naturally_comfortable,14,14,0
just_massive,14,14,0
only_humanitarian,14,14,0
exactly_diverse,14,14,0
dramatically_new,14,3,11
always_independent,14,14,0
so_commercial,14,13,1
incredibly_intelligent,14,14,0
overwhelmingly_white,14,14,0
completely_bored,14,14,0
more_pointless,14,8,6
sufficiently_appreciative,14,14,0
universally_bad,14,14,0
significantly_stronger,14,14,0
sufficiently_expert,14,14,0
sufficiently_explicit,14,14,0
less_visible,14,14,0
necessarily_absolute,14,14,0
just_one-dimensional,14,14,0
unnecessarily_complicated,14,13,1
ethically_right,14,14,0
as_cloudy,14,14,0
as_self-sufficient,14,14,0
exactly_inaccurate,14,14,0
necessarily_alive,14,14,0
just_orange,14,14,0
only_debilitating,14,14,0
mentally_challenging,14,13,1
so_considerable,14,13,1
totally_terrible,14,14,0
necessarily_authentic,14,14,0
exactly_insignificant,14,14,0
just_outrageous,14,14,0
really_measurable,14,14,0
just_outstanding,14,14,0
always_loud,14,14,0
exactly_hostile,14,14,0
as_civilised,14,14,0
all_heavy,14,14,0
entirely_pointless,14,14,0
currently_suitable,14,14,0
more_pitiful,14,8,6
just_naked,14,14,0
sufficiently_capable,14,14,0
always_knowledgeable,14,14,0
purely_scientific,14,14,0
so_sneaky,14,14,0
as_scholarly,14,14,0
sufficiently_conclusive,14,14,0
exactly_hopeful,14,14,0
already_easy,14,14,0
exactly_groundbreaking,14,13,1
even_accountable,14,14,0
so_narcissistic,14,14,0
sufficiently_deep,14,14,0
entirely_clueless,14,14,0
more_outlandish,14,11,3
overwhelmingly_difficult,14,14,0
just_obsessed,14,13,1
more_red,14,14,0
too_distressing,14,12,2
really_pure,14,14,0
even_damp,14,14,0
inherently_moral,14,9,5
strictly_realistic,14,14,0
wholly_implausible,14,14,0
inherently_insecure,14,11,3
racially_offensive,14,12,2
really_portable,14,14,0
as_questionable,14,14,0
mutually_special,14,14,0
oppressively_hot,14,14,0
exactly_active,14,14,0
as_bitchy,14,13,1
so_mechanical,14,14,0
only_heartless,14,14,0
particularly_delicious,14,14,0
drastically_better,14,14,0
just_international,14,14,0
exactly_anxious,14,14,0
as_literate,14,14,0
so_menacing,14,13,1
totally_meaningless,14,14,0
as_blessed,14,14,0
inherently_objectionable,14,8,6
very_considerable,14,14,0
only_suspect,14,14,0
more_sweeping,14,11,3
just_implausible,14,14,0
more_telling,14,10,4
inherently_worse,14,13,1
completely_lacking,14,13,1
openly_racist,14,14,0
that_encouraging,14,14,0
perfectly_fit,14,14,0
really_prone,14,14,0
inherently_unconstitutional,14,12,2
really_profound,14,8,6
more_strategic,14,10,4
totally_selfish,14,14,0
just_inadequate,14,14,0
simply_physical,14,14,0
less_strange,14,14,0
financially_worthwhile,14,14,0
just_independent,14,14,0
only_exotic,14,14,0
critically_successful,14,14,0
strictly_observant,14,14,0
less_sweet,14,13,1
actually_criminal,14,13,1
just_magical,14,14,0
merely_better,14,14,0
very_confusing,14,13,1
particularly_worthy,14,10,4
particularly_worthwhile,14,11,3
so_minimal,14,14,0
very_fluffy,14,14,0
profoundly_different,14,14,0
n't_serious,14,14,0
so_sound,14,14,0
as_late,14,13,1
incredibly_special,14,5,9
real_heavy,14,14,0
terribly_low,14,14,0
as_reprehensible,14,14,0
even_cheaper,14,14,0
incredibly_simple,14,14,0
just_luxury,14,14,0
particularly_weak,14,14,0
wildly_inappropriate,14,13,1
only_speedy,14,14,0
very_formidable,14,12,2
substantially_new,14,5,9
actually_conscious,14,14,0
n't_popular,14,14,0
exactly_circular,14,14,0
just_laughable,14,14,0
just_italian,14,14,0
entirely_defenseless,14,14,0
always_heroic,14,14,0
merely_beautiful,14,14,0
just_keen,14,14,0
n't_fair,14,14,0
extremely_noticeable,14,13,1
less_tasty,14,14,0
just_late,14,14,0
always_honorable,14,14,0
financially_smart,14,14,0
n't_healthy,14,14,0
n't_helpful,14,14,0
more_savvy,14,14,0
so_infrequent,14,14,0
completely_drunk,14,14,0
only_civil,14,14,0
more_ruthless,14,13,1
only_homeless,14,14,0
completely_distinct,14,14,0
more_inflammatory,14,10,4
only_defensive,14,14,0
super_tiny,14,13,1
too_pigmented,14,14,0
nutritionally_complete,14,14,0
as_sugary,14,14,0
all_inferior,14,14,0
as_suicidal,14,13,1
technically_hard,14,14,0
outright_offensive,14,12,2
just_yummy,14,14,0
yet_fast,14,14,0
more_benign,14,14,0
equally_easy,14,14,0
totally_extinct,14,14,0
extremely_affordable,14,14,0
particularly_apt,14,14,0
particularly_arduous,14,13,1
very_playable,14,14,0
overly_casual,14,14,0
as_humiliating,14,12,2
horribly_offensive,14,12,2
utterly_wrong,14,12,2
as_subservient,14,14,0
remotely_challenging,14,7,7
objectively_bad,14,13,1
remotely_christian,14,9,5
so_hairy,14,14,0
yet_normal,14,14,0
super_pigmented,14,14,0
anymore_perfect,14,14,0
downright_foolish,14,12,2
as_icky,14,13,1
just_shocked,14,13,1
necessarily_recognizable,14,14,0
so_selfless,14,13,1
empirically_verifiable,14,12,2
super_eager,14,14,0
particularly_reflective,14,14,0
necessarily_smooth,14,13,1
just_virtual,14,14,0
terribly_fashionable,14,13,1
as_gimmicky,14,14,0
remotely_religious,14,10,4
also_capable,14,14,0
as_disinterested,14,14,0
excessively_heavy,14,13,1
absolutely_ridiculous,14,14,0
just_versatile,14,14,0
only_ecological,14,14,0
downright_hilarious,14,14,0
overly_annoying,14,14,0
entirely_hypothetical,14,14,0
only_peculiar,14,14,0
entirely_legible,14,14,0
especially_reliable,14,14,0
as_humbling,14,10,4
totally_vegan,14,14,0
pretty_high,14,13,1
just_wise,14,14,0
remotely_important,14,14,0
particularly_lucky,14,13,1
only_attributable,14,14,0
so_sugary,14,14,0
too_petty,14,11,3
as_suspect,14,13,1
glaringly_apparent,14,14,0
glaringly_wrong,14,4,10
digitally_literate,14,14,0
entirely_horrible,14,14,0
particularly_masculine,14,13,1
so_disinterested,14,14,0
quite_conclusive,14,14,0
remotely_appealing,14,9,5
so_puffy,14,14,0
technologically_sophisticated,14,14,0
only_outdoors,14,14,0
especially_clean,14,14,0
too_upscale,14,14,0
all_advisable,14,14,0
presently_clear,14,14,0
so_unsure,14,14,0
necessarily_ours,14,14,0
verbally_abusive,14,14,0
so_unthinkable,14,14,0
really_sexual,14,10,4
more_heavenly,14,6,8
especially_comforting,14,14,0
generally_eager,14,14,0
that_peaceful,14,14,0
as_stinky,14,14,0
more_achievable,14,14,0
necessarily_passionate,14,14,0
necessarily_nutritious,14,14,0
especially_brilliant,14,14,0
yet_endangered,14,14,0
very_definitive,14,13,1
totally_foolproof,14,13,1
usually_apparent,14,14,0
more_honourable,14,12,2
overly_cumbersome,14,14,0
exactly_seamless,14,14,0
legally_related,14,14,0
all_technical,14,14,0
especially_careful,14,14,0
as_conversant,14,14,0
super_affordable,14,14,0
yet_peaceful,14,13,1
very_chinese,14,14,0
very_nourishing,14,14,0
super_consistent,14,14,0
more_artificial,14,13,1
socially_aware,14,14,0
fairly_simple,14,13,1
exactly_sorry,14,13,1
fully_customizable,14,14,0
as_frank,14,14,0
least_expensive,14,13,1
already_weird,14,14,0
politically_risky,14,14,0
more_gross,14,7,7
as_drab,14,14,0
more_gripping,14,12,2
exclusively_gay,14,14,0
overly_clever,14,14,0
more_audacious,14,12,2
too_taxing,14,12,2
fully_mobile,14,14,0
fully_naked,14,14,0
all_christian,14,14,0
legally_free,14,14,0
directly_possible,14,14,0
very_choosy,14,14,0
quite_circular,14,14,0
generally_helpful,14,14,0
more_ambiguous,14,14,0
only_depressing,14,14,0
technically_viable,14,14,0
too_lightweight,14,14,0
reliably_available,14,14,0
always_random,14,14,0
fully_credible,14,14,0
just_sayin,14,13,1
only_overdue,14,14,0
not_unique,14,14,0
not_talented,14,14,0
as_unwieldy,14,14,0
over_excited,14,14,0
not_consistent,14,8,6
emotionally_prepared,14,14,0
so_prejudicial,14,14,0
highly_desirable,14,14,0
not_complete,14,14,0
exactly_vintage,14,14,0
federally_legal,14,14,0
highly_dangerous,14,14,0
really_ashamed,14,13,1
more_dignified,14,10,4
overly_indulgent,14,14,0
not_ashamed,14,14,0
yet_valid,14,14,0
really_extreme,14,12,2
emotionally_devastating,14,14,0
so_surreal,14,11,3
exceptionally_bright,14,14,0
always_sincere,14,14,0
as_hilly,14,14,0
usually_wise,14,14,0
not_feasible,14,14,0
just_unexpected,14,12,2
as_groovy,14,14,0
exactly_upset,14,14,0
super_small,14,14,0
as_gruff,14,14,0
demonstrably_better,14,14,0
so_prescriptive,14,13,1
as_temporary,14,14,0
that_handsome,14,14,0
not_disappointed,14,14,0
just_understandable,14,14,0
truly_existent,14,14,0
as_hardline,14,14,0
necessarily_unlawful,14,14,0
emotionally_exhausting,14,14,0
always_stellar,14,14,0
especially_newsworthy,14,13,1
so_depraved,14,13,1
as_torturous,14,13,1
that_choosy,14,14,0
really_fine,14,14,0
scientifically_literate,14,14,0
normally_dangerous,14,14,0
too_sturdy,14,11,3
potentially_fatal,14,12,2
quite_flush,14,14,0
that_wise,14,14,0
only_last,14,14,0
usually_practical,14,14,0
super_precise,14,14,0
only_legendary,14,14,0
emotionally_manipulative,14,14,0
usually_severe,14,14,0
potentially_lethal,14,12,2
all_reluctant,14,14,0
necessarily_younger,14,14,0
usually_simple,14,14,0
more_distasteful,14,8,6
over_anxious,14,14,0
always_stupid,14,14,0
very_introspective,14,14,0
highly_nutritious,14,14,0
particularly_overwhelming,14,14,0
blissfully_happy,14,14,0
exactly_zero,14,14,0
just_supportive,14,14,0
just_tedious,14,14,0
as_devoid,14,14,0
well_right,14,14,0
necessarily_standard,14,14,0
quite_helpful,14,14,0
very_permanent,14,14,0
real_tough,14,14,0
downright_painful,14,14,0
half_true,14,14,0
overly_advanced,14,13,1
just_unsustainable,14,14,0
more_complementary,14,13,1
merely_stupid,14,14,0
entirely_impartial,14,14,0
not_racist,14,14,0
only_effortless,14,14,0
more_fancy,14,4,10
all_unpleasant,14,14,0
visibly_upset,14,13,1
as_gooey,14,14,0
also_concerned,14,14,0
practically_useful,14,14,0
more_close,14,10,4
not_sustainable,14,14,0
necessarily_straight,14,14,0
as_symmetrical,14,14,0
extremely_beneficial,14,14,0
far_shy,14,14,0
really_alike,14,13,1
that_sore,14,14,0
entirely_illegal,14,13,1
especially_realistic,14,14,0
particularly_motivated,14,14,0
more_clueless,14,14,0
more_cohesive,14,14,0
downright_illegal,14,14,0
super_girly,14,14,0
necessarily_thrilled,14,14,0
usually_ideal,14,14,0
wholly_truthful,14,13,1
so_horrendous,14,14,0
so_vitriolic,14,14,0
truly_intelligent,14,14,0
more_cost-efficient,14,14,0
not_hot,14,14,0
really_glamorous,14,13,1
necessarily_unfounded,14,14,0
really_steep,14,12,2
super_stoked,14,14,0
as_diabolical,14,14,0
necessarily_unheard,14,14,0
yet_involved,14,14,0
absolutely_awful,14,14,0
more_creepy,14,10,4
as_grey,14,14,0
only_privileged,14,14,0
historically_high,14,14,0
especially_profitable,14,14,0
too_insistent,14,12,2
not_pleased,14,14,0
more_fake,14,11,3
too_persistent,14,12,2
really_attainable,14,14,0
super_upset,14,14,0
more_eye-catching,14,12,2
very_intensive,14,14,0
hideously_expensive,14,14,0
over_sweet,14,14,0
fast_paced,14,14,0
as_configurable,14,13,1
truly_conscious,14,14,0
not_many,14,9,5
more_contradictory,14,13,1
terribly_ambitious,14,14,0
yet_useful,14,14,0
so_shady,14,13,1
less_bizarre,14,14,0
entirely_autonomous,14,14,0
externally_visible,14,14,0
more_idyllic,14,13,1
so_imaginative,14,13,1
so_filthy,14,13,1
only_narrow,14,14,0
yet_efficient,14,14,0
exactly_promising,14,14,0
sufficiently_visible,14,14,0
all_sorry,14,14,0
very_catholic,14,14,0
necessarily_monetary,14,14,0
particularly_academic,14,14,0
as_spotless,14,14,0
quite_intelligent,14,14,0
more_indifferent,14,13,1
only_obsessed,14,14,0
often_simple,14,14,0
all_brilliant,14,14,0
so_eventful,14,14,0
so_sane,14,14,0
really_unpleasant,14,10,4
terribly_unhappy,14,14,0
necessarily_huge,14,14,0
overly_vague,14,14,0
overwhelmingly_successful,14,14,0
downright_bad,14,12,2
already_knowledgeable,14,14,0
terribly_enlightening,14,12,2
very_caring,14,14,0
as_filthy,14,13,1
more_hurt,14,14,0
really_sober,14,14,0
less_creative,14,14,0
so_unlimited,14,14,0
explicitly_present,14,14,0
overly_flavorful,14,14,0
terribly_cooperative,14,14,0
hugely_original,14,12,2
as_utopian,14,14,0
really_wealthier,14,14,0
too_necessary,14,14,0
especially_anxious,14,14,0
really_waterproof,14,14,0
only_native,14,14,0
only_motivating,14,14,0
very_local,14,13,1
seriously_harmful,14,14,0
overly_different,14,14,0
previously_active,14,14,0
quite_apt,14,14,0
terribly_costly,14,14,0
necessarily_military,14,14,0
entirely_avoidable,14,14,0
more_immune,14,14,0
amazingly_beautiful,14,14,0
hugely_keen,14,14,0
less_angry,14,14,0
visually_overwhelming,14,14,0
too_macho,14,13,1
terribly_appetizing,14,13,1
fully_coherent,14,14,0
politically_inclined,14,14,0
yet_playable,14,14,0
only_optional,14,14,0
only_modest,14,14,0
virtually_identical,14,12,2
as_upright,14,14,0
so_experienced,14,14,0
so_expressive,14,13,1
necessarily_literal,14,14,0
necessarily_mutual,14,14,0
too_speculative,14,12,2
too_mechanical,14,14,0
likely_related,14,14,0
necessarily_improper,14,13,1
overly_frustrating,14,13,1
only_mature,14,14,0
only_mean,14,14,0
especially_visible,14,14,0
fully_real,14,13,1
explicitly_violent,14,12,2
too_lucrative,14,13,1
fully_white,14,14,0
fully_welcome,14,14,0
politically_impossible,14,13,1
only_mysterious,14,14,0
as_villainous,14,14,0
necessarily_heroic,14,14,0
too_miserable,14,14,0
as_feminist,14,14,0
fully_subject,14,14,0
as_immutable,14,14,0
so_erratic,14,14,0
socially_optimal,14,14,0
real_effective,14,14,0
morally_suspect,14,14,0
as_electrifying,14,13,1
especially_violent,14,14,0
pretty_difficult,14,14,0
so_unjust,14,14,0
less_conspicuous,14,14,0
just_reactionary,14,14,0
very_libertarian,14,14,0
less_awesome,14,11,3
totally_bare,14,13,1
entirely_naive,14,14,0
sometimes_hard,14,14,0
that_cautious,13,13,0
yet_symptomatic,13,13,0
quite_sophisticated,13,13,0
considerably_different,13,13,0
thoroughly_clean,13,13,0
even_shocking,13,13,0
readily_marketable,13,13,0
also_easy,13,13,0
terribly_robust,13,13,0
so_mediocre,13,12,1
as_unbalanced,13,13,0
consistently_present,13,13,0
just_intense,13,13,0
just_unknown,13,13,0
easily_interchangeable,13,13,0
only_feminine,13,13,0
really_polite,13,12,1
about_bigger,13,13,0
demonstrably_true,13,12,1
so_finicky,13,13,0
particularly_delicate,13,12,1
bitterly_disappointed,13,13,0
only_unprofitable,13,13,0
so_flagrant,13,12,1
so_meaningless,13,13,0
truly_creative,13,13,0
just_distasteful,13,13,0
entirely_improbable,13,13,0
that_threatening,13,13,0
more_spacious,13,13,0
merely_mechanical,13,13,0
just_unlawful,13,13,0
longer_alive,13,13,0
only_mechanical,13,13,0
visually_obvious,13,11,2
remotely_wrong,13,3,10
most_iconic,13,12,1
particularly_descriptive,13,12,1
simply_more,13,13,0
thoroughly_impressed,13,13,0
only_expedient,13,13,0
so_prompt,13,12,1
very_basic,13,12,1
even_evil,13,13,0
halfway_complete,13,13,0
totally_selfless,13,13,0
just_dominant,13,12,1
only_literary,13,13,0
most_regular,13,13,0
too_defensive,13,13,0
particularly_authentic,13,12,1
remotely_sure,13,13,0
truly_christian,13,13,0
inherently_sexist,13,11,2
as_provincial,13,13,0
inherently_scary,13,9,4
most_recognizable,13,12,1
as_proper,13,13,0
any_poorer,13,13,0
more_comfy,13,11,2
totally_bereft,13,12,1
so_discouraging,13,11,2
less_charming,13,11,2
as_understandable,13,12,1
as_vindictive,13,13,0
so_prosaic,13,7,6
only_fierce,13,13,0
completely_intentional,13,13,0
overly_expressive,13,13,0
inherently_true,13,13,0
simply_present,13,13,0
really_british,13,13,0
extremely_significant,13,13,0
that_late,13,13,0
extremely_bright,13,13,0
that_stiff,13,13,0
only_tacky,13,13,0
even_small,13,13,0
inherently_magical,13,7,6
just_unproductive,13,13,0
just_informational,13,13,0
even_easier,13,13,0
super_versatile,13,13,0
more_congenial,13,12,1
entirely_worried,13,13,0
so_alert,13,13,0
only_bereft,13,13,0
even_single,13,13,0
super_visible,13,13,0
as_digestible,13,13,0
financially_wise,13,13,0
as_long-winded,13,13,0
quite_applicable,13,13,0
only_measurable,13,13,0
quintessentially_british,13,8,5
just_unpopular,13,13,0
most_proficient,13,13,0
only_unpredictable,13,13,0
so_stern,13,13,0
always_forgiving,13,13,0
most_high,13,13,0
less_equal,13,13,0
operationally_effective,13,13,0
even_empty,13,13,0
really_universal,13,13,0
terribly_obscure,13,12,1
more_conclusive,13,12,1
too_bloody,13,13,0
heavily_laden,13,13,0
quite_pleasant,13,13,0
always_commensurate,13,13,0
as_low-cost,13,13,0
truly_committed,13,13,0
perfectly_equal,13,13,0
only_abnormal,13,13,0
heavily_involved,13,13,0
only_adjustable,13,13,0
typically_prone,13,13,0
fully_sufficient,13,13,0
only_evocative,13,13,0
only_hopeless,13,13,0
all_grateful,13,13,0
currently_concerned,13,13,0
merely_annoying,13,13,0
as_extroverted,13,13,0
that_upbeat,13,13,0
altogether_good,13,13,0
even_romantic,13,13,0
just_thirsty,13,13,0
exceedingly_rare,13,13,0
so_sterile,13,12,1
usually_satisfied,13,13,0
only_potent,13,13,0
particularly_wet,13,12,1
only_lethal,13,13,0
exactly_cozy,13,12,1
blisteringly_hot,13,13,0
completely_delighted,13,13,0
more_dissatisfied,13,13,0
as_transferable,13,13,0
so_mindful,13,13,0
very_captivating,13,13,0
so_forgetful,13,13,0
as_trashy,13,13,0
as_bummed,13,13,0
extremely_necessary,13,13,0
that_unlucky,13,13,0
patently_absurd,13,11,2
even_closer,13,13,0
yet_inclined,13,13,0
easily_forgettable,13,13,0
exactly_competitive,13,13,0
most_necessary,13,12,1
exactly_conclusive,13,13,0
so_juvenile,13,12,1
only_steady,13,13,0
incredibly_tasty,13,13,0
only_bitter,13,13,0
exactly_credible,13,13,0
so_posh,13,13,0
all_involved,13,13,0
as_wretched,13,12,1
entirely_enjoyable,13,13,0
consistently_dominant,13,13,0
substantially_safer,13,13,0
more_rebellious,13,6,7
incredibly_quick,13,13,0
as_exorbitant,13,13,0
real_fair,13,13,0
as_acerbic,13,12,1
very_cuddly,13,12,1
more_electrifying,13,9,4
absolutely_crucial,13,12,1
especially_onerous,13,13,0
more_elemental,13,10,3
quite_agile,13,13,0
very_mad,13,13,0
highly_professional,13,13,0
highly_prevalent,13,13,0
usually_right,13,13,0
very_maternal,13,13,0
quite_fitting,13,13,0
n't_tasty,13,13,0
just_cynical,13,13,0
exactly_crucial,13,12,1
just_terrific,13,12,1
mathematically_certain,13,13,0
just_magic,13,13,0
as_hazy,13,13,0
pretty_nice,13,13,0
very_conversant,13,13,0
very_materialistic,13,13,0
wholly_dead,13,13,0
only_precise,13,13,0
merely_aesthetic,13,13,0
readily_compatible,13,13,0
only_uninteresting,13,13,0
environmentally_correct,13,11,2
simply_financial,13,13,0
not_full,13,12,1
most_intellectual,13,13,0
so_vociferous,13,13,0
truly_different,13,7,6
perfectly_aware,13,13,0
strikingly_similar,13,13,0
economically_sensitive,13,13,0
exactly_balmy,13,13,0
very_fierce,13,13,0
usually_useful,13,13,0
overly_slick,13,11,2
all_blue,13,13,0
exactly_beloved,13,13,0
really_answerable,13,13,0
always_symmetrical,13,13,0
so_cloudy,13,13,0
more_decadent,13,3,10
truly_disappointed,13,13,0
as_absent,13,13,0
visibly_pregnant,13,13,0
so_provincial,13,12,1
very_jolly,13,13,0
too_shady,13,12,1
always_guilty,13,13,0
as_adversarial,13,13,0
entirely_available,13,13,0
too_didactic,13,13,0
as_radioactive,13,13,0
as_litigious,13,13,0
totally_sick,13,13,0
completely_fond,13,13,0
exactly_autobiographical,13,13,0
so_aggravating,13,12,1
less_evident,13,13,0
quite_angry,13,13,0
equally_happy,13,13,0
terribly_distracting,13,9,4
only_pivotal,13,13,0
so_prestigious,13,11,2
highly_controversial,13,13,0
exactly_blameless,13,13,0
easily_frustrated,13,13,0
less_terrifying,13,12,1
financially_sophisticated,13,13,0
as_trite,13,12,1
always_huge,13,13,0
always_human,13,13,0
most_insightful,13,13,0
so_coherent,13,12,1
too_calm,13,13,0
overly_smart,13,13,0
highly_educated,13,13,0
long_absent,13,13,0
as_tremendous,13,13,0
more_risque,13,10,3
simply_free,13,13,0
n't_much,13,13,0
even_rare,13,13,0
as_regal,13,13,0
that_inaccurate,13,13,0
usually_synonymous,13,13,0
even_crazy,13,13,0
terribly_dynamic,13,13,0
unduly_intrusive,13,13,0
as_rebellious,13,12,1
n't_full,13,13,0
really_contradictory,13,11,2
only_unimportant,13,13,0
too_zealous,13,13,0
provably_false,13,13,0
particularly_gentle,13,13,0
truly_elite,13,13,0
so_devoid,13,13,0
not_compatible,13,13,0
exactly_calm,13,13,0
as_facile,13,13,0
exactly_careful,13,13,0
over_familiar,13,13,0
always_surprising,13,12,1
uniquely_christian,13,8,5
perfectly_vertical,13,13,0
completely_irresponsible,13,13,0
more_arrogant,13,9,4
completely_simple,13,13,0
overly_particular,13,13,0
morally_perfect,13,13,0
already_concerned,13,13,0
as_dubious,13,13,0
less_rigorous,13,13,0
religiously_motivated,13,13,0
really_disappointing,13,12,1
legally_accountable,13,13,0
quite_same,13,13,0
only_troublesome,13,13,0
very_seasonal,13,13,0
easily_recognisable,13,13,0
somewhat_familiar,13,13,0
all_essential,13,13,0
generally_safe,13,13,0
too_sandy,13,13,0
more_anti-semitic,13,10,3
often_obvious,13,13,0
altogether_untrue,13,13,0
only_vile,13,13,0
as_earnest,13,13,0
always_diplomatic,13,13,0
intrinsically_immoral,13,12,1
easily_reproducible,13,13,0
always_vocal,13,13,0
just_formal,13,12,1
real_pleasant,13,13,0
so_grotesque,13,10,3
particularly_involved,13,13,0
intrinsically_harmful,13,10,3
much_ashamed,13,12,1
fully_onboard,13,13,0
as_petty,13,11,2
less_ridiculous,13,13,0
as_panicked,13,13,0
actually_independent,13,13,0
already_amazing,13,13,0
already_wealthy,13,13,0
only_fresher,13,13,0
so_artful,13,13,0
too_widespread,13,11,2
wholly_irrelevant,13,13,0
real_solid,13,12,1
obnoxiously_loud,13,13,0
predominantly_black,13,13,0
entirely_traditional,13,13,0
completely_reversible,13,13,0
remotely_applicable,13,13,0
terribly_coherent,13,13,0
more_wicked,13,6,7
objectively_unreasonable,13,12,1
technically_open,13,13,0
so_distraught,13,13,0
quite_convenient,13,13,0
so_unanimous,13,13,0
actually_feasible,13,13,0
too_ordinary,13,12,1
directly_familiar,13,13,0
too_laborious,13,13,0
very_endearing,13,13,0
very_stringent,13,13,0
simply_willing,13,13,0
more_artistic,13,7,6
most_admirable,13,13,0
readily_amenable,13,13,0
totally_confused,13,13,0
just_ethnic,13,13,0
only_voluntary,13,13,0
still_aware,13,13,0
ever_great,13,11,2
overly_close,13,10,3
personally_satisfying,13,13,0
altogether_unheard,13,13,0
perfectly_right,13,13,0
entirely_futile,13,13,0
intentionally_discriminatory,13,13,0
fundamentally_good,13,10,3
physically_comfortable,13,13,0
terribly_bitter,13,13,0
very_shocked,13,13,0
most_coherent,13,13,0
already_accessible,13,13,0
all_dumb,13,13,0
very_standard,13,13,0
particularly_indicative,13,13,0
particularly_inexpensive,13,13,0
constantly_vigilant,13,13,0
even_memorable,13,13,0
downright_embarrassing,13,13,0
too_long-winded,13,13,0
that_normal,13,13,0
awfully_bad,13,11,2
legally_obscene,13,13,0
officially_related,13,13,0
only_formal,13,13,0
quite_reasonable,13,13,0
as_foreboding,13,13,0
always_victorious,13,13,0
so_grey,13,13,0
most_damaging,13,13,0
too_airy,13,13,0
always_deliberate,13,13,0
overly_cutesy,13,13,0
most_corrupt,13,13,0
terribly_sick,13,13,0
very_lavish,13,13,0
terribly_alarming,13,11,2
already_stressful,13,13,0
all_cheery,13,13,0
as_flowery,13,13,0
reasonably_probable,13,13,0
only_magnificent,13,13,0
too_alcoholic,13,13,0
overly_realistic,13,13,0
explicitly_detailed,13,13,0
especially_busy,13,13,0
already_jealous,13,13,0
terribly_adept,13,13,0
all_straight,13,13,0
much_blue,13,13,0
overly_conscious,13,13,0
only_factual,13,13,0
legally_guilty,13,13,0
particularly_distinguished,13,13,0
quite_ridiculous,13,10,3
physically_big,13,13,0
just_appalling,13,13,0
completely_symmetrical,13,13,0
actually_great,13,13,0
terribly_authentic,13,13,0
generally_enough,13,13,0
explicitly_legal,13,11,2
really_depressing,13,12,1
generally_familiar,13,13,0
always_current,13,13,0
spotlessly_clean,13,13,0
relatively_safe,13,12,1
very_novel,13,10,3
overly_repetitive,13,13,0
relatively_close,13,13,0
metabolically_active,13,13,0
really_ripe,13,13,0
overly_relevant,13,13,0
most_clever,13,13,0
constantly_possible,13,13,0
much_dead,13,13,0
most_clear,13,13,0
most_delicious,13,13,0
much_bitter,13,13,0
generally_concerned,13,13,0
as_moody,13,13,0
absolutely_complete,13,13,0
easily_treatable,13,13,0
legally_mandatory,13,13,0
completely_unpleasant,13,13,0
quite_challenging,13,13,0
actually_positive,13,13,0
particularly_intellectual,13,11,2
only_outraged,13,13,0
much_left,13,9,4
only_wearable,13,13,0
really_user-friendly,13,13,0
yet_relevant,13,13,0
especially_flavorful,13,13,0
far_larger,13,13,0
often_worth,13,13,0
quite_silly,13,13,0
more_buoyant,13,13,0
most_spacious,13,13,0
especially_forthcoming,13,13,0
totally_arbitrary,13,13,0
that_delusional,13,13,0
as_primal,13,12,1
more_calm,13,13,0
even_fresh,13,13,0
all_neat,13,13,0
very_exceptional,13,10,3
ever_scared,13,13,0
only_past,13,13,0
initially_receptive,13,13,0
digitally_available,13,13,0
actually_original,13,12,1
really_rude,13,13,0
most_flashy,13,13,0
really_recognizable,13,13,0
publicly_accountable,13,13,0
noticeably_higher,13,13,0
only_audacious,13,13,0
just_welcoming,13,13,0
yet_alarming,13,13,0
tangentially_related,13,13,0
so_macho,13,12,1
already_awake,13,13,0
more_brave,13,12,1
more_brazen,13,10,3
massively_impressed,13,13,0
often_welcome,13,13,0
strictly_analogous,13,12,1
much_right,13,13,0
too_outspoken,13,13,0
very_linear,13,12,1
too_tolerant,13,12,1
absolutely_reliable,13,12,1
notably_better,13,13,0
particularly_astute,13,13,0
more_clearer,13,13,0
overly_alarmed,13,13,0
as_uneven,13,13,0
firmly_committed,13,13,0
as_unequal,13,13,0
pretty_funny,13,12,1
as_agonizing,13,13,0
very_experimental,13,12,1
even_stable,13,13,0
completely_lazy,13,13,0
just_commonplace,13,13,0
completely_knowledgeable,13,13,0
already_hot,13,13,0
as_bankable,13,13,0
much_thinner,13,13,0
as_affected,13,12,1
merely_local,13,13,0
as_gnarly,13,12,1
only_finite,13,13,0
only_noteworthy,13,13,0
less_engaging,13,10,3
only_disproportionate,13,13,0
purely_personal,13,13,0
really_brown,13,13,0
particularly_menacing,13,12,1
entirely_exempt,13,13,0
very_disturbing,13,11,2
terribly_critical,13,13,0
particularly_affordable,13,13,0
only_nostalgia,13,13,0
yet_low,13,13,0
totally_depraved,13,13,0
much_strange,13,12,1
greatly_mistaken,13,13,0
precisely_comparable,13,13,0
overly_analytical,13,12,1
especially_favorable,13,13,0
much_quieter,13,13,0
too_authentic,13,12,1
always_appreciative,13,13,0
totally_one-sided,13,13,0
nutritionally_beneficial,13,10,3
excessively_worried,13,13,0
quite_professional,13,13,0
much_negative,13,13,0
completely_precise,13,13,0
more_usable,13,13,0
as_alone,13,12,1
pretty_boring,13,11,2
downright_frightening,13,13,0
overly_dynamic,13,12,1
all_ugly,13,13,0
especially_elegant,13,13,0
most_expressive,13,13,0
properly_visible,13,13,0
enough_big,13,13,0
easily_comprehensible,13,13,0
actually_famous,13,13,0
quite_profitable,13,13,0
as_varied,13,12,1
always_eligible,13,13,0
so_unprecedented,13,13,0
most_enticing,13,13,0
genetically_similar,13,13,0
that_effortless,13,13,0
even_indian,13,13,0
entirely_spontaneous,13,13,0
completely_willing,13,13,0
just_greedy,13,13,0
extremely_profitable,13,13,0
all_ashamed,13,13,0
very_succesful,13,13,0
equally_open,13,13,0
so_square,13,13,0
nutritionally_equivalent,13,13,0
very_analytical,13,13,0
all_rare,13,13,0
only_expressive,13,13,0
only_gracious,13,13,0
so_dispiriting,13,9,4
only_tight,13,13,0
often_useful,13,13,0
most_favourable,13,13,0
so_intentional,13,11,2
remotely_happy,13,13,0
overly_scary,13,13,0
remotely_healthy,13,7,6
perfectly_objective,13,13,0
technically_available,13,13,0
more_blue,13,13,0
truly_american,13,13,0
more_understandable,13,12,1
easily_navigable,13,13,0
just_eco-friendly,13,13,0
altogether_safe,13,13,0
too_unfair,13,13,0
insanely_good,13,12,1
entirely_vegetarian,13,13,0
precisely_right,13,13,0
so_stoked,13,13,0
basically_wrong,13,1,12
extremely_sweet,13,13,0
now_present,13,13,0
less_emphatic,13,13,0
terribly_extensive,13,13,0
truly_affordable,13,13,0
totally_corrupt,13,13,0
so_senior,13,13,0
altogether_smooth,13,13,0
so_intolerable,13,12,1
remotely_glamorous,13,8,5
just_yellow,13,12,1
ultimately_real,13,12,1
fully_legitimate,13,13,0
overly_efficient,13,13,0
too_cheery,13,12,1
even_homeless,13,13,0
particularly_lovable,13,13,0
completely_liquid,13,13,0
so_abysmal,13,13,0
necessarily_elite,13,13,0
so_crispy,13,13,0
as_tempted,13,13,0
actively_interested,13,13,0
sufficiently_trained,13,13,0
as_slimy,13,13,0
completely_applicable,13,13,0
too_straight,13,13,0
sufficiently_tough,13,13,0
that_gorgeous,13,13,0
quite_mad,13,13,0
too_vain,13,13,0
more_green,13,11,2
less_wrong,13,12,1
particularly_startling,13,12,1
more_eventful,13,10,3
so_illustrious,13,13,0
immediately_harmful,13,13,0
as_cryptic,13,13,0
particularly_tired,13,13,0
yet_drunk,13,13,0
as_spot-on,13,13,0
very_holy,13,13,0
exactly_universal,13,13,0
too_draconian,13,13,0
dramatically_compelling,13,11,2
actually_active,13,12,1
just_nervous,13,13,0
downright_ridiculous,13,12,1
exactly_heartening,13,12,1
nearly_right,13,7,6
as_scathing,13,13,0
out_cold,13,13,0
less_guilty,13,11,2
necessarily_profound,13,13,0
very_persistent,13,13,0
too_purple,13,13,0
truly_permanent,13,12,1
necessarily_coherent,13,13,0
necessarily_english,13,13,0
yet_civilized,13,13,0
only_renewable,13,13,0
necessarily_warm,13,13,0
particularly_cheerful,13,13,0
completely_awesome,13,13,0
necessarily_quantifiable,13,13,0
mechanically_sound,13,13,0
immediately_open,13,13,0
hugely_impressive,13,11,2
highly_useful,13,13,0
too_downbeat,13,13,0
especially_vulnerable,13,13,0
particularly_reasonable,13,13,0
overwhelmingly_spicy,13,13,0
only_scandalous,13,13,0
wholly_fair,13,13,0
even_apologetic,13,13,0
abundantly_obvious,13,13,0
less_intimidating,13,11,2
truly_immortal,13,13,0
exactly_weak,13,13,0
more_inventive,13,12,1
very_upbeat,13,13,0
more_ferocious,13,11,2
real_sweet,13,13,0
just_mexican,13,13,0
extremely_intelligent,13,13,0
too_entertaining,13,12,1
very_gratifying,13,13,0
necessarily_exceptional,13,13,0
really_harder,13,13,0
so_omnipresent,13,13,0
more_heartbroken,13,13,0
previously_apparent,13,13,0
exactly_encouraging,13,12,1
as_inhospitable,13,13,0
purely_accidental,13,13,0
always_regular,13,13,0
dramatically_interesting,13,13,0
so_sleek,13,13,0
too_faithful,13,13,0
as_tactful,13,12,1
as_circumspect,13,13,0
so_placid,13,12,1
sufficiently_present,13,13,0
very_gifted,13,13,0
so_pink,13,13,0
more_final,13,8,5
equally_beneficial,13,13,0
as_introspective,13,13,0
usually_conducive,13,13,0
outright_funny,13,13,0
immediately_comprehensible,13,13,0
significantly_bigger,13,13,0
necessarily_spiritual,13,13,0
particularly_strategic,13,12,1
as_immortal,13,12,1
currently_safe,13,13,0
entirely_ours,13,13,0
more_light,13,13,0
completely_airtight,13,13,0
super_flavorful,13,13,0
just_noteworthy,13,13,0
mentally_right,13,12,1
necessarily_challenging,13,13,0
very_general,13,13,0
more_peculiar,13,11,2
necessarily_dramatic,13,12,1
as_shady,13,12,1
politically_accountable,13,13,0
as_deceptive,13,12,1
really_male,13,13,0
usually_lethal,13,13,0
less_inspiring,13,13,0
so_conciliatory,13,13,0
naturally_thin,13,13,0
completely_adorable,13,13,0
very_wicked,13,12,1
more_particular,13,13,0
super_flexible,13,13,0
as_chummy,13,13,0
exactly_untrue,13,13,0
really_mobile,13,13,0
too_goofy,13,12,1
really_nasty,13,11,2
terribly_tall,13,13,0
downright_silly,13,12,1
too_graceful,13,13,0
yet_urgent,13,12,1
just_misunderstood,13,13,0
usually_common,13,13,0
too_startling,13,7,6
necessarily_lonely,13,13,0
likely_possible,13,13,0
just_premature,13,13,0
sufficiently_credible,13,13,0
immediately_distinguishable,13,13,0
exactly_invisible,13,12,1
more_haunting,13,8,5
all_high,13,13,0
very_innocent,13,11,2
only_british,13,13,0
too_glaring,13,12,1
exactly_useless,13,13,0
entirely_loyal,13,13,0
only_endless,13,13,0
always_same,13,13,0
necessarily_lazy,13,13,0
yet_significant,13,13,0
as_secluded,13,13,0
necessarily_smaller,13,13,0
less_insidious,13,13,0
so_skittish,13,13,0
simply_adorable,13,13,0
as_shameless,13,12,1
real_aggressive,13,13,0
less_forgiving,13,13,0
fully_authentic,13,13,0
even_admissible,13,13,0
that_gloomy,13,13,0
significantly_enough,13,13,0
naturally_possible,13,13,0
necessarily_devoid,13,12,1
just_subjective,13,13,0
currently_satisfied,13,13,0
too_euphoric,13,13,0
always_preferable,13,13,0
truly_natural,13,11,2
particularly_scandalous,13,9,4
as_staggering,13,13,0
wholly_untrue,13,13,0
necessarily_likeable,13,13,0
that_favourable,13,13,0
more_oppressive,13,10,3
wholly_compatible,13,13,0
less_generous,13,12,1
only_humble,13,13,0
downright_rude,13,13,0
necessarily_objective,13,13,0
really_moving,13,13,0
really_autobiographical,13,12,1
incredibly_happy,13,13,0
exactly_passionate,13,13,0
that_clueless,13,13,0
very_intricate,13,13,0
really_kind,13,13,0
really_mysterious,13,8,5
just_pure,13,11,2
as_cyclical,13,13,0
so_solitary,13,12,1
merely_sufficient,13,13,0
overly_intelligent,13,13,0
only_engaging,13,13,0
sufficiently_successful,13,13,0
exactly_satisfying,13,13,0
only_sorry,13,13,0
necessarily_fraudulent,13,13,0
highly_related,13,13,0
really_strict,13,13,0
necessarily_fresh,13,13,0
always_inexpensive,13,13,0
so_impactful,13,12,1
so_imperative,13,11,2
very_recognizable,13,13,0
necessarily_reasonable,13,13,0
outright_dishonest,13,12,1
less_glorious,13,12,1
so_singular,13,11,2
especially_sexy,13,12,1
abundantly_available,13,13,0
always_loyal,13,13,0
equally_efficient,13,13,0
entirely_clear-cut,13,13,0
always_selfish,13,13,0
as_dainty,13,13,0
always_mindful,13,13,0
truly_organic,13,13,0
especially_profound,13,11,2
so_nostalgic,13,12,1
as_intentional,13,13,0
as_sufficient,13,12,1
quite_linear,13,13,0
as_incisive,13,13,0
really_jealous,13,13,0
overtly_sexist,13,13,0
just_questionable,13,13,0
exactly_photogenic,13,13,0
just_radical,13,13,0
more_objectionable,13,11,2
very_precious,13,13,0
as_coy,13,13,0
as_somber,13,13,0
too_pure,13,12,1
quite_hungry,13,13,0
as_defiant,13,13,0
particularly_proficient,13,13,0
nearly_exciting,13,13,0
particularly_rigorous,13,11,2
too_frivolous,13,12,1
so_official,13,13,0
so_committed,13,13,0
equally_dangerous,13,13,0
necessarily_alarming,13,12,1
just_quantitative,13,13,0
always_parallel,13,13,0
hugely_relevant,13,13,0
too_exorbitant,13,13,0
as_informal,13,13,0
highly_significant,13,13,0
just_russian,13,13,0
as_incapable,13,12,1
completely_barren,13,13,0
exactly_startling,13,13,0
equally_clear,13,13,0
damn_cute,13,13,0
exactly_opposite,13,13,0
so_shaky,13,13,0
more_naked,13,11,2
always_optimistic,13,13,0
hiv_positive,13,13,0
scientifically_interesting,13,13,0
truly_silent,13,13,0
very_radioactive,13,12,1
only_punitive,13,13,0
so_demure,13,13,0
then_present,13,13,0
particularly_functional,13,13,0
extremely_hungry,13,13,0
even_bright,13,13,0
totally_amazing,13,12,1
necessarily_neutral,13,13,0
too_homesick,13,13,0
really_flexible,13,13,0
commercially_important,13,13,0
really_constant,13,13,0
more_nourishing,13,7,6
all_ideal,13,13,0
more_promiscuous,13,12,1
only_scrumptious,13,13,0
so_immune,13,13,0
super_crafty,13,13,0
impossibly_difficult,13,13,0
necessarily_innate,13,13,0
incredibly_boring,13,13,0
less_heroic,13,13,0
actually_usable,13,13,0
particularly_favourable,13,13,0
exactly_picky,13,13,0
as_territorial,13,13,0
necessarily_suspicious,13,12,1
as_snowy,13,13,0
visibly_armed,13,13,0
truly_offensive,13,7,6
so_corporate,13,12,1
just_quirky,13,13,0
essentially_evil,13,11,2
collectively_responsible,13,13,0
immediately_verifiable,13,13,0
only_inherent,13,13,0
too_stereotypical,13,12,1
too_exclusive,13,13,0
scientifically_justifiable,13,13,0
all_soft,13,13,0
necessarily_real-time,13,13,0
necessarily_novel,13,13,0
that_grateful,13,13,0
otherwise_obvious,13,13,0
incredibly_impressed,13,13,0
truly_significant,13,7,6
as_connected,13,13,0
necessarily_shocked,13,13,0
politically_sophisticated,13,12,1
so_sheer,13,12,1
only_decisive,13,13,0
completely_beholden,13,13,0
fully_exempt,13,13,0
sufficiently_certain,13,13,0
equally_deserving,12,12,0
directly_noticeable,12,12,0
more_hectic,12,12,0
generally_conceivable,12,12,0
super_attractive,12,12,0
wholly_rational,12,12,0
totally_comparable,12,12,0
as_inflexible,12,12,0
yet_enlightened,12,12,0
generally_liable,12,12,0
so_inappropriate,12,9,3
necessarily_conservative,12,12,0
particularly_respectful,12,12,0
most_charming,12,12,0
particularly_formidable,12,11,1
less_responsible,12,8,4
too_pompous,12,10,2
only_unanswered,12,12,0
so_outdated,12,12,0
very_stout,12,12,0
only_frugal,12,12,0
less_noticeable,12,10,2
too_experienced,12,11,1
really_autistic,12,12,0
so_biased,12,12,0
perfectly_sharp,12,12,0
quite_chewy,12,12,0
always_diligent,12,12,0
so_better,12,12,0
overly_remarkable,12,8,4
legally_feasible,12,12,0
only_unavailable,12,12,0
purely_genetic,12,11,1
only_unbeaten,12,12,0
quite_vertical,12,12,0
particularly_energetic,12,12,0
rather_obvious,12,12,0
yet_wealthy,12,12,0
just_frivolous,12,12,0
that_persuasive,12,12,0
that_devastating,12,12,0
politically_practical,12,12,0
especially_sweet,12,10,2
necessarily_pathological,12,12,0
super_bulky,12,12,0
all_academic,12,12,0
as_philosophical,12,12,0
that_plausible,12,12,0
however_able,12,12,0
only_eye-opening,12,12,0
visually_different,12,11,1
necessarily_cleaner,12,12,0
statistically_accurate,12,12,0
altogether_unworthy,12,12,0
especially_cold,12,12,0
more_affluent,12,12,0
only_recyclable,12,12,0
less_durable,12,12,0
necessarily_complementary,12,12,0
completely_tender,12,12,0
so_bare,12,11,1
that_paranoid,12,12,0
necessarily_overwhelming,12,12,0
directly_pertinent,12,12,0
that_convinced,12,12,0
only_deplorable,12,12,0
closely_familiar,12,12,0
as_unsightly,12,12,0
completely_suitable,12,12,0
substantially_worse,12,11,1
obviously_political,12,12,0
entirely_unthinkable,12,12,0
very_punctual,12,12,0
super_creepy,12,12,0
terribly_stable,12,12,0
overtly_evil,12,9,3
socially_useful,12,12,0
immediately_willing,12,12,0
only_wet,12,12,0
yet_adult,12,12,0
more_needed,12,12,0
directly_detectable,12,12,0
as_succulent,12,10,2
just_short-term,12,12,0
nutritionally_dense,12,12,0
wildly_talented,12,12,0
too_heady,12,9,3
merely_absurd,12,12,0
quite_creative,12,11,1
completely_reassuring,12,12,0
particularly_consequential,12,11,1
particularly_enthralling,12,9,3
particularly_disruptive,12,12,0
generally_willing,12,12,0
so_subject,12,11,1
apparently_able,12,12,0
much_keen,12,12,0
genetically_diverse,12,12,0
only_overweight,12,12,0
yet_obese,12,12,0
as_dormant,12,12,0
perfectly_rectangular,12,12,0
really_adept,12,12,0
entirely_genetic,12,12,0
only_weaker,12,12,0
absolutely_clean,12,12,0
mentally_alert,12,12,0
particularly_ready,12,12,0
as_dorky,12,12,0
sufficiently_free,12,12,0
only_asleep,12,12,0
truly_achievable,12,12,0
as_diversified,12,12,0
overly_judgmental,12,12,0
so_parochial,12,12,0
utterly_stupid,12,12,0
yet_affordable,12,12,0
formally_religious,12,12,0
so_partial,12,11,1
as_intact,12,10,2
technically_great,12,12,0
necessarily_alone,12,12,0
much_offensive,12,12,0
so_dissatisfied,12,12,0
enough_clear,12,12,0
as_superb,12,12,0
merely_desirable,12,12,0
politically_tenable,12,12,0
more_frivolous,12,9,3
entirely_upfront,12,12,0
totally_okay,12,12,0
more_vexing,12,6,6
so_intricate,12,9,3
so_sluggish,12,12,0
so_distasteful,12,11,1
still_popular,12,12,0
first_aware,12,12,0
just_grey,12,12,0
so_unfriendly,12,12,0
more_bearish,12,12,0
more_usual,12,9,3
totally_visible,12,12,0
just_simpler,12,12,0
remotely_consistent,12,12,0
kinda_funny,12,12,0
only_workable,12,12,0
technically_human,12,12,0
more_gay,12,11,1
only_tiny,12,12,0
so_constructive,12,12,0
only_ashamed,12,12,0
generally_much,12,12,0
only_cowardly,12,12,0
as_plastic,12,12,0
yet_optimal,12,12,0
physically_dead,12,12,0
immediately_rewarding,12,12,0
generally_related,12,12,0
necessarily_catholic,12,12,0
quite_pure,12,12,0
completely_self-sufficient,12,12,0
least_important,12,12,0
so_self-conscious,12,11,1
actually_recyclable,12,12,0
too_gullible,12,12,0
so_unworthy,12,11,1
technically_right,12,12,0
too_sane,12,11,1
necessarily_brilliant,12,12,0
entirely_abnormal,12,12,0
as_placid,12,12,0
completely_sharp,12,12,0
statistically_robust,12,12,0
less_easy,12,12,0
only_virtual,12,12,0
physically_damaging,12,12,0
intimately_related,12,12,0
real_cool,12,12,0
particularly_jewish,12,6,6
ever_effective,12,12,0
necessarily_precise,12,12,0
so_gruesome,12,12,0
so_relatable,12,12,0
very_elusive,12,12,0
generally_prone,12,12,0
obviously_identifiable,12,12,0
exactly_sober,12,12,0
longer_useful,12,12,0
actually_realistic,12,12,0
only_furious,12,12,0
technically_real,12,12,0
categorically_bad,12,11,1
merely_easier,12,12,0
as_cost-efficient,12,12,0
merely_visual,12,12,0
only_careful,12,12,0
only_artificial,12,12,0
all_consuming,12,11,1
only_general,12,12,0
as_pointed,12,12,0
less_sacred,12,11,1
ever_hard,12,12,0
more_astounding,12,9,3
obnoxiously_long,12,12,0
immediately_transparent,12,12,0
completely_revolutionary,12,12,0
only_impactful,12,12,0
only_severe,12,12,0
only_caring,12,12,0
more_wild,12,9,3
still_better,12,10,2
especially_sophisticated,12,11,1
immediately_subject,12,12,0
only_deceitful,12,12,0
more_grotesque,12,3,9
particularly_distracting,12,11,1
all_doomed,12,12,0
too_epic,12,6,6
generally_successful,12,12,0
sexually_promiscuous,12,12,0
so_loathsome,12,8,4
pretty_hard,12,12,0
so_self-critical,12,12,0
more_wretched,12,10,2
particularly_cheery,12,12,0
totally_outrageous,12,12,0
only_traumatic,12,12,0
more_motivational,12,7,5
as_mind-blowing,12,12,0
absolutely_normal,12,12,0
actually_profitable,12,12,0
spectacularly_beautiful,12,12,0
less_glamorous,12,9,3
always_complementary,12,12,0
very_prestigious,12,12,0
just_complete,12,12,0
very_decorative,12,11,1
more_impossible,12,9,3
even_spanish,12,12,0
as_sly,12,12,0
more_imposing,12,11,1
just_compassionate,12,12,0
particularly_hazardous,12,11,1
overly_energetic,12,12,0
necessarily_exempt,12,12,0
easily_convertible,12,12,0
politically_independent,12,12,0
just_comfy,12,12,0
so_salient,12,11,1
longer_contagious,12,12,0
less_hard,12,10,2
as_aggravating,12,12,0
so_experimental,12,11,1
only_inexperienced,12,12,0
only_unforgettable,12,12,0
only_inexcusable,12,12,0
less_delightful,12,9,3
as_viscous,12,12,0
more_inconsistent,12,11,1
very_long-lasting,12,12,0
unusually_low,12,12,0
less_committed,12,12,0
terribly_risky,12,11,1
totally_believable,12,12,0
clearly_historical,12,12,0
overly_polite,12,12,0
most_reasonable,12,12,0
too_thirsty,12,12,0
mobile_responsive,12,12,0
exactly_proof,12,12,0
as_nightmarish,12,12,0
only_festive,12,12,0
overly_extravagant,12,11,1
only_few,12,12,0
exactly_proper,12,12,0
terribly_rewarding,12,12,0
even_pleased,12,12,0
especially_young,12,12,0
very_ideological,12,11,1
as_indelible,12,12,0
extremely_short,12,12,0
really_weak,12,11,1
very_complementary,12,12,0
as_impeccable,12,12,0
readily_possible,12,12,0
necessarily_eligible,12,12,0
only_objectionable,12,12,0
necessarily_larger,12,12,0
only_oblivious,12,12,0
so_ethereal,12,11,1
so_rural,12,12,0
so_apologetic,12,12,0
overly_unique,12,8,4
very_discoverable,12,12,0
most_tolerant,12,12,0
downright_depressing,12,12,0
most_extravagant,12,12,0
entirely_universal,12,12,0
immediately_achievable,12,12,0
really_lonely,12,12,0
that_major,12,12,0
so_girly,12,12,0
even_pleasant,12,12,0
most_gifted,12,11,1
most_gentle,12,12,0
fully_persuasive,12,12,0
entirely_unaffected,12,12,0
ideologically_neutral,12,12,0
realistically_attainable,12,12,0
already_qualified,12,12,0
as_ephemeral,12,12,0
necessarily_knowledgeable,12,12,0
always_conceivable,12,12,0
fully_bilingual,12,11,1
that_confused,12,12,0
really_respectful,12,12,0
immaculately_clean,12,12,0
that_alarming,12,12,0
morally_better,12,12,0
all_cool,12,12,0
truly_related,12,12,0
less_competent,12,12,0
much_cuter,12,11,1
only_african,12,12,0
readily_quantifiable,12,12,0
that_inexpensive,12,12,0
less_political,12,12,0
hugely_useful,12,12,0
so_scenic,12,12,0
terribly_satisfied,12,12,0
very_casual,12,11,1
militarily_strong,12,12,0
only_uninterested,12,12,0
more_inefficient,12,9,3
exactly_personal,12,12,0
really_severe,12,10,2
traditionally_good,12,12,0
so_obstinate,12,12,0
only_endearing,12,12,0
less_prevalent,12,12,0
less_deep,12,10,2
as_abysmal,12,12,0
as_condescending,12,11,1
actually_normal,12,12,0
fully_reliant,12,12,0
as_acrimonious,12,12,0
exactly_pleasing,12,12,0
only_minimal,12,12,0
unduly_discriminatory,12,12,0
really_cruel,12,11,1
politically_fatal,12,10,2
most_likeable,12,12,0
only_mischievous,12,12,0
really_ironic,12,12,0
overly_forthcoming,12,12,0
less_present,12,12,0
necessarily_horrible,12,12,0
overly_forceful,12,11,1
wholly_confident,12,12,0
so_off-putting,12,9,3
just_daunting,12,12,0
as_obese,12,12,0
necessarily_homophobic,12,12,0
widely_visible,12,11,1
quite_strange,12,12,0
just_devoid,12,12,0
easily_frightened,12,12,0
that_irresponsible,12,12,0
so_foggy,12,12,0
even_professional,12,12,0
unduly_optimistic,12,12,0
always_original,12,12,0
less_confusing,12,12,0
most_pleasurable,12,12,0
entirely_cooperative,12,12,0
overly_troubled,12,11,1
so_geeky,12,11,1
very_bloody,12,12,0
so_flamboyant,12,11,1
only_ineffectual,12,12,0
overly_fearful,12,12,0
most_humane,12,12,0
always_cohesive,12,12,0
exactly_orthodox,12,10,2
socially_relevant,12,12,0
purely_intellectual,12,12,0
entirely_mutual,12,12,0
as_snarky,12,12,0
overly_funny,12,11,1
sufficiently_religious,12,12,0
entirely_admirable,12,12,0
more_indispensable,12,8,4
more_instrumental,12,12,0
most_informative,12,12,0
only_uninformed,12,12,0
too_fortunate,12,12,0
hugely_optimistic,12,12,0
too_brash,12,10,2
too_formidable,12,10,2
even_sensible,12,12,0
overly_tricky,12,11,1
necessarily_impressed,12,12,0
so_oily,12,12,0
consistently_active,12,12,0
very_methodical,12,12,0
always_ours,12,12,0
downright_terrible,12,12,0
overly_firm,12,12,0
so_affectionate,12,12,0
hugely_noticeable,12,10,2
just_electronic,12,12,0
very_near,12,12,0
really_loving,12,12,0
reasonably_sure,12,12,0
too_lumpy,12,12,0
exactly_rife,12,12,0
so_optimal,12,12,0
that_ill,12,12,0
just_altruistic,12,12,0
always_profound,12,12,0
only_ornamental,12,12,0
much_caring,12,11,1
quite_relaxed,12,12,0
always_progressive,12,12,0
only_anonymous,12,12,0
too_faint,12,12,0
only_infuriating,12,12,0
really_republican,12,12,0
just_eye-catching,12,12,0
real_attractive,12,12,0
terribly_amusing,12,12,0
equally_culpable,12,12,0
as_angular,12,11,1
essentially_true,12,11,1
remotely_entertaining,12,6,6
so_easygoing,12,12,0
morally_straight,12,12,0
entirely_female,12,12,0
often_kind,12,12,0
clearly_unconstitutional,12,12,0
completely_unpredictable,12,12,0
seriously_flawed,12,12,0
as_musical,12,12,0
hugely_better,12,12,0
quite_legitimate,12,12,0
especially_troubling,12,10,2
completely_universal,12,12,0
properly_subject,12,12,0
even_worthwhile,12,12,0
extremely_tight,12,12,0
only_informational,12,12,0
all_sweaty,12,12,0
completely_unlikely,12,12,0
always_nearby,12,12,0
necessarily_muslim,12,12,0
necessarily_newsworthy,12,12,0
yet_empty,12,12,0
sexually_abused,12,10,2
directly_usable,12,11,1
actually_productive,12,12,0
only_injurious,12,12,0
only_antiquated,12,12,0
necessarily_controversial,12,10,2
necessarily_contrary,12,12,0
as_pedantic,12,11,1
usually_bad,12,12,0
clinically_important,12,12,0
that_original,12,12,0
quite_useless,12,12,0
as_unthinkable,12,12,0
purely_military,12,12,0
always_abundant,12,12,0
then_ready,12,12,0
yet_past,12,12,0
usually_better,12,12,0
only_fraught,12,12,0
quite_central,12,12,0
fully_appreciative,12,12,0
all_altruistic,12,12,0
always_upfront,12,12,0
always_uplifting,12,12,0
quite_recognizable,12,12,0
very_heartening,12,12,0
completely_undone,12,12,0
as_anomalous,12,12,0
always_much,12,12,0
quite_regular,12,12,0
more_absolute,12,11,1
so_restrained,12,12,0
only_utilitarian,12,12,0
just_fake,12,12,0
always_proportionate,12,12,0
completely_unconscious,12,12,0
so_liberating,12,8,4
even_mindful,12,12,0
more_historic,12,9,3
most_concerned,12,12,0
recognizably_human,12,9,3
much_convenient,12,12,0
particularly_cinematic,12,11,1
quite_robust,12,12,0
as_flagrant,12,12,0
so_astronomical,12,12,0
quite_round,12,12,0
that_disturbing,12,12,0
too_averse,12,12,0
even_older,12,11,1
most_willing,12,12,0
hugely_dissimilar,12,12,0
more_laughable,12,10,2
as_fictional,12,12,0
mildly_amusing,12,11,1
very_amazing,12,11,1
as_stale,12,12,0
exactly_relatable,12,12,0
most_enlightened,12,12,0
absolutely_hilarious,12,12,0
particularly_satisfactory,12,12,0
too_attentive,12,11,1
less_patriotic,12,9,3
as_overpriced,12,12,0
so_round,12,12,0
so_rotten,12,12,0
so_irritated,12,12,0
just_bold,12,12,0
fundamentally_bad,12,9,3
too_fertile,12,12,0
necessarily_lighter,12,12,0
most_explosive,12,12,0
terribly_severe,12,10,2
less_arbitrary,12,11,1
so_apprehensive,12,12,0
only_incoherent,12,12,0
entirely_extinct,12,12,0
quite_transparent,12,12,0
always_yellow,12,12,0
as_skilful,12,12,0
even_optional,12,12,0
clearly_present,12,12,0
enormously_important,12,11,1
specifically_illegal,12,12,0
as_overbearing,12,12,0
most_excited,12,12,0
always_worried,12,12,0
terribly_conducive,12,12,0
that_considerate,12,12,0
automatically_liable,12,12,0
easily_changeable,12,12,0
that_narcissistic,12,12,0
all_evident,12,12,0
tremendously_different,12,12,0
even_violent,12,12,0
even_normal,12,12,0
too_fastidious,12,12,0
only_enduring,12,12,0
so_assertive,12,12,0
just_exceptional,12,12,0
entirely_conventional,12,12,0
fundamentally_innovative,12,12,0
less_addictive,12,12,0
most_diligent,12,12,0
very_neutral,12,12,0
most_dignified,12,12,0
actually_poisonous,12,12,0
less_worried,12,12,0
exactly_restful,12,12,0
merely_illustrative,12,12,0
as_immense,12,11,1
exactly_responsible,12,12,0
slightly_funny,12,12,0
too_classy,12,11,1
easily_bored,12,12,0
easily_biodegradable,12,12,0
as_contrived,12,12,0
more_hyped,12,11,1
as_vacuous,12,12,0
so_artificial,12,10,2
quite_uniform,12,12,0
more_hungry,12,12,0
overly_punitive,12,12,0
too_obsessive,12,12,0
fundamentally_important,12,9,3
necessarily_disappointed,12,12,0
only_untenable,12,12,0
always_creative,12,12,0
morally_obligated,12,12,0
morally_obligatory,12,11,1
completely_upfront,12,12,0
just_attainable,12,12,0
damn_funny,12,12,0
simply_true,12,12,0
too_touchy,12,12,0
particularly_poor,12,12,0
completely_abstract,12,11,1
any_scarier,12,11,1
as_loathsome,12,11,1
just_structural,12,12,0
really_transparent,12,11,1
more_experimental,12,12,0
economically_profitable,12,12,0
frustratingly_difficult,12,12,0
completely_genuine,12,12,0
very_troublesome,12,12,0
perfectly_competitive,12,12,0
exactly_far-fetched,12,12,0
sufficiently_accountable,12,12,0
always_sick,12,12,0
materially_better,12,12,0
very_orderly,12,12,0
even_dependent,12,12,0
terribly_substantial,12,10,2
not_illegal,12,12,0
only_slim,12,11,1
not_immune,12,12,0
plain_black,12,12,0
that_tedious,12,12,0
terribly_noteworthy,12,11,1
very_consequential,12,12,0
always_thicker,12,12,0
that_tempting,12,11,1
incredibly_clear,12,12,0
particularly_awesome,12,7,5
particularly_nimble,12,12,0
too_inquisitive,12,12,0
culturally_aware,12,12,0
overly_intimidating,12,12,0
necessarily_uncomfortable,12,12,0
actually_big,12,12,0
exactly_unpredictable,12,12,0
always_irrational,12,12,0
exactly_favourable,12,12,0
only_philosophical,12,12,0
as_unattractive,12,7,5
especially_imaginative,12,11,1
purely_private,12,12,0
only_heroic,12,12,0
overtly_commercial,12,12,0
as_gripping,12,12,0
very_feminist,12,12,0
totally_interested,12,12,0
as_grisly,12,12,0
even_asian,12,11,1
ridiculously_difficult,12,12,0
truly_deserving,12,12,0
only_destitute,12,12,0
more_cozy,12,7,5
exceptionally_hard,12,12,0
wholly_false,12,12,0
that_trivial,12,12,0
so_unheard,12,11,1
highly_available,12,12,0
merely_beneficial,12,12,0
usually_violent,12,12,0
too_dreadful,12,9,3
strictly_wrong,12,5,7
too_reactive,12,12,0
quite_excited,12,12,0
inherently_cruel,12,12,0
longer_male,12,12,0
more_simpler,12,10,2
very_deadly,12,12,0
emotionally_compelling,12,10,2
only_idiotic,12,12,0
as_taxing,12,12,0
very_reputable,12,12,0
naturally_straight,12,12,0
especially_practical,12,12,0
as_rural,12,12,0
quite_genuine,12,12,0
less_magical,12,10,2
particularly_numerous,12,12,0
quite_painful,12,12,0
typically_enough,12,12,0
n't_comfortable,12,12,0
inherently_damaging,12,10,2
very_fascinating,12,12,0
extremely_warm,12,11,1
as_temperamental,12,12,0
merely_superficial,12,12,0
particularly_upsetting,12,10,2
nearly_drunk,12,12,0
as_psyched,12,12,0
yet_committed,12,12,0
necessarily_terminal,12,12,0
strictly_monogamous,12,12,0
especially_prone,12,12,0
so_murky,12,12,0
just_musical,12,12,0
always_fortunate,12,12,0
that_stylish,12,12,0
only_persistent,12,12,0
entirely_pleasing,12,12,0
significantly_safer,12,12,0
strictly_nocturnal,12,12,0
entirely_wise,12,12,0
not_popular,12,12,0
inherently_progressive,12,7,5
especially_harmful,12,11,1
only_permanent,12,12,0
strictly_military,12,12,0
just_incremental,12,12,0
only_equivalent,12,12,0
biologically_female,12,12,0
appropriately_qualified,12,12,0
even_european,12,12,0
necessarily_symptomatic,12,12,0
particularly_upbeat,12,12,0
significantly_new,12,3,9
merely_unjust,12,12,0
inherently_sinister,12,3,9
just_incomplete,12,12,0
pretty_impressive,12,12,0
completely_indifferent,12,12,0
as_luminous,12,12,0
just_narrative,12,12,0
only_tactical,12,12,0
primarily_dependent,12,12,0
just_unseemly,12,12,0
nearly_consistent,12,12,0
currently_strong,12,12,0
overly_noisy,12,12,0
necessarily_ugly,12,12,0
overly_shocking,12,10,2
very_vigilant,12,12,0
extremely_cheap,12,12,0
only_skillful,12,12,0
truly_confident,12,12,0
exceptionally_skilled,12,12,0
exactly_fine,12,12,0
inherently_interested,12,12,0
super_intelligent,12,12,0
also_curious,12,12,0
inherently_incorrect,12,2,10
strictly_scientific,12,12,0
yet_keen,12,12,0
incredibly_cheap,12,12,0
exceptionally_rare,12,12,0
yet_bad,12,12,0
super_surprised,12,12,0
positively_sure,12,12,0
particularly_averse,12,12,0
financially_wealthy,12,12,0
really_grateful,12,12,0
inherently_more,12,12,0
as_sanitary,12,12,0
thoroughly_enjoyable,12,12,0
particularly_urgent,12,9,3
just_influential,12,12,0
especially_problematic,12,10,2
as_tannic,12,12,0
so_heartwarming,12,8,4
typically_easy,12,12,0
incredibly_attractive,12,12,0
too_sensible,12,12,0
actually_beautiful,12,11,1
necessarily_traumatic,12,12,0
simply_nice,12,12,0
typically_subject,12,12,0
so_unified,12,12,0
more_spot-on,12,12,0
so_horrid,12,11,1
so_more,12,2,10
currently_qualified,12,12,0
less_flattering,12,9,3
overly_social,12,12,0
physically_unable,12,12,0
less_unique,12,11,1
so_infallible,12,12,0
more_reminiscent,12,10,2
just_thicker,12,12,0
completely_blank,12,11,1
that_vain,12,12,0
substantially_greater,12,12,0
so_misguided,12,11,1
exactly_critical,12,12,0
even_bitter,12,12,0
incredibly_smart,12,11,1
n't_successful,12,12,0
overtly_bad,12,9,3
highly_specific,12,12,0
incredibly_skilled,12,12,0
never_easy,12,12,0
only_lengthy,12,12,0
more_reprehensible,12,5,7
very_confrontational,12,12,0
currently_likely,12,12,0
yet_supportive,12,12,0
really_outrageous,12,6,6
less_extreme,12,11,1
more_dismal,12,8,4
more_equitable,12,12,0
particularly_pious,12,12,0
simply_evil,12,12,0
so_shameless,12,10,2
usually_significant,12,12,0
very_devout,12,12,0
really_frightened,12,12,0
more_enthralling,12,6,6
entirely_prepared,12,12,0
terribly_wise,12,12,0
economically_worthwhile,12,12,0
eerily_similar,12,12,0
incredibly_stylish,12,12,0
real_helpful,12,12,0
only_pragmatic,12,12,0
exactly_dry,12,12,0
incredibly_tough,12,12,0
always_inappropriate,12,12,0
so_moderate,12,11,1
totally_unpredictable,12,12,0
overly_inspiring,12,12,0
that_worthwhile,12,12,0
always_standard,12,12,0
terribly_glamorous,12,11,1
quite_flawless,12,12,0
more_quiet,12,12,0
entirely_professional,12,12,0
altogether_false,12,12,0
just_tacky,12,12,0
incredibly_new,12,5,7
less_fashionable,12,11,1
really_standard,12,12,0
simply_cosmetic,12,12,0
especially_old,12,12,0
truly_helpful,12,11,1
mathematically_inclined,12,12,0
terribly_likable,12,12,0
just_mainstream,12,12,0
simply_different,12,12,0
terribly_functional,12,12,0
only_legit,12,12,0
as_labor-intensive,12,12,0
usually_responsible,12,12,0
too_subjective,12,12,0
real_careful,12,12,0
quickly_forthcoming,12,12,0
typically_harmful,12,12,0
also_illegal,12,12,0
just_meaningful,12,12,0
highly_secure,12,12,0
that_volatile,12,12,0
actually_chinese,12,12,0
terribly_wide,12,12,0
naturally_adept,12,12,0
exactly_dark,12,12,0
more_enamored,12,12,0
more_empty,12,10,2
that_gracious,12,12,0
particularly_worse,12,12,0
necessarily_useless,12,12,0
more_secret,12,9,3
more_pricey,12,12,0
deliriously_happy,12,11,1
particularly_daring,12,10,2
entirely_boring,12,12,0
n't_free,12,12,0
n't_friendly,12,11,1
not_dangerous,12,12,0
always_intelligible,12,9,3
more_deliberate,12,11,1
not_conducive,12,12,0
highly_customizable,12,12,0
only_hollow,12,12,0
not_creative,12,11,1
truly_divine,12,12,0
entirely_compelling,12,12,0
wholly_unprecedented,12,12,0
really_asian,12,12,0
simply_angry,12,12,0
even_creative,12,12,0
economically_strong,12,12,0
even_credible,12,12,0
entirely_deliberate,12,12,0
so_underground,12,11,1
all_dependent,12,11,1
as_reactionary,12,12,0
finally_able,12,12,0
so_individual,12,11,1
blatantly_illegal,12,10,2
completely_exclusive,12,12,0
incredibly_diverse,12,12,0
necessarily_vegetarian,12,12,0
as_detectable,12,12,0
exactly_best,12,12,0
only_erotic,12,12,0
as_jaw-dropping,12,12,0
so_tranquil,12,12,0
highly_complex,12,12,0
absolutely_wonderful,12,12,0
so_clunky,12,12,0
strongly_supportive,12,12,0
too_strident,12,12,0
n't_present,12,12,0
exactly_wealthy,12,12,0
more_disagreeable,12,9,3
necessarily_widespread,12,12,0
especially_low,12,11,1
very_flavourful,12,12,0
more_rigid,12,12,0
wholly_unfair,12,12,0
n't_obvious,12,12,0
as_legit,12,12,0
exactly_clever,12,11,1
so_prejudiced,12,12,0
very_congenial,12,12,0
n't_pleased,12,12,0
less_involved,12,12,0
very_frugal,12,12,0
as_left-wing,12,12,0
altogether_healthy,12,12,0
super_realistic,12,12,0
over_cautious,12,11,1
particularly_vital,12,11,1
especially_loud,12,11,1
exactly_cheerful,12,12,0
entirely_destitute,12,12,0
more_primal,12,7,5
also_likely,12,12,0
ordinarily_open,12,12,0
just_unable,12,12,0
all_common,12,12,0
so_demonstrative,12,12,0
soon_likely,12,12,0
as_gutsy,12,11,1
any_thinner,12,12,0
really_overwhelming,12,11,1
as_redundant,12,12,0
completely_asleep,12,12,0
entirely_recognizable,12,12,0
usually_susceptible,12,12,0
really_negotiable,12,12,0
super_romantic,12,12,0
only_prettier,12,12,0
even_evident,12,12,0
exactly_acceptable,12,12,0
not_unusual,12,12,0
now_capable,12,12,0
overtly_promotional,12,12,0
usually_free,12,12,0
exactly_top,12,12,0
so_vigorous,12,12,0
creatively_satisfying,12,12,0
technically_better,12,12,0
simply_reactive,12,12,0
really_sticky,12,12,0
initially_enthusiastic,12,12,0
very_wary,12,12,0
just_noticeable,12,11,1
as_seasonal,12,12,0
remotely_humorous,12,6,6
so_hazardous,12,12,0
completely_ludicrous,12,12,0
too_viscous,12,12,0
more_timeless,12,5,7
more_charismatic,12,12,0
too_damning,12,11,1
as_pro-active,12,12,0
remotely_impressed,12,12,0
entirely_congruent,12,12,0
always_ugly,12,12,0
very_creditable,12,11,1
sufficiently_enthusiastic,12,12,0
especially_fair,12,11,1
more_cathartic,12,3,9
so_congenial,12,12,0
directly_apparent,12,12,0
very_excitable,12,12,0
grossly_excessive,12,12,0
outright_scary,12,10,2
too_outraged,12,12,0
not_sufficient,12,11,1
totally_upfront,12,12,0
now_dead,12,10,2
necessarily_strange,12,12,0
wholly_useless,12,12,0
too_cranky,12,12,0
especially_reassuring,12,12,0
perfectly_fluent,12,12,0
absolutely_pure,12,11,1
actually_worthy,12,12,0
usually_full,12,11,1
more_uniform,12,11,1
necessarily_selfish,12,12,0
completely_legible,12,12,0
not_terrible,12,10,2
utterly_false,12,12,0
as_christian,12,12,0
so_wretched,12,11,1
more_unified,12,12,0
only_prosperous,12,12,0
grossly_inaccurate,12,11,1
readily_transparent,12,12,0
actually_dumb,12,12,0
extremely_pleased,12,12,0
too_overcrowded,12,12,0
very_waterproof,12,12,0
always_fashionable,12,12,0
strictly_impossible,12,12,0
sufficiently_descriptive,12,12,0
always_uncomplicated,12,12,0
so_disingenuous,12,12,0
just_sorry,12,12,0
all_loving,12,12,0
ethnically_homogeneous,12,12,0
as_prickly,12,12,0
equally_able,12,12,0
completely_non-existent,12,12,0
always_round,12,12,0
so_patriotic,12,11,1
much_relative,12,12,0
terribly_harmful,12,11,1
particularly_ashamed,12,10,2
plain_white,12,12,0
as_genteel,12,12,0
terribly_technical,12,10,2
very_creamy,12,12,0
impossibly_high,12,11,1
very_picturesque,12,12,0
that_sensible,12,12,0
much_riskier,12,12,0
exactly_homeless,12,12,0
only_greek,12,12,0
as_marginal,12,12,0
overly_aware,12,12,0
remotely_normal,12,7,5
particularly_mainstream,12,12,0
that_brutal,12,11,1
as_intoxicating,12,12,0
noticeably_worse,12,12,0
politically_useful,12,10,2
only_deaf,12,12,0
as_manageable,12,11,1
only_parallel,12,12,0
completely_obsolete,12,12,0
so_viable,12,12,0
just_homeless,12,12,0
especially_responsive,12,12,0
only_pathetic,12,12,0
just_wide,12,11,1
ever_secure,12,12,0
very_rude,12,12,0
only_passive,12,12,0
grammatically_wrong,12,7,5
just_official,12,12,0
as_principled,12,12,0
too_philosophical,12,10,2
yet_midnight,12,12,0
otherwise_interested,12,12,0
just_occasional,12,12,0
perfectly_identical,12,12,0
remotely_racist,12,5,7
especially_representative,12,12,0
more_tricky,12,9,3
necessarily_slow,12,12,0
only_early,12,12,0
overly_melodramatic,12,11,1
commercially_profitable,12,12,0
ultimately_necessary,12,12,0
as_disrespectful,12,12,0
really_hopeful,12,12,0
so_utopian,12,11,1
too_puffy,12,11,1
only_habitable,12,12,0
really_progressive,12,12,0
already_impressed,12,12,0
really_russian,12,12,0
all_male,12,12,0
environmentally_unfriendly,12,11,1
much_tired,12,12,0
necessarily_scared,12,12,0
half_asleep,12,12,0
only_tangible,12,12,0
not_scary,12,12,0
only_basic,12,12,0
completely_invulnerable,12,12,0
completely_outrageous,12,12,0
very_thirsty,12,12,0
particularly_nasty,12,7,5
just_unwelcome,12,12,0
inherently_toxic,12,12,0
particularly_erotic,12,12,0
only_invalid,12,12,0
especially_entertaining,12,10,2
massively_expensive,12,12,0
readily_open,12,12,0
longer_enough,12,12,0
more_biased,12,12,0
so_tart,12,12,0
half_hearted,12,8,4
completely_interested,12,12,0
entirely_hard,12,12,0
so_reactionary,12,11,1
only_promising,12,12,0
genuinely_good,12,9,3
fully_indicative,12,12,0
completely_interchangeable,12,12,0
just_sloppy,12,12,0
significantly_large,12,12,0
always_tranquil,12,12,0
completely_insensitive,12,12,0
finely_detailed,12,12,0
only_charismatic,12,12,0
imminently_dangerous,12,11,1
as_astronomical,12,12,0
as_savory,12,12,0
particularly_fantastic,12,9,3
particularly_fascinating,12,8,4
entirely_wholesome,12,11,1
directly_autobiographical,12,12,0
terribly_onerous,12,12,0
half_white,12,12,0
so_heartbreaking,12,9,3
less_democratic,11,10,1
so_frigid,11,11,0
only_distant,11,11,0
very_snappy,11,10,1
just_progressive,11,11,0
even_authentic,11,11,0
too_contemporary,11,11,0
already_possible,11,11,0
totally_unpleasant,11,11,0
more_rampant,11,10,1
entirely_uninteresting,11,11,0
less_careful,11,11,0
just_delusional,11,11,0
just_eager,11,11,0
truly_essential,11,10,1
particularly_lengthy,11,11,0
more_official,11,9,2
actually_online,11,11,0
less_dense,11,11,0
so_fatigued,11,11,0
very_upfront,11,11,0
really_little,11,11,0
actually_toxic,11,11,0
as_depraved,11,11,0
so_curvy,11,11,0
as_nihilistic,11,10,1
just_homophobic,11,11,0
truly_afraid,11,11,0
more_vulgar,11,10,1
even_boring,11,10,1
more_rich,11,11,0
more_blurred,11,11,0
as_derogatory,11,11,0
as_entrepreneurial,11,11,0
downright_ugly,11,11,0
too_resistant,11,11,0
damn_cold,11,11,0
totally_uniform,11,11,0
so_disposable,11,11,0
really_comprehensive,11,11,0
particularly_trendy,11,11,0
just_dramatic,11,11,0
just_literal,11,11,0
typically_novel,11,11,0
real_loud,11,11,0
truly_green,11,11,0
particularly_playful,11,9,2
more_frugal,11,11,0
even_ill,11,11,0
as_metallic,11,11,0
as_divergent,11,11,0
most_fruitful,11,11,0
currently_achievable,11,11,0
merely_philosophical,11,11,0
specifically_jewish,11,10,1
truly_impossible,11,11,0
just_manageable,11,11,0
as_heartfelt,11,11,0
more_wealthy,11,10,1
always_averse,11,11,0
deeply_satisfying,11,11,0
too_partial,11,11,0
so_funky,11,11,0
more_one-sided,11,10,1
more_electric,11,8,3
more_pristine,11,7,4
altogether_right,11,11,0
less_bright,11,11,0
particularly_lethal,11,11,0
even_playable,11,11,0
too_rational,11,11,0
particularly_heartening,11,9,2
largely_available,11,11,0
more_unbelievable,11,7,4
that_available,11,11,0
particularly_pertinent,11,11,0
more_pro-active,11,11,0
financially_efficient,11,11,0
especially_vocal,11,11,0
largely_dependent,11,11,0
even_recyclable,11,11,0
just_regrettable,11,11,0
actually_valid,11,11,0
as_jovial,11,11,0
falsely_humble,11,11,0
really_expert,11,11,0
actually_nice,11,11,0
so_superb,11,11,0
very_daunting,11,11,0
too_niche,11,11,0
just_regular,11,10,1
as_astringent,11,11,0
so_high-tech,11,11,0
so_foul,11,10,1
truly_revolutionary,11,7,4
more_uncommon,11,7,4
only_unlocked,11,11,0
also_free,11,11,0
totally_unbelievable,11,11,0
entirely_upset,11,11,0
just_tricky,11,10,1
as_factual,11,10,1
more_educational,11,7,4
especially_revolutionary,11,7,4
only_derogatory,11,11,0
overly_obtrusive,11,10,1
as_inaccessible,11,11,0
just_worthless,11,10,1
kinda_cool,11,11,0
so_gaudy,11,11,0
even_proper,11,11,0
damn_hot,11,11,0
more_nice,11,8,3
just_thoughtful,11,10,1
so_systematic,11,10,1
deathly_ill,11,11,0
only_wholesome,11,11,0
more_intentional,11,11,0
that_clumsy,11,11,0
less_credible,11,11,0
so_tantalizing,11,10,1
first_clear,11,11,0
ultimately_sustainable,11,11,0
actually_obvious,11,11,0
equally_reliable,11,11,0
financially_qualified,11,11,0
financially_comfortable,11,11,0
ultimately_sure,11,11,0
just_thrilled,11,11,0
so_destitute,11,10,1
too_buttery,11,10,1
too_frantic,11,11,0
just_loyal,11,11,0
unduly_anxious,11,11,0
just_lucrative,11,11,0
woefully_inadequate,11,11,0
really_objectionable,11,4,7
visibly_drunk,11,11,0
really_constructive,11,11,0
about_loving,11,11,0
as_merciful,11,11,0
more_regular,11,10,1
more_observant,11,10,1
directly_dangerous,11,10,1
even_impressed,11,11,0
quite_weird,11,11,0
equally_popular,11,11,0
overly_flattering,11,11,0
originally_sure,11,11,0
entirely_unwilling,11,11,0
equally_safe,11,11,0
so_superstitious,11,11,0
traditionally_handsome,11,11,0
as_mental,11,11,0
just_rational,11,11,0
especially_outstanding,11,9,2
too_outgoing,11,11,0
real_satisfied,11,11,0
down_low,11,11,0
about_free,11,11,0
more_indulgent,11,3,8
ultimately_worth,11,11,0
more_baffling,11,8,3
properly_able,11,11,0
already_online,11,11,0
more_disinterested,11,11,0
perfectly_neat,11,11,0
all_desirable,11,11,0
as_ethereal,11,11,0
as_inconsequential,11,10,1
particularly_plausible,11,11,0
especially_durable,11,11,0
really_hip,11,11,0
more_disingenuous,11,10,1
currently_mandatory,11,11,0
equally_comfortable,11,11,0
just_torture,11,11,0
just_provocative,11,11,0
more_erroneous,11,10,1
merely_relevant,11,11,0
too_frosty,11,11,0
as_incomprehensible,11,11,0
really_fundamental,11,8,3
so_intolerant,11,10,1
merely_negative,11,11,0
especially_picky,11,11,0
just_doable,11,11,0
more_disgraceful,11,7,4
actually_uncommon,11,11,0
really_lazy,11,11,0
less_pleasant,11,11,0
so_tentative,11,11,0
as_cliched,11,11,0
only_worrisome,11,11,0
less_delicate,11,11,0
too_engaging,11,10,1
terribly_thick,11,11,0
deliberately_silent,11,11,0
too_careless,11,11,0
even_blue,11,11,0
so_desirous,11,11,0
truly_shocking,11,6,5
too_futuristic,11,11,0
even_recognisable,11,11,0
as_impregnable,11,11,0
less_conducive,11,8,3
just_distracting,11,11,0
entirely_american,11,11,0
readily_biodegradable,11,11,0
currently_familiar,11,11,0
also_interesting,11,11,0
just_sober,11,11,0
downright_stupid,11,11,0
more_visceral,11,10,1
just_single,11,11,0
equally_skilled,11,11,0
equally_interested,11,11,0
just_tiny,11,11,0
as_cowardly,11,10,1
also_hard,11,11,0
as_frightful,11,10,1
equally_interesting,11,11,0
extremely_uncomfortable,11,11,0
more_exalted,11,6,5
too_disconcerting,11,10,1
just_noisy,11,11,0
very_worst,11,10,1
more_hot,11,7,4
readily_acceptable,11,11,0
just_respectful,11,11,0
more_luminous,11,9,2
that_diligent,11,11,0
altogether_coherent,11,10,1
just_resistant,11,11,0
all_angry,11,11,0
perfectly_willing,11,11,0
legally_compliant,11,11,0
really_detectable,11,11,0
legally_viable,11,11,0
especially_hopeful,11,11,0
painfully_clear,11,11,0
truly_novel,11,7,4
so_triumphant,11,11,0
overly_nostalgic,11,11,0
also_dangerous,11,11,0
entirely_abstract,11,10,1
more_cognizant,11,11,0
more_hawkish,11,11,0
merely_sensational,11,11,0
currently_sick,11,11,0
so_discrete,11,11,0
just_patriotic,11,11,0
even_annoying,11,11,0
over_zealous,11,9,2
more_spontaneous,11,10,1
altogether_perfect,11,11,0
just_revolutionary,11,11,0
all_prone,11,11,0
entirely_unprepared,11,11,0
racially_sensitive,11,11,0
merely_unfortunate,11,11,0
as_crumbly,11,11,0
particularly_suspenseful,11,11,0
as_dishonest,11,11,0
so_impractical,11,11,0
really_descriptive,11,11,0
most_dependable,11,11,0
over_reliant,11,11,0
so_docile,11,10,1
overly_literal,11,11,0
particularly_substantive,11,11,0
even_neutral,11,11,0
more_sober,11,11,0
so_elastic,11,10,1
really_quantifiable,11,11,0
too_clinical,11,11,0
so_astonished,11,11,0
so_characteristic,11,9,2
most_demonstrative,11,11,0
just_valid,11,11,0
too_exact,11,9,2
more_anonymous,11,11,0
especially_believable,11,11,0
too_opinionated,11,11,0
wildly_creative,11,10,1
even_appealing,11,11,0
that_delicate,11,11,0
so_blank,11,10,1
as_industrious,11,11,0
particularly_sunny,11,11,0
too_fantastical,11,8,3
very_suspicious,11,9,2
only_exemplary,11,11,0
just_vague,11,11,0
just_insulting,11,11,0
downright_false,11,11,0
just_urban,11,11,0
entirely_unproductive,11,11,0
very_digestible,11,11,0
merely_immoral,11,10,1
too_definite,11,8,3
factually_false,11,11,0
also_necessary,11,11,0
so_disconcerting,11,9,2
just_rough,11,11,0
particularly_thin,11,11,0
even_exhaustive,11,11,0
wholly_sufficient,11,11,0
yet_vegan,11,11,0
actually_strong,11,11,0
visually_dramatic,11,10,1
very_startling,11,6,5
more_subjective,11,7,4
terribly_slow,11,11,0
as_illogical,11,11,0
totally_worried,11,11,0
totally_unwelcome,11,11,0
even_livable,11,11,0
more_suspect,11,10,1
too_compatible,11,11,0
that_delightful,11,11,0
too_excruciating,11,10,1
too_eccentric,11,11,0
too_one-sided,11,11,0
so_downbeat,11,11,0
just_permissible,11,11,0
just_stable,11,11,0
more_summery,11,5,6
extremely_uncommon,11,11,0
less_fine,11,11,0
even_lukewarm,11,11,0
particularly_instructive,11,11,0
that_careless,11,11,0
equally_enthusiastic,11,11,0
only_victorious,11,11,0
more_mesmerizing,11,6,5
as_magnetic,11,11,0
crucially_important,11,10,1
so_contrary,11,10,1
as_cheeky,11,11,0
as_loveable,11,11,0
entirely_controllable,11,11,0
as_lousy,11,10,1
more_abusive,11,7,4
altogether_useless,11,11,0
too_durable,11,11,0
already_common,11,11,0
more_poetic,11,8,3
more_healthful,11,10,1
more_malicious,11,6,5
truly_invisible,11,11,0
so_insightful,11,9,2
aesthetically_attractive,11,11,0
especially_harsh,11,10,1
only_dubious,11,11,0
especially_prominent,11,11,0
so_bereft,11,11,0
so_disciplined,11,11,0
just_petty,11,11,0
too_logical,11,11,0
as_modular,11,11,0
merely_private,11,11,0
more_playful,11,9,2
wholly_surprised,11,11,0
most_believable,11,11,0
more_permissive,11,11,0
more_marvelous,11,7,4
more_fertile,11,11,0
more_altruistic,11,10,1
developmentally_able,11,11,0
too_overworked,11,11,0
too_obtuse,11,11,0
overly_cloying,11,11,0
too_congested,11,11,0
abnormally_large,11,11,0
more_dazzling,11,11,0
even_attainable,11,11,0
just_elegant,11,11,0
so_clingy,11,11,0
as_bonkers,11,11,0
overly_glossy,11,11,0
only_dismissive,11,11,0
over_impressed,11,11,0
diametrically_opposite,11,11,0
very_vast,11,11,0
especially_qualified,11,10,1
particularly_ethical,11,10,1
particularly_plentiful,11,11,0
just_unemployed,11,11,0
really_definitive,11,10,1
more_prejudicial,11,8,3
extremely_tasty,11,11,0
most_academic,11,11,0
so_good-looking,11,11,0
most_essential,11,11,0
too_diplomatic,11,11,0
properly_grateful,11,10,1
already_legal,11,11,0
less_apparent,11,8,3
that_bulky,11,11,0
less_applicable,11,10,1
just_general,11,11,0
as_endless,11,11,0
as_limitless,11,11,0
too_christian,11,10,1
over_keen,11,11,0
so_applicable,11,10,1
only_democratic,11,11,0
altogether_reliable,11,11,0
more_secular,11,11,0
as_jealous,11,11,0
especially_sociable,11,11,0
just_lame,11,11,0
just_horrifying,11,11,0
most_flamboyant,11,11,0
as_lifeless,11,11,0
even_perfect,11,11,0
just_separate,11,11,0
just_unbelievable,11,11,0
merely_uncomfortable,11,11,0
most_fluent,11,11,0
just_wealthy,11,11,0
overly_effusive,11,11,0
publicly_searchable,11,11,0
so_itchy,11,11,0
less_authentic,11,11,0
always_anxious,11,11,0
even_intelligent,11,10,1
laughably_bad,11,11,0
downright_insulting,11,11,0
always_appetizing,11,11,0
overly_masculine,11,10,1
altogether_inappropriate,11,11,0
more_imminent,11,11,0
about_easy,11,9,2
as_intolerable,11,11,0
more_justified,11,11,0
only_endemic,11,11,0
all_attractive,11,11,0
federally_illegal,11,11,0
overly_humid,11,11,0
equally_great,11,11,0
too_chubby,11,11,0
really_delicious,11,11,0
too_innocent,11,10,1
so_dishonest,11,9,2
more_silent,11,8,3
as_naked,11,11,0
truly_beautiful,11,11,0
less_affordable,11,11,0
as_disjointed,11,11,0
over_optimistic,11,11,0
more_crippling,11,8,3
dramatically_worse,11,11,0
even_flat,11,11,0
so_confidential,11,11,0
just_representative,11,11,0
already_scared,11,11,0
terribly_transparent,11,11,0
particularly_illuminating,11,10,1
particularly_vicious,11,10,1
enough_young,11,11,0
as_irritable,11,11,0
more_sinful,11,9,2
equally_harmful,11,11,0
so_changeable,11,10,1
as_fishy,11,11,0
only_cooler,11,11,0
wholly_unusual,11,11,0
really_immune,11,11,0
actually_playable,11,11,0
even_knowledgeable,11,11,0
too_malty,11,11,0
less_advantageous,11,11,0
merely_similar,11,11,0
morally_outraged,11,11,0
only_elusive,11,11,0
just_novel,11,11,0
too_condescending,11,11,0
truly_awake,11,11,0
publicly_gay,11,11,0
so_divine,11,8,3
overwhelmingly_likely,11,11,0
all_proud,11,11,0
so_enduring,11,10,1
currently_relevant,11,11,0
as_higher,11,11,0
currently_recyclable,11,11,0
more_sexual,11,10,1
less_anxious,11,11,0
merely_unfair,11,11,0
perfectly_beautiful,11,11,0
so_arcane,11,8,3
altogether_reassuring,11,11,0
too_chummy,11,11,0
more_illegal,11,7,4
especially_related,11,11,0
even_ok,11,11,0
so_divergent,11,11,0
totally_unacceptable,11,10,1
even_fluent,11,11,0
so_immature,11,11,0
most_elaborate,11,10,1
morally_indefensible,11,11,0
especially_special,11,6,5
less_partisan,11,10,1
all_dour,11,11,0
more_touching,11,6,5
too_effusive,11,11,0
continuously_available,11,11,0
just_unfunny,11,11,0
just_iconic,11,11,0
terribly_talented,11,11,0
equally_obvious,11,11,0
altogether_rare,11,11,0
as_inappropriate,11,11,0
exactly_dangerous,11,11,0
actually_consistent,11,11,0
that_exact,11,11,0
only_partisan,11,11,0
quite_deserving,11,11,0
only_honorable,11,11,0
best_able,11,11,0
incredibly_unique,11,10,1
excessively_oily,11,11,0
incredibly_wealthy,11,11,0
that_scarce,11,11,0
entirely_hopeful,11,11,0
entirely_honorable,11,11,0
completely_disgusting,11,11,0
so_spare,11,11,0
geographically_specific,11,11,0
remotely_likable,11,8,3
completely_depressing,11,11,0
quite_orange,11,11,0
quite_desperate,11,11,0
that_sexy,11,11,0
completely_definitive,11,10,1
less_tough,11,10,1
purely_random,11,11,0
remotely_progressive,11,4,7
entirely_qualified,11,11,0
less_toxic,11,11,0
fully_involved,11,11,0
totally_delighted,11,11,0
really_scalable,11,11,0
particularly_assertive,11,11,0
only_spooky,11,11,0
really_substantive,11,7,4
so_misleading,11,10,1
as_unimportant,11,11,0
structurally_stable,11,11,0
easily_verifiable,11,11,0
n't_brilliant,11,11,0
completely_exempt,11,11,0
genuinely_excited,11,11,0
quite_overwhelming,11,11,0
that_relaxed,11,11,0
n't_compelling,11,11,0
physically_right,11,11,0
excessively_violent,11,11,0
structurally_safe,11,11,0
always_unhealthy,11,11,0
always_greater,11,11,0
remotely_convincing,11,10,1
simply_linear,11,11,0
exactly_accustomed,11,11,0
inherently_gendered,11,5,6
uniquely_qualified,11,11,0
n't_enjoyable,11,11,0
genuinely_new,11,7,4
appreciably_higher,11,11,0
really_sudden,11,11,0
particularly_deadly,11,11,0
fully_legible,11,11,0
utterly_predictable,11,9,2
completely_embarrassing,11,10,1
overtly_dramatic,11,9,2
very_fitting,11,11,0
remotely_helpful,11,10,1
now_aware,11,11,0
exactly_busy,11,11,0
exactly_capable,11,11,0
so_vehement,11,10,1
too_sweaty,11,11,0
absolutely_secure,11,11,0
overtly_threatening,11,10,1
incredibly_satisfying,11,11,0
that_extravagant,11,11,0
incredibly_bright,11,11,0
only_slimmer,11,11,0
exactly_fancy,11,11,0
naturally_resistant,11,11,0
exactly_expansive,11,11,0
so_prohibitive,11,11,0
well_developed,11,11,0
incredibly_rich,11,11,0
that_expressive,11,11,0
half_wrong,11,11,0
biologically_available,11,11,0
incredibly_entertaining,11,11,0
excessively_concerned,11,11,0
simply_annoying,11,11,0
very_collaborative,11,11,0
only_ill-equipped,11,11,0
less_unusual,11,11,0
terribly_intelligent,11,11,0
nearly_comprehensive,11,11,0
nearly_conservative,11,11,0
as_sappy,11,11,0
not_pregnant,11,11,0
nearly_cool,11,11,0
mentally_mature,11,11,0
exactly_frightening,11,11,0
so_muscular,11,11,0
so_musical,11,11,0
mentally_insane,11,11,0
plain_old,11,10,1
all_harsh,11,11,0
particularly_cost-effective,11,11,0
not_shy,11,11,0
not_significant,11,10,1
particularly_attentive,11,11,0
mentally_weak,11,11,0
n't_welcome,11,11,0
entirely_promising,11,11,0
excessively_hard,11,11,0
exactly_definitive,11,11,0
not_valuable,11,11,0
incredibly_practical,11,11,0
fully_integrated,11,11,0
completely_clear-cut,11,11,0
exactly_different,11,10,1
totally_lame,11,11,0
merely_abstract,11,11,0
simply_convenient,11,11,0
incredibly_likely,11,11,0
primarily_military,11,11,0
actually_cheaper,11,11,0
incredibly_familiar,11,11,0
very_french,11,10,1
remotely_shocking,11,9,2
as_revered,11,11,0
surprisingly_good,11,11,0
exactly_eco-friendly,11,11,0
really_understandable,11,11,0
about_relaxing,11,11,0
biblically_correct,11,11,0
exactly_elite,11,11,0
incredibly_grateful,11,11,0
simply_available,11,11,0
incredibly_frustrating,11,11,0
incredibly_friendly,11,11,0
only_identical,11,11,0
mutually_incompatible,11,11,0
merely_ceremonial,11,11,0
inherently_masculine,11,4,7
often_better,11,11,0
still_unable,11,11,0
instantly_fatal,11,11,0
only_anti-israel,11,11,0
uniformly_strong,11,10,1
much_noticeable,11,11,0
yet_payable,11,11,0
much_narrower,11,11,0
so_unattractive,11,8,3
only_anti-democratic,11,11,0
explicitly_concerned,11,11,0
so_seductive,11,9,2
often_effective,11,11,0
ever_lonely,11,10,1
completely_qualified,11,10,1
completely_parallel,11,11,0
officially_ready,11,11,0
simply_stunning,11,11,0
merely_dependent,11,11,0
officially_poor,11,11,0
only_gratifying,11,11,0
absolutely_insane,11,11,0
officially_legal,11,11,0
officially_complete,11,11,0
still_visible,11,11,0
totally_obsessed,11,11,0
as_prescient,11,10,1
insanely_talented,11,11,0
particularly_dirty,11,10,1
always_exemplary,11,11,0
totally_coherent,11,11,0
completely_okay,11,11,0
always_useless,11,11,0
quite_busy,11,11,0
still_hot,11,10,1
still_awake,11,11,0
extremely_relevant,11,11,0
much_false,11,11,0
completely_specific,11,11,0
statistically_distinguishable,11,11,0
entirely_subject,11,11,0
only_fruitless,11,11,0
statistically_possible,11,11,0
only_un-american,11,11,0
ever_empty,11,11,0
so_staid,11,11,0
very_legitimate,11,11,0
automatically_responsible,11,11,0
merely_easy,11,11,0
intentionally_racist,11,11,0
very_actionable,11,11,0
alone_enough,11,11,0
only_futuristic,11,11,0
much_ideological,11,11,0
overly_righteous,11,11,0
really_susceptible,11,11,0
only_malicious,11,11,0
only_mainstream,11,11,0
terribly_articulate,11,11,0
still_cool,11,11,0
always_vegan,11,11,0
still_dangerous,11,11,0
particularly_affectionate,11,11,0
all_more,11,11,0
intellectually_rigorous,11,11,0
so_unsettled,11,11,0
awfully_hard,11,11,0
uniformly_true,11,11,0
completely_hostile,11,11,0
completely_indicative,11,11,0
much_welcome,11,11,0
only_hardworking,11,11,0
much_weirder,11,11,0
much_weird,11,11,0
inherently_safe,11,9,2
overtly_feminine,11,9,2
only_cliche,11,11,0
as_presumptuous,11,11,0
quite_competitive,11,11,0
entirely_fun,11,11,0
all_silly,11,11,0
inherently_stable,11,10,1
strictly_logical,11,11,0
primarily_religious,11,11,0
only_systemic,11,11,0
all_fortunate,11,11,0
only_clearer,11,11,0
vaguely_aware,11,10,1
remotely_analogous,11,9,2
actually_dirty,11,11,0
completely_impartial,11,11,0
remotely_ashamed,11,11,0
terribly_explicit,11,7,4
completely_illogical,11,11,0
genetically_different,11,11,0
that_pure,11,11,0
utterly_useless,11,9,2
quite_conventional,11,11,0
so_masculine,11,8,3
inherently_oppressive,11,11,0
wholly_impossible,11,11,0
inherently_unreasonable,11,7,4
vaguely_interested,11,11,0
entirely_secret,11,11,0
strictly_dependent,11,11,0
generally_feasible,11,11,0
so_repugnant,11,11,0
completely_nonexistent,11,11,0
vastly_better,11,11,0
technologically_capable,11,11,0
ever_quiet,11,11,0
less_skilled,11,11,0
obviously_stupid,11,11,0
actually_equal,11,11,0
strictly_better,11,11,0
actually_english,11,11,0
too_secretive,11,9,2
that_pleasing,11,10,1
that_pleasurable,11,11,0
particularly_alluring,11,10,1
inherently_vicious,11,9,2
only_tempting,11,11,0
exclusively_republican,11,11,0
vaguely_related,11,8,3
always_faster,11,11,0
entirely_sensible,11,11,0
entirely_self-sufficient,11,11,0
little_more,11,6,5
terribly_overweight,11,11,0
actually_easier,11,10,1
very_exclusive,11,10,1
only_clueless,11,11,0
much_technological,11,11,0
economically_free,11,11,0
really_adaptable,11,10,1
remotely_unique,11,11,0
always_legible,11,11,0
exactly_gracious,11,11,0
really_awkward,11,11,0
hugely_complex,11,10,1
hugely_concerned,11,11,0
usually_privy,11,11,0
always_pristine,11,11,0
necessarily_male,11,11,0
so_poisonous,11,10,1
necessarily_loud,11,11,0
quite_independent,11,11,0
all_violent,11,11,0
only_infectious,11,11,0
necessarily_liable,11,11,0
really_bald,11,11,0
hugely_excited,11,11,0
very_populous,11,11,0
really_static,11,11,0
necessarily_measurable,11,11,0
necessarily_memorable,11,10,1
too_speedy,11,11,0
always_professional,11,11,0
necessarily_musical,11,11,0
never_satisfied,11,11,0
too_sporty,11,10,1
certainly_true,11,11,0
highly_religious,11,11,0
super_accessible,11,11,0
highly_resistant,11,11,0
as_stereotypical,11,11,0
potentially_deadly,11,11,0
quite_indicative,11,11,0
necessarily_okay,11,11,0
extremely_entertaining,11,11,0
entirely_interchangeable,11,11,0
terribly_fussy,11,11,0
no_other,11,11,0
hugely_overweight,11,11,0
only_revolting,11,11,0
as_solemn,11,11,0
normally_painful,11,11,0
that_vague,11,11,0
magically_immune,11,11,0
yet_dire,11,11,0
normally_harmful,11,11,0
necessarily_hazardous,11,11,0
only_reusable,11,11,0
sufficiently_skeptical,11,11,0
necessarily_homosexual,11,11,0
very_compliant,11,11,0
that_vocal,11,11,0
previously_detailed,11,11,0
exactly_present,11,11,0
quite_insane,11,11,0
exactly_pretty,11,11,0
that_formal,11,11,0
medically_able,11,11,0
super_positive,11,11,0
previously_clear,11,11,0
as_total,11,11,0
unusually_long,11,11,0
previously_attainable,11,11,0
so_whimsical,11,10,1
normally_active,11,11,0
exactly_prominent,11,11,0
fully_forthright,11,11,0
exactly_psyched,11,11,0
sufficiently_thorough,11,11,0
only_regressive,11,11,0
never_enough,11,11,0
rightly_sure,11,11,0
particularly_charitable,11,11,0
too_stinky,11,11,0
very_intelligible,11,10,1
necessarily_self-evident,11,11,0
all_worthy,11,11,0
literally_accurate,11,11,0
exactly_unfounded,11,11,0
only_invasive,11,11,0
overtly_apparent,11,10,1
as_superstitious,11,11,0
necessarily_undesirable,11,10,1
yet_scalable,11,11,0
very_pious,11,11,0
eminently_qualified,11,11,0
academically_strong,11,11,0
necessarily_separate,11,11,0
necessarily_severe,11,11,0
super_emotional,11,11,0
usually_inclined,11,11,0
usually_impressed,11,11,0
too_stodgy,11,10,1
necessarily_tough,11,11,0
totally_exclusive,11,11,0
quite_halfway,11,11,0
totally_essential,11,11,0
necessarily_stable,11,11,0
terribly_graphic,11,9,2
only_profound,11,11,0
overly_wrong,11,3,8
as_tactical,11,11,0
necessarily_supernatural,11,9,2
yet_foreseeable,11,11,0
necessarily_rosy,11,11,0
as_sultry,11,10,1
necessarily_remarkable,11,9,2
necessarily_privy,11,11,0
as_therapeutic,11,8,3
scientifically_verifiable,11,11,0
necessarily_passive,11,11,0
always_quantifiable,11,11,0
that_frustrating,11,11,0
exactly_single,11,11,0
overtly_rude,11,11,0
necessarily_powerful,11,11,0
only_bogus,11,11,0
so_overcrowded,11,11,0
usually_conscious,11,11,0
only_prestigious,11,11,0
exactly_solid,11,11,0
exactly_sophisticated,11,11,0
that_graceful,11,11,0
so_pertinent,11,11,0
necessarily_welcoming,11,11,0
necessarily_professional,11,11,0
super_conservative,11,11,0
necessarily_voluntary,11,11,0
super_natural,11,8,3
all_wealthy,11,11,0
particularly_captivating,11,11,0
always_relatable,11,11,0
too_stellar,11,9,2
self_indulgent,11,11,0
necessarily_reassuring,11,11,0
particularly_caring,11,11,0
as_succesful,11,11,0
super_crucial,11,10,1
well_knowledgeable,11,11,0
very_hostile,11,11,0
not_old,11,11,0
any_sharper,11,11,0
usually_welcome,11,11,0
highly_aggressive,11,11,0
exactly_inspirational,11,11,0
as_unambiguous,11,11,0
less_vivid,11,10,1
only_shallow,11,11,0
that_tolerant,11,11,0
totally_idle,11,11,0
immediately_worried,11,11,0
always_lucrative,11,11,0
necessarily_antagonistic,11,11,0
plainly_wrong,11,11,0
utterly_alone,11,11,0
so_sly,11,11,0
really_annoyed,11,11,0
as_exploitative,11,11,0
only_imperfect,11,11,0
not_entertaining,11,11,0
only_playable,11,11,0
super_skilled,11,11,0
immediately_prepared,11,11,0
that_fearful,11,11,0
ridiculously_hard,11,11,0
closely_enough,11,11,0
super_shocking,11,9,2
always_memorable,11,11,0
sufficiently_intelligent,11,11,0
ridiculously_low,11,11,0
highly_confident,11,11,0
only_secular,11,11,0
less_wasteful,11,11,0
necessarily_adjacent,11,11,0
not_hungry,11,11,0
necessarily_achievable,11,11,0
too_slutty,11,10,1
always_tight,11,11,0
remotely_unusual,11,7,4
so_mystical,11,10,1
entirely_important,11,11,0
so_snappy,11,11,0
so_mythical,11,11,0
wholly_happy,11,11,0
universally_welcome,11,11,0
any_riskier,11,11,0
all_hesitant,11,11,0
not_more,11,9,2
too_trustworthy,11,11,0
quite_endless,11,11,0
quite_engaging,11,11,0
exactly_harmless,11,11,0
hideously_ugly,11,11,0
always_local,11,11,0
sufficiently_democratic,11,11,0
exactly_heartwarming,11,11,0
totally_dismissive,11,11,0
plain_weird,11,11,0
super_supportive,11,11,0
quite_essential,11,11,0
actually_anonymous,11,11,0
exactly_horrible,11,11,0
sufficiently_efficient,11,11,0
nearly_wide,11,11,0
super_sticky,11,10,1
always_lovely,11,11,0
not_impossible,11,11,0
politically_appealing,11,11,0
immediately_measurable,11,11,0
actively_evil,11,11,0
not_accurate,11,11,0
as_slutty,11,11,0
always_obtainable,11,11,0
highly_impressed,11,11,0
highly_important,11,10,1
clearly_legible,11,11,0
exactly_noteworthy,11,11,0
that_unpleasant,11,11,0
quite_fancy,11,10,1
necessarily_entertaining,11,11,0
always_obedient,11,11,0
exceptionally_bad,11,11,0
exceptionally_brilliant,11,11,0
clearly_obvious,11,11,0
highly_flammable,11,11,0
ideologically_conservative,11,11,0
necessarily_faithful,11,11,0
necessarily_fancy,11,11,0
sufficiently_proactive,11,11,0
necessarily_fashionable,11,11,0
sufficiently_productive,11,11,0
highly_informative,11,11,0
politically_divisive,11,11,0
only_righteous,11,11,0
as_smug,11,11,0
normally_suitable,11,11,0
fully_good,11,11,0
extremely_competent,11,11,0
rightfully_ours,11,11,0
highly_mobile,11,11,0
yet_impressed,11,11,0
severely_depressed,11,11,0
so_skillful,11,11,0
usually_straightforward,11,11,0
extremely_comfy,11,11,0
extremely_harmful,11,11,0
less_weird,11,11,0
totally_identical,11,11,0
any_softer,11,11,0
exactly_lonely,11,11,0
necessarily_contiguous,11,11,0
necessarily_continuous,11,11,0
only_scenic,11,11,0
always_swift,11,11,0
unpleasantly_surprised,11,11,0
necessarily_costly,11,11,0
only_bigoted,11,11,0
sufficiently_liberal,11,11,0
necessarily_credible,11,11,0
that_fickle,11,11,0
only_bilingual,11,11,0
entirely_obsolete,11,11,0
exactly_magical,11,11,0
only_likable,11,11,0
so_notorious,11,10,1
that_fine,11,11,0
clearly_understandable,11,11,0
terribly_frightening,11,10,1
usually_sustainable,11,11,0
quite_fat,11,11,0
entirely_ok,11,11,0
medically_safe,11,11,0
only_liberal,11,11,0
so_watchful,11,11,0
not_attractive,11,11,0
clearly_recognizable,11,11,0
really_catchy,11,9,2
all_innocent,11,11,0
just_bland,11,11,0
absolutely_delighted,11,11,0
only_online,11,11,0
very_bothersome,11,10,1
slightly_concerned,11,11,0
really_whole,11,11,0
too_roomy,11,11,0
solely_good,11,11,0
only_unconvincing,11,11,0
most_stimulating,11,11,0
unduly_onerous,11,11,0
only_agreeable,11,11,0
absolutely_crazy,11,11,0
completely_welcome,11,11,0
just_aggressive,11,11,0
even_uncomfortable,11,11,0
less_revolutionary,11,9,2
just_alarming,11,11,0
very_boring,11,11,0
less_relentless,11,11,0
too_beneficial,11,11,0
very_distinguished,11,10,1
most_pigmented,11,11,0
actually_late,11,11,0
quite_standard,11,10,1
terribly_cool,11,11,0
ever_cheap,11,11,0
ever_appropriate,11,11,0
as_venomous,11,8,3
always_consensual,11,11,0
absolutely_good,11,11,0
very_canadian,11,11,0
all_supportive,11,11,0
very_sleepy,11,11,0
only_adjacent,11,11,0
absolutely_fabulous,11,10,1
fiscally_viable,11,11,0
completely_unsuccessful,11,11,0
really_rewarding,11,11,0
always_curable,11,11,0
much_depressed,11,11,0
only_nuclear,11,11,0
quite_awesome,11,11,0
slightly_larger,11,11,0
most_offensive,11,11,0
always_clever,11,11,0
just_breathtaking,11,11,0
all_enjoyable,11,11,0
all_set,11,11,0
uniformly_excellent,11,11,0
quite_audible,11,11,0
entirely_cool,11,11,0
most_outrageous,11,11,0
overly_receptive,11,11,0
only_neutral,11,11,0
always_destructive,11,11,0
very_awesome,11,11,0
actually_invisible,11,11,0
fully_respected,11,11,0
too_awesome,11,10,1
very_mechanical,11,11,0
spiritually_minded,11,11,0
consistently_better,11,11,0
even_top,11,11,0
only_noisy,11,11,0
entirely_unacceptable,11,11,0
most_tactful,11,11,0
fully_unconscious,11,11,0
very_lofty,11,11,0
completely_wild,11,11,0
unduly_surprised,11,11,0
just_compliant,11,11,0
really_useable,11,11,0
intuitively_clear,11,11,0
fully_sovereign,11,11,0
personally_ready,11,11,0
quite_adept,11,11,0
just_cleaner,11,11,0
fully_underway,11,11,0
realistically_achievable,11,11,0
once_more,11,8,3
easily_relatable,11,11,0
even_viable,11,11,0
always_definite,11,11,0
very_major,11,9,2
too_rustic,11,10,1
already_asleep,11,11,0
most_mobile,11,11,0
merely_entertaining,11,10,1
only_objective,11,11,0
even_straight,11,11,0
terribly_competent,11,11,0
even_strange,11,9,2
much_advanced,11,11,0
mostly_true,11,11,0
most_likable,11,11,0
terribly_responsive,11,11,0
most_liberal,11,11,0
all_strong,11,11,0
inversely_proportional,11,11,0
terribly_engaging,11,11,0
only_formidable,11,11,0
personally_sure,11,11,0
very_skilful,11,11,0
completely_understandable,11,11,0
quite_articulate,11,11,0
enormously_popular,11,11,0
real_efficient,11,11,0
even_tangible,11,11,0
completely_useful,11,11,0
easily_evident,11,11,0
extremely_smart,11,11,0
ever_chaste,11,11,0
too_apologetic,11,10,1
only_compulsory,11,11,0
much_controversial,11,11,0
intrinsically_safe,11,11,0
quite_athletic,11,11,0
just_adept,11,11,0
consistently_competitive,11,11,0
really_unheard,11,11,0
that_inventive,11,11,0
most_privileged,11,11,0
always_democratic,11,11,0
really_vegan,11,11,0
so_routine,11,11,0
terribly_radical,11,10,1
even_yellow,11,11,0
only_favorable,11,11,0
easily_mistaken,11,11,0
just_cliche,11,11,0
even_young,11,11,0
ethically_questionable,10,10,0
yet_responsible,10,10,0
really_stunning,10,6,4
very_ordinary,10,10,0
more_cumbersome,10,7,3
unnecessarily_burdensome,10,10,0
as_self-confident,10,10,0
exactly_instant,10,10,0
too_prolific,10,10,0
necessarily_benevolent,10,9,1
super_spiritual,10,9,1
only_unsettling,10,10,0
not_glad,10,8,2
more_nerve-racking,10,3,7
super_social,10,10,0
fully_undone,10,10,0
exactly_imminent,10,10,0
not_gay,10,10,0
merely_popular,10,10,0
that_fashionable,10,10,0
necessarily_bearish,10,10,0
exactly_incorrect,10,10,0
emotionally_safe,10,10,0
overly_extreme,10,9,1
exactly_independent,10,10,0
as_unattainable,10,10,0
more_nimble,10,9,1
always_considerate,10,10,0
so_inconceivable,10,10,0
entirely_pain-free,10,9,1
overly_suspicious,10,8,2
very_well-known,10,10,0
so_lasting,10,10,0
purely_symbolic,10,10,0
more_nauseating,10,4,6
as_insular,10,10,0
emotionally_rewarding,10,9,1
twice_shy,10,10,0
usually_worried,10,10,0
super_sophisticated,10,9,1
ethically_problematic,10,10,0
as_insulting,10,10,0
too_snarky,10,9,1
particularly_fat,10,10,0
most_sustainable,10,10,0
once_worried,10,9,1
utterly_adorable,10,10,0
always_tasty,10,10,0
egregiously_bad,10,10,0
even_likable,10,10,0
exactly_intelligent,10,10,0
just_picturesque,10,10,0
materially_misleading,10,10,0
otherwise_related,10,10,0
most_fundamental,10,10,0
most_sexy,10,10,0
exactly_mad,10,10,0
so_predominant,10,9,1
particularly_swift,10,10,0
necessarily_cruel,10,10,0
so_slender,10,10,0
readily_aware,10,10,0
very_outstanding,10,8,2
quite_tired,10,10,0
that_charismatic,10,10,0
extremely_surprising,10,9,1
blatantly_political,10,10,0
overly_fat,10,10,0
too_expressive,10,9,1
overly_theatrical,10,10,0
as_destitute,10,10,0
so_angelic,10,10,0
necessarily_deceptive,10,10,0
more_low-key,10,10,0
especially_intuitive,10,10,0
more_lofty,10,1,9
prohibitively_difficult,10,10,0
particularly_fit,10,10,0
only_nasty,10,10,0
yet_cynical,10,10,0
all_jewish,10,10,0
sexually_dangerous,10,10,0
overwhelmingly_better,10,10,0
even_pink,10,10,0
necessarily_dependant,10,10,0
always_complicated,10,10,0
that_contradictory,10,10,0
adequately_available,10,10,0
more_long,10,10,0
medically_significant,10,10,0
so_cosy,10,9,1
fully_transferable,10,10,0
immediately_gratifying,10,8,2
medically_sound,10,10,0
more_lopsided,10,10,0
exceptionally_deep,10,10,0
more_massive,10,8,2
less_excellent,10,10,0
real_physical,10,10,0
all_cut,10,10,0
only_abusive,10,10,0
very_biblical,10,10,0
less_imaginative,10,10,0
just_pathetic,10,10,0
truly_difficult,10,9,1
visibly_obvious,10,10,0
demographically_representative,10,10,0
only_self-sufficient,10,10,0
just_passable,10,10,0
so_subjective,10,10,0
really_exact,10,10,0
merely_potential,10,10,0
immediately_satisfying,10,10,0
necessarily_bullish,10,10,0
overly_tannic,10,10,0
quite_lucky,10,10,0
truly_white,10,10,0
too_cheeky,10,10,0
more_cute,10,5,5
exactly_interchangeable,10,9,1
entirely_orthodox,10,10,0
even_suspicious,10,10,0
only_seasonal,10,10,0
yet_cost-effective,10,10,0
very_prompt,10,10,0
very_long-lived,10,10,0
sufficiently_islamic,10,10,0
downright_criminal,10,10,0
only_secondary,10,10,0
particularly_horrible,10,7,3
actually_large,10,10,0
necessarily_compelling,10,10,0
very_harmonious,10,10,0
most_stellar,10,10,0
yet_cool,10,10,0
damn_sure,10,10,0
so_voluminous,10,10,0
exactly_liberal,10,9,1
damn_stupid,10,10,0
really_crispy,10,10,0
quite_silent,10,10,0
just_civil,10,10,0
immediately_perceptible,10,10,0
truly_viable,10,8,2
yet_comprehensive,10,10,0
exactly_hip,10,10,0
even_painful,10,10,0
more_comprehensible,10,9,1
too_audacious,10,10,0
mentally_sound,10,10,0
utterly_devoid,10,10,0
very_concise,10,10,0
most_enduring,10,9,1
particularly_humorous,10,8,2
really_naughty,10,7,3
otherwise_aware,10,10,0
simply_accessible,10,10,0
naturally_outgoing,10,9,1
remotely_successful,10,10,0
very_varied,10,10,0
mentally_stimulating,10,9,1
only_foolhardy,10,10,0
particularly_virtuous,10,8,2
as_celebratory,10,10,0
apparently_interested,10,10,0
most_emotional,10,10,0
entirely_detrimental,10,10,0
always_cozy,10,10,0
half_good,10,10,0
only_mean-spirited,10,10,0
utterly_destitute,10,10,0
even_underway,10,10,0
not_representative,10,9,1
incredibly_busy,10,10,0
so_probable,10,10,0
incredibly_challenging,10,10,0
exactly_fierce,10,10,0
incredibly_complicated,10,8,2
emotionally_supportive,10,9,1
naturally_white,10,10,0
just_unsettling,10,10,0
too_sleek,10,10,0
hardly_worth,10,10,0
very_veiled,10,10,0
well_difficult,10,10,0
exactly_extensive,10,10,0
more_pragmatic,10,8,2
more_compatible,10,8,2
psychologically_complex,10,9,1
very_verbose,10,10,0
so_virulent,10,10,0
particularly_vigorous,10,10,0
so_mortified,10,10,0
really_talkative,10,10,0
always_intelligent,10,10,0
more_colourful,10,9,1
more_classy,10,8,2
entirely_automatic,10,10,0
more_clear-cut,10,10,0
completely_vegetarian,10,10,0
naturally_better,10,10,0
so_unconventional,10,9,1
altogether_fanciful,10,10,0
emotionally_vulnerable,10,9,1
overly_enamored,10,10,0
more_punitive,10,10,0
totally_strange,10,10,0
less_enthused,10,9,1
truly_blind,10,10,0
slightly_disturbing,10,10,0
as_glum,10,9,1
merely_able,10,10,0
less_boring,10,9,1
totally_lacking,10,9,1
as_restrained,10,10,0
so_gigantic,10,10,0
exactly_diplomatic,10,10,0
not_surprised,10,10,0
currently_live,10,10,0
as_equitable,10,10,0
more_proficient,10,10,0
really_due,10,9,1
as_ambivalent,10,10,0
ostensibly_wrong,10,0,10
overly_afraid,10,10,0
too_astringent,10,9,1
naturally_great,10,10,0
very_decent,10,10,0
entirely_exciting,10,10,0
only_smoother,10,10,0
real_productive,10,9,1
more_prosaic,10,10,0
enough_interested,10,10,0
merely_ideological,10,10,0
wildly_imaginative,10,10,0
incredibly_heavy,10,10,0
only_softer,10,10,0
as_undesirable,10,10,0
very_moral,10,9,1
effectively_able,10,10,0
so_solicitous,10,10,0
sufficiently_alert,10,10,0
always_top,10,10,0
conceptually_difficult,10,10,0
so_secular,10,7,3
very_puzzling,10,10,0
particularly_conspicuous,10,10,0
real_funny,10,10,0
more_organic,10,9,1
totally_benign,10,10,0
particularly_girly,10,10,0
very_joyful,10,10,0
exactly_helpless,10,10,0
most_typical,10,9,1
conspicuously_successful,10,10,0
just_catholic,10,10,0
sufficiently_deferential,10,10,0
here_concerned,10,10,0
so_far-reaching,10,10,0
sometimes_difficult,10,10,0
too_morbid,10,9,1
more_overt,10,8,2
exactly_handy,10,10,0
always_like,10,10,0
only_epic,10,10,0
particularly_nefarious,10,1,9
especially_hostile,10,10,0
as_unbiased,10,10,0
as_international,10,10,0
exactly_hungry,10,10,0
not_impressed,10,10,0
very_cumbersome,10,10,0
merely_foolish,10,10,0
over_ripe,10,10,0
not_indispensable,10,10,0
particularly_traditional,10,10,0
very_wearable,10,10,0
especially_hungry,10,10,0
more_odious,10,6,4
so_smelly,10,9,1
particularly_troubled,10,10,0
exactly_hospitable,10,10,0
absolutely_unique,10,9,1
nearly_successful,10,10,0
always_long,10,10,0
really_mindful,10,10,0
damn_cool,10,10,0
ethnically_chinese,10,10,0
not_jewish,10,10,0
impossibly_hard,10,10,0
that_lengthy,10,10,0
too_moral,10,10,0
always_thorough,10,10,0
more_conflicted,10,10,0
just_neat,10,10,0
sufficiently_broad,10,10,0
massively_surprising,10,10,0
as_nauseating,10,9,1
so_mushy,10,9,1
too_monotonous,10,10,0
more_pious,10,9,1
biologically_significant,10,10,0
nearly_dramatic,10,10,0
currently_sure,10,10,0
so_proactive,10,10,0
too_overweight,10,10,0
more_concrete,10,6,4
wholly_pleased,10,10,0
really_musical,10,10,0
purely_american,10,10,0
only_egregious,10,10,0
nearly_comparable,10,10,0
just_unsafe,10,10,0
probably_better,10,9,1
pretty_common,10,10,0
too_slight,10,10,0
super_tough,10,10,0
really_educational,10,10,0
fully_valid,10,10,0
nearly_loud,10,10,0
purely_sexual,10,10,0
about_big,10,10,0
universally_useful,10,10,0
already_popular,10,10,0
most_exotic,10,10,0
slightly_lower,10,10,0
actually_worse,10,10,0
as_sceptical,10,10,0
even_aggressive,10,10,0
that_superb,10,10,0
commonly_present,10,10,0
significantly_harmful,10,10,0
apparently_enough,10,10,0
increasingly_important,10,10,0
as_chilling,10,10,0
terribly_frequent,10,10,0
so_indicative,10,10,0
more_perverse,10,4,6
over_dramatic,10,9,1
less_horrible,10,8,2
as_tropical,10,10,0
then_possible,10,10,0
entirely_male,10,10,0
only_instant,10,10,0
financially_accessible,10,10,0
yet_excited,10,10,0
so_kinky,10,10,0
too_icky,10,8,2
only_alone,10,10,0
especially_passionate,10,9,1
only_dependant,10,10,0
enough_enough,10,10,0
quite_affordable,10,10,0
especially_patriotic,10,10,0
usually_capable,10,10,0
all_special,10,10,0
super_boring,10,10,0
too_tiresome,10,9,1
yet_set,10,10,0
really_sexist,10,10,0
so_adverse,10,10,0
highly_sophisticated,10,10,0
as_conversational,10,10,0
just_direct,10,10,0
so_unforgiving,10,10,0
more_harmonious,10,9,1
entirely_ineffective,10,10,0
even_racist,10,10,0
pretty_standard,10,8,2
particularly_fragile,10,10,0
only_juvenile,10,10,0
too_retro,10,9,1
secretly_gay,10,10,0
widely_acceptable,10,10,0
quite_spicy,10,10,0
as_addicting,10,10,0
fully_private,10,10,0
overwhelmingly_rich,10,10,0
more_handy,10,10,0
then_partial,10,10,0
always_reachable,10,10,0
only_blue,10,10,0
necessarily_pornographic,10,10,0
wholly_adequate,10,10,0
longer_red,10,10,0
entirely_ironic,10,10,0
less_culpable,10,10,0
entirely_mainstream,10,10,0
too_hyperbolic,10,10,0
so_dependant,10,10,0
totally_embarrassing,10,10,0
personally_comfortable,10,10,0
fully_female,10,10,0
yet_economical,10,10,0
necessarily_medical,10,9,1
really_flattering,10,10,0
entirely_awake,10,10,0
wholly_unknown,10,10,0
only_laudable,10,10,0
that_infrequent,10,10,0
so_derivative,10,10,0
both_dead,10,10,0
exactly_religious,10,10,0
only_relentless,10,10,0
only_infinite,10,10,0
adorably_cute,10,10,0
hugely_difficult,10,9,1
exactly_red,10,10,0
that_wet,10,10,0
always_blissful,10,10,0
particularly_scarce,10,10,0
just_synonymous,10,10,0
especially_odd,10,8,2
necessarily_light,10,9,1
so_immense,10,10,0
particularly_scholarly,10,10,0
too_spiritual,10,9,1
likely_necessary,10,10,0
most_inclusive,10,10,0
never_wrong,10,9,1
as_imaginary,10,10,0
too_square,10,8,2
particularly_formal,10,9,1
really_foreign,10,9,1
too_grave,10,9,1
more_endangered,10,9,1
downright_awful,10,10,0
especially_tight,10,10,0
too_stunned,10,10,0
only_ingenious,10,10,0
overwhelmingly_good,10,10,0
overly_flowery,10,8,2
potentially_devastating,10,9,1
really_unfair,10,9,1
so_illogical,10,10,0
unduly_alarmed,10,10,0
yet_elderly,10,10,0
readily_familiar,10,10,0
so_darn,10,10,0
emotionally_expressive,10,10,0
always_proficient,10,10,0
entirely_lucid,10,10,0
only_intimate,10,10,0
necessarily_weird,10,10,0
so_deft,10,10,0
only_mesmerizing,10,10,0
so_frightful,10,9,1
horrendously_expensive,10,10,0
entirely_uneventful,10,10,0
too_horrified,10,10,0
historically_relevant,10,8,2
as_damaged,10,10,0
as_humane,10,10,0
as_nutritional,10,10,0
that_inconsistent,10,10,0
only_emblematic,10,10,0
only_desperate,10,10,0
exactly_tame,10,10,0
especially_rewarding,10,9,1
always_caring,10,10,0
truly_loyal,10,10,0
brutally_cold,10,10,0
quite_sunny,10,10,0
just_deaf,10,10,0
too_noble,10,10,0
so_frenetic,10,9,1
just_slower,10,10,0
so_showy,10,9,1
so_perplexing,10,9,1
super_explosive,10,10,0
academically_challenging,10,10,0
exactly_ubiquitous,10,10,0
quite_substantial,10,10,0
always_central,10,10,0
anymore_happier,10,10,0
necessarily_symmetrical,10,10,0
more_fervent,10,8,2
necessarily_subtle,10,10,0
deeply_unpopular,10,9,1
more_fickle,10,10,0
necessarily_tall,10,10,0
consistently_entertaining,10,9,1
necessarily_tasty,10,10,0
necessarily_strategic,10,10,0
quickly_available,10,10,0
just_speculative,10,10,0
somehow_different,10,10,0
as_whole,10,9,1
entirely_knowledgeable,10,10,0
as_horrified,10,10,0
super_fine,10,10,0
quite_handy,10,10,0
equally_probable,10,10,0
as_expendable,10,10,0
as_subdued,10,10,0
catastrophically_bad,10,9,1
consistently_clear,10,10,0
more_golden,10,9,1
quite_aggressive,10,10,0
usually_deadly,10,10,0
militarily_decisive,10,10,0
exactly_spotless,10,10,0
even_readable,10,10,0
yet_extreme,10,10,0
so_pious,10,10,0
necessarily_prudent,10,10,0
especially_pleasing,10,10,0
necessarily_scalable,10,10,0
necessarily_vulnerable,10,10,0
exactly_spoilt,10,10,0
equally_qualified,10,10,0
so_pivotal,10,10,0
so_overworked,10,9,1
more_grim,10,10,0
only_intolerable,10,10,0
exactly_speedy,10,10,0
exactly_visible,10,10,0
most_normal,10,10,0
yet_scared,10,10,0
more_exhausted,10,10,0
necessarily_red,10,10,0
so_perverse,10,10,0
very_comparable,10,10,0
most_meaningful,10,10,0
always_reversible,10,10,0
totally_unhealthy,10,10,0
as_sumptuous,10,9,1
as_tasteless,10,9,1
terribly_elegant,10,10,0
really_hostile,10,9,1
only_brief,10,10,0
more_furious,10,10,0
really_global,10,10,0
just_stuck,10,10,0
really_glad,10,10,0
especially_scientific,10,5,5
so_hysterical,10,10,0
necessarily_reliant,10,10,0
seemingly_able,10,8,2
too_trashy,10,8,2
entirely_justifiable,10,10,0
outwardly_aggressive,10,9,1
particularly_frightened,10,10,0
extremely_soft,10,10,0
entirely_enough,10,10,0
particularly_secret,10,8,2
overly_touristy,10,9,1
very_meticulous,10,10,0
as_voluntary,10,10,0
particularly_spooky,10,9,1
darn_cute,10,10,0
only_rigid,10,10,0
really_trivial,10,10,0
most_respectful,10,10,0
darn_cold,10,10,0
so_historic,10,9,1
truly_faithful,10,9,1
as_conciliatory,10,10,0
too_flawed,10,10,0
necessarily_extreme,10,10,0
equally_sensitive,10,10,0
as_transformational,10,10,0
anymore_able,10,10,0
only_delectable,10,10,0
less_prominent,10,10,0
too_urban,10,9,1
fully_biodegradable,10,10,0
more_irresistible,10,4,6
really_linear,10,10,0
highly_interested,10,10,0
too_inaccurate,10,10,0
so_sketchy,10,8,2
necessarily_female,10,10,0
wholly_altruistic,10,10,0
only_rife,10,10,0
outrageously_funny,10,8,2
particularly_overweight,10,10,0
very_controllable,10,10,0
always_organic,10,10,0
as_demented,10,10,0
all_italian,10,10,0
necessarily_formal,10,10,0
always_optional,10,10,0
as_concrete,10,9,1
entirely_nonexistent,10,10,0
sufficiently_punitive,10,10,0
just_prudent,10,10,0
entirely_unintentional,10,10,0
sufficiently_prominent,10,10,0
right_next,10,9,1
too_foolish,10,9,1
as_demoralizing,10,8,2
enough_available,10,10,0
darn_expensive,10,10,0
extremely_surprised,10,8,2
that_improbable,10,10,0
just_thrilling,10,10,0
particularly_outraged,10,10,0
sexually_adventurous,10,10,0
particularly_bloody,10,10,0
exceptionally_cold,10,10,0
just_pragmatic,10,10,0
so_sarcastic,10,10,0
as_haphazard,10,10,0
just_powerless,10,10,0
really_extinct,10,10,0
only_unresolved,10,10,0
more_diplomatic,10,10,0
not_awkward,10,7,3
particularly_sticky,10,10,0
necessarily_dishonest,10,10,0
immediately_critical,10,10,0
as_trippy,10,10,0
only_defamatory,10,10,0
necessarily_disastrous,10,10,0
exactly_modern,10,10,0
yet_soft,10,10,0
as_handicapped,10,10,0
quite_sincere,10,10,0
very_japanese,10,10,0
truly_excellent,10,8,2
as_vitriolic,10,9,1
more_lame,10,9,1
only_livable,10,10,0
so_skilful,10,9,1
personally_important,10,10,0
just_privileged,10,10,0
yet_delinquent,10,10,0
more_jewish,10,9,1
most_sanitary,10,10,0
even_standard,10,10,0
only_rugged,10,10,0
always_sudden,10,10,0
politically_damaging,10,9,1
as_agitated,10,10,0
sufficiently_original,10,10,0
more_disciplined,10,10,0
truly_exciting,10,3,7
so_laden,10,10,0
as_derivative,10,9,1
too_festive,10,8,2
immediately_attractive,10,10,0
totally_heartless,10,10,0
sufficiently_old,10,10,0
unreasonably_difficult,10,10,0
so_aloof,10,10,0
entirely_non-existent,10,10,0
more_immersive,10,8,2
merely_right,10,10,0
as_contemporary,10,10,0
more_inane,10,6,4
just_recreational,10,10,0
most_portable,10,10,0
particularly_sexual,10,10,0
super_political,10,10,0
especially_wide,10,10,0
fairly_common,10,8,2
less_harsh,10,10,0
seriously_overweight,10,10,0
more_incompatible,10,10,0
normally_comfortable,10,10,0
less_professional,10,7,3
exceedingly_high,10,10,0
really_intimate,10,9,1
just_content,10,10,0
financially_buoyant,10,10,0
less_hazardous,10,10,0
exactly_profitable,10,10,0
only_unharmed,10,10,0
most_predictable,10,10,0
particularly_fluent,10,10,0
hugely_interesting,10,8,2
as_spoiled,10,10,0
truly_grateful,10,10,0
really_integral,10,10,0
quite_innocent,10,10,0
particularly_secretive,10,8,2
seriously_involved,10,9,1
politically_influential,10,10,0
only_lean,10,10,0
longer_free,10,10,0
as_offbeat,10,10,0
necessarily_kind,10,10,0
necessarily_key,10,10,0
consistently_positive,10,10,0
likely_interested,10,10,0
necessarily_invalid,10,10,0
non_existent,10,10,0
exactly_public,10,10,0
unduly_prejudicial,10,10,0
truly_public,10,10,0
necessarily_intelligent,10,10,0
particularly_sensible,10,9,1
less_correct,10,10,0
that_wealthy,10,10,0
just_redundant,10,10,0
more_earnest,10,9,1
just_readable,10,10,0
that_intensive,10,10,0
exactly_perpendicular,10,10,0
totally_avoidable,10,10,0
more_ingenious,10,5,5
as_confidential,10,10,0
so_occasional,10,10,0
as_aesthetic,10,10,0
all_embarrassed,10,10,0
super_pricey,10,8,2
totally_great,10,10,0
hugely_surprised,10,10,0
blissfully_unaware,10,8,2
really_fascinating,10,6,4
real_upset,10,10,0
really_set,10,10,0
as_exaggerated,10,10,0
extremely_fond,10,10,0
too_imposing,10,10,0
truly_secret,10,10,0
really_false,10,10,0
overly_loose,10,9,1
also_high,10,10,0
just_quaint,10,10,0
also_sure,10,10,0
only_budget-friendly,10,10,0
adequately_prepared,10,10,0
clearly_aware,10,10,0
always_passive,10,10,0
about_white,10,10,0
more_dysfunctional,10,9,1
exactly_prevalent,10,10,0
as_conflicted,10,10,0
usually_relevant,10,10,0
about_welcoming,10,10,0
necessarily_ideological,10,10,0
less_familiar,10,10,0
adequately_responsive,10,10,0
most_probable,10,10,0
most_honorable,10,10,0
as_aerodynamic,10,10,0
emotionally_honest,10,10,0
hugely_problematic,10,9,1
really_conceivable,10,10,0
that_vivid,10,10,0
only_contentious,10,10,0
very_skeptical,10,10,0
really_favorable,10,10,0
normally_familiar,10,10,0
politically_fashionable,10,10,0
much_absent,10,9,1
incredibly_awkward,10,9,1
absolutely_final,10,9,1
most_commercial,10,10,0
tremendously_successful,10,10,0
morally_evil,10,10,0
unintentionally_funny,10,10,0
even_fond,10,10,0
particularly_gripping,10,6,4
strictly_educational,10,10,0
altogether_rational,10,10,0
much_similar,10,9,1
strictly_economic,10,9,1
as_dystopian,10,9,1
completely_mindful,10,10,0
really_yellow,10,10,0
quite_clinical,10,10,0
really_raw,10,10,0
merely_wishful,10,10,0
completely_mistaken,10,10,0
ever_sad,10,10,0
initially_thrilled,10,10,0
as_awake,10,10,0
always_absolute,10,10,0
more_trivial,10,8,2
absolutely_committed,10,10,0
terribly_consequential,10,8,2
especially_costly,10,10,0
just_accountable,10,10,0
legally_accessible,10,10,0
obviously_fake,10,10,0
obviously_false,10,10,0
much_tall,10,10,0
simply_random,10,10,0
so_entrenched,10,10,0
obviously_gay,10,10,0
quite_commercial,10,10,0
entirely_beautiful,10,10,0
more_apologetic,10,10,0
totally_compatible,10,10,0
merely_cool,10,10,0
less_menacing,10,9,1
wildly_profitable,10,10,0
very_ancient,10,9,1
really_synonymous,10,10,0
so_insufferable,10,10,0
strictly_factual,10,10,0
perfectly_suitable,10,10,0
less_smart,10,10,0
only_cohesive,10,10,0
especially_conservative,10,9,1
more_solemn,10,7,3
strictly_christian,10,8,2
ultimately_good,10,10,0
directly_proportionate,10,10,0
straight_enough,10,10,0
less_momentous,10,9,1
relatively_expensive,10,10,0
too_colourful,10,9,1
much_pricier,10,10,0
completely_offensive,10,9,1
so_royal,10,10,0
automatically_indicative,10,10,0
directly_reachable,10,10,0
very_economic,10,10,0
as_prescriptive,10,10,0
only_explosive,10,10,0
very_latest,10,10,0
always_excellent,10,10,0
fully_necessary,10,10,0
much_practical,10,10,0
fundamentally_evil,10,7,3
more_affectionate,10,9,1
often_right,10,10,0
economically_damaging,10,10,0
insanely_hard,10,10,0
oddly_enough,10,6,4
often_synonymous,10,10,0
so_unwieldy,10,10,0
much_safe,10,10,0
overly_confusing,10,10,0
much_sadder,10,8,2
ever_responsible,10,10,0
less_offensive,10,10,0
all_random,10,10,0
completely_trivial,10,10,0
generally_high,10,10,0
generally_healthy,10,10,0
that_imaginative,10,10,0
as_earthy,10,10,0
as_more,10,9,1
so_swollen,10,10,0
generally_genuine,10,10,0
obviously_worse,10,10,0
much_racist,10,10,0
totally_sane,10,10,0
insanely_delicious,10,10,0
all_accustomed,10,10,0
terribly_strenuous,10,10,0
really_superior,10,10,0
automatically_free,10,10,0
more_approachable,10,9,1
completely_idiotic,10,10,0
only_suspicious,10,10,0
especially_diverse,10,10,0
just_extreme,10,10,0
probably_right,10,10,0
genetically_compatible,10,10,0
that_massive,10,10,0
much_worthy,10,9,1
technically_official,10,10,0
technically_old,10,10,0
inherently_positive,10,9,1
completely_unfettered,10,9,1
always_forthright,10,10,0
that_prone,10,10,0
ever_absent,10,10,0
most_correct,10,10,0
technically_poor,10,10,0
overly_obnoxious,10,10,0
inherently_related,10,10,0
terribly_constructive,10,10,0
actually_hostile,10,10,0
operationally_suitable,10,10,0
actually_suitable,10,10,0
strictly_political,10,10,0
so_chuffed,10,10,0
particularly_demonstrative,10,10,0
too_desirable,10,10,0
only_executive,10,10,0
too_ambiguous,10,8,2
only_exempt,10,10,0
remotely_compelling,10,6,4
readily_measurable,10,10,0
just_instrumental,10,10,0
mutually_dependent,10,10,0
mutually_contradictory,10,10,0
inherently_noble,10,3,7
truly_accessible,10,10,0
actually_depressed,10,10,0
as_dope,10,8,2
strictly_rational,10,9,1
equally_worthy,10,10,0
strictly_professional,10,10,0
more_awe,10,1,9
so_masterful,10,10,0
inherently_new,10,3,7
just_factual,10,9,1
really_pricey,10,10,0
typically_useful,10,10,0
obviously_different,10,8,2
inherently_suspicious,10,8,2
remarkably_good,10,9,1
absolutely_comfortable,10,10,0
really_cost-effective,10,10,0
wholly_aware,10,10,0
entirely_sweet,10,10,0
generally_responsible,10,10,0
inherently_unique,10,3,7
too_decadent,10,10,0
actually_private,10,10,0
vaguely_familiar,10,9,1
too_debilitating,10,7,3
longer_applicable,10,9,1
too_self-critical,10,10,0
merely_ignorant,10,9,1
completely_uncomfortable,10,10,0
spectacularly_different,10,8,2
entirely_secular,10,10,0
predominantly_muslim,10,10,0
so_cheeky,10,9,1
inherently_suspect,10,3,7
only_handmade,10,10,0
as_moving,10,9,1
even_equivalent,10,9,1
just_advisory,10,10,0
somewhat_ironic,10,10,0
so_ephemeral,10,10,0
inherently_safer,10,9,1
only_taboo,10,10,0
overwhelmingly_bitter,10,10,0
less_strenuous,10,10,0
only_crude,10,10,0
so_envious,10,10,0
racially_divisive,10,8,2
that_enlightened,10,10,0
that_professional,10,10,0
much_competitive,10,10,0
just_administrative,10,10,0
so_reflective,10,10,0
inherently_spiritual,10,6,4
too_lame,10,10,0
openly_visible,10,10,0
simply_passive,10,10,0
technically_ready,10,10,0
quite_usual,10,9,1
more_uninteresting,10,4,6
technologically_proficient,10,10,0
physically_beneficial,10,10,0
just_fluffy,10,10,0
just_generous,10,10,0
just_generic,10,10,0
most_able,10,10,0
perfectly_ripe,10,10,0
ever_forthcoming,10,10,0
so_boisterous,10,10,0
explicitly_jewish,10,8,2
quite_public,10,10,0
only_treatable,10,10,0
altogether_unique,10,10,0
totally_related,10,10,0
as_arousing,10,10,0
very_acute,10,9,1
very_empowering,10,10,0
altogether_unjustified,10,10,0
terribly_aware,10,9,1
principally_concerned,10,10,0
morally_significant,10,10,0
so_bloodthirsty,10,9,1
less_nervous,10,9,1
very_edible,10,10,0
totally_calm,10,10,0
only_vulgar,10,10,0
still_calm,10,10,0
spiritually_ready,10,9,1
really_rough,10,10,0
more_wet,10,10,0
so_dusty,10,10,0
more_white,10,8,2
so_unrelated,10,10,0
more_wide,10,10,0
less_alarming,10,10,0
quite_brilliant,10,10,0
intentionally_deceptive,10,10,0
solely_financial,10,10,0
terribly_eventful,10,8,2
intentionally_funny,10,9,1
extraordinarily_talented,10,10,0
altogether_unhappy,10,10,0
ever_concerned,10,10,0
properly_skilled,10,10,0
as_urban,10,10,0
ever_condescending,10,10,0
wholly_present,10,10,0
about_nice,10,10,0
too_magical,10,4,6
fundamentally_incompatible,10,7,3
only_unapologetic,10,10,0
quite_rare,10,10,0
totally_overwhelming,10,10,0
fully_online,10,10,0
downright_disturbing,10,10,0
uniformly_hostile,10,10,0
even_likeable,10,10,0
very_lethal,10,10,0
especially_angry,10,10,0
only_counterintuitive,10,10,0
only_viewable,10,10,0
that_nasty,10,10,0
so_elementary,10,10,0
very_affective,10,10,0
uniformly_great,10,10,0
so_bigoted,10,10,0
terribly_problematic,10,10,0
completely_sterile,10,10,0
most_awesome,10,9,1
particularly_advantageous,10,10,0
terribly_professional,10,10,0
very_adult,10,10,0
much_frightening,10,10,0
so_bloated,10,10,0
yet_white,10,10,0
intentionally_rude,10,10,0
very_adaptive,10,10,0
still_accessible,10,9,1
wholly_appropriate,10,10,0
really_desperate,10,10,0
internally_present,10,10,0
all_applicable,10,10,0
only_trivial,10,10,0
terribly_believable,10,10,0
yet_whole,10,10,0
less_direct,10,9,1
ever_consistent,10,10,0
most_agreeable,10,10,0
unambiguously_good,10,10,0
ever_exact,10,10,0
altogether_unrelated,10,10,0
all_false,10,10,0
so_stale,10,10,0
terribly_certain,10,10,0
as_perplexing,10,10,0
directly_vulnerable,10,10,0
so_reverent,10,10,0
tremendously_popular,10,10,0
often_helpful,10,10,0
terribly_photogenic,10,10,0
visually_dynamic,10,10,0
more_adequate,10,9,1
as_eco-friendly,10,10,0
explicitly_autobiographical,10,10,0
very_alive,10,10,0
as_predisposed,10,10,0
more_unsure,10,9,1
absolutely_horrible,10,10,0
totally_offensive,10,10,0
officially_underway,10,10,0
so_resolute,10,10,0
always_upbeat,10,10,0
only_anti-semitic,10,10,0
as_foggy,10,10,0
actually_round,10,10,0
instantly_likable,10,10,0
instantly_memorable,10,10,0
completely_tight,10,10,0
still_sick,10,10,0
particularly_inflammatory,10,10,0
merely_improbable,10,10,0
generally_appropriate,10,10,0
so_balanced,10,10,0
very_symmetrical,10,10,0
even_heavy,10,10,0
wholly_pure,10,10,0
too_crafty,10,7,3
as_matte,10,10,0
actually_excited,10,10,0
very_rugged,10,10,0
as_auspicious,10,10,0
officially_aware,10,10,0
so_endangered,10,10,0
more_unprepared,10,10,0
overly_cool,10,10,0
already_creepy,10,10,0
only_disinterested,10,10,0
just_heartless,10,10,0
regularly_enough,10,10,0
overtly_masculine,10,9,1
too_local,10,6,4
even_hopeful,10,10,0
much_personal,10,10,0
less_moving,10,10,0
first_obvious,10,10,0
often_apparent,10,10,0
instantly_successful,10,10,0
only_western,10,10,0
overly_sad,10,10,0
ever_less,10,9,1
only_colourful,10,10,0
much_lucky,10,9,1
reasonably_capable,10,10,0
so_unattainable,10,10,0
even_loyal,10,10,0
so_droll,10,7,3
still_illegal,10,10,0
only_glamorous,10,10,0
terribly_adventurous,10,9,1
so_empathetic,10,10,0
just_gray,10,10,0
especially_alarming,10,9,1
much_likely,10,10,0
so_lousy,10,10,0
completely_regular,10,10,0
totally_representative,10,10,0
more_wary,10,10,0
less_satisfied,10,10,0
totally_opaque,10,10,0
only_wider,10,10,0
spiritually_dead,10,10,0
much_necessary,10,10,0
as_pragmatic,10,10,0
still_ready,10,10,0
real_practical,10,10,0
overwhelmingly_loud,10,10,0
only_graceful,10,10,0
very_equal,10,10,0
ultimately_true,10,10,0
already_sympathetic,10,10,0
simply_theoretical,10,10,0
directly_targeted,10,10,0
only_wild,10,10,0
even_impressive,10,9,1
invariably_fatal,10,10,0
institutionally_racist,10,10,0
more_vast,10,10,0
downright_dishonest,10,10,0
much_mysterious,10,8,2
completely_professional,10,10,0
absolutely_indispensable,10,10,0
really_abnormal,10,9,1
even_dignified,10,10,0
ever_tired,10,10,0
too_abundant,10,10,0
really_distinctive,10,5,5
totally_sincere,10,10,0
much_amiss,10,10,0
more_remorseful,10,10,0
too_irritated,10,10,0
best_impressed,10,10,0
far_fewer,10,8,2
too_distinctive,10,9,1
as_blase,10,10,0
extremely_aggressive,10,10,0
so_cohesive,10,10,0
genuinely_human,10,3,7
now_legal,10,10,0
so_mischievous,10,10,0
only_complimentary,10,10,0
only_obedient,10,10,0
grammatically_perfect,10,10,0
technically_excellent,10,10,0
more_self-evident,10,10,0
only_high-quality,10,10,0
n't_entertaining,10,10,0
so_disillusioned,10,10,0
so_gleeful,10,10,0
very_shallow,10,9,1
even_criminal,10,9,1
technically_due,10,10,0
purely_psychological,10,10,0
yet_brown,10,10,0
infinitely_preferable,10,10,0
devoutly_religious,10,10,0
n't_fantastic,10,10,0
systematically_different,10,10,0
more_sentimental,10,8,2
so_sacrosanct,10,10,0
n't_delicious,10,10,0
particularly_melodic,10,10,0
as_lacking,10,10,0
particularly_astonishing,10,8,2
less_blunt,10,10,0
always_cruel,10,10,0
incredibly_significant,10,9,1
as_unnatural,10,9,1
very_ugly,10,10,0
just_asian,10,10,0
more_shallow,10,9,1
altogether_friendly,10,10,0
only_helpless,10,10,0
completely_final,10,9,1
completely_untouched,10,9,1
completely_female,10,10,0
graphically_impressive,10,10,0
too_shameful,10,9,1
yet_busy,10,10,0
exactly_auspicious,10,10,0
now_prepared,10,10,0
ordinarily_accessible,10,10,0
altogether_incorrect,10,10,0
quite_crispy,10,10,0
quite_unknown,10,10,0
only_standard,10,10,0
especially_enlightening,10,9,1
strikingly_new,10,5,5
n't_dead,10,10,0
extremely_sad,10,10,0
totally_similar,10,10,0
incredibly_soft,10,10,0
simply_ignorant,10,10,0
about_gay,10,10,0
really_distracting,10,10,0
longer_important,10,10,0
terribly_credible,10,10,0
merely_arbitrary,10,10,0
too_raucous,10,6,4
altogether_helpful,10,10,0
quite_original,10,10,0
really_risky,10,10,0
n't_hungry,10,9,1
only_nourishing,10,10,0
exactly_classy,10,10,0
altogether_honest,10,10,0
most_desperate,10,9,1
really_overpowering,10,10,0
as_garish,10,10,0
so_attainable,10,10,0
currently_appropriate,10,10,0
thinly_veiled,10,10,0
more_salacious,10,3,7
particularly_experimental,10,8,2
so_disparate,10,10,0
more_sacrosanct,10,8,2
even_windy,10,10,0
much_beneficial,10,10,0
even_whole,10,10,0
overly_bearish,10,9,1
individually_liable,10,10,0
totally_valid,10,10,0
only_forgivable,10,10,0
even_complicated,10,10,0
that_luxurious,10,10,0
actually_ugly,10,10,0
thermally_efficient,10,10,0
more_scarce,10,10,0
very_aromatic,10,10,0
too_unsettling,10,8,2
as_partial,10,10,0
much_annoyed,10,10,0
originally_aware,10,10,0
so_co-operative,10,10,0
so_valiant,10,9,1
simply_human,10,10,0
particularly_mature,10,10,0
always_homeless,10,10,0
now_extant,10,9,1
always_identifiable,10,10,0
as_unheard,10,10,0
so_coarse,10,9,1
entirely_explicit,10,10,0
much_apparent,10,10,0
really_partial,10,10,0
yet_measurable,10,10,0
merely_more,10,9,1
so_ingenious,10,9,1
just_waterproof,10,10,0
quite_ours,10,10,0
completely_unscathed,10,10,0
really_vintage,10,9,1
freely_transferable,10,10,0
very_astonishing,10,9,1
physically_tortured,10,10,0
quite_cute,10,10,0
just_loose,10,10,0
quite_dangerous,10,10,0
completely_devastating,10,10,0
even_contiguous,10,10,0
only_obscene,10,10,0
really_vocal,10,10,0
already_close,10,10,0
too_susceptible,10,10,0
absolutely_precise,10,10,0
more_childish,10,10,0
directly_contagious,10,10,0
less_emotional,10,9,1
just_intimidating,10,10,0
remotely_conservative,10,1,9
very_troubling,10,9,1
inherently_democratic,10,8,2
merely_military,10,10,0
gratuitously_violent,10,10,0
less_outrageous,10,9,1
always_unanimous,10,10,0
always_immoral,10,10,0
exactly_admirable,10,10,0
incredibly_proud,10,9,1
gratuitously_graphic,10,10,0
exactly_anonymous,10,10,0
as_radiant,10,10,0
only_eternal,10,10,0
so_global,10,10,0
less_dear,10,7,3
merely_accidental,10,10,0
overly_similar,10,10,0
just_automatic,10,10,0
only_heavier,10,10,0
entirely_theoretical,10,10,0
completely_coherent,10,10,0
so_hazy,10,10,0
just_athletic,10,10,0
inherently_discriminatory,10,8,2
terribly_expressive,10,10,0
more_banal,10,6,4
now_worth,10,10,0
very_republican,10,10,0
directly_critical,10,10,0
less_magnificent,10,9,1
greatly_impressed,10,10,0
only_heartwarming,10,10,0
that_slippery,10,10,0
this_much,10,4,6
not_white,10,10,0
less_supportive,10,10,0
somewhat_similar,10,9,1
even_digital,10,10,0
less_bold,10,9,1
more_smitten,10,10,0
truly_appropriate,9,8,1
so_unimaginable,9,9,0
real_explosive,9,9,0
historically_unusual,9,9,0
less_enticing,9,8,1
that_incompetent,9,9,0
less_admirable,9,8,1
that_selfless,9,9,0
already_satisfied,9,9,0
really_amenable,9,9,0
absolutely_black,9,9,0
often_capable,9,9,0
as_heavenly,9,8,1
especially_promising,9,9,0
not_typical,9,9,0
historically_unique,9,8,1
particularly_broad,9,9,0
extraordinarily_expensive,9,9,0
entirely_foolish,9,9,0
especially_precise,9,8,1
so_futile,9,9,0
really_forgiving,9,9,0
only_korean,9,9,0
often_evident,9,9,0
so_hoppy,9,9,0
remotely_safe,9,9,0
so_retarded,9,9,0
more_abrasive,9,5,4
legally_right,9,8,1
just_superior,9,9,0
particularly_bulky,9,9,0
too_theoretical,9,9,0
quite_dramatic,9,9,0
just_straight,9,9,0
terribly_brave,9,9,0
overtly_romantic,9,8,1
better_safe,9,9,0
precisely_identical,9,9,0
fully_recyclable,9,9,0
so_elderly,9,9,0
morally_abhorrent,9,9,0
highly_satisfied,9,9,0
especially_handsome,9,8,1
so_roomy,9,9,0
necessarily_tired,9,9,0
only_draconian,9,9,0
remotely_sympathetic,9,9,0
totally_disappointing,9,9,0
really_formal,9,7,2
explicitly_obvious,9,9,0
less_criminal,9,8,1
as_finite,9,9,0
heavily_detailed,9,9,0
absolutely_honest,9,9,0
that_addictive,9,9,0
no_bigger,9,6,3
very_macho,9,9,0
very_affluent,9,9,0
remotely_memorable,9,6,3
less_caring,9,8,1
less_diverse,9,9,0
so_punitive,9,9,0
only_operational,9,9,0
downright_annoying,9,8,1
pretty_early,9,9,0
as_whiny,9,9,0
particularly_inhuman,9,9,0
super_handy,9,9,0
not_powerful,9,9,0
not_uncommon,9,9,0
generally_better,9,9,0
overly_convinced,9,9,0
so_honored,9,9,0
really_handsome,9,9,0
as_emotive,9,9,0
so_facile,9,8,1
only_aggravating,9,9,0
overly_humble,9,9,0
wholly_sympathetic,9,9,0
so_shoddy,9,8,1
exactly_unanimous,9,9,0
less_courageous,9,9,0
really_conversant,9,9,0
totally_efficient,9,9,0
overly_healthy,9,9,0
less_crazy,9,9,0
already_ready,9,9,0
morally_accountable,9,9,0
automatically_open,9,9,0
quite_alike,9,9,0
explicitly_necessary,9,9,0
all_intuitive,9,9,0
very_obtrusive,9,9,0
all_awkward,9,9,0
too_ideal,9,9,0
less_believable,9,8,1
particularly_present,9,9,0
all_obsessed,9,9,0
outwardly_hostile,9,8,1
so_sustainable,9,9,0
often_open,9,9,0
downright_nasty,9,9,0
usually_popular,9,9,0
that_astonishing,9,9,0
overly_idealistic,9,9,0
less_dependent,9,9,0
less_disruptive,9,9,0
explicitly_available,9,9,0
overly_angry,9,9,0
fully_voluntary,9,9,0
geologically_active,9,9,0
just_unreasonable,9,9,0
greatly_surprising,9,9,0
only_audible,9,9,0
so_grievous,9,8,1
always_separate,9,9,0
scientifically_credible,9,9,0
as_degrading,9,9,0
fully_japanese,9,9,0
overly_intellectual,9,9,0
totally_dishonest,9,9,0
wholly_unsuccessful,9,9,0
super_open,9,9,0
remotely_pleasant,9,8,1
all_reticent,9,9,0
grossly_overweight,9,9,0
so_effectual,9,7,2
usually_nervous,9,9,0
only_patriotic,9,9,0
historically_great,9,8,1
already_scary,9,9,0
absolutely_immune,9,9,0
half_complete,9,9,0
very_lucid,9,9,0
hilariously_bad,9,9,0
just_stubborn,9,9,0
too_permissive,9,9,0
as_hokey,9,9,0
logically_valid,9,9,0
real_wide,9,9,0
as_wobbly,9,9,0
that_logical,9,9,0
terribly_dark,9,9,0
terribly_awful,9,8,1
that_startling,9,8,1
fully_protective,9,9,0
overwhelmingly_hot,9,9,0
more_catholic,9,9,0
very_audible,9,9,0
always_short,9,9,0
just_unwilling,9,9,0
symbolically_important,9,9,0
overly_daunting,9,9,0
especially_beneficial,9,8,1
morally_upright,9,9,0
morally_necessary,9,9,0
hilariously_funny,9,9,0
pretty_important,9,9,0
overly_gruesome,9,8,1
often_keen,9,9,0
all_insane,9,9,0
graphically_intensive,9,9,0
excessively_difficult,9,9,0
fully_interested,9,9,0
as_historical,9,9,0
remotely_special,9,3,6
really_girly,9,9,0
super_motivated,9,9,0
quite_german,9,9,0
as_wonky,9,9,0
that_skillful,9,9,0
as_understated,9,9,0
really_vegetarian,9,9,0
that_calm,9,9,0
more_exemplary,9,6,3
so_heartbroken,9,9,0
as_expedient,9,9,0
publicly_clear,9,9,0
habitually_resident,9,9,0
yet_vacant,9,9,0
super_large,9,9,0
very_commonplace,9,8,1
historically_good,9,9,0
not_special,9,9,0
really_sound,9,9,0
especially_aware,9,9,0
less_feminine,9,8,1
necessarily_unwise,9,9,0
only_alright,9,9,0
particularly_impactful,9,9,0
legitimately_due,9,9,0
especially_amazing,9,4,5
absolutely_smooth,9,9,0
so_verbose,9,9,0
overly_elusive,9,9,0
especially_patient,9,9,0
more_entrepreneurial,9,7,2
only_bored,9,9,0
also_late,9,9,0
absolutely_ideal,9,9,0
so_queer,9,7,2
fully_interactive,9,9,0
too_outstanding,9,2,7
often_happy,9,9,0
not_wise,9,9,0
especially_brave,9,9,0
only_magical,9,9,0
real_competitive,9,9,0
necessarily_trendy,9,9,0
terribly_flexible,9,9,0
particularly_natural,9,6,3
that_oily,9,9,0
also_large,9,9,0
especially_partisan,9,8,1
fully_recognizable,9,9,0
just_sturdy,9,9,0
less_dead,9,9,0
overly_attentive,9,9,0
scientifically_viable,9,9,0
particularly_mind-blowing,9,4,5
remotely_popular,9,8,1
so_puny,9,9,0
too_manly,9,9,0
reasonably_discernible,9,9,0
only_prepared,9,9,0
that_sloppy,9,9,0
quite_bitter,9,9,0
overly_adventurous,9,8,1
historically_low,9,9,0
especially_physical,9,9,0
particularly_central,9,9,0
gravely_concerned,9,9,0
as_episodic,9,9,0
always_virtuous,9,8,1
more_comical,9,6,3
visually_evident,9,9,0
so_eminent,9,8,1
really_criminal,9,8,1
as_unfriendly,9,9,0
super_nutritious,9,9,0
emotionally_distraught,9,9,0
especially_articulate,9,9,0
so_demoralizing,9,8,1
somewhat_better,9,9,0
terribly_damaging,9,8,1
as_wrenching,9,7,2
more_clinical,9,9,0
especially_photogenic,9,9,0
legally_sustainable,9,9,0
only_badass,9,9,0
only_proactive,9,9,0
terribly_flashy,9,6,3
necessarily_worthwhile,9,9,0
excessively_burdensome,9,9,0
more_celebrated,9,9,0
that_grand,9,9,0
not_sad,9,9,0
terribly_anxious,9,9,0
exactly_widespread,9,9,0
really_cooperative,9,9,0
visually_present,9,9,0
less_cumbersome,9,9,0
really_erotic,9,8,1
quite_delicious,9,9,0
overly_glamorous,9,8,1
over_enough,9,9,0
particularly_normal,9,8,1
remotely_democratic,9,5,4
so_distrustful,9,9,0
as_frazzled,9,9,0
only_photogenic,9,9,0
too_incredible,9,7,2
quite_comprehensible,9,9,0
always_young,9,9,0
all_upbeat,9,9,0
that_thorough,9,9,0
just_troublesome,9,9,0
over_promising,9,9,0
not_hilarious,9,9,0
less_comprehensive,9,9,0
badly_damaged,9,8,1
any_uglier,9,9,0
already_inherent,9,9,0
just_uninterested,9,9,0
over_enthusiastic,9,9,0
also_affordable,9,9,0
super_safe,9,9,0
truly_dominant,9,9,0
blatantly_sexual,9,9,0
only_articulate,9,9,0
particularly_beholden,9,9,0
really_exotic,9,6,3
less_eminent,9,9,0
especially_detailed,9,9,0
remotely_able,9,7,2
ergonomically_correct,9,9,0
as_downtrodden,9,9,0
absolutely_awesome,9,9,0
that_unfamiliar,9,9,0
more_depraved,9,4,5
functionally_wrong,9,0,9
not_cheap,9,9,0
not_certain,9,9,0
all_calm,9,9,0
really_spacious,9,9,0
fundamentally_american,9,8,1
particularly_honorable,9,8,1
entirely_inexplicable,9,9,0
terribly_disruptive,9,9,0
really_endangered,9,9,0
not_impressive,9,9,0
as_traumatizing,9,9,0
only_dysfunctional,9,9,0
entirely_exact,9,9,0
morally_dubious,9,9,0
obviously_enough,9,9,0
not_angry,9,9,0
exclusively_human,9,9,0
as_unbeatable,9,9,0
really_discernible,9,8,1
entirely_equivalent,9,9,0
exceptionally_big,9,9,0
totally_drunk,9,9,0
entirely_bizarre,9,9,0
exclusively_masculine,9,9,0
exceptionally_powerful,9,8,1
so_watery,9,9,0
that_pretentious,9,9,0
exclusively_interested,9,9,0
overly_colorful,9,9,0
just_unjust,9,9,0
so_precarious,9,9,0
pretty_happy,9,9,0
now_silly,9,9,0
obviously_clear,9,9,0
also_full,9,9,0
quite_european,9,9,0
not_human,9,9,0
potentially_offensive,9,8,1
as_desirous,9,9,0
always_unpleasant,9,8,1
quite_competent,9,9,0
over_critical,9,9,0
really_discreet,9,9,0
fully_loyal,9,9,0
very_overpowering,9,8,1
that_involved,9,9,0
remotely_afraid,9,9,0
so_devout,9,9,0
particularly_historic,9,6,3
quite_extraordinary,9,8,1
terribly_dirty,9,9,0
nutritionally_sound,9,9,0
remotely_comfortable,9,9,0
real_warm,9,9,0
as_dodgy,9,9,0
too_jazzy,9,9,0
about_aesthetic,9,9,0
that_knowledgable,9,9,0
only_determined,9,9,0
genetically_prone,9,9,0
sometimes_better,9,9,0
just_undesirable,9,9,0
only_obtainable,9,9,0
more_deceitful,9,7,2
ridiculously_hot,9,9,0
excessively_wide,9,9,0
only_newsworthy,9,9,0
that_unbearable,9,9,0
always_tall,9,9,0
that_traditional,9,9,0
so_fearless,9,9,0
quite_costly,9,9,0
far_east,9,9,0
that_reassuring,9,9,0
blatantly_false,9,9,0
only_plastic,9,9,0
quite_explosive,9,9,0
really_welcoming,9,9,0
so_sexist,9,9,0
less_elegant,9,9,0
as_unaffected,9,9,0
entirely_incompatible,9,9,0
so_hefty,9,9,0
quite_creamy,9,9,0
really_adventurous,9,8,1
remotely_compatible,9,8,1
nutritionally_necessary,9,9,0
over_large,9,9,0
exceptionally_great,9,9,0
utterly_terrible,9,9,0
really_defensible,9,9,0
always_unhappy,9,9,0
highly_critical,9,9,0
rather_simple,9,9,0
quite_fantastic,9,9,0
less_complete,9,9,0
generally_valid,9,9,0
less_embarrassing,9,9,0
not_cute,9,9,0
just_uncertain,9,9,0
ridiculously_overpriced,9,9,0
just_unappealing,9,9,0
absolutely_foolproof,9,9,0
really_addictive,9,9,0
too_meek,9,9,0
directly_controllable,9,9,0
directly_fatal,9,9,0
only_poignant,9,9,0
very_organic,9,9,0
only_divine,9,9,0
as_evasive,9,9,0
blatantly_offensive,9,7,2
particularly_literate,9,9,0
overly_clean,9,9,0
objectively_verifiable,9,9,0
so_ruinous,9,8,1
exceptionally_long,9,9,0
ridiculously_cheap,9,9,0
that_jealous,9,9,0
authentically_chinese,9,9,0
more_defensible,9,9,0
particularly_ancient,9,8,1
sometimes_necessary,9,9,0
that_irritating,9,9,0
that_hopeless,9,9,0
so_uninterested,9,9,0
entirely_artificial,9,9,0
all_bitter,9,9,0
remotely_correct,9,8,1
especially_inventive,9,8,1
quite_exceptional,9,9,0
blatantly_apparent,9,8,1
demonstrably_wrong,9,8,1
just_toxic,9,9,0
generally_big,9,9,0
all_cold,9,9,0
technologically_impossible,9,7,2
just_unpredictable,9,9,0
really_vulnerable,9,9,0
especially_nervous,9,9,0
so_false,9,7,2
relatively_low,9,9,0
truly_altruistic,9,9,0
off_enough,9,9,0
so_homogenous,9,9,0
mainly_white,9,9,0
fully_sentient,9,9,0
that_peculiar,9,9,0
highly_practical,9,9,0
as_ergonomic,9,9,0
real_young,9,9,0
just_unprepared,9,9,0
normally_capable,9,9,0
especially_expressive,9,9,0
more_alarmed,9,8,1
so_good-natured,9,9,0
only_afloat,9,9,0
pretty_interesting,9,9,0
obviously_terrible,9,9,0
highly_personal,9,9,0
only_persuasive,9,9,0
as_feverish,9,9,0
especially_musical,9,9,0
especially_mysterious,9,8,1
yet_precise,9,9,0
remotely_useful,9,7,2
less_faithful,9,8,1
normally_fond,9,9,0
all_miserable,9,8,1
really_elite,9,9,0
that_pertinent,9,9,0
absolutely_authentic,9,9,0
more_alert,9,9,0
too_impactful,9,8,1
usually_representative,9,9,0
just_taller,9,9,0
normally_big,9,9,0
technically_complete,9,9,0
overtly_graphic,9,7,2
really_economical,9,9,0
quite_delicate,9,9,0
particularly_mad,9,9,0
legally_justified,9,9,0
functionally_literate,9,9,0
generally_correct,9,9,0
as_distasteful,9,9,0
overly_imaginative,9,8,1
extremely_conservative,9,9,0
so_varied,9,9,0
officially_due,9,9,0
really_current,9,9,0
that_welcome,9,9,0
merely_temporary,9,9,0
technologically_superior,9,9,0
too_monstrous,9,7,2
very_burdensome,9,9,0
super_pleasant,9,9,0
less_fantastic,9,6,3
quite_definitive,9,9,0
overtly_aware,9,9,0
exceptionally_tall,9,9,0
especially_informative,9,9,0
quite_ambitious,9,9,0
that_superficial,9,9,0
overly_contrived,9,7,2
only_approachable,9,9,0
notoriously_difficult,9,9,0
only_appreciative,9,9,0
normally_afraid,9,9,0
all_liberal,9,9,0
just_widespread,9,9,0
highly_proficient,9,9,0
just_unprofessional,9,9,0
entirely_farfetched,9,9,0
so_foolproof,9,9,0
geographically_correct,9,9,0
visibly_different,9,8,1
remotely_intelligent,9,6,3
less_characteristic,9,8,1
generally_important,9,9,0
technically_false,9,9,0
super_quiet,9,9,0
so_relentless,9,9,0
so_self-centered,9,9,0
all_tight,9,9,0
more_antagonistic,9,9,0
only_admissible,9,9,0
really_spiritual,9,9,0
densely_populated,9,9,0
merely_transactional,9,9,0
more_dismissive,9,8,1
real_open,9,9,0
so_unwilling,9,9,0
only_adventurous,9,9,0
as_dependant,9,9,0
more_disorienting,9,7,2
directly_next,9,9,0
less_contentious,9,9,0
too_thankful,9,9,0
especially_cool,9,9,0
overly_complimentary,9,9,0
only_arab,9,9,0
overtly_flashy,9,7,2
any_calmer,9,9,0
already_vegan,9,9,0
terribly_encouraging,9,9,0
that_unpopular,9,9,0
truly_cool,9,9,0
as_erudite,9,9,0
minimally_invasive,9,9,0
traditionally_available,9,9,0
just_worthwhile,9,8,1
logistically_difficult,9,9,0
exceptionally_athletic,9,9,0
obviously_good,9,9,0
entirely_inactive,9,9,0
really_actionable,9,8,1
less_aware,9,9,0
particularly_adaptable,9,9,0
obviously_illegal,9,8,1
technically_strong,9,9,0
so_sweeping,9,7,2
remotely_frightening,9,5,4
obviously_superior,9,9,0
so_principled,9,9,0
obviously_sick,9,8,1
just_thinner,9,9,0
fully_usable,9,9,0
generally_inclined,9,9,0
that_abnormal,9,9,0
fully_sober,9,9,0
as_demeaning,9,8,1
especially_mobile,9,9,0
overtly_preachy,9,9,0
only_loose,9,9,0
already_happy,9,9,0
all_nostalgia,9,9,0
usually_scared,9,9,0
distinctively_christian,9,5,4
that_vast,9,9,0
partially_true,9,9,0
just_territorial,9,9,0
less_convincing,9,8,1
fully_modern,9,9,0
super_professional,9,9,0
that_useless,9,9,0
emotionally_intense,9,8,1
quite_entertaining,9,7,2
remotely_worthy,9,9,0
over_steep,9,9,0
always_workable,9,9,0
less_chilling,9,9,0
more_content,9,8,1
fully_hardy,9,9,0
particularly_invasive,9,8,1
always_wild,9,9,0
really_aged,9,9,0
more_contemptuous,9,7,2
reliably_accurate,9,9,0
as_voracious,9,9,0
yet_overcrowded,9,9,0
very_brown,9,9,0
always_stylish,9,9,0
equally_talented,9,9,0
that_miserable,9,9,0
so_academic,9,9,0
only_eloquent,9,9,0
initially_concerned,9,9,0
initially_open,9,9,0
strictly_forbidden,9,9,0
simply_reliant,9,9,0
initially_forthcoming,9,9,0
readily_treatable,9,9,0
initially_evident,9,9,0
so_charismatic,9,9,0
more_theatrical,9,8,1
only_groundbreaking,9,9,0
completely_literal,9,9,0
very_creepy,9,9,0
ever_straight,9,9,0
ultimately_able,9,9,0
particularly_evocative,9,9,0
extremely_pleasant,9,9,0
less_sophisticated,9,9,0
simply_rhetorical,9,9,0
so_cerebral,9,9,0
just_idealistic,9,9,0
ever_short,9,9,0
as_priceless,9,7,2
strategically_significant,9,9,0
much_revolutionary,9,7,2
too_curly,9,8,1
already_cute,9,9,0
that_elusive,9,9,0
much_scarier,9,9,0
overly_seasoned,9,9,0
wholly_inadequate,9,9,0
wholly_conscious,9,9,0
just_hurtful,9,9,0
very_constant,9,8,1
much_shy,9,9,0
perfectly_holy,9,9,0
ultimately_concerned,9,9,0
inherently_vulnerable,9,9,0
actually_square,9,9,0
only_swift,9,9,0
as_belligerent,9,9,0
very_eye-catching,9,9,0
more_suggestive,9,5,4
more_sudden,9,9,0
critically_dependent,9,9,0
so_manifest,9,9,0
more_submissive,9,4,5
critically_injured,9,8,1
as_bent,9,9,0
inherently_unjust,9,9,0
as_bereft,9,9,0
as_psychotic,9,9,0
overly_shiny,9,8,1
inherently_radical,9,5,4
critically_sick,9,9,0
even_embarrassed,9,9,0
more_strident,9,9,0
ever_useful,9,9,0
completely_inert,9,9,0
much_various,9,9,0
inherently_smart,9,7,2
just_improbable,9,9,0
ever_uncomfortable,9,9,0
completely_insurmountable,9,9,0
physically_incapable,9,9,0
particularly_destructive,9,8,1
merely_competent,9,9,0
inherently_terrible,9,5,4
completely_insignificant,9,9,0
merely_compatible,9,9,0
as_macabre,9,9,0
as_prophetic,9,9,0
inherently_stupid,9,8,1
less_startling,9,9,0
just_inclusive,9,9,0
so_inspirational,9,8,1
so_strategic,9,9,0
really_receptive,9,9,0
much_remarkable,9,7,2
extremely_pricey,9,9,0
as_melancholy,9,9,0
wholly_inconsistent,9,9,0
so_stoic,9,9,0
as_precocious,9,9,0
much_original,9,7,2
always_equitable,9,9,0
instantly_good,9,9,0
that_egregious,9,9,0
much_religious,9,9,0
completely_pain-free,9,9,0
simply_stupid,9,8,1
way_cool,9,9,0
quite_wealthy,9,9,0
totally_risk-free,9,9,0
way_cheaper,9,9,0
more_unreasonable,9,8,1
only_extensive,9,9,0
still_satisfied,9,9,0
much_newer,9,6,3
always_endearing,9,9,0
duly_qualified,9,9,0
only_top,9,9,0
ecologically_sound,9,9,0
still_loyal,9,9,0
only_crass,9,9,0
too_savory,9,6,3
too_vivid,9,9,0
still_necessary,9,9,0
still_ongoing,9,9,0
overly_opulent,9,9,0
more_venomous,9,8,1
even_inclined,9,9,0
more_variable,9,5,4
much_nearer,9,9,0
primarily_sexual,9,9,0
terribly_patient,9,9,0
too_vital,9,9,0
only_thirsty,9,9,0
as_presentable,9,9,0
only_thick,9,9,0
merely_irrelevant,9,9,0
insanely_great,9,9,0
much_prone,9,9,0
ever_private,9,9,0
insanely_difficult,9,9,0
more_unconventional,9,8,1
merely_dangerous,9,9,0
completely_nonsensical,9,9,0
insanely_busy,9,9,0
counter_intuitive,9,9,0
so_treacherous,9,8,1
much_rare,9,9,0
dreadfully_boring,9,9,0
much_relevant,9,9,0
quite_wild,9,9,0
much_prevalent,9,9,0
still_useful,9,9,0
perfectly_obedient,9,9,0
much_poorer,9,9,0
only_gratuitous,9,9,0
completely_outdated,9,9,0
still_valuable,9,9,0
so_lurid,9,8,1
only_thicker,9,9,0
quite_wet,9,9,0
much_powerful,9,9,0
openly_anti-semitic,9,9,0
really_refreshing,9,9,0
so_intensive,9,9,0
so_capricious,9,9,0
even_harmful,9,9,0
actually_secret,9,9,0
that_elegant,9,9,0
very_touchy,9,9,0
as_bewildering,9,9,0
completely_reckless,9,9,0
exactly_congruent,9,9,0
just_lonely,9,9,0
yet_bright,9,9,0
all_polite,9,9,0
completely_destitute,9,9,0
very_confused,9,9,0
typically_life-threatening,9,9,0
exactly_comprehensive,9,9,0
just_louder,9,9,0
just_low-cost,9,9,0
about_pro-life,9,9,0
overly_sociable,9,9,0
merely_nice,9,9,0
exactly_contrite,9,9,0
particularly_windy,9,9,0
as_lawless,9,9,0
n't_scary,9,9,0
so_striking,9,9,0
terribly_motivated,9,9,0
actually_conservative,9,9,0
all_gorgeous,9,8,1
too_discreet,9,6,3
less_loving,9,3,6
n't_intelligent,9,9,0
physically_tangible,9,9,0
entirely_receptive,9,9,0
less_lonely,9,9,0
individually_identifiable,9,9,0
completely_dissatisfied,9,9,0
simply_functional,9,9,0
even_comprehensive,9,9,0
overly_motivated,9,9,0
physically_threatening,9,8,1
all_golden,9,9,0
as_british,9,8,1
n't_okay,9,8,1
financially_rich,9,9,0
actually_universal,9,9,0
thoroughly_entertaining,9,9,0
always_inclusive,9,9,0
environmentally_harmful,9,9,0
exactly_delicious,9,9,0
n't_worried,9,9,0
completely_cold,9,9,0
only_hotter,9,9,0
currently_free,9,9,0
originally_native,9,9,0
overly_moist,9,9,0
too_rambunctious,9,9,0
as_restless,9,9,0
as_restorative,9,8,1
fabulously_rich,9,7,2
simply_desirable,9,9,0
substantially_wrong,9,1,8
as_cartoony,9,9,0
so_commendable,9,9,0
too_disturbed,9,9,0
very_forward,9,9,0
as_respected,9,9,0
very_forthright,9,9,0
exactly_cost-effective,9,9,0
currently_depressed,9,9,0
completely_curable,9,9,0
merely_amusing,9,9,0
very_unified,9,9,0
n't_special,9,9,0
completely_credible,9,9,0
completely_cooperative,9,9,0
particularly_well-known,9,9,0
wildly_inconsistent,9,9,0
enough_light,9,8,1
currently_enforceable,9,9,0
all_practical,9,9,0
therefore_simple,9,9,0
completely_confused,9,9,0
simply_hard,9,9,0
completely_dormant,9,9,0
purely_decorative,9,9,0
exactly_akin,9,9,0
inherently_feminine,9,7,2
inherently_fair,9,6,3
so_meek,9,9,0
always_gracious,9,9,0
freakishly_tall,9,9,0
all_functional,9,9,0
so_injurious,9,8,1
always_grand,9,9,0
more_sane,9,8,1
more_skillful,9,8,1
very_fearful,9,9,0
extremely_obvious,9,9,0
strictly_utilitarian,9,9,0
physically_real,9,9,0
really_pleasing,9,9,0
economically_reasonable,9,9,0
completely_grey,9,9,0
simply_local,9,9,0
so_measurable,9,8,1
very_resourceful,9,9,0
even_efficient,9,9,0
actually_successful,9,9,0
only_hateful,9,9,0
specifically_clear,9,9,0
strictly_personal,9,9,0
only_exhilarating,9,9,0
just_insightful,9,9,0
overly_short,9,9,0
completely_hideous,9,9,0
actually_surprised,9,9,0
mutually_consistent,9,9,0
quite_persuasive,9,9,0
more_spanish,9,6,3
as_puzzling,9,8,1
completely_harmonious,9,9,0
just_intuitive,9,9,0
quite_palatable,9,9,0
merely_biological,9,9,0
simply_illegal,9,9,0
perfectly_applicable,9,9,0
actually_torture,9,9,0
really_partisan,9,9,0
yet_bored,9,9,0
infinitely_divisible,9,9,0
environmentally_aware,9,9,0
exactly_breathtaking,9,9,0
more_sceptical,9,9,0
very_reliant,9,9,0
strongly_religious,9,9,0
only_stiff,9,9,0
as_breathless,9,9,0
completely_dysfunctional,9,9,0
only_classical,9,9,0
exactly_buoyant,9,9,0
merely_aware,9,9,0
actually_cool,9,9,0
n't_close,9,9,0
exactly_benign,9,8,1
as_literary,9,8,1
simply_intellectual,9,9,0
as_blasphemous,9,9,0
completely_flexible,9,9,0
so_cliched,9,8,1
yet_sustainable,9,9,0
terribly_supportive,9,9,0
inherently_awful,9,5,4
economically_self-sufficient,9,9,0
always_hereditary,9,9,0
totally_matte,9,9,0
exactly_beneficial,9,8,1
completely_exhausted,9,9,0
even_critical,9,9,0
really_patient,9,9,0
very_savory,9,8,1
always_effortless,9,9,0
incredibly_memorable,9,9,0
most_favourite,9,9,0
even_perceptible,9,9,0
most_sturdy,9,9,0
even_sustainable,9,9,0
extremely_sharp,9,9,0
very_silly,9,9,0
only_unfashionable,9,9,0
very_silent,9,9,0
as_orthodox,9,9,0
very_doable,9,9,0
so_isolated,9,9,0
quite_shocking,9,9,0
most_terrible,9,8,1
overly_problematic,9,9,0
permanently_available,9,9,0
most_eye-catching,9,8,1
just_certain,9,9,0
totally_pointless,9,9,0
so_antagonistic,9,9,0
only_unsatisfactory,9,9,0
consistently_wrong,9,9,0
always_complex,9,9,0
most_selective,9,9,0
just_clinical,9,9,0
even_picky,9,9,0
most_fulfilling,9,9,0
terribly_revolutionary,9,3,6
already_awash,9,9,0
most_simple,9,9,0
personally_loyal,9,9,0
terribly_sensitive,9,8,1
so_anemic,9,9,0
most_special,9,9,0
terribly_sentimental,9,9,0
just_classy,9,9,0
that_disciplined,9,9,0
most_extensive,9,9,0
just_careful,9,8,1
as_narcissistic,9,9,0
completely_viable,9,9,0
most_endearing,9,9,0
only_conceptual,9,9,0
particularly_empathetic,9,9,0
less_rational,9,9,0
quite_understandable,9,9,0
most_electable,9,9,0
just_baffling,9,9,0
even_obese,9,9,0
most_unusual,9,9,0
most_educated,9,9,0
most_edifying,9,9,0
as_amiable,9,9,0
quite_seamless,9,9,0
quite_unexpected,9,9,0
so_articulate,9,9,0
already_alive,9,8,1
really_cheaper,9,9,0
already_angry,9,9,0
most_wise,9,9,0
totally_quiet,9,9,0
yet_total,9,9,0
less_pernicious,9,9,0
quite_trivial,9,9,0
only_unstable,9,9,0
quite_sexy,9,9,0
very_domestic,9,9,0
overly_prominent,9,9,0
only_unsubstantiated,9,9,0
only_unequal,9,9,0
personally_racist,9,9,0
as_amazed,9,9,0
overly_promising,9,9,0
only_conventional,9,9,0
even_ugly,9,9,0
as_overgrown,9,9,0
just_cognitive,9,9,0
just_colorful,9,9,0
very_soothing,9,9,0
too_campy,9,8,1
extremely_strict,9,9,0
as_addicted,9,9,0
quite_synonymous,9,9,0
personally_available,9,9,0
consistently_interesting,9,9,0
just_cozy,9,8,1
just_cowardly,9,9,0
consistently_bad,9,9,0
less_personal,9,7,2
most_innocent,9,8,1
most_open,9,9,0
just_diplomatic,9,9,0
quite_tasty,9,9,0
most_passionate,9,9,0
considerably_worse,9,9,0
most_peaceful,9,9,0
even_sane,9,9,0
too_wealthy,9,7,2
so_key,9,9,0
consistently_hilarious,9,9,0
merely_hard,9,9,0
particularly_elaborate,9,7,2
most_lethal,9,9,0
too_respectful,9,8,1
just_deep,9,9,0
less_predictable,9,9,0
merely_healthy,9,9,0
very_smelly,9,9,0
most_lovable,9,9,0
as_numb,9,9,0
always_circular,9,9,0
purely_legal,9,9,0
just_cyclical,9,9,0
slightly_worse,9,9,0
already_big,9,9,0
totally_prepared,9,9,0
just_discriminatory,9,9,0
so_aged,9,8,1
so_alike,9,9,0
just_conceivable,9,9,0
easily_legible,9,9,0
most_pure,9,8,1
very_sinister,9,9,0
less_plausible,9,7,2
most_healthful,9,9,0
really_tasty,9,9,0
quite_slow,9,9,0
as_opportunistic,9,9,0
so_truthful,9,8,1
real_smooth,9,9,0
even_powerful,9,9,0
quite_thin,9,9,0
so_turbulent,9,8,1
always_competent,9,8,1
merely_fun,9,9,0
just_conscious,9,9,0
most_personable,9,9,0
most_pristine,9,9,0
most_personal,9,9,0
all_sensitive,9,9,0
that_disgusting,9,9,0
too_bouncy,9,8,1
just_dismissive,9,9,0
very_skinny,9,9,0
so_agonizing,9,8,1
extremely_sophisticated,9,9,0
considerably_more,9,9,0
totally_practical,9,9,0
overly_practical,9,9,0
extremely_slow,9,9,0
totally_powerless,9,9,0
most_precious,9,9,0
too_cartoonish,9,8,1
so_artistic,9,9,0
less_reasonable,9,9,0
very_enormous,9,9,0
only_virtuous,9,9,0
particularly_engrossing,9,9,0
merely_emotional,9,9,0
even_laughable,9,9,0
most_approachable,9,9,0
so_blameless,9,9,0
ever_dry,9,9,0
real_interesting,9,6,3
completely_silly,9,9,0
much_harmful,9,8,1
unambiguously_positive,9,9,0
purely_negative,9,9,0
enough_strong,9,9,0
only_truthful,9,9,0
all_fancy,9,9,0
just_frustrated,9,9,0
most_affluent,9,8,1
most_astute,9,9,0
completely_spontaneous,9,9,0
completely_spotless,9,9,0
only_unarmed,9,9,0
much_durable,9,9,0
very_stellar,9,9,0
intrinsically_superior,9,4,5
terribly_prolific,9,9,0
ever_constant,9,9,0
less_notable,9,8,1
constitutionally_suspect,9,8,1
completely_subjective,9,9,0
ever_cool,9,9,0
intrinsically_racist,9,5,4
easily_usable,9,9,0
only_mild,9,9,0
completely_strange,9,9,0
as_perverse,9,8,1
very_egalitarian,9,9,0
all_plain,9,9,0
simply_worried,9,9,0
most_discerning,9,9,0
entirely_static,9,9,0
overly_robust,9,9,0
just_german,9,9,0
less_ruthless,9,9,0
as_artsy,9,9,0
that_ecstatic,9,9,0
ever_helpful,9,9,0
completely_retarded,9,9,0
more_whole,9,5,4
stereotypically_gay,9,8,1
more_whimsical,9,6,3
ever_hopeless,9,9,0
ever_ideal,9,8,1
always_economic,9,9,0
totally_optimistic,9,9,0
more_weak,9,7,2
intellectually_superior,9,9,0
way_easier,9,9,0
yet_thick,9,9,0
too_sarcastic,9,8,1
overly_risky,9,9,0
unacceptably_high,9,8,1
ever_fatal,9,9,0
totally_over,9,9,0
that_destructive,9,9,0
very_striking,9,6,3
just_fundamental,9,9,0
entirely_strange,9,8,1
intentionally_misleading,9,8,1
most_abundant,9,8,1
longer_capable,9,9,0
more_youthful,9,7,2
so_inventive,9,9,0
more_wrenching,9,6,3
only_warmer,9,9,0
totally_outlandish,9,9,0
as_antiquated,9,9,0
along_enough,9,9,0
wholly_arbitrary,9,9,0
just_aged,9,9,0
constantly_real,9,9,0
so_austere,9,9,0
overwhelmingly_big,9,9,0
too_american,9,9,0
slightly_bigger,9,9,0
artificially_intelligent,9,9,0
just_exquisite,9,9,0
perfectly_valid,9,9,0
quite_rational,9,9,0
just_extraordinary,9,8,1
extremely_robust,9,9,0
always_adversarial,9,9,0
ever_absolute,9,9,0
actually_hot,9,9,0
only_foundational,9,9,0
merely_evil,9,9,0
completely_uninteresting,9,8,1
too_clumsy,9,9,0
so_unable,9,9,0
so_atypical,9,9,0
as_mystifying,9,9,0
constantly_hungry,9,9,0
so_astounding,9,9,0
most_devastating,9,9,0
just_apt,9,9,0
extremely_thin,9,9,0
most_destructive,9,9,0
only_untrustworthy,9,9,0
easily_avoidable,9,9,0
so_athletic,9,9,0
quite_unprecedented,9,9,0
just_anxious,9,9,0
quite_revolutionary,9,9,0
most_delicate,9,9,0
most_decisive,9,8,1
too_alarmist,9,8,1
as_motivational,9,8,1
perfectly_transparent,9,9,0
completely_traditional,9,9,0
ever_capable,9,9,0
less_objectionable,9,7,2
inversely_related,9,9,0
actually_psychic,9,9,0
all_fair,9,9,0
just_fiscal,9,9,0
so_banal,9,7,2
physically_apparent,9,9,0
much_detailed,9,9,0
much_dirty,9,9,0
too_compassionate,9,8,1
so_barbaric,9,9,0
much_dissimilar,9,9,0
spiritually_inclined,9,8,1
unbearably_cold,9,9,0
spiritually_alive,9,9,0
ever_bored,9,9,0
only_fragrant,9,9,0
easily_adjustable,9,9,0
always_accustomed,9,9,0
completely_unbearable,9,9,0
completely_unavailable,9,9,0
completely_unable,9,9,0
all_pink,9,9,0
most_communicative,9,9,0
quite_real-time,9,9,0
too_affordable,9,9,0
overly_pedantic,9,9,0
less_representative,9,8,1
spectacularly_good,9,7,2
most_colourful,9,9,0
spectacularly_new,9,1,8
only_fairer,9,9,0
less_resolute,9,9,0
longer_effective,9,9,0
just_lighter,9,9,0
too_sinister,9,2,7
just_queer,9,9,0
necessarily_foolish,9,9,0
truly_sick,9,9,0
longer_fertile,9,9,0
sufficiently_relevant,9,9,0
downright_terrifying,9,9,0
clearly_detailed,9,9,0
very_prepared,9,9,0
really_key,9,8,1
necessarily_genetic,9,9,0
necessarily_genuine,9,9,0
necessarily_germane,9,9,0
particularly_compassionate,9,8,1
financially_costly,9,9,0
so_impassioned,9,9,0
totally_groundless,9,9,0
necessarily_feminist,9,9,0
so_crunchy,9,9,0
so_crumbly,9,9,0
really_liable,9,9,0
entirely_cheap,9,9,0
only_incomprehensible,9,9,0
exactly_nostalgic,9,9,0
exactly_nuanced,9,9,0
only_rough,9,9,0
more_irksome,9,5,4
truly_socialist,9,9,0
clearly_good,9,9,0
truly_social,9,9,0
too_flustered,9,9,0
essentially_good,9,9,0
more_intricate,9,9,0
politically_doable,9,9,0
sufficiently_progressive,9,9,0
as_conductive,9,9,0
always_overweight,9,9,0
socially_irresponsible,9,7,2
real_reliable,9,9,0
only_repulsive,9,9,0
as_speculative,9,9,0
so_cutesy,9,9,0
outright_aggressive,9,9,0
that_commonplace,9,9,0
especially_worrisome,9,7,2
adequately_skilled,9,9,0
just_recent,9,9,0
so_old-fashioned,9,9,0
also_smart,9,9,0
necessarily_insightful,9,8,1
hugely_innovative,9,4,5
hugely_influential,9,9,0
hugely_impactful,9,9,0
necessarily_intrinsic,9,9,0
necessarily_inclined,9,9,0
always_pink,9,9,0
always_pertinent,9,9,0
adequately_protective,9,9,0
quite_invincible,9,9,0
equally_compelling,9,9,0
just_quicker,9,9,0
more_informed,9,7,2
always_passionate,9,8,1
more_infectious,9,8,1
likely_carcinogenic,9,9,0
totally_unbiased,9,9,0
necessarily_homeless,9,6,3
adequately_qualified,9,9,0
necessarily_hungry,9,9,0
necessarily_identifiable,9,9,0
more_individual,9,9,0
essentially_bad,9,9,0
particularly_stimulating,9,7,2
politically_dangerous,9,9,0
too_filthy,9,8,1
sufficiently_outspoken,9,9,0
prohibitively_costly,9,9,0
necessarily_cost-effective,9,9,0
as_commanding,9,9,0
more_male,9,8,1
totally_human,9,9,0
clinically_available,9,9,0
too_fabulous,9,7,2
more_macho,9,6,3
sexually_excited,9,9,0
just_playful,9,9,0
only_savvy,9,9,0
adequately_able,9,9,0
more_lucid,9,9,0
all_critical,9,9,0
about_deserving,9,9,0
truly_universal,9,9,0
necessarily_core,9,9,0
equally_attractive,9,9,0
otherwise_privileged,9,9,0
closely_involved,9,9,0
particularly_feminist,9,9,0
immediately_painful,9,9,0
yet_unlocked,9,9,0
only_impervious,9,9,0
too_excitable,9,9,0
quite_literal,9,9,0
necessarily_convincing,9,9,0
only_second,9,9,0
so_conversant,9,9,0
immediately_likeable,9,9,0
really_masculine,9,9,0
only_scholarly,9,9,0
more_marketable,9,9,0
more_loud,9,8,1
sexually_desirable,9,9,0
previously_practical,9,9,0
immediately_catchy,9,9,0
unreasonably_burdensome,9,9,0
exactly_motivational,9,9,0
too_prepared,9,8,1
more_lavish,9,7,2
more_laudable,9,8,1
necessarily_dull,9,9,0
particularly_stout,9,9,0
more_legendary,9,4,5
all_rough,9,9,0
really_beholden,9,9,0
more_key,9,5,4
consistently_excellent,9,9,0
yet_decisive,9,9,0
only_ruinous,9,9,0
more_legal,9,9,0
well_informed,9,9,0
more_loathsome,9,7,2
immediately_deadly,9,9,0
necessarily_depressed,9,9,0
overly_threatening,9,9,0
less_horrifying,9,8,1
necessarily_desperate,9,9,0
as_industrial,9,9,0
fully_automated,9,9,0
particularly_sturdy,9,9,0
too_feasible,9,8,1
necessarily_dire,9,9,0
more_lifelike,9,9,0
just_portable,9,9,0
essentially_religious,9,8,1
so_courteous,9,9,0
all_hostile,9,9,0
hugely_helpful,9,9,0
more_impatient,9,8,1
necessarily_clear-cut,9,9,0
just_simplistic,9,9,0
especially_severe,9,9,0
too_treacherous,9,7,2
really_ideological,9,9,0
totally_fake,9,9,0
merely_social,9,9,0
carefully_enough,9,9,0
more_germane,9,8,1
aesthetically_perfect,9,9,0
totally_factual,9,9,0
necessarily_republican,9,9,0
so_succinct,9,8,1
too_sterile,9,9,0
too_pious,9,8,1
so_shrewd,9,9,0
fully_deserving,9,9,0
as_hypothetical,9,9,0
necessarily_receptive,9,9,0
less_friendly,9,8,1
more_greedy,9,8,1
too_plump,9,9,0
more_gut-wrenching,9,4,5
publicly_open,9,9,0
that_cocky,9,9,0
particularly_republican,9,9,0
also_problematic,9,9,0
only_raw,9,9,0
overly_welcoming,9,9,0
necessarily_public,9,9,0
particularly_relatable,9,9,0
less_frustrated,9,9,0
more_grandiose,9,4,5
totally_farfetched,9,9,0
as_counterintuitive,9,9,0
super_different,9,8,1
politically_successful,9,9,0
just_relaxing,9,8,1
as_covert,9,9,0
extremely_disappointed,9,9,0
deeply_troubling,9,9,0
so_suicidal,9,9,0
particularly_private,9,9,0
terribly_groundbreaking,9,4,5
wholly_unwarranted,9,9,0
necessarily_solid,9,9,0
usually_forthcoming,9,9,0
really_connected,9,9,0
super_functional,9,9,0
fully_empty,9,9,0
too_hokey,9,9,0
just_spooky,9,9,0
fully_enforceable,9,9,0
fully_enough,9,9,0
only_irresistible,9,9,0
entirely_legit,9,9,0
usually_familiar,9,9,0
necessarily_secular,9,9,0
necessarily_sacred,9,9,0
only_quantitative,9,9,0
very_inexpensive,9,9,0
yet_savvy,9,9,0
too_photogenic,9,7,2
already_free,9,9,0
necessarily_sensible,9,9,0
politically_unpopular,9,8,1
very_infectious,9,9,0
always_rigorous,9,9,0
super_enthused,9,9,0
too_hideous,9,9,0
really_heroic,9,9,0
necessarily_sharp,9,9,0
too_guilty,9,9,0
pretty_straightforward,9,9,0
politically_safe,9,9,0
too_static,9,8,1
yet_sharp,9,9,0
as_immature,9,9,0
financially_advantageous,9,9,0
politically_mature,9,9,0
less_grateful,9,6,3
sufficiently_widespread,9,9,0
exactly_ripe,9,9,0
always_prominent,9,9,0
really_individual,9,9,0
necessarily_negligent,9,9,0
however_virtuous,9,0,9
suitably_impressed,9,9,0
suitably_qualified,9,9,0
only_inhospitable,9,9,0
especially_thrilled,9,9,0
exactly_respectful,9,8,1
previously_achievable,9,9,0
really_infinite,9,9,0
as_stagnant,9,9,0
truly_pro-life,9,9,0
especially_user-friendly,9,9,0
so_damp,9,9,0
only_remote,9,8,1
as_continuous,9,9,0
truly_portable,9,9,0
chemically_active,9,9,0
hugely_complicated,9,9,0
hugely_disruptive,9,9,0
necessarily_malevolent,9,9,0
as_contrite,9,9,0
exactly_remarkable,9,9,0
totally_unconscious,9,9,0
exactly_reminiscent,9,9,0
exactly_sane,9,9,0
only_dense,9,9,0
less_gorgeous,9,8,1
especially_sturdy,9,9,0
so_sickening,9,9,0
categorically_wrong,9,8,1
more_harmless,9,6,3
fully_culpable,9,9,0
overly_light,9,9,0
more_hardcore,9,7,2
more_hard,9,8,1
especially_supportive,9,9,0
yet_existent,9,9,0
yet_searchable,9,9,0
necessarily_predominant,9,9,0
equally_desirable,9,9,0
as_structured,9,9,0
equally_difficult,9,9,0
totally_fit,9,9,0
necessarily_pertinent,9,9,0
very_depressed,9,9,0
also_related,9,9,0
necessarily_objectionable,9,8,1
super_advanced,9,8,1
so_ostentatious,9,8,1
super_appealing,9,9,0
too_grey,9,9,0
super_awkward,9,9,0
totally_flawless,9,9,0
only_insecure,9,9,0
socially_competent,9,9,0
necessarily_overweight,9,9,0
that_fruitful,9,9,0
just_ruthless,9,9,0
necessarily_parallel,9,9,0
necessarily_peaceful,9,9,0
too_sober,9,6,3
yet_dangerous,9,9,0
necessarily_economic,9,9,0
damn_bad,9,8,1
too_sluggish,9,9,0
more_newsworthy,9,7,2
that_crisp,9,9,0
exactly_enlightening,9,8,1
necessarily_altruistic,9,9,0
only_immature,9,9,0
yet_compulsory,9,9,0
only_catholic,9,9,0
previously_uninsured,9,9,0
even_audible,9,9,0
exactly_eloquent,9,9,0
only_ergonomic,9,9,0
only_immense,9,9,0
exactly_heartbroken,9,9,0
exactly_epic,9,9,0
plainly_obvious,9,9,0
incredibly_close,9,9,0
plain_enough,9,9,0
previously_unknown,9,9,0
necessarily_adverse,9,9,0
even_annoyed,9,9,0
otherwise_admissible,9,9,0
just_ornamental,9,9,0
mentally_focused,9,9,0
too_enlightening,9,6,3
so_suave,9,9,0
naturally_gregarious,9,9,0
yet_unified,9,9,0
less_intrusive,9,7,2
so_uncool,9,9,0
particularly_creepy,9,8,1
entirely_discouraging,9,9,0
particularly_visual,9,9,0
so_moral,9,9,0
quite_obsolete,9,8,1
altogether_appropriate,9,9,0
exactly_infallible,9,9,0
sufficiently_contrite,9,9,0
more_palestinian,9,9,0
typically_accessible,9,9,0
simply_appealing,9,9,0
sufficiently_convincing,9,9,0
sufficiently_grave,9,9,0
very_watery,9,9,0
naturally_monogamous,9,9,0
ethically_sound,9,9,0
exactly_exotic,9,9,0
completely_alive,9,9,0
naturally_red,9,9,0
sufficiently_expressive,9,9,0
as_interchangeable,9,9,0
exactly_explosive,9,8,1
solely_useful,9,9,0
sufficiently_diligent,9,9,0
incredibly_convenient,9,9,0
currently_responsible,9,9,0
exactly_humble,9,8,1
really_narrow,9,6,3
sufficiently_diverse,9,9,0
mentally_responsible,9,9,0
overly_subtle,9,8,1
typically_aware,9,9,0
nearly_specific,9,9,0
otherwise_ineligible,9,9,0
exactly_honorable,9,9,0
altogether_dead,9,7,2
necessarily_abusive,9,9,0
entirely_parallel,9,9,0
currently_practical,9,9,0
too_dreamy,9,8,1
just_nationwide,9,9,0
exactly_evident,9,9,0
really_transgender,9,9,0
otherwise_attainable,9,9,0
simply_aesthetic,9,9,0
just_online,9,9,0
just_miserable,9,9,0
nearly_satisfied,9,9,0
necessarily_admirable,9,9,0
very_vegan,9,9,0
typically_american,9,9,0
commercially_practical,9,9,0
totally_indicative,9,9,0
all_smart,9,9,0
totally_incompetent,9,9,0
always_loving,9,9,0
yet_compelling,9,9,0
particularly_extravagant,9,8,1
more_obscene,9,8,1
always_magical,9,9,0
nearly_naked,9,9,0
sufficiently_conscious,9,9,0
just_overwhelming,9,9,0
mentally_unbalanced,9,9,0
exactly_easier,9,9,0
so_niche,9,9,0
totally_irresponsible,9,9,0
actually_accessible,9,9,0
only_humbling,9,9,0
as_inquisitive,9,9,0
necessarily_brighter,9,9,0
quite_narrow,9,9,0
very_glossy,9,9,0
enough_green,9,8,1
rather_difficult,9,9,0
as_insensitive,9,9,0
therefore_anxious,9,9,0
as_scrumptious,9,9,0
always_liberal,9,9,0
sexually_provocative,9,6,3
really_modern,9,8,1
exactly_economical,9,9,0
immediately_tangible,9,9,0
always_lethal,9,9,0
as_colossal,9,7,2
exactly_dynamic,9,9,0
even_ambiguous,9,9,0
naturally_active,9,9,0
exactly_functional,9,9,0
more_puzzling,9,9,0
too_exaggerated,9,7,2
less_warm,9,9,0
financially_prepared,9,9,0
very_vital,9,8,1
sexually_motivated,9,9,0
exactly_giddy,9,9,0
nearly_efficient,9,9,0
dramatically_effective,9,9,0
particularly_corrupt,9,9,0
really_commonplace,9,9,0
as_sci-fi,9,9,0
just_mean,9,9,0
cognitively_aware,9,9,0
as_invigorating,9,9,0
incredibly_inspiring,9,9,0
exactly_dull,9,9,0
typically_good,9,8,1
exactly_grateful,9,9,0
totally_symmetrical,9,9,0
just_outdoors,9,9,0
as_insipid,9,9,0
incredibly_annoying,9,9,0
only_careless,9,9,0
yet_cheap,9,9,0
immediately_transferable,9,9,0
unnecessarily_long,9,9,0
overly_stressful,9,8,1
fully_anonymous,9,9,0
as_chronic,9,9,0
less_inviting,9,6,3
naturally_flexible,9,9,0
particularly_unhealthy,9,7,2
immediately_unclear,9,9,0
incredibly_active,9,9,0
exactly_forbidden,9,9,0
typically_french,9,8,1
sexually_receptive,9,9,0
mentally_tired,9,9,0
universally_valid,9,9,0
quite_magic,9,9,0
very_fruity,9,9,0
totally_qualified,8,8,0
less_fat,8,8,0
painfully_shy,8,8,0
less_tense,8,8,0
so_radiant,8,8,0
really_bold,8,7,1
easily_prone,8,8,0
particularly_edgy,8,6,2
so_giant,8,8,0
totally_loyal,8,8,0
mildly_entertaining,8,7,1
socially_beneficial,8,8,0
less_loyal,8,6,2
entirely_malicious,8,8,0
so_theoretical,8,8,0
real_tight,8,8,0
real_enthusiastic,8,8,0
entirely_exhaustive,8,8,0
totally_insensitive,8,7,1
particularly_artsy,8,8,0
so_indignant,8,7,1
totally_insignificant,8,8,0
easily_repeatable,8,8,0
so_indirect,8,8,0
well_visible,8,8,0
overly_prone,8,8,0
almost_perfect,8,8,0
loud_funny,8,8,0
so_gifted,8,8,0
so_other,8,6,2
already_low,8,8,0
less_depressing,8,6,2
literally_possible,8,8,0
longer_recognizable,8,8,0
downright_necessary,8,7,1
merely_idle,8,8,0
totally_analogous,8,8,0
less_racist,8,8,0
merely_musical,8,8,0
totally_solid,8,8,0
totally_vegetarian,8,8,0
less_radical,8,6,2
so_tasteful,8,8,0
overly_prolific,8,8,0
already_adept,8,8,0
so_organized,8,8,0
real_major,8,1,7
downright_negative,8,8,0
entirely_electronic,8,8,0
so_painless,8,8,0
merely_sexual,8,8,0
entirely_agreeable,8,8,0
less_keen,8,7,1
so_vindictive,8,8,0
equally_impressive,8,8,0
enough_advanced,8,8,0
all_yellow,8,8,0
so_sorrowful,8,8,0
so_jewish,8,8,0
real_old,8,8,0
emotionally_challenging,8,8,0
so_moody,8,8,0
merely_futile,8,8,0
so_therapeutic,8,8,0
totally_awake,8,8,0
so_galling,8,8,0
particularly_cumbersome,8,7,1
totally_involved,8,8,0
overtly_didactic,8,7,1
overly_intimate,8,8,0
particularly_effusive,8,8,0
merely_alive,8,8,0
all_confused,8,8,0
particularly_embarrassing,8,6,2
all_picky,8,8,0
maybe_social,8,8,0
all_stiff,8,8,0
environmentally_irresponsible,8,8,0
merely_subject,8,8,0
so_jubilant,8,8,0
too_responsive,8,8,0
less_fit,8,7,1
so_heady,8,8,0
so_horrified,8,7,1
merely_unnecessary,8,8,0
too_stormy,8,8,0
mainly_interested,8,8,0
all_okay,8,8,0
so_jumpy,8,8,0
entirely_depressing,8,8,0
totally_depressed,8,8,0
solely_applicable,8,8,0
easily_doable,8,8,0
easily_fixable,8,8,0
already_better,8,8,0
real_different,8,8,0
really_alien,8,7,1
totally_acceptable,8,8,0
less_tricky,8,8,0
environmentally_hazardous,8,8,0
merely_altruistic,8,8,0
so_icky,8,7,1
so_steamy,8,8,0
overly_general,8,8,0
downright_crazy,8,8,0
so_questionable,8,8,0
particularly_free,8,7,1
economically_wise,8,8,0
less_full,8,7,1
really_alternative,8,8,0
easily_misunderstood,8,8,0
all_lovely,8,8,0
merely_negligent,8,8,0
overly_modern,8,8,0
so_genteel,8,8,0
really_confidential,8,8,0
solely_academic,8,8,0
so_rabid,8,8,0
enough_aware,8,8,0
so_idle,8,8,0
less_persistent,8,7,1
all_interesting,8,8,0
totally_unnecessary,8,8,0
overly_profitable,8,7,1
so_latest,8,8,0
less_thrilled,8,6,2
all_weak,8,8,0
entirely_unambiguous,8,8,0
entirely_unavoidable,8,8,0
easily_curable,8,8,0
totally_faithful,8,8,0
all_emotional,8,8,0
wholly_credible,8,8,0
entirely_unattractive,8,8,0
overly_wise,8,8,0
all_ok,8,8,0
real_supportive,8,8,0
less_pertinent,8,7,1
all_reasonable,8,8,0
entirely_unappealing,8,8,0
so_worldly,8,8,0
totally_intuitive,8,8,0
easily_convinced,8,8,0
totally_equal,8,8,0
all_weird,8,8,0
entirely_unanimous,8,8,0
totally_baseless,8,8,0
so_sociable,8,8,0
easily_controllable,8,8,0
all_pervasive,8,8,0
so_infectious,8,8,0
entirely_dependable,8,8,0
overly_mobile,8,8,0
materially_false,8,8,0
less_outraged,8,8,0
well_armed,8,8,0
medically_ready,8,8,0
mentally_aware,8,8,0
merely_innocent,8,8,0
less_horrific,8,7,1
less_mysterious,8,8,0
merely_trivial,8,8,0
too_preposterous,8,8,0
merely_destructive,8,8,0
so_symmetrical,8,8,0
really_absent,8,8,0
too_tempted,8,8,0
all_tragic,8,8,0
really_best,8,8,0
entirely_inclusive,8,8,0
so_symbolic,8,7,1
particularly_discerning,8,8,0
wholly_incompatible,8,8,0
real_cheap,8,8,0
merely_instrumental,8,8,0
too_present,8,8,0
so_internal,8,7,1
entirely_okay,8,8,0
less_moral,8,7,1
all_rude,8,8,0
so_spoiled,8,6,2
totally_improbable,8,8,0
solely_political,8,8,0
so_negligent,8,8,0
so_uninformed,8,8,0
so_rife,8,8,0
entirely_deaf,8,8,0
readily_foreseeable,8,8,0
less_natural,8,6,2
entirely_better,8,8,0
really_canadian,8,8,0
totally_inactive,8,8,0
so_inconsequential,8,8,0
merely_comfortable,8,8,0
all_tall,8,8,0
so_nutty,8,8,0
totally_confusing,8,8,0
totally_authentic,8,8,0
so_incongruous,8,8,0
solidly_republican,8,8,0
overtly_related,8,8,0
overly_harmful,8,8,0
particularly_discreet,8,7,1
totally_depressing,8,8,0
markedly_higher,8,8,0
so_restful,8,8,0
almost_famous,8,8,0
less_educated,8,8,0
merely_psychological,8,8,0
too_punitive,8,6,2
overtly_friendly,8,8,0
all_thankful,8,8,0
entirely_frank,8,8,0
merely_predictable,8,8,0
so_nonsensical,8,8,0
already_dangerous,8,8,0
less_messy,8,8,0
so_nifty,8,8,0
so_premium,8,8,0
entirely_villainous,8,8,0
solely_easy,8,8,0
so_unaware,8,8,0
entirely_french,8,8,0
medically_stable,8,8,0
overly_secretive,8,7,1
mainly_concerned,8,8,0
merely_legitimate,8,8,0
totally_white,8,8,0
overwhelmingly_complex,8,8,0
totally_illogical,8,7,1
too_suggestive,8,8,0
so_spot,8,8,0
less_illegal,8,4,4
merely_critical,8,8,0
overtly_funny,8,8,0
so_representative,8,8,0
economically_desirable,8,8,0
merely_procedural,8,8,0
merely_corrupt,8,7,1
merely_internal,8,8,0
so_interactive,8,8,0
real_clean,8,8,0
entirely_beholden,8,8,0
entirely_whole,8,8,0
totally_hot,8,8,0
too_worthy,8,8,0
so_tremendous,8,7,1
merely_conservative,8,8,0
totally_dominant,8,8,0
all_organic,8,8,0
entirely_self-evident,8,8,0
overly_sensational,8,8,0
less_hot,8,7,1
too_sedentary,8,8,0
overly_scientific,8,7,1
less_simple,8,6,2
ludicrously_expensive,8,8,0
so_inaccessible,8,8,0
so_inaccurate,8,8,0
too_snowy,8,8,0
so_uneasy,8,8,0
overly_inclined,8,8,0
too_wonky,8,8,0
particularly_comprehensive,8,8,0
entirely_consensual,8,8,0
all_fussy,8,8,0
less_harrowing,8,6,2
so_magic,8,8,0
so_whiny,8,8,0
manifestly_unreasonable,8,8,0
less_determined,8,7,1
overly_stringent,8,8,0
less_inspired,8,8,0
so_homophobic,8,8,0
totally_genuine,8,8,0
all_online,8,7,1
real_special,8,0,8
entirely_naked,8,8,0
less_holy,8,8,0
so_irksome,8,6,2
totally_indifferent,8,8,0
all_pristine,8,8,0
less_nutritious,8,8,0
equally_helpful,8,8,0
real_sturdy,8,8,0
downright_disgusting,8,8,0
so_unprofessional,8,8,0
particularly_commercial,8,8,0
socially_progressive,8,7,1
so_offended,8,8,0
entirely_green,8,8,0
less_reprehensible,8,7,1
too_vicious,8,7,1
all_corrupt,8,8,0
so_snowy,8,8,0
easily_attributable,8,8,0
entirely_tangible,8,8,0
emotionally_fragile,8,8,0
particularly_drastic,8,5,3
too_rugged,8,8,0
totally_adverse,8,7,1
already_able,8,8,0
too_rural,8,8,0
so_whole,8,5,3
all_gay,8,8,0
so_staunch,8,8,0
enough_most,8,8,0
socially_inclined,8,8,0
so_inhospitable,8,8,0
socially_interactive,8,8,0
overly_skinny,8,8,0
totally_silly,8,8,0
merely_unthinkable,8,8,0
economically_responsible,8,8,0
entirely_symmetrical,8,8,0
wholly_indicative,8,8,0
wholly_novel,8,8,0
wholly_ours,8,8,0
overly_needy,8,8,0
likely_capable,8,8,0
all_somber,8,8,0
downright_dull,8,6,2
too_sensational,8,5,3
so_unreal,8,7,1
equally_free,8,8,0
so_historical,8,8,0
less_hectic,8,8,0
so_nearby,8,8,0
so_impersonal,8,8,0
merely_clever,8,8,0
totally_inclusive,8,8,0
too_vile,8,5,3
so_marvellous,8,8,0
so_marketable,8,8,0
really_compulsory,8,8,0
totally_candid,8,8,0
too_somber,8,7,1
all_suspicious,8,6,2
all_uptight,8,7,1
longer_theoretical,8,8,0
socially_significant,8,8,0
particularly_fastidious,8,8,0
overly_informative,8,8,0
merely_incorrect,8,8,0
merely_tolerable,8,8,0
less_dirty,8,7,1
less_heartfelt,8,8,0
logically_contradictory,8,6,2
merely_inaccurate,8,8,0
too_observant,8,7,1
equally_competent,8,8,0
particularly_communicative,8,8,0
real_strict,8,8,0
all_irrelevant,8,8,0
so_possessive,8,7,1
too_reasonable,8,8,0
really_cause,8,8,0
so_homesick,8,8,0
entirely_apolitical,8,8,0
totally_unbearable,8,8,0
all_complacent,8,8,0
too_true,8,8,0
really_casual,8,7,1
earlier_informed,8,8,0
so_unimpressed,8,8,0
already_expensive,8,8,0
less_virtuous,8,8,0
merely_valuable,8,8,0
somehow_able,8,8,0
entirely_innovative,8,8,0
so_rebellious,8,8,0
entirely_fake,8,8,0
only_distinguishable,8,8,0
just_anti-israel,8,8,0
inherently_hazardous,8,8,0
inherently_expensive,8,5,3
exactly_advisable,8,8,0
n't_accurate,8,8,0
simply_likely,8,8,0
yet_productive,8,8,0
absolutely_equal,8,7,1
that_lame,8,8,0
inherently_fun,8,8,0
really_unknown,8,8,0
yet_prominent,8,8,0
amazingly_good,8,8,0
only_absolute,8,8,0
that_limited,8,8,0
that_judgmental,8,8,0
inherently_inappropriate,8,4,4
only_neat,8,8,0
really_unhealthy,8,8,0
simply_mistaken,8,8,0
athletically_talented,8,8,0
completely_horizontal,8,8,0
inherently_malicious,8,6,2
inherently_meaningful,8,7,1
fully_sustainable,8,8,0
only_adamant,8,8,0
yet_bare,8,4,4
exactly_airtight,8,8,0
really_wearable,8,7,1
n't_concerned,8,8,0
functionally_necessary,8,8,0
inherently_anti-semitic,8,8,0
simply_incredible,8,8,0
completely_fake,8,8,0
absolutely_flat,8,8,0
amazingly_delicious,8,8,0
functionally_different,8,7,1
exponentially_better,8,8,0
completely_fearless,8,8,0
inherently_boring,8,5,3
absolutely_fine,8,7,1
exactly_arbitrary,8,8,0
really_various,8,2,6
terribly_curious,8,8,0
inherently_deceptive,8,8,0
simply_interesting,8,8,0
quite_pale,8,8,0
exactly_angelic,8,8,0
exquisitely_beautiful,8,7,1
that_lopsided,8,8,0
inherently_dirty,8,4,4
exactly_amicable,8,8,0
really_sane,8,8,0
exactly_altruistic,8,8,0
simply_natural,8,8,0
simply_necessary,8,8,0
simply_nostalgia,8,8,0
much_supportive,8,8,0
very_businesslike,8,8,0
inherently_virtuous,8,3,5
inherently_visual,8,7,1
very_melodic,8,8,0
much_thick,8,8,0
only_agile,8,8,0
completely_lame,8,8,0
only_mortal,8,8,0
only_moot,8,8,0
actually_dry,8,8,0
completely_legitimate,8,8,0
much_suitable,8,8,0
always_front,8,8,0
always_female,8,8,0
strictly_good,8,8,0
simply_relevant,8,8,0
much_specific,8,8,0
ever_smooth,8,8,0
fully_realistic,8,8,0
physically_helpless,8,8,0
ever_silent,8,8,0
as_wordy,8,8,0
unintentionally_hilarious,8,8,0
strictly_concerned,8,8,0
inherently_useful,8,7,1
inherently_unusual,8,5,3
inherently_unsustainable,8,5,3
quite_analogous,8,7,1
quite_annoying,8,8,0
strictly_parallel,8,8,0
at_best,8,8,0
very_brief,8,8,0
completely_immobile,8,8,0
completely_impervious,8,8,0
inherently_real,8,7,1
strictly_natural,8,8,0
astronomically_expensive,8,8,0
completely_inaccessible,8,8,0
uniquely_evil,8,5,3
much_wealthier,8,8,0
inherently_sexy,8,6,2
fully_skilled,8,8,0
inherently_social,8,7,1
terribly_diverse,8,8,0
completely_infallible,8,8,0
inherently_stressful,8,6,2
simply_poor,8,8,0
ever_unhappy,8,8,0
thoroughly_modern,8,8,0
very_buddhist,8,8,0
inherently_unstable,8,5,3
very_arduous,8,8,0
completely_excited,8,8,0
fully_readable,8,8,0
naturally_able,8,8,0
naturally_curious,8,8,0
completely_bizarre,8,8,0
incredibly_informative,8,8,0
very_recommendable,8,8,0
exactly_durable,8,8,0
only_optimal,8,8,0
completely_bogus,8,8,0
naturally_available,8,8,0
that_nimble,8,8,0
completely_calm,8,7,1
completely_capable,8,8,0
automatically_renewable,8,8,0
completely_biodegradable,8,8,0
only_southern,8,8,0
reasonably_fit,8,8,0
very_adjustable,8,8,0
exactly_disappointing,8,8,0
incredibly_pleased,8,8,0
actually_christian,8,8,0
incredibly_positive,8,8,0
n't_worthwhile,8,8,0
physically_weak,8,8,0
actually_clean,8,8,0
exactly_delicate,8,8,0
naturally_curly,8,8,0
completely_beneficial,8,8,0
exactly_benevolent,8,8,0
only_slower,8,8,0
exactly_factual,8,8,0
exactly_eye-catching,8,8,0
exactly_extreme,8,8,0
naturally_skinny,8,8,0
very_abstract,8,8,0
always_invisible,8,7,1
that_oblivious,8,8,0
automatically_transferable,8,8,0
exactly_exemplary,8,8,0
simply_absurd,8,8,0
that_nutritious,8,8,0
always_intense,8,8,0
quite_british,8,8,0
physiologically_possible,8,8,0
only_smelly,8,8,0
simply_arbitrary,8,8,0
incredibly_fond,8,8,0
yet_christian,8,8,0
completely_automatic,8,8,0
simply_awesome,8,8,0
incredibly_healthy,8,8,0
naturally_evil,8,8,0
physiologically_addictive,8,8,0
exactly_effortless,8,8,0
incredibly_reliable,8,8,0
universally_beneficial,8,8,0
completely_comprehensible,8,8,0
simply_historical,8,8,0
completely_disastrous,8,8,0
stunningly_gorgeous,8,8,0
exactly_chummy,8,8,0
indirectly_responsible,8,8,0
only_one-sided,8,8,0
that_mild,8,8,0
simply_full,8,8,0
always_wiser,8,8,0
pretty_big,8,8,0
always_hostile,8,8,0
explicitly_true,8,8,0
really_windy,8,7,1
reasonably_close,8,8,0
quite_awful,8,8,0
automatically_evil,8,8,0
infinitely_large,8,8,0
absolutely_forbidden,8,8,0
only_obscure,8,8,0
exactly_bleak,8,8,0
physically_superior,8,8,0
completely_enthusiastic,8,8,0
exactly_bitter,8,8,0
only_straight,8,8,0
exactly_bereft,8,8,0
independently_mobile,8,8,0
independently_able,8,8,0
completely_digital,8,8,0
fundamentally_dissimilar,8,8,0
incredibly_safe,8,8,0
always_weak,8,8,0
substantially_less,8,8,0
very_airtight,8,8,0
completely_controlled,8,8,0
often_prone,8,8,0
only_onerous,8,8,0
actually_cold,8,8,0
only_stagnant,8,8,0
that_modest,8,8,0
actually_comfortable,8,8,0
incredibly_stressful,8,8,0
completely_current,8,8,0
substantially_complete,8,8,0
exactly_cordial,8,8,0
only_startling,8,8,0
simply_entertaining,8,8,0
exactly_contagious,8,8,0
that_modern,8,8,0
very_alluring,8,8,0
incredibly_tall,8,8,0
completely_dependable,8,8,0
often_speechless,8,8,0
much_sexual,8,8,0
initially_willing,8,8,0
fully_attainable,8,8,0
just_asleep,8,8,0
much_broader,8,8,0
just_ancient,8,8,0
completely_uninterested,8,8,0
much_boring,8,8,0
very_inspired,8,8,0
actually_immortal,8,8,0
only_undeserved,8,8,0
extremely_dirty,8,8,0
extremely_disappointing,8,7,1
just_arab,8,8,0
completely_unthinkable,8,8,0
always_crisp,8,8,0
only_juicy,8,8,0
always_criminal,8,8,0
just_authentic,8,8,0
actually_infinite,8,8,0
slightly_disappointed,8,8,0
too_artificial,8,8,0
pretty_smart,8,7,1
just_baseless,8,8,0
anymore_pleased,8,8,0
too_athletic,8,8,0
yet_sensitive,8,8,0
just_bilingual,8,8,0
fully_equipped,8,8,0
completely_unimportant,8,8,0
spiritually_strong,8,8,0
only_bloody,8,8,0
completely_sympathetic,8,8,0
completely_synonymous,8,8,0
fully_green,8,8,0
ever_clean,8,8,0
uniformly_effective,8,8,0
spectacularly_wrong,8,5,3
irredeemably_bad,8,7,1
really_startling,8,3,5
too_affectionate,8,8,0
only_laborious,8,8,0
singularly_responsible,8,8,0
extremely_cute,8,8,0
just_alright,8,7,1
always_delightful,8,8,0
much_conservative,8,8,0
extremely_damaging,8,8,0
much_conscious,8,8,0
only_kinder,8,8,0
just_advisable,8,8,0
much_close,8,8,0
very_intentional,8,8,0
much_challenging,8,8,0
only_unconvinced,8,8,0
completely_unhealthy,8,8,0
too_austere,8,7,1
personally_related,8,8,0
pretty_terrible,8,8,0
most_prosperous,8,8,0
most_rigorous,8,7,1
just_comparable,8,8,0
most_revolutionary,8,8,0
most_resilient,8,8,0
personally_happy,8,8,0
personally_guilty,8,8,0
always_commonplace,8,8,0
purely_white,8,8,0
most_public,8,8,0
most_prudent,8,8,0
most_proud,8,7,1
only_burdensome,8,8,0
just_bleak,8,8,0
most_pricey,8,8,0
very_honourable,8,8,0
only_inconceivable,8,8,0
even_sharp,8,8,0
considerably_lower,8,8,0
most_poetic,8,8,0
very_highest,8,7,1
most_plausible,8,8,0
only_unified,8,8,0
most_outstanding,8,8,0
as_sizeable,8,8,0
fully_closed,8,7,1
most_savvy,8,8,0
most_senior,8,8,0
as_soulful,8,8,0
most_wealthy,8,8,0
always_convinced,8,8,0
even_transparent,8,8,0
unfairly_discriminatory,8,8,0
just_brighter,8,8,0
actually_involved,8,8,0
even_tough,8,8,0
most_upbeat,8,8,0
just_calm,8,8,0
as_stormy,8,8,0
as_stodgy,8,8,0
quite_shiny,8,8,0
fully_controllable,8,8,0
too_bare,8,7,1
most_threatening,8,8,0
anymore_true,8,8,0
above_appealing,8,8,0
extremely_famous,8,8,0
just_chemical,8,8,0
only_ineligible,8,8,0
most_stunning,8,8,0
just_classic,8,8,0
most_skilful,8,8,0
much_dumber,8,7,1
physically_blind,8,8,0
always_false,8,8,0
fully_normal,8,8,0
as_vapid,8,8,0
as_utilitarian,8,7,1
completely_peaceful,8,8,0
very_lean,8,8,0
actually_expensive,8,8,0
ever_obvious,8,8,0
still_strong,8,8,0
only_anti-american,8,8,0
instantly_noticeable,8,8,0
simply_technical,8,8,0
much_nice,8,6,2
that_humble,8,8,0
still_undecided,8,5,3
ever_lucky,8,8,0
actually_false,8,8,0
intellectually_compatible,8,8,0
quite_proficient,8,8,0
as_unruly,8,8,0
fully_manifest,8,8,0
extremely_accessible,8,8,0
ever_jealous,8,8,0
only_asinine,8,8,0
only_torture,8,8,0
only_aspirational,8,8,0
very_lifelike,8,8,0
only_thrifty,8,8,0
much_emotional,8,8,0
insanely_high,8,8,0
really_sophisticated,8,5,3
strictly_authentic,8,8,0
though_much,8,8,0
strategically_wise,8,8,0
fully_professional,8,8,0
as_watchable,8,8,0
inordinately_high,8,8,0
much_real,8,8,0
insanely_beautiful,8,8,0
insanely_cool,8,7,1
much_profitable,8,8,0
only_mediocre,8,8,0
as_venerable,8,8,0
that_impulsive,8,8,0
insanely_rich,8,8,0
quite_adult,8,8,0
still_warm,8,8,0
completely_operational,8,8,0
only_ambiguous,8,8,0
very_literary,8,8,0
uniformly_thick,8,8,0
very_literal,8,8,0
physically_feasible,8,8,0
completely_outlandish,8,8,0
intellectually_interesting,8,8,0
still_hard,8,8,0
fully_live,8,8,0
extremely_cautious,8,8,0
completely_scientific,8,8,0
ever_fast,8,8,0
intentionally_violent,8,8,0
internally_inconsistent,8,7,1
fully_innocent,8,8,0
quite_purple,8,8,0
yet_achievable,8,8,0
very_seductive,8,6,2
much_fresher,8,8,0
statistically_insignificant,8,8,0
terribly_fresh,8,8,0
as_unaware,8,8,0
completely_recyclable,8,8,0
absolutely_bad,8,8,0
completely_spherical,8,8,0
as_unaffordable,8,8,0
extremely_clever,8,7,1
yet_responsive,8,8,0
much_enthusiastic,8,8,0
ever_critical,8,8,0
intrinsically_new,8,1,7
completely_stuck,8,8,0
really_underground,8,8,0
really_square,8,8,0
any_kinder,8,7,1
actually_fond,8,8,0
terribly_favorable,8,8,0
yet_actual,8,8,0
only_tougher,8,8,0
still_free,8,8,0
still_extant,8,8,0
terribly_faithful,8,8,0
together_clear,8,8,0
that_helpless,8,8,0
as_uninhabited,8,8,0
always_eco-friendly,8,8,0
only_long-lasting,8,8,0
quite_accidental,8,8,0
still_concerned,8,8,0
any_greener,8,8,0
simply_utilitarian,8,8,0
ever_guilty,8,8,0
much_impossible,8,8,0
always_dry,8,8,0
uniformly_popular,8,8,0
always_drunk,8,8,0
together_long,8,8,0
completely_sad,8,8,0
only_live,8,8,0
much_hostile,8,8,0
ever_flattering,8,8,0
completely_accidental,8,8,0
incredibly_consistent,8,8,0
explicitly_feminist,8,8,0
super_ideal,8,8,0
necessarily_unprecedented,8,8,0
exactly_unwarranted,8,8,0
super_lightweight,8,8,0
usually_late,8,8,0
utterly_hopeless,8,8,0
yet_global,8,8,0
only_pro-choice,8,8,0
exactly_uniform,8,8,0
quite_dirty,8,8,0
necessarily_trivial,8,8,0
historically_reliable,8,7,1
exactly_undiscovered,8,7,1
remotely_right,8,7,1
very_official,8,8,0
quite_direct,8,8,0
remotely_real,8,5,3
remotely_radical,8,4,4
only_passe,8,8,0
necessarily_susceptible,8,8,0
exactly_tropical,8,8,0
super_gorgeous,8,8,0
always_scientific,8,8,0
necessarily_stunning,8,8,0
politically_wrong,8,6,2
exactly_unwelcome,8,8,0
necessarily_unrelated,8,8,0
surprisingly_enough,8,8,0
quite_functional,8,8,0
better_worth,8,7,1
highly_subjective,8,8,0
exactly_wise,8,8,0
needlessly_complicated,8,8,0
grossly_inappropriate,8,7,1
always_soft,8,8,0
highly_unethical,8,8,0
that_social,8,7,1
that_sneaky,8,8,0
necessarily_weaker,8,8,0
highly_viscous,8,8,0
greatly_worried,8,8,0
historically_authentic,8,8,0
super_nervous,8,8,0
greatly_successful,8,8,0
only_priceless,8,8,0
surprisingly_more,8,8,0
usually_more,8,8,0
remotely_satisfied,8,8,0
only_pricey,8,8,0
exactly_valid,8,8,0
yet_guilty,8,7,1
exactly_urgent,8,8,0
both_true,8,8,0
systematically_related,8,8,0
broadly_appealing,8,8,0
super_fit,8,8,0
horribly_slow,8,8,0
geographically_diverse,8,8,0
necessarily_quiet,8,8,0
geographically_distant,8,7,1
necessarily_quality,8,8,0
usually_crowded,8,8,0
necessarily_proper,8,8,0
geographically_contiguous,8,8,0
necessarily_prone,8,8,0
precisely_parallel,8,8,0
super_conducive,8,8,0
necessarily_pro-business,8,8,0
necessarily_privileged,8,8,0
tad_hypocritical,8,8,0
super_compelling,8,5,3
necessarily_prevalent,8,8,0
necessarily_prepared,8,8,0
yet_expert,8,8,0
excessively_rich,8,8,0
exactly_slim,8,8,0
only_palpable,8,8,0
seriously_amiss,8,5,3
horrifically_bad,8,8,0
necessarily_plausible,8,8,0
politically_radical,8,8,0
technically_alone,8,8,0
self_evident,8,8,0
super_crunchy,8,8,0
always_reproducible,8,8,0
academically_minded,8,8,0
exactly_terrifying,8,8,0
notably_worse,8,8,0
always_robust,8,8,0
exactly_tempting,8,8,0
noticeably_bad,8,7,1
only_purposeful,8,8,0
usually_exciting,8,8,0
usually_evident,8,8,0
really_shit,8,8,0
exactly_taboo,8,8,0
politically_unified,8,8,0
very_pink,8,8,0
seismically_safe,8,8,0
brutally_hot,8,8,0
remotely_obvious,8,7,1
remotely_objective,8,6,2
exactly_sunny,8,8,0
necessarily_rude,8,8,0
always_respectable,8,8,0
quite_dense,8,8,0
exactly_strange,8,8,0
always_reputable,8,8,0
highly_speculative,8,8,0
always_sophisticated,8,8,0
therefore_easy,8,8,0
super_savvy,8,8,0
not_empty,8,8,0
ridiculously_fun,8,8,0
always_tactful,8,8,0
harshly_critical,8,7,1
super_significant,8,6,2
quite_extreme,8,8,0
quite_factual,8,8,0
only_poetic,8,8,0
not_creepy,8,8,0
not_conservative,8,8,0
highly_difficult,8,8,0
exceptionally_different,8,5,3
not_evil,8,8,0
hardly_enough,8,7,1
not_cold,8,8,0
not_clean,8,8,0
blatantly_unconstitutional,8,8,0
ridiculously_simple,8,8,0
biologically_identical,8,8,0
blatantly_visible,8,7,1
highly_emotional,8,6,2
that_straight,8,8,0
remotely_suitable,8,8,0
exceptionally_comfortable,8,8,0
not_reliable,8,8,0
only_plain,8,8,0
only_prejudicial,8,8,0
quite_ethical,8,8,0
super_wide,8,8,0
super_unusual,8,7,1
that_superior,8,8,0
super_uncommon,8,8,0
quite_efficient,8,8,0
super_uncomfortable,8,7,1
absolutely_terrifying,8,8,0
only_perverse,8,8,0
not_least,8,5,3
super_sturdy,8,8,0
not_involved,8,7,1
always_top-notch,8,8,0
potentially_useful,8,8,0
not_pure,8,7,1
exceptionally_nice,8,8,0
super_yummy,8,8,0
that_tidy,8,8,0
super_spectacular,8,2,6
exceptionally_low,8,8,0
utterly_dependent,8,8,0
highly_advisable,8,8,0
that_stubborn,8,8,0
not_fat,8,8,0
super_slim,8,8,0
quite_favorable,8,8,0
only_perilous,8,8,0
highly_familiar,8,8,0
yet_huge,8,8,0
yet_hungry,8,8,0
always_spot-on,8,8,0
no_higher,8,8,0
no_greater,8,6,2
very_partisan,8,8,0
always_spontaneous,8,8,0
nit_picky,8,8,0
quite_flexible,8,8,0
usually_productive,8,8,0
usually_problematic,8,8,0
always_speedy,8,8,0
scientifically_impossible,8,5,3
not_alive,8,8,0
surprisingly_easy,8,8,0
that_spacious,8,8,0
usually_positive,8,8,0
not_stupid,8,8,0
scientifically_necessary,8,8,0
highly_resilient,8,8,0
grossly_overpriced,8,8,0
not_supportive,8,7,1
highly_scientific,8,8,0
never_gonna,8,8,0
thats_ok,8,8,0
ruthlessly_efficient,8,8,0
always_square,8,8,0
quite_flattering,8,8,0
ruggedly_handsome,8,8,0
that_stellar,8,8,0
normally_worth,8,8,0
highly_improbable,8,8,0
highly_influential,8,8,0
excessively_costly,8,8,0
highly_lucrative,8,8,0
yet_impressive,8,8,0
usually_short,8,8,0
not_sick,8,8,0
absurdly_expensive,8,8,0
always_strict,8,8,0
that_valid,8,8,0
not_simple,8,8,0
highly_partisan,8,8,0
highly_pigmented,8,8,0
half_dead,8,8,0
highly_political,8,8,0
absurdly_high,8,8,0
normally_evident,8,8,0
normally_enough,8,8,0
normally_easy,8,8,0
normally_difficult,8,8,0
grossly_wrong,8,5,3
super_casual,8,8,0
yet_more,8,7,1
technically_different,8,7,1
always_malignant,8,8,0
exactly_laden,8,8,0
yet_oversold,8,8,0
technologically_adept,8,8,0
vaguely_true,8,8,0
that_pigmented,8,8,0
obviously_useful,8,8,0
quite_lucid,8,8,0
necessarily_bored,8,8,0
immediately_suspicious,8,8,0
exactly_intentional,8,8,0
only_sentimental,8,8,0
generally_free,8,8,0
generally_keen,8,8,0
quite_male,8,8,0
off_easy,8,8,0
always_luxurious,8,8,0
immediately_viable,8,8,0
necessarily_attainable,8,8,0
technologically_inclined,8,8,0
necessarily_artistic,8,7,1
excruciatingly_difficult,8,7,1
quite_massive,8,8,0
necessarily_amenable,8,8,0
sufficiently_focused,8,8,0
immediately_productive,8,8,0
cognitively_able,8,8,0
necessarily_outstanding,8,8,0
necessarily_conventional,8,8,0
politically_beneficial,8,8,0
necessarily_deliberate,8,8,0
exactly_massive,8,8,0
yet_curable,8,8,0
technically_superior,8,8,0
necessarily_deeper,8,8,0
necessarily_curable,8,8,0
politically_attractive,8,8,0
yet_crowded,8,8,0
necessarily_convinced,8,8,0
clinically_effective,8,8,0
necessarily_contemporary,8,8,0
yet_convincing,8,8,0
clinically_obese,8,8,0
necessarily_confidential,8,8,0
exclusively_religious,8,8,0
necessarily_competent,8,8,0
sexually_inappropriate,8,5,3
politically_ambitious,8,8,0
reliably_conservative,8,8,0
exclusively_sexual,8,8,0
only_seductive,8,8,0
exactly_lazy,8,8,0
really_selfish,8,8,0
necessarily_allergic,8,8,0
immensely_powerful,8,8,0
awfully_good,8,8,0
significantly_older,8,8,0
sufficiently_consistent,8,8,0
exactly_greek,8,8,0
significantly_easier,8,8,0
absolutely_incredible,8,7,1
universally_terrible,8,8,0
nearly_hot,8,8,0
significantly_lighter,8,8,0
quite_motivated,8,8,0
always_usable,8,8,0
that_obtuse,8,8,0
reasonably_subject,8,8,0
nearly_empty,8,7,1
sufficiently_fluent,8,8,0
nearly_dead,8,8,0
sufficiently_assertive,8,8,0
universally_present,8,8,0
nearly_cynical,8,8,0
always_joyous,8,8,0
yet_commercial,8,8,0
further_advanced,8,8,0
nearly_cold,8,7,1
significantly_superior,8,7,1
very_abnormal,8,7,1
incredibly_bad,8,7,1
always_life-threatening,8,8,0
only_shy,8,8,0
exactly_hard-hitting,8,8,0
nearly_popular,8,8,0
comically_bad,8,8,0
necessarily_akin,8,8,0
sufficiently_firm,8,8,0
necessarily_adequate,8,8,0
sufficiently_fashionable,8,8,0
exactly_idyllic,8,7,1
exactly_idle,8,8,0
sufficiently_extensible,8,8,0
generally_common,8,8,0
officially_unemployed,8,8,0
officially_welcome,8,8,0
shockingly_different,8,7,1
very_pushy,8,8,0
nearly_skilled,8,8,0
exactly_high-tech,8,8,0
often_accessible,8,8,0
nearly_severe,8,8,0
quite_casual,8,8,0
sufficiently_creative,8,8,0
exactly_harmonious,8,8,0
exactly_harmful,8,8,0
commercially_valuable,8,8,0
only_short-term,8,8,0
exactly_meaningful,8,8,0
actively_racist,8,8,0
necessarily_deterministic,8,8,0
genuinely_disabled,8,8,0
exactly_replete,8,8,0
that_relatable,8,8,0
exactly_refreshing,8,8,0
necessarily_louder,8,8,0
chemically_dependent,8,8,0
hugely_enthusiastic,8,8,0
necessarily_lethal,8,8,0
necessarily_less,8,8,0
hugely_famous,8,8,0
unusually_small,8,8,0
nowhere_close,8,6,2
hugely_happy,8,8,0
technically_interesting,8,8,0
sufficiently_thick,8,8,0
basically_different,8,8,0
that_recognizable,8,8,0
sufficiently_sympathetic,8,8,0
quite_inspiring,8,8,0
necessarily_ineffective,8,8,0
necessarily_incompetent,8,8,0
necessarily_inclusive,8,8,0
hugely_new,8,4,4
only_respected,8,8,0
seriously_sick,8,8,0
that_related,8,8,0
quite_creepy,8,8,0
now_safe,8,8,0
achingly_sweet,8,8,0
remotely_fresh,8,3,5
technically_endangered,8,8,0
necessarily_older,8,8,0
remotely_famous,8,8,0
that_respectful,8,8,0
necessarily_odd,8,8,0
super_adventurous,8,8,0
achingly_beautiful,8,8,0
now_interested,8,8,0
now_likely,8,8,0
necessarily_noteworthy,8,6,2
necessarily_notable,8,8,0
hugely_active,8,8,0
necessarily_nervous,8,8,0
only_regular,8,8,0
sufficiently_wise,8,8,0
sufficiently_willing,8,8,0
usually_active,8,8,0
always_unfounded,8,8,0
necessarily_naive,8,8,0
only_regulatory,8,8,0
sufficiently_warm,8,8,0
exactly_rewarding,8,8,0
very_practicable,8,8,0
nutritionally_superior,8,7,1
quite_cohesive,8,8,0
generally_serious,8,8,0
necessarily_extraordinary,8,7,1
obscenely_rich,8,8,0
necessarily_explosive,8,8,0
quite_jewish,8,8,0
exactly_nutritious,8,8,0
generally_supportive,8,8,0
generally_sufficient,8,8,0
obviously_available,8,8,0
exactly_noble,8,8,0
necessarily_economical,8,6,2
theologically_sound,8,8,0
necessarily_dumb,8,8,0
precisely_wrong,8,8,0
quite_last,8,8,0
immediately_compelling,8,8,0
sufficiently_objective,8,8,0
sexually_appealing,8,6,2
religiously_inclined,8,7,1
generally_quick,8,8,0
clearly_right,8,8,0
necessarily_disruptive,8,8,0
immediately_conscious,8,8,0
necessarily_dirty,8,8,0
generally_practical,8,8,0
only_riveting,8,8,0
only_rigorous,8,8,0
sufficiently_pure,8,8,0
obscenely_expensive,8,7,1
genetically_pure,8,8,0
yet_distinct,8,8,0
exactly_powerful,8,8,0
theologically_accurate,8,8,0
hugely_reliable,8,8,0
that_racist,8,8,0
remotely_boring,8,8,0
clearly_black,8,8,0
seriously_unwell,8,8,0
necessarily_handsome,8,8,0
necessarily_grateful,8,8,0
exactly_permanent,8,8,0
quite_involved,8,8,0
exclusively_catholic,8,7,1
exactly_peachy,8,8,0
necessarily_gloomy,8,8,0
exactly_patient,8,8,0
sufficiently_satisfied,8,8,0
barely_able,8,7,1
clearly_different,8,8,0
clearly_distinct,8,8,0
remotely_akin,8,7,1
sufficiently_quick,8,8,0
very_hidden,8,8,0
quite_sad,8,8,0
even_scientific,8,7,1
financially_productive,8,8,0
as_kinetic,8,8,0
just_secondary,8,8,0
purely_autobiographical,8,8,0
outright_hilarious,8,8,0
particularly_remote,8,8,0
as_irreverent,8,8,0
more_gray,8,7,1
especially_small,8,8,0
just_sharp,8,8,0
especially_simple,8,6,2
especially_shy,8,8,0
that_crass,8,8,0
particularly_resonant,8,8,0
outright_insane,8,8,0
more_gifted,8,8,0
more_giddy,8,8,0
just_shorter,8,8,0
just_silent,8,8,0
just_silver,8,8,0
truly_meaningful,8,5,3
as_intransigent,8,8,0
as_intractable,8,8,0
as_intolerant,8,8,0
just_skinny,8,8,0
as_carcinogenic,8,8,0
outright_harmful,8,8,0
as_clingy,8,8,0
more_homophobic,8,8,0
purely_descriptive,8,8,0
more_humorous,8,6,2
as_lethargic,8,8,0
outright_criminal,8,8,0
just_resilient,8,8,0
financially_significant,8,8,0
outright_deceptive,8,8,0
financially_self-sufficient,8,8,0
too_granular,8,8,0
just_retro,8,8,0
too_gratuitous,8,6,2
more_homey,8,2,6
particularly_responsible,8,8,0
especially_thick,8,8,0
particularly_roomy,8,7,1
just_roomy,8,8,0
especially_technical,8,8,0
as_large-scale,8,8,0
really_incorrect,8,8,0
also_ready,8,8,0
only_customary,8,8,0
as_capricious,8,8,0
widely_appealing,8,8,0
rather_odd,8,8,0
only_ephemeral,8,8,0
truly_magical,8,7,1
altogether_bleak,8,7,1
definitively_better,8,8,0
viscerally_satisfying,8,8,0
more_expedient,8,8,0
outwardly_affectionate,8,8,0
particularly_poetic,8,8,0
that_contentious,8,8,0
as_individualistic,8,7,1
just_suggestive,8,8,0
just_superb,8,8,0
too_hyped,8,7,1
outwardly_emotional,8,8,0
truly_homeless,8,8,0
as_compulsive,8,8,0
just_strategic,8,8,0
more_emotive,8,5,3
just_swell,8,8,0
especially_offensive,8,6,2
especially_obvious,8,7,1
more_egalitarian,8,6,2
truly_groundbreaking,8,4,4
that_conservative,8,8,0
more_effectual,8,5,3
deliberately_cruel,8,8,0
really_tragic,8,5,3
more_eclectic,8,8,0
very_desirous,8,8,0
as_inexplicable,8,8,0
especially_robust,8,8,0
deeply_worried,8,8,0
particularly_professional,8,7,1
truly_local,8,6,2
as_inspired,8,8,0
outright_rude,8,8,0
so_degrading,8,5,3
more_flawed,8,8,0
more_flat,8,6,2
as_coincidental,8,7,1
just_spicy,8,8,0
as_inscrutable,8,8,0
purely_abstract,8,8,0
terribly_thrilling,8,6,2
just_straightforward,8,8,0
really_hardcore,8,8,0
so_delectable,8,8,0
financially_irresponsible,8,8,0
just_stale,8,8,0
more_fatigued,8,8,0
just_standard,8,8,0
particularly_prestigious,8,7,1
as_inhuman,8,8,0
that_conversant,8,8,0
more_far-reaching,8,8,0
just_stinky,8,8,0
as_libertarian,8,8,0
just_repetitive,8,8,0
as_life-changing,8,7,1
as_misogynistic,8,8,0
more_mischievous,8,6,2
just_peculiar,8,8,0
so_contrite,8,8,0
terribly_simple,8,8,0
as_morose,8,8,0
more_melancholy,8,6,2
too_explosive,8,7,1
also_worried,8,8,0
more_manifest,8,5,3
as_mistaken,8,8,0
too_exuberant,8,6,2
as_misleading,8,8,0
damn_serious,8,8,0
just_playable,8,8,0
too_fake,8,6,2
particularly_suspicious,8,6,2
as_misguided,8,8,0
truly_transparent,8,8,0
as_mischievous,8,8,0
as_miniscule,8,8,0
more_livable,8,8,0
extremely_unusual,8,7,1
more_liquid,8,7,1
too_fascinating,8,7,1
really_mean,8,7,1
extremely_toxic,8,8,0
widely_familiar,8,8,0
altogether_apparent,8,8,0
really_minded,8,8,0
more_ok,8,8,0
particularly_tragic,8,6,2
as_nerve-wracking,8,8,0
just_oppressive,8,8,0
more_noxious,8,3,5
typically_active,8,8,0
just_original,8,8,0
more_new,8,8,0
really_messy,8,7,1
as_alarmed,8,8,0
wildly_excited,8,8,0
damn_sad,8,8,0
as_alarmist,8,8,0
more_narrow,8,8,0
as_myopic,8,8,0
more_muscular,8,8,0
ethically_justifiable,8,8,0
too_ethical,8,7,1
just_particular,8,8,0
more_monumental,8,5,3
more_monotonous,8,3,5
just_past,8,8,0
terribly_similar,8,8,0
only_creamy,8,8,0
dangerously_hot,8,8,0
as_meaningless,8,8,0
only_crunchy,8,8,0
truly_scared,8,8,0
more_innocuous,8,6,2
truly_sad,8,8,0
so_curly,8,8,0
too_freaky,8,7,1
really_islamic,8,8,0
only_crowded,8,8,0
more_inept,8,8,0
deathly_allergic,8,8,0
too_fuzzy,8,8,0
yet_unanimous,8,8,0
especially_wonderful,8,8,0
dangerously_naive,8,8,0
especially_wise,8,8,0
extremely_vocal,8,8,0
more_incendiary,8,6,2
adequately_tiny,8,8,0
professionally_competent,8,8,0
professionally_excellent,8,8,0
particularly_selective,8,8,0
especially_upset,8,8,0
more_ill,8,8,0
about_hard,8,7,1
as_bossy,8,8,0
truly_scientific,8,7,1
really_justifiable,8,8,0
as_awestruck,8,8,0
as_mandatory,8,8,0
as_atypical,8,8,0
really_lucrative,8,8,0
too_ferocious,8,7,1
too_fiery,8,7,1
really_loose,8,8,0
as_authoritarian,8,8,0
probably_worth,8,8,0
more_invisible,8,7,1
just_prolific,8,8,0
truly_solid,8,5,3
also_tough,8,8,0
only_crisp,8,8,0
particularly_spontaneous,8,8,0
more_intolerant,8,4,4
only_exploitative,8,8,0
essentially_free,8,8,0
more_international,8,7,1
truly_simple,8,8,0
darn_hot,8,8,0
particularly_sour,8,8,0
extremely_urgent,8,8,0
probably_wrong,8,7,1
terribly_strange,8,7,1
only_deliberate,8,8,0
only_delicate,8,8,0
as_congenial,8,8,0
overly_depressing,8,7,1
legally_problematic,8,8,0
all_american,8,8,0
too_loyal,8,8,0
far_inferior,8,8,0
legally_separate,8,8,0
legally_sound,8,8,0
tremendously_important,8,7,1
morally_weak,8,8,0
especially_bitter,8,8,0
overly_delicate,8,8,0
wholly_predictable,8,8,0
less_acute,8,8,0
far_lower,8,8,0
tremendously_effective,8,8,0
morally_pure,8,8,0
less_adamant,8,8,0
so_elated,8,8,0
so_electric,8,8,0
tremendously_difficult,8,8,0
publicly_acceptable,8,8,0
as_distressed,8,8,0
less_agreeable,8,7,1
morally_justified,8,7,1
that_breathtaking,8,8,0
especially_charismatic,8,8,0
legally_obtainable,8,8,0
as_dicey,8,8,0
so_dormant,8,8,0
directly_helpful,8,8,0
as_gratuitous,8,8,0
directly_important,8,8,0
more_ardent,8,3,5
only_efficacious,8,8,0
legally_accurate,8,8,0
very_deliberate,8,8,0
especially_credible,8,8,0
especially_crazy,8,8,0
as_discriminatory,8,8,0
overly_confrontational,8,8,0
somewhat_different,8,8,0
all_aggressive,8,8,0
directly_perceptible,8,8,0
legally_effective,8,8,0
so_dour,8,8,0
all_accessible,8,8,0
too_limp,8,8,0
particularly_intimate,8,6,2
as_disorganized,8,8,0
particularly_inspirational,8,7,1
directly_responsive,8,8,0
more_adult,8,5,3
more_addicting,8,6,2
especially_afraid,8,7,1
as_frosty,8,8,0
overly_distinctive,8,8,0
overly_flexible,8,8,0
as_entrenched,8,8,0
really_damaging,8,6,2
double_blind,8,8,0
so_feminine,8,8,0
wholly_pessimistic,8,8,0
so_fictitious,8,8,0
so_fiery,8,8,0
as_fastidious,8,8,0
provably_fair,8,8,0
less_convinced,8,7,1
all_bored,8,8,0
only_dissatisfied,8,8,0
that_accommodating,8,8,0
militarily_useful,8,8,0
as_false,8,8,0
abnormally_cold,8,8,0
overly_focused,8,8,0
that_approachable,8,8,0
so_fragrant,8,8,0
downright_boring,8,8,0
readily_comprehensible,8,8,0
as_excitable,8,8,0
so_frazzled,8,8,0
less_dark,8,8,0
as_feral,8,8,0
equally_susceptible,8,8,0
very_defensible,8,8,0
already_predisposed,8,8,0
overly_distressed,8,8,0
morally_fit,8,8,0
so_enthralling,8,8,0
really_top,8,8,0
so_enviable,8,7,1
too_mellow,8,8,0
properly_secure,8,8,0
overly_ecstatic,8,8,0
so_eternal,8,7,1
less_awkward,8,7,1
as_educated,8,8,0
sometimes_impossible,8,8,0
very_debatable,8,7,1
so_exaggerated,8,8,0
so_excitable,8,8,0
too_mindful,8,8,0
as_egotistical,8,8,0
that_benign,8,8,0
too_minor,8,6,2
too_misleading,8,8,0
overly_enjoyable,8,8,0
that_affectionate,8,8,0
so_fab,8,8,0
particularly_kinky,8,6,2
overly_clingy,8,8,0
really_fearful,8,8,0
too_influential,8,8,0
wholly_unaware,8,8,0
as_hurt,8,8,0
just_unconvincing,8,8,0
terribly_urgent,8,6,2
too_inexpensive,8,7,1
too_inexperienced,8,8,0
more_dark,8,4,4
as_criminal,8,8,0
as_crippling,8,8,0
properly_clean,8,8,0
as_cunning,8,8,0
also_eligible,8,8,0
over_full,8,8,0
just_universal,8,7,1
just_unkind,8,8,0
as_customary,8,8,0
as_customisable,8,8,0
as_damp,8,8,0
just_unlucky,8,8,0
as_homey,8,7,1
really_elegant,8,6,2
really_effortless,8,8,0
particularly_needy,8,8,0
especially_heroic,8,5,3
as_hyped,8,7,1
more_delusional,8,6,2
too_juvenile,8,8,0
truly_familiar,8,8,0
truly_funny,8,8,0
particularly_patient,8,8,0
terribly_unhealthy,8,8,0
so_despondent,8,8,0
about_conservative,8,8,0
just_thick,8,8,0
really_far-fetched,8,8,0
really_fake,8,8,0
truly_final,8,8,0
just_timeless,8,8,0
truly_fantastic,8,4,4
that_committed,8,8,0
as_idle,8,8,0
just_top,8,8,0
truly_extraordinary,8,2,6
especially_lovable,8,6,2
financially_better,8,8,0
over_correct,8,8,0
truly_enough,8,8,0
more_devious,8,5,3
financially_accountable,8,8,0
wholly_undeserved,8,8,0
just_un-american,8,8,0
more_demonstrative,8,4,4
really_economic,8,8,0
more_condescending,8,6,2
very_damning,8,8,0
only_detectable,8,8,0
also_beneficial,8,8,0
also_bad,8,8,0
especially_fashionable,8,8,0
fiercely_independent,8,8,0
visually_beautiful,8,7,1
that_cheesy,8,8,0
as_demure,8,8,0
really_thorough,8,8,0
especially_enjoyable,8,8,0
as_hardworking,8,8,0
just_younger,8,8,0
keenly_interested,8,8,0
too_insular,8,8,0
also_advisable,8,8,0
as_deranged,8,8,0
that_chaotic,8,8,0
more_befitting,8,7,1
more_barbaric,8,5,3
as_deterministic,8,8,0
particularly_linear,8,8,0
more_bad,8,6,2
fairly_large,8,8,0
knowingly_understated,8,8,0
directly_editable,8,8,0
directly_able,8,8,0
truly_angry,8,8,0
just_western,8,8,0
more_bright,8,7,1
truly_close,8,8,0
rather_strange,8,8,0
overly_accurate,8,8,0
too_insulting,8,8,0
more_collaborative,8,8,0
as_heterogeneous,8,8,0
particularly_moral,8,8,0
more_cliched,8,6,2
more_cliche,8,5,3
just_user-friendly,8,8,0
overly_alarmist,8,6,2
overly_alcoholic,8,8,0
more_cinematic,8,7,1
more_cheap,8,7,1
as_deferential,8,8,0
particularly_mindful,8,8,0
as_heated,8,8,0
also_certain,8,8,0
just_vicious,8,8,0
truly_autonomous,8,7,1
particularly_meaty,8,7,1
so_disjointed,8,8,0
as_deleterious,8,8,0
as_aged,8,8,0
particularly_stealthy,8,7,1
more_unreliable,8,8,0
just_glamorous,8,8,0
altogether_undeserved,8,8,0
more_weighty,8,5,3
just_gonna,8,8,0
too_contentious,8,6,2
frequently_angry,8,8,0
more_vociferous,8,5,3
as_reclusive,8,8,0
only_whole,8,8,0
freely_open,8,8,0
really_such,8,8,0
only_wicked,8,8,0
appreciably_greater,8,8,0
more_vehement,8,8,0
too_conventional,8,8,0
terribly_necessary,8,7,1
only_wishful,8,8,0
terribly_negative,8,8,0
even_impossible,8,8,0
altogether_stable,8,8,0
terribly_newsworthy,8,7,1
just_haphazard,8,8,0
so_brown,8,8,0
ultimately_satisfied,8,8,0
more_western,8,4,4
only_homophobic,8,8,0
terribly_likeable,8,8,0
frequently_available,8,8,0
just_flattering,8,8,0
only_horrific,8,8,0
quite_valuable,8,8,0
as_repugnant,8,8,0
even_low,8,8,0
quite_vegan,8,8,0
too_complete,8,8,0
just_fragile,8,8,0
primarily_physical,8,8,0
most_amicable,8,8,0
most_american,8,8,0
only_horizontal,8,8,0
only_vocal,8,8,0
too_confidential,8,6,2
terribly_mobile,8,8,0
even_israeli,8,8,0
most_accommodating,8,8,0
very_flowery,8,8,0
more_worthless,8,5,3
just_genetic,8,8,0
more_worrying,8,7,1
apparently_willing,8,7,1
more_wondrous,8,6,2
even_ideal,8,8,0
perfectly_possible,8,8,0
appreciably_worse,8,6,2
only_heartfelt,8,8,0
too_crucial,8,8,0
very_excessive,8,8,0
just_horrific,8,8,0
actually_silent,8,8,0
as_prime,8,8,0
very_exacting,8,8,0
more_truer,8,8,0
openly_defiant,8,7,1
only_collaborative,8,8,0
very_european,8,8,0
more_tough,8,6,2
actually_smaller,8,8,0
extremely_precise,8,8,0
very_epic,8,8,0
purely_partisan,8,7,1
actually_solid,8,8,0
just_illogical,8,8,0
even_female,8,8,0
just_imminent,8,8,0
really_purple,8,8,0
just_impatient,8,7,1
even_faithful,8,8,0
too_deadly,8,7,1
only_cognitive,8,8,0
as_profane,8,7,1
more_uncomplicated,8,7,1
so_bureaucratic,8,8,0
so_buggy,8,8,0
terribly_notable,8,4,4
too_cosy,8,7,1
just_hateful,8,8,0
really_regular,8,7,1
just_hazardous,8,8,0
more_orderly,8,7,1
extremely_original,8,6,2
yet_synonymous,8,8,0
only_hardy,8,8,0
openly_affectionate,8,8,0
so_cartoonish,8,8,0
actually_satisfied,8,8,0
extremely_passionate,8,8,0
that_enlightening,8,8,0
too_crappy,8,8,0
extremely_patient,8,8,0
that_energetic,8,8,0
too_credible,8,7,1
as_promiscuous,8,8,0
quite_wise,8,8,0
so_caring,8,8,0
even_male,8,8,0
very_fragile,8,8,0
altogether_obvious,8,8,0
quite_subtle,8,8,0
just_dependant,8,8,0
just_deplorable,8,8,0
even_reflective,8,8,0
purely_spiritual,8,8,0
always_candid,8,8,0
consistently_healthy,8,8,0
always_cancerous,8,8,0
most_intimidating,8,8,0
most_intimate,8,8,0
extremely_inconvenient,8,8,0
just_disgraceful,8,8,0
just_distant,8,8,0
purely_social,8,8,0
extremely_informative,8,8,0
consistently_related,8,8,0
most_hilarious,8,8,0
so_allergic,8,8,0
purely_selfish,8,8,0
always_biological,8,8,0
always_bigger,8,8,0
only_immaculate,8,8,0
quite_terrible,8,7,1
most_happy,8,8,0
just_democratic,8,8,0
even_remarkable,8,6,2
even_meaningful,8,8,0
as_self-contained,8,8,0
only_imprecise,8,8,0
consistently_brilliant,8,8,0
just_crisp,8,8,0
very_hazardous,8,8,0
personally_accountable,8,8,0
actually_more,8,8,0
as_short-lived,8,8,0
very_hardcore,8,8,0
as_shabby,8,8,0
even_ripe,8,8,0
unduly_expensive,8,8,0
just_damp,8,6,2
only_immortal,8,8,0
very_slim,8,8,0
so_absent,8,7,1
too_buggy,8,8,0
actually_natural,8,8,0
as_sensual,8,8,0
that_fat,8,8,0
quite_stylish,8,8,0
apparently_available,8,8,0
most_lavish,8,8,0
fully_adult,8,8,0
only_unrelated,8,8,0
consistently_simple,8,8,0
too_central,8,6,2
quite_thrilled,8,8,0
most_disappointing,8,8,0
most_devout,8,8,0
just_excessive,8,8,0
even_negative,8,8,0
most_democratic,8,8,0
just_exhausting,8,7,1
extremely_limited,8,8,0
most_daunting,8,8,0
so_auspicious,8,8,0
that_experienced,8,8,0
quite_unusual,8,8,0
terribly_late,8,8,0
as_revealing,8,8,0
apparently_ready,8,8,0
most_conscientious,8,8,0
apparently_related,8,8,0
always_accidental,8,8,0
most_compact,8,8,0
very_frank,8,7,1
most_comfy,8,8,0
really_replaceable,8,8,0
very_fragrant,8,8,0
so_awestruck,8,8,0
most_disturbing,8,8,0
actually_pink,8,8,0
constantly_feasible,8,8,0
most_evident,8,7,1
so_ample,8,8,0
always_awful,8,8,0
that_fanatical,8,8,0
only_imaginable,8,8,0
so_antsy,8,8,0
quite_total,8,8,0
very_german,8,8,0
primarily_financial,8,8,0
even_overweight,8,8,0
as_routine,8,8,0
uncomfortably_close,8,8,0
too_classic,8,8,0
terribly_inventive,8,8,0
constantly_busy,8,8,0
as_robotic,8,8,0
most_elite,8,8,0
so_ardent,8,7,1
just_epic,8,8,0
just_ethical,8,8,0
only_unsure,8,8,0
only_hygienic,8,8,0
constantly_effortless,8,8,0
as_ponderous,8,8,0
not_political,8,8,0
actually_static,8,8,0
currently_deductible,8,8,0
even_comprehensible,8,8,0
as_painstaking,8,8,0
too_dismal,8,8,0
too_dismayed,8,8,0
more_restful,8,4,4
altogether_harmonious,8,8,0
as_overdone,8,8,0
as_overblown,8,7,1
more_republican,8,7,1
actually_unlimited,8,8,0
extremely_satisfied,8,8,0
very_unhealthy,8,8,0
more_regal,8,6,2
terribly_representative,8,8,0
really_troubling,8,5,3
currently_fashionable,8,8,0
terribly_rich,8,8,0
that_distinguishable,8,8,0
altogether_foreign,8,8,0
altogether_foolish,8,8,0
patently_unfair,8,8,0
very_dull,8,8,0
even_brown,8,8,0
very_edgy,8,8,0
culturally_important,8,8,0
perfectly_certain,8,8,0
perfectly_black,8,8,0
terribly_pricey,8,7,1
more_sexier,8,2,6
culturally_neutral,8,8,0
more_serendipitous,8,8,0
more_separate,8,8,0
very_contemporary,8,8,0
more_secretive,8,7,1
extremely_safe,8,8,0
even_cooler,8,8,0
that_dreadful,8,8,0
too_discerning,8,7,1
purely_mental,8,7,1
more_savory,8,6,2
really_parallel,8,8,0
more_sanitary,8,8,0
just_less,8,8,0
peculiarly_american,8,7,1
currently_good,8,8,0
just_marvelous,8,8,0
that_dull,8,8,0
very_discriminating,8,8,0
too_dynamic,8,5,3
too_earthy,8,8,0
currently_unavailable,8,8,0
so_compulsive,8,8,0
specially_interested,8,8,0
wildly_funny,8,8,0
particularly_unpleasant,8,8,0
only_considerate,8,8,0
so_concentrated,8,8,0
otherwise_evident,8,8,0
altogether_convinced,8,8,0
altogether_common,8,8,0
as_abstract,8,8,0
otherwise_familiar,8,8,0
terribly_satisfactory,8,8,0
fiscally_sound,8,8,0
just_nonsensical,8,8,0
as_noxious,8,8,0
very_conversational,8,8,0
just_obnoxious,8,8,0
currently_sufficient,8,8,0
actually_waterproof,8,8,0
wildly_impressive,8,8,0
very_urban,8,8,0
typically_high,8,8,0
even_bold,8,8,0
just_mature,8,8,0
altogether_familiar,8,8,0
as_oppressed,8,8,0
as_opposite,8,8,0
more_prompt,8,7,1
just_mere,8,8,0
extremely_simple,8,8,0
actually_valuable,8,8,0
particularly_valid,8,8,0
particularly_virulent,8,8,0
just_minimal,8,8,0
more_presidential,8,6,2
altogether_desirable,8,8,0
currently_public,8,8,0
really_native,8,8,0
more_predictive,8,8,0
really_tedious,8,8,0
more_populous,8,8,0
just_irish,8,7,1
currently_competitive,8,8,0
operationally_feasible,8,8,0
so_claustrophobic,8,7,1
more_superficial,8,7,1
very_empathic,8,8,0
even_enforceable,8,8,0
so_chubby,8,8,0
really_practicable,8,8,0
just_inept,8,8,0
so_chunky,8,8,0
just_incompatible,8,8,0
very_enamored,8,8,0
just_ineffectual,8,8,0
just_intimate,8,8,0
more_soft,8,5,3
more_socialist,8,8,0
more_soulful,8,6,2
even_democratic,8,8,0
really_pretty,8,8,0
only_funnier,8,8,0
very_tropical,8,8,0
actually_subject,8,8,0
just_interactive,8,8,0
even_doable,8,8,0
quite_complex,7,7,0
yet_quantifiable,7,7,0
that_gentle,7,7,0
about_fast,7,7,0
pretty_tasty,7,7,0
quite_broad,7,7,0
pretty_small,7,7,0
that_phenomenal,7,7,0
far_healthier,7,7,0
technically_untrue,7,7,0
all_nasty,7,7,0
painfully_evident,7,7,0
precisely_analogous,7,7,0
terribly_threatening,7,7,0
extremely_innovative,7,7,0
real_fancy,7,5,2
yet_uniform,7,7,0
that_detrimental,7,7,0
painfully_expensive,7,7,0
sure_sure,7,7,0
wholly_disinterested,7,7,0
terribly_sorry,7,7,0
fully_digital,7,7,0
technically_responsible,7,7,0
half_awake,7,7,0
terribly_harsh,7,7,0
extraordinarily_large,7,7,0
purely_secular,7,7,0
entirely_encouraging,7,7,0
so_unreliable,7,7,0
far_smaller,7,7,0
generally_likely,7,7,0
about_bad,7,7,0
absolutely_flawless,7,7,0
extremely_lightweight,7,6,1
terribly_tight,7,7,0
that_sociable,7,7,0
grossly_fat,7,6,1
that_cumbersome,7,7,0
extremely_upset,7,7,0
that_obnoxious,7,7,0
particularly_affluent,7,7,0
purely_related,7,7,0
terribly_apparent,7,7,0
extremely_liberal,7,7,0
grossly_irresponsible,7,6,1
all_quick,7,7,0
terribly_intrusive,7,7,0
formerly_available,7,7,0
quickly_able,7,7,0
publically_accessible,7,7,0
technically_precise,7,7,0
quite_effortless,7,7,0
extremely_unpleasant,7,7,0
explicitly_graphic,7,6,1
absolutely_lovely,7,7,0
far_safer,7,7,0
so_unambiguous,7,7,0
logically_coherent,7,7,0
terribly_invasive,7,7,0
extremely_dense,7,7,0
that_magical,7,7,0
generally_relevant,7,7,0
that_accustomed,7,7,0
so_vintage,7,7,0
so_undesirable,7,7,0
too_superficial,7,6,1
that_moderate,7,7,0
all_rational,7,7,0
absolutely_huge,7,7,0
psychologically_easy,7,7,0
hauntingly_beautiful,7,6,1
quite_bland,7,7,0
fully_christian,7,7,0
terribly_boring,7,6,1
extremely_spicy,7,7,0
longer_novel,7,7,0
quite_cloying,7,7,0
too_timely,7,7,0
all_light,7,7,0
that_bearish,7,7,0
yet_specific,7,7,0
previously_involved,7,7,0
that_nostalgic,7,7,0
extremely_functional,7,7,0
purely_ornamental,7,7,0
that_ashamed,7,7,0
so_unequal,7,5,2
purely_internal,7,7,0
purely_utilitarian,7,7,0
fully_better,7,7,0
so_visceral,7,6,1
exclusively_ours,7,7,0
so_unprepared,7,7,0
probably_enough,7,7,0
exclusively_organic,7,7,0
heavily_democratic,7,7,0
that_atypical,7,7,0
terribly_charismatic,7,7,0
quite_coherent,7,6,1
quite_commensurate,7,7,0
extremely_technical,7,7,0
terribly_poor,7,7,0
literally_present,7,7,0
yet_welcome,7,7,0
that_courteous,7,7,0
all_likeable,7,7,0
quite_boring,7,6,1
yet_predictable,7,7,0
that_independent,7,7,0
extremely_improbable,7,7,0
that_sticky,7,7,0
fully_accustomed,7,7,0
exclusively_military,7,7,0
purely_benevolent,7,7,0
pretty_tough,7,7,0
that_frustrated,7,7,0
that_bored,7,7,0
terribly_confusing,7,7,0
terribly_compatible,7,7,0
entirely_imaginary,7,7,0
quite_bored,7,7,0
terribly_shy,7,7,0
so_tropical,7,7,0
longer_empty,7,7,0
too_trite,7,7,0
excessively_aggressive,7,7,0
that_inefficient,7,7,0
hardly_surprising,7,6,1
too_uniform,7,7,0
hard_hearted,7,7,0
primarily_technical,7,7,0
previously_evident,7,7,0
too_unconventional,7,5,2
that_formidable,7,7,0
generally_noticeable,7,7,0
psychologically_stable,7,7,0
wholly_concerned,7,7,0
that_gratifying,7,7,0
extraordinarily_powerful,7,7,0
genuinely_available,7,7,0
extremely_volatile,7,7,0
fully_straight,7,7,0
that_overt,7,7,0
genuinely_scary,7,7,0
terribly_enjoyable,7,7,0
exorbitantly_high,7,7,0
that_impatient,7,7,0
that_ripe,7,7,0
real_complex,7,6,1
real_noticeable,7,5,2
entirely_definitive,7,7,0
genuinely_open,7,7,0
that_definitive,7,7,0
technically_easy,7,7,0
primarily_related,7,7,0
terribly_tragic,7,6,1
extremely_rude,7,7,0
all_mad,7,7,0
terribly_user-friendly,7,7,0
fully_unified,7,7,0
generally_admissible,7,7,0
generally_afraid,7,7,0
terribly_strict,7,7,0
too_swollen,7,7,0
purely_natural,7,7,0
so_vapid,7,7,0
so_unacceptable,7,7,0
all_macho,7,7,0
real_cooperative,7,7,0
profoundly_disturbing,7,7,0
terribly_far-fetched,7,7,0
particularly_alarmed,7,6,1
so_territorial,7,7,0
that_daring,7,7,0
so_unimportant,7,7,0
that_sanguine,7,7,0
yet_natural,7,6,1
yet_swollen,7,7,0
that_compassionate,7,7,0
so_unwelcome,7,7,0
so_timeless,7,7,0
that_hypocritical,7,7,0
entirely_groundbreaking,7,7,0
genuinely_democratic,7,7,0
fully_nude,7,7,0
that_intimate,7,7,0
absolutely_comprehensive,7,7,0
that_deadly,7,7,0
absolutely_divine,7,7,0
entirely_gratuitous,7,7,0
exclusively_vegetarian,7,7,0
fully_obvious,7,7,0
so_untouchable,7,7,0
that_horrific,7,7,0
so_utilitarian,7,7,0
excessively_tight,7,7,0
fairly_difficult,7,7,0
that_immoral,7,7,0
that_immediate,7,7,0
that_respectable,7,7,0
excessively_thin,7,7,0
terribly_nervous,7,7,0
real_new,7,2,5
that_horrendous,7,7,0
terribly_unpleasant,7,7,0
genuinely_free,7,6,1
fully_mainstream,7,7,0
fairly_confident,7,6,1
pretty_decent,7,7,0
logically_related,7,7,0
terribly_receptive,7,7,0
terribly_open,7,7,0
terribly_angry,7,7,0
financially_related,7,7,0
that_gruesome,7,7,0
all_pure,7,7,0
terribly_embarrassing,7,7,0
fiercely_competitive,7,7,0
further_damaging,7,3,4
particularly_actionable,7,7,0
entirely_deserving,7,7,0
about_many,7,5,2
fully_playable,7,7,0
pretty_cheap,7,7,0
excessively_lengthy,7,7,0
locally_relevant,7,7,0
terribly_advanced,7,5,2
quite_detailed,7,7,0
too_unpredictable,7,7,0
that_qualified,7,7,0
genetically_female,7,7,0
that_sincere,7,7,0
so_tasteless,7,7,0
precisely_cheap,7,7,0
financially_interested,7,7,0
so_tumultuous,7,6,1
extremely_qualified,7,7,0
quite_divine,7,6,1
terribly_ugly,7,6,1
that_slick,7,7,0
that_lovable,7,5,2
that_fierce,7,7,0
terribly_germane,7,7,0
extremely_cool,7,7,0
properly_concerned,7,7,0
that_sinful,7,7,0
quite_conservative,7,7,0
excessively_loud,7,7,0
further_more,7,7,0
so_unnerving,7,6,1
that_one-sided,7,7,0
terribly_lucrative,7,7,0
terribly_many,7,7,0
fairly_good,7,7,0
absolutely_brilliant,7,7,0
about_caring,7,7,0
terribly_mature,7,7,0
all_messy,7,7,0
glaringly_bad,7,7,0
excessively_partisan,7,7,0
purely_mechanical,7,7,0
entirely_germane,7,7,0
entirely_homogeneous,7,7,0
terminally_unique,7,7,0
properly_clear,7,7,0
terribly_violent,7,6,1
terribly_formal,7,6,1
real_convenient,7,7,0
terribly_accessible,7,7,0
fiercely_loyal,7,7,0
extremely_lucrative,7,6,1
that_shabby,7,7,0
entirely_bored,7,7,0
excessively_noisy,7,7,0
fully_wrong,7,7,0
globally_available,7,7,0
exclusively_buddhist,7,7,0
yet_representative,7,7,0
terribly_enamored,7,7,0
fiercely_partisan,7,7,0
technically_subject,7,7,0
quite_absent,7,7,0
presently_endangered,7,7,0
terribly_welcome,7,7,0
extremely_sure,7,7,0
too_normal,7,7,0
yet_light,7,7,0
too_cowardly,7,7,0
just_heinous,7,7,0
perfectly_okay,7,7,0
just_hip,7,7,0
just_hispanic,7,7,0
quite_widespread,7,7,0
even_grey,7,7,0
just_homosexual,7,7,0
too_reflective,7,7,0
just_horny,7,7,0
all_dismal,7,7,0
actually_simple,7,7,0
just_humanitarian,7,7,0
perfectly_horizontal,7,7,0
actually_slow,7,7,0
actually_small,7,7,0
too_damned,7,7,0
even_fit,7,7,0
just_ill-advised,7,7,0
entirely_warm,7,7,0
perfectly_functional,7,7,0
even_extreme,7,7,0
too_coy,7,7,0
actually_safer,7,7,0
just_industrial,7,7,0
just_harsh,7,7,0
even_less,7,6,1
actually_raw,7,7,0
quite_vicious,7,7,0
actually_reflective,7,7,0
even_intimate,7,7,0
just_gentle,7,7,0
even_intelligible,7,7,0
just_gimmicky,7,7,0
just_gratuitous,7,7,0
even_independent,7,7,0
actually_rich,7,7,0
particularly_entrepreneurial,7,7,0
readily_perceptible,7,7,0
just_greener,7,7,0
entirely_unworthy,7,6,1
perfectly_random,7,7,0
entirely_upbeat,7,7,0
all_dissatisfied,7,7,0
too_correct,7,7,0
even_humorous,7,6,1
actually_sad,7,7,0
actually_specific,7,7,0
perfectly_dry,7,7,0
just_addictive,7,7,0
wholly_male,7,7,0
just_mandatory,7,7,0
solely_theoretical,7,7,0
even_best,7,7,0
even_awful,7,7,0
particularly_vigilant,7,7,0
actually_violent,7,7,0
even_analogous,7,7,0
even_affordable,7,7,0
even_advisable,7,7,0
too_economical,7,6,1
rather_easy,7,7,0
actually_yellow,7,7,0
even_achievable,7,7,0
particularly_trustworthy,7,7,0
ethnically_motivated,7,7,0
just_obese,7,7,0
ethnically_japanese,7,7,0
just_obsolete,7,7,0
particularly_fast-paced,7,7,0
rather_glorious,7,7,0
ethically_possible,7,7,0
even_canadian,7,7,0
even_careful,7,7,0
even_distinguishable,7,7,0
environmentally_efficient,7,7,0
all_digital,7,7,0
entirely_worthy,7,7,0
perfectly_complete,7,7,0
even_depressed,7,7,0
just_involved,7,7,0
too_dignified,7,7,0
specifically_attributable,7,7,0
less_ludicrous,7,7,0
just_latino,7,7,0
just_lawful,7,7,0
actually_transparent,7,7,0
pearly_white,7,7,0
just_lightweight,7,7,0
patently_untrue,7,7,0
even_conducive,7,7,0
patently_ridiculous,7,6,1
patently_clear,7,7,0
partly_true,7,7,0
too_dissatisfied,7,7,0
just_loving,7,7,0
even_challenging,7,7,0
even_limited,7,7,0
even_linear,7,7,0
too_communicative,7,6,1
even_taller,7,6,1
all_empty,7,7,0
actually_keen,7,7,0
just_circumstantial,7,7,0
quite_silky,7,7,0
actually_legit,7,7,0
just_clueless,7,7,0
personally_interesting,7,7,0
personally_fond,7,7,0
just_complimentary,7,7,0
even_simple,7,7,0
even_silly,7,7,0
too_boisterous,7,7,0
even_short,7,7,0
actually_malicious,7,7,0
entirely_uncharacteristic,7,7,0
even_sex,7,7,0
even_serviceable,7,7,0
even_sensitive,7,7,0
too_boyish,7,7,0
actually_meaningful,7,7,0
even_scottish,7,7,0
personally_offensive,7,7,0
just_chaotic,7,7,0
entirely_unscathed,7,7,0
just_cautious,7,7,0
just_african,7,7,0
just_ambitious,7,7,0
too_analytical,7,7,0
even_zero,7,7,0
even_younger,7,7,0
even_weirder,7,7,0
even_weekly,7,7,0
even_viewable,7,7,0
particularly_early,7,7,0
too_aromatic,7,7,0
too_articulate,7,7,0
too_artsy,7,7,0
even_unprecedented,7,7,0
quite_sensitive,7,7,0
actually_intelligent,7,7,0
specifically_true,7,7,0
actually_intimidating,7,7,0
particularly_economical,7,7,0
just_catastrophic,7,7,0
just_cathartic,7,7,0
even_terrible,7,7,0
quite_spherical,7,7,0
entirely_uncontroversial,7,7,0
too_reticent,7,7,0
just_crude,7,7,0
quite_tricky,7,7,0
quite_trustworthy,7,6,1
less_perilous,7,6,1
quite_ubiquitous,7,7,0
specifically_identifiable,7,7,0
just_enlightening,7,7,0
quite_uncomfortable,7,7,0
particularly_enamoured,7,7,0
even_novel,7,6,1
less_original,7,6,1
even_mysterious,7,6,1
wildly_wrong,7,7,0
even_modern,7,7,0
solely_military,7,7,0
just_fancy,7,7,0
perfectly_sweet,7,7,0
specifically_good,7,5,2
all_dry,7,7,0
just_few,7,7,0
actually_progressive,7,7,0
perfectly_straightforward,7,7,0
too_chic,7,7,0
actually_overweight,7,7,0
permanently_damaging,7,7,0
entirely_unfeasible,7,7,0
quite_stellar,7,7,0
entirely_understandable,7,7,0
quite_sticky,7,7,0
actually_muslim,7,7,0
quite_stiff,7,7,0
quite_stuck,7,4,3
quite_sturdy,7,7,0
just_delightful,7,7,0
entirely_unfathomable,7,7,0
too_bureaucratic,7,7,0
even_permissible,7,7,0
particularly_elusive,7,7,0
less_pleasing,7,7,0
quite_sustainable,7,7,0
just_distinct,7,7,0
entirely_unhelpful,7,7,0
entirely_unified,7,7,0
entirely_unimaginable,7,7,0
too_catholic,7,7,0
just_dusty,7,7,0
rather_good,7,7,0
just_outraged,7,7,0
too_proficient,7,7,0
just_unscathed,7,7,0
just_usable,7,7,0
particularly_motivating,7,7,0
particularly_momentous,7,6,1
less_enthralling,7,6,1
particularly_miraculous,7,3,4
just_vertical,7,7,0
especially_fruitful,7,7,0
particularly_messy,7,7,0
just_warmer,7,7,0
too_intuitive,7,7,0
particularly_gracious,7,7,0
wholly_serious,7,7,0
wholly_separate,7,7,0
wholly_selfish,7,7,0
especially_exceptional,7,6,1
especially_erotic,7,6,1
too_itchy,7,7,0
particularly_lofty,7,7,0
particularly_local,7,5,2
particularly_literary,7,6,1
wholly_sane,7,7,0
just_upsetting,7,7,0
too_oversized,7,5,2
particularly_overjoyed,7,7,0
all_coincidental,7,7,0
just_traumatic,7,7,0
just_tremendous,7,7,0
particularly_outlandish,7,5,2
less_extensive,7,7,0
less_experienced,7,7,0
especially_liberal,7,7,0
wholly_unconnected,7,7,0
too_panicked,7,7,0
just_unclear,7,7,0
just_uncomplicated,7,7,0
aggressively_bad,7,7,0
particularly_obscure,7,7,0
especially_inhumane,7,7,0
too_inflammatory,7,7,0
too_inflexible,7,6,1
rather_small,7,6,1
particularly_gifted,7,7,0
less_eventful,7,7,0
especially_ideological,7,7,0
especially_hospitable,7,7,0
aggressively_enough,7,7,0
kinda_weird,7,7,0
too_joyful,7,7,0
especially_dynamic,7,7,0
too_opulent,7,7,0
too_miffed,7,7,0
somehow_separate,7,7,0
too_minimal,7,7,0
too_minimalist,7,6,1
less_captivating,7,6,1
too_monumental,7,2,5
less_chaotic,7,7,0
equally_suitable,7,7,0
less_colorful,7,6,1
wholly_physical,7,7,0
wholly_persuasive,7,6,1
less_confused,7,7,0
less_consequential,7,7,0
too_natural,7,6,1
particularly_heinous,7,6,1
equally_relevant,7,7,0
readily_comparable,7,7,0
all_brown,7,7,0
less_cynical,7,7,0
less_daring,7,6,1
equally_productive,7,7,0
equally_vocal,7,7,0
too_menacing,7,7,0
equally_wrong,7,7,0
especially_charming,7,7,0
particularly_gregarious,7,7,0
especially_damaging,7,6,1
wholly_relevant,7,7,0
rationally_acceptable,7,6,1
particularly_jarring,7,5,2
legally_clear,7,7,0
legally_dead,7,7,0
especially_compatible,7,7,0
particularly_inspired,7,7,0
particularly_guilty,7,6,1
too_meaty,7,5,2
less_disappointing,7,6,1
less_diligent,7,6,1
less_adventurous,7,7,0
especially_agile,7,7,0
especially_adventurous,7,6,1
less_amusing,7,6,1
all_arrogant,7,7,0
especially_admirable,7,5,2
all_asleep,7,7,0
less_extravagant,7,7,0
just_therapeutic,7,7,0
ethically_neutral,7,7,0
wildly_ambitious,7,5,2
just_punitive,7,7,0
less_heavy,7,7,0
just_puzzling,7,7,0
too_fragrant,7,6,1
just_rampant,7,7,0
all_cosmetic,7,7,0
particularly_sick,7,7,0
especially_worth,7,7,0
especially_willing,7,7,0
especially_weak,7,7,0
especially_virtuous,7,3,4
adequately_transparent,7,7,0
just_remote,7,7,0
too_glum,7,7,0
less_gripping,7,7,0
less_grim,7,6,1
just_reprehensible,7,7,0
too_possessive,7,7,0
especially_ugly,7,7,0
particularly_sacred,7,2,5
less_grand,7,7,0
particularly_soulful,7,6,1
just_proper,7,7,0
just_terrified,7,7,0
too_flirty,7,7,0
particularly_fearful,7,7,0
all_curious,7,7,0
ethically_appropriate,7,7,0
less_iconic,7,5,2
particularly_fertile,7,7,0
particularly_thankful,7,7,0
particularly_tempting,7,7,0
too_extra,7,4,3
particularly_fierce,7,7,0
too_eye-catching,7,5,2
particularly_fine,7,7,0
particularly_firm,7,7,0
all_creepy,7,7,0
just_plump,7,7,0
less_hospitable,7,7,0
particularly_subversive,7,6,1
particularly_stringent,7,7,0
too_feeble,7,7,0
wildly_bullish,7,6,1
equally_bright,7,7,0
just_pro-life,7,7,0
especially_tired,7,7,0
especially_terrible,7,7,0
just_rural,7,7,0
particularly_revealing,7,6,1
less_forceful,7,6,1
especially_racist,7,7,0
too_persuasive,7,6,1
just_stagnant,7,7,0
all_complimentary,7,7,0
equally_excited,7,7,0
just_steep,7,7,0
especially_provocative,7,7,0
too_horrifying,7,7,0
particularly_precious,7,6,1
particularly_pleasurable,7,7,0
just_subtle,7,5,2
too_hypocritical,7,7,0
just_suspicious,7,7,0
especially_observant,7,7,0
too_immature,7,7,0
too_immediate,7,6,1
especially_nutritious,7,7,0
especially_numerous,7,7,0
especially_nuanced,7,6,1
again_possible,7,7,0
especially_receptive,7,7,0
just_sore,7,6,1
just_sophisticated,7,7,0
especially_social,7,7,0
all_contiguous,7,7,0
just_savvy,7,7,0
particularly_restful,7,7,0
too_poetic,7,7,0
too_grueling,7,7,0
just_selective,7,7,0
especially_spectacular,7,6,1
just_sensational,7,7,0
too_gung,7,7,0
especially_showy,7,5,2
just_soothing,7,7,0
especially_short,7,7,0
especially_scenic,7,7,0
just_singular,7,7,0
particularly_frugal,7,7,0
especially_sanguine,7,7,0
just_slim,7,7,0
particularly_prosperous,7,7,0
aesthetically_satisfying,7,7,0
especially_risky,7,7,0
quite_refreshing,7,7,0
ever_angry,7,7,0
so_visionary,7,7,0
exactly_proficient,7,7,0
actively_awful,7,7,0
quite_instantaneous,7,7,0
politically_helpful,7,7,0
hugely_powerful,7,7,0
actively_concerned,7,7,0
yet_discernible,7,7,0
exactly_poetic,7,7,0
exactly_plush,7,6,1
exactly_plausible,7,7,0
particularly_commonplace,7,7,0
likely_available,7,7,0
entirely_nice,7,7,0
exactly_patriotic,7,6,1
entirely_noble,7,7,0
exactly_passive,7,7,0
exactly_painless,7,7,0
actively_good,7,7,0
exactly_okay,7,7,0
exactly_ok,7,7,0
less_zealous,7,7,0
sufficiently_popular,7,7,0
hugely_knowledgeable,7,7,0
yet_dramatic,7,7,0
ideologically_rigid,7,7,0
socially_liberal,7,7,0
super_baggy,7,7,0
exactly_sensitive,7,7,0
exactly_secretive,7,7,0
exactly_scandalous,7,7,0
particularly_classy,7,7,0
particularly_claustrophobic,7,7,0
all_inclined,7,7,0
exactly_sanitary,7,7,0
exactly_sanguine,7,7,0
likely_sustainable,7,7,0
socially_disruptive,7,7,0
all_impressive,7,7,0
hugely_comfortable,7,7,0
hugely_common,7,7,0
hugely_competitive,7,7,0
then_subject,7,7,0
exactly_relaxed,7,7,0
sufficiently_trustworthy,7,7,0
exactly_quantifiable,7,7,0
hugely_funny,7,7,0
likely_high,7,7,0
exactly_noticeable,7,7,0
exactly_nervous,7,6,1
just_achievable,7,7,0
quite_lovely,7,6,1
exactly_irrational,7,7,0
entirely_outlandish,7,7,0
immediately_self-evident,7,7,0
immediately_susceptible,7,7,0
less_vocal,7,7,0
quite_magical,7,7,0
immediately_usable,7,7,0
sufficiently_helpful,7,7,0
sufficiently_healthy,7,7,0
immediately_wrong,7,1,6
actually_affordable,7,7,0
entirely_palatable,7,7,0
quite_midnight,7,7,0
plainly_evident,7,7,0
entirely_partisan,7,7,0
sufficiently_energetic,7,7,0
sufficiently_egregious,7,7,0
impossibly_expensive,7,7,0
less_vigorous,7,7,0
less_vicious,7,6,1
impressively_large,7,7,0
exactly_italian,7,7,0
immediately_receptive,7,7,0
exactly_negative,7,7,0
politically_advisable,7,7,0
immediately_beneficial,7,7,0
too_solemn,7,7,0
immediately_capable,7,7,0
less_worth,7,5,2
exactly_motivating,7,7,0
sufficiently_novel,7,7,0
immediately_dire,7,7,0
actively_present,7,7,0
quite_legible,7,7,0
quite_legit,7,7,0
immediately_exciting,7,7,0
sufficiently_low,7,7,0
less_wise,7,7,0
quite_like,7,6,1
immediately_interesting,7,6,1
exactly_lovable,7,7,0
exactly_live,7,7,0
immediately_memorable,7,7,0
actively_terrible,7,7,0
too_sociable,7,7,0
exactly_legendary,7,7,0
however_clear,7,7,0
likely_useful,7,7,0
politically_plausible,7,7,0
entirely_inflexible,7,7,0
highly_invasive,7,7,0
that_uptight,7,7,0
highly_noticeable,7,7,0
yet_impossible,7,7,0
highly_optimistic,7,7,0
highly_plausible,7,7,0
wholly_exempt,7,7,0
yet_identifiable,7,7,0
entirely_intact,7,6,1
potentially_embarrassing,7,7,0
highly_reflective,7,7,0
potentially_destructive,7,7,0
highly_rewarding,7,7,0
highly_scalable,7,7,0
exactly_youthful,7,7,0
entirely_invalid,7,7,0
quite_foreign,7,7,0
exactly_wholesome,7,7,0
all_intentional,7,7,0
yet_hard,7,7,0
highly_valuable,7,7,0
highly_impressive,7,7,0
super_responsive,7,7,0
super_bummed,7,7,0
so_waterproof,7,7,0
exceptionally_smart,7,6,1
quite_eternal,7,7,0
super_stiff,7,7,0
high_enough,7,7,0
exceptionally_new,7,1,6
entirely_inclined,7,7,0
highly_advanced,7,7,0
super_solid,7,7,0
exceptionally_hot,7,7,0
that_troubling,7,7,0
highly_capable,7,7,0
particularly_bearish,7,7,0
absolutely_worthless,7,7,0
absolutely_zero,7,4,3
quite_fascinating,7,7,0
super_satisfying,7,7,0
super_rough,7,7,0
quite_fashionable,7,7,0
quite_fatal,7,7,0
so_watchable,7,7,0
super_ripe,7,7,0
exactly_vital,7,7,0
highly_volatile,7,7,0
exactly_viable,7,7,0
super_neat,7,7,0
academically_sound,7,7,0
horribly_cold,7,7,0
entirely_lifeless,7,7,0
exactly_sturdy,7,7,0
quite_illegal,7,7,0
super_dangerous,7,6,1
yet_fashionable,7,7,0
exactly_steady,7,7,0
super_creamy,7,7,0
yet_fair,7,7,0
so_younger,7,7,0
exactly_spherical,7,7,0
entirely_local,7,7,0
yet_extensive,7,7,0
all_indifferent,7,7,0
exactly_soothing,7,7,0
exactly_sociable,7,7,0
politically_ready,7,7,0
exactly_skinny,7,7,0
exactly_sick,7,7,0
politically_prudent,7,7,0
horrendously_bad,7,7,0
yet_flexible,7,7,0
literally_applicable,7,7,0
exactly_undeserved,7,7,0
exactly_vegan,7,7,0
exactly_vast,7,7,0
so_wobbly,7,7,0
so_wondrous,7,5,2
literally_correct,7,7,0
exactly_upfront,7,7,0
historically_black,7,7,0
super_lazy,7,7,0
super_innovative,7,5,2
exactly_underground,7,7,0
exactly_timeless,7,7,0
super_hoppy,7,6,1
historically_unprecedented,7,6,1
quite_hardy,7,7,0
yet_formal,7,7,0
super_gory,7,6,1
super_glamorous,7,7,0
academically_ineligible,7,7,0
exactly_tolerant,7,7,0
yet_foolproof,7,7,0
actually_applicable,7,7,0
entirely_personal,7,7,0
therefore_able,7,7,0
strictly_commercial,7,7,0
innately_better,7,7,0
less_skeptical,7,7,0
ever_quick,7,7,0
less_sinister,7,6,1
ever_productive,7,6,1
insanely_jealous,7,7,0
ever_positive,7,7,0
particularly_diligent,7,7,0
ever_popular,7,6,1
still_wet,7,7,0
ever_pleasant,7,7,0
ever_permissible,7,7,0
less_shy,7,7,0
entirely_skeptical,7,6,1
less_sharp,7,4,3
instantly_better,7,7,0
still_uncomfortable,7,7,0
too_scarce,7,7,0
entirely_social,7,7,0
still_unclear,7,7,0
ever_over,7,7,0
actually_enjoyable,7,7,0
ever_rude,7,7,0
quite_plain,7,7,0
actually_embarrassing,7,7,0
thoroughly_dry,7,7,0
strictly_orthodox,7,7,0
thoroughly_enough,7,7,0
yet_autonomous,7,7,0
strictly_organic,7,7,0
yet_attainable,7,7,0
inherently_selfish,7,5,2
strictly_mandatory,7,7,0
solely_dependant,7,7,0
inherently_threatening,7,2,5
ever_tiring,7,7,0
particularly_devastating,7,7,0
physically_imposing,7,7,0
inherently_weak,7,5,2
inherently_wicked,7,4,3
all_fluent,7,7,0
quite_posh,7,7,0
initially_familiar,7,7,0
ever_sorry,7,7,0
physically_hurt,7,7,0
yet_amenable,7,7,0
yet_aged,7,7,0
entirely_soft,7,7,0
ever_official,7,6,1
ever_nervous,7,7,0
less_riveting,7,6,1
statistically_unlikely,7,7,0
ever_enjoyable,7,7,0
statistically_likely,7,7,0
statistically_important,7,7,0
less_right,7,7,0
physically_correct,7,7,0
intrinsically_dangerous,7,6,1
yet_absolute,7,7,0
quite_quiet,7,7,0
physically_compatible,7,7,0
intrinsically_impossible,7,2,5
quite_random,7,7,0
intrinsically_right,7,3,4
too_addicted,7,7,0
physically_appealing,7,6,1
readily_soluble,7,7,0
spectacularly_successful,7,7,0
ever_big,7,6,1
ever_best,7,7,0
jointly_liable,7,7,0
less_robust,7,7,0
still_afraid,7,7,0
intentionally_hurtful,7,7,0
less_selfish,7,6,1
still_prevalent,7,7,0
actually_fair,7,7,0
physically_evident,7,6,1
entirely_sound,7,7,0
still_long,7,7,0
still_legal,7,7,0
intellectually_equal,7,7,0
ever_last,7,4,3
still_involved,7,7,0
actually_fatal,7,7,0
intentionally_destructive,7,7,0
less_scared,7,7,0
ever_intentional,7,7,0
still_happy,7,7,0
still_excited,7,7,0
ever_ill,7,7,0
still_enjoyable,7,7,0
still_drunk,7,7,0
still_dead,7,6,1
actually_final,7,7,0
entirely_sarcastic,7,7,0
inherently_misleading,7,5,2
sufficiently_compliant,7,7,0
actually_catholic,7,7,0
equally_present,7,7,0
exactly_dumb,7,7,0
exactly_dramatic,7,6,1
subtly_racist,7,7,0
entirely_productive,7,7,0
therefore_necessary,7,7,0
incredibly_optimistic,7,7,0
therefore_possible,7,7,0
particularly_crunchy,7,7,0
incredibly_rewarding,7,7,0
exactly_daunting,7,7,0
incredibly_rude,7,7,0
less_transparent,7,7,0
exactly_dainty,7,7,0
incredibly_serious,7,6,1
substantially_larger,7,7,0
exactly_criminal,7,7,0
physically_unwell,7,7,0
quite_optimistic,7,7,0
exactly_constructive,7,7,0
incredibly_supportive,7,7,0
exactly_edifying,7,7,0
exactly_exceptional,7,7,0
less_strict,7,7,0
quite_noticeable,7,7,0
actually_attainable,7,7,0
exactly_gorgeous,7,7,0
sufficiently_cognizant,7,7,0
actually_autistic,7,7,0
wholly_honest,7,7,0
exactly_fruitful,7,7,0
exactly_frugal,7,7,0
actually_awake,7,7,0
actually_bald,7,7,0
entirely_polite,7,7,0
incredibly_athletic,7,7,0
all_harmful,7,7,0
sufficiently_adequate,7,7,0
incredibly_cool,7,7,0
plain_bad,7,6,1
sufficiently_accessible,7,7,0
actually_boring,7,7,0
quite_notable,7,6,1
particularly_cozy,7,7,0
exactly_exempt,7,7,0
solely_accountable,7,7,0
incredibly_sweet,7,7,0
actually_compulsory,7,7,0
actually_conducive,7,7,0
quite_orthodox,7,7,0
exactly_applicable,7,7,0
physically_realistic,7,7,0
actually_cute,7,7,0
entirely_respectable,7,7,0
exactly_american,7,7,0
inherently_disrespectful,7,5,2
inherently_dramatic,7,7,0
inherently_exciting,7,6,1
exactly_adventurous,7,7,0
strictly_technical,7,7,0
inherently_feminist,7,7,0
inherently_frightening,7,4,3
less_substantial,7,6,1
exactly_accidental,7,7,0
less_stylish,7,6,1
physically_obvious,7,7,0
inherently_healthier,7,6,1
inherently_impossible,7,4,3
actually_desirable,7,6,1
inherently_liberal,7,3,4
inherently_likable,7,7,0
yet_binding,7,7,0
inherently_complex,7,4,3
readily_viewable,7,7,0
infinitely_greater,7,6,1
stunningly_attractive,7,6,1
all_glum,7,7,0
exactly_charming,7,7,0
exactly_charismatic,7,7,0
structurally_strong,7,7,0
exactly_central,7,7,0
structurally_significant,7,6,1
all_glorious,7,7,0
strongly_present,7,7,0
exactly_blue,7,7,0
physically_separate,7,7,0
entirely_relatable,7,7,0
exactly_blind,7,7,0
less_sympathetic,7,7,0
inherently_abnormal,7,4,3
exactly_bashful,7,7,0
physically_smaller,7,7,0
less_swift,7,7,0
quite_overcome,7,7,0
physically_similar,7,7,0
actually_cheap,7,7,0
totally_impervious,7,7,0
more_contrite,7,7,0
so_awake,7,7,0
always_unwelcome,7,6,1
always_late,7,7,0
usually_intentional,7,7,0
traditionally_popular,7,7,0
as_self-explanatory,7,7,0
necessarily_unattractive,7,7,0
apparently_aware,7,7,0
so_feisty,7,6,1
more_instant,7,4,3
so_artsy,7,7,0
overly_smooth,7,7,0
as_self-aware,7,7,0
most_eager,7,7,0
well_connected,7,7,0
more_inspired,7,7,0
overly_fantastic,7,4,3
as_sedentary,7,7,0
so_mindless,7,7,0
so_arid,7,6,1
traditionally_religious,7,7,0
more_insignificant,7,6,1
very_spooky,7,7,0
really_korean,7,6,1
most_descriptive,7,7,0
always_live,7,7,0
most_complimentary,7,7,0
constantly_true,7,7,0
nearly_robust,7,7,0
nearly_ripe,7,7,0
officially_present,7,7,0
economically_realistic,7,7,0
out_sick,7,7,0
more_irish,7,4,3
nearly_reliable,7,7,0
nearly_over,7,7,0
so_feverish,7,7,0
constantly_sensible,7,7,0
economically_smart,7,7,0
outrageously_different,7,4,3
more_intrigued,7,7,0
significantly_detrimental,7,7,0
necessarily_tougher,7,7,0
overly_slim,7,7,0
traditionally_masculine,7,7,0
very_groundbreaking,7,6,1
nearly_extensive,7,7,0
merely_angry,7,7,0
also_strong,7,7,0
nearly_active,7,7,0
as_ruinous,7,7,0
most_fertile,7,7,0
nearly_bold,7,7,0
so_morose,7,7,0
necessarily_unknown,7,7,0
necessarily_unrealistic,7,7,0
so_most,7,7,0
more_incriminating,7,1,6
most_fit,7,7,0
as_round,7,7,0
so_eye-catching,7,7,0
only_unsatisfying,7,7,0
truly_reliable,7,7,0
so_anomalous,7,7,0
really_intimidating,7,7,0
similarly_concerned,7,7,0
already_profitable,7,7,0
mentally_impaired,7,4,3
only_cheesy,7,7,0
always_attributable,7,7,0
so_apocalyptic,7,7,0
most_fancy,7,7,0
very_granular,7,7,0
only_unstoppable,7,7,0
more_inhumane,7,3,4
only_privy,7,7,0
always_amusing,7,7,0
very_gory,7,7,0
totally_legit,7,7,0
nearly_exhaustive,7,7,0
most_ergonomic,7,7,0
only_imaginary,7,7,0
more_inexplicable,7,5,2
overly_evident,7,7,0
totally_isolated,7,7,0
nearly_dense,7,7,0
constantly_afraid,7,7,0
constantly_active,7,7,0
so_approachable,7,7,0
very_glorious,7,7,0
nearly_clear,7,7,0
relatively_high,7,7,0
always_apt,7,7,0
only_principled,7,7,0
usually_hungry,7,7,0
most_compatible,7,7,0
only_humiliating,7,7,0
economically_privileged,7,7,0
really_malicious,7,6,1
overly_frightened,7,7,0
very_pungent,7,7,0
most_aerodynamic,7,7,0
often_hungry,7,7,0
very_yummy,7,7,0
totally_obsolete,7,7,0
only_orthodox,7,7,0
automatically_unfair,7,7,0
most_alluring,7,7,0
necessarily_american,7,7,0
overly_frequent,7,7,0
really_crunchy,7,7,0
automatically_unlocked,7,7,0
well_balanced,7,6,1
so_french,7,7,0
so_lyrical,7,7,0
unnecessarily_cruel,7,7,0
so_freaky,7,6,1
very_human-like,7,7,0
most_ardent,7,7,0
as_spare,7,7,0
overly_fun,7,7,0
necessarily_stellar,7,7,0
necessarily_spicy,7,7,0
downright_delusional,7,7,0
truly_transformational,7,7,0
downright_deceptive,7,6,1
well_adept,7,7,0
very_philosophical,7,7,0
already_lower,7,7,0
necessarily_soft,7,7,0
sexually_related,7,6,1
anymore_wrong,7,7,0
very_stubborn,7,7,0
only_inescapable,7,7,0
downright_creepy,7,7,0
merely_devoid,7,7,0
economically_able,7,7,0
totally_onboard,7,7,0
so_lucid,7,7,0
necessarily_authoritative,7,7,0
more_zealous,7,7,0
totally_official,7,7,0
dangerously_ill,7,7,0
more_legit,7,7,0
more_legible,7,7,0
well_big,7,7,0
economically_necessary,7,7,0
so_baseless,7,7,0
most_central,7,7,0
commercially_competitive,7,7,0
really_brilliant,7,7,0
most_charitable,7,7,0
so_foreboding,7,7,0
nearly_sweet,7,7,0
often_concerned,7,7,0
more_japanese,7,6,1
so_mean-spirited,7,7,0
unnecessarily_aggressive,7,7,0
so_badass,7,7,0
as_simplest,7,7,0
shockingly_low,7,7,0
downright_absurd,7,6,1
only_procedural,7,7,0
usually_hot,7,7,0
merely_capable,7,7,0
down_hearted,7,7,0
so_awash,7,7,0
overly_floral,7,7,0
economically_inefficient,7,7,0
often_hard,7,7,0
only_vigilant,7,7,0
only_prophetic,7,7,0
overly_secure,7,7,0
already_nervous,7,7,0
so_forward,7,7,0
reasonably_susceptible,7,7,0
necessarily_adversarial,7,7,0
as_sobering,7,4,3
necessarily_actual,7,6,1
overly_severe,7,6,1
only_indefensible,7,7,0
as_slight,7,7,0
really_lovely,7,6,1
so_forlorn,7,5,2
necessarily_actionable,7,7,0
only_prompt,7,7,0
so_malicious,7,6,1
very_homey,7,7,0
recently_enough,7,7,0
necessarily_accountable,7,7,0
always_lovable,7,7,0
as_right-wing,7,7,0
unconstitutionally_cruel,7,7,0
totally_enthusiastic,7,7,0
well_lit,7,7,0
very_equitable,7,7,0
never_boring,7,7,0
most_nimble,7,7,0
so_organic,7,7,0
deeply_depressed,7,7,0
really_autonomous,7,7,0
as_praiseworthy,7,7,0
narrowly_focused,7,7,0
religiously_unaffiliated,7,4,3
totally_focused,7,7,0
so_orthodox,7,7,0
so_outgoing,7,7,0
tremendously_complex,7,7,0
only_golden,7,7,0
only_glorious,7,7,0
usually_permanent,7,7,0
more_high,7,5,2
remarkably_better,7,7,0
universally_compatible,7,7,0
so_overcome,7,7,0
more_hideous,7,3,4
as_pregnant,7,6,1
scientifically_unsound,7,7,0
also_rich,7,7,0
most_modest,7,6,1
most_major,7,7,0
so_omnipotent,7,7,0
so_abhorrent,7,7,0
outright_cruel,7,7,0
overly_uncommon,7,7,0
most_masculine,7,7,0
truly_past,7,7,0
simply_coincidental,7,7,0
most_militant,7,7,0
as_privy,7,7,0
disproportionately_large,7,7,0
really_avoidable,7,7,0
morally_inferior,7,6,1
very_evocative,7,7,0
morally_irresponsible,7,7,0
visually_graphic,7,7,0
very_evil,7,6,1
overly_vain,7,7,0
also_right,7,7,0
truly_over,7,7,0
so_overgrown,7,7,0
unduly_impressed,7,7,0
most_orthodox,7,7,0
emotionally_aware,7,7,0
always_impeccable,7,7,0
considerably_cheaper,7,7,0
around_more,7,7,0
totally_exact,7,7,0
around_most,7,7,0
so_perceptible,7,7,0
only_frequent,7,7,0
completely_confidential,7,7,0
unduly_severe,7,7,0
really_attentive,7,7,0
all_worse,7,4,3
only_unfriendly,7,7,0
emotionally_comfortable,7,7,0
n't_tough,7,7,0
all_welcoming,7,7,0
most_punctual,7,7,0
completely_contrary,7,7,0
deeply_grateful,7,7,0
only_spot-on,7,7,0
artificially_low,7,7,0
obviously_compatible,7,7,0
overly_worrisome,7,6,1
overly_vulnerable,7,7,0
so_overwrought,7,7,0
most_outspoken,7,7,0
always_incompatible,7,7,0
scientifically_relevant,7,6,1
obviously_crazy,7,6,1
completely_cohesive,7,7,0
completely_coincidental,7,7,0
obviously_correct,7,7,0
always_inclined,7,7,0
overly_weighty,7,7,0
more_heavy,7,6,1
slightly_surprised,7,7,0
completely_committed,7,7,0
overly_welcome,7,7,0
deeply_disturbing,7,7,0
very_embarrassing,7,7,0
both_good,7,7,0
really_auspicious,7,7,0
eminently_practical,7,4,3
really_audible,7,7,0
slightly_surprising,7,7,0
outright_crazy,7,7,0
truly_personal,7,5,2
near_full,7,7,0
only_unkind,7,7,0
relatively_unknown,7,6,1
monumentally_stupid,7,7,0
only_slippery,7,7,0
very_fluid,7,7,0
necessarily_viable,7,7,0
so_dainty,7,6,1
always_blatant,7,7,0
so_neurotic,7,7,0
completely_annoying,7,7,0
universally_flattering,7,6,1
most_immediate,7,7,0
so_agitated,7,7,0
obviously_sexy,7,6,1
necessarily_virtuous,7,6,1
totally_illiterate,7,7,0
very_flamboyant,7,7,0
more_impassioned,7,4,3
always_breezy,7,7,0
very_flaky,7,7,0
completely_apathetic,7,7,0
simply_american,7,7,0
really_decisive,7,6,1
more_improper,7,7,0
naturally_rich,7,7,0
near_close,7,7,0
as_revolting,7,7,0
completely_abhorrent,7,7,0
completely_abnormal,7,7,0
overly_enamoured,7,7,0
effortlessly_cool,7,7,0
totally_inept,7,7,0
as_retro,7,7,0
most_gorgeous,7,7,0
as_retarded,7,6,1
mentally_exhausting,7,7,0
most_hardcore,7,6,1
overly_stunning,7,6,1
totally_indestructible,7,7,0
completely_adverse,7,7,0
necessarily_unwarranted,7,7,0
overly_substantial,7,3,4
mentally_disabled,7,6,1
as_renowned,7,6,1
totally_inconsistent,7,6,1
really_interchangeable,7,6,1
so_euphoric,7,7,0
really_biblical,7,7,0
simply_anecdotal,7,7,0
really_influential,7,7,0
so_adaptive,7,7,0
medically_eligible,7,7,0
appropriately_grateful,7,7,0
most_joyous,7,7,0
more_idealistic,7,6,1
transparently_obvious,7,7,0
really_suicidal,7,7,0
morally_equal,7,7,0
very_extroverted,7,7,0
very_extravagant,7,7,0
almost_entire,7,7,0
always_cautious,7,7,0
obviously_noticeable,7,7,0
very_extensible,7,7,0
always_challenging,7,7,0
completely_bankrupt,7,7,0
simply_bigger,7,7,0
really_basic,7,7,0
only_sore,7,7,0
needlessly_cruel,7,7,0
medically_feasible,7,7,0
very_smoky,7,7,0
appreciably_lower,7,7,0
as_queer,7,6,1
truly_productive,7,5,2
only_hearty,7,7,0
completely_ashamed,7,7,0
distinctly_better,7,7,0
always_budget-friendly,7,7,0
medically_relevant,7,7,0
obviously_racist,7,6,1
simply_attributable,7,7,0
morally_consistent,7,7,0
truly_powerful,7,7,0
only_sober,7,7,0
as_quantitative,7,7,0
only_presumptuous,7,7,0
more_quick,7,6,1
so_oblique,7,7,0
most_interested,7,7,0
as_purposeful,7,6,1
necessarily_worrisome,7,7,0
medically_harmful,7,7,0
only_healthful,7,7,0
altogether_unfair,7,7,0
necessarily_bitter,7,7,0
as_stalwart,7,7,0
necessarily_humane,7,7,0
merely_national,7,7,0
altogether_innocent,7,7,0
totally_sober,7,7,0
necessarily_orthodox,7,7,0
overly_narrow,7,7,0
really_uplifting,7,4,3
more_silly,7,4,3
only_asian,7,7,0
only_lovable,7,7,0
as_unpalatable,7,7,0
as_unorthodox,7,7,0
more_skilful,7,7,0
already_fun,7,7,0
more_slippery,7,7,0
very_laborious,7,7,0
so_inquisitive,7,7,0
usually_busy,7,7,0
very_labor-intensive,7,7,0
any_fairer,7,7,0
necessarily_palatable,7,7,0
very_awake,7,7,0
more_pissed,7,7,0
necessarily_gory,7,7,0
merely_natural,7,7,0
necessarily_harsh,7,7,0
so_cloying,7,7,0
really_patriotic,7,7,0
very_lasting,7,7,0
necessarily_hopeless,7,7,0
necessarily_honorable,7,7,0
necessarily_opposite,7,7,0
very_poisonous,7,7,0
really_commercial,7,7,0
more_serviceable,7,6,1
currently_sustainable,7,7,0
so_inflammatory,7,7,0
totally_stable,7,7,0
seriously_upset,7,7,0
more_shameless,7,4,3
totally_spontaneous,7,7,0
altogether_consistent,7,7,0
so_hurt,7,7,0
typically_related,7,7,0
really_plain,7,6,1
as_unproductive,7,7,0
always_orthodox,7,7,0
very_clear-cut,7,7,0
only_astute,7,7,0
once_able,7,7,0
currently_widespread,7,7,0
necessarily_fake,7,7,0
once_apparent,7,7,0
overly_obsessive,7,7,0
very_motivational,7,7,0
totally_rosy,7,7,0
very_attainable,7,7,0
as_uneasy,7,7,0
really_pretentious,7,7,0
necessarily_pleasing,7,7,0
merely_tactical,7,7,0
only_bankable,7,7,0
only_bankrupt,7,7,0
so_chilling,7,7,0
merely_tolerant,7,7,0
typically_synonymous,7,7,0
totally_retro,7,7,0
only_notorious,7,7,0
overly_oppressive,7,7,0
very_coachable,7,7,0
more_standard,7,5,2
drastically_worse,7,7,0
necessarily_paramount,7,7,0
any_fresher,7,7,0
really_usual,7,7,0
so_cinematic,7,6,1
drastically_new,7,3,4
so_inspired,7,7,0
necessarily_foreign,7,7,0
as_uninhibited,7,7,0
only_non-existent,7,7,0
currently_usable,7,7,0
once_enough,7,7,0
seriously_challenging,7,7,0
typically_strong,7,7,0
totally_unlikely,7,7,0
necessarily_foolproof,7,7,0
always_orderly,7,6,1
so_instructive,7,5,2
more_penetrating,7,6,1
typically_concerned,7,7,0
once_concerned,7,7,0
always_operational,7,7,0
very_kid-friendly,7,7,0
culturally_rich,7,7,0
really_passive,7,7,0
unnecessarily_offensive,7,7,0
already_fluent,7,7,0
merely_rude,7,7,0
usually_allergic,7,7,0
so_immaculate,7,7,0
so_combative,7,7,0
only_momentous,7,7,0
only_moist,7,7,0
only_removable,7,7,0
so_inane,7,7,0
very_upsetting,7,6,1
necessarily_irreversible,7,7,0
currently_optimal,7,7,0
chiefly_concerned,7,7,0
necessarily_irresponsible,7,7,0
astronomically_high,7,7,0
very_mexican,7,7,0
very_unexpected,7,7,0
downright_weird,7,7,0
always_prone,7,7,0
merely_selfish,7,7,0
merely_pragmatic,7,7,0
usually_alone,7,7,0
currently_easy,7,7,0
merely_routine,7,7,0
totally_trivial,7,7,0
so_impotent,7,7,0
really_obtainable,7,7,0
so_imperfect,7,7,0
downright_un-american,7,6,1
necessarily_monolithic,7,7,0
always_problematic,7,7,0
currently_forthcoming,7,7,0
really_online,7,7,0
so_comic,7,5,2
really_nude,7,7,0
totally_uncalled,7,7,0
currently_economical,7,7,0
necessarily_lucrative,7,7,0
only_akin,7,7,0
so_immortal,7,7,0
always_prevalent,7,7,0
very_measurable,7,7,0
really_unfortunate,7,7,0
typically_german,7,7,0
very_universal,7,7,0
already_excited,7,7,0
necessarily_involved,7,7,0
very_bouncy,7,7,0
otherwise_active,7,7,0
very_cheesy,7,7,0
more_sanguine,7,7,0
more_savage,7,5,2
really_paranoid,7,7,0
only_amiable,7,7,0
really_spanish,7,7,0
necessarily_official,7,7,0
more_scathing,7,7,0
really_naive,7,7,0
very_lightweight,7,7,0
only_accustomed,7,7,0
as_victorious,7,7,0
necessarily_ill,7,7,0
altogether_implausible,7,7,0
merely_skeptical,7,7,0
only_manifest,7,7,0
very_lenient,7,7,0
typically_effective,7,7,0
necessarily_hypocritical,7,7,0
merely_open,7,7,0
very_lazy,7,7,0
always_plain,7,7,0
necessarily_obtainable,7,7,0
always_portable,7,7,0
otherwise_busy,7,7,0
as_weary,7,6,1
only_myopic,7,7,0
merely_plausible,7,7,0
otherwise_appropriate,7,7,0
always_proof,7,7,0
currently_applicable,7,7,0
necessarily_insidious,7,5,2
currently_alive,7,7,0
more_predisposed,7,7,0
seriously_depressed,7,7,0
only_acute,7,7,0
only_mellow,7,7,0
totally_sympathetic,7,7,0
currently_adequate,7,7,0
necessarily_inexperienced,7,7,0
more_rugged,7,6,1
usually_applicable,7,7,0
necessarily_obscene,7,7,0
anatomically_possible,7,7,0
merely_permissible,7,7,0
merely_inevitable,7,7,0
necessarily_poisonous,7,7,0
more_streamlined,7,7,0
merely_transient,7,7,0
necessarily_constructive,7,7,0
so_content,7,7,0
so_leery,7,7,0
merely_fashionable,7,7,0
reasonably_arguable,7,7,0
very_tactical,7,7,0
always_mistaken,7,7,0
easily_preventable,7,7,0
merely_willing,7,7,0
altogether_serious,7,7,0
more_misunderstood,7,5,2
usually_eager,7,7,0
overly_pungent,7,7,0
easily_recoverable,7,7,0
necessarily_communist,7,7,0
really_charming,7,7,0
as_surgical,7,7,0
so_gritty,7,7,0
necessarily_commonplace,7,7,0
easily_related,7,7,0
so_grisly,7,6,1
overly_progressive,7,7,0
so_laudable,7,7,0
clinically_ill,7,7,0
realy_sure,7,7,0
very_tame,7,7,0
crazily_expensive,7,7,0
more_unbearable,7,2,5
totally_preposterous,7,6,1
necessarily_responsive,7,7,0
openly_contemptuous,7,7,0
so_cartoony,7,7,0
necessarily_revelatory,7,7,0
necessarily_cynical,7,7,0
clinically_apparent,7,7,0
always_motivated,7,7,0
altogether_sane,7,7,0
easily_likeable,7,7,0
so_laborious,7,7,0
as_systemic,7,7,0
already_awesome,7,7,0
only_israeli,7,7,0
merely_free,7,7,0
truly_warm,7,7,0
easily_obvious,7,7,0
anymore_necessary,7,7,0
ultimately_possible,7,7,0
only_intrinsic,7,7,0
so_breezy,7,7,0
automatically_right,7,6,1
really_relaxing,7,7,0
as_stoked,7,7,0
easily_walkable,7,7,0
more_vain,7,5,2
really_married,7,7,0
altogether_sympathetic,7,7,0
very_immersive,7,7,0
always_mature,7,7,0
downright_difficult,7,4,3
reasonably_identifiable,7,7,0
only_punishable,7,7,0
more_lurid,7,5,2
very_acquainted,7,7,0
very_achievable,7,7,0
so_breathless,7,7,0
merely_domestic,7,7,0
necessarily_blind,7,7,0
only_inflammatory,7,7,0
overly_rough,7,7,0
really_cautious,7,7,0
conventionally_pretty,7,6,1
so_contrived,7,7,0
totally_passive,7,7,0
really_shiny,7,7,0
overly_hasty,7,7,0
damn_sweet,7,7,0
easily_reusable,7,7,0
overly_rambunctious,7,7,0
overly_rapid,7,7,0
only_intolerant,7,7,0
really_crafty,7,7,0
more_unsafe,7,6,1
as_studious,7,7,0
overly_reflective,7,7,0
only_puzzling,7,7,0
necessarily_secret,7,7,0
so_lifeless,7,7,0
automatically_qualified,7,7,0
sexually_monogamous,7,7,0
very_wordy,7,7,0
overly_gratuitous,7,7,0
necessarily_characteristic,7,7,0
easily_tired,7,7,0
overly_horrible,7,6,1
truly_wireless,7,7,0
necessarily_repeatable,7,7,0
more_talkative,7,6,1
only_ruthless,7,7,0
openly_supportive,7,7,0
necessarily_durable,7,5,2
so_hellish,7,7,0
downright_insane,7,7,0
as_unbreakable,7,7,0
more_opaque,7,5,2
easily_answerable,7,7,0
necessarily_doomed,7,7,0
only_reactive,7,7,0
more_supreme,7,4,3
merely_illegal,7,7,0
so_hearty,7,6,1
openly_political,7,7,0
altogether_awful,7,7,0
only_life-changing,7,7,0
very_anonymous,7,7,0
really_pushy,7,7,0
necessarily_discriminatory,7,7,0
very_itchy,7,7,0
very_nasty,7,6,1
downright_intimidating,7,6,1
overly_ideological,7,7,0
so_invigorating,7,2,5
more_overwhelmed,7,7,0
very_artsy,7,7,0
unreasonably_low,7,7,0
totally_resistant,7,7,0
only_round,7,7,0
necessarily_erotic,7,7,0
totally_unscathed,7,6,1
merely_incremental,7,7,0
critically_low,7,7,0
merely_incompetent,7,7,0
only_obese,7,7,0
more_outdated,7,6,1
necessarily_preferable,7,7,0
very_tolerable,7,7,0
altogether_natural,7,7,0
so_chill,7,7,0
altogether_negative,7,7,0
only_beholden,7,7,0
usually_contagious,7,7,0
typically_welcome,7,7,0
necessarily_pure,7,7,0
more_obese,7,6,1
way_more,7,7,0
necessarily_random,7,7,0
automatically_guilty,7,7,0
very_negotiable,7,7,0
only_offline,7,7,0
downright_harmful,7,7,0
only_lame,7,7,0
totally_professional,7,7,0
as_thrifty,7,7,0
more_tribal,7,6,1
easily_enforceable,7,7,0
twice_alike,7,7,0
altogether_realistic,7,7,0
more_tumultuous,7,5,2
easily_excited,7,7,0
always_reliant,7,7,0
clearly_unreasonable,7,7,0
more_mystical,7,6,1
necessarily_reckless,7,7,0
really_reassuring,7,7,0
only_knowledgable,7,7,0
easily_forgivable,7,7,0
merely_helpful,7,7,0
altogether_real,7,7,0
more_obedient,7,7,0
altogether_predictable,7,6,1
necessarily_discernible,7,7,0
altogether_practical,7,7,0
very_privileged,7,7,0
only_leaner,7,7,0
merely_hot,7,7,0
so_heartening,7,5,2
easily_customizable,7,7,0
more_nurturing,7,6,1
as_totalitarian,7,7,0
ultimately_beneficial,7,7,0
more_transformative,7,5,2
necessarily_deserving,7,7,0
more_nonsensical,7,7,0
so_healthful,7,6,1
downright_hypocritical,7,6,1
really_classic,7,5,2
only_bleak,7,7,0
only_rapid,7,7,0
overly_precise,7,7,0
necessarily_derogatory,7,7,0
really_scandalous,7,5,2
more_questionable,7,4,3
remotely_practical,7,7,0
more_carefree,7,7,0
remotely_enjoyable,7,6,1
deliberately_misleading,7,7,0
also_famous,7,7,0
as_dissatisfied,7,7,0
always_fat,7,7,0
utterly_boring,7,7,0
more_feminist,7,4,3
completely_unwatchable,7,7,0
so_redundant,7,7,0
as_biased,7,7,0
overly_cerebral,7,6,1
truly_automatic,7,7,0
really_round,7,7,0
as_bigoted,7,7,0
really_terrified,7,7,0
remotely_reliable,7,5,2
completely_incompatible,7,7,0
now_sure,7,7,0
much_annoying,7,7,0
completely_exhaustive,7,7,0
remotely_defensible,7,7,0
overly_arduous,7,7,0
much_frustrated,7,7,0
remotely_dangerous,7,4,3
not_applicable,7,7,0
as_fundamentalist,7,7,0
much_stable,7,7,0
enough_christian,7,7,0
also_challenging,7,7,0
also_obvious,7,6,1
really_harsh,7,6,1
really_faint,7,7,0
so_regimented,7,7,0
overtly_feminist,7,7,0
totally_committed,7,6,1
so_sedentary,7,7,0
more_farfetched,7,7,0
as_dispiriting,7,5,2
completely_unproductive,7,7,0
truly_accountable,7,7,0
completely_unprotected,7,7,0
completely_inconsistent,7,7,0
totally_coincidental,7,7,0
overly_artistic,7,7,0
as_live,7,7,0
so_reprehensible,7,6,1
not_brilliant,7,7,0
really_existent,7,7,0
remotely_upset,7,7,0
over_friendly,7,7,0
all_tough,7,7,0
defensively_sound,7,7,0
also_nice,7,7,0
as_danceable,7,7,0
always_heavy,7,7,0
completely_likable,7,7,0
longer_tenable,7,7,0
much_superior,7,7,0
not_black,7,7,0
much_subject,7,7,0
outright_stupid,7,7,0
really_acquainted,7,7,0
tremendously_surprising,7,7,0
as_long-term,7,7,0
all_touchy,7,7,0
completely_incoherent,7,7,0
n't_excited,7,7,0
really_historical,7,7,0
enough_concerned,7,7,0
more_clean,7,7,0
as_fortuitous,7,6,1
empirically_true,7,7,0
only_overworked,7,7,0
mostly_white,7,7,0
more_amenable,7,7,0
more_deep,7,4,3
completely_mainstream,7,7,0
very_overweight,7,7,0
as_metaphysical,7,7,0
totally_crisp,7,6,1
too_usual,7,6,1
deeply_technical,7,7,0
really_skinny,7,7,0
remotely_competent,7,6,1
ridiculously_wealthy,7,7,0
simply_hot,7,7,0
always_homogeneous,7,7,0
really_firm,7,7,0
totally_bald,7,7,0
n't_gorgeous,7,6,1
really_hilarious,7,6,1
always_hopeful,7,7,0
completely_thorough,7,7,0
as_arid,7,7,0
not_accountable,7,7,0
truly_british,7,7,0
only_unaffordable,7,7,0
remotely_commensurate,7,7,0
only_defective,7,7,0
really_historic,7,7,0
outright_ridiculous,7,7,0
uniquely_responsible,7,7,0
as_mercurial,7,7,0
as_drinkable,7,7,0
blindingly_fast,7,7,0
completely_equivalent,7,7,0
totally_convenient,7,7,0
truly_better,7,7,0
only_stingy,7,7,0
totally_artificial,7,7,0
really_righteous,7,7,0
as_doubtful,7,7,0
truly_disruptive,7,5,2
only_uncalled,7,7,0
deeply_troubled,7,7,0
more_chinese,7,7,0
so_studious,7,7,0
as_autobiographical,7,7,0
as_mathematical,7,7,0
mutually_comprehensible,7,7,0
truly_flat,7,7,0
completely_upset,7,7,0
also_close,7,7,0
not_american,7,7,0
only_tender,7,7,0
as_individual,7,7,0
uniquely_related,7,7,0
so_descriptive,7,7,0
totally_abnormal,7,7,0
not_sweet,7,7,0
completely_enjoyable,7,7,0
overtly_emotional,7,7,0
simply_right,7,7,0
as_merciless,7,6,1
always_unfair,7,7,0
much_sweet,7,7,0
much_deep,7,6,1
directly_financial,7,7,0
realistically_feasible,7,7,0
truly_inclusive,7,7,0
only_unconcerned,7,7,0
completely_undeserved,7,7,0
very_scholarly,7,7,0
always_drastic,7,7,0
truly_european,7,6,1
not_natural,7,7,0
more_attuned,7,6,1
as_desolate,7,7,0
truly_impartial,7,7,0
enough_related,7,7,0
so_saccharine,7,7,0
much_confident,7,7,0
not_different,7,7,0
completely_fruitless,7,7,0
definitively_clear,7,7,0
much_hot,7,7,0
so_rubbish,7,7,0
enough_right,7,7,0
too_whimsical,7,5,2
much_critical,7,7,0
as_detached,7,7,0
over_concerned,7,7,0
more_excessive,7,7,0
as_devoted,7,7,0
much_human,7,7,0
really_expressive,7,7,0
much_curious,7,7,0
as_juvenile,7,7,0
enormously_expensive,7,7,0
as_irksome,7,5,2
more_enigmatic,7,6,1
so_disorganized,7,7,0
as_haunting,7,7,0
as_deficient,7,7,0
so_sporty,7,6,1
much_useless,7,7,0
more_discriminatory,7,7,0
definitely_sure,7,7,0
completely_unanimous,7,7,0
remotely_likeable,7,6,1
as_heartbroken,7,7,0
simply_perfect,7,7,0
noticeably_slower,7,7,0
simply_personal,7,7,0
only_electric,7,7,0
completely_unavoidable,7,7,0
not_efficient,7,7,0
completely_secular,7,7,0
so_sadistic,7,7,0
simply_wishful,7,7,0
truly_ill,7,7,0
remotely_irish,7,6,1
manifestly_appropriate,7,7,0
not_equivalent,7,7,0
as_heretical,7,7,0
as_cogent,7,6,1
completely_unaffected,7,6,1
also_happy,7,7,0
much_creepy,7,6,1
definitely_related,7,7,0
totally_better,7,7,0
as_inviting,7,7,0
only_equitable,7,7,0
as_didactic,7,6,1
only_unconventional,7,7,0
n't_busy,7,7,0
only_uncool,7,7,0
much_tight,7,7,0
very_repetitive,7,7,0
only_energetic,7,7,0
remotely_responsible,7,5,2
so_seasonal,7,7,0
not_vegan,7,7,0
only_tasteful,7,7,0
now_familiar,7,7,0
more_exuberant,7,5,2
directly_interchangeable,7,7,0
really_flawless,7,7,0
not_complicated,7,7,0
uniquely_british,7,4,3
much_dark,7,7,0
not_most,7,7,0
completely_isolated,7,7,0
outright_violent,7,7,0
much_theological,7,7,0
now_free,7,7,0
really_greener,7,7,0
much_terrifying,7,7,0
slightly_cheaper,7,6,1
overly_beneficial,7,7,0
better_informed,7,7,0
not_clever,7,7,0
very_curly,7,7,0
completely_indestructible,7,6,1
totally_available,7,7,0
more_deplorable,7,6,1
really_abstract,7,7,0
n't_competitive,7,7,0
completely_grim,7,7,0
directly_identifiable,7,7,0
very_crunchy,7,7,0
now_active,7,7,0
only_patronizing,7,7,0
as_die-hard,7,7,0
as_lackluster,7,7,0
not_dependent,7,7,0
also_frustrating,7,7,0
overly_beautiful,7,7,0
now_due,7,6,1
truly_innocent,7,7,0
as_inhumane,7,7,0
simply_legal,7,7,0
not_critical,7,3,4
as_gradual,7,7,0
as_infrequent,7,7,0
only_custom,7,7,0
much_busier,7,7,0
all_selfish,7,7,0
much_calmer,7,7,0
overtly_interested,7,7,0
really_experimental,7,6,1
so_stimulating,7,6,1
much_calm,7,7,0
completely_intolerable,7,7,0
all_synonymous,7,7,0
completely_flush,7,7,0
truly_interactive,7,7,0
overtly_illegal,7,3,4
not_expensive,7,7,0
more_desolate,7,4,3
really_forbidden,7,6,1
more_distinguished,7,5,2
not_active,7,7,0
more_economic,7,7,0
always_tragic,7,7,0
very_discrete,7,7,0
n't_powerful,7,7,0
completely_permanent,7,7,0
more_concise,7,7,0
normally_conducive,7,7,0
always_conservative,7,7,0
more_conciliatory,7,7,0
totally_distinct,7,7,0
as_obsolete,7,7,0
as_observable,7,7,0
much_optimistic,7,7,0
completely_obscure,7,7,0
so_supreme,7,6,1
most_tasty,7,7,0
deeply_meaningful,7,6,1
overly_cruel,7,7,0
as_erect,7,7,0
remotely_apparent,7,7,0
so_discernible,7,7,0
always_terrific,7,7,0
totally_adorable,7,7,0
normally_compatible,7,7,0
always_exempt,7,7,0
also_critical,7,7,0
only_do-able,7,7,0
as_contrary,7,7,0
n't_proud,7,7,0
more_grievous,7,2,5
so_snarky,7,7,0
really_appetizing,7,7,0
artistically_interesting,7,7,0
really_easier,7,7,0
most_tender,7,7,0
completely_sufficient,7,7,0
normally_good,7,7,0
usually_safe,7,7,0
wholly_alone,7,7,0
overly_accommodating,7,7,0
as_immaculate,7,7,0
uniformly_high,7,7,0
ridiculously_big,7,7,0
much_newsworthy,7,6,1
truly_genuine,7,6,1
much_nostalgia,7,7,0
directly_subordinate,7,7,0
completely_dumb,7,7,0
as_incoherent,7,7,0
most_truthful,7,7,0
only_sweeter,7,7,0
materially_higher,7,7,0
really_anti-semitic,7,7,0
more_compliant,7,7,0
more_dumbfounded,7,7,0
most_tragic,7,7,0
desperately_ill,7,7,0
as_inane,7,7,0
completely_numb,7,7,0
completely_plausible,7,7,0
as_inactive,7,7,0
magically_better,7,7,0
notably_good,7,7,0
not_rich,7,6,1
only_steep,7,7,0
uniformly_happy,7,7,0
overwhelmingly_great,7,6,1
as_exacting,7,7,0
truly_muslim,7,7,0
normally_accustomed,7,7,0
entirely_atypical,7,7,0
much_enough,7,7,0
scientifically_clear,7,7,0
more_contrived,7,7,0
really_fashionable,7,6,1
very_runny,7,7,0
simply_strong,7,7,0
mathematically_minded,7,7,0
totally_embarrassed,7,7,0
most_revealing,7,7,0
overtly_supernatural,7,2,5
most_respected,7,7,0
emotionally_easy,7,7,0
completely_critical,7,7,0
as_eye-opening,7,5,2
really_artistic,7,6,1
simply_spiritual,7,7,0
as_exemplary,7,7,0
completely_ours,7,7,0
simply_strange,7,5,2
overtly_ambitious,7,7,0
most_reputable,7,7,0
simply_easier,7,7,0
mathematically_rigorous,7,7,0
very_nutritional,7,7,0
completely_corrupt,7,7,0
deliberately_malicious,7,6,1
truly_needy,7,7,0
much_essential,7,6,1
completely_out,7,6,1
very_nurturing,7,7,0
as_fab,7,7,0
most_safe,7,7,0
all_reliable,7,7,0
most_scrupulous,7,7,0
over_seasoned,7,7,0
most_similar,7,7,0
more_grueling,7,6,1
not_high,7,7,0
remarkably_successful,7,6,1
n't_responsible,7,6,1
only_fiscal,7,7,0
emotionally_impactful,7,6,1
as_impassioned,7,7,0
more_gruesome,7,4,3
unequivocally_good,7,7,0
n't_rich,7,7,0
as_exalted,7,5,2
most_secretive,7,7,0
also_human,7,7,0
richly_detailed,7,7,0
very_deserving,7,6,1
remarkably_similar,7,6,1
remotely_perfect,7,7,0
more_dubious,7,5,2
completely_stunning,7,7,0
most_savory,7,7,0
overwhelmingly_high,7,7,0
directly_clear,7,7,0
completely_opposite,7,7,0
obviously_absurd,7,7,0
nigh_impossible,7,6,1
completely_hypocritical,7,7,0
overwhelmingly_important,7,7,0
as_contemplative,7,7,0
entirely_alike,7,7,0
most_uncomfortable,7,7,0
only_perplexing,7,7,0
as_anarchic,7,7,0
as_effectual,7,7,0
simply_ornamental,7,7,0
so_pungent,7,6,1
remotely_old,7,4,3
always_courteous,7,7,0
so_defenseless,7,7,0
much_luckier,7,7,0
really_tolerant,7,7,0
right_most,7,7,0
longer_shiny,7,7,0
completely_misunderstood,7,7,0
completely_weird,7,7,0
outright_painful,7,7,0
more_eccentric,7,7,0
really_tenable,7,7,0
most_wholesome,7,7,0
as_mythical,7,7,0
all_unexpected,7,7,0
much_wicked,7,7,0
only_unanimous,7,7,0
truly_catholic,7,7,0
demonstrably_different,7,7,0
very_roomy,7,7,0
really_hoppy,7,7,0
completely_homogeneous,7,7,0
completely_mushy,7,7,0
more_adaptable,7,6,1
much_dumb,7,7,0
as_electable,7,7,0
most_wearable,7,7,0
more_cunning,7,5,2
only_corporate,7,7,0
really_european,7,6,1
directly_relatable,7,7,0
not_keen,7,7,0
so_racy,7,7,0
most_young,7,7,0
totally_deaf,7,7,0
real_responsive,7,7,0
visually_distinctive,7,7,0
really_trained,7,7,0
as_monogamous,7,7,0
completely_doomed,7,7,0
as_antsy,7,7,0
as_indignant,7,7,0
as_apologetic,7,7,0
always_horrible,7,7,0
as_forgettable,7,7,0
so_deficient,7,7,0
as_forgetful,7,7,0
massively_important,7,7,0
overly_buttery,7,6,1
not_friendly,7,6,1
directly_productive,7,7,0
also_excellent,7,7,0
as_moronic,7,7,0
totally_defenseless,7,7,0
much_fearful,7,7,0
utterly_insane,7,6,1
much_distinct,7,7,0
enough_current,7,7,0
uniquely_immune,7,7,0
wholly_admirable,7,6,1
most_worthy,7,6,1
overtly_salty,7,7,0
always_tired,7,7,0
normally_resident,7,7,0
better_armed,7,7,0
more_commanding,7,4,3
directly_religious,7,7,0
more_communicative,7,7,0
overly_boisterous,7,7,0
all_unknown,7,7,0
directly_reliant,7,7,0
very_cut,7,7,0
very_disappointing,7,7,0
overly_bloody,7,7,0
outwardly_violent,7,6,1
always_unconstitutional,7,7,0
computationally_feasible,7,7,0
more_distressed,7,7,0
only_drinkable,7,7,0
really_durable,7,7,0
remotely_rational,7,6,1
usually_sensitive,7,7,0
longer_safe,7,7,0
more_commendable,7,3,4
as_adult,7,7,0
directly_sexual,7,5,2
outwardly_wrong,7,1,6
completely_proficient,7,7,0
real_real,7,7,0
overly_cooperative,7,7,0
overly_corporate,7,7,0
not_productive,7,7,0
not_gonna,7,6,1
n't_old,7,7,0
remotely_traditional,7,6,1
really_tempting,7,6,1
simply_fun,7,7,0
completely_worth,7,6,1
totally_dissatisfied,7,7,0
really_dynamic,7,4,3
outright_misleading,7,7,0
completely_dire,7,7,0
not_sorry,7,7,0
overtly_cruel,7,7,0
as_conceptual,7,6,1
really_temporary,7,7,0
always_costly,7,7,0
really_feminine,7,7,0
n't_mature,7,6,1
more_advisable,7,7,0
utterly_delicious,7,7,0
really_amusing,7,6,1
not_infectious,7,6,1
entirely_advisable,7,6,1
only_constructive,7,7,0
too_upfront,7,7,0
as_adroit,7,7,0
yet_extant,6,6,0
exactly_spot-on,6,6,0
exactly_stiff,6,6,0
not_legal,6,5,1
more_displeased,6,6,0
usually_desirable,6,6,0
more_disheartened,6,6,0
truly_wonderful,6,4,2
altogether_believable,6,6,0
more_distraught,6,6,0
utterly_brilliant,6,6,0
otherwise_liable,6,6,0
truly_famous,6,6,0
otherwise_obtainable,6,6,0
deliberately_rude,6,6,0
necessarily_radical,6,5,1
particularly_topical,6,6,0
not_long,6,6,0
politically_sexy,6,6,0
altogether_averse,6,6,0
not_local,6,6,0
necessarily_purposeful,6,6,0
usually_crazy,6,6,0
casually_curious,6,6,0
particularly_overt,6,5,1
altogether_attractive,6,6,0
more_oblivious,6,6,0
just_offline,6,6,0
otherwise_necessary,6,6,0
then_necessary,6,6,0
necessarily_prohibitive,6,6,0
not_indicative,6,5,1
more_nasty,6,4,2
again_subject,6,6,0
here_much,6,6,0
super_sunny,6,6,0
exactly_stealthy,6,6,0
damn_high,6,6,0
very_pliable,6,6,0
only_phenomenal,6,6,0
always_recoverable,6,6,0
not_infallible,6,6,0
only_random,6,6,0
that_witty,6,6,0
quite_epic,6,6,0
particularly_verbal,6,5,1
exactly_scarce,6,6,0
practically_viable,6,6,0
just_unfamiliar,6,6,0
not_practical,6,6,0
more_porous,6,6,0
soo_good,6,6,0
even_arab,6,6,0
particularly_vibrant,6,6,0
necessarily_obsolete,6,6,0
otherwise_confidential,6,6,0
currently_resident,6,6,0
more_crude,6,6,0
not_profitable,6,6,0
remotely_tired,6,6,0
necessarily_obese,6,6,0
actually_viable,6,6,0
really_epic,6,4,2
particularly_obedient,6,6,0
particularly_vast,6,6,0
super_authentic,6,4,2
heavily_enough,6,6,0
just_motivational,6,6,0
however_enough,6,6,0
also_expensive,6,6,0
visibly_noticeable,6,6,0
particularly_usable,6,5,1
currently_stable,6,6,0
really_eventful,6,2,4
super_apparent,6,6,0
however_good,6,2,4
really_mystical,6,4,2
certainly_impressed,6,6,0
politically_outspoken,6,6,0
exactly_seasonal,6,6,0
not_poor,6,6,0
usually_awake,6,6,0
even_anxious,6,6,0
yet_enforceable,6,6,0
altogether_devoid,6,6,0
more_crisp,6,5,1
very_variable,6,6,0
absolutely_stupid,6,6,0
particularly_vivid,6,6,0
even_biblical,6,6,0
over_sentimental,6,6,0
supremely_important,6,6,0
excessively_bright,6,6,0
particularly_volatile,6,6,0
that_stingy,6,6,0
very_polished,6,6,0
also_different,6,6,0
altogether_evil,6,6,0
usually_admissible,6,6,0
sufficiently_wet,6,6,0
certifiably_crazy,6,5,1
sufficiently_vigorous,6,6,0
really_obscure,6,6,0
necessarily_mobile,6,6,0
especially_horrible,6,6,0
even_beneficial,6,6,0
really_nostalgic,6,6,0
halfway_decent,6,6,0
more_cosy,6,2,4
typically_familiar,6,6,0
even_australian,6,6,0
however_possible,6,6,0
actually_vegetarian,6,6,0
just_uninformed,6,6,0
very_vague,6,4,2
quite_edgy,6,6,0
actually_various,6,1,5
exactly_round,6,6,0
altogether_empty,6,6,0
exactly_rude,6,6,0
really_endearing,6,4,2
also_distant,6,6,0
supremely_functional,6,6,0
really_noisy,6,6,0
always_prompt,6,6,0
also_fair,6,6,0
more_decorative,6,4,2
necessarily_pretty,6,6,0
politically_related,6,5,1
that_suspicious,6,6,0
really_missing,6,5,1
more_panicked,6,5,1
necessarily_pleasurable,6,6,0
super_thorough,6,6,0
more_paradoxical,6,6,0
more_partial,6,6,0
that_susceptible,6,6,0
over_eager,6,6,0
exceptionally_sharp,6,6,0
super_chic,6,6,0
typically_common,6,6,0
horrifically_expensive,6,6,0
certainly_better,6,4,2
particularly_orthodox,6,6,0
truly_efficient,6,6,0
just_nifty,6,6,0
just_trite,6,6,0
more_devout,6,6,0
very_virtuous,6,6,0
more_disadvantaged,6,6,0
more_opulent,6,2,4
too_elated,6,6,0
not_mad,6,6,0
otherwise_inconsistent,6,6,0
quite_enjoyable,6,6,0
just_obscene,6,5,1
horribly_surprising,6,6,0
really_extravagant,6,4,2
especially_loyal,6,6,0
just_transgender,6,6,0
deliciously_ironic,6,6,0
exactly_social,6,5,1
always_reassuring,6,6,0
acutely_conscious,6,6,0
exactly_snappy,6,6,0
just_numb,6,4,2
more_outstanding,6,3,3
exactly_sincere,6,6,0
just_nicer,6,6,0
necessarily_perverse,6,6,0
otherwise_feasible,6,6,0
altogether_confident,6,6,0
just_narrow,6,6,0
more_delectable,6,3,3
heavily_present,6,6,0
seriously_damaging,6,6,0
only_personable,6,6,0
not_personal,6,6,0
typically_difficult,6,6,0
actually_welcome,6,6,0
just_undemocratic,6,6,0
always_punctual,6,6,0
more_defensive,6,4,2
particularly_obsessed,6,6,0
exceptionally_valuable,6,6,0
actually_weird,6,6,0
very_virulent,6,6,0
just_murky,6,6,0
that_sunny,6,6,0
soon_forthcoming,6,6,0
currently_true,6,6,0
always_thoughtful,6,6,0
super_tired,6,6,0
particularly_orderly,6,6,0
always_quality,6,6,0
otherwise_easy,6,6,0
super_traditional,6,6,0
absolutely_terrified,6,6,0
too_indicative,6,5,1
particularly_oppressive,6,6,0
necessarily_outdated,6,6,0
just_unaffordable,6,6,0
necessarily_particular,6,6,0
exceptionally_successful,6,5,1
currently_unemployed,6,6,0
politically_potent,6,6,0
particularly_unreasonable,6,6,0
just_naughty,6,6,0
also_familiar,6,6,0
necessarily_social,6,6,0
too_enthralling,6,5,1
widely_present,6,6,0
potentially_important,6,6,0
highly_vulnerable,6,6,0
super_negative,6,6,0
especially_vivid,6,6,0
outright_bearish,6,6,0
truly_proud,6,5,1
too_heinous,6,1,5
normally_susceptible,6,6,0
aesthetically_stunning,6,6,0
that_unsafe,6,6,0
decidedly_different,6,6,0
yet_halfway,6,6,0
necessarily_verbal,6,6,0
virtually_certain,6,6,0
always_singular,6,6,0
more_frantic,6,6,0
widely_prevalent,6,6,0
always_substantial,6,6,0
super_moist,6,6,0
really_holy,6,6,0
deceptively_similar,6,6,0
just_receptive,6,6,0
really_insulting,6,6,0
normally_shy,6,5,1
really_simpler,6,6,0
both_present,6,6,0
super_proficient,6,6,0
quite_french,6,6,0
too_glorious,6,5,1
more_idiotic,6,6,0
outright_malicious,6,6,0
normally_related,6,6,0
quite_frustrating,6,6,0
more_illogical,6,5,1
really_humorous,6,4,2
exactly_waterproof,6,6,0
necessarily_wild,6,6,0
especially_vibrant,6,6,0
necessarily_whole,6,6,0
highly_variable,6,6,0
outright_boring,6,6,0
always_slow,6,6,0
exactly_virtuous,6,6,0
outright_negative,6,6,0
too_gigantic,6,5,1
just_sleepy,6,6,0
normally_serious,6,6,0
just_relaxed,6,6,0
super_mobile,6,6,0
highly_inefficient,6,6,0
especially_witty,6,5,1
truly_revelatory,6,3,3
usually_liable,6,6,0
very_overt,6,6,0
super_liberal,6,6,0
dead_serious,6,6,0
more_flamboyant,6,4,2
so_custom,6,6,0
too_frugal,6,6,0
more_inevitable,6,4,2
dead_last,6,6,0
so_dehydrated,6,6,0
super_lean,6,6,0
exactly_usable,6,6,0
just_splendid,6,6,0
truly_right,6,6,0
usually_large,6,6,0
exactly_unrealistic,6,6,0
super_kinky,6,5,1
exactly_unpopular,6,6,0
really_irrelevant,6,6,0
more_inopportune,6,6,0
super_involved,6,5,1
blindingly_bright,6,6,0
super_literal,6,6,0
too_functional,6,6,0
more_ineffective,6,5,1
just_southern,6,6,0
widely_representative,6,6,0
deeply_spiritual,6,6,0
outright_angry,6,5,1
particularly_proactive,6,6,0
particularly_shiny,6,6,0
always_sinful,6,6,0
really_higher,6,6,0
so_cutthroat,6,6,0
adequately_secure,6,6,0
necessarily_unsustainable,6,6,0
thematically_related,6,6,0
really_intriguing,6,3,3
usually_long,6,6,0
super_luxurious,6,6,0
potentially_lucrative,6,5,1
essentially_appropriate,6,6,0
necessarily_unjust,6,6,0
more_indignant,6,6,0
too_furious,6,6,0
more_industrial,6,6,0
wholly_unwelcome,6,6,0
that_usual,6,6,0
normally_obtainable,6,6,0
wholly_white,6,6,0
usually_picky,6,6,0
usually_pleased,6,6,0
deeply_impressed,6,6,0
highly_responsive,6,6,0
always_sour,6,6,0
super_perfect,6,6,0
especially_spicy,6,6,0
always_spotless,6,6,0
truly_operational,6,6,0
more_gullible,6,6,0
scientifically_precise,6,4,2
aesthetically_acceptable,6,6,0
highly_predictive,6,6,0
just_roman,6,6,0
really_silly,6,6,0
aesthetically_desirable,6,6,0
normally_apparent,6,6,0
more_gregarious,6,6,0
scientifically_significant,6,6,0
particularly_remorseful,6,6,0
deeply_knowledgeable,6,6,0
super_portable,6,6,0
just_richer,6,6,0
scientifically_plausible,6,6,0
always_spiritual,6,6,0
always_spicy,6,6,0
deeply_embarrassing,6,6,0
especially_stylish,6,6,0
deeply_hostile,6,6,0
too_grotesque,6,5,1
scientifically_controversial,6,6,0
just_scarce,6,6,0
outright_fraudulent,6,6,0
truly_normal,6,6,0
more_hardy,6,6,0
highly_readable,6,6,0
so_decadent,6,3,3
just_satisfactory,6,6,0
particularly_resistant,6,6,0
particularly_restrictive,6,6,0
never_right,6,6,0
deeply_ideological,6,6,0
just_salty,6,6,0
deeply_immoral,6,6,0
scientifically_minded,6,6,0
exceedingly_expensive,6,6,0
highly_reactive,6,6,0
widely_celebrated,6,6,0
just_several,6,6,0
really_immersive,6,5,1
only_presentable,6,6,0
more_girly,6,2,4
highly_talented,6,6,0
truly_peaceful,6,6,0
yet_heavy,6,6,0
really_inexpensive,6,6,0
yet_important,6,6,0
normally_inclined,6,6,0
especially_trustworthy,6,6,0
possibly_wrong,6,5,1
too_gracious,6,5,1
particularly_salty,6,6,0
especially_uncomfortable,6,6,0
exceedingly_large,6,6,0
deeply_aware,6,6,0
deeply_asleep,6,6,0
deeply_political,6,6,0
particularly_rapid,6,6,0
rigorously_accurate,6,6,0
highly_touted,6,6,0
only_potential,6,6,0
blissfully_ignorant,6,6,0
necessarily_zero,6,6,0
exactly_wet,6,6,0
that_vibrant,6,6,0
too_hazy,6,6,0
scrupulously_honest,6,6,0
deeply_committed,6,6,0
more_gratified,6,6,0
more_hollow,6,6,0
super_outgoing,6,6,0
quite_formal,6,6,0
especially_threatening,6,4,2
exceedingly_long,6,6,0
especially_thrilling,6,5,1
roughly_equal,6,6,0
really_imaginative,6,5,1
virtually_indestructible,6,6,0
more_granular,6,4,2
just_sharper,6,6,0
highly_supportive,6,6,0
just_shiny,6,6,0
always_stimulating,6,6,0
thematically_appropriate,6,6,0
really_imaginable,6,6,0
highly_susceptible,6,6,0
especially_toxic,6,6,0
highly_suspicious,6,6,0
also_sad,6,6,0
deeply_unsettling,6,6,0
too_holy,6,6,0
yet_fatal,6,6,0
so_deranged,6,6,0
also_vulnerable,6,6,0
super_fantastic,6,4,2
more_engrossing,6,4,2
necessarily_sincere,6,6,0
very_worrisome,6,6,0
just_surreal,6,5,1
too_idle,6,6,0
particularly_pessimistic,6,6,0
necessarily_silly,6,6,0
particularly_tasteful,6,6,0
dang_cute,6,6,0
truly_true,6,6,0
necessarily_shorter,6,6,0
ridiculously_complex,6,6,0
always_tasteful,6,6,0
broadly_representative,6,6,0
particularly_tender,6,6,0
necessarily_shameful,6,5,1
highly_affordable,6,6,0
necessarily_sexist,6,6,0
super_enough,6,6,0
exactly_tasteful,6,6,0
quite_hopeless,6,6,0
too_fanatical,6,6,0
highly_enjoyable,6,6,0
truly_humble,6,6,0
especially_persuasive,6,6,0
politically_vulnerable,6,6,0
just_sunny,6,6,0
usually_friendly,6,6,0
exactly_topical,6,6,0
truly_identical,6,6,0
yet_intelligent,6,6,0
adequately_clear,6,6,0
too_hyper,6,6,0
really_manageable,6,6,0
too_hysterical,6,6,0
so_cost-effective,6,6,0
just_plentiful,6,6,0
virtually_non-existent,6,6,0
essentially_suitable,6,6,0
necessarily_slower,6,6,0
otherwise_responsible,6,6,0
quite_extensive,6,6,0
hopelessly_naive,6,6,0
not_excited,6,4,2
highly_attractive,6,6,0
necessarily_sleepy,6,6,0
super_energetic,6,6,0
just_symptomatic,6,6,0
usually_excited,6,6,0
especially_necessary,6,6,0
politically_suicidal,6,6,0
just_tasteless,6,6,0
necessarily_risky,6,6,0
altogether_alien,6,6,0
necessarily_riskier,6,6,0
particularly_peaceful,6,6,0
truly_functional,6,6,0
exactly_substantial,6,6,0
too_ethnic,6,6,0
truly_waterproof,6,6,0
ridiculously_adorable,6,6,0
exceptionally_knowledgeable,6,6,0
too_essential,6,6,0
just_tender,6,5,1
quite_ill,6,4,2
horribly_graphic,6,5,1
horribly_hot,6,6,0
so_contemptible,6,4,2
very_wholesome,6,6,0
more_dreary,6,3,3
also_ideal,6,6,0
truly_frightening,6,6,0
also_impossible,6,6,0
more_monstrous,6,4,2
particularly_tidy,6,6,0
more_monolithic,6,6,0
academically_related,6,6,0
ridiculously_cold,6,6,0
not_fond,6,6,0
truly_urgent,6,6,0
necessarily_scandalous,6,6,0
more_mellow,6,6,0
necessarily_sane,6,6,0
sooo_bad,6,6,0
super_dramatic,6,5,1
more_mild,6,6,0
more_militant,6,6,0
super_sour,6,6,0
always_technical,6,6,0
more_minimal,6,5,1
just_peaceful,6,4,2
altogether_absurd,6,6,0
just_patient,6,6,0
quite_identifiable,6,6,0
super_diligent,6,6,0
deliberately_dishonest,6,6,0
acutely_sick,6,6,0
sooo_cute,6,6,0
super_formal,6,5,1
always_symptomatic,6,6,0
quite_handsome,6,6,0
truly_sovereign,6,6,0
outright_terrified,6,6,0
viscerally_exciting,6,6,0
blatantly_stupid,6,6,0
super_satisfied,6,6,0
not_competitive,6,6,0
necessarily_threatening,6,5,1
just_profound,6,6,0
also_merciful,6,6,0
just_proficient,6,6,0
more_irritated,6,6,0
usually_hostile,6,6,0
really_liquid,6,6,0
essentially_indicative,6,6,0
truly_international,6,6,0
truly_stable,6,6,0
truly_interesting,6,5,1
quite_hardcore,6,6,0
essentially_interested,6,2,4
exceptionally_easy,6,6,0
more_israeli,6,3,3
really_graphic,6,5,1
out_wide,6,5,1
outrageously_bad,6,4,2
just_prominent,6,6,0
too_fluent,6,6,0
usually_interesting,6,6,0
not_beholden,6,6,0
too_frail,6,6,0
really_justified,6,6,0
quite_glamorous,6,6,0
quite_graceful,6,6,0
defensively_responsible,6,6,0
too_forthright,6,6,0
necessarily_unanimous,6,5,1
super_inspiring,6,6,0
usually_indicative,6,6,0
just_steady,6,4,2
academically_bright,6,6,0
academically_brilliant,6,6,0
really_last,6,6,0
wholly_unsympathetic,6,6,0
usually_important,6,6,0
just_proof,6,6,0
quite_guilty,6,6,0
not_catholic,6,6,0
really_legit,6,6,0
exactly_uncomfortable,6,5,1
historically_wrong,6,6,0
hopelessly_corrupt,6,6,0
highly_compatible,6,6,0
truly_superior,6,5,1
more_exacting,6,6,0
especially_poor,6,6,0
only_proof,6,6,0
more_lazy,6,6,0
necessarily_strict,6,6,0
not_doable,6,5,1
ridiculously_huge,6,6,0
also_unlikely,6,6,0
truly_impressive,6,5,1
potentially_toxic,6,5,1
especially_pretty,6,5,1
more_euphoric,6,2,4
more_liable,6,6,0
truly_immune,6,6,0
rather_interesting,6,6,0
especially_pious,6,6,0
really_funky,6,5,1
also_useful,6,6,0
usually_funny,6,6,0
super_sick,6,6,0
truly_terrifying,6,5,1
highly_concerned,6,5,1
quite_hip,6,6,0
highly_confidential,6,6,0
really_shorter,6,6,0
just_pro-choice,6,6,0
super_secret,6,5,1
not_contradictory,6,6,0
super_harsh,6,6,0
truly_insurmountable,6,5,1
so_criminal,6,5,1
more_jolly,6,5,1
just_primary,6,6,0
super_gross,6,5,1
more_judicious,6,6,0
truly_inspiring,6,5,1
necessarily_sweeter,6,6,0
always_self-explanatory,6,6,0
adequately_familiar,6,6,0
very_permeable,6,6,0
essentially_necessary,6,6,0
potentially_risky,6,6,0
more_knowledgable,6,6,0
super_greasy,6,6,0
truly_infinite,6,6,0
especially_potent,6,6,0
particularly_scalable,6,6,0
so_tactful,6,6,0
exactly_responsive,6,6,0
exactly_chaste,6,6,0
actually_contagious,6,6,0
completely_distracting,6,6,0
completely_wireless,6,6,0
even_typical,6,6,0
completely_wonderful,6,5,1
simply_funny,6,6,0
structurally_unsound,6,6,0
mostly_dead,6,6,0
exactly_chic,6,6,0
just_bothersome,6,6,0
completely_dishonest,6,6,0
stunningly_good,6,6,0
unfairly_disadvantaged,6,6,0
n't_new,6,6,0
always_courageous,6,6,0
just_bipartisan,6,6,0
completely_welcoming,6,6,0
most_wonderful,6,6,0
exactly_celebratory,6,6,0
slightly_ironic,6,6,0
unfairly_prejudicial,6,6,0
too_auspicious,6,6,0
actually_intentional,6,6,0
even_unethical,6,4,2
exactly_casual,6,6,0
only_sticky,6,6,0
exactly_carefree,6,6,0
individually_significant,6,6,0
even_unheard,6,6,0
very_sheer,6,6,0
n't_human,6,6,0
most_vigorous,6,6,0
independently_viable,6,6,0
n't_noteworthy,6,6,0
too_baffling,6,6,0
only_unfazed,6,6,0
most_substantial,6,6,0
completely_deterministic,6,6,0
quite_shy,6,6,0
just_chic,6,6,0
just_cheesy,6,6,0
actually_confident,6,6,0
exactly_commercial,6,6,0
incredibly_violent,6,6,0
exactly_comfy,6,6,0
incredibly_wasteful,6,6,0
exactly_coincidental,6,6,0
just_cerebral,6,6,0
most_unbiased,6,6,0
just_catchy,6,6,0
exactly_civilized,6,6,0
slightly_more,6,6,0
always_continuous,6,6,0
computationally_intensive,6,6,0
quite_shameless,6,6,0
most_unlikely,6,6,0
exactly_clear-cut,6,6,0
just_bulletproof,6,6,0
even_tipsy,6,6,0
computationally_expensive,6,6,0
always_humble,6,6,0
just_budget-friendly,6,6,0
only_uneven,6,6,0
exactly_classical,6,6,0
exactly_classic,6,6,0
even_unlikely,6,6,0
mostly_free,6,6,0
too_ancient,6,6,0
uniformly_awful,6,6,0
completely_feasible,6,6,0
n't_curious,6,6,0
too_apocalyptic,6,5,1
very_serviceable,6,6,0
much_beautiful,6,6,0
exactly_average,6,6,0
uniquely_oppressive,6,6,0
inevitably_true,6,6,0
completely_farfetched,6,6,0
much_autobiographical,6,6,0
n't_difficult,6,6,0
inherently_attractive,6,4,2
physically_small,6,5,1
quite_runny,6,6,0
much_bizarre,6,6,0
very_repeatable,6,6,0
actually_immune,6,6,0
completely_unnoticed,6,6,0
inherently_cinematic,6,5,1
exactly_athletic,6,6,0
inherently_coercive,6,5,1
just_anonymous,6,6,0
much_bleaker,6,6,0
exactly_ashamed,6,6,0
much_bored,6,6,0
much_bright,6,6,0
only_structural,6,6,0
inherently_controversial,6,5,1
quite_reminiscent,6,6,0
actually_identical,6,6,0
n't_competent,6,6,0
inherently_antagonistic,6,6,0
even_waterproof,6,6,0
too_apprehensive,6,6,0
just_audible,6,6,0
n't_guilty,6,5,1
exactly_brisk,6,6,0
mostly_poor,6,5,1
too_astonishing,6,5,1
n't_generous,6,6,0
slightly_drunk,6,6,0
much_able,6,6,0
infinitely_easier,6,6,0
infinitely_flexible,6,6,0
just_awake,6,6,0
specifically_useful,6,5,1
exactly_blissful,6,6,0
simply_ideological,6,6,0
just_australian,6,6,0
n't_fast,6,6,0
simply_inadequate,6,6,0
exactly_bland,6,6,0
slightly_curious,6,6,0
infinitely_plastic,6,6,0
completely_ethical,6,6,0
infinitely_sustainable,6,6,0
even_vintage,6,6,0
much_alone,6,6,0
very_reminiscent,6,6,0
too_arcane,6,5,1
much_ambiguous,6,6,0
simply_inaccurate,6,6,0
infinitely_variable,6,6,0
quite_outstanding,6,6,0
n't_eligible,6,6,0
conceptually_new,6,5,1
most_stupid,6,6,0
too_bearish,6,6,0
incredibly_lazy,6,5,1
simply_controversial,6,6,0
incredibly_lucky,6,6,0
incredibly_lightweight,6,6,0
personally_able,6,6,0
most_monumental,6,6,0
incredibly_light,6,6,0
completely_bulletproof,6,6,0
most_stressful,6,6,0
incredibly_kind,6,6,0
incredibly_keen,6,6,0
most_miserable,6,6,0
even_roman,6,6,0
subtly_racial,6,6,0
incredibly_irritating,6,6,0
incredibly_nice,6,6,0
substantively_unconscionable,6,6,0
too_brisk,6,5,1
exactly_disinterested,6,6,0
exactly_dishonest,6,6,0
incredibly_offensive,6,6,0
substantively_new,6,0,6
incredibly_picky,6,6,0
exactly_dirty,6,5,1
exactly_direct,6,6,0
exactly_dire,6,6,0
unduly_high,6,6,0
too_brazen,6,6,0
just_counterintuitive,6,6,0
completely_circular,6,6,0
always_incorrect,6,6,0
most_open-minded,6,6,0
incredibly_intense,6,6,0
consistently_conservative,6,6,0
slightly_wrong,6,6,0
always_innate,6,6,0
completely_audible,6,6,0
quite_sympathetic,6,6,0
so_adequate,6,6,0
simply_aware,6,6,0
unduly_costly,6,6,0
quite_supportive,6,6,0
so_adaptable,6,6,0
exactly_electric,6,6,0
so_acrobatic,6,5,1
actually_newsworthy,6,6,0
just_dependable,6,6,0
just_dense,6,6,0
actually_nervous,6,6,0
only_unlimited,6,6,0
actually_central,6,6,0
slightly_younger,6,6,0
exactly_effusive,6,6,0
very_slutty,6,6,0
suddenly_able,6,6,0
consistently_easy,6,6,0
incredibly_inconvenient,6,6,0
simply_capable,6,6,0
most_local,6,6,0
successfully_able,6,6,0
most_lyrical,6,6,0
naturally_compatible,6,6,0
incredibly_innovative,6,5,1
incredibly_insensitive,6,6,0
naturally_black,6,6,0
most_marketable,6,6,0
only_unimpressed,6,6,0
completely_close,6,6,0
incredibly_productive,6,6,0
universally_acceptable,6,6,0
completely_crisp,6,6,0
unduly_upset,6,6,0
n't_solid,6,6,0
n't_significant,6,6,0
n't_sexy,6,6,0
actually_common,6,6,0
most_satisfactory,6,6,0
most_satisfied,6,6,0
only_unflattering,6,6,0
even_static,6,6,0
actually_life-threatening,6,6,0
completely_debilitating,6,6,0
universally_acclaimed,6,6,0
actually_liberal,6,6,0
simply_essential,6,6,0
incredibly_slow,6,6,0
exactly_conservative,6,6,0
personally_keen,6,6,0
always_compliant,6,6,0
specifically_responsible,6,6,0
really_savvy,6,6,0
actually_competitive,6,6,0
personally_meaningful,6,6,0
only_unfinished,6,6,0
yet_broad,6,6,0
even_sunny,6,6,0
n't_productive,6,6,0
even_supernatural,6,6,0
incredibly_ugly,6,6,0
incredibly_uncomfortable,6,6,0
consciously_present,6,6,0
physically_viable,6,6,0
exactly_depressed,6,6,0
exactly_dazzling,6,5,1
most_patriotic,6,6,0
just_convincing,6,6,0
unduly_oppressive,6,6,0
most_plentiful,6,6,0
completely_common,6,6,0
only_specious,6,6,0
considerably_less,6,6,0
actually_male,6,6,0
just_contentious,6,6,0
incredibly_responsive,6,6,0
even_shorter,6,6,0
completely_complete,6,5,1
considerably_greater,6,6,0
incredibly_robust,6,6,0
completely_compliant,6,6,0
even_soft,6,6,0
most_private,6,6,0
only_speculative,6,6,0
completely_congruent,6,6,0
even_skilled,6,6,0
incredibly_scary,6,6,0
even_sleepy,6,6,0
even_smarter,6,6,0
completely_controllable,6,6,0
only_spotless,6,6,0
most_relaxed,6,6,0
even_sober,6,6,0
quite_slick,6,6,0
only_unfolding,6,6,0
just_complementary,6,6,0
just_amoral,6,6,0
actually_ideal,6,6,0
necessarily_meaningless,6,6,0
intensely_pigmented,6,6,0
initially_certain,6,6,0
still_effective,6,5,1
strictly_hereditary,6,6,0
much_intimidating,6,6,0
only_transcendent,6,6,0
always_easiest,6,6,0
initially_appealing,6,5,1
simply_unfair,6,6,0
ever_sufficient,6,6,0
ever_suitable,6,5,1
strictly_identical,6,6,0
uniquely_bad,6,5,1
much_tastier,6,6,0
still_close,6,5,1
still_eligible,6,6,0
much_ironic,6,6,0
completely_lonely,6,6,0
completely_lopsided,6,6,0
ever_specific,6,6,0
ever_important,6,5,1
quite_proud,6,6,0
completely_lucid,6,6,0
simply_religious,6,6,0
ever_sober,6,6,0
much_spicy,6,6,0
initially_hostile,6,6,0
completely_male,6,6,0
completely_reflective,6,6,0
still_great,6,6,0
unintentionally_rude,6,6,0
much_sorry,6,6,0
much_thrilling,6,4,2
thoroughly_professional,6,6,0
completely_jaded,6,6,0
inherently_sustainable,6,6,0
statistically_true,6,6,0
only_tropical,6,6,0
completely_inexperienced,6,6,0
always_do-able,6,6,0
simply_worth,6,6,0
completely_self-contained,6,6,0
internally_democratic,6,6,0
quite_polite,6,6,0
uniquely_different,6,5,1
much_healthy,6,6,0
ever_fat,6,6,0
simply_popular,6,6,0
only_trite,6,6,0
very_seamless,6,6,0
intentionally_offensive,6,6,0
completely_irreversible,6,6,0
simply_practical,6,6,0
still_asleep,6,6,0
yet_acute,6,6,0
inherently_trustworthy,6,6,0
still_awesome,6,6,0
ever_uncomplicated,6,6,0
much_uglier,6,6,0
inherently_undemocratic,6,3,3
strictly_intellectual,6,6,0
quite_psychedelic,6,6,0
always_dull,6,6,0
always_durable,6,6,0
completely_involved,6,6,0
uniquely_chinese,6,5,1
simply_rich,6,6,0
initially_present,6,6,0
physically_robust,6,6,0
simply_simple,6,6,0
instantly_lethal,6,6,0
ever_noticeable,6,6,0
completely_obnoxious,6,6,0
ever_neutral,6,6,0
always_expedient,6,6,0
actually_extinct,6,6,0
still_single,6,6,0
still_high,6,6,0
still_responsible,6,6,0
quite_productive,6,6,0
completely_negligible,6,4,2
only_terrified,6,6,0
completely_preposterous,6,6,0
physically_gifted,6,6,0
straight_forward,6,6,0
simply_social,6,6,0
only_tidy,6,6,0
completely_offline,6,6,0
much_overweight,6,6,0
always_exceptional,6,6,0
ever_ordinary,6,6,0
instantly_deadly,6,6,0
still_uncertain,6,6,0
still_vulnerable,6,6,0
much_particular,6,6,0
much_partisan,6,6,0
ever_physical,6,1,5
completely_optimal,6,6,0
completely_optimistic,6,6,0
completely_orthodox,6,6,0
much_philosophical,6,6,0
still_powerful,6,6,0
though_possible,6,6,0
simply_tired,6,5,1
completely_missing,6,6,0
simply_ridiculous,6,6,0
much_significant,6,6,0
much_long,6,6,0
completely_mindless,6,6,0
quite_promising,6,6,0
ever_interesting,6,6,0
ever_scary,6,6,0
intellectually_inferior,6,6,0
quite_prominent,6,6,0
much_low,6,6,0
only_toothless,6,6,0
completely_misleading,6,6,0
physically_easy,6,6,0
initially_supportive,6,6,0
completely_public,6,6,0
physically_good,6,5,1
initially_worried,6,6,0
actually_fast,6,6,0
intellectually_defensible,6,6,0
much_missing,6,6,0
intellectually_consistent,6,6,0
strictly_bad,6,6,0
very_sane,6,6,0
much_modern,6,6,0
simply_transactional,6,6,0
much_romantic,6,6,0
actually_equivalent,6,6,0
simply_tough,6,6,0
strictly_anonymous,6,6,0
strictly_american,6,6,0
together_surprising,6,6,0
much_valuable,6,5,1
completely_set,6,6,0
quite_recognisable,6,6,0
actually_deaf,6,6,0
just_absolute,6,6,0
physically_accurate,6,6,0
inherently_enjoyable,6,6,0
just_abundant,6,6,0
just_abusive,6,6,0
completely_unarmed,6,6,0
completely_shallow,6,6,0
completely_unattainable,6,6,0
very_selfish,6,6,0
much_costlier,6,6,0
n't_appealing,6,6,0
just_accustomed,6,6,0
n't_appreciative,6,6,0
much_crazy,6,6,0
completely_ubiquitous,6,6,0
inherently_existent,6,6,0
completely_gloomy,6,6,0
inherently_expressive,6,6,0
completely_gorgeous,6,6,0
always_depressed,6,6,0
completely_translucent,6,6,0
uniquely_jewish,6,5,1
quite_patient,6,6,0
mutually_supportive,6,6,0
irrationally_exuberant,6,6,0
uniquely_japanese,6,4,2
yet_bankrupt,6,6,0
inherently_greedy,6,6,0
much_delighted,6,6,0
ever_challenging,6,5,1
just_acoustic,6,6,0
exactly_alien,6,6,0
quite_passionate,6,6,0
strictly_valid,6,6,0
exactly_appreciative,6,6,0
much_capable,6,6,0
completely_unified,6,6,0
just_alone,6,6,0
completely_unhinged,6,6,0
exactly_apparent,6,6,0
simply_interchangeable,6,6,0
n't_certain,6,6,0
only_substantive,6,6,0
only_subtle,6,6,0
n't_bright,6,6,0
completely_unfeasible,6,6,0
completely_frivolous,6,6,0
simply_irrelevant,6,6,0
much_clean,6,6,0
completely_unconnected,6,6,0
n't_big,6,6,0
exactly_ambitious,6,6,0
much_clever,6,6,0
much_commercial,6,6,0
uniformly_conservative,6,6,0
always_gray,6,6,0
quite_reflective,6,6,0
completely_futile,6,6,0
n't_appropriate,6,6,0
much_complex,6,6,0
actually_dark,6,6,0
much_confused,6,6,0
completely_uncontroversial,6,6,0
inherently_divisive,6,5,1
inherently_green,6,2,4
too_adversarial,6,6,0
physically_overwhelming,6,6,0
completely_sound,6,6,0
simply_old,6,6,0
ever_dangerous,6,6,0
inherently_painful,6,5,1
intrinsically_important,6,5,1
completely_standard,6,6,0
only_unappreciated,6,6,0
completely_imaginary,6,6,0
intrinsically_hard,6,3,3
too_abnormal,6,4,2
ever_different,6,6,0
ever_difficult,6,6,0
quite_plausible,6,6,0
completely_sour,6,6,0
ever_disappointed,6,6,0
much_fancy,6,5,1
simply_odd,6,6,0
much_willing,6,6,0
completely_impractical,6,6,0
ever_drunk,6,6,0
inherently_ridiculous,6,4,2
much_free,6,5,1
inherently_sacred,6,2,4
statistically_productive,6,6,0
completely_incomprehensible,6,6,0
much_fuller,6,6,0
much_gentler,6,6,0
always_fluent,6,6,0
statistically_rigorous,6,6,0
ever_useless,6,6,0
statistically_sound,6,6,0
actually_german,6,6,0
ever_curious,6,6,0
invariably_true,6,6,0
spiritually_superior,6,5,1
always_glad,6,6,0
exact_enough,6,6,0
too_adorable,6,6,0
always_deserving,6,6,0
always_genetic,6,6,0
simply_military,6,6,0
completely_hollow,6,6,0
physically_naked,6,6,0
physically_mobile,6,6,0
quite_physical,6,6,0
much_dramatic,6,6,0
inherently_lazy,6,6,0
completely_sustainable,6,6,0
much_dynamic,6,4,2
uniquely_identifiable,6,6,0
much_enjoyable,6,6,0
spiritually_uplifting,6,6,0
only_unbearable,6,6,0
always_devastating,6,6,0
thoroughly_consistent,6,6,0
inherently_male,6,2,4
completely_sunny,6,6,0
always_futile,6,6,0
strictly_proportional,6,6,0
much_enamored,6,6,0
intrinsically_rewarding,6,6,0
strictly_private,6,6,0
completely_subject,6,6,0
musically_interesting,6,5,1
much_enamoured,6,6,0
incredibly_functional,6,6,0
really_seasonal,6,5,1
unduly_complicated,6,6,0
immediately_comparable,6,6,0
actually_special,6,6,0
very_theological,6,6,0
really_protective,6,6,0
too_deaf,6,6,0
actually_spicy,6,6,0
immediately_compatible,6,6,0
exactly_mutual,6,6,0
always_newsworthy,6,6,0
so_chewy,6,6,0
exactly_naive,6,6,0
openly_trans,6,6,0
even_exceptional,6,6,0
only_rural,6,6,0
necessarily_eco-friendly,6,6,0
more_tasteful,6,5,1
necessarily_divine,6,6,0
even_false,6,6,0
perfectly_flush,6,5,1
actively_political,6,6,0
more_tenacious,6,6,0
just_imperative,6,6,0
very_territorial,6,6,0
altogether_popular,6,6,0
even_faster,6,6,0
even_fatal,6,6,0
sufficiently_new,6,5,1
sufficiently_neutral,6,6,0
really_queer,6,6,0
exactly_mobile,6,6,0
politically_connected,6,5,1
actually_solvable,6,6,0
unreasonably_expensive,6,6,0
even_ethical,6,6,0
actively_malicious,6,6,0
too_delicious,6,6,0
ideologically_different,6,6,0
very_pretentious,6,6,0
actually_sufficient,6,6,0
just_infuriating,6,6,0
exactly_oblivious,6,6,0
more_stereotypical,6,3,3
just_inferior,6,6,0
exactly_obese,6,6,0
yet_democratic,6,6,0
exactly_numerous,6,6,0
just_inexperienced,6,6,0
altogether_meaningless,6,5,1
necessarily_european,6,6,0
clearly_legal,6,4,2
racially_inclusive,6,6,0
critically_acclaimed,6,6,0
critically_wrong,6,2,4
exactly_notorious,6,6,0
really_preventable,6,6,0
even_endangered,6,6,0
just_indigenous,6,6,0
critically_necessary,6,6,0
perfectly_equivalent,6,6,0
always_obligatory,6,6,0
necessarily_endemic,6,6,0
immediately_acceptable,6,6,0
immediately_actionable,6,6,0
even_enthusiastic,6,6,0
exactly_nimble,6,4,2
very_pricy,6,5,1
immediately_dead,6,6,0
just_idle,6,6,0
unduly_complex,6,6,0
actually_selfish,6,6,0
even_harsh,6,6,0
unpleasantly_hot,6,6,0
actually_secure,6,6,0
very_promiscuous,6,6,0
more_unforgettable,6,3,3
even_handsome,6,6,0
clinically_evident,6,6,0
very_technological,6,6,0
more_unethical,6,6,0
exactly_lovely,6,6,0
really_recommendable,6,6,0
necessarily_creepy,6,6,0
even_greedy,6,6,0
cosmetically_perfect,6,6,0
really_recoverable,6,6,0
necessarily_connected,6,6,0
exactly_little,6,6,0
necessarily_complimentary,6,6,0
yet_crisp,6,6,0
openly_antagonistic,6,6,0
more_unknown,6,4,2
even_hesitant,6,6,0
politically_apathetic,6,6,0
more_unnecessary,6,6,0
just_helpless,6,6,0
altogether_silent,6,6,0
necessarily_committed,6,6,0
just_heavenly,6,6,0
just_heartbroken,6,6,0
convincingly_enough,6,6,0
quite_literate,6,6,0
always_naked,6,6,0
necessarily_cultural,6,6,0
necessarily_damning,6,6,0
more_turbulent,6,6,0
necessarily_descriptive,6,6,0
just_identical,6,5,1
ultimately_clear,6,6,0
very_taxing,6,4,2
very_pro,6,6,0
altogether_ready,6,6,0
even_fortunate,6,6,0
necessarily_dependable,6,6,0
more_treacherous,6,5,1
quite_lengthy,6,5,1
more_trite,6,6,0
more_triumphant,6,5,1
really_readable,6,6,0
just_humane,6,6,0
even_full-time,6,6,0
too_crooked,6,5,1
necessarily_defensive,6,6,0
actually_silver,6,6,0
immediately_hazardous,6,5,1
more_twisted,6,5,1
actually_short,6,6,0
even_genuine,6,6,0
sufficiently_liquid,6,6,0
more_unaffordable,6,5,1
biologically_diverse,6,6,0
immediately_imminent,6,6,0
actually_shocked,6,6,0
ultimately_effective,6,6,0
actively_sick,6,6,0
altogether_rosy,6,6,0
ideologically_consistent,6,6,0
necessarily_expert,6,6,0
actually_suicidal,6,6,0
more_revered,6,4,2
just_literary,6,6,0
ordinarily_visible,6,6,0
necessarily_instinctive,6,6,0
chronically_depressed,6,6,0
necessarily_intent,6,6,0
chock_full,6,6,0
necessarily_inventive,6,6,0
perfectly_easy,6,6,0
past_due,6,5,1
really_outside,6,6,0
sufficiently_tight,6,6,0
more_retro,6,3,3
sufficiently_timely,6,6,0
necessarily_irreconcilable,6,6,0
really_overpriced,6,6,0
altogether_human,6,6,0
too_disheartening,6,5,1
necessarily_informative,6,6,0
only_republican,6,6,0
even_condescending,6,6,0
necessarily_indian,6,6,0
patently_wrong,6,3,3
just_likable,6,6,0
more_russian,6,6,0
too_discrete,6,5,1
really_overt,6,4,2
altogether_ignorant,6,5,1
ordinarily_possible,6,6,0
unusually_heavy,6,6,0
just_legendary,6,6,0
unusually_good,6,6,0
necessarily_irrelevant,6,6,0
currently_close,6,6,0
more_restorative,6,0,6
more_redundant,6,5,1
more_rad,6,5,1
necessarily_mean-spirited,6,6,0
too_dizzy,6,6,0
necessarily_mean,6,6,0
quite_inevitable,6,6,0
hugely_damaging,6,6,0
necessarily_major,6,6,0
just_majestic,6,6,0
yet_eager,6,6,0
necessarily_luxury,6,6,0
necessarily_luxurious,6,6,0
quite_infinite,6,6,0
hugely_disappointed,6,6,0
then_surprising,6,6,0
really_ordinary,6,6,0
actually_unhappy,6,6,0
necessarily_low-cost,6,6,0
necessarily_loving,6,6,0
more_regretful,6,4,2
hugely_efficient,6,6,0
hugely_entertaining,6,6,0
chemically_equivalent,6,6,0
really_orthodox,6,6,0
unusually_tall,6,6,0
unusually_strong,6,5,1
seriously_injured,6,6,0
chemically_reactive,6,6,0
necessarily_justifiable,6,6,0
necessarily_japanese,6,6,0
exactly_racist,6,6,0
necessarily_illogical,6,6,0
actually_tough,6,6,0
necessarily_illegitimate,6,6,0
always_ordinary,6,6,0
severely_conservative,6,5,1
necessarily_futile,6,6,0
yet_developed,6,6,0
quite_ironic,6,6,0
necessarily_full-time,6,6,0
even_deserving,6,6,0
perfectly_constant,6,6,0
necessarily_frivolous,6,5,1
specifically_buddhist,6,6,0
sufficiently_resistant,6,6,0
sufficiently_resilient,6,6,0
more_smart,6,6,0
even_different,6,6,0
more_solicitous,6,6,0
unrelentingly_grim,6,6,0
just_intrusive,6,6,0
altogether_irrelevant,6,6,0
more_southern,6,4,2
sufficiently_radical,6,6,0
even_discreet,6,6,0
very_traumatic,6,6,0
exactly_organic,6,6,0
necessarily_finite,6,6,0
very_prescriptive,6,6,0
necessarily_feminine,6,6,0
necessarily_favourable,6,6,0
too_demonstrative,6,5,1
really_predisposed,6,6,0
sufficiently_proficient,6,6,0
very_presentable,6,6,0
clearly_dangerous,6,6,0
typically_responsible,6,6,0
exactly_presidential,6,6,0
culturally_relative,6,4,2
unusually_expensive,6,6,0
exactly_prescient,6,6,0
only_restful,6,6,0
more_second,6,6,0
typically_painful,6,6,0
just_last,6,6,0
specifically_applicable,6,6,0
hugely_positive,6,6,0
altogether_improbable,6,6,0
very_preachy,6,6,0
actually_tired,6,6,0
perfectly_appropriate,6,6,0
even_crazier,6,6,0
just_kind,6,6,0
quite_interchangeable,6,6,0
exactly_perky,6,6,0
quite_intimate,6,6,0
always_pathological,6,6,0
even_current,6,6,0
exactly_pleasurable,6,6,0
really_persuasive,6,6,0
wildly_offensive,6,6,0
more_sexist,6,6,0
quite_intuitive,6,6,0
hugely_supportive,6,6,0
perfectly_calm,6,6,0
actually_terrifying,6,6,0
necessarily_groundbreaking,6,6,0
sufficiently_scientific,6,6,0
culturally_homogeneous,6,6,0
more_unrealistic,6,4,2
perfectly_perpendicular,6,6,0
clinically_visible,6,6,0
sufficiently_bright,6,6,0
just_energetic,6,5,1
universally_respected,6,6,0
constantly_clear,6,6,0
only_unsuited,6,6,0
always_ample,6,6,0
most_energetic,6,6,0
really_secular,6,6,0
just_fanciful,6,6,0
actually_permanent,6,6,0
most_embarrassing,6,6,0
quite_unbelievable,6,6,0
just_erroneous,6,6,0
perhaps_more,6,3,3
nearly_great,6,6,0
even_online,6,6,0
nearly_easy,6,6,0
most_exclusive,6,6,0
most_exhilarating,6,6,0
quite_naive,6,6,0
quite_native,6,6,0
nearly_dark,6,6,0
nearly_complex,6,6,0
just_elusive,6,6,0
only_skilful,6,6,0
nearly_careful,6,6,0
always_approachable,6,6,0
sufficiently_angry,6,6,0
just_elderly,6,6,0
nearly_capable,6,6,0
even_palestinian,6,6,0
quite_tragic,6,5,1
always_last,6,6,0
too_classical,6,6,0
really_resistant,6,6,0
just_exhilarating,6,6,0
only_utopian,6,6,0
even_moderate,6,6,0
most_conspicuous,6,6,0
most_cost-efficient,6,5,1
only_upbeat,6,6,0
commonly_accessible,6,6,0
sufficiently_conversant,6,6,0
constantly_reputable,6,6,0
just_explosive,6,6,0
only_sickening,6,6,0
just_expert,6,6,0
exactly_gritty,6,5,1
even_national,6,6,0
universally_unpopular,6,6,0
plain_ugly,6,6,0
actually_physical,6,5,1
significantly_effective,6,6,0
exactly_gory,6,6,0
always_lawful,6,6,0
sufficiently_comparable,6,6,0
sufficiently_cold,6,6,0
sufficiently_coherent,6,6,0
even_nicer,6,5,1
actually_pleased,6,6,0
increasingly_difficult,6,6,0
nearly_harsh,6,6,0
exactly_germane,6,6,0
sufficiently_clear-cut,6,6,0
even_nostalgia,6,6,0
even_noticable,6,6,0
just_eerie,6,6,0
even_partial,6,6,0
quite_negative,6,6,0
too_captivating,6,5,1
completely_american,6,6,0
most_horrible,6,6,0
even_private,6,6,0
so_alarmist,6,6,0
most_humble,6,6,0
just_dissatisfied,6,6,0
most_illuminating,6,6,0
exactly_ergonomic,6,6,0
most_impressed,6,6,0
yet_clean,6,6,0
most_incisive,6,6,0
unduly_alarming,6,6,0
actually_busy,6,6,0
quite_objective,6,6,0
too_capable,6,5,1
very_solicitous,6,6,0
too_candid,6,6,0
just_disagreeable,6,6,0
naturally_inferior,6,6,0
suddenly_interested,6,6,0
only_unoriginal,6,6,0
quite_tame,6,6,0
so_adversarial,6,6,0
incredibly_fashionable,6,6,0
naturally_identical,6,6,0
simply_attractive,6,6,0
most_inspirational,6,6,0
even_radical,6,6,0
actually_nude,6,6,0
completely_attainable,6,6,0
simply_abstract,6,6,0
completely_alike,6,6,0
always_articulate,6,6,0
incredibly_concerned,6,6,0
plain_good,6,6,0
significantly_unique,6,4,2
nearly_aware,6,6,0
significantly_weaker,6,6,0
significantly_younger,6,6,0
too_charming,6,6,0
quite_top,6,5,1
nearly_able,6,6,0
exactly_few,6,6,0
conspicuously_absent,6,6,0
exactly_festive,6,6,0
actually_organic,6,6,0
quite_neutral,6,6,0
just_dynamic,6,6,0
actually_bigger,6,6,0
only_unreal,6,6,0
only_unresponsive,6,6,0
even_pleasing,6,6,0
most_graphic,6,5,1
plain_awful,6,6,0
incredibly_costly,6,6,0
exactly_fabulous,6,5,1
consistently_solid,6,6,0
always_basic,6,6,0
permanently_resident,6,6,0
even_predictable,6,6,0
just_double,6,6,0
most_harmful,6,6,0
exactly_experimental,6,6,0
only_unrecognizable,6,6,0
constantly_tired,6,6,0
most_conclusive,6,6,0
even_hostile,6,6,0
quite_luxurious,6,6,0
necessarily_bigoted,6,6,0
perfectly_relevant,6,6,0
too_consequential,6,4,2
exactly_interactive,6,6,0
too_considerable,6,5,1
so_bouncy,6,6,0
too_considerate,6,6,0
nearly_satisfying,6,6,0
immediately_sympathetic,6,6,0
very_suave,6,6,0
perfectly_reflective,6,6,0
very_subjective,6,6,0
just_good-looking,6,6,0
just_graphic,6,6,0
just_giant,6,6,0
specifically_european,6,4,2
ultra_realistic,6,6,0
only_washable,6,6,0
just_genuine,6,6,0
conveniently_accessible,6,6,0
more_worldly,6,6,0
more_worse,6,4,2
altogether_uninteresting,6,6,0
necessarily_awesome,6,6,0
actually_reliable,6,6,0
sexually_stimulating,6,5,1
necessarily_atheist,6,6,0
immediately_vulnerable,6,5,1
necessarily_ashamed,6,6,0
perfectly_sane,6,6,0
always_lucid,6,6,0
very_provocative,6,5,1
even_indigenous,6,6,0
even_indicative,6,6,0
immediately_quantifiable,6,5,1
perfectly_plain,6,6,0
always_merry,6,6,0
sufficiently_intense,6,6,0
necessarily_cognizant,6,6,0
very_swift,6,6,0
only_selective,6,6,0
quite_weak,6,6,0
even_hyperbole,6,6,0
actually_russian,6,6,0
only_self-destructive,6,6,0
more_unwelcome,6,5,1
politically_adept,6,6,0
perfectly_precise,6,6,0
sufficiently_informed,6,6,0
quite_voluntary,6,6,0
altogether_trustworthy,6,6,0
exactly_kid-friendly,6,6,0
sufficiently_informative,6,6,0
quite_lovable,6,6,0
more_urban,6,6,0
immediately_replaceable,6,6,0
unnecessarily_rude,6,6,0
sexually_open,6,6,0
only_wireless,6,6,0
immediately_safe,6,6,0
wildly_surprising,6,6,0
immediately_searchable,6,6,0
exactly_irrelevant,6,6,0
necessarily_catastrophic,6,6,0
necessarily_cancerous,6,6,0
perfectly_satisfactory,6,6,0
necessarily_appetizing,6,6,0
exactly_inexperienced,6,6,0
really_repeatable,6,6,0
necessarily_academic,6,6,0
imminently_unsafe,6,6,0
very_purposeful,6,6,0
altogether_wholesome,6,6,0
nearly_warm,6,6,0
just_flawless,6,6,0
nearly_transparent,6,6,0
exactly_horrifying,6,6,0
altogether_wise,6,6,0
just_flashy,6,5,1
only_shiny,6,6,0
most_cheery,6,6,0
nearly_strict,6,6,0
exactly_homey,6,6,0
just_fictional,6,6,0
sufficiently_extensive,6,6,0
nearly_significant,6,6,0
too_combative,6,6,0
most_cohesive,6,6,0
shockingly_new,6,5,1
just_feminine,6,6,0
constitutionally_capable,6,6,0
nearly_sharp,6,6,0
constitutionally_adequate,6,6,0
so_awe,6,5,1
only_vain,6,6,0
constantly_wet,6,6,0
quite_mobile,6,6,0
nearly_scary,6,6,0
quite_usable,6,6,0
perfectly_simple,6,6,0
always_low,6,6,0
sufficiently_full,6,6,0
even_legible,6,6,0
altogether_unpredictable,6,6,0
necessarily_analogous,6,6,0
only_visionary,6,6,0
specifically_exempt,6,6,0
even_korean,6,6,0
sufficiently_forceful,6,6,0
really_reminiscent,6,6,0
most_apparent,6,6,0
too_concise,6,6,0
altogether_unsurprising,6,6,0
even_lawful,6,6,0
actually_aggressive,6,6,0
most_artful,6,6,0
necessarily_agreeable,6,6,0
plainly_unreasonable,6,6,0
most_bizarre,6,6,0
so_bitchy,6,6,0
unnecessarily_complex,6,6,0
just_fortunate,6,6,0
contextually_relevant,6,6,0
necessarily_affluent,6,6,0
too_comprehensive,6,5,1
immensely_strong,6,6,0
necessarily_adept,6,6,0
immensely_wealthy,6,6,0
unavoidably_safe,6,6,0
actually_radical,6,6,0
constitutionally_sound,6,6,0
necessarily_accustomed,6,6,0
just_fond,6,6,0
perfectly_legitimate,6,6,0
not_genuine,6,6,0
not_same,6,6,0
extremely_enthusiastic,6,6,0
merely_educational,6,6,0
less_rigid,6,6,0
only_innate,6,6,0
merely_embarrassing,6,6,0
pretty_ugly,6,6,0
totally_painless,6,6,0
only_inoffensive,6,6,0
as_strained,6,6,0
as_streaky,6,5,1
easily_sustainable,6,6,0
very_inconspicuous,6,6,0
all_external,6,6,0
extremely_dry,6,6,0
totally_passionate,6,6,0
very_inconvenient,6,6,0
extremely_drastic,6,3,3
as_stunned,6,6,0
so_lethargic,6,6,0
very_indian,6,6,0
readily_reversible,6,6,0
readily_reproducible,6,6,0
only_intricate,6,6,0
too_round,6,6,0
as_suggestive,6,6,0
as_supernatural,6,6,0
fully_deterministic,6,6,0
readily_removable,6,6,0
really_stiff,6,6,0
so_legit,6,6,0
so_literate,6,6,0
very_immediate,6,5,1
as_unassailable,6,6,0
fully_consensual,6,6,0
only_brown,6,6,0
terribly_huge,6,6,0
totally_off,6,6,0
wholly_inconceivable,6,6,0
overly_sarcastic,6,6,0
merely_derivative,6,6,0
previously_capable,6,6,0
totally_ok,6,6,0
entirely_somber,6,6,0
less_sentimental,6,5,1
extremely_fancy,6,3,3
solely_environmental,6,6,0
very_idealistic,6,6,0
ecologically_significant,6,5,1
entirely_speculative,6,6,0
about_young,6,6,0
only_inexplicable,6,6,0
ecologically_sensitive,6,6,0
overly_runny,6,6,0
entirely_spotless,6,6,0
extremely_explosive,6,6,0
totally_organic,6,6,0
so_loopy,6,6,0
so_long-lived,6,6,0
entirely_steady,6,6,0
particularly_dissatisfied,6,6,0
ecologically_destructive,6,6,0
as_stern,6,6,0
all_fantastic,6,6,0
less_rapid,6,6,0
only_irish,6,6,0
readily_recyclable,6,6,0
all_enthusiastic,6,6,0
extremely_cost-effective,6,6,0
anymore_complicated,6,6,0
entirely_unflattering,6,6,0
as_time-consuming,6,6,0
overly_predictable,6,6,0
easily_divisible,6,6,0
merely_high,6,6,0
only_latin,6,6,0
very_irish,6,6,0
overly_potent,6,6,0
as_toothless,6,6,0
only_blasphemous,6,6,0
entirely_unimportant,6,6,0
totally_proud,6,6,0
quickly_reversible,6,6,0
entirely_uninformed,6,6,0
pretty_neat,6,6,0
as_touching,6,5,1
less_pervasive,6,5,1
so_jam-packed,6,6,0
overly_pious,6,5,1
overly_pigmented,6,6,0
merely_hyperbole,6,6,0
fully_glad,6,6,0
quietly_enough,6,6,0
very_jazzy,6,6,0
entirely_unnecessary,6,6,0
totally_rad,6,6,0
less_overwhelming,6,6,0
really_choosy,6,6,0
pretty_rare,6,6,0
only_laden,6,6,0
easily_jealous,6,6,0
readily_recognisable,6,6,0
fully_dormant,6,5,1
merely_fanciful,6,6,0
only_irregular,6,6,0
very_ingenious,6,6,0
only_irreverent,6,6,0
all_english,6,6,0
less_pure,6,4,2
easily_perceptible,6,6,0
quickly_apparent,6,5,1
as_symbolic,6,6,0
pretty_serious,6,6,0
anymore_helpful,6,6,0
entirely_unbearable,6,6,0
fully_faithful,6,6,0
fully_equivalent,6,6,0
extremely_debilitating,6,6,0
totally_precise,6,6,0
too_revelatory,6,0,6
merely_funny,6,5,1
very_international,6,6,0
totally_present,6,6,0
as_terse,6,5,1
less_prestigious,6,6,0
fully_explicit,6,6,0
extremely_crowded,6,6,0
fully_extinct,6,6,0
as_theoretical,6,6,0
very_hurtful,6,6,0
terribly_hurt,6,6,0
extremely_fit,6,6,0
previously_public,6,5,1
very_gothic,6,6,0
too_silky,6,5,1
particularly_cunning,6,5,1
economically_worth,6,6,0
very_grave,6,6,0
less_tired,6,6,0
about_small,6,6,0
yet_steady,6,6,0
economically_valuable,6,6,0
merely_aspirational,6,6,0
previously_unreleased,6,4,2
totally_ludicrous,6,6,0
less_tenuous,6,1,5
so_methodical,6,6,0
totally_mainstream,6,6,0
very_greek,6,6,0
merely_available,6,6,0
overly_slippery,6,6,0
only_casual,6,6,0
less_tedious,6,6,0
entirely_relaxed,6,6,0
particularly_decisive,6,6,0
entirely_religious,6,6,0
wholly_imaginary,6,6,0
entirely_remarkable,6,6,0
very_habitable,6,6,0
particularly_defensive,6,6,0
only_candid,6,6,0
so_meritorious,6,6,0
all_grey,6,6,0
primarily_commercial,6,6,0
less_traumatic,6,6,0
really_stylish,6,6,0
very_fuzzy,6,6,0
so_murderous,6,6,0
too_slender,6,6,0
as_rousing,6,5,1
less_unsettling,6,6,0
as_royal,6,6,0
so_mortal,6,6,0
as_rubbish,6,6,0
terribly_intriguing,6,5,1
terribly_intimidating,6,6,0
so_monstrous,6,6,0
too_skillful,6,3,3
less_unhappy,6,6,0
particularly_crucial,6,6,0
as_schizophrenic,6,6,0
totally_jealous,6,6,0
mentally_wrong,6,1,5
only_illicit,6,6,0
less_trustworthy,6,6,0
very_golden,6,6,0
totally_keen,6,6,0
so_moist,6,6,0
only_illiterate,6,6,0
totally_lazy,6,6,0
only_illusory,6,6,0
too_sinful,6,6,0
terribly_inspired,6,6,0
overly_soggy,6,6,0
so_merciless,6,6,0
that_feminine,6,6,0
less_shocked,6,6,0
too_shaky,6,6,0
as_skimpy,6,6,0
too_self-indulgent,6,6,0
particularly_desperate,6,6,0
extremely_generous,6,6,0
very_historical,6,6,0
economically_illiterate,6,6,0
less_stark,6,5,1
merely_consistent,6,6,0
fully_british,6,6,0
terribly_illuminating,6,6,0
less_solid,6,6,0
very_horrible,6,6,0
terribly_ill,6,6,0
overly_selective,6,6,0
less_social,6,6,0
very_horrifying,6,6,0
all_flattering,6,6,0
merely_cultural,6,5,1
merely_curious,6,6,0
economically_disastrous,6,6,0
totally_novel,6,6,0
merely_cyclical,6,6,0
as_soggy,6,6,0
overly_scrupulous,6,6,0
as_solicitous,6,6,0
less_silly,6,6,0
fully_close,6,6,0
only_indistinguishable,6,6,0
anyway_close,6,6,0
fully_believable,6,6,0
so_manic,6,6,0
fully_bad,6,6,0
overly_shy,6,6,0
entirely_reputable,6,6,0
totally_memorable,6,5,1
as_shoddy,6,6,0
entirely_respectful,6,6,0
merely_boring,6,6,0
economically_qualified,6,6,0
economically_prudent,6,6,0
only_inaccessible,6,6,0
overly_silly,6,5,1
totally_miserable,6,6,0
only_inane,6,6,0
entirely_rigid,6,6,0
entirely_ripe,6,6,0
all_frightening,6,6,0
purely_vertical,6,6,0
economically_poor,6,6,0
entirely_robust,6,6,0
only_callous,6,6,0
less_stupid,6,6,0
merely_careless,6,6,0
as_single,6,6,0
extremely_graphic,6,5,1
merely_cheap,6,6,0
particularly_depressed,6,6,0
particularly_depressing,6,4,2
entirely_sanguine,6,6,0
previously_obvious,6,6,0
yet_sober,6,6,0
solely_lovely,6,6,0
extremely_clean,6,6,0
totally_upset,6,6,0
particularly_flat,6,6,0
merely_responsible,6,6,0
that_insensitive,6,6,0
downright_strange,6,6,0
very_merciful,6,6,0
terribly_dry,6,6,0
merely_ridiculous,6,6,0
so_immoral,6,6,0
terribly_drastic,6,3,3
less_gross,6,6,0
quite_ancient,6,6,0
only_advanced,6,6,0
only_administrative,6,6,0
overly_likely,6,6,0
merely_sensible,6,6,0
merely_sentimental,6,6,0
totally_understandable,6,6,0
that_intricate,6,6,0
amazingly_new,6,1,5
all_convenient,6,6,0
too_pop,6,6,0
that_introspective,6,6,0
too_ponderous,6,6,0
totally_undeserved,6,6,0
only_addicting,6,6,0
athletically_gifted,6,6,0
only_adaptable,6,6,0
pretty_darned,6,6,0
only_narcissistic,6,6,0
too_plush,6,6,0
only_aged,6,6,0
merely_religious,6,6,0
all_dull,6,6,0
quite_alright,6,6,0
only_minimalist,6,6,0
particularly_fearsome,6,4,2
overly_manipulative,6,5,1
fully_quantifiable,6,6,0
less_impossible,6,4,2
too_proactive,6,6,0
less_immoral,6,6,0
only_misinformed,6,6,0
very_manageable,6,6,0
less_ideological,6,6,0
so_inadequate,6,6,0
amazingly_special,6,1,5
less_hungry,6,6,0
totally_traditional,6,6,0
merely_professional,6,6,0
fully_related,6,6,0
very_mean,6,6,0
all_crowded,6,6,0
only_monotonous,6,6,0
totally_trustworthy,6,6,0
only_alike,6,6,0
really_comprehensible,6,6,0
merely_reasonable,6,6,0
less_horny,6,5,1
fully_sane,6,6,0
merely_regional,6,6,0
less_honest,6,6,0
only_motivational,6,6,0
yet_quiet,6,6,0
overly_lavish,6,6,0
downright_racist,6,6,0
so_identifiable,6,5,1
quite_apocalyptic,6,6,0
too_patriotic,6,6,0
so_hollow,6,5,1
overly_innovative,6,5,1
so_hilly,6,6,0
downright_laughable,6,6,0
often_wise,6,6,0
merely_unacceptable,6,6,0
downright_irresponsible,6,6,0
particularly_gay,6,6,0
really_walkable,6,6,0
so_high-profile,6,5,1
already_heavy,6,6,0
already_hip,6,6,0
explicitly_wrong,6,3,3
really_conventional,6,6,0
too_overwrought,6,6,0
less_ethical,6,5,1
merely_unhappy,6,6,0
particularly_glad,6,6,0
merely_unhelpful,6,6,0
merely_unique,6,6,0
less_erotic,6,4,2
downright_immoral,6,6,0
terribly_conservative,6,6,0
particularly_glorious,6,6,0
that_mean,6,6,0
equally_ignorant,6,6,0
too_overjoyed,6,5,1
merely_unknown,6,6,0
amazingly_different,6,4,2
totally_unproductive,6,6,0
pretty_certain,6,6,0
terribly_destructive,6,5,1
that_jaded,6,6,0
too_plausible,6,6,0
only_near,6,6,0
only_needless,6,6,0
very_moderate,6,6,0
only_abstract,6,6,0
overly_juicy,6,6,0
really_unprecedented,6,6,0
really_unpredictable,6,3,3
fully_universal,6,6,0
merely_spiritual,6,6,0
so_humiliating,6,4,2
only_nicer,6,6,0
terribly_descriptive,6,6,0
merely_technological,6,6,0
so_humbled,6,6,0
so_humane,6,6,0
equally_enjoyable,6,6,0
very_momentous,6,4,2
overly_intuitive,6,6,0
automatically_accessible,6,6,0
downright_odd,6,6,0
less_fervent,6,6,0
totally_unlimited,6,6,0
equally_fair,6,5,1
less_fearful,6,6,0
very_authoritative,6,6,0
really_smelly,6,6,0
too_profane,6,5,1
fully_pure,6,6,0
equally_adept,6,6,0
vocally_talented,6,6,0
merely_informative,6,6,0
duly_accurate,6,6,0
too_relaxing,6,6,0
so_intrepid,6,6,0
as_underrated,6,6,0
totally_revolutionary,6,6,0
too_related,6,6,0
entirely_user-friendly,6,6,0
overly_opinionated,6,6,0
as_underwhelming,6,6,0
entirely_vacant,6,6,0
terribly_feminine,6,6,0
merely_irresponsible,6,6,0
only_avoidable,6,6,0
fully_intentional,6,6,0
less_miraculous,6,5,1
as_unfit,6,6,0
really_cohesive,6,5,1
as_unforgettable,6,4,2
totally_seamless,6,6,0
merely_likely,6,6,0
so_instantaneous,6,6,0
very_kinky,6,6,0
absolutely_central,6,6,0
all_discouraging,6,6,0
drastically_lower,6,6,0
only_long-term,6,6,0
any_farther,6,6,0
already_deep,6,6,0
quite_absurd,6,6,0
entirely_unwatchable,6,6,0
wholly_justifiable,6,6,0
extremely_capable,6,6,0
particularly_encouraged,6,6,0
already_committed,6,6,0
less_oppressive,6,6,0
overly_patriotic,6,5,1
quintessentially_english,6,6,0
less_odious,6,5,1
very_judgmental,6,6,0
all_dreary,6,6,0
already_complete,6,6,0
less_obnoxious,6,5,1
already_complex,6,6,0
only_listenable,6,6,0
as_uncompromising,6,6,0
too_representative,6,6,0
merely_ineffective,6,6,0
less_noisy,6,6,0
merely_inadequate,6,6,0
only_literal,6,6,0
too_reminiscent,6,4,2
merely_inappropriate,6,6,0
merely_incapable,6,6,0
wholly_irrational,6,6,0
quite_absolute,6,6,0
merely_inconsistent,6,6,0
merely_independent,6,6,0
entirely_untouched,6,6,0
extremely_broad,6,6,0
fully_immersive,6,6,0
only_assertive,6,6,0
only_louder,6,6,0
really_sour,6,6,0
fully_lucid,6,6,0
only_annoyed,6,6,0
only_majestic,6,6,0
totally_subjective,6,6,0
particularly_eye-opening,6,6,0
merely_overweight,6,6,0
only_marketable,6,6,0
already_drunk,6,6,0
terribly_enticing,6,6,0
absolutely_conscious,6,6,0
particularly_false,6,6,0
terribly_enthused,6,6,0
particularly_far-fetched,6,6,0
that_implausible,6,6,0
environmentally_viable,6,6,0
absolutely_constant,6,6,0
less_insulting,6,6,0
very_lively,6,6,0
really_communist,6,6,0
overly_messy,6,6,0
as_voluptuous,6,6,0
less_innovative,6,6,0
really_compassionate,6,6,0
so_inconspicuous,6,6,0
really_southern,6,6,0
quite_adventurous,6,6,0
equally_acceptable,6,6,0
overly_mature,6,6,0
less_informative,6,6,0
equally_accurate,6,6,0
fully_observant,6,6,0
merely_ok,6,6,0
so_ineffective,6,5,1
totally_square,6,6,0
totally_simple,6,6,0
environmentally_beneficial,6,6,0
as_unprepared,6,6,0
totally_soft,6,6,0
so_informal,6,6,0
really_comforting,6,6,0
less_logical,6,6,0
solely_simple,6,6,0
so_inferior,6,6,0
any_dirtier,6,6,0
less_liberal,6,5,1
environmentally_destructive,6,6,0
merely_nominal,6,6,0
fully_measurable,6,6,0
environmentally_preferable,6,6,0
that_hostile,6,6,0
merely_nostalgic,6,6,0
as_unremarkable,6,4,2
as_unselfish,6,6,0
solely_sufficient,6,6,0
that_humorous,6,6,0
as_unsophisticated,6,6,0
all_depressed,6,6,0
less_jarring,6,6,0
as_unsure,6,6,0
pretty_green,6,6,0
solely_technological,6,6,0
merely_odd,6,6,0
very_futuristic,6,5,1
only_idealistic,6,6,0
less_upsetting,6,5,1
that_consequential,6,6,0
overtly_racial,6,1,5
as_indiscriminate,6,6,0
wholly_acceptable,6,6,0
that_conspicuous,6,6,0
as_comprehensible,6,5,1
entirely_eager,6,6,0
that_contagious,6,6,0
real_enthused,6,6,0
entirely_economic,6,6,0
totally_ashamed,6,6,0
as_complementary,6,6,0
so_seedy,6,6,0
terribly_toxic,6,6,0
totally_autonomous,6,6,0
majorly_concerned,6,5,1
overtly_present,6,6,0
so_seasoned,6,6,0
too_toasty,6,6,0
as_infinite,6,5,1
all_stressful,6,6,0
terribly_tolerant,6,6,0
so_scrumptious,6,5,1
so_sci-fi,6,6,0
entirely_english,6,6,0
as_innate,6,6,0
only_enthralling,6,6,0
yet_unionized,6,6,0
all_stuffy,6,5,1
only_decadent,6,6,0
too_tragic,6,4,2
publicly_supportive,6,6,0
effectively_verifiable,6,6,0
so_shadowy,6,6,0
as_content,6,6,0
all_small,6,6,0
entirely_dim,6,6,0
as_contemptuous,6,6,0
properly_awake,6,6,0
entirely_direct,6,6,0
so_smitten,6,6,0
so_understated,6,6,0
as_impersonal,6,6,0
all_original,6,6,0
really_traceable,6,6,0
that_comparable,6,6,0
fairly_cheap,6,6,0
properly_applicable,6,6,0
entirely_disingenuous,6,6,0
as_impressionable,6,5,1
so_uneven,6,6,0
as_inaccurate,6,6,0
so_uneventful,6,6,0
that_comprehensive,6,6,0
about_cool,6,6,0
financially_damaging,6,6,0
wholly_corrupt,6,6,0
totally_american,6,6,0
all_specific,6,6,0
as_inconspicuous,6,6,0
only_deficient,6,6,0
so_shrill,6,6,0
terribly_troubling,6,5,1
enough_able,6,6,0
as_integrated,6,6,0
enormously_wealthy,6,6,0
as_intent,6,6,0
realistically_sustainable,6,6,0
too_terrific,6,6,0
as_leery,6,6,0
so_unseemly,6,5,1
overtly_ideological,6,3,3
so_revolting,6,6,0
so_unselfish,6,6,0
entirely_flexible,6,6,0
entirely_flippant,6,6,0
so_revealing,6,4,2
all_talented,6,6,0
so_retro,6,6,0
only_curable,6,6,0
really_3d,6,6,0
purely_defensive,6,6,0
as_boyish,6,6,0
so_resourceful,6,6,0
professionally_rewarding,6,5,1
as_bloodless,6,6,0
wholly_disappointed,6,6,0
as_limp,6,6,0
as_bittersweet,6,5,1
totally_common,6,6,0
terribly_sturdy,6,6,0
all_theoretical,6,6,0
well_sure,6,6,0
totally_compliant,6,6,0
as_biblical,6,6,0
particularly_altruistic,6,5,1
entirely_fine,6,6,0
overtly_jewish,6,5,1
purely_conceptual,6,6,0
too_theatrical,6,6,0
so_unnecessary,6,5,1
financially_necessary,6,6,0
too_thoughtful,6,6,0
as_circular,6,6,0
overtly_negative,6,6,0
about_entertaining,6,6,0
all_nefarious,6,6,0
as_introverted,6,6,0
only_darker,6,6,0
totally_bizarre,6,6,0
so_unpalatable,6,6,0
wholly_dependant,6,6,0
so_rusty,6,6,0
very_determined,6,6,0
enormously_different,6,6,0
as_irregular,6,6,0
so_rugged,6,5,1
purely_arbitrary,6,6,0
manifestly_unlawful,6,6,0
totally_bogus,6,6,0
particularly_adroit,6,6,0
very_detrimental,6,6,0
totally_bored,6,6,0
overtly_malicious,6,6,0
as_judicious,6,6,0
entirely_fatal,6,6,0
logically_correct,6,6,0
purely_biological,6,6,0
financially_beholden,6,6,0
totally_adequate,6,6,0
so_sobering,6,4,2
real_long,6,4,2
longer_good,6,5,1
overwhelmingly_salty,6,6,0
so_succesful,6,6,0
properly_supervised,6,6,0
so_thrifty,6,6,0
longer_sensible,6,5,1
wholly_beneficial,6,6,0
that_adequate,6,6,0
that_bitter,6,6,0
entirely_chronological,6,6,0
yet_weary,6,6,0
overwhelmingly_enthusiastic,6,5,1
real_motivated,6,6,0
far_bigger,6,6,0
as_forlorn,6,4,2
as_early,6,5,1
only_discreet,6,6,0
as_foundational,6,6,0
so_top,6,6,0
only_disconcerting,6,6,0
all_rural,6,6,0
that_acceptable,6,6,0
real_safe,6,6,0
as_droll,6,6,0
too_variable,6,6,0
so_torturous,6,6,0
real_low,6,6,0
as_domestic,6,5,1
very_dear,6,6,0
that_advantageous,6,6,0
so_suggestive,6,6,0
real_quiet,6,6,0
all_pushy,6,6,0
too_unsightly,6,5,1
entirely_auspicious,6,6,0
entirely_audible,6,6,0
entirely_barren,6,6,0
entirely_attractive,6,6,0
psychologically_able,6,6,0
so_sweaty,6,5,1
overwhelmingly_huge,6,6,0
overwhelmingly_heavy,6,6,0
provably_true,6,6,0
overwhelmingly_negative,6,6,0
that_annoyed,6,6,0
as_far-flung,6,6,0
longer_profitable,6,6,0
so_testy,6,6,0
that_authentic,6,6,0
longer_lasting,6,6,0
that_amenable,6,6,0
psychologically_damaging,6,6,0
overwhelmingly_poor,6,6,0
longer_invisible,6,6,0
all_responsive,6,6,0
so_tenuous,6,6,0
overwhelmingly_funny,6,6,0
only_doomed,6,6,0
only_double,6,6,0
entirely_british,6,6,0
yet_wide,6,6,0
as_doable,6,6,0
wholly_awful,6,6,0
all_slow,6,6,0
too_unforgiving,6,5,1
terribly_widespread,6,6,0
only_electronic,6,6,0
that_chilly,6,6,0
painfully_hot,6,6,0
terribly_welcoming,6,6,0
as_hierarchical,6,6,0
real_hungry,6,6,0
overtly_visible,6,6,0
enough_new,6,6,0
so_speculative,6,5,1
as_deaf,6,6,0
real_hopeful,6,6,0
real_subtle,6,6,0
enough_more,6,6,0
as_dapper,6,6,0
fairly_expensive,6,6,0
as_cutesy,6,6,0
only_embarrassed,6,6,0
properly_christian,6,6,0
finally_ready,6,6,0
as_hyperactive,6,6,0
as_hypnotic,6,3,3
totally_abstract,6,6,0
real_healthy,6,6,0
entirely_derivative,6,6,0
painfully_predictable,6,6,0
totally_accessible,6,6,0
so_soggy,6,6,0
entirely_detailed,6,6,0
so_unappealing,6,5,1
as_demonic,6,5,1
too_wobbly,6,6,0
far_older,6,6,0
as_distinguished,6,6,0
longer_sure,6,6,0
publicly_active,6,6,0
too_versatile,6,6,0
as_disproportionate,6,6,0
only_diplomatic,6,6,0
so_transcendent,6,6,0
real_sensitive,6,6,0
so_transient,6,6,0
so_stretchy,6,6,0
real_sexy,6,6,0
that_bumpy,6,6,0
as_disorienting,6,5,1
so_stormy,6,6,0
wholly_applicable,6,6,0
longer_usable,6,6,0
real_simple,6,6,0
entirely_constructive,6,6,0
as_good-natured,6,6,0
overwhelmingly_busy,6,6,0
entirely_content,6,6,0
entirely_convenient,6,6,0
enough_skilled,6,6,0
entirely_cordial,6,6,0
overwhelmingly_attractive,6,6,0
as_grievous,6,6,0
that_charming,6,6,0
so_unaffordable,6,6,0
as_lumpy,6,6,0
only_experienced,6,6,0
as_male,6,6,0
freakishly_athletic,6,6,0
terribly_personal,6,6,0
as_premature,6,6,0
too_spontaneous,6,6,0
only_gray,6,6,0
too_spoiled,6,6,0
totally_fresh,6,6,0
yet_tender,6,6,0
socially_harmful,6,6,0
that_embarrassed,6,6,0
so_opinionated,6,6,0
only_coercive,6,6,0
likely_many,6,6,0
entirely_modern,6,6,0
only_grim,6,6,0
totally_futile,6,6,0
very_exhilarating,6,6,0
entirely_moribund,6,6,0
overly_troubling,6,6,0
mechanically_robust,6,6,0
extremely_pigmented,6,6,0
that_enamored,6,6,0
socially_mobile,6,6,0
as_prolonged,6,6,0
only_groundless,6,6,0
well_lengthy,6,6,0
only_gruesome,6,6,0
totally_gorgeous,6,6,0
that_engaging,6,6,0
well_large,6,6,0
so_orange,6,6,0
overly_valuable,6,6,0
only_graphic,6,6,0
too_stern,6,5,1
extremely_rewarding,6,6,0
terribly_prominent,6,6,0
all_wise,6,6,0
very_effectual,6,6,0
emotionally_abusive,6,6,0
totally_exempt,6,5,1
wholly_female,6,6,0
only_committed,6,6,0
terribly_private,6,5,1
purely_musical,6,5,1
only_frivolous,6,6,0
so_paradoxical,6,5,1
principally_responsible,6,6,0
that_dynamic,6,6,0
likely_sufficient,6,6,0
terribly_predictive,6,6,0
entirely_literal,6,6,0
very_encouraged,6,5,1
primarily_worried,6,6,0
only_generic,6,6,0
terribly_polite,6,6,0
measurably_better,6,6,0
overly_vulgar,6,6,0
all_inconsistent,6,6,0
extremely_proficient,6,6,0
so_ornate,6,6,0
overly_vigorous,6,6,0
socially_correct,6,6,0
all_illegal,6,6,0
all_ignorant,6,6,0
as_perfunctory,6,6,0
overly_traumatic,6,6,0
overly_tedious,6,6,0
overly_taxing,6,5,1
overly_tasty,6,6,0
totally_impartial,6,6,0
totally_important,6,6,0
very_congested,6,6,0
apparently_visible,6,6,0
too_snappy,6,6,0
very_focused,6,6,0
so_negligible,6,6,0
really_bizarre,6,3,3
entirely_painful,6,6,0
overly_susceptible,6,6,0
overly_superstitious,6,6,0
only_horrendous,6,6,0
very_configurable,6,6,0
mentally_defective,6,6,0
only_chilling,6,6,0
very_foreign,6,6,0
as_resentful,6,6,0
mentally_fatigued,6,6,0
totally_ineffective,6,6,0
as_reusable,6,6,0
as_reverent,6,6,0
particularly_convinced,6,6,0
so_mystifying,6,6,0
totally_inexperienced,6,6,0
as_reversible,6,6,0
very_frightened,6,6,0
either_able,6,6,0
apparently_wrong,6,3,3
particularly_conscientious,6,6,0
medically_needed,6,5,1
electronically_available,6,6,0
terribly_observant,6,6,0
medically_essential,6,6,0
extremely_overweight,6,6,0
very_far-reaching,6,5,1
overly_toxic,6,6,0
socially_savvy,6,5,1
only_heartening,6,6,0
freakishly_small,6,6,0
less_wrenching,6,6,0
entirely_objectionable,6,6,0
overly_touchy,6,5,1
well_intentioned,6,4,2
as_quixotic,6,6,0
terribly_mysterious,6,5,1
medically_reasonable,6,6,0
extremely_old,6,6,0
entirely_official,6,6,0
extremely_offensive,6,5,1
medically_suitable,6,6,0
only_hectic,6,6,0
only_hesitant,6,6,0
entirely_online,6,6,0
all_honest,6,6,0
medically_useful,6,6,0
particularly_congenial,6,6,0
less_weighty,6,6,0
really_bigger,6,6,0
very_ecological,6,6,0
overtly_abusive,6,6,0
as_malevolent,6,6,0
particularly_awe,6,3,3
as_anticipated,6,6,0
as_anti-social,6,6,0
really_tender,6,6,0
terribly_smooth,6,6,0
so_quirky,6,5,1
totally_delicious,6,6,0
probably_ready,6,6,0
totally_dependable,6,6,0
so_victorious,6,6,0
very_cosmopolitan,6,6,0
really_alarming,6,3,3
entirely_idealistic,6,6,0
emotionally_upset,6,6,0
terribly_short,6,6,0
totally_devastating,6,6,0
emotionally_unavailable,6,6,0
as_amoral,6,6,0
only_conversant,6,6,0
extremely_talkative,6,6,0
entirely_illusory,6,6,0
all_unhealthy,6,6,0
as_nebulous,6,5,1
only_farcical,6,6,0
really_ambitious,6,6,0
very_disagreeable,6,6,0
as_affecting,6,6,0
totally_disgusting,6,6,0
entirely_impervious,6,6,0
totally_disinterested,6,6,0
too_swell,6,6,0
entirely_historical,6,6,0
as_archaic,6,6,0
wholly_distinct,6,6,0
entirely_glamorous,6,6,0
all_mental,6,6,0
so_urban,6,6,0
totally_contradictory,6,6,0
all_memorable,6,6,0
so_used,6,6,0
really_advanced,6,4,2
too_talented,6,6,0
entirely_grateful,6,5,1
as_attainable,6,6,0
overtly_erotic,6,5,1
really_adverse,6,5,1
really_treatable,6,6,0
so_readable,6,6,0
so_vegan,6,6,0
that_dependent,6,6,0
overtly_educational,6,6,0
very_covert,6,6,0
entirely_harmful,6,6,0
first_evident,6,6,0
so_raucous,6,6,0
really_african,6,6,0
really_agile,6,6,0
as_miffed,6,6,0
purely_factual,6,6,0
purely_formal,6,6,0
totally_cute,6,6,0
totally_cynical,6,5,1
so_visual,6,6,0
terribly_scrupulous,6,6,0
terribly_prone,6,6,0
extremely_stylish,6,6,0
entirely_insignificant,6,6,0
entirely_inspiring,6,6,0
totally_dysfunctional,6,6,0
only_fit,6,6,0
only_fitting,6,6,0
only_flattered,6,6,0
all_vegetarian,6,6,0
only_fleeting,6,6,0
purely_local,6,6,0
only_forceful,6,6,0
really_apt,6,6,0
really_truthful,6,6,0
really_arbitrary,6,6,0
all_virtuous,6,6,0
as_overwrought,6,6,0
very_dreadful,6,4,2
emotionally_effective,6,6,0
overtly_anti-semitic,6,5,1
all_vulnerable,6,6,0
particularly_calm,6,6,0
extremely_salty,6,6,0
so_phony,6,4,2
terribly_random,6,6,0
so_phenomenal,6,6,0
emotionally_damaging,6,6,0
so_petrified,6,6,0
so_wonky,6,5,1
terribly_qualified,6,6,0
all_welcome,6,6,0
totally_dumb,6,6,0
entirely_insensitive,6,6,0
only_congruent,6,6,0
as_actionable,6,6,0
that_discreet,6,6,0
probably_familiar,6,6,0
totally_disruptive,6,6,0
entirely_incidental,6,6,0
as_adaptive,6,6,0
well_respected,6,6,0
entirely_incompetent,6,6,0
particularly_balanced,6,6,0
that_dishonest,6,6,0
entirely_inconsequential,6,6,0
overtly_clear,6,6,0
all_knowledgeable,6,6,0
terribly_savvy,6,6,0
so_predisposed,6,6,0
literally_gut-wrenching,6,6,0
materially_poor,6,6,0
particularly_biblical,6,4,2
terribly_sanguine,6,6,0
that_disparate,6,6,0
as_obligatory,6,6,0
as_abhorrent,6,6,0
only_fearless,6,6,0
literally_impossible,6,6,0
emotionally_needy,6,6,0
as_offended,6,6,0
as_old-fashioned,6,6,0
artistically_skilled,6,6,0
literally_homeless,6,5,1
automatically_funny,6,6,0
insanely_wealthy,6,6,0
quite_complicated,6,6,0
so_far-flung,6,5,1
generally_contagious,6,6,0
remotely_offensive,6,3,3
that_palatable,6,6,0
overly_exuberant,6,6,0
equally_subject,6,6,0
offensively_terrible,6,6,0
all_benign,6,6,0
already_passionate,6,6,0
too_jewish,6,6,0
excessively_optimistic,6,6,0
technologically_literate,6,6,0
less_clever,6,6,0
only_partial,6,6,0
overly_exotic,6,6,0
remotely_newsworthy,6,5,1
generally_difficult,6,6,0
overly_exaggerated,6,6,0
directly_culpable,6,5,1
more_beguiling,6,4,2
so_feminist,6,6,0
tactically_astute,6,5,1
awfully_convenient,6,6,0
that_outspoken,6,6,0
officially_illegal,6,6,0
visually_noticeable,6,6,0
overly_favorable,6,6,0
overly_brutal,6,6,0
directly_confrontational,6,6,0
more_benevolent,6,4,2
remotely_okay,6,5,1
visually_captivating,6,6,0
directly_contradictory,6,6,0
especially_enamored,6,6,0
already_overcrowded,6,6,0
overly_bureaucratic,6,6,0
awfully_difficult,6,6,0
quite_charming,6,6,0
truly_abstract,6,6,0
overly_eventful,6,6,0
particularly_left-wing,6,4,2
visually_jarring,6,6,0
relatively_short,6,6,0
quite_democratic,6,6,0
too_minuscule,6,6,0
so_exhaustive,6,6,0
so_excruciating,6,4,2
especially_disruptive,6,6,0
remotely_legal,6,6,0
generally_great,6,6,0
largely_different,6,6,0
somewhat_predictable,6,5,1
largely_ineffective,6,6,0
noticeably_smaller,6,6,0
less_bloody,6,6,0
precisely_new,6,6,0
exclusively_true,6,6,0
too_militant,6,6,0
too_knowledgable,6,6,0
too_jumpy,6,6,0
more_averse,6,6,0
relatively_quiet,6,6,0
already_prevalent,6,5,1
already_poor,6,6,0
always_unusual,6,6,0
relatively_few,6,5,1
wholly_pleasant,6,6,0
that_pedantic,6,6,0
geographically_uniform,6,6,0
off_sick,6,6,0
only_paranoid,6,6,0
awfully_long,6,6,0
so_extroverted,6,6,0
particularly_humble,6,6,0
too_moderate,6,6,0
geographically_remote,6,6,0
particularly_life-threatening,6,6,0
overly_childish,6,6,0
distinctly_visible,6,6,0
officially_live,6,6,0
remotely_political,6,2,4
particularly_long-lasting,6,6,0
utterly_incompetent,6,6,0
greatly_dissimilar,6,6,0
particularly_malicious,6,4,2
often_high,6,6,0
so_frosty,6,6,0
surprisingly_similar,6,6,0
overly_fragile,6,6,0
less_damning,6,6,0
utterly_happy,6,6,0
often_friendly,6,6,0
really_domestic,6,6,0
militarily_effective,6,6,0
truly_applicable,6,6,0
militarily_necessary,6,6,0
militarily_powerful,6,5,1
that_okay,6,6,0
explicitly_discriminatory,6,5,1
very_ok,6,6,0
downright_confusing,6,6,0
excessively_graphic,6,5,1
always_valuable,6,6,0
often_impossible,6,6,0
less_delighted,6,5,1
particularly_massive,6,6,0
too_nuanced,6,6,0
excessively_gory,6,5,1
equally_pleased,6,6,0
truly_artistic,6,0,6
that_nuanced,6,6,0
mildly_interested,6,6,0
overly_functional,6,6,0
automatically_synonymous,6,6,0
that_objectionable,6,6,0
terribly_appropriate,6,6,0
not_weird,6,6,0
just_wary,6,6,0
often_important,6,6,0
especially_flashy,6,5,1
not_worthwhile,6,6,0
just_whimsical,6,6,0
less_creepy,6,5,1
quite_determined,6,6,0
overly_flamboyant,6,6,0
down_more,6,6,0
precisely_happy,6,6,0
often_angry,6,6,0
too_irreverent,6,6,0
especially_evident,6,6,0
just_worrisome,6,6,0
particularly_hip,6,5,1
best_interested,6,6,0
remotely_productive,6,4,2
more_bittersweet,6,4,2
notably_high,6,6,0
so_flavorful,6,6,0
particularly_long-lived,6,6,0
generally_amenable,6,6,0
generally_bad,6,5,1
quite_catchy,6,6,0
overly_blatant,6,6,0
quite_candid,6,6,0
downright_angry,6,6,0
often_disappointed,6,6,0
often_deadly,6,6,0
often_confused,6,6,0
too_neutral,6,6,0
too_irregular,6,6,0
really_diverse,6,6,0
especially_famous,6,6,0
mind-numbingly_boring,6,6,0
especially_exotic,6,4,2
more_bloodthirsty,6,6,0
directly_amenable,6,6,0
further_tedious,6,6,0
explicitly_conservative,6,6,0
often_comfortable,6,6,0
remotely_reasonable,6,4,2
truly_allergic,6,6,0
less_black,6,6,0
obviously_unreasonable,6,6,0
often_impressed,6,6,0
tremendously_high,6,6,0
so_educated,6,6,0
legitimately_interested,6,6,0
technically_raw,6,6,0
obviously_attractive,6,6,0
especially_awesome,6,6,0
so_edible,6,6,0
overly_decadent,6,6,0
so_economical,6,5,1
so_eco-friendly,6,6,0
especially_competent,6,6,0
generally_susceptible,6,6,0
disastrously_bad,6,6,0
all_accountable,6,6,0
directly_profitable,6,6,0
generally_sympathetic,6,6,0
tremendously_helpful,6,5,1
really_digital,6,5,1
overly_consistent,6,6,0
so_doubtful,6,5,1
generally_straightforward,6,6,0
especially_consistent,6,6,0
quite_compact,6,6,0
exclusively_islamic,6,3,3
visually_detectable,6,6,0
tremendously_expensive,6,6,0
less_accessible,6,5,1
more_amused,6,6,0
less_acceptable,6,5,1
tremendously_significant,6,6,0
obviously_commercial,6,6,0
all_apprehensive,6,6,0
nutritionally_deficient,6,6,0
only_overrated,6,6,0
nutritionally_different,6,6,0
genuinely_bad,6,6,0
morally_satisfying,6,6,0
particularly_immersive,6,6,0
technically_late,6,6,0
terribly_conscious,6,6,0
notoriously_bad,6,5,1
somewhat_aware,6,6,0
particularly_incredible,6,4,2
particularly_independent,6,6,0
yet_numerous,6,6,0
always_unlawful,6,6,0
too_loving,6,6,0
particularly_innocent,6,5,1
quite_constant,6,6,0
too_lovely,6,6,0
exclusively_economic,6,6,0
especially_christian,6,5,1
quite_conducive,6,6,0
absolutely_original,6,4,2
generally_worth,6,6,0
remotely_attainable,6,6,0
objectively_right,6,6,0
technically_obligated,6,6,0
remotely_authentic,6,5,1
more_abstract,6,6,0
more_adverse,6,6,0
remotely_apologetic,6,6,0
exclusively_french,6,5,1
especially_bloody,6,6,0
technically_literate,6,6,0
already_straight,6,6,0
exclusively_australian,6,6,0
technically_local,6,6,0
particularly_inclusive,6,6,0
remotely_clever,6,4,2
directly_reflective,6,6,0
quite_concerned,6,6,0
really_detrimental,6,4,2
legally_significant,6,6,0
exclusively_feminine,6,6,0
quite_contrary,6,5,1
exclusively_charitable,6,6,0
quite_contemporary,6,6,0
remotely_anti-semitic,6,3,3
so_egalitarian,6,6,0
overly_derivative,6,6,0
only_overpriced,6,6,0
excessively_wet,6,6,0
morally_complicated,6,6,0
more_arbitrary,6,5,1
less_astonishing,6,5,1
now_evident,6,6,0
less_astonished,6,6,0
reliably_effective,6,6,0
so_equitable,6,6,0
always_unexpected,6,6,0
too_melancholy,6,5,1
especially_damning,6,6,0
overly_earnest,6,6,0
remotely_full,6,6,0
morally_desirable,6,6,0
alarmingly_low,6,6,0
obviously_plausible,6,6,0
less_arduous,6,5,1
overly_communicative,6,6,0
genuinely_remorseful,6,6,0
utterly_perfect,6,6,0
remotely_guilty,6,5,1
generally_indicative,6,6,0
visually_impaired,6,6,0
so_evocative,6,6,0
less_better,6,5,1
particularly_late,6,6,0
excessively_reckless,6,6,0
technically_astute,6,6,0
especially_desirable,6,6,0
already_willing,6,6,0
distinctly_christian,6,5,1
genuinely_useful,6,6,0
overly_clinical,6,6,0
too_metallic,6,5,1
too_merry,6,5,1
equally_welcome,6,6,0
technically_beautiful,6,5,1
less_authoritative,6,6,0
quite_closed,6,5,1
especially_cruel,6,6,0
especially_crowded,6,6,0
obviously_harmful,6,6,0
all_armed,6,6,0
technically_flawless,6,6,0
that_precious,6,6,0
quite_crunchy,6,6,0
especially_cooperative,6,6,0
less_alluring,6,6,0
less_alive,6,6,0
really_dependable,6,6,0
genuinely_helpful,6,6,0
that_preferable,6,6,0
obviously_evil,6,6,0
generally_reliable,6,6,0
technically_immortal,6,6,0
that_presumptuous,6,6,0
generally_responsive,6,6,0
predominantly_male,6,6,0
morally_indifferent,6,6,0
directly_necessary,6,6,0
generally_obvious,6,6,0
that_resilient,6,6,0
that_responsible,6,6,0
very_objectionable,6,4,2
morally_free,6,6,0
less_appalling,6,6,0
obviously_inferior,6,6,0
tremendously_talented,6,6,0
distinctively_american,6,1,5
particularly_jealous,6,6,0
excessively_thick,6,6,0
so_endless,6,6,0
religiously_devout,6,6,0
too_mathematical,6,5,1
too_materialistic,6,6,0
now_irrelevant,6,6,0
particularly_ill,6,6,0
especially_affluent,6,6,0
not_viable,6,6,0
that_psyched,6,6,0
so_discouraged,6,6,0
wholly_other,6,6,0
especially_hazardous,6,6,0
quite_booming,6,6,0
less_elaborate,6,6,0
really_creamy,6,6,0
yet_positive,6,6,0
that_negative,6,6,0
not_tough,6,6,0
less_desperate,6,6,0
reasonably_feasible,6,6,0
biologically_appropriate,6,6,0
often_safe,6,6,0
rather_sure,6,6,0
not_tired,6,6,0
wholly_optimistic,6,6,0
automatically_safe,6,6,0
grossly_different,6,6,0
excessively_fast,6,6,0
overly_grand,6,6,0
automatically_immune,6,6,0
not_ugly,6,6,0
often_subject,6,6,0
just_unreliable,6,6,0
equally_offensive,6,6,0
too_intimidated,6,6,0
always_vigilant,6,6,0
downright_funny,6,5,1
all_catholic,6,6,0
just_unqualified,6,6,0
all_clever,6,5,1
remotely_sentimental,6,3,3
biologically_capable,6,6,0
always_wet,6,6,0
fundamentally_fair,6,6,0
not_thankful,6,6,0
overly_hazardous,6,6,0
grossly_uncommon,6,6,0
really_dull,6,6,0
quite_durable,6,6,0
often_practical,6,6,0
less_dominant,6,6,0
truly_challenging,6,6,0
quite_dumb,6,6,0
quite_dull,6,6,0
too_intriguing,6,5,1
just_unwanted,6,6,0
already_interesting,6,6,0
too_ominous,6,2,4
surprisingly_difficult,6,6,0
terribly_careful,6,6,0
more_cogent,6,4,2
reasonably_affordable,6,6,0
just_unsure,6,6,0
less_disgusting,6,6,0
only_opaque,6,6,0
utterly_evil,6,6,0
excessively_dry,6,6,0
particularly_hairy,6,6,0
totally_willing,6,6,0
fundamentally_hostile,6,5,1
only_opportune,6,6,0
downright_dumb,6,5,1
equally_knowledgeable,6,6,0
that_narrow,6,6,0
presently_visible,6,6,0
terribly_clean,6,6,0
very_accountable,6,6,0
less_divine,6,6,0
particularly_hardy,6,6,0
explicitly_spiritual,6,5,1
biologically_different,6,6,0
too_nutty,6,6,0
more_callous,6,5,1
over_strong,6,6,0
truly_attainable,6,6,0
already_long,6,6,0
automatically_superior,6,6,0
merely_unspoken,6,6,0
not_upset,6,6,0
downright_cynical,6,6,0
truly_comprehensive,6,6,0
over_stimulating,6,6,0
so_hardworking,6,6,0
biologically_correct,6,6,0
just_vulgar,6,6,0
automatically_hostile,6,6,0
downright_giddy,6,5,1
incredibly_thick,5,5,0
exactly_conscious,5,5,0
really_tolerable,5,5,0
incredibly_thin,5,5,0
completely_depressed,5,4,1
psychologically_mature,5,5,0
not_skilled,5,5,0
n't_related,5,5,0
only_firm,5,5,0
not_reasonable,5,5,0
blatantly_wrong,5,3,2
not_bright,5,4,1
actually_competent,5,5,0
terribly_revealing,5,4,1
that_reputable,5,5,0
absolutely_stable,5,5,0
much_rough,5,5,0
that_questionable,5,5,0
remotely_sporty,5,4,1
ever_related,5,4,1
completely_mute,5,5,0
terribly_rough,5,4,1
highly_doubtful,5,5,0
completely_mysterious,5,5,0
completely_detailed,5,5,0
far_adrift,5,5,0
quite_organic,5,5,0
simply_familiar,5,5,0
only_federal,5,5,0
artistically_talented,5,5,0
simply_fabulous,5,5,0
excessively_tall,5,5,0
uniquely_vulnerable,5,4,1
much_rude,5,5,0
always_insurmountable,5,5,0
very_fastidious,5,5,0
excessively_dark,5,5,0
exactly_compliant,5,5,0
completely_desirable,5,5,0
terribly_rigorous,5,4,1
as_opinionated,5,5,0
n't_profitable,5,5,0
completely_derivative,5,5,0
incredibly_tired,5,5,0
incredibly_good-looking,5,5,0
terribly_restrictive,5,5,0
objectively_offensive,5,4,1
utterly_dissimilar,5,5,0
completely_crunchy,5,5,0
artistically_beautiful,5,5,0
remotely_cute,5,2,3
quite_eerie,5,5,0
remotely_creative,5,2,3
forever_dependent,5,5,0
that_docile,5,5,0
very_farfetched,5,5,0
completely_daft,5,5,0
n't_simple,5,5,0
completely_customizable,5,5,0
much_responsive,5,5,0
always_ill,5,5,0
as_elemental,5,5,0
incredibly_handsome,5,5,0
only_pain-free,5,5,0
exceptionally_close,5,5,0
incredibly_specific,5,4,1
terribly_rational,5,5,0
genuinely_dangerous,5,4,1
extremely_satisfying,5,5,0
exceptionally_clever,5,4,1
as_employable,5,5,0
normally_noticeable,5,5,0
n't_stressful,5,5,0
very_deferential,5,5,0
incredibly_gorgeous,5,5,0
extremely_secure,5,5,0
terribly_relatable,5,5,0
that_striking,5,5,0
exceptionally_dangerous,5,5,0
as_orwellian,5,5,0
incredibly_sure,5,5,0
usually_superstitious,5,5,0
extremely_sexy,5,5,0
very_round,5,5,0
only_dreamy,5,5,0
simply_equivalent,5,5,0
that_steady,5,5,0
excessively_troublesome,5,5,0
substantially_cheaper,5,5,0
not_attainable,5,5,0
exactly_contemporary,5,4,1
actually_comparable,5,5,0
as_overjoyed,5,5,0
n't_satisfied,5,5,0
simply_empty,5,5,0
much_rich,5,5,0
that_advisable,5,5,0
that_reliant,5,5,0
purely_mathematical,5,5,0
ridiculously_thin,5,5,0
as_exasperating,5,5,0
biblically_literate,5,4,1
quite_curious,5,5,0
exactly_compact,5,5,0
that_splendid,5,5,0
now_easy,5,5,0
highly_decorative,5,5,0
terribly_nostalgic,5,5,0
excessively_short,5,5,0
always_humane,5,5,0
as_affable,5,5,0
terribly_sensible,5,5,0
not_spicy,5,5,0
surprisingly_accurate,5,5,0
utterly_different,5,5,0
simply_flat,5,4,1
normally_lethal,5,5,0
that_discouraging,5,5,0
far_amiss,5,5,0
completely_discouraging,5,5,0
purely_instrumental,5,5,0
super_scientific,5,5,0
as_advisable,5,5,0
technically_criminal,5,4,1
fiscally_neutral,5,5,0
completely_attentive,5,5,0
potentially_profitable,5,4,1
as_edible,5,5,0
genuinely_poor,5,5,0
exactly_christian,5,5,0
super_secure,5,5,0
only_far-reaching,5,5,0
not_delighted,5,3,2
really_skittish,5,5,0
now_accessible,5,5,0
genuinely_terrifying,5,3,2
only_third,5,5,0
probably_more,5,5,0
very_favorite,5,5,0
now_certain,5,5,0
n't_legitimate,5,5,0
as_extinct,5,5,0
naturally_honest,5,5,0
simply_genetic,5,5,0
now_easier,5,5,0
purely_individual,5,5,0
not_delicious,5,5,0
only_fancy,5,5,0
not_curious,5,5,0
always_fancy,5,5,0
not_credible,5,5,0
primarily_racial,5,5,0
physically_healthier,5,5,0
fairly_straightforward,5,5,0
terribly_noisy,5,5,0
highly_palatable,5,5,0
simply_frustrating,5,5,0
terribly_scenic,5,5,0
quite_current,5,5,0
completely_mobile,5,5,0
remotely_fancy,5,2,3
completely_moral,5,5,0
only_fatal,5,5,0
remotely_feminine,5,3,2
incredibly_worried,5,5,0
excessively_broad,5,5,0
stylistically_similar,5,5,0
always_humorous,5,5,0
always_unjustified,5,5,0
extremely_steep,5,5,0
much_satisfactory,5,4,1
as_achievable,5,5,0
super_salty,5,5,0
exactly_coherent,5,5,0
as_elderly,5,5,0
ridiculously_short,5,5,0
only_faulty,5,5,0
excessively_strong,5,5,0
highly_disruptive,5,5,0
that_disrespectful,5,5,0
completely_detrimental,5,5,0
half_surprised,5,5,0
as_obtainable,5,5,0
only_forgettable,5,5,0
extremely_solid,5,5,0
incredibly_wrong,5,4,1
not_competent,5,5,0
not_specific,5,5,0
normally_life-threatening,5,5,0
blatantly_rude,5,5,0
stunningly_original,5,5,0
completely_attributable,5,5,0
abnormally_small,5,5,0
strictly_conservative,5,5,0
much_sexist,5,5,0
yet_influential,5,5,0
n't_pleasant,5,5,0
barely_legal,5,5,0
remotely_bad,5,3,2
indeed_true,5,5,0
stupidly_expensive,5,5,0
fiscally_reckless,5,5,0
not_complex,5,5,0
extremely_stressful,5,5,0
as_flirty,5,5,0
much_secure,5,5,0
now_feasible,5,5,0
indeed_possible,5,5,0
indeed_impossible,5,4,1
stylistically_different,5,5,0
still_viable,5,5,0
excessively_spicy,5,5,0
excessively_steep,5,5,0
exactly_coy,5,5,0
utterly_terrifying,5,5,0
much_resistant,5,5,0
substantively_unreasonable,5,5,0
usually_smart,5,5,0
half_right,5,5,0
objectively_necessary,5,5,0
remotely_cold,5,5,0
completely_obsessive,5,5,0
nationally_famous,5,5,0
yet_terminal,5,5,0
incredibly_nutritious,5,5,0
incredibly_noteworthy,5,2,3
simply_smart,5,5,0
as_prejudiced,5,5,0
as_equipped,5,5,0
naturally_expressive,5,5,0
normally_synonymous,5,5,0
simply_content,5,5,0
incredibly_lucrative,5,5,0
highly_intellectual,5,5,0
very_pale,5,5,0
absolutely_phenomenal,5,5,0
excessively_complex,5,5,0
remotely_supernatural,5,2,3
highly_involved,5,5,0
very_evangelical,5,5,0
highly_irregular,5,5,0
terribly_plausible,5,5,0
simply_correct,5,5,0
exactly_detailed,5,5,0
quite_prevalent,5,5,0
very_engrossing,5,5,0
technically_jewish,5,5,0
technically_knowledgeable,5,5,0
much_proud,5,5,0
simply_delicious,5,5,0
strangely_enough,5,5,0
much_productive,5,4,1
nutritionally_rich,5,5,0
only_gifted,5,5,0
simply_dead,5,5,0
insanely_heavy,5,5,0
completely_back,5,5,0
nationally_competitive,5,5,0
terribly_pleasing,5,5,0
only_gigantic,5,5,0
psychologically_harmful,5,5,0
only_gluten-free,5,5,0
absolutely_stellar,5,5,0
super_rad,5,5,0
only_governmental,5,5,0
that_altruistic,5,5,0
simply_dangerous,5,5,0
utterly_unique,5,5,0
simply_cultural,5,5,0
highly_irresponsible,5,5,0
that_unthinkable,5,5,0
falsely_iconic,5,5,0
purely_platonic,5,4,1
normally_sensitive,5,5,0
normally_scared,5,5,0
completely_blue,5,5,0
highly_memorable,5,4,1
naturally_confident,5,5,0
always_subjective,5,5,0
frankly_irrelevant,5,5,0
highly_misleading,5,5,0
simply_beneficial,5,5,0
genetically_inferior,5,5,0
simply_blue,5,5,0
normally_restrictive,5,5,0
as_prideful,5,5,0
completely_beautiful,5,5,0
remotely_big,5,5,0
much_predictive,5,5,0
exactly_educational,5,5,0
actually_challenging,5,4,1
only_solvable,5,5,0
extremely_personal,5,5,0
really_tiny,5,5,0
as_faint,5,5,0
psychologically_capable,5,5,0
biologically_feasible,5,5,0
insanely_stupid,5,5,0
that_empty,5,5,0
completely_open-ended,5,5,0
about_physical,5,5,0
quite_pricey,5,5,0
potentially_illegal,5,5,0
as_prized,5,5,0
half_human,5,5,0
only_cognizant,5,5,0
highly_lethal,5,5,0
still_wrong,5,5,0
super_promising,5,5,0
not_secure,5,5,0
only_coastal,5,5,0
terribly_overpriced,5,5,0
objectively_different,5,2,3
extremely_pleasurable,5,5,0
excessively_bitter,5,5,0
extremely_pleasing,5,5,0
really_supernatural,5,4,1
utterly_unreasonable,5,5,0
remotely_charming,5,0,5
objectively_immoral,5,5,0
naturally_bad,5,5,0
that_atrocious,5,5,0
exactly_drunk,5,5,0
really_skeptical,5,5,0
exactly_detrimental,5,5,0
only_comic,5,5,0
artificially_sweet,5,5,0
substantially_more,5,5,0
as_perceptible,5,5,0
incredibly_shallow,5,5,0
n't_terrific,5,5,0
incredibly_sexist,5,5,0
only_territorial,5,5,0
biologically_human,5,5,0
simply_grand,5,5,0
simply_divine,5,5,0
insanely_awesome,5,5,0
numerically_strong,5,5,0
completely_consensual,5,5,0
fairly_unusual,5,5,0
only_fraudulent,5,5,0
supremely_comfortable,5,5,0
only_freer,5,5,0
not_amusing,5,5,0
highly_flexible,5,5,0
completely_confusing,5,5,0
that_redundant,5,5,0
not_ambitious,5,4,1
incredibly_sad,5,5,0
much_ready,5,5,0
much_random,5,5,0
not_amazing,5,5,0
incredibly_short,5,5,0
much_relaxing,5,5,0
excessively_complicated,5,5,0
only_complacent,5,5,0
incredibly_small,5,5,0
highly_explosive,5,5,0
always_traceable,5,5,0
only_gullible,5,5,0
only_forgiving,5,5,0
only_sneaky,5,5,0
as_endemic,5,5,0
very_dusty,5,5,0
yet_indicative,5,5,0
terribly_nuanced,5,5,0
much_repetitive,5,5,0
ridiculously_tough,5,5,0
exactly_crowded,5,5,0
not_appealing,5,5,0
not_anti-semitic,5,5,0
that_athletic,5,5,0
highly_favorable,5,5,0
completely_cool,5,5,0
that_unknown,5,5,0
simply_due,5,5,0
artificially_high,5,5,0
that_affluent,5,5,0
super_refreshing,5,5,0
always_extensive,5,5,0
purely_monetary,5,5,0
nutritionally_adequate,5,5,0
super_recent,5,5,0
usually_specific,5,5,0
only_harmonious,5,5,0
only_sparse,5,5,0
very_emphatic,5,5,0
very_employable,5,5,0
about_positive,5,5,0
really_suspicious,5,4,1
quite_female,5,5,0
exactly_demure,5,5,0
very_factual,5,5,0
completely_cognizant,5,5,0
as_enterprising,5,4,1
terribly_portable,5,5,0
yet_cancerous,5,5,0
exactly_descriptive,5,5,0
psychologically_ill,5,5,0
universally_celebrated,5,5,0
that_economical,5,5,0
only_comical,5,5,0
insanely_funny,5,5,0
primarily_visual,5,5,0
exactly_destitute,5,5,0
extremely_particular,5,5,0
that_alike,5,5,0
formally_open,5,5,0
universally_better,5,5,0
technically_innovative,5,5,0
as_playable,5,5,0
as_platonic,5,5,0
exactly_deadly,5,5,0
insanely_cheap,5,5,0
terribly_objectionable,5,3,2
only_theatrical,5,5,0
completely_noticeable,5,5,0
usually_secure,5,5,0
absolutely_straight,5,5,0
as_phony,5,5,0
very_elite,5,5,0
blindingly_white,5,5,0
insanely_easy,5,5,0
always_imperative,5,5,0
remotely_commercial,5,1,4
not_advisable,5,5,0
exactly_defenseless,5,5,0
that_agreeable,5,5,0
physically_frail,5,4,1
incredibly_remarkable,5,4,1
terribly_pretty,5,5,0
completely_compelling,5,5,0
extremely_realistic,5,5,0
n't_welcoming,5,5,0
absolutely_pleased,5,5,0
utterly_destructive,5,5,0
much_vicious,5,0,5
extremely_thorough,5,5,0
completely_intolerant,5,5,0
as_digital,5,5,0
completely_helpful,5,5,0
ever_typical,5,5,0
completely_heartbroken,5,5,0
not_original,5,5,0
inherently_healthy,5,4,1
not_inferior,5,5,0
actually_divine,5,5,0
as_discernible,5,5,0
completely_hardy,5,5,0
properly_correct,5,5,0
completely_haphazard,5,5,0
much_tragic,5,5,0
not_intentional,5,5,0
very_curvy,5,5,0
exactly_abnormal,5,5,0
always_fixable,5,5,0
inherently_unscientific,5,1,4
that_captivating,5,5,0
as_inert,5,5,0
not_inevitable,5,5,0
inherently_great,5,5,0
properly_dry,5,5,0
super_steady,5,5,0
always_first,5,5,0
far_south,5,5,0
grammatically_sound,5,5,0
only_pessimistic,5,5,0
blatantly_abnormal,5,5,0
financially_eligible,5,5,0
better_acquainted,5,5,0
quite_distinctive,5,5,0
properly_accountable,5,4,1
terribly_unbalanced,5,5,0
not_less,5,5,0
super_subtle,5,4,1
notably_bad,5,4,1
that_central,5,5,0
simply_monetary,5,5,0
not_large,5,5,0
precisely_equal,5,4,1
as_indecisive,5,5,0
not_ordinary,5,4,1
completely_interesting,5,5,0
precisely_equivalent,5,5,0
prohibitively_large,5,5,0
inherently_irrational,5,4,1
as_diffuse,5,5,0
always_unbiased,5,5,0
strictly_residential,5,5,0
terribly_troublesome,5,5,0
musically_successful,5,5,0
utterly_ignorant,5,5,0
strictly_italian,5,5,0
inherently_inconsistent,5,4,1
thoroughly_bad,5,5,0
physically_plausible,5,5,0
only_edifying,5,5,0
simply_lovely,5,5,0
as_intimidated,5,5,0
that_counterproductive,5,5,0
remotely_shocked,5,5,0
as_co-operative,5,5,0
inherently_entertaining,5,4,1
simply_punitive,5,5,0
as_disgraceful,5,4,1
terribly_thoughtful,5,5,0
that_cozy,5,5,0
as_godly,5,5,0
not_passionate,5,5,0
financially_motivated,5,5,0
not_heavy,5,4,1
tactically_correct,5,5,0
super_stable,5,5,0
terribly_tasty,5,5,0
not_toxic,5,5,0
as_intrepid,5,5,0
inherently_easy,5,5,0
ridiculously_awesome,5,5,0
completely_genetic,5,5,0
strictly_ideological,5,5,0
as_intrigued,5,5,0
absolutely_unlimited,5,5,0
publicly_detailed,5,5,0
tactically_useful,5,5,0
always_tender,5,5,0
remotely_overweight,5,5,0
only_envious,5,5,0
exactly_agile,5,5,0
goddamn_good,5,5,0
physically_pleasing,5,4,1
remotely_prepared,5,5,0
that_conventional,5,5,0
not_identical,5,5,0
not_huge,5,5,0
as_informed,5,5,0
completely_great,5,4,1
inherently_fascinating,5,4,1
n't_acceptable,5,5,0
richly_pigmented,5,5,0
as_inherent,5,4,1
as_injured,5,5,0
exactly_aerodynamic,5,5,0
not_trustworthy,5,5,0
strictly_incorrect,5,5,0
as_disenchanted,5,5,0
surprisingly_high,5,5,0
high_minded,5,4,1
only_suggestive,5,5,0
quite_past,5,5,0
much_threatening,5,5,0
as_inoffensive,5,5,0
systemically_risky,5,5,0
completely_justifiable,5,4,1
exactly_aggressive,5,5,0
terrifically_good,5,5,0
about_convincing,5,5,0
completely_horrendous,5,5,0
absolutely_ugly,5,5,0
terribly_uplifting,5,5,0
physically_intense,5,5,0
much_wet,5,5,0
inherently_romantic,5,2,3
completely_improbable,5,4,1
only_eminent,5,5,0
always_treatable,5,5,0
absolutely_serious,5,5,0
as_hasty,5,5,0
as_counterproductive,5,4,1
physically_involved,5,4,1
absolutely_truthful,5,5,0
much_wild,5,5,0
yet_knowledgeable,5,5,0
only_empathetic,5,5,0
yet_attuned,5,5,0
inherently_rational,5,4,1
greatly_superior,5,5,0
physically_larger,5,5,0
terribly_unpredictable,5,5,0
as_happier,5,5,0
ever_worthy,5,5,0
completely_impenetrable,5,5,0
as_corporate,5,5,0
as_illuminating,5,5,0
really_sacred,5,3,2
completely_inclusive,5,5,0
properly_british,5,5,0
fairly_high,5,4,1
strictly_local,5,5,0
completely_ineffectual,5,5,0
always_fleeting,5,5,0
strictly_male,5,5,0
terribly_vocal,5,5,0
not_modern,5,4,1
much_vulnerable,5,5,0
not_naive,5,5,0
as_deceitful,5,4,1
remotely_satisfying,5,4,1
only_elitist,5,5,0
remotely_scared,5,5,0
much_warm,5,5,0
very_ridiculous,5,5,0
as_holistic,5,5,0
absolutely_transparent,5,5,0
as_decrepit,5,5,0
very_delightful,5,5,0
thoroughly_happy,5,5,0
absolutely_shocked,5,5,0
ever_violent,5,5,0
greatly_pleased,5,5,0
as_homely,5,4,1
as_dehydrated,5,5,0
completely_inflexible,5,4,1
much_usable,5,5,0
very_cynical,5,5,0
terribly_unpopular,5,5,0
practically_applicable,5,4,1
strictly_possible,5,5,0
strictly_physical,5,5,0
that_skeptical,5,5,0
completely_identifiable,5,5,0
inherently_tragic,5,5,0
strictly_platonic,5,5,0
really_therapeutic,5,5,0
thoroughly_detailed,5,5,0
simply_negative,5,5,0
inherently_troubling,5,2,3
very_revelatory,5,5,0
fairly_close,5,5,0
inherently_necessary,5,5,0
as_habitable,5,5,0
remotely_weird,5,3,2
practically_available,5,5,0
as_impotent,5,5,0
as_despondent,5,5,0
utterly_certain,5,5,0
completely_horrifying,5,5,0
only_elderly,5,5,0
much_ugly,5,5,0
not_offensive,5,5,0
always_thin,5,5,0
very_reusable,5,5,0
properly_admissible,5,5,0
not_young,5,5,0
terribly_young,5,5,0
graphically_rich,5,5,0
remotely_revolutionary,5,4,1
terribly_worrisome,5,2,3
completely_immortal,5,5,0
only_demoralizing,5,5,0
inherently_powerful,5,5,0
always_fragile,5,5,0
much_worthwhile,5,3,2
heavily_unionized,5,5,0
excessively_harsh,5,5,0
utterly_foreign,5,5,0
as_immobile,5,5,0
remotely_viable,5,5,0
better_equipped,5,4,1
inherently_sweet,5,5,0
very_okay,5,5,0
that_tacky,5,5,0
uniquely_dangerous,5,4,1
much_young,5,5,0
simply_open,5,5,0
always_french,5,5,0
inherently_partisan,5,4,1
simply_positive,5,5,0
not_mandatory,5,5,0
much_unhappy,5,5,0
always_unambiguous,5,5,0
strictly_legit,5,5,0
better_better,5,4,1
that_timely,5,5,0
as_disgusted,5,5,0
not_desirable,5,5,0
infinitely_more,5,5,0
n't_excellent,5,5,0
technically_acceptable,5,5,0
absolutely_useless,5,5,0
initially_honest,5,5,0
ever_small,5,5,0
that_truthful,5,5,0
as_avoidable,5,5,0
that_demonstrative,5,5,0
as_mannered,5,5,0
only_explicit,5,5,0
n't_fascinating,5,5,0
super_welcoming,5,5,0
remotely_libertarian,5,4,1
quite_depressed,5,5,0
super_wet,5,5,0
strictly_false,5,5,0
properly_open,5,5,0
completely_malicious,5,5,0
first_appealing,5,5,0
remotely_sorry,5,5,0
simply_identical,5,5,0
quite_definite,5,5,0
remotely_japanese,5,4,1
exactly_bored,5,5,0
as_asinine,5,5,0
much_soft,5,5,0
not_enjoyable,5,5,0
fairly_right,5,5,0
quite_desirable,5,5,0
completely_explicit,5,5,0
not_expedient,5,5,0
as_dizzy,5,5,0
only_exhaustive,5,5,0
very_opinionated,5,5,0
super_slick,5,5,0
geographically_possible,5,5,0
simply_inconvenient,5,5,0
not_exclusive,5,5,0
inherently_american,5,3,2
inherently_addictive,5,5,0
really_terrifying,5,4,1
financially_worse,5,5,0
as_bellicose,5,5,0
purely_expressive,5,5,0
not_exciting,5,5,0
only_expendable,5,5,0
infinitely_worse,5,5,0
blatantly_excessive,5,5,0
as_balmy,5,5,0
grossly_overpaid,5,5,0
practically_significant,5,5,0
simply_impossible,5,5,0
very_remorseful,5,5,0
really_traumatic,5,3,2
highly_aware,5,5,0
that_demanding,5,5,0
super_white,5,5,0
only_stimulating,5,5,0
strongly_partisan,5,5,0
as_moribund,5,5,0
n't_ideal,5,5,0
extremely_unfair,5,5,0
very_obscure,5,5,0
exactly_bustling,5,5,0
completely_dull,5,5,0
as_mixed,5,4,1
individually_strong,5,5,0
ridiculously_impressive,5,4,1
ridiculously_long,5,5,0
only_plush,5,5,0
technically_aware,5,5,0
uniquely_special,5,2,3
first_sure,5,5,0
technically_amazing,5,5,0
as_anti-american,5,5,0
as_mountainous,5,5,0
fairly_small,5,5,0
exactly_cathartic,5,5,0
first_willing,5,5,0
that_ruthless,5,5,0
simply_guilty,5,5,0
as_multicultural,5,5,0
only_fallible,5,5,0
technically_bad,5,5,0
potentially_serious,5,5,0
simply_grateful,5,5,0
exactly_bulletproof,5,5,0
initially_ready,5,5,0
exactly_budget-friendly,5,5,0
n't_huge,5,5,0
ridiculously_higher,5,5,0
strongly_predictive,5,5,0
biblically_illiterate,5,5,0
remotely_intimidating,5,4,1
exactly_brave,5,5,0
always_holy,5,5,0
completely_embarrassed,5,5,0
noticeably_wrong,5,0,5
n't_genuine,5,5,0
really_trendy,5,5,0
initially_painful,5,5,0
that_depressing,5,5,0
initially_pleased,5,5,0
as_arresting,5,5,0
fairly_similar,5,4,1
absolutely_solid,5,5,0
super_wild,5,4,1
as_militaristic,5,5,0
quite_decent,5,5,0
completely_effortless,5,5,0
ever_separate,5,5,0
structurally_capable,5,5,0
extremely_unhappy,5,5,0
yet_trustworthy,5,5,0
that_unattractive,5,5,0
only_strict,5,5,0
n't_deserving,5,5,0
completely_fanciful,5,5,0
blatantly_commercial,5,5,0
remotely_odd,5,1,4
physically_identical,5,5,0
quite_embarrassing,5,5,0
completely_frank,5,5,0
inherently_detrimental,5,5,0
n't_cheap,5,5,0
quite_descriptive,5,5,0
only_subordinate,5,5,0
purely_ceremonial,5,5,0
as_calming,5,5,0
as_germane,5,5,0
as_larger,5,5,0
ever_strong,5,5,0
as_legal,5,5,0
strictly_heterosexual,5,5,0
quite_exclusive,5,5,0
n't_compatible,5,5,0
glaringly_different,5,5,0
purely_concerned,5,5,0
remotely_uncommon,5,5,0
completely_focused,5,5,0
as_bustling,5,5,0
really_thankful,5,5,0
that_selective,5,5,0
that_secretive,5,5,0
super_violent,5,5,0
simply_racist,5,5,0
physically_related,5,5,0
that_customizable,5,5,0
not_forthcoming,5,5,0
super_speedy,5,5,0
strictly_useful,5,5,0
much_pleasant,5,5,0
only_eclectic,5,5,0
inherently_dishonest,5,2,3
only_passable,5,5,0
far_preferable,5,5,0
notably_sympathetic,5,5,0
as_irresistible,5,3,2
only_eccentric,5,5,0
only_such,5,5,0
as_irreversible,5,5,0
best_accessible,5,5,0
exactly_ambiguous,5,5,0
purely_artistic,5,5,0
completely_legit,5,5,0
completely_frustrated,5,5,0
as_characteristic,5,5,0
about_faster,5,4,1
heavily_pregnant,5,5,0
not_fresh,5,5,0
as_jewish,5,5,0
excessively_old,5,5,0
only_pitiful,5,5,0
only_cyclical,5,5,0
excessively_overweight,5,5,0
fairly_proper,5,5,0
super_vocal,5,5,0
as_listenable,5,5,0
remotely_typical,5,2,3
as_booming,5,5,0
about_happy,5,5,0
only_dire,5,5,0
not_fantastic,5,5,0
very_operational,5,5,0
exactly_atypical,5,5,0
financially_tenable,5,5,0
that_tremendous,5,5,0
n't_dangerous,5,5,0
quite_overt,5,5,0
quite_due,5,4,1
professionally_exceptional,5,5,0
properly_human,5,5,0
grossly_obese,5,5,0
as_blank,5,5,0
n't_dark,5,5,0
exceptionally_heavy,5,5,0
exactly_automatic,5,5,0
inherently_benign,5,3,2
physically_secure,5,5,0
only_culpable,5,5,0
this_easy,5,5,0
extremely_weak,5,5,0
financially_vulnerable,5,5,0
as_distinguishable,5,5,0
much_strict,5,5,0
inherently_christian,5,3,2
that_seamless,5,5,0
strictly_functional,5,4,1
terribly_suspenseful,5,5,0
noticeably_faster,5,5,0
highly_allergic,5,5,0
n't_confident,5,5,0
not_fast,5,4,1
only_dignified,5,5,0
super_snug,5,5,0
remotely_negative,5,2,3
incredibly_fancy,5,3,2
highly_appealing,5,5,0
n't_conservative,5,5,0
only_diligent,5,5,0
inherently_competitive,5,5,0
exactly_astounding,5,5,0
that_sudden,5,5,0
far_less,5,4,1
very_rocky,5,5,0
as_less,5,5,0
very_cruel,5,5,0
initially_eager,5,5,0
initially_eligible,5,5,0
quite_exotic,5,4,1
that_transparent,5,5,0
strikingly_handsome,5,5,0
purely_digital,5,5,0
completely_firm,5,5,0
only_official,5,5,0
primarily_psychological,5,5,0
hugely_talented,5,5,0
always_sex,5,5,0
severely_autistic,5,5,0
very_pregnant,5,5,0
hugely_worried,5,5,0
quite_careful,5,5,0
explicitly_critical,5,5,0
usually_heavy,5,5,0
fully_male,5,5,0
exactly_pessimistic,5,5,0
always_overwhelming,5,5,0
always_pain-free,5,5,0
super_green,5,5,0
exactly_physical,5,5,0
yet_recognizable,5,5,0
quite_heroic,5,4,1
extremely_abundant,5,5,0
yet_digital,5,5,0
only_other,5,5,0
necessarily_harmonious,5,5,0
that_horrifying,5,5,0
necessarily_healthful,5,5,0
actively_destructive,5,5,0
actively_dangerous,5,5,0
positively_certain,5,5,0
academically_good,5,5,0
fully_mindful,5,5,0
always_passable,5,5,0
as_unseemly,5,4,1
that_humid,5,5,0
necessarily_heavier,5,5,0
necessarily_tantamount,5,5,0
sufficiently_satisfying,5,5,0
necessarily_heterosexual,5,5,0
pretty_heavy,5,5,0
fully_justified,5,5,0
terribly_famous,5,5,0
generally_accurate,5,5,0
verbally_expressive,5,5,0
always_upright,5,4,1
necessarily_forthcoming,5,5,0
extremely_angry,5,5,0
recognizably_different,5,5,0
exactly_over,5,4,1
severely_disappointed,5,5,0
severely_disabled,5,5,0
extremely_amazing,5,5,0
necessarily_fragile,5,5,0
fully_legit,5,5,0
only_astounding,5,5,0
any_drier,5,5,0
sufficiently_responsible,5,5,0
exactly_overworked,5,5,0
quite_irrational,5,4,1
terribly_extreme,5,4,1
hitherto_available,5,5,0
exactly_palatable,5,4,1
academically_excellent,5,5,0
as_unmanageable,5,5,0
humanly_impossible,5,5,0
as_unnecessary,5,4,1
often_compatible,5,5,0
sufficiently_ripe,5,5,0
very_classic,5,5,0
necessarily_fundamentalist,5,5,0
unusually_cold,5,5,0
sufficiently_solid,5,5,0
only_auspicious,5,5,0
always_vegetarian,5,5,0
very_absurd,5,5,0
very_listenable,5,5,0
necessarily_immortal,5,5,0
sufficiently_submissive,5,5,0
fully_perfect,5,5,0
sufficiently_subservient,5,5,0
hopelessly_bad,5,5,0
absolutely_consistent,5,5,0
necessarily_incapable,5,4,1
sufficiently_sure,5,5,0
only_masterful,5,5,0
hugely_memorable,5,4,1
always_playful,5,5,0
very_loveable,5,5,0
necessarily_infallible,5,5,0
super_full,5,5,0
seemingly_related,5,5,0
fully_portable,5,5,0
fully_positive,5,5,0
necessarily_spooky,5,4,1
only_repressive,5,5,0
necessarily_insane,5,5,0
exactly_prompt,5,5,0
necessarily_insecure,5,5,0
always_savvy,5,5,0
necessarily_inspiring,5,5,0
as_watchful,5,5,0
exactly_proportional,5,5,0
necessarily_instantaneous,5,5,0
that_inclined,5,5,0
always_scared,5,5,0
yet_pervasive,5,5,0
only_lucid,5,5,0
extraordinarily_useful,5,5,0
necessarily_historical,5,5,0
super_graphic,5,5,0
seriously_threatening,5,4,1
often_fair,5,5,0
extraordinarily_wealthy,5,5,0
politically_free,5,5,0
super_glossy,5,5,0
necessarily_horrific,5,5,0
exactly_powerless,5,5,0
quite_holy,5,4,1
often_forthcoming,5,5,0
only_restrictive,5,5,0
necessarily_stylish,5,5,0
quite_intelligible,5,5,0
hugely_practical,5,4,1
presently_interested,5,5,0
that_idealistic,5,5,0
necessarily_humble,5,4,1
as_unwelcome,5,5,0
automatically_visible,5,5,0
terribly_exceptional,5,4,1
very_3d,5,5,0
exactly_predisposed,5,5,0
necessarily_stressful,5,5,0
reasonably_satisfied,5,5,0
really_unemployed,5,5,0
only_restless,5,5,0
as_used,5,5,0
extraordinarily_successful,5,5,0
annoyingly_loud,5,5,0
sufficiently_rapid,5,5,0
exactly_ours,5,5,0
hugely_informative,5,5,0
clearly_positive,5,5,0
sufficiently_obedient,5,5,0
technologically_ready,5,5,0
clearly_readable,5,5,0
historically_incorrect,5,5,0
awfully_expensive,5,5,0
very_comedic,5,4,1
very_joyous,5,5,0
very_collectible,5,5,0
immediately_charming,5,5,0
only_saddened,5,5,0
quite_gorgeous,5,5,0
necessarily_dysfunctional,5,5,0
exactly_native,5,5,0
quite_gothic,5,5,0
generally_consistent,5,5,0
necessarily_dogmatic,5,5,0
politically_contentious,5,5,0
sexually_abusive,5,5,0
quite_grand,5,4,1
immediately_attainable,5,5,0
always_nuanced,5,5,0
officially_certain,5,5,0
necessarily_unacceptable,5,5,0
necessarily_educational,5,5,0
exactly_unified,5,5,0
any_quieter,5,5,0
officially_eligible,5,5,0
quite_gray,5,5,0
necessarily_ubiquitous,5,5,0
necessarily_effortless,5,5,0
any_sexier,5,5,0
officially_accountable,5,5,0
always_shiny,5,5,0
terribly_fruitful,5,5,0
exactly_minimal,5,5,0
really_sentimental,5,5,0
necessarily_detectable,5,5,0
necessarily_devastating,5,5,0
generally_dependent,5,5,0
sufficiently_naive,5,5,0
only_sanitary,5,5,0
only_bland,5,5,0
necessarily_unfamiliar,5,5,0
always_showy,5,4,1
terribly_frustrating,5,5,0
super_knowledgable,5,5,0
very_irritating,5,5,0
necessarily_disappointing,5,5,0
generally_deductible,5,5,0
any_sicker,5,5,0
technologically_minded,5,5,0
exactly_monumental,5,5,0
only_bisexual,5,5,0
only_bipartisan,5,5,0
any_wetter,5,5,0
sexually_arousing,5,4,1
as_tribal,5,5,0
yet_revolutionary,5,5,0
terribly_frightened,5,5,0
super_juicy,5,5,0
necessarily_diverse,5,5,0
relatively_better,5,5,0
as_unacceptable,5,5,0
clearly_relevant,5,4,1
necessarily_eloquent,5,5,0
clearly_necessary,5,5,0
only_australian,5,5,0
necessarily_fascinating,5,5,0
severely_overweight,5,5,0
as_uneventful,5,5,0
exactly_obsolete,5,5,0
always_offensive,5,5,0
officially_single,5,5,0
extremely_bearish,5,5,0
only_awe,5,5,0
quite_academic,5,5,0
as_unfavorable,5,5,0
quite_italian,5,5,0
ideologically_close,5,5,0
necessarily_far-fetched,5,5,0
as_unfettered,5,5,0
fully_intelligible,5,5,0
necessarily_thin,5,5,0
awfully_close,5,5,0
sufficiently_professional,5,5,0
that_heartbroken,5,5,0
verbally_aggressive,5,5,0
often_absent,5,5,0
extremely_attentive,5,5,0
only_authoritative,5,5,0
necessarily_fearful,5,5,0
often_achievable,5,5,0
necessarily_fewer,5,5,0
politically_driven,5,5,0
exactly_optional,5,5,0
as_unforgivable,5,5,0
necessarily_fluent,5,5,0
really_spontaneous,5,4,1
really_spooky,5,4,1
necessarily_excessive,5,5,0
necessarily_emblematic,5,5,0
only_beatable,5,5,0
then_clear,5,5,0
necessarily_emotional,5,5,0
as_uncool,5,5,0
generally_compatible,5,5,0
positively_related,5,5,0
pretty_incredible,5,5,0
officially_gay,5,5,0
any_newer,5,5,0
necessarily_tragic,5,5,0
generally_comfortable,5,5,0
unreasonably_large,5,5,0
very_cognizant,5,5,0
generally_clear,5,5,0
quite_gruesome,5,5,0
necessarily_eternal,5,5,0
officially_organic,5,5,0
ideologically_predictable,5,5,0
unreasonably_long,5,5,0
officially_green,5,5,0
only_bare,5,5,0
generally_cheaper,5,5,0
pretty_impressed,5,5,0
necessarily_torture,5,5,0
generally_capable,5,5,0
necessarily_tight,5,5,0
officially_jewish,5,5,0
only_outlandish,5,5,0
absolutely_breathtaking,5,5,0
as_undervalued,5,5,0
historically_successful,5,4,1
necessarily_socialist,5,4,1
as_wavy,5,5,0
normally_high,5,5,0
politically_stupid,5,5,0
always_purple,5,5,0
only_ongoing,5,5,0
often_ready,5,5,0
only_nocturnal,5,5,0
super_beautiful,5,5,0
politically_perilous,5,5,0
super_bold,5,4,1
automatically_able,5,5,0
necessarily_outlandish,5,5,0
fully_vegetarian,5,5,0
fully_viewable,5,5,0
amazingly_fast,5,5,0
explicitly_queer,5,4,1
seriously_competitive,5,5,0
yet_probable,5,4,1
reasonably_clear,5,5,0
explicitly_racial,5,5,0
often_responsible,5,5,0
really_vacant,5,5,0
politically_profitable,5,5,0
usually_cheaper,5,5,0
fully_whole,5,5,0
necessarily_risk-free,5,5,0
fully_worthy,5,4,1
necessarily_persuasive,5,5,0
politically_pure,5,5,0
politically_radioactive,5,5,0
automatically_applicable,5,5,0
often_serious,5,5,0
automatically_beneficial,5,5,0
terribly_christian,5,5,0
seriously_dangerous,5,4,1
then_perfect,5,1,4
however_great,5,1,4
usually_attainable,5,5,0
necessarily_off-putting,5,5,0
pretty_darn,5,5,0
fully_tender,5,5,0
always_prosperous,5,5,0
exactly_scenic,5,5,0
terribly_discreet,5,5,0
only_open-minded,5,5,0
politically_oriented,5,4,1
only_quality,5,5,0
that_isolated,5,5,0
authentically_catholic,5,5,0
often_predictable,5,5,0
horribly_concerned,5,5,0
necessarily_ominous,5,5,0
exactly_suicidal,5,5,0
brutally_obvious,5,5,0
explicitly_partisan,5,5,0
very_biased,5,5,0
super_disappointed,5,5,0
really_unified,5,5,0
really_uniform,5,4,1
really_unlocked,5,5,0
really_unnecessary,5,5,0
necessarily_riveting,5,5,0
authentically_mexican,5,5,0
super_aware,5,5,0
really_unreasonable,5,4,1
that_laughable,5,5,0
fully_uniform,5,5,0
necessarily_right-wing,5,5,0
absolutely_fascinating,5,5,0
very_bizarre,5,5,0
that_materialistic,5,5,0
only_observable,5,5,0
exactly_sore,5,5,0
necessarily_preventable,5,5,0
categorically_false,5,5,0
categorically_exempt,5,5,0
really_wholesome,5,5,0
quite_imminent,5,5,0
that_marvelous,5,5,0
brutally_violent,5,4,1
categorically_better,5,5,0
really_wicked,5,4,1
only_odious,5,5,0
absolutely_great,5,4,1
only_off-putting,5,5,0
necessarily_prominent,5,5,0
horribly_long,5,5,0
explicitly_socialist,5,5,0
self_righteous,5,5,0
really_wonderful,5,5,0
terribly_complimentary,5,4,1
exactly_steep,5,5,0
pretty_basic,5,5,0
terribly_conclusive,5,5,0
automatically_healthy,5,4,1
casually_interested,5,5,0
necessarily_quicker,5,4,1
horribly_obnoxious,5,5,0
quite_awkward,5,5,0
really_worthless,5,5,0
always_relative,5,5,0
automatically_easy,5,5,0
that_malleable,5,5,0
that_lousy,5,5,0
horribly_ill,5,5,0
very_attuned,5,5,0
super_cheesy,5,5,0
very_ambiguous,5,4,1
once_afraid,5,5,0
pretty_busy,5,5,0
exactly_suave,5,5,0
always_respected,5,5,0
necessarily_plentiful,5,5,0
really_virtual,5,5,0
often_straightforward,5,5,0
necessarily_poorer,5,5,0
yet_exempt,5,5,0
horribly_upset,5,5,0
always_rapid,5,5,0
usually_competitive,5,5,0
very_muslim,5,5,0
only_recent,5,5,0
very_multicultural,5,5,0
yet_experienced,5,5,0
necessarily_respectful,5,5,0
always_readable,5,5,0
exactly_stringent,5,5,0
pretty_awful,5,5,0
necessarily_predisposed,5,5,0
only_nude,5,5,0
quite_bare,5,5,0
then_open,5,5,0
usually_consistent,5,5,0
always_wide,5,5,0
horribly_surprised,5,5,0
exactly_savory,5,5,0
very_minimalist,5,5,0
only_merciful,5,5,0
absolutely_decisive,5,5,0
only_punctual,5,5,0
exactly_recent,5,5,0
fully_refundable,5,5,0
absolutely_dead,5,5,0
sufficiently_unique,5,5,0
exactly_recognizable,5,5,0
then_fine,5,5,0
exactly_rectangular,5,5,0
only_monumental,5,5,0
terribly_edifying,5,5,0
that_newsworthy,5,5,0
hopelessly_stupid,5,5,0
exactly_terrific,5,5,0
quite_akin,5,4,1
fully_reusable,5,5,0
quite_airtight,5,5,0
only_alarmist,5,5,0
absolutely_definite,5,5,0
fully_robust,5,5,0
always_rough,5,5,0
fully_round,5,5,0
only_agnostic,5,5,0
only_motivated,5,5,0
necessarily_magical,5,4,1
yet_pleased,5,5,0
up_higher,5,5,0
that_ingenious,5,5,0
absolutely_dependent,5,5,0
sufficiently_valuable,5,4,1
yet_flawless,5,5,0
pretty_famous,5,5,0
exactly_reasonable,5,5,0
necessarily_many,5,5,0
terribly_elaborate,5,4,1
actively_annoying,5,5,0
as_weightless,5,5,0
necessarily_interactive,5,5,0
only_mindful,5,5,0
necessarily_invasive,5,5,0
chiefly_responsible,5,5,0
fundamentally_true,5,5,0
as_winded,5,5,0
reasonably_priced,5,5,0
always_verifiable,5,5,0
automatically_stronger,5,5,0
often_ineffective,5,5,0
hugely_fun,5,5,0
only_alternative,5,5,0
fully_random,5,4,1
politically_invincible,5,5,0
quite_innovative,5,5,0
quite_agreeable,5,5,0
as_workable,5,5,0
fundamentally_strong,5,5,0
only_moderate,5,5,0
hugely_fat,5,5,0
as_xenophobic,5,5,0
chemically_similar,5,5,0
chemically_sensitive,5,5,0
necessarily_lasting,5,5,0
necessarily_laudable,5,4,1
exactly_threatening,5,5,0
explicitly_interested,5,5,0
exactly_thorough,5,5,0
hugely_confident,5,5,0
necessarily_materialistic,5,5,0
terribly_catchy,5,5,0
then_responsible,5,5,0
only_affective,5,5,0
only_multiple,5,5,0
however_true,5,5,0
extraordinarily_beautiful,5,5,0
only_aerodynamic,5,5,0
however_suitable,5,5,0
yet_pure,5,5,0
however_small,5,1,4
only_muscular,5,5,0
exactly_rural,5,5,0
very_mighty,5,4,1
exactly_swift,5,5,0
absolutely_dominant,5,5,0
necessarily_seasonal,5,5,0
brutally_difficult,5,5,0
usually_essential,5,5,0
politically_necessary,5,5,0
necessarily_seamless,5,5,0
brutally_frank,5,5,0
quite_indifferent,5,5,0
fully_suitable,5,5,0
necessarily_satisfactory,5,5,0
usually_amenable,5,5,0
necessarily_nuclear,5,5,0
yet_political,5,5,0
reasonably_competent,5,5,0
extra_rewarding,5,0,5
absolutely_dreadful,5,5,0
necessarily_same,5,5,0
quite_anxious,5,5,0
sufficiently_zealous,5,5,0
exactly_tactful,5,5,0
only_opposite,5,5,0
usually_accurate,5,5,0
then_strange,5,5,0
always_riveting,5,5,0
extraordinarily_dangerous,5,5,0
very_candid,5,5,0
terribly_better,5,5,0
super_exact,5,4,1
necessarily_miraculous,5,5,0
very_calming,5,5,0
exactly_retro,5,5,0
that_insecure,5,5,0
fully_scientific,5,5,0
always_visual,5,5,0
necessarily_most,5,5,0
extraordinarily_complex,5,5,0
quite_indispensable,5,5,0
sufficiently_worried,5,5,0
sufficiently_wide,5,5,0
exactly_risk-free,5,5,0
very_buoyant,5,5,0
automatically_racist,5,5,0
that_natural,5,5,0
politically_monolithic,5,5,0
necessarily_sex,5,5,0
fully_separate,5,5,0
fully_serious,5,5,0
hugely_ambitious,5,5,0
exactly_roomy,5,5,0
very_bubbly,5,5,0
yet_elite,5,5,0
absolutely_disgusting,5,5,0
sufficiently_moral,5,5,0
unrealistically_low,5,5,0
exactly_mild,5,5,0
only_impatient,5,5,0
fully_alone,5,5,0
significantly_happier,5,5,0
as_senseless,5,5,0
previously_sure,5,5,0
sufficiently_compatible,5,5,0
plain_terrible,5,5,0
actually_attractive,5,5,0
obviously_consistent,5,5,0
always_lazy,5,5,0
yet_holy,5,5,0
nearly_impressive,5,5,0
terribly_inclusive,5,5,0
nearly_intelligent,5,5,0
sufficiently_complex,5,5,0
commonly_fatal,5,5,0
significantly_harder,5,5,0
nearly_intense,5,5,0
significantly_distinct,5,4,1
actually_asian,5,5,0
only_capricious,5,5,0
only_impeccable,5,5,0
never_more,5,5,0
nearly_liberal,5,5,0
nearly_low,5,5,0
significantly_closer,5,5,0
only_impersonal,5,5,0
exceedingly_careful,5,5,0
nearly_new,5,5,0
significantly_active,5,5,0
sickly_thin,5,5,0
never_perfect,5,5,0
generally_smart,5,5,0
exclusively_japanese,5,5,0
sufficiently_cautious,5,5,0
fully_absent,5,5,0
only_chaotic,5,5,0
primarily_black,5,5,0
apparently_clear,5,5,0
increasingly_popular,5,5,0
as_sectarian,5,5,0
obviously_beneficial,5,5,0
nearly_famous,5,5,0
universally_rosy,5,5,0
always_key,5,5,0
scientifically_incorrect,5,5,0
as_sedate,5,5,0
very_racy,5,5,0
always_special,5,5,0
exactly_gay,5,5,0
only_cautious,5,5,0
nearly_forceful,5,5,0
exceedingly_dangerous,5,5,0
obviously_cheap,5,5,0
as_segregated,5,5,0
never_true,5,5,0
sufficiently_clean,5,5,0
very_gray,5,4,1
never_sure,5,5,0
previously_viable,5,5,0
significantly_heavier,5,5,0
actually_authentic,5,5,0
fully_adjustable,5,5,0
very_greatest,5,5,0
nearly_hard,5,5,0
sufficiently_cool,5,5,0
very_hasty,5,5,0
yet_stiff,5,5,0
extremely_gratifying,5,5,0
obviously_helpful,5,5,0
exactly_hilarious,5,5,0
exclusively_muslim,5,5,0
nearly_silent,5,5,0
predominantly_political,5,5,0
nearly_small,5,5,0
impossibly_large,5,5,0
very_hesitant,5,5,0
anyway_responsible,5,5,0
sufficiently_dramatic,5,5,0
sufficiently_dry,5,5,0
commercially_interesting,5,5,0
nearly_spicy,5,5,0
quite_forthcoming,5,5,0
scientifically_useful,5,5,0
obviously_great,5,5,0
nearly_substantial,5,5,0
potentially_catastrophic,5,5,0
never_acceptable,5,5,0
anyway_ready,5,5,0
highly_suggestive,5,5,0
that_fit,5,5,0
exactly_humane,5,5,0
implicitly_wrong,5,0,5
very_high-quality,5,5,0
nearly_unanimous,5,4,1
nearly_universal,5,4,1
quite_comfy,5,5,0
sufficiently_enough,5,5,0
yet_smooth,5,5,0
generally_receptive,5,5,0
only_overkill,5,5,0
that_priceless,5,5,0
extremely_hazardous,5,5,0
actually_appropriate,5,5,0
always_liquid,5,5,0
always_little,5,5,0
commercially_unreasonable,5,5,0
commercially_sustainable,5,5,0
nearly_quick,5,5,0
sufficiently_decisive,5,5,0
yet_hip,5,5,0
commercially_significant,5,5,0
that_fertile,5,5,0
nearly_rich,5,5,0
only_impolite,5,5,0
highly_social,5,5,0
nearly_rigorous,5,5,0
as_shortsighted,5,5,0
generally_regarded,5,5,0
sufficiently_dense,5,5,0
exactly_heavenly,5,5,0
that_preposterous,5,5,0
obviously_effective,5,5,0
extremely_harsh,5,5,0
only_impotent,5,5,0
very_healthful,5,5,0
actually_appealing,5,5,0
commercially_popular,5,5,0
terribly_inaccurate,5,5,0
fully_armed,5,5,0
nearly_sensitive,5,5,0
purely_traditional,5,5,0
purely_transactional,5,5,0
super_physical,5,5,0
exclusively_homosexual,5,5,0
really_unconscious,5,5,0
naturally_similar,5,5,0
exactly_exclusive,5,5,0
exclusively_european,5,5,0
actually_brave,5,5,0
terribly_messy,5,5,0
therefore_fast,5,5,0
naturally_quick,5,5,0
incredibly_damaging,5,4,1
only_horny,5,5,0
completely_agreeable,5,5,0
quite_flashy,5,5,0
as_reminiscent,5,5,0
that_excessive,5,5,0
universally_great,5,5,0
usually_realistic,5,5,0
both_able,5,5,0
super_precious,5,5,0
exactly_extraordinary,5,5,0
incredibly_crucial,5,5,0
naturally_smart,5,5,0
about_quick,5,5,0
incredibly_creative,5,5,0
extremely_memorable,5,4,1
remotely_alone,5,5,0
terribly_liquid,5,5,0
naturally_suspicious,5,5,0
remotely_alike,5,5,0
always_involved,5,5,0
extremely_lucky,5,5,0
only_slight,5,5,0
really_sleepy,5,5,0
extremely_narrow,5,5,0
simply_abundant,5,5,0
sufficiently_acidic,5,5,0
purely_professional,5,5,0
yet_sweet,5,5,0
as_rad,5,5,0
romantically_compatible,5,5,0
highly_perishable,5,5,0
naturally_intuitive,5,5,0
extremely_nutritious,5,5,0
appreciably_faster,5,5,0
objectively_terrible,5,4,1
only_hip,5,5,0
completely_antithetical,5,5,0
exactly_enviable,5,5,0
simply_altruistic,5,5,0
romantically_inclined,5,5,0
normally_free,5,5,0
super_predictable,5,5,0
only_homosexual,5,5,0
extremely_nice,5,5,0
technically_organic,5,5,0
universally_favorable,5,5,0
quite_obese,5,5,0
actually_brown,5,5,0
generally_wise,5,5,0
naturally_mindful,5,5,0
purely_promotional,5,5,0
incredibly_dull,5,5,0
highly_potent,5,5,0
only_praiseworthy,5,5,0
round_enough,5,5,0
simply_afraid,5,5,0
suddenly_single,5,5,0
plain_cool,5,5,0
absurdly_large,5,5,0
sufficiently_bad,5,4,1
that_faithful,5,5,0
scientifically_appropriate,5,5,0
terribly_intense,5,5,0
only_cheerful,5,5,0
incredibly_awesome,5,5,0
very_global,5,5,0
frustratingly_hard,5,5,0
universally_negative,5,5,0
yet_commensurate,5,5,0
terribly_intellectual,5,5,0
universally_obvious,5,5,0
scientifically_conclusive,5,5,0
sufficiently_appealing,5,5,0
exactly_forgiving,5,5,0
remarkably_original,5,5,0
exactly_formal,5,5,0
apparently_illegal,5,2,3
exactly_formidable,5,5,0
exactly_forthright,5,5,0
incredibly_ambitious,5,5,0
incredibly_affordable,5,5,0
yet_okay,5,5,0
scientifically_feasible,5,5,0
super_pink,5,5,0
nearly_detailed,5,5,0
very_conciliatory,5,5,0
significantly_present,5,5,0
scientifically_inaccurate,5,5,0
quite_mutual,5,5,0
scientifically_inclined,5,5,0
only_imaginative,5,5,0
exactly_flexible,5,5,0
obviously_accessible,5,5,0
sufficiently_acute,5,5,0
both_available,5,5,0
remotely_accessible,5,5,0
very_participatory,5,5,0
vaguely_close,5,5,0
that_progressive,5,5,0
as_rhythmic,5,5,0
only_skinny,5,5,0
exactly_feminine,5,5,0
potentially_good,5,5,0
yet_substantial,5,5,0
only_hysterical,5,5,0
really_subjective,5,5,0
remarkably_strong,5,5,0
extremely_lengthy,5,5,0
terribly_involved,5,5,0
incredibly_clean,5,5,0
nearly_broad,5,5,0
obscenely_wealthy,5,5,0
extremely_knowledgable,5,5,0
only_predictive,5,5,0
extremely_kind,5,5,0
universally_irrational,5,5,0
extremely_keen,5,5,0
no_closer,5,5,0
absolutely_obvious,5,5,0
exclusively_good,5,5,0
very_geeky,5,5,0
nearly_bright,5,5,0
as_saccharine,5,5,0
purely_romantic,5,5,0
that_extroverted,5,5,0
sufficiently_entertaining,5,5,0
sufficiently_equipped,5,5,0
impeccably_clean,5,4,1
quite_funky,5,5,0
necessarily_usable,5,5,0
only_intrigued,5,5,0
immediately_obtainable,5,5,0
necessarily_uplifting,5,5,0
always_messy,5,5,0
only_inventive,5,5,0
only_invigorating,5,5,0
super_modern,5,5,0
obviously_unusual,5,0,5
only_sectarian,5,5,0
fully_distinct,5,5,0
only_secretive,5,5,0
pretty_similar,5,5,0
obviously_valuable,5,4,1
only_secret,5,5,0
very_individual,5,5,0
possibly_illegal,5,5,0
pretty_short,5,5,0
only_overcrowded,5,5,0
only_searchable,5,5,0
clinically_psychotic,5,5,0
necessarily_confrontational,5,5,0
quickly_accessible,5,5,0
obviously_weird,5,5,0
vastly_cheaper,5,5,0
as_swell,5,5,0
relatively_strong,5,5,0
relatively_straightforward,5,5,0
relatively_simple,5,5,0
exactly_urban,5,5,0
necessarily_user-friendly,5,5,0
generally_hard,5,5,0
only_primary,5,5,0
immediately_privy,5,5,0
only_inseparable,5,5,0
only_self-indulgent,5,5,0
only_insignificant,5,5,0
very_improbable,5,5,0
politically_achievable,5,5,0
yet_senior,5,5,0
qualitatively_better,5,5,0
only_institutional,5,5,0
sufficiently_innovative,5,5,0
quite_civilized,5,5,0
very_impulsive,5,5,0
cognitively_capable,5,5,0
necessarily_chinese,5,5,0
pretty_stupid,5,5,0
generally_illegal,5,5,0
politically_aggressive,5,5,0
always_medical,5,5,0
obviously_sweet,5,4,1
pretty_strong,5,5,0
exactly_lawful,5,5,0
necessarily_classic,5,5,0
immediately_pertinent,5,5,0
necessarily_closer,5,5,0
relatively_young,5,5,0
super_mushy,5,5,0
pretty_steep,5,5,0
terribly_heroic,5,5,0
necessarily_vain,5,5,0
necessarily_commendable,5,4,1
actively_unpleasant,5,5,0
really_stellar,5,2,3
fully_electric,5,5,0
both_lucky,5,5,0
immediately_foreseeable,5,5,0
immediately_hostile,5,5,0
necessarily_defective,5,5,0
quite_likable,5,4,1
extremely_crucial,5,5,0
extremely_critical,5,5,0
yet_gray,5,5,0
necessarily_deficient,5,4,1
very_commendable,5,5,0
super_loose,5,5,0
relatively_large,5,5,0
exactly_mature,5,4,1
very_commanding,5,4,1
immediately_good,5,5,0
immediately_friendly,5,5,0
excessively_bulky,5,5,0
extremely_curious,5,5,0
quickly_outdated,5,5,0
exactly_mellow,5,4,1
necessarily_unfriendly,5,5,0
only_lasting,5,5,0
awfully_high,5,5,0
terribly_generous,5,5,0
pretty_pricey,5,5,0
relatively_common,5,5,0
clearly_true,5,5,0
immediately_essential,5,5,0
technologically_innovative,5,5,0
super_lengthy,5,5,0
pretty_popular,5,5,0
immediately_enjoyable,5,5,0
extremely_cruel,5,5,0
exactly_mandatory,5,5,0
only_overblown,5,5,0
relatively_rare,5,5,0
anymore_happy,5,5,0
exactly_loving,5,5,0
fully_enlightened,5,5,0
sexually_graphic,5,5,0
sexually_frustrated,5,5,0
exactly_low-key,5,5,0
exactly_lucid,5,5,0
anymore_grateful,5,5,0
terribly_grateful,5,5,0
very_instant,5,5,0
immediately_infectious,5,5,0
only_primitive,5,5,0
extremely_demanding,5,5,0
exclusively_western,5,5,0
necessarily_cute,5,5,0
generally_evident,5,5,0
only_jobless,5,5,0
as_temperate,5,5,0
sufficiently_likely,5,5,0
only_justified,5,5,0
excruciatingly_bad,5,5,0
fully_evil,5,5,0
necessarily_unjustified,5,5,0
technologically_illiterate,5,5,0
only_kid-friendly,5,5,0
extremely_dark,5,5,0
anymore_difficult,5,5,0
always_native,5,5,0
as_testy,5,5,0
very_pro-active,5,5,0
relentlessly_grim,5,5,0
actually_acceptable,5,5,0
immediately_recoverable,5,5,0
yet_outstanding,5,5,0
reliably_liberal,5,5,0
exactly_inclined,5,5,0
sexually_violent,5,5,0
technically_unemployed,5,5,0
needlessly_complex,5,5,0
only_bullish,5,5,0
that_focused,5,5,0
possibly_worse,5,5,0
only_bulky,5,5,0
as_sombre,5,5,0
extremely_flavorful,5,5,0
quite_medium,5,5,0
highly_trained,5,5,0
exactly_inconvenient,5,5,0
exactly_incredible,5,5,0
necessarily_alien,5,5,0
highly_transparent,5,5,0
only_buddhist,5,5,0
previously_exempt,5,5,0
unnecessarily_difficult,5,5,0
sufficiently_general,5,5,0
exactly_indifferent,5,5,0
sufficiently_granular,5,5,0
reliably_good,5,5,0
exactly_weird,5,5,0
necessarily_worthless,5,5,0
necessarily_arbitrary,5,5,0
only_inept,5,5,0
obviously_possible,5,5,0
exactly_informative,5,5,0
exactly_inappropriate,5,5,0
fully_chinese,5,5,0
actually_accountable,5,5,0
super_oily,5,5,0
generally_problematic,5,5,0
necessarily_absent,5,5,0
scientifically_wrong,5,2,3
obviously_important,5,5,0
sufficiently_faithful,5,5,0
quite_mexican,5,5,0
very_homely,5,5,0
only_inconclusive,5,5,0
only_incredulous,5,5,0
obviously_impossible,5,3,2
only_incumbent,5,5,0
only_indecent,5,5,0
searingly_hot,5,5,0
purely_visual,5,5,0
purely_voluntary,5,5,0
necessarily_alcoholic,5,5,0
exactly_immobile,5,5,0
obviously_inappropriate,5,3,2
immensely_successful,5,4,1
extremely_fresh,5,5,0
exclusively_online,5,5,0
immensely_rich,5,5,0
vaguely_possible,5,5,0
terribly_ideological,5,5,0
immensely_proud,5,5,0
generally_pleasant,5,5,0
technically_sure,5,5,0
exclusively_political,5,5,0
yet_outdated,5,5,0
extremely_fragile,5,5,0
exclusively_reliant,5,5,0
immediately_viewable,5,5,0
obviously_profitable,5,5,0
there_best,5,5,0
highly_versatile,5,5,0
as_stately,5,5,0
only_inflexible,5,5,0
immediately_suitable,5,5,0
that_frightened,5,5,0
cognitively_ready,5,5,0
exactly_invincible,5,4,1
extremely_exciting,5,5,0
necessarily_buddhist,5,5,0
vaguely_similar,5,4,1
necessarily_callous,5,5,0
extremely_excellent,5,5,0
obviously_right,5,5,0
pretty_weak,5,5,0
cognitively_mature,5,5,0
unnecessarily_graphic,5,5,0
quite_classical,5,5,0
necessarily_warmer,5,5,0
immediately_satisfied,5,5,0
secretly_happy,5,5,0
extremely_enjoyable,5,5,0
always_skillful,5,5,0
technically_waterproof,5,5,0
extremely_energetic,5,5,0
quite_classic,5,5,0
exactly_jaw-dropping,5,5,0
extremely_embarrassing,5,4,1
always_skilled,5,5,0
only_innocuous,5,5,0
relentlessly_negative,5,5,0
super_noisy,5,5,0
always_unreasonable,5,5,0
necessarily_bleak,5,5,0
reliably_consistent,5,5,0
necessarily_wonderful,5,5,0
collectively_guilty,5,5,0
necessarily_witty,5,5,0
collectively_exhaustive,5,5,0
sexually_satisfying,5,5,0
unnecessarily_intrusive,5,5,0
about_worth,5,5,0
only_several,5,5,0
extremely_fashionable,5,5,0
immediately_unavailable,5,5,0
as_spherical,5,5,0
about_wrong,5,5,0
always_smarter,5,5,0
technically_valid,5,5,0
exactly_vulnerable,5,5,0
immediately_threatening,5,4,1
highly_usable,5,5,0
necessarily_biblical,5,5,0
as_sporadic,5,4,1
only_infallible,5,5,0
necessarily_wide,5,5,0
terribly_hospitable,5,5,0
technically_vegetarian,5,5,0
necessarily_binding,5,5,0
necessarily_biological,5,5,0
as_spurious,5,5,0
fully_conducive,5,5,0
extremely_explicit,5,4,1
as_staid,5,5,0
always_nefarious,5,5,0
that_artistic,5,5,0
actually_sweet,5,5,0
so_low-cost,5,5,0
typically_violent,5,5,0
perfectly_exact,5,5,0
entirely_sovereign,5,5,0
really_bummed,5,5,0
traditionally_american,5,5,0
too_savage,5,5,0
less_scientific,5,4,1
wholly_unhappy,5,5,0
too_dependable,5,5,0
entirely_spurious,5,5,0
really_pro,5,5,0
less_savage,5,5,0
equally_passionate,5,5,0
more_subdued,5,5,0
all_fast,5,5,0
merely_dishonest,5,5,0
more_disturbed,5,5,0
economically_accessible,5,5,0
actually_straight,5,5,0
perfectly_familiar,5,5,0
typically_worth,5,5,0
too_decorative,5,4,1
really_fabulous,5,5,0
truly_fit,5,5,0
too_scathing,5,5,0
too_imprecise,5,5,0
typically_willing,5,5,0
actually_sterile,5,5,0
really_bullish,5,5,0
visually_satisfying,5,5,0
just_threatening,5,5,0
less_sexist,5,5,0
truly_fluent,5,5,0
economically_available,5,5,0
overly_sanguine,5,5,0
operationally_efficient,5,5,0
racially_homogenous,5,5,0
even_emotional,5,5,0
overly_reverent,5,5,0
merely_efficient,5,5,0
just_inhuman,5,5,0
too_demeaning,5,5,0
overly_respectful,5,5,0
easily_willing,5,5,0
so_limitless,5,4,1
particularly_distinguishable,5,5,0
typically_suitable,5,5,0
even_drinkable,5,5,0
typically_successful,5,5,0
so_godly,5,5,0
less_revealing,5,5,0
wholly_unimportant,5,5,0
so_christian,5,5,0
racially_neutral,5,4,1
again_ready,5,5,0
perfectly_edible,5,5,0
even_embarrassing,5,5,0
so_live,5,5,0
typically_true,5,5,0
too_objective,5,5,0
altogether_memorable,5,5,0
perfectly_elastic,5,5,0
totally_out,5,5,0
solely_fashionable,5,5,0
too_delightful,5,4,1
overly_rewarding,5,5,0
too_impersonal,5,5,0
truly_friendly,5,5,0
merely_eager,5,5,0
more_sterile,5,3,2
more_draconian,5,5,0
really_faster,5,5,0
actually_such,5,5,0
just_inane,5,5,0
altogether_optimistic,5,5,0
downright_cruel,5,5,0
all_fluffy,5,5,0
perfectly_ideal,5,5,0
more_traumatizing,5,2,3
less_specific,5,5,0
less_dedicated,5,5,0
creatively_bankrupt,5,5,0
all_flexible,5,5,0
more_torture,5,5,0
altogether_pure,5,5,0
totally_neutral,5,5,0
actually_smarter,5,5,0
traditionally_christian,5,5,0
more_titillating,5,3,2
merely_content,5,5,0
entirely_self-taught,5,5,0
overly_self-conscious,5,5,0
really_reachable,5,5,0
very_tart,5,5,0
so_magnetic,5,4,1
less_spirited,5,5,0
more_unacceptable,5,3,2
merely_commercial,5,5,0
quite_worthless,5,5,0
just_hotter,5,5,0
actually_significant,5,5,0
perfectly_justifiable,5,5,0
even_funnier,5,4,1
ultimately_dependent,5,5,0
wholly_impressed,5,5,0
merely_competitive,5,5,0
perfectly_innocent,5,5,0
economically_harmful,5,5,0
ultimately_decisive,5,5,0
overly_frustrated,5,5,0
merely_conceptual,5,5,0
particularly_healthful,5,5,0
ultimately_better,5,5,0
so_luminous,5,4,1
too_dazzling,5,3,2
more_temporary,5,3,2
more_technological,5,0,5
just_implicit,5,5,0
just_impolite,5,5,0
just_impotent,5,5,0
racially_different,5,5,0
more_taboo,5,5,0
all_financial,5,5,0
over_busy,5,5,0
totally_obscure,5,5,0
merely_defensive,5,5,0
really_crisp,5,5,0
just_impulsive,5,5,0
solely_enjoyable,5,5,0
too_inaccessible,5,4,1
altogether_pleasing,5,5,0
truly_feasible,5,5,0
mildly_interesting,5,4,1
particularly_diplomatic,5,5,0
very_tempted,5,5,0
very_tenable,5,5,0
very_tenacious,5,5,0
more_disillusioned,5,5,0
just_illiquid,5,5,0
even_fewer,5,3,2
wildly_productive,5,5,0
merely_cynical,5,5,0
especially_magical,5,0,5
very_tense,5,5,0
totally_obedient,5,5,0
just_immersive,5,5,0
less_delectable,5,5,0
too_dazed,5,5,0
so_luxury,5,5,0
alot_better,5,5,0
particularly_distressed,5,5,0
overly_sheer,5,5,0
more_energized,5,5,0
just_korean,5,5,0
overly_priced,5,5,0
even_covert,5,5,0
even_courteous,5,5,0
solely_historical,5,5,0
less_discouraging,5,4,1
entirely_unconditional,5,5,0
more_scrupulous,5,5,0
altogether_likable,5,5,0
outwardly_expressive,5,5,0
just_laudable,5,5,0
entirely_unconvinced,5,5,0
more_scenic,5,4,1
especially_palatable,5,5,0
actually_trans,5,5,0
perfectly_able,5,5,0
perfectly_authentic,5,5,0
culturally_responsive,5,5,0
typically_political,5,5,0
easily_imaginable,5,5,0
merely_frustrating,5,5,0
altogether_inconceivable,5,5,0
merely_full,5,5,0
less_profitable,5,5,0
really_foolproof,5,5,0
less_disastrous,5,4,1
just_susceptible,5,5,0
easily_intelligible,5,5,0
more_selfless,5,2,3
really_peaceful,5,5,0
too_disagreeable,5,5,0
more_self-sufficient,5,5,0
especially_outgoing,5,5,0
already_bankrupt,5,5,0
typically_popular,5,5,0
all_cheap,5,5,0
altogether_immune,5,5,0
somehow_relevant,5,5,0
less_precise,5,5,0
altogether_hostile,5,5,0
altogether_horrible,5,5,0
especially_particular,5,5,0
less_practical,5,3,2
readily_present,5,5,0
more_entrenched,5,5,0
easily_editable,5,5,0
just_literate,5,5,0
overly_prejudicial,5,5,0
just_little,5,4,1
really_chubby,5,5,0
wholly_interested,5,5,0
so_jittery,5,5,0
originally_american,5,5,0
truly_horrifying,5,3,2
even_compulsory,5,5,0
wholly_insignificant,5,5,0
just_lethal,5,5,0
more_routine,5,5,0
so_greatest,5,5,0
so_judicious,5,5,0
less_preposterous,5,5,0
ordinarily_present,5,5,0
more_saddening,5,3,2
very_underground,5,5,0
less_prepared,5,5,0
just_superfluous,5,5,0
solely_incidental,5,5,0
very_underrated,5,5,0
more_ruinous,5,4,1
too_old-fashioned,5,5,0
easily_excitable,5,5,0
patently_unreasonable,5,5,0
too_disgusted,5,5,0
even_curly,5,5,0
merely_frivolous,5,5,0
just_itchy,5,5,0
perfectly_crisp,5,5,0
more_smooth,5,5,0
all_agreeable,5,5,0
so_lifelike,5,5,0
so_gooey,5,5,0
less_different,5,3,2
overly_reassuring,5,5,0
particularly_dogmatic,5,5,0
really_female,5,5,0
so_gory,5,5,0
merely_expedient,5,5,0
all_celebratory,5,5,0
readily_searchable,5,5,0
outwardly_racist,5,5,0
culturally_different,5,5,0
wholly_ineffective,5,5,0
typically_severe,5,5,0
oppressively_humid,5,5,0
readily_replaceable,5,5,0
particularly_disturbed,5,5,0
merely_erroneous,5,5,0
wholly_uninterested,5,5,0
just_institutional,5,5,0
particularly_peculiar,5,4,1
even_disrespectful,5,5,0
too_depraved,5,4,1
really_precious,5,5,0
entirely_superfluous,5,5,0
culturally_accurate,5,5,0
just_instructive,5,5,0
even_discernible,5,5,0
perfectly_dark,5,5,0
just_tangible,5,5,0
merely_essential,5,5,0
typically_shy,5,5,0
totally_persuasive,5,5,0
more_single,5,5,0
culturally_normal,5,5,0
less_quixotic,5,5,0
truly_hairless,5,5,0
less_quiet,5,5,0
more_electable,5,5,0
more_sharp,5,4,1
merely_flawed,5,5,0
visibly_concerned,5,5,0
truly_hard,5,5,0
just_irritated,5,4,1
readily_readable,5,5,0
typically_recyclable,5,5,0
entirely_unable,5,5,0
outwardly_impressive,5,3,2
just_islamic,5,5,0
specifically_available,5,4,1
culturally_liberal,5,5,0
wildly_overpriced,5,5,0
just_taboo,5,5,0
really_plentiful,5,5,0
really_fixable,5,5,0
really_pleasurable,5,5,0
just_intriguing,5,5,0
even_definite,5,5,0
more_eerie,5,4,1
less_dire,5,5,0
really_charismatic,5,5,0
less_realistic,5,3,2
just_invasive,5,5,0
outwardly_political,5,4,1
too_robotic,5,5,0
less_rare,5,5,0
entirely_toothless,5,5,0
so_grainy,5,5,0
so_legible,5,3,2
overly_greedy,5,5,0
even_germane,5,5,0
particularly_deserving,5,5,0
particularly_compliant,5,5,0
especially_intense,5,5,0
so_bellicose,5,4,1
more_decent,5,4,1
particularly_conventional,5,5,0
constitutionally_responsible,5,5,0
too_slimy,5,5,0
even_little,5,5,0
almost_non-existent,5,5,0
just_underwater,5,5,0
overly_spacious,5,5,0
just_foolhardy,5,5,0
very_stingy,5,5,0
well_established,5,5,0
totally_infallible,5,5,0
entirely_platonic,5,5,0
just_forbidden,5,5,0
all_hateful,5,5,0
overly_stuffy,5,5,0
even_long,5,5,0
just_unequal,5,5,0
most_boring,5,5,0
most_cerebral,5,5,0
mentally_deranged,5,5,0
so_native,5,5,0
particularly_hilarious,5,4,1
just_unfeasible,5,5,0
less_vigilant,5,4,1
just_unfashionable,5,5,0
most_captivating,5,5,0
demonstrably_effective,5,5,0
also_enough,5,5,0
too_competent,5,5,0
overly_stylish,5,4,1
more_cutthroat,5,4,1
even_loose,5,5,0
entirely_permanent,5,5,0
mentally_incapable,5,5,0
too_compliant,5,5,0
totally_innocuous,5,5,0
altogether_unsympathetic,5,5,0
just_frugal,5,5,0
effectively_dead,5,5,0
mentally_stressful,5,5,0
less_unjust,5,4,1
too_skittish,5,5,0
most_alarming,5,5,0
unambiguously_clear,5,5,0
actually_reasonable,5,5,0
most_affectionate,5,5,0
really_custom,5,3,2
almost_ready,5,5,0
most_aesthetic,5,5,0
so_forbidden,5,5,0
most_advisable,5,5,0
only_volatile,5,5,0
mentally_sane,5,5,0
perfectly_sensible,5,5,0
most_available,5,5,0
totally_interchangeable,5,5,0
entirely_pleasurable,5,5,0
most_authoritative,5,5,0
totally_innovative,5,5,0
just_formidable,5,5,0
particularly_coy,5,5,0
equally_risky,5,5,0
especially_intimate,5,4,1
more_deferential,5,5,0
just_fraudulent,5,5,0
particularly_high-tech,5,5,0
altogether_unwarranted,5,5,0
so_muddled,5,5,0
quite_vibrant,5,5,0
so_motivating,5,2,3
most_apt,5,5,0
entirely_passionate,5,5,0
wholly_unacceptable,5,5,0
actually_public,5,5,0
medically_obese,5,5,0
truly_critical,5,4,1
even_multiple,5,5,0
already_onboard,5,5,0
perfectly_upright,5,5,0
most_courageous,5,5,0
most_cosmopolitan,5,5,0
only_upfront,5,5,0
soo_bad,5,5,0
particularly_conclusive,5,5,0
more_counterintuitive,5,3,2
perfectly_understandable,5,5,0
constantly_straightforward,5,5,0
so_novice,5,5,0
really_benevolent,5,5,0
almost_full,5,4,1
so_numb,5,5,0
less_worthwhile,5,5,0
demonstrably_safe,5,5,0
constantly_reliable,5,5,0
too_sombre,5,5,0
socially_retarded,5,5,0
constantly_open,5,5,0
unbelievably_gorgeous,5,5,0
constantly_practical,5,5,0
over_sensitive,5,5,0
perfectly_wonderful,5,5,0
just_exotic,5,5,0
more_cosmopolitan,5,5,0
actually_powerful,5,5,0
just_experimental,5,5,0
most_daring,5,5,0
most_cynical,5,5,0
just_explicit,5,5,0
over_protective,5,5,0
medically_trained,5,5,0
only_usual,5,5,0
even_mainstream,5,5,0
traditionally_japanese,5,5,0
too_snazzy,5,3,2
down_enough,5,5,0
specifically_gay,5,5,0
really_enticing,5,4,1
so_nerve-racking,5,5,0
less_consistent,5,4,1
constitutionally_excessive,5,5,0
actually_proof,5,5,0
really_equipped,5,5,0
constitutionally_exempt,5,5,0
wholly_groundless,5,5,0
totally_inaccessible,5,5,0
overly_suggestive,5,5,0
unbearably_long,5,5,0
less_contrived,5,4,1
really_bisexual,5,5,0
very_static,5,5,0
demonstrably_related,5,5,0
even_mature,5,5,0
so_noticable,5,5,0
perfectly_tight,5,5,0
quite_urban,5,5,0
so_diminutive,5,4,1
perfectly_synonymous,5,5,0
constantly_trustworthy,5,5,0
just_uninspiring,5,5,0
medically_unnecessary,5,5,0
actually_pro-life,5,5,0
always_accommodating,5,5,0
just_favorable,5,5,0
truly_damaging,5,4,1
overly_fine,5,5,0
always_absent,5,5,0
all_homogenous,5,5,0
too_nerdy,5,5,0
all_brave,5,5,0
merely_close,5,5,0
too_courageous,5,4,1
really_relatable,5,5,0
totally_mature,5,5,0
merely_big,5,5,0
less_suspicious,5,4,1
economically_recoverable,5,4,1
so_bulletproof,5,5,0
so_bummed,5,5,0
too_courteous,5,4,1
mentally_unfit,5,5,0
more_unreal,5,5,0
ultimately_pointless,5,5,0
very_swollen,5,5,0
all_futile,5,5,0
actually_satisfactory,5,5,0
too_nimble,5,4,1
economically_prosperous,5,5,0
less_cute,5,4,1
all_genetic,5,5,0
really_brave,5,5,0
ultimately_relevant,5,5,0
really_curable,5,5,0
all_girly,5,5,0
only_xenophobic,5,5,0
especially_late,5,5,0
traditionally_eligible,5,5,0
conventionally_romantic,5,5,0
over_fastidious,5,5,0
conventionally_sexy,5,5,0
even_identifiable,5,5,0
even_identical,5,5,0
more_unthinkable,5,5,0
more_unsuitable,5,3,2
actually_rude,5,5,0
too_corrupt,5,4,1
only_zealous,5,5,0
more_destabilizing,5,5,0
altogether_separate,5,5,0
perfectly_ok,5,5,0
just_holy,5,5,0
all_french,5,5,0
more_understated,5,5,0
so_matte,5,5,0
downright_comical,5,4,1
really_extra,5,2,3
economically_literate,5,5,0
merely_civil,5,5,0
actually_sexist,5,5,0
even_gray,5,5,0
perfectly_lovely,5,5,0
cosmetically_pleasing,5,5,0
more_unconstitutional,5,5,0
actually_sexy,5,5,0
totally_mushy,5,5,0
very_tactile,5,5,0
too_incompetent,5,5,0
just_hollow,5,5,0
just_trivial,5,5,0
especially_logical,5,4,1
entirely_revolutionary,5,5,0
really_explosive,5,5,0
overly_frantic,5,5,0
more_unimpressed,5,5,0
really_redundant,5,5,0
less_dazzling,5,3,2
less_sublime,5,5,0
more_unhelpful,5,4,1
entirely_romantic,5,5,0
totally_mistaken,5,5,0
economically_neutral,5,5,0
cosmetically_acceptable,5,5,0
ultimately_helpful,5,5,0
so_meager,5,5,0
even_habitable,5,5,0
entirely_redundant,5,5,0
more_upright,5,5,0
just_gutsy,5,5,0
just_futuristic,5,5,0
downright_appalling,5,5,0
totally_legitimate,5,5,0
all_greek,5,5,0
particularly_cuddly,5,5,0
perfectly_righteous,5,5,0
all_greater,5,1,4
too_newsworthy,5,3,2
so_mistaken,5,5,0
more_yellow,5,4,1
very_structured,5,5,0
only_wary,5,5,0
more_witty,5,4,1
totally_linear,5,5,0
even_intact,5,5,0
conveniently_close,5,5,0
merely_advisory,5,5,0
even_irrational,5,4,1
just_unavoidable,5,5,0
overly_solicitous,5,5,0
mentally_unwell,5,5,0
less_uncomfortable,5,5,0
less_uncertain,5,5,0
too_sketchy,5,5,0
less_ugly,5,5,0
so_foreseeable,5,5,0
over_fussy,5,5,0
so_blurred,5,5,0
so_monochromatic,5,5,0
just_uncommon,5,5,0
just_furious,5,5,0
just_fussy,5,5,0
so_diabolical,5,5,0
most_acceptable,5,5,0
too_sincere,5,5,0
altogether_unfounded,5,5,0
even_innovative,5,5,0
overly_slow,5,5,0
more_visionary,5,3,2
even_inconsistent,5,4,1
economically_unsound,5,5,0
just_unafraid,5,5,0
conventionally_feminine,5,4,1
even_inclusive,5,5,0
only_winnable,5,5,0
even_inappropriate,5,4,1
downright_arrogant,5,5,0
altogether_strange,5,5,0
just_grotesque,5,5,0
wholly_uncommon,5,5,0
perfectly_quiet,5,5,0
perfectly_qualified,5,5,0
already_normal,5,5,0
totally_mad,5,5,0
very_sudden,5,5,0
wholly_ignorant,5,5,0
even_innocent,5,5,0
altogether_unattractive,5,5,0
ultra_modern,5,5,0
totally_liquid,5,5,0
just_glorious,5,5,0
actually_responsive,5,5,0
too_constructive,5,5,0
particularly_oily,5,5,0
only_weary,5,5,0
too_shrill,5,5,0
only_weekly,5,5,0
merely_apparent,5,5,0
particularly_curvy,5,5,0
merely_appropriate,5,5,0
militarily_successful,5,5,0
perfectly_realistic,5,5,0
economically_untenable,5,5,0
specifically_affluent,5,5,0
readily_predictable,5,5,0
easily_disposable,5,5,0
too_flaky,5,5,0
particularly_stiff,5,5,0
particularly_geeky,5,5,0
less_exhilarating,5,4,1
really_livable,5,5,0
less_humane,5,3,2
overly_malicious,5,4,1
more_jaded,5,5,0
too_previous,5,5,0
particularly_readable,5,5,0
more_italian,5,2,3
rather_ironic,5,5,0
somehow_immune,5,5,0
already_exceptional,5,5,0
really_complimentary,5,5,0
too_flavorful,5,5,0
wholly_welcome,5,5,0
truly_strong,5,5,0
just_pricey,5,5,0
just_priceless,5,5,0
less_humorous,5,4,1
essentially_political,5,5,0
really_lower,5,5,0
particularly_straight,5,5,0
downright_vulgar,5,5,0
particularly_public,5,5,0
less_evocative,5,5,0
outright_nasty,5,4,1
particularly_stormy,5,5,0
too_privy,5,5,0
equally_appropriate,5,5,0
just_prettier,5,5,0
so_inactive,5,5,0
truly_substantial,5,0,5
less_hurtful,5,5,0
too_principled,5,5,0
merely_qualified,5,5,0
truly_spontaneous,5,5,0
really_like,5,5,0
wildly_aggressive,5,5,0
already_exclusive,5,5,0
more_intelligible,5,5,0
particularly_rainy,5,5,0
more_german,5,4,1
merely_reflective,5,5,0
less_hopeful,5,5,0
really_knowledgable,5,5,0
deeply_philosophical,5,4,1
more_globalized,5,5,0
so_culpable,5,5,0
just_purple,5,5,0
more_insufferable,5,3,2
particularly_soothing,5,4,1
less_heinous,5,4,1
less_fabulous,5,5,0
really_lacking,5,5,0
merely_real,5,5,0
darn_bad,5,5,0
deeply_problematic,5,5,0
equally_beautiful,5,5,0
merely_quantitative,5,5,0
outright_irrelevant,5,5,0
just_promotional,5,5,0
just_prone,5,5,0
less_hostile,5,5,0
less_exotic,5,4,1
all_competitive,5,5,0
especially_secretive,5,5,0
more_intolerable,5,5,0
really_larger,5,5,0
too_heartening,5,5,0
truly_sincere,5,5,0
darn_funny,5,5,0
outright_irrational,5,5,0
so_incidental,5,5,0
truly_surprised,5,5,0
truly_surreal,5,4,1
solely_true,5,5,0
wholly_memorable,5,5,0
truly_mad,5,5,0
equally_healthy,5,5,0
downright_incorrect,5,5,0
otherwise_ready,5,5,0
less_integral,5,3,2
really_homesick,5,5,0
more_malignant,5,3,2
more_malevolent,5,2,3
wildly_divergent,5,5,0
less_instructive,5,4,1
truly_unexpected,5,2,3
less_insistent,5,5,0
more_major,5,3,2
so_corny,5,5,0
too_prudent,5,5,0
particularly_tense,5,5,0
so_incredulous,5,4,1
more_materialistic,5,4,1
damn_tired,5,5,0
spatially_uniform,5,5,0
merely_partisan,5,5,0
just_peripheral,5,5,0
more_meh,5,5,0
damn_tragic,5,5,0
damn_ugly,5,5,0
eternally_grateful,5,5,0
too_heroic,5,4,1
truly_upset,5,4,1
so_defiant,5,5,0
downright_incompetent,5,5,0
already_dry,5,5,0
more_frank,5,5,0
environmentally_unsound,5,3,2
less_insightful,5,5,0
also_white,5,5,0
particularly_prudent,5,5,0
particularly_summery,5,5,0
especially_sad,5,5,0
truly_malicious,5,3,2
dramatically_bad,5,5,0
also_valuable,5,5,0
less_indignant,5,5,0
totally_terrifying,5,5,0
particularly_subject,5,5,0
less_indicative,5,4,1
merely_unethical,5,5,0
particularly_stupid,5,5,0
particularly_protective,5,5,0
more_fuel-efficient,5,5,0
merely_poor,5,5,0
less_imposing,5,5,0
less_imperative,5,5,0
also_perfect,5,5,0
more_little,5,5,0
less_injurious,5,3,2
merely_picturesque,5,4,1
wholly_vain,5,5,0
totally_synonymous,5,5,0
so_corrosive,5,4,1
otherwise_relevant,5,5,0
totally_unsurprising,5,5,0
more_low-tech,5,3,2
overly_imposing,5,5,0
equally_absurd,5,5,0
really_manly,5,5,0
especially_rosy,5,5,0
also_vital,5,5,0
truly_transformative,5,4,1
otherwise_satisfied,5,5,0
just_sluggish,5,5,0
outright_political,5,5,0
too_precocious,5,5,0
violently_ill,5,5,0
less_distracting,5,5,0
widely_evident,5,5,0
merely_sympathetic,5,5,0
outright_corrupt,5,5,0
so_icy,5,5,0
especially_troublesome,5,4,1
totally_unfeasible,5,5,0
just_repulsive,5,5,0
particularly_salacious,5,3,2
truly_native,5,5,0
so_impartial,5,5,0
equally_disturbing,5,5,0
particularly_rude,5,5,0
really_indispensable,5,5,0
more_horrified,5,5,0
just_restless,5,5,0
less_fertile,5,5,0
outright_depressing,5,5,0
too_good-looking,5,5,0
more_hysterical,5,5,0
truly_national,5,5,0
too_golden,5,4,1
less_functional,5,5,0
merely_silly,5,5,0
too_perky,5,5,0
too_gleeful,5,5,0
really_imminent,5,5,0
merely_simple,5,5,0
readily_enforceable,5,5,0
truly_popular,5,5,0
truly_political,5,5,0
too_permanent,5,3,2
more_identifiable,5,3,2
more_groundbreaking,5,4,1
too_gnarly,5,5,0
merely_small,5,5,0
particularly_french,5,2,3
more_horrendous,5,3,2
deeply_important,5,5,0
deeply_cynical,5,5,0
just_rubbish,5,5,0
equally_eligible,5,5,0
more_heated,5,5,0
particularly_right-wing,5,5,0
deeply_disturbed,5,4,1
truly_official,5,5,0
too_grisly,5,4,1
particularly_ridiculous,5,3,2
overly_inventive,5,2,3
outright_embarrassing,5,5,0
truly_newsworthy,5,5,0
less_fond,5,5,0
especially_stupid,5,4,1
more_healthier,5,5,0
also_reasonable,5,5,0
really_inactive,5,5,0
truly_negative,5,4,1
widely_acclaimed,5,5,0
especially_sporty,5,5,0
particularly_frustrating,5,5,0
outright_disgusting,5,5,0
just_seductive,5,5,0
outright_dismissive,5,5,0
less_fraught,5,5,0
especially_stable,5,5,0
particularly_risque,5,4,1
especially_startling,5,5,0
so_dazzling,5,4,1
particularly_fruity,5,5,0
all_conclusive,5,5,0
particularly_rigid,5,5,0
more_hesitant,5,5,0
outright_disrespectful,5,5,0
downright_poisonous,5,4,1
overly_judgemental,5,5,0
truly_practical,5,5,0
merely_silent,5,5,0
really_insightful,5,3,2
wholly_natural,5,5,0
particularly_recognizable,5,5,0
merely_safe,5,5,0
adequately_representative,5,5,0
totally_unconnected,5,5,0
truly_responsive,5,5,0
more_indigenous,5,3,2
particularly_forceful,5,5,0
too_possible,5,5,0
just_shallow,5,5,0
too_harrowing,5,4,1
so_customizable,5,5,0
equally_crazy,5,5,0
downright_shocking,5,5,0
merely_scientific,5,5,0
totally_uncool,5,5,0
particularly_recent,5,4,1
particularly_rebellious,5,5,0
outrageously_wrong,5,3,2
particularly_slim,5,5,0
darn_tasty,5,5,0
so_immutable,5,5,0
deeply_offended,5,5,0
truly_mobile,5,5,0
too_peaceful,5,5,0
also_strange,5,5,0
less_fanciful,5,5,0
too_peculiar,5,5,0
too_hazardous,5,4,1
more_gradual,5,5,0
particularly_snappy,5,5,0
particularly_smelly,5,5,0
truly_righteous,5,5,0
too_frightful,5,4,1
more_infallible,5,5,0
deathly_sick,5,5,0
downright_misleading,5,5,0
merely_sick,5,5,0
so_deceptive,5,4,1
downright_risky,5,5,0
merely_sex,5,5,0
more_great,5,4,1
especially_vital,5,5,0
more_implausible,5,5,0
too_polished,5,4,1
more_imperfect,5,4,1
just_relatable,5,5,0
more_greek,5,4,1
truly_professional,5,5,0
really_instructive,5,4,1
rather_naive,5,5,0
less_fundamental,5,4,1
widely_open,5,5,0
especially_valid,5,5,0
more_impractical,5,4,1
particularly_reminiscent,5,5,0
aesthetically_good,5,5,0
truly_quiet,5,5,0
wickedly_funny,5,5,0
especially_worthwhile,5,4,1
too_porous,5,5,0
particularly_reliant,5,5,0
deceptively_cheap,5,5,0
particularly_shallow,5,4,1
less_gloomy,5,5,0
truly_realistic,5,5,0
more_incisive,5,5,0
outright_antagonistic,5,5,0
particularly_sexist,5,4,1
overly_likeable,5,5,0
truly_rare,5,5,0
especially_weird,5,5,0
downright_sad,5,4,1
particularly_theatrical,5,5,0
aesthetically_unappealing,5,4,1
too_overused,5,5,0
even_basic,5,4,1
altogether_evident,5,5,0
already_confident,5,5,0
very_unwise,5,5,0
altogether_erroneous,5,5,0
very_upscale,5,4,1
truly_insane,5,4,1
even_bearable,5,5,0
more_profane,5,3,2
particularly_thirsty,5,5,0
currently_obtainable,5,5,0
really_noble,5,4,1
even_awkward,5,5,0
already_insane,5,5,0
so_introspective,5,5,0
even_averse,5,5,0
less_nationalistic,5,5,0
wildly_implausible,5,5,0
solely_ours,5,5,0
just_medicinal,5,5,0
originally_white,5,5,0
particularly_poisonous,5,5,0
more_exhaustive,5,4,1
merely_impressive,5,5,0
more_existential,5,3,2
merely_whimsical,5,5,0
wildly_impressed,5,5,0
less_ecstatic,5,5,0
more_expendable,5,5,0
already_complicated,5,5,0
even_bittersweet,5,5,0
wholly_unrealistic,5,5,0
even_bisexual,5,5,0
all_dramatic,5,5,0
particularly_english,5,5,0
so_inviting,5,5,0
too_humiliating,5,4,1
merely_weak,5,5,0
so_demented,5,5,0
truly_involved,5,5,0
particularly_greedy,5,5,0
more_poor,5,5,0
rather_dangerous,5,5,0
just_moody,5,5,0
particularly_vain,5,5,0
less_mobile,5,5,0
otherwise_criminal,5,4,1
actually_weak,5,5,0
even_anonymous,5,5,0
entirely_vertical,5,5,0
entirely_viable,5,5,0
more_polished,5,4,1
merely_jewish,5,5,0
more_polarizing,5,1,4
entirely_vigilant,5,5,0
really_greasy,5,5,0
so_habitable,5,5,0
really_good-looking,5,5,0
less_motivated,5,5,0
altogether_difficult,5,5,0
particularly_praiseworthy,5,4,1
entirely_unwise,5,5,0
merely_warm,5,5,0
especially_prevalent,5,5,0
really_national,5,4,1
more_praiseworthy,5,4,1
otherwise_common,5,5,0
again_close,5,5,0
way_cooler,5,5,0
otherwise_contrary,5,5,0
visually_thrilling,5,5,0
too_regretful,5,5,0
particularly_versatile,5,4,1
just_monotonous,5,4,1
currently_inclined,5,5,0
more_quaint,5,5,0
just_mathematical,5,5,0
currently_cost-effective,5,5,0
outwardly_critical,5,5,0
typically_kind,5,5,0
too_distasteful,5,3,2
totally_psyched,5,5,0
overly_poetic,5,5,0
merely_worth,5,5,0
currently_dependent,5,4,1
really_out,5,5,0
typically_japanese,5,5,0
overly_playful,5,5,0
currently_economic,5,5,0
even_charming,5,5,0
less_dynamic,5,5,0
just_ludicrous,5,5,0
more_relative,5,2,3
wholly_one-sided,5,5,0
less_plastic,5,5,0
merely_hypocritical,5,5,0
altogether_great,5,5,0
more_envious,5,5,0
particularly_zealous,5,5,0
already_capable,5,5,0
too_disparate,5,5,0
so_colorless,5,5,0
overly_polished,5,4,1
more_restless,5,5,0
wildly_interested,5,5,0
visibly_angry,5,5,0
very_unfair,5,5,0
easily_defensible,5,5,0
currently_compliant,5,5,0
more_resourceful,5,5,0
just_suicidal,5,5,0
just_lousy,5,5,0
originally_eligible,5,5,0
so_comedic,5,5,0
really_gentle,5,5,0
entirely_unnatural,5,5,0
just_malicious,5,5,0
more_reactionary,5,4,1
really_generic,5,5,0
really_off,5,5,0
just_manipulative,5,5,0
solely_male,5,5,0
merely_immediate,5,5,0
currently_homeless,5,5,0
easily_annoyed,5,5,0
more_radioactive,5,5,0
just_marginal,5,5,0
very_unsafe,5,5,0
less_ominous,5,4,1
especially_polite,5,5,0
really_generous,5,5,0
merely_imaginary,5,4,1
less_palpable,5,5,0
particularly_emotive,5,5,0
totally_racist,5,5,0
so_groundbreaking,5,5,0
more_european,5,4,1
less_patient,5,5,0
even_central,5,5,0
more_regressive,5,5,0
currently_exempt,5,5,0
particularly_wary,5,5,0
originally_english,5,5,0
especially_pleasurable,5,5,0
really_orange,5,5,0
just_magnificent,5,5,0
typically_inclined,5,5,0
very_unnatural,5,4,1
more_recognisable,5,5,0
really_futuristic,5,5,0
really_gruesome,5,4,1
more_plush,5,4,1
really_mutual,5,5,0
otherwise_likely,5,5,0
otherwise_minded,5,1,4
really_healthier,5,5,0
so_inert,5,5,0
more_fluent,5,5,0
downright_good,5,5,0
somehow_inferior,5,5,0
damn_interesting,5,5,0
so_inefficient,5,5,0
just_orwellian,5,5,0
too_hilarious,5,4,1
really_menacing,5,3,2
ethically_permissible,5,5,0
aesthetically_unpleasant,5,5,0
solely_technical,5,5,0
truly_worthwhile,5,2,3
really_comfy,5,5,0
so_inexperienced,5,5,0
too_higher,5,5,0
more_flawless,5,5,0
just_speedy,5,5,0
too_elusive,5,5,0
totally_sound,5,5,0
really_military,5,5,0
damn_depressing,5,5,0
totally_sovereign,5,4,1
otherwise_legal,5,5,0
dramatically_satisfying,5,5,0
deeply_unfair,5,5,0
more_flagrant,5,4,1
downright_frustrating,5,5,0
less_legal,5,4,1
less_empty,5,0,5
altogether_aware,5,5,0
very_weighty,5,5,0
really_melodic,5,5,0
really_hesitant,5,5,0
deeply_unhappy,5,5,0
merely_unpleasant,5,5,0
ethically_defensible,5,5,0
ethically_correct,5,5,0
dramatically_greater,5,4,1
environmentally_significant,5,5,0
altogether_agreeable,5,5,0
more_moist,5,5,0
truly_visible,5,4,1
really_mean-spirited,5,4,1
altogether_accidental,5,5,0
really_hispanic,5,5,0
less_intimate,5,4,1
too_overgrown,5,5,0
more_misinformed,5,5,0
all_delighted,5,5,0
too_excellent,5,5,0
merely_ours,5,5,0
ethically_dubious,5,5,0
too_qualified,5,5,0
just_parochial,5,5,0
dramatically_larger,5,5,0
so_contemporary,5,5,0
less_inventive,5,5,0
truly_wise,5,5,0
too_puzzling,5,4,1
just_overkill,5,5,0
more_formulaic,5,4,1
particularly_timely,5,5,0
truly_whole,5,5,0
truly_welcome,5,5,0
truly_weird,5,4,1
less_engrossing,5,5,0
merely_unproductive,5,5,0
too_overcooked,5,5,0
truly_wealthy,5,5,0
wildly_famous,5,5,0
damn_delicious,5,5,0
entirely_virtuous,5,5,0
more_personable,5,5,0
altogether_complete,5,5,0
entirely_weird,5,5,0
especially_protective,5,5,0
just_nerdy,5,5,0
more_perceptive,5,5,0
already_dark,5,5,0
also_new,5,5,0
actually_worthwhile,5,5,0
just_newsworthy,5,5,0
entirely_whimsical,5,5,0
merely_lovely,5,5,0
less_mature,5,5,0
particularly_excellent,5,5,0
so_handicapped,5,5,0
entirely_wireless,5,5,0
more_permissible,5,5,0
too_recognizable,5,4,1
outright_suspicious,5,5,0
otherwise_discoverable,5,5,0
just_myopic,5,5,0
currently_taxable,5,5,0
especially_progressive,5,3,2
particularly_predictive,5,5,0
very_viscous,5,5,0
more_photogenic,5,4,1
more_phony,5,4,1
outright_ugly,5,4,1
totally_scientific,5,5,0
more_far-fetched,5,5,0
particularly_prescient,5,4,1
merely_literal,5,5,0
particularly_unpopular,5,5,0
typically_deadly,5,5,0
solely_reliable,5,5,0
just_nominal,5,5,0
merely_utilitarian,5,5,0
particularly_treacherous,5,5,0
too_egotistical,5,5,0
typically_capable,5,5,0
more_outgoing,5,5,0
dramatically_wrong,5,2,3
just_objective,5,5,0
so_inhuman,5,4,1
merely_misleading,5,5,0
damn_catchy,5,5,0
just_spontaneous,5,4,1
overly_necessary,5,5,0
so_hapless,5,5,0
especially_rational,5,4,1
really_minimal,5,5,0
ethnically_british,5,5,0
altogether_benign,5,5,0
more_offbeat,5,4,1
particularly_expansive,5,5,0
really_miraculous,5,4,1
actually_zero,5,5,0
deeply_upsetting,5,5,0
too_educational,5,5,0
more_fearless,5,4,1
particularly_exclusive,5,4,1
particularly_typical,5,5,0
otherwise_ill,5,5,0
overly_nutritious,5,5,0
just_notorious,5,5,0
merely_meaningless,5,5,0
more_feeble,5,4,1
just_square,5,5,0
truly_legitimate,5,5,0
just_sporadic,5,5,0
very_watchable,5,5,0
really_miserable,5,5,0
damn_beautiful,5,5,0
constantly_noticeable,5,5,0
so_flowery,5,5,0
totally_hard,5,5,0
much_crazier,5,5,0
logically_wrong,5,2,3
real_eager,5,5,0
much_conversant,5,5,0
slightly_afraid,5,5,0
wholly_able,5,5,0
majorly_important,5,4,1
uniformly_dark,5,5,0
much_confusing,5,5,0
so_enigmatic,5,5,0
always_delicious,5,5,0
quite_rectangular,5,5,0
ever_aggressive,5,5,0
much_competent,5,5,0
just_adventurous,5,4,1
too_last,5,5,0
ever_attractive,5,5,0
completely_unafraid,5,5,0
very_sensational,5,4,1
just_abnormal,5,5,0
so_sensual,5,5,0
spectacularly_special,5,3,2
logistically_impossible,5,5,0
much_current,5,5,0
ever_bigger,5,5,0
much_cruel,5,5,0
mainly_responsible,5,5,0
only_unchallenged,5,5,0
ever_beneficial,5,5,0
ever_beautiful,5,5,0
so_engrossing,5,5,0
especially_delicate,5,5,0
so_uninspired,5,5,0
only_unchanged,5,5,0
much_creative,5,5,0
slightly_annoying,5,4,1
directly_hostile,5,5,0
particularly_lonely,5,5,0
lawfully_employable,5,5,0
so_scalable,5,5,0
particularly_abnormal,5,3,2
quite_relaxing,5,5,0
all_subjective,5,5,0
always_decent,5,5,0
too_labor-intensive,5,5,0
so_sassy,5,5,0
completely_uninhabited,5,5,0
eventually_able,5,5,0
enormously_successful,5,5,0
totally_beautiful,5,5,0
much_busy,5,5,0
so_sappy,5,5,0
particularly_accommodating,5,5,0
just_analogous,5,5,0
all_asian,5,5,0
overtly_patriotic,5,5,0
logically_tenable,5,5,0
much_charming,5,5,0
majorly_new,5,0,5
ever_accessible,5,5,0
very_sensual,5,4,1
all_obese,5,5,0
completely_unfathomable,5,5,0
slightly_aware,5,5,0
especially_democratic,5,5,0
quite_relatable,5,5,0
enough_alike,5,5,0
completely_unforeseen,5,5,0
too_aloof,5,5,0
just_aggravating,5,5,0
much_cheap,5,5,0
especially_dense,5,5,0
so_schizophrenic,5,5,0
least_disappointed,5,5,0
real_extensive,5,5,0
enough_convincing,5,5,0
overly_diligent,5,5,0
real_technical,5,4,1
all_soggy,5,5,0
longer_online,5,5,0
completely_taboo,5,5,0
tremendously_valuable,5,5,0
much_dominant,5,5,0
particularly_joyful,5,5,0
much_diverse,5,5,0
much_distant,5,5,0
overtly_sinful,5,4,1
particularly_joyous,5,5,0
especially_amusing,5,5,0
wholly_practical,5,5,0
really_discouraged,5,5,0
completely_tasteless,5,5,0
much_dull,5,5,0
morally_obscene,5,5,0
actually_harmless,5,5,0
least_surprising,5,5,0
physically_closer,5,5,0
much_english,5,5,0
intrinsically_religious,5,3,2
morally_ok,5,5,0
entirely_digital,5,5,0
completely_submissive,5,5,0
so_smoky,5,5,0
morally_offensive,5,3,2
entirely_dire,5,5,0
very_self-conscious,5,5,0
intrinsically_sacred,5,3,2
real_talkative,5,5,0
really_disastrous,5,4,1
more_apprehensive,5,5,0
wholly_american,5,4,1
especially_dark,5,5,0
completely_taut,5,5,0
real_thin,5,5,0
real_focused,5,5,0
spiritually_blind,5,5,0
overly_dirty,5,5,0
completely_tired,5,5,0
all_spicy,5,5,0
too_adverse,5,5,0
entirely_dominant,5,5,0
much_deliberate,5,5,0
entirely_dormant,5,5,0
really_dense,5,5,0
so_sexual,5,5,0
very_self-explanatory,5,5,0
spiritually_aware,5,5,0
morally_legitimate,5,5,0
so_unhelpful,5,5,0
ever_brave,5,5,0
always_derogatory,5,5,0
ever_clear-cut,5,5,0
particularly_illustrious,5,5,0
spiritually_edifying,5,5,0
entirely_displeased,5,5,0
uniformly_enthusiastic,5,5,0
especially_daunting,5,5,0
magically_different,5,3,2
all_sophisticated,5,5,0
entirely_dissatisfied,5,5,0
painstakingly_difficult,5,5,0
enough_effective,5,5,0
less_afraid,5,5,0
long_free,5,5,0
actually_hairless,5,5,0
wholly_alive,5,5,0
so_unfathomable,5,5,0
more_arcane,5,3,2
totally_beholden,5,5,0
uniformly_bright,5,5,0
enormously_rich,5,3,2
more_bare,5,5,0
completely_villainous,5,5,0
entirely_formal,5,5,0
too_astute,5,5,0
personally_satisfied,5,5,0
mostly_concerned,5,5,0
somewhat_surprising,5,5,0
truly_adequate,5,5,0
especially_egregious,5,5,0
even_uniform,5,5,0
quite_sentient,5,5,0
especially_elaborate,5,4,1
more_beholden,5,5,0
less_ardent,5,5,0
slightly_interesting,5,5,0
really_accidental,5,5,0
so_unstoppable,5,5,0
entirely_forgettable,5,5,0
actually_popular,5,5,0
really_absolute,5,5,0
only_undocumented,5,5,0
particularly_african,5,3,2
so_unsightly,5,3,2
so_unsophisticated,5,4,1
too_artistic,5,5,0
overly_charismatic,5,5,0
overly_cartoonish,5,5,0
actually_innocent,5,5,0
too_astonished,5,5,0
particularly_liquid,5,5,0
really_definite,5,4,1
wholly_safe,5,5,0
just_badass,5,5,0
completely_victorious,5,5,0
specifically_unique,5,3,2
even_unhappy,5,5,0
less_arresting,5,5,0
too_atypical,5,3,2
somewhat_unique,5,5,0
too_tasteful,5,5,0
so_upscale,5,5,0
only_unenforceable,5,5,0
really_dissimilar,5,5,0
distinctly_aware,5,5,0
really_admirable,5,4,1
overtly_extremist,5,5,0
entirely_glib,5,5,0
overly_brown,5,5,0
slightly_less,5,4,1
specifically_subject,5,5,0
most_virtuous,5,5,0
very_shrewd,5,5,0
most_vile,5,4,1
most_vibrant,5,5,0
completely_worried,5,5,0
just_bloody,5,5,0
so_recognisable,5,4,1
ergonomically_friendly,5,5,0
overtly_gay,5,5,0
completely_wasteful,5,5,0
directly_convertible,5,5,0
so_reminiscent,5,5,0
just_bigoted,5,5,0
particularly_allergic,5,5,0
totally_concerned,5,5,0
only_uneducated,5,5,0
so_refined,5,4,1
endlessly_fascinating,5,5,0
entirely_funny,5,5,0
completely_wicked,5,5,0
slightly_jealous,5,5,0
massively_complex,5,5,0
much_accurate,5,5,0
quite_sci-fi,5,5,0
very_serene,5,5,0
actually_impressed,5,5,0
wholly_depressing,5,5,0
more_autobiographical,5,5,0
too_appalled,5,5,0
really_discretionary,5,5,0
much_awake,5,5,0
enormously_high,5,5,0
always_cuddly,5,5,0
all_astonished,5,5,0
real_critical,5,5,0
quite_rude,5,5,0
especially_distinct,5,4,1
more_average,5,5,0
quite_rural,5,5,0
really_disgusting,5,5,0
quite_ruthless,5,5,0
directly_equivalent,5,5,0
always_cut,5,5,0
so_revelatory,5,4,1
particularly_legible,5,5,0
especially_devout,5,5,0
just_annoyed,5,5,0
overly_disturbing,5,3,2
uniformly_black,5,5,0
especially_dignified,5,2,3
largely_true,5,5,0
largely_successful,5,5,0
quite_retro,5,5,0
just_anti-democratic,5,5,0
actually_immoral,5,5,0
directly_evident,5,5,0
all_sugary,5,4,1
too_antsy,5,5,0
just_antiquated,5,5,0
completely_unpopular,5,5,0
so_unreachable,5,5,0
all_susceptible,5,5,0
even_watchable,5,5,0
especially_disturbing,5,4,1
just_astonishing,5,5,0
wholly_destitute,5,4,1
logically_compatible,5,5,0
entirely_financial,5,5,0
knowingly_untrue,5,5,0
overly_cheery,5,5,0
much_affordable,5,5,0
quite_savvy,5,5,0
marginally_successful,5,5,0
morally_different,5,5,0
overly_cheerful,5,5,0
very_shareable,5,5,0
slightly_difficult,5,5,0
completely_usable,5,5,0
so_distinguishable,5,5,0
particularly_aesthetic,5,4,1
particularly_advisable,5,5,0
much_akin,5,4,1
even_voluntary,5,5,0
just_architectural,5,5,0
actually_inconsistent,5,4,1
so_robotic,5,5,0
directly_economic,5,5,0
totally_bummed,5,5,0
even_vulnerable,5,5,0
much_anxious,5,5,0
less_appreciative,5,4,1
so_risque,5,5,0
overly_dogmatic,5,5,0
much_american,5,5,0
much_amazing,5,5,0
completely_unusable,5,5,0
too_jubilant,5,4,1
quite_radical,5,5,0
too_abusive,5,5,0
more_apathetic,5,5,0
ever_keen,5,5,0
already_true,5,5,0
much_loyal,5,5,0
only_top-notch,5,5,0
much_looser,5,5,0
only_topical,5,5,0
too_linear,5,5,0
completely_rare,5,5,0
longer_exclusive,5,5,0
overwhelmingly_effective,5,5,0
tremendously_interested,5,5,0
much_lonely,5,5,0
longer_essential,5,5,0
more_aging,5,3,2
so_drab,5,5,0
much_logical,5,5,0
uniformly_rosy,5,5,0
legally_sane,5,5,0
more_absent,5,5,0
real_natural,5,4,1
entirely_adverse,5,5,0
intellectually_deficient,5,5,0
much_memorable,5,4,1
completely_protective,5,5,0
overwhelmingly_expensive,5,5,0
much_mature,5,5,0
especially_bullish,5,5,0
still_likely,5,5,0
overwhelmingly_supportive,5,5,0
legally_impossible,5,5,0
entirely_accountable,5,5,0
completely_proud,5,5,0
entirely_christian,5,5,0
simply_unconstitutional,5,5,0
ever_lacking,5,5,0
intellectually_pleasing,5,5,0
overwhelmingly_dominant,5,5,0
ever_innocent,5,5,0
intellectually_qualified,5,5,0
ever_inappropriate,5,2,3
still_full,5,5,0
enough_willing,5,5,0
simply_unique,5,5,0
simply_unjust,5,5,0
already_successful,5,5,0
morbidly_curious,5,5,0
visually_enticing,5,5,0
longer_easy,5,5,0
legally_equivalent,5,5,0
all_same,5,5,0
together_bad,5,5,0
always_edible,5,5,0
morally_worse,5,5,0
legally_suspect,5,4,1
particularly_intricate,5,4,1
still_functional,5,4,1
too_unfriendly,5,5,0
overwhelmingly_different,5,5,0
much_linear,5,5,0
intellectually_respectable,5,5,0
especially_communicative,5,5,0
visually_distinguishable,5,3,2
too_user-friendly,5,5,0
entirely_close,5,5,0
legally_sophisticated,5,4,1
intellectually_true,5,5,0
longer_eligible,5,5,0
much_lesser,5,5,0
much_lengthy,5,5,0
overwhelmingly_democratic,5,5,0
completely_redundant,5,5,0
too_likeable,5,5,0
longer_fresh,5,5,0
entirely_casual,5,5,0
always_ecstatic,5,5,0
much_outraged,5,5,0
longer_present,5,5,0
entirely_antithetical,5,5,0
so_taut,5,5,0
real_patient,5,5,0
instantly_identifiable,5,5,0
simply_symbolic,5,5,0
overwhelmingly_obvious,5,5,0
ever_normal,5,5,0
more_advantaged,5,5,0
directly_representative,5,5,0
ever_nice,5,5,0
real_painful,5,5,0
longer_jewish,5,5,0
always_enviable,5,5,0
all_public,5,5,0
so_suspect,5,5,0
real_professional,5,4,1
more_affected,5,5,0
legally_ours,5,5,0
yet_airborne,5,3,2
quite_pristine,5,5,0
already_tense,5,5,0
much_perfect,5,5,0
quite_private,5,5,0
instantly_comfortable,5,5,0
ever_overpowering,5,5,0
more_actual,5,4,1
all_alive,5,5,0
real_precise,5,5,0
completely_partisan,5,5,0
too_long-term,5,5,0
entirely_asleep,5,5,0
longer_personal,5,4,1
completely_passionate,5,5,0
much_ok,5,5,0
directly_supportive,5,5,0
somewhat_confusing,5,5,0
somewhat_controversial,5,5,0
institutionally_corrupt,5,5,0
legally_justifiable,5,5,0
overly_crisp,5,5,0
much_natural,5,5,0
entirely_alive,5,5,0
ever_malicious,5,5,0
overwhelmingly_quick,5,5,0
wholly_better,5,5,0
longer_identifiable,5,5,0
overly_crunchy,5,5,0
so_theatrical,5,5,0
too_unnerved,5,5,0
particularly_intentional,5,4,1
entirely_capricious,5,5,0
wholly_benign,5,5,0
more_affable,5,5,0
so_supernatural,5,4,1
wholly_black,5,5,0
more_aerodynamic,5,5,0
visually_engaging,5,5,0
still_sore,5,5,0
quite_probable,5,4,1
still_small,5,4,1
instantly_popular,5,5,0
much_obsessed,5,5,0
simply_technological,5,5,0
entirely_bogus,5,5,0
entirely_blue,5,5,0
completely_popular,5,5,0
actually_factual,5,4,1
still_real,5,5,0
ever_mistaken,5,5,0
already_tragic,5,5,0
painfully_awkward,5,5,0
much_large,5,5,0
overly_complacent,5,5,0
all_short,5,5,0
real_spectacular,5,3,2
only_tyrannical,5,5,0
actually_fraudulent,5,5,0
entirely_current,5,5,0
uniformly_liberal,5,5,0
intimately_close,5,5,0
so_spry,5,5,0
real_imperative,5,5,0
much_full,5,5,0
yet_accountable,5,5,0
too_worth,5,5,0
overtly_welcome,5,5,0
all_passive,5,5,0
particularly_japanese,5,3,2
overtly_weird,5,4,1
ever_equal,5,5,0
morally_serious,5,4,1
stereotypically_male,5,4,1
so_eerie,5,5,0
too_well-known,5,5,0
only_triumphant,5,5,0
intentionally_wrong,5,2,3
real_social,5,5,0
stereotypically_feminine,5,5,0
physically_debilitating,5,5,0
all_sexy,5,5,0
internally_strong,5,5,0
overwhelmingly_amazing,5,5,0
real_sophisticated,5,5,0
legitimately_possible,5,5,0
enough_red,5,5,0
ever_excited,5,5,0
too_uncool,5,5,0
so_staggering,5,5,0
overly_deferential,5,5,0
all_passionate,5,5,0
less_abundant,5,5,0
entirely_deep,5,5,0
intrinsically_flawed,5,5,0
especially_appreciative,5,5,0
worst_possible,5,5,0
always_disappointing,5,5,0
ever_definite,5,5,0
all_skilled,5,5,0
intrinsically_illegal,5,5,0
so_sordid,5,3,2
morally_possible,5,5,0
overtly_terrible,5,3,2
much_erotic,5,4,1
entirely_destructive,5,5,0
legally_applicable,5,5,0
real_sympathetic,5,5,0
much_enlightened,5,5,0
disgustingly_rich,5,5,0
too_unattractive,5,5,0
longer_abstract,5,5,0
statistically_dominant,5,5,0
statistically_impressive,5,5,0
too_unbalanced,5,5,0
statistically_impossible,5,4,1
too_youthful,5,5,0
too_yummy,5,3,2
especially_artful,5,4,1
completely_sorry,5,5,0
already_unlocked,5,5,0
intrinsically_damaging,5,4,1
entirely_defunct,5,5,0
overly_delighted,5,5,0
too_legit,5,5,0
painfully_long,5,5,0
entirely_delighted,5,5,0
all_pessimistic,5,5,0
rationally_compelling,5,5,0
longer_susceptible,5,5,0
too_unfit,5,5,0
much_intense,5,5,0
wholly_complimentary,5,5,0
overly_damaging,5,5,0
all_pleasurable,5,5,0
ever_healthy,5,5,0
more_amicable,5,5,0
simply_upset,5,5,0
particularly_incisive,5,5,0
uniformly_present,5,5,0
only_transformational,5,5,0
painfully_difficult,5,5,0
all_scientific,5,5,0
intentionally_bad,5,5,0
still_cheaper,5,5,0
so_dorky,5,5,0
real_knowledgeable,5,5,0
still_curious,5,5,0
completely_secret,5,5,0
completely_retro,5,5,0
directly_playable,5,5,0
entirely_competent,5,5,0
overly_congested,5,5,0
tremendously_impressed,5,5,0
too_viable,5,5,0
completely_repulsive,5,5,0
still_easy,5,4,1
still_dependent,5,5,0
painfully_boring,5,5,0
legally_due,5,5,0
much_interactive,5,5,0
much_intentional,5,5,0
together_enough,5,5,0
so_dysfunctional,5,5,0
too_likable,5,5,0
only_transformative,5,5,0
simply_valuable,5,5,0
really_destructive,5,5,0
completely_robust,5,5,0
simply_wealthy,5,5,0
so_troubled,5,5,0
completely_same,5,5,0
directly_open,5,5,0
ever_foolproof,5,5,0
directly_obvious,5,5,0
wholly_reassuring,5,5,0
particularly_irish,5,4,1
all_separate,5,5,0
real_intense,5,5,0
simply_white,5,5,0
completely_scared,5,5,0
too_lush,5,5,0
legitimately_available,5,5,0
physically_demonstrative,5,5,0
ever_full,5,5,0
much_hurt,5,5,0
so_doomed,5,5,0
intentionally_disrespectful,5,5,0
real_significant,5,5,0
wholly_conclusive,5,5,0
legally_disabled,5,5,0
legally_different,5,5,0
simply_violent,5,5,0
intentionally_dishonest,5,5,0
especially_contentious,5,5,0
wholly_real,5,5,0
entirely_contradictory,5,5,0
ever_gonna,5,5,0
intentionally_evil,5,4,1
so_stinky,5,5,0
always_due,5,5,0
completely_rude,5,5,0
most_verbose,5,5,0
quite_scientific,5,5,0
always_controversial,5,5,0
all_uphill,5,5,0
overly_aromatic,5,5,0
just_vintage,5,5,0
entirely_innate,5,5,0
totally_forthright,5,5,0
wholly_sustainable,5,5,0
even_rude,5,5,0
most_moral,5,5,0
rather_tragic,5,5,0
overtly_brutal,5,5,0
too_intolerable,5,5,0
well_regarded,5,5,0
most_musical,5,5,0
less_bulky,5,5,0
so_praiseworthy,5,5,0
emotionally_hard,5,5,0
so_preachy,5,5,0
most_needy,5,5,0
personally_afraid,5,5,0
socially_divisive,5,5,0
overall_positive,5,5,0
materially_significant,5,5,0
slightly_unusual,5,4,1
emotionally_open,5,5,0
too_intoxicated,5,5,0
just_credible,5,5,0
particularly_mean,5,5,0
materially_rich,5,4,1
unduly_harmful,5,5,0
really_apologetic,5,5,0
just_ecological,5,5,0
all_useless,5,5,0
entirely_mechanical,5,5,0
equally_tough,5,5,0
quite_stunning,5,5,0
just_dysfunctional,5,5,0
totally_fond,5,5,0
entirely_insurmountable,5,5,0
overly_annoyed,5,5,0
most_lively,5,5,0
most_fortunate,5,5,0
always_christian,5,5,0
even_permanent,5,5,0
so_porous,5,5,0
most_loving,5,5,0
consistently_dangerous,5,5,0
just_early,5,5,0
mathematically_alive,5,5,0
even_revolutionary,5,5,0
wholly_exclusive,5,5,0
equally_smart,5,5,0
just_darker,5,5,0
traditionally_open,5,5,0
materially_worse,5,5,0
literally_green,5,5,0
most_maternal,5,5,0
overly_entertaining,5,5,0
overly_fatigued,5,5,0
really_early,5,5,0
so_extinct,5,5,0
too_mystical,5,3,2
quite_spiritual,5,5,0
even_satisfying,5,5,0
overly_available,5,5,0
materially_important,5,4,1
totally_friendly,5,5,0
likely_more,5,5,0
emotionally_reactive,5,5,0
most_other,5,5,0
totally_explicit,5,4,1
unduly_large,5,5,0
unduly_lenient,5,5,0
visually_inspiring,5,4,1
overtly_comedic,5,5,0
entirely_miserable,5,5,0
consistently_accessible,5,5,0
even_sentient,5,5,0
uncomfortably_high,5,5,0
just_elite,5,5,0
entirely_incapable,5,5,0
all_legal,5,5,0
slightly_terrifying,5,5,0
all_legitimate,5,5,0
just_watchable,5,5,0
materially_adverse,5,5,0
considerably_smaller,5,4,1
actually_mandatory,5,5,0
socially_important,5,5,0
entirely_inaccessible,5,5,0
too_summery,5,5,0
quite_spacious,5,4,1
most_online,5,5,0
so_premature,5,5,0
more_bummed,5,5,0
most_extraordinary,5,5,0
more_confrontational,5,5,0
uncomfortably_warm,5,5,0
even_passionate,5,5,0
likely_relevant,5,5,0
quite_touching,5,4,1
really_deaf,5,5,0
so_optional,5,5,0
already_proficient,5,5,0
most_noticeable,5,5,0
most_notorious,5,5,0
equally_significant,5,5,0
specifically_political,5,4,1
entirely_military,5,5,0
so_warped,5,5,0
particularly_homophobic,5,5,0
more_congruent,5,4,1
just_courteous,5,5,0
just_effortless,5,5,0
particularly_maternal,5,5,0
particularly_materialistic,5,5,0
so_opposite,5,5,0
too_introspective,5,5,0
just_electric,5,5,0
less_breathtaking,5,5,0
quite_transcendent,5,5,0
only_uninspiring,5,5,0
very_specialized,5,5,0
really_appreciative,5,5,0
most_free,5,5,0
unduly_pessimistic,5,5,0
especially_good-looking,5,5,0
entirely_justified,5,5,0
particularly_chatty,5,5,0
consistently_open,5,4,1
overly_erotic,5,4,1
most_gruesome,5,5,0
less_cold,5,4,1
even_prone,5,5,0
less_comforting,5,4,1
only_unparalleled,5,5,0
just_discretionary,5,5,0
only_unpaid,5,5,0
most_groundbreaking,5,5,0
particularly_catholic,5,5,0
always_bald,5,5,0
particularly_anti-american,5,5,0
desperately_sad,5,5,0
emotionally_connected,5,5,0
more_closer,5,5,0
too_steamy,5,5,0
linguistically_related,5,5,0
so_aerodynamic,5,5,0
traditionally_strong,5,5,0
quite_tangy,5,5,0
always_brighter,5,5,0
particularly_nationalistic,5,5,0
overly_enticing,5,5,0
less_commercial,5,5,0
so_advisable,5,5,0
less_chic,5,1,4
so_perky,5,5,0
less_christian,5,3,2
overly_willing,5,5,0
most_hopeful,5,5,0
meaningfully_better,5,5,0
so_past,5,5,0
so_fast-paced,5,5,0
permanently_safe,5,5,0
all_worthwhile,5,4,1
even_prevalent,5,5,0
all_inevitable,5,5,0
particularly_human,5,4,1
all_worrisome,5,5,0
actually_okay,5,5,0
most_heroic,5,5,0
most_heinous,5,5,0
truly_captivating,5,4,1
consistently_powerful,5,5,0
entirely_lawful,5,5,0
consistently_satisfying,5,5,0
most_harmonious,5,5,0
well_pleasing,5,5,0
so_airy,5,5,0
so_airtight,5,4,1
so_pedestrian,5,4,1
really_attributable,5,5,0
even_precise,5,5,0
only_unrecognized,5,5,0
totally_evident,5,5,0
even_proficient,5,5,0
miserably_hot,5,5,0
really_astounding,5,3,2
maximally_great,5,5,0
so_plush,5,5,0
consistently_superior,5,4,1
most_knowledgable,5,5,0
really_revelatory,5,2,3
quite_thrilling,5,5,0
just_demeaning,5,5,0
entirely_interesting,5,5,0
so_overjoyed,5,5,0
most_good,5,5,0
less_cautious,5,4,1
less_compatible,5,5,0
so_polished,5,5,0
even_reproducible,5,5,0
particularly_chummy,5,5,0
even_republican,5,5,0
consistently_true,5,5,0
so_overblown,5,5,0
also_costly,5,5,0
just_delighted,5,5,0
quite_tiny,5,5,0
so_analytical,5,5,0
particularly_breathtaking,5,3,2
always_charitable,5,5,0
overtly_autobiographical,5,4,1
really_cynical,5,4,1
too_stale,5,5,0
most_frugal,5,5,0
so_fervent,5,5,0
particularly_modest,5,5,0
only_unlucky,5,5,0
very_snug,5,5,0
consistently_happy,5,5,0
so_disgraceful,5,3,2
most_insidious,5,5,0
more_circumspect,5,5,0
totally_enough,5,5,0
all_wacky,5,5,0
just_determined,5,5,0
all_interchangeable,5,5,0
unduly_coercive,5,5,0
mathematically_precise,5,5,0
only_unmatched,5,5,0
just_derogatory,5,5,0
really_reusable,5,5,0
entirely_invincible,5,5,0
always_awkward,5,5,0
consistently_inconsistent,5,5,0
so_overweight,5,5,0
particularly_horrific,5,5,0
even_recent,5,5,0
emotionally_equipped,5,5,0
too_murky,5,5,0
especially_handy,5,5,0
particularly_british,5,5,0
miserably_cold,5,5,0
even_polish,5,5,0
consistently_higher,5,5,0
most_intricate,5,5,0
so_factual,5,5,0
massively_useful,5,5,0
most_explicit,5,5,0
particularly_mystical,5,2,3
especially_huge,5,4,1
just_colourful,5,5,0
even_technical,5,5,0
just_characteristic,5,5,0
most_scary,5,5,0
just_collaborative,5,5,0
so_archaic,5,5,0
wholly_popular,5,5,0
just_charismatic,5,5,0
massively_interesting,5,4,1
always_conspicuous,5,5,0
overly_unusual,5,4,1
most_scholarly,5,5,0
so_venomous,5,5,0
consciously_evil,5,5,0
totally_green,5,5,0
most_disciplined,5,4,1
so_raunchy,5,5,0
quite_unlimited,5,5,0
constantly_dependable,5,5,0
just_coherent,5,5,0
conceptually_different,5,5,0
massively_interested,5,5,0
just_clumsy,5,4,1
all_magical,5,5,0
so_quantifiable,5,5,0
unequivocally_bad,5,5,0
just_comical,5,5,0
truly_consensual,5,5,0
so_punctual,5,5,0
entirely_mythical,5,4,1
quite_ugly,5,5,0
also_applicable,5,5,0
quite_skinny,5,5,0
emotionally_wrenching,5,4,1
always_compassionate,5,5,0
especially_eye-catching,5,4,1
particularly_astounding,5,4,1
always_contentious,5,5,0
entirely_hyperbolic,5,5,0
so_purple,5,5,0
so_purposeful,5,5,0
just_unnerving,5,5,0
totally_gross,5,4,1
totally_creepy,5,5,0
particularly_comic,5,3,2
just_wireless,5,5,0
really_akin,5,5,0
too_insensitive,5,5,0
wholly_secure,5,5,0
constantly_happy,5,5,0
so_vexing,5,5,0
personally_invasive,5,5,0
overtly_discriminatory,5,5,0
especially_faithful,5,5,0
most_strenuous,5,5,0
constantly_essential,5,5,0
all_lush,5,5,0
constantly_evident,5,5,0
even_nuclear,5,5,0
massively_helpful,5,5,0
medically_correct,5,5,0
even_superficial,5,5,0
most_terrifying,5,5,0
too_beefy,5,5,0
even_superstitious,5,5,0
just_witty,5,5,0
even_surgical,5,5,0
too_meticulous,5,5,0
actually_knowledgeable,5,5,0
actually_japanese,5,5,0
most_stringent,5,5,0
so_various,5,5,0
so_evasive,5,5,0
so_asinine,5,5,0
over_sexualized,5,5,0
all_autobiographical,5,5,0
only_unfavorable,5,5,0
even_notable,5,5,0
so_variable,5,5,0
only_unfeasible,5,5,0
medically_capable,5,5,0
always_concrete,5,5,0
likely_bad,5,5,0
entirely_honourable,5,5,0
entirely_homogenous,5,5,0
so_aspirational,5,5,0
so_venerable,5,5,0
readily_capable,5,5,0
most_simplistic,5,4,1
always_amiable,5,5,0
most_small,5,5,0
overly_traditional,5,4,1
constantly_functional,5,5,0
always_american,5,5,0
likely_close,5,5,0
just_ethereal,5,5,0
particularly_loving,5,5,0
even_such,5,5,0
very_spirited,5,5,0
totally_current,5,5,0
really_ridiculous,5,5,0
so_rad,5,5,0
just_unlocked,5,5,0
unbelievably_soft,5,5,0
actually_larger,5,5,0
entirely_hollow,5,5,0
likely_feasible,5,5,0
readily_attainable,5,5,0
actually_little,5,5,0
only_unfunny,5,5,0
even_sincere,5,5,0
distinctly_male,5,5,0
too_narcissistic,5,5,0
overly_elegant,5,5,0
overtly_confrontational,5,5,0
particularly_comfy,5,5,0
actually_passionate,5,5,0
entirely_mortal,5,5,0
all_universal,5,5,0
too_irksome,5,5,0
even_skinny,5,5,0
over_tight,5,5,0
also_better,5,5,0
less_bleak,5,5,0
digitally_searchable,5,5,0
only_untrained,5,5,0
morally_complex,5,4,1
more_bigger,5,3,2
overly_basic,5,5,0
quite_snappy,5,5,0
actually_low,5,5,0
so_vacant,5,5,0
dimly_aware,5,5,0
all_truthful,5,5,0
totally_discouraged,5,5,0
so_profane,5,5,0
totally_functional,5,5,0
just_weekly,5,5,0
just_unlikable,5,5,0
mechanically_knowledgeable,5,5,0
really_ample,5,5,0
just_contextual,5,5,0
actually_political,5,5,0
quite_unpleasant,5,5,0
especially_enticing,5,5,0
considerably_larger,5,5,0
slightly_suspicious,5,5,0
overly_unpleasant,5,5,0
totally_disingenuous,5,5,0
always_collaborative,5,5,0
particularly_autobiographical,5,5,0
more_conscientious,5,5,0
unduly_punitive,5,5,0
electrically_active,5,5,0
particularly_major,5,3,2
all_meaningless,5,5,0
most_pressing,5,5,0
only_unsolved,5,5,0
just_contemporary,5,5,0
most_pretty,5,5,0
particularly_colourful,5,5,0
always_commercial,5,5,0
entirely_gratifying,5,5,0
most_protective,5,5,0
almost_dead,5,5,0
even_smooth,5,5,0
just_wholesome,5,5,0
all_linear,5,5,0
just_captivating,5,5,0
particularly_hurtful,5,5,0
slightly_morbid,5,5,0
particularly_lyrical,5,4,1
entirely_idyllic,5,5,0
most_relatable,5,5,0
just_complacent,5,5,0
socially_ready,5,5,0
too_insecure,5,5,0
most_equitable,5,5,0
even_solid,5,5,0
unduly_uncomfortable,5,5,0
so_obsolete,5,5,0
too_merciful,5,3,2
actually_local,5,5,0
especially_false,5,5,0
most_unexpected,5,5,0
consciously_racist,5,5,0
constantly_better,5,5,0
particularly_arousing,5,5,0
uncomfortably_full,5,5,0
more_constitutional,5,3,2
most_quotable,5,5,0
most_erudite,5,5,0
socially_mature,5,5,0
entirely_musical,5,5,0
always_alive,5,5,0
most_rare,5,5,0
massively_dissimilar,5,5,0
consciously_willing,5,5,0
more_boisterous,5,5,0
particularly_macho,5,5,0
directly_actionable,5,5,0
even_orange,5,5,0
just_canadian,5,5,0
more_accustomed,4,4,0
less_firm,4,4,0
particularly_inappropriate,4,3,1
fully_welcoming,4,4,0
generally_talented,4,4,0
overly_intricate,4,3,1
often_dangerous,4,4,0
morally_uplifting,4,4,0
less_cohesive,4,3,1
overly_creepy,4,4,0
so_flaky,4,4,0
terribly_cost-efficient,4,4,0
terribly_cost-effective,4,4,0
generally_worried,4,4,0
mind-numbingly_bad,4,3,1
offensively_stupid,4,4,0
less_confrontational,4,4,0
really_useless,4,4,0
merely_successful,4,4,0
less_final,4,3,1
quite_cheeky,4,4,0
pretty_comfortable,4,3,1
only_overt,4,4,0
more_abrupt,4,4,0
particularly_horrifying,4,4,0
really_versatile,4,4,0
regionally_specific,4,4,0
so_fluid,4,4,0
less_fantastical,4,4,0
generally_violent,4,4,0
generally_anxious,4,4,0
objectively_worse,4,3,1
remotely_asian,4,3,1
terribly_daring,4,4,0
functionally_better,4,4,0
so_flustered,4,4,0
quite_cartoony,4,4,0
fully_workable,4,4,0
really_constitutional,4,4,0
officially_responsible,4,4,0
officially_public,4,4,0
often_black,4,4,0
pretty_chilly,4,4,0
really_vulgar,4,4,0
more_abnormal,4,3,1
generally_cheap,4,4,0
so_finest,4,4,0
once_boring,4,4,0
quite_conceivable,4,4,0
particularly_inconsistent,4,2,2
minimally_acceptable,4,4,0
less_fatal,4,4,0
often_appropriate,4,4,0
functionally_able,4,4,0
technologically_viable,4,4,0
terribly_demanding,4,4,0
once_bored,4,4,0
often_attainable,4,4,0
overly_insulting,4,4,0
more_abysmal,4,4,0
less_complimentary,4,4,0
presently_competent,4,4,0
remotely_abstract,4,0,4
overly_instinctive,4,4,0
officially_clear,4,4,0
less_exuberant,4,4,0
overly_insistent,4,4,0
really_content,4,4,0
particularly_holy,4,4,0
less_fearsome,4,4,0
less_ferocious,4,4,0
merely_susceptible,4,4,0
officially_celebrated,4,4,0
really_smarter,4,4,0
officially_active,4,4,0
terribly_crafty,4,4,0
merely_ugly,4,4,0
somewhat_bizarre,4,4,0
more_accomplished,4,4,0
merely_thin,4,4,0
officially_ours,4,4,0
really_villainous,4,4,0
merely_terrifying,4,4,0
functionally_complete,4,3,1
really_vertical,4,4,0
quite_caring,4,4,0
generally_unique,4,4,0
only_nonexistent,4,4,0
particularly_incompetent,4,4,0
less_congested,4,4,0
particularly_hoppy,4,4,0
officially_extinct,4,4,0
so_finite,4,4,0
particularly_higher,4,4,0
terribly_daunting,4,4,0
terminally_stupid,4,4,0
merely_theological,4,4,0
so_flattered,4,4,0
presently_accessible,4,4,0
somewhat_anxious,4,4,0
less_earnest,4,4,0
reliably_red,4,4,0
obviously_untrue,4,4,0
less_depressed,4,4,0
generally_positive,4,4,0
obviously_necessary,4,4,0
reasonably_practical,4,4,0
obviously_negative,4,3,1
merely_white,4,4,0
particularly_identifiable,4,4,0
so_exasperating,4,4,0
only_orange,4,4,0
so_german,4,4,0
reliably_open,4,4,0
generally_painful,4,4,0
obviously_malicious,4,4,0
fundamentally_happy,4,4,0
so_enough,4,4,0
predominately_black,4,4,0
generally_optimistic,4,4,0
quite_biblical,4,4,0
fundamentally_honest,4,4,0
reasonably_particular,4,4,0
less_desirous,4,4,0
less_appetizing,4,2,2
overly_divisive,4,3,1
reasonably_careful,4,4,0
less_despicable,4,4,0
only_overdone,4,4,0
reliably_republican,4,4,0
fundamentally_transformative,4,3,1
overly_encouraging,4,4,0
quite_comforting,4,3,1
so_encouraged,4,4,0
overly_dissimilar,4,4,0
generally_friendly,4,4,0
less_egregious,4,4,0
generally_full,4,4,0
merely_verbal,4,4,0
terribly_applicable,4,4,0
quite_bent,4,4,0
obviously_white,4,4,0
less_effusive,4,4,0
somehow_superior,4,4,0
technologically_competent,4,4,0
particularly_greasy,4,4,0
quite_cinematic,4,4,0
religiously_active,4,4,0
so_garish,4,4,0
so_exemplary,4,4,0
obviously_vital,4,4,0
reasonably_achievable,4,4,0
fundamentally_unique,4,3,1
overly_emphatic,4,4,0
terribly_ashamed,4,4,0
morally_guilty,4,4,0
often_relevant,4,4,0
overly_geeky,4,4,0
often_related,4,4,0
overly_disturbed,4,4,0
overly_embarrassing,4,2,2
so_exacting,4,4,0
obviously_talented,4,4,0
terribly_atypical,4,4,0
morally_comfortable,4,2,2
morally_capable,4,4,0
terribly_beneficial,4,4,0
morally_certain,4,4,0
relentlessly_positive,4,4,0
reasonably_confident,4,4,0
only_opportunistic,4,4,0
often_new,4,4,0
less_artful,4,4,0
less_disconcerting,4,3,1
less_dignified,4,4,0
less_ashamed,4,4,0
reliably_able,4,4,0
so_equivocal,4,3,1
obviously_revolutionary,4,3,1
technically_underwater,4,4,0
so_erotic,4,3,1
reasonably_diligent,4,4,0
reliably_democratic,4,4,0
terribly_bothersome,4,4,0
generally_lethal,4,4,0
overly_groundbreaking,4,3,1
terribly_bored,4,4,0
so_granular,4,4,0
often_misunderstood,4,4,0
technically_vegan,4,4,0
often_mistaken,4,4,0
less_astute,4,4,0
less_auspicious,4,4,0
often_painful,4,4,0
terribly_brisk,4,4,0
so_gothic,4,4,0
particularly_hard-hitting,4,4,0
generally_nice,4,4,0
less_beneficial,4,4,0
readily_digestible,4,4,0
generally_higher,4,4,0
overly_glaring,4,2,2
overly_hefty,4,4,0
overly_gooey,4,4,0
obviously_supernatural,4,2,2
less_bellicose,4,4,0
terribly_auspicious,4,4,0
obviously_spectacular,4,4,0
quite_bizarre,4,4,0
often_positive,4,4,0
morally_advanced,4,4,0
generally_negative,4,4,0
morally_appropriate,4,4,0
often_interesting,4,4,0
less_distinguished,4,4,0
often_pleasant,4,4,0
obviously_offensive,4,3,1
reasonably_justifiable,4,4,0
less_detrimental,4,3,1
technically_unsafe,4,4,0
presently_suitable,4,4,0
fundamentally_interested,4,4,0
reasonably_incidental,4,4,0
terribly_awkward,4,4,0
really_delighted,4,4,0
generally_productive,4,4,0
really_contrary,4,3,1
quite_calm,4,4,0
remarkably_high,4,4,0
generally_strong,4,4,0
moderately_successful,4,4,0
militarily_ready,4,4,0
less_abstract,4,4,0
overly_decorative,4,4,0
really_slutty,4,3,1
relatively_good,4,4,0
so_heartfelt,4,4,0
terribly_agile,4,4,0
remarkably_fast,4,4,0
generally_short,4,4,0
technically_robust,4,4,0
only_outspoken,4,4,0
so_heated,4,4,0
merely_unjustified,4,4,0
particularly_golden,4,4,0
reasonably_sufficient,4,4,0
particularly_humane,4,4,0
overly_destructive,4,4,0
merely_unnatural,4,4,0
often_free,4,4,0
quite_bullish,4,3,1
less_adept,4,4,0
merely_unpopular,4,4,0
reasonably_secure,4,4,0
generally_satisfied,4,4,0
so_fragmented,4,4,0
functionally_useful,4,4,0
functionally_strong,4,4,0
overly_dismayed,4,4,0
often_effortless,4,4,0
less_exacting,4,4,0
so_forgettable,4,4,0
remarkably_new,4,0,4
often_eager,4,4,0
less_coherent,4,4,0
sometimes_dangerous,4,4,0
technically_racist,4,4,0
offensively_strong,4,4,0
obviously_american,4,4,0
relatively_clean,4,4,0
so_eclectic,4,4,0
functionally_related,4,4,0
terribly_convinced,4,4,0
merely_understandable,4,4,0
recently_dead,4,4,0
so_forgivable,4,4,0
terribly_aerodynamic,4,4,0
terribly_conversant,4,4,0
really_western,4,4,0
generally_superior,4,4,0
quite_cheesy,4,4,0
technologically_inept,4,4,0
terribly_affectionate,4,4,0
so_edifying,4,4,0
legitimately_funny,4,4,0
obviously_beautiful,4,4,0
sometimes_wrong,4,4,0
so_educational,4,4,0
overly_hyperbolic,4,4,0
really_core,4,4,0
further_afield,4,4,0
religiously_important,4,4,0
particularly_humid,4,4,0
fundamentally_corrupt,4,4,0
overly_engaging,4,3,1
generally_favorable,4,4,0
mildly_surprised,4,4,0
less_burdensome,4,3,1
relatively_rich,4,3,1
quite_chic,4,4,0
religiously_minded,4,4,0
less_aggravating,4,3,1
so_haphazard,4,4,0
only_omnipresent,4,4,0
less_elusive,4,4,0
particularly_gratifying,4,4,0
quite_commonplace,4,4,0
so_fruity,4,4,0
only_ordinary,4,4,0
so_exploratory,4,4,0
overly_honest,4,4,0
generally_public,4,4,0
overly_disappointing,4,4,0
quite_brutal,4,4,0
often_straight,4,4,0
realy_good,4,4,0
so_empathic,4,4,0
obviously_ill,4,4,0
generally_forthcoming,4,4,0
often_sick,4,3,1
generally_excited,4,4,0
overly_fresh,4,4,0
really_deadly,4,4,0
only_omnipotent,4,4,0
fundamentally_better,4,4,0
so_elemental,4,2,2
remarkably_deep,4,3,1
so_eligible,4,4,0
obviously_derivative,4,4,0
off_more,4,4,0
merely_unrealistic,4,4,0
often_sure,4,4,0
remarkably_consistent,4,4,0
militarily_active,4,4,0
terribly_comprehensive,4,4,0
less_energetic,4,3,1
so_elitist,4,4,0
technically_sharp,4,4,0
particularly_heartwarming,4,4,0
generally_representative,4,4,0
technically_significant,4,4,0
relatively_painless,4,4,0
often_sufficient,4,4,0
overly_fragrant,4,4,0
merely_unsupported,4,4,0
generally_essential,4,4,0
quite_bulletproof,4,4,0
less_affecting,4,4,0
less_affectionate,4,3,1
less_enchanting,4,4,0
fundamentally_concerned,4,4,0
really_considerable,4,4,0
only_threatening,4,4,0
less_focused,4,4,0
massively_productive,4,4,0
so_pressing,4,4,0
terribly_scared,4,4,0
so_prickly,4,4,0
only_contemptible,4,4,0
overtly_competitive,4,4,0
overtly_complex,4,1,3
terribly_secretive,4,4,0
only_contemptuous,4,4,0
so_privy,4,4,0
particularly_authoritative,4,4,0
only_continuous,4,4,0
only_fascist,4,4,0
overtly_corrupt,4,4,0
probably_good,4,4,0
really_altruistic,4,4,0
so_virtual,4,4,0
probably_illegal,4,4,0
purely_imaginary,4,4,0
so_promiscuous,4,4,0
only_far-fetched,4,4,0
so_prophetic,4,4,0
particularly_attuned,4,4,0
only_convinced,4,4,0
really_alright,4,4,0
purely_humanitarian,4,3,1
literally_naked,4,4,0
particularly_beefy,4,4,0
probably_easy,4,4,0
only_fearsome,4,4,0
only_figurative,4,4,0
flatly_contradictory,4,4,0
only_consensual,4,4,0
terribly_rigid,4,4,0
so_wearable,4,4,0
only_feminist,4,4,0
really_troublesome,4,4,0
probably_closer,4,4,0
purely_literal,4,4,0
so_practicable,4,4,0
literally_illegal,4,4,0
particularly_bloodthirsty,4,4,0
fiscally_smart,4,4,0
only_conspicuous,4,4,0
really_anti-social,4,4,0
literally_insane,4,4,0
fiscally_unsustainable,4,4,0
terribly_salty,4,4,0
materially_real,4,4,0
particularly_black,4,3,1
real_cheery,4,4,0
so_voluptuous,4,2,2
only_fatter,4,4,0
so_pregnant,4,4,0
purely_human,4,4,0
so_psychotic,4,4,0
only_final,4,4,0
only_cooperative,4,4,0
massively_difficult,4,4,0
only_expired,4,4,0
really_advantageous,4,4,0
terribly_sticky,4,4,0
terribly_straightforward,4,4,0
particularly_annoyed,4,4,0
overtly_expensive,4,4,0
firmly_enough,4,4,0
so_reclusive,4,4,0
only_experimental,4,4,0
massively_confident,4,4,0
particularly_amicable,4,4,0
massively_concerned,4,4,0
massively_clever,4,4,0
so_relieved,4,4,0
only_exhausted,4,4,0
terribly_stylish,4,4,0
so_replete,4,4,0
so_republican,4,4,0
terribly_substantive,4,3,1
particularly_alert,4,4,0
so_resentful,4,4,0
professionally_interested,4,4,0
financially_transparent,4,4,0
so_resident,4,4,0
terribly_stealthy,4,4,0
particularly_apologetic,4,4,0
massively_easy,4,4,0
only_counter-intuitive,4,4,0
terribly_showy,4,2,2
particularly_aspirational,4,4,0
probably_old,4,4,0
only_corrosive,4,4,0
probably_safe,4,4,0
only_costlier,4,4,0
terribly_sincere,4,4,0
purely_geometric,4,4,0
terribly_soft,4,4,0
overtly_disrespectful,4,4,0
really_agreeable,4,4,0
really_tense,4,4,0
really_affectionate,4,4,0
massively_high,4,4,0
particularly_arrogant,4,4,0
first_good,4,4,0
really_agitated,4,4,0
terribly_speedy,4,4,0
particularly_aromatic,4,4,0
so_radioactive,4,4,0
so_rambunctious,4,4,0
massively_famous,4,4,0
terribly_squeamish,4,4,0
particularly_appreciative,4,4,0
only_filthy,4,4,0
particularly_boring,4,4,0
purely_economical,4,4,0
mechanically_complex,4,4,0
particularly_compact,4,4,0
only_hardcore,4,4,0
only_cliched,4,4,0
purely_practical,4,4,0
particularly_committed,4,4,0
likely_correct,4,4,0
likely_disappointed,4,4,0
terribly_odd,4,3,1
medically_acceptable,4,4,0
only_grotesque,4,4,0
mechanically_stable,4,4,0
likely_illegal,4,4,0
overly_uncomfortable,4,3,1
mechanically_possible,4,4,0
only_clumsy,4,4,0
primarily_scientific,4,4,0
socially_graceful,4,4,0
terribly_particular,4,4,0
socially_friendly,4,4,0
only_collectible,4,4,0
particularly_cogent,4,4,0
formally_vacant,4,4,0
purely_peaceful,4,4,0
likely_strong,4,4,0
formally_responsible,4,4,0
medically_effective,4,4,0
terribly_nutritious,4,4,0
medically_healthy,4,4,0
medically_treatable,4,4,0
mentally_agile,4,4,0
terribly_modern,4,4,0
socially_unjust,4,3,1
really_bilingual,4,4,0
overly_tense,4,4,0
memorably_bad,4,4,0
less_wary,4,4,0
freely_usable,4,4,0
medically_urgent,4,4,0
particularly_confrontational,4,4,0
terribly_neat,4,4,0
only_hideous,4,4,0
medically_hopeless,4,4,0
only_heterosexual,4,4,0
less_white,4,4,0
less_wicked,4,4,0
less_wild,4,4,0
less_wondrous,4,4,0
terribly_noble,4,4,0
so_noxious,4,3,1
less_worse,4,4,0
so_obligatory,4,4,0
medically_impossible,4,4,0
medically_important,4,4,0
really_average,4,4,0
socially_dangerous,4,4,0
mathematically_complex,4,4,0
measurably_worse,4,4,0
only_frightened,4,4,0
terribly_proficient,4,4,0
particularly_cerebral,4,4,0
so_worse,4,4,0
so_permissive,4,4,0
so_worrying,4,4,0
particularly_cautious,4,4,0
only_forthcoming,4,4,0
probably_accurate,4,3,1
so_wooden,4,4,0
so_petite,4,4,0
purely_medical,4,4,0
only_formative,4,4,0
really_astonishing,4,4,0
mathematically_optimal,4,4,0
forever_easy,4,4,0
so_plump,4,4,0
particularly_brisk,4,4,0
so_polarizing,4,4,0
terribly_related,4,4,0
mathematically_equal,4,4,0
only_concise,4,4,0
so_populist,4,3,1
terribly_remote,4,4,0
particularly_breathable,4,4,0
particularly_characteristic,4,4,0
formally_audacious,4,4,0
really_symbolic,4,4,0
so_overused,4,4,0
really_automatic,4,4,0
measurably_intelligent,4,4,0
likewise_best,4,4,0
overly_vivid,4,4,0
measurably_happier,4,4,0
only_germane,4,4,0
meaningfully_related,4,4,0
primarily_theological,4,4,0
particularly_chuffed,4,4,0
so_oversized,4,4,0
overly_watery,4,4,0
only_genetic,4,4,0
so_patriarchal,4,4,0
particularly_chinese,4,3,1
only_gendered,4,4,0
terribly_potent,4,4,0
particularly_chilly,4,4,0
overly_wealthy,4,4,0
meaningfully_less,4,4,0
overly_weird,4,4,0
overly_wicked,4,4,0
formally_due,4,4,0
so_paltry,4,3,1
so_passe,4,4,0
terribly_superstitious,4,4,0
locally_popular,4,4,0
only_chilly,4,4,0
longer_sustainable,4,4,0
longer_worried,4,4,0
overwhelmingly_beautiful,4,4,0
real_small,4,4,0
properly_deferential,4,4,0
overwhelmingly_bright,4,4,0
properly_detailed,4,4,0
far_underwater,4,4,0
longer_convenient,4,4,0
overwhelmingly_challenging,4,4,0
longer_correct,4,4,0
far_simpler,4,4,0
painfully_dull,4,4,0
so_treatable,4,4,0
only_ecstatic,4,4,0
real_showy,4,3,1
far_richer,4,4,0
far_out,4,4,0
far_other,4,1,3
real_short,4,4,0
so_trashy,4,4,0
longer_dependent,4,4,0
real_large,4,4,0
overwhelmingly_dark,4,4,0
only_eastern,4,4,0
painfully_bad,4,4,0
overwhelmingly_awesome,4,4,0
terrifically_important,4,3,1
terrifically_happy,4,4,0
so_spot-on,4,3,1
only_derivative,4,4,0
so_spartan,4,4,0
lyrically_deep,4,4,0
finally_free,4,4,0
longer_accurate,4,4,0
only_elite,4,4,0
lyrically_complex,4,4,0
real_steep,4,3,1
so_uncanny,4,4,0
longer_appropriate,4,4,0
fiercely_protective,4,3,1
so_unassailable,4,4,0
only_elaborate,4,4,0
terribly_wild,4,4,0
so_stagnant,4,4,0
properly_cold,4,4,0
terribly_worse,4,4,0
real_soft,4,4,0
loosely_related,4,4,0
longer_competitive,4,4,0
properly_controllable,4,4,0
only_devious,4,4,0
longer_confident,4,4,0
real_inspiring,4,4,0
far_heavier,4,4,0
that_able,4,4,0
painfully_loud,4,4,0
longer_suitable,4,4,0
overwhelmingly_religious,4,4,0
so_summery,4,4,0
really_thrilling,4,4,0
longer_innocent,4,4,0
that_agile,4,4,0
real_pushy,4,4,0
real_prolific,4,4,0
that_alluring,4,4,0
psychologically_fit,4,4,0
so_tenacious,4,4,0
only_disposable,4,4,0
psychologically_difficult,4,4,0
psychologically_dependent,4,4,0
overwhelmingly_optimistic,4,4,0
only_dogmatic,4,4,0
real_profitable,4,4,0
longer_productive,4,4,0
overwhelmingly_hard,4,4,0
longer_many,4,4,0
so_suspenseful,4,4,0
overwhelmingly_male,4,4,0
longer_operational,4,4,0
longer_new,4,4,0
only_divergent,4,4,0
overwhelmingly_interested,4,4,0
that_affected,4,4,0
overwhelmingly_republican,4,4,0
so_subversive,4,4,0
real_meaningful,4,4,0
longer_dominant,4,4,0
so_total,4,4,0
that_absolute,4,4,0
longer_sticky,4,4,0
psychologically_wrong,4,2,2
overwhelmingly_deep,4,4,0
properly_random,4,4,0
psychologically_unhealthy,4,3,1
properly_representative,4,4,0
so_stunned,4,4,0
properly_respectful,4,4,0
overwhelmingly_thick,4,4,0
overwhelmingly_sour,4,4,0
overwhelmingly_technical,4,4,0
properly_satisfied,4,4,0
psychologically_strong,4,4,0
that_adamant,4,4,0
longer_silent,4,4,0
overwhelmingly_surprising,4,3,1
longer_shocking,4,4,0
longer_feasible,4,4,0
real_religious,4,4,0
overwhelmingly_exciting,4,3,1
real_receptive,4,4,0
publicly_observable,4,4,0
real_sudden,4,4,0
so_resonant,4,4,0
overtly_powerful,4,4,0
terribly_talkative,4,4,0
purely_anecdotal,4,4,0
overtly_modern,4,1,3
manifestly_incompetent,4,4,0
overtly_monstrous,4,4,0
really_transferable,4,4,0
overtly_nefarious,4,3,1
manifestly_different,4,2,2
so_sandy,4,4,0
purely_administrative,4,4,0
real_cute,4,4,0
particularly_acidic,4,4,0
purely_accurate,4,4,0
particularly_accountable,4,4,0
only_dear,4,4,0
overtly_noticeable,4,4,0
logically_relevant,4,4,0
only_debatable,4,4,0
real_dark,4,4,0
real_wrong,4,4,0
partially_successful,4,4,0
publicly_willing,4,3,1
so_unlikable,4,4,0
publicly_vocal,4,4,0
financially_involved,4,4,0
logically_incompatible,4,4,0
so_rudimentary,4,4,0
financially_prosperous,4,4,0
profoundly_important,4,4,0
overtly_harmful,4,4,0
only_cunning,4,4,0
real_creative,4,3,1
overtly_hateful,4,4,0
overtly_homophobic,4,4,0
profoundly_deaf,4,4,0
so_unruly,4,4,0
so_unremarkable,4,3,1
so_rhythmic,4,3,1
financially_ruinous,4,4,0
purely_cognitive,4,4,0
overtly_liberal,4,3,1
particularly_addictive,4,4,0
only_customizable,4,4,0
financially_reliant,4,4,0
only_cuter,4,4,0
financially_reckless,4,4,0
only_daft,4,4,0
logically_different,4,4,0
purely_bad,4,4,0
only_erudite,4,4,0
overtly_loud,4,4,0
manifestly_wrong,4,4,0
profoundly_sad,4,4,0
publicly_verifiable,4,4,0
real_dynamic,4,3,1
so_southern,4,4,0
only_enlightened,4,4,0
properly_appreciative,4,4,0
madly_keen,4,4,0
publicly_outspoken,4,4,0
financially_burdensome,4,4,0
overtly_strong,4,4,0
so_underwhelming,4,4,0
properly_attributable,4,4,0
long_off,4,4,0
only_enchanting,4,4,0
so_underrated,4,4,0
financially_bankrupt,4,4,0
real_fussy,4,4,0
long_previous,4,4,0
financially_attainable,4,4,0
only_employable,4,4,0
long_satisfied,4,4,0
long_sufficient,4,4,0
financially_active,4,4,0
so_somber,4,3,1
so_unconscious,4,4,0
so_unconcerned,4,4,0
only_empirical,4,4,0
only_derelict,4,4,0
so_uncompromising,4,4,0
finally_satisfied,4,4,0
painfully_tight,4,4,0
publicly_popular,4,4,0
properly_alive,4,4,0
real_true,4,4,0
real_emotional,4,4,0
terribly_traditional,4,4,0
so_senseless,4,4,0
overtly_public,4,4,0
terribly_traumatic,4,4,0
mainly_hindu,4,4,0
logistically_simple,4,4,0
so_set,4,4,0
terribly_tricky,4,4,0
financially_fortunate,4,4,0
real_visible,4,4,0
terribly_true,4,4,0
financially_catastrophic,4,4,0
so_short-lived,4,4,0
only_definite,4,4,0
financially_easy,4,4,0
only_degrading,4,4,0
overtly_sensual,4,4,0
properly_accessible,4,4,0
real_flexible,4,4,0
properly_accurate,4,4,0
terribly_unfair,4,4,0
painfully_true,4,4,0
so_skimpy,4,4,0
so_nerdy,4,4,0
overly_tacky,4,4,0
really_consequential,4,3,1
only_argumentative,4,4,0
terribly_evident,4,4,0
merely_oppressive,4,4,0
so_industrious,4,4,0
only_antagonistic,4,4,0
less_intuitive,4,4,0
only_magic,4,4,0
only_maddening,4,4,0
only_luxury,4,4,0
less_irresponsible,4,4,0
less_irritating,4,4,0
only_lush,4,4,0
merely_obsolete,4,4,0
fully_native,4,4,0
fully_modular,4,4,0
merely_obscure,4,4,0
only_apropos,4,4,0
less_jewish,4,4,0
merely_objectionable,4,4,0
solely_stunning,4,4,0
only_architectural,4,4,0
less_laughable,4,4,0
only_arduous,4,4,0
merely_nostalgia,4,4,0
only_low-cost,4,4,0
less_liable,4,4,0
merely_optional,4,4,0
fully_okay,4,4,0
only_major,4,4,0
merely_pathetic,4,4,0
only_melodic,4,4,0
overly_meaty,4,4,0
really_unethical,4,2,2
only_amateurish,4,4,0
only_amazed,4,4,0
fully_plausible,4,4,0
really_sovereign,4,4,0
merely_perfunctory,4,4,0
terribly_energetic,4,4,0
only_amenable,4,4,0
fully_permanent,4,4,0
only_amoral,4,4,0
merely_ordinary,4,4,0
particularly_fanciful,4,2,2
less_intensive,4,4,0
so_indecisive,4,4,0
less_intent,4,4,0
only_masculine,4,4,0
fully_ours,4,4,0
fully_original,4,4,0
terribly_essential,4,4,0
overly_militaristic,4,4,0
only_manipulative,4,4,0
so_indiscriminate,4,4,0
quite_acquainted,4,4,0
really_colorful,4,4,0
particularly_faster,4,4,0
merely_moral,4,4,0
fully_interchangeable,4,4,0
less_mighty,4,4,0
merely_lazy,4,4,0
so_intangible,4,2,2
only_average,4,4,0
less_miserable,4,4,0
less_modern,4,3,1
less_modest,4,4,0
merely_irrational,4,4,0
so_intelligible,4,4,0
merely_intelligent,4,4,0
merely_insensitive,4,4,0
solely_present,4,4,0
solely_positive,4,4,0
terribly_fit,4,4,0
so_intransigent,4,3,1
fully_impressed,4,4,0
merely_inefficient,4,4,0
terribly_flavorful,4,4,0
fully_impartial,4,4,0
merely_ineffectual,4,4,0
less_nasty,4,4,0
overly_ornamental,4,4,0
really_closed,4,4,0
so_irate,4,4,0
only_autonomous,4,4,0
less_meticulous,4,4,0
fully_intuitive,4,4,0
fully_liberal,4,4,0
quite_achievable,4,4,0
so_ingrained,4,4,0
so_inherent,4,4,0
less_luxurious,4,4,0
so_inhumane,4,3,1
particularly_exhilarating,4,4,0
overly_new,4,1,3
particularly_exhausting,4,4,0
pretty_healthy,4,4,0
less_majestic,4,3,1
only_astonished,4,4,0
overly_obese,4,4,0
so_instrumental,4,4,0
fully_liable,4,4,0
particularly_excessive,4,4,0
less_marvelous,4,4,0
overly_objectionable,4,1,3
pretty_helpful,4,4,0
pretty_hilarious,4,4,0
solely_religious,4,4,0
particularly_exact,4,3,1
merely_logical,4,4,0
fully_jewish,4,4,0
fully_invisible,4,4,0
fully_practical,4,4,0
quite_afraid,4,4,0
less_numerous,4,4,0
fully_sick,4,4,0
so_ideological,4,4,0
only_actionable,4,4,0
so_idiosyncratic,4,4,0
fully_tangible,4,4,0
fully_tame,4,4,0
merely_shocked,4,4,0
less_fussy,4,4,0
particularly_forthright,4,4,0
less_gay,4,4,0
fully_sunny,4,4,0
less_gifted,4,4,0
less_glad,4,3,1
so_illegal,4,4,0
terribly_distinguishable,4,4,0
less_gracious,4,3,1
only_mute,4,4,0
so_illuminating,4,2,2
less_graphic,4,3,1
fully_straightforward,4,4,0
terribly_distraught,4,4,0
terribly_distressed,4,4,0
fully_solid,4,4,0
less_green,4,4,0
fully_smooth,4,4,0
overly_litigious,4,4,0
only_naughty,4,4,0
terribly_discerning,4,4,0
really_sociable,4,4,0
less_fragile,4,4,0
fully_useful,4,4,0
merely_structural,4,4,0
terribly_democratic,4,4,0
really_congruent,4,4,0
less_formal,4,4,0
fully_unlocked,4,4,0
overly_jarring,4,4,0
particularly_fuel-efficient,4,4,0
pretty_confident,4,4,0
really_unthinkable,4,4,0
pretty_convincing,4,4,0
so_hygienic,4,4,0
terribly_disappointing,4,4,0
only_next,4,4,0
quite_arbitrary,4,4,0
so_hyper,4,4,0
so_hyperbolic,4,4,0
only_newer,4,4,0
only_abrupt,4,4,0
merely_soft,4,4,0
less_fresh,4,4,0
overly_kind,4,4,0
pretty_cute,4,4,0
particularly_frequent,4,4,0
only_affluent,4,4,0
only_multifaceted,4,4,0
fully_preventable,4,4,0
particularly_foolproof,4,4,0
merely_radical,4,4,0
only_alert,4,4,0
so_impoverished,4,3,1
fully_resilient,4,4,0
fully_remote,4,4,0
pretty_familiar,4,4,0
only_allergic,4,4,0
less_humiliating,4,3,1
merely_problematic,4,4,0
fully_redundant,4,4,0
less_ideal,4,3,1
fully_receptive,4,4,0
less_ignorant,4,4,0
pretty_fast,4,4,0
only_misogynistic,4,4,0
solidly_democratic,4,4,0
overly_malty,4,4,0
overly_mannered,4,4,0
overly_materialistic,4,4,0
less_incredible,4,4,0
only_mexican,4,4,0
only_meticulous,4,4,0
so_incompatible,4,4,0
only_altruistic,4,4,0
so_inconsiderable,4,4,0
pretty_everyday,4,4,0
merely_random,4,4,0
merely_rare,4,4,0
pretty_dumb,4,3,1
so_immersive,4,4,0
less_hardy,4,4,0
only_muddy,4,4,0
merely_romantic,4,4,0
fully_self-sufficient,4,4,0
merely_rich,4,4,0
particularly_flush,4,4,0
terribly_durable,4,4,0
less_heartbreaking,4,4,0
merely_repressive,4,4,0
merely_representative,4,4,0
particularly_flawed,4,1,3
solidly_red,4,4,0
merely_reliant,4,4,0
pretty_effective,4,4,0
so_impervious,4,4,0
merely_relative,4,4,0
less_historic,4,4,0
so_imposing,4,4,0
merely_redundant,4,4,0
pretty_entertaining,4,4,0
merely_recreational,4,4,0
pretty_epic,4,4,0
really_unfamiliar,4,4,0
pretty_inexpensive,4,4,0
only_bespoke,4,4,0
overly_sudden,4,3,1
fully_analogous,4,4,0
particularly_desirous,4,4,0
previously_necessary,4,4,0
merely_circular,4,4,0
only_incendiary,4,4,0
fully_autobiographical,4,4,0
less_strident,4,4,0
solely_costly,4,4,0
particularly_demanding,4,3,1
particularly_delighted,4,4,0
previously_prone,4,4,0
so_meh,4,4,0
merely_brilliant,4,4,0
less_suitable,4,4,0
solely_competitive,4,4,0
merely_bland,4,4,0
only_calming,4,4,0
only_canadian,4,4,0
overly_sinister,4,4,0
particularly_deft,4,4,0
merely_benign,4,4,0
solely_clear,4,4,0
solely_christian,4,4,0
so_mesmerizing,4,3,1
fully_answerable,4,4,0
merely_awkward,4,4,0
merely_common,4,4,0
less_staggering,4,4,0
merely_complicit,4,4,0
previously_imaginable,4,4,0
only_broadcast,4,4,0
previously_conceivable,4,4,0
only_industrial,4,4,0
really_stronger,4,3,1
previously_economical,4,4,0
only_individualistic,4,4,0
overly_satisfying,4,3,1
solely_enough,4,4,0
so_lumpy,4,4,0
really_bulky,4,3,1
particularly_direct,4,2,2
merely_defensible,4,4,0
merely_contemplative,4,4,0
overly_scholarly,4,4,0
fully_civilized,4,4,0
terribly_hygienic,4,3,1
so_macabre,4,4,0
purely_western,4,4,0
terribly_ideal,4,4,0
fully_catholic,4,4,0
merely_cute,4,4,0
merely_costly,4,4,0
overly_self-indulgent,4,4,0
less_solemn,4,4,0
merely_awful,4,4,0
less_tenacious,4,4,0
less_sensible,4,4,0
merely_average,4,4,0
so_multicultural,4,4,0
overly_stout,4,4,0
only_identifiable,4,4,0
less_upset,4,4,0
terribly_irritating,4,4,0
mentally_lazy,4,4,0
less_vague,4,4,0
primarily_mental,4,4,0
less_valiant,4,4,0
less_vehement,4,4,0
primarily_musical,4,4,0
terribly_lengthy,4,4,0
particularly_contrite,4,4,0
only_hospitable,4,4,0
less_viable,4,4,0
primarily_muslim,4,4,0
terribly_logical,4,4,0
purely_reactive,4,4,0
terribly_loose,4,4,0
only_childlike,4,4,0
terribly_loyal,4,4,0
purely_reactionary,4,4,0
particularly_contagious,4,4,0
less_virulent,4,3,1
socially_useless,4,4,0
purely_residential,4,4,0
particularly_crispy,4,4,0
overly_sparkly,4,4,0
primarily_academic,4,4,0
only_immersive,4,4,0
solely_black,4,4,0
merely_attractive,4,4,0
terribly_inefficient,4,4,0
only_cerebral,4,4,0
particularly_danceable,4,4,0
solely_beneficial,4,4,0
so_minded,4,4,0
so_minimalist,4,4,0
less_tolerant,4,3,1
previously_willing,4,4,0
primarily_attributable,4,4,0
mentally_tougher,4,3,1
less_traditional,4,4,0
so_misunderstood,4,4,0
so_mixed,4,4,0
only_charitable,4,4,0
less_treacherous,4,4,0
merely_adequate,4,4,0
solely_artistic,4,4,0
merely_absent,4,4,0
less_truthful,4,3,1
less_typical,4,2,2
solely_american,4,4,0
particularly_disastrous,4,3,1
less_sensational,4,4,0
so_irish,4,4,0
overly_prickly,4,4,0
less_pleasurable,4,3,1
pretty_proud,4,4,0
merely_harmless,4,4,0
particularly_elastic,4,4,0
merely_happy,4,4,0
fully_fair,4,4,0
less_prejudiced,4,4,0
less_presidential,4,4,0
so_junior,4,4,0
fully_expressive,4,4,0
merely_gorgeous,4,4,0
so_justifiable,4,4,0
fully_experienced,4,3,1
so_kid-friendly,4,3,1
overly_presumptuous,4,4,0
solely_human,4,4,0
quickly_evident,4,4,0
merely_general,4,4,0
less_privileged,4,4,0
fully_excited,4,4,0
particularly_egalitarian,4,3,1
pretty_sad,4,3,1
pretty_safe,4,4,0
only_jaw-dropping,4,4,0
pretty_scary,4,4,0
fully_flat,4,4,0
fully_flexible,4,4,0
fully_focused,4,4,0
particularly_employable,4,4,0
less_odd,4,4,0
overly_patient,4,4,0
only_linear,4,4,0
overly_perfect,4,4,0
less_old,4,4,0
only_bewildering,4,4,0
so_irreplaceable,4,4,0
overly_permissive,4,4,0
only_likeable,4,4,0
less_pale,4,4,0
pretty_low,4,4,0
really_undecided,4,4,0
really_civilized,4,4,0
merely_ideal,4,4,0
so_irritable,4,4,0
overly_philosophical,4,4,0
overly_pink,4,3,1
only_legible,4,4,0
less_perverse,4,4,0
less_perverted,4,4,0
less_pessimistic,4,4,0
pretty_normal,4,3,1
merely_honest,4,4,0
pretty_positive,4,4,0
only_jarring,4,4,0
less_progressive,4,3,1
so_lower,4,4,0
terribly_greasy,4,4,0
fully_curable,4,4,0
particularly_distressing,4,4,0
overly_reckless,4,4,0
terribly_hip,4,4,0
solely_fun,4,4,0
less_respectful,4,3,1
only_insipid,4,4,0
merely_equal,4,4,0
merely_episodic,4,4,0
merely_enjoyable,4,4,0
merely_empty,4,4,0
merely_economical,4,4,0
overly_revealing,4,4,0
pretty_weird,4,4,0
pretty_young,4,4,0
merely_due,4,4,0
particularly_dissimilar,4,4,0
fully_congruent,4,4,0
overly_rosy,4,4,0
merely_disingenuous,4,4,0
only_infamous,4,4,0
merely_disgusting,4,4,0
overly_rude,4,4,0
solely_essential,4,4,0
so_low-key,4,4,0
pretty_strange,4,4,0
merely_european,4,4,0
solely_functional,4,4,0
particularly_eco-friendly,4,4,0
merely_frightening,4,4,0
less_promising,4,4,0
really_chilly,4,4,0
overly_profound,4,4,0
only_islamic,4,4,0
so_law-abiding,4,4,0
readily_receptive,4,4,0
less_quirky,4,4,0
pretty_sharp,4,4,0
overly_provocative,4,4,0
fully_dominant,4,4,0
less_reachable,4,4,0
merely_exceptional,4,4,0
particularly_dumb,4,4,0
really_characteristic,4,4,0
really_changeable,4,4,0
less_reckless,4,4,0
less_relaxed,4,4,0
overly_radical,4,4,0
pretty_solid,4,4,0
merely_expensive,4,4,0
overly_reactionary,4,4,0
fully_deaf,4,4,0
only_interchangeable,4,4,0
somewhat_comforting,4,4,0
outstandingly_original,4,2,2
genetically_capable,4,4,0
incredibly_amazing,4,3,1
nearly_busy,4,4,0
incredibly_awful,4,4,0
most_fair,4,4,0
nearly_clean,4,4,0
only_unskilled,4,4,0
incredibly_artistic,4,3,1
nearly_common,4,4,0
nearly_competent,4,4,0
just_eloquent,4,4,0
most_experimental,4,4,0
quite_tropical,4,4,0
sufficiently_armed,4,4,0
specifically_important,4,3,1
just_endangered,4,4,0
just_endearing,4,4,0
only_unsettled,4,4,0
significantly_shorter,4,4,0
nearly_correct,4,4,0
most_expansive,4,4,0
really_secretive,4,4,0
sufficiently_autonomous,4,4,0
perhaps_true,4,4,0
most_eventful,4,4,0
only_sinister,4,4,0
sufficiently_better,4,4,0
plain_offensive,4,4,0
most_epic,4,4,0
most_endangered,4,4,0
sufficiently_brilliant,4,4,0
most_elusive,4,4,0
most_fanatical,4,4,0
quite_naturalistic,4,4,0
naturally_sympathetic,4,4,0
most_frightening,4,4,0
naturally_waterproof,4,4,0
naturally_wavy,4,4,0
near_better,4,4,0
near_capable,4,4,0
near_complete,4,4,0
most_gratifying,4,4,0
plain_crazy,4,4,0
similarly_effective,4,4,0
incredibly_confident,4,4,0
permanently_injurious,4,4,0
sufficiently_adept,4,4,0
most_general,4,4,0
only_slick,4,4,0
only_slender,4,4,0
near_strong,4,4,0
only_unseen,4,4,0
quite_nervous,4,4,0
similarly_best,4,4,0
so_anti-social,4,4,0
quite_nerdy,4,4,0
most_fitting,4,4,0
most_festive,4,4,0
incredibly_charismatic,4,4,0
significantly_wrong,4,0,4
most_fervent,4,4,0
significantly_various,4,4,0
quite_top-notch,4,4,0
permanently_destructive,4,4,0
sufficiently_american,4,4,0
incredibly_big,4,4,0
increasingly_likely,4,3,1
nearly_familiar,4,4,0
perhaps_necessary,4,4,0
impressively_enough,4,4,0
only_urban,4,4,0
just_fairer,4,4,0
sufficiently_dangerous,4,4,0
most_consequential,4,4,0
just_fallible,4,4,0
quite_unworthy,4,4,0
nearly_representative,4,4,0
so_avid,4,4,0
specifically_helpful,4,4,0
most_compliant,4,4,0
sufficiently_depraved,4,4,0
nearly_scared,4,4,0
just_faulty,4,4,0
nearly_secure,4,4,0
just_fearful,4,4,0
most_eco-friendly,4,4,0
sufficiently_devout,4,4,0
nearly_short,4,4,0
just_ferocious,4,4,0
so_backward,4,4,0
sufficiently_dire,4,4,0
most_classic,4,4,0
nearly_skeptical,4,4,0
impossibly_small,4,3,1
nearly_smooth,4,4,0
most_civilian,4,4,0
quite_vacant,4,4,0
specifically_french,4,4,0
nearly_stable,4,4,0
sufficiently_durable,4,4,0
nearly_qualified,4,4,0
nearly_progressive,4,4,0
sufficiently_courageous,4,4,0
quite_moderate,4,4,0
nearly_frequent,4,4,0
increasingly_expensive,4,4,0
most_distinctive,4,4,0
just_exact,4,4,0
most_disruptive,4,3,1
perhaps_best,4,3,1
quite_mortal,4,4,0
increasingly_common,4,4,0
sufficiently_commercial,4,4,0
most_disadvantaged,4,4,0
sufficiently_compact,4,4,0
perhaps_aware,4,4,0
most_despicable,4,3,1
only_unused,4,4,0
nearly_indestructible,4,4,0
quite_unpopular,4,4,0
quite_monstrous,4,4,0
quite_unpredictable,4,4,0
significantly_distinguishable,4,4,0
most_dazzling,4,4,0
quite_monochromatic,4,4,0
sufficiently_concrete,4,4,0
quite_modest,4,4,0
sufficiently_conspicuous,4,4,0
most_cunning,4,4,0
most_crowded,4,4,0
so_authoritarian,4,4,0
so_authoritative,4,4,0
nearly_precise,4,4,0
naturally_tender,4,4,0
most_gregarious,4,4,0
nearly_stringent,4,4,0
naturally_artistic,4,4,0
incredibly_low,4,4,0
incredibly_loud,4,4,0
nationally_significant,4,4,0
naturally_abundant,4,4,0
naturally_acidic,4,4,0
quite_stale,4,4,0
simply_confident,4,4,0
only_sour,4,4,0
most_momentous,4,4,0
quite_static,4,4,0
specifically_personal,4,1,3
most_melodic,4,4,0
only_sound,4,4,0
just_custom,4,4,0
naturally_assertive,4,4,0
personally_accessible,4,4,0
slightly_worried,4,4,0
most_mainstream,4,4,0
quite_stretchy,4,4,0
naturally_blond,4,4,0
most_magical,4,4,0
naturally_brown,4,4,0
naturally_conducive,4,4,0
so_absorbent,4,4,0
naturally_creative,4,4,0
naturally_dangerous,4,4,0
naturally_dominant,4,4,0
just_deeper,4,4,0
just_defensible,4,4,0
simply_bizarre,4,4,0
most_motivated,4,4,0
most_mysterious,4,4,0
most_gripping,4,4,0
most_obscure,4,4,0
incredibly_profitable,4,4,0
incredibly_professional,4,4,0
only_unimaginative,4,4,0
substantially_true,4,4,0
slightly_uncomfortable,4,4,0
incredibly_predictable,4,4,0
just_cost-efficient,4,4,0
most_oppressed,4,4,0
physically_weaker,4,4,0
simply_descriptive,4,4,0
simply_derivative,4,4,0
physically_whole,4,3,1
just_cosy,4,4,0
narrowly_concerned,4,4,0
most_obedient,4,4,0
incredibly_misleading,4,4,0
personally_capable,4,4,0
most_nuanced,4,4,0
incredibly_pleasant,4,4,0
quite_onboard,4,4,0
narrowly_nationalistic,4,4,0
simply_curious,4,4,0
most_noteworthy,4,4,0
incredibly_old,4,4,0
personally_appealing,4,4,0
personally_anxious,4,4,0
personally_anti-semitic,4,4,0
quite_spot-on,4,4,0
personally_active,4,4,0
simply_cool,4,4,0
only_unknowable,4,4,0
physiologically_able,4,4,0
most_legible,4,4,0
naturally_positive,4,4,0
permanently_successful,4,4,0
most_ignorant,4,2,2
most_idyllic,4,4,0
incredibly_disrespectful,4,4,0
quite_numb,4,4,0
most_human,4,4,0
incredibly_disappointing,4,4,0
naturally_patient,4,4,0
simply_acceptable,4,4,0
so_alcoholic,4,4,0
naturally_photogenic,4,4,0
most_hopeless,4,4,0
quite_novel,4,4,0
quite_tedious,4,4,0
naturally_prone,4,4,0
most_legal,4,4,0
naturally_qualified,4,4,0
just_dodgy,4,4,0
specifically_legal,4,4,0
incredibly_cruel,4,4,0
most_guilty,4,4,0
just_dreadful,4,4,0
naturally_slim,4,4,0
incredibly_crowded,4,4,0
permanently_present,4,4,0
naturally_smooth,4,4,0
naturally_social,4,4,0
quite_nostalgic,4,3,1
naturally_soft,4,4,0
quite_threatening,4,4,0
quite_taut,4,4,0
simply_akin,4,4,0
incredibly_enjoyable,4,4,0
just_disinterested,4,4,0
simply_best,4,4,0
only_unlikable,4,4,0
quite_such,4,4,0
so_achievable,4,4,0
only_sociable,4,4,0
incredibly_handy,4,4,0
only_smug,4,4,0
just_derivative,4,4,0
naturally_generous,4,4,0
quite_surreal,4,4,0
incredibly_generous,4,4,0
only_unmistakable,4,4,0
just_despicable,4,4,0
incredibly_flavorful,4,4,0
incredibly_flashy,4,4,0
so_adroit,4,4,0
so_adult,4,4,0
really_retro,4,4,0
incredibly_famous,4,4,0
only_unoccupied,4,4,0
naturally_immortal,4,4,0
quite_obnoxious,4,4,0
quite_tantamount,4,4,0
so_aesthetic,4,4,0
physiologically_mature,4,4,0
just_disastrous,4,3,1
naturally_magnetic,4,4,0
incredibly_evident,4,4,0
simply_alive,4,4,0
nearly_stiff,4,4,0
quite_valid,4,4,0
only_unidentified,4,4,0
more_thrifty,4,3,1
just_hysterical,4,4,0
sufficiently_masculine,4,4,0
more_torturous,4,2,2
sufficiently_meaningful,4,4,0
sufficiently_mindful,4,4,0
really_quirky,4,4,0
perfectly_harmonious,4,4,0
sexually_confident,4,4,0
just_ill,4,4,0
quite_legendary,4,4,0
immediately_due,4,4,0
racially_aware,4,4,0
immediately_distinctive,4,2,2
quite_lean,4,4,0
just_illustrative,4,4,0
necessarily_delusional,4,4,0
just_immature,4,4,0
openly_homosexual,4,4,0
immediately_cost-effective,4,4,0
immediately_convinced,4,4,0
perfectly_fresh,4,4,0
immediately_consistent,4,4,0
necessarily_distinctive,4,4,0
perfectly_flexible,4,4,0
more_systemic,4,3,1
more_systematic,4,3,1
openly_religious,4,4,0
sufficiently_observant,4,4,0
necessarily_double,4,4,0
immediately_close,4,4,0
more_troubled,4,4,0
immediately_free,4,4,0
necessarily_compliant,4,4,0
immediately_intelligible,4,4,0
necessarily_comprehensible,4,4,0
so_calming,4,2,2
sufficiently_keen,4,4,0
more_unhinged,4,4,0
politically_appropriate,4,4,0
more_unfriendly,4,4,0
more_unfounded,4,4,0
more_unforgiving,4,2,2
more_unfathomable,4,3,1
necessarily_cooperative,4,4,0
sexually_gratified,4,4,0
more_underwhelming,4,4,0
more_undervalued,4,4,0
quite_limited,4,4,0
more_underrated,4,1,3
just_humble,4,4,0
sexually_free,4,3,1
more_undemocratic,4,0,4
quite_wonderful,4,4,0
necessarily_debilitating,4,4,0
quite_worried,4,4,0
so_catholic,4,4,0
more_unambiguous,4,4,0
really_recent,4,3,1
sexually_deviant,4,4,0
sufficiently_lower,4,4,0
quite_worthwhile,4,4,0
necessarily_delicious,4,4,0
necessarily_delighted,4,4,0
immediately_fruitful,4,4,0
necessarily_drunk,4,4,0
just_inaccessible,4,4,0
necessarily_dry,4,4,0
severely_obese,4,4,0
necessarily_everyday,4,4,0
ideologically_motivated,4,4,0
sufficiently_positive,4,4,0
only_rotten,4,4,0
more_stern,4,4,0
perfectly_effective,4,4,0
sufficiently_practical,4,4,0
more_steady,4,4,0
only_roman,4,4,0
ideologically_extreme,4,4,0
politically_different,4,4,0
more_steadfast,4,4,0
just_inherent,4,4,0
just_inhospitable,4,4,0
necessarily_external,4,4,0
more_sweeter,4,3,1
more_stately,4,3,1
really_preferable,4,4,0
just_innate,4,4,0
more_staggering,4,3,1
just_insecure,4,4,0
more_spooky,4,1,3
more_speculative,4,4,0
sufficiently_prompt,4,4,0
quite_irritating,4,4,0
just_instinctive,4,4,0
racially_pure,4,4,0
necessarily_fine,4,4,0
necessarily_flawed,4,4,0
ideally_perfect,4,4,0
quite_judgmental,4,4,0
more_stronger,4,4,0
just_indistinguishable,4,4,0
more_sturdy,4,3,1
more_suspenseful,4,4,0
openly_violent,4,4,0
just_incapable,4,3,1
politically_courageous,4,4,0
racially_distinct,4,4,0
severely_wrong,4,2,2
quite_knowledgeable,4,4,0
more_superstitious,4,4,0
necessarily_ecstatic,4,4,0
necessarily_edible,4,4,0
more_supernatural,4,1,3
sufficiently_orthodox,4,4,0
more_superb,4,3,1
immediately_amenable,4,4,0
more_such,4,4,0
sufficiently_outraged,4,4,0
perfectly_evil,4,4,0
sufficiently_outrageous,4,4,0
racially_exclusive,4,3,1
really_pro-israel,4,4,0
really_pro-choice,4,4,0
necessarily_empty,4,4,0
necessarily_encouraging,4,4,0
perfectly_ethical,4,4,0
quite_justifiable,4,4,0
sufficiently_partisan,4,4,0
immeasurably_better,4,4,0
severely_sick,4,4,0
sufficiently_pervasive,4,4,0
more_united,4,4,0
sufficiently_intuitive,4,4,0
nearly_tall,4,4,0
necessarily_amusing,4,4,0
necessarily_aesthetic,4,4,0
sufficiently_final,4,4,0
immensely_satisfying,4,3,1
really_remote,4,4,0
only_shameless,4,4,0
really_remorseful,4,4,0
necessarily_agile,4,4,0
quite_viable,4,4,0
perfectly_serious,4,4,0
necessarily_alike,4,4,0
just_friendlier,4,4,0
most_altruistic,4,4,0
immensely_interesting,4,3,1
sufficiently_fortunate,4,4,0
sufficiently_fresh,4,4,0
necessarily_advanced,4,4,0
immensely_fun,4,4,0
necessarily_analytical,4,4,0
immensely_entertaining,4,4,0
perfectly_satisfying,4,4,0
sufficiently_generous,4,4,0
quite_matte,4,4,0
immensely_difficult,4,4,0
most_adorable,4,4,0
most_adequate,4,4,0
necessarily_annoying,4,4,0
sufficiently_great,4,4,0
sufficiently_hard,4,4,0
necessarily_anonymous,4,4,0
most_addictive,4,4,0
most_aware,4,4,0
necessarily_admissible,4,4,0
so_buttery,4,3,1
sufficiently_exact,4,4,0
really_renewable,4,4,0
most_celebratory,4,4,0
plainly_apparent,4,4,0
quite_miraculous,4,4,0
shockingly_bad,4,4,0
most_celebrated,4,2,2
nearly_true,4,4,0
most_catchy,4,4,0
perfectly_solid,4,4,0
most_calm,4,4,0
just_fleeting,4,4,0
so_beguiling,4,2,2
sufficiently_enticing,4,4,0
sufficiently_european,4,4,0
perfectly_snug,4,4,0
only_vigorous,4,4,0
only_sharper,4,4,0
plainly_erroneous,4,4,0
perfectly_sincere,4,4,0
necessarily_abstract,4,4,0
so_belligerent,4,4,0
quite_versatile,4,4,0
imminently_life-threatening,4,4,0
sufficiently_fair,4,4,0
most_black,4,4,0
just_focused,4,4,0
sufficiently_fast,4,4,0
perfectly_silent,4,4,0
sufficiently_feminine,4,4,0
so_bewildering,4,3,1
only_voluminous,4,4,0
just_funnier,4,4,0
sufficiently_harsh,4,4,0
immediately_pleased,4,4,0
necessarily_changeable,4,4,0
perfectly_pure,4,4,0
perfectly_proportional,4,4,0
necessarily_chaotic,4,4,0
perfectly_proper,4,4,0
sexually_normal,4,4,0
quite_local,4,4,0
specifically_effective,4,4,0
quite_vulnerable,4,4,0
perfectly_predictive,4,4,0
so_british,4,4,0
really_relative,4,4,0
necessarily_circular,4,4,0
necessarily_clinical,4,4,0
perfectly_pleased,4,4,0
most_accomplished,4,3,1
immediately_perfect,4,4,0
more_unselfish,4,4,0
necessarily_cohesive,4,4,0
immediately_palpable,4,3,1
necessarily_coincidental,4,4,0
necessarily_comedic,4,4,0
more_unsatisfying,4,1,3
sufficiently_intensive,4,4,0
immediately_operational,4,4,0
more_unrelated,4,4,0
more_unproductive,4,3,1
perfectly_peaceful,4,4,0
more_unlucky,4,4,0
openly_aggressive,4,4,0
immediately_responsible,4,4,0
just_grim,4,4,0
more_vintage,4,2,2
quite_loving,4,4,0
immediately_vital,4,4,0
quite_masculine,4,4,0
quite_married,4,4,0
so_bombastic,4,3,1
necessarily_atypical,4,4,0
perfectly_rigid,4,4,0
necessarily_average,4,4,0
only_shaky,4,4,0
specifically_evil,4,3,1
immediately_urgent,4,4,0
necessarily_awkward,4,4,0
so_bonkers,4,3,1
more_yummy,4,3,1
necessarily_believable,4,4,0
immediately_toxic,4,4,0
only_serene,4,3,1
immediately_taxable,4,4,0
quite_violent,4,4,0
necessarily_bisexual,4,4,0
just_golden,4,4,0
more_wacky,4,3,1
necessarily_blue,4,4,0
necessarily_brave,4,4,0
sufficiently_imaginative,4,4,0
immediately_spectacular,4,2,2
so_breathable,4,4,0
more_voluminous,4,4,0
immediately_serious,4,4,0
more_visual,4,3,1
most_persuasive,4,4,0
quite_spanish,4,4,0
remotely_available,4,4,0
much_feasible,4,4,0
strictly_masculine,4,4,0
much_visual,4,3,1
much_grander,4,4,0
much_glamorous,4,4,0
inherently_secret,4,4,0
only_unaffected,4,4,0
statistically_related,4,4,0
inherently_satisfying,4,3,1
much_fruitful,4,4,0
much_friendly,4,4,0
much_french,4,4,0
statistically_overwhelming,4,4,0
statistically_measurable,4,3,1
much_wetter,4,4,0
inherently_resistant,4,4,0
much_grateful,4,4,0
much_favorable,4,4,0
statistically_inaccurate,4,4,0
much_whiter,4,3,1
only_systematic,4,4,0
intrinsically_anti-semitic,4,3,1
only_symptomatic,4,4,0
only_unannounced,4,4,0
intrinsically_beautiful,4,3,1
much_fast,4,4,0
quite_pleasing,4,4,0
statistically_correct,4,4,0
inherently_provocative,4,4,0
inherently_prone,4,4,0
much_witty,4,4,0
much_violent,4,4,0
only_turkish,4,3,1
inherently_unnatural,4,1,3
still_affordable,4,4,0
quite_portable,4,4,0
still_blind,4,4,0
much_troublesome,4,3,1
much_truer,4,3,1
still_beautiful,4,4,0
simply_vital,4,4,0
inherently_ugly,4,3,1
only_treacherous,4,4,0
inherently_troublesome,4,1,3
much_horrible,4,4,0
much_uncomfortable,4,4,0
simply_pragmatic,4,4,0
intentionally_obscure,4,4,0
much_hopeful,4,4,0
much_heroic,4,3,1
statistically_strong,4,4,0
much_unknown,4,4,0
inherently_supportive,4,4,0
intentionally_vague,4,4,0
strictly_limited,4,4,0
physically_intensive,4,4,0
strictly_literal,4,4,0
strictly_literary,4,4,0
interestingly_bad,4,4,0
simply_wonderful,4,4,0
much_harsher,4,4,0
internationally_acceptable,4,4,0
much_user-friendly,4,4,0
inherently_smarter,4,4,0
statistically_superior,4,4,0
inherently_profitable,4,4,0
intrinsically_difficult,4,3,1
inherently_present,4,4,0
much_dirtier,4,4,0
inherently_local,4,3,1
much_eager,4,4,0
physically_bigger,4,4,0
musically_satisfying,4,4,0
musically_similar,4,4,0
intrinsically_virtuous,4,2,2
inherently_jewish,4,2,2
strictly_representative,4,4,0
inherently_intuitive,4,2,2
physically_aware,4,4,0
intuitively_understandable,4,4,0
inherently_intelligible,4,4,0
only_superstitious,4,4,0
inherently_incredible,4,2,2
simply_mental,4,4,0
statistically_comparable,4,4,0
mutually_agreeable,4,4,0
inherently_incapable,4,4,0
mutually_antagonistic,4,4,0
simply_meaningless,4,4,0
inherently_improbable,4,3,1
inherently_important,4,4,0
spiritually_dangerous,4,4,0
spiritually_capable,4,4,0
inherently_illogical,4,2,2
quite_personal,4,4,0
inherently_humorous,4,4,0
much_desirable,4,4,0
strictly_spiritual,4,4,0
quite_raw,4,4,0
strictly_psychological,4,4,0
only_supreme,4,4,0
sinfully_delicious,4,4,0
intrinsically_sinful,4,2,2
intrinsically_expensive,4,4,0
sincerely_concerned,4,4,0
strictly_original,4,4,0
only_sweaty,4,4,0
musically_adventurous,4,4,0
physically_complete,4,4,0
inherently_pathological,4,2,2
much_exceptional,4,3,1
intrinsically_interested,4,4,0
strictly_philosophical,4,4,0
quite_racist,4,4,0
much_entertaining,4,4,0
startlingly_different,4,4,0
intrinsically_meaningful,4,4,0
simply_normal,4,4,0
musically_gifted,4,4,0
inherently_objective,4,2,2
simply_neutral,4,4,0
simply_negligent,4,4,0
inherently_nice,4,3,1
inherently_newsworthy,4,4,0
starkly_black,4,4,0
musically_literate,4,4,0
inherently_mistaken,4,0,4
intrinsically_remarkable,4,2,2
much_embarrassed,4,4,0
simply_naive,4,4,0
staggeringly_high,4,4,0
inherently_malevolent,4,4,0
inherently_unlawful,4,4,0
physically_devastating,4,4,0
much_denser,4,3,1
still_more,4,4,0
strategically_necessary,4,4,0
instinctively_hostile,4,4,0
much_neutral,4,4,0
strategically_smart,4,4,0
still_pregnant,4,4,0
strategically_viable,4,4,0
much_responsible,4,4,0
much_narrative,4,4,0
still_painful,4,4,0
strictly_altruistic,4,4,0
much_much,4,4,0
still_nice,4,4,0
much_motivated,4,4,0
intellectually_bankrupt,4,3,1
simply_tragic,4,4,0
still_raw,4,3,1
intellectually_coherent,4,4,0
innately_hostile,4,4,0
intellectually_compelling,4,4,0
physically_handicapped,4,4,0
innately_funny,4,4,0
physically_equal,4,4,0
strictly_black,4,4,0
much_messy,4,4,0
much_satirical,4,4,0
still_live,4,4,0
strictly_coherent,4,4,0
simply_sad,4,4,0
still_liable,4,4,0
much_separate,4,4,0
inordinately_expensive,4,4,0
really_routine,4,4,0
inherently_unsuitable,4,3,1
straight_black,4,4,0
still_unemployed,4,4,0
still_vital,4,4,0
much_passionate,4,4,0
instantly_compelling,4,4,0
simply_subject,4,4,0
much_preferable,4,4,0
instantly_easy,4,4,0
instantly_evident,4,4,0
much_pretentious,4,4,0
simply_sufficient,4,4,0
still_tired,4,4,0
much_pricey,4,4,0
much_private,4,4,0
instantly_forgettable,4,4,0
simply_superficial,4,4,0
much_nostalgic,4,4,0
simply_sweet,4,4,0
straight_related,4,4,0
quite_privy,4,4,0
strangely_beautiful,4,4,0
simply_synonymous,4,4,0
instantly_likeable,4,4,0
insanely_happy,4,4,0
much_promising,4,4,0
insanely_gorgeous,4,4,0
much_obvious,4,4,0
simply_tactical,4,4,0
insanely_fun,4,4,0
insanely_fast,4,4,0
only_tighter,4,4,0
much_sexier,4,4,0
much_sexy,4,4,0
intellectually_exciting,4,4,0
much_insulting,4,4,0
initially_easy,4,4,0
simply_unknown,4,4,0
simply_reactionary,4,4,0
really_rural,4,4,0
simply_rational,4,4,0
simply_unnecessary,4,4,0
intensely_enough,4,4,0
only_transactional,4,4,0
still_debatable,4,4,0
physically_identifiable,4,4,0
much_swell,4,4,0
much_taboo,4,4,0
strictly_humanitarian,4,3,1
still_crazy,4,4,0
still_confused,4,4,0
physically_harder,4,4,0
much_terrible,4,4,0
quite_potent,4,4,0
intensely_sweet,4,4,0
simply_useless,4,4,0
inherently_wasteful,4,4,0
much_thin,4,4,0
much_thrilled,4,4,0
still_cheap,4,4,0
much_informative,4,4,0
inherently_useless,4,3,1
still_busy,4,4,0
much_indignant,4,4,0
much_indicative,4,4,0
only_transient,4,4,0
strictly_gay,4,4,0
still_evil,4,4,0
still_expensive,4,4,0
intensely_competitive,4,4,0
physically_harsh,4,4,0
strictly_criminal,4,3,1
strictly_democratic,4,4,0
much_sicker,4,4,0
strictly_deterministic,4,4,0
only_total,4,4,0
much_silent,4,4,0
still_human,4,4,0
intellectually_mature,4,4,0
much_slow,4,3,1
much_smart,4,4,0
strictly_equal,4,4,0
much_social,4,4,0
intellectually_rewarding,4,4,0
physically_heavy,4,4,0
much_soothing,4,4,0
simply_responsible,4,4,0
simply_representative,4,4,0
still_green,4,4,0
strictly_faithful,4,4,0
still_gorgeous,4,4,0
much_leaner,4,4,0
still_funny,4,4,0
much_lazy,4,4,0
initially_great,4,4,0
initially_fond,4,4,0
still_famous,4,4,0
much_stiffer,4,4,0
still_familiar,4,3,1
quite_permanent,4,4,0
inherently_hard,4,4,0
personally_convenient,4,4,0
physically_tiring,4,4,0
most_unpleasant,4,4,0
n't_optimal,4,4,0
stunningly_new,4,1,3
personally_pleased,4,4,0
simply_fashionable,4,4,0
specifically_sexual,4,3,1
slightly_nervous,4,4,0
personally_passionate,4,4,0
incrementally_better,4,4,0
slightly_older,4,4,0
most_timely,4,4,0
simply_fantastic,4,4,0
incredibly_weird,4,4,0
simply_fanciful,4,4,0
incredibly_warm,4,4,0
just_buddhist,4,4,0
most_thorough,4,4,0
incredibly_versatile,4,4,0
slightly_overweight,4,4,0
most_such,4,4,0
specifically_russian,4,3,1
only_unfathomable,4,4,0
incredibly_unfair,4,4,0
most_studious,4,4,0
incredibly_uncommon,4,4,0
most_strategic,4,4,0
most_strange,4,4,0
most_stealthy,4,4,0
simply_external,4,4,0
most_specific,4,4,0
just_bulky,4,4,0
n't_ok,4,4,0
simply_helpful,4,4,0
just_blatant,4,4,0
most_zealous,4,4,0
quite_separate,4,4,0
n't_impressed,4,4,0
n't_incredible,4,4,0
just_biased,4,4,0
most_worthwhile,4,4,0
simply_haphazard,4,4,0
just_binary,4,4,0
simply_grey,4,4,0
simply_green,4,4,0
just_biodegradable,4,4,0
slightly_irritated,4,4,0
just_blase,4,4,0
individually_important,4,3,1
individually_great,4,4,0
most_varied,4,3,1
just_blurry,4,4,0
physically_therapeutic,4,4,0
quite_sexual,4,4,0
specifically_sure,4,4,0
individually_distinctive,4,4,0
most_vital,4,4,0
individually_brilliant,4,4,0
n't_memorable,4,4,0
n't_natural,4,4,0
individually_accountable,4,4,0
indisputably_clear,4,4,0
most_vicious,4,4,0
just_broad,4,4,0
most_viable,4,4,0
incredibly_tiny,4,4,0
slightly_related,4,4,0
n't_pure,4,4,0
personally_distasteful,4,3,1
only_spontaneous,4,4,0
simply_drunk,4,4,0
just_complicit,4,4,0
incredibly_sharp,4,4,0
most_provocative,4,4,0
n't_tight,4,4,0
n't_total,4,4,0
n't_uncomfortable,4,4,0
substantially_likely,4,4,0
incredibly_selfish,4,4,0
simply_dishonest,4,4,0
quite_social,4,4,0
simply_disappointing,4,4,0
slightly_stronger,4,4,0
most_problematic,4,4,0
n't_racist,4,4,0
just_constant,4,4,0
personally_disappointed,4,4,0
n't_valid,4,4,0
just_constitutional,4,4,0
incredibly_romantic,4,4,0
incredibly_risky,4,4,0
quite_southern,4,4,0
n't_violent,4,4,0
most_poor,4,4,0
incredibly_relaxing,4,4,0
substantially_quicker,4,4,0
most_political,4,4,0
most_polished,4,3,1
simply_destructive,4,4,0
most_readable,4,4,0
most_reassuring,4,4,0
most_reflective,4,4,0
n't_supportive,4,3,1
only_steadfast,4,4,0
slightly_reminiscent,4,2,2
slightly_richer,4,4,0
personally_knowledgeable,4,4,0
most_sensational,4,4,0
most_selfish,4,4,0
physically_true,4,4,0
most_seductive,4,4,0
just_coastal,4,4,0
slightly_sad,4,4,0
only_static,4,4,0
quite_single,4,4,0
incredibly_sturdy,4,4,0
just_commendable,4,4,0
physically_unattractive,4,3,1
simply_elegant,4,3,1
personally_inclined,4,4,0
personally_impressed,4,4,0
slightly_scary,4,4,0
physically_unhealthy,4,4,0
n't_skilled,4,4,0
most_rigid,4,4,0
just_compact,4,4,0
most_rich,4,4,0
most_resistant,4,4,0
simply_economical,4,4,0
quite_slender,4,4,0
n't_stupid,4,4,0
n't_suitable,4,4,0
structurally_necessary,4,4,0
structurally_important,4,4,0
much_dense,4,4,0
n't_cold,4,4,0
just_affluent,4,4,0
just_afloat,4,4,0
n't_boring,4,4,0
slightly_awkward,4,4,0
strictly_verbal,4,4,0
just_agile,4,4,0
just_akin,4,4,0
inherently_deserving,4,4,0
strictly_vertical,4,4,0
much_catchy,4,4,0
n't_clean,4,4,0
strictly_visual,4,4,0
strictly_voluntary,4,4,0
n't_clever,4,4,0
only_sublime,4,4,0
inherently_disgusting,4,3,1
n't_common,4,4,0
quite_religious,4,4,0
physically_rigorous,4,4,0
strictly_white,4,4,0
just_amenable,4,4,0
only_stubborn,4,4,0
strikingly_apparent,4,4,0
just_analytical,4,4,0
quite_resistant,4,4,0
much_brilliant,4,4,0
philosophically_coherent,4,4,0
inherently_complicated,4,2,2
quite_responsible,4,4,0
simply_informative,4,4,0
n't_believable,4,4,0
philosophically_sophisticated,4,4,0
inevitably_bad,4,3,1
physically_alive,4,4,0
strictly_subject,4,4,0
quite_peaceful,4,4,0
really_safer,4,4,0
simply_lucky,4,4,0
quite_patriotic,4,4,0
simply_low,4,4,0
irrationally_afraid,4,4,0
much_daring,4,4,0
much_damaging,4,4,0
irredeemably_evil,4,4,0
mutually_understandable,4,4,0
inherently_free,4,4,0
only_sumptuous,4,4,0
much_cynical,4,4,0
inherently_female,4,0,4
much_compelling,4,4,0
only_suicidal,4,4,0
inherently_fascist,4,3,1
inherently_false,4,4,0
much_cute,4,3,1
simply_lazy,4,4,0
spectacularly_fast,4,4,0
simply_larger,4,4,0
simply_large,4,4,0
physically_absent,4,4,0
much_cool,4,4,0
just_actual,4,4,0
physically_prepared,4,4,0
inherently_divine,4,4,0
quite_passable,4,4,0
much_bloody,4,4,0
inherently_compelling,4,2,2
inherently_compatible,4,4,0
much_acceptable,4,4,0
strongly_inclined,4,4,0
infinitely_patient,4,4,0
n't_fabulous,4,4,0
just_astounding,4,4,0
much_aggressive,4,4,0
personally_violent,4,4,0
much_advisable,4,4,0
infinitely_long,4,4,0
quite_scared,4,4,0
strongly_negative,4,3,1
simply_hypothetical,4,4,0
personally_tragic,4,4,0
personally_targeted,4,4,0
infinitely_elastic,4,4,0
just_awash,4,4,0
just_anti-american,4,4,0
slightly_easier,4,4,0
infinitely_dense,4,4,0
personally_subject,4,4,0
quite_secret,4,4,0
slightly_envious,4,4,0
strongly_republican,4,4,0
just_bankrupt,4,4,0
mostly_male,4,4,0
just_bare,4,4,0
n't_hilarious,4,4,0
mostly_black,4,4,0
personally_rich,4,4,0
just_bent,4,4,0
structurally_fit,4,4,0
simply_immoral,4,4,0
n't_exciting,4,4,0
slightly_creepy,4,4,0
n't_exceptional,4,4,0
only_undeniable,4,4,0
physically_scared,4,4,0
just_anti-social,4,4,0
slightly_chilly,4,4,0
just_apathetic,4,4,0
only_underpaid,4,4,0
quite_rigorous,4,4,0
quite_robotic,4,4,0
simply_ineffective,4,4,0
only_understaffed,4,4,0
inherently_beneficial,4,3,1
much_awful,4,4,0
quite_rosy,4,4,0
quite_rough,4,4,0
much_attributable,4,4,0
much_attentive,4,4,0
simply_incorrect,4,4,0
much_astonished,4,4,0
inherently_anti-american,4,4,0
simply_incompetent,4,4,0
n't_eager,4,4,0
slightly_confusing,4,4,0
inherently_abusive,4,3,1
strongly_competitive,4,4,0
much_apathetic,4,4,0
infinitesimally_small,4,4,0
just_articulate,4,4,0
just_artificial,4,4,0
only_undetectable,4,4,0
necessarily_foolhardy,4,4,0
sufficiently_rational,4,4,0
really_pornographic,4,3,1
just_tipsy,4,4,0
not_honest,4,2,2
just_theological,4,4,0
more_downbeat,4,4,0
not_inclined,4,4,0
super_stellar,4,3,1
more_dovish,4,4,0
more_double,4,4,0
super_straightforward,4,4,0
more_docile,4,4,0
super_strenuous,4,4,0
super_stretchy,4,4,0
over_aggressive,4,4,0
particularly_overpowering,4,4,0
over_bloated,4,4,0
not_linear,4,4,0
just_tempting,4,4,0
just_tiresome,4,4,0
just_tiring,4,4,0
more_disjointed,4,4,0
just_toothless,4,4,0
not_loving,4,4,0
really_eye-catching,4,3,1
quite_enthusiastic,4,4,0
not_loyal,4,3,1
practically_difficult,4,4,0
over_cluttered,4,4,0
more_discouraged,4,4,0
over_complex,4,4,0
not_meaningful,4,4,0
super_talkative,4,4,0
just_tense,4,4,0
more_dumb,4,2,2
not_exhaustive,4,2,2
really_fishy,4,2,2
really_forceful,4,4,0
not_explicit,4,4,0
potentially_valuable,4,4,0
quite_experienced,4,4,0
not_famous,4,4,0
particularly_philosophical,4,4,0
more_enamoured,4,4,0
ridiculously_cool,4,4,0
highly_ambitious,4,4,0
more_eminent,4,4,0
quite_exempt,4,4,0
outwardly_noticeable,4,4,0
not_fine,4,4,0
not_foolproof,4,4,0
highly_acidic,4,4,0
more_dystopian,4,4,0
quite_excessive,4,4,0
highly_accessible,4,4,0
particularly_personable,4,4,0
highly_absorbent,4,4,0
rather_remarkable,4,4,0
outwardly_rude,4,4,0
only_pious,4,4,0
higher_good,4,4,0
particularly_perilous,4,4,0
rather_rude,4,4,0
just_tame,4,4,0
only_picky,4,4,0
just_tangential,4,4,0
not_green,4,4,0
not_messy,4,4,0
just_treacherous,4,4,0
practically_free,4,4,0
more_cuddly,4,3,1
super_vague,4,4,0
just_unconcerned,4,4,0
just_unconscionable,4,4,0
particularly_off-putting,4,3,1
not_photogenic,4,4,0
more_dedicated,4,1,3
not_pleasant,4,4,0
practically_relevant,4,4,0
quite_electronic,4,4,0
practically_sufficient,4,4,0
just_undeserved,4,4,0
just_uneducated,4,4,0
practically_usable,4,4,0
more_customizable,4,3,1
over_much,4,3,1
super_tender,4,4,0
not_professional,4,4,0
really_equitable,4,4,0
not_progressive,4,4,0
not_realistic,4,4,0
not_red,4,4,0
over_pleased,4,4,0
not_religious,4,4,0
not_renewable,4,4,0
superficially_evident,4,4,0
remotely_sweet,4,2,2
remotely_sustainable,4,4,0
really_sinister,4,2,2
hardly_able,4,4,0
just_uninteresting,4,4,0
over_hasty,4,4,0
super_user-friendly,4,4,0
super_urgent,4,3,1
not_patriotic,4,4,0
super_terrible,4,4,0
remotely_wealthy,4,4,0
over_due,4,4,0
just_tropical,4,4,0
practically_important,4,3,1
over_emotional,4,4,0
practically_invisible,4,4,0
practically_necessary,4,4,0
more_desirous,4,4,0
not_moral,4,4,0
over_expensive,4,4,0
just_truthful,4,4,0
particularly_ornate,4,3,1
so_devious,4,4,0
particularly_optimal,4,4,0
super_tricky,4,3,1
so_devoted,4,4,0
super_ugly,4,4,0
not_nervous,4,4,0
remotely_usable,4,4,0
just_unapologetic,4,4,0
not_omnipotent,4,4,0
heavily_republican,4,4,0
just_unbeatable,4,4,0
not_ours,4,4,0
super_upscale,4,4,0
more_deleterious,4,2,2
not_painful,4,4,0
more_dejected,4,4,0
just_supernatural,4,4,0
outwardly_evident,4,4,0
happily_single,4,4,0
highly_intuitive,4,4,0
really_hurtful,4,4,0
normally_privy,4,4,0
super_prominent,4,4,0
particularly_punitive,4,4,0
so_defective,4,4,0
just_sincere,4,4,0
really_horrific,4,3,1
super_protective,4,4,0
just_skillful,4,4,0
highly_literate,4,4,0
more_fruitless,4,3,1
really_hopeless,4,4,0
highly_likeable,4,4,0
normally_superstitious,4,4,0
highly_interesting,4,4,0
normally_political,4,4,0
highly_intense,4,4,0
quite_festive,4,4,0
really_homemade,4,4,0
normally_uncomplicated,4,4,0
normally_violent,4,4,0
normally_warm,4,4,0
normally_willing,4,4,0
highly_inappropriate,4,4,0
highly_improper,4,4,0
right_close,4,4,0
not_absolute,4,4,0
not_accessible,4,4,0
just_socialist,4,4,0
not_accidental,4,4,0
really_silver,4,4,0
so_dedicated,4,4,0
more_enormous,4,3,1
normally_feasible,4,4,0
outright_horrible,4,4,0
potentially_great,4,4,0
highly_problematic,4,4,0
routinely_present,4,4,0
normally_audible,4,4,0
super_potent,4,4,0
routinely_armed,4,4,0
particularly_relaxing,4,4,0
highly_precise,4,4,0
particularly_refreshing,4,3,1
normally_contagious,4,4,0
round_worthy,4,4,0
outright_hypocritical,4,4,0
highly_positive,4,4,0
just_sheer,4,4,0
normally_picky,4,4,0
normally_frequent,4,4,0
highly_poisonous,4,4,0
normally_friendly,4,4,0
really_imaginary,4,4,0
more_godly,4,3,1
so_decrepit,4,4,0
particularly_reactive,4,4,0
outright_inaccurate,4,4,0
more_gloomy,4,4,0
highly_ornate,4,4,0
normally_involved,4,4,0
outright_insulting,4,4,0
highly_observant,4,3,1
particularly_quotable,4,4,0
particularly_pro-american,4,4,0
super_ready,4,4,0
just_softer,4,4,0
potentially_subject,4,4,0
highly_destructive,4,4,0
not_comprehensible,4,4,0
particularly_predictable,4,4,0
really_goofy,4,4,0
more_extra,4,3,1
instantly_addictive,4,4,0
really_glaring,4,1,3
not_deductible,4,4,0
potentially_reversible,4,4,0
not_deserving,4,4,0
particularly_poignant,4,2,2
just_substandard,4,4,0
ridiculously_large,4,4,0
just_subversive,4,4,0
highly_communicative,4,4,0
not_adequate,4,4,0
highly_common,4,4,0
just_sudden,4,4,0
more_eternal,4,4,0
ridiculously_heavy,4,4,0
not_dumb,4,4,0
more_ephemeral,4,4,0
not_educational,4,4,0
more_enviable,4,3,1
super_sketchy,4,4,0
ridiculously_excited,4,4,0
really_fruity,4,3,1
not_evident,4,4,0
really_frequent,4,4,0
so_deplorable,4,4,0
more_facile,4,3,1
really_gross,4,4,0
not_compelling,4,4,0
not_common,4,4,0
highly_hazardous,4,4,0
rather_premature,4,4,0
more_forlorn,4,3,1
highly_gendered,4,4,0
more_foreboding,4,1,3
particularly_privy,4,4,0
super_redundant,4,4,0
more_forbidden,4,2,2
just_spacious,4,4,0
super_regular,4,4,0
just_sparkly,4,4,0
super_relaxing,4,4,0
really_hateful,4,4,0
more_flammable,4,4,0
particularly_principled,4,4,0
more_firm,4,3,1
rather_presumptuous,4,4,0
not_averse,4,4,0
super_robust,4,4,0
not_believable,4,4,0
only_polish,4,4,0
really_handicapped,4,3,1
not_blind,4,4,0
more_fast,4,4,0
not_british,4,4,0
ridiculously_small,4,4,0
super_sad,4,4,0
just_stereotypical,4,4,0
more_fanciful,4,3,1
more_crass,4,4,0
happily_numb,4,4,0
just_insufficient,4,4,0
remotely_flat,4,4,0
overly_combative,4,4,0
technically_confident,4,4,0
quite_cut,4,4,0
least_interesting,4,4,0
only_pale,4,4,0
so_dizzy,4,4,0
technically_dependent,4,4,0
genuinely_popular,4,4,0
now_famous,4,4,0
quite_curly,4,4,0
overly_compatible,4,4,0
now_full,4,4,0
more_appalled,4,4,0
now_hard,4,4,0
legally_adequate,4,4,0
more_aromatic,4,3,1
remotely_fashionable,4,3,1
technically_enforceable,4,4,0
overly_compliant,4,4,0
remotely_factual,4,4,0
genuinely_kind,4,4,0
so_doable,4,4,0
more_anticlimactic,4,2,2
technically_exhaustive,4,4,0
genuinely_interesting,4,2,2
quite_cumbersome,4,4,0
so_dodgy,4,4,0
genuinely_independent,4,4,0
remotely_exploitable,4,4,0
really_direct,4,4,0
technically_compliant,4,4,0
least_due,4,4,0
remotely_natural,4,1,3
remotely_impressive,4,3,1
geographically_large,4,4,0
largely_concerned,4,4,0
noticeably_pregnant,4,4,0
remotely_large,4,4,0
noticeably_successful,4,4,0
largely_invisible,4,4,0
geographically_feasible,4,4,0
particularly_legal,4,3,1
so_distressed,4,4,0
remotely_inspiring,4,2,2
geographically_convenient,4,4,0
particularly_lazy,4,3,1
notoriously_hard,4,4,0
largely_unknown,4,3,1
precisely_positive,4,4,0
remotely_grand,4,1,3
genuinely_willing,4,4,0
more_atmospheric,4,3,1
so_disturbed,4,4,0
overly_coarse,4,4,0
only_paradoxical,4,4,0
precisely_predictable,4,4,0
only_palestinian,4,4,0
genuinely_sorry,4,4,0
precisely_real,4,4,0
genuinely_serious,4,4,0
quite_damning,4,4,0
remotely_hard,4,4,0
now_complete,4,4,0
rather_young,4,4,0
precisely_simple,4,4,0
technically_final,4,4,0
particularly_jazzy,4,1,3
objectively_correct,4,4,0
more_amateurish,4,4,0
genuinely_angry,4,4,0
legally_exempt,4,4,0
more_alternative,4,3,1
technically_irish,4,4,0
genetically_viable,4,4,0
legally_female,4,4,0
really_diligent,4,4,0
genetically_unique,4,4,0
only_overwhelmed,4,4,0
nutritionally_valuable,4,3,1
overly_convenient,4,4,0
remotely_chinese,4,2,2
technically_magic,4,4,0
more_affecting,4,3,1
remotely_expert,4,4,0
objectively_false,4,4,0
genetically_possible,4,4,0
technically_mandatory,4,4,0
genetically_perfect,4,4,0
objectively_justifiable,4,4,0
particularly_intensive,4,4,0
genetically_incapable,4,4,0
somewhat_confused,4,4,0
somewhat_concerned,4,4,0
remotely_beneficial,4,2,2
particularly_ingenious,4,2,2
legally_obligatory,4,4,0
overly_coy,4,4,0
overly_cramped,4,4,0
nutritionally_inferior,4,4,0
overly_confused,4,4,0
remotely_complete,4,4,0
nutritionally_better,4,4,0
genuinely_hideous,4,4,0
remotely_exhaustive,4,4,0
overly_conducive,4,4,0
technically_flawed,4,4,0
so_domestic,4,4,0
remotely_evident,4,4,0
legally_compulsory,4,4,0
quite_crucial,4,4,0
now_negligent,4,4,0
quite_crowded,4,4,0
remotely_erotic,4,3,1
technically_gay,4,4,0
quite_critical,4,4,0
now_perfect,4,4,0
really_dire,4,3,1
now_responsible,4,3,1
remotely_dodgy,4,0,4
now_sufficient,4,4,0
remotely_curious,4,4,0
remotely_conventional,4,1,3
more_anachronistic,4,4,0
remotely_controllable,4,4,0
technically_important,4,4,0
remotely_connected,4,4,0
somewhat_difficult,4,4,0
numerically_superior,4,4,0
precisely_synonymous,4,4,0
genuinely_competitive,4,4,0
remotely_confident,4,4,0
largely_attributable,4,4,0
somewhat_racist,4,4,0
really_enamored,4,4,0
not_tall,4,4,0
surprisingly_different,4,4,0
not_square,4,4,0
just_uplifting,4,4,0
rather_sudden,4,4,0
more_coincidental,4,4,0
not_strange,4,4,0
more_co-operative,4,4,0
precisely_aware,4,4,0
remotely_sophisticated,4,2,2
not_such,4,4,0
so_discriminatory,4,3,1
just_usual,4,4,0
more_civilised,4,3,1
not_sympathetic,4,4,0
grossly_misleading,4,4,0
grossly_underpaid,4,4,0
really_drastic,4,1,3
remotely_significant,4,2,2
not_tight,4,4,0
just_vast,4,4,0
more_chaste,4,4,0
grossly_immoral,4,4,0
overly_antagonistic,4,4,0
not_transparent,4,4,0
only_perceptible,4,4,0
more_changeable,4,4,0
more_centrist,4,3,1
overly_argumentative,4,4,0
overly_arrogant,4,4,0
greatly_surprised,4,3,1
particularly_naive,4,4,0
grossly_unethical,4,4,0
geographically_widespread,4,4,0
overly_accessible,4,4,0
over_smart,4,4,0
more_contented,4,4,0
not_sacred,4,4,0
not_satisfying,4,4,0
supremely_powerful,4,4,0
more_connected,4,4,0
supremely_soft,4,4,0
not_scientific,4,4,0
really_edgy,4,4,0
not_selfish,4,4,0
just_unsatisfied,4,4,0
overly_abrasive,4,4,0
not_sensible,4,4,0
not_separate,4,4,0
quite_economical,4,4,0
more_comic,4,3,1
half_free,4,4,0
not_sexy,4,4,0
remotely_strong,4,2,2
not_similar,4,4,0
half_decent,4,4,0
particularly_neat,4,4,0
remotely_straight,4,3,1
quite_dynamic,4,4,0
more_communist,4,4,0
just_unstable,4,4,0
just_unsupported,4,4,0
just_untenable,4,4,0
grossly_unreasonable,4,4,0
just_unwarranted,4,4,0
not_unexpected,4,4,0
greatly_significant,4,4,0
not_unknown,4,4,0
overly_brave,4,4,0
quite_devoid,4,4,0
precisely_good,4,4,0
overly_blunt,4,4,0
remotely_proportionate,4,4,0
quite_devastating,4,4,0
just_workable,4,4,0
more_bland,4,4,0
overly_boring,4,4,0
grammatically_accurate,4,4,0
so_disquieting,4,3,1
more_binding,4,4,0
remotely_pornographic,4,2,2
more_bewildering,4,3,1
notably_new,4,3,1
goddamn_funny,4,4,0
greatly_popular,4,4,0
notably_religious,4,4,0
more_bewildered,4,4,0
systemically_wrong,4,0,4
somewhat_worse,4,3,1
tactically_smart,4,3,1
keenly_observant,4,4,0
globally_unique,4,4,0
kinda_awesome,4,4,0
somewhat_unfair,4,4,0
noticeably_absent,4,4,0
somewhat_strange,4,4,0
somewhat_skeptical,4,4,0
noticeably_effective,4,4,0
somewhat_responsible,4,4,0
graphically_advanced,4,4,0
just_wiser,4,4,0
graphically_appealing,4,4,0
graphically_beautiful,4,4,0
just_vocal,4,4,0
just_voluntary,4,4,0
surprisingly_much,4,4,0
surprisingly_new,4,2,2
particularly_masterful,4,4,0
more_buggy,4,4,0
not_wealthy,4,4,0
particularly_manly,4,4,0
greatly_fond,4,4,0
greatly_familiar,4,4,0
more_broken,4,4,0
particularly_male,4,3,1
more_broad,4,4,0
quite_disturbing,4,4,0
greatly_afraid,4,4,0
particularly_magic,4,0,4
gravely_mistaken,4,4,0
quite_distracting,4,4,0
surprisingly_strong,4,4,0
gravely_endangered,4,4,0
quite_distinguishable,4,4,0
suspiciously_similar,4,4,0
more_bloody,4,3,1
just_windy,4,4,0
remotely_reminiscent,4,3,1
remotely_remarkable,4,0,4
more_bloated,4,4,0
graphically_detailed,4,4,0
more_blind,4,2,2
normally_adequate,4,4,0
just_senseless,4,4,0
normally_acceptable,4,4,0
politically_opportune,4,4,0
super_abundant,4,4,0
more_prideful,4,3,1
really_needy,4,4,0
just_minor,4,4,0
necessarily_noble,4,4,0
so_complementary,4,4,0
more_predominant,4,4,0
otherwise_clear,4,4,0
necessarily_obsessed,4,4,0
more_potential,4,4,0
just_moderate,4,4,0
more_posh,4,3,1
just_modest,4,4,0
particularly_verbose,4,4,0
just_monumental,4,4,0
so_comparable,4,4,0
quite_indian,4,4,0
however_important,4,1,3
super_ambitious,4,3,1
seriously_delinquent,4,4,0
just_mortal,4,4,0
super_anxious,4,4,0
necessarily_ongoing,4,4,0
necessarily_online,4,4,0
super_appropriate,4,4,0
just_muddy,4,4,0
really_muscular,4,4,0
just_mundane,4,4,0
more_pink,4,4,0
just_narcissistic,4,4,0
more_primary,4,4,0
however_satisfied,4,4,0
really_opaque,4,4,0
necessarily_modern,4,4,0
particularly_walkable,4,4,0
necessarily_manipulative,4,4,0
hugely_dependent,4,4,0
hugely_controversial,4,4,0
more_raucous,4,3,1
necessarily_masculine,4,4,0
politically_liberal,4,4,0
necessarily_mathematical,4,4,0
necessarily_mature,4,3,1
just_mass,4,4,0
more_rabid,4,3,1
necessarily_minimalist,4,4,0
hugely_compelling,4,4,0
more_purposeful,4,3,1
hugely_clear,4,4,0
just_mild,4,3,1
seriously_funny,4,4,0
just_mean-spirited,4,4,0
seriously_fun,4,4,0
more_pungent,4,4,0
really_obligatory,4,4,0
particularly_vulgar,4,3,1
really_nutritious,4,3,1
necessarily_nasty,4,4,0
necessarily_national,4,4,0
necessarily_neat,4,4,0
just_melancholy,4,4,0
seriously_disruptive,4,4,0
just_merry,4,4,0
specially_related,4,4,0
rather_disturbing,4,4,0
however_aware,4,4,0
necessarily_outdoors,4,4,0
only_reactionary,4,4,0
super_comforting,4,4,0
otherwise_inclined,4,4,0
just_objectionable,4,4,0
just_oblivious,4,4,0
necessarily_prescriptive,4,4,0
more_ornate,4,4,0
super_compatible,4,4,0
just_obscure,4,4,0
more_optimal,4,3,1
necessarily_pricey,4,4,0
necessarily_pro-american,4,4,0
horribly_sick,4,4,0
particularly_traumatic,4,4,0
more_obtrusive,4,4,0
horribly_scary,4,4,0
super_black,4,4,0
horribly_sad,4,4,0
particularly_touristy,4,4,0
only_reachable,4,4,0
necessarily_provocative,4,4,0
so_connected,4,4,0
super_controversial,4,4,0
more_obligated,4,3,1
super_convincing,4,4,0
necessarily_queer,4,4,0
super_cooperative,4,4,0
just_oral,4,4,0
more_nondescript,4,4,0
politically_simple,4,4,0
necessarily_rabid,4,4,0
politically_responsible,4,4,0
horribly_ugly,4,4,0
politically_reliable,4,4,0
horribly_uncomfortable,4,4,0
particularly_unsafe,4,4,0
more_phenomenal,4,3,1
necessarily_overdue,4,4,0
politically_practicable,4,4,0
really_motivating,4,4,0
quite_inclusive,4,4,0
politically_problematic,4,4,0
super_capable,4,4,0
really_moral,4,4,0
particularly_unlucky,4,4,0
necessarily_pessimistic,4,4,0
seriously_bad,4,2,2
necessarily_picky,4,4,0
more_patriarchal,4,4,0
super_chatty,4,4,0
otherwise_healthy,4,4,0
more_past,4,4,0
seriously_angry,4,4,0
really_moderate,4,4,0
just_nonsense,4,4,0
only_reductive,4,4,0
rather_excessive,4,4,0
more_painless,4,4,0
necessarily_poetic,4,4,0
otherwise_illegal,4,4,0
super_clever,4,4,0
specially_good,4,4,0
horribly_unpleasant,4,3,1
particularly_truthful,4,4,0
hugely_detailed,4,4,0
just_major,4,4,0
highly_protective,4,4,0
only_retrograde,4,4,0
perfectly_coherent,4,4,0
necessarily_greedy,4,4,0
really_plastic,4,4,0
necessarily_gritty,4,4,0
quite_inventive,4,4,0
perfectly_charming,4,4,0
more_shiny,4,3,1
necessarily_habitable,4,4,0
only_revelatory,4,4,0
specifically_bad,4,2,2
perfectly_bilingual,4,4,0
really_photogenic,4,4,0
really_philosophical,4,4,0
hugely_strong,4,4,0
just_israeli,4,4,0
necessarily_grand,4,4,0
politically_extreme,4,4,0
perfectly_balanced,4,4,0
necessarily_heretical,4,4,0
hugely_serious,4,3,1
more_senseless,4,2,2
only_retro,4,4,0
more_senior,4,3,1
necessarily_hilarious,4,4,0
radically_feminist,4,4,0
sufficiently_spiritual,4,4,0
necessarily_historic,4,4,0
just_juvenile,4,4,0
politically_fraught,4,3,1
sufficiently_stiff,4,4,0
necessarily_greatest,4,4,0
sufficiently_scared,4,4,0
quite_infallible,4,4,0
severely_damaged,4,4,0
more_somber,4,4,0
necessarily_freer,4,4,0
perfectly_conventional,4,4,0
really_pop,4,4,0
hyper_aware,4,4,0
severely_dependent,4,4,0
just_intentional,4,4,0
necessarily_frightening,4,4,0
more_slow,4,3,1
more_sloppy,4,4,0
sufficiently_revolutionary,4,4,0
specifically_british,4,4,0
necessarily_front,4,4,0
perfectly_congruent,4,4,0
sufficiently_rich,4,4,0
hugely_wealthy,4,4,0
so_civilised,4,4,0
sufficiently_rigid,4,4,0
really_poisonous,4,4,0
so_classical,4,4,0
really_pointless,4,4,0
necessarily_fundamental,4,4,0
more_simplistic,4,4,0
only_reversible,4,4,0
just_invalid,4,4,0
necessarily_good-looking,4,4,0
hugely_wrong,4,1,3
more_shy,4,4,0
more_shortsighted,4,3,1
necessarily_gradual,4,4,0
just_lacking,4,3,1
just_lackluster,4,4,0
necessarily_humorous,4,4,0
more_reputable,4,4,0
so_collegial,4,4,0
just_live,4,4,0
only_replete,4,4,0
necessarily_intimidating,4,4,0
rather_amazing,4,4,0
more_revelatory,4,2,2
passionately_interested,4,4,0
originally_apparent,4,4,0
seriously_mistaken,4,4,0
necessarily_irish,4,4,0
just_long-term,4,4,0
so_colossal,4,4,0
necessarily_italian,4,4,0
more_resolute,4,4,0
seriously_lacking,4,4,0
more_sedate,4,3,1
more_repetitive,4,4,0
politically_innocent,4,4,0
politically_interested,4,4,0
so_combustible,4,3,1
particularly_wholesome,4,4,0
more_relentless,4,1,3
hugely_enjoyable,4,4,0
necessarily_literary,4,4,0
necessarily_long-lasting,4,4,0
hugely_dynamic,4,4,0
hugely_dramatic,4,3,1
sufficiently_upset,4,4,0
necessarily_long-term,4,4,0
seriously_impressed,4,4,0
really_outspoken,4,4,0
just_livable,4,4,0
necessarily_intellectual,4,4,0
necessarily_integral,4,4,0
radically_honest,4,4,0
perfectly_adequate,4,4,0
hugely_painful,4,4,0
perfectly_adaptable,4,4,0
just_latin,4,4,0
more_sci-fi,4,3,1
so_coercive,4,4,0
just_lavish,4,4,0
sufficiently_sturdy,4,4,0
ordinarily_liable,4,4,0
hugely_offensive,4,4,0
necessarily_immutable,4,4,0
necessarily_impartial,4,4,0
necessarily_imperative,4,4,0
only_resourceful,4,4,0
so_cognizant,4,4,0
hugely_meaningful,4,4,0
hugely_likely,4,4,0
necessarily_incongruous,4,4,0
necessarily_indigenous,4,4,0
necessarily_ineligible,4,4,0
more_rotten,4,4,0
patently_unconstitutional,4,4,0
just_liquid,4,4,0
necessarily_insignificant,4,4,0
just_listenable,4,4,0
really_overcome,4,4,0
patently_illegal,4,3,1
originally_able,4,4,0
necessarily_racial,4,4,0
more_neutral,4,4,0
really_metallic,4,4,0
necessarily_upbeat,4,4,0
more_indelible,4,3,1
quite_general,4,4,0
necessarily_unmanageable,4,4,0
historically_awful,4,4,0
necessarily_unqualified,4,4,0
historically_available,4,4,0
particularly_sincere,4,4,0
quite_gay,4,4,0
necessarily_unreliable,4,4,0
particularly_silly,4,3,1
outright_absurd,4,4,0
more_incompetent,4,4,0
outright_annoying,4,4,0
super_messy,4,4,0
just_recognizable,4,4,0
really_inventive,4,3,1
really_intent,4,4,0
particularly_sensual,4,3,1
outright_awful,4,4,0
necessarily_verifiable,4,4,0
necessarily_vicious,4,4,0
super_needy,4,4,0
necessarily_vintage,4,4,0
necessarily_viral,4,4,0
more_impersonal,4,2,2
outright_best,4,4,0
more_impenetrable,4,2,2
necessarily_waterproof,4,4,0
really_inspirational,4,2,2
outright_challenging,4,4,0
super_major,4,2,2
particularly_sinful,4,2,2
more_needy,4,4,0
necessarily_uncomplicated,4,4,0
super_intentional,4,4,0
historically_interesting,4,4,0
super_intriguing,4,4,0
historically_inevitable,4,4,0
more_instantaneous,4,3,1
quite_golden,4,4,0
particularly_soluble,4,4,0
just_quality,4,4,0
really_juicy,4,0,4
necessarily_unaware,4,4,0
super_jealous,4,4,0
necessarily_unbiased,4,4,0
quite_giddy,4,4,0
more_inherent,4,4,0
possibly_enough,4,4,0
more_individualistic,4,3,1
necessarily_understandable,4,4,0
necessarily_uneducated,4,4,0
only_pristine,4,4,0
rather_long,4,4,0
more_inflexible,4,3,1
just_quixotic,4,4,0
super_late,4,4,0
particularly_slick,4,4,0
particularly_sleepy,4,4,0
only_prior,4,4,0
necessarily_unimportant,4,4,0
particularly_skillful,4,4,0
historically_credible,4,3,1
quite_generous,4,4,0
just_relentless,4,4,0
particularly_scrupulous,4,4,0
more_imaginary,4,2,2
just_scandalous,4,4,0
never_malicious,4,4,0
more_hellish,4,3,1
highly_safe,4,4,0
highly_risky,4,4,0
quite_foolish,4,4,0
particularly_righteous,4,3,1
never_okay,4,4,0
more_hearty,4,3,1
really_inconvenient,4,4,0
scientifically_measurable,4,4,0
scientifically_legitimate,4,4,0
particularly_reusable,4,4,0
just_sane,4,4,0
outright_fatal,4,4,0
outright_frightening,4,4,0
only_pretentious,4,4,0
scientifically_important,4,4,0
scientifically_illiterate,4,4,0
just_scenic,4,4,0
just_scholarly,4,4,0
just_second,4,4,0
just_secular,4,4,0
so_deceitful,4,3,1
potentially_explosive,4,3,1
more_gutsy,4,3,1
particularly_resilient,4,4,0
no_much,4,4,0
no_thinner,4,4,0
safely_accessible,4,4,0
sadly_true,4,4,0
never_late,4,4,0
scientifically_qualified,4,4,0
outright_disturbing,4,4,0
super_pale,4,4,0
really_insecure,4,4,0
more_illustrious,4,3,1
so_danceable,4,4,0
more_idle,4,4,0
more_identical,4,4,0
sorely_disappointed,4,4,0
super_offensive,4,3,1
just_renewable,4,4,0
particularly_sane,4,4,0
outright_confusing,4,4,0
outright_contemptuous,4,4,0
only_prescient,4,4,0
more_humid,4,4,0
needlessly_offensive,4,4,0
outright_damaging,4,3,1
more_hotter,4,2,2
particularly_rugged,4,4,0
quite_fortunate,4,4,0
really_indifferent,4,4,0
potentially_better,4,4,0
just_restrictive,4,4,0
more_horny,4,4,0
outright_disastrous,4,3,1
never_alone,4,4,0
more_high-tech,4,2,2
scientifically_robust,4,4,0
never_final,4,4,0
quite_foolproof,4,4,0
never_free,4,4,0
particularly_sore,4,4,0
more_intact,4,4,0
necessarily_unable,4,4,0
otherwise_punishable,4,4,0
horribly_boring,4,4,0
only_quaint,4,4,0
horribly_afraid,4,4,0
really_massive,4,4,0
just_persistent,4,4,0
really_mass,4,4,0
seemingly_wrong,4,0,4
necessarily_sensual,4,4,0
super_elite,4,4,0
necessarily_sentient,4,4,0
just_persuasive,4,4,0
super_engaging,4,4,0
just_perverse,4,4,0
more_masterful,4,4,0
necessarily_shallow,4,4,0
necessarily_skinny,4,4,0
super_eventful,4,3,1
necessarily_sharper,4,4,0
particularly_technological,4,2,2
super_explicit,4,4,0
particularly_tactful,4,4,0
really_marketable,4,4,0
super_extroverted,4,4,0
quite_hoppy,4,4,0
hopelessly_retrograde,4,4,0
necessarily_simplistic,4,4,0
politically_unstable,4,4,0
otherwise_recoverable,4,4,0
so_cosmic,4,3,1
so_cosmopolitan,4,4,0
more_melodic,4,3,1
just_perfunctory,4,4,0
more_meritorious,4,3,1
more_mindless,4,3,1
just_other,4,4,0
more_nationalistic,4,4,0
super_crisp,4,4,0
so_consuming,4,3,1
really_sheer,4,4,0
necessarily_regular,4,4,0
super_curvy,4,4,0
only_quirky,4,4,0
politically_sound,4,4,0
more_musical,4,2,2
just_overblown,4,4,0
super_cutesy,4,4,0
necessarily_reprehensible,4,4,0
just_overrated,4,4,0
horribly_inconvenient,4,4,0
necessarily_rewarding,4,4,0
necessarily_rhetorical,4,4,0
just_palpable,4,4,0
just_parallel,4,4,0
just_paramount,4,4,0
so_contemptuous,4,4,0
just_part-time,4,4,0
just_partial,4,4,0
particularly_thrifty,4,4,0
super_dirty,4,4,0
horribly_disappointed,4,4,0
horribly_depressing,4,4,0
horribly_dangerous,4,4,0
horribly_cruel,4,3,1
super_fashionable,4,4,0
so_counterintuitive,4,4,0
outrageously_good,4,4,0
so_crooked,4,4,0
necessarily_systematic,4,4,0
home_long,4,4,0
necessarily_tasteful,4,4,0
so_crippling,4,4,0
necessarily_temporary,4,4,0
really_literary,4,4,0
positively_harmful,4,4,0
historically_valuable,4,3,1
particularly_steamy,4,4,0
necessarily_terrifying,4,4,0
necessarily_thankful,4,4,0
necessarily_therapeutic,4,4,0
super_horrible,4,4,0
rather_large,4,4,0
necessarily_top,4,4,0
more_live,4,3,1
really_legible,4,4,0
outrageously_difficult,4,4,0
more_intractable,4,1,3
necessarily_traceable,4,4,0
just_provincial,4,4,0
quite_grey,4,4,0
really_lame,4,4,0
historically_possible,4,4,0
historically_plausible,4,4,0
super_inexpensive,4,3,1
more_interdependent,4,4,0
historically_new,4,4,0
quite_graphic,4,4,0
more_intellectual,4,1,3
just_preventable,4,4,0
more_junior,4,4,0
only_programmable,4,4,0
more_juvenile,4,2,2
super_feminine,4,4,0
necessarily_softer,4,4,0
more_literate,4,4,0
necessarily_solemn,4,4,0
necessarily_sorry,4,4,0
more_like,4,4,0
just_poisonous,4,4,0
really_malty,4,4,0
otherwise_sick,4,4,0
super_forgiving,4,4,0
more_lighthearted,4,4,0
just_pop,4,4,0
necessarily_sterile,4,4,0
just_pornographic,4,4,0
just_porous,4,4,0
more_life-changing,4,1,3
particularly_studious,4,4,0
particularly_striking,4,1,3
really_macho,4,3,1
more_lax,4,4,0
quite_homeless,4,4,0
otherwise_unlawful,4,4,0
necessarily_such,4,4,0
really_low-cost,4,4,0
more_lacking,4,3,1
necessarily_suicidal,4,4,0
just_presidential,4,4,0
otherwise_useful,4,4,0
necessarily_superstitious,4,4,0
singularly_clear,4,4,0
however_new,4,4,0
very_tranquil,4,4,0
very_complacent,4,4,0
as_serendipitous,4,4,0
as_serviceable,4,4,0
that_partial,4,4,0
completely_ecstatic,4,4,0
too_apt,4,3,1
totally_afraid,4,4,0
totally_affordable,4,4,0
enough_high,4,4,0
even_vital,4,4,0
yet_airtight,4,4,0
as_short-sighted,4,4,0
uniquely_stupid,4,4,0
totally_accustomed,4,4,0
enough_japanese,4,4,0
actually_faithful,4,4,0
uniquely_talented,4,4,0
even_valuable,4,4,0
uniquely_terrible,4,3,1
completely_disrespectful,4,4,0
enough_motivated,4,4,0
as_spartan,4,3,1
as_specialized,4,4,0
already_commonplace,4,4,0
enough_funny,4,3,1
totally_alike,4,4,0
even_wild,4,4,0
exactly_odd,4,4,0
as_relieved,4,3,1
too_amusing,4,4,0
already_different,4,4,0
totally_asleep,4,4,0
as_saddening,4,3,1
as_sandy,4,4,0
as_satirical,4,3,1
as_sculptural,4,4,0
completely_exact,4,4,0
already_dependent,4,4,0
totally_anomalous,4,4,0
even_wireless,4,4,0
totally_annoying,4,4,0
completely_enough,4,4,0
very_concentrated,4,4,0
exactly_offensive,4,4,0
uniquely_religious,4,3,1
as_self-reliant,4,4,0
even_witty,4,4,0
as_seminal,4,4,0
actually_endless,4,4,0
uniquely_russian,4,3,1
as_stationary,4,4,0
even_urgent,4,4,0
enough_blue,4,4,0
already_clean,4,4,0
actually_golden,4,4,0
even_understandable,4,4,0
completely_desolate,4,4,0
exactly_overpriced,4,4,0
as_tortured,4,4,0
too_vintage,4,3,1
as_traceable,4,4,0
too_authoritarian,4,4,0
very_comic,4,2,2
as_translucent,4,4,0
as_transportable,4,4,0
actually_greener,4,4,0
too_vapid,4,4,0
as_tyrannical,4,4,0
even_truthful,4,4,0
actually_grumpy,4,4,0
too_usable,4,4,0
as_uncontroversial,4,4,0
actually_handicapped,4,4,0
entirely_accustomed,4,4,0
entirely_achievable,4,4,0
as_unconvincing,4,4,0
exactly_partisan,4,4,0
exclusively_technical,4,4,0
that_physical,4,4,0
too_virtuous,4,4,0
enough_safe,4,4,0
exactly_outgoing,4,4,0
completely_disingenuous,4,4,0
as_superfluous,4,4,0
actually_fine,4,4,0
too_wooden,4,4,0
too_witty,4,4,0
exclusively_young,4,4,0
already_certain,4,4,0
even_unpleasant,4,4,0
too_wicked,4,4,0
enough_satisfied,4,4,0
as_tolerable,4,4,0
very_communist,4,4,0
completely_disappointing,4,4,0
very_communal,4,4,0
as_tepid,4,4,0
yet_abundant,4,4,0
even_universal,4,4,0
even_unionized,4,4,0
as_terminal,4,4,0
enough_sweet,4,4,0
even_unexpected,4,4,0
totally_atypical,4,4,0
actually_digital,4,4,0
actually_higher,4,4,0
as_predatory,4,4,0
exactly_neat,4,4,0
totally_clear-cut,4,4,0
already_fond,4,4,0
completely_high,4,4,0
as_pastoral,4,4,0
completely_heterosexual,4,4,0
as_penetrating,4,4,0
totally_cheesy,4,4,0
that_one-dimensional,4,4,0
as_permeable,4,4,0
as_permissible,4,4,0
that_opaque,4,4,0
as_perverted,4,4,0
yet_black,4,4,0
ever_average,4,4,0
too_aged,4,4,0
completely_hairless,4,4,0
ever_automatic,4,3,1
actually_creepy,4,4,0
ever_ashamed,4,4,0
as_possessive,4,4,0
completely_groundless,4,4,0
completely_groundbreaking,4,3,1
that_ok,4,4,0
totally_cold,4,3,1
completely_homogenous,4,4,0
totally_conservative,4,4,0
as_nomadic,4,4,0
empirically_valid,4,4,0
as_non-partisan,4,4,0
vitally_concerned,4,4,0
exactly_musical,4,4,0
exactly_mysterious,4,4,0
uniquely_french,4,4,0
theoretically_capable,4,4,0
exactly_naked,4,4,0
completely_illiterate,4,4,0
vitally_essential,4,3,1
already_functional,4,4,0
actually_communist,4,4,0
totally_conflicted,4,4,0
totally_conducive,4,4,0
totally_condescending,4,4,0
actually_constant,4,4,0
actually_constitutional,4,4,0
totally_competent,4,4,0
as_overcome,4,4,0
as_overrated,4,4,0
actually_contradictory,4,4,0
exactly_non-existent,4,4,0
completely_gray,4,4,0
actually_digestible,4,4,0
yet_bigger,4,4,0
completely_friendly,4,4,0
totally_beneficial,4,4,0
explicitly_apparent,4,4,0
explicitly_anti-semitic,4,4,0
as_prosaic,4,2,2
enormously_surprising,4,4,0
enormously_talented,4,4,0
already_embarrassing,4,4,0
as_psychedelic,4,4,0
totally_bankrupt,4,4,0
as_psychological,4,4,0
actually_dependent,4,4,0
as_recyclable,4,4,0
completely_foolhardy,4,4,0
completely_flawed,4,4,0
completely_flattering,4,4,0
completely_fictitious,4,4,0
enough_appealing,4,4,0
actually_detailed,4,4,0
exactly_notable,4,4,0
too_amazed,4,4,0
yet_automatic,4,4,0
vocally_perfect,4,4,0
enormously_profitable,4,4,0
as_pro-life,4,4,0
actually_delusional,4,4,0
as_pro-american,4,4,0
completely_gratuitous,4,4,0
actually_culpable,4,4,0
actually_curious,4,4,0
totally_british,4,4,0
actually_current,4,4,0
too_agitated,4,4,0
as_primary,4,4,0
that_orderly,4,4,0
enormously_helpful,4,4,0
too_agreeable,4,3,1
ever_alive,4,4,0
completely_frustrating,4,4,0
theologically_problematic,4,4,0
as_pro-choice,4,4,0
actually_deadly,4,4,0
completely_generic,4,4,0
yet_beautiful,4,4,0
completely_gay,4,4,0
explicitly_biblical,4,4,0
enormously_optimistic,4,4,0
totally_bitter,4,4,0
completely_fun,4,4,0
actually_heroic,4,4,0
very_coarse,4,4,0
totally_curable,4,4,0
completely_amoral,4,4,0
very_buggy,4,4,0
even_satisfactory,4,4,0
actually_mexican,4,4,0
too_british,4,4,0
exactly_prophetic,4,4,0
very_brittle,4,4,0
very_brisk,4,4,0
very_breezy,4,4,0
entirely_dumb,4,4,0
almost_invisible,4,4,0
even_risky,4,4,0
authentically_african,4,3,1
entirely_embarrassing,4,4,0
entirely_enamored,4,4,0
entirely_engaging,4,3,1
authentically_christian,4,4,0
authentically_greek,4,4,0
even_responsive,4,4,0
very_benevolent,4,4,0
very_befitting,4,4,0
actually_national,4,4,0
entirely_exceptional,4,4,0
authentically_indian,4,4,0
actually_mature,4,4,0
exclusively_german,4,4,0
then_welcome,4,3,1
actually_lower,4,4,0
as_wistful,4,4,0
that_primitive,4,4,0
entirely_delusional,4,4,0
entirely_descriptive,4,4,0
completely_benevolent,4,4,0
that_principled,4,4,0
that_pristine,4,4,0
that_privileged,4,4,0
entirely_desperate,4,4,0
even_sexier,4,4,0
that_proactive,4,4,0
very_cerebral,4,4,0
too_turbulent,4,4,0
then_willing,4,4,0
too_truthful,4,4,0
actually_loyal,4,4,0
completely_awkward,4,4,0
entirely_diplomatic,4,4,0
entirely_disagreeable,4,4,0
entirely_disastrous,4,4,0
exactly_privy,4,4,0
completely_autobiographical,4,4,0
even_reputable,4,4,0
authentically_japanese,4,4,0
as_wearable,4,4,0
even_remorseful,4,4,0
even_pure,4,4,0
even_promising,4,4,0
well_little,4,4,0
entirely_fruitful,4,4,0
too_taut,4,4,0
exactly_rampant,4,4,0
entirely_generous,4,4,0
universally_human,4,3,1
very_autonomous,4,4,0
entirely_graceful,4,4,0
exactly_raw,4,4,0
completely_absolute,4,4,0
even_problematic,4,4,0
automatically_anti-semitic,4,4,0
willfully_negligent,4,4,0
entirely_high,4,4,0
well_much,4,4,0
entirely_homegrown,4,4,0
even_prime,4,4,0
entirely_huge,4,4,0
exclusively_applicable,4,4,0
entirely_hyperbole,4,4,0
willfully_evil,4,4,0
entirely_forgiving,4,4,0
exclusively_conservative,4,4,0
universally_helpful,4,4,0
entirely_feminine,4,4,0
actually_nicer,4,4,0
even_reliant,4,4,0
well_high,4,4,0
even_relative,4,4,0
even_relatable,4,4,0
completely_amazing,4,4,0
entirely_fashionable,4,4,0
universally_gloomy,4,4,0
too_territorial,4,4,0
actually_noticeable,4,3,1
even_refreshing,4,4,0
entirely_flawed,4,4,0
entirely_fictitious,4,4,0
entirely_figurative,4,4,0
even_receptive,4,4,0
even_reachable,4,4,0
almost_free,4,3,1
even_rarer,4,4,0
too_tentative,4,4,0
universally_grim,4,4,0
that_pushy,4,4,0
that_puzzling,4,4,0
entirely_defensive,4,4,0
as_warped,4,4,0
exactly_pastoral,4,4,0
almost_unthinkable,4,3,1
entirely_bearish,4,4,0
well_accessible,4,4,0
too_unruly,4,3,1
entirely_biblical,4,4,0
completely_constant,4,4,0
too_banal,4,4,0
actually_incorrect,4,4,0
completely_concrete,4,4,0
completely_concerned,4,4,0
completely_complimentary,4,4,0
as_uninspired,4,4,0
entirely_blank,4,4,0
exclusively_personal,4,4,0
well_bad,4,4,0
entirely_bright,4,4,0
exactly_platonic,4,4,0
alone_able,4,4,0
even_symmetrical,4,4,0
as_unjust,4,4,0
too_unorthodox,4,1,3
entirely_calm,4,4,0
almost_worse,4,4,0
entirely_carefree,4,4,0
that_political,4,4,0
exactly_phenomenal,4,4,0
as_unfocused,4,4,0
very_cloudy,4,4,0
entirely_aloof,4,4,0
wonderfully_strange,4,4,0
very_cluttered,4,4,0
even_tiny,4,4,0
completely_dangerous,4,4,0
too_unwell,4,4,0
exactly_pertinent,4,4,0
too_unwelcome,4,4,0
even_tight,4,4,0
even_thrilled,4,4,0
as_unfathomable,4,4,0
entirely_bald,4,4,0
completely_conversant,4,4,0
even_thirsty,4,4,0
even_third,4,4,0
completely_contradictory,4,4,0
entirely_average,4,4,0
even_theoretical,4,4,0
too_unseemly,4,3,1
that_polished,4,4,0
actually_imminent,4,4,0
alone_long,4,4,0
actually_inherent,4,4,0
exclusively_nocturnal,4,4,0
entirely_dangerous,4,4,0
very_civilised,4,4,0
completely_broken,4,4,0
as_unwilling,4,4,0
too_blase,4,3,1
as_unworthy,4,3,1
actually_last,4,4,0
entirely_corrupt,4,4,0
even_social,4,4,0
too_undesirable,4,4,0
actually_legitimate,4,4,0
even_smaller,4,4,0
even_slow,4,4,0
as_valiant,4,4,0
actually_light,4,4,0
as_vertical,4,4,0
entirely_crucial,4,4,0
entirely_cruel,4,4,0
entirely_culpable,4,4,0
entirely_cultural,4,4,0
that_pricy,4,4,0
as_vintage,4,4,0
entirely_daft,4,4,0
completely_bitter,4,4,0
as_walkable,4,4,0
completely_brown,4,4,0
almost_sufficient,4,4,0
universally_correct,4,4,0
universally_consistent,4,4,0
even_suggestive,4,4,0
exclusively_negative,4,4,0
completely_cheesy,4,4,0
even_stylish,4,3,1
too_unjust,4,4,0
even_stupid,4,4,0
exclusively_mutual,4,4,0
very_chunky,4,4,0
completely_central,4,4,0
entirely_closed,4,4,0
as_unreal,4,4,0
that_prescient,4,4,0
almost_unheard,4,4,0
almost_unbelievable,4,4,0
too_unfortunate,4,3,1
as_unsettled,4,4,0
entirely_commercial,4,4,0
entirely_committed,4,4,0
even_sticky,4,4,0
well_compatible,4,4,0
actually_irrational,4,4,0
completely_captivating,4,4,0
as_negotiable,4,4,0
completely_indistinguishable,4,4,0
even_preferable,4,4,0
as_anti-democratic,4,4,0
as_accommodative,4,4,0
as_acquainted,4,4,0
visually_dominant,4,4,0
very_discernible,4,4,0
completely_shy,4,4,0
as_alcoholic,4,4,0
as_alike,4,4,0
economically_useful,4,4,0
economically_vital,4,4,0
yet_expensive,4,4,0
totally_lopsided,4,4,0
totally_logical,4,4,0
completely_sexist,4,4,0
yet_exhaustive,4,4,0
as_alternative,4,4,0
completely_senseless,4,4,0
as_amateur,4,4,0
as_amateurish,4,4,0
ever_evident,4,4,0
as_amorphous,4,4,0
already_susceptible,4,4,0
ever_essential,4,4,0
extraordinarily_different,4,3,1
that_industrious,4,4,0
extraordinarily_handsome,4,4,0
that_indulgent,4,4,0
totally_misleading,4,4,0
economically_justified,4,4,0
artistically_adventurous,4,4,0
visually_creative,4,4,0
very_dressy,4,4,0
completely_steady,4,4,0
artistically_brilliant,4,4,0
totally_modern,4,4,0
exactly_inspired,4,4,0
extraordinarily_low,4,4,0
economically_optimal,4,4,0
economically_prepared,4,4,0
economically_ruinous,4,4,0
exactly_instantaneous,4,4,0
very_dogmatic,4,4,0
extraordinarily_intelligent,4,4,0
totally_mindless,4,4,0
yet_favorable,4,4,0
already_uneasy,4,4,0
exactly_integral,4,4,0
very_disturbed,4,4,0
exactly_intellectual,4,4,0
extraordinarily_helpful,4,4,0
as_anemic,4,4,0
totally_lean,4,4,0
yet_fine,4,4,0
extraordinarily_complicated,4,4,0
as_bilingual,4,4,0
extra_vital,4,4,0
as_biodegradable,4,4,0
totally_inspiring,4,4,0
completely_responsive,4,4,0
as_bipartisan,4,4,0
totally_inhuman,4,4,0
exactly_joyful,4,4,0
effortlessly_accessible,4,4,0
effortlessly_available,4,4,0
completely_removable,4,4,0
totally_inert,4,4,0
as_budget-friendly,4,4,0
completely_remote,4,4,0
as_bureaucratic,4,4,0
as_cagey,4,4,0
exactly_knowledgeable,4,4,0
completely_relatable,4,4,0
completely_red,4,4,0
very_developed,4,4,0
acoustically_perfect,4,4,0
that_irrelevant,4,4,0
totally_incompatible,4,4,0
together_unusual,4,4,0
already_skeptical,4,4,0
totally_insurmountable,4,4,0
as_aspirational,4,4,0
together_true,4,4,0
educationally_sound,4,4,0
totally_knowledgeable,4,4,0
exactly_irish,4,4,0
that_inspired,4,4,0
yet_essential,4,4,0
there_better,4,3,1
yet_erect,4,4,0
uniformly_poor,4,4,0
as_argumentative,4,4,0
as_astonished,4,4,0
already_skilled,4,4,0
totally_ironic,4,4,0
accurately_representative,4,4,0
effectively_accessible,4,4,0
completely_rotten,4,4,0
totally_invulnerable,4,4,0
extraordinarily_brilliant,4,4,0
as_backward,4,4,0
as_bald,4,4,0
totally_interesting,4,4,0
totally_intentional,4,4,0
economically_irrational,4,4,0
very_easygoing,4,4,0
completely_reasonable,4,4,0
uniformly_consistent,4,4,0
exactly_impenetrable,4,4,0
extremely_appealing,4,4,0
very_flammable,4,4,0
exactly_implausible,4,4,0
totally_partisan,4,4,0
totally_paranoid,4,4,0
completely_unforgivable,4,4,0
very_finicky,4,4,0
abundantly_present,4,4,0
extremely_afraid,4,4,0
that_higher,4,4,0
very_finest,4,4,0
extremely_adventurous,4,4,0
appreciably_larger,4,4,0
easily_viewable,4,4,0
appreciably_more,4,4,0
very_ferocious,4,4,0
easily_washable,4,4,0
ever_heavy,4,3,1
extremely_addictive,4,4,0
easily_workable,4,4,0
totally_overwhelmed,4,4,0
also_amazing,4,4,0
completely_unimaginable,4,4,0
easily_soluble,4,4,0
totally_pathetic,4,4,0
very_glaring,4,4,0
extremely_boring,4,4,0
extremely_bold,4,3,1
very_grim,4,4,0
very_gregarious,4,4,0
completely_unsafe,4,4,0
yet_historic,4,4,0
extremely_bitter,4,4,0
apparently_eager,4,4,0
totally_plausible,4,4,0
abundantly_apparent,4,4,0
ever_idle,4,4,0
apparently_upset,4,4,0
completely_unrecognisable,4,4,0
very_genteel,4,3,1
very_generic,4,4,0
ever_hot,4,4,0
extremely_awful,4,4,0
visually_astounding,4,4,0
also_beautiful,4,4,0
extremely_athletic,4,4,0
extremely_artistic,4,4,0
apparently_successful,4,4,0
totally_overjoyed,4,4,0
completely_underground,4,4,0
economically_insecure,4,4,0
that_horrid,4,4,0
very_exhaustive,4,4,0
economically_better,4,4,0
completely_toxic,4,4,0
ever_glad,4,4,0
uniformly_easy,4,4,0
completely_toothless,4,4,0
yet_fortunate,4,4,0
economically_devastating,4,4,0
economically_dominant,4,4,0
completely_theoretical,4,4,0
academically_gifted,4,4,0
completely_terrifying,4,4,0
economically_effective,4,4,0
architecturally_interesting,4,4,0
very_enterprising,4,4,0
very_enduring,4,4,0
ever_fearful,4,4,0
already_weary,4,4,0
academically_interesting,4,4,0
extraordinarily_profitable,4,4,0
exactly_infinite,4,4,0
very_effusive,4,4,0
very_effortless,4,4,0
completely_tragic,4,4,0
that_illogical,4,4,0
totally_off-putting,4,4,0
ever_harmful,4,4,0
ecologically_conscious,4,4,0
very_fatal,4,4,0
that_hospitable,4,4,0
totally_outraged,4,4,0
that_hurt,4,4,0
academically_advanced,4,4,0
ecologically_diverse,4,4,0
totally_orthodox,4,4,0
also_afraid,4,4,0
completely_unbeatable,4,4,0
very_far,4,4,0
that_illegal,4,4,0
completely_unattractive,4,4,0
completely_unappealing,4,4,0
very_fantastic,4,4,0
completely_unaffordable,4,4,0
ecologically_responsible,4,4,0
that_ideological,4,4,0
totally_open-ended,4,4,0
ever_grateful,4,4,0
academically_competent,4,4,0
uniformly_dire,4,4,0
as_childlike,4,4,0
as_classical,4,4,0
as_negligent,4,4,0
already_late,4,4,0
that_momentous,4,4,0
totally_engrossing,4,4,0
completely_modern,4,4,0
emotionally_engaging,4,3,1
emotionally_evocative,4,4,0
ever_competitive,4,4,0
yet_complex,4,4,0
actually_anti-semitic,4,2,2
exactly_merciful,4,4,0
emotionally_fraught,4,4,0
completely_mean,4,4,0
as_incriminating,4,4,0
already_loyal,4,4,0
completely_mandatory,4,4,0
that_mundane,4,4,0
emotionally_intimate,4,4,0
actually_australian,4,4,0
as_ineffectual,4,4,0
as_inflated,4,4,0
as_informational,4,4,0
as_insubstantial,4,4,0
as_intangible,4,4,0
totally_dormant,4,4,0
as_illiterate,4,4,0
emotionally_distressed,4,4,0
emotionally_distant,4,4,0
as_gleeful,4,4,0
completely_negligent,4,4,0
ever_confusing,4,4,0
as_fragmented,4,4,0
as_french,4,4,0
as_fuel-efficient,4,4,0
as_galling,4,3,1
totally_exciting,4,4,0
exactly_masterful,4,4,0
as_ghastly,4,4,0
as_giant,4,4,0
very_dead,4,3,1
actually_amazed,4,4,0
very_dazzling,4,4,0
completely_motionless,4,4,0
emotionally_complex,4,4,0
as_high-tech,4,3,1
emotionally_concerned,4,4,0
very_damp,4,4,0
as_idiosyncratic,4,4,0
emotionally_demonstrative,4,4,0
emotionally_dependent,4,4,0
emotionally_detached,4,4,0
emotionally_persuasive,4,4,0
as_intrinsic,4,4,0
that_methodical,4,4,0
completely_limp,4,4,0
very_cosy,4,4,0
emotionally_true,4,4,0
yet_cluttered,4,4,0
as_misunderstood,4,4,0
as_monochromatic,4,4,0
totally_destitute,4,4,0
totally_desperate,4,4,0
that_noble,4,4,0
as_mortal,4,4,0
emotionally_volatile,4,4,0
totally_democratic,4,4,0
very_cost-efficient,4,4,0
totally_delusional,4,4,0
actually_canadian,4,4,0
as_multifaceted,4,4,0
actually_cancerous,4,4,0
already_holy,4,4,0
very_corrupt,4,4,0
exactly_mortal,4,4,0
completely_innovative,4,4,0
completely_innocuous,4,4,0
completely_inexplicable,4,4,0
totally_debilitating,4,4,0
already_ill,4,4,0
completely_internal,4,4,0
yet_cognizant,4,4,0
already_jam-packed,4,4,0
emotionally_raw,4,4,0
very_culpable,4,4,0
as_japanese,4,4,0
explicitly_misleading,4,4,0
emotionally_responsible,4,4,0
emotionally_responsive,4,4,0
completely_likeable,4,4,0
uniquely_available,4,4,0
as_justifiable,4,4,0
emotionally_satisfied,4,4,0
as_lifelike,4,3,1
as_metaphorical,4,4,0
emotionally_sensitive,4,4,0
emotionally_simple,4,3,1
exactly_miraculous,4,4,0
completely_kind,4,4,0
ever_cold,4,4,0
totally_disheartened,4,4,0
completely_irresistible,4,4,0
as_meager,4,4,0
as_medieval,4,4,0
too_advantageous,4,4,0
actually_adequate,4,4,0
completely_noble,4,4,0
that_jarring,4,4,0
already_positive,4,4,0
uniformly_stable,4,4,0
as_dictatorial,4,4,0
yet_deserving,4,4,0
exactly_lighthearted,4,4,0
as_diminutive,4,4,0
totally_helpful,4,4,0
yet_dependent,4,4,0
as_directional,4,4,0
ever_decisive,4,4,0
that_liquid,4,4,0
as_disillusioned,4,4,0
electorally_successful,4,4,0
completely_plain,4,4,0
already_problematic,4,4,0
visually_intimidating,4,4,0
that_local,4,4,0
completely_persuasive,4,4,0
already_privy,4,4,0
visually_intriguing,4,4,0
visually_intrusive,4,4,0
yet_defunct,4,4,0
yet_dear,4,3,1
actively_moderate,4,4,0
as_deplorable,4,3,1
already_related,4,4,0
as_deadpan,4,4,0
totally_impotent,4,4,0
totally_inadequate,4,4,0
as_closed,4,4,0
yet_dormant,4,4,0
completely_readable,4,4,0
completely_racist,4,4,0
completely_quantifiable,4,4,0
egregiously_offensive,4,3,1
very_desperate,4,4,0
totally_impractical,4,4,0
that_lasting,4,4,0
externally_obvious,4,4,0
completely_progressive,4,4,0
as_collegial,4,4,0
egregiously_terrible,4,4,0
completely_psyched,4,4,0
totally_immersive,4,4,0
exactly_lean,4,4,0
either_aware,4,4,0
as_cosmic,4,4,0
as_counter-intuitive,4,4,0
that_legit,4,4,0
that_lenient,4,4,0
yet_deadly,4,4,0
actively_painful,4,4,0
as_forgivable,4,4,0
as_emblematic,4,4,0
yet_crispy,4,4,0
as_expandable,4,4,0
uniformly_upbeat,4,4,0
yet_cost-efficient,4,4,0
that_marketable,4,4,0
that_marvellous,4,4,0
exactly_loyal,4,4,0
already_overdone,4,4,0
as_extensible,4,4,0
as_farcical,4,3,1
exactly_macho,4,4,0
ever_correct,4,4,0
actively_wrong,4,0,4
uniformly_warm,4,4,0
exactly_magnificent,4,4,0
actually_achievable,4,4,0
exactly_major,4,4,0
completely_non-toxic,4,4,0
already_old,4,4,0
that_menacing,4,4,0
as_flustered,4,3,1
visually_offensive,4,4,0
exactly_manly,4,4,0
actively_stupid,4,4,0
as_evangelical,4,4,0
uniformly_tight,4,4,0
exactly_lofty,4,4,0
completely_overwhelmed,4,4,0
totally_genetic,4,4,0
theoretically_outstanding,4,4,0
completely_overpowering,4,4,0
already_plain,4,4,0
completely_overjoyed,4,4,0
completely_overdone,4,4,0
as_encompassing,4,4,0
yet_customary,4,4,0
yet_current,4,4,0
too_abysmal,4,4,0
totally_foolish,4,4,0
as_enforceable,4,4,0
completely_overcome,4,4,0
ever_crazy,4,4,0
already_past,4,4,0
as_enviable,4,4,0
uniformly_terrible,4,4,0
else_objectionable,4,0,4
visually_memorable,4,4,0
completely_online,4,4,0
already_overwhelming,4,4,0
well_numerous,4,4,0
entirely_illegitimate,4,4,0
easily_likable,4,4,0
all_aged,4,3,1
especially_sustainable,4,4,0
wholly_related,4,4,0
especially_susceptible,4,4,0
especially_sure,4,4,0
especially_superstitious,4,4,0
equally_rich,4,4,0
excessively_ambitious,4,4,0
especially_suitable,4,4,0
utterly_pointless,4,4,0
all_nostalgic,4,4,0
too_near,4,4,0
utterly_overwhelming,4,4,0
all_accidental,4,4,0
equally_satisfying,4,4,0
all_acoustic,4,4,0
especially_strange,4,4,0
especially_stiff,4,4,0
brand_safe,4,4,0
equally_serious,4,4,0
all_adorable,4,4,0
wholly_democratic,4,4,0
usually_kind,4,4,0
especially_specific,4,4,0
usually_illegal,4,4,0
especially_systematic,4,4,0
equally_related,4,4,0
usually_higher,4,4,0
excessively_bloody,4,4,0
equally_positive,4,4,0
especially_traumatic,4,3,1
exactly_unlimited,4,4,0
especially_transparent,4,4,0
especially_traditional,4,4,0
brilliantly_clever,4,4,0
especially_tolerant,4,4,0
especially_timely,4,4,0
wholly_ridiculous,4,4,0
especially_thorough,4,4,0
excessively_bad,4,3,1
too_gray,4,4,0
especially_terrifying,4,4,0
equally_proud,4,4,0
all_obnoxious,4,4,0
agonizingly_slow,4,4,0
breathtakingly_original,4,4,0
usually_huge,4,4,0
exactly_unobtrusive,4,4,0
equally_ready,4,4,0
excessively_baggy,4,2,2
wholly_derivative,4,4,0
utterly_new,4,4,0
especially_tricky,4,4,0
especially_shocked,4,4,0
utterly_lacking,4,4,0
all_bigoted,4,4,0
especially_rebellious,4,3,1
equally_wealthy,4,4,0
too_mental,4,3,1
exactly_vertical,4,4,0
all_bland,4,4,0
equally_willing,4,4,0
all_blissful,4,4,0
too_hollow,4,4,0
exceptionally_volatile,4,4,0
utterly_irrelevant,4,4,0
too_melodic,4,4,0
beautifully_warm,4,4,0
too_medicinal,4,4,0
exceptionally_unique,4,2,2
especially_prolific,4,4,0
all_british,4,4,0
wholly_easy,4,4,0
especially_pricey,4,4,0
usually_perfect,4,4,0
especially_precious,4,4,0
usually_personal,4,4,0
equally_visible,4,4,0
all_believable,4,4,0
all_bashful,4,4,0
especially_scandalous,4,3,1
all_amenable,4,4,0
especially_sentimental,4,4,0
too_healthful,4,4,0
all_monstrous,4,4,0
especially_selective,4,4,0
especially_secure,4,4,0
especially_secret,4,2,2
usually_mandatory,4,4,0
too_momentous,4,1,3
especially_scarce,4,4,0
all_apologetic,4,4,0
equally_viable,4,4,0
usually_memorable,4,3,1
all_apparent,4,4,0
wholly_disagreeable,4,4,0
especially_satisfied,4,4,0
usually_negative,4,4,0
all_mexican,4,4,0
too_mind-blowing,4,1,3
especially_riveting,4,4,0
especially_revealing,4,3,1
both_ready,4,4,0
especially_trendy,4,2,2
too_gorgeous,4,3,1
especially_affordable,4,4,0
aggressively_bitter,4,4,0
barely_free,4,4,0
too_picturesque,4,4,0
too_factual,4,4,0
then_due,4,4,0
too_perverted,4,4,0
too_perverse,4,3,1
exactly_unaware,4,4,0
wholly_unimaginable,4,4,0
equally_evident,4,4,0
too_fearsome,4,2,2
usually_cool,4,4,0
usually_correct,4,4,0
too_female,4,4,0
usually_critical,4,4,0
casually_related,4,4,0
equally_fine,4,4,0
usually_deductible,4,4,0
too_peachy,4,4,0
usually_deep,4,4,0
wholly_unbelievable,4,4,0
too_pathetic,4,3,1
too_patchy,4,4,0
equally_fun,4,4,0
too_pissed,4,4,0
barely_enough,4,3,1
all_praiseworthy,4,4,0
too_portable,4,4,0
certainly_happy,4,4,0
wholly_unwilling,4,4,0
too_erotic,4,3,1
too_erratic,4,4,0
too_evasive,4,4,0
usually_cancerous,4,4,0
equally_corrupt,4,4,0
equally_credible,4,3,1
excessively_drunk,4,4,0
equally_cruel,4,4,0
badly_wrong,4,4,0
all_preachy,4,4,0
exactly_trendy,4,4,0
exactly_tricky,4,4,0
exactly_triumphant,4,4,0
eternally_damned,4,4,0
wholly_unprofitable,4,4,0
wholly_unprepared,4,4,0
that_speedy,4,4,0
too_polarizing,4,3,1
that_spiritual,4,4,0
categorically_violent,4,4,0
usually_demonstrative,4,4,0
all_paranoid,4,4,0
too_nutritious,4,3,1
usually_detectable,4,4,0
usually_fair,4,4,0
usually_famous,4,4,0
too_one-dimensional,4,4,0
usually_fast,4,4,0
wholly_spontaneous,4,4,0
excessively_cold,4,4,0
usually_first,4,4,0
exactly_unfriendly,4,4,0
too_official,4,2,2
broadly_effective,4,4,0
wholly_sober,4,4,0
equally_necessary,4,4,0
usually_frequent,4,4,0
all_ominous,4,4,0
wholly_sincere,4,4,0
especially_urgent,4,4,0
all_older,4,4,0
too_obscene,4,4,0
utterly_shocked,4,4,0
broadly_accessible,4,4,0
wholly_silent,4,4,0
equally_outraged,4,4,0
brilliantly_successful,4,4,0
broadly_supportive,4,4,0
essentially_better,4,4,0
too_fundamental,4,3,1
basically_famous,4,4,0
usually_detrimental,4,4,0
utterly_terrified,4,4,0
essentially_incompatible,4,4,0
usually_direct,4,4,0
essentially_identical,4,4,0
all_overwhelming,4,4,0
equally_hospitable,4,4,0
all_overweight,4,4,0
all_overdone,4,4,0
too_foggy,4,4,0
wholly_supportive,4,4,0
too_frazzled,4,4,0
wholly_suitable,4,4,0
equally_intelligent,4,4,0
all_ours,4,4,0
too_organic,4,4,0
usually_economical,4,4,0
usually_effortless,4,4,0
exactly_uneventful,4,4,0
utterly_sure,4,4,0
brutally_clear,4,4,0
wholly_strange,4,4,0
too_humorous,4,3,1
especially_poignant,4,3,1
wholly_unworthy,4,4,0
biblically_wrong,4,2,2
exceedingly_hot,4,4,0
all_downbeat,4,4,0
too_infrequent,4,4,0
all_imaginary,4,4,0
usually_transferable,4,4,0
exceptionally_fancy,4,1,3
all_due,4,4,0
especially_humble,4,4,0
usually_uncomplicated,4,4,0
all_easier,4,4,0
all_economic,4,4,0
especially_disappointed,4,4,0
especially_honest,4,4,0
wholly_intentional,4,4,0
all_humorous,4,4,0
that_uncomplicated,4,4,0
too_insipid,4,4,0
that_vindictive,4,4,0
especially_holy,4,3,1
all_huge,4,4,0
all_eligible,4,4,0
usually_valid,4,4,0
that_understandable,4,4,0
usually_thick,4,4,0
utterly_essential,4,2,2
all_impatient,4,4,0
too_laden,4,4,0
wholly_logical,4,4,0
especially_intimidating,4,4,0
usually_squeamish,4,4,0
all_dirty,4,4,0
all_disappointing,4,4,0
that_trendy,4,4,0
all_disastrous,4,4,0
all_discreet,4,4,0
all_incompetent,4,4,0
all_incompatible,4,4,0
exceptionally_graphic,4,2,2
usually_tender,4,4,0
blazingly_hot,4,4,0
beyond_beautiful,4,4,0
usually_sure,4,4,0
exceptionally_funny,4,4,0
wholly_lacking,4,4,0
all_distinct,4,4,0
usually_symmetrical,4,4,0
especially_inclined,4,4,0
too_lacking,4,4,0
wholly_irresponsible,4,4,0
all_encouraging,4,4,0
usually_vulnerable,4,4,0
wholly_loyal,4,4,0
usually_waterproof,4,4,0
especially_edifying,4,4,0
especially_flexible,4,4,0
especially_eloquent,4,4,0
all_flashy,4,4,0
biologically_sustainable,4,4,0
especially_elusive,4,4,0
too_inventive,4,4,0
all_fond,4,4,0
utterly_clueless,4,3,1
all_gooey,4,4,0
too_inviting,4,1,3
too_irish,4,4,0
utterly_contemptible,4,3,1
that_unpredictable,4,4,0
too_irrational,4,4,0
wholly_important,4,4,0
exceptionally_attractive,4,4,0
utterly_convinced,4,4,0
all_fresh,4,4,0
all_frustrating,4,4,0
especially_extraordinary,4,2,2
especially_explosive,4,4,0
too_irresponsible,4,4,0
all_greedy,4,4,0
exceptionally_clean,4,4,0
too_intolerant,4,4,0
that_unfortunate,4,4,0
all_excellent,4,4,0
blatantly_discriminatory,4,4,0
all_exciting,4,4,0
that_unfathomable,4,4,0
especially_gruesome,4,4,0
blatantly_clear,4,4,0
especially_groundbreaking,4,1,3
all_high-tech,4,4,0
biologically_inferior,4,4,0
especially_gripping,4,4,0
biologically_male,4,4,0
all_favourable,4,4,0
exceptionally_creative,4,4,0
utterly_amazing,4,4,0
especially_greedy,4,4,0
utterly_depraved,4,4,0
all_famous,4,4,0
too_interactive,4,3,1
too_jolly,4,4,0
especially_full,4,4,0
exceptionally_common,4,4,0
exceedingly_tall,4,4,0
all_detailed,4,4,0
especially_intriguing,4,3,1
especially_amenable,4,4,0
especially_messy,4,4,0
utterly_inconceivable,4,4,0
especially_oppressive,4,4,0
especially_open,4,4,0
too_macabre,4,4,0
utterly_incomprehensible,4,4,0
usually_public,4,4,0
wholly_objective,4,4,0
especially_objectionable,4,2,2
too_luxury,4,4,0
both_beautiful,4,4,0
especially_neat,4,3,1
usually_qualified,4,4,0
all_competent,4,4,0
exactly_witty,4,4,0
too_ludicrous,4,4,0
especially_muscular,4,4,0
especially_bold,4,4,0
too_impolite,4,4,0
especially_broad,4,4,0
all_jealous,4,4,0
that_tantamount,4,4,0
utterly_hostile,4,4,0
all_connected,4,3,1
exactly_wide,4,4,0
wholly_obvious,4,4,0
all_legit,4,4,0
especially_plausible,4,4,0
especially_american,4,1,3
all_careful,4,4,0
especially_plentiful,4,4,0
too_manipulative,4,4,0
too_manic,4,4,0
usually_pleasant,4,4,0
especially_apparent,4,4,0
all_charitable,4,4,0
exceptionally_surprising,4,3,1
exceptionally_sure,4,4,0
both_gorgeous,4,4,0
both_easier,4,4,0
especially_pertinent,4,4,0
all_lighthearted,4,3,1
especially_personal,4,3,1
usually_portable,4,4,0
all_chummy,4,4,0
too_magnificent,4,3,1
especially_attentive,4,4,0
all_clad,4,4,0
especially_outspoken,4,4,0
all_classical,4,4,0
especially_burdensome,4,4,0
all_conservative,4,4,0
better_skilled,4,4,0
too_improbable,4,4,0
all_cuddly,4,4,0
all_internal,4,4,0
all_intense,4,4,0
especially_long-lived,4,4,0
all_current,4,4,0
too_inconsequential,4,3,1
too_lighthearted,4,4,0
especially_light,4,4,0
too_incriminating,4,1,3
especially_lethal,4,4,0
all_deep,4,4,0
blindly_partisan,4,3,1
especially_lengthy,4,4,0
blindly_obedient,4,4,0
better_live,4,4,0
too_less,4,4,0
wholly_fictional,4,4,0
especially_creepy,4,4,0
too_legible,4,3,1
that_workable,4,4,0
all_deserving,4,4,0
especially_intrusive,4,4,0
all_desperate,4,4,0
wholly_factual,4,4,0
exceedingly_beautiful,4,4,0
especially_lovely,4,3,1
especially_mad,4,4,0
utterly_horrible,4,3,1
especially_catchy,4,3,1
that_tender,4,4,0
too_inane,4,4,0
all_convincing,4,4,0
too_lovable,4,4,0
exceedingly_angry,4,4,0
too_lousy,4,4,0
wholly_national,4,4,0
too_lopsided,4,4,0
that_tenuous,4,4,0
blisteringly_fast,4,4,0
all_irish,4,4,0
too_long-lived,4,4,0
too_long-lasting,4,3,1
especially_cinematic,4,2,2
usually_reversible,4,4,0
usually_rich,4,4,0
especially_luxurious,4,4,0
especially_lucky,4,4,0
especially_coherent,4,4,0
too_literary,4,4,0
too_envious,4,4,0
wholly_coherent,4,4,0
too_supple,4,4,0
entirely_reclusive,4,4,0
well_supervised,4,4,0
unnecessarily_hard,4,4,0
all_thin,4,4,0
actually_supportive,4,4,0
coldly_rational,4,4,0
exactly_self-evident,4,4,0
entirely_prescient,4,4,0
too_conversant,4,4,0
actually_sympathetic,4,4,0
even_imaginative,4,3,1
well_tough,4,4,0
even_hypothetical,4,4,0
entirely_probable,4,4,0
entirely_problematic,4,4,0
even_hypocritical,4,4,0
entirely_psychological,4,4,0
too_silent,4,4,0
away_obvious,4,4,0
entirely_quixotic,4,4,0
entirely_raw,4,4,0
actually_threatening,4,3,1
even_hispanic,4,4,0
that_sarcastic,4,4,0
well_suitable,4,4,0
entirely_pertinent,4,4,0
very_absorbing,4,4,0
unnecessarily_costly,4,4,0
even_ironic,4,3,1
very_accomplished,4,4,0
entirely_odd,4,4,0
too_conscientious,4,4,0
entirely_off-putting,4,4,0
actually_standard,4,2,2
entirely_offensive,4,4,0
then_related,4,4,0
entirely_old-school,4,4,0
exactly_satisfactory,4,4,0
entirely_one-dimensional,4,4,0
entirely_particular,4,4,0
comfortably_wealthy,4,4,0
comfortably_warm,4,4,0
excessively_righteous,4,4,0
unnecessarily_crude,4,4,0
excessively_restrictive,4,4,0
entirely_open-ended,4,4,0
very_accepting,4,4,0
all_traditional,4,4,0
entirely_overwhelming,4,4,0
entirely_paranoid,4,4,0
exactly_sentimental,4,4,0
excessively_powerful,4,4,0
entirely_noticeable,4,4,0
entirely_red,4,4,0
wildly_inventive,4,3,1
clinically_accurate,4,4,0
even_fantastic,4,4,0
too_seasonal,4,4,0
too_scrappy,4,4,0
entirely_significant,4,4,0
even_extant,4,4,0
clearly_worse,4,4,0
awfully_busy,4,4,0
entirely_sinister,4,4,0
entirely_skilled,4,4,0
wildly_interesting,4,2,2
actually_unexpected,4,3,1
even_existent,4,4,0
too_scenic,4,3,1
exactly_slender,4,4,0
exactly_sloppy,4,4,0
clearly_useful,4,4,0
entirely_solitary,4,4,0
wholly_abstract,4,4,0
even_erotic,4,4,0
too_deferential,4,4,0
wholly_accidental,4,4,0
entirely_sexual,4,4,0
all_subject,4,4,0
even_far-fetched,4,4,0
even_frightening,4,4,0
too_shitty,4,4,0
entirely_relative,4,4,0
away_unscathed,4,4,0
even_happier,4,3,1
too_shameless,4,4,0
too_crippling,4,4,0
even_good-looking,4,4,0
entirely_revelatory,4,3,1
too_cuddly,4,4,0
too_current,4,3,1
entirely_rhetorical,4,4,0
even_fashionable,4,4,0
too_sexist,4,4,0
actually_tricky,4,4,0
unnecessarily_wordy,4,4,0
even_foreseeable,4,4,0
entirely_russian,4,4,0
too_damaged,4,4,0
all_subtle,4,4,0
too_self-centered,4,4,0
clinically_helpful,4,4,0
clinically_feasible,4,4,0
actually_sour,4,4,0
commercially_acceptable,4,4,0
entirely_square,4,4,0
even_nasty,4,4,0
exactly_replaceable,4,4,0
entirely_intolerable,4,4,0
even_ordinary,4,4,0
actually_proud,4,4,0
wildly_unrealistic,4,4,0
all_whiny,4,4,0
even_odd,4,3,1
very_angelic,4,4,0
even_observant,4,4,0
actually_radioactive,4,4,0
wildly_unpopular,4,4,0
automatically_happy,4,4,0
entirely_jewish,4,4,0
all_voluntary,4,4,0
too_streaky,4,4,0
entirely_laughable,4,4,0
very_amiable,4,4,0
too_stealthy,4,4,0
automatically_illegal,4,4,0
all_visual,4,4,0
too_claustrophobic,4,4,0
automatically_inclined,4,4,0
even_negotiable,4,4,0
even_orthodox,4,4,0
even_other,4,4,0
excessively_warm,4,4,0
very_artful,4,4,0
too_superior,4,4,0
entirely_immutable,4,4,0
entirely_incomprehensible,4,4,0
actually_plastic,4,4,0
even_pleasurable,4,4,0
even_plastic,4,4,0
entirely_indestructible,4,4,0
exactly_regular,4,4,0
even_pertinent,4,4,0
automatically_correct,4,4,0
exclusively_academic,4,4,0
entirely_instrumental,4,3,1
exactly_reluctant,4,4,0
too_charismatic,4,3,1
actually_predictive,4,4,0
even_partisan,4,3,1
even_particular,4,4,0
entirely_informative,4,4,0
that_reckless,4,4,0
automatically_enforceable,4,4,0
actually_privy,4,4,0
that_refreshing,4,4,0
even_near,4,4,0
that_remote,4,4,0
very_adamant,4,4,0
entirely_malevolent,4,4,0
all_unfounded,4,4,0
that_revelatory,4,4,0
commercially_practicable,4,4,0
actually_shocking,4,4,0
commercially_possible,4,4,0
even_like,4,4,0
even_liberal,4,4,0
too_compulsive,4,4,0
commercially_minded,4,4,0
too_concentrated,4,4,0
that_right,4,4,0
all_undeserved,4,4,0
automatically_present,4,4,0
actually_sincere,4,4,0
actually_sinful,4,4,0
too_conceptual,4,4,0
entirely_negligible,4,4,0
actually_skilled,4,4,0
all_typical,4,4,0
even_itchy,4,4,0
actually_social,4,4,0
entirely_nostalgic,4,4,0
commercially_accessible,4,4,0
too_commonplace,4,4,0
commercially_ready,4,4,0
actually_sexual,4,4,0
very_alternative,4,4,0
even_muscular,4,4,0
too_stagnant,4,4,0
commonly_visible,4,4,0
actually_ridiculous,4,4,0
entirely_mature,4,4,0
very_altruistic,4,4,0
then_satisfied,4,4,0
well_related,4,4,0
even_minor,4,3,1
all_unwilling,4,4,0
even_messy,4,4,0
automatically_obvious,4,4,0
entirely_metaphorical,4,4,0
very_alien,4,4,0
entirely_mild,4,4,0
entirely_mindful,4,4,0
actually_sensible,4,4,0
automatically_loyal,4,4,0
actually_sensitive,4,4,0
very_alarmed,4,4,0
entirely_monolithic,4,4,0
even_magic,4,3,1
even_epic,4,4,0
too_dejected,4,4,0
badly_injured,4,4,0
exactly_tender,4,4,0
too_recognisable,4,4,0
wholly_baseless,4,4,0
too_drab,4,4,0
entirely_wild,4,4,0
even_athletic,4,4,0
entirely_wishful,4,4,0
too_dreary,4,4,0
wholly_believable,4,4,0
adequately_strong,4,4,0
all_rubbish,4,4,0
exactly_talkative,4,4,0
too_drinkable,4,4,0
adequately_supportive,4,4,0
unusually_loud,4,4,0
environmentally_compliant,4,4,0
all_ripe,4,4,0
wholly_benevolent,4,4,0
even_ambitious,4,4,0
even_amazing,4,4,0
all_retro,4,4,0
even_alone,4,4,0
excessively_greasy,4,4,0
unusually_short,4,4,0
adequately_satisfied,4,4,0
classically_good,4,4,0
classically_liberal,4,2,2
entirely_usable,4,4,0
too_divine,4,4,0
wholly_averse,4,4,0
adequately_independent,4,4,0
unusually_bad,4,4,0
clearly_beneficial,4,3,1
vaguely_reminiscent,4,2,2
entirely_unusable,4,4,0
entirely_unwanted,4,4,0
even_bloody,4,4,0
even_biological,4,4,0
entirely_utopian,4,4,0
exactly_suspenseful,4,4,0
unusually_creative,4,4,0
adequately_present,4,4,0
even_biodegradable,4,4,0
too_regressive,4,4,0
all_satisfactory,4,4,0
too_dour,4,4,0
even_bent,4,4,0
entirely_verbatim,4,4,0
that_skinny,4,4,0
that_skittish,4,4,0
even_akin,4,4,0
all_remarkable,4,2,2
even_campy,4,4,0
wholly_blameless,4,4,0
ethnically_homogenous,4,4,0
equally_ambitious,4,4,0
too_elementary,4,4,0
exactly_tired,4,4,0
wholly_worthless,4,4,0
exactly_toasty,4,3,1
exactly_torture,4,4,0
usually_accustomed,4,4,0
too_empathetic,4,4,0
equally_appealing,4,4,0
vaguely_funny,4,3,1
too_pristine,4,4,0
too_primitive,4,4,0
wholly_clean,4,4,0
all_proper,4,4,0
certainly_pleased,4,4,0
all_productive,4,4,0
too_enormous,4,4,0
all_problematic,4,4,0
ethically_necessary,4,4,0
equally_certain,4,4,0
too_predictive,4,3,1
equally_common,4,4,0
equally_advantageous,4,4,0
ethnically_korean,4,4,0
excessively_flashy,4,4,0
all_relative,4,4,0
chemically_related,4,4,0
exactly_tense,4,4,0
even_african,4,4,0
widely_divergent,4,4,0
then_great,4,3,1
chemically_pure,4,4,0
then_good,4,4,0
unusually_thick,4,4,0
too_punchy,4,3,1
even_adjacent,4,4,0
even_addictive,4,4,0
charmingly_funny,4,4,0
too_prosperous,4,3,1
too_prosaic,4,3,1
even_actionable,4,4,0
unusually_weak,4,4,0
widely_active,4,4,0
even_abstract,4,4,0
even_absent,4,4,0
too_promiscuous,4,4,0
exactly_thankful,4,4,0
ethnically_specific,4,4,0
too_divergent,4,4,0
excessively_hungry,4,4,0
vastly_larger,4,4,0
clearly_inferior,4,4,0
clearly_negative,4,4,0
awfully_interesting,4,2,2
awfully_keen,4,4,0
too_righteous,4,4,0
unreasonably_hot,4,4,0
entirely_ugly,4,4,0
unreasonably_intrusive,4,4,0
all_slick,4,4,0
that_sexist,4,4,0
actually_young,4,4,0
too_rewarding,4,3,1
too_revolting,4,4,0
entirely_unclear,4,4,0
that_shaky,4,4,0
unreasonably_loud,4,4,0
entirely_unconscious,4,4,0
even_deadly,4,4,0
all_skinny,4,4,0
entirely_undesirable,4,4,0
too_digital,4,4,0
excessively_luxurious,4,4,0
clearly_intelligible,4,4,0
entirely_unethical,4,4,0
even_detailed,4,4,0
entirely_thrilling,4,4,0
clearly_noticeable,4,4,0
then_obvious,4,4,0
entirely_stereotypical,4,4,0
even_elderly,4,4,0
clearly_separate,4,4,0
too_salacious,4,2,2
even_dramatic,4,4,0
even_double,4,4,0
even_domestic,4,4,0
excessively_negative,4,4,0
entirely_sunny,4,4,0
actually_vintage,4,4,0
that_separate,4,4,0
entirely_thorough,4,4,0
wholly_agreeable,4,4,0
wholly_alien,4,4,0
too_ruthless,4,4,0
awfully_hot,4,4,0
even_distinct,4,4,0
excessively_muscular,4,4,0
even_disappointing,4,4,0
actually_wealthy,4,4,0
exactly_spicy,4,4,0
exactly_spiritual,4,4,0
too_restful,4,3,1
wildly_exotic,4,2,2
entirely_unselfish,4,4,0
then_likely,4,4,0
entirely_unmoved,4,4,0
entirely_unnoticed,4,3,1
clearly_evil,4,4,0
too_repulsive,4,4,0
too_disgruntled,4,4,0
entirely_unplanned,4,4,0
even_compelling,4,3,1
even_communist,4,4,0
too_disjointed,4,4,0
even_colorful,4,4,0
too_disrespectful,4,3,1
entirely_unregulated,4,4,0
even_civilized,4,4,0
that_silent,4,4,0
even_civil,4,4,0
too_dissonant,4,3,1
even_charismatic,4,4,0
adequately_effective,4,4,0
wildly_better,4,4,0
entirely_unsafe,4,4,0
even_centrist,4,4,0
exactly_such,4,4,0
exactly_summery,4,4,0
clearly_false,4,4,0
entirely_unlucky,4,4,0
adequately_accessible,4,4,0
even_convincing,4,3,1
acutely_painful,4,4,0
even_creepy,4,4,0
clearly_inconsistent,4,4,0
then_legal,4,4,0
wholly_antagonistic,4,4,0
awfully_reliable,4,4,0
that_shameful,4,4,0
even_corrupt,4,4,0
vanishingly_rare,4,4,0
acutely_unwell,4,4,0
exactly_strict,4,4,0
unrelentingly_dark,4,4,0
wildly_effective,4,4,0
wildly_diverse,4,3,1
entirely_uninterested,4,3,1
all_silent,4,4,0
even_contemporary,4,4,0
wildly_disproportionate,4,4,0
entirely_unkind,4,4,0
even_contagious,4,4,0
even_constructive,4,4,0
clearly_female,4,4,0
easily_maneuverable,4,4,0
actually_complicated,4,4,0
all_fuzzy,4,4,0
absolutely_inconceivable,4,4,0
exactly_convinced,4,4,0
consistently_visible,4,4,0
exactly_conversational,4,4,0
absolutely_imperative,4,4,0
truly_dynamic,4,2,2
consistently_useful,4,4,0
always_selective,4,4,0
damn_difficult,4,4,0
typically_appropriate,4,4,0
always_selfless,4,4,0
about_high,4,4,0
extremely_new,4,1,3
absolutely_incompatible,4,4,0
extremely_nervous,4,4,0
extremely_negative,4,3,1
exactly_fearsome,4,4,0
always_scrupulous,4,4,0
totally_wireless,4,4,0
always_sacred,4,4,0
always_celebratory,4,4,0
uncomfortably_large,4,4,0
always_risk-free,4,4,0
always_rude,4,4,0
extremely_optimistic,4,4,0
always_cause,4,4,0
damn_cheap,4,4,0
therefore_eligible,4,4,0
exactly_fascinating,4,4,0
always_catholic,4,4,0
damn_close,4,4,0
totally_zero,4,4,0
always_sanitary,4,4,0
always_savory,4,4,0
always_brief,4,4,0
damn_excited,4,4,0
always_perceptible,4,4,0
ever_reliable,4,4,0
always_soothing,4,4,0
very_passive,4,4,0
very_partial,4,4,0
truly_exclusive,4,4,0
that_choppy,4,4,0
absolutely_intolerable,4,4,0
downright_heretical,4,3,1
consistently_possible,4,4,0
altogether_destitute,4,4,0
absolutely_irrelevant,4,4,0
that_childish,4,4,0
therefore_difficult,4,4,0
truly_explicit,4,3,1
that_cheerful,4,4,0
consistently_perfect,4,4,0
also_mindful,4,4,0
always_biblical,4,4,0
consistently_right,4,4,0
truly_enjoyable,4,4,0
also_natural,4,4,0
consistently_supportive,4,4,0
exactly_consensual,4,4,0
very_socialist,4,3,1
truly_embarrassing,4,3,1
truly_endangered,4,4,0
absolutely_independent,4,4,0
very_pastoral,4,4,0
exactly_final,4,4,0
culturally_correct,4,4,0
always_simplest,4,4,0
that_civilized,4,4,0
exactly_confidential,4,4,0
always_bleak,4,4,0
downright_disrespectful,4,3,1
always_characteristic,4,4,0
downright_dismissive,4,3,1
always_cheery,4,4,0
absolutely_exact,4,4,0
truly_correct,4,4,0
that_empathetic,4,4,0
demonstrably_untrue,4,4,0
typically_dependent,4,4,0
exactly_allergic,4,4,0
downright_charming,4,4,0
currently_unionized,4,4,0
very_plush,4,4,0
constantly_frustrated,4,4,0
currently_unknown,4,4,0
traditionally_democratic,4,4,0
absolutely_faithful,4,4,0
currently_vegan,4,4,0
extremely_picky,4,4,0
downright_blasphemous,4,4,0
downright_bitchy,4,4,0
constantly_miserable,4,4,0
exactly_euphoric,4,4,0
that_compliant,4,4,0
always_picky,4,4,0
always_picturesque,4,4,0
about_male,4,4,0
exactly_alarming,4,4,0
fairly_clear,4,4,0
absolutely_empty,4,3,1
exactly_creamy,4,4,0
traditionally_friendly,4,4,0
traditionally_french,4,4,0
currently_supportive,4,4,0
about_magic,4,4,0
absolutely_evil,4,4,0
always_prepared,4,4,0
exactly_amenable,4,4,0
also_pathetic,4,4,0
very_voluminous,4,4,0
also_open,4,4,0
yet_trendy,4,4,0
exactly_explicit,4,4,0
always_restful,4,4,0
damn_big,4,4,0
damn_boring,4,4,0
absolutely_hideous,4,4,0
always_revolutionary,4,4,0
exactly_apocalyptic,4,4,0
downright_destructive,4,4,0
always_righteous,4,4,0
exactly_eye-opening,4,4,0
very_sloppy,4,4,0
downright_disappointing,4,4,0
traditionally_accurate,4,4,0
very_visionary,4,4,0
extremely_partisan,4,3,1
very_sleek,4,4,0
about_less,4,4,0
that_cohesive,4,4,0
downright_corrupt,4,3,1
traditionally_chinese,4,4,0
currently_worth,4,4,0
that_enamoured,4,4,0
typically_compatible,4,4,0
always_redeemable,4,4,0
about_legal,4,4,0
always_cleaner,4,4,0
always_classy,4,4,0
altogether_complimentary,4,4,0
always_relaxing,4,4,0
always_circumspect,4,4,0
constantly_concerned,4,4,0
altogether_disappointed,4,4,0
downright_idiotic,4,4,0
downright_ignorant,4,4,0
yet_noticeable,4,4,0
damn_tasty,4,4,0
truly_guilty,4,4,0
unduly_elated,4,4,0
visibly_clear,4,4,0
very_unstable,4,4,0
always_waterproof,4,4,0
always_wealthy,4,4,0
always_wearable,4,4,0
extremely_influential,4,4,0
always_wholesome,4,4,0
yet_muslim,4,4,0
truly_upsetting,4,3,1
truly_harmful,4,3,1
always_adverse,4,4,0
very_squeamish,4,4,0
exactly_commendable,4,4,0
very_niche,4,4,0
always_verbatim,4,4,0
downright_pathetic,4,4,0
extremely_involved,4,4,0
always_unpredictable,4,4,0
unduly_disappointed,4,4,0
ever_privy,4,4,0
always_unspoken,4,4,0
always_unwarranted,4,4,0
deliberately_contrary,4,4,0
downright_perverse,4,4,0
about_fat,4,4,0
yet_new,4,4,0
also_intelligent,4,4,0
always_usual,4,4,0
unduly_disruptive,4,4,0
truly_greek,4,4,0
downright_quirky,4,3,1
altogether_far-fetched,4,4,0
yet_modern,4,4,0
always_abusive,4,4,0
always_accepting,4,4,0
amazingly_complex,4,3,1
very_mundane,4,4,0
ever_pleased,4,4,0
truly_unarmed,4,4,0
truly_homogeneous,4,4,0
truly_ugly,4,4,0
that_fatal,4,4,0
about_digital,4,4,0
exactly_german,4,3,1
truly_hopeless,4,4,0
very_unprofessional,4,4,0
extremely_hopeful,4,4,0
downright_sinister,4,4,0
always_accountable,4,4,0
always_actual,4,4,0
ever_poor,4,4,0
very_naked,4,4,0
always_addictive,4,4,0
always_adaptive,4,4,0
very_naturalistic,4,4,0
truly_unified,4,4,0
truly_heroic,4,3,1
very_national,4,4,0
dang_expensive,4,4,0
consistently_busy,4,4,0
consistently_comfortable,4,4,0
consistently_cold,4,4,0
very_naive,4,4,0
thus_available,4,4,0
yet_unknown,4,4,0
extremely_hurtful,4,4,0
extremely_irresponsible,4,4,0
always_unknown,4,4,0
always_banal,4,4,0
consistently_evident,4,4,0
always_taboo,4,4,0
always_talkative,4,4,0
always_tame,4,4,0
that_expansive,4,4,0
very_spanish,4,4,0
truly_fond,4,4,0
ever_random,4,4,0
very_ornate,4,4,0
very_useable,4,4,0
very_sparkly,4,4,0
always_technological,4,4,0
exactly_awe,4,4,0
ever_pure,4,4,0
always_temporary,4,4,0
absolutely_neutral,4,4,0
always_systematic,4,4,0
totally_unsuccessful,4,4,0
damn_perfect,4,4,0
exactly_concise,4,4,0
yet_overweight,4,4,0
totally_unwatchable,4,4,0
always_stronger,4,4,0
consistently_outstanding,4,3,1
absolutely_loyal,4,4,0
also_many,4,4,0
yet_ours,4,4,0
damn_old,4,4,0
always_susceptible,4,4,0
damn_nice,4,4,0
unduly_alarmist,4,4,0
truly_female,4,4,0
always_suspicious,4,4,0
damn_obvious,4,4,0
yet_ok,4,4,0
exactly_awkward,4,4,0
absolutely_obsessed,4,4,0
exactly_frequent,4,4,0
always_uncomfortable,4,4,0
truly_vegetarian,4,4,0
deliberately_evil,4,4,0
damn_special,4,4,0
always_analogous,4,4,0
also_ironic,4,4,0
exactly_frightened,4,4,0
also_key,4,4,0
exactly_bankable,4,4,0
absolutely_passionate,4,4,0
very_obsessed,4,4,0
truly_various,4,0,4
always_unified,4,4,0
always_unjust,4,4,0
yet_numb,4,4,0
truly_gay,4,4,0
yet_obsessed,4,4,0
damn_selfish,4,4,0
altogether_effective,4,4,0
exactly_communist,4,4,0
about_forgiving,4,4,0
always_thirsty,4,4,0
totally_unqualified,4,4,0
exactly_fragile,4,4,0
extremely_likable,4,3,1
always_unavoidable,4,4,0
very_opportunistic,4,4,0
damn_sexy,4,4,0
damn_short,4,4,0
always_anonymous,4,4,0
always_annual,4,4,0
truly_fun,4,4,0
downright_antagonistic,4,4,0
yet_proud,4,4,0
definitely_true,4,3,1
disgustingly_sweet,4,4,0
absolutely_alone,4,4,0
very_recognisable,4,4,0
extremely_sturdy,4,4,0
ultimately_compatible,4,4,0
always_effectual,4,4,0
always_informative,4,4,0
always_edifying,4,4,0
tremendously_explosive,4,4,0
about_social,4,4,0
that_dead,4,4,0
exactly_diligent,4,4,0
very_rebellious,4,3,1
also_simple,4,4,0
extremely_sticky,4,4,0
always_east,4,4,0
ever_valuable,4,4,0
truly_agile,4,4,0
extremely_subtle,4,4,0
truly_adventurous,4,4,0
very_sacred,4,4,0
exactly_early,4,4,0
truly_addictive,4,4,0
disastrously_low,4,4,0
very_refined,4,4,0
directly_contrary,4,4,0
typically_much,4,4,0
also_solid,4,4,0
always_english,4,4,0
always_energetic,4,4,0
currently_acceptable,4,4,0
tremendously_fond,4,4,0
currently_accountable,4,4,0
always_enduring,4,4,0
that_dismal,4,4,0
tremendously_deep,4,4,0
always_partisan,4,4,0
always_innovative,4,4,0
always_dumb,4,4,0
also_vegan,4,4,0
always_invincible,4,4,0
always_drinkable,4,4,0
extremely_smooth,4,4,0
currently_common,4,4,0
also_serious,4,4,0
that_dissatisfied,4,4,0
always_irreversible,4,4,0
exactly_depressing,4,4,0
extremely_similar,4,4,0
very_rainy,4,4,0
exactly_dependent,4,4,0
digitally_accessible,4,4,0
ultimately_interested,4,4,0
that_cuddly,4,4,0
currently_busy,4,4,0
also_valid,4,4,0
disproportionately_expensive,4,4,0
directly_active,4,4,0
ever_upset,4,4,0
always_insightful,4,4,0
exactly_devastating,4,4,0
directly_above,4,4,0
always_instrumental,4,4,0
always_intact,4,4,0
extremely_social,4,4,0
currently_big,4,4,0
extremely_specific,4,4,0
exactly_edible,4,4,0
always_intellectual,4,4,0
cosmetically_unappealing,4,4,0
also_short,4,4,0
very_regal,4,4,0
culturally_universal,4,4,0
exactly_disastrous,4,4,0
that_discerning,4,4,0
always_grim,4,3,1
always_foolish,4,4,0
exactly_distraught,4,4,0
always_fluid,4,4,0
exactly_divine,4,4,0
that_developed,4,4,0
also_surprising,4,4,0
extremely_vigilant,4,4,0
tremendously_wealthy,4,4,0
typically_susceptible,4,4,0
extremely_violent,4,4,0
always_festive,4,4,0
also_sufficient,4,4,0
always_higher,4,4,0
typically_traditional,4,4,0
extremely_unhealthy,4,4,0
always_forceful,4,4,0
always_foreign,4,4,0
always_gloomy,4,4,0
always_frivolous,4,4,0
that_dependant,4,4,0
always_gay,4,4,0
directly_opposite,4,3,1
typically_sexy,4,4,0
extremely_user-friendly,4,4,0
always_gluten-free,4,4,0
exactly_disrespectful,4,4,0
directly_personal,4,3,1
always_frank,4,4,0
always_formal,4,4,0
always_greatest,4,4,0
directly_practical,4,4,0
directly_lethal,4,4,0
exactly_dormant,4,4,0
directly_suitable,4,4,0
always_fearless,4,4,0
truly_acceptable,4,4,0
extremely_tired,4,4,0
directly_eligible,4,4,0
uber_expensive,4,4,0
exactly_discerning,4,4,0
culturally_sophisticated,4,4,0
also_stable,4,4,0
ever_welcome,4,4,0
yet_seamless,4,4,0
very_royal,4,4,0
extremely_widespread,4,4,0
always_immaculate,4,4,0
creatively_successful,4,4,0
directly_descriptive,4,4,0
culturally_unique,4,3,1
thoroughly_conscious,4,3,1
typically_practical,4,4,0
exactly_double,4,4,0
directly_threatening,4,4,0
always_historical,4,4,0
very_reluctant,4,4,0
extremely_visible,4,4,0
culturally_literate,4,4,0
yet_self-sufficient,4,4,0
always_honourable,4,4,0
that_devout,4,4,0
directly_useable,4,4,0
thoroughly_corrupt,4,4,0
extremely_vulnerable,4,4,0
tremendously_large,4,4,0
always_fabulous,4,4,0
criminally_reckless,4,4,0
ever_wise,4,4,0
exactly_elaborate,4,4,0
very_searchable,4,4,0
truly_asleep,4,4,0
desperately_short,4,4,0
constitutionally_invalid,4,3,1
that_dysfunctional,4,4,0
unbearably_cute,4,4,0
always_crowded,4,4,0
very_principled,4,4,0
constitutionally_impossible,4,3,1
desperately_lonely,4,4,0
desperately_keen,4,4,0
always_notable,4,4,0
also_pregnant,4,4,0
double_minded,4,4,0
desperately_interested,4,4,0
absolutely_desperate,4,4,0
exactly_enthused,4,4,0
absolutely_devastating,4,3,1
virtually_possible,4,4,0
constitutionally_legitimate,4,4,0
truly_chinese,4,4,0
ever_stuck,4,2,2
extremely_responsive,4,4,0
virtually_nonexistent,4,4,0
ever_subtle,4,4,0
exactly_adept,4,4,0
constitutionally_significant,4,4,0
extremely_remote,4,4,0
constitutionally_problematic,4,4,0
currently_perfect,4,4,0
truly_cheap,4,4,0
constitutionally_obligated,4,4,0
absolutely_current,4,4,0
yet_rational,4,4,0
constitutionally_objectionable,4,2,2
traditionally_republican,4,4,0
truly_cold,4,4,0
always_nutritious,4,4,0
unbearably_painful,4,3,1
currently_set,4,4,0
extremely_promising,4,4,0
down_deep,4,3,1
always_confrontational,4,4,0
ever_special,4,3,1
exactly_crispy,4,4,0
extremely_prominent,4,4,0
extremely_profound,4,3,1
always_open-minded,4,4,0
very_premature,4,4,0
ever_solid,4,4,0
truly_consistent,4,4,0
traditionally_interested,4,4,0
very_predominant,4,4,0
absolutely_dry,4,4,0
ever_speechless,4,4,0
constantly_useful,4,4,0
always_obsessed,4,4,0
truly_competent,4,4,0
that_eccentric,4,4,0
constitutionally_deficient,4,4,0
about_new,4,4,0
absolutely_different,4,4,0
desperately_confusing,4,4,0
always_contradictory,4,4,0
yet_quick,4,4,0
constitutionally_acceptable,4,4,0
ever_stable,4,4,0
currently_scalable,4,4,0
always_official,4,4,0
constitutionally_appropriate,4,4,0
depressingly_true,4,4,0
always_contagious,4,4,0
very_pro-american,4,4,0
always_motivating,4,4,0
currently_delinquent,4,4,0
always_daily,4,4,0
transparently_false,4,4,0
extremely_selfish,4,4,0
developmentally_capable,4,4,0
very_self-confident,4,4,0
about_rewarding,4,4,0
always_devoid,4,4,0
always_detailed,4,4,0
ultimately_useful,4,4,0
truly_blank,4,4,0
always_loveable,4,4,0
conventionally_gorgeous,4,4,0
always_mad,4,4,0
devastatingly_handsome,4,4,0
distinctly_american,4,4,0
absolutely_catastrophic,4,4,0
very_quality,4,4,0
extremely_severe,4,3,1
very_queer,4,4,0
truly_awesome,4,4,0
evolutionarily_stable,4,4,0
always_judicious,4,4,0
ever_uniform,4,4,0
about_second,4,4,0
currently_effective,4,4,0
also_safe,4,4,0
exactly_delightful,4,4,0
currently_extant,4,2,2
typically_interchangeable,4,4,0
currently_enough,4,4,0
always_less,4,4,0
altogether_able,4,3,1
always_liable,4,4,0
always_liberating,4,4,0
conventionally_good,4,4,0
always_magic,4,4,0
very_punchy,4,4,0
thoroughly_reliable,4,4,0
always_mechanical,4,4,0
unambiguously_bad,4,4,0
typically_helpful,4,4,0
altogether_appealing,4,4,0
always_defensible,4,4,0
very_proportional,4,4,0
very_separate,4,4,0
always_meaningless,4,4,0
always_mobile,4,4,0
distinctly_separate,4,4,0
always_moderate,4,4,0
always_damaging,4,4,0
continually_available,4,4,0
truly_caring,4,4,0
exactly_absent,4,3,1
faintly_interested,4,4,0
conventionally_cute,4,4,0
very_senior,4,4,0
typically_hot,4,4,0
ultimately_wrong,4,1,3
always_major,4,4,0
very_psychedelic,4,3,1
therefore_impossible,4,4,0
tragically_true,4,4,0
always_manageable,4,4,0
truly_brave,4,3,1
also_real,4,4,0
faintly_comparable,4,1,3
distinctly_human,4,2,2
virtually_invisible,4,4,0
currently_ideal,4,4,0
always_delicate,4,4,0
very_muddy,4,4,0
culturally_conservative,4,4,0
absolutely_regular,4,4,0
absolutely_sincere,4,3,1
anymore_special,4,4,0
absolutely_specific,4,4,0
anatomically_precise,4,4,0
truly_knowledgeable,4,4,0
totally_receptive,4,4,0
very_insecure,4,4,0
easily_accomplished,4,4,0
anymore_surprising,4,4,0
ever_negative,4,4,0
absolutely_simple,4,4,0
also_crazy,4,4,0
easily_actionable,4,4,0
totally_reasonable,4,4,0
fairly_predictable,4,4,0
very_illogical,4,4,0
deeply_hypocritical,4,4,0
yet_verbal,4,4,0
easily_airborne,4,4,0
anatomically_accurate,4,4,0
defensively_solid,4,4,0
altogether_suitable,4,3,1
unequivocally_certain,4,4,0
very_illegal,4,4,0
very_supple,4,4,0
truly_predictive,4,4,0
also_dark,4,4,0
consciously_concerned,4,4,0
very_impossible,4,4,0
also_extensive,4,4,0
deeply_wrong,4,2,2
truly_predictable,4,4,0
third_best,4,4,0
totally_stunning,4,4,0
defensively_aware,4,4,0
altogether_novel,4,3,1
exactly_horizontal,4,4,0
exactly_chatty,4,4,0
deep_red,4,4,0
altogether_stunning,4,4,0
very_time-consuming,4,4,0
also_crucial,4,4,0
deeply_intelligent,4,3,1
very_liberating,4,4,0
that_bummed,4,4,0
altogether_thrilled,4,4,0
truly_straight,4,4,0
abnormally_low,4,4,0
truly_intimate,4,4,0
altogether_futile,4,4,0
altogether_unbelievable,4,4,0
downright_wicked,4,4,0
truly_notable,4,1,3
extremely_compact,4,4,0
altogether_ironic,4,4,0
extremely_comforting,4,4,0
about_challenging,4,4,0
totally_tight,4,4,0
ever_old,4,4,0
yet_loyal,4,4,0
very_mathematical,4,4,0
completely_unwilling,4,4,0
very_submissive,4,4,0
very_subject,4,4,0
exactly_hygienic,4,4,0
very_stunning,4,4,0
also_common,4,4,0
that_callous,4,4,0
completely_unwelcome,4,4,0
very_malty,4,3,1
extremely_compelling,4,4,0
totally_suitable,4,4,0
easily_combustible,4,4,0
extremely_fat,4,4,0
truly_islamic,4,4,0
also_conscious,4,4,0
about_better,4,4,0
very_sufficient,4,4,0
unduly_vague,4,4,0
totally_surreal,4,4,0
also_fine,4,4,0
truly_stunning,4,3,1
very_maintainable,4,4,0
extremely_fine,4,4,0
definitely_better,4,3,1
ever_obtainable,4,4,0
darkly_funny,4,4,0
easily_configurable,4,4,0
definitely_certain,4,4,0
visibly_impressed,4,4,0
also_fun,4,4,0
totally_terrified,4,4,0
deeply_ashamed,4,4,0
altogether_insignificant,4,4,0
absolutely_standard,4,4,0
very_meek,4,4,0
altogether_remarkable,4,4,0
anymore_new,4,4,0
very_thematic,4,3,1
anymore_obvious,4,4,0
very_indulgent,4,4,0
totally_sharp,4,4,0
completely_zero,4,4,0
very_tannic,4,4,0
very_theoretical,4,4,0
darn_nice,4,4,0
ever_mandatory,4,4,0
amazingly_difficult,4,4,0
also_early,4,4,0
totally_round,4,4,0
extremely_delicious,4,4,0
exactly_brutal,4,4,0
truly_relaxed,4,4,0
that_blurry,4,4,0
any_wealthier,4,4,0
also_effective,4,4,0
completely_yellow,4,4,0
drastically_higher,4,4,0
very_uncomplicated,4,4,0
very_jarring,4,4,0
very_instinctive,4,4,0
very_insistent,4,4,0
truly_mature,4,4,0
yet_jewish,4,4,0
very_inquisitive,4,4,0
very_theatrical,4,3,1
deadly_dull,4,4,0
that_glorious,4,4,0
fairly_sufficient,4,4,0
very_unbelievable,4,4,0
computationally_efficient,4,4,0
very_inefficient,4,4,0
totally_self-sufficient,4,4,0
absolutely_unacceptable,4,4,0
absolutely_typical,4,4,0
deeply_racist,4,4,0
anymore_correct,4,4,0
exactly_historic,4,4,0
that_glad,4,4,0
conceptually_coherent,4,4,0
totally_rusty,4,4,0
truly_live,4,4,0
that_good-looking,4,4,0
yet_victorious,4,4,0
duly_concerned,4,4,0
exactly_characteristic,4,4,0
very_understated,4,4,0
anymore_relevant,4,4,0
totally_steady,4,4,0
truly_sober,4,4,0
about_agile,4,4,0
truly_progressive,4,4,0
very_incisive,4,4,0
very_largest,4,4,0
any_cleaner,4,4,0
totally_standard,4,4,0
darn_delicious,4,4,0
altogether_simple,4,4,0
visibly_underweight,4,4,0
altogether_sober,4,4,0
truly_profitable,4,4,0
fairly_recent,4,4,0
deeply_unpleasant,4,4,0
that_fulfilling,4,4,0
ever_lasting,4,4,0
truly_smart,4,4,0
any_fatter,4,4,0
ever_linear,4,4,0
any_nastier,4,4,0
any_steeper,4,4,0
any_sadder,4,4,0
truly_raw,4,4,0
truly_rational,4,4,0
very_judicious,4,4,0
anymore_proud,4,4,0
that_badass,4,4,0
totally_rigid,4,4,0
deeply_painful,4,4,0
truly_shocked,4,4,0
altogether_hopeless,4,4,0
any_grander,4,3,1
totally_specific,4,4,0
any_further,4,4,0
deeply_uncomfortable,4,4,0
altogether_identical,4,4,0
exactly_healthful,4,4,0
darn_entertaining,4,4,0
totally_reversible,4,4,0
absolutely_superb,4,3,1
downright_useless,4,4,0
deeply_relevant,4,4,0
downright_unconstitutional,4,3,1
truly_indigenous,4,4,0
totally_ugly,4,4,0
unduly_long,4,4,0
also_cheap,4,4,0
very_hierarchical,4,4,0
very_misleading,4,4,0
about_content,4,4,0
truly_impressed,4,4,0
extremely_bullish,4,4,0
downright_unethical,4,4,0
truly_old,4,4,0
completely_untested,4,4,0
absolutely_riveting,4,3,1
truly_pathetic,4,4,0
very_hardworking,4,4,0
exactly_global,4,4,0
easily_feasible,4,4,0
consistently_aggressive,4,4,0
also_huge,4,4,0
altogether_non-existent,4,4,0
yet_malignant,4,4,0
altogether_mistaken,4,4,0
absolutely_rigid,4,4,0
altogether_unrealistic,4,4,0
extremely_handy,4,4,0
truly_supportive,4,4,0
altogether_modern,4,4,0
totally_preventable,4,4,0
easily_exploitable,4,4,0
that_astute,4,4,0
amazingly_fun,4,4,0
truly_painful,4,4,0
amazingly_funny,4,4,0
very_heartwarming,4,4,0
exactly_gleeful,4,4,0
also_helpful,4,4,0
exactly_glad,4,4,0
truly_threatening,4,4,0
extremely_grateful,4,4,0
truly_sympathetic,4,4,0
also_cheaper,4,4,0
ever_incorrect,4,4,0
absurdly_difficult,4,4,0
downright_uncomfortable,4,4,0
downright_suspicious,4,4,0
exactly_chinese,4,4,0
unduly_modest,4,4,0
ever_overwhelming,4,4,0
very_modular,4,4,0
totally_proficient,4,4,0
dangerously_radioactive,4,4,0
very_hawkish,4,4,0
fairly_new,4,3,1
exactly_glorious,4,4,0
that_carefree,4,4,0
unduly_provocative,4,4,0
amazingly_hard,4,4,0
extremely_good-looking,4,4,0
amazingly_happy,4,4,0
absolutely_seamless,4,3,1
altogether_welcoming,4,4,0
altogether_unnatural,4,4,0
considerably_lighter,4,4,0
uniformly_applicable,4,4,0
altogether_unkind,4,4,0
yet_immortal,4,4,0
altogether_unimportant,4,4,0
truly_patriotic,4,4,0
amazingly_easy,4,4,0
very_tragic,4,4,0
totally_uncomfortable,4,4,0
deeply_convincing,4,4,0
tightly_related,4,4,0
exactly_biblical,4,4,0
exactly_cinematic,4,4,0
amazingly_impressive,4,4,0
openly_resentful,3,3,0
too_damn,3,2,1
just_measurable,3,3,0
only_uncharacteristic,3,3,0
even_bored,3,3,0
just_materialistic,3,3,0
exactly_cautious,3,3,0
only_unambiguous,3,3,0
inherently_hypocritical,3,3,0
obviously_open,3,3,0
just_unpalatable,3,3,0
too_dainty,3,3,0
even_fictional,3,3,0
individually_memorable,3,3,0
not_sharp,3,3,0
altogether_peculiar,3,3,0
always_discreet,3,3,0
really_prosperous,3,3,0
utterly_disgusting,3,3,0
too_dorky,3,3,0
even_catchy,3,3,0
even_circumstantial,3,3,0
often_aggressive,3,3,0
recognizably_related,3,3,0
often_afraid,3,3,0
obviously_silly,3,3,0
too_disorienting,3,3,0
structurally_similar,3,3,0
inherently_harder,3,3,0
reliably_predictable,3,3,0
sonically_similar,3,3,0
structurally_solid,3,3,0
especially_harrowing,3,2,1
even_fine,3,3,0
only_unchecked,3,3,0
really_prime,3,3,0
especially_fascinating,3,2,1
even_finer,3,3,0
too_doubtful,3,3,0
always_disgusting,3,3,0
biblically_sound,3,3,0
even_federal,3,3,0
too_inspirational,3,3,0
often_alone,3,3,0
reliably_enforceable,3,3,0
too_distinguishable,3,3,0
just_ill-equipped,3,3,0
only_unbalanced,3,3,0
just_lukewarm,3,3,0
very_thorny,3,3,0
inherently_homosexual,3,2,1
even_bullish,3,3,0
exactly_chaotic,3,3,0
always_digital,3,3,0
always_dire,3,3,0
not_silly,3,3,0
reliably_fast,3,3,0
always_disastrous,3,3,0
just_humorous,3,3,0
just_lush,3,3,0
always_dignified,3,3,0
especially_heinous,3,3,0
obviously_problematic,3,3,0
even_cathartic,3,3,0
exact_identical,3,3,0
very_therapeutic,3,3,0
especially_hilarious,3,3,0
just_masculine,3,3,0
just_unreal,3,3,0
too_inspired,3,3,0
not_sensitive,3,2,1
just_marvellous,3,3,0
even_brighter,3,2,1
especially_hip,3,3,0
just_unremarkable,3,3,0
especially_heartening,3,3,0
always_dirty,3,3,0
exactly_celebrated,3,3,0
even_characteristic,3,3,0
biblically_true,3,3,0
awfully_surprised,3,3,0
very_touching,3,2,1
just_lyrical,3,3,0
not_shameful,3,3,0
awfully_young,3,3,0
openly_rude,3,3,0
just_icy,3,3,0
even_buddhist,3,3,0
inherently_heroic,3,3,0
even_environmental,3,3,0
not_single,3,3,0
soo_cute,3,3,0
soo_expensive,3,3,0
specially_new,3,1,2
just_muscular,3,3,0
often_correct,3,3,0
too_infuriating,3,3,0
exactly_adequate,3,3,0
obviously_hostile,3,3,0
even_ancient,3,3,0
individually_rational,3,3,0
individually_powerful,3,3,0
just_motivating,3,3,0
even_greasy,3,3,0
remotely_spectacular,3,1,2
biblically_inaccurate,3,3,0
openly_partisan,3,3,0
religiously_conservative,3,3,0
just_moronic,3,3,0
remotely_spiritual,3,1,2
even_anti-american,3,3,0
obviously_inaccurate,3,2,1
very_shabby,3,3,0
not_solitary,3,3,0
even_appetizing,3,3,0
remotely_uniform,3,2,1
obviously_inconsistent,3,3,0
obviously_incorrect,3,3,0
only_underserved,3,3,0
obviously_insane,3,3,0
religiously_fundamentalist,3,3,0
just_mysterious,3,3,0
exactly_cause,3,3,0
back_fat,3,3,0
religiously_pure,3,3,0
really_puzzling,3,2,1
always_creepy,3,3,0
obviously_fictitious,3,3,0
openly_interested,3,3,0
just_needless,3,3,0
recklessly_aggressive,3,3,0
religiously_permissible,3,3,0
especially_explicit,3,2,1
even_air-conditioned,3,3,0
even_grumpy,3,3,0
too_informed,3,3,0
just_native,3,3,0
exactly_captivating,3,3,0
only_undervalued,3,3,0
even_alcoholic,3,3,0
even_allergic,3,3,0
strictly_territorial,3,3,0
only_underwhelming,3,3,0
even_gross,3,3,0
structurally_possible,3,3,0
openly_obvious,3,3,0
only_underwater,3,3,0
often_cruel,3,3,0
only_suspenseful,3,3,0
really_psychic,3,3,0
operationally_independent,3,3,0
religiously_jewish,3,3,0
specially_privileged,3,3,0
only_underrated,3,3,0
especially_illuminating,3,0,3
even_comical,3,3,0
just_middle,3,3,0
too_insightful,3,3,0
even_bald,3,3,0
just_unmarried,3,3,0
just_meticulous,3,3,0
obviously_male,3,3,0
always_fraught,3,3,0
only_unconscious,3,3,0
even_bare,3,3,0
exactly_academic,3,3,0
thoroughly_disappointed,3,3,0
exactly_abstract,3,3,0
reliably_reproducible,3,3,0
even_frightened,3,3,0
strictly_symmetrical,3,3,0
remotely_unfair,3,3,0
often_clean,3,3,0
just_merciful,3,3,0
utterly_dominant,3,3,0
especially_far-fetched,3,3,0
even_bilingual,3,3,0
really_protestant,3,3,0
obviously_muslim,3,2,1
just_medium,3,3,0
just_wicked,3,3,0
only_uncompromising,3,3,0
always_foreseeable,3,3,0
only_uncomplicated,3,3,0
especially_eye-opening,3,3,0
obviously_mad,3,3,0
even_frustrating,3,3,0
reliably_safe,3,3,0
often_contradictory,3,1,2
just_honorable,3,3,0
often_conspicuous,3,3,0
strictly_sure,3,3,0
only_underdeveloped,3,3,0
obviously_irrational,3,3,0
obviously_jewish,3,3,0
often_conscious,3,3,0
just_missing,3,3,0
even_artistic,3,3,0
inherently_odd,3,2,1
always_frightening,3,3,0
only_underappreciated,3,3,0
even_atheist,3,3,0
always_danceable,3,3,0
remotely_square,3,3,0
reliably_truthful,3,3,0
biblically_qualified,3,3,0
always_dazzling,3,3,0
always_frequent,3,3,0
often_common,3,3,0
recognizably_conservative,3,2,1
just_militant,3,3,0
always_deeper,3,3,0
not_small,3,3,0
obviously_ludicrous,3,3,0
especially_horrific,3,3,0
obviously_sinister,3,1,2
verbally_adept,3,3,0
often_advisable,3,3,0
strictly_reliant,3,3,0
off_clean,3,3,0
especially_frustrating,3,3,0
remotely_uncomfortable,3,2,1
even_desperate,3,3,0
always_encouraging,3,3,0
not_proficient,3,3,0
openly_welcome,3,3,0
very_roman,3,3,0
remotely_titillating,3,3,0
relatively_insignificant,3,3,0
really_probable,3,3,0
not_pro-life,3,3,0
not_privy,3,3,0
even_devout,3,3,0
not_private,3,3,0
relatively_inexperienced,3,3,0
always_fascinating,3,3,0
just_integral,3,3,0
especially_fierce,3,3,0
too_desirous,3,3,0
officially_political,3,3,0
even_direct,3,3,0
just_insular,3,3,0
not_predictable,3,2,1
very_salient,3,3,0
awfully_important,3,3,0
relatively_hard,3,3,0
too_detectable,3,3,0
vastly_wealthy,3,3,0
relatively_free,3,3,0
thoroughly_competent,3,3,0
just_vacuous,3,3,0
even_explicit,3,3,0
officially_qualified,3,3,0
just_vain,3,3,0
only_traceable,3,3,0
just_invigorating,3,3,0
awfully_careful,3,3,0
just_inventive,3,3,0
just_invaluable,3,3,0
just_improper,3,3,0
remotely_threatening,3,1,2
especially_fussy,3,2,1
altogether_normal,3,3,0
just_introverted,3,3,0
very_scandalous,3,3,0
really_runny,3,3,0
specifically_black,3,3,0
individually_concerned,3,3,0
even_deliberate,3,3,0
just_wealthier,3,3,0
openly_transgender,3,3,0
biologically_ready,3,3,0
just_intolerant,3,3,0
just_verbose,3,3,0
relatively_obscure,3,3,0
even_delusional,3,3,0
oddly_satisfying,3,3,0
thoroughly_convincing,3,3,0
especially_frequent,3,3,0
inherently_nefarious,3,2,1
strictly_random,3,3,0
relatively_difficult,3,3,0
even_erect,3,3,0
vastly_higher,3,3,0
even_dynamic,3,3,0
even_eager,3,3,0
offensively_talented,3,3,0
altogether_nonexistent,3,3,0
too_delirious,3,3,0
even_economical,3,3,0
officially_involved,3,3,0
officially_acceptable,3,3,0
only_thematic,3,3,0
always_extravagant,3,3,0
stubbornly_high,3,3,0
even_educational,3,3,0
especially_forceful,3,3,0
vastly_inferior,3,3,0
officially_compatible,3,3,0
too_intrigued,3,3,0
always_expert,3,3,0
officially_concerned,3,3,0
not_pleasing,3,3,0
vastly_lower,3,3,0
just_indie,3,3,0
just_wacky,3,3,0
regularly_present,3,3,0
strictly_punitive,3,3,0
only_terminal,3,3,0
just_vivid,3,3,0
relatively_flat,3,3,0
always_exhaustive,3,3,0
only_tense,3,3,0
really_proactive,3,3,0
awfully_cold,3,3,0
especially_free,3,3,0
officially_onboard,3,3,0
only_time-consuming,3,3,0
specifically_catholic,3,3,0
really_rubbish,3,3,0
especially_fit,3,3,0
just_virtuous,3,3,0
relatively_familiar,3,3,0
just_incendiary,3,3,0
openly_viewable,3,3,0
very_russian,3,3,0
vastly_greater,3,3,0
always_everyday,3,3,0
officially_old,3,3,0
regularly_effective,3,3,0
just_inseparable,3,3,0
individually_corrupt,3,3,0
especially_fortunate,3,3,0
thoroughly_confused,3,3,0
just_inconceivable,3,3,0
vastly_popular,3,3,0
just_visionary,3,3,0
just_inconsequential,3,3,0
too_intoxicating,3,3,0
not_permanent,3,3,0
relatively_quick,3,3,0
biologically_predisposed,3,3,0
just_liable,3,3,0
strictly_practical,3,3,0
not_rude,3,3,0
not_romantic,3,3,0
specifically_american,3,2,1
just_unsuccessful,3,3,0
biologically_impossible,3,3,0
really_promising,3,3,0
relatively_unusual,3,3,0
inherently_murderous,3,1,2
just_impeccable,3,3,0
very_righteous,3,3,0
always_fit,3,3,0
inherently_indecent,3,2,1
not_resistant,3,3,0
just_lean,3,3,0
very_risque,3,3,0
only_tremendous,3,3,0
just_lead,3,3,0
even_contrary,3,3,0
strictly_primal,3,3,0
even_conventional,3,3,0
obviously_unique,3,2,1
regionally_diverse,3,3,0
always_dreadful,3,3,0
inherently_infallible,3,2,1
openly_spiritual,3,3,0
just_latest,3,3,0
always_docile,3,3,0
very_seasoned,3,3,0
even_decorative,3,3,0
strictly_sci-fi,3,3,0
refreshingly_honest,3,3,0
inherently_natural,3,1,2
thoroughly_depressed,3,3,0
inherently_immune,3,3,0
too_disingenuous,3,3,0
too_darned,3,3,0
often_accurate,3,3,0
even_compliant,3,3,0
evolutionarily_sustainable,3,3,0
especially_favourable,3,3,0
officially_visible,3,3,0
thoroughly_ashamed,3,3,0
always_distant,3,3,0
just_unscientific,3,3,0
remotely_suggestive,3,0,3
obviously_strong,3,3,0
obviously_stylish,3,3,0
just_immune,3,3,0
always_distinctive,3,3,0
officially_free,3,3,0
specifically_afraid,3,3,0
specifically_allergic,3,3,0
even_constant,3,3,0
thoroughly_aware,3,3,0
especially_hairy,3,3,0
relentlessly_dark,3,3,0
always_divine,3,3,0
biologically_inherent,3,3,0
strictly_romantic,3,3,0
even_cordial,3,3,0
utterly_depressing,3,2,1
very_tiny,3,3,0
always_dynamic,3,3,0
relatively_sure,3,3,0
occasionally_disrespectful,3,3,0
very_top,3,3,0
even_exploitative,3,3,0
individually_distinct,3,3,0
inherently_insidious,3,1,2
specifically_autobiographical,3,3,0
even_damaging,3,2,1
inherently_insulting,3,2,1
strictly_retro,3,3,0
awfully_nice,3,3,0
evolutionarily_advantageous,3,3,0
even_dazed,3,3,0
only_transgender,3,3,0
always_fastest,3,3,0
just_irresistible,3,3,0
only_transferable,3,3,0
biologically_ours,3,3,0
relatively_scarce,3,3,0
biologically_useful,3,3,0
only_trans,3,3,0
not_rare,3,3,0
even_deaf,3,3,0
evidently_wrong,3,3,0
too_diffuse,3,3,0
just_joyful,3,3,0
too_ironic,3,2,1
just_urgent,3,3,0
just_unwieldy,3,3,0
just_imperfect,3,3,0
even_cost-effective,3,3,0
awfully_big,3,3,0
even_coy,3,3,0
regionally_relevant,3,3,0
even_fancy,3,3,0
just_kinetic,3,3,0
inherently_injurious,3,3,0
altogether_objective,3,3,0
even_creepier,3,3,0
especially_green,3,3,0
strictly_right,3,3,0
even_crowded,3,3,0
very_topical,3,2,1
very_timid,3,3,0
remotely_unethical,3,0,3
especially_greasy,3,2,1
even_fake,3,3,0
even_factual,3,3,0
only_translucent,3,3,0
inherently_insane,3,3,0
remotely_technical,3,3,0
just_upfront,3,3,0
regionally_significant,3,3,0
even_crucial,3,3,0
especially_grateful,3,3,0
especially_gory,3,2,1
remarkably_diverse,3,3,0
just_unforgettable,3,3,0
just_systemic,3,3,0
utterly_impractical,3,3,0
especially_noble,3,2,1
remotely_presidential,3,0,3
only_whiter,3,3,0
especially_tidy,3,3,0
only_weighty,3,3,0
especially_thin,3,3,0
exactly_avoidable,3,3,0
just_rife,3,3,0
remotely_powerful,3,2,1
too_illustrative,3,2,1
this_dramatic,3,3,0
remotely_excited,3,3,0
inherently_awesome,3,2,1
remotely_ethical,3,2,1
very_southern,3,3,0
just_remorseful,3,3,0
inherently_bisexual,3,3,0
now_pertinent,3,3,0
especially_narrow,3,3,0
especially_nasty,3,3,0
just_repugnant,3,3,0
notably_effective,3,3,0
utterly_immoral,3,3,0
now_official,3,3,0
especially_nimble,3,3,0
now_obvious,3,3,0
strikingly_obvious,3,3,0
just_resourceful,3,3,0
only_unsatisfied,3,3,0
especially_natural,3,2,1
best_ideal,3,3,0
always_architectural,3,3,0
too_illuminating,3,2,1
utterly_satisfied,3,3,0
always_annoying,3,3,0
notably_original,3,3,0
altogether_unhealthy,3,3,0
remotely_gay,3,1,2
just_satirical,3,3,0
just_suspect,3,3,0
especially_sunny,3,3,0
altogether_uniform,3,3,0
just_swift,3,3,0
very_speculative,3,3,0
always_angelic,3,3,0
just_savory,3,3,0
too_idiotic,3,3,0
especially_outrageous,3,2,1
too_groggy,3,3,0
always_answerable,3,3,0
now_guilty,3,3,0
now_harder,3,3,0
exactly_baffling,3,3,0
strikingly_successful,3,3,0
especially_talkative,3,3,0
remotely_fat,3,3,0
now_inclined,3,3,0
too_grievous,3,2,1
really_respectable,3,3,0
exactly_bloody,3,3,0
just_rotten,3,3,0
especially_tense,3,3,0
basically_right,3,3,0
really_respected,3,3,0
only_unsound,3,3,0
just_riveting,3,3,0
especially_unpopular,3,3,0
always_asleep,3,3,0
just_scalable,3,3,0
especially_worthy,3,3,0
remotely_reluctant,3,3,0
only_windy,3,3,0
now_true,3,3,0
only_unprotected,3,3,0
always_blameless,3,3,0
remotely_different,3,2,1
inherently_clear,3,3,0
too_improper,3,3,0
especially_windy,3,3,0
especially_wild,3,3,0
just_tidy,3,3,0
now_stuck,3,3,0
basically_invisible,3,3,0
exactly_attainable,3,3,0
very_soggy,3,3,0
always_bold,3,3,0
now_popular,3,3,0
always_bountiful,3,3,0
exactly_astronomical,3,3,0
essentially_dramatic,3,3,0
utterly_surprised,3,3,0
utterly_hilarious,3,3,0
inherently_compassionate,3,3,0
now_wrong,3,2,1
too_frank,3,2,1
just_rapid,3,3,0
always_bored,3,2,1
now_worthy,3,2,1
only_winless,3,3,0
essentially_correct,3,3,0
best_suitable,3,3,0
just_racy,3,3,0
especially_wet,3,3,0
remotely_dry,3,2,1
just_recyclable,3,3,0
best_professional,3,3,0
inherently_capable,3,3,0
especially_modern,3,2,1
always_bearish,3,3,0
exactly_boyish,3,3,0
utterly_shocking,3,3,0
especially_moral,3,3,0
especially_moving,3,2,1
now_ripe,3,3,0
only_unreleased,3,3,0
very_sugary,3,3,0
always_autonomous,3,3,0
always_astute,3,3,0
remotely_embarrassed,3,3,0
especially_unsafe,3,3,0
only_unregulated,3,3,0
especially_verbal,3,3,0
especially_mindful,3,3,0
always_beholden,3,3,0
remotely_recognizable,3,3,0
now_profitable,3,3,0
just_relational,3,3,0
strongly_positive,3,3,0
especially_vigorous,3,3,0
just_regulatory,3,3,0
especially_visceral,3,3,0
exactly_breezy,3,3,0
remotely_effective,3,3,0
just_reductive,3,3,0
just_thrifty,3,3,0
strikingly_impressive,3,3,0
too_impractical,3,3,0
remotely_genuine,3,0,3
sooooo_bad,3,3,0
strongly_pro-life,3,3,0
remotely_involved,3,3,0
utterly_miserable,3,2,1
especially_praiseworthy,3,2,1
especially_risque,3,2,1
too_helpless,3,3,0
remotely_intellectual,3,1,2
just_snarky,3,3,0
always_adaptable,3,3,0
remotely_indicative,3,3,0
noticeably_tighter,3,3,0
too_hidden,3,3,0
soooo_cute,3,3,0
utterly_mad,3,3,0
noticeably_strong,3,3,0
especially_precocious,3,3,0
especially_rough,3,3,0
always_adjacent,3,3,0
only_veteran,3,3,0
remotely_ok,3,3,0
very_square,3,3,0
especially_savvy,3,3,0
notably_sweet,3,3,0
remotely_imaginable,3,3,0
strongly_evident,3,3,0
strongly_bullish,3,2,1
notably_wrong,3,0,3
remotely_inconsistent,3,2,1
just_sleazy,3,3,0
just_sleek,3,3,0
remotely_improper,3,0,3
especially_salient,3,3,0
remotely_inappropriate,3,0,3
altogether_worried,3,3,0
strongly_conservative,3,3,0
remotely_justifiable,3,3,0
only_useable,3,3,0
infinitely_valuable,3,3,0
remotely_mature,3,3,0
just_sporty,3,3,0
noticeably_heavier,3,3,0
always_abnormal,3,3,0
especially_proficient,3,3,0
remotely_modern,3,3,0
just_stoic,3,3,0
noticeably_shorter,3,3,0
just_startling,3,3,0
always_abstract,3,3,0
remotely_nervous,3,3,0
just_sticky,3,3,0
only_vapid,3,3,0
sooo_hard,3,3,0
remotely_masculine,3,2,1
remotely_magical,3,1,2
altogether_worthy,3,3,0
altogether_worthless,3,3,0
too_historical,3,2,1
noticeably_bigger,3,3,0
too_human-like,3,3,0
noticeably_larger,3,3,0
especially_prepared,3,3,0
only_vacant,3,3,0
strongly_dependent,3,3,0
just_specious,3,3,0
really_repetitive,3,3,0
especially_reflective,3,3,0
beautifully_simple,3,3,0
just_studious,3,3,0
always_acute,3,3,0
remotely_hyperbolic,3,2,1
exactly_baseless,3,3,0
especially_substantial,3,2,1
too_hydrated,3,3,0
too_gruff,3,3,0
altogether_unproductive,3,2,1
remotely_handy,3,3,0
just_sunni,3,3,0
beautifully_detailed,3,3,0
always_alluring,3,3,0
remotely_organic,3,1,2
too_hygienic,3,3,0
only_untouched,3,3,0
now_compatible,3,3,0
now_commonplace,3,2,1
just_self-indulgent,3,3,0
especially_speedy,3,3,0
inherently_afraid,3,3,0
especially_steep,3,3,0
just_sectarian,3,3,0
especially_scathing,3,3,0
especially_stressful,3,3,0
especially_stringent,3,3,0
especially_strict,3,3,0
strikingly_unusual,3,3,0
exactly_blase,3,3,0
altogether_unnecessary,3,3,0
strongly_interested,3,3,0
too_idiosyncratic,3,3,0
only_unsympathetic,3,3,0
too_hyperactive,3,3,0
just_scrumptious,3,3,0
beautifully_clear,3,3,0
always_altruistic,3,3,0
altogether_unprecedented,3,3,0
very_splendid,3,3,0
notably_strong,3,3,0
especially_spacious,3,3,0
strongly_individual,3,3,0
remotely_humanoid,3,3,0
especially_sexual,3,2,1
only_unusable,3,3,0
infinitely_resilient,3,3,0
now_acceptable,3,3,0
remotely_humanitarian,3,1,2
too_heartbreaking,3,3,0
always_airtight,3,3,0
especially_sorry,3,3,0
always_affluent,3,3,0
inherently_accessible,3,3,0
notoriously_unreliable,3,3,0
infinitely_scalable,3,3,0
especially_poetic,3,3,0
remotely_hungry,3,3,0
just_shoddy,3,3,0
now_achievable,3,3,0
strongly_ideological,3,3,0
just_such,3,3,0
always_alert,3,3,0
now_afraid,3,3,0
especially_similar,3,3,0
just_shady,3,3,0
especially_slick,3,2,1
too_harmonious,3,3,0
strongly_impressed,3,3,0
remotely_hip,3,1,2
just_severe,3,3,0
especially_smooth,3,3,0
this_big,3,3,0
especially_playful,3,3,0
just_serendipitous,3,3,0
infinitely_customizable,3,3,0
basically_free,3,3,0
just_unflattering,3,3,0
ethically_suspect,3,3,0
better_satisfied,3,3,0
really_rebellious,3,3,0
too_encouraged,3,2,1
inherently_easier,3,2,1
just_opinionated,3,3,0
just_opportunistic,3,3,0
ethically_superior,3,3,0
just_unconfirmed,3,3,0
too_endearing,3,3,0
ethically_responsible,3,3,0
just_orderly,3,3,0
obviously_black,3,3,0
ethically_relevant,3,3,0
altogether_revolutionary,3,3,0
remarkably_higher,3,3,0
just_ongoing,3,3,0
just_uncool,3,3,0
obviously_corrupt,3,3,0
obviously_damaged,3,3,0
always_conciliatory,3,3,0
obviously_criminal,3,3,0
inevitably_harmful,3,3,0
too_elitist,3,3,0
only_unforgivable,3,3,0
only_unforgiving,3,3,0
obviously_compelling,3,3,0
not_traditional,3,3,0
just_unconventional,3,3,0
strictly_uniform,3,3,0
remarkably_funny,3,3,0
just_old-school,3,3,0
strictly_unique,3,3,0
really_recyclable,3,3,0
too_english,3,2,1
not_uncomfortable,3,3,0
strictly_untrue,3,3,0
specially_active,3,3,0
just_unavailable,3,3,0
too_indifferent,3,3,0
very_sketchy,3,3,0
just_pale,3,3,0
just_palestinian,3,3,0
just_par,3,3,0
too_enlightened,3,3,0
just_paradoxical,3,3,0
always_cogent,3,3,0
just_unanimous,3,3,0
too_ethereal,3,3,0
remotely_academic,3,1,2
remotely_affordable,3,3,0
not_uniform,3,3,0
just_painless,3,3,0
badly_mistaken,3,3,0
always_comfy,3,3,0
obscenely_large,3,3,0
very_tacky,3,3,0
vaguely_comparable,3,3,0
only_unfulfilled,3,3,0
ethically_improper,3,2,1
just_overpriced,3,3,0
just_unbearable,3,3,0
too_indirect,3,3,0
obsessively_jealous,3,3,0
exactly_alert,3,3,0
inherently_dumb,3,2,1
inherently_dysfunctional,3,2,1
remotely_sensible,3,2,1
always_concise,3,3,0
vaguely_human,3,2,1
remotely_ambitious,3,3,0
really_questionable,3,1,2
not_tasty,3,3,0
exactly_affectionate,3,3,0
altogether_precise,3,3,0
exactly_affluent,3,3,0
remotely_simple,3,2,1
obviously_experimental,3,3,0
remotely_silly,3,3,0
just_newer,3,3,0
too_educated,3,3,0
just_nonexistent,3,3,0
altogether_pretty,3,3,0
individually_unique,3,3,0
always_contemporary,3,3,0
not_terrified,3,3,0
only_unending,3,3,0
inherently_exploitative,3,3,0
always_confidential,3,3,0
exactly_adverse,3,3,0
utterly_exhausted,3,3,0
utterly_exhausting,3,3,0
strictly_theological,3,3,0
very_terrifying,3,3,0
altogether_powerless,3,3,0
religiously_significant,3,3,0
only_uneasy,3,3,0
always_cosy,3,3,0
exactly_aesthetic,3,3,0
always_counterproductive,3,3,0
even_advanced,3,3,0
just_unfathomable,3,3,0
not_synonymous,3,3,0
especially_inexpensive,3,3,0
soo_sure,3,3,0
only_unexplained,3,3,0
openly_extremist,3,3,0
ethnically_distinct,3,3,0
too_inefficient,3,3,0
better_welcome,3,3,0
altogether_recognizable,3,3,0
ethnically_greek,3,3,0
utterly_fanciful,3,3,0
obviously_detrimental,3,3,0
very_tantalizing,3,3,0
even_3d,3,3,0
obviously_detectable,3,3,0
too_elderly,3,3,0
obviously_dependent,3,3,0
just_obtuse,3,3,0
exactly_buddhist,3,3,0
inherently_equal,3,3,0
just_obligatory,3,3,0
altogether_reasonable,3,2,1
just_obedient,3,3,0
structurally_feasible,3,3,0
openly_discriminatory,3,3,0
structurally_identical,3,3,0
obviously_disruptive,3,3,0
just_underway,3,3,0
specially_fond,3,3,0
especially_intellectual,3,3,0
remarkably_cheap,3,3,0
openly_emotional,3,3,0
obviously_dramatic,3,3,0
always_congenial,3,3,0
obviously_drunk,3,3,0
very_tedious,3,3,0
ethnically_turkish,3,3,0
strictly_urban,3,3,0
too_exacting,3,3,0
remotely_critical,3,1,2
remotely_communist,3,2,1
just_tougher,3,3,0
this_good,3,3,0
inherently_creepy,3,2,1
just_previous,3,3,0
remotely_common,3,3,0
inherently_creative,3,2,1
exactly_armed,3,3,0
always_catastrophic,3,3,0
better_dead,3,3,0
basically_certain,3,3,0
altogether_straightforward,3,3,0
spatially_continuous,3,3,0
just_principled,3,3,0
essentially_jewish,3,2,1
exactly_british,3,3,0
inherently_curious,3,3,0
utterly_unprepared,3,3,0
just_preposterous,3,3,0
exactly_approachable,3,2,1
not_wide,3,3,0
barely_visible,3,2,1
objectively_beautiful,3,3,0
objectively_baseless,3,3,0
especially_lucid,3,3,0
nutritionally_wrong,3,0,3
basically_anti-american,3,3,0
utterly_unknown,3,3,0
just_pretentious,3,3,0
only_youthful,3,3,0
only_yellow,3,3,0
infinitely_adaptable,3,3,0
remotely_comforting,3,3,0
nutritionally_balanced,3,3,0
utterly_transparent,3,3,0
too_flattered,3,3,0
just_psychic,3,3,0
very_sober,3,3,0
not_worse,3,3,0
just_protective,3,3,0
essentially_full,3,3,0
only_unorthodox,3,3,0
essentially_flat,3,3,0
utterly_surprising,3,3,0
just_touchy,3,3,0
remotely_criminal,3,1,2
essentially_equivalent,3,3,0
too_formulaic,3,3,0
especially_malicious,3,3,0
very_superficial,3,3,0
just_titillating,3,3,0
basically_evil,3,2,1
really_retarded,3,3,0
essentially_harmful,3,3,0
always_brown,3,3,0
essentially_higher,3,3,0
only_worldly,3,3,0
altogether_strong,3,3,0
always_bubbly,3,3,0
just_promising,3,3,0
essentially_human,3,3,0
remotely_contemporary,3,1,2
inherently_contrary,3,3,0
essentially_impossible,3,3,0
very_snowy,3,3,0
inherently_cool,3,3,0
better_closer,3,3,0
only_unmoved,3,3,0
just_precocious,3,3,0
just_preachy,3,3,0
inherently_disruptive,3,1,2
exactly_annoying,3,3,0
just_perpendicular,3,3,0
this_long,3,3,0
too_expert,3,3,0
altogether_selfish,3,3,0
openly_apparent,3,3,0
just_pertinent,3,3,0
really_richer,3,3,0
barely_adequate,3,3,0
just_pervasive,3,3,0
just_pessimistic,3,3,0
only_uninspired,3,3,0
just_phenomenal,3,3,0
thermally_stable,3,3,0
too_exquisite,3,2,1
remotely_appropriate,3,3,0
eternally_secure,3,3,0
too_inclusive,3,3,0
exactly_brown,3,3,0
not_usable,3,3,0
ethically_ambiguous,3,3,0
eternally_young,3,2,1
just_patronizing,3,3,0
altogether_secure,3,3,0
always_co-operative,3,3,0
eternally_vigilant,3,3,0
just_ubiquitous,3,3,0
remotely_angry,3,3,0
obnoxiously_expensive,3,3,0
remotely_satisfactory,3,3,0
utterly_glad,3,3,0
only_uniform,3,3,0
always_cloudy,3,3,0
remotely_athletic,3,3,0
too_inconspicuous,3,3,0
inherently_derogatory,3,1,2
objectively_evil,3,3,0
remotely_sad,3,3,0
just_polish,3,3,0
essentially_similar,3,3,0
objectively_great,3,3,0
remotely_busy,3,3,0
objectively_factual,3,3,0
essentially_related,3,3,0
objectively_superior,3,3,0
essentially_racist,3,3,0
essentially_private,3,2,1
just_trashy,3,3,0
utterly_gorgeous,3,3,0
altogether_sincere,3,3,0
remotely_rude,3,2,1
remotely_biblical,3,2,1
exactly_apolitical,3,3,0
barely_noticeable,3,2,1
remotely_beautiful,3,2,1
strongly_suggestive,3,3,0
objectively_quantifiable,3,3,0
just_treatable,3,3,0
not_watchable,3,3,0
very_slimy,3,3,0
too_incongruous,3,3,0
not_vulnerable,3,3,0
remotely_average,3,2,1
just_pivotal,3,3,0
remotely_salacious,3,2,1
objectively_similar,3,3,0
very_slender,3,3,0
just_picky,3,3,0
too_fruitful,3,3,0
intellectually_wrong,3,3,0
specifically_difficult,3,2,1
very_customisable,3,3,0
very_mystical,3,1,2
as_imperfect,3,3,0
intuitively_attractive,3,3,0
very_cutthroat,3,3,0
as_incidental,3,3,0
intuitively_evident,3,3,0
only_definitive,3,3,0
only_obligatory,3,3,0
as_indecent,3,3,0
spiritually_qualified,3,3,0
very_customary,3,3,0
as_indie,3,3,0
only_defenseless,3,3,0
very_custom,3,3,0
very_nationalistic,3,3,0
ever_commonplace,3,3,0
still_wonderful,3,3,0
still_worried,3,3,0
intuitively_appealing,3,3,0
still_weird,3,2,1
very_malevolent,3,3,0
ever_pink,3,3,0
amazingly_creative,3,3,0
intrinsically_useful,3,3,0
only_nuanced,3,3,0
too_acrimonious,3,3,0
as_ill-equipped,3,3,0
only_null,3,3,0
only_depraved,3,3,0
as_illegitimate,3,3,0
too_adamant,3,3,0
very_mushy,3,3,0
as_illicit,3,3,0
spiritually_right,3,3,0
insanely_strong,3,2,1
only_nutritional,3,3,0
spiritually_rewarding,3,2,1
as_imbalanced,3,3,0
intrinsically_worth,3,3,0
intrinsically_worthwhile,3,1,2
as_inexhaustible,3,3,0
very_naughty,3,2,1
as_injurious,3,3,0
really_transportable,3,3,0
always_weaker,3,3,0
as_leftist,3,3,0
always_watchable,3,3,0
as_lighter,3,3,0
as_livable,3,3,0
as_liveable,3,3,0
insanely_loud,3,3,0
as_livid,3,3,0
insanely_long,3,3,0
as_inseparable,3,3,0
as_low-key,3,3,0
invariably_positive,3,3,0
as_luxury,3,3,0
only_oral,3,3,0
too_adroit,3,3,0
as_manifest,3,3,0
only_crispy,3,3,0
as_medicinal,3,3,0
only_curvy,3,3,0
spiritually_enlightened,3,3,0
spiritually_fruitful,3,3,0
always_widespread,3,3,0
insanely_profound,3,2,1
as_interdependent,3,3,0
straight_accountable,3,3,0
spiritually_inferior,3,3,0
ever_practical,3,3,0
insanely_popular,3,3,0
only_dazzling,3,3,0
very_cultural,3,3,0
as_irate,3,3,0
spiritually_hungry,3,3,0
as_irreconcilable,3,3,0
always_younger,3,3,0
only_daring,3,3,0
only_danceable,3,3,0
invariably_easy,3,3,0
very_nerdy,3,3,0
always_windy,3,3,0
as_hungover,3,3,0
deeply_dependent,3,3,0
very_damned,3,3,0
as_enough,3,3,0
ever_original,3,3,0
instantly_effective,3,3,0
only_multicultural,3,3,0
still_unanswered,3,3,0
only_murderous,3,3,0
only_murky,3,3,0
very_mild,3,3,0
intrinsically_noble,3,2,1
amazingly_original,3,3,0
very_miraculous,3,1,2
intrinsically_offensive,3,3,0
only_mutual,3,3,0
very_military,3,3,0
only_docile,3,3,0
only_dizzy,3,3,0
only_mystical,3,3,0
only_mythical,3,3,0
really_timely,3,3,0
ever_optimal,3,3,0
very_medical,3,3,0
amazingly_sharp,3,3,0
starkly_evident,3,3,0
intrinsically_irrational,3,0,3
very_malleable,3,3,0
very_manifest,3,3,0
only_easiest,3,3,0
instantly_hostile,3,3,0
as_disquieting,3,3,0
as_disturbed,3,3,0
very_manipulative,3,3,0
as_driven,3,3,0
only_moisturized,3,3,0
intrinsically_male,3,0,3
ever_crowded,3,3,0
as_drunken,3,3,0
as_economic,3,3,0
instantly_funny,3,3,0
as_edifying,3,3,0
amazingly_simple,3,3,0
only_narrative,3,3,0
as_existent,3,3,0
spiritually_significant,3,3,0
ever_confident,3,3,0
amazingly_gorgeous,3,3,0
as_formative,3,3,0
as_foul,3,3,0
intrinsically_similar,3,3,0
still_unsure,3,3,0
only_disagreeable,3,3,0
only_nonsense,3,3,0
as_genial,3,3,0
only_northern,3,3,0
only_nationalist,3,3,0
only_digestible,3,3,0
still_usable,3,3,0
intrinsically_true,3,2,1
as_heartening,3,3,0
ever_patronizing,3,3,0
intrinsically_unhealthy,3,2,1
intrinsically_unique,3,1,2
only_desirous,3,3,0
instantly_appealing,3,3,0
amazingly_great,3,3,0
ever_conscious,3,3,0
ever_constructive,3,3,0
thus_different,3,3,0
as_exploitable,3,3,0
still_undetermined,3,3,0
intrinsically_problematic,3,3,0
very_miserable,3,3,0
very_deceptive,3,3,0
as_extra,3,3,0
too_acceptable,3,3,0
as_fallible,3,3,0
as_famed,3,2,1
only_disquieting,3,3,0
intrinsically_related,3,3,0
ever_convenient,3,3,0
only_negligible,3,3,0
only_negotiable,3,3,0
only_disorganized,3,3,0
as_female,3,3,0
straight_uphill,3,3,0
spiritually_beneficial,3,3,0
strangely_appropriate,3,3,0
only_clunky,3,3,0
only_porous,3,3,0
as_pro-israel,3,3,0
only_coarse,3,3,0
innately_talented,3,3,0
always_stringent,3,3,0
always_strategic,3,3,0
always_stout,3,3,0
just_adrift,3,3,0
strategically_stupid,3,3,0
too_alternative,3,3,0
ever_active,3,3,0
ever_accidental,3,3,0
only_practicable,3,3,0
too_alive,3,3,0
too_alluring,3,3,0
always_stoic,3,3,0
only_clinical,3,3,0
innately_special,3,0,3
innately_unhealthy,3,2,1
always_submissive,3,3,0
always_surprised,3,2,1
only_polarizing,3,3,0
ever_pushy,3,3,0
as_polarized,3,3,0
as_populist,3,3,0
only_playful,3,3,0
ever_apparent,3,3,0
very_outlandish,3,2,1
only_plump,3,3,0
ever_anonymous,3,3,0
really_unacceptable,3,3,0
only_collective,3,3,0
inordinately_complex,3,3,0
always_swell,3,3,0
very_constitutional,3,3,0
as_preventable,3,3,0
only_colder,3,3,0
as_previous,3,3,0
only_coincidental,3,3,0
strategically_valuable,3,3,0
too_altruistic,3,3,0
very_ornamental,3,3,0
as_rhetorical,3,3,0
just_alternative,3,3,0
as_regional,3,3,0
just_ambiguous,3,3,0
ever_regular,3,3,0
always_single,3,3,0
always_simplistic,3,3,0
as_replete,3,3,0
as_reserved,3,3,0
really_unbiased,3,3,0
innately_sinful,3,2,1
only_chemical,3,3,0
only_cheery,3,3,0
only_cheeky,3,3,0
too_angular,3,3,0
too_anonymous,3,3,0
too_antagonistic,3,3,0
too_anti-social,3,3,0
only_principal,3,3,0
just_aloof,3,3,0
too_amenable,3,3,0
just_allowable,3,3,0
always_slower,3,3,0
ever_realistic,3,3,0
just_agnostic,3,3,0
just_aimless,3,3,0
only_precocious,3,3,0
strategically_vital,3,1,2
innately_religious,3,2,1
very_connected,3,3,0
too_amateurish,3,3,0
as_reductive,3,3,0
only_premium,3,3,0
just_alert,3,3,0
just_alien,3,3,0
only_circular,3,3,0
always_somber,3,3,0
innately_offensive,3,2,1
ever_red,3,3,0
always_smaller,3,3,0
as_petrified,3,3,0
inordinately_long,3,3,0
invariably_wrong,3,3,0
always_undesirable,3,3,0
as_nationalistic,3,3,0
as_naturalistic,3,3,0
ever_profitable,3,3,0
as_nauseous,3,3,0
as_needless,3,3,0
always_unethical,3,3,0
always_unemployed,3,3,0
very_convoluted,3,3,0
insanely_crazy,3,3,0
irredeemably_stupid,3,3,0
irredeemably_bleak,3,3,0
really_troubled,3,3,0
only_participatory,3,3,0
only_particular,3,3,0
ever_bright,3,3,0
always_uncommon,3,3,0
ever_bland,3,3,0
irredeemably_horrible,3,3,0
as_national,3,3,0
always_unkind,3,3,0
irrationally_negative,3,3,0
as_mutual,3,3,0
ever_casual,3,2,1
as_mind-boggling,3,2,1
always_urgent,3,3,0
very_nostalgic,3,3,0
ever_prepared,3,3,0
always_unwise,3,3,0
ever_previous,3,3,0
only_cosy,3,3,0
ironically_enough,3,3,0
only_outpacing,3,3,0
as_moot,3,3,0
really_slick,3,3,0
as_mortified,3,3,0
as_most,3,3,0
spiritually_advanced,3,3,0
only_overjoyed,3,3,0
too_affected,3,3,0
as_nourishing,3,3,0
as_obstinate,3,3,0
just_abrasive,3,3,0
very_opulent,3,2,1
always_thrilling,3,3,0
spectacularly_large,3,3,0
as_parallel,3,3,0
as_parochial,3,3,0
jaw-droppingly_good,3,3,0
jaw-droppingly_great,3,3,0
very_contentious,3,3,0
as_participatory,3,3,0
always_therapeutic,3,3,0
strategically_advantageous,3,3,0
only_petite,3,3,0
as_passe,3,3,0
always_thankful,3,3,0
as_pedestrian,3,3,0
always_terrifying,3,3,0
as_peripheral,3,3,0
only_phony,3,3,0
always_tenable,3,3,0
really_sinful,3,3,0
as_overused,3,3,0
as_oversold,3,3,0
insanely_bad,3,3,0
very_controlled,3,3,0
only_considerable,3,3,0
as_old-school,3,3,0
especially_exhilarating,3,2,1
irresistibly_beautiful,3,3,0
only_conscientious,3,3,0
as_opportune,3,3,0
only_patriarchal,3,3,0
as_oriented,3,3,0
as_ours,3,3,0
insanely_catchy,3,3,0
ever_proud,3,3,0
only_payable,3,3,0
only_confidential,3,3,0
only_conductive,3,3,0
only_peripheral,3,3,0
as_overpaid,3,3,0
as_dispassionate,3,3,0
as_disingenuous,3,3,0
innately_immoral,3,3,0
only_gentler,3,3,0
only_gonna,3,3,0
very_entrepreneurial,3,3,0
only_godly,3,3,0
only_glossy,3,3,0
only_intent,3,3,0
very_incorrect,3,3,0
anymore_realistic,3,3,0
only_giant,3,3,0
very_enforceable,3,3,0
thus_roomy,3,3,0
anymore_real,3,3,0
together_perfect,3,3,0
still_amazing,3,2,1
ever_flat,3,3,0
ever_fine,3,3,0
very_empowered,3,3,0
very_emotive,3,3,0
very_embarrassed,3,3,0
very_environmental,3,3,0
architecturally_beautiful,3,3,0
as_discriminating,3,3,0
ever_justifiable,3,3,0
really_stretchy,3,3,0
really_sunny,3,3,0
intentionally_difficult,3,3,0
intellectually_free,3,3,0
appropriately_sensitive,3,3,0
very_exquisite,3,3,0
intentionally_disruptive,3,3,0
only_insistent,3,3,0
anymore_simple,3,3,0
architecturally_appealing,3,3,0
still_keen,3,3,0
only_instantaneous,3,3,0
intentionally_false,3,3,0
very_exhausting,3,3,0
intellectually_faint,3,3,0
ever_fussy,3,3,0
only_gratified,3,3,0
only_instinctive,3,3,0
intentionally_provocative,3,3,0
really_sweaty,3,3,0
intentionally_reckless,3,3,0
anymore_likely,3,3,0
very_dreamy,3,3,0
interestingly_enough,3,3,0
ever_false,3,3,0
only_forbidden,3,3,0
intellectually_credible,3,2,1
only_foolproof,3,3,0
artistically_challenging,3,3,0
really_tame,3,3,0
only_flippant,3,3,0
only_interdependent,3,3,0
still_missing,3,3,0
very_inflammatory,3,2,1
anymore_interesting,3,3,0
stereotypically_black,3,3,0
very_do-able,3,3,0
ever_loud,3,3,0
only_flashy,3,3,0
really_tart,3,3,0
ever_familiar,3,3,0
very_individualistic,3,3,0
really_tacky,3,3,0
really_taboo,3,2,1
really_swollen,3,3,0
very_elderly,3,3,0
ever_liable,3,3,0
only_fruity,3,3,0
intellectually_difficult,3,3,0
very_elated,3,3,0
still_low,3,3,0
anymore_private,3,3,0
very_efficacious,3,3,0
really_strategic,3,3,0
around_many,3,3,0
very_ecstatic,3,3,0
very_eclectic,3,2,1
very_eccentric,3,2,1
stereotypically_masculine,3,3,0
intentionally_unkind,3,3,0
intellectually_deep,3,3,0
ever_green,3,3,0
still_interesting,3,3,0
ever_greener,3,3,0
still_difficult,3,3,0
apparently_irrelevant,3,2,1
really_submissive,3,3,0
only_impoverished,3,3,0
apparently_obvious,3,3,0
only_impulsive,3,3,0
still_dominant,3,3,0
still_disappointed,3,3,0
only_horrified,3,3,0
apparently_unaware,3,3,0
only_hokey,3,3,0
really_stubborn,3,3,0
very_high-tech,3,3,0
intellectually_sound,3,2,1
intellectually_sophisticated,3,3,0
only_homemade,3,3,0
intensely_painful,3,3,0
tightly_knit,3,3,0
intellectually_serious,3,3,0
intensely_focused,3,3,0
only_idiosyncratic,3,3,0
still_empty,3,3,0
very_godly,3,3,0
only_immutable,3,3,0
intensely_ambitious,3,3,0
really_stunned,3,2,1
intensely_aware,3,3,0
very_gross,3,3,0
only_imperceptible,3,3,0
anywhere_long,3,3,0
very_greedy,3,3,0
apparently_concerned,3,3,0
only_implicit,3,3,0
very_gradual,3,3,0
together_accurate,3,3,0
still_frustrating,3,3,0
apparently_evil,3,3,0
really_sturdy,3,3,0
still_exciting,3,3,0
intensely_dark,3,3,0
appreciably_cheaper,3,3,0
still_dark,3,3,0
only_insidious,3,3,0
very_immature,3,3,0
very_ignorant,3,3,0
still_competitive,3,3,0
still_immature,3,3,0
only_infrequent,3,3,0
intentionally_abusive,3,3,0
intentionally_aggressive,3,3,0
still_common,3,3,0
anymore_thrilled,3,3,0
still_comfortable,3,3,0
ever_homeless,3,3,0
still_cold,3,3,0
intellectually_impressive,3,3,0
only_haunting,3,3,0
very_impatient,3,3,0
only_inquisitive,3,3,0
only_hasty,3,3,0
only_harrowing,3,3,0
very_faint,3,3,0
very_favourite,3,3,0
only_heavenly,3,3,0
very_identifiable,3,2,1
appreciably_stronger,3,3,0
together_fair,3,3,0
intensely_red,3,3,0
still_critical,3,3,0
tightly_enough,3,3,0
still_guilty,3,3,0
very_fiery,3,3,0
ever_inevitable,3,3,0
only_heretical,3,3,0
very_homogenous,3,3,0
intellectually_ready,3,3,0
anyway_comparable,3,3,0
ever_insignificant,3,3,0
intellectually_normal,3,3,0
anymore_welcome,3,3,0
still_hungover,3,3,0
only_heinous,3,3,0
very_feisty,3,3,0
ever_lower,3,3,0
internally_available,3,3,0
internally_coherent,3,3,0
tonally_different,3,3,0
intrinsically_christian,3,1,2
as_centrist,3,3,0
really_speechless,3,3,0
really_themed,3,3,0
as_circuitous,3,3,0
intrinsically_conservative,3,2,1
really_speculative,3,3,0
annoyingly_precocious,3,3,0
only_malleable,3,3,0
instantly_profitable,3,3,0
only_man-made,3,3,0
still_short,3,2,1
only_entrepreneurial,3,3,0
very_liable,3,3,0
only_manly,3,3,0
as_coercive,3,3,0
intrinsically_criminal,3,1,2
as_collective,3,3,0
statistically_evident,3,3,0
very_law-abiding,3,3,0
very_devoted,3,3,0
as_captive,3,3,0
as_boundless,3,3,0
as_broken,3,3,0
any_diverse,3,3,0
only_exaggerated,3,3,0
as_brooding,3,3,0
ever_distracting,3,3,0
only_low-income,3,3,0
statistically_higher,3,3,0
any_broader,3,3,0
only_evangelical,3,3,0
only_luscious,3,3,0
only_lyrical,3,3,0
ever_mundane,3,3,0
as_canadian,3,3,0
as_capitalist,3,3,0
ever_dissatisfied,3,3,0
still_scared,3,3,0
still_significant,3,3,0
ever_natural,3,3,0
as_blurred,3,3,0
only_militant,3,3,0
only_mesmerising,3,3,0
as_defective,3,3,0
as_defensible,3,3,0
as_defunct,3,3,0
intrinsically_healthy,3,3,0
instantly_lovable,3,3,0
only_electrical,3,3,0
only_mighty,3,3,0
still_subject,3,3,0
only_meager,3,3,0
only_egotistical,3,3,0
really_thoughtful,3,2,1
ever_definitive,3,3,0
only_minor,3,3,0
only_effectual,3,3,0
very_majestic,3,3,0
too_absolute,3,3,0
only_eerie,3,3,0
as_data-driven,3,3,0
as_custom,3,3,0
intrinsically_funny,3,3,0
as_crystal,3,3,0
as_colorless,3,3,0
as_combustible,3,3,0
only_medieval,3,3,0
only_engrossing,3,3,0
statistically_conclusive,3,3,0
ever_dirty,3,3,0
intrinsically_disordered,3,3,0
as_communist,3,3,0
as_conceivable,3,3,0
only_encouraged,3,3,0
very_depressing,3,3,0
only_empowering,3,3,0
as_contrasting,3,3,0
only_merciless,3,3,0
as_creditable,3,3,0
very_luminous,3,3,0
as_crooked,3,3,0
only_lousy,3,3,0
as_blond,3,2,1
anymore_important,3,3,0
only_fantastical,3,3,0
still_natural,3,3,0
very_integral,3,3,0
anymore_exciting,3,3,0
very_disabled,3,3,0
anymore_evident,3,3,0
only_joyous,3,3,0
ever_mad,3,3,0
as_allergic,3,3,0
only_labor-intensive,3,3,0
anymore_beautiful,3,3,0
still_operational,3,2,1
internationally_popular,3,3,0
anymore_challenging,3,3,0
statistically_similar,3,3,0
only_latino,3,3,0
internationally_significant,3,3,0
as_anachronistic,3,3,0
as_analogous,3,3,0
as_aimless,3,3,0
only_jam-packed,3,3,0
internationally_comparable,3,3,0
only_jaded,3,3,0
artistically_inspiring,3,3,0
artistically_perfect,3,3,0
only_irreplaceable,3,3,0
only_irreversible,3,3,0
only_fictional,3,3,0
only_fickle,3,3,0
artistically_satisfying,3,3,0
intellectually_aware,3,3,0
staunchly_conservative,3,3,0
only_fertile,3,3,0
together_sure,3,3,0
anymore_fun,3,3,0
together_surprised,3,3,0
intellectually_agile,3,3,0
as_actual,3,3,0
only_fastest,3,3,0
very_disconcerting,3,3,0
very_directional,3,3,0
still_perfect,3,3,0
only_excruciating,3,3,0
intricately_familiar,3,3,0
very_judgemental,3,3,0
only_liquid,3,3,0
still_questionable,3,3,0
as_bankrupt,3,3,0
as_baroque,3,3,0
ever_dumb,3,3,0
as_baseless,3,3,0
only_expansive,3,3,0
really_sporty,3,3,0
very_dire,3,3,0
only_liveable,3,3,0
very_digital,3,3,0
as_bewildered,3,3,0
still_recognizable,3,3,0
any_freer,3,3,0
any_firmer,3,3,0
statistically_indistinguishable,3,3,0
thus_impressed,3,3,0
instinctively_privileged,3,3,0
only_life-threatening,3,3,0
as_average,3,3,0
as_automated,3,3,0
anymore_apt,3,3,0
still_poor,3,2,1
as_anti-semitic,3,3,0
as_antisocial,3,3,0
as_antithetical,3,3,0
statistically_random,3,3,0
as_apolitical,3,3,0
as_appalled,3,3,0
very_irritated,3,3,0
ever_effortless,3,3,0
very_islamic,3,3,0
ever_easier,3,3,0
ever_mean-spirited,3,2,1
any_welcome,3,3,0
as_asleep,3,3,0
any_unique,3,3,0
intolerably_cold,3,3,0
very_pedestrian,3,3,0
very_penetrating,3,3,0
just_high-tech,3,3,0
just_emblematic,3,3,0
very_apprehensive,3,3,0
inherently_strange,3,2,1
even_pagan,3,3,0
just_electrical,3,3,0
always_intriguing,3,3,0
really_widespread,3,3,0
too_chill,3,3,0
too_chilling,3,2,1
always_integral,3,3,0
really_wavy,3,3,0
inherently_speculative,3,3,0
even_optimistic,3,3,0
automatically_friendly,3,3,0
even_offended,3,3,0
really_searchable,3,3,0
even_obtainable,3,3,0
just_enormous,3,3,0
just_enthralling,3,3,0
really_weaker,3,3,0
even_paranoid,3,3,0
only_sensuous,3,3,0
specifically_japanese,3,3,0
even_poetic,3,3,0
really_visual,3,2,1
even_plentiful,3,3,0
very_ashamed,3,3,0
really_secondary,3,3,0
inherently_surprising,3,1,2
strictly_liberal,3,3,0
always_irrelevant,3,3,0
thoroughly_knowledgeable,3,3,0
even_part-time,3,3,0
really_wacky,3,1,2
very_arousing,3,3,0
too_chaste,3,3,0
very_ardent,3,3,0
always_ironic,3,3,0
really_watery,3,3,0
ever_unpleasant,3,3,0
inherently_strong,3,3,0
just_enthusiastic,3,3,0
just_enticing,3,3,0
automatically_great,3,3,0
just_fab,3,3,0
just_existential,3,3,0
even_naive,3,3,0
often_shy,3,3,0
too_co-operative,3,3,0
just_expressive,3,3,0
always_inferior,3,3,0
even_moving,3,3,0
even_mortal,3,3,0
even_moreso,3,3,0
even_observable,3,3,0
even_moral,3,3,0
just_faint,3,3,0
even_moist,3,3,0
even_mobile,3,3,0
often_scared,3,3,0
often_satisfied,3,3,0
even_miserable,3,3,0
only_soulful,3,3,0
too_clueless,3,3,0
always_inherent,3,3,0
even_neurotic,3,3,0
only_solitary,3,3,0
always_innocuous,3,3,0
automatically_harmless,3,3,0
even_obscene,3,3,0
ever_vacant,3,3,0
automatically_healthier,3,3,0
just_erotic,3,3,0
really_yummy,3,2,1
only_solar,3,3,0
just_esoteric,3,3,0
often_surprised,3,3,0
even_objective,3,3,0
very_amicable,3,3,0
really_scottish,3,3,0
too_civilized,3,3,0
very_groovy,3,3,0
inherently_shy,3,3,0
just_exaggerated,3,3,0
very_asian,3,3,0
even_poisonous,3,3,0
even_pornographic,3,3,0
even_purple,3,3,0
strictly_interchangeable,3,3,0
even_quicker,3,3,0
just_devout,3,3,0
really_unsafe,3,3,0
even_quick,3,3,0
even_quantifiable,3,3,0
once_obvious,3,3,0
very_quaint,3,3,0
specifically_measurable,3,3,0
just_disheartening,3,3,0
only_shoddy,3,3,0
really_upsetting,3,2,1
really_urban,3,3,0
specifically_male,3,3,0
very_awkward,3,3,0
just_discreet,3,3,0
just_discrete,3,3,0
inherently_uncomfortable,3,2,1
really_unrelated,3,3,0
inherently_undesirable,3,3,0
ever_trustworthy,3,3,0
too_callous,3,3,0
very_beefy,3,3,0
even_remote,3,3,0
only_sentient,3,3,0
strictly_individual,3,3,0
very_psyched,3,3,0
really_self-evident,3,3,0
specifically_necessary,3,3,0
even_regular,3,3,0
even_regional,3,3,0
really_unplayable,3,3,0
inherently_unpleasant,3,2,1
thoroughly_pleased,3,3,0
very_psychic,3,3,0
really_self-conscious,3,3,0
even_raw,3,3,0
even_random,3,3,0
specifically_muslim,3,3,0
too_carefree,3,3,0
even_prominent,3,2,1
really_virtuous,3,2,1
only_sizeable,3,3,0
always_justified,3,3,0
even_pricey,3,3,0
always_justifiable,3,3,0
even_pretty,3,3,0
inherently_theatrical,3,3,0
even_preliminary,3,1,2
just_doomed,3,3,0
automatically_comfortable,3,3,0
on_straight,3,3,0
very_quantitative,3,3,0
on_much,3,3,0
on_low,3,3,0
inherently_synonymous,3,3,0
always_jolly,3,3,0
too_celebratory,3,3,0
ever_unique,3,3,0
very_astringent,3,3,0
automatically_confidential,3,3,0
once_alive,3,3,0
very_racist,3,3,0
automatically_binding,3,3,0
very_australian,3,3,0
very_average,3,3,0
even_progressive,3,3,0
only_shrewd,3,3,0
even_profound,3,3,0
inherently_tyrannical,3,3,0
once_disappointed,3,3,0
just_disproportionate,3,3,0
even_productive,3,3,0
just_dissimilar,3,3,0
strictly_jewish,3,3,0
automatically_apparent,3,3,0
only_silver,3,3,0
always_larger,3,3,0
even_pro-choice,3,3,0
strictly_justifiable,3,3,0
very_quotable,3,3,0
really_vast,3,3,0
very_recyclable,3,3,0
inherently_serious,3,2,1
even_minimum,3,3,0
just_gratifying,3,3,0
just_goofy,3,3,0
too_contemptuous,3,3,0
always_hateful,3,3,0
just_gory,3,3,0
always_harsh,3,3,0
reasonably_prudent,3,3,0
too_contradictory,3,3,0
only_stuck,3,3,0
very_replaceable,3,3,0
inherently_poor,3,3,0
always_harder,3,3,0
too_contrary,3,3,0
even_indignant,3,3,0
even_indifferent,3,3,0
always_happier,3,3,0
just_greater,3,3,0
automatically_unlawful,3,3,0
always_handsome,3,3,0
automatically_trustworthy,3,3,0
often_ideal,3,3,0
often_immediate,3,3,0
strictly_old-school,3,3,0
automatically_sexist,3,3,0
often_instantaneous,3,3,0
inherently_qualified,3,3,0
even_intellectual,3,3,0
just_germane,3,3,0
automatically_successful,3,3,0
always_hip,3,3,0
just_girly,3,3,0
always_hilarious,3,3,0
always_heterosexual,3,3,0
strictly_objective,3,3,0
inherently_private,3,2,1
reasonably_predictable,3,3,0
always_heartless,3,3,0
inherently_predisposed,3,3,0
just_gloomy,3,3,0
automatically_suspicious,3,3,0
often_healthy,3,3,0
very_reproducible,3,3,0
strictly_normal,3,3,0
often_easier,3,3,0
just_healthful,3,3,0
even_honorable,3,3,0
even_homosexual,3,3,0
often_entertaining,3,3,0
always_gratifying,3,3,0
really_salient,3,3,0
just_heavier,3,2,1
even_historical,3,3,0
always_gradual,3,3,0
very_abrasive,3,3,0
just_hereditary,3,3,0
just_heretical,3,3,0
just_heroic,3,3,0
just_heterosexual,3,3,0
even_hindu,3,3,0
thoroughly_effective,3,3,0
often_different,3,3,0
very_reverent,3,3,0
inherently_patriotic,3,3,0
often_favorable,3,3,0
away_clear,3,3,0
even_humane,3,3,0
often_guilty,3,3,0
only_substandard,3,3,0
often_greater,3,3,0
automatically_wise,3,3,0
just_grumpy,3,3,0
often_generous,3,3,0
only_subtler,3,3,0
often_full,3,3,0
inherently_personal,3,3,0
often_frustrating,3,3,0
just_handmade,3,3,0
even_imaginary,3,3,0
too_cordial,3,2,1
inherently_permanent,3,2,1
inherently_perfect,3,3,0
just_hardcore,3,3,0
even_humanoid,3,3,0
just_fuzzy,3,3,0
inherently_racial,3,2,1
too_coincidental,3,3,0
even_magical,3,3,0
always_inaccurate,3,3,0
reasonably_aware,3,3,0
often_privy,3,3,0
ever_vigilant,3,2,1
very_airy,3,2,1
just_fit,3,3,0
just_fixable,3,3,0
only_spicy,3,3,0
only_spoilt,3,3,0
just_fluent,3,3,0
too_committed,3,3,0
just_flavorful,3,3,0
strictly_moral,3,3,0
only_spurious,3,3,0
always_illuminating,3,3,0
even_lucid,3,3,0
strictly_musical,3,3,0
often_poor,3,3,0
even_manageable,3,3,0
just_final,3,3,0
just_filthy,3,3,0
too_comical,3,3,0
inherently_separate,3,3,0
automatically_invalid,3,3,0
even_middle,3,3,0
often_reluctant,3,3,0
thoroughly_healthy,3,3,0
just_fatigued,3,3,0
just_fatter,3,3,0
very_alike,3,3,0
even_medieval,3,3,0
only_sovereign,3,3,0
even_medical,3,3,0
ever_verifiable,3,2,1
reasonably_apparent,3,3,0
just_feminist,3,3,0
often_quick,3,3,0
even_marginal,3,3,0
often_proper,3,3,0
reasonably_comparable,3,3,0
even_lonely,3,3,0
even_irrelevant,3,3,0
often_linear,3,3,0
very_adroit,3,3,0
often_memorable,3,3,0
reasonably_familiar,3,3,0
even_latino,3,3,0
even_last,3,3,0
just_fruitful,3,3,0
reasonably_free,3,3,0
just_fruity,3,3,0
often_likely,3,3,0
ever_wet,3,3,0
reasonably_good,3,3,0
reasonably_happy,3,3,0
just_full-time,3,3,0
always_hygienic,3,3,0
even_islamic,3,3,0
even_irritating,3,3,0
automatically_safer,3,3,0
only_sterile,3,3,0
just_frequent,3,3,0
reasonably_effective,3,3,0
always_idealistic,3,3,0
often_more,3,3,0
just_foggy,3,3,0
even_liquid,3,3,0
inherently_rewarding,3,3,0
automatically_perfect,3,3,0
reasonably_consistent,3,3,0
just_forgivable,3,3,0
inherently_revolutionary,3,1,2
just_former,3,3,0
only_stale,3,3,0
often_obtainable,3,3,0
often_noticeable,3,3,0
strictly_negative,3,3,0
just_foundational,3,3,0
inherently_reliable,3,3,0
reasonably_easy,3,3,0
often_much,3,3,0
always_ideological,3,3,0
authentically_human,3,1,2
online_enough,3,3,0
innately_human,3,2,1
as_unconditional,3,3,0
always_recyclable,3,3,0
always_recognisable,3,3,0
very_pluralistic,3,3,0
as_unappealing,3,3,0
just_bloated,3,3,0
as_uncanny,3,2,1
just_blunt,3,3,0
very_collegial,3,3,0
strictly_cultural,3,3,0
as_treatable,3,3,0
only_beloved,3,3,0
always_real-time,3,3,0
always_rare,3,3,0
only_befitting,3,3,0
ever_secret,3,3,0
very_cognitive,3,3,0
strictly_desirable,3,3,0
even_trashy,3,3,0
as_twisted,3,2,1
ever_satisfying,3,2,1
always_massive,3,3,0
always_resistant,3,3,0
only_blissful,3,3,0
as_thorny,3,3,0
just_biblical,3,3,0
only_quantifiable,3,3,0
only_queer,3,3,0
as_top,3,3,0
as_top-notch,3,3,0
even_underwater,3,3,0
always_republican,3,3,0
too_autocratic,3,3,0
initially_truthful,3,3,0
always_renewable,3,3,0
very_comical,3,3,0
only_radioactive,3,3,0
initially_suspicious,3,3,0
as_trained,3,3,0
ever_satisfactory,3,3,0
too_autobiographical,3,3,0
even_transportable,3,3,0
very_cogent,3,3,0
just_brief,3,3,0
only_averse,3,3,0
always_radical,3,3,0
as_unethical,3,3,0
always_racist,3,3,0
always_quicker,3,3,0
always_punishable,3,3,0
very_clinical,3,3,0
just_captive,3,3,0
ever_severe,3,3,0
always_promising,3,2,1
as_underappreciated,3,3,0
as_unflappable,3,3,0
always_pro-life,3,3,0
even_thin,3,3,0
even_thick,3,3,0
only_relational,3,3,0
ever_shocked,3,3,0
even_thankful,3,3,0
only_automatic,3,3,0
only_backward,3,3,0
even_timely,3,3,0
as_undulating,3,2,1
as_undisciplined,3,3,0
even_trans,3,3,0
as_underdeveloped,3,3,0
even_traditional,3,3,0
always_rainy,3,3,0
even_traceable,3,3,0
even_tougher,3,3,0
really_underrated,3,3,0
strictly_devout,3,3,0
even_tolerant,3,3,0
only_recommendable,3,3,0
really_shallow,3,3,0
only_recreational,3,3,0
even_tolerable,3,3,0
really_shady,3,2,1
just_bullish,3,3,0
specifically_southern,3,3,0
just_busier,3,3,0
only_blond,3,3,0
as_thankless,3,3,0
only_blurry,3,3,0
only_carcinogenic,3,3,0
only_prodigious,3,3,0
strictly_biblical,3,3,0
too_appalling,3,3,0
just_apropos,3,3,0
really_showy,3,3,0
always_self-aware,3,3,0
even_wearable,3,3,0
even_weaker,3,3,0
innately_different,3,3,0
even_vertical,3,3,0
strictly_buddhist,3,3,0
only_promotional,3,3,0
very_permissive,3,3,0
even_visual,3,3,0
too_archaic,3,3,0
just_asinine,3,3,0
always_secondary,3,3,0
specifically_worried,3,3,0
just_appreciative,3,3,0
always_sexist,3,3,0
even_wider,3,3,0
only_catastrophic,3,3,0
as_searchable,3,3,0
as_self-centered,3,3,0
just_antagonistic,3,3,0
even_xenophobic,3,3,0
ever_relevant,3,3,0
as_self-critical,3,3,0
only_celebratory,3,3,0
strictly_beautiful,3,2,1
even_workable,3,3,0
just_antithetical,3,3,0
only_pro-life,3,3,0
strictly_beholden,3,3,0
just_apocryphal,3,3,0
just_apologetic,3,3,0
spectacularly_amazing,3,3,0
always_shallow,3,3,0
always_shady,3,3,0
very_comprehensible,3,3,0
as_socialist,3,3,0
always_rhetorical,3,3,0
just_bald,3,3,0
only_pungent,3,3,0
only_breathless,3,3,0
just_awe,3,3,0
always_risky,3,3,0
too_aspirational,3,3,0
as_supreme,3,3,0
too_astounding,3,2,1
even_unpredictable,3,3,0
just_banal,3,3,0
only_buoyant,3,3,0
just_barbaric,3,3,0
only_purple,3,3,0
strictly_compatible,3,3,0
always_rigid,3,3,0
even_unlocked,3,3,0
just_beatable,3,3,0
even_unknown,3,3,0
just_beloved,3,3,0
too_arousing,3,1,2
always_russian,3,3,0
as_summery,3,3,0
really_shitty,3,3,0
only_bumpy,3,3,0
as_soluble,3,3,0
always_scenic,3,3,0
only_bulletproof,3,3,0
just_attentive,3,3,0
very_pertinent,3,3,0
as_southern,3,3,0
only_bubbly,3,3,0
very_pervasive,3,3,0
specifically_wealthy,3,3,0
only_broader,3,3,0
very_pessimistic,3,3,0
as_stilted,3,3,0
just_autocratic,3,3,0
always_sanguine,3,3,0
even_urban,3,3,0
even_upright,3,3,0
even_terminal,3,3,0
always_pro-choice,3,3,0
strictly_english,3,3,0
always_naughty,3,3,0
only_sarcastic,3,3,0
even_shady,3,2,1
very_chaotic,3,3,0
initially_bad,3,3,0
ever_stupid,3,3,0
always_negotiable,3,3,0
only_alkaline,3,3,0
just_convinced,3,3,0
only_savage,3,3,0
astoundingly_beautiful,3,3,0
even_severe,3,3,0
always_nasty,3,3,0
just_cooperative,3,3,0
just_cordial,3,3,0
even_separate,3,3,0
very_celebratory,3,3,0
only_airy,3,3,0
even_self-conscious,3,3,0
strictly_honest,3,3,0
even_shallow,3,3,0
even_shiny,3,3,0
too_bombastic,3,3,0
ever_sticky,3,3,0
even_slick,3,3,0
even_skeptical,3,3,0
just_connected,3,3,0
strictly_healthy,3,3,0
too_blurred,3,3,0
as_virtual,3,3,0
even_singular,3,3,0
even_sinful,3,3,0
even_simpler,3,3,0
even_silver,3,3,0
even_silent,3,3,0
always_noisy,3,3,0
strictly_hierarchical,3,3,0
as_worst,3,3,0
always_nocturnal,3,3,0
always_nicer,3,3,0
only_aging,3,3,0
very_capitalist,3,3,0
very_chewy,3,3,0
only_accidental,3,3,0
even_riskier,3,3,0
very_blessed,3,3,0
thoroughly_qualified,3,3,0
only_acidic,3,3,0
very_bipartisan,3,2,1
always_merciful,3,3,0
even_ridiculous,3,3,0
specifically_pagan,3,3,0
really_selfless,3,3,0
always_mysterious,3,3,0
only_absorbent,3,3,0
just_debatable,3,3,0
just_deceitful,3,3,0
always_mean-spirited,3,3,0
only_selfless,3,3,0
even_respectable,3,3,0
specifically_open,3,3,0
ever_tidy,3,3,0
inherently_volatile,3,3,0
athletically_capable,3,3,0
very_boisterous,3,3,0
just_cumbersome,3,3,0
too_breathable,3,3,0
just_courageous,3,3,0
even_scarier,3,3,0
always_monumental,3,3,0
astoundingly_good,3,3,0
just_crafty,3,3,0
only_sceptical,3,3,0
very_budget-friendly,3,3,0
even_savvy,3,3,0
even_sarcastic,3,3,0
even_salty,3,3,0
even_safer,3,3,0
always_monogamous,3,3,0
even_rural,3,3,0
inherently_worrisome,3,1,2
specifically_pertinent,3,3,0
always_meticulous,3,3,0
just_condescending,3,3,0
only_analogous,3,3,0
only_autistic,3,3,0
even_sweeter,3,3,0
only_atmospheric,3,3,0
very_possessive,3,3,0
just_chilly,3,3,0
always_plump,3,3,0
always_photogenic,3,3,0
even_synonymous,3,3,0
only_atheist,3,3,0
always_perpendicular,3,3,0
always_permissible,3,3,0
as_unobtrusive,3,3,0
as_unlikable,3,3,0
strictly_female,3,3,0
just_cinematic,3,3,0
as_unlikeable,3,3,0
as_unlimited,3,3,0
even_susceptible,3,3,0
initially_high,3,3,0
very_predatory,3,3,0
just_childish,3,3,0
even_taboo,3,3,0
even_tacky,3,3,0
too_barren,3,3,0
only_authoritarian,3,3,0
always_prescient,3,3,0
even_tenable,3,3,0
strictly_equivalent,3,3,0
as_unfunny,3,2,1
as_unhelpful,3,3,0
thoroughly_successful,3,3,0
always_pregnant,3,3,0
only_replaceable,3,3,0
as_unimaginable,3,3,0
strictly_evil,3,3,0
only_atypical,3,3,0
just_charitable,3,3,0
always_polished,3,2,1
as_uninformed,3,3,0
even_talented,3,3,0
only_atrocious,3,3,0
very_classical,3,3,0
as_unplanned,3,3,0
strictly_green,3,3,0
always_observant,3,3,0
as_untouched,3,3,0
even_spiritual,3,3,0
only_rocky,3,3,0
even_spicy,3,3,0
just_communist,3,3,0
as_unwatchable,3,3,0
even_spectacular,3,3,0
as_unwell,3,3,0
only_royal,3,3,0
too_benevolent,3,3,0
even_socialist,3,3,0
only_rubbish,3,3,0
even_sneaky,3,3,0
too_bloated,3,3,0
as_upmarket,3,3,0
always_nude,3,3,0
only_anecdotal,3,3,0
only_analytical,3,3,0
even_square,3,3,0
as_untenable,3,3,0
just_comedic,3,3,0
only_apolitical,3,3,0
too_benign,3,3,0
only_artful,3,3,0
as_unqualified,3,3,0
always_outstanding,3,3,0
even_stuck,3,2,1
just_cloudy,3,3,0
ever_sore,3,3,0
always_orange,3,3,0
always_opportune,3,3,0
very_chubby,3,3,0
as_unscrupulous,3,3,0
always_one-sided,3,3,0
ever_spontaneous,3,3,0
only_appetizing,3,3,0
thoroughly_sick,3,3,0
very_chill,3,3,0
as_unsympathetic,3,3,0
even_nostalgic,3,3,0
intrinsically_unsafe,3,3,0
especially_excellent,3,3,0
mostly_good,3,3,0
mostly_right,3,3,0
totally_reckless,3,3,0
so_invulnerable,3,3,0
slightly_familiar,3,3,0
mostly_organic,3,3,0
merely_incomplete,3,3,0
slightly_faster,3,3,0
totally_religious,3,3,0
merely_incredible,3,3,0
mostly_irrelevant,3,3,0
mostly_harmless,3,3,0
mostly_false,3,3,0
merely_impotent,3,3,0
so_introverted,3,3,0
slightly_hungry,3,3,0
completely_virtuous,3,3,0
slightly_illegal,3,3,0
slightly_impressed,3,3,0
so_intrinsic,3,3,0
totally_responsive,3,3,0
merely_inexpensive,3,3,0
slightly_insane,3,3,0
completely_wacky,3,3,0
so_intrigued,3,3,0
merely_impressed,3,3,0
mostly_small,3,1,2
unfairly_prejudiced,3,3,0
merely_hopeless,3,3,0
merely_harmful,3,3,0
easily_employable,3,3,0
easily_embarrassed,3,3,0
easily_dull,3,3,0
uniformly_accessible,3,3,0
completely_unused,3,3,0
so_jazzy,3,3,0
much_agonizing,3,2,1
so_jaw-dropping,3,2,1
much_aged,3,3,0
merely_hopeful,3,3,0
completely_unworthy,3,2,1
merely_implausible,3,3,0
merely_hostile,3,3,0
slightly_cynical,3,3,0
much_academic,3,3,0
merely_idiosyncratic,3,3,0
so_irreverent,3,3,0
completely_vacant,3,3,0
merely_ill,3,3,0
totally_rare,3,3,0
merely_illusory,3,3,0
totally_raw,3,3,0
slightly_eccentric,3,3,0
merely_inhumane,3,3,0
dreadfully_wrong,3,0,3
merely_handy,3,3,0
most_troubling,3,3,0
most_unfortunate,3,3,0
merely_liberal,3,3,0
so_insubstantial,3,3,0
merely_light,3,3,0
drastically_shorter,3,3,0
most_underrated,3,3,0
merely_literary,3,3,0
slightly_obsessive,3,3,0
slightly_odd,3,3,0
conceptually_challenging,3,3,0
most_true,3,3,0
most_troublesome,3,2,1
totally_scared,3,3,0
totally_senseless,3,3,0
most_trivial,3,3,0
totally_sensible,3,3,0
most_trendy,3,3,0
merely_lucky,3,2,1
so_insipid,3,3,0
slightly_open,3,3,0
conceptually_complicated,3,2,1
totally_shallow,3,3,0
merely_mediocre,3,3,0
most_tenuous,3,2,1
most_unhappy,3,3,0
unfailingly_polite,3,3,0
most_worrisome,3,3,0
merely_intolerant,3,3,0
most_worried,3,3,0
so_intoxicated,3,3,0
slightly_jaded,3,3,0
most_widespread,3,3,0
completely_wide,3,3,0
completely_widespread,3,3,0
most_voluminous,3,3,0
completely_wretched,3,3,0
most_vivid,3,3,0
most_visual,3,3,0
most_visionary,3,3,0
most_vigilant,3,3,0
most_unpopular,3,2,1
compulsively_neat,3,3,0
compulsively_readable,3,3,0
most_venomous,3,3,0
merely_ironic,3,3,0
most_valid,3,3,0
totally_sad,3,3,0
most_usual,3,3,0
computationally_difficult,3,3,0
totally_sanitary,3,3,0
merely_justifiable,3,3,0
most_unpredictable,3,3,0
totally_privy,3,3,0
easily_expandable,3,3,0
especially_evil,3,3,0
easily_watchable,3,3,0
totally_outside,3,3,0
so_livid,3,3,0
completely_unconstitutional,3,3,0
merely_dysfunctional,3,3,0
merely_eccentric,3,3,0
much_compatible,3,3,0
much_comparable,3,3,0
completely_underwater,3,3,0
slightly_annoyed,3,3,0
much_comforting,3,3,0
much_colorful,3,3,0
easily_vulnerable,3,3,0
completely_uncalled,3,3,0
slightly_ashamed,3,3,0
completely_uneventful,3,3,0
slightly_askew,3,3,0
easily_unnerved,3,3,0
totally_pain-free,3,3,0
much_christian,3,3,0
much_chilling,3,3,0
so_lightweight,3,3,0
uniformly_christian,3,3,0
merely_erotic,3,3,0
completely_unforgiving,3,3,0
merely_distracting,3,3,0
merely_dissatisfied,3,3,0
slightly_bizarre,3,3,0
economically_advisable,3,3,0
merely_crucial,3,3,0
economically_diverse,3,3,0
totally_nutty,3,3,0
completely_tidy,3,3,0
merely_deep,3,3,0
merely_defective,3,3,0
economically_conservative,3,3,0
totally_observant,3,3,0
much_daunting,3,3,0
economically_backward,3,3,0
completely_transferable,3,3,0
much_crispy,3,3,0
ecologically_important,3,3,0
totally_online,3,3,0
ecologically_valid,3,3,0
merely_dim,3,3,0
completely_typical,3,3,0
much_creepier,3,2,1
much_creamy,3,3,0
ecologically_perfect,3,3,0
totally_opposite,3,3,0
ecologically_neutral,3,3,0
totally_optimal,3,3,0
much_corrupt,3,3,0
much_certain,3,3,0
so_libertarian,3,3,0
merely_guilty,3,3,0
totally_portable,3,3,0
much_awesome,3,3,0
completely_unreliable,3,3,0
completely_unresponsive,3,3,0
merely_formidable,3,3,0
slightly_clumsy,3,3,0
totally_political,3,3,0
merely_fraudulent,3,3,0
merely_friendly,3,3,0
easily_maintainable,3,3,0
so_lackluster,3,3,0
completely_unseen,3,3,0
much_artistic,3,3,0
easily_outdated,3,3,0
totally_premature,3,3,0
much_arrogant,3,3,0
merely_generic,3,3,0
easily_frazzled,3,3,0
easily_foreseeable,3,3,0
slightly_controversial,3,3,0
easily_flammable,3,3,0
merely_gratuitous,3,2,1
easily_extensible,3,3,0
merely_greater,3,3,0
completely_unsurprising,3,3,0
easily_open,3,3,0
totally_pleasant,3,3,0
easily_sticky,3,3,0
uniformly_beneficial,3,3,0
much_cathartic,3,2,1
completely_unharmed,3,3,0
much_careful,3,3,0
merely_exciting,3,3,0
completely_uninformed,3,3,0
slightly_boring,3,3,0
much_brave,3,3,0
merely_expressive,3,3,0
easily_renewable,3,3,0
much_bolder,3,3,0
easily_programmable,3,3,0
much_biological,3,3,0
merely_fleeting,3,3,0
easily_playable,3,3,0
so_left-wing,3,3,0
merely_fast,3,3,0
easily_passable,3,3,0
much_bent,3,3,0
easily_palatable,3,3,0
merely_fictitious,3,3,0
much_basic,3,3,0
so_lawful,3,3,0
completely_unrecognizable,3,3,0
much_awkward,3,3,0
slightly_painful,3,3,0
merely_mental,3,3,0
totally_sheer,3,3,0
merely_simplistic,3,3,0
slightly_upset,3,3,0
so_ill-advised,3,3,0
downright_repugnant,3,3,0
totally_undone,3,3,0
merely_showy,3,3,0
most_minimal,3,3,0
merely_significant,3,3,0
consistently_compelling,3,3,0
totally_uneventful,3,3,0
most_merciful,3,2,1
downright_reactionary,3,3,0
merely_situational,3,3,0
most_newsworthy,3,3,0
downright_radical,3,3,0
merely_sleazy,3,3,0
unduly_fearful,3,3,0
unduly_favourable,3,3,0
unduly_favorable,3,3,0
merely_smart,3,3,0
most_massive,3,3,0
downright_pretentious,3,3,0
slowly_enough,3,3,0
most_manly,3,3,0
unduly_excited,3,3,0
most_negative,3,3,0
merely_self-indulgent,3,3,0
most_lurid,3,3,0
most_opulent,3,3,0
most_pernicious,3,3,0
merely_remote,3,3,0
downright_terrified,3,3,0
unduly_negative,3,3,0
slightly_tipsy,3,3,0
so_impaired,3,3,0
downright_suicidal,3,3,0
totally_unbreakable,3,3,0
most_outlandish,3,3,0
most_ornate,3,3,0
most_organic,3,3,0
most_opportune,3,3,0
so_illiterate,3,3,0
merely_sad,3,3,0
downright_sick,3,3,0
so_imbalanced,3,3,0
slightly_unnerved,3,3,0
merely_scarce,3,3,0
most_nutritional,3,3,0
slightly_unsettling,3,2,1
unduly_heavy,3,3,0
merely_sectarian,3,2,1
merely_secular,3,3,0
merely_secure,3,3,0
most_magnificent,3,3,0
consistently_delicious,3,3,0
most_tempting,3,3,0
most_involved,3,3,0
merely_synonymous,3,3,0
downright_naive,3,3,0
most_joyful,3,3,0
merely_tasty,3,3,0
so_acquainted,3,3,0
totally_unplayable,3,3,0
so_actual,3,3,0
downright_miserable,3,3,0
downright_messy,3,3,0
merely_terrible,3,3,0
consistently_fun,3,3,0
consistently_greater,3,3,0
downright_objectionable,3,3,0
downright_meaningless,3,3,0
unduly_cynical,3,3,0
merely_thoughtful,3,3,0
unduly_cumbersome,3,3,0
so_homely,3,3,0
so_homeless,3,3,0
downright_malicious,3,3,0
totally_unproven,3,3,0
consistently_hostile,3,3,0
merely_tough,3,3,0
consistently_hot,3,3,0
most_large,3,3,0
unduly_disadvantaged,3,3,0
most_lucid,3,3,0
most_linear,3,3,0
most_loveable,3,3,0
totally_unified,3,3,0
consistently_dramatic,3,3,0
totally_unimaginable,3,3,0
most_livable,3,3,0
most_literary,3,2,1
most_literal,3,3,0
merely_strategic,3,3,0
merely_strong,3,3,0
downright_peculiar,3,3,0
totally_uninhibited,3,3,0
totally_uninterested,3,3,0
downright_obscure,3,2,1
downright_overwhelming,3,3,0
most_lightweight,3,3,0
merely_subservient,3,3,0
most_lenient,3,3,0
so_abusive,3,3,0
merely_suggestive,3,2,1
merely_suitable,3,3,0
merely_superfluous,3,3,0
merely_superior,3,3,0
consistently_exciting,3,3,0
merely_supportive,3,3,0
merely_reluctant,3,3,0
downright_thrilling,3,3,0
slightly_terrified,3,3,0
dramatically_important,3,3,0
totally_stiff,3,3,0
consciously_available,3,3,0
dramatically_necessary,3,3,0
so_ineffectual,3,3,0
merely_odious,3,3,0
totally_strict,3,3,0
merely_old,3,3,0
totally_stuck,3,3,0
most_selfless,3,3,0
so_individualistic,3,3,0
merely_opportunistic,3,3,0
most_seamless,3,3,0
merely_objective,3,3,0
totally_stylish,3,3,0
totally_subject,3,3,0
dramatically_high,3,3,0
unequivocally_better,3,3,0
totally_subservient,3,3,0
merely_outrageous,3,3,0
most_sane,3,3,0
dramatically_exciting,3,2,1
merely_pale,3,3,0
most_sacred,3,3,0
most_rugged,3,3,0
totally_sterile,3,3,0
consciously_afraid,3,3,0
most_pertinent,3,3,0
merely_mortal,3,3,0
so_innate,3,2,1
drastically_cheaper,3,3,0
drastically_bad,3,2,1
conceptually_hard,3,3,0
merely_misguided,3,3,0
most_superior,3,3,0
slightly_possible,3,3,0
most_summery,3,3,0
most_succinct,3,3,0
merely_monetary,3,3,0
most_sublime,3,3,0
most_stubborn,3,3,0
most_sober,3,3,0
most_strongest,3,3,0
most_strong,3,3,0
conceptually_related,3,3,0
totally_speculative,3,2,1
most_spiritual,3,3,0
unequivocally_true,3,3,0
merely_new,3,3,0
so_infamous,3,2,1
totally_spotless,3,3,0
most_southern,3,3,0
conceptually_wrong,3,1,2
most_rude,3,3,0
unduly_wide,3,3,0
most_righteous,3,3,0
most_pleased,3,3,0
considerably_easier,3,3,0
most_pragmatic,3,3,0
unduly_prominent,3,3,0
merely_puzzling,3,3,0
downright_unhappy,3,3,0
merely_quixotic,3,3,0
merely_racial,3,3,0
merely_racist,3,3,0
downright_unfair,3,3,0
merely_reactionary,3,3,0
unduly_partial,3,3,0
totally_unable,3,3,0
totally_sunny,3,3,0
most_playful,3,3,0
merely_reckless,3,3,0
totally_unaffected,3,3,0
most_plastic,3,3,0
most_placid,3,3,0
most_pious,3,3,0
downright_unacceptable,3,2,1
totally_unaffordable,3,3,0
merely_regrettable,3,3,0
considerably_safer,3,3,0
downright_tragic,3,3,0
most_present,3,3,0
merely_progressive,3,3,0
unduly_risky,3,3,0
merely_productive,3,3,0
slightly_shorter,3,3,0
merely_persuasive,3,3,0
most_republican,3,3,0
so_incorrect,3,3,0
totally_sweet,3,3,0
consciously_ready,3,3,0
dramatically_cheaper,3,3,0
most_renowned,3,3,0
totally_tame,3,3,0
unduly_troubled,3,3,0
slightly_smaller,3,3,0
merely_pleased,3,3,0
unduly_suggestive,3,3,0
merely_pointless,3,3,0
merely_positive,3,3,0
merely_powerless,3,3,0
so_incisive,3,3,0
so_incendiary,3,3,0
merely_preposterous,3,3,0
merely_prescriptive,3,3,0
slightly_strange,3,3,0
considerably_brighter,3,3,0
downright_upsetting,3,3,0
merely_criminal,3,3,0
merely_creepy,3,3,0
merely_crazy,3,3,0
so_penetrating,3,3,0
simply_satisfactory,3,3,0
so_perverted,3,3,0
maybe_better,3,3,0
emotionally_compatible,3,3,0
so_personable,3,3,0
completely_mundane,3,3,0
simply_satisfying,3,3,0
simply_scared,3,3,0
completely_mutual,3,3,0
so_perishable,3,3,0
emotionally_appealing,3,3,0
totally_exhausted,3,3,0
completely_moribund,3,3,0
completely_naturalistic,3,3,0
uniformly_wrong,3,2,1
maybe_ready,3,3,0
so_patronizing,3,3,0
eminently_useful,3,3,0
so_pastoral,3,3,0
uniformly_white,3,3,0
much_reluctant,3,3,0
uniformly_wealthy,3,3,0
eminently_possible,3,3,0
uniformly_weak,3,3,0
completely_moronic,3,3,0
much_sci-fi,3,3,0
much_regular,3,3,0
emotionally_disturbing,3,1,2
so_polluted,3,3,0
emotionally_gripping,3,3,0
much_sleepy,3,2,1
much_sinister,3,3,0
emotionally_fit,3,3,0
completely_merciless,3,3,0
much_silly,3,3,0
much_sick,3,3,0
much_shrill,3,3,0
completely_misguided,3,3,0
completely_monogamous,3,3,0
emotionally_distressing,3,3,0
much_scientific,3,3,0
much_severe,3,3,0
mathematically_secure,3,3,0
so_plastic,3,3,0
totally_enjoyable,3,3,0
so_pissed,3,3,0
emotionally_desperate,3,3,0
much_sensitive,3,3,0
much_selfish,3,3,0
emotionally_deep,3,3,0
maximally_effective,3,3,0
much_secular,3,3,0
so_paramount,3,3,0
meaningfully_available,3,3,0
medically_competent,3,3,0
mechanically_savvy,3,3,0
else_positive,3,3,0
simply_spectacular,3,2,1
else_likely,3,2,1
totally_frivolous,3,3,0
else_interesting,3,0,3
mechanically_interesting,3,3,0
completely_outstanding,3,1,2
mechanically_perfect,3,3,0
simply_static,3,3,0
simply_straightforward,3,3,0
much_pessimistic,3,3,0
totally_gay,3,3,0
completely_one-dimensional,3,3,0
totally_generic,3,3,0
elegantly_simple,3,3,0
medically_actionable,3,3,0
totally_gloomy,3,3,0
much_past,3,3,0
much_passive,3,3,0
completely_pale,3,3,0
completely_paranoid,3,3,0
much_paranoid,3,3,0
medically_beneficial,3,3,0
simply_subservient,3,3,0
mechanically_different,3,3,0
completely_old-fashioned,3,3,0
so_panicked,3,3,0
much_public,3,3,0
much_recent,3,3,0
eminently_drinkable,3,3,0
eminently_doable,3,3,0
so_painstaking,3,2,1
meaningfully_distinguishable,3,3,0
much_rarer,3,3,0
much_radical,3,3,0
totally_fearless,3,3,0
so_overpriced,3,3,0
much_qualified,3,3,0
simply_skeptical,3,3,0
so_overcooked,3,3,0
embarrassingly_awful,3,3,0
totally_final,3,3,0
completely_nutty,3,3,0
much_prophetic,3,3,0
completely_obedient,3,3,0
much_prominent,3,3,0
simply_small,3,3,0
much_profound,3,2,1
completely_objectionable,3,3,0
simply_smaller,3,3,0
mechanically_adept,3,3,0
completely_off-putting,3,3,0
emotionally_harmful,3,3,0
much_smooth,3,3,0
simply_responsive,3,3,0
much_unfair,3,3,0
empirically_false,3,3,0
empirically_correct,3,3,0
so_quality,3,3,0
simply_pleasing,3,3,0
so_qualitative,3,3,0
much_unpredictable,3,3,0
much_unpopular,3,3,0
massively_loud,3,3,0
empirically_accurate,3,3,0
much_unlucky,3,3,0
much_unlikely,3,3,0
much_underrated,3,3,0
totally_dangerous,3,3,0
so_psychedelic,3,3,0
totally_deserving,3,3,0
totally_destructive,3,3,0
much_uncommon,3,3,0
emotionally_unaffected,3,3,0
so_proportional,3,3,0
much_typical,3,3,0
totally_difficult,3,3,0
totally_dire,3,3,0
much_trickier,3,3,0
so_prolonged,3,2,1
so_quixotic,3,3,0
much_vertical,3,3,0
so_populous,3,3,0
totally_conventional,3,3,0
simply_non-existent,3,3,0
massively_better,3,3,0
completely_hypothetical,3,3,0
so_reductive,3,3,0
musically_diverse,3,3,0
simply_objective,3,3,0
musically_capable,3,3,0
massively_complicated,3,3,0
completely_idyllic,3,3,0
musically_appealing,3,2,1
much_yellow,3,3,0
totally_conversant,3,3,0
simply_overwhelming,3,3,0
totally_cooperative,3,3,0
simply_organic,3,3,0
much_widespread,3,3,0
completely_impulsive,3,3,0
much_western,3,3,0
totally_credible,3,3,0
empirically_wrong,3,3,0
simply_outdated,3,3,0
uniquely_english,3,2,1
much_weak,3,3,0
much_vocal,3,3,0
totally_disagreeable,3,3,0
massively_scalable,3,3,0
much_transparent,3,3,0
so_predatory,3,3,0
so_prepared,3,3,0
much_suggestive,3,3,0
materially_inconsistent,3,3,0
completely_live,3,3,0
totally_dogmatic,3,3,0
much_subtle,3,2,1
emotionally_poignant,3,3,0
simply_real,3,3,0
uniquely_african,3,2,1
emotionally_overwhelming,3,3,0
much_stupid,3,3,0
so_precocious,3,3,0
simply_proportional,3,3,0
materially_related,3,3,0
totally_downbeat,3,3,0
completely_loose,3,3,0
simply_reckless,3,3,0
completely_loveable,3,3,0
emotionally_interested,3,3,0
simply_reluctant,3,3,0
much_spiritual,3,2,1
mathematically_accurate,3,3,0
emotionally_independent,3,3,0
much_sore,3,3,0
totally_distraught,3,3,0
totally_distracting,3,2,1
completely_likely,3,3,0
much_supernatural,3,3,0
completely_invalid,3,3,0
totally_disconcerting,3,3,0
totally_discouraging,3,3,0
emotionally_stronger,3,3,0
so_prodigious,3,3,0
simply_psychological,3,3,0
so_pro-life,3,3,0
so_pro-israel,3,3,0
completely_keen,3,3,0
so_pro,3,3,0
massively_unpopular,3,3,0
completely_laughable,3,3,0
so_prime,3,3,0
much_tasty,3,3,0
so_primal,3,2,1
emotionally_secure,3,3,0
uniquely_awful,3,3,0
much_talented,3,3,0
completely_lethal,3,3,0
so_priceless,3,3,0
much_symbolic,3,3,0
completely_lifeless,3,3,0
emotionally_resilient,3,3,0
electronically_literate,3,3,0
much_overcome,3,3,0
so_main,3,3,0
much_flowery,3,3,0
much_futuristic,3,3,0
merely_artistic,3,3,0
so_militaristic,3,3,0
economically_unsustainable,3,2,1
much_frustrating,3,3,0
merely_attributable,3,3,0
much_fresh,3,3,0
much_freer,3,3,0
so_metaphorical,3,3,0
completely_sloppy,3,3,0
simultaneously_present,3,3,0
merely_backward,3,3,0
much_grey,3,3,0
much_firmer,3,3,0
totally_mean,3,3,0
so_mere,3,3,0
much_fine,3,3,0
economically_savvy,3,3,0
economically_right,3,3,0
economically_rewarding,3,3,0
merely_bigger,3,3,0
much_favourable,3,3,0
much_fatter,3,3,0
economically_ready,3,3,0
completely_shameless,3,3,0
much_grim,3,3,0
merely_bleak,3,3,0
much_humorous,3,3,0
simply_visual,3,3,0
completely_ruthless,3,3,0
educationally_unsound,3,3,0
merely_accessible,3,3,0
completely_sacred,3,3,0
merely_accurate,3,2,1
merely_active,3,3,0
simply_weak,3,3,0
merely_administrative,3,3,0
much_hungry,3,3,0
educationally_related,3,3,0
completely_sanguine,3,3,0
much_guilty,3,3,0
completely_sanitary,3,3,0
simply_weird,3,3,0
much_honest,3,3,0
much_homophobic,3,3,0
so_misinformed,3,3,0
much_homeless,3,3,0
completely_scandalous,3,3,0
merely_amazing,3,3,0
merely_american,3,3,0
completely_sedentary,3,3,0
merely_analytical,3,3,0
so_melodic,3,3,0
merely_bold,3,3,0
medically_crucial,3,3,0
merely_contemporary,3,3,0
merely_comic,3,3,0
so_mandatory,3,3,0
sincerely_sorry,3,3,0
economically_inactive,3,3,0
completely_suicidal,3,3,0
uniformly_flat,3,3,0
completely_surreal,3,3,0
much_dysfunctional,3,3,0
much_drier,3,3,0
merely_confused,3,3,0
merely_conscious,3,3,0
much_distressing,3,3,0
completely_subservient,3,3,0
much_distinguishable,3,3,0
merely_contentious,3,3,0
so_male,3,3,0
merely_controversial,3,3,0
merely_conventional,3,3,0
much_disrespectful,3,3,0
singularly_dependent,3,3,0
much_disinterested,3,3,0
merely_correct,3,3,0
much_disappointing,3,3,0
economically_equal,3,3,0
merely_comforting,3,3,0
much_empty,3,3,0
totally_metaphorical,3,3,0
totally_moribund,3,3,0
much_fairer,3,3,0
much_fair,3,3,0
sincerely_committed,3,3,0
so_medical,3,3,0
merely_busy,3,3,0
much_expressive,3,3,0
completely_spot-on,3,3,0
merely_carnal,3,3,0
merely_casual,3,3,0
totally_mobile,3,3,0
merely_challenging,3,3,0
so_mathematical,3,3,0
merely_cold,3,3,0
completely_stiff,3,3,0
much_environmental,3,3,0
merely_circumstantial,3,3,0
economically_liberal,3,3,0
completely_stoic,3,3,0
completely_strict,3,3,0
sincerely_racist,3,3,0
much_endangered,3,3,0
completely_sturdy,3,3,0
merely_cognitive,3,3,0
economically_interdependent,3,3,0
mentally_whole,3,3,0
simply_visible,3,3,0
totally_jarring,3,3,0
simply_un-american,3,3,0
medically_sterile,3,3,0
totally_hostile,3,3,0
simply_trendy,3,3,0
medically_true,3,3,0
totally_hypothetical,3,3,0
medically_unfit,3,3,0
much_minimal,3,3,0
much_minded,3,3,0
completely_proper,3,3,0
much_mechanical,3,3,0
medically_vital,3,3,0
medically_wise,3,3,0
simply_tolerant,3,3,0
either_available,3,3,0
much_malicious,3,2,1
much_magical,3,3,0
memorably_melodic,3,3,0
simply_unconscionable,3,3,0
much_ludicrous,3,3,0
mentally_active,3,3,0
completely_psychotic,3,3,0
egregiously_overpriced,3,3,0
so_nerve-wracking,3,3,0
totally_impregnable,3,3,0
completely_prohibitive,3,3,0
totally_hopeful,3,3,0
completely_ruinous,3,3,0
medically_inaccurate,3,3,0
much_ours,3,3,0
totally_gung,3,3,0
so_obscene,3,3,0
completely_pink,3,3,0
medically_frail,3,3,0
much_offended,3,3,0
totally_hardy,3,3,0
much_odd,3,3,0
totally_harmonious,3,3,0
electorally_popular,3,3,0
totally_hateful,3,3,0
completely_pleasant,3,3,0
much_naive,3,3,0
simply_tedious,3,3,0
medically_needy,3,3,0
much_notable,3,2,1
completely_poor,3,3,0
much_noble,3,3,0
much_next,3,3,0
uniformly_smooth,3,3,0
completely_pristine,3,2,1
much_national,3,3,0
much_nastier,3,3,0
completely_privy,3,3,0
so_negotiable,3,3,0
completely_radical,3,3,0
egregiously_expensive,3,3,0
mentally_robust,3,3,0
effectively_sufficient,3,3,0
much_intuitive,3,3,0
much_intrusive,3,3,0
simply_unsightly,3,3,0
much_intellectual,3,3,0
simply_untrue,3,3,0
simply_unusual,3,3,0
much_inspirational,3,3,0
so_motivational,3,3,0
totally_intact,3,2,1
effectively_impossible,3,3,0
completely_rewarding,3,3,0
mentally_clear,3,3,0
much_inherent,3,3,0
so_moronic,3,3,0
so_moribund,3,3,0
much_indifferent,3,3,0
much_incorrect,3,3,0
mentally_stronger,3,3,0
simply_virtual,3,3,0
much_incompetent,3,3,0
much_inaccurate,3,3,0
mentally_unhealthy,3,2,1
mentally_unsound,3,3,0
much_irrational,3,3,0
so_muted,3,3,0
simply_unpleasant,3,3,0
simply_unlucky,3,3,0
totally_inane,3,3,0
totally_incapable,3,3,0
much_local,3,3,0
egregiously_awful,3,3,0
simply_unethical,3,3,0
totally_incomprehensible,3,3,0
much_liquid,3,3,0
so_nauseating,3,3,0
mentally_debilitating,3,2,1
effortlessly_stylish,3,3,0
totally_inconsequential,3,2,1
much_legal,3,3,0
so_national,3,3,0
mentally_exhausted,3,3,0
totally_indispensable,3,3,0
completely_relaxing,3,3,0
much_lacking,3,2,1
mentally_flexible,3,3,0
totally_ineffectual,3,3,0
mentally_fragile,3,3,0
totally_inevitable,3,3,0
totally_inexcusable,3,3,0
mentally_happy,3,3,0
totally_unreal,3,3,0
downright_ludicrous,3,2,1
consistently_impressive,3,3,0
more_perfunctory,3,3,0
truly_convincing,3,2,1
more_convoluted,3,3,0
demonstrably_worse,3,3,0
more_corporate,3,3,0
more_philosophical,3,3,0
truly_courageous,3,3,0
currently_underway,3,3,0
typically_cost-effective,3,3,0
more_perplexed,3,3,0
so_conceptual,3,3,0
more_perishable,3,3,0
currently_viewable,3,3,0
currently_suicidal,3,3,0
more_creditable,3,3,0
more_patronizing,3,3,0
more_pathological,3,3,0
more_crooked,3,2,1
currently_worried,3,3,0
truly_definitive,3,2,1
more_cryptic,3,3,0
currently_wrong,3,1,2
more_cultural,3,2,1
typically_comfortable,3,3,0
more_participatory,3,2,1
more_conversant,3,3,0
truly_contrite,3,3,0
typically_clear,3,3,0
desperately_bad,3,3,0
truly_civilized,3,3,0
desperately_important,3,3,0
desperately_hungry,3,3,0
currently_prepared,3,3,0
more_prescriptive,3,3,0
more_pregnant,3,1,2
truly_collaborative,3,3,0
desperately_difficult,3,3,0
truly_common,3,3,0
currently_reliable,3,3,0
currently_responsive,3,3,0
currently_ripe,3,3,0
so_disabled,3,3,0
more_pornographic,3,3,0
currently_searchable,3,3,0
more_populist,3,3,0
truly_conclusive,3,2,1
more_ponderous,3,3,0
more_polarized,3,3,0
currently_significant,3,3,0
more_pointed,3,3,0
truly_contagious,3,3,0
currently_standard,3,3,0
truly_continuous,3,3,0
more_paranoid,3,3,0
truly_desperate,3,3,0
damn_many,3,3,0
truly_enthusiastic,3,3,0
more_derelict,3,1,2
delightfully_delicious,3,3,0
more_despondent,3,3,0
damn_fine,3,3,0
typically_advisable,3,3,0
more_devoid,3,3,0
truly_engaging,3,3,0
damn_happy,3,2,1
deliciously_sweet,3,3,0
more_digestible,3,3,0
more_nonchalant,3,3,0
deliciously_rich,3,3,0
so_congruent,3,3,0
deliciously_refreshing,3,3,0
more_nihilistic,3,3,0
damn_hysterical,3,3,0
more_neurotic,3,3,0
damn_impressive,3,3,0
truly_expensive,3,2,1
damn_likely,3,3,0
more_disenchanted,3,3,0
truly_expert,3,3,0
more_naturalistic,3,3,0
more_native,3,3,0
more_deranged,3,3,0
typically_applicable,3,3,0
more_painstaking,3,2,1
more_optional,3,3,0
more_overrated,3,1,2
more_dapper,3,3,0
damn_arrogant,3,3,0
damn_busy,3,3,0
more_orwellian,3,3,0
more_orthodox,3,1,2
damn_challenging,3,3,0
truly_disappointing,3,3,0
truly_disastrous,3,1,2
damn_charming,3,3,0
more_defective,3,2,1
more_oppressed,3,2,1
more_obsessive,3,3,0
more_defiant,3,3,0
democratically_available,3,3,0
more_omnipresent,3,3,0
more_old-school,3,2,1
more_old-fashioned,3,2,1
truly_disturbing,3,3,0
typically_beautiful,3,3,0
truly_dry,3,3,0
truly_dull,3,3,0
more_obtuse,3,2,1
typically_asian,3,3,0
currently_playable,3,3,0
more_principled,3,3,0
more_communal,3,1,2
more_breathable,3,3,0
currently_attractive,3,3,0
typically_malicious,3,3,0
currently_bankrupt,3,3,0
more_bogus,3,3,0
directly_abusive,3,3,0
more_booming,3,3,0
truly_ancient,3,2,1
so_dispassionate,3,3,0
digitally_skilled,3,3,0
so_disorienting,3,2,1
currently_certain,3,3,0
typically_local,3,3,0
currently_apparent,3,3,0
truly_appealing,3,3,0
digitally_native,3,3,0
typically_linear,3,3,0
currently_compulsory,3,3,0
currently_conducive,3,3,0
currently_configurable,3,3,0
more_bulky,3,3,0
currently_conscious,3,3,0
typically_large,3,3,0
currently_creative,3,3,0
currently_curable,3,3,0
currently_attainable,3,3,0
directly_bad,3,2,1
desperately_popular,3,3,0
directly_conscious,3,3,0
more_scottish,3,2,1
directly_discernible,3,3,0
directly_detrimental,3,3,0
typically_obvious,3,3,0
directly_derivative,3,3,0
more_barren,3,3,0
directly_deadly,3,3,0
typically_noticeable,3,3,0
culturally_vibrant,3,3,0
typically_normal,3,3,0
more_bellicose,3,3,0
more_sadistic,3,3,0
more_blasphemous,3,2,1
truly_african,3,2,1
more_biblical,3,2,1
more_big,3,1,2
more_rubbish,3,3,0
so_disproportionate,3,3,0
currently_affordable,3,3,0
more_rough,3,3,0
currently_airborne,3,3,0
directly_beholden,3,3,0
truly_alien,3,2,1
more_blase,3,3,0
currently_dangerous,3,3,0
typically_itchy,3,3,0
more_capricious,3,3,0
currently_mature,3,3,0
truly_bored,3,3,0
so_disenchanted,3,3,0
truly_bright,3,3,0
truly_brilliant,3,3,0
currently_important,3,3,0
more_puzzled,3,3,0
typically_hard,3,3,0
typically_happy,3,3,0
more_clumsy,3,3,0
more_cluttered,3,2,1
more_coercive,3,2,1
currently_measurable,3,3,0
devilishly_hard,3,3,0
typically_free,3,3,0
desperately_unhappy,3,3,0
currently_obvious,3,3,0
so_communist,3,3,0
more_comedic,3,3,0
typically_fond,3,3,0
more_pro-israel,3,2,1
more_pro-business,3,3,0
more_prized,3,2,1
typically_feminine,3,3,0
typically_female,3,3,0
more_quirky,3,3,0
truly_blue,3,3,0
devastatingly_effective,3,3,0
more_circular,3,3,0
currently_downloadable,3,3,0
devilishly_clever,3,3,0
more_careless,3,3,0
so_disheartened,3,3,0
more_catchy,3,3,0
typically_intense,3,3,0
developmentally_mature,3,3,0
currently_evident,3,3,0
more_refined,3,2,1
currently_favorable,3,3,0
currently_fertile,3,3,0
currently_final,3,3,0
truly_bilingual,3,3,0
more_readable,3,3,0
currently_great,3,3,0
truly_bipartisan,3,3,0
currently_habitable,3,3,0
more_chilly,3,3,0
truly_bizarre,3,2,1
more_choosy,3,3,0
devastatingly_powerful,3,3,0
typically_huge,3,3,0
currently_healthy,3,3,0
more_nationalist,3,3,0
more_narcissistic,3,1,2
typically_pop,3,3,0
more_frenetic,3,3,0
truly_selfless,3,3,0
truly_lonely,3,3,0
truly_self-sufficient,3,3,0
truly_loving,3,3,0
deeply_sorry,3,3,0
truly_scarce,3,3,0
more_insensitive,3,2,1
more_fraudulent,3,2,1
more_insatiable,3,1,2
truly_satisfactory,3,3,0
more_inquisitive,3,3,0
truly_russian,3,3,0
deeply_sympathetic,3,3,0
truly_round,3,3,0
deeply_serious,3,3,0
more_informal,3,3,0
more_inferior,3,3,0
more_inexpensive,3,3,0
more_inescapable,3,1,2
dead_wrong,3,3,0
truly_matte,3,3,0
deadly_dangerous,3,3,0
more_funky,3,3,0
deeply_regrettable,3,3,0
more_formative,3,2,1
more_forgetful,3,3,0
deadly_poisonous,3,3,0
more_fine,3,3,0
truly_spherical,3,3,0
more_irregular,3,3,0
darn_big,3,3,0
darn_boring,3,3,0
so_dejected,3,2,1
more_female,3,3,0
more_feral,3,3,0
more_irate,3,3,0
deeply_upset,3,3,0
truly_sound,3,3,0
darn_complicated,3,3,0
truly_liberal,3,3,0
more_integrated,3,3,0
truly_soft,3,3,0
more_intrinsic,3,1,2
more_flashy,3,3,0
deeply_undemocratic,3,3,0
truly_likable,3,3,0
more_fleeting,3,2,1
deeply_true,3,3,0
truly_single,3,3,0
darn_important,3,3,0
truly_literate,3,3,0
more_foolproof,3,2,1
so_customary,3,3,0
truly_respectable,3,3,0
more_mythic,3,3,0
deeply_focused,3,3,0
more_gung,3,3,0
deeply_analytical,3,3,0
more_hypnotic,3,0,3
so_debatable,3,3,0
deeply_happy,3,3,0
more_hydrated,3,3,0
deeply_biblical,3,3,0
deeply_challenging,3,3,0
more_humanitarian,3,2,1
truly_objectionable,3,1,2
more_humanistic,3,3,0
deeply_experienced,3,3,0
more_ideological,3,1,2
truly_obsolete,3,3,0
truly_passive,3,2,1
deeply_conservative,3,3,0
deeply_dramatic,3,3,0
deeply_disruptive,3,3,0
deeply_disappointing,3,3,0
more_homesick,3,3,0
more_heterogeneous,3,3,0
truly_orthodox,3,3,0
so_dazed,3,3,0
deeply_devoted,3,3,0
deeply_ingrained,3,3,0
deeply_interesting,3,3,0
more_garish,3,0,3
decidedly_better,3,3,0
more_indian,3,3,0
deathly_hot,3,3,0
more_geeky,3,0,3
more_incumbent,3,2,1
deathly_terrified,3,3,0
more_inconsequential,3,2,1
truly_red,3,3,0
more_incomprehensible,3,2,1
more_incomplete,3,3,0
more_gleeful,3,3,0
decidedly_bad,3,3,0
more_impulsive,3,3,0
more_illegitimate,3,3,0
truly_miserable,3,3,0
truly_quick,3,3,0
so_daily,3,3,0
more_impoverished,3,3,0
truly_pure,3,3,0
truly_modular,3,3,0
truly_monogamous,3,3,0
truly_problematic,3,2,1
more_grave,3,3,0
more_immaculate,3,3,0
deeply_ironic,3,3,0
truly_spicy,3,3,0
so_deleterious,3,3,0
truly_spiritual,3,3,0
deliberately_blind,3,3,0
truly_vegan,3,3,0
more_mighty,3,2,1
more_miffed,3,3,0
more_mexican,3,2,1
truly_godly,3,3,0
deliberately_destructive,3,2,1
deliberately_deceptive,3,3,0
damn_successful,3,3,0
truly_greater,3,3,0
more_merciless,3,3,0
more_mental,3,3,0
deliberately_bad,3,3,0
deliberately_funny,3,3,0
truly_useless,3,3,0
truly_happier,3,3,0
definitively_wrong,3,1,2
truly_hardcore,3,3,0
truly_harmless,3,3,0
definitively_sure,3,3,0
definitively_superior,3,3,0
definitively_right,3,3,0
more_marginalized,3,3,0
truly_unknown,3,3,0
more_employable,3,2,1
more_militaristic,3,1,2
truly_fundamental,3,3,0
more_irritable,3,1,2
so_contented,3,3,0
so_detached,3,3,0
deliberately_unkind,3,2,1
more_muslim,3,2,1
more_disquieting,3,3,0
more_distinguishable,3,3,0
deliberately_racist,3,3,0
deliberately_provocative,3,3,0
more_distrustful,3,3,0
more_more,3,1,2
more_morbid,3,3,0
damn_pushy,3,3,0
more_dogmatic,3,3,0
truly_full,3,3,0
deliberately_offensive,3,3,0
more_dominating,3,3,0
more_dope,3,3,0
deliberately_obtuse,3,3,0
damn_scary,3,3,0
more_down,3,3,0
truly_french,3,3,0
truly_violent,3,3,0
more_missing,3,3,0
truly_vintage,3,3,0
deliberately_ignorant,3,3,0
more_malleable,3,3,0
truly_high,3,3,0
definitively_good,3,3,0
dangerously_wrong,3,3,0
truly_influential,3,3,0
more_last,3,3,0
more_laid,3,2,1
truly_insolvent,3,3,0
more_expert,3,3,0
so_demeaning,3,3,0
more_laborious,3,3,0
more_kinky,3,1,2
dangerously_unsafe,3,3,0
more_kid-friendly,3,3,0
truly_interchangeable,3,3,0
definitely_dead,3,3,0
definitively_enough,3,3,0
darkly_comic,3,3,0
so_delirious,3,3,0
truly_subject,3,3,0
more_factual,3,3,0
truly_irreversible,3,3,0
more_fanatical,3,1,2
truly_strange,3,2,1
truly_jewish,3,3,0
truly_joyful,3,3,0
truly_static,3,3,0
more_fastidious,3,3,0
more_exempt,3,3,0
more_left,3,0,3
more_excitable,3,2,1
truly_indestructible,3,3,0
truly_underway,3,3,0
dang_hot,3,3,0
more_lyrical,3,2,1
more_luscious,3,3,0
truly_unbeatable,3,3,0
truly_honorable,3,2,1
more_enterprising,3,2,1
truly_horrible,3,2,1
truly_hot,3,3,0
truly_trans,3,3,0
more_lively,3,2,1
more_litigious,3,3,0
more_literary,3,3,0
more_erudite,3,2,1
more_lightweight,3,3,0
truly_immersive,3,3,0
truly_thankful,3,3,0
truly_terrified,3,3,0
more_lifeless,3,3,0
dangerously_insane,3,3,0
more_everyday,3,2,1
truly_talented,3,3,0
more_left-wing,3,3,0
typically_physical,3,3,0
directly_endangered,3,3,0
merely_transparent,3,3,0
constantly_necessary,3,3,0
most_dominate,3,3,0
mildly_terrifying,3,3,0
mildly_tired,3,3,0
downright_cheap,3,3,0
so_freakin,3,3,0
most_discreet,3,2,1
so_fraudulent,3,3,0
most_dire,3,3,0
militarily_capable,3,3,0
constantly_high,3,3,0
constantly_hot,3,3,0
militarily_important,3,3,0
most_easiest,3,3,0
most_depressed,3,3,0
unbelievably_hot,3,3,0
so_former,3,3,0
most_delightful,3,3,0
unbelievably_good,3,3,0
downright_ashamed,3,3,0
so_attuned,3,3,0
traditionally_funny,3,3,0
constantly_pleasurable,3,3,0
unbelievably_fast,3,3,0
unbelievably_excited,3,3,0
most_drastic,3,3,0
traditionally_conservative,3,3,0
so_audible,3,3,0
most_empathetic,3,3,0
most_erotic,3,3,0
uncomfortably_aware,3,3,0
most_enviable,3,3,0
downright_deceitful,3,3,0
most_enlightening,3,3,0
most_enigmatic,3,2,1
most_encouraging,3,3,0
mildly_embarrassing,3,3,0
downright_damaging,3,3,0
so_genial,3,3,0
mildly_funny,3,3,0
most_emotive,3,3,0
downright_condescending,3,3,0
most_eminent,3,3,0
traditionally_british,3,3,0
downright_counterproductive,3,2,1
most_effusive,3,3,0
constantly_dissatisfied,3,3,0
downright_contemptuous,3,3,0
traditionally_common,3,3,0
so_aromatic,3,3,0
traditionally_competitive,3,3,0
unbelievably_stupid,3,3,0
so_fundamentalist,3,3,0
unbelievably_easy,3,3,0
downright_alarming,3,1,2
so_eye-opening,3,3,0
so_beefy,3,3,0
unbearably_heavy,3,3,0
most_cheap,3,3,0
most_chatty,3,3,0
most_cautious,3,3,0
mobile_accessible,3,3,0
constitutionally_legal,3,3,0
so_faulty,3,3,0
most_burdensome,3,3,0
most_bullish,3,3,0
divinely_inspired,3,3,0
divinely_beautiful,3,3,0
traditionally_scary,3,3,0
so_balmy,3,3,0
constitutionally_questionable,3,3,0
constitutionally_right,3,3,0
most_blatant,3,3,0
most_bitter,3,3,0
constitutionally_sufficient,3,3,0
most_big,3,3,0
constitutionally_wrong,3,1,2
so_bewildered,3,3,0
contextually_appropriate,3,3,0
contextually_aware,3,3,0
most_avid,3,3,0
most_chic,3,3,0
so_bald,3,2,1
mind-numbingly_dull,3,3,0
traditionally_jewish,3,3,0
most_criminal,3,3,0
downright_addictive,3,3,0
most_courteous,3,3,0
downright_abusive,3,3,0
constantly_sick,3,3,0
so_autonomous,3,3,0
so_flirtatious,3,3,0
unbelievably_beautiful,3,3,0
most_contemporary,3,3,0
most_contagious,3,3,0
most_constructive,3,3,0
most_conscious,3,3,0
most_cinematic,3,3,0
constantly_uncomplicated,3,3,0
so_fitting,3,3,0
so_fishy,3,3,0
constitutionally_accountable,3,3,0
traditionally_mexican,3,2,1
constitutionally_compliant,3,3,0
most_clinical,3,3,0
most_classy,3,3,0
constitutionally_different,3,3,0
constitutionally_due,3,3,0
so_feral,3,3,0
constantly_anxious,3,3,0
constantly_angry,3,3,0
most_exemplary,3,3,0
consistently_predictable,3,3,0
most_impartial,3,3,0
totally_unworkable,3,3,0
so_agnostic,3,3,0
merely_unlawful,3,3,0
merely_unlikely,3,3,0
most_illustrious,3,3,0
consistently_physical,3,3,0
most_idiotic,3,3,0
downright_horrible,3,3,0
so_alarmed,3,3,0
totally_useful,3,3,0
merely_unreliable,3,3,0
merely_uninterested,3,3,0
consistently_progressive,3,3,0
most_horrific,3,3,0
totally_vague,3,3,0
totally_vapid,3,3,0
most_honourable,3,3,0
most_holy,3,2,1
consistently_rewarding,3,3,0
undeniably_true,3,2,1
most_hazardous,3,3,0
merely_unusual,3,3,0
so_amateur,3,3,0
downright_implausible,3,3,0
totally_unwanted,3,3,0
downright_despicable,3,3,0
consistently_lucid,3,3,0
most_interactive,3,3,0
merely_trendy,3,3,0
merely_troubling,3,3,0
so_higher,3,3,0
downright_irritating,3,3,0
most_insignificant,3,3,0
so_hierarchical,3,3,0
unduly_broad,3,3,0
unduly_boisterous,3,2,1
merely_uncertain,3,3,0
unduly_beholden,3,3,0
most_infamous,3,3,0
totally_unusable,3,3,0
merely_unconscious,3,3,0
most_industrious,3,3,0
so_affable,3,3,0
so_affected,3,3,0
downright_inspiring,3,3,0
downright_inevitable,3,3,0
merely_unfashionable,3,3,0
so_aghast,3,3,0
downright_incomprehensible,3,3,0
most_impoverished,3,3,0
most_imposing,3,3,0
merely_unwise,3,3,0
so_amateurish,3,3,0
merely_unworthy,3,3,0
downright_eccentric,3,3,0
consistently_witty,3,3,0
downright_exciting,3,3,0
most_formal,3,3,0
totally_wonderful,3,3,0
so_groggy,3,3,0
so_antisocial,3,3,0
so_antithetical,3,3,0
metabolically_healthy,3,3,0
most_feasible,3,3,0
so_gregarious,3,3,0
uncomfortably_stiff,3,3,0
mightily_pleased,3,3,0
consistently_secure,3,3,0
downright_eager,3,2,1
so_gratuitous,3,3,0
downright_dysfunctional,3,2,1
so_appalled,3,3,0
downright_drunk,3,3,0
downright_dirty,3,3,0
mildly_annoyed,3,3,0
mildly_annoying,3,3,0
uncomfortably_heavy,3,3,0
downright_detrimental,3,3,0
constantly_alert,3,3,0
merely_wise,3,3,0
most_fresh,3,3,0
merely_widespread,3,3,0
totally_whole,3,3,0
consistently_smooth,3,3,0
consistently_stable,3,3,0
downright_friendly,3,3,0
totally_voluntary,3,3,0
consistently_stellar,3,3,0
most_green,3,3,0
downright_foolhardy,3,3,0
so_gutsy,3,3,0
consistently_tender,3,3,0
downright_filthy,3,3,0
merely_visionary,3,3,0
merely_vital,3,3,0
merely_vulnerable,3,3,0
most_gay,3,3,0
merely_wasteful,3,3,0
totally_welcome,3,3,0
totally_welcoming,3,3,0
most_futuristic,3,3,0
unconstitutionally_coercive,3,3,0
most_fuel-efficient,3,2,1
so_grueling,3,3,0
most_frustrating,3,3,0
totally_wet,3,3,0
so_biodegradable,3,3,0
most_arduous,3,3,0
directly_engaging,3,3,0
directly_rude,3,3,0
more_academic,3,3,0
so_dressy,3,3,0
critically_aware,3,3,0
critically_conscious,3,3,0
so_childlike,3,3,0
more_subservient,3,2,1
directly_significant,3,3,0
more_stressed,3,3,0
typically_sympathetic,3,3,0
more_straight,3,3,0
more_admired,3,3,0
more_steep,3,3,0
directly_therapeutic,3,3,0
more_adversarial,3,3,0
crushingly_bitter,3,3,0
so_chinese,3,3,0
tremendously_pleasing,3,3,0
typically_supportive,3,3,0
directly_recognizable,3,3,0
typically_sufficient,3,3,0
directly_readable,3,3,0
more_aged,3,3,0
directly_racist,3,3,0
more_stale,3,2,1
more_sultry,3,0,3
more_sumptuous,3,2,1
so_choppy,3,3,0
tremendously_higher,3,3,0
tremendously_fun,3,3,0
tremendously_funny,3,3,0
tremendously_good,3,3,0
morally_troubling,3,2,1
creatively_satisfied,3,3,0
more_theoretical,3,3,0
tremendously_great,3,3,0
uber_successful,3,3,0
tremendously_hard,3,3,0
so_earthy,3,3,0
more_tenable,3,3,0
more_tempted,3,3,0
more_absorbing,3,1,2
more_temperate,3,3,0
directly_wrong,3,1,2
so_dumbfounded,3,3,0
directly_violent,3,2,1
morally_worthy,3,3,0
more_symmetrical,3,2,1
so_dubious,3,3,0
tremendously_innovative,3,2,1
morbidly_interested,3,3,0
criminally_punishable,3,3,0
criminally_underrated,3,3,0
directly_qualified,3,3,0
more_spoiled,3,3,0
so_extra,3,3,0
culturally_inappropriate,3,3,0
tremendously_useful,3,3,0
culturally_familiar,3,3,0
directly_injurious,3,3,0
tremendously_warm,3,3,0
more_shrill,3,3,0
more_shrewd,3,3,0
more_showy,3,2,1
directly_indicative,3,3,0
directly_inconsistent,3,3,0
culturally_ignorant,3,3,0
typically_relevant,3,3,0
more_shadowy,3,3,0
tremendously_unusual,3,3,0
culturally_jewish,3,3,0
directly_guilty,3,3,0
culturally_minded,3,3,0
typically_ready,3,3,0
more_atrocious,3,2,1
culturally_open,3,3,0
more_sentient,3,3,0
more_self-explanatory,3,3,0
more_austere,3,3,0
directly_essential,3,3,0
more_self-critical,3,2,1
tremendously_upset,3,3,0
directly_knowledgeable,3,2,1
more_spicy,3,2,1
more_solitary,3,1,2
directly_privy,3,3,0
directly_prescriptive,3,3,0
more_specious,3,3,0
more_specialized,3,3,0
more_sour,3,3,0
more_sound,3,3,0
directly_physical,3,3,0
more_sordid,3,1,2
more_amiable,3,3,0
directly_parallel,3,3,0
more_soluble,3,3,0
more_analytical,3,2,1
directly_life-threatening,3,3,0
culturally_comfortable,3,3,0
more_sociable,3,3,0
more_anti-social,3,2,1
more_anticipated,3,2,1
directly_meaningful,3,3,0
culturally_dependent,3,3,0
typically_safe,3,3,0
more_apocalyptic,3,1,2
more_apolitical,3,3,0
more_singular,3,3,0
culturally_encompassing,3,3,0
creatively_involved,3,3,0
morally_suitable,3,3,0
creatively_inspiring,3,3,0
conventionally_masculine,3,2,1
morally_comparable,3,3,0
morally_compelling,3,3,0
conventionally_dramatic,3,2,1
morally_concerned,3,3,0
conventionally_good-looking,3,3,0
conventionally_hot,3,3,0
more_verbose,3,3,0
more_verbal,3,3,0
more_venerable,3,2,1
more_various,3,3,0
so_equipped,3,3,0
morally_depraved,3,3,0
morally_black,3,3,0
more_unworthy,3,2,1
more_unwise,3,3,0
more_unwatchable,3,2,1
conventionally_solid,3,3,0
ultimately_right,3,2,1
so_bubbly,3,3,0
morally_ethical,3,3,0
more_unsound,3,3,0
so_enterprising,3,3,0
morally_fair,3,3,0
morally_flawed,3,2,1
morally_clean,3,3,0
so_evangelical,3,3,0
more_timid,3,3,0
ultra_thin,3,3,0
most_amenable,3,3,0
monstrously_large,3,3,0
so_expendable,3,3,0
unambiguously_heroic,3,3,0
so_exorbitant,3,3,0
so_existential,3,3,0
most_afraid,3,3,0
so_bloodless,3,3,0
tragically_flawed,3,3,0
most_adaptable,3,3,0
so_exempt,3,3,0
more_young,3,3,0
morally_attractive,3,3,0
ultra_smooth,3,3,0
more_worst,3,2,1
ultra_religious,3,3,0
more_wistful,3,2,1
more_windy,3,3,0
morally_admirable,3,3,0
tragically_serious,3,3,0
morally_advisable,3,3,0
morally_alive,3,3,0
ultra_expensive,3,3,0
more_weary,3,3,0
convincingly_clear,3,3,0
ultimately_practical,3,3,0
convincingly_human,3,2,1
ultimately_correct,3,3,0
more_unclear,3,3,0
more_uncanny,3,3,0
tremendously_complicated,3,3,0
more_unbalanced,3,3,0
morally_okay,3,3,0
more_unassuming,3,3,0
so_caustic,3,3,0
ultimately_desirable,3,3,0
more_tyrannical,3,2,1
crazily_pigmented,3,3,0
tremendously_easy,3,3,0
so_celebrated,3,3,0
so_enlightening,3,3,0
tremendously_entertaining,3,3,0
more_transcendent,3,1,2
tremendously_exciting,3,3,0
tremendously_familiar,3,3,0
morally_righteous,3,3,0
morally_sane,3,3,0
disgustingly_cute,3,3,0
disgustingly_bad,3,3,0
morally_simple,3,3,0
morally_special,3,2,1
creatively_healthy,3,2,1
disproportionately_high,3,3,0
tremendously_common,3,3,0
ultimately_fatal,3,3,0
so_emblematic,3,3,0
ultimately_persuasive,3,3,0
more_unorthodox,3,2,1
more_unkind,3,2,1
so_english,3,3,0
more_uninterested,3,3,0
more_uninspiring,3,2,1
so_endemic,3,3,0
disproportionately_white,3,3,0
so_campy,3,3,0
tremendously_better,3,3,0
morally_incumbent,3,3,0
more_unforeseen,3,3,0
more_unflattering,3,1,2
more_unfavorable,3,3,0
more_unfashionable,3,2,1
so_empowering,3,1,2
so_empowered,3,3,0
disproportionately_poor,3,3,0
ultimately_harmful,3,3,0
so_emotive,3,2,1
ultimately_happy,3,3,0
morally_mandatory,3,3,0
more_uncool,3,3,0
simply_new,3,3,0
so_regrettable,3,3,0
musically_inspiring,3,3,0
usually_bright,3,3,0
certainly_dead,3,3,0
certainly_debatable,3,3,0
necessarily_partial,3,3,0
necessarily_paranoid,3,3,0
less_grievous,3,3,0
equally_correct,3,3,0
equally_convenient,3,3,0
less_gruesome,3,3,0
seriously_corrupt,3,3,0
necessarily_overjoyed,3,3,0
necessarily_overbearing,3,3,0
usually_brave,3,3,0
usually_characteristic,3,3,0
usually_blue,3,3,0
necessarily_other,3,3,0
certainly_good,3,1,2
necessarily_optional,3,3,0
necessarily_oppressive,3,3,0
less_hateful,3,3,0
less_hawkish,3,3,0
usually_bitter,3,3,0
less_heady,3,3,0
usually_best,3,3,0
equally_competitive,3,3,0
less_grandiose,3,3,0
certainly_correct,3,3,0
necessarily_omnipotent,3,3,0
necessarily_pointless,3,3,0
less_foundational,3,2,1
seriously_afraid,3,3,0
necessarily_pregnant,3,3,0
somehow_demonic,3,3,0
usually_confident,3,3,0
less_frightened,3,3,0
necessarily_portable,3,3,0
less_fruitful,3,2,1
categorically_untrue,3,3,0
equally_diligent,3,3,0
too_poisonous,3,3,0
certainly_bad,3,3,0
equally_damaging,3,3,0
necessarily_plain,3,3,0
necessarily_pious,3,3,0
necessarily_pink,3,3,0
less_gentle,3,2,1
less_genuine,3,3,0
equally_delicious,3,3,0
usually_clean,3,3,0
necessarily_perpendicular,3,3,0
less_glaring,3,3,0
necessarily_pernicious,3,3,0
necessarily_permissible,3,3,0
seriously_delicious,3,3,0
equally_challenging,3,3,0
less_ingenious,3,3,0
necessarily_massive,3,3,0
less_impassioned,3,3,0
necessarily_miserable,3,3,0
equally_american,3,3,0
urgently_necessary,3,3,0
characteristically_different,3,2,1
necessarily_mellow,3,3,0
solidly_blue,3,3,0
less_inappropriate,3,3,0
necessarily_mediocre,3,3,0
upwardly_compatible,3,3,0
up_tight,3,3,0
less_incomprehensible,3,2,1
less_impactful,3,3,0
up_more,3,3,0
less_independent,3,3,0
solely_wholesome,3,3,0
too_programmable,3,3,0
less_individual,3,3,0
up_enough,3,3,0
charmingly_eccentric,3,2,1
up_early,3,3,0
seriously_important,3,3,0
necessarily_lucky,3,3,0
less_inflammatory,3,3,0
seriously_good,3,3,0
necessarily_misogynistic,3,3,0
usually_beneficial,3,3,0
necessarily_non-existent,3,3,0
less_high,3,3,0
less_hilarious,3,3,0
usually_attractive,3,3,0
seriously_dependent,3,3,0
less_honourable,3,3,0
necessarily_oblivious,3,3,0
seriously_destructive,3,3,0
equally_brilliant,3,3,0
seriously_detrimental,3,2,1
equally_best,3,3,0
certainly_questionable,3,3,0
necessarily_nocturnal,3,3,0
characteristically_american,3,3,0
necessarily_nihilistic,3,3,0
seriously_disadvantaged,3,3,0
necessarily_next,3,3,0
too_prickly,3,3,0
equally_attainable,3,3,0
usually_affordable,3,3,0
usually_advantageous,3,3,0
necessarily_needy,3,3,0
usually_adjustable,3,3,0
seriously_endangered,3,3,0
less_idle,3,3,0
less_forthcoming,3,3,0
necessarily_prestigious,3,3,0
less_foreign,3,2,1
necessarily_selective,3,3,0
less_distinctive,3,3,0
less_distressing,3,3,0
necessarily_silent,3,3,0
necessarily_shareable,3,3,0
less_draconian,3,3,0
usually_explicit,3,3,0
broadly_true,3,3,0
usually_expensive,3,3,0
usually_exhaustive,3,3,0
too_open-ended,3,3,0
usually_evil,3,3,0
necessarily_secretive,3,3,0
broadly_inclusive,3,3,0
usually_equal,3,3,0
necessarily_scarce,3,3,0
brutally_expensive,3,3,0
necessarily_savvy,3,3,0
usually_easier,3,3,0
equally_intense,3,3,0
really_presentable,3,3,0
less_embarrassed,3,3,0
necessarily_rough,3,3,0
necessarily_robust,3,3,0
somehow_intentional,3,3,0
less_distinct,3,3,0
seemingly_true,3,3,0
less_foolish,3,3,0
usually_forthright,3,3,0
necessarily_substantial,3,3,0
necessarily_subjective,3,3,0
less_deplorable,3,3,0
necessarily_stuck,3,3,0
equally_patient,3,3,0
usually_genetic,3,3,0
less_detailed,3,3,0
necessarily_steady,3,3,0
necessarily_stagnant,3,3,0
equally_obsessed,3,3,0
seemingly_ready,3,3,0
less_disabled,3,3,0
necessarily_skeptical,3,3,0
necessarily_spanish,3,3,0
somehow_responsible,3,3,0
necessarily_sour,3,3,0
necessarily_soothing,3,3,0
necessarily_smoother,3,3,0
broadly_enough,3,3,0
usually_flammable,3,3,0
broadly_funny,3,3,0
seemingly_significant,3,3,0
necessarily_slick,3,3,0
less_disorienting,3,3,0
less_enamored,3,3,0
necessarily_ridiculous,3,3,0
too_overblown,3,3,0
usually_cost-effective,3,3,0
equally_fond,3,3,0
equally_flexible,3,3,0
necessarily_quieter,3,3,0
usually_damaging,3,3,0
necessarily_quantitative,3,2,1
necessarily_purple,3,3,0
necessarily_punitive,3,3,0
necessarily_psychotic,3,3,0
less_feisty,3,3,0
necessarily_protective,3,3,0
necessarily_proprietary,3,3,0
less_fiery,3,3,0
necessarily_restrictive,3,3,0
necessarily_proficient,3,3,0
catastrophically_wrong,3,2,1
equally_exciting,3,3,0
too_personable,3,3,0
less_flagrant,3,3,0
less_flamboyant,3,3,0
necessarily_pro,3,3,0
less_flavorful,3,3,0
less_flawed,3,3,0
categorically_distinct,3,3,0
necessarily_primary,3,3,0
too_patronizing,3,3,0
self_important,3,3,0
too_past,3,3,0
less_expressive,3,3,0
necessarily_restful,3,3,0
less_enigmatic,3,3,0
brutally_tortured,3,3,0
equally_impossible,3,3,0
equally_human,3,3,0
usually_disastrous,3,3,0
usually_disappointed,3,3,0
equally_horrifying,3,3,0
less_erroneous,3,3,0
equally_high,3,3,0
equally_heinous,3,3,0
less_european,3,3,0
equally_hard,3,3,0
necessarily_relative,3,3,0
necessarily_relatable,3,3,0
necessarily_recyclable,3,3,0
self_confident,3,3,0
usually_derogatory,3,3,0
too_parochial,3,3,0
self_correct,3,3,0
necessarily_recent,3,3,0
necessarily_rebellious,3,3,0
usually_dependent,3,3,0
equally_active,3,3,0
necessarily_low-income,3,3,0
necessarily_suggestive,3,3,0
less_physical,3,2,1
less_passive,3,2,1
necessarily_fixable,3,3,0
entirely_unlikable,3,3,0
necessarily_first,3,3,0
less_permanent,3,2,1
entirely_unjust,3,3,0
less_perplexed,3,3,0
less_persuasive,3,3,0
entirely_unintended,3,3,0
entirely_uninhabited,3,3,0
less_philosophical,3,3,0
less_picturesque,3,3,0
less_paranoid,3,3,0
entirely_unimpressive,3,3,0
clearly_immoral,3,3,0
too_respectable,3,2,1
entirely_unfulfilled,3,3,0
necessarily_fantastic,3,3,0
entirely_unfriendly,3,3,0
severely_lacking,3,3,0
clearly_inappropriate,3,3,0
clearly_incompatible,3,3,0
unreasonably_scared,3,3,0
necessarily_eye-popping,3,3,0
severely_enough,3,3,0
too_resentful,3,3,0
necessarily_extensive,3,3,0
severely_basic,3,3,0
necessarily_gorgeous,3,3,0
less_objective,3,3,0
severely_affected,3,3,0
entirely_unresponsive,3,3,0
necessarily_golden,3,3,0
necessarily_godly,3,3,0
necessarily_gluten-free,3,3,0
severely_allergic,3,3,0
less_obsessed,3,3,0
clearly_correct,3,2,1
necessarily_global,3,3,0
necessarily_gentle,3,3,0
clearly_excessive,3,3,0
entirely_unqualified,3,3,0
necessarily_futuristic,3,3,0
severely_critical,3,3,0
less_opaque,3,3,0
less_open,3,3,0
clearly_detectable,3,3,0
severely_damaging,3,3,0
necessarily_frustrated,3,3,0
necessarily_frequent,3,3,0
necessarily_french,3,3,0
solely_local,3,3,0
less_poor,3,2,1
less_positive,3,3,0
equally_abhorrent,3,3,0
clearly_partisan,3,3,0
too_right-wing,3,3,0
less_rabid,3,3,0
necessarily_empirical,3,3,0
entirely_tranquil,3,3,0
unreasonably_hard,3,3,0
necessarily_embarrassing,3,3,0
necessarily_electric,3,3,0
entirely_tight,3,3,0
less_ready,3,2,1
less_reassuring,3,2,1
less_receptive,3,3,0
necessarily_ecological,3,3,0
too_right,3,3,0
less_red,3,3,0
solely_genetic,3,3,0
less_relatable,3,3,0
unreasonably_discriminatory,3,3,0
necessarily_drinkable,3,3,0
entirely_tasteless,3,3,0
clearly_protective,3,3,0
less_reliant,3,3,0
unreasonably_concerned,3,3,0
entirely_synthetic,3,3,0
clearly_ready,3,3,0
less_questionable,3,2,1
necessarily_enlightening,3,3,0
less_possible,3,2,1
solely_ideological,3,3,0
entirely_unforgivable,3,3,0
less_pragmatic,3,3,0
entirely_unexplained,3,3,0
solely_important,3,3,0
less_prejudicial,3,3,0
clearly_intentional,3,3,0
clearly_interested,3,3,0
entirely_undetectable,3,3,0
less_pressing,3,3,0
entirely_unconvincing,3,3,0
less_pricey,3,3,0
less_primitive,3,3,0
necessarily_enormous,3,3,0
entirely_uncomplicated,3,3,0
less_probable,3,3,0
entirely_uncalled,3,3,0
too_reverent,3,3,0
necessarily_epic,3,3,0
severely_restrictive,3,3,0
less_prompt,3,2,1
severely_retarded,3,3,0
necessarily_enticing,3,3,0
solely_helpful,3,3,0
solely_healthy,3,3,0
necessarily_gothic,3,3,0
clearly_contrary,3,3,0
entirely_unscientific,3,3,0
necessarily_insulting,3,3,0
necessarily_israeli,3,3,0
solely_sure,3,3,0
seriously_misleading,3,3,0
necessarily_ironic,3,3,0
less_joyous,3,3,0
necessarily_invulnerable,3,3,0
too_racist,3,3,0
environmentally_green,3,3,0
unusually_prone,3,3,0
seriously_new,3,1,2
too_radioactive,3,3,0
environmentally_detrimental,3,3,0
necessarily_jealous,3,3,0
environmentally_desirable,3,3,0
necessarily_inseparable,3,3,0
necessarily_insensitive,3,3,0
solely_simpler,3,3,0
necessarily_inert,3,3,0
necessarily_inefficient,3,3,0
less_lucky,3,3,0
less_lucrative,3,3,0
necessarily_individual,3,3,0
necessarily_indifferent,3,3,0
too_reactionary,3,3,0
environmentally_minded,3,3,0
chemically_versatile,3,3,0
necessarily_graphic,3,3,0
chemically_recyclable,3,3,0
less_innocent,3,3,0
solely_unique,3,3,0
less_insane,3,2,1
too_prophetic,3,3,0
epically_bad,3,2,1
necessarily_literate,3,3,0
necessarily_liquid,3,3,0
necessarily_limited,3,3,0
necessarily_life-changing,3,3,0
chemically_possible,3,3,0
necessarily_legit,3,3,0
necessarily_leftist,3,3,0
necessarily_joyful,3,3,0
solely_traditional,3,3,0
necessarily_lavish,3,3,0
environmentally_prudent,3,3,0
necessarily_latino,3,3,0
chemically_resistant,3,3,0
necessarily_kinder,3,3,0
unusually_slow,3,3,0
necessarily_kid-friendly,3,3,0
environmentally_persistent,3,2,1
less_irrational,3,3,0
less_irritable,3,3,0
seriously_rich,3,3,0
classically_conservative,3,3,0
necessarily_incomplete,3,3,0
unusually_complex,3,3,0
seriously_troubling,3,3,0
necessarily_homogeneous,3,3,0
less_murky,3,3,0
clearly_applicable,3,3,0
less_mute,3,0,3
too_relatable,3,2,1
entirely_uplifting,3,3,0
necessarily_hip,3,3,0
less_narrow,3,3,0
entirely_unused,3,3,0
clearly_attributable,3,3,0
clearly_available,3,3,0
entirely_worthwhile,3,3,0
seriously_underway,3,3,0
less_nerve-racking,3,3,0
necessarily_hardcore,3,3,0
clearly_capable,3,3,0
less_nice,3,3,0
less_nimble,3,3,0
necessarily_gross,3,3,0
clearly_comprehensible,3,3,0
less_noteworthy,3,3,0
necessarily_grim,3,3,0
clearly_conscious,3,3,0
less_motivating,3,1,2
unusually_cruel,3,3,0
unusually_dangerous,3,3,0
unusually_difficult,3,2,1
too_rebellious,3,3,0
unusually_hot,3,3,0
less_malleable,3,2,1
less_masculine,3,3,0
less_materialistic,3,3,0
seriously_serious,3,2,1
entirely_wide,3,3,0
necessarily_implausible,3,3,0
necessarily_impervious,3,3,0
entirely_weak,3,3,0
entirely_vulnerable,3,3,0
less_merciful,3,3,0
necessarily_impenetrable,3,3,0
necessarily_immature,3,3,0
entirely_visual,3,3,0
unusually_generous,3,3,0
necessarily_illicit,3,3,0
necessarily_ignorant,3,3,0
unusually_fast,3,3,0
clearly_able,3,3,0
too_regimented,3,1,2
necessarily_hotter,3,3,0
less_monstrous,3,3,0
brilliantly_intelligent,3,3,0
usually_guilty,3,3,0
necessarily_divisive,3,3,0
especially_dear,3,3,0
usually_surprised,3,3,0
usually_supportive,3,3,0
lawfully_capable,3,3,0
somewhat_heavy,3,3,0
not_athletic,3,3,0
lawfully_resident,3,3,0
ridiculously_talented,3,3,0
least_able,3,3,0
not_armed,3,3,0
not_anti-gay,3,3,0
ridiculously_unfair,3,3,0
not_accustomed,3,3,0
ridiculously_steep,3,3,0
especially_cynical,3,3,0
usually_spectacular,3,3,0
blindly_critical,3,3,0
least_worried,3,3,0
especially_cute,3,3,0
especially_curious,3,3,0
too_left-wing,3,3,0
normally_true,3,3,0
legally_amiss,3,0,3
especially_crisp,3,3,0
somewhat_embarrassing,3,3,0
not_biblical,3,3,0
not_bitter,3,3,0
especially_creamy,3,3,0
not_conscious,3,3,0
ridiculously_painful,3,3,0
not_crowded,3,3,0
somewhat_meaningless,3,3,0
usually_uncomfortable,3,3,0
not_corrupt,3,3,0
somewhat_limited,3,3,0
ridiculously_powerful,3,3,0
especially_detrimental,3,3,0
usually_transparent,3,3,0
somewhat_larger,3,3,0
not_consensual,3,3,0
largely_unregulated,3,3,0
somewhat_humorous,3,3,0
not_compulsory,3,3,0
not_comprehensive,3,3,0
somewhat_involved,3,3,0
not_comparable,3,3,0
somewhat_interested,3,3,0
not_cognizant,3,3,0
not_christian,3,3,0
blatantly_unethical,3,3,0
not_bold,3,2,1
not_blue,3,3,0
somewhat_hypocritical,3,3,0
normally_sufficient,3,3,0
normally_strong,3,3,0
usually_red,3,3,0
especially_charitable,3,3,0
legally_incorrect,3,3,0
legally_indian,3,3,0
normally_keen,3,3,0
usually_sad,3,3,0
usually_rude,3,3,0
normally_happy,3,3,0
legally_maintainable,3,3,0
legally_objectionable,3,2,1
especially_chinese,3,2,1
roughly_equivalent,3,3,0
bone_dry,3,2,1
too_loopy,3,2,1
legally_improper,3,2,1
normally_effective,3,3,0
legally_plausible,3,3,0
normally_dry,3,3,0
roughly_proportional,3,3,0
legally_precise,3,3,0
normally_detectable,3,3,0
legally_proper,3,3,0
normally_conscious,3,3,0
especially_candid,3,3,0
legally_ready,3,3,0
legally_recognizable,3,3,0
normally_liable,3,3,0
rigorously_correct,3,3,0
right_more,3,3,0
blindly_patriotic,3,3,0
somewhat_dull,3,3,0
especially_corrupt,3,3,0
somewhat_dubious,3,3,0
somewhat_dry,3,2,1
somewhat_disturbing,3,3,0
right_ok,3,3,0
legally_credible,3,3,0
legally_criminal,3,3,0
too_lethal,3,1,2
right_sure,3,3,0
normally_responsive,3,3,0
legally_distinct,3,3,0
legally_impaired,3,3,0
somewhat_disappointed,3,3,0
normally_reachable,3,3,0
especially_conscious,3,3,0
usually_sharp,3,3,0
normally_problematic,3,3,0
blindly_supportive,3,3,0
normally_pink,3,3,0
normally_permissible,3,3,0
legally_flawed,3,3,0
normally_magnetic,3,3,0
somewhat_cynical,3,3,0
somewhat_misleading,3,3,0
not_dear,3,3,0
blatantly_noticeable,3,3,0
kinda_hot,3,3,0
reportedly_life-threatening,3,3,0
not_legitimate,3,3,0
somewhat_true,3,3,0
kinda_cute,3,3,0
reportedly_ready,3,3,0
kinda_dumb,3,3,0
reportedly_willing,3,3,0
kinda_fun,3,3,0
not_japanese,3,3,0
somewhat_suspicious,3,3,0
resoundingly_positive,3,3,0
not_intelligent,3,3,0
not_light,3,3,0
not_instant,3,3,0
not_innocent,3,3,0
kinda_new,3,3,0
not_indifferent,3,3,0
especially_economical,3,3,0
somewhat_startling,3,3,0
not_incredible,3,3,0
not_inconsistent,3,2,1
not_inappropriate,3,3,0
somewhat_slow,3,3,0
utterly_bereft,3,3,0
not_liable,3,3,0
kinda_busy,3,3,0
ridiculously_loud,3,2,1
especially_endearing,3,3,0
especially_eventful,3,3,0
not_outraged,3,3,0
remotely_universal,3,3,0
just_worst,3,3,0
not_optimistic,3,3,0
especially_engaging,3,3,0
just_zero,3,3,0
justifiably_angry,3,3,0
utterly_corrupt,3,3,0
justifiably_proud,3,3,0
not_neutral,3,3,0
especially_encouraging,3,3,0
not_likable,3,3,0
somewhat_vague,3,3,0
too_japanese,3,3,0
bit_funny,3,3,0
somewhat_unusual,3,3,0
not_meaningless,3,3,0
utterly_charming,3,3,0
kind_hearted,3,3,0
not_lovely,3,3,0
bit_surprising,3,3,0
kinda_bad,3,3,0
utterly_captivating,3,2,1
utterly_beholden,3,3,0
utterly_baseless,3,3,0
not_hypocritical,3,3,0
somewhat_painful,3,3,0
somewhat_political,3,3,0
blatantly_dishonest,3,3,0
not_fascinating,3,3,0
not_factual,3,3,0
ridiculously_cute,3,3,0
not_exempt,3,3,0
blatantly_fake,3,3,0
not_excellent,3,3,0
usually_viable,3,3,0
ridiculously_entertaining,3,3,0
largely_ignorant,3,3,0
not_english,3,3,0
not_humane,3,3,0
blatantly_homophobic,3,3,0
not_embarrassing,3,3,0
not_embarrassed,3,3,0
ridiculously_handsome,3,3,0
ridiculously_happy,3,3,0
not_eager,3,3,0
not_drunk,3,3,0
blatantly_irregular,3,3,0
somewhat_odd,3,3,0
largely_popular,3,3,0
ridiculously_light,3,3,0
not_fearful,3,3,0
especially_dishonest,3,3,0
not_fit,3,3,0
somewhat_pricey,3,3,0
kinda_true,3,3,0
not_hostile,3,3,0
richly_rewarding,3,3,0
not_homeless,3,3,0
kinda_wrong,3,3,0
ridiculously_amazing,3,3,0
knowingly_aware,3,3,0
ridiculously_bad,3,3,0
ridiculously_beautiful,3,3,0
ridiculously_boring,3,3,0
not_greater,3,3,0
somewhat_reminiscent,3,3,0
ridiculously_busy,3,3,0
not_glamorous,3,3,0
somewhat_related,3,3,0
not_germane,3,3,0
not_functional,3,3,0
usually_worthy,3,3,0
blatantly_christian,3,1,2
not_fragile,3,3,0
especially_dominant,3,2,1
not_fluent,3,3,0
not_flat,3,3,0
normally_concerned,3,3,0
usually_recyclable,3,3,0
too_nude,3,3,0
equally_stunning,3,3,0
necessarily_unnatural,3,3,0
less_close,3,2,1
usually_long-lasting,3,3,0
sometimes_correct,3,3,0
necessarily_unlucky,3,3,0
less_coercive,3,3,0
necessarily_uninteresting,3,3,0
seemingly_amiss,3,1,2
necessarily_uninhabited,3,3,0
less_combative,3,3,0
both_wrong,3,3,0
too_mournful,3,3,0
necessarily_unpopular,3,3,0
too_muddled,3,3,0
sometimes_bad,3,3,0
less_comparable,3,3,0
less_compassionate,3,3,0
necessarily_unfavorable,3,3,0
too_musical,3,3,0
necessarily_unemployed,3,3,0
equally_skeptical,3,3,0
too_myopic,3,3,0
necessarily_unconnected,3,3,0
brand_friendly,3,3,0
too_most,3,3,0
equally_suspect,3,3,0
necessarily_unattainable,3,3,0
less_caustic,3,3,0
necessarily_villainous,3,3,0
equally_unfair,3,3,0
necessarily_verbatim,3,3,0
both_straight,3,3,0
equally_trustworthy,3,3,0
both_successful,3,3,0
necessarily_urban,3,3,0
necessarily_upsetting,3,3,0
equally_transparent,3,3,0
equally_toxic,3,3,0
necessarily_unworthy,3,3,0
secretly_pleased,3,3,0
necessarily_unpredictable,3,3,0
necessarily_unwanted,3,3,0
necessarily_untrustworthy,3,3,0
necessarily_untouchable,3,3,0
too_moody,3,3,0
less_charismatic,3,3,0
less_charitable,3,3,0
less_childish,3,3,0
usually_lucky,3,3,0
less_cinematic,3,2,1
less_civil,3,3,0
less_civilized,3,3,0
equally_severe,3,3,0
necessarily_unambiguous,3,3,0
legally_reprehensible,3,3,0
seemingly_interested,3,3,0
equally_reasonable,3,3,0
necessarily_thrifty,3,3,0
equally_real,3,3,0
necessarily_thorough,3,3,0
necessarily_thick,3,3,0
too_nightmarish,3,2,1
seemingly_insurmountable,3,2,1
necessarily_tame,3,3,0
brightly_lit,3,3,0
necessarily_talented,3,3,0
equally_problematic,3,3,0
necessarily_taboo,3,3,0
necessarily_timely,3,3,0
necessarily_symbolic,3,3,0
necessarily_swift,3,3,0
less_deceptive,3,3,0
usually_healthy,3,3,0
equally_precious,3,3,0
equally_practical,3,3,0
necessarily_suspect,3,3,0
too_novel,3,0,3
brilliantly_funny,3,3,0
necessarily_sunny,3,3,0
equally_plausible,3,3,0
necessarily_tighter,3,3,0
equally_representative,3,3,0
equally_secure,3,3,0
less_cooperative,3,3,0
necessarily_unaffordable,3,3,0
less_considerate,3,2,1
less_contemptible,3,3,0
less_contemptuous,3,3,0
usually_inherent,3,3,0
necessarily_troubling,3,3,0
usually_inexpensive,3,3,0
necessarily_tricky,3,3,0
breathtakingly_arrogant,3,3,0
necessarily_transformative,3,3,0
too_nefarious,3,1,2
necessarily_transactional,3,3,0
equally_resilient,3,3,0
less_corrosive,3,3,0
necessarily_trained,3,3,0
usually_incorrect,3,2,1
somehow_wrong,3,3,0
usually_impossible,3,3,0
too_nerve-racking,3,3,0
too_nerve-wracking,3,3,0
somehow_worse,3,3,0
necessarily_totalitarian,3,3,0
usually_immediate,3,3,0
necessarily_tiny,3,3,0
necessarily_visual,3,3,0
necessarily_vulgar,3,3,0
less_bombastic,3,3,0
too_male,3,3,0
no_easier,3,3,0
especially_authentic,3,3,0
both_consistent,3,3,0
nicely_detailed,3,3,0
legitimately_open,3,3,0
newly_unemployed,3,3,0
sometimes_useful,3,3,0
newly_eligible,3,3,0
newly_available,3,3,0
legitimately_subject,3,2,1
usually_preferable,3,3,0
less_abusive,3,2,1
no_older,3,3,0
especially_artistic,3,3,0
scientifically_intriguing,3,2,1
usually_political,3,3,0
never_sad,3,3,0
scientifically_justified,3,3,0
never_ready,3,3,0
scientifically_meaningful,3,3,0
especially_appropriate,3,3,0
never_old,3,3,0
especially_appetizing,3,3,0
less_advanced,3,3,0
no_farther,3,3,0
no_safer,3,3,0
necessarily_wary,3,3,0
normally_achievable,3,3,0
normally_cheap,3,3,0
normally_celebrated,3,3,0
normally_busy,3,2,1
routinely_high,3,3,0
normally_black,3,3,0
normally_bad,3,3,0
normally_awake,3,3,0
especially_breathtaking,3,2,1
normally_applicable,3,3,0
normally_admissible,3,3,0
normally_adjustable,3,3,0
legally_true,3,3,0
no_telling,3,3,0
usually_racist,3,3,0
usually_quiet,3,3,0
normally_abundant,3,3,0
nonetheless_transparent,3,3,0
nonetheless_obtainable,3,3,0
legally_unsound,3,3,0
sadly_ironic,3,3,0
especially_better,3,3,0
sadly_mistaken,3,3,0
safely_possible,3,3,0
somewhat_amusing,3,3,0
less_affluent,3,3,0
both_healthy,3,3,0
never_lonely,3,3,0
less_beloved,3,2,1
less_audacious,3,3,0
equally_wide,3,3,0
less_available,3,1,2
needlessly_antagonistic,3,3,0
less_awful,3,3,0
too_metaphorical,3,3,0
usually_optimistic,3,3,0
both_necessary,3,3,0
usually_online,3,3,0
usually_observable,3,3,0
equally_violent,3,3,0
less_best,3,2,1
scientifically_realistic,3,3,0
usually_notable,3,3,0
less_bewildering,3,3,0
usually_nostalgic,3,3,0
necessarily_western,3,3,0
less_binding,3,3,0
equally_urgent,3,3,0
less_blatant,3,3,0
both_responsible,3,3,0
too_military,3,3,0
less_blue,3,3,0
necessarily_wasteful,3,3,0
seasonally_inappropriate,3,3,0
less_attentive,3,3,0
less_atrocious,3,3,0
less_astounding,3,3,0
both_higher,3,3,0
less_amazed,3,2,1
less_ambiguous,3,3,0
less_amenable,3,3,0
less_ample,3,3,0
less_ancient,3,3,0
both_important,3,3,0
sometimes_possible,3,3,0
never_disappointed,3,3,0
never_complete,3,3,0
scientifically_sure,3,3,0
never_clear,3,3,0
too_mean-spirited,3,3,0
never_busy,3,3,0
scientifically_unfounded,3,3,0
less_approachable,3,2,1
usually_overweight,3,3,0
neither_able,3,3,0
needlessly_wordy,3,3,0
scrupulously_careful,3,3,0
needlessly_provocative,3,3,0
sometimes_more,3,3,0
equally_worthwhile,3,3,0
clearly_recognisable,3,3,0
less_repugnant,3,3,0
totally_compelling,3,3,0
completely_comforting,3,3,0
entirely_captive,3,3,0
too_unnatural,3,3,0
universally_clear,3,3,0
nakedly_apparent,3,3,0
n't_young,3,3,0
longer_human,3,3,0
n't_wrong,3,3,0
entirely_brown,3,3,0
longer_impartial,3,3,0
entirely_brilliant,3,3,0
too_unpalatable,3,3,0
completely_commonplace,3,3,0
entirely_careful,3,3,0
completely_competent,3,3,0
longer_invincible,3,3,0
entirely_bloodless,3,3,0
so_tenable,3,3,0
completely_complacent,3,3,0
entirely_bland,3,3,0
longer_legal,3,3,0
entirely_bitter,3,3,0
longer_little,3,3,0
n't_upset,3,3,0
entirely_biological,3,3,0
simply_defensive,3,3,0
narrowly_economic,3,3,0
longer_mandatory,3,3,0
completely_charming,3,3,0
naturally_academic,3,3,0
entirely_complacent,3,3,0
completely_carefree,3,3,0
completely_careful,3,3,0
entirely_commendable,3,3,0
simply_conservative,3,3,0
completely_catastrophic,3,2,1
entirely_cold,3,3,0
longer_efficient,3,3,0
entirely_cognizant,3,3,0
too_unimaginable,3,2,1
so_tolerable,3,3,0
too_unmanageable,3,2,1
longer_extant,3,3,0
entirely_chinese,3,3,0
narrowly_partisan,3,3,0
simply_current,3,3,0
entirely_charitable,3,3,0
entirely_challenging,3,3,0
simply_cute,3,3,0
entirely_central,3,3,0
entirely_celebratory,3,3,0
completely_chinese,3,3,0
entirely_catastrophic,3,3,0
simply_dismissive,3,3,0
too_unreliable,3,3,0
completely_delicious,3,3,0
simply_enormous,3,3,0
entirely_anachronistic,3,3,0
longer_regarded,3,3,0
longer_reliable,3,3,0
longer_representative,3,3,0
completely_decisive,3,3,0
n't_sensible,3,3,0
simply_enjoyable,3,3,0
entirely_allergic,3,3,0
too_uplifting,3,3,0
n't_scared,3,3,0
entirely_airtight,3,3,0
completely_defective,3,3,0
longer_raw,3,3,0
too_upright,3,3,0
entirely_african,3,3,0
simply_enthusiastic,3,3,0
longer_satisfied,3,3,0
so_succulent,3,3,0
entirely_afraid,3,3,0
n't_sad,3,3,0
entirely_affectionate,3,2,1
so_substantive,3,2,1
entirely_adept,3,3,0
entirely_active,3,3,0
so_supple,3,3,0
simply_effective,3,3,0
longer_much,3,3,0
longer_open,3,2,1
so_tangy,3,3,0
universally_awful,3,3,0
so_tangential,3,3,0
too_unsafe,3,3,0
entirely_balanced,3,3,0
completely_content,3,2,1
n't_tired,3,3,0
completely_continuous,3,3,0
n't_thrilled,3,3,0
entirely_awesome,3,3,0
n't_thankful,3,3,0
entirely_attentive,3,3,0
completely_crispy,3,3,0
completely_conventional,3,3,0
n't_sweet,3,2,1
longer_perfect,3,3,0
entirely_asian,3,3,0
completely_counterproductive,3,3,0
entirely_apropos,3,3,0
n't_strange,3,3,0
n't_straight,3,3,0
entirely_apologetic,3,3,0
n't_spectacular,3,3,0
entirely_antagonistic,3,3,0
entirely_compliant,3,3,0
so_transferable,3,3,0
simply_confused,3,3,0
naturally_homosexual,3,3,0
naturally_impossible,3,3,0
entirely_downbeat,3,3,0
simply_applicable,3,3,0
too_traumatizing,3,3,0
so_unfunny,3,2,1
entirely_domestic,3,3,0
so_unfounded,3,3,0
simply_appropriate,3,3,0
so_unforgettable,3,3,0
simply_arrogant,3,3,0
naturally_hostile,3,3,0
naturally_high,3,3,0
simply_anti-israel,3,3,0
so_unfettered,3,3,0
long_dry,3,3,0
so_unfavorable,3,3,0
entirely_distracting,3,2,1
completely_attractive,3,3,0
entirely_distinctive,3,3,0
naturally_green,3,3,0
completely_atypical,3,3,0
naturally_grateful,3,3,0
entirely_dismal,3,3,0
naturally_graceful,3,3,0
completely_apt,3,3,0
so_unhinged,3,3,0
naturally_acrobatic,3,3,0
simply_agile,3,3,0
so_unnerved,3,3,0
entirely_erect,3,3,0
so_unmistakable,3,2,1
simply_admirable,3,3,0
entirely_equitable,3,3,0
naturally_obedient,3,3,0
entirely_enthused,3,3,0
too_time-consuming,3,3,0
universally_friendly,3,3,0
naturally_nasty,3,3,0
logically_sound,3,3,0
universally_fatal,3,3,0
entirely_dull,3,3,0
entirely_enamoured,3,3,0
too_topical,3,2,1
logistically_able,3,3,0
logistically_challenging,3,2,1
logistically_complicated,3,3,0
logistically_convenient,3,3,0
naturally_likely,3,3,0
so_uninhibited,3,3,0
completely_apolitical,3,3,0
naturally_large,3,3,0
naturally_jealous,3,3,0
so_uneducated,3,3,0
universally_easy,3,3,0
naturally_friendly,3,3,0
entirely_cosmetic,3,3,0
naturally_brilliant,3,3,0
longer_certain,3,3,0
naturally_biodegradable,3,3,0
simply_clear,3,3,0
simply_close,3,3,0
longer_comfortable,3,3,0
too_understated,3,2,1
completely_british,3,3,0
simply_comfortable,3,2,1
simply_comfy,3,3,0
longer_concerned,3,3,0
simply_common,3,3,0
so_undervalued,3,3,0
longer_conscious,3,3,0
too_unequal,3,3,0
entirely_conversant,3,3,0
entirely_contrary,3,3,0
simply_compatible,3,3,0
entirely_constitutional,3,3,0
entirely_constant,3,2,1
longer_current,3,3,0
too_unfavorable,3,3,0
entirely_concrete,3,3,0
entirely_conciliatory,3,3,0
so_unaffected,3,3,0
entirely_crisp,3,3,0
naturally_capable,3,3,0
so_unassuming,3,3,0
entirely_digestible,3,3,0
naturally_fat,3,3,0
naturally_fast,3,3,0
so_undecided,3,3,0
entirely_deterministic,3,3,0
so_unconstitutional,3,3,0
naturally_empathetic,3,3,0
simply_binary,3,3,0
simply_biological,3,3,0
naturally_dirty,3,3,0
naturally_destructive,3,3,0
entirely_defensible,3,3,0
simply_brilliant,3,3,0
longer_affordable,3,3,0
naturally_cruel,3,3,0
longer_angry,3,3,0
simply_busy,3,3,0
entirely_damning,3,3,0
so_unbreakable,3,3,0
too_uncharacteristic,3,3,0
universally_desirable,3,3,0
naturally_competitive,3,3,0
longer_beautiful,3,3,0
entirely_absolute,3,3,0
longer_sleepy,3,3,0
naturally_optimistic,3,3,0
simply_instrumental,3,3,0
enough_brave,3,3,0
totally_automatic,3,3,0
enough_black,3,3,0
n't_creepy,3,3,0
so_secluded,3,3,0
enough_awesome,3,3,0
majorly_different,3,1,2
simply_inexpensive,3,3,0
enough_attractive,3,3,0
n't_correct,3,3,0
so_scholarly,3,3,0
completely_forbidden,3,3,0
majorly_bad,3,0,3
completely_foreseeable,3,3,0
completely_forgettable,3,3,0
enormously_useful,3,3,0
completely_forgiving,3,3,0
totally_barren,3,3,0
completely_formulaic,3,3,0
n't_challenging,3,3,0
manifestly_absurd,3,3,0
so_sanitary,3,3,0
n't_careful,3,3,0
completely_frightened,3,3,0
uniquely_offensive,3,2,1
completely_fatigued,3,3,0
simply_irresponsible,3,3,0
so_serendipitous,3,3,0
n't_feasible,3,3,0
completely_entertaining,3,3,0
completely_equitable,3,3,0
so_shit,3,3,0
n't_expensive,3,3,0
completely_european,3,3,0
n't_essential,3,3,0
enough_critical,3,3,0
mainly_due,3,2,1
enough_crazy,3,3,0
totally_appealing,3,2,1
enough_consistent,3,3,0
enough_capable,3,3,0
simply_incapable,3,3,0
mainly_political,3,3,0
enough_cold,3,3,0
so_self-reliant,3,3,0
n't_disappointed,3,3,0
so_self-explanatory,3,3,0
so_self-destructive,3,3,0
simply_indifferent,3,3,0
simply_individual,3,3,0
n't_dependent,3,3,0
completely_fantastic,3,3,0
manifestly_clear,3,3,0
enormously_powerful,3,3,0
so_subdued,3,3,0
enjoyably_bad,3,3,0
simply_male,3,3,0
mutually_independent,3,3,0
mutually_inconsistent,3,2,1
uniquely_israeli,3,3,0
enormously_better,3,3,0
uniquely_irish,3,2,1
mutually_enjoyable,3,3,0
mutually_comparable,3,3,0
completely_hilarious,3,3,0
markedly_inferior,3,3,0
markedly_lower,3,3,0
totally_close,3,3,0
simply_magical,3,3,0
musically_sophisticated,3,3,0
totally_cognizant,3,3,0
so_reserved,3,3,0
totally_cohesive,3,3,0
musically_relevant,3,3,0
simply_moderate,3,3,0
simply_modern,3,3,0
musically_proficient,3,3,0
so_repeatable,3,3,0
markedly_worse,3,3,0
so_renowned,3,3,0
so_revered,3,3,0
simply_magic,3,3,0
manifestly_erroneous,3,3,0
totally_broken,3,3,0
so_run,3,3,0
enormously_interested,3,3,0
manifestly_unfair,3,3,0
manifestly_unjust,3,3,0
enormously_impressed,3,3,0
n't_angry,3,3,0
enormously_higher,3,3,0
so_rowdy,3,3,0
completely_goofy,3,3,0
simply_liberal,3,3,0
totally_brilliant,3,3,0
enormously_entertaining,3,3,0
so_rhetorical,3,3,0
totally_bulletproof,3,3,0
n't_accustomed,3,3,0
marginally_different,3,2,1
totally_capable,3,3,0
simply_literal,3,3,0
completely_greedy,3,3,0
completely_gross,3,3,0
marginally_profitable,3,3,0
enormously_complex,3,3,0
simply_logical,3,3,0
mutually_respectful,3,3,0
magically_talented,3,3,0
totally_annoyed,3,3,0
n't_fine,3,3,0
simply_fearful,3,3,0
too_vociferous,3,2,1
too_voluminous,3,2,1
so_stodgy,3,3,0
n't_permanent,3,3,0
completely_direct,3,3,0
n't_painful,3,3,0
simply_faster,3,3,0
too_warped,3,3,0
n't_outstanding,3,2,1
simply_fat,3,3,0
so_stilted,3,3,0
completely_discernible,3,3,0
n't_polite,3,3,0
too_western,3,3,0
too_whiny,3,3,0
simply_flawed,3,3,0
enough_ready,3,3,0
simply_foolish,3,3,0
enough_quiet,3,3,0
n't_newsworthy,3,3,0
too_wishful,3,3,0
low_fat,3,2,1
too_worldly,3,3,0
enough_prepared,3,3,0
completely_diligent,3,3,0
completely_difficult,3,3,0
n't_flexible,3,3,0
longer_surprising,3,3,0
n't_remarkable,3,3,0
n't_religious,3,3,0
too_useless,3,2,1
too_utilitarian,3,3,0
n't_reliable,3,3,0
completely_deluded,3,3,0
completely_democratic,3,3,0
enough_white,3,3,0
longer_stuck,3,3,0
longer_sufficient,3,3,0
longer_surprised,3,3,0
too_veiled,3,3,0
longer_unknown,3,3,0
completely_dependant,3,3,0
too_verbal,3,3,0
too_vexing,3,1,2
longer_terrifying,3,3,0
longer_tolerable,3,3,0
simply_extreme,3,3,0
completely_desperate,3,3,0
enough_tight,3,3,0
uniquely_violent,3,3,0
uniquely_valuable,3,3,0
longer_unique,3,3,0
too_worrying,3,3,0
enough_practical,3,3,0
enough_powerful,3,3,0
enough_fun,3,3,0
enough_hot,3,3,0
completely_dreadful,3,3,0
enough_higher,3,3,0
uniquely_smart,3,3,0
n't_hot,3,3,0
so_slimy,3,3,0
n't_honest,3,3,0
n't_high,3,3,0
n't_heroic,3,3,0
totally_alert,3,3,0
so_sleazy,3,3,0
enough_fresh,3,3,0
enough_popular,3,3,0
enough_free,3,3,0
n't_handy,3,3,0
magically_delicious,3,3,0
magically_free,3,3,0
so_sizable,3,2,1
n't_glad,3,3,0
completely_enamored,3,3,0
simply_humanitarian,3,3,0
completely_enforceable,3,3,0
totally_amicable,3,3,0
so_silky,3,3,0
totally_advisable,3,3,0
enough_important,3,3,0
enough_informed,3,3,0
totally_achievable,3,3,0
completely_disinterested,3,3,0
so_spoilt,3,3,0
n't_more,3,3,0
too_wrinkled,3,2,1
enough_ok,3,3,0
simply_frivolous,3,3,0
luxuriously_creamy,3,3,0
so_spirited,3,3,0
n't_meaningful,3,3,0
completely_disorienting,3,3,0
completely_dispassionate,3,3,0
n't_mad,3,3,0
n't_loyal,3,3,0
so_sparse,3,3,0
enough_many,3,3,0
completely_distinctive,3,3,0
enough_loving,3,3,0
enough_local,3,3,0
totally_abysmal,3,3,0
simply_greedy,3,3,0
n't_kind,3,3,0
n't_jewish,3,3,0
n't_intriguing,3,3,0
naturally_open,3,3,0
naturally_orange,3,3,0
entirely_superficial,3,3,0
necessarily_basic,3,3,0
necessarily_bold,3,3,0
necessarily_bogus,3,3,0
solely_altruistic,3,3,0
necessarily_blatant,3,3,0
necessarily_blameless,3,3,0
less_unfortunate,3,3,0
unnecessarily_noisy,3,3,0
necessarily_biodegradable,3,3,0
less_universal,3,3,0
necessarily_bilingual,3,3,0
less_unmistakable,3,3,0
entirely_portable,3,3,0
entirely_pristine,3,3,0
necessarily_bankable,3,3,0
necessarily_avoidable,3,3,0
collectively_interested,3,3,0
necessarily_autonomous,3,3,0
entirely_plain,3,3,0
necessarily_audible,3,3,0
necessarily_athletic,3,3,0
entirely_phony,3,3,0
necessarily_arrogant,3,3,0
less_versatile,3,3,0
necessarily_anxious,3,3,0
necessarily_bothersome,3,3,0
entirely_privy,3,3,0
entirely_overt,3,3,0
less_timely,3,3,0
entirely_regretful,3,3,0
necessarily_charismatic,3,3,0
entirely_reckless,3,3,0
unnecessarily_rough,3,3,0
less_thankful,3,2,1
less_theatrical,3,3,0
unnecessarily_restrictive,3,3,0
necessarily_cautious,3,3,0
entirely_readable,3,3,0
too_shrewd,3,3,0
necessarily_cathartic,3,3,0
less_tiresome,3,3,0
too_sizable,3,3,0
less_titillating,3,2,1
less_tolerable,3,3,0
sexually_passionate,3,3,0
necessarily_careful,3,3,0
necessarily_burdensome,3,3,0
cognitively_possible,3,3,0
sexually_pleasing,3,3,0
less_troubled,3,3,0
entirely_profitable,3,3,0
entirely_proficient,3,3,0
solely_architectural,3,3,0
too_smitten,3,2,1
socially_unstable,3,0,3
commercially_motivated,3,3,0
commercially_beneficial,3,3,0
sharply_critical,3,3,0
too_sordid,3,1,2
sharply_different,3,3,0
sharply_focused,3,3,0
likely_better,3,3,0
likely_big,3,3,0
nearly_vast,3,3,0
likely_certain,3,3,0
entirely_naturalistic,3,3,0
nearly_ubiquitous,3,3,0
socially_productive,3,3,0
entirely_native,3,3,0
too_soothing,3,2,1
nearly_thick,3,3,0
likely_different,3,3,0
too_southern,3,3,0
nearly_subtle,3,3,0
nearly_stupid,3,3,0
nearly_straightforward,3,3,0
shockingly_high,3,3,0
nearly_special,3,3,0
nearly_sour,3,3,0
socially_outgoing,3,3,0
nearly_simple,3,3,0
nearly_wet,3,3,0
nearly_witty,3,3,0
necessarily_anti-gay,3,3,0
entirely_obscure,3,3,0
necessarily_anti-american,3,3,0
necessarily_answerable,3,3,0
comfortably_numb,3,3,0
less_watchable,3,0,3
less_wealthy,3,3,0
necessarily_ambitious,3,3,0
entirely_onerous,3,3,0
entirely_onboard,3,3,0
too_soft-spoken,3,3,0
unnecessarily_concerned,3,3,0
entirely_off,3,3,0
too_solicitous,3,3,0
nearly_worthy,3,3,0
comically_large,3,3,0
necessarily_adaptive,3,3,0
necessarily_adaptable,3,3,0
entirely_nude,3,3,0
socially_skilled,3,3,0
socially_sensitive,3,3,0
entirely_noteworthy,3,3,0
likely_accurate,3,3,0
unnecessarily_angry,3,3,0
entirely_nonsensical,3,3,0
socially_respectable,3,3,0
necessarily_chatty,3,3,0
solely_cheaper,3,3,0
less_tangible,3,3,0
necessarily_defamatory,3,3,0
unrealistically_high,3,3,0
entirely_spherical,3,3,0
necessarily_demonstrative,3,3,0
entirely_spectacular,3,2,1
less_seductive,3,2,1
less_self-critical,3,3,0
entirely_special,3,0,3
entirely_southern,3,3,0
entirely_sophisticated,3,3,0
less_sensual,3,3,0
less_serviceable,3,2,1
less_sex,3,3,0
entirely_spicy,3,3,0
entirely_small,3,3,0
less_sexual,3,3,0
sexually_discriminatory,3,3,0
less_shameful,3,3,0
necessarily_deaf,3,3,0
too_sceptical,3,3,0
necessarily_daunting,3,3,0
less_short,3,1,2
sexually_energetic,3,2,1
too_sci-fi,3,3,0
less_sickening,3,3,0
less_scenic,3,3,0
entirely_spiritual,3,3,0
necessarily_childish,3,3,0
necessarily_disingenuous,3,3,0
less_respectable,3,2,1
necessarily_distracting,3,3,0
clearly_satirical,3,3,0
necessarily_distant,3,3,0
less_restrained,3,3,0
too_saddened,3,3,0
necessarily_disrespectful,3,3,0
necessarily_dismissive,3,3,0
less_reverent,3,3,0
less_revolting,3,2,1
necessarily_dismal,3,3,0
entirely_subdued,3,3,0
less_scarce,3,3,0
necessarily_disagreeable,3,3,0
too_sanitary,3,2,1
necessarily_digital,3,3,0
clearly_successful,3,3,0
less_ruinous,3,3,0
unrealistically_optimistic,3,3,0
entirely_startling,3,2,1
entirely_standard,3,3,0
less_sane,3,3,0
less_sanguine,3,3,0
necessarily_depressing,3,3,0
entirely_silly,3,3,0
less_silent,3,3,0
entirely_sick,3,3,0
closely_dependent,3,3,0
too_separate,3,3,0
entirely_rural,3,3,0
too_serene,3,2,1
clinically_viable,3,3,0
unnecessarily_vulnerable,3,3,0
unnecessarily_verbose,3,3,0
less_subversive,3,3,0
entirely_reversible,3,3,0
closely_comparable,3,3,0
closely_connected,3,3,0
less_suggestive,3,3,0
entirely_reverent,3,3,0
less_simplistic,3,3,0
entirely_restrictive,3,3,0
entirely_restful,3,3,0
entirely_responsive,3,3,0
sexually_involved,3,3,0
closely_supervised,3,3,0
less_sustainable,3,3,0
necessarily_classical,3,3,0
entirely_republican,3,3,0
solely_close,3,3,0
necessarily_chubby,3,3,0
entirely_remote,3,3,0
entirely_same,3,3,0
too_senior,3,3,0
less_stressed,3,3,0
solely_critical,3,3,0
entirely_sharp,3,3,0
less_singular,3,3,0
sexually_exciting,3,3,0
entirely_sexy,3,3,0
less_skillful,3,3,0
less_sloppy,3,3,0
sexually_exploitative,3,3,0
too_seedy,3,3,0
less_solicitous,3,3,0
solely_distinctive,3,3,0
entirely_self-contained,3,3,0
less_spare,3,3,0
clinically_detectable,3,3,0
necessarily_conversant,3,3,0
less_splendid,3,2,1
necessarily_contagious,3,3,0
necessarily_conspicuous,3,3,0
entirely_scrupulous,3,3,0
too_self-sufficient,3,3,0
less_steep,3,3,0
clinically_obvious,3,3,0
solely_culpable,3,3,0
less_strategic,3,3,0
nearly_similar,3,3,0
nearly_sexy,3,3,0
completely_anecdotal,3,3,0
literally_real,3,3,0
entirely_incongruous,3,3,0
entirely_inadequate,3,3,0
entirely_impregnable,3,3,0
entirely_impractical,3,3,0
entirely_impotent,3,3,0
universally_kind,3,3,0
competitively_neutral,3,3,0
nearly_alone,3,3,0
similarly_aggressive,3,3,0
nearly_afraid,3,3,0
literally_ready,3,3,0
literally_red,3,3,0
significantly_visible,3,3,0
literally_related,3,3,0
entirely_idiosyncratic,3,3,0
similarly_available,3,3,0
too_surreal,3,2,1
entirely_hypocritical,3,3,0
literally_scared,3,3,0
near_tired,3,3,0
near_qualified,3,3,0
too_suspenseful,3,2,1
so_verbal,3,3,0
near_new,3,3,0
entirely_indefensible,3,3,0
literally_mad,3,2,1
near_large,3,3,0
entirely_infallible,3,3,0
nearly_confident,3,3,0
nearly_conclusive,3,3,0
nearly_concerned,3,3,0
so_weekly,3,3,0
nearly_competitive,3,3,0
nearly_compelling,3,3,0
entirely_innocuous,3,3,0
nearly_commensurate,3,3,0
literally_hot,3,2,1
compellingly_cheap,3,3,0
literally_identical,3,3,0
entirely_inexperienced,3,3,0
too_sudden,3,3,0
significantly_taller,3,3,0
entirely_inexpensive,3,3,0
significantly_taxing,3,3,0
entirely_inevitable,3,3,0
nearly_cheap,3,3,0
entirely_inept,3,3,0
universally_necessary,3,3,0
too_subversive,3,1,2
literally_invisible,3,3,0
nearly_beautiful,3,3,0
entirely_indian,3,3,0
entirely_hilarious,3,3,0
entirely_heroic,3,3,0
likely_false,3,3,0
naturally_purple,3,3,0
entirely_forgivable,3,3,0
completely_advantageous,3,3,0
entirely_foreseeable,3,3,0
universally_happy,3,3,0
similarly_smitten,3,3,0
similarly_successful,3,3,0
naturally_rude,3,3,0
so_unsafe,3,3,0
too_tenuous,3,3,0
naturally_resilient,3,3,0
naturally_racist,3,3,0
entirely_festive,3,3,0
so_unsuccessful,3,3,0
logically_defensible,3,3,0
entirely_faulty,3,3,0
similarly_vulnerable,3,3,0
naturally_poisonous,3,3,0
logically_feasible,3,3,0
entirely_fantastical,3,3,0
entirely_fantastic,3,3,0
logically_incoherent,3,2,1
entirely_external,3,3,0
logically_incorrect,3,3,0
too_themed,3,3,0
completely_adrift,3,3,0
so_unsung,3,3,0
entirely_hereditary,3,3,0
naturally_virtuous,3,3,0
near_high,3,3,0
entirely_hardy,3,3,0
so_vacuous,3,3,0
entirely_hairless,3,3,0
entirely_guilty,3,3,0
literally_white,3,3,0
little_better,3,3,0
so_usable,3,3,0
near_accurate,3,3,0
so_upright,3,3,0
entirely_generic,3,3,0
completely_active,3,3,0
naturally_suitable,3,3,0
naturally_tidy,3,3,0
so_unwell,3,3,0
universally_hostile,3,3,0
completely_adaptable,3,3,0
naturally_tame,3,3,0
entirely_fortuitous,3,3,0
so_untrustworthy,3,3,0
naturally_superior,3,1,2
entirely_forlorn,3,3,0
so_untenable,3,3,0
so_unsympathetic,3,3,0
entirely_instinctive,3,3,0
universally_pleasing,3,3,0
so_western,3,3,0
socially_efficient,3,3,0
likely_probable,3,3,0
socially_exclusive,3,3,0
significantly_concerned,3,2,1
socially_equal,3,3,0
nearly_mature,3,3,0
significantly_costlier,3,3,0
likely_real,3,3,0
likely_realistic,3,3,0
socially_elite,3,3,0
significantly_dangerous,3,3,0
too_spoilt,3,3,0
nearly_knowledgeable,3,3,0
likely_present,3,3,0
too_sporadic,3,3,0
commonly_enough,3,3,0
socially_disadvantaged,3,3,0
commonly_familiar,3,3,0
nearly_interested,3,3,0
socially_devastating,3,3,0
significantly_expensive,3,3,0
entirely_measurable,3,3,0
entirely_meaningful,3,3,0
entirely_matte,3,3,0
nearly_healthy,3,3,0
significantly_cleaner,3,3,0
too_splendid,3,3,0
too_subdued,3,3,0
nearly_responsive,3,3,0
socially_normal,3,3,0
nearly_serious,3,3,0
entirely_mysterious,3,3,0
socially_necessary,3,3,0
entirely_mute,3,3,0
likely_forthcoming,3,3,0
socially_minded,3,3,0
entirely_muslim,3,3,0
likely_good,3,3,0
likely_happy,3,3,0
entirely_mundane,3,3,0
likely_indicative,3,3,0
nearly_patient,3,3,0
shockingly_violent,3,3,0
nearly_rare,3,3,0
nearly_rapid,3,3,0
nearly_productive,3,3,0
commercially_useful,3,2,1
nearly_possible,3,3,0
socially_inappropriate,3,3,0
universally_wrong,3,3,0
likely_much,3,3,0
entirely_mindless,3,3,0
commercially_workable,3,3,0
universally_strong,3,3,0
likely_unhappy,3,3,0
significantly_hotter,3,3,0
literally_dead,3,3,0
entirely_lawless,3,3,0
entirely_lame,3,3,0
literally_black,3,3,0
entirely_kid-friendly,3,3,0
significantly_relevant,3,3,0
so_workable,3,3,0
entirely_joyous,3,3,0
entirely_japanese,3,3,0
entirely_italian,3,2,1
entirely_isolated,3,3,0
nearly_critical,3,3,0
literally_deadly,3,3,0
significantly_important,3,3,0
so_wistful,3,3,0
entirely_irresponsible,3,3,0
nearly_creepy,3,3,0
too_structured,3,1,2
so_winded,3,3,0
nearly_creative,3,3,0
entirely_introverted,3,3,0
entirely_introspective,3,3,0
nearly_crazy,3,3,0
universally_possible,3,3,0
significantly_slower,3,3,0
entirely_lazy,3,3,0
literally_alone,3,3,0
nearly_double,3,3,0
too_stilted,3,3,0
nearly_geeky,3,3,0
socially_comfortable,3,3,0
likely_worried,3,3,0
likely_wrong,3,3,0
too_staid,3,3,0
significantly_louder,3,3,0
significantly_misleading,3,3,0
too_standard,3,3,0
nearly_fabulous,3,3,0
nearly_extreme,3,3,0
nearly_extinct,3,3,0
nearly_expensive,3,3,0
entirely_mad,3,3,0
significantly_negative,3,3,0
socially_anxious,3,3,0
significantly_noticeable,3,3,0
socially_advanced,3,3,0
universally_relevant,3,3,0
universally_relatable,3,3,0
linguistically_diverse,3,3,0
entirely_ludicrous,3,3,0
entirely_lucky,3,3,0
so_zany,3,3,0
necessarily_rural,3,3,0
more_hip,3,3,0
super_beneficial,3,3,0
sufficiently_rewarding,3,3,0
already_alert,3,3,0
all_contradictory,3,3,0
quite_distant,3,3,0
sufficiently_right-wing,3,3,0
quite_dissimilar,3,3,0
generally_impressed,3,3,0
really_cheerful,3,3,0
exactly_indefensible,3,3,0
quite_disinterested,3,3,0
exclusively_straight,3,3,0
overly_psyched,3,3,0
really_cheery,3,3,0
already_annoying,3,3,0
particularly_fortunate,3,3,0
physically_bad,3,2,1
exactly_paramount,3,3,0
already_afraid,3,3,0
extremely_flexible,3,3,0
overly_qualified,3,3,0
physically_better,3,3,0
already_adequate,3,3,0
exclusively_suitable,3,3,0
extremely_flattering,3,3,0
way_worse,3,3,0
already_accustomed,3,3,0
readily_feasible,3,3,0
exactly_past,3,3,0
technologically_astute,3,3,0
exceptionally_productive,3,3,0
readily_fixable,3,3,0
precisely_consistent,3,3,0
extremely_forthcoming,3,3,0
quite_reachable,3,3,0
technologically_achievable,3,3,0
already_bored,3,3,0
really_classical,3,3,0
fully_blissful,3,3,0
sufficiently_reassuring,3,3,0
actually_happier,3,3,0
fully_brown,3,3,0
extremely_frustrated,3,3,0
sufficiently_reflective,3,3,0
way_heavier,3,3,0
sufficiently_regular,3,3,0
that_tangible,3,3,0
exactly_outspoken,3,3,0
quite_disappointing,3,3,0
all_congenial,3,3,0
quite_disastrous,3,3,0
precisely_enough,3,3,0
quite_readable,3,3,0
sufficiently_remarkable,3,3,0
overly_precocious,3,3,0
generally_inferior,3,3,0
exceptionally_reasonable,3,3,0
way_lower,3,3,0
exclusively_southern,3,3,0
exactly_overpowering,3,3,0
already_beautiful,3,3,0
all_consecutive,3,3,0
that_taxing,3,3,0
already_bald,3,3,0
wholly_noble,3,3,0
overly_proactive,3,3,0
particularly_fraught,3,3,0
readily_flammable,3,3,0
overly_reductive,3,3,0
overly_redundant,3,3,0
almost_unrecognizable,3,3,0
that_pitiful,3,3,0
particularly_flamboyant,3,3,0
exactly_plain,3,3,0
really_bulletproof,3,3,0
extremely_favorable,3,3,0
hugely_stressful,3,3,0
exactly_playable,3,3,0
exactly_playful,3,3,0
physically_clumsy,3,3,0
that_fortuitous,3,3,0
hugely_special,3,0,3
almost_worth,3,3,0
yet_loud,3,3,0
particularly_finicky,3,3,0
that_theatrical,3,2,1
sufficiently_significant,3,3,0
well_busy,3,3,0
generally_happier,3,3,0
hugely_shocking,3,3,0
particularly_fiery,3,3,0
quite_dressy,3,3,0
well_capable,3,3,0
sufficiently_solicitous,3,3,0
sufficiently_soluble,3,3,0
terribly_hostile,3,3,0
fully_concerned,3,3,0
extremely_extensive,3,3,0
all_cruel,3,3,0
quite_racy,3,3,0
actually_germane,3,3,0
that_forthcoming,3,3,0
physically_brave,3,3,0
actually_greater,3,3,0
all_cozy,3,3,0
generally_ideal,3,3,0
hideously_difficult,3,3,0
overly_relaxed,3,3,0
super_stressful,3,2,1
sufficiently_scary,3,3,0
exceptionally_popular,3,3,0
extremely_flashy,3,3,0
that_forceful,3,3,0
hugely_visible,3,3,0
hugely_valuable,3,3,0
technologically_aware,3,2,1
along_better,3,3,0
really_cathartic,3,2,1
really_catastrophic,3,1,2
overly_responsive,3,3,0
absolutely_silent,3,3,0
exactly_petite,3,3,0
hugely_unfair,3,3,0
generally_hospitable,3,3,0
sufficiently_selective,3,3,0
overly_ridiculous,3,3,0
overly_rigorous,3,3,0
hugely_uncommon,3,3,0
all_cramped,3,3,0
sufficiently_separate,3,3,0
quite_doable,3,3,0
sufficiently_sharp,3,3,0
sufficiently_shocked,3,3,0
particularly_flattered,3,3,0
yet_loving,3,3,0
all_concrete,3,3,0
sufficiently_realistic,3,3,0
fully_blind,3,3,0
extremely_horrible,3,1,2
actually_hungover,3,3,0
philosophically_relevant,3,3,0
sufficiently_pliable,3,3,0
quite_deadly,3,2,1
particularly_glossy,3,3,0
particularly_gloomy,3,3,0
quite_deaf,3,3,0
wonderfully_simple,3,3,0
sufficiently_political,3,3,0
exclusively_relevant,3,3,0
philosophically_satisfying,3,3,0
really_commensurate,3,3,0
exceptionally_small,3,3,0
theologically_necessary,3,3,0
extremely_honest,3,3,0
overly_melancholy,3,3,0
really_comic,3,2,1
already_dire,3,3,0
exceptionally_simple,3,3,0
wholly_oblivious,3,3,0
terribly_inappropriate,3,3,0
overly_muddy,3,3,0
exceptionally_severe,3,3,0
overly_mushy,3,3,0
overly_musical,3,3,0
sufficiently_potent,3,3,0
exclusively_representative,3,3,0
overly_mysterious,3,2,1
exactly_objectionable,3,3,0
overly_neat,3,3,0
actually_hurtful,3,3,0
precisely_proportional,3,3,0
vocally_supportive,3,3,0
overly_mad,3,3,0
exceptionally_speedy,3,3,0
terribly_influential,3,3,0
immediately_active,3,3,0
fully_aged,3,3,0
particularly_grandiose,3,2,1
quite_danceable,3,3,0
overly_low,3,3,0
overly_loyal,3,3,0
sufficiently_overweight,3,3,0
quite_replaceable,3,3,0
sufficiently_painful,3,3,0
sufficiently_paranoid,3,3,0
extremely_hypocritical,3,3,0
philosophically_interesting,3,3,0
all_clinical,3,3,0
already_empty,3,3,0
overly_magnificent,3,3,0
overly_manic,3,3,0
overly_massive,3,3,0
already_enthusiastic,3,3,0
particularly_gorgeous,3,3,0
absolutely_random,3,3,0
extremely_hygienic,3,3,0
generally_low,3,3,0
philosophically_profound,3,3,0
theologically_precise,3,3,0
overly_mean,3,3,0
overly_meaningful,3,3,0
sufficiently_pious,3,3,0
absolutely_real,3,3,0
vocally_strong,3,2,1
sufficiently_predictable,3,2,1
quite_dignified,3,3,0
physically_afraid,3,3,0
ideally_smooth,3,3,0
already_conversant,3,3,0
actually_hesitant,3,3,0
overly_outgoing,3,3,0
physically_adept,3,3,0
particularly_fundamentalist,3,3,0
overly_outstanding,3,3,0
overly_overt,3,3,0
exactly_orderly,3,3,0
that_systematic,3,3,0
exceptionally_rich,3,3,0
yet_meaningful,3,3,0
quite_destitute,3,3,0
really_cliche,3,3,0
precisely_great,3,3,0
that_firm,3,3,0
already_compliant,3,3,0
quite_reassuring,3,3,0
already_competitive,3,3,0
fully_beholden,3,3,0
precisely_friendly,3,3,0
sufficiently_racist,3,3,0
super_tacky,3,3,0
theologically_impossible,3,2,1
that_flat,3,3,0
extremely_general,3,3,0
extremely_gaudy,3,3,0
already_cheaper,3,3,0
really_classy,3,3,0
exactly_outraged,3,3,0
all_complex,3,3,0
quite_depressing,3,3,0
all_comforting,3,3,0
wonderfully_tasty,3,3,0
absolutely_related,3,3,0
exactly_obsessed,3,3,0
generally_life-threatening,3,3,0
ideologically_diverse,3,3,0
overly_noticable,3,3,0
exactly_off-putting,3,3,0
generally_legal,3,3,0
quite_delighted,3,3,0
ideologically_compatible,3,3,0
overly_nuanced,3,3,0
ideologically_coherent,3,3,0
particularly_gendered,3,3,0
overly_obedient,3,3,0
already_daunting,3,3,0
warmly_welcome,3,3,0
really_cocky,3,3,0
sufficiently_pro-life,3,3,0
ideologically_blind,3,3,0
exactly_omnipresent,3,3,0
already_curious,3,3,0
all_commercial,3,3,0
all_commonplace,3,3,0
overly_offended,3,3,0
absolutely_remarkable,3,3,0
exactly_open-minded,3,3,0
extremely_great,3,3,0
particularly_futuristic,3,2,1
quite_dependable,3,3,0
fully_autistic,3,3,0
overly_old,3,3,0
sufficiently_sorry,3,3,0
particularly_fervent,3,3,0
extremely_exclusive,3,3,0
fully_engaging,3,3,0
almost_empty,3,3,0
readily_interchangeable,3,3,0
exceptionally_impressive,3,3,0
exceptionally_important,3,3,0
fully_eligible,3,3,0
extremely_devout,3,3,0
super_smoky,3,3,0
absolutely_unheard,3,3,0
particularly_exemplary,3,2,1
yet_advisable,3,3,0
quite_erotic,3,3,0
sufficiently_true,3,3,0
exactly_racy,3,3,0
practically_achievable,3,3,0
fully_english,3,3,0
that_perceptive,3,3,0
yet_affluent,3,3,0
then_uncommon,3,3,0
practically_accessible,3,3,0
practically_acceptable,3,3,0
overly_undulating,3,3,0
quite_established,3,3,0
exactly_rapid,3,3,0
really_baggy,3,3,0
actually_fake,3,3,0
fully_enthusiastic,3,3,0
absolutely_universal,3,3,0
hugely_eventful,3,3,0
quite_evocative,3,3,0
physically_exhausted,3,3,0
practically_capable,3,3,0
extremely_diligent,3,3,0
then_true,3,3,0
yet_admissible,3,3,0
sufficiently_terrifying,3,3,0
well_hard,3,3,0
hugely_imaginative,3,3,0
all_delusional,3,3,0
almost_human,3,3,0
terribly_handy,3,3,0
extremely_disgusting,3,3,0
excruciatingly_boring,3,3,0
quite_energetic,3,3,0
well_heavy,3,3,0
exactly_punctual,3,3,0
well_hefty,3,3,0
hugely_heavy,3,3,0
physically_diverse,3,3,0
overly_themed,3,3,0
fully_efficacious,3,3,0
well_higher,3,3,0
exactly_purple,3,3,0
wholly_malevolent,3,3,0
generally_enthusiastic,3,3,0
exceptionally_intelligent,3,3,0
that_tragic,3,3,0
really_bent,3,3,0
that_perilous,3,3,0
hugely_generous,3,3,0
fully_editable,3,3,0
almost_extinct,3,3,0
readily_intelligible,3,3,0
particularly_expert,3,3,0
quite_prohibitive,3,3,0
excruciatingly_hot,3,3,0
that_passive,3,3,0
practically_identical,3,3,0
absolutely_verifiable,3,3,0
potentially_unsafe,3,3,0
hugely_critical,3,3,0
all_younger,3,3,0
yet_interactive,3,3,0
overly_worthy,3,3,0
all_wonky,3,3,0
generally_detectable,3,3,0
generally_desirable,3,3,0
hugely_costly,3,3,0
absolutely_valid,3,3,0
overly_wrinkled,3,3,0
potentially_true,3,3,0
hugely_convincing,3,3,0
super_similar,3,3,0
that_greater,3,3,0
extremely_courteous,3,3,0
exactly_renewable,3,3,0
technologically_knowledgeable,3,3,0
super_silky,3,3,0
hugely_conservative,3,3,0
fully_firm,3,3,0
particularly_enviable,3,2,1
highly_collectible,3,3,0
wholly_joyous,3,3,0
exactly_repeatable,3,3,0
all_wide,3,3,0
exactly_republican,3,3,0
all_wholesome,3,3,0
exactly_reputable,3,3,0
highly_combustible,3,3,0
that_grave,3,3,0
hugely_dangerous,3,3,0
wholly_likeable,3,3,0
really_australian,3,3,0
overly_verbal,3,3,0
technologically_inferior,3,3,0
almost_automatic,3,3,0
overly_vibrant,3,3,0
quite_exhausted,3,3,0
exactly_recommendable,3,3,0
fully_exclusive,3,3,0
terribly_gory,3,3,0
overly_wacky,3,3,0
quite_expansive,3,3,0
sufficiently_upbeat,3,3,0
exactly_redundant,3,3,0
potentially_vulnerable,3,3,0
hugely_diverse,3,3,0
yet_international,3,3,0
hugely_deep,3,2,1
potentially_violent,3,3,0
hugely_distinctive,3,2,1
that_partisan,3,3,0
really_austere,3,3,0
sufficiently_urgent,3,3,0
hugely_disappointing,3,3,0
fully_factual,3,3,0
overly_wild,3,3,0
hugely_detrimental,3,3,0
exactly_remorseful,3,3,0
overly_windy,3,3,0
sufficiently_useful,3,3,0
well_pigmented,3,3,0
actually_exciting,3,3,0
fully_discernible,3,2,1
that_girly,3,3,0
yet_literate,3,3,0
all_damning,3,3,0
terribly_hilly,3,3,0
well_deserving,3,3,0
physically_daunting,3,3,0
practically_visible,3,3,0
practically_useless,3,3,0
exactly_preferable,3,3,0
actually_foreign,3,3,0
well_dry,3,3,0
quite_elderly,3,3,0
overly_spiritual,3,3,0
technologically_different,3,2,1
overly_spooky,3,3,0
technologically_difficult,3,3,0
overly_squeamish,3,3,0
overly_sterile,3,3,0
well_conscious,3,3,0
exactly_prepared,3,3,0
exactly_presentable,3,3,0
overly_stern,3,3,0
physically_decrepit,3,3,0
all_deaf,3,3,0
overly_stingy,3,3,0
wholly_mistaken,3,3,0
higher_ideal,3,3,0
overly_straightforward,3,3,0
exactly_priceless,3,3,0
overly_strained,3,3,0
that_futuristic,3,3,0
quite_elegant,3,3,0
exactly_primitive,3,3,0
actually_friendly,3,3,0
that_timid,3,3,0
that_gaudy,3,3,0
exactly_pornographic,3,2,1
overly_sick,3,3,0
physically_competent,3,3,0
quite_eager,3,3,0
extremely_essential,3,3,0
precisely_applicable,3,3,0
absolutely_spot,3,3,0
quite_eclectic,3,3,0
super_squishy,3,3,0
hugely_revelatory,3,3,0
exceptionally_original,3,3,0
extremely_engaging,3,3,0
super_sporty,3,3,0
fully_controlled,3,3,0
terribly_honest,3,3,0
that_frugal,3,3,0
hugely_productive,3,3,0
hugely_receptive,3,3,0
quite_ecstatic,3,3,0
hugely_reassuring,3,3,0
technologically_complex,3,3,0
hugely_rare,3,3,0
absolutely_straightforward,3,3,0
quite_edible,3,2,1
that_pervasive,3,3,0
terribly_historical,3,3,0
overly_smoky,3,3,0
really_bottomless,3,3,0
overly_snarky,3,3,0
technologically_current,3,3,0
exactly_potent,3,3,0
exceptionally_memorable,3,1,2
sufficiently_succinct,3,3,0
extremely_disrespectful,3,3,0
fully_devoid,3,3,0
fully_depressed,3,3,0
terribly_heartbroken,3,3,0
highly_adept,3,3,0
really_blank,3,3,0
practically_naked,3,3,0
that_giddy,3,3,0
actually_feminist,3,3,0
extremely_distant,3,3,0
that_gifted,3,3,0
practically_meaningful,3,3,0
terribly_hazardous,3,3,0
actually_female,3,3,0
sufficiently_tangible,3,2,1
almost_inevitable,3,3,0
generally_expensive,3,3,0
hugely_involved,3,3,0
hugely_inspiring,3,3,0
almost_indistinguishable,3,3,0
physically_disabled,3,3,0
fully_digestible,3,3,0
sufficiently_technical,3,3,0
quite_protestant,3,3,0
well_fuzzy,3,3,0
exceptionally_kind,3,3,0
particularly_extroverted,3,3,0
highly_aesthetic,3,3,0
well_great,3,3,0
almost_immaterial,3,3,0
really_binding,3,3,0
exactly_prudent,3,3,0
overly_suspenseful,3,3,0
all_delicious,3,3,0
sufficiently_superior,3,3,0
exceptionally_loud,3,3,0
sufficiently_supervised,3,3,0
technologically_equipped,3,3,0
hugely_necessary,3,3,0
overly_stubborn,3,3,0
exactly_pro-american,3,3,0
generally_fit,3,3,0
actually_fluent,3,3,0
well_excellent,3,3,0
overly_stupid,3,3,0
highly_academic,3,3,0
really_blatant,3,3,0
almost_midnight,3,3,0
hugely_lucrative,3,3,0
sufficiently_suspicious,3,3,0
quite_eligible,3,3,0
highly_adaptable,3,3,0
sufficiently_sustainable,3,3,0
yet_legendary,3,3,0
hugely_long,3,3,0
extremely_diverse,3,3,0
wholly_meaningless,3,3,0
hugely_likeable,3,3,0
yet_lawful,3,3,0
overly_sunny,3,3,0
all_delicate,3,3,0
that_persistent,3,3,0
fully_dependable,3,3,0
exactly_prohibitive,3,3,0
sufficiently_systematic,3,3,0
quite_psychic,3,3,0
quite_cynical,3,3,0
precisely_representative,3,3,0
immediately_aggressive,3,3,0
all_annoyed,3,3,0
already_smart,3,3,0
already_slow,3,3,0
terribly_noticable,3,2,1
all_analogous,3,3,0
sufficiently_indian,3,3,0
actually_italian,3,3,0
really_derivative,3,2,1
immediately_renewable,3,3,0
overly_depressed,3,3,0
all_ancient,3,3,0
quite_blind,3,3,0
immediately_relatable,3,3,0
excessively_active,3,3,0
immediately_redeemable,3,3,0
overly_despondent,3,3,0
there_able,3,2,1
exactly_jubilant,3,3,0
terribly_normal,3,3,0
already_set,3,3,0
particularly_incendiary,3,0,3
sufficiently_influential,3,3,0
overly_detrimental,3,3,0
harshly_ideological,3,2,1
immediately_readable,3,3,0
all_annoying,3,3,0
exactly_key,3,3,0
already_serious,3,3,0
really_dependant,3,3,0
already_secure,3,3,0
particularly_inaccessible,3,3,0
wholly_productive,3,3,0
already_soft,3,3,0
exclusively_local,3,3,0
personally_nasty,3,3,0
actually_lazy,3,3,0
quite_befitting,3,3,0
freakishly_explosive,3,3,0
already_suspicious,3,3,0
quite_silver,3,3,0
really_devastating,3,1,2
personally_motivated,3,3,0
overly_cryptic,3,3,0
sufficiently_impartial,3,3,0
quite_beneficial,3,3,0
immediately_skeptical,3,3,0
terribly_objective,3,3,0
overly_cuddly,3,3,0
overly_curious,3,3,0
particularly_individual,3,3,0
personally_optimistic,3,3,0
freakishly_huge,3,3,0
already_strange,3,3,0
sufficiently_impressive,3,3,0
already_standard,3,3,0
freakishly_large,3,3,0
exclusively_legal,3,3,0
extremely_overt,3,3,0
yet_poor,3,3,0
pretty_accurate,3,3,0
exactly_jam-packed,3,3,0
personally_offended,3,3,0
visually_explicit,3,2,1
particularly_inconvenient,3,3,0
excessively_afraid,3,3,0
immediately_prominent,3,3,0
absolutely_ignorant,3,3,0
already_terrified,3,3,0
exactly_limitless,3,3,0
exactly_lethal,3,3,0
particularly_illegal,3,3,0
that_eventful,3,3,0
actually_integral,3,3,0
overly_durable,3,3,0
exactly_libertarian,3,3,0
presently_legal,3,3,0
quite_bulky,3,3,0
yet_persuasive,3,3,0
superbly_qualified,3,3,0
immediately_offensive,3,2,1
exactly_life-threatening,3,3,0
presently_important,3,3,0
already_red,3,3,0
visually_illiterate,3,3,0
already_resistant,3,3,0
already_real,3,3,0
visually_impactful,3,3,0
particularly_idealistic,3,3,0
sufficiently_intimidating,3,3,0
absolutely_incorrect,3,2,1
presently_feasible,3,3,0
already_proud,3,3,0
heavily_academic,3,3,0
terribly_mistaken,3,3,0
generally_prominent,3,3,0
presently_familiar,3,3,0
quite_captivating,3,3,0
exactly_literal,3,2,1
overly_enthralling,3,2,1
overly_dressy,3,3,0
already_responsible,3,3,0
really_demonstrative,3,2,1
overly_distinct,3,3,0
actually_invincible,3,3,0
exactly_late,3,3,0
technically_single,3,3,0
that_erratic,3,3,0
wholly_private,3,3,0
superficially_apparent,3,3,0
really_delusional,3,3,0
extremely_odd,3,2,1
exactly_law-abiding,3,3,0
overly_dismissive,3,3,0
really_delightful,3,3,0
already_sad,3,3,0
actually_invalid,3,3,0
all_appealing,3,3,0
already_rotten,3,3,0
actually_interactive,3,3,0
absolutely_immoral,3,3,0
really_delicate,3,3,0
immediately_pleasing,3,3,0
exclusively_modern,3,3,0
generally_reasonable,3,3,0
sufficiently_inspiring,3,3,0
personally_qualified,3,3,0
really_deliberate,3,3,0
already_right,3,3,0
already_ridiculous,3,3,0
exactly_legit,3,3,0
quite_brief,3,3,0
actually_interchangeable,3,3,0
exclusively_monetary,3,3,0
yet_potent,3,3,0
already_terrifying,3,3,0
particularly_hygienic,3,3,0
overly_cliched,3,3,0
really_discriminatory,3,3,0
overly_chunky,3,3,0
wonderfully_diverse,3,3,0
actually_long,3,3,0
absolutely_epic,3,3,0
yet_progressive,3,3,0
wholly_receptive,3,3,0
particularly_inviting,3,3,0
quite_slim,3,3,0
extremely_potent,3,3,0
personally_gratifying,3,3,0
formerly_present,3,3,0
overly_cliche,3,3,0
sufficiently_greek,3,3,0
pretty_consistent,3,3,0
particularly_irritating,3,3,0
immensely_challenging,3,3,0
wholly_ready,3,3,0
technically_remarkable,3,2,1
wholly_random,3,3,0
already_widespread,3,3,0
already_whole,3,3,0
really_discrete,3,3,0
rationally_defensible,3,3,0
terribly_overwhelming,3,2,1
already_wet,3,3,0
extremely_polite,3,3,0
personally_greedy,3,3,0
overly_cocky,3,3,0
quite_astonishing,3,3,0
rationally_coercive,3,3,0
already_yellow,3,3,0
technically_reversible,3,3,0
particularly_judgmental,3,3,0
that_probable,3,3,0
quite_snug,3,2,1
that_effusive,3,3,0
sufficiently_funny,3,3,0
extremely_problematic,3,3,0
quite_anonymous,3,3,0
pretty_deep,3,3,0
that_private,3,3,0
hard_core,3,3,0
terribly_picturesque,3,3,0
overly_charming,3,3,0
exclusively_humanitarian,3,3,0
exactly_indie,3,3,0
exactly_indigenous,3,3,0
yet_prosperous,3,3,0
particularly_italian,3,2,1
personally_exciting,3,2,1
exclusively_indian,3,3,0
terribly_pertinent,3,3,0
also_accessible,3,3,0
wholly_religious,3,3,0
also_acceptable,3,3,0
hard_plastic,3,3,0
formally_subject,3,3,0
absolutely_easy,3,3,0
pretty_cynical,3,3,0
particularly_itchy,3,3,0
yet_prone,3,3,0
overly_choosy,3,3,0
overly_christian,3,3,0
actually_logical,3,3,0
exactly_inferior,3,3,0
immediately_supportive,3,3,0
quite_badass,3,3,0
rationally_justifiable,3,3,0
immediately_traceable,3,3,0
really_diplomatic,3,3,0
absolutely_fundamental,3,3,0
already_uncomfortable,3,3,0
particularly_inquisitive,3,3,0
generally_severe,3,3,0
overly_conspicuous,3,3,0
terribly_ominous,3,3,0
sufficiently_hot,3,3,0
sufficiently_huge,3,3,0
visually_distinct,3,2,1
generally_sensible,3,3,0
all_affordable,3,3,0
terribly_offended,3,3,0
exclusively_irish,3,3,0
rationally_possible,3,3,0
technically_royal,3,3,0
actually_less,3,1,2
exactly_intense,3,3,0
there_early,3,3,0
sufficiently_humble,3,3,0
extremely_personable,3,3,0
pretty_awkward,3,3,0
really_digestible,3,3,0
that_engrossing,3,3,0
overly_conversational,3,3,0
freakishly_big,3,3,0
overly_convoluted,3,3,0
overly_corny,3,2,1
extremely_physical,3,3,0
exactly_insurmountable,3,3,0
particularly_interactive,3,3,0
sufficiently_heavy,3,3,0
hardly_frivolous,3,3,0
exclusively_intellectual,3,3,0
quite_attentive,3,3,0
immediately_welcome,3,3,0
immediately_warm,3,3,0
really_discouraging,3,2,1
all_admirable,3,3,0
overly_comforting,3,3,0
absolutely_extraordinary,3,0,3
really_discerning,3,3,0
particularly_integral,3,3,0
already_valuable,3,3,0
technically_rich,3,3,0
terribly_outrageous,3,2,1
exactly_insane,3,3,0
absolutely_firm,3,3,0
personally_hostile,3,3,0
terribly_outgoing,3,3,0
actually_linear,3,3,0
terribly_outdated,3,3,0
absolutely_fair,3,3,0
immediately_useable,3,3,0
exactly_insightful,3,3,0
generally_similar,3,3,0
overly_comprehensive,3,3,0
hardly_more,3,2,1
immediately_unknown,3,3,0
absolutely_false,3,3,0
hardly_noticeable,3,3,0
pretty_catchy,3,3,0
quite_sensible,3,2,1
visually_inventive,3,3,0
extremely_ill,3,3,0
particularly_hardcore,3,3,0
frightfully_good,3,2,1
immediately_devastating,3,3,0
overly_heroic,3,2,1
immediately_destructive,3,3,0
terribly_introspective,3,3,0
quite_routine,3,1,2
actually_inclusive,3,3,0
visually_unattractive,3,3,0
precisely_young,3,3,0
frightfully_original,3,2,1
heavily_political,3,3,0
heavily_populated,3,3,0
generally_obtainable,3,3,0
precisely_uniform,3,3,0
extremely_invasive,3,3,0
particularly_hateful,3,1,2
exceptionally_tasty,3,3,0
quite_cozy,3,3,0
immediately_deductible,3,3,0
theoretically_comprehensible,3,3,0
already_implicit,3,3,0
extremely_intuitive,3,3,0
all_cerebral,3,3,0
overly_hydrated,3,3,0
visually_unique,3,3,0
really_cooler,3,0,3
sufficiently_newsworthy,3,2,1
already_human,3,3,0
really_conversational,3,3,0
exactly_monstrous,3,3,0
visually_stylish,3,3,0
quite_controversial,3,3,0
absolutely_predictable,3,2,1
quite_content,3,3,0
overly_glib,3,3,0
already_likely,3,3,0
technically_torture,3,3,0
absolutely_optimal,3,3,0
already_liable,3,3,0
predictably_useful,3,3,0
overly_grainy,3,3,0
sufficiently_moisturized,3,3,0
actually_indicative,3,3,0
absolutely_outstanding,3,2,1
overly_green,3,3,0
overly_gregarious,3,2,1
overly_gritty,3,3,0
overly_gross,3,3,0
immediately_eager,3,3,0
visually_striking,3,3,0
quite_contented,3,3,0
immediately_drinkable,3,3,0
readily_confused,3,3,0
extremely_lazy,3,3,0
already_jewish,3,3,0
overly_hairy,3,3,0
really_crappy,3,3,0
exactly_minor,3,3,0
quite_continuous,3,3,0
that_explosive,3,2,1
that_suggestive,3,3,0
that_suicidal,3,3,0
immediately_disruptive,3,3,0
actually_inconceivable,3,3,0
extremely_intense,3,2,1
yet_nationwide,3,3,0
overly_gimmicky,3,3,0
already_fraught,3,3,0
fully_3d,3,3,0
overly_intrigued,3,3,0
extremely_insensitive,3,3,0
overly_introspective,3,3,0
quite_resilient,3,3,0
overly_introverted,3,3,0
heavily_technical,3,3,0
absolutely_privileged,3,3,0
already_gay,3,3,0
already_funny,3,3,0
precisely_similar,3,3,0
particularly_greek,3,2,1
overly_jealous,3,3,0
technically_unlawful,3,3,0
yet_mushy,3,3,0
vitally_necessary,3,3,0
yet_moribund,3,3,0
exactly_negligible,3,3,0
precisely_satisfying,3,3,0
extremely_inappropriate,3,2,1
philosophically_important,3,3,0
overly_knowledgeable,3,3,0
philosophically_inclined,3,3,0
exceptionally_stable,3,3,0
really_conductive,3,3,0
overly_late,3,3,0
absolutely_proud,3,3,0
immediately_alarming,3,2,1
super_trustworthy,3,3,0
overly_liberal,3,3,0
particularly_grim,3,3,0
sufficiently_offensive,3,3,0
overly_impatient,3,3,0
really_contentious,3,3,0
exactly_moral,3,3,0
already_higher,3,3,0
sufficiently_nuanced,3,3,0
immediately_conducive,3,3,0
exceptionally_stylish,3,3,0
exactly_motivated,3,3,0
visually_wonderful,3,2,1
sufficiently_nutritious,3,3,0
technically_unfeasible,3,3,0
quite_responsive,3,3,0
precisely_subtle,3,3,0
that_superstitious,3,3,0
exactly_muscular,3,3,0
super_unhealthy,3,3,0
all_cheesy,3,3,0
vitally_interested,3,3,0
already_healthy,3,3,0
wholly_open,3,3,0
philosophically_conservative,3,3,0
sufficiently_obvious,3,3,0
really_contagious,3,3,0
theoretically_available,3,3,0
that_fancy,3,3,0
already_guilty,3,3,0
immediately_catastrophic,3,3,0
immediately_captivating,3,3,0
generally_more,3,3,0
exactly_nasty,3,3,0
precisely_square,3,3,0
particularly_gross,3,2,1
super_vigilant,3,3,0
that_explicit,3,3,0
already_powerful,3,3,0
super_witty,3,3,0
actually_informative,3,3,0
wholly_personal,3,3,0
that_powerless,3,3,0
already_outdated,3,3,0
overly_favourable,3,3,0
particularly_honourable,3,3,0
that_possible,3,3,0
overly_fertile,3,3,0
terribly_mainstream,3,3,0
personally_sympathetic,3,3,0
that_subjective,3,3,0
absolutely_legal,3,3,0
exactly_magnetic,3,2,1
immediately_impactful,3,3,0
wholly_perfect,3,3,0
yet_painful,3,3,0
exclusively_pagan,3,2,1
extremely_meaningful,3,3,0
yet_overdue,3,3,0
predominately_male,3,3,0
exclusively_partisan,3,3,0
immediately_horrifying,3,3,0
technically_suitable,3,3,0
readily_changeable,3,3,0
overly_fit,3,3,0
exceptionally_vulnerable,3,3,0
all_blond,3,3,0
exactly_many,3,3,0
immediately_hilarious,3,3,0
quite_cocky,3,3,0
already_over,3,3,0
overly_farfetched,3,3,0
already_offensive,3,3,0
absolutely_insistent,3,3,0
readily_attributable,3,3,0
all_awesome,3,3,0
sufficiently_jewish,3,3,0
overly_epic,3,1,2
superbly_competent,3,3,0
terribly_menacing,3,3,0
wholly_pleasing,3,3,0
frequently_hilarious,3,3,0
generally_profitable,3,3,0
presently_conscious,3,3,0
presently_concerned,3,3,0
immediately_logical,3,3,0
visually_literate,3,3,0
heavily_concentrated,3,3,0
all_bent,3,1,2
particularly_horrendous,3,3,0
yet_passionate,3,3,0
presently_capable,3,3,0
terribly_maternal,3,3,0
actually_innovative,3,3,0
super_wrong,3,2,1
already_painful,3,3,0
quite_chaotic,3,3,0
already_overweight,3,3,0
overly_eye-popping,3,3,0
quite_charismatic,3,3,0
generally_predictable,3,3,0
theoretically_interesting,3,3,0
terribly_manly,3,3,0
that_stunned,3,3,0
exclusively_peaceful,3,3,0
really_customary,3,3,0
immediately_endearing,3,3,0
absolutely_obligatory,3,3,0
visually_prominent,3,3,0
exactly_melodic,3,3,0
visually_remarkable,3,3,0
heavily_literary,3,3,0
all_broken,3,3,0
overly_frugal,3,3,0
predominantly_kurdish,3,3,0
immediately_eye-catching,3,3,0
already_mandatory,3,3,0
personally_upset,3,3,0
quite_complementary,3,3,0
yet_obtainable,3,3,0
exactly_menacing,3,3,0
immediately_excited,3,3,0
absolutely_official,3,2,1
overly_frenetic,3,3,0
predominantly_christian,3,3,0
predominantly_catholic,3,3,0
exactly_merry,3,3,0
yet_observant,3,3,0
actually_indigenous,3,3,0
overly_gaudy,3,3,0
already_mad,3,3,0
extremely_liquid,3,3,0
personally_valuable,3,3,0
sufficiently_meek,3,3,0
overly_gentle,3,3,0
immediately_enforceable,3,3,0
already_loose,3,3,0
particularly_heartbroken,3,3,0
immediately_fixable,3,3,0
sufficiently_mad,3,3,0
overly_flattered,3,3,0
already_numb,3,3,0
yet_orthodox,3,3,0
quite_coincidental,3,3,0
immediately_happy,3,3,0
exactly_masculine,3,3,0
quite_colorful,3,3,0
super_wearable,3,3,0
already_obese,3,3,0
really_curly,3,3,0
overly_flirtatious,3,3,0
exceptionally_useful,3,3,0
terribly_literate,3,3,0
quite_comical,3,3,0
frighteningly_accurate,3,3,0
particularly_hilly,3,3,0
already_notorious,3,3,0
quite_savage,3,3,0
yet_optimistic,3,3,0
extremely_loyal,3,3,0
all_blurry,3,3,0
actually_inevitable,3,3,0
terribly_light,3,3,0
visually_perfect,3,3,0
really_cultural,3,2,1
terribly_lifelike,3,3,0
sufficiently_lucrative,3,3,0
really_culpable,3,3,0
overly_formulaic,3,3,0
exactly_mechanical,3,3,0
terribly_liberal,3,3,0
all_bogus,3,3,0
quite_faithful,3,3,0
then_spectacular,3,0,3
that_green,3,3,0
exceedingly_important,3,3,0
particularly_commendable,3,3,0
overwhelmingly_special,3,1,2
that_legible,3,3,0
super_fussy,3,3,0
overwhelmingly_spectacular,3,2,1
wholly_coincidental,3,3,0
yet_catholic,3,3,0
super_geeky,3,3,0
quite_omnipotent,3,3,0
particularly_comical,3,2,1
yet_central,3,3,0
terribly_desirable,3,3,0
exactly_transformative,3,3,0
all_immune,3,3,0
particularly_comedic,3,3,0
real_nervous,3,3,0
terribly_depressed,3,3,0
super_poor,3,3,0
exactly_traumatic,3,3,0
real_appropriate,3,3,0
all_prevalent,3,3,0
real_moral,3,3,0
quite_intolerable,3,3,0
wholly_comparable,3,3,0
wholly_friendly,3,3,0
real_modern,3,3,0
quite_intricate,3,3,0
exceedingly_hard,3,3,0
fully_urban,3,3,0
yet_different,3,3,0
politically_good,3,3,0
all_illegitimate,3,3,0
all_predictable,3,3,0
hopelessly_complex,3,3,0
overwhelmingly_present,3,3,0
overwhelmingly_productive,3,3,0
particularly_complete,3,3,0
fully_tropical,3,3,0
yet_downloadable,3,3,0
super_frequent,3,3,0
quite_insignificant,3,3,0
quite_instant,3,1,2
wholly_genetic,3,3,0
funnily_enough,3,2,1
actually_closer,3,3,0
particularly_compelled,3,3,0
actually_clever,3,3,0
overwhelmingly_sad,3,3,0
physically_vulnerable,3,3,0
all_pro-life,3,3,0
yet_divine,3,3,0
explicitly_feminine,3,3,0
politically_identifiable,3,3,0
highly_predictable,3,3,0
politically_homogeneous,3,3,0
wholly_futile,3,3,0
fully_unfounded,3,3,0
particularly_communal,3,2,1
all_idyllic,3,3,0
hopelessly_bleak,3,3,0
super_frustrating,3,2,1
terribly_apologetic,3,3,0
that_obscene,3,3,0
fundamentally_weak,3,3,0
particularly_collaborative,3,3,0
physiologically_capable,3,3,0
yet_drinkable,3,2,1
fundamentally_undemocratic,3,3,0
real_italian,3,3,0
painfully_derivative,3,3,0
all_plastic,3,3,0
wholly_conducive,3,3,0
explicitly_historical,3,3,0
quite_obscure,3,3,0
explicitly_homosexual,3,3,0
yet_dependable,3,3,0
quite_obscene,3,3,0
exquisitely_soft,3,3,0
that_wondrous,3,2,1
yet_dense,3,3,0
politically_desirable,3,3,0
historically_verifiable,3,3,0
that_literate,3,3,0
painfully_cute,3,3,0
all_phenomenal,3,3,0
fully_worth,3,3,0
yet_clear-cut,3,3,0
super_photogenic,3,3,0
historically_unreasonable,3,3,0
physiologically_ready,3,3,0
particularly_chic,3,2,1
wholly_conservative,3,3,0
historically_universal,3,3,0
particularly_cheaper,3,3,0
painfully_generic,3,3,0
painfully_hard,3,3,0
real_imaginative,3,3,0
painfully_honest,3,3,0
exactly_uncharacteristic,3,3,0
wholly_foreign,3,3,0
that_lethal,3,3,0
actively_friendly,3,3,0
overwhelmingly_warm,3,3,0
fully_verbal,3,3,0
real_lucky,3,3,0
terribly_arduous,3,3,0
fully_verifiable,3,3,0
overwhelmingly_wide,3,3,0
all_improbable,3,3,0
quite_invulnerable,3,3,0
overwhelmingly_worried,3,3,0
real_athletic,3,3,0
wholly_complete,3,3,0
politically_embarrassing,3,2,1
yet_chilly,3,3,0
all_polish,3,3,0
fully_virulent,3,3,0
all_incongruous,3,2,1
super_hardcore,3,2,1
all_pointless,3,3,0
actually_caucasian,3,3,0
politically_dumb,3,3,0
physiologically_hungry,3,3,0
politically_dominant,3,3,0
all_playful,3,3,0
that_light,3,3,0
yet_deployable,3,3,0
particularly_civilized,3,3,0
particularly_civil,3,3,0
politically_diverse,3,3,0
fundamentally_unreasonable,3,1,2
fundamentally_unjust,3,3,0
wholly_germane,3,3,0
super_pregnant,3,3,0
that_loose,3,3,0
exactly_tasty,3,3,0
horrendously_offensive,3,3,0
particularly_correct,3,3,0
quite_incompetent,3,3,0
quite_incomprehensible,3,3,0
real_relevant,3,3,0
overwhelmingly_excited,3,3,0
highly_motivating,3,3,0
fully_sincere,3,3,0
all_risky,3,3,0
physically_taxing,3,3,0
that_integral,3,3,0
extraordinarily_bright,3,3,0
highly_motivational,3,3,0
real_adept,3,3,0
then_guilty,3,3,0
all_rowdy,3,3,0
terribly_amazing,3,2,1
fully_soft,3,3,0
real_recent,3,3,0
extraordinarily_bad,3,3,0
real_rare,3,3,0
super_profitable,3,3,0
that_usable,3,3,0
super_essential,3,3,0
politically_offensive,3,3,0
all_heavenly,3,3,0
quite_organized,3,3,0
extraordinarily_athletic,3,3,0
yet_brisk,3,3,0
real_affectionate,3,3,0
horrendously_overpriced,3,3,0
fully_sexual,3,3,0
super_evident,3,3,0
that_inspirational,3,3,0
politically_progressive,3,3,0
real_savvy,3,3,0
all_handsome,3,3,0
particularly_criminal,3,1,2
yet_evil,3,3,0
horribly_awkward,3,3,0
physically_suitable,3,3,0
fully_searchable,3,3,0
highly_maneuverable,3,3,0
super_dynamic,3,3,0
real_sad,3,3,0
all_happier,3,3,0
super_early,3,3,0
politically_predictable,3,3,0
quite_outdated,3,3,0
actually_contemptuous,3,3,0
real_rough,3,3,0
wholly_hostile,3,3,0
overwhelmingly_distressed,3,3,0
super_edgy,3,3,0
yet_blue,3,3,0
fully_self-conscious,3,3,0
physically_sustainable,3,3,0
fully_self-contained,3,3,0
politically_pragmatic,3,3,0
physically_tall,3,3,0
super_elaborate,3,1,2
fully_sensitive,3,3,0
extraordinarily_close,3,3,0
further_detailed,3,3,0
politically_nuanced,3,3,0
all_resistant,3,3,0
actively_aggressive,3,3,0
highly_persuasive,3,3,0
quite_inexpensive,3,3,0
super_fat,3,3,0
overwhelmingly_lush,3,3,0
wholly_characteristic,3,3,0
super_feasible,3,3,0
exactly_timid,3,3,0
that_obsessive,3,3,0
particularly_confusing,3,3,0
real_personal,3,2,1
politically_irrelevant,3,3,0
quite_informative,3,3,0
particularly_confidential,3,3,0
overwhelmingly_original,3,3,0
exceedingly_painful,3,3,0
real_outgoing,3,3,0
physically_unfit,3,3,0
all_hopeful,3,3,0
overwhelmingly_persuasive,3,3,0
politically_interesting,3,3,0
super_pretentious,3,3,0
super_fluent,3,3,0
super_fluffy,3,3,0
furiously_alive,3,3,0
highly_physical,3,3,0
that_vigilant,3,3,0
particularly_concrete,3,2,1
particularly_conciliatory,3,3,0
fully_traditional,3,3,0
that_vile,3,3,0
real_appealing,3,3,0
that_invisible,3,3,0
politically_likely,3,3,0
extraordinarily_arrogant,3,3,0
terribly_distinct,3,3,0
exceedingly_proud,3,3,0
overwhelmingly_greasy,3,3,0
further_convincing,3,3,0
exactly_tenable,3,3,0
overwhelmingly_happy,3,3,0
further_concerned,3,3,0
terribly_distinguished,3,3,0
fully_subjective,3,3,0
wholly_bleak,3,3,0
all_higher,3,3,0
super_extensive,3,3,0
fully_subservient,3,3,0
all_relaxed,3,3,0
all_hilarious,3,3,0
politically_moderate,3,3,0
politically_literate,3,3,0
further_complicated,3,3,0
particularly_considerate,3,3,0
super_faithful,3,3,0
politically_miserable,3,3,0
overwhelmingly_impressed,3,3,0
all_holy,3,3,0
highly_overrated,3,3,0
all_homeless,3,3,0
all_recent,3,3,0
quite_industrial,3,3,0
real_possible,3,3,0
fully_susceptible,3,3,0
super_private,3,3,0
politically_lopsided,3,3,0
highly_reliant,3,3,0
super_honest,3,3,0
real_scary,3,3,0
historically_certain,3,3,0
actually_advantageous,3,3,0
highly_tolerant,3,3,0
fundamentally_necessary,3,2,1
explicitly_negative,3,3,0
historically_commensurate,3,3,0
wholly_desirable,3,3,0
particularly_adverse,3,3,0
super_mainstream,3,3,0
all_muddy,3,3,0
actually_beholden,3,3,0
quite_meaningless,3,2,1
quite_meaty,3,3,0
all_legible,3,3,0
fundamentally_mysterious,3,2,1
yet_concrete,3,3,0
quite_neat,3,3,0
actually_barren,3,3,0
all_morbid,3,3,0
thematically_relevant,3,3,0
exactly_unwatchable,3,3,0
wholly_enthusiastic,3,3,0
plain_impossible,3,3,0
fundamentally_difficult,3,2,1
exactly_unwilling,3,3,0
exactly_upright,3,3,0
all_moody,3,3,0
super_massive,3,2,1
historically_appropriate,3,3,0
terribly_comfy,3,3,0
real_credible,3,3,0
explicitly_muslim,3,2,1
all_muslim,3,3,0
super_meaningful,3,3,0
all_noble,3,3,0
super_opaque,3,3,0
real_dangerous,3,2,1
actually_addictive,3,3,0
historically_easy,3,3,0
explicitly_subject,3,3,0
all_normal,3,2,1
actually_best,3,3,0
historically_dominant,3,3,0
particularly_beloved,3,3,0
all_nonsensical,3,3,0
fundamentally_political,3,3,0
particularly_acceptable,3,3,0
real_clever,3,3,0
terribly_bloody,3,3,0
super_long-lasting,3,3,0
highly_theoretical,3,3,0
highly_technological,3,3,0
actually_adorable,3,3,0
quite_manic,3,3,0
explicitly_scientific,3,3,0
historically_consistent,3,3,0
particularly_adamant,3,3,0
all_naked,3,3,0
fundamentally_correct,3,3,0
all_naive,3,3,0
all_large,3,3,0
all_mysterious,3,3,0
terribly_bold,3,2,1
actually_benevolent,3,3,0
thematically_rich,3,3,0
super_mature,3,3,0
wholly_enjoyable,3,3,0
all_obedient,3,3,0
quite_moribund,3,3,0
terribly_chuffed,3,3,0
quite_minimal,3,3,0
particularly_anti-semitic,3,3,0
actually_autobiographical,3,3,0
all_lonely,3,3,0
hilariously_entertaining,3,3,0
exactly_wearable,3,3,0
all_medical,3,2,1
plain_yellow,3,3,0
wholly_economic,3,3,0
super_notable,3,3,0
that_mushy,3,3,0
exactly_verbose,3,3,0
exactly_vulgar,3,3,0
wholly_diverse,3,3,0
quite_much,3,3,0
exactly_vibrant,3,3,0
super_nerdy,3,3,0
all_mandatory,3,3,0
actually_ashamed,3,3,0
particularly_arresting,3,3,0
highly_watchable,3,3,0
terribly_central,3,3,0
terribly_cerebral,3,2,1
all_malicious,3,3,0
exactly_viral,3,3,0
exactly_vigorous,3,3,0
quite_monthly,3,3,0
highly_vocal,3,3,0
particularly_arguable,3,3,0
particularly_anomalous,3,3,0
particularly_atmospheric,3,3,0
all_monolithic,3,3,0
wholly_dismissive,3,2,1
wholly_detrimental,3,3,0
exactly_upscale,3,3,0
particularly_agreeable,3,3,0
actually_awful,3,3,0
exactly_usual,3,3,0
explicitly_responsible,3,3,0
quite_menacing,3,3,0
plainly_offensive,3,3,0
particularly_alcoholic,3,3,0
wholly_engaging,3,3,0
quite_metallic,3,3,0
highly_uncomfortable,3,3,0
terribly_cohesive,3,3,0
explicitly_relevant,3,3,0
particularly_ambiguous,3,2,1
that_monumental,3,3,0
super_obsessed,3,3,0
quite_mushy,3,3,0
super_observant,3,3,0
particularly_audible,3,3,0
exactly_vacant,3,3,0
terribly_bummed,3,3,0
highly_unionized,3,3,0
super_obnoxious,3,3,0
plainly_frivolous,3,3,0
super_muscular,3,3,0
particularly_angelic,3,3,0
that_moist,3,3,0
highly_unprepared,3,3,0
terribly_cinematic,3,2,1
all_noticeable,3,3,0
all_kid-friendly,3,3,0
actually_broad,3,3,0
all_intelligible,3,3,0
that_yummy,3,3,0
terribly_crazy,3,3,0
functionally_illiterate,3,3,0
historically_prone,3,3,0
highly_robust,3,3,0
quite_lethal,3,3,0
functionally_important,3,3,0
all_orderly,3,3,0
historically_problematic,3,3,0
historically_present,3,3,0
fundamentally_selfish,3,3,0
quite_liberal,3,3,0
real_forgiving,3,3,0
historically_popular,3,3,0
plain_beautiful,3,3,0
real_black,3,3,0
exactly_unforeseen,3,3,0
plain_boring,3,3,0
all_orange,3,3,0
wholly_conversant,3,3,0
highly_secretive,3,3,0
historically_open,3,3,0
thats_cool,3,3,0
exceedingly_bad,3,3,0
super_informative,3,3,0
particularly_buggy,3,3,0
painstakingly_easy,3,3,0
quite_lightweight,3,3,0
politically_beholden,3,3,0
highly_sexual,3,3,0
all_intact,3,3,0
fundamentally_simple,3,3,0
all_introspective,3,2,1
quite_noteworthy,3,3,0
exceedingly_common,3,3,0
real_huge,3,3,0
functionally_active,3,3,0
exactly_underrated,3,3,0
all_pale,3,3,0
exquisitely_detailed,3,3,0
exactly_understandable,3,3,0
real_honest,3,3,0
historically_strong,3,3,0
actively_mad,3,3,0
yet_cloudy,3,3,0
plain_annoying,3,3,0
historically_sound,3,3,0
actively_offensive,3,3,0
real_handsome,3,3,0
wholly_conventional,3,3,0
that_loveable,3,3,0
all_insecure,3,3,0
highly_reputable,3,3,0
that_loving,3,3,0
actually_bottomless,3,3,0
quite_late,3,3,0
all_outraged,3,3,0
highly_respected,3,3,0
real_glamorous,3,2,1
painfully_sore,3,3,0
then_common,3,3,0
painfully_sweet,3,3,0
highly_restrictive,3,3,0
painfully_thin,3,3,0
actively_rude,3,3,0
functionally_obsolete,3,3,0
then_amazing,3,0,3
then_astounding,3,3,0
fundamentally_real,3,2,1
yet_conversant,3,3,0
terribly_conspicuous,3,3,0
exactly_worthless,3,3,0
wholly_cynical,3,3,0
fundamentally_ready,3,3,0
explicitly_male,3,3,0
that_mature,3,3,0
partially_guilty,3,3,0
yet_conventional,3,3,0
historically_honest,3,3,0
wholly_dark,3,3,0
actually_3d,3,3,0
exactly_unprepared,3,3,0
real_durable,3,3,0
highly_stressful,3,3,0
actually_abusive,3,3,0
partially_nude,3,3,0
highly_suspect,3,3,0
highly_suspenseful,3,3,0
pointedly_political,3,3,0
yet_contagious,3,3,0
highly_symbolic,3,2,1
exactly_unreasonable,3,3,0
quite_loyal,3,3,0
explicitly_theological,3,3,0
fundamentally_private,3,3,0
historically_favorable,3,3,0
real_dirty,3,2,1
quite_lush,3,3,0
fundamentally_related,3,3,0
that_masculine,3,3,0
actually_blank,3,3,0
super_intricate,3,3,0
wholly_explicit,3,3,0
super_insightful,3,3,0
painstakingly_neat,3,3,0
particularly_brazen,3,3,0
that_manageable,3,3,0
then_certain,3,3,0
particularly_bountiful,3,3,0
then_capable,3,2,1
all_offended,3,3,0
wholly_creative,3,3,0
terribly_convoluted,3,3,0
actively_supportive,3,3,0
thats_okay,3,3,0
super_intimidating,3,3,0
real_challenging,3,2,1
particularly_blue,3,2,1
yet_correct,3,3,0
exactly_unjustified,3,3,0
real_evident,3,3,0
partially_aware,3,3,0
explicitly_visible,3,3,0
functionally_suitable,3,3,0
real_equivalent,3,3,0
plain_delicious,3,3,0
super_invasive,3,3,0
historically_inclined,3,3,0
then_better,3,3,0
terribly_contagious,3,3,0
partially_complete,3,3,0
super_outstanding,3,1,2
exceedingly_technical,3,3,0
all_sappy,3,3,0
overtly_accessible,3,3,0
possibly_real,3,3,0
highly_different,3,3,0
overtly_fond,3,3,0
particularly_dubious,3,2,1
overtly_frightening,3,3,0
physically_intact,3,3,0
terribly_fantastic,3,3,0
however_happy,3,1,2
extremely_appetizing,3,3,0
yet_harsh,3,3,0
highly_digestible,3,3,0
exactly_selective,3,3,0
possibly_right,3,3,0
really_academic,3,3,0
all_exceptional,3,3,0
exactly_self-explanatory,3,3,0
extremely_approachable,3,3,0
overtly_gory,3,2,1
however_extreme,3,1,2
all_terrified,3,3,0
really_abundant,3,3,0
that_hellish,3,3,0
extremely_ambitious,3,3,0
overtly_gross,3,3,0
fully_laden,3,3,0
super_assertive,3,3,0
all_tense,3,3,0
particularly_driven,3,3,0
super_sappy,3,3,0
quite_frigid,3,3,0
exorbitantly_pricey,3,3,0
extremely_appreciative,3,3,0
all_timid,3,3,0
quite_fruity,3,3,0
physically_injurious,3,3,0
overtly_exciting,3,2,1
really_adult,3,2,1
however_likely,3,3,0
wholly_innocuous,3,3,0
extremely_basic,3,3,0
particularly_edible,3,3,0
particularly_ecstatic,3,3,0
that_overjoyed,3,3,0
exceptionally_effective,3,3,0
super_adept,3,3,0
however_interested,3,3,0
wholly_inferior,3,3,0
overtly_familiar,3,3,0
wholly_inexplicable,3,3,0
exactly_savvy,3,3,0
particularly_dusty,3,3,0
quite_frank,3,3,0
all_ethereal,3,3,0
possibly_visible,3,3,0
exceptionally_durable,3,3,0
super_affectionate,3,3,0
terribly_fascinating,3,2,1
all_transparent,3,3,0
all_tranquil,3,3,0
really_adamant,3,3,0
exceptionally_dry,3,3,0
yet_articulate,3,3,0
exactly_sci-fi,3,3,0
extremely_appropriate,3,3,0
highly_detrimental,3,3,0
overtly_heavy,3,3,0
yet_habitable,3,3,0
particularly_efficacious,3,3,0
exactly_sexual,3,3,0
fully_mechanical,3,3,0
particularly_divisive,3,3,0
academically_acceptable,3,3,0
super_bitter,3,3,0
physically_manifest,3,3,0
quite_grainy,3,3,0
particularly_divergent,3,3,0
super_blurry,3,3,0
overtly_large,3,3,0
all_extinct,3,3,0
all_fabulous,3,2,1
realistically_open,3,3,0
terribly_exotic,3,1,2
realistically_obtainable,3,3,0
all_factual,3,3,0
exactly_serendipitous,3,3,0
overtly_macho,3,2,1
overtly_magical,3,1,2
overtly_male,3,3,0
quite_greek,3,3,0
super_risky,3,3,0
exceptionally_complicated,3,3,0
yet_awesome,3,3,0
all_superficial,3,3,0
overtly_mean,3,3,0
fully_natural,3,3,0
overtly_menacing,3,2,1
that_hysterical,3,3,0
highly_emotive,3,3,0
realistically_enough,3,3,0
realistically_related,3,3,0
super_rude,3,3,0
overtly_helpful,3,3,0
highly_distinctive,3,3,0
readily_responsive,3,3,0
actually_discriminatory,3,3,0
yet_grey,3,3,0
overtly_hilarious,3,3,0
quite_generic,3,3,0
physically_invasive,3,3,0
yet_attractive,3,3,0
possibly_good,3,3,0
extremely_adorable,3,3,0
that_hilly,3,3,0
quite_gentle,3,3,0
super_available,3,3,0
abysmally_bad,3,3,0
that_unfit,3,3,0
that_unforgiving,3,3,0
super_runny,3,3,0
quite_glad,3,3,0
super_awful,3,3,0
exactly_sensible,3,3,0
realistically_worth,3,3,0
overtly_humorous,3,3,0
all_exhaustive,3,3,0
quite_pleasurable,3,3,0
actually_disappointing,3,3,0
extravagantly_wealthy,3,3,0
possibly_better,3,2,1
super_believable,3,3,0
generally_busy,3,3,0
possibly_available,3,3,0
quite_platonic,3,3,0
terribly_fearsome,3,3,0
overtly_evident,3,3,0
quite_gritty,3,3,0
hugely_annoying,3,3,0
particularly_enlightened,3,3,0
fully_gay,3,3,0
exactly_rigid,3,3,0
exactly_rigorous,3,3,0
physically_grueling,3,3,0
all_valid,3,3,0
actually_enforceable,3,3,0
highly_complimentary,3,3,0
actually_endemic,3,3,0
particularly_enforceable,3,3,0
potentially_powerful,3,3,0
super_sheer,3,3,0
fully_genuine,3,3,0
terribly_frustrated,3,3,0
that_grumpy,3,3,0
potentially_problematic,3,3,0
yet_infectious,3,3,0
exactly_rough,3,3,0
actually_endangered,3,3,0
sufficiently_worrisome,3,3,0
yet_infamous,3,3,0
yet_infallible,3,3,0
all_drunk,3,3,0
quite_favourable,3,3,0
exceptionally_familiar,3,3,0
quite_fearless,3,3,0
really_anti-american,3,3,0
absurdly_cheap,3,3,0
overtly_cheesy,3,2,1
overtly_cinematic,3,3,0
terribly_full,3,3,0
hugely_attractive,3,3,0
readily_portable,3,3,0
overtly_annoying,3,3,0
overtly_active,3,3,0
extremely_contagious,3,3,0
actually_european,3,3,0
absolutely_white,3,3,0
extremely_consistent,3,3,0
fully_foreign,3,3,0
all_watery,3,3,0
hugely_challenging,3,3,0
generally_deadly,3,2,1
overtly_angry,3,3,0
sufficiently_visionary,3,3,0
highly_comfortable,3,3,0
quite_presidential,3,3,0
sufficiently_visual,3,3,0
sufficiently_volatile,3,3,0
quite_far-fetched,3,3,0
overtly_antagonistic,3,3,0
highly_commendable,3,3,0
potentially_relevant,3,1,2
that_unacceptable,3,3,0
hugely_bitter,3,3,0
overtly_anti-israel,3,3,0
technologically_neutral,3,3,0
hugely_beneficial,3,3,0
sufficiently_wary,3,3,0
really_arguable,3,3,0
sufficiently_wealthy,3,3,0
quite_fantastical,3,3,0
that_unattainable,3,3,0
exactly_ridiculous,3,2,1
all_unwarranted,3,3,0
highly_conservative,3,3,0
highly_debatable,3,3,0
yet_historical,3,3,0
highly_costly,3,3,0
potentially_disastrous,3,3,0
terribly_flawed,3,3,0
however_related,3,2,1
extremely_bored,3,3,0
particularly_elite,3,3,0
that_overpowering,3,3,0
overtly_difficult,3,3,0
however_ready,3,3,0
quite_foolhardy,3,3,0
overtly_disruptive,3,3,0
physically_inactive,3,3,0
terribly_flat,3,3,0
highly_coveted,3,2,1
all_underground,3,3,0
highly_cost-effective,3,3,0
that_hazardous,3,3,0
all_unconscious,3,3,0
all_unclear,3,3,0
quite_forbidden,3,3,0
super_selective,3,3,0
potentially_confusing,3,2,1
physically_independent,3,3,0
fully_informative,3,3,0
all_elderly,3,3,0
all_trustworthy,3,3,0
exactly_sacred,3,3,0
however_necessary,3,3,0
highly_damaging,3,3,0
all_troublesome,3,3,0
all_uneasy,3,3,0
well_short,3,3,0
exactly_royal,3,3,0
all_unkind,3,3,0
potentially_life-threatening,3,3,0
quite_feminine,3,3,0
that_harder,3,3,0
extremely_catchy,3,3,0
that_harmless,3,3,0
physically_huge,3,3,0
terribly_forthright,3,3,0
actually_educational,3,2,1
exceptionally_exciting,3,3,0
quite_fierce,3,3,0
terribly_forgiving,3,3,0
all_unprecedented,3,3,0
all_unnerved,3,3,0
yet_answerable,3,3,0
well_seasoned,3,3,0
quite_fluffy,3,3,0
however_sure,3,3,0
well_several,3,3,0
however_successful,3,1,2
exceptionally_excited,3,3,0
yet_iconic,3,3,0
all_unified,3,3,0
overtly_creepy,3,3,0
quite_flawed,3,3,0
exactly_russian,3,3,0
yet_humid,3,3,0
fully_identical,3,3,0
potentially_far-reaching,3,3,0
all_unfair,3,3,0
highly_corrosive,3,3,0
extraordinarily_wrong,3,1,2
exceptionally_complex,3,3,0
politically_provocative,3,2,1
particularly_definitive,3,3,0
actually_crucial,3,3,0
horribly_interesting,3,1,2
real_sticky,3,3,0
wholly_apparent,3,3,0
particularly_delightful,3,2,1
real_steady,3,2,1
yet_fat,3,3,0
actually_critical,3,3,0
horribly_impressive,3,3,0
all_significant,3,3,0
terribly_abundant,3,3,0
physically_satisfying,3,3,0
fully_recognisable,3,3,0
quite_immaterial,3,3,0
super_defensible,3,3,0
fully_raw,3,3,0
particularly_deficient,3,2,1
politically_shrewd,3,3,0
overtly_worried,3,3,0
horribly_high,3,3,0
quite_immediate,3,3,0
horribly_hard,3,3,0
extraordinarily_happy,3,3,0
actually_credible,3,2,1
extraordinarily_great,3,3,0
exactly_subject,3,3,0
terribly_educational,3,3,0
particularly_deceptive,3,3,0
politically_sensible,3,3,0
overwhelmingly_apparent,3,3,0
exactly_strenuous,3,3,0
actually_cruel,3,3,0
super_dense,3,3,0
academically_smart,3,3,0
fully_privy,3,3,0
yet_believable,3,3,0
terribly_eloquent,3,3,0
quite_iconic,3,3,0
yet_better,3,2,1
horribly_original,3,3,0
quite_icy,3,3,0
that_unorthodox,3,3,0
politically_taboo,3,3,0
quite_par,3,3,0
exactly_stereotypical,3,3,0
physically_recognizable,3,3,0
actually_curly,3,3,0
politically_sympathetic,3,3,0
fully_proportional,3,3,0
all_frivolous,3,3,0
exactly_sterile,3,3,0
extraordinarily_long,3,3,0
super_crispy,3,3,0
all_skeptical,3,3,0
all_frazzled,3,3,0
all_sinister,3,3,0
that_inconceivable,3,3,0
all_single,3,3,0
wholly_anonymous,3,3,0
terribly_egregious,3,2,1
further_upset,3,3,0
yet_fearsome,3,3,0
readily_useful,3,2,1
real_stressful,3,3,0
terribly_acidic,3,3,0
highly_inflammatory,3,3,0
quite_hysterical,3,3,0
overwhelmingly_compelling,3,3,0
particularly_customizable,3,3,0
wholly_available,3,3,0
real_sick,3,3,0
accurately_comparable,3,3,0
accurately_detailed,3,3,0
horribly_depressed,3,3,0
highly_irrational,3,3,0
accurately_enough,3,3,0
extraordinarily_exciting,3,3,0
exactly_superb,3,3,0
yet_exclusive,3,3,0
all_gray,3,3,0
extraordinarily_efficient,3,3,0
highly_judgmental,3,3,0
extraordinarily_effective,3,3,0
exactly_sudden,3,3,0
horribly_confusing,3,2,1
quite_outspoken,3,3,0
yet_excellent,3,3,0
horribly_complex,3,3,0
highly_legible,3,3,0
wholly_avoidable,3,3,0
exactly_superstitious,3,3,0
all_groovy,3,3,0
overwhelmingly_conservative,3,3,0
accurately_measurable,3,3,0
highly_liquid,3,3,0
real_sentimental,3,3,0
actually_convenient,3,3,0
overwhelmingly_convincing,3,3,0
exactly_sufficient,3,3,0
actually_corrupt,3,3,0
that_ineffective,3,3,0
yet_explicit,3,3,0
that_unrelated,3,3,0
horribly_flawed,3,3,0
that_inept,3,3,0
highly_innovative,3,3,0
all_sentimental,3,3,0
overwhelmingly_bad,3,3,0
all_sensible,3,3,0
that_inevitable,3,3,0
all_german,3,3,0
exactly_sublime,3,3,0
actually_costly,3,3,0
horribly_exciting,3,2,1
wholly_illegal,3,3,0
politically_salient,3,3,0
wholly_atypical,3,3,0
exceedingly_violent,3,3,0
all_secure,3,3,0
terribly_admirable,3,3,0
fully_resistant,3,3,0
highly_interactive,3,3,0
that_unstable,3,3,0
that_ominous,3,3,0
physically_sound,3,3,0
overwhelmingly_black,3,3,0
fully_respectful,3,3,0
particularly_cutesy,3,2,1
all_secretive,3,3,0
highly_intrusive,3,3,0
that_inferior,3,3,0
further_irritated,3,3,0
overtly_theatrical,3,2,1
overtly_technical,3,3,0
temporarily_insane,3,3,0
yet_forgiving,3,3,0
exactly_sleepy,3,3,0
horribly_worse,3,3,0
fully_optimistic,3,3,0
generally_apparent,3,3,0
horribly_useful,3,3,0
physically_ok,3,3,0
that_uninhibited,3,3,0
highly_experienced,3,3,0
overtly_provocative,3,3,0
particularly_discouraged,3,3,0
physically_older,3,3,0
exactly_sluggish,3,3,0
all_stern,3,3,0
overtly_pushy,3,2,1
positively_clear,3,3,0
all_fatal,3,3,0
horribly_unhealthy,3,3,0
horribly_unfair,3,3,0
horribly_uncommon,3,3,0
terribly_esoteric,3,2,1
quite_hidden,3,3,0
fully_over,3,3,0
physically_overpowering,3,3,0
terribly_epic,3,1,2
overtly_rebellious,3,3,0
real_useful,3,3,0
positively_bad,3,3,0
exceptionally_cheap,3,3,0
yet_forecast,3,3,0
super_colorful,3,3,0
all_strict,3,3,0
overtly_pornographic,3,3,0
overtly_resistant,3,3,0
generally_attractive,3,3,0
academically_capable,3,3,0
readily_solvable,3,3,0
overtly_misogynistic,3,3,0
all_farfetched,3,3,0
exceptionally_compelling,3,3,0
realistically_capable,3,3,0
physically_nearby,3,3,0
highly_enough,3,3,0
realistically_available,3,3,0
terribly_evocative,3,3,0
readily_suitable,3,3,0
quite_harmless,3,3,0
super_catchy,3,3,0
physically_next,3,3,0
extraordinarily_sweet,3,3,0
readily_traceable,3,3,0
super_restrictive,3,3,0
super_certain,3,3,0
generally_attainable,3,3,0
quite_perky,3,3,0
super_charismatic,3,3,0
overtly_optimistic,3,3,0
overtly_ostentatious,3,1,2
real_wise,3,3,0
all_stuck,3,3,0
overtly_passionate,3,3,0
real_windy,3,3,0
physically_noticeable,3,3,0
overtly_physical,3,2,1
extraordinarily_strong,3,3,0
quite_historical,3,3,0
particularly_discernible,3,3,0
politically_treacherous,3,3,0
overtly_sporty,3,3,0
actually_defamatory,3,3,0
particularly_detrimental,3,3,0
academically_motivated,3,3,0
exactly_spartan,3,3,0
overtly_sinister,3,1,2
quite_hopeful,3,3,0
generally_advantageous,3,3,0
politically_unsustainable,3,3,0
wholly_improper,3,3,0
terribly_emotional,3,3,0
that_inappropriate,3,3,0
wholly_improbable,3,3,0
wholly_amenable,3,3,0
quite_horizontal,3,3,0
real_tasty,3,3,0
politically_volatile,3,3,0
academically_proficient,3,3,0
exactly_spooky,3,3,0
wholly_impressive,3,3,0
overtly_supportive,3,3,0
real_talented,3,3,0
politically_unacceptable,3,3,0
yet_fierce,3,3,0
exactly_sporty,3,3,0
quite_passive,3,3,0
yet_beholden,3,3,0
fully_predictive,3,3,0
all_sloppy,3,3,0
actually_darker,3,3,0
academically_selective,3,3,0
politically_vocal,3,3,0
academically_intelligent,3,3,0
overtly_retro,3,3,0
wholly_adverse,3,3,0
real_unusual,3,3,0
exceptionally_challenging,3,3,0
particularly_disappointing,3,2,1
highly_fashionable,3,3,0
exactly_sneaky,3,3,0
that_imperative,3,3,0
all_fictional,3,3,0
terribly_engrossing,3,3,0
all_stable,3,3,0
academically_honest,3,3,0
all_squeamish,3,3,0
particularly_disadvantaged,3,3,0
wholly_inclusive,3,3,0
extraordinarily_rich,3,3,0
overtly_satirical,3,2,1
super_comprehensive,3,3,0
particularly_dire,3,3,0
that_impractical,3,3,0
overtly_scary,3,3,0
all_fit,3,3,0
all_flawed,3,3,0
explicitly_bad,3,3,0
all_flawless,3,3,0
terribly_endearing,3,3,0
actually_defective,3,3,0
then_ok,3,2,1
all_spiritual,3,3,0
overtly_sentimental,3,3,0
overtly_serious,3,2,1
all_flustered,3,3,0
rather_warm,3,3,0
actually_audible,3,2,1
properly_attuned,3,3,0
very_various,3,3,0
exactly_fraught,3,3,0
excessively_excited,3,3,0
perfectly_democratic,3,3,0
wildly_volatile,3,3,0
excessively_lavish,3,3,0
altogether_desperate,3,3,0
excessively_excessive,3,2,1
previously_common,3,3,0
sufficiently_astute,3,3,0
exactly_french,3,3,0
previously_conscious,3,3,0
altogether_disagreeable,3,3,0
incredibly_thrilled,3,3,0
grossly_inadequate,3,3,0
also_keen,3,3,0
previously_close,3,3,0
visibly_beautiful,3,3,0
perfectly_tidy,3,3,0
actually_pricey,3,3,0
wildly_passionate,3,3,0
perfectly_tender,3,3,0
really_front,3,3,0
grossly_misunderstood,3,3,0
particularly_provocative,3,3,0
that_reflective,3,3,0
wholly_voluntary,3,3,0
surprisingly_small,3,3,0
yet_small,3,3,0
extremely_vibrant,3,3,0
suddenly_brilliant,3,3,0
quite_urgent,3,3,0
far_sufficient,3,3,0
tactically_important,3,3,0
wholly_visible,3,3,0
really_fruitful,3,3,0
also_lengthy,3,3,0
purposefully_cruel,3,3,0
quite_wholesome,3,3,0
also_legal,3,3,0
previously_detectable,3,3,0
genuinely_committed,3,3,0
terribly_unfamiliar,3,3,0
purposefully_deceitful,3,3,0
purposefully_deceptive,3,3,0
particularly_promiscuous,3,3,0
exactly_frightful,3,3,0
sufficiently_awful,3,3,0
outwardly_friendly,3,3,0
wholly_unwise,3,3,0
genuinely_awful,3,3,0
otherwise_acceptable,3,3,0
that_depraved,3,3,0
aesthetically_unique,3,3,0
grossly_irregular,3,3,0
also_selfish,3,3,0
that_resolute,3,3,0
very_uptight,3,3,0
altogether_eager,3,3,0
altogether_disappointing,3,3,0
outright_contradictory,3,3,0
yet_topical,3,3,0
purely_literary,3,3,0
outwardly_glorious,3,1,2
perfectly_open,3,3,0
ostensibly_political,3,3,0
particularly_urban,3,3,0
pretty_wonderful,3,3,0
pretty_wild,3,2,1
altogether_displeased,3,3,0
properly_balanced,3,3,0
racially_segregated,3,3,0
outright_counterproductive,3,3,0
incredibly_tight,3,3,0
grossly_incompetent,3,3,0
first_able,3,3,0
far_stronger,3,3,0
yet_single,3,2,1
quite_yellow,3,3,0
profoundly_dangerous,3,3,0
financially_competitive,3,3,0
otherwise_remarkable,3,3,0
actually_prepared,3,3,0
actually_wet,3,3,0
perfectly_waterproof,3,3,0
actually_precise,3,3,0
particularly_upscale,3,2,1
first_available,3,3,0
racially_qualified,3,3,0
also_involved,3,3,0
very_vain,3,3,0
surprisingly_few,3,2,1
also_less,3,3,0
perfectly_harmless,3,3,0
also_liable,3,3,0
actually_psychotic,3,3,0
really_gory,3,3,0
actually_quick,3,3,0
financially_valuable,3,3,0
principally_technological,3,3,0
previously_obtainable,3,3,0
previously_observable,3,3,0
actually_purple,3,3,0
incredibly_subtle,3,3,0
grossly_deficient,3,3,0
properly_active,3,3,0
wholly_western,3,3,0
also_wide,3,3,0
particularly_racial,3,3,0
actually_wise,3,3,0
outstandingly_effective,3,3,0
excessively_familiar,3,3,0
purely_conservative,3,3,0
therefore_dangerous,3,3,0
wholly_whimsical,3,3,0
outstandingly_good,3,3,0
genuinely_unsightly,3,3,0
exactly_flattered,3,3,0
terrifically_useful,3,3,0
technically_homeless,3,3,0
incredibly_strict,3,3,0
very_villainous,3,3,0
sufficiently_alluring,3,3,0
far_younger,3,3,0
that_caring,3,3,0
really_grand,3,2,1
incredibly_brave,3,3,0
incredibly_stubborn,3,3,0
sufficiently_altruistic,3,3,0
wholly_willing,3,3,0
incredibly_bored,3,3,0
actually_quiet,3,3,0
racially_inflammatory,3,1,2
exactly_electrifying,3,3,0
quite_verbatim,3,3,0
altogether_crazy,3,3,0
extremely_welcoming,3,3,0
grossly_abnormal,3,2,1
technically_historical,3,3,0
about_trendy,3,3,0
financially_corrupt,3,3,0
incredibly_terrible,3,3,0
really_geeky,3,3,0
far_underground,3,2,1
really_general,3,3,0
actually_superior,3,3,0
exactly_forgivable,3,3,0
outwardly_bad,3,3,0
exactly_confusing,3,3,0
about_modern,3,3,0
about_melancholy,3,3,0
incredibly_technical,3,3,0
actually_proficient,3,3,0
really_gloomy,3,3,0
exactly_fortuitous,3,3,0
perfectly_successful,3,3,0
therefore_concerned,3,3,0
that_deluded,3,3,0
rather_hypocritical,3,3,0
altogether_debilitating,3,3,0
exactly_dependable,3,3,0
perfectly_detailed,3,3,0
excessively_hairy,3,3,0
incredibly_profound,3,3,0
grossly_exaggerated,3,3,0
incredibly_appealing,3,3,0
exactly_conscientious,3,3,0
adequately_specific,3,3,0
exactly_constant,3,3,0
actually_socialist,3,3,0
purely_virtual,3,3,0
incredibly_surprised,3,3,0
previously_legal,3,3,0
profoundly_depressed,3,3,0
outwardly_angry,3,3,0
incredibly_prolific,3,3,0
also_low,3,3,0
extremely_vivid,3,3,0
extremely_vital,3,3,0
otherwise_concerned,3,3,0
rather_disappointing,3,3,0
sufficiently_apologetic,3,3,0
about_true,3,3,0
incredibly_suspicious,3,3,0
actually_superhuman,3,3,0
visibly_active,3,3,0
grossly_mistaken,3,3,0
particularly_pricey,3,3,0
surprisingly_simple,3,3,0
fairly_present,3,3,0
perfectly_convenient,3,3,0
actually_voluntary,3,3,0
increasingly_dependent,3,3,0
wholly_unnatural,3,3,0
publicly_dismissive,3,3,0
increasingly_critical,3,3,0
really_intellectual,3,2,1
particularly_skimpy,3,3,0
really_main,3,3,0
terribly_small,3,3,0
visibly_distraught,3,2,1
pretty_tame,3,3,0
extremely_troublesome,3,3,0
originally_possible,3,3,0
exactly_colorful,3,3,0
geographically_central,3,3,0
really_obtrusive,3,3,0
pretty_sweet,3,3,0
purely_instinctive,3,3,0
also_hot,3,3,0
originally_related,3,3,0
perhaps_reflective,3,2,1
sufficiently_bold,3,3,0
outwardly_special,3,0,3
actually_swollen,3,3,0
properly_dead,3,3,0
also_impressed,3,2,1
geographically_adjacent,3,3,0
quite_unconscious,3,3,0
particularly_playable,3,3,0
yet_vegetarian,3,3,0
quite_uncomplicated,3,3,0
particularly_skeptical,3,3,0
incredibly_visible,3,3,0
that_spicy,3,3,0
exactly_genuine,3,3,0
particularly_venomous,3,3,0
about_local,3,3,0
originally_religious,3,3,0
sufficiently_clever,3,3,0
yet_sentient,3,3,0
really_favourable,3,3,0
substantially_weaker,3,3,0
rather_proud,3,3,0
fiendishly_difficult,3,3,0
particularly_pervasive,3,3,0
altogether_favourable,3,3,0
excessively_defensive,3,3,0
rabidly_popular,3,3,0
originally_orange,3,3,0
really_offline,3,3,0
sufficiently_compassionate,3,3,0
rather_ready,3,3,0
actually_paradoxical,3,3,0
extremely_traditional,3,3,0
excessively_quick,3,3,0
above_threatening,3,3,0
quite_trendy,3,3,0
fairly_priced,3,3,0
terribly_worthwhile,3,3,0
publicly_committed,3,3,0
exactly_graphic,3,3,0
altogether_fictitious,3,3,0
therefore_apparent,3,3,0
properly_functional,3,3,0
again_more,3,3,0
particularly_perfect,3,3,0
also_harmful,3,3,0
actually_passable,3,3,0
exactly_glossy,3,3,0
sufficiently_common,3,3,0
also_small,3,3,0
properly_equipped,3,3,0
outwardly_vocal,3,3,0
terribly_slick,3,3,0
yet_self-evident,3,3,0
increasingly_clear,3,3,0
over_abundant,3,3,0
pretty_substantial,3,2,1
actually_pathological,3,3,0
pretty_subjective,3,3,0
also_hilarious,3,3,0
also_higher,3,3,0
visibly_excited,3,2,1
genetically_superior,3,3,0
wholly_unlikely,3,3,0
properly_feminine,3,3,0
publicly_concerned,3,3,0
really_offended,3,3,0
incredibly_relevant,3,3,0
qualitatively_new,3,1,2
outright_better,3,3,0
technically_exempt,3,3,0
really_fertile,3,3,0
greatly_better,3,3,0
pretty_useful,3,3,0
purposely_cruel,3,3,0
profoundly_damaging,3,3,0
that_complacent,3,3,0
increasingly_possible,3,3,0
incredibly_unlikely,3,3,0
exactly_fulfilling,3,3,0
also_visible,3,3,0
that_chatty,3,3,0
sufficiently_bullish,3,2,1
rather_depressing,3,3,0
perhaps_desirable,3,3,0
increasingly_new,3,3,0
first_honest,3,3,0
actually_scottish,3,3,0
adequately_sensitive,3,3,0
outright_cheap,3,3,0
sufficiently_busy,3,3,0
increasingly_mobile,3,3,0
fairly_complex,3,3,0
wholly_unsurprising,3,3,0
altogether_enjoyable,3,2,1
terribly_unheard,3,3,0
extremely_unique,3,3,0
genuinely_appealing,3,3,0
visibly_clean,3,3,0
again_available,3,3,0
fairly_open,3,3,0
quite_unnecessary,3,3,0
far_shorter,3,3,0
properly_capable,3,3,0
sublimely_silly,3,2,1
quite_unlikeable,3,3,0
extremely_unpopular,3,3,0
really_floral,3,3,0
sufficiently_brisk,3,3,0
also_severe,3,3,0
about_cheap,3,3,0
really_nimble,3,3,0
pretty_visual,3,3,0
that_somber,3,3,0
excessively_easy,3,3,0
particularly_shameful,3,2,1
therefore_better,3,3,0
grossly_overrated,3,3,0
really_obedient,3,3,0
adequately_safe,3,3,0
incredibly_precise,3,3,0
wildly_dangerous,3,2,1
outright_bizarre,3,3,0
particularly_variable,3,3,0
visibly_detectable,3,3,0
altogether_exempt,3,3,0
incredibly_user-friendly,3,3,0
terribly_unlikely,3,3,0
properly_cooperative,3,3,0
exactly_generic,3,3,0
perfectly_current,3,3,0
actually_personal,3,3,0
altogether_extinct,3,3,0
particularly_plush,3,3,0
first_open,3,3,0
outwardly_recognizable,3,3,0
really_numerous,3,3,0
publicly_evident,3,3,0
exactly_despondent,3,3,0
about_lucky,3,3,0
sufficiently_catholic,3,3,0
really_instant,3,3,0
also_inconsistent,3,3,0
perfectly_observable,3,3,0
again_comfortable,3,3,0
properly_compatible,3,3,0
first_impressed,3,3,0
quite_unified,3,3,0
terribly_sore,3,3,0
particularly_possible,3,3,0
increasingly_irrelevant,3,3,0
sufficiently_candid,3,3,0
quite_unfounded,3,3,0
actually_warm,3,3,0
also_upset,3,3,0
incredibly_unusual,3,3,0
properly_competitive,3,3,0
that_devious,3,3,0
fairly_complicated,3,3,0
purely_korean,3,3,0
adequately_segregated,3,3,0
that_comical,3,3,0
pretty_tricky,3,3,0
extremely_wet,3,3,0
quite_western,3,3,0
purely_informational,3,3,0
exactly_erroneous,3,3,0
really_hyperbole,3,3,0
really_hyper,3,3,0
altogether_admirable,3,3,0
particularly_rowdy,3,3,0
purely_reliant,3,3,0
particularly_rousing,3,3,0
really_hygienic,3,3,0
outright_ludicrous,3,2,1
exactly_cutthroat,3,3,0
actually_retarded,3,3,0
incredibly_fresh,3,2,1
also_popular,3,3,0
yet_subdued,3,3,0
terribly_thorough,3,3,0
excessively_rigid,3,3,0
perfectly_faithful,3,3,0
really_inappropriate,3,2,1
outright_magical,3,2,1
altogether_blameless,3,3,0
altogether_blind,3,3,0
widely_enough,3,3,0
greatly_impressive,3,2,1
particularly_reverent,3,3,0
yet_unhinged,3,3,0
really_idle,3,3,0
terribly_tired,3,3,0
about_real,3,3,0
adorably_awkward,3,3,0
primarily_man-made,3,3,0
that_cordial,3,3,0
incredibly_enticing,3,3,0
incredibly_enthusiastic,3,3,0
really_identifiable,3,3,0
perfectly_ready,3,3,0
about_flashy,3,3,0
really_inaccurate,3,3,0
factually_verifiable,3,3,0
that_resistant,3,3,0
greatly_important,3,3,0
excessively_good,3,3,0
factually_untrue,3,3,0
that_corrupt,3,3,0
really_hypothetical,3,3,0
altogether_bereft,3,3,0
really_minimalist,3,3,0
widely_effective,3,3,0
primarily_humanitarian,3,3,0
incredibly_realistic,3,3,0
very_washable,3,3,0
purely_rhetorical,3,3,0
really_humble,3,3,0
otherwise_predisposed,3,3,0
acutely_dangerous,3,3,0
fast_casual,3,3,0
that_cramped,3,3,0
exactly_european,3,3,0
financially_doable,3,3,0
fast_asleep,3,3,0
also_realistic,3,3,0
rather_foolish,3,3,0
widely_compatible,3,3,0
suddenly_rich,3,3,0
really_matte,3,3,0
financially_needy,3,3,0
systematically_available,3,3,0
technically_french,3,3,0
incredibly_distant,3,3,0
incredibly_dissimilar,3,3,0
surprisingly_negative,3,3,0
technically_fraudulent,3,3,0
excessively_generous,3,3,0
incredibly_dramatic,3,2,1
otherwise_inappropriate,3,3,0
perfectly_red,3,3,0
incredibly_reckless,3,3,0
outright_messy,3,3,0
particularly_territorial,3,3,0
incredibly_dumb,3,3,0
widely_dissimilar,3,3,0
about_old,3,3,0
incredibly_full,3,3,0
purely_organic,3,3,0
exactly_definite,3,2,1
altogether_brilliant,3,3,0
widely_possible,3,3,0
technically_blue,3,3,0
exactly_cruel,3,3,0
actually_stressful,3,3,0
primarily_genetic,3,3,0
incredibly_shocking,3,3,0
otherwise_important,3,3,0
wildly_experimental,3,3,0
primarily_monetary,3,3,0
incredibly_essential,3,3,0
really_merry,3,3,0
really_impartial,3,3,0
adequately_visible,3,3,0
really_impactful,3,3,0
rather_hard,3,3,0
exactly_decorative,3,3,0
incredibly_favorable,3,3,0
that_considerable,3,3,0
purely_celebratory,3,3,0
actually_sacred,3,3,0
also_prone,3,3,0
incredibly_faithful,3,3,0
yet_suspicious,3,3,0
particularly_therapeutic,3,3,0
also_racist,3,3,0
profoundly_offensive,3,3,0
really_immortal,3,3,0
also_rare,3,3,0
terrifically_exciting,3,1,2
primarily_personal,3,3,0
outright_horrific,3,3,0
particularly_seasonal,3,3,0
excessively_low,3,3,0
actually_spontaneous,3,3,0
incredibly_fit,3,3,0
grammatically_awkward,3,2,1
also_qualified,3,3,0
really_imperative,3,3,0
otherwise_perceptible,3,2,1
primarily_reliant,3,3,0
financially_flush,3,3,0
really_medium,3,3,0
terrifically_easy,3,3,0
purely_pragmatic,3,3,0
fatally_ill,3,3,0
outright_good,3,2,1
outright_forbidden,3,3,0
purely_capitalist,3,3,0
altogether_angry,3,3,0
surprisingly_reminiscent,3,3,0
really_meaty,3,2,1
actually_spacious,3,3,0
quite_waterproof,3,3,0
outright_great,3,2,1
altogether_applicable,3,3,0
really_immoral,3,2,1
fairly_able,3,3,0
profoundly_serious,3,2,1
about_fancy,3,3,0
exactly_danceable,3,3,0
financially_illiterate,3,3,0
about_fitting,3,3,0
faintly_familiar,3,3,0
exactly_equitable,3,3,0
particularly_salient,3,2,1
wildly_excessive,3,3,0
profoundly_satisfying,3,1,2
genuinely_ill,3,3,0
particularly_laudable,3,3,0
particularly_torturous,3,3,0
profoundly_significant,3,3,0
terribly_truthful,3,3,0
actually_revolutionary,3,3,0
purely_arab,3,3,0
really_ignorant,3,3,0
particularly_touchy,3,3,0
altogether_baseless,3,2,1
incredibly_scientific,3,2,1
profoundly_religious,3,3,0
widely_inclusive,3,3,0
purely_cerebral,3,3,0
that_constructive,3,3,0
particularly_tiny,3,3,0
genuinely_stupid,3,3,0
particularly_titillating,3,3,0
therefore_roomy,3,3,0
financially_good,3,3,0
greatly_explosive,3,3,0
terribly_trendy,3,3,0
really_methodical,3,3,0
incredibly_forthcoming,3,3,0
terrifically_fast,3,3,0
virtually_present,3,3,0
exactly_enormous,3,3,0
outright_immune,3,3,0
faintly_plausible,3,3,0
purely_punitive,3,3,0
perfectly_private,3,3,0
particularly_themed,3,3,0
widely_influential,3,3,0
outright_inappropriate,3,2,1
genuinely_friendly,3,3,0
that_crappy,3,3,0
wildly_unlikely,3,3,0
purely_necessary,3,3,0
that_decent,3,3,0
incredibly_comfy,3,3,0
surprisingly_long-lasting,3,3,0
previously_suitable,3,3,0
aesthetically_gratifying,3,2,1
genuinely_enjoyable,3,3,0
also_negative,3,3,0
particularly_regional,3,3,0
genuinely_indispensable,3,3,0
outright_terrifying,3,3,0
prohibitively_long,3,3,0
outright_threatening,3,3,0
incredibly_speedy,3,3,0
fairly_adequate,3,3,0
really_hairy,3,3,0
genuinely_unique,3,3,0
really_habitable,3,3,0
incredibly_stable,3,3,0
outright_destructive,3,3,0
outright_toxic,3,3,0
really_marvelous,3,3,0
adequately_supervised,3,3,0
exactly_deft,3,3,0
financially_safe,3,3,0
actually_satisfying,3,3,0
outright_difficult,3,3,0
aesthetically_enchanting,3,3,0
exactly_fast-paced,3,3,0
that_serene,3,3,0
financially_robust,3,3,0
outright_silly,3,3,0
perfectly_rosy,3,3,0
outright_skeptical,3,3,0
greatly_sympathetic,3,3,0
incredibly_compelling,3,2,1
particularly_senior,3,3,0
incredibly_spectacular,3,1,2
yet_thirsty,3,3,0
financially_sensible,3,3,0
viscerally_enjoyable,3,3,0
genuinely_entertaining,3,3,0
terribly_sustainable,3,3,0
that_debilitating,3,3,0
incredibly_competitive,3,3,0
incredibly_clever,3,3,0
that_decisive,3,3,0
particularly_serene,3,3,0
that_conclusive,3,3,0
about_cute,3,3,0
farther_afield,3,3,0
really_greek,3,3,0
really_murky,3,3,0
incredibly_strange,3,2,1
that_concrete,3,3,0
that_definite,3,3,0
particularly_real,3,2,1
incredibly_catchy,3,3,0
terribly_sunny,3,3,0
substantially_equal,3,3,0
widely_recognizable,3,3,0
outright_unwilling,3,3,0
that_regular,3,2,1
particularly_raunchy,3,3,0
outright_useless,3,3,0
otherwise_detectable,3,3,0
exactly_eligible,3,3,0
actually_rational,3,3,0
really_gray,3,3,0
virtually_indistinguishable,3,3,0
aesthetically_impressive,3,3,0
tactically_aware,3,3,0
extremely_wise,3,3,0
that_relaxing,3,3,0
farther_east,3,3,0
also_naive,3,3,0
purely_tactical,3,3,0
incredibly_great,3,3,0
purely_technological,3,3,0
rather_embarrassing,3,3,0
financially_stressful,3,3,0
genuinely_universal,3,3,0
particularly_recyclable,3,3,0
perfectly_seamless,3,3,0
substantially_distinct,3,3,0
actually_scandalous,3,3,0
technically_guilty,3,3,0
surprisingly_lasting,3,3,0
previously_reachable,3,3,0
also_wise,3,3,0
purely_national,3,3,0
aesthetically_ideal,3,3,0
financially_difficult,3,3,0
financially_risky,3,3,0
outright_sexist,3,3,0
purely_sectarian,3,3,0
outright_poor,3,3,0
particularly_unbelievable,3,1,2
genuinely_tough,3,3,0
particularly_unbiased,3,3,0
really_momentous,3,2,1
wildly_fond,3,3,0
particularly_self-aware,3,3,0
incredibly_smooth,3,3,0
also_worthy,3,3,0
virtually_useless,3,3,0
purely_clean,3,3,0
widely_apparent,3,3,0
widely_admired,3,3,0
about_discerning,3,3,0
perfectly_empty,3,3,0
incredibly_depressing,3,3,0
terrifically_original,3,3,0
purely_selfless,3,3,0
aesthetically_consistent,3,3,0
wildly_uncommon,3,3,0
really_incredible,3,2,1
primarily_defensive,3,3,0
incredibly_skinny,3,3,0
primarily_domestic,3,3,0
about_equal,3,3,0
really_horrifying,3,3,0
aesthetically_appropriate,3,3,0
very_vulgar,3,3,0
widely_beloved,3,3,0
actually_repulsive,3,3,0
incredibly_similar,3,3,0
also_physical,3,3,0
terribly_tasteful,3,3,0
that_smelly,3,3,0
virtually_unknown,3,3,0
particularly_retro,3,2,1
about_enough,3,3,0
really_inconsistent,3,3,0
genuinely_fond,3,3,0
incredibly_disappointed,3,3,0
otherwise_harmful,3,3,0
perfectly_plausible,3,3,0
genuinely_shocked,3,3,0
factually_complete,3,3,0
financially_prohibitive,3,3,0
particularly_reluctant,3,3,0
sufficiently_abundant,3,3,0
incredibly_cynical,3,3,0
also_wonderful,3,3,0
outright_resistant,3,3,0
technically_gifted,3,3,0
primarily_analytical,3,3,0
that_damning,3,3,0
purely_speculative,3,3,0
exactly_exuberant,3,3,0
surprisingly_low,3,3,0
particularly_reprehensible,3,2,1
genuinely_exciting,3,3,0
also_ok,3,3,0
fabulously_beautiful,3,3,0
incredibly_cozy,3,3,0
also_odd,3,3,0
incredibly_spacious,3,3,0
exactly_fake,3,3,0
sufficiently_accommodative,3,3,0
really_most,3,3,0
really_harmless,3,3,0
rather_more,3,3,0
particularly_unfriendly,3,3,0
particularly_tannic,3,3,0
really_helpless,3,3,0
that_crunchy,3,3,0
fabulously_talented,3,3,0
also_religious,3,3,0
aesthetically_different,3,3,0
perfectly_perfect,3,3,0
incredibly_sore,3,3,0
incredibly_deadly,3,3,0
really_hideous,3,3,0
about_foreign,3,3,0
financially_reasonable,3,3,0
excessively_forceful,3,3,0
particularly_tart,3,3,0
incredibly_dark,3,3,0
profoundly_enough,3,3,0
really_hidden,3,2,1
altogether_compatible,3,3,0
that_cut,3,3,0
outright_disgusted,3,3,0
particularly_unfamiliar,3,3,0
perilously_close,3,3,0
exactly_cohesive,3,3,0
that_broad,3,3,0
professionally_accountable,3,3,0
wildly_available,3,3,0
that_stereotypical,3,3,0
rather_beautiful,3,3,0
yet_realistic,3,3,0
generally_unpleasant,3,3,0
also_compatible,3,3,0
pretty_fun,3,3,0
geographically_precise,3,3,0
radically_original,3,2,1
radically_separate,3,3,0
extremely_rough,3,3,0
particularly_marketable,3,3,0
fantastically_delicious,3,3,0
ordinarily_admissible,3,3,0
particularly_maneuverable,3,3,0
terribly_prudent,3,3,0
proportionally_higher,3,3,0
that_amicable,3,3,0
incredibly_outstanding,3,3,0
there_ready,3,3,0
that_averse,3,3,0
that_chuffed,3,3,0
quite_subdued,3,3,0
altogether_inconsistent,3,3,0
about_huge,3,3,0
also_terrible,3,3,0
actually_shy,3,3,0
geographically_mobile,3,3,0
radically_liberal,3,3,0
ordinarily_capable,3,3,0
actually_transgender,3,3,0
wholly_spiritual,3,3,0
also_complicated,3,3,0
quite_addictive,3,3,0
wholly_speculative,3,3,0
also_unclear,3,3,0
incredibly_luxurious,3,2,1
rather_bizarre,3,3,0
that_draconian,3,3,0
exactly_humorous,3,3,0
aggressively_protective,3,3,0
particularly_steady,3,3,0
excessively_pleased,3,3,0
actually_moderate,3,3,0
adequately_forthcoming,3,3,0
actually_mobile,3,3,0
half_ready,3,3,0
overly_appetizing,3,3,0
extremely_rigorous,3,3,0
personally_answerable,3,3,0
wonderfully_clear,3,3,0
very_ubiquitous,3,3,0
personally_beneficial,3,3,0
exclusively_foreign,3,3,0
overly_apologetic,3,3,0
that_ancient,3,3,0
wholly_skeptical,3,3,0
exactly_hypothetical,3,3,0
also_comfortable,3,3,0
about_higher,3,3,0
absolutely_convincing,3,3,0
very_turbulent,3,3,0
technically_pregnant,3,3,0
actually_measurable,3,3,0
actually_similar,3,3,0
finally_dependent,3,3,0
really_literate,3,3,0
purely_european,3,3,0
also_clever,3,3,0
altogether_ineffective,3,3,0
really_pigmented,3,3,0
that_analytical,3,3,0
extremely_risky,3,3,0
terribly_protective,3,3,0
glaringly_evident,3,3,0
quite_spotless,3,3,0
incredibly_mean,3,3,0
really_drinkable,3,3,0
professionally_active,3,3,0
really_dressy,3,2,1
visually_ambitious,3,3,0
that_amused,3,3,0
incredibly_meaningful,3,3,0
personally_ambitious,3,3,0
that_analogous,3,3,0
exclusively_financial,3,3,0
altogether_indifferent,3,3,0
radically_subversive,3,3,0
particularly_malevolent,3,2,1
really_dreadful,3,1,2
supremely_qualified,3,3,0
finally_healthy,3,3,0
radically_left-wing,3,3,0
visually_accessible,3,3,0
really_longer,3,3,0
pretty_horrible,3,3,0
exactly_hopeless,3,3,0
adequately_christian,3,3,0
really_judgmental,3,3,0
forever_doomed,3,3,0
altogether_impressed,3,3,0
radically_innovative,3,2,1
technically_outstanding,3,3,0
half_hot,3,3,0
technically_overdue,3,3,0
overall_good,3,3,0
impossibly_gorgeous,3,3,0
really_effeminate,3,3,0
altogether_impressive,3,3,0
stupidly_hot,3,3,0
tad_overdone,3,3,0
yet_red,3,3,0
terribly_wet,3,3,0
rather_comfortable,3,3,0
generally_warm,3,3,0
abnormally_rapid,3,3,0
particularly_moist,3,3,0
altogether_impersonal,3,3,0
particularly_youthful,3,3,0
really_palatable,3,3,0
over_thick,3,3,0
yet_related,3,3,0
psychologically_safe,3,3,0
impossibly_long,3,3,0
quite_stubborn,3,3,0
over_tired,3,3,0
actually_shiny,3,3,0
incredibly_passionate,3,3,0
extremely_secretive,3,3,0
really_palpable,3,2,1
over_warm,3,3,0
half_handsome,3,3,0
technically_adequate,3,3,0
quite_worse,3,2,1
otherwise_willing,3,3,0
impossibly_huge,3,3,0
terribly_recent,3,3,0
otherwise_wrong,3,0,3
sufficiently_eager,3,3,0
fairly_useful,3,3,0
visually_acceptable,3,3,0
also_consistent,3,3,0
psychologically_plausible,3,3,0
exclusively_environmental,3,3,0
terribly_verbal,3,2,1
technically_permanent,3,3,0
really_kid-friendly,3,3,0
perfectly_legible,3,3,0
also_sweet,3,3,0
absolutely_comparable,3,3,0
wildly_misleading,3,3,0
partly_related,3,3,0
partly_cloudy,3,3,0
persistently_present,3,3,0
overly_adept,3,3,0
rather_boring,3,3,0
particularly_mercurial,3,3,0
really_perceptible,3,3,0
properly_vigilant,3,3,0
terribly_radioactive,3,3,0
quite_adamant,3,3,0
also_confident,3,3,0
particularly_stark,3,3,0
yet_receptive,3,3,0
partly_culpable,3,3,0
technically_daunting,3,3,0
rather_clear,3,3,0
terribly_reasonable,3,3,0
yet_recyclable,3,3,0
also_creepy,3,3,0
impossibly_cute,3,3,0
that_alarmed,3,3,0
technically_overweight,3,3,0
technically_dangerous,3,3,0
that_revolutionary,3,3,0
that_alien,3,3,0
rather_surprising,3,3,0
impossibly_complex,3,3,0
technically_dry,3,3,0
adequately_grateful,3,3,0
exactly_doable,3,3,0
particularly_minded,3,3,0
genuinely_old,3,3,0
psychologically_prepared,3,3,0
psychologically_possible,3,3,0
exactly_iconic,3,2,1
really_lead,3,3,0
that_chummy,3,3,0
overly_brief,3,3,0
stunningly_great,3,3,0
there_longer,3,3,0
particularly_suave,3,2,1
really_predictive,3,3,0
there_likely,3,3,0
particularly_strident,3,3,0
formally_legal,3,3,0
wildly_comfortable,3,3,0
supremely_good,3,3,0
excessively_big,3,3,0
particularly_liberating,3,3,0
actually_magnetic,3,3,0
particularly_libertarian,3,3,0
extremely_quiet,3,3,0
exactly_inclusive,3,3,0
overly_brilliant,3,3,0
that_simpler,3,3,0
yet_queer,3,3,0
extremely_questionable,3,3,0
exactly_inconceivable,3,3,0
supremely_happy,3,3,0
visually_boring,3,3,0
overly_bothersome,3,3,0
incredibly_odd,3,3,0
altogether_likeable,3,3,0
exactly_impeccable,3,3,0
psychologically_comfortable,3,3,0
graphically_pleasing,3,3,0
patently_inaccurate,3,3,0
pretty_elitist,3,3,0
absolutely_destitute,3,3,0
personally_devastating,3,2,1
quite_solitary,3,3,0
patently_racist,3,3,0
terribly_predictable,3,3,0
incredibly_nervous,3,3,0
terribly_vital,3,2,1
immensely_rewarding,3,3,0
that_early,3,3,0
actually_typical,3,3,0
absolutely_devoid,3,3,0
substantively_wrong,3,1,2
rather_unusual,3,3,0
graphically_intense,3,3,0
supremely_fit,3,3,0
altogether_legal,3,2,1
provably_wrong,3,3,0
that_assertive,3,3,0
yet_young,3,3,0
technically_depraved,3,3,0
sufficiently_frightening,3,3,0
immensely_gratifying,3,3,0
personally_eligible,3,3,0
pathetically_sad,3,3,0
excessively_painful,3,3,0
psychologically_addictive,3,2,1
particularly_lean,3,3,0
quite_amused,3,3,0
that_ardent,3,3,0
incredibly_noticeable,3,3,0
incredibly_obnoxious,3,3,0
quite_angelic,3,3,0
terribly_wasteful,3,3,0
particularly_lavish,3,3,0
technically_demanding,3,3,0
really_lightweight,3,3,0
actually_trustworthy,3,3,0
generally_synonymous,3,3,0
excessively_shy,3,3,0
genuinely_possible,3,3,0
particularly_lenient,3,3,0
quite_amusing,3,3,0
generally_taxable,3,3,0
overly_bubbly,3,3,0
out_much,3,3,0
excessively_simplistic,3,3,0
formally_necessary,3,3,0
also_alive,3,3,0
fairly_full,3,3,0
visually_busy,3,3,0
purely_electronic,3,2,1
actually_magical,3,2,1
that_edgy,3,3,0
immensely_impressed,3,3,0
really_libertarian,3,2,1
immensely_impractical,3,3,0
immensely_important,3,3,0
exactly_inconsequential,3,3,0
substantively_significant,3,3,0
exactly_inconsistent,3,3,0
tantalizingly_close,3,2,1
visually_awesome,3,3,0
overly_appropriate,3,3,0
overly_astringent,3,3,0
overly_ashamed,3,3,0
formally_adventurous,3,3,0
absolutely_criminal,3,3,0
suspiciously_high,3,3,0
extremely_remarkable,3,3,0
peculiarly_african,3,1,2
graphically_stunning,3,3,0
technically_dazzling,3,3,0
wholly_secular,3,3,0
geographically_suitable,3,3,0
formally_available,3,3,0
proportionately_larger,3,3,0
really_literal,3,3,0
exactly_imaginative,3,3,0
sufficiently_far-reaching,3,3,0
altogether_inspiring,3,3,0
really_poetic,3,1,2
terribly_proactive,3,3,0
purely_empirical,3,3,0
falsely_optimistic,3,3,0
purely_environmental,3,3,0
particularly_loveable,3,3,0
excessively_small,3,3,0
psychologically_good,3,3,0
visually_annoying,3,3,0
also_careful,3,3,0
quite_speechless,3,3,0
really_playful,3,3,0
that_dreamy,3,3,0
independently_capable,3,3,0
altogether_insane,3,3,0
exactly_discrete,3,3,0
exactly_ignorant,3,3,0
terribly_progressive,3,3,0
personally_charismatic,3,3,0
technically_present,3,3,0
exactly_ill,3,3,0
forever_young,3,3,0
radically_wrong,3,0,3
also_broad,3,3,0
that_stimulating,3,3,0
purely_ethnic,3,3,0
peculiarly_applicable,3,3,0
extremely_reluctant,3,3,0
professionally_successful,3,3,0
outrageously_beautiful,3,3,0
tad_unfair,3,3,0
very_treatable,3,3,0
incredibly_naive,3,3,0
there_most,3,3,0
visually_available,3,3,0
yet_unclear,3,3,0
quite_sound,3,3,0
formally_correct,3,3,0
pretty_exciting,3,3,0
terribly_prevalent,3,3,0
perfectly_intact,3,3,0
altogether_interesting,3,3,0
independently_rich,3,3,0
finally_certain,3,3,0
generally_timid,3,3,0
terribly_visual,3,3,0
particularly_lively,3,2,1
wholly_sanguine,3,3,0
outrageously_better,3,3,0
sufficiently_fervent,3,3,0
particularly_literal,3,3,0
that_sketchy,3,3,0
really_posh,3,3,0
really_do-able,3,3,0
formally_complex,3,3,0
yet_worrisome,3,3,0
visually_arresting,3,3,0
exactly_immediate,3,3,0
also_blind,3,3,0
therefore_poor,3,3,0
independently_intelligent,3,3,0
generally_transferable,3,3,0
wholly_scientific,3,3,0
very_trivial,3,3,0
geographically_unique,3,3,0
psychologically_debilitating,3,3,0
independently_obtainable,3,3,0
perfectly_interchangeable,3,3,0
quite_airborne,3,3,0
perfectly_intelligible,3,2,1
formally_beholden,3,3,0
perfectly_intelligent,3,3,0
purely_emotional,3,3,0
altogether_lacking,3,3,0
particularly_spirited,3,3,0
ordinarily_interested,3,3,0
actually_ok,3,3,0
again_worried,3,3,0
particularly_smoky,3,3,0
perfectly_impartial,3,3,0
gratuitously_provocative,3,3,0
exactly_harsh,3,3,0
far_deep,3,3,0
stylistically_correct,3,3,0
fiscally_significant,3,3,0
yet_routine,3,3,0
excessively_showy,3,3,0
pretty_powerful,3,3,0
actually_operational,3,3,0
particularly_opportune,3,3,0
that_blunt,3,3,0
that_quirky,3,3,0
originally_clear,3,3,0
quite_thorough,3,3,0
actually_tangible,3,3,0
over_honest,3,3,0
pretty_poor,3,2,1
actually_tasty,3,3,0
over_harsh,3,3,0
over_happy,3,3,0
purely_cynical,3,3,0
probably_necessary,3,3,0
quickly_obtainable,3,3,0
excessively_pushy,3,3,0
terribly_scandalous,3,2,1
quickly_obvious,3,3,0
sufficiently_corrupt,3,3,0
particularly_ornamental,3,3,0
about_active,3,3,0
purely_cultural,3,3,0
globally_powerful,3,3,0
globally_popular,3,3,0
rather_shocked,3,3,0
genetically_jewish,3,3,0
fairly_indicative,3,3,0
really_exhaustive,3,3,0
really_exhausting,3,3,0
actually_optional,3,3,0
originally_due,3,3,0
properly_operational,3,3,0
actually_optimal,3,3,0
sufficiently_culpable,3,3,0
sufficiently_curious,3,3,0
particularly_voluntary,3,3,0
particularly_obnoxious,3,3,0
also_exclusive,3,3,0
also_dependent,3,3,0
particularly_super,3,3,0
radically_better,3,3,0
half_blind,3,3,0
very_unhelpful,3,3,0
pretty_open,3,3,0
that_cheaper,3,3,0
perfectly_civilized,3,3,0
really_outdoor,3,3,0
visibly_nervous,3,3,0
incredibly_pigmented,3,3,0
really_ethnic,3,3,0
quickly_sufficient,3,3,0
rabidly_anti-semitic,3,2,1
far_cleaner,3,3,0
really_outlandish,3,2,1
particularly_sound,3,3,0
particularly_objective,3,2,1
half_clad,3,3,0
particularly_waterproof,3,3,0
particularly_superior,3,3,0
quickly_satisfied,3,3,0
pretty_overall,3,3,0
rather_similar,3,3,0
over_hungry,3,3,0
particularly_ominous,3,2,1
exactly_dreamy,3,3,0
woefully_deficient,3,2,1
wholly_unattractive,3,3,0
half_alive,3,3,0
quite_terrifying,3,3,0
far_cooler,3,3,0
actually_untrue,3,3,0
that_bloody,3,3,0
excessively_dangerous,3,3,0
quite_workable,3,3,0
that_revealing,3,3,0
particularly_watchable,3,3,0
really_irrational,3,2,1
pretty_painful,3,3,0
particularly_obtrusive,3,3,0
quickly_replaceable,3,3,0
about_lesbian,3,3,0
properly_moral,3,3,0
purely_democratic,3,3,0
that_colourful,3,3,0
really_extensive,3,3,0
properly_good,3,3,0
purely_indian,3,3,0
fairly_ready,3,3,0
particularly_pastoral,3,3,0
really_onboard,3,3,0
extremely_tedious,3,3,0
wholly_unheard,3,3,0
pretty_shocking,3,3,0
willfully_stupid,3,3,0
exactly_gung,3,3,0
yet_viewable,3,3,0
exactly_dignified,3,3,0
particularly_particular,3,3,0
that_brisk,3,3,0
surprisingly_affordable,3,3,0
absolutely_accessible,3,3,0
extremely_suspenseful,3,3,0
outright_abusive,3,3,0
actually_synonymous,3,3,0
also_gentle,3,3,0
also_unique,3,3,0
genuinely_loving,3,3,0
really_older,3,3,0
sufficiently_complicated,3,3,0
excessively_strict,3,3,0
pretty_spectacular,3,3,0
also_soft,3,3,0
exclusively_attributable,3,3,0
over_challenging,3,3,0
that_spontaneous,3,3,0
fairly_rare,3,3,0
altogether_fitting,3,3,0
yet_scarce,3,3,0
particularly_villainous,3,2,1
extremely_thrilled,3,3,0
over_clean,3,3,0
incredibly_inefficient,3,3,0
geographically_closer,3,3,0
inappropriately_sexual,3,2,1
absolute_necessary,3,3,0
also_green,3,3,0
quite_translucent,3,3,0
extremely_supportive,3,3,0
incredibly_poignant,3,3,0
perfectly_mature,3,3,0
quickly_identifiable,3,3,0
over_exuberant,3,3,0
tad_creepy,3,3,0
in_uniform,3,3,0
that_rigorous,3,3,0
far_faster,3,2,1
perfectly_mobile,3,3,0
extremely_subjective,3,3,0
excessively_humble,3,1,2
visibly_intoxicated,3,3,0
properly_moisturized,3,3,0
that_colorful,3,3,0
finally_willing,3,3,0
exactly_diminutive,3,3,0
really_open-ended,3,3,0
wholly_undesirable,3,3,0
probably_likely,3,3,0
actually_sex,3,3,0
genetically_male,3,3,0
quickly_noticeable,3,3,0
pretty_realistic,3,3,0
sufficiently_cooperative,3,3,0
far_forward,3,3,0
exclusively_british,3,3,0
over_exaggerated,3,3,0
pretty_scared,3,3,0
permanently_dead,3,3,0
that_spooky,3,3,0
particularly_visionary,3,2,1
permanently_dependent,3,3,0
actually_vacant,3,3,0
sufficiently_controversial,3,3,0
really_intricate,3,2,1
grammatically_vital,3,3,0
perfectly_confident,3,3,0
fairly_related,3,3,0
rather_scary,3,3,0
yet_sad,3,3,0
tad_confusing,3,3,0
visibly_injured,3,0,3
fairly_representative,3,3,0
quickly_fatal,3,3,0
genuinely_reflective,3,3,0
terribly_secret,3,3,0
wholly_unanimous,3,3,0
acutely_sensitive,3,3,0
really_overdue,3,3,0
fairly_impressive,3,3,0
technically_ambitious,3,3,0
perfectly_loving,3,3,0
absolutely_aware,3,3,0
yet_religious,3,3,0
properly_religious,3,3,0
flatly_wrong,3,3,0
wholly_traditional,3,3,0
extremely_sensible,3,3,0
aggressively_dumb,3,3,0
particularly_moving,3,2,1
quite_suburban,3,3,0
terribly_reliant,3,2,1
particularly_workable,3,3,0
globally_catastrophic,3,3,0
terribly_upsetting,3,2,1
viciously_circular,3,3,0
actually_negative,3,3,0
particularly_white,3,3,0
particularly_sparkly,3,3,0
fairly_true,3,3,0
that_squeamish,3,3,0
wildly_incorrect,3,3,0
actually_technical,3,3,0
fairly_standard,3,3,0
radically_experimental,3,3,0
yet_treatable,3,3,0
ordinarily_taxable,3,3,0
really_energetic,3,3,0
really_elusive,3,2,1
terribly_revelatory,3,3,0
extremely_shocking,3,3,0
sufficiently_dignified,3,3,0
incredibly_intuitive,3,3,0
surprisingly_useful,3,3,0
genetically_close,3,3,0
perpetually_dependent,3,3,0
properly_scary,3,3,0
really_employable,3,3,0
genetically_adequate,3,3,0
over_quick,3,3,0
quite_supernatural,3,3,0
sufficiently_discerning,3,3,0
outrageously_overpriced,3,3,0
really_encouraging,3,3,0
over_scrupulous,3,3,0
that_provocative,3,3,0
genetically_alike,3,3,0
quintessentially_russian,3,3,0
that_sensational,3,3,0
terribly_willing,3,3,0
properly_responsive,3,3,0
over_sanguine,3,3,0
impossibly_tough,3,3,0
globally_accessible,3,3,0
terribly_windy,3,3,0
pretty_lame,3,3,0
yet_walkable,3,3,0
actually_neutral,3,3,0
actually_tight,3,3,0
perfectly_literal,3,3,0
terribly_respectful,3,3,0
really_endless,3,3,0
that_salty,3,3,0
really_irritating,3,3,0
wildly_innovative,3,1,2
psychologically_true,3,3,0
indeed_more,3,3,0
that_admirable,3,3,0
that_staggering,3,3,0
exactly_hollow,3,3,0
fairly_successful,3,3,0
particularly_morose,3,3,0
really_lovable,3,3,0
genuinely_random,3,3,0
wholly_typical,3,3,0
properly_ready,3,3,0
therefore_lucky,3,3,0
actually_unprecedented,3,3,0
stylishly_satisfying,3,3,0
really_entrepreneurial,3,3,0
terribly_riveting,3,3,0
particularly_worrying,3,3,0
probably_possible,3,3,0
incredibly_physical,3,3,0
actually_obese,3,3,0
probably_tired,3,3,0
really_entire,3,3,0
impressively_high,3,3,0
tad_jealous,3,3,0
extremely_selective,3,3,0
impossibly_powerful,3,3,0
particularly_southern,3,2,1
terribly_regular,3,3,0
absolutely_candid,3,3,0
indeed_free,3,3,0
that_quaint,3,3,0
particularly_weighty,3,2,1
really_outraged,3,3,0
really_ergonomic,3,3,0
visibly_red,3,3,0
yet_uncommon,3,3,0
about_inspiring,3,3,0
half_clever,3,3,0
technically_edible,3,3,0
over_nice,3,3,0
actually_observable,3,3,0
gratuitously_cruel,3,3,0
quickly_undone,3,3,0
that_punctual,3,3,0
ordinarily_relevant,3,3,0
outrageously_offensive,3,3,0
excessively_cruel,3,3,0
fairly_equal,3,3,0
properly_refreshing,3,3,0
psychologically_stressful,3,3,0
outrageously_priced,3,3,0
very_uneasy,3,3,0
impressively_detailed,3,3,0
visibly_scared,3,3,0
particularly_spanish,3,2,1
really_engaging,3,3,0
visibly_sick,3,3,0
geographically_distinct,3,3,0
quietly_confident,3,3,0
particularly_nourishing,3,3,0
outrageously_powerful,3,3,0
that_bland,3,3,0
incredibly_photogenic,3,3,0
that_blessed,3,3,0
also_easier,3,3,0
really_enthused,3,3,0
nearly_unavoidable,2,2,0
unnecessarily_abrasive,2,2,0
actually_daunting,2,2,0
actually_slippery,2,2,0
n't_anxious,2,2,0
physically_sexual,2,2,0
n't_apparent,2,2,0
nearly_unbearable,2,2,0
n't_active,2,2,0
perfectly_informed,2,2,0
actually_creative,2,2,0
necessarily_absurd,2,2,0
physically_resilient,2,2,0
nearly_vulnerable,2,2,0
commercially_adaptable,2,2,0
unnecessarily_bulky,2,2,0
quite_overpowering,2,2,0
n't_accessible,2,2,0
completely_funny,2,2,0
simply_magnificent,2,2,0
simply_mechanical,2,2,0
actually_spherical,2,2,0
sharply_distinct,2,2,0
commercially_exploitable,2,2,0
simply_mad,2,2,0
simply_medical,2,2,0
perfectly_imperfect,2,2,0
simply_measurable,2,2,0
physically_restrained,2,2,0
perfectly_indicative,2,2,0
actually_skinny,2,1,1
physically_responsive,2,2,0
yet_bilingual,2,2,0
physically_remote,2,2,0
perfectly_green,2,2,0
mutually_satisfying,2,2,0
shockingly_affordable,2,2,0
physically_proficient,2,2,0
racially_abusive,2,2,0
comically_tedious,2,2,0
simply_light,2,2,0
simply_key,2,2,0
physically_sore,2,2,0
nearly_unrecognizable,2,2,0
actually_sovereign,2,2,0
nearly_thoughtful,2,2,0
simply_less,2,2,0
perfectly_homogeneous,2,2,0
completely_handicapped,2,2,0
simply_loud,2,2,0
nearly_unusual,2,1,1
perfectly_honorable,2,2,0
sharply_partisan,2,2,0
perfectly_graceful,2,2,0
n't_adorable,2,2,0
actually_slower,2,2,0
physically_satisfied,2,2,0
necessarily_accidental,2,2,0
yet_blase,2,2,0
perfectly_friendly,2,2,0
comically_wide,2,2,0
physically_skilled,2,2,0
uniquely_islamic,2,2,0
mutually_similar,2,2,0
mutually_hostile,2,2,0
simply_justifiable,2,2,0
n't_aggressive,2,2,0
actually_damaging,2,2,0
quite_overwhelmed,2,2,0
perfectly_gorgeous,2,2,0
completely_guilty,2,2,0
necessarily_abundant,2,2,0
actually_counterproductive,2,2,0
actually_crispy,2,2,0
n't_ashamed,2,2,0
mutually_interchangeable,2,2,0
comically_small,2,2,0
n't_adequate,2,2,0
perfectly_immune,2,2,0
shockingly_bright,2,2,0
quite_palpable,2,2,0
simply_joyful,2,2,0
shockingly_disproportionate,2,2,0
nearly_weird,2,2,0
physically_pregnant,2,2,0
quite_pagan,2,2,0
completely_glamorous,2,2,0
racially_correct,2,2,0
quite_overdone,2,2,0
nearly_unique,2,2,0
shockingly_beautiful,2,2,0
completely_gullible,2,2,0
necessarily_adamant,2,2,0
commercially_driven,2,2,0
shockingly_enough,2,2,0
nearly_visible,2,2,0
completely_giddy,2,2,0
nearly_tight,2,2,0
necessarily_acute,2,2,0
n't_amusing,2,2,0
mutually_destructive,2,2,0
completely_gluten-free,2,2,0
actually_deceitful,2,2,0
completely_furious,2,2,0
shockingly_cold,2,2,0
n't_awful,2,2,0
physically_significant,2,1,1
sharply_higher,2,2,0
mutually_unintelligible,2,2,0
perfectly_frank,2,2,0
physically_productive,2,1,1
sharply_satirical,2,2,0
n't_admirable,2,2,0
actually_slutty,2,2,0
unnecessarily_artsy,2,1,1
racially_black,2,2,0
necessarily_abrupt,2,2,0
completely_badass,2,2,0
completely_hip,2,2,0
uniquely_catholic,2,0,2
completely_jarring,2,2,0
perfectly_candid,2,2,0
sexually_oriented,2,2,0
actually_terminal,2,2,0
uniquely_characteristic,2,2,0
necessarily_casual,2,2,0
yet_coherent,2,2,0
radically_conservative,2,2,0
plain_dangerous,2,2,0
actually_tedious,2,2,0
quite_nihilistic,2,2,0
plain_cute,2,2,0
much_timid,2,2,0
plain_cruel,2,2,0
quite_nimble,2,2,0
completely_introverted,2,2,0
much_touristy,2,2,0
radically_cheaper,2,2,0
actually_bitter,2,2,0
necessarily_carcinogenic,2,2,0
much_traditional,2,2,0
much_transcendent,2,2,0
quite_noble,2,2,0
perfectly_brilliant,2,2,0
cognitively_inferior,2,2,0
unnecessarily_redundant,2,2,0
uniquely_canadian,2,2,0
perfectly_altruistic,2,2,0
actually_biased,2,2,0
much_tentative,2,2,0
cognitively_dissonant,2,2,0
completely_law-abiding,2,2,0
much_terrified,2,2,0
plain_english,2,2,0
yet_cohesive,2,2,0
quite_newsworthy,2,2,0
radically_higher,2,2,0
perfectly_anonymous,2,2,0
much_thankful,2,2,0
much_theoretical,2,2,0
perfectly_apparent,2,2,0
perfectly_audible,2,2,0
uniquely_brutal,2,2,0
plain_dumb,2,2,0
plain_disgusting,2,2,0
sexually_obsessed,2,2,0
necessarily_celebratory,2,2,0
actually_thrilling,2,2,0
uniquely_buddhist,2,2,0
much_thoughtful,2,2,0
necessarily_capitalist,2,2,0
quite_noisy,2,2,0
cognitively_complex,2,2,0
simply_problematic,2,2,0
simply_private,2,2,0
quite_nostalgia,2,2,0
actually_bored,2,2,0
actually_taboo,2,2,0
simply_primary,2,2,0
wildly_painful,2,2,0
unnecessarily_provocative,2,2,0
cognitively_sophisticated,2,2,0
racially_white,2,2,0
much_unconscious,2,2,0
perfectly_conducive,2,2,0
necessarily_breathtaking,2,2,0
much_unconventional,2,2,0
sexually_precocious,2,2,0
much_under-appreciated,2,2,0
pitifully_dire,2,2,0
much_underwhelming,2,2,0
much_unemployed,2,2,0
much_unexpected,2,1,1
perfectly_conscious,2,2,0
unnecessarily_prescriptive,2,2,0
simply_preposterous,2,2,0
much_unfinished,2,2,0
perfectly_competent,2,2,0
simply_professional,2,2,0
sexually_perverted,2,2,0
much_unaffected,2,1,1
plain_brown,2,2,0
necessarily_calm,2,2,0
sexually_pleasant,2,2,0
much_traumatic,2,2,0
much_trendy,2,2,0
much_troubling,2,2,0
quite_non-existent,2,2,0
completely_intimate,2,2,0
necessarily_busier,2,2,0
yet_coarse,2,1,1
simply_prohibitive,2,2,0
actually_bold,2,2,0
necessarily_bulletproof,2,2,0
necessarily_budget-friendly,2,2,0
unnecessarily_pushy,2,2,0
necessarily_brutal,2,2,0
actually_taller,2,2,0
necessarily_broad,2,2,0
sexually_potent,2,2,0
uniquely_compelling,2,2,0
plain_awesome,2,2,0
actually_tall,2,2,0
unnecessarily_punitive,2,2,0
perfectly_alike,2,2,0
simply_puzzling,2,2,0
physiologically_significant,2,2,0
plain_retarded,2,2,0
much_stricter,2,2,0
uniquely_advantageous,2,1,1
pathetically_weak,2,2,0
completely_local,2,2,0
quite_mountainous,2,2,0
rapidly_fatal,2,2,0
simply_reassuring,2,2,0
quite_moving,2,2,0
much_stuck,2,2,0
unnecessarily_violent,2,2,0
necessarily_comical,2,2,0
necessarily_comic,2,2,0
clinically_wrong,2,1,1
actually_autonomous,2,2,0
rapidly_deployable,2,2,0
actually_average,2,2,0
simply_realistic,2,2,0
pathologically_obsessed,2,2,0
plain_odd,2,2,0
pathologically_obsessive,2,2,0
closely_aware,2,2,0
necessarily_collective,2,2,0
much_substantial,2,2,0
unnecessarily_worried,2,1,1
clinically_symptomatic,2,2,0
wildly_memorable,2,2,0
simply_red,2,2,0
completely_magical,2,2,0
much_spectacular,2,1,1
rarely_dangerous,2,1,1
quite_moral,2,2,0
quite_morbid,2,2,0
pathetically_inept,2,2,0
much_spooky,2,1,1
completely_macabre,2,2,0
completely_lucky,2,2,0
quite_more,2,2,0
pathetically_slow,2,2,0
pathetically_stupid,2,2,0
clinically_successful,2,2,0
much_startling,2,2,0
clinically_suitable,2,2,0
simply_relative,2,2,0
necessarily_compassionate,2,2,0
plain_silly,2,2,0
much_stereotypical,2,2,0
necessarily_compact,2,2,0
much_straightforward,2,2,0
simply_reflective,2,2,0
simply_reductive,2,2,0
plain_nasty,2,2,0
rapidly_accessible,2,2,0
simply_qualified,2,2,0
uniquely_asian,2,1,1
cognitively_advanced,2,2,0
necessarily_chronic,2,2,0
unnecessarily_sentimental,2,2,0
uniquely_australian,2,2,0
yet_comforting,2,2,0
perfectly_accessible,2,2,0
quite_negligible,2,2,0
much_synonymous,2,2,0
actually_traditional,2,2,0
sexually_naive,2,2,0
plain_funny,2,2,0
wildly_new,2,1,1
actually_bent,2,2,0
actually_bespoke,2,2,0
plain_false,2,2,0
necessarily_cheery,2,2,0
necessarily_cheerful,2,2,0
simply_quick,2,2,0
much_tantalizing,2,2,0
cognitively_challenging,2,2,0
uniquely_beautiful,2,2,0
plain_evil,2,2,0
perfectly_admirable,2,2,0
much_suspenseful,2,2,0
quite_needless,2,2,0
much_substantive,2,2,0
actually_believable,2,2,0
actually_avoidable,2,2,0
actually_awesome,2,2,0
much_subtler,2,2,0
unnecessarily_unkind,2,2,0
actually_bankrupt,2,2,0
necessarily_cognitive,2,2,0
necessarily_coercive,2,2,0
radically_transparent,2,2,0
actually_bare,2,2,0
necessarily_cocky,2,1,1
necessarily_clumsy,2,2,0
radically_transformative,2,1,1
peculiarly_japanese,2,2,0
much_sunny,2,2,0
peculiarly_modern,2,2,0
unnecessarily_technical,2,2,0
necessarily_clearer,2,2,0
closely_relevant,2,2,0
completely_limited,2,2,0
simply_rapid,2,2,0
unnecessarily_slow,2,2,0
quite_naughty,2,2,0
radically_open,2,2,0
completely_insulting,2,2,0
much_unheard,2,2,0
yet_blind,2,2,0
actually_subtle,2,2,0
necessarily_anticlimactic,2,2,0
musically_great,2,2,0
necessarily_anti-social,2,2,0
musically_heavy,2,2,0
necessarily_anti-israel,2,2,0
actually_substantial,2,2,0
necessarily_anti-democratic,2,2,0
racially_ignorant,2,2,0
simply_noble,2,2,0
unnecessarily_discriminatory,2,2,0
yet_brittle,2,2,0
necessarily_annual,2,2,0
simply_nervous,2,2,0
unnecessarily_detailed,2,2,0
perfectly_enforceable,2,2,0
perfectly_equitable,2,2,0
necessarily_ample,2,2,0
completely_hygienic,2,2,0
completely_hungry,2,2,0
necessarily_amoral,2,2,0
actually_confusing,2,2,0
uniquely_high,2,2,0
musically_innovative,2,2,0
actually_complicit,2,2,0
actually_subversive,2,2,0
musically_intelligent,2,2,0
simply_nonsense,2,2,0
unnecessarily_divisive,2,2,0
musically_astute,2,2,0
musically_average,2,2,0
yet_bullish,2,2,0
necessarily_apologetic,2,2,0
necessarily_apathetic,2,2,0
unnecessarily_disruptive,2,2,0
simply_ok,2,2,0
actually_comic,2,2,0
musically_challenging,2,2,0
racially_inferior,2,2,0
simply_obtainable,2,2,0
musically_compelling,2,2,0
simply_obnoxious,2,2,0
musically_cool,2,2,0
actually_compassionate,2,2,0
quite_orderly,2,2,0
simply_notable,2,2,0
simply_nostalgic,2,2,0
wildly_political,2,2,0
physically_traumatic,2,2,0
completely_idealistic,2,2,0
actually_sugary,2,2,0
actually_stronger,2,2,0
completely_hot,2,2,0
quite_operational,2,2,0
actually_stationary,2,2,0
simply_misguided,2,2,0
comically_evil,2,2,0
physically_sturdy,2,2,0
actually_stable,2,2,0
physically_stuck,2,2,0
completely_homemade,2,2,0
physically_strongest,2,2,0
actually_conversant,2,2,0
unnecessarily_competitive,2,2,0
actually_sporty,2,2,0
simply_mindless,2,2,0
physically_stressful,2,1,1
quite_outrageous,2,2,0
musically_strong,2,2,0
comically_huge,2,2,0
musically_thematic,2,2,0
completely_hokey,2,2,0
perfectly_flawed,2,2,0
comically_inept,2,2,0
completely_historical,2,2,0
mutually_acceptable,2,2,0
physically_spry,2,2,0
perfectly_flawless,2,2,0
racially_disproportionate,2,2,0
simply_misleading,2,2,0
musically_inventive,2,2,0
actually_sticky,2,2,0
simply_nasty,2,2,0
sexually_voracious,2,2,0
quite_orwellian,2,2,0
comfortably_sure,2,2,0
actually_stretchy,2,2,0
necessarily_alright,2,2,0
actually_strange,2,2,0
simply_narrative,2,2,0
completely_horrid,2,2,0
simply_muslim,2,2,0
completely_honorable,2,1,1
perfectly_exempt,2,2,0
actually_straightforward,2,2,0
musically_pleasing,2,2,0
actually_stiff,2,2,0
necessarily_alarmist,2,2,0
yet_boring,2,2,0
comically_big,2,2,0
necessarily_airtight,2,2,0
unnecessarily_confusing,2,2,0
unnecessarily_confrontational,2,2,0
simply_misunderstood,2,2,0
completely_homosexual,2,2,0
musically_appropriate,2,2,0
uniquely_guilty,2,2,0
completely_insufferable,2,2,0
much_uphill,2,2,0
much_urban,2,2,0
actually_suspicious,2,2,0
completely_inexpensive,2,2,0
much_usual,2,2,0
physiologically_dependent,2,2,0
much_vague,2,2,0
physiologically_credible,2,2,0
unnecessarily_negative,2,2,0
simply_partisan,2,2,0
completely_inevitable,2,2,0
necessarily_binary,2,2,0
much_versatile,2,2,0
coldly_logical,2,2,0
perfectly_cut,2,2,0
unnecessarily_mean,2,2,0
completely_individual,2,2,0
unnecessarily_loud,2,2,0
much_visceral,2,2,0
perfectly_cute,2,2,0
physiologically_available,2,2,0
completely_indispensable,2,2,0
necessarily_bent,2,2,0
much_vital,2,2,0
completely_inhospitable,2,2,0
much_unwilling,2,2,0
simply_overweight,2,2,0
actually_sustainable,2,2,0
uniquely_costly,2,0,2
completely_instant,2,2,0
completely_insecure,2,2,0
actually_buddhist,2,2,0
physiologically_related,2,2,0
completely_inoffensive,2,2,0
much_unnecessary,2,2,0
quite_oblivious,2,2,0
necessarily_bloody,2,2,0
physiologically_necessary,2,2,0
necessarily_blissful,2,2,0
unnecessarily_parochial,2,2,0
much_unreal,2,2,0
wildly_partisan,2,1,1
much_unreasonable,2,2,0
necessarily_bland,2,2,0
perfectly_controllable,2,2,0
necessarily_bizarre,2,2,0
coldly_functional,2,2,0
simply_philosophical,2,2,0
quite_obsessive,2,2,0
much_unthinkable,2,2,0
completely_innate,2,2,0
sexually_responsible,2,2,0
collectively_aware,2,2,0
unnecessarily_dramatic,2,2,0
collectively_ready,2,2,0
racially_oriented,2,2,0
simply_optional,2,2,0
sexually_squeamish,2,2,0
completely_immoral,2,2,0
completely_imminent,2,2,0
unnecessarily_flashy,2,2,0
uniquely_greek,2,1,1
racially_jewish,2,2,0
sexually_straight,2,2,0
sexually_submissive,2,2,0
necessarily_asian,2,2,0
necessarily_artificial,2,1,1
necessarily_artful,2,2,0
perfectly_dreamy,2,2,0
unnecessarily_explicit,2,2,0
unnecessarily_expensive,2,2,0
actually_colder,2,2,0
completely_illusory,2,2,0
necessarily_apt,2,2,0
necessarily_approachable,2,2,0
physically_useful,2,1,1
musically_active,2,2,0
necessarily_appreciative,2,2,0
unnecessarily_harmful,2,2,0
unnecessarily_heavy,2,2,0
quite_oily,2,2,0
racially_polarizing,2,2,0
physically_younger,2,2,0
necessarily_befitting,2,2,0
much_voluntary,2,1,1
completely_inconspicuous,2,2,0
collectively_capable,2,2,0
actually_surreal,2,2,0
simply_outstanding,2,2,0
sexually_safe,2,2,0
actually_charitable,2,2,0
necessarily_barren,2,2,0
necessarily_bare,2,2,0
sexually_selfish,2,2,0
simply_ours,2,2,0
collectively_good,2,2,0
yet_catastrophic,2,2,0
completely_incidental,2,2,0
completely_inaudible,2,2,0
unnecessarily_hostile,2,2,0
completely_impressive,2,2,0
completely_important,2,2,0
unnecessarily_high,2,2,0
uniquely_female,2,2,0
much_wide,2,2,0
wildly_radical,2,1,1
nearly_hardcore,2,2,0
perfectly_instructive,2,2,0
quite_rustic,2,2,0
simply_domestic,2,2,0
similarly_minded,2,2,0
phenomenally_good,2,2,0
phenomenally_effective,2,2,0
woefully_anachronistic,2,2,0
similarly_mysterious,2,2,0
actually_impressive,2,2,0
naturally_vegetarian,2,2,0
quite_timeless,2,2,0
quite_roomy,2,2,0
permanently_immune,2,2,0
wonderfully_quiet,2,2,0
quite_thriving,2,2,0
simply_distracting,2,2,0
naturally_talkative,2,2,0
actually_optimistic,2,2,0
completely_constitutional,2,2,0
n't_typical,2,2,0
simply_distasteful,2,2,0
actually_incompatible,2,2,0
quite_rudimentary,2,2,0
completely_addictive,2,2,0
actually_incompetent,2,2,0
completely_adjustable,2,2,0
n't_uncommon,2,2,0
naturally_sustainable,2,2,0
completely_admirable,2,2,0
completely_conservative,2,2,0
n't_unique,2,2,0
n't_tragic,2,2,0
permanently_homeless,2,2,0
quite_risky,2,2,0
philosophically_defensible,2,2,0
near_difficult,2,2,0
simply_dry,2,2,0
completely_abysmal,2,2,0
quite_topical,2,2,0
completely_convenient,2,2,0
n't_terrible,2,2,0
similarly_flexible,2,2,0
philosophically_dense,2,2,0
similarly_free,2,2,0
universally_identical,2,2,0
near_big,2,2,0
completely_accountable,2,2,0
similarly_guilty,2,2,0
philosophically_deep,2,2,0
actually_impractical,2,2,0
similarly_impressed,2,2,0
actually_outraged,2,2,0
near_able,2,2,0
naturally_worthy,2,2,0
permanently_disabled,2,2,0
quite_resolute,2,2,0
quite_tolerant,2,2,0
completely_achievable,2,2,0
permanently_effective,2,2,0
naturally_warm,2,2,0
permanently_exempt,2,2,0
phenomenally_successful,2,2,0
phenomenally_popular,2,2,0
simply_disappointed,2,2,0
personally_worse,2,2,0
physically_appropriate,2,2,0
personally_willing,2,2,0
wonderfully_picturesque,2,2,0
n't_weird,2,2,0
quite_savory,2,2,0
n't_white,2,2,0
completely_commercial,2,2,0
similarly_supportive,2,2,0
actually_ineffective,2,2,0
similarly_susceptible,2,2,0
quite_scandalous,2,1,1
woefully_ignorant,2,2,0
naturally_romantic,2,2,0
actually_objective,2,2,0
similarly_troubled,2,2,0
similarly_true,2,2,0
naturally_responsive,2,2,0
quite_talkative,2,2,0
actually_infectious,2,2,0
n't_wise,2,2,0
similarly_unfair,2,2,0
similarly_upset,2,2,0
completely_colorless,2,2,0
quite_taboo,2,2,0
completely_allergic,2,2,0
n't_worse,2,2,0
completely_aloof,2,2,0
woefully_incorrect,2,2,0
actually_influential,2,2,0
actually_novel,2,2,0
completely_cloudy,2,2,0
similarly_subject,2,2,0
naturally_sexual,2,2,0
actually_obscure,2,1,1
quite_tempting,2,2,0
simply_dirty,2,2,0
naturally_subordinate,2,2,0
actually_onboard,2,2,0
quite_salty,2,2,0
actually_indestructible,2,2,0
actually_older,2,2,0
n't_viable,2,2,0
naturally_subject,2,2,0
naturally_stunning,2,2,0
quite_sanitary,2,2,0
similarly_religious,2,2,0
quite_satirical,2,2,0
permanently_satisfied,2,2,0
personally_vegan,2,2,0
n't_wealthy,2,2,0
universally_high,2,2,0
permanently_stable,2,2,0
quite_technical,2,2,0
actually_obtainable,2,2,0
n't_visible,2,2,0
n't_vital,2,2,0
completely_affective,2,2,0
simply_devoid,2,2,0
completely_afraid,2,2,0
naturally_skeptical,2,2,0
quite_tart,2,2,0
n't_weak,2,2,0
permanently_unable,2,2,0
similarly_equivocal,2,2,0
near_effective,2,2,0
n't_tall,2,1,1
philosophically_edifying,2,2,0
completely_deficient,2,2,0
quite_unimportant,2,2,0
physically_addicted,2,2,0
quite_unforgettable,2,2,0
nearly_ancient,2,2,0
quite_unfamiliar,2,2,0
similarly_able,2,2,0
universally_accurate,2,2,0
physically_achievable,2,2,0
actually_pertinent,2,2,0
perhaps_impossible,2,2,0
actually_hispanic,2,2,0
quite_unemployed,2,2,0
perhaps_indicative,2,2,0
perhaps_many,2,1,1
wonderfully_unique,2,2,0
quite_underway,2,2,0
physically_abnormal,2,1,1
universally_interesting,2,1,1
quite_underwater,2,2,0
universally_intelligible,2,0,2
actually_honest,2,2,0
philosophically_unsound,2,2,0
quite_understated,2,2,0
actually_horrible,2,2,0
n't_secure,2,2,0
perhaps_open,2,2,0
quite_underground,2,2,0
wonderfully_spooky,2,2,0
quite_reckless,2,2,0
nearly_angry,2,2,0
universally_legal,2,2,0
nearly_assertive,2,2,0
actually_posh,2,2,0
nearly_basic,2,2,0
universally_lovable,2,2,0
actually_polite,2,2,0
simply_ethical,2,2,0
significantly_useful,2,2,0
perhaps_afraid,2,2,0
actually_handsome,2,2,0
simply_ethereal,2,2,0
physically_amiss,2,1,1
n't_rewarding,2,2,0
significantly_valuable,2,2,0
quite_unlikely,2,2,0
actually_harder,2,2,0
quite_receptive,2,2,0
actually_hateful,2,2,0
n't_ripe,2,2,0
n't_risky,2,2,0
n't_robust,2,2,0
actually_pleasant,2,2,0
completely_defunct,2,2,0
simply_equal,2,2,0
simply_episodic,2,2,0
actually_hazardous,2,2,0
simply_environmental,2,2,0
significantly_wider,2,2,0
significantly_widespread,2,2,0
nearly_anxious,2,2,0
philosophically_significant,2,1,1
completely_decent,2,2,0
quite_uncool,2,2,0
completely_corny,2,2,0
actually_iconic,2,2,0
actually_identifiable,2,2,0
quite_remote,2,2,0
willfully_malicious,2,2,0
simply_eccentric,2,2,0
n't_stunning,2,2,0
simply_easy,2,2,0
universally_appropriate,2,2,0
competitively_valid,2,2,0
n't_sufficient,2,2,0
completely_cost-effective,2,2,0
n't_superior,2,2,0
actually_idle,2,2,0
perilously_ill,2,2,0
similarly_decent,2,2,0
n't_surprising,2,2,0
competitively_viable,2,2,0
completely_3d,2,2,0
near_exact,2,2,0
simply_dull,2,2,0
near_equal,2,2,0
permanently_acceptable,2,2,0
permanently_accessible,2,2,0
quite_traceable,2,2,0
n't_sustainable,2,2,0
permanently_closed,2,2,0
n't_sympathetic,2,2,0
near_empty,2,2,0
completely_creepy,2,2,0
near_much,2,2,0
philosophically_serious,2,2,0
universally_affordable,2,2,0
n't_severe,2,2,0
n't_sharp,2,2,0
nearly_acceptable,2,2,0
simply_empirical,2,2,0
quite_uncommon,2,2,0
simply_emblematic,2,2,0
simply_embarrassing,2,1,1
n't_sick,2,2,0
perhaps_probable,2,2,0
nearly_absent,2,2,0
competitively_relevant,2,2,0
perhaps_related,2,2,0
quite_unbeatable,2,2,0
near_smart,2,2,0
actually_hypothetical,2,2,0
n't_similar,2,2,0
quite_unacceptable,2,2,0
universally_important,2,2,0
universally_agreeable,2,2,0
perhaps_suitable,2,1,1
near_over,2,2,0
n't_sincere,2,2,0
quite_unable,2,2,0
simply_efficient,2,2,0
completely_cruel,2,2,0
n't_sociable,2,2,0
completely_crucial,2,2,0
n't_sorry,2,2,0
similarly_vocal,2,2,0
woefully_inept,2,2,0
quite_symbolic,2,2,0
simply_complacent,2,2,0
actually_lethal,2,2,0
simply_aspirational,2,2,0
simply_astonishing,2,2,0
completely_breathless,2,2,0
naturally_big,2,2,0
personally_compelling,2,2,0
simply_civil,2,2,0
completely_boundless,2,2,0
simply_chronological,2,2,0
naturally_bright,2,2,0
actually_libertarian,2,2,0
naturally_happy,2,2,0
simply_attainable,2,2,0
actually_lighter,2,2,0
completely_astonished,2,2,0
personally_confident,2,2,0
quite_sovereign,2,2,0
personally_insulting,2,2,0
universally_delighted,2,2,0
quite_singular,2,2,0
naturally_calm,2,2,0
personally_inconvenient,2,2,0
actually_likable,2,2,0
naturally_hairless,2,2,0
naturally_charismatic,2,2,0
naturally_chaste,2,2,0
personally_immune,2,2,0
naturally_chinese,2,2,0
simply_cheap,2,2,0
actually_lesbian,2,2,0
actually_massive,2,2,0
personally_challenging,2,2,0
naturally_impulsive,2,2,0
universally_excited,2,2,0
simply_competitive,2,2,0
simply_competent,2,2,0
actually_miserable,2,2,0
naturally_intelligent,2,2,0
naturally_appealing,2,2,0
naturally_apt,2,2,0
universally_excellent,2,2,0
wonderfully_happy,2,2,0
quite_shrewd,2,2,0
simply_commonplace,2,2,0
naturally_indigenous,2,2,0
naturally_attractive,2,1,1
universally_equal,2,2,0
simply_clueless,2,2,0
personally_attentive,2,2,0
quite_spooky,2,2,0
wonderfully_good,2,2,0
wonderfully_fun,2,2,0
actually_laughable,2,2,0
universally_enthusiastic,2,2,0
personally_likeable,2,2,0
simply_commercial,2,2,0
quite_simplistic,2,2,0
completely_asinine,2,2,0
quite_simultaneous,2,2,0
wonderfully_flexible,2,2,0
naturally_humble,2,2,0
personally_courageous,2,2,0
simply_charming,2,2,0
naturally_collaborative,2,2,0
quite_socialist,2,2,0
personally_good,2,2,0
simply_awful,2,2,0
simply_breathtaking,2,2,0
completely_bilingual,2,2,0
quite_smoky,2,2,0
simply_boring,2,2,0
naturally_easy,2,2,0
simply_bland,2,2,0
completely_bewildering,2,2,0
actually_lovely,2,2,0
naturally_elastic,2,2,0
actually_lucky,2,2,0
simply_backward,2,2,0
completely_basic,2,2,0
simply_brown,2,2,0
quite_sociable,2,2,0
personally_enthusiastic,2,2,0
quite_sneaky,2,2,0
completely_barbaric,2,2,0
personally_embarrassing,2,2,0
naturally_enough,2,2,0
naturally_extroverted,2,2,0
simply_benign,2,2,0
personally_enjoyable,2,2,0
naturally_equal,2,2,0
completely_banal,2,2,0
completely_backward,2,2,0
naturally_excited,2,2,0
naturally_democratic,2,2,0
completely_awe,2,2,0
quite_sour,2,2,0
naturally_gorgeous,2,2,0
personally_critical,2,2,0
naturally_greedy,2,2,0
completely_blunt,2,2,0
naturally_compelling,2,2,0
quite_skillful,2,2,0
naturally_gray,2,2,0
naturally_confrontational,2,2,0
naturally_conscientious,2,2,0
personally_damaging,2,2,0
completely_blatant,2,2,0
quite_sore,2,2,0
wonderfully_exciting,2,2,0
simply_callous,2,2,0
personally_homophobic,2,2,0
universally_eager,2,2,0
completely_authoritative,2,2,0
quite_soothing,2,2,0
naturally_gifted,2,2,0
quite_sleepy,2,2,0
personally_destructive,2,2,0
personally_great,2,2,0
naturally_free,2,2,0
simply_bureaucratic,2,2,0
completely_binary,2,2,0
simply_brutal,2,2,0
naturally_forthcoming,2,2,0
naturally_fond,2,2,0
completely_automated,2,1,1
naturally_intolerable,2,2,0
naturally_amenable,2,2,0
woefully_light,2,2,0
simply_complicated,2,2,0
naturally_perfect,2,2,0
quite_seductive,2,2,0
narrowly_important,2,2,0
quite_self-evident,2,2,0
universally_comprehensible,2,2,0
naturally_peaceful,2,2,0
quite_self-sufficient,2,2,0
personally_scared,2,2,0
wonderfully_ironic,2,2,0
completely_ancient,2,2,0
quite_subjective,2,2,0
narrowly_political,2,2,0
woefully_unprepared,2,2,0
actually_nearby,2,2,0
quite_stuffy,2,2,0
personally_safe,2,2,0
simply_cruel,2,2,0
simply_crucial,2,2,0
simply_adequate,2,2,0
narrowly_religious,2,2,0
simply_critical,2,2,0
naturally_oily,2,2,0
perpetually_straightforward,2,2,0
naturally_observant,2,2,0
actually_instantaneous,2,2,0
narrowly_targeted,2,2,0
simply_crazy,2,2,0
simply_cowardly,2,2,0
perpetually_stupid,2,2,0
actually_insignificant,2,2,0
simply_damning,2,2,0
simply_accidental,2,2,0
simply_delusional,2,2,0
personally_traceable,2,2,0
naturally_promiscuous,2,2,0
personally_thrilled,2,2,0
completely_classical,2,2,0
personally_threatening,2,1,1
actually_nonsense,2,2,0
quite_scrupulous,2,2,0
nakedly_partisan,2,2,0
naturally_profound,2,2,0
naturally_predisposed,2,2,0
quite_superior,2,2,0
quite_superhuman,2,2,0
nakedly_radical,2,2,0
simply_delightful,2,2,0
completely_anachronistic,2,2,0
naturally_pleasant,2,2,0
completely_amenable,2,2,0
quite_superfluous,2,2,0
perpetually_free,2,2,0
completely_amiable,2,2,0
completely_chuffed,2,2,0
quite_sugary,2,2,0
quite_seasoned,2,2,0
completely_amicable,2,2,0
perpetually_nervous,2,2,0
personally_suitable,2,2,0
much_spanish,2,2,0
completely_amiss,2,2,0
simply_cost-effective,2,2,0
nationally_consistent,2,2,0
completely_cheap,2,2,0
simply_ambitious,2,2,0
completely_anti-social,2,2,0
completely_antiquated,2,2,0
quite_sex,2,2,0
quite_steep,2,2,0
naturally_accessible,2,2,0
quite_stark,2,2,0
naturally_low,2,2,0
personally_powerful,2,2,0
completely_antisocial,2,2,0
actually_irrelevant,2,2,0
naturally_long,2,2,0
personally_pleasant,2,2,0
wonderfully_beautiful,2,2,0
wonderfully_high,2,2,0
personally_profitable,2,2,0
actually_irritating,2,2,0
simply_ambivalent,2,2,0
quite_sheer,2,2,0
personally_abusive,2,2,0
wonderfully_bizarre,2,2,0
simply_amoral,2,2,0
simply_amusing,2,2,0
naturally_keen,2,2,0
completely_bummed,2,2,0
naturally_affectionate,2,2,0
personally_painful,2,2,0
completely_apologetic,2,2,0
simply_conceptual,2,2,0
persistently_high,2,2,0
actually_mute,2,2,0
perpetually_tired,2,2,0
actually_mythical,2,2,0
nationally_dominant,2,2,0
actually_insurmountable,2,2,0
personally_revealing,2,2,0
universally_conscious,2,2,0
quite_strict,2,2,0
actually_nasty,2,2,0
nationally_homogenous,2,2,0
completely_angry,2,2,0
completely_challenging,2,2,0
quite_stressful,2,1,1
actually_intelligible,2,2,0
naturally_much,2,2,0
naturally_moody,2,2,0
personally_relatable,2,2,0
naturally_maternal,2,2,0
actually_mystical,2,2,0
simply_contradictory,2,2,0
quite_serene,2,2,0
universally_feasible,2,2,0
actually_intolerant,2,2,0
simply_contemporary,2,2,0
completely_casual,2,2,0
wonderfully_inexpensive,2,2,0
actually_intuitive,2,2,0
quite_stout,2,2,0
personally_punitive,2,2,0
naturally_mean,2,2,0
persistently_cold,2,2,0
n't_responsive,2,2,0
physically_arduous,2,2,0
n't_badass,2,2,0
n't_fatal,2,2,0
completely_exhausting,2,2,0
quite_welcoming,2,2,0
n't_english,2,2,0
completely_excessive,2,2,0
completely_exasperating,2,2,0
n't_enthusiastic,2,2,0
n't_equivalent,2,2,0
nearly_local,2,2,0
actually_doable,2,2,0
simply_imperfect,2,2,0
significantly_damaging,2,2,0
perfectly_patient,2,2,0
n't_evident,2,2,0
quite_weighty,2,2,0
actually_double,2,2,0
physically_important,2,2,0
completely_euphoric,2,2,0
actually_dramatic,2,1,1
significantly_darker,2,2,0
commonly_drunk,2,2,0
n't_factual,2,2,0
completely_erroneous,2,2,0
physically_immune,2,2,0
simply_illustrative,2,2,0
perfectly_pink,2,2,0
actually_dreadful,2,2,0
n't_fashionable,2,2,0
completely_enthralling,2,2,0
significantly_dependent,2,2,0
yet_armed,2,2,0
nearly_macho,2,2,0
actually_diverse,2,2,0
nearly_mushy,2,2,0
yet_armored,2,2,0
simply_indicative,2,2,0
simply_indian,2,2,0
simply_incremental,2,2,0
physically_inhospitable,2,2,0
uniquely_patriarchal,2,2,0
significantly_clear,2,2,0
universally_welcoming,2,2,0
completely_fabulous,2,2,0
n't_diverse,2,2,0
n't_due,2,2,0
universally_warm,2,2,0
completely_extraordinary,2,2,0
n't_earnest,2,2,0
simply_impressed,2,2,0
actually_scarce,2,2,0
n't_edible,2,2,0
nearly_memorable,2,2,0
simply_incidental,2,2,0
quite_pornographic,2,2,0
perfectly_organic,2,2,0
significantly_cooler,2,2,0
simply_inappropriate,2,2,0
perfectly_oriented,2,2,0
physically_inclined,2,2,0
n't_elegant,2,2,0
n't_elite,2,2,0
simply_impressive,2,2,0
universally_upbeat,2,2,0
yet_apocalyptic,2,1,1
perhaps_able,2,2,0
perfectly_playable,2,2,0
n't_gentle,2,2,0
completely_electronic,2,2,0
actually_romantic,2,2,0
actually_roman,2,2,0
nearly_imaginative,2,2,0
universally_superior,2,2,0
physically_grotesque,2,2,0
n't_glamorous,2,2,0
physically_great,2,2,0
n't_green,2,2,0
nearly_humble,2,2,0
completely_egregious,2,2,0
actually_entertaining,2,2,0
n't_handsome,2,2,0
yet_allergic,2,2,0
nearly_human,2,1,1
completely_egalitarian,2,2,0
universally_suitable,2,2,0
n't_harmful,2,2,0
simply_horrific,2,2,0
commonly_possible,2,2,0
simply_horrible,2,2,0
n't_heavy,2,2,0
quite_presentable,2,2,0
commonly_recyclable,2,2,0
nearly_honest,2,2,0
nearly_helpful,2,2,0
actually_robust,2,2,0
significantly_healthier,2,2,0
significantly_good,2,1,1
significantly_fewer,2,2,0
actually_endearing,2,2,0
actually_sacrosanct,2,1,1
nearly_invulnerable,2,2,0
n't_feminine,2,2,0
yet_angry,2,2,0
actually_economical,2,2,0
actually_efficient,2,2,0
physically_human,2,2,0
nearly_invisible,2,2,0
completely_enlightening,2,2,0
simply_ideal,2,2,0
uniquely_relevant,2,2,0
significantly_dissimilar,2,2,0
physically_hot,2,2,0
simply_hyperbolic,2,2,0
actually_egalitarian,2,2,0
commonly_observable,2,2,0
actually_elite,2,2,0
n't_fond,2,2,0
simply_hyperbole,2,2,0
commonly_hazardous,2,2,0
nearly_innovative,2,2,0
n't_fraught,2,2,0
physically_hazardous,2,2,0
simply_hungry,2,2,0
universally_thin,2,2,0
actually_ruthless,2,2,0
nearly_improbable,2,2,0
quite_walkable,2,2,0
nearly_impressed,2,2,0
nearly_nasty,2,2,0
nearly_naughty,2,2,0
nearly_nerdy,2,2,0
commonly_aware,2,2,0
completely_formal,2,2,0
shockingly_outrageous,2,2,0
physically_nervous,2,2,0
simply_intelligent,2,2,0
actually_shorter,2,2,0
physically_necessary,2,2,0
quite_perpendicular,2,2,0
shockingly_powerful,2,2,0
completely_foolish,2,1,1
actually_depressing,2,2,0
quite_pervasive,2,2,0
simply_insane,2,2,0
actually_shit,2,2,0
quite_petty,2,2,0
nearly_safe,2,2,0
n't_complex,2,2,0
nearly_romantic,2,2,0
commercially_promising,2,2,0
nearly_risky,2,2,0
n't_complicated,2,2,0
completely_flabbergasted,2,2,0
simply_innovative,2,2,0
n't_consistent,2,2,0
physically_menacing,2,2,0
simply_informational,2,2,0
simply_informal,2,2,0
actually_sharp,2,2,0
commercially_questionable,2,2,0
n't_controversial,2,2,0
shockingly_original,2,2,0
yet_bald,2,2,0
nearly_sensational,2,1,1
commercially_marketable,2,2,0
nearly_steep,2,2,0
physically_pleasant,2,2,0
shockingly_higher,2,2,0
shockingly_large,2,2,0
n't_beneficial,2,2,0
unnaturally_large,2,2,0
actually_deficient,2,2,0
actually_definitive,2,2,0
actually_defunct,2,2,0
nearly_slow,2,2,0
simply_irritating,2,2,0
n't_binary,2,2,0
physically_outstanding,2,2,0
n't_black,2,2,0
actually_silly,2,2,0
uniquely_military,2,2,0
simply_ironic,2,1,1
physically_open,2,2,0
shockingly_novel,2,2,0
physically_old,2,2,0
completely_fraudulent,2,1,1
wildly_rare,2,2,0
physically_offensive,2,2,0
simply_intolerant,2,2,0
actually_demented,2,2,0
commercially_operational,2,2,0
quite_peachy,2,2,0
uniquely_monstrous,2,2,0
uniquely_odd,2,2,0
actually_deserving,2,2,0
unnaturally_anxious,2,2,0
actually_dishonest,2,2,0
perfectly_moral,2,2,0
nearly_poor,2,2,0
completely_fatal,2,2,0
nearly_plentiful,2,2,0
nearly_pessimistic,2,2,0
nearly_perverse,2,2,0
completely_fat,2,2,0
n't_deep,2,2,0
physically_intimidated,2,2,0
actually_disgusting,2,2,0
nearly_pervasive,2,2,0
uniquely_ours,2,2,0
perfectly_neutral,2,2,0
sickly_rich,2,2,0
completely_faulty,2,2,0
perfectly_nutritious,2,2,0
nearly_painful,2,2,0
quite_political,2,2,0
wildly_robust,2,2,0
n't_different,2,2,0
commercially_worthwhile,2,2,0
nearly_outrageous,2,2,0
universally_worse,2,2,0
nearly_optimistic,2,2,0
nearly_open,2,2,0
significantly_awesome,2,2,0
nearly_numerous,2,2,0
nearly_normal,2,2,0
actually_severe,2,2,0
unmistakably_clear,2,1,1
yet_awash,2,2,0
actually_detrimental,2,2,0
simply_inferior,2,2,0
physically_massive,2,2,0
commercially_savvy,2,2,0
nearly_relevant,2,2,0
nearly_related,2,2,0
n't_courageous,2,2,0
shockingly_unexpected,2,2,0
n't_crazy,2,2,0
quite_placid,2,2,0
physically_male,2,2,0
simply_inevitable,2,2,0
nearly_real-time,2,2,0
perfectly_loyal,2,2,0
n't_credible,2,2,0
quite_wobbly,2,2,0
nearly_real,2,2,0
commercially_sensitive,2,2,0
yet_authentic,2,2,0
n't_crucial,2,2,0
perfectly_magical,2,2,0
shockingly_weak,2,2,0
nearly_pure,2,2,0
quite_plentiful,2,2,0
nearly_proportional,2,2,0
completely_favorable,2,2,0
sickeningly_cute,2,2,0
nearly_profitable,2,2,0
quite_plush,2,2,0
physically_gorgeous,2,2,0
completely_edible,2,2,0
actually_riveting,2,1,1
comparatively_expensive,2,2,0
completely_disagreeable,2,2,0
actually_fortunate,2,2,0
simply_faulty,2,2,0
n't_ours,2,2,0
comparatively_high,2,2,0
nearly_customizable,2,2,0
actually_reachable,2,2,0
comparatively_low,2,2,0
actually_frivolous,2,2,0
quite_quantifiable,2,2,0
perfectly_similar,2,2,0
quite_verifiable,2,2,0
nearly_crispy,2,2,0
quite_questionable,2,2,0
physically_contiguous,2,2,0
worst_imaginable,2,2,0
quite_rabid,2,2,0
physically_competitive,2,2,0
n't_personal,2,2,0
n't_physical,2,2,0
quite_verbal,2,2,0
perfectly_skinny,2,2,0
completely_dim,2,2,0
quite_vegetarian,2,2,0
actually_genuine,2,2,0
quite_vague,2,2,0
universally_practical,2,2,0
completely_developed,2,2,0
perfectly_standard,2,2,0
yet_actionable,2,2,0
completely_discouraged,2,2,0
perfectly_serene,2,2,0
nearly_difficult,2,2,0
actually_flexible,2,2,0
perfectly_same,2,2,0
nearly_divisive,2,2,0
quite_victorious,2,2,0
significantly_powerful,2,2,0
nearly_discerning,2,2,0
actually_foolproof,2,2,0
simply_fond,2,2,0
n't_notable,2,2,0
completely_disgusted,2,2,0
nearly_dirty,2,2,0
uniquely_unique,2,2,0
n't_obese,2,2,0
nearly_different,2,2,0
simply_fictitious,2,2,0
actually_forecast,2,2,0
n't_obnoxious,2,2,0
nearly_devoid,2,2,0
perfectly_scientific,2,2,0
significantly_profitable,2,2,0
nearly_descriptive,2,2,0
comparatively_few,2,2,0
wildly_uninformed,2,2,0
actually_readable,2,2,0
significantly_religious,2,2,0
significantly_riskier,2,2,0
completely_discrete,2,2,0
completely_discreet,2,2,0
actually_giant,2,2,0
actually_glad,2,2,0
perfectly_steady,2,2,0
simply_evocative,2,2,0
simply_exclusive,2,2,0
simply_exciting,2,2,0
n't_rare,2,2,0
simply_excited,2,2,0
significantly_successful,2,2,0
n't_reachable,2,2,0
perfectly_transferable,2,2,0
nearly_coherent,2,2,0
uniquely_western,2,0,2
physically_awkward,2,2,0
perfectly_trustworthy,2,2,0
n't_recyclable,2,2,0
simply_excellent,2,2,0
actually_grey,2,2,0
universally_perfect,2,2,0
quite_untrue,2,2,0
perfectly_victorious,2,2,0
perfectly_virtuous,2,2,0
quite_raunchy,2,2,0
perfectly_whole,2,2,0
nearly_cautious,2,2,0
quite_unselfish,2,2,0
quite_unscathed,2,2,0
nearly_brave,2,2,0
uniquely_wrong,2,1,1
nearly_black,2,2,0
nearly_better,2,2,0
nearly_believable,2,2,0
n't_quiet,2,2,0
perfectly_tangential,2,2,0
significantly_significant,2,2,0
comparatively_small,2,2,0
physically_cold,2,2,0
nearly_contrite,2,2,0
simply_famous,2,2,0
quite_ragged,2,2,0
uniquely_virtuous,2,1,1
significantly_similar,2,2,0
completely_despondent,2,2,0
physically_clean,2,2,0
n't_problematic,2,2,0
worryingly_slow,2,2,0
quite_user-friendly,2,2,0
n't_proficient,2,2,0
quite_rainy,2,2,0
completely_deserving,2,2,0
actually_gray,2,2,0
perfectly_strong,2,2,0
n't_progressive,2,2,0
n't_prone,2,2,0
wildly_useful,2,2,0
physically_blue,2,2,0
completely_deranged,2,2,0
significantly_smarter,2,2,0
simply_expert,2,2,0
actually_profane,2,2,0
n't_public,2,2,0
actually_graphic,2,0,2
actually_pro-israel,2,2,0
perfectly_sympathetic,2,2,0
significantly_positive,2,0,2
physically_destructive,2,2,0
nearly_gritty,2,2,0
completely_disheartening,2,2,0
uniquely_southern,2,2,0
uniquely_spiritual,2,1,1
n't_inspiring,2,2,0
nearly_foolish,2,2,0
universally_sceptical,2,2,0
quite_primitive,2,2,0
n't_intellectual,2,2,0
nearly_firm,2,2,0
simply_happier,2,2,0
physically_faithful,2,2,0
nearly_fine,2,2,0
n't_intentional,2,2,0
completely_dogmatic,2,1,1
simply_handy,2,2,0
physically_extreme,2,2,0
actually_explosive,2,2,0
physically_expressive,2,2,0
nearly_fatal,2,2,0
completely_doable,2,2,0
actually_resident,2,2,0
quite_pro-life,2,2,0
universally_safe,2,2,0
uniquely_superior,2,2,0
n't_jealous,2,2,0
actually_extreme,2,2,0
n't_judgmental,2,2,0
completely_disturbing,2,2,0
n't_knowledgeable,2,2,0
n't_large,2,2,0
physically_fatigued,2,2,0
n't_impossible,2,2,0
quite_vital,2,1,1
n't_homophobic,2,2,0
quite_prestigious,2,2,0
quite_pretentious,2,2,0
simply_historic,2,2,0
physically_free,2,2,0
simply_higher,2,2,0
nearly_green,2,2,0
perfectly_productive,2,2,0
significantly_ill,2,2,0
nearly_granular,2,2,0
actually_risky,2,2,0
nearly_glamorous,2,2,0
wildly_supportive,2,2,0
quite_pretty,2,2,0
physically_formidable,2,2,0
nearly_formal,2,2,0
actually_evident,2,2,0
nearly_gay,2,2,0
quite_priceless,2,2,0
significantly_inferior,2,2,0
completely_eco-friendly,2,2,0
simply_heroic,2,2,0
completely_dumbfounded,2,2,0
completely_due,2,2,0
n't_illegal,2,2,0
physically_flawless,2,2,0
simply_hateful,2,2,0
actually_retrograde,2,2,0
actually_retro,2,2,0
actually_faint,2,2,0
uniquely_susceptible,2,2,0
physically_exceptional,2,1,1
universally_recognizable,2,2,0
perfectly_reverent,2,2,0
nearly_entertaining,2,2,0
perfectly_ridiculous,2,2,0
comparatively_cheap,2,2,0
uniquely_true,2,2,0
physically_distressed,2,2,0
actually_remarkable,2,2,0
nearly_eloquent,2,2,0
actually_reluctant,2,2,0
physically_distinguishable,2,2,0
physically_distinct,2,2,0
significantly_overpriced,2,2,0
n't_most,2,2,0
nearly_edgy,2,2,0
significantly_obvious,2,2,0
actually_reliant,2,2,0
physically_distant,2,2,0
n't_musical,2,2,0
n't_mutual,2,2,0
quite_proportionate,2,2,0
simply_fortuitous,2,2,0
nearly_dynamic,2,2,0
nearly_dumb,2,2,0
actually_feral,2,2,0
n't_nervous,2,2,0
simply_forgetful,2,2,0
nearly_dry,2,2,0
physically_detrimental,2,2,0
actually_favourable,2,2,0
nearly_equivalent,2,2,0
uniquely_tasty,2,2,0
completely_disruptive,2,2,0
n't_legal,2,2,0
actually_reputable,2,2,0
universally_right,2,2,0
quite_viral,2,2,0
n't_legit,2,2,0
completely_distinguishable,2,2,0
physically_equivalent,2,2,0
universally_revered,2,2,0
significantly_moreso,2,2,0
actually_fascist,2,2,0
physically_elite,2,2,0
nearly_expansive,2,2,0
perfectly_repeatable,2,2,0
universally_representative,2,2,0
nearly_evil,2,2,0
n't_long,2,2,0
perfectly_respectable,2,2,0
n't_loud,2,2,0
comparatively_better,2,2,0
completely_disproportionate,2,2,0
completely_disposable,2,2,0
perfectly_respectful,2,2,0
actually_faster,2,2,0
quite_prolific,2,2,0
n't_magical,2,2,0
actually_faulty,2,2,0
completely_disparate,2,2,0
n't_marvelous,2,2,0
personally_successful,2,2,0
operationally_sound,2,2,0
much_spacious,2,2,0
absolutely_abysmal,2,2,0
ultimately_available,2,2,0
absolutely_airtight,2,2,0
creatively_problematic,2,2,0
pretty_sanguine,2,2,0
pretty_selfish,2,2,0
more_thorny,2,2,0
absolutely_adequate,2,2,0
ultimately_advantageous,2,2,0
more_thematic,2,2,0
pretty_robust,2,2,0
creatively_stimulating,2,2,0
ultimately_accountable,2,2,0
pretty_shitty,2,2,0
creatively_unsettling,2,0,2
absolutely_absurd,2,2,0
absolutely_absent,2,2,0
absolutely_able,2,2,0
pretty_sick,2,2,0
pretty_rough,2,2,0
absolutely_alike,2,2,0
yet_satisfying,2,2,0
more_total,2,2,0
more_transient,2,2,0
more_transformational,2,2,0
crazy_sweet,2,2,0
quickly_obsolete,2,2,0
ultimately_comprehensible,2,2,0
creatively_astounding,2,2,0
pretty_refreshing,2,2,0
more_touted,2,2,0
pretty_remarkable,2,2,0
creatively_innovative,2,2,0
more_tortured,2,2,0
creatively_diverse,2,2,0
ultimately_capable,2,2,0
pretty_respectable,2,1,1
creatively_exciting,2,2,0
creatively_fun,2,2,0
creatively_good,2,2,0
absolutely_alluring,2,2,0
quick_sufficient,2,2,0
uber_realistic,2,2,0
crazy_noticeable,2,2,0
pretty_tempting,2,2,0
typically_wealthy,2,2,0
more_suicidal,2,2,0
yet_selfish,2,2,0
more_sugary,2,1,1
more_sufficient,2,2,0
more_suburban,2,0,2
critically_flawed,2,2,0
typically_vegetarian,2,2,0
typically_vegan,2,2,0
above_single,2,2,0
more_suave,2,2,0
critically_minded,2,2,0
critically_popular,2,2,0
critically_relevant,2,2,0
more_stuffy,2,2,0
more_studious,2,2,0
more_stuck,2,2,0
more_structured,2,2,0
yet_self-aware,2,2,0
criminally_unjust,2,2,0
more_targeted,2,1,1
more_swollen,2,2,0
uber_important,2,2,0
absolute_good,2,2,0
more_tactical,2,2,0
more_tactful,2,2,0
more_symptomatic,2,2,0
quick_adequate,2,2,0
criminally_illegal,2,2,0
pretty_soft,2,2,0
criminally_irresponsible,2,1,1
more_superfluous,2,1,1
pretty_stable,2,2,0
criminally_minded,2,2,0
criminally_obscene,2,2,0
pretty_straight,2,2,0
typically_wild,2,2,0
more_supple,2,2,0
typically_white,2,2,0
above_strong,2,2,0
ultimately_convincing,2,2,0
pretty_rad,2,1,1
currently_allowable,2,2,0
more_ungrateful,2,1,1
pretty_mean,2,2,0
quietly_dignified,2,2,0
more_uninspired,2,2,0
more_uninhibited,2,2,0
quietly_brilliant,2,2,0
coolly_analytical,2,2,0
yet_righteous,2,2,0
quietly_angry,2,2,0
correspondingly_high,2,2,0
pretty_lucrative,2,2,0
pretty_naive,2,2,0
more_unforgivable,2,1,1
pretty_naked,2,2,0
quickly_visible,2,2,0
ultimately_immune,2,2,0
quickly_transferable,2,2,0
more_unfamiliar,2,2,0
pretty_new,2,2,0
more_unintelligible,2,2,0
ultimately_lower,2,2,0
ultimately_healthy,2,2,0
convincingly_crazy,2,2,0
so_budget-friendly,2,2,0
ultimately_related,2,2,0
more_unseemly,2,0,2
pretty_large,2,1,1
convincingly_able,2,2,0
more_unsavory,2,1,1
pretty_light,2,2,0
pretty_likely,2,2,0
ultimately_productive,2,2,0
ultimately_meaningless,2,2,0
pretty_long,2,2,0
quietly_quirky,2,2,0
more_unprecedented,2,1,1
pretty_lucky,2,2,0
more_unnerved,2,2,0
convincingly_real,2,2,0
so_cagey,2,2,0
ultimately_more,2,2,0
ultimately_ideal,2,2,0
ultimately_harmless,2,2,0
crazy_hot,2,2,0
more_unable,2,2,0
crazily_high,2,2,0
pretty_pissed,2,2,0
pretty_pleased,2,2,0
so_cause,2,2,0
more_unanimous,2,2,0
more_unaccountable,2,2,0
crazily_optimistic,2,2,0
absolutely_anonymous,2,2,0
ultimately_destructive,2,2,0
crazily_different,2,1,1
pretty_predictable,2,2,0
ultimately_definitive,2,2,0
crazy_amazing,2,2,0
crazy_complicated,2,1,1
more_tropical,2,2,0
crazy_difficult,2,2,0
pretty_psyched,2,2,0
more_treatable,2,2,0
so_cathartic,2,0,2
pretty_persistent,2,2,0
pretty_nifty,2,2,0
ultimately_free,2,2,0
more_unemployed,2,2,0
absolutely_appealing,2,2,0
more_undesirable,2,1,1
cosmetically_correct,2,2,0
absolutely_appalling,2,2,0
more_underappreciated,2,1,1
quickly_successful,2,2,0
ultimately_fruitful,2,2,0
pretty_optimistic,2,2,0
more_unbeatable,2,1,1
more_unconvincing,2,0,2
pretty_original,2,1,1
more_unconscious,2,2,0
more_uncompromising,2,2,0
counter_bored,2,2,0
pretty_passionate,2,2,0
quickly_recognizable,2,2,0
pretty_pathetic,2,2,0
more_structural,2,2,0
critically_sharp,2,2,0
pretty_terrifying,2,2,0
yet_socialist,2,2,0
purely_urban,2,2,0
more_sensuous,2,0,2
culturally_outdated,2,2,0
typically_productive,2,2,0
typically_problematic,2,2,0
culturally_possible,2,2,0
culturally_progressive,2,2,0
previously_noticeable,2,2,0
more_self-confident,2,2,0
typically_prominent,2,2,0
culturally_ready,2,2,0
yet_soggy,2,2,0
more_self-aware,2,2,0
culturally_related,2,2,0
more_select,2,2,0
typically_positive,2,2,0
purely_true,2,2,0
about_threatening,2,2,0
purely_vegetarian,2,2,0
typically_quick,2,2,0
about_thin,2,2,0
about_ugly,2,2,0
yet_sleepy,2,2,0
typically_representative,2,2,0
previously_exploitable,2,2,0
about_urban,2,2,0
purportedly_racy,2,2,0
culturally_healthy,2,2,0
more_short,2,1,1
previously_inclined,2,2,0
more_sheer,2,2,0
more_set,2,2,0
purely_vulnerable,2,2,0
culturally_inclusive,2,2,0
more_shareable,2,1,1
culturally_influential,2,1,1
about_typical,2,2,0
more_shabby,2,2,0
culturally_legitimate,2,2,0
culturally_monolithic,2,2,0
culturally_safe,2,2,0
more_seasoned,2,2,0
purposely_vague,2,2,0
typically_mindful,2,2,0
more_salty,2,2,0
yet_specialized,2,2,0
about_stupid,2,2,0
yet_spectacular,2,2,0
more_rusty,2,2,0
more_rustic,2,2,0
more_rural,2,2,0
previously_successful,2,2,0
previously_supportive,2,2,0
typically_neutral,2,2,0
purely_sweet,2,2,0
more_royal,2,2,0
more_rowdy,2,2,0
currently_advisable,2,2,0
yet_spoilt,2,2,0
purely_statistical,2,2,0
currently_allergic,2,2,0
previously_well-known,2,2,0
purely_theatrical,2,2,0
more_sarcastic,2,2,0
more_seasonal,2,0,2
yet_special,2,2,0
culturally_subjective,2,2,0
more_scrumptious,2,1,1
yet_sorry,2,2,0
yet_sovereign,2,2,0
previously_private,2,1,1
culturally_subversive,2,2,0
culturally_taboo,2,2,0
previously_privy,2,2,0
typically_observable,2,2,0
culturally_white,2,2,0
culturally_unaware,2,2,0
more_scarier,2,1,1
previously_psychotic,2,2,0
about_sweet,2,2,0
about_sure,2,2,0
previously_ready,2,2,0
previously_related,2,2,0
previously_relevant,2,2,0
previously_easy,2,2,0
culturally_exclusive,2,2,0
typically_romantic,2,2,0
pretty_upset,2,2,0
purposely_familiar,2,2,0
more_stalwart,2,2,0
pretty_unpredictable,2,2,0
more_stagnant,2,2,0
more_squeamish,2,2,0
pretty_unusual,2,2,0
crushingly_heavy,2,2,0
more_spoilt,2,2,0
more_spirited,2,2,0
typically_superstitious,2,2,0
more_speedy,2,2,0
so_chronic,2,2,0
pretty_valuable,2,2,0
culturally_accustomed,2,2,0
culturally_adept,2,2,0
typically_spicy,2,2,0
more_spare,2,2,0
typically_southern,2,2,0
pretty_unhappy,2,2,0
purposely_obscure,2,2,0
previously_connected,2,2,0
pretty_tired,2,2,0
more_strained,2,2,0
pretty_thin,2,2,0
purposely_unkind,2,2,0
more_stout,2,2,0
more_storied,2,2,0
more_stilted,2,2,0
more_stiff,2,2,0
typically_sustainable,2,2,0
pretty_tiring,2,2,0
pretty_unconventional,2,2,0
more_stellar,2,2,0
pretty_tolerant,2,2,0
more_steamy,2,1,1
above_mediocre,2,2,0
crushingly_bleak,2,2,0
more_staunch,2,2,0
more_static,2,2,0
pretty_true,2,2,0
culturally_alien,2,1,1
pretty_vocal,2,2,0
pretty_wasteful,2,2,0
culturally_distant,2,2,0
more_slutty,2,2,0
so_circumstantial,2,2,0
typically_secure,2,2,0
culturally_defensible,2,2,0
more_slick,2,2,0
more_slender,2,2,0
yet_simple,2,2,0
purposefully_misleading,2,2,0
culturally_distinct,2,2,0
purposefully_vague,2,2,0
yet_sizable,2,2,0
culturally_dominant,2,2,0
about_willing,2,2,0
more_sizable,2,2,0
culturally_driven,2,2,0
about_western,2,2,0
previously_concerned,2,2,0
culturally_enlightened,2,2,0
typically_sensitive,2,2,0
more_smelly,2,1,1
purposefully_obscure,2,2,0
more_smug,2,1,1
more_sorrowful,2,0,2
typically_skilled,2,2,0
culturally_biased,2,2,0
previously_acceptable,2,2,0
typically_significant,2,2,0
yet_silent,2,2,0
previously_advanced,2,2,0
previously_afraid,2,2,0
culturally_central,2,2,0
previously_aggressive,2,2,0
culturally_chinese,2,2,0
previously_allergic,2,2,0
culturally_close,2,2,0
previously_answerable,2,2,0
previously_anticipated,2,2,0
culturally_compatible,2,2,0
typically_serious,2,2,0
quintessentially_different,2,2,0
quintessentially_french,2,2,0
ultimately_safe,2,2,0
constantly_intense,2,2,0
absolutely_exciting,2,1,1
absolutely_excellent,2,2,0
unbelievably_proud,2,2,0
most_digestible,2,2,0
pretty_conservative,2,2,0
constantly_ill,2,2,0
most_devoted,2,2,0
unbelievably_perfect,2,2,0
constantly_mad,2,2,0
most_disastrous,2,2,0
constantly_mindful,2,2,0
pretty_constant,2,2,0
most_depressing,2,2,0
quite_ashamed,2,2,0
so_atmospheric,2,2,0
constantly_obvious,2,2,0
absolutely_evident,2,2,0
constantly_online,2,2,0
unbelievably_quick,2,2,0
constantly_handy,2,2,0
most_decorative,2,2,0
pretty_clever,2,2,0
quite_autistic,2,2,0
constantly_exhausted,2,2,0
most_downtrodden,2,2,0
most_dominating,2,0,2
constantly_fearful,2,2,0
most_docile,2,2,0
most_divisive,2,2,0
constantly_full,2,2,0
most_distinguished,2,2,0
constantly_good,2,2,0
so_askew,2,2,0
most_distant,2,2,0
absolutely_fab,2,2,0
constantly_furious,2,1,1
yet_problematic,2,2,0
most_disgraceful,2,2,0
constantly_genuine,2,2,0
yet_professional,2,2,0
most_deft,2,2,0
absolutely_enthusiastic,2,2,0
absolutely_disastrous,2,2,0
unbelievably_amazing,2,2,0
so_autocratic,2,2,0
constantly_subject,2,2,0
constantly_successful,2,2,0
most_contentious,2,2,0
quite_annual,2,2,0
most_contemplative,2,2,0
yet_psychotic,2,2,0
yet_punishable,2,2,0
most_considerate,2,2,0
unbelievably_comfortable,2,2,0
constantly_surprising,2,2,0
pretty_different,2,2,0
absolutely_distinct,2,2,0
unbelievably_adorable,2,2,0
most_congenial,2,2,0
constantly_terrified,2,2,0
most_concise,2,2,0
yet_purple,2,2,0
pretty_delicious,2,2,0
constantly_short,2,2,0
absolutely_enlightened,2,2,0
constantly_refreshing,2,2,0
quite_approximate,2,2,0
quite_appreciative,2,2,0
absolutely_effective,2,2,0
unbelievably_expensive,2,2,0
absolutely_ecstatic,2,2,0
constantly_ready,2,2,0
most_daily,2,2,0
pretty_dangerous,2,2,0
most_culpable,2,2,0
pretty_dead,2,2,0
most_cuddly,2,2,0
most_cruel,2,2,0
pretty_dark,2,2,0
unbelievably_cute,2,2,0
constantly_scared,2,2,0
most_cozy,2,2,0
quite_apathetic,2,2,0
so_autobiographical,2,2,0
most_dreadful,2,2,0
constantly_exciting,2,2,0
most_dysfunctional,2,2,0
absolutely_horrified,2,2,0
uncomfortably_similar,2,2,0
absolutely_horrifying,2,2,0
most_false,2,2,0
conspicuously_present,2,2,0
uncomfortably_loud,2,2,0
quite_bittersweet,2,2,0
conspicuously_silent,2,2,0
uncomfortably_intimate,2,2,0
conspicuously_wrong,2,1,1
conspicuously_large,2,2,0
absolutely_horrific,2,2,0
constantly_accessible,2,2,0
constantly_accurate,2,2,0
absolutely_horrid,2,2,0
absolutely_horrendous,2,2,0
constantly_achievable,2,2,0
pretty_adorable,2,2,0
most_expedient,2,2,0
absolutely_hysterical,2,2,0
quite_blank,2,2,0
absolutely_fake,2,1,1
absolutely_idle,2,2,0
most_flowery,2,2,0
so_antiquated,2,2,0
presently_sufficient,2,2,0
most_fiery,2,2,0
most_fierce,2,2,0
most_ferocious,2,2,0
yet_plentiful,2,2,0
most_fearsome,2,2,0
quite_bloodless,2,2,0
quite_blissful,2,2,0
conspicuously_good,2,2,0
uncomfortably_strong,2,2,0
yet_poisonous,2,2,0
conspicuously_interested,2,2,0
so_apocryphal,2,2,0
most_far-fetched,2,2,0
presently_willing,2,2,0
most_fantastic,2,2,0
uncomfortably_hard,2,2,0
pretty_affordable,2,2,0
most_exhausting,2,2,0
pretty_brave,2,2,0
most_electric,2,2,0
pretty_bleak,2,2,0
pretty_blue,2,2,0
constantly_depressed,2,2,0
so_argumentative,2,2,0
constantly_destructive,2,2,0
most_egalitarian,2,2,0
yet_prestigious,2,2,0
absolutely_fresh,2,2,0
pretty_aggressive,2,0,2
quite_awe,2,2,0
unbelievably_talented,2,2,0
most_economic,2,2,0
constantly_drunk,2,2,0
yet_prime,2,2,0
constantly_effective,2,2,0
most_easygoing,2,2,0
constantly_enough,2,2,0
most_electrifying,2,2,0
constantly_dependent,2,2,0
constantly_defensive,2,2,0
absolutely_furious,2,2,0
most_exact,2,2,0
so_apropos,2,2,0
most_evil,2,2,0
most_european,2,2,0
constantly_basic,2,2,0
pretty_appealing,2,2,0
absolutely_healthy,2,2,0
most_enthused,2,2,0
quite_basic,2,1,1
most_engrossing,2,2,0
constantly_conceivable,2,2,0
constantly_conscious,2,2,0
most_employable,2,2,0
absolutely_handsome,2,2,0
most_emphatic,2,2,0
yet_practicable,2,2,0
quite_bankrupt,2,2,0
constantly_unhappy,2,2,0
constantly_violent,2,2,0
more_unsuited,2,2,0
absolutely_coherent,2,2,0
ultra_lightweight,2,2,0
quite_actual,2,2,0
ultra_hot,2,2,0
pretty_gross,2,2,0
pretty_handy,2,2,0
ultra_healthy,2,2,0
conveniently_obtainable,2,2,0
ultra_fashionable,2,2,0
so_boyish,2,2,0
absolutely_compatible,2,2,0
quite_actionable,2,2,0
more_wearable,2,1,1
quite_acidic,2,2,0
conventionally_accessible,2,2,0
ultra_durable,2,2,0
more_waterproof,2,2,0
more_watchful,2,2,0
more_watchable,2,2,0
pretty_grim,2,2,0
more_wiser,2,2,0
conventionally_appealing,2,1,1
so_bohemian,2,1,1
absolutely_contradictory,2,2,0
quite_admirable,2,2,0
yet_reasonable,2,2,0
pretty_generous,2,2,0
most_acute,2,2,0
unabashedly_enthusiastic,2,2,0
absolutely_concrete,2,1,1
so_bogus,2,2,0
ultra_urgent,2,2,0
more_wishful,2,2,0
continuously_possible,2,2,0
ultra_soft,2,2,0
quite_addicted,2,2,0
absolutely_compulsory,2,2,0
ultra_sensitive,2,2,0
more_workable,2,2,0
more_wooden,2,2,0
ultra_rigid,2,2,0
ultra_deep,2,2,0
conventionally_attainable,2,2,0
constantly_visible,2,2,0
absolutely_boring,2,2,0
more_utopian,2,2,0
quite_abundant,2,2,0
conventionally_moral,2,2,0
conventionally_narrative,2,2,0
more_uptight,2,2,0
ultimately_subjective,2,2,0
conventionally_possible,2,2,0
conventionally_realistic,2,2,0
absolutely_bizarre,2,2,0
more_valiant,2,1,1
more_unwilling,2,2,0
absolutely_better,2,2,0
more_unwarranted,2,2,0
absolutely_best,2,1,1
so_broken,2,2,0
so_brooding,2,2,0
ultimately_self-destructive,2,2,0
more_unsung,2,2,0
more_vacuous,2,2,0
more_vapid,2,2,0
ultra_conservative,2,2,0
more_villainous,2,2,0
ultra_competitive,2,2,0
more_vitriolic,2,2,0
yet_redundant,2,2,0
absolutely_charming,2,2,0
yet_regular,2,2,0
more_viral,2,2,0
conventionally_exciting,2,2,0
more_vindictive,2,0,2
conventionally_famous,2,2,0
ultimately_untenable,2,2,0
ultimately_willing,2,2,0
pretty_hot,2,1,1
quite_accommodating,2,2,0
conventionally_happy,2,2,0
yet_relaxed,2,2,0
absolutely_capable,2,2,0
ultimately_valuable,2,2,0
quite_abusive,2,2,0
continually_subject,2,2,0
continually_simple,2,2,0
most_airtight,2,2,0
pretty_excellent,2,2,0
pretty_enjoyable,2,2,0
absolutely_dependant,2,2,0
absolutely_delightful,2,2,0
absolutely_delectable,2,2,0
absolutely_definitive,2,2,0
so_bankrupt,2,2,0
most_certain,2,2,0
quite_alien,2,2,0
pretty_excited,2,2,0
absolutely_determined,2,2,0
most_casual,2,2,0
yet_radioactive,2,2,0
pretty_extreme,2,2,0
yet_rainy,2,2,0
yet_rare,2,2,0
quite_airy,2,2,0
so_bearable,2,2,0
unbearably_cheesy,2,2,0
unbearably_high,2,2,0
most_chinese,2,2,0
pretty_full,2,2,0
most_co-operative,2,2,0
most_comparable,2,1,1
unbearably_slow,2,2,0
most_committed,2,2,0
constitutionally_able,2,2,0
unbearably_rude,2,2,0
constitutionally_allowable,2,2,0
constitutionally_binding,2,2,0
constitutionally_correct,2,2,0
most_clueless,2,2,0
constitutionally_fatal,2,2,0
constitutionally_defective,2,2,0
constitutionally_defensible,2,2,0
pretty_doable,2,2,0
most_clean,2,2,0
pretty_drastic,2,2,0
pretty_drunk,2,2,0
pretty_dry,2,2,0
most_civil,2,2,0
unbearably_busy,2,2,0
constitutionally_outrageous,2,2,0
absolutely_crisp,2,2,0
continually_fresh,2,2,0
most_assertive,2,2,0
most_artsy,2,2,0
continually_conscious,2,2,0
quite_advantageous,2,2,0
continually_damp,2,2,0
continually_easy,2,2,0
most_applicable,2,2,0
unapologetically_ambitious,2,2,0
most_anxious,2,1,1
most_brazen,2,2,0
most_annoying,2,2,0
most_angry,2,1,1
most_analytical,2,2,0
most_amusing,2,2,0
absolutely_conventional,2,2,0
continually_possible,2,2,0
unambiguously_negative,2,2,0
unambiguously_male,2,2,0
most_astounding,2,2,0
so_bittersweet,2,2,0
continually_aware,2,2,0
most_audacious,2,2,0
most_bold,2,2,0
pretty_flat,2,2,0
most_blessed,2,2,0
quite_aghast,2,2,0
quite_aged,2,2,0
most_biased,2,2,0
constitutionally_tenable,2,2,0
constitutionally_viable,2,2,0
quite_african,2,2,0
most_balanced,2,2,0
most_baffling,2,2,0
absolutely_core,2,2,0
so_bigger,2,2,0
most_autobiographical,2,2,0
most_authoritarian,2,2,0
yet_real-time,2,2,0
quite_advisable,2,2,0
about_smooth,2,2,0
currently_amenable,2,2,0
simply_repulsive,2,2,0
more_lengthy,2,2,0
prohibitively_technical,2,2,0
yet_unsure,2,2,0
more_libertarian,2,2,0
dangerously_misleading,2,2,0
properly_allowable,2,2,0
truly_tame,2,2,0
more_less,2,2,0
dangerously_overweight,2,2,0
truly_tall,2,2,0
publicly_resident,2,2,0
about_constant,2,2,0
truly_synonymous,2,2,0
more_leftist,2,2,0
publicly_political,2,2,0
publicly_pious,2,2,0
yet_unthinkable,2,1,1
about_condescending,2,2,0
more_leeway,2,2,0
prohibitively_spicy,2,2,0
truly_thrilling,2,2,0
more_lean,2,2,0
dangerously_crazy,2,2,0
publicly_trans,2,2,0
dangerously_amiss,2,2,0
about_daring,2,2,0
more_loveable,2,2,0
more_louder,2,1,1
dangerously_beautiful,2,2,0
dangerously_brittle,2,2,0
more_loose,2,2,0
so_counter-intuitive,2,2,0
dangerously_flammable,2,2,0
prohibitively_low,2,2,0
truly_totalitarian,2,2,0
truly_tolerant,2,2,0
publicly_sentimental,2,2,0
dangerously_destructive,2,2,0
truly_timeless,2,2,0
more_linear,2,2,0
prohibitively_rare,2,2,0
properly_armed,2,2,0
properly_armored,2,2,0
prohibitively_dangerous,2,2,0
publicly_forthcoming,2,2,0
yet_usual,2,2,0
truly_sublime,2,2,0
about_brooding,2,2,0
publicly_important,2,2,0
more_judgmental,2,2,0
publicly_honest,2,2,0
about_bright,2,2,0
darkly_handsome,2,2,0
darkly_introspective,2,2,0
truly_submissive,2,2,0
properly_dark,2,2,0
truly_stuck,2,2,0
more_jaw-dropping,2,2,0
properly_descriptive,2,2,0
properly_distinguishable,2,2,0
truly_sterile,2,2,0
darkly_quirky,2,0,2
publicly_dysfunctional,2,2,0
more_justifiable,2,2,0
publicly_indignant,2,2,0
more_lawless,2,2,0
truly_superb,2,2,0
more_lawful,2,2,0
more_law-abiding,2,2,0
dangerously_sexy,2,1,1
truly_supreme,2,2,0
dangerously_simplistic,2,2,0
more_late,2,2,0
publicly_outraged,2,2,0
yet_upright,2,2,0
about_cold,2,2,0
properly_civilized,2,2,0
dangerously_thin,2,2,0
truly_suitable,2,2,0
truly_suicidal,2,2,0
properly_black,2,2,0
publicly_official,2,2,0
more_labor-intensive,2,2,0
dangerously_underweight,2,2,0
publicly_obtainable,2,2,0
truly_ubiquitous,2,2,0
prohibitively_complex,2,2,0
currently_anxious,2,2,0
about_first,2,2,0
damn_smart,2,2,0
so_contrasting,2,2,0
more_mind-blowing,2,1,1
profoundly_inhumane,2,2,0
profoundly_insensitive,2,2,0
profoundly_insulting,2,2,0
profoundly_interesting,2,2,0
profoundly_irritating,2,2,0
more_meticulous,2,2,0
so_continuous,2,1,1
more_metaphysical,2,1,1
damn_stubborn,2,2,0
yet_underground,2,2,0
so_controllable,2,2,0
so_controlled,2,2,0
yet_undone,2,2,0
profoundly_psyched,2,2,0
truly_valid,2,2,0
truly_vertical,2,2,0
more_minor,2,1,1
damn_tempting,2,2,0
damn_shallow,2,2,0
damn_rude,2,2,0
profoundly_dumb,2,2,0
truly_virtuous,2,2,0
purely_competitive,2,2,0
more_mixed,2,2,0
profoundly_false,2,2,0
about_flat,2,2,0
profoundly_harmful,2,2,0
purely_classical,2,2,0
purely_chaotic,2,2,0
purely_chronological,2,2,0
damn_sickening,2,2,0
more_miscast,2,2,0
purely_chinese,2,2,0
profoundly_ignorant,2,2,0
purely_charitable,2,2,0
damn_silly,2,2,0
truly_villainous,2,2,0
more_mercurial,2,1,1
more_melodramatic,2,2,0
prohibitively_cold,2,2,0
dang_good,2,2,0
more_maneuverable,2,2,0
purely_adorable,2,2,0
more_man-made,2,2,0
truly_unhappy,2,2,0
profoundly_wise,2,2,0
more_maintainable,2,2,0
profoundly_wrong,2,1,1
about_east,2,2,0
truly_undone,2,2,0
about_evil,2,2,0
publicly_welcoming,2,2,0
more_magic,2,2,0
yet_unlawful,2,2,0
yet_unmanageable,2,2,0
progressively_worse,2,2,0
publicly_upset,2,2,0
truly_unable,2,2,0
dangerously_addictive,2,1,1
truly_unkind,2,2,0
more_many,2,2,0
truly_utopian,2,2,0
damn_useful,2,2,0
damn_tight,2,2,0
purely_anonymous,2,2,0
profoundly_spiritual,2,1,1
profoundly_stupid,2,2,0
profoundly_thoughtful,2,2,0
more_mediocre,2,1,1
more_medieval,2,1,1
more_medical,2,0,2
profoundly_true,2,2,0
damn_white,2,2,0
profoundly_undemocratic,2,2,0
damn_weak,2,2,0
more_married,2,2,0
about_expensive,2,2,0
damn_weird,2,2,0
profoundly_unethical,2,2,0
profoundly_unfair,2,2,0
truly_unpleasant,2,2,0
more_isolated,2,2,0
truly_square,2,2,0
yet_verifiable,2,2,0
more_imaginable,2,1,1
truly_priceless,2,2,0
psychologically_intriguing,2,2,0
truly_premium,2,2,0
truly_pregnant,2,2,0
properly_white,2,2,0
proportionally_equal,2,2,0
psychologically_impossible,2,1,1
more_imbalanced,2,2,0
deep_enough,2,2,0
truly_pristine,2,2,0
psychologically_important,2,2,0
more_illicit,2,0,2
deeply_academic,2,2,0
deeply_accurate,2,2,0
deeply_active,2,2,0
truly_poisonous,2,2,0
more_idiosyncratic,2,1,1
abnormally_heavy,2,2,0
more_immutable,2,2,0
abnormally_hot,2,2,0
truly_pleasant,2,2,0
properly_trained,2,2,0
properly_supportive,2,2,0
properly_thankful,2,2,0
truly_reasonable,2,2,0
psychologically_qualified,2,2,0
properly_tight,2,2,0
deceptively_simple,2,2,0
more_inadequate,2,2,0
psychologically_profound,2,2,0
truly_racist,2,2,0
truly_profound,2,0,2
psychologically_present,2,2,0
truly_quantifiable,2,2,0
properly_undone,2,2,0
properly_unlocked,2,2,0
so_damaged,2,2,0
more_impervious,2,1,1
properly_usable,2,2,0
properly_useful,2,2,0
deeply_ambivalent,2,2,0
more_icky,2,1,1
properly_english,2,2,0
provably_optimal,2,2,0
deeply_complicated,2,2,0
more_horrid,2,2,0
deeply_consequential,2,2,0
provably_correct,2,2,0
psychologically_challenging,2,2,0
truly_overcome,2,2,0
deeply_convinced,2,2,0
abnormally_concerned,2,2,0
provably_secure,2,2,0
psychologically_compelling,2,2,0
truly_outrageous,2,1,1
more_homogeneous,2,2,0
deeply_curious,2,2,0
deeply_damaging,2,2,0
more_homeless,2,2,0
yet_zero,2,2,0
more_hokey,2,2,0
deeply_democratic,2,2,0
truly_parallel,2,2,0
psychologically_competent,2,2,0
truly_playable,2,2,0
truly_pertinent,2,2,0
psychologically_identical,2,2,0
more_hyperbolic,2,0,2
yet_wireless,2,2,0
deeply_apologetic,2,2,0
deeply_appreciative,2,2,0
yet_workable,2,2,0
proportionally_stronger,2,2,0
truly_philosophical,2,2,0
proportionately_bigger,2,2,0
deeply_compassionate,2,2,0
abnormally_difficult,2,2,0
psychologically_disturbing,2,2,0
abnormally_dense,2,2,0
psychologically_deep,2,2,0
deeply_clever,2,2,0
more_huge,2,2,0
psychologically_credible,2,2,0
deeply_comfortable,2,2,0
yet_wet,2,2,0
more_inconspicuous,2,2,0
truly_relative,2,2,0
darn_likeable,2,2,0
truly_skilled,2,2,0
properly_nuanced,2,2,0
yet_virtuous,2,2,0
truly_sharp,2,2,0
so_crystal,2,2,0
about_academic,2,2,0
darn_lazy,2,2,0
psychologically_wise,2,2,0
truly_set,2,2,0
properly_moist,2,2,0
psychologically_whole,2,2,0
darn_loud,2,2,0
properly_payable,2,2,0
more_intangible,2,2,0
truly_sensitive,2,2,0
more_insular,2,2,0
properly_playable,2,2,0
psychologically_unstable,2,2,0
darn_excited,2,2,0
publically_open,2,2,0
psychologically_refreshing,2,2,0
more_invincible,2,1,1
more_irreverent,2,2,0
darn_adorable,2,2,0
properly_fit,2,2,0
properly_free,2,2,0
yet_vibrant,2,2,0
darn_busy,2,2,0
publicly_celebrated,2,1,1
publicly_blatant,2,2,0
truly_solitary,2,2,0
properly_medieval,2,2,0
darn_cool,2,2,0
more_invaluable,2,0,2
properly_independent,2,2,0
publicly_apparent,2,1,1
publicly_affectionate,2,2,0
darn_difficult,2,2,0
yet_violent,2,2,0
truly_sleepy,2,2,0
more_insubstantial,2,1,1
properly_punishable,2,2,0
truly_self-aware,2,2,0
psychologically_terrifying,2,2,0
truly_reusable,2,2,0
dead_sure,2,2,0
dead_tired,2,2,0
more_industrious,2,2,0
properly_responsible,2,2,0
properly_restrained,2,2,0
deadly_accurate,2,2,0
psychologically_traumatizing,2,2,0
properly_run,2,2,0
darn_persistent,2,2,0
properly_scientific,2,2,0
psychologically_surprising,2,2,0
yet_well-known,2,2,0
psychologically_sophisticated,2,2,0
abnormally_short,2,2,0
truly_removable,2,2,0
properly_square,2,2,0
deathly_scared,2,2,0
truly_reversible,2,2,0
truly_rewarding,2,1,1
dazzlingly_original,2,2,0
yet_vulnerable,2,2,0
truly_secular,2,2,0
about_abundant,2,2,0
darn_popular,2,2,0
more_insincere,2,1,1
darn_short,2,2,0
yet_vocal,2,2,0
truly_scalable,2,2,0
properly_reflective,2,2,0
darn_sure,2,2,0
truly_satirical,2,2,0
properly_related,2,2,0
properly_relaxed,2,2,0
more_inhuman,2,1,1
properly_relevant,2,2,0
dazzlingly_bright,2,2,0
truly_romantic,2,2,0
truly_ripe,2,2,0
about_fortunate,2,2,0
more_modular,2,2,0
truly_vital,2,1,1
primarily_social,2,2,0
more_pro-life,2,1,1
about_pleasing,2,2,0
purely_philosophical,2,2,0
about_overkill,2,2,0
primarily_sexy,2,2,0
primarily_significant,2,2,0
currently_overweight,2,2,0
purely_passive,2,2,0
about_open,2,2,0
yet_taboo,2,2,0
purely_palestinian,2,2,0
primarily_subjective,2,1,1
currently_permissible,2,2,0
about_online,2,2,0
currently_pleased,2,2,0
more_prickly,2,2,0
more_preventable,2,2,0
currently_positive,2,2,0
yet_talented,2,2,0
currently_optimistic,2,2,0
so_compelled,2,2,0
more_protectionist,2,1,1
currently_impossible,2,2,0
more_psychotic,2,2,0
currently_keen,2,2,0
currently_lawful,2,2,0
typically_greater,2,2,0
about_pro-choice,2,2,0
currently_liquid,2,2,0
typically_great,2,2,0
more_proprietary,2,2,0
currently_ongoing,2,2,0
so_communal,2,1,1
about_present,2,2,0
currently_much,2,2,0
more_prohibitive,2,1,1
typically_full,2,2,0
currently_observable,2,2,0
primarily_rational,2,2,0
yet_systematic,2,2,0
purely_online,2,2,0
yet_terrifying,2,2,0
probably_credible,2,2,0
purely_lucky,2,2,0
purely_metaphorical,2,2,0
currently_secure,2,2,0
currently_self-sufficient,2,2,0
purely_malicious,2,2,0
currently_severe,2,2,0
currently_shareable,2,2,0
currently_short,2,2,0
probably_best,2,2,0
typically_eager,2,2,0
yet_thorough,2,2,0
purely_logical,2,2,0
probably_cheaper,2,2,0
more_pluralistic,2,2,0
more_pliable,2,2,0
currently_successful,2,2,0
probably_concerned,2,2,0
probably_correct,2,2,0
currently_symptomatic,2,2,0
purely_metaphysical,2,2,0
typically_english,2,2,0
primarily_white,2,2,0
about_normal,2,2,0
currently_powerful,2,2,0
purely_obvious,2,2,0
currently_preventable,2,2,0
typically_explosive,2,2,0
currently_productive,2,2,0
about_obscure,2,2,0
currently_proficient,2,2,0
typically_expensive,2,2,0
currently_readable,2,2,0
about_nervous,2,2,0
purely_new,2,1,1
currently_realistic,2,2,0
more_predatory,2,0,2
more_preachy,2,2,0
currently_representative,2,2,0
purely_naturalistic,2,2,0
currently_reversible,2,2,0
currently_right,2,2,0
purely_quantitative,2,2,0
purely_racist,2,2,0
more_quantitative,2,2,0
typically_lavish,2,2,0
currently_competent,2,2,0
currently_complete,2,2,0
yet_stronger,2,2,0
typically_lethal,2,2,0
yet_stuck,2,2,0
purely_satisfied,2,2,0
primarily_different,2,2,0
more_resentful,2,2,0
primarily_due,2,2,0
about_serious,2,2,0
more_repressive,2,0,2
primarily_educational,2,2,0
more_replaceable,2,2,0
purely_sad,2,2,0
currently_deep,2,2,0
primarily_electronic,2,2,0
typically_keen,2,2,0
currently_detailed,2,2,0
currently_comparable,2,2,0
currently_comfortable,2,2,0
primarily_online,2,2,0
yet_stellar,2,2,0
currently_armed,2,2,0
more_risk-free,2,1,1
about_slow,2,2,0
primarily_aesthetic,2,2,0
so_collectable,2,2,0
about_skinny,2,2,0
more_richer,2,2,0
more_rhetorical,2,2,0
primarily_beautiful,2,2,0
more_restrained,2,2,0
currently_bullish,2,2,0
primarily_biological,2,2,0
about_sick,2,2,0
primarily_christian,2,2,0
primarily_comic,2,2,0
currently_cheap,2,2,0
primarily_conceptual,2,2,0
more_retarded,2,2,0
currently_detectable,2,2,0
purely_russian,2,2,0
primarily_empirical,2,2,0
primarily_medical,2,2,0
primarily_institutional,2,2,0
primarily_intellectual,2,2,0
more_reactive,2,2,0
typically_human,2,2,0
yet_such,2,2,0
primarily_liable,2,2,0
primarily_literary,2,2,0
purely_realistic,2,2,0
typically_hospitable,2,2,0
primarily_ethical,2,2,0
currently_hot,2,2,0
primarily_national,2,2,0
about_racist,2,2,0
so_commanding,2,2,0
about_quiet,2,2,0
currently_ill,2,2,0
about_public,2,2,0
currently_imaginable,2,2,0
typically_immediate,2,2,0
currently_forecast,2,2,0
currently_fluent,2,2,0
currently_flexible,2,2,0
currently_due,2,2,0
about_safe,2,2,0
currently_editable,2,2,0
primarily_fiscal,2,2,0
currently_efficient,2,2,0
purely_responsive,2,2,0
primarily_functional,2,2,0
about_rude,2,2,0
purely_republican,2,2,0
more_regional,2,2,0
typically_inspiring,2,2,0
purely_repressive,2,2,0
typically_indicative,2,2,0
more_recyclable,2,1,1
purely_representative,2,2,0
typically_important,2,2,0
primarily_important,2,2,0
currently_threatening,2,2,0
typically_detectable,2,2,0
profoundly_deep,2,2,0
typically_admissible,2,2,0
purely_educational,2,2,0
professionally_negligent,2,2,0
damn_great,2,2,0
purely_dominant,2,2,0
damn_greedy,2,2,0
so_consensual,2,2,0
professionally_productive,2,2,0
professionally_prudent,2,2,0
yet_unbearable,2,2,0
damn_glad,2,2,0
purely_diplomatic,2,2,0
more_noisy,2,2,0
typically_adjustable,2,2,0
professionally_satisfying,2,2,0
professionally_skilled,2,2,0
typically_addictive,2,2,0
more_nightmarish,2,1,1
typically_achievable,2,2,0
damn_gorgeous,2,2,0
damn_fussy,2,2,0
professionally_unethical,2,2,0
damn_effective,2,2,0
typically_attractive,2,2,0
professionally_challenging,2,2,0
professionally_concerned,2,2,0
about_healthy,2,2,0
purely_entertaining,2,2,0
damn_disturbing,2,2,0
purely_enjoyable,2,2,0
damn_easy,2,2,0
typically_amenable,2,2,0
damn_fragile,2,2,0
damn_entertaining,2,2,0
damn_extreme,2,2,0
typically_aged,2,2,0
more_nutritional,2,2,0
typically_afraid,2,2,0
more_numb,2,2,0
more_nuclear,2,2,0
purely_elite,2,2,0
damn_important,2,1,1
typically_acceptable,2,2,0
currently_transferable,2,2,0
profoundly_concerned,2,2,0
more_multifaceted,2,2,0
more_multicultural,2,1,1
more_muddy,2,2,0
more_muddled,2,2,0
damn_painful,2,2,0
profoundly_complex,2,2,0
damn_picky,2,2,0
truly_welcoming,2,2,0
about_full,2,2,0
purely_cyclical,2,2,0
more_mortal,2,2,0
truly_weak,2,2,0
purely_conversational,2,2,0
truly_walkable,2,2,0
damn_proud,2,2,0
damn_reckless,2,2,0
truly_vulnerable,2,2,0
yet_unconfirmed,2,2,0
purely_crucial,2,2,0
profoundly_beautiful,2,1,1
more_negligible,2,2,0
twice_enough,2,2,0
more_negligent,2,2,0
twice_stupid,2,2,0
twice_exceptional,2,2,0
damn_likable,2,2,0
more_nauseous,2,2,0
professionally_unfulfilled,2,2,0
purely_derivative,2,2,0
purely_dependent,2,2,0
more_naughty,2,2,0
more_mute,2,1,1
damn_loud,2,2,0
purely_dependant,2,2,0
more_narrative,2,2,0
damn_much,2,1,1
more_mystifying,2,1,1
more_mutual,2,2,0
about_funny,2,2,0
about_fun,2,2,0
typically_australian,2,2,0
damn_decent,2,2,0
damn_critical,2,2,0
typically_competitive,2,2,0
currently_weak,2,2,0
currently_welcome,2,2,0
typically_complex,2,2,0
purely_incidental,2,2,0
purely_impulsive,2,2,0
purely_illustrative,2,2,0
probably_irrelevant,2,2,0
more_passive,2,2,0
purely_ideological,2,2,0
more_pedestrian,2,2,0
purely_idealistic,2,2,0
purely_horizontal,2,2,0
more_parochial,2,1,1
probably_most,2,2,0
damn_accurate,2,2,0
more_pale,2,2,0
probably_new,2,2,0
yet_transparent,2,2,0
typically_conducive,2,2,0
about_light,2,2,0
professionally_able,2,2,0
about_loud,2,2,0
typically_desirable,2,2,0
probably_dead,2,2,0
probably_difficult,2,2,0
currently_unable,2,2,0
purely_jewish,2,2,0
currently_uncommon,2,2,0
more_petty,2,2,0
typically_crazy,2,2,0
typically_courageous,2,2,0
currently_verifiable,2,2,0
currently_universal,2,2,0
probably_full,2,2,0
probably_gay,2,2,0
typically_controversial,2,2,0
currently_useable,2,2,0
purely_innocent,2,2,0
typically_consistent,2,2,0
purely_informative,2,2,0
damn_amazing,2,2,0
damn_angry,2,2,0
typically_cheap,2,2,0
damn_complicated,2,2,0
more_orange,2,2,0
yet_typical,2,2,0
purely_fictional,2,2,0
probably_unnecessary,2,2,0
typically_british,2,2,0
purely_fanciful,2,2,0
probably_untrue,2,2,0
more_opportunistic,2,2,0
more_opinionated,2,0,2
damn_annoying,2,2,0
more_operatic,2,1,1
about_human,2,2,0
typically_black,2,2,0
more_open-ended,2,2,0
more_omnipotent,2,2,0
damn_creepy,2,2,0
more_old,2,2,0
more_okay,2,2,0
damn_clever,2,2,0
damn_cheerful,2,2,0
about_intimidating,2,2,0
purely_funny,2,2,0
more_overweight,2,2,0
more_overused,2,2,0
typically_characteristic,2,2,0
probably_other,2,0,2
typically_challenging,2,2,0
more_overpowering,2,1,1
damn_arousing,2,2,0
more_overdue,2,2,0
more_overdone,2,2,0
damn_awesome,2,2,0
damn_awful,2,2,0
about_large,2,2,0
typically_cause,2,2,0
purely_german,2,2,0
purely_generic,2,2,0
typically_busy,2,2,0
probably_suitable,2,1,1
so_annual,2,2,0
presently_subject,2,2,0
presently_sick,2,2,0
completely_sketchy,2,2,0
much_functional,2,2,0
quite_immoral,2,2,0
completely_silver,2,2,0
yet_expressive,2,2,0
completely_single,2,2,0
completely_singular,2,2,0
completely_skeptical,2,2,0
much_frightened,2,2,0
uniformly_islamic,2,2,0
completely_shitty,2,2,0
politically_secure,2,2,0
politically_selective,2,2,0
much_fortunate,2,2,0
much_forthcoming,2,2,0
much_formal,2,2,0
much_foolish,2,2,0
accidentally_mistaken,2,2,0
quite_immersive,2,2,0
quite_immune,2,2,0
much_gloomy,2,2,0
much_flatter,2,2,0
completely_sexy,2,2,0
politically_rational,2,2,0
simply_wise,2,2,0
completely_selective,2,2,0
completely_self-conscious,2,2,0
much_handy,2,2,0
uniformly_loyal,2,2,0
much_groundbreaking,2,2,0
yet_expansive,2,2,0
quite_implausible,2,2,0
completely_shit,2,2,0
simultaneously_active,2,2,0
much_greasy,2,2,0
much_gray,2,2,0
much_graver,2,2,0
quite_impartial,2,2,0
much_grand,2,2,0
much_gooey,2,2,0
quite_impactful,2,2,0
much_flexible,2,2,0
much_flat,2,2,0
much_historical,2,2,0
much_experimental,2,2,0
completely_spectacular,2,2,0
quite_idle,2,2,0
quite_idiotic,2,2,0
much_extraordinary,2,1,1
academically_valid,2,2,0
uniformly_harmful,2,2,0
politically_subversive,2,2,0
academically_talented,2,2,0
academically_superior,2,2,0
completely_somber,2,2,0
academically_suitable,2,2,0
politically_suspect,2,2,0
much_expansive,2,2,0
much_exclusive,2,2,0
completely_spurious,2,2,0
completely_stagnant,2,2,0
much_excellent,2,2,0
much_eventful,2,0,2
uniformly_helpful,2,2,0
much_fascinating,2,1,1
simultaneously_rewarding,2,2,0
much_feminine,2,1,1
much_finer,2,2,0
politically_serious,2,2,0
uniformly_impressed,2,2,0
accidentally_entertaining,2,2,0
much_fickle,2,2,0
much_fewer,2,2,0
much_festive,2,1,1
much_fertile,2,2,0
quite_immaculate,2,2,0
simultaneously_visible,2,2,0
simultaneously_true,2,2,0
politically_skewed,2,2,0
politically_skilled,2,2,0
much_fatal,2,2,0
quite_imaginary,2,2,0
completely_soluble,2,2,0
completely_solvable,2,2,0
politically_strategic,2,2,0
completely_schizophrenic,2,2,0
yet_excessive,2,2,0
most_foreign,2,2,0
much_innocent,2,2,0
simply_unwilling,2,2,0
achingly_important,2,2,0
achingly_familiar,2,1,1
simply_unwise,2,2,0
much_inscrutable,2,2,0
politically_objectionable,2,2,0
completely_revolting,2,2,0
yet_endemic,2,2,0
politically_opportunistic,2,2,0
much_instrumental,2,2,0
much_inhuman,2,2,0
accurately_true,2,2,0
completely_righteous,2,2,0
much_informal,2,2,0
completely_riveting,2,2,0
simply_verbal,2,2,0
completely_robotic,2,2,0
much_inevitable,2,2,0
yet_elegant,2,2,0
yet_electric,2,2,0
much_indistinguishable,2,2,0
achingly_sincere,2,2,0
much_jealous,2,2,0
achingly_sugary,2,2,0
much_japanese,2,2,0
completely_renewable,2,2,0
politically_meaningful,2,2,0
quite_indistinguishable,2,2,0
much_irritating,2,2,0
much_irrelevant,2,2,0
simply_unprecedented,2,2,0
politically_momentous,2,2,0
politically_misguided,2,2,0
much_irish,2,2,0
much_invisible,2,2,0
much_inventive,2,2,0
much_invasive,2,2,0
simply_unsafe,2,2,0
uniformly_proportional,2,2,0
uniformly_progressive,2,2,0
much_ineffective,2,2,0
yet_english,2,2,0
yet_exceptional,2,2,0
much_huge,2,2,0
quite_inclined,2,2,0
much_hypocritical,2,2,0
quite_incapable,2,2,0
politically_productive,2,2,0
quite_inaudible,2,2,0
politically_prominent,2,2,0
much_humble,2,2,0
politically_proper,2,2,0
completely_satirical,2,2,0
much_ideal,2,2,0
much_horrifying,2,2,0
uniformly_persuasive,2,2,0
much_horizontal,2,2,0
much_hopeless,2,2,0
uniformly_perfect,2,2,0
accurately_informed,2,2,0
simply_western,2,2,0
quite_inaccurate,2,2,0
yet_euphoric,2,2,0
politically_precious,2,2,0
much_indecisive,2,2,0
much_impractical,2,2,0
yet_enjoyable,2,2,0
quite_incredible,2,2,0
quite_incorrect,2,2,0
completely_routine,2,2,0
much_incapable,2,2,0
politically_polite,2,2,0
completely_rubbish,2,2,0
accurately_reflective,2,2,0
politically_positive,2,2,0
much_ignorant,2,2,0
yet_equivalent,2,2,0
politically_powerless,2,2,0
simply_visionary,2,2,0
simply_vulnerable,2,2,0
much_immaterial,2,2,0
much_imaginative,2,2,0
simply_warm,2,2,0
much_illegal,2,2,0
sincerely_mistaken,2,1,1
much_ethical,2,2,0
much_equal,2,2,0
completely_uncharted,2,2,0
yet_fun,2,2,0
completely_unchallenged,2,2,0
completely_unchanged,2,2,0
quite_grateful,2,2,0
singularly_unique,2,2,0
singularly_weird,2,2,0
much_contagious,2,2,0
much_consistent,2,2,0
academically_admissible,2,2,0
completely_uncertain,2,2,0
uniformly_damaging,2,2,0
yet_fussy,2,2,0
much_confrontational,2,2,0
completely_unconvinced,2,2,0
completely_uncooperative,2,2,0
much_comprehensive,2,2,0
uniformly_cool,2,2,0
much_complete,2,2,0
much_conventional,2,2,0
singularly_spectacular,2,2,0
academically_able,2,2,0
quite_groovy,2,2,0
much_crisp,2,2,0
positively_inconsistent,2,2,0
academically_clever,2,2,0
positively_injurious,2,2,0
quite_hairy,2,2,0
quite_habitable,2,2,0
completely_ugly,2,2,0
positively_necessary,2,2,0
singularly_reliant,2,2,0
positively_satisfied,2,2,0
singularly_religious,2,2,0
quite_gripping,2,2,0
quite_grim,2,2,0
academically_beneficial,2,2,0
academically_astute,2,2,0
much_correct,2,2,0
academically_appropriate,2,2,0
completely_unbreakable,2,2,0
quite_gory,2,2,0
yet_generic,2,2,0
much_epic,2,2,0
quite_frequent,2,2,0
much_cheeky,2,2,0
quite_fruitful,2,2,0
quite_frightening,2,2,0
slightly_believable,2,2,0
possibly_ready,2,2,0
much_celebrated,2,2,0
slightly_bitter,2,2,0
possibly_related,2,2,0
quite_freaky,2,2,0
slightly_awe,2,2,0
possibly_unique,2,2,0
slightly_bored,2,2,0
completely_uninhibited,2,2,0
completely_uninspired,2,2,0
completely_unintelligible,2,2,0
completely_unjust,2,2,0
much_bouncy,2,2,0
much_bothersome,2,2,0
much_cheesy,2,1,1
possibly_more,2,2,0
quite_glossy,2,2,0
abysmally_comfortable,2,2,0
clinically_sick,2,2,0
slightly_amusing,2,1,1
possibly_compatible,2,2,0
slightly_angry,2,2,0
abysmally_low,2,2,0
possibly_damaging,2,2,0
much_comedic,2,2,0
possibly_dangerous,2,2,0
completely_uneducated,2,2,0
much_choosy,2,2,0
much_cocky,2,2,0
slightly_arrogant,2,2,0
uniformly_comfortable,2,2,0
completely_uneven,2,2,0
much_clear-cut,2,2,0
uniformly_cold,2,2,0
quite_gaudy,2,2,0
quite_futile,2,2,0
positively_inclined,2,2,0
yet_french,2,2,0
completely_tropical,2,2,0
yet_forbidden,2,2,0
completely_superficial,2,2,0
completely_superfluous,2,2,0
completely_symbolic,2,2,0
much_due,2,2,0
much_dry,2,2,0
politically_weak,2,2,0
much_dreadful,2,1,1
completely_synthetic,2,2,0
much_divine,2,2,0
much_educational,2,2,0
completely_tangential,2,2,0
much_disturbed,2,2,0
quite_homey,2,2,0
much_distinctive,2,2,0
academically_impossible,2,2,0
poorly_enough,2,2,0
uniformly_exceptional,2,2,0
much_dissatisfied,2,2,0
much_economical,2,2,0
much_electric,2,2,0
much_crucial,2,2,0
quite_humanoid,2,2,0
much_enticing,2,2,0
politically_tolerable,2,2,0
much_enthused,2,2,0
completely_stoked,2,2,0
quite_humorous,2,2,0
quite_humid,2,2,0
completely_stunned,2,2,0
much_enduring,2,2,0
much_endemic,2,2,0
quite_honorable,2,2,0
quite_horrible,2,2,0
academically_relevant,2,2,0
uniformly_gloomy,2,2,0
academically_perfect,2,2,0
academically_outstanding,2,2,0
much_embarrassing,2,2,0
much_elusive,2,2,0
much_else,2,1,1
quite_homegrown,2,2,0
academically_hard,2,2,0
much_dishonest,2,2,0
much_decorative,2,2,0
much_delicate,2,2,0
quite_heartless,2,2,0
much_dejected,2,2,0
much_definite,2,2,0
positively_disgraceful,2,2,0
quite_heartening,2,2,0
much_deficient,2,2,0
much_defensive,2,2,0
much_dear,2,1,1
poorly_skilled,2,2,0
much_deadly,2,2,0
positively_dreamy,2,2,0
academically_equal,2,2,0
positively_evil,2,1,1
quite_harsh,2,2,0
positively_giddy,2,2,0
much_daily,2,2,0
quite_harmful,2,2,0
singularly_impressive,2,2,0
positively_destructive,2,2,0
much_delusional,2,2,0
much_democratic,2,2,0
singularly_devastating,2,2,0
much_disastrous,2,2,0
quite_historic,2,2,0
uniformly_evil,2,2,0
uniformly_evident,2,2,0
positively_beautiful,2,2,0
much_direct,2,2,0
quite_hilarious,2,2,0
singularly_effective,2,2,0
much_devoid,2,2,0
much_determined,2,2,0
completely_thick,2,2,0
singularly_frightening,2,0,2
quite_helpless,2,2,0
much_deserving,2,2,0
positively_dangerous,2,1,1
quite_heavier,2,2,0
quite_individual,2,2,0
much_juicy,2,2,0
quite_industrious,2,2,0
simply_silent,2,2,0
yet_content,2,2,0
actually_accidental,2,2,0
yet_continuous,2,2,0
simply_shorter,2,2,0
much_reactive,2,2,0
simply_sick,2,2,0
much_rational,2,2,0
quite_lonely,2,2,0
uniformly_virtuous,2,1,1
much_recommendable,2,2,0
completely_nostalgic,2,2,0
simply_silly,2,2,0
simply_similar,2,2,0
much_quirky,2,2,0
completely_null,2,2,0
simply_sinister,2,2,0
much_quaint,2,2,0
much_pushy,2,2,0
much_rebellious,2,2,0
much_regional,2,2,0
actively_worried,2,2,0
quite_majestic,2,2,0
pleasantly_surprising,2,1,1
simply_selfless,2,2,0
much_reusable,2,2,0
much_retro,2,2,0
pleasantly_warm,2,2,0
much_reticent,2,2,0
quite_major,2,2,0
simply_separate,2,2,0
quite_magnificent,2,1,1
simply_sexy,2,2,0
completely_neurotic,2,2,0
much_reliant,2,2,0
completely_nice,2,2,0
actually_addicting,2,2,0
actually_adaptive,2,2,0
plenty_full,2,2,0
completely_nomadic,2,2,0
yet_constitutional,2,2,0
simply_skilled,2,2,0
much_psychological,2,2,0
much_playable,2,2,0
uniformly_susceptible,2,2,0
much_prescient,2,2,0
simply_specific,2,2,0
completely_open-minded,2,2,0
quite_likeable,2,2,0
much_precise,2,2,0
completely_ordinary,2,2,0
completely_outside,2,2,0
much_poor,2,2,0
actively_responsible,2,2,0
actively_sexist,2,2,0
simply_spontaneous,2,2,0
politically_biased,2,2,0
much_pleasurable,2,2,0
politically_bisexual,2,2,0
much_pleasing,2,2,0
yet_curious,2,2,0
quite_lifelike,2,2,0
uniformly_supportive,2,2,0
much_prescriptive,2,2,0
simply_spanish,2,2,0
yet_conversational,2,2,0
much_professional,2,2,0
simply_sloppy,2,2,0
much_psychedelic,2,2,0
simply_slow,2,2,0
much_protestant,2,2,0
actively_virtuous,2,2,0
yet_convertible,2,2,0
yet_corrupt,2,2,0
much_proficient,2,2,0
quite_literary,2,2,0
actively_shitty,2,2,0
yet_crazy,2,2,0
uniformly_unfair,2,2,0
completely_obtuse,2,1,1
much_principled,2,2,0
completely_off,2,2,0
politically_artful,2,2,0
politically_articulate,2,2,0
politically_attainable,2,2,0
uniformly_wonderful,2,2,0
quite_manageable,2,2,0
quite_mandatory,2,2,0
much_shrinking,2,2,0
simply_roman,2,2,0
quite_misleading,2,2,0
plain_wonderful,2,2,0
unintentionally_comical,2,2,0
unimaginably_worse,2,2,0
completely_mind-blowing,2,2,0
quite_miserable,2,2,0
plainly_clear,2,2,0
plainly_contrary,2,2,0
actually_apparent,2,2,0
simply_romantic,2,2,0
unimaginably_powerful,2,2,0
plainly_discernible,2,2,0
much_shady,2,2,0
completely_modular,2,2,0
quite_mindless,2,2,0
quite_military,2,2,0
actually_ambiguous,2,2,0
actually_anti-social,2,2,0
much_skeptical,2,2,0
much_ridiculous,2,2,0
plain_true,2,2,0
completely_manifest,2,2,0
actually_attributable,2,2,0
completely_manual,2,2,0
actually_athletic,2,2,0
much_solid,2,2,0
simply_restorative,2,2,0
completely_masculine,2,2,0
completely_materialistic,2,2,0
actually_atheist,2,2,0
completely_mental,2,2,0
plain_uncomfortable,2,2,0
completely_measurable,2,2,0
actually_arrogant,2,2,0
much_small,2,2,0
completely_memorable,2,2,0
much_slimmer,2,2,0
much_slim,2,2,0
actually_armed,2,2,0
quite_militant,2,2,0
completely_monolithic,2,2,0
plainly_illegal,2,2,0
simply_schizophrenic,2,2,0
much_satisfying,2,2,0
actually_african,2,2,0
yet_configurable,2,2,0
pleasantly_fragrant,2,2,0
completely_murky,2,2,0
simply_sceptical,2,2,0
unimaginably_distant,2,2,0
quite_mass,2,2,0
much_ruthless,2,2,0
plainly_impossible,2,2,0
much_rustic,2,2,0
simply_scottish,2,2,0
much_rougher,2,2,0
quite_manly,2,2,0
simply_seasonal,2,2,0
pleasantly_plump,2,2,0
simply_secure,2,2,0
completely_native,2,2,0
yet_conceivable,2,2,0
actually_alcoholic,2,2,0
plainly_unjust,2,2,0
quite_melancholy,2,2,0
completely_monotonous,2,2,0
much_sentimental,2,2,0
simply_routine,2,2,0
plainly_incompetent,2,2,0
yet_comprehensible,2,2,0
much_sensible,2,2,0
much_sensational,2,2,0
plainly_noticeable,2,2,0
actually_alien,2,2,0
simply_rural,2,2,0
completely_monstrous,2,2,0
simply_sacred,2,2,0
completely_moot,2,2,0
simply_safer,2,2,0
plainly_ridiculous,2,2,0
quite_melodramatic,2,2,0
quite_mellow,2,1,1
much_playful,2,2,0
much_pivotal,2,2,0
simply_unlikely,2,2,0
quite_intentional,2,2,0
much_materialistic,2,2,0
simply_unavailable,2,2,0
much_many,2,2,0
politically_friendly,2,2,0
much_mandatory,2,2,0
much_malevolent,2,2,0
simply_uncomfortable,2,2,0
much_magnificent,2,2,0
quite_intense,2,2,0
uniformly_safe,2,2,0
politically_harmful,2,2,0
yet_distinctive,2,2,0
completely_psychological,2,2,0
much_lush,2,2,0
simply_uncool,2,2,0
yet_diverse,2,2,0
yet_diversified,2,2,0
quite_integral,2,2,0
simply_unacceptable,2,2,0
quite_interactive,2,2,0
politically_homogenous,2,2,0
quite_intriguing,2,2,0
much_motivating,2,2,0
simply_torture,2,2,0
much_moody,2,2,0
yet_devoid,2,2,0
much_monetary,2,2,0
actively_disruptive,2,2,0
much_momentous,2,2,0
completely_proof,2,2,0
politically_explicit,2,2,0
quite_intimidating,2,2,0
much_miserable,2,2,0
actively_cruel,2,2,0
much_milder,2,2,0
much_mild,2,2,0
much_melancholy,2,2,0
much_medical,2,2,0
politically_favorable,2,2,0
much_meaningful,2,2,0
politically_homeless,2,2,0
politically_hostile,2,2,0
much_pink,2,1,1
simply_unhelpful,2,2,0
much_likable,2,2,0
completely_recoverable,2,2,0
much_lifelike,2,2,0
much_liberal,2,2,0
completely_rectangular,2,2,0
acoustically_inclined,2,2,0
simply_unfunny,2,2,0
simply_unhappy,2,2,0
simply_unimaginable,2,2,0
acoustically_irritating,2,2,0
politically_irresponsible,2,2,0
acoustically_friendly,2,2,0
politically_judicious,2,2,0
yet_economic,2,2,0
quite_inexplicable,2,2,0
completely_remarkable,2,2,0
yet_edible,2,2,0
quite_inert,2,2,0
politically_inspired,2,2,0
much_like,2,2,0
politically_hot,2,2,0
much_loose,2,2,0
politically_ignorant,2,2,0
completely_quixotic,2,2,0
much_loving,2,2,0
much_lovely,2,2,0
simply_undesirable,2,2,0
politically_immature,2,2,0
much_loud,2,2,0
politically_impartial,2,2,0
politically_improbable,2,2,0
uniformly_religious,2,2,0
politically_inconceivable,2,2,0
politically_inconsistent,2,2,0
politically_inconvenient,2,2,0
simply_unemployed,2,2,0
much_little,2,2,0
actively_afraid,2,2,0
politically_inflammatory,2,2,0
actively_abhorrent,2,2,0
completely_profane,2,2,0
completely_productive,2,2,0
much_muscular,2,2,0
completely_pathetic,2,2,0
simply_stylish,2,2,0
quite_lame,2,2,0
completely_partial,2,2,0
uniformly_sunny,2,2,0
completely_past,2,2,0
politically_dead,2,2,0
much_overt,2,2,0
simply_successful,2,2,0
simply_suitable,2,2,0
actively_online,2,2,0
simply_superb,2,2,0
much_outrageous,2,2,0
actively_irritating,2,2,0
much_outdated,2,2,0
politically_deaf,2,2,0
uniformly_subject,2,2,0
simply_superior,2,2,0
simply_supportive,2,2,0
actively_off-putting,2,2,0
quite_lasting,2,2,0
much_mushy,2,2,0
politically_clever,2,2,0
much_picky,2,2,0
simply_straight,2,2,0
politically_centrist,2,2,0
politically_challenging,2,2,0
simply_stressful,2,2,0
completely_overgrown,2,2,0
actively_receptive,2,2,0
actively_psychotic,2,2,0
simply_structural,2,2,0
much_pastoral,2,2,0
politically_close,2,2,0
politically_comfortable,2,2,0
much_perceptible,2,2,0
politically_competitive,2,2,0
completely_overworked,2,2,0
much_peaceful,2,2,0
much_patriotic,2,2,0
much_patient,2,2,0
completely_personal,2,2,0
simply_sure,2,2,0
quite_juicy,2,2,0
yet_desirable,2,2,0
completely_polite,2,2,0
simply_terrific,2,2,0
politically_dogmatic,2,2,0
much_nonexistent,2,2,0
much_non-existent,2,2,0
quite_irresponsible,2,2,0
uniformly_straight,2,2,0
completely_portable,2,2,0
uniformly_spectacular,2,2,0
completely_pervasive,2,2,0
completely_prescriptive,2,2,0
much_naturalistic,2,2,0
politically_elite,2,2,0
quite_irish,2,2,0
politically_energetic,2,2,0
much_mythic,2,2,0
much_mystical,2,2,0
completely_problematic,2,2,0
completely_pleasing,2,2,0
much_objectionable,2,1,1
politically_disastrous,2,2,0
simply_tall,2,2,0
politically_defensible,2,2,0
completely_petrified,2,2,0
much_operatic,2,2,0
simply_sympathetic,2,2,0
completely_phony,2,2,0
completely_physical,2,2,0
politically_delicate,2,2,0
completely_pitiful,2,2,0
much_okay,2,2,0
quite_joyful,2,2,0
quite_japanese,2,2,0
actively_inclusive,2,2,0
completely_plastic,2,2,0
politically_digestible,2,2,0
completely_platonic,2,2,0
simply_talented,2,2,0
quite_jaded,2,2,0
completely_unkind,2,2,0
completely_unknowable,2,2,0
potentially_able,2,2,0
precisely_possible,2,2,0
consistently_beneficial,2,2,0
consistently_biblical,2,2,0
slightly_unremarkable,2,2,0
most_novel,2,2,0
precisely_pleased,2,2,0
unduly_hazardous,2,2,0
precisely_popular,2,2,0
absolutely_reflective,2,2,0
consistently_bullish,2,2,0
quite_debatable,2,2,0
yet_mindless,2,2,0
most_nightmarish,2,2,0
yet_miserable,2,2,0
most_new,2,2,0
most_neat,2,2,0
consistently_cheaper,2,2,0
most_muscular,2,2,0
absolutely_radiant,2,2,0
consistently_believable,2,2,0
consistently_beautiful,2,2,0
most_morbid,2,1,1
quite_decisive,2,2,0
consistently_alike,2,2,0
absolutely_relaxed,2,2,0
unduly_lengthy,2,2,0
absolutely_relative,2,2,0
quite_defensive,2,2,0
most_ordinary,2,2,0
quite_decorative,2,2,0
slightly_uneven,2,2,0
consistently_average,2,2,0
most_obese,2,2,0
most_onerous,2,2,0
slightly_unlucky,2,2,0
precisely_normal,2,1,1
consistently_awesome,2,2,0
consistently_awful,2,2,0
precisely_original,2,2,0
unduly_hot,2,2,0
most_objectionable,2,2,0
slightly_visible,2,2,0
unduly_frightened,2,2,0
absolutely_present,2,2,0
yet_naive,2,2,0
most_marginalized,2,2,0
slowly_lower,2,2,0
absolutely_private,2,2,0
slyly_funny,2,2,0
most_macho,2,2,0
consistently_dark,2,2,0
quite_crumbly,2,2,0
consistently_decisive,2,2,0
most_lucky,2,2,0
consistently_convincing,2,2,0
consistently_different,2,2,0
most_lovely,2,2,0
precisely_straight,2,2,0
unduly_disturbing,2,2,0
consistently_disruptive,2,2,0
most_long-lasting,2,2,0
absolutely_priceless,2,2,0
yet_national,2,2,0
consistently_correct,2,2,0
quite_cuddly,2,1,1
slightly_weird,2,2,0
precisely_reliable,2,2,0
most_moderate,2,2,0
precisely_reasonable,2,2,0
consistently_common,2,2,0
slightly_wide,2,2,0
most_minor,2,2,0
absolutely_quiet,2,2,0
slightly_wider,2,2,0
precisely_relevant,2,2,0
quite_damaging,2,2,0
most_masterful,2,2,0
most_metallic,2,2,0
most_menacing,2,2,0
consistently_compliant,2,2,0
quite_customary,2,2,0
most_mechanical,2,2,0
quite_custom,2,2,0
precisely_safe,2,2,0
consistently_consistent,2,2,0
quite_deft,2,2,0
consistently_adequate,2,2,0
precisely_logical,2,2,0
most_primitive,2,2,0
quite_disillusioned,2,2,0
quite_dishonest,2,2,0
unduly_rude,2,2,0
unduly_rough,2,2,0
slightly_subtle,2,2,0
precisely_dry,2,2,0
most_principled,2,2,0
precisely_easy,2,2,0
unduly_reliant,2,2,0
unduly_sensitive,2,2,0
most_presidential,2,2,0
most_presentable,2,2,0
quite_discernible,2,2,0
most_prescient,2,2,0
most_prepared,2,1,1
slightly_suitable,2,2,0
unduly_radical,2,1,1
considerably_faster,2,2,0
unduly_sanguine,2,2,0
unduly_short,2,2,0
slightly_underused,2,2,0
yet_lucrative,2,2,0
unduly_subject,2,2,0
most_ready,2,2,0
unduly_stupid,2,2,0
most_reactive,2,2,0
unduly_strong,2,2,0
unduly_strict,2,2,0
precisely_controllable,2,2,0
most_rapid,2,2,0
most_racist,2,2,0
precisely_dead,2,2,0
most_rabid,2,1,1
most_quiet,2,2,0
absolutely_selfish,2,2,0
slightly_squeamish,2,2,0
most_pungent,2,2,0
consequently_damned,2,2,0
quite_dissonant,2,2,0
consequently_dangerous,2,2,0
yet_mad,2,2,0
considerably_ineffective,2,2,0
precisely_evident,2,2,0
most_permanent,2,2,0
most_phenomenal,2,2,0
absolutely_responsive,2,2,0
slightly_tedious,2,2,0
absolutely_responsible,2,2,0
yet_meek,2,2,0
unduly_noisy,2,2,0
most_permissive,2,2,0
absolutely_representative,2,2,0
considerably_wrong,2,0,2
slightly_taller,2,2,0
consistently_absent,2,2,0
quite_demented,2,2,0
slightly_tricky,2,2,0
quite_demanding,2,2,0
unduly_loud,2,2,0
precisely_intuitive,2,2,0
most_overwhelming,2,2,0
precisely_legal,2,2,0
most_philosophical,2,2,0
considerably_stronger,2,2,0
considerably_shorter,2,2,0
precisely_honest,2,2,0
most_poisonous,2,2,0
precisely_evil,2,2,0
yet_many,2,2,0
most_poignant,2,2,0
considerably_older,2,2,0
yet_marketable,2,2,0
considerably_popular,2,2,0
absolutely_sacred,2,1,1
unduly_painful,2,2,0
precisely_free,2,2,0
precisely_french,2,2,0
precisely_full,2,2,0
yet_married,2,2,0
quite_developed,2,2,0
most_pivotal,2,0,2
most_pitiful,2,2,0
precisely_high,2,2,0
precisely_such,2,2,0
consistently_dynamic,2,2,0
most_rebellious,2,2,0
consistently_repeatable,2,2,0
most_humiliating,2,2,0
most_humanitarian,2,2,0
consistently_pro-life,2,2,0
most_horrendous,2,2,0
consistently_quick,2,2,0
absolutely_insufferable,2,1,1
absolutely_innocent,2,2,0
yet_patient,2,2,0
consistently_reproducible,2,2,0
so_akin,2,1,1
consistently_responsive,2,2,0
most_hideous,2,2,0
most_helpless,2,2,0
quite_cautious,2,2,0
quite_caucasian,2,1,1
so_alright,2,2,0
consistently_safe,2,2,0
quite_catholic,2,2,0
yet_paramount,2,2,0
yet_palpable,2,2,0
yet_permissible,2,2,0
absolutely_knowledgeable,2,2,0
absolutely_logical,2,2,0
most_imperative,2,2,0
absolutely_liable,2,2,0
yet_overgrown,2,2,0
predominately_white,2,2,0
yet_overpowering,2,2,0
prematurely_aged,2,2,0
quite_civilised,2,2,0
yet_own,2,2,0
consistently_popular,2,2,0
quite_christian,2,2,0
quite_chilly,2,2,0
consistently_persuasive,2,2,0
absolutely_jam-packed,2,2,0
yet_pain-free,2,2,0
so_aimless,2,1,1
so_airborne,2,2,0
consistently_poor,2,2,0
absolutely_inevitable,2,2,0
absolutely_indicative,2,2,0
most_literate,2,2,0
presently_pregnant,2,2,0
yet_physical,2,2,0
unconstitutionally_burdensome,2,2,0
quite_brittle,2,2,0
presently_open,2,2,0
absolutely_inaccurate,2,2,0
absolutely_important,2,2,0
yet_plausible,2,2,0
uncommonly_strong,2,2,0
presently_profitable,2,2,0
presently_likely,2,2,0
presently_qualified,2,2,0
presently_related,2,2,0
consistently_warm,2,2,0
most_fragrant,2,2,0
presently_relevant,2,2,0
presently_ripe,2,2,0
so_angular,2,2,0
uncommonly_large,2,2,0
yet_pessimistic,2,2,0
unconstitutionally_discriminatory,2,2,0
quite_carefree,2,2,0
most_grandiose,2,2,0
presently_eligible,2,2,0
presently_enforceable,2,2,0
quite_captive,2,2,0
so_amiss,2,2,0
most_grievous,2,2,0
so_amoral,2,2,0
so_amorphous,2,2,0
consistently_stronger,2,2,0
most_gothic,2,2,0
unconstitutionally_excessive,2,2,0
undeniably_catchy,2,2,0
quite_canadian,2,2,0
yet_personal,2,2,0
most_glaring,2,1,1
so_anachronistic,2,2,0
most_genuine,2,2,0
absolutely_incomprehensible,2,2,0
most_genial,2,1,1
most_impossible,2,2,0
quite_clueless,2,2,0
consistently_oblivious,2,2,0
consistently_fine,2,2,0
consistently_explosive,2,2,0
absolutely_pathetic,2,2,0
consistently_fair,2,2,0
so_accomplished,2,2,0
so_accountable,2,2,0
consistently_fascinating,2,2,0
consistently_fast,2,2,0
quite_controllable,2,2,0
most_junior,2,2,0
predictably_conservative,2,2,0
unduly_depressed,2,2,0
absolutely_parallel,2,2,0
predictably_irrational,2,2,0
unduly_dependent,2,2,0
most_italian,2,2,0
absolutely_overwhelming,2,2,0
consistently_friendly,2,2,0
yet_obligatory,2,2,0
predictably_consistent,2,2,0
quite_conversant,2,2,0
most_improbable,2,2,0
consistently_energetic,2,2,0
precisely_sympathetic,2,2,0
consistently_effortless,2,2,0
precisely_targeted,2,2,0
absolutely_possible,2,2,0
precisely_tragic,2,2,0
most_liquid,2,2,0
yet_newsworthy,2,2,0
precisely_typical,2,2,0
most_like,2,2,0
yet_notorious,2,2,0
quite_courageous,2,2,0
most_light,2,2,0
consistently_engaging,2,2,0
precisely_useful,2,2,0
absolutely_pertinent,2,2,0
precisely_wise,2,2,0
consistently_evangelical,2,2,0
consistently_evil,2,2,0
quite_congruent,2,2,0
quite_congenial,2,2,0
most_intrusive,2,1,1
absolutely_marvelous,2,2,0
absolutely_meaningless,2,2,0
unduly_cautious,2,2,0
unduly_biased,2,2,0
consistently_linear,2,2,0
absolutely_massive,2,2,0
most_inexperienced,2,2,0
most_ineffective,2,2,0
most_industrial,2,1,1
unduly_apprehensive,2,2,0
most_introspective,2,2,0
yet_original,2,2,0
most_indicative,2,2,0
predominantly_speculative,2,2,0
most_inconspicuous,2,2,0
consistently_negative,2,2,0
consistently_nice,2,2,0
quite_co-operative,2,2,0
quite_clumsy,2,2,0
so_adrift,2,2,0
predominantly_negative,2,2,0
unduly_charismatic,2,2,0
most_instinctive,2,2,0
predominantly_african,2,2,0
absolutely_opposite,2,2,0
unduly_cruel,2,2,0
yet_obscene,2,2,0
yet_observable,2,2,0
consistently_heavy,2,2,0
unduly_critical,2,2,0
absolutely_open,2,2,0
most_international,2,2,0
predominantly_hispanic,2,2,0
consistently_influential,2,2,0
unduly_cold,2,2,0
most_integral,2,2,0
most_insurmountable,2,2,0
absolutely_miserable,2,2,0
most_instructive,2,2,0
yet_opportune,2,2,0
precisely_comprehensible,2,2,0
unduly_suspicious,2,2,0
completely_unlikeable,2,2,0
slightly_entertaining,2,2,0
completely_vain,2,2,0
potentially_real,2,2,0
absolutely_wrenching,2,2,0
mostly_unpleasant,2,2,0
slightly_dry,2,2,0
slightly_dull,2,2,0
absolutely_worth,2,2,0
mostly_technological,2,2,0
completely_verifiable,2,2,0
mostly_useless,2,2,0
mostly_sunny,2,2,0
potentially_responsible,2,2,0
potentially_revolutionary,2,2,0
mostly_silent,2,2,0
yet_insane,2,2,0
slightly_exaggerated,2,2,0
slightly_excited,2,2,0
quite_fake,2,2,0
slightly_dodgy,2,1,1
completely_vague,2,2,0
yet_insolvent,2,2,0
slightly_depressing,2,2,0
completely_unworkable,2,2,0
potentially_possible,2,2,0
much_aesthetic,2,2,0
slightly_darker,2,2,0
completely_uplifting,2,2,0
much_adult,2,1,1
slightly_dead,2,2,0
much_addicted,2,2,0
slightly_desperate,2,2,0
yet_informed,2,2,0
completely_upright,2,2,0
unfortunately_rare,2,2,0
yet_infinite,2,2,0
slightly_disappointing,2,2,0
slightly_dishonest,2,1,1
completely_utopian,2,2,0
slightly_disruptive,2,2,0
mostly_worthless,2,2,0
slightly_expensive,2,2,0
slightly_extra,2,2,0
most_western,2,2,0
most_witty,2,2,0
yet_interesting,2,2,0
slightly_inefficient,2,2,0
yet_intimate,2,2,0
potentially_wrong,2,1,1
slightly_intimidating,2,2,0
completely_weak,2,2,0
quite_exorbitant,2,2,0
quite_exhilarating,2,1,1
quite_exhaustive,2,1,1
mostly_clean,2,2,0
slightly_irresponsible,2,2,0
unfairly_harsh,2,2,0
absolutely_unrealistic,2,2,0
quite_exemplary,2,2,0
absolutely_unreal,2,2,0
yet_intuitive,2,2,0
most_whole,2,2,0
most_white,2,2,0
potentially_valid,2,2,0
mostly_common,2,2,0
mostly_positive,2,2,0
slightly_firm,2,1,1
slightly_famous,2,2,0
absolutely_weak,2,2,0
mostly_older,2,1,1
mostly_okay,2,2,0
slightly_fascinating,2,1,1
absolutely_waterproof,2,2,0
yet_instantaneous,2,2,0
slightly_favorable,2,2,0
completely_viewable,2,2,0
potentially_unsustainable,2,2,0
quite_eye-catching,2,2,0
slightly_frustrating,2,2,0
slightly_good,2,2,0
slightly_grotesque,2,2,0
mostly_full,2,2,0
quite_exquisite,2,2,0
slightly_high,2,2,0
slightly_important,2,2,0
potentially_poisonous,2,1,1
quite_favorite,2,2,0
much_aimless,2,2,0
uniformly_awesome,2,2,0
slightly_cloudy,2,2,0
quite_formidable,2,2,0
completely_unregulated,2,2,0
quite_forgivable,2,2,0
quite_forgettable,2,2,0
absurdly_wealthy,2,2,0
quite_forceful,2,2,0
much_awe,2,2,0
much_averse,2,2,0
quite_fortuitous,2,2,0
yet_higher,2,2,0
much_automatic,2,2,0
yet_holistic,2,2,0
much_authentic,2,2,0
yet_homeless,2,2,0
much_audible,2,2,0
much_audacious,2,2,0
quite_focused,2,2,0
potentially_capable,2,2,0
abundantly_aware,2,2,0
completely_unwieldy,2,2,0
potentially_available,2,2,0
completely_unlocked,2,2,0
much_blissful,2,2,0
much_blind,2,2,0
potentially_abusive,2,2,0
completely_unnatural,2,2,0
potentially_addictive,2,2,0
potentially_annoying,2,2,0
yet_helpful,2,2,0
slightly_chubby,2,2,0
potentially_beneficial,2,2,0
completely_unpalatable,2,2,0
completely_unprofessional,2,2,0
completely_unqualified,2,2,0
potentially_awesome,2,2,0
completely_unreachable,2,2,0
much_believable,2,1,1
potentially_bad,2,2,0
completely_unreadable,2,2,0
completely_unscientific,2,2,0
potentially_disruptive,2,1,1
much_athletic,2,2,0
much_ambitious,2,2,0
potentially_infectious,2,2,0
potentially_interested,2,2,0
slightly_cool,2,2,0
slightly_cooler,2,2,0
much_analogous,2,1,1
potentially_interesting,2,1,1
quite_fictional,2,2,0
absurdly_costly,2,2,0
completely_untouchable,2,2,0
slightly_cold,2,2,0
potentially_liable,2,2,0
completely_untrained,2,2,0
much_altruistic,2,2,0
much_alternative,2,2,0
slightly_crazy,2,2,0
quite_feisty,2,2,0
slightly_credible,2,2,0
much_alarming,2,2,0
potentially_hurtful,2,2,0
completely_unsuited,2,2,0
completely_unsuitable,2,2,0
quite_firm,2,2,0
completely_unselfish,2,2,0
yet_hospitable,2,2,0
potentially_eligible,2,2,0
slightly_comparable,2,2,0
much_archaic,2,2,0
much_appropriate,2,1,1
completely_unsophisticated,2,2,0
much_applicable,2,2,0
completely_unstoppable,2,2,0
quite_flavorful,2,2,0
absurdly_low,2,2,0
completely_unstructured,2,2,0
uniformly_admirable,2,2,0
slightly_conservative,2,2,0
much_anti-gay,2,2,0
yet_identical,2,2,0
absurdly_funny,2,2,0
most_whimsical,2,2,0
completely_wise,2,2,0
slightly_snarky,2,2,0
most_sharp,2,2,0
yet_like,2,2,0
slightly_remorseful,2,2,0
most_sincere,2,2,0
consciously_apparent,2,2,0
absolutely_strong,2,2,0
absolutely_strict,2,2,0
most_showy,2,2,0
consciously_awake,2,2,0
most_sexual,2,2,0
consciously_anti-semitic,2,2,0
consciously_campy,2,2,0
most_serene,2,2,0
consciously_conscious,2,2,0
unequivocally_flattering,2,2,0
most_secular,2,2,0
most_seasoned,2,2,0
precisely_affordable,2,2,0
precisely_afraid,2,2,0
practically_workable,2,2,0
most_sinister,2,2,0
slightly_safe,2,2,0
quite_electric,2,1,1
slightly_quicker,2,2,0
most_sporty,2,2,0
most_splendid,2,2,0
practically_recyclable,2,2,0
slightly_ready,2,2,0
yet_legitimate,2,2,0
slightly_realistic,2,2,0
unequivocally_supportive,2,2,0
practically_successful,2,2,0
consciously_accessible,2,2,0
practically_suitable,2,2,0
most_soulful,2,2,0
most_soothing,2,2,0
most_sobering,2,2,0
quite_elated,2,1,1
quite_elaborate,2,2,0
slightly_relevant,2,2,0
slightly_religious,2,2,0
precisely_alive,2,2,0
consciously_hostile,2,2,0
unfairly_hard,2,2,0
precisely_commensurate,2,2,0
most_resonant,2,2,0
consciously_political,2,2,0
consciously_professional,2,2,0
quite_doomed,2,2,0
absolutely_sick,2,2,0
precisely_chronological,2,2,0
most_reprehensible,2,2,0
absolutely_sharp,2,1,1
most_remote,2,2,0
most_respectable,2,2,0
slightly_similar,2,1,1
absolutely_shameless,2,2,0
slightly_sinister,2,2,0
unduly_touchy,2,2,0
precisely_compelling,2,2,0
unduly_timid,2,2,0
slightly_sleepy,2,2,0
slightly_smarter,2,2,0
most_resourceful,2,2,0
consciously_noticeable,2,2,0
quite_dystopian,2,2,0
quite_dreamy,2,2,0
most_sanguine,2,2,0
absolutely_spectacular,2,2,0
most_salient,2,2,0
yet_long,2,2,0
most_salacious,2,2,0
slightly_scottish,2,2,0
slightly_sensitive,2,2,0
consciously_intelligent,2,2,0
slightly_shocked,2,2,0
quite_dormant,2,2,0
unduly_wary,2,2,0
absolutely_similar,2,2,0
most_right,2,2,0
unduly_warm,2,2,0
unduly_vulnerable,2,2,0
consciously_manipulative,2,2,0
most_reverent,2,2,0
most_restrictive,2,2,0
most_stalwart,2,1,1
most_steadfast,2,2,0
most_steady,2,2,0
most_unequal,2,2,0
absolutely_unhappy,2,2,0
most_universal,2,2,0
most_unimportant,2,2,0
slightly_moreso,2,2,0
quite_enticing,2,2,0
quite_enthused,2,2,0
slightly_negative,2,1,1
unfailingly_nice,2,2,0
yet_justified,2,2,0
unfailingly_sweet,2,2,0
absolutely_unbelievable,2,2,0
practically_easy,2,2,0
slightly_nicer,2,2,0
absolutely_unbearable,2,2,0
most_uncommon,2,2,0
most_unattractive,2,2,0
quite_enormous,2,2,0
slightly_observant,2,2,0
most_unsettling,2,2,0
practically_attainable,2,2,0
conceptually_solid,2,2,0
practically_able,2,2,0
completely_worthy,2,2,0
yet_invasive,2,2,0
most_vociferous,2,2,0
absolutely_unknown,2,2,0
quite_everyday,2,2,0
quite_even,2,2,0
completely_young,2,2,0
quite_ethnic,2,2,0
unfairly_difficult,2,1,1
most_upmarket,2,2,0
compulsively_tidy,2,2,0
most_verbal,2,2,0
unfairly_burdensome,2,2,0
compulsively_watchable,2,2,0
practically_alone,2,2,0
most_valiant,2,2,0
absolutely_uniform,2,2,0
most_urban,2,2,0
conceptually_brilliant,2,2,0
practically_effortless,2,2,0
practically_enforceable,2,2,0
absolutely_tender,2,2,0
conceptually_flawed,2,2,0
practically_minded,2,2,0
slightly_political,2,2,0
most_susceptible,2,2,0
absolutely_top-notch,2,2,0
slightly_practical,2,2,0
absolutely_thrilling,2,2,0
unexpectedly_high,2,2,0
slightly_preferable,2,2,0
practically_enough,2,2,0
most_substantive,2,2,0
practically_plausible,2,2,0
most_suave,2,2,0
conceptually_possible,2,2,0
most_striking,2,2,0
quite_elementary,2,2,0
conceptually_relevant,2,2,0
most_storied,2,1,1
slightly_paranoid,2,2,0
absolutely_total,2,2,0
absolutely_traditional,2,2,0
quite_enamored,2,2,0
conceptually_clear,2,2,0
absolutely_unanimous,2,2,0
practically_extinct,2,2,0
absolutely_trustworthy,2,2,0
practically_good,2,2,0
quite_endearing,2,2,0
practically_helpful,2,2,0
quite_endangered,2,2,0
most_toxic,2,2,0
most_top,2,2,0
slightly_overbearing,2,2,0
slightly_overdone,2,2,0
most_tidy,2,2,0
conceptually_distant,2,2,0
most_therapeutic,2,2,0
slightly_overrated,2,2,0
most_thankful,2,2,0
actually_trivial,2,2,0
aggressively_interested,2,2,0
rarely_effective,2,2,0
only_dismal,2,2,0
as_faulty,2,2,0
as_favorite,2,2,0
overly_festive,2,2,0
as_favourite,2,2,0
only_dispiriting,2,2,0
really_tiring,2,2,0
only_disorienting,2,2,0
overly_fierce,2,2,0
really_cut,2,2,0
really_toasty,2,2,0
as_impoverished,2,2,0
as_fictitious,2,2,0
only_disillusioned,2,2,0
really_customizable,2,2,0
as_financial,2,2,0
as_flattered,2,2,0
overly_finicky,2,2,0
as_forecast,2,2,0
as_foreseeable,2,2,0
already_official,2,2,0
already_ominous,2,2,0
as_fascist,2,2,0
visually_misleading,2,0,2
overly_fastidious,2,2,0
already_paranoid,2,2,0
very_dedicated,2,2,0
already_parallel,2,2,0
as_equivalent,2,2,0
overly_extraordinary,2,1,1
as_established,2,2,0
as_eternal,2,2,0
as_european,2,2,0
as_even-handed,2,2,0
overly_fair,2,2,0
as_existential,2,2,0
only_distrustful,2,2,0
only_distressed,2,2,0
only_distraught,2,2,0
overly_faithful,2,2,0
overly_famous,2,2,0
already_overdue,2,2,0
as_external,2,2,0
as_extremist,2,2,0
as_forward,2,2,0
really_top-notch,2,2,0
only_discouraged,2,2,0
already_non-existent,2,2,0
as_honourable,2,2,0
really_cuddly,2,2,0
as_human-like,2,2,0
really_cryptic,2,1,1
overly_forward,2,2,0
visually_powerful,2,2,0
overly_free,2,2,0
only_deranged,2,2,0
already_naked,2,2,0
overly_frightening,2,2,0
as_illustrative,2,2,0
only_denser,2,2,0
already_mature,2,2,0
already_married,2,2,0
as_immaterial,2,2,0
really_toxic,2,2,0
as_impassable,2,2,0
only_demented,2,2,0
already_mainstream,2,2,0
as_homeless,2,2,0
very_danceable,2,2,0
as_fractious,2,2,0
visually_perceptible,2,2,0
only_disciplined,2,2,0
overly_flaky,2,2,0
as_fraudulent,2,2,0
only_disadvantaged,2,2,0
already_obsolete,2,2,0
as_gendered,2,2,0
only_dim,2,2,0
as_geometric,2,2,0
as_german,2,2,0
already_obsessed,2,2,0
really_touchy,2,2,0
only_dictatorial,2,2,0
only_dicey,2,2,0
as_gothic,2,2,0
only_devoted,2,2,0
as_greater,2,2,0
as_greek,2,2,0
overly_fluffy,2,2,0
as_harder,2,2,0
overly_expansive,2,2,0
really_damp,2,2,0
as_english,2,2,0
as_communal,2,2,0
overly_distressing,2,2,0
as_complicit,2,2,0
as_compulsory,2,2,0
as_conditional,2,2,0
as_consensual,2,2,0
as_contemptible,2,2,0
as_contented,2,2,0
already_responsive,2,2,0
as_cosmetic,2,2,0
only_emphatic,2,2,0
only_empathic,2,2,0
overly_draconian,2,2,0
overly_drastic,2,2,0
as_cultural,2,2,0
overly_drinkable,2,2,0
overly_drunk,2,2,0
overly_dumb,2,2,0
already_remarkable,2,2,0
as_dejected,2,2,0
only_enforceable,2,2,0
overly_distraught,2,2,0
only_electrifying,2,2,0
as_commensurate,2,2,0
really_thematic,2,2,0
overly_disagreeable,2,2,0
already_sceptical,2,2,0
overly_discerning,2,2,0
very_devastating,2,2,0
only_erratic,2,2,0
as_cheaper,2,1,1
overly_discouraged,2,2,0
as_chill,2,2,0
very_detectable,2,2,0
visually_great,2,2,0
really_demeaning,2,2,0
really_demanding,2,0,2
already_safe,2,2,0
as_coachable,2,2,0
visually_gripping,2,2,0
already_rough,2,1,1
as_comic,2,2,0
only_enigmatic,2,2,0
as_delirious,2,2,0
already_relaxed,2,2,0
overly_existential,2,1,1
as_dissonant,2,2,0
visually_intuitive,2,2,0
as_divisible,2,2,0
only_dusty,2,2,0
only_dumbfounded,2,2,0
as_drowsy,2,2,0
very_deft,2,2,0
already_political,2,2,0
overly_essential,2,2,0
as_electronic,2,2,0
only_drier,2,2,0
as_eligible,2,2,0
only_dreadful,2,2,0
only_drastic,2,2,0
really_daring,2,2,0
as_eminent,2,2,0
only_drab,2,2,0
as_energized,2,2,0
overly_excitable,2,2,0
overly_exclusive,2,2,0
as_distorted,2,2,0
already_pro-life,2,2,0
really_defensive,2,2,0
only_east,2,2,0
as_destabilizing,2,2,0
only_elated,2,2,0
only_elastic,2,2,0
already_redundant,2,2,0
as_disabled,2,2,0
as_disagreeable,2,2,0
as_discouraged,2,2,0
already_rare,2,1,1
overly_elated,2,2,0
overly_emotive,2,2,0
as_disgruntled,2,2,0
only_edgy,2,2,0
as_disheartened,2,2,0
as_disheveled,2,2,0
already_prone,2,2,0
as_disordered,2,2,0
as_disoriented,2,2,0
already_prominent,2,2,0
as_displeased,2,2,0
already_magical,2,2,0
as_improper,2,2,0
overly_nasty,2,2,0
already_fantastic,2,2,0
only_communist,2,2,0
only_communicative,2,2,0
already_fierce,2,2,0
as_petite,2,2,0
already_fat,2,2,0
already_fast,2,2,0
overly_linear,2,2,0
really_concentrated,2,2,0
as_polluted,2,2,0
as_pornographic,2,2,0
as_inadequate,2,2,0
only_comedic,2,2,0
overly_literary,2,2,0
only_combustible,2,2,0
really_un-american,2,2,0
overly_little,2,2,0
already_extant,2,2,0
already_explicit,2,2,0
overly_lucky,2,2,0
already_existent,2,2,0
overly_laden,2,2,0
as_patronizing,2,2,0
as_patriarchal,2,2,0
as_pathological,2,2,0
already_gross,2,2,0
as_ornamental,2,2,0
as_other,2,2,0
only_configurable,2,2,0
vividly_apparent,2,2,0
very_contrite,2,2,0
only_concrete,2,2,0
as_overdue,2,2,0
already_glamorous,2,2,0
as_oversized,2,2,0
really_consensual,2,2,0
as_overworked,2,2,0
as_pagan,2,2,0
as_pain-free,2,2,0
already_frequent,2,2,0
already_frazzled,2,2,0
overly_jumpy,2,2,0
overly_juvenile,2,2,0
already_flexible,2,2,0
vocally_critical,2,2,0
already_excellent,2,2,0
as_pro,2,2,0
really_unattractive,2,2,0
really_communicative,2,2,0
vocally_outstanding,2,2,0
already_double,2,2,0
overly_mischievous,2,2,0
already_dominant,2,2,0
really_unbalanced,2,2,0
already_diverse,2,2,0
only_chunky,2,2,0
really_comical,2,2,0
really_unbearable,2,2,0
only_chronic,2,2,0
very_congruent,2,2,0
really_unbeatable,2,2,0
really_comedic,2,2,0
very_confidential,2,2,0
really_combustible,2,1,1
overly_murky,2,2,0
as_risk-free,2,2,0
really_collectible,2,2,0
only_civilian,2,2,0
overly_metaphorical,2,2,0
overly_macho,2,2,0
overly_metallic,2,2,0
as_pro-business,2,2,0
only_cogent,2,2,0
overly_major,2,0,2
already_ethical,2,2,0
already_enormous,2,2,0
as_programmable,2,2,0
only_cloudy,2,2,0
overly_matte,2,2,0
really_unattainable,2,2,0
vocally_impressive,2,2,0
as_proportional,2,2,0
as_proprietary,2,2,0
as_protracted,2,2,0
overly_medical,2,2,0
already_electronic,2,2,0
as_puzzled,2,2,0
overly_mental,2,2,0
as_ragged,2,2,0
as_real-time,2,2,0
as_operational,2,2,0
as_operatic,2,2,0
as_older,2,2,0
as_irish,2,2,0
as_islamic,2,2,0
only_damp,2,2,0
overly_grumpy,2,2,0
really_transient,2,2,0
as_justified,2,2,0
as_kid-friendly,2,2,0
only_cutesy,2,2,0
as_known,2,2,0
as_lacklustre,2,2,0
really_cranky,2,2,0
as_laden,2,2,0
as_laudable,2,2,0
as_left-leaning,2,2,0
very_crumbly,2,2,0
really_countless,2,2,0
overly_heartbroken,2,2,0
really_cosy,2,2,0
already_intense,2,2,0
overly_hilarious,2,0,2
already_keen,2,2,0
overly_grim,2,2,0
already_insufferable,2,2,0
as_internal,2,2,0
as_inconceivable,2,2,0
as_inconclusive,2,2,0
as_incredulous,2,2,0
only_dehydrated,2,2,0
only_deft,2,2,0
already_luxurious,2,2,0
as_indian,2,2,0
as_indigenous,2,2,0
overly_gifted,2,2,0
as_indistinguishable,2,1,1
as_individualized,2,2,0
overly_gloomy,2,1,1
visually_sexy,2,1,1
overly_gorgeous,2,2,0
as_insincere,2,2,0
very_cunning,2,2,0
visually_shocking,2,2,0
as_interdisciplinary,2,2,0
visually_similar,2,2,0
as_lukewarm,2,2,0
overly_hokey,2,2,0
as_occasional,2,2,0
already_hostile,2,2,0
as_mournful,2,2,0
as_muddled,2,2,0
overly_immersive,2,2,0
as_multiple,2,2,0
only_corny,2,2,0
overly_impactful,2,2,0
only_cordial,2,2,0
overly_inclusive,2,2,0
overly_inconvenient,2,2,0
overly_incredible,2,2,0
as_nocturnal,2,2,0
only_content,2,2,0
really_continuous,2,2,0
as_non-violent,2,2,0
really_contemporary,2,2,0
overly_injurious,2,2,0
overly_insane,2,2,0
as_nondescript,2,2,0
as_nonpartisan,2,2,0
already_horrifying,2,2,0
already_hungry,2,2,0
as_malignant,2,2,0
already_iconic,2,2,0
really_cost,2,2,0
as_married,2,2,0
already_incredible,2,2,0
as_medical,2,2,0
really_treacherous,2,2,0
only_creditable,2,2,0
really_cosmetic,2,2,0
overly_horrific,2,2,0
as_meditative,2,2,0
as_melancholic,2,2,0
only_cranky,2,2,0
already_inclined,2,2,0
only_cramped,2,2,0
already_impossible,2,2,0
only_crafty,2,2,0
as_meritorious,2,2,0
as_mexican,2,2,0
really_tribal,2,2,0
visually_uninteresting,2,2,0
visually_fun,2,1,1
overly_devout,2,2,0
really_territorial,2,2,0
only_homegrown,2,2,0
really_divine,2,2,0
apparently_supreme,2,0,2
very_foolish,2,2,0
overly_biblical,2,2,0
very_flirty,2,2,0
only_homogenous,2,2,0
also_attractive,2,2,0
overly_blessed,2,2,0
really_subversive,2,2,0
overly_bloated,2,2,0
overly_devoted,2,2,0
very_fixable,2,2,0
also_appealing,2,2,0
very_fishy,2,1,1
only_hispanic,2,2,0
also_annoying,2,2,0
overly_bored,2,2,0
only_hindu,2,2,0
overly_brash,2,2,0
overly_breezy,2,2,0
really_dizzy,2,1,1
very_formulaic,2,2,0
apparently_smart,2,2,0
apparently_serious,2,1,1
really_dominate,2,2,0
apparently_incapable,2,2,0
very_funky,2,2,0
very_fundamental,2,2,0
also_black,2,2,0
apparently_minor,2,2,0
only_hypothetical,2,2,0
apparently_necessary,2,2,0
only_hyperbolic,2,2,0
only_hyperactive,2,2,0
only_hybrid,2,2,0
very_frustrated,2,2,0
very_frosty,2,2,0
apparently_possible,2,2,0
apparently_present,2,2,0
apparently_prone,2,2,0
apparently_relevant,2,2,0
apparently_religious,2,2,0
apparently_responsible,2,2,0
appreciably_inferior,2,2,0
only_hierarchical,2,2,0
appreciably_lighter,2,2,0
overly_campy,2,2,0
very_eye-opening,2,2,0
appropriately_loyal,2,2,0
appropriately_masculine,2,2,0
visually_clean,2,2,0
very_exuberant,2,2,0
appropriately_patriotic,2,2,0
appropriately_related,2,2,0
appropriately_representative,2,2,0
appropriately_respectful,2,2,0
only_handicapped,2,2,0
overly_catchy,2,2,0
appropriately_responsive,2,2,0
visually_clear,2,2,0
really_super,2,2,0
overly_certain,2,2,0
only_grumpy,2,2,0
overly_chaotic,2,2,0
appropriately_skeptical,2,2,0
very_exploitable,2,2,0
also_admirable,2,2,0
appropriately_dramatic,2,2,0
only_heterogeneous,2,2,0
only_harsher,2,2,0
appreciably_longer,2,2,0
also_amenable,2,2,0
appreciably_shorter,2,1,1
only_hellish,2,2,0
overly_brittle,2,2,0
very_female,2,2,0
visually_breathtaking,2,2,0
visually_brilliant,2,2,0
also_allergic,2,2,0
very_fearsome,2,2,0
appreciably_weaker,2,2,0
appropriately_appreciative,2,2,0
appropriately_attentive,2,2,0
very_fastest,2,1,1
overly_businesslike,2,2,0
appropriately_conservative,2,2,0
only_hazy,2,2,0
also_advantageous,2,2,0
really_dissatisfied,2,2,0
also_bothersome,2,2,0
also_breathable,2,2,0
very_germane,2,2,0
also_complex,2,2,0
only_indignant,2,2,0
very_humanoid,2,2,0
only_indie,2,2,0
anyway_deserving,2,2,0
very_humanistic,2,2,0
only_indestructible,2,2,0
only_indescribable,2,2,0
anyway_fair,2,2,0
anyway_good,2,2,0
only_incurable,2,2,0
overly_agile,2,2,0
really_structural,2,2,0
visually_adventurous,2,2,0
really_driven,2,2,0
very_homogeneous,2,2,0
anyway_involved,2,2,0
anyway_lawful,2,2,0
anyway_liable,2,2,0
only_inconspicuous,2,2,0
only_indirect,2,2,0
very_hydrated,2,2,0
only_incongruous,2,2,0
only_indulgent,2,2,0
very_illustrious,2,2,0
also_convenient,2,2,0
overly_accustomed,2,2,0
only_informed,2,2,0
anymore_transparent,2,2,0
very_illegible,2,2,0
anymore_unknown,2,2,0
really_stringent,2,2,0
also_considerable,2,2,0
anymore_useable,2,2,0
very_idyllic,2,2,0
very_identical,2,2,0
anymore_worried,2,2,0
very_icy,2,2,0
anyway_able,2,2,0
very_hypothetical,2,2,0
anyway_accurate,2,2,0
very_hypocritical,2,2,0
only_industrious,2,2,0
only_inconsequential,2,2,0
very_homemade,2,2,0
apparently_higher,2,2,0
overly_apprehensive,2,2,0
overly_armed,2,2,0
visually_appetizing,2,2,0
only_immobile,2,2,0
also_busy,2,2,0
apparently_capable,2,2,0
really_double,2,2,0
only_imbalanced,2,2,0
overly_artificial,2,2,0
apparently_easy,2,2,0
apparently_effective,2,2,0
only_illustrative,2,2,0
overly_artsy,2,2,0
visually_appropriate,2,2,0
really_dormant,2,2,0
apparently_false,2,1,1
apparently_familiar,2,2,0
only_illiquid,2,2,0
very_gloomy,2,2,0
apparently_good,2,2,0
apparently_afraid,2,2,0
overly_appreciative,2,2,0
also_coincidental,2,2,0
only_impenetrable,2,2,0
very_historic,2,2,0
very_high-profile,2,2,0
only_incisive,2,2,0
overly_ambiguous,2,2,0
anyway_reflective,2,2,0
also_cluttered,2,2,0
only_inactive,2,2,0
also_closer,2,2,0
anyway_true,2,2,0
also_christian,2,2,0
anyway_unique,2,2,0
very_heartfelt,2,2,0
very_heady,2,2,0
also_chilly,2,2,0
also_characteristic,2,2,0
very_hateful,2,2,0
also_central,2,2,0
overly_applicable,2,2,0
appallingly_easy,2,2,0
overly_charitable,2,2,0
appropriately_trained,2,2,0
very_expedient,2,2,0
artistically_superior,2,2,0
very_discriminatory,2,2,0
artistically_viable,2,2,0
as_absorbing,2,2,0
only_favourite,2,2,0
only_favourable,2,2,0
only_favorite,2,2,0
as_acclaimed,2,2,0
only_fatigued,2,2,0
already_ugly,2,2,0
very_discouraging,2,2,0
very_discouraged,2,2,0
already_tolerant,2,2,0
already_tight,2,2,0
overly_crafty,2,2,0
overly_cranky,2,2,0
really_devout,2,2,0
already_tempting,2,2,0
overly_credible,2,2,0
already_tame,2,2,0
very_dishonest,2,2,0
only_ferocious,2,2,0
really_devoid,2,2,0
overly_contentious,2,2,0
already_unionized,2,2,0
very_docile,2,2,0
visually_desirable,2,2,0
very_divisive,2,2,0
very_divisible,2,2,0
already_unhappy,2,2,0
only_fixable,2,2,0
already_underwater,2,2,0
very_diversified,2,2,0
artistically_minded,2,2,0
only_firmer,2,2,0
very_distressing,2,2,0
only_finer,2,2,0
very_distressed,2,2,0
artistically_offensive,2,2,0
artistically_pleasing,2,2,0
artistically_productive,2,2,0
very_dissatisfied,2,2,0
overly_constructive,2,1,1
already_sweet,2,2,0
really_developed,2,2,0
overly_concentrated,2,2,0
only_exploitable,2,2,0
already_smooth,2,2,0
overly_deliberate,2,2,0
visually_extreme,2,2,0
as_bashful,2,2,0
as_beatable,2,2,0
already_skinny,2,2,0
only_existent,2,2,0
as_bigger,2,2,0
overly_dependant,2,2,0
as_binding,2,2,0
already_short,2,2,0
as_biological,2,2,0
already_sexy,2,2,0
overly_desirable,2,2,0
already_severe,2,2,0
as_bogus,2,1,1
as_bohemian,2,2,0
only_exasperating,2,2,0
overly_deterministic,2,2,0
already_special,2,2,0
as_autocratic,2,2,0
already_surreal,2,2,0
really_terrific,2,2,0
only_fanatical,2,2,0
already_supportive,2,2,0
as_anecdotal,2,2,0
as_angled,2,2,0
as_anti-gay,2,2,0
already_such,2,2,0
visually_entertaining,2,2,0
already_stupid,2,2,0
visually_exceptional,2,2,0
only_exuberant,2,2,0
only_extremist,2,2,0
overly_damp,2,2,0
as_architectural,2,2,0
overly_dazzling,2,1,1
as_armed,2,2,0
only_extinct,2,2,0
already_spicy,2,2,0
overly_debilitating,2,2,0
as_australian,2,2,0
already_unique,2,2,0
only_flush,2,2,0
approximately_equal,2,2,0
architecturally_distinct,2,2,0
very_enthralling,2,2,0
architecturally_important,2,2,0
architecturally_impressive,2,2,0
only_gloomy,2,2,0
very_enriching,2,2,0
very_enough,2,2,0
architecturally_pleasing,2,2,0
already_wrong,2,2,0
architecturally_ready,2,2,0
architecturally_remarkable,2,1,1
architecturally_sound,2,2,0
overly_claustrophobic,2,2,0
architecturally_stunning,2,2,0
arguably_better,2,2,0
already_worth,2,2,0
visually_compatible,2,2,0
arguably_different,2,1,1
really_suspenseful,2,2,0
very_enamoured,2,2,0
really_disheartening,2,2,0
already_young,2,2,0
already_wise,2,2,0
only_gory,2,2,0
only_gritty,2,2,0
only_gripping,2,2,0
only_grievous,2,2,0
also_accountable,2,2,0
only_gregarious,2,2,0
very_exemplary,2,2,0
approximately_true,2,2,0
arbitrarily_discriminatory,2,2,0
very_even-handed,2,2,0
very_euphoric,2,2,0
very_ethnic,2,2,0
only_grave,2,2,0
very_erudite,2,2,0
architecturally_agnostic,2,2,0
really_supreme,2,2,0
visually_comfortable,2,2,0
only_grainy,2,2,0
very_equivalent,2,2,0
also_absurd,2,2,0
arguably_illegal,2,2,0
arguably_racist,2,1,1
only_flustered,2,2,0
artificially_expensive,2,2,0
only_fourth,2,2,0
very_easier,2,2,0
very_earthy,2,2,0
very_earnest,2,2,0
artificially_manipulative,2,0,2
very_dumb,2,2,0
very_dubious,2,2,0
overly_compassionate,2,2,0
already_upset,2,2,0
already_unwelcome,2,2,0
artistically_backward,2,2,0
artistically_beneficial,2,2,0
really_disagreeable,2,1,1
already_unusual,2,2,0
overly_complementary,2,2,0
really_disabled,2,2,0
very_draconian,2,2,0
very_down,2,1,1
artistically_creative,2,2,0
visually_consistent,2,2,0
artificially_cheap,2,2,0
visually_complex,2,2,0
already_vocal,2,2,0
very_eligible,2,2,0
overly_clunky,2,2,0
arguably_worse,2,2,0
very_electric,2,2,0
only_fuller,2,2,0
arguably_wrong,2,0,2
very_electable,2,2,0
already_wary,2,2,0
overly_colourful,2,2,0
around_bad,2,2,0
around_big,2,1,1
very_egregious,2,2,0
very_egotistical,2,2,0
only_frightful,2,2,0
visually_confusing,2,2,0
only_friendlier,2,2,0
around_related,2,2,0
already_vulnerable,2,2,0
artificially_aged,2,2,0
as_safer,2,2,0
overly_nerdy,2,2,0
awesomely_powerful,2,2,0
overtly_bloody,2,2,0
often_sharp,2,2,0
often_sexy,2,2,0
overtly_bigoted,2,2,0
often_sexual,2,2,0
automatically_interesting,2,2,0
realy_noticeable,2,2,0
overtly_bitter,2,2,0
often_self-evident,2,2,0
all_useable,2,2,0
often_secret,2,2,0
often_pleased,2,2,0
often_secondary,2,2,0
really_apocalyptic,2,2,0
all_usable,2,2,0
all_urban,2,2,0
really_antithetical,2,2,0
overtly_buttery,2,2,0
overtly_catholic,2,2,0
overtly_cerebral,2,1,1
automatically_intuitive,2,2,0
often_shocked,2,2,0
often_short,2,2,0
all_vague,2,2,0
all_viable,2,2,0
often_stressful,2,2,0
really_arab,2,2,0
very_amazed,2,2,0
well_readable,2,2,0
really_apropos,2,2,0
often_steady,2,2,0
often_static,2,2,0
automatically_ineligible,2,2,0
really_approximate,2,2,0
often_specific,2,2,0
often_sober,2,2,0
often_smooth,2,2,0
often_smart,2,2,0
all_vile,2,2,0
often_slow,2,2,0
automatically_inferior,2,2,0
automatically_innocent,2,2,0
often_silly,2,2,0
realy_important,2,2,0
realy_true,2,2,0
very_alone,2,2,0
very_allergic,2,2,0
very_alcoholic,2,2,0
really_amiable,2,2,0
all_unlocked,2,2,0
overtly_conscious,2,2,0
overtly_conspicuous,2,2,0
often_profitable,2,2,0
really_amazed,2,2,0
automatically_negative,2,2,0
very_agitated,2,2,0
really_amateur,2,2,0
automatically_objectionable,2,2,0
overtly_crass,2,2,0
all_unimportant,2,2,0
often_potential,2,2,0
overtly_criminal,2,1,1
all_unfriendly,2,2,0
overtly_damaging,2,2,0
very_aged,2,2,0
often_popular,2,2,0
reasonably_comfortable,2,2,0
often_proud,2,2,0
often_public,2,2,0
often_repeatable,2,2,0
all_unrealistic,2,2,0
all_untrue,2,2,0
often_reliable,2,2,0
really_anomalous,2,2,0
overtly_coercive,2,2,0
all_unsympathetic,2,2,0
automatically_legitimate,2,2,0
really_ancient,2,2,0
reasonably_adequate,2,2,0
automatically_lethal,2,2,0
overtly_comfortable,2,2,0
reasonably_anticipated,2,2,0
often_real,2,2,0
overtly_comic,2,1,1
overtly_comical,2,2,0
all_unsafe,2,2,0
reasonably_applicable,2,2,0
automatically_liberal,2,2,0
often_rare,2,2,0
often_quiet,2,2,0
often_strong,2,2,0
really_arousing,2,2,0
realy_close,2,2,0
on_social,2,2,0
really_victorious,2,2,0
really_vile,2,2,0
overly_wary,2,2,0
really_viral,2,2,0
very_aspirational,2,2,0
allegedly_responsible,2,1,1
allegedly_involved,2,1,1
allegedly_interested,2,2,0
well_other,2,0,2
often_young,2,2,0
overly_white,2,2,0
very_artificial,2,2,0
automatically_dangerous,2,2,0
often_worried,2,2,0
automatically_dead,2,2,0
really_wasteful,2,2,0
well_poor,2,2,0
really_atypical,2,2,0
often_warm,2,2,0
almost_able,2,2,0
almost_absent,2,2,0
automatically_disastrous,2,2,0
overly_volatile,2,2,0
once_condescending,2,2,0
overly_unruly,2,2,0
overly_upbeat,2,1,1
well_most,2,2,0
well_narrow,2,2,0
almost_bare,2,2,0
really_verifiable,2,2,0
very_audacious,2,2,0
very_atypical,2,2,0
once_available,2,2,0
almost_bankrupt,2,2,0
automatically_british,2,2,0
overly_versatile,2,2,0
very_atmospheric,2,2,0
once_accurate,2,2,0
automatically_clear,2,2,0
overly_vicious,2,2,0
once_absent,2,2,0
really_authoritative,2,2,0
really_attuned,2,2,0
very_apropos,2,2,0
often_suitable,2,2,0
often_truthful,2,2,0
overtly_academic,2,2,0
often_tragic,2,2,0
really_worrisome,2,1,1
well_pricey,2,2,0
often_top,2,2,0
very_analogous,2,2,0
overtly_affectionate,2,2,0
all_wearable,2,2,0
overtly_alarming,2,1,1
all_vulgar,2,2,0
overtly_american,2,2,0
automatically_hard,2,2,0
automatically_hazardous,2,2,0
really_arrogant,2,1,1
really_younger,2,2,0
very_ample,2,2,0
really_zero,2,2,0
often_supportive,2,2,0
overtly_anti-american,2,2,0
often_transparent,2,2,0
automatically_forthcoming,2,2,0
automatically_dismissive,2,2,0
often_unaware,2,2,0
automatically_effective,2,2,0
automatically_entertaining,2,1,1
really_well-known,2,1,1
all_wobbly,2,2,0
automatically_equal,2,2,0
automatically_equivalent,2,2,0
often_unsafe,2,2,0
automatically_exclusive,2,2,0
often_unnecessary,2,2,0
all_wistful,2,2,0
automatically_fair,2,2,0
all_wild,2,2,0
very_anti-semitic,2,2,0
really_winnable,2,2,0
really_wireless,2,2,0
very_annoyed,2,2,0
really_wishful,2,2,0
often_uncomfortable,2,2,0
often_unclear,2,2,0
overtly_dangerous,2,2,0
overtly_dark,2,2,0
as_scottish,2,2,0
well_undesirable,2,2,0
often_essential,2,2,0
well_understandable,2,2,0
often_eligible,2,2,0
away_noticeable,2,2,0
away_obtainable,2,2,0
all_tame,2,2,0
often_dramatic,2,1,1
often_dominant,2,2,0
realistically_viable,2,2,0
overtly_important,2,2,0
automatically_ok,2,2,0
recently_ill,2,2,0
overtly_impressive,2,2,0
recently_new,2,2,0
realistically_true,2,2,0
often_detectable,2,2,0
recently_popular,2,2,0
often_dependent,2,2,0
recently_pregnant,2,2,0
well_uninteresting,2,2,0
all_tasteless,2,2,0
often_exciting,2,2,0
often_explicit,2,2,0
all_technological,2,2,0
reasonably_straightforward,2,2,0
verbally_violent,2,2,0
reasonably_successful,2,2,0
well_troublesome,2,2,0
overtly_hazardous,2,2,0
often_frequent,2,2,0
automatically_worthy,2,2,0
often_fond,2,2,0
often_foggy,2,2,0
often_flexible,2,2,0
away_clean,2,2,0
often_fine,2,2,0
overtly_heroic,2,2,0
often_fearful,2,2,0
really_above,2,2,0
reasonably_true,2,2,0
often_fast,2,2,0
reasonably_visible,2,2,0
often_familiar,2,2,0
often_curable,2,2,0
all_symbolic,2,2,0
overtly_intrusive,2,2,0
often_cheaper,2,2,0
verbally_eloquent,2,2,0
often_calm,2,2,0
often_busy,2,2,0
often_brilliant,2,2,0
often_bored,2,2,0
awesomely_good,2,2,0
recognizably_southern,2,2,0
recognizably_talented,2,2,0
often_beneficial,2,2,0
realistically_enforceable,2,2,0
often_believable,2,2,0
often_beautiful,2,2,0
often_audible,2,2,0
often_attractive,2,2,0
realistically_embarrassing,2,2,0
often_arbitrary,2,1,1
often_applicable,2,2,0
often_anxious,2,2,0
all_suicidal,2,2,0
often_cheap,2,2,0
all_superhuman,2,2,0
overtly_involved,2,2,0
recognizably_familiar,2,2,0
recklessly_ambitious,2,2,0
overtly_ironic,2,1,1
often_critical,2,2,0
often_controversial,2,2,0
overtly_islamic,2,1,1
realistically_quantifiable,2,2,0
all_swollen,2,2,0
well_unknown,2,2,0
recklessly_irresponsible,2,2,0
recognizably_american,2,2,0
often_conceivable,2,2,0
often_complimentary,2,2,0
often_complete,2,2,0
verbally_fluent,2,2,0
overtly_long,2,2,0
often_cold,2,2,0
realistically_likely,2,2,0
often_close,2,2,0
overtly_malevolent,2,2,0
overtly_harsh,2,1,1
overtly_hard,2,2,0
really_absorbent,2,2,0
well_small,2,2,0
overtly_egregious,2,2,0
all_unattractive,2,2,0
all_unattainable,2,2,0
automatically_refreshing,2,2,0
often_malicious,2,2,0
often_lower,2,2,0
all_unanimous,2,2,0
often_low,2,2,0
automatically_related,2,2,0
really_aesthetic,2,2,0
well_straightforward,2,2,0
overtly_enthusiastic,2,2,0
really_adversarial,2,1,1
well_strong,2,2,0
reasonably_healthy,2,2,0
reasonably_high,2,2,0
automatically_relevant,2,2,0
often_legal,2,2,0
all_trivial,2,2,0
well_smaller,2,2,0
really_agricultural,2,2,0
overtly_excited,2,2,0
overtly_distracting,2,1,1
overtly_defensive,2,2,0
very_african,2,2,0
overtly_defiant,2,2,0
often_peaceful,2,2,0
overtly_dependent,2,2,0
automatically_permanent,2,2,0
overtly_depressing,2,2,0
reasonably_controllable,2,2,0
overtly_derivative,2,2,0
often_original,2,2,0
often_offensive,2,2,0
really_alert,2,2,0
overtly_devout,2,2,0
automatically_pornographic,2,2,0
often_nice,2,2,0
really_airy,2,2,0
automatically_privileged,2,2,0
automatically_privy,2,2,0
reasonably_discoverable,2,2,0
often_late,2,2,0
all_triumphant,2,2,0
often_fun,2,2,0
very_abusive,2,2,0
often_human,2,2,0
really_actual,2,2,0
all_touristy,2,2,0
often_hot,2,2,0
reasonably_qualified,2,2,0
often_hilarious,2,2,0
all_tidy,2,2,0
all_thrilling,2,2,0
automatically_unconstitutional,2,2,0
overtly_fruity,2,2,0
all_territorial,2,2,0
very_absolute,2,2,0
well_tight,2,2,0
often_harmful,2,2,0
automatically_valid,2,2,0
overtly_goofy,2,2,0
often_great,2,2,0
reasonably_similar,2,2,0
often_funny,2,2,0
often_humorous,2,2,0
overtly_fast,2,2,0
reasonably_interchangeable,2,2,0
all_trashy,2,2,0
automatically_searchable,2,2,0
reasonably_justified,2,2,0
very_acrobatic,2,2,0
overtly_extraordinary,2,0,2
well_structured,2,2,0
automatically_skilled,2,2,0
reasonably_obtainable,2,2,0
reasonably_open,2,2,0
all_traumatic,2,2,0
automatically_strong,2,2,0
often_indicative,2,2,0
automatically_sufficient,2,2,0
automatically_suitable,2,2,0
really_adjustable,2,2,0
overtly_fantastical,2,1,1
automatically_supportive,2,2,0
often_inaccurate,2,2,0
automatically_suspect,2,2,0
reasonably_prompt,2,2,0
well_lousy,2,2,0
really_vain,2,2,0
overly_unlucky,2,2,0
alot_bigger,2,2,0
way_younger,2,2,0
overly_rare,2,2,0
as_underrepresented,2,2,0
as_understaffed,2,2,0
already_acceptable,2,2,0
only_banal,2,2,0
overly_raucous,2,2,0
already_absurd,2,2,0
overly_red,2,2,0
overly_regimented,2,2,0
really_badass,2,2,0
overly_regretful,2,2,0
very_clumsy,2,2,0
really_celebrated,2,2,0
along_much,2,2,0
as_unemployed,2,2,0
overly_reliable,2,2,0
alone_unhappy,2,2,0
as_unfeasible,2,2,0
as_unfinished,2,2,0
overly_random,2,2,0
only_barren,2,2,0
way_wrong,2,2,0
very_cocky,2,2,0
already_anxious,2,2,0
really_childish,2,2,0
as_un-american,2,2,0
as_unaccountable,2,2,0
as_unapologetic,2,2,0
only_biased,2,2,0
already_american,2,2,0
only_bewildered,2,2,0
really_chatty,2,2,0
already_allergic,2,2,0
as_unconcerned,2,2,0
only_bent,2,2,0
as_unconnected,2,2,0
only_benevolent,2,2,0
as_unconscious,2,2,0
only_belligerent,2,2,0
overly_puzzling,2,2,0
really_charitable,2,2,0
really_chaotic,2,2,0
alone_red,2,2,0
overly_revolutionary,2,0,2
as_unflattering,2,2,0
as_uninteresting,2,2,0
almost_zero,2,2,0
overly_sectarian,2,2,0
well_bothersome,2,2,0
overly_self-critical,2,2,0
overly_sensible,2,2,0
really_broken,2,2,0
overly_set,2,2,0
as_unprofessional,2,2,0
as_unprofitable,2,2,0
very_circular,2,2,0
really_broadcast,2,2,0
well_challenging,2,2,0
really_underway,2,2,0
really_broad,2,2,0
almost_universal,2,2,0
only_arousing,2,2,0
only_aromatic,2,2,0
almost_unimportant,2,2,0
almost_unattainable,2,1,1
only_astronomical,2,2,0
really_buddhist,2,2,0
only_autobiographical,2,2,0
overly_scared,2,2,0
overly_risque,2,1,1
alone_likely,2,1,1
overly_roomy,2,2,0
very_clingy,2,2,0
really_campy,2,2,0
very_cliche,2,2,0
alone_good,2,2,0
overly_rugged,2,2,0
overly_rustic,2,2,0
alone_courageous,2,2,0
as_unimpressed,2,2,0
overly_sadistic,2,2,0
overly_salacious,2,0,2
as_uninspiring,2,1,1
overly_sanitary,2,2,0
well_attuned,2,2,0
overly_savvy,2,2,0
well_awake,2,2,0
as_uninterested,2,2,0
overly_prohibitive,2,2,0
overly_proficient,2,2,0
really_uncool,2,2,0
already_cranky,2,2,0
as_several,2,2,0
as_sex,2,2,0
really_uncertain,2,2,0
as_shadowy,2,2,0
only_cancerous,2,2,0
already_costly,2,2,0
already_convinced,2,2,0
only_campy,2,2,0
as_simpler,2,2,0
way_different,2,2,0
overly_outlandish,2,2,0
only_busier,2,2,0
already_conscious,2,2,0
really_cliched,2,2,0
already_confusing,2,2,0
as_solvable,2,2,0
as_sorrowful,2,2,0
way_easy,2,2,0
as_sought-after,2,2,0
only_captive,2,2,0
as_set,2,2,0
as_spanish,2,2,0
way_bigger,2,2,0
as_scrappy,2,2,0
overly_newsworthy,2,2,0
only_changeable,2,2,0
warmly_clad,2,1,1
only_ceremonial,2,2,0
overly_notable,2,0,2
overly_noteworthy,2,2,0
as_self-destructive,2,2,0
only_cause,2,2,0
only_caucasian,2,2,0
already_dedicated,2,2,0
overly_novel,2,2,0
really_collaborative,2,2,0
as_sensuous,2,2,0
overly_nutty,2,2,0
really_coincidental,2,2,0
as_sentient,2,2,0
only_carnal,2,2,0
already_critical,2,2,0
overly_partial,2,2,0
overly_passive,2,2,0
overly_profane,2,2,0
already_catholic,2,2,0
overly_polluted,2,2,0
only_bolder,2,2,0
as_targeted,2,2,0
already_brown,2,2,0
overly_posh,2,2,0
overly_possessive,2,2,0
only_blunt,2,2,0
already_bright,2,2,0
already_blue,2,2,0
only_blessed,2,2,0
overly_predictive,2,2,0
way_less,2,1,1
really_chronological,2,2,0
already_bizarre,2,2,0
already_bigger,2,2,0
overly_prevalent,2,2,0
as_touted,2,2,0
way_overdue,2,2,0
already_athletic,2,2,0
already_cartoonish,2,2,0
as_synthetic,2,2,0
overly_perceptive,2,2,0
only_brash,2,2,0
as_specious,2,2,0
only_brittle,2,2,0
really_clear-cut,2,2,0
as_statistical,2,2,0
overly_persistent,2,2,0
overly_personable,2,2,0
as_structural,2,2,0
overly_persuasive,2,2,0
really_cleaner,2,2,0
overly_photogenic,2,2,0
only_breezy,2,2,0
already_classic,2,2,0
way_harder,2,2,0
already_chaotic,2,2,0
already_challenging,2,2,0
overly_pleasing,2,2,0
really_uncomplicated,2,2,0
as_symptomatic,2,2,0
overly_plush,2,2,0
as_unsatisfactory,2,2,0
very_choppy,2,2,0
well_close,2,2,0
very_beloved,2,2,0
very_bellicose,2,2,0
online_specific,2,2,0
really_unimportant,2,2,0
online_much,2,2,0
overly_tender,2,2,0
authentically_irish,2,2,0
overly_terrified,2,2,0
really_unlikely,2,2,0
very_bearish,2,2,0
overly_territorial,2,2,0
really_unmanageable,2,2,0
authentically_jewish,2,2,0
really_unobtrusive,2,2,0
overly_theoretical,2,2,0
almost_good,2,2,0
almost_giddy,2,2,0
authentically_latino,2,2,0
once_sober,2,2,0
very_bashful,2,2,0
only_3d,2,2,0
really_binary,2,2,0
overly_thrilling,2,2,0
authentically_french,2,2,0
almost_instantaneous,2,2,0
well_frustrating,2,2,0
really_bittersweet,2,2,0
only_addicted,2,2,0
very_bloated,2,2,0
overly_tactful,2,2,0
well_fussy,2,2,0
authentically_asian,2,2,0
authentically_atheist,2,2,0
very_biodiverse,2,2,0
only_acclaimed,2,2,0
very_biodegradable,2,2,0
very_biggest,2,2,0
authentically_conservative,2,2,0
really_bipartisan,2,2,0
overly_tangy,2,2,0
very_bent,2,2,0
well_good,2,2,0
very_benign,2,2,0
once_sick,2,2,0
once_scary,2,2,0
athletically_active,2,2,0
almost_disappointed,2,2,0
really_upbeat,2,2,0
very_baggy,2,2,0
almost_destitute,2,2,0
overly_truthful,2,2,0
once_good,2,2,0
overly_ugly,2,2,0
really_bare,2,2,0
very_awful,2,2,0
automatically_absurd,2,2,0
automatically_accurate,2,2,0
once_familiar,2,2,0
almost_complete,2,2,0
really_balanced,2,2,0
automatically_active,2,2,0
really_baffling,2,2,0
once_easy,2,2,0
overly_unhappy,2,2,0
once_dry,2,2,0
once_distracting,2,2,0
authentically_present,2,2,0
almost_double,2,2,0
really_benign,2,2,0
really_unsure,2,2,0
well_huge,2,2,0
once_scared,2,2,0
once_sacred,2,2,0
overly_timid,2,2,0
really_unrealistic,2,2,0
very_balmy,2,2,0
really_beloved,2,2,0
once_present,2,2,0
really_belligerent,2,2,0
overly_tolerant,2,2,0
well_keen,2,2,0
really_unsatisfying,2,2,0
almost_equal,2,2,0
really_unsightly,2,2,0
once_overpowering,2,2,0
almost_embarrassing,2,2,0
authentically_political,2,1,1
really_unstructured,2,2,0
really_bearish,2,2,0
very_blurry,2,2,0
very_bohemian,2,2,0
very_chilly,2,2,0
overly_sloppy,2,2,0
only_answerable,2,2,0
overly_small,2,2,0
overly_smelly,2,1,1
only_anomalous,2,2,0
overly_smitten,2,2,0
as_uphill,2,2,0
overly_snug,2,2,0
as_useable,2,2,0
only_androgynous,2,2,0
as_vacant,2,2,0
overly_solemn,2,2,0
well_costly,2,2,0
really_bossy,2,2,0
overly_spartan,2,2,0
only_amused,2,2,0
well_desperate,2,2,0
only_ample,2,2,0
as_verifiable,2,2,0
only_amicable,2,2,0
well_concerned,2,2,0
as_unwanted,2,2,0
as_victorian,2,2,0
only_anti-gay,2,2,0
as_unsuccessful,2,2,0
really_undetectable,2,2,0
almost_true,2,2,0
as_unsuitable,2,2,0
as_unsung,2,2,0
almost_transparent,2,2,0
almost_tough,2,2,0
only_appalled,2,2,0
overly_skeptical,2,2,0
only_apocalyptic,2,2,0
really_brief,2,2,0
only_apathetic,2,2,0
very_childish,2,2,0
almost_taboo,2,2,0
only_antisocial,2,2,0
well_complicated,2,2,0
almost_sure,2,2,0
as_untrue,2,2,0
as_untrustworthy,2,2,0
as_veteran,2,2,0
overly_speedy,2,2,0
at_much,2,2,0
very_careless,2,2,0
very_bureaucratic,2,2,0
very_bumpy,2,2,0
almost_mandatory,2,2,0
almost_magical,2,2,0
overly_suitable,2,2,0
astronomically_accurate,2,2,0
overly_supernatural,2,1,1
very_brutal,2,2,0
well_extreme,2,2,0
only_affectionate,2,2,0
well_flashy,2,2,0
only_adverse,2,2,0
astronomically_higher,2,2,0
overly_suspect,2,2,0
astronomically_possible,2,2,0
only_adult,2,2,0
only_adrift,2,2,0
at_good,2,2,0
very_boyish,2,2,0
well_expensive,2,2,0
only_agricultural,2,2,0
only_ambivalent,2,2,0
very_cartoony,2,2,0
well_eager,2,2,0
really_bohemian,2,2,0
overly_squishy,2,2,0
as_washable,2,2,0
almost_overwhelming,2,2,0
really_bloodthirsty,2,2,0
as_worrying,2,2,0
as_wrinkled,2,2,0
astonishingly_beautiful,2,2,0
astonishingly_brilliant,2,2,0
really_bloated,2,2,0
really_blissful,2,2,0
almost_offensive,2,2,0
really_blessed,2,2,0
almost_necessary,2,2,0
almost_naked,2,2,0
astonishingly_good,2,2,0
overly_structured,2,2,0
astonishingly_successful,2,2,0
also_correct,2,2,0
anymore_thankful,2,2,0
also_corrupt,2,2,0
very_scarce,2,2,0
also_unlawful,2,2,0
also_unknown,2,2,0
always_early,2,2,0
otherwise_sympathetic,2,2,0
only_tranquil,2,2,0
always_edgy,2,2,0
really_luxury,2,2,0
otherwise_typical,2,2,0
also_unhealthy,2,2,0
always_elderly,2,2,0
really_life-changing,2,1,1
only_touchy,2,2,0
only_totalitarian,2,2,0
only_torturous,2,2,0
always_elite,2,2,0
also_unhappy,2,2,0
really_lucid,2,1,1
very_sassy,2,2,0
very_sarcastic,2,2,0
always_embarrassing,2,2,0
also_unnecessary,2,2,0
really_maintainable,2,2,0
very_zealous,2,2,0
also_various,2,2,0
always_dissimilar,2,2,0
otherwise_reachable,2,2,0
also_wild,2,1,1
only_turbulent,2,2,0
always_distraught,2,2,0
very_second,2,2,0
always_diverse,2,2,0
really_marginal,2,2,0
also_waterproof,2,2,0
always_dogmatic,2,2,0
very_scottish,2,2,0
also_wasteful,2,2,0
only_trickier,2,2,0
very_sci-fi,2,2,0
very_worth,2,2,0
always_dreary,2,2,0
only_traumatizing,2,2,0
also_vivid,2,2,0
also_vibrant,2,2,0
always_enchanting,2,2,0
only_titillating,2,2,0
otherwise_unknown,2,2,0
out_enough,2,2,0
always_fantastical,2,2,0
only_tenacious,2,2,0
really_listenable,2,2,0
also_unable,2,2,0
really_limitless,2,2,0
very_riveting,2,2,0
also_ubiquitous,2,2,0
only_taut,2,2,0
always_few,2,1,1
always_fierce,2,2,0
always_firm,2,2,0
only_tangy,2,2,0
always_flaky,2,2,0
only_tame,2,2,0
also_typical,2,2,0
really_rustic,2,2,0
always_fluffy,2,2,0
really_rusty,2,2,0
also_troublesome,2,2,0
out_funny,2,2,0
always_exuberant,2,2,0
viciously_alluring,2,2,0
also_uncommon,2,2,0
always_engrossing,2,2,0
always_enthused,2,2,0
always_envious,2,2,0
always_eternal,2,2,0
also_undesirable,2,2,0
always_euphoric,2,2,0
very_rusty,2,2,0
otherwise_viable,2,2,0
always_even-handed,2,2,0
very_rural,2,2,0
also_underway,2,2,0
otherwise_vulnerable,2,2,0
otherwise_wealthy,2,2,0
always_existent,2,2,0
always_exploitable,2,2,0
really_long-term,2,2,0
always_explosive,2,2,0
very_rousing,2,2,0
always_extraordinary,2,2,0
really_roomy,2,2,0
always_disruptive,2,2,0
also_worthwhile,2,2,0
altogether_bizarre,2,2,0
altogether_better,2,2,0
always_cranky,2,2,0
really_rife,2,2,0
really_right-wing,2,2,0
otherwise_interesting,2,1,1
only_undeveloped,2,2,0
otherwise_invalid,2,2,0
very_shady,2,2,0
only_underway,2,2,0
otherwise_lawful,2,2,0
really_militant,2,2,0
really_mild,2,2,0
really_rigorous,2,2,0
altogether_authentic,2,2,0
altogether_astonishing,2,2,0
otherwise_meaningful,2,2,0
only_underrepresented,2,2,0
otherwise_memorable,2,2,0
altogether_asleep,2,2,0
only_undone,2,2,0
really_mindless,2,2,0
really_metaphorical,2,2,0
always_cooler,2,2,0
really_moist,2,2,0
really_modest,2,2,0
always_communicative,2,2,0
otherwise_hazardous,2,2,0
otherwise_high,2,2,0
very_singular,2,1,1
always_compact,2,2,0
only_unfocused,2,2,0
always_compulsive,2,2,0
altogether_clean,2,2,0
altogether_christian,2,2,0
very_sinful,2,2,0
really_misleading,2,2,0
always_constitutional,2,2,0
only_unexplored,2,2,0
very_watchful,2,2,0
otherwise_improper,2,2,0
always_contrary,2,2,0
altogether_bright,2,2,0
only_underfunded,2,2,0
really_risk-free,2,2,0
always_disinterested,2,2,0
only_unbroken,2,2,0
really_meaningless,2,2,0
very_self-evident,2,2,0
always_desperate,2,2,0
otherwise_popular,2,2,0
only_unbeatable,2,2,0
altogether_alone,2,2,0
always_digestible,2,2,0
altogether_adept,2,2,0
altogether_accessible,2,2,0
always_disagreeable,2,2,0
always_disappointed,2,2,0
really_materialistic,2,2,0
always_disciplined,2,2,0
otherwise_prone,2,2,0
always_discrete,2,2,0
very_seedy,2,2,0
otherwise_public,2,2,0
only_unaccountable,2,2,0
always_disingenuous,2,2,0
only_unbreakable,2,2,0
always_descriptive,2,2,0
altogether_apt,2,2,0
only_uncanny,2,2,0
always_daring,2,2,0
only_undefined,2,2,0
really_risque,2,1,1
really_robotic,2,2,0
otherwise_objectionable,2,2,0
only_uncontroversial,2,2,0
only_uncontrollable,2,2,0
really_mental,2,2,0
very_whimsical,2,2,0
always_defiant,2,2,0
altogether_amusing,2,2,0
really_melodramatic,2,1,1
only_unconfirmed,2,2,0
altogether_amiss,2,2,0
always_delighted,2,2,0
otherwise_permissible,2,2,0
very_selfless,2,2,0
really_medical,2,2,0
always_dependant,2,2,0
also_tricky,2,2,0
always_focused,2,2,0
only_initial,2,2,0
really_intensive,2,1,1
outright_afraid,2,2,0
always_indispensable,2,2,0
really_internal,2,2,0
also_special,2,2,0
also_social,2,2,0
virtually_bankrupt,2,2,0
outright_apparent,2,2,0
also_smaller,2,2,0
always_informal,2,2,0
really_intelligible,2,2,0
always_foggy,2,2,0
also_skeptical,2,2,0
also_similar,2,2,0
outright_beautiful,2,2,0
always_injurious,2,2,0
really_insurmountable,2,2,0
really_seamless,2,2,0
only_socialist,2,2,0
also_significant,2,2,0
always_insane,2,2,0
really_international,2,2,0
outright_addictive,2,2,0
always_impulsive,2,2,0
outright_abhorrent,2,2,0
outrageously_strong,2,2,0
always_illusory,2,2,0
really_scarce,2,2,0
always_illustrious,2,2,0
very_relative,2,2,0
only_sporty,2,2,0
always_imaginary,2,2,0
really_introspective,2,2,0
outrageously_sweet,2,2,0
only_splendid,2,2,0
always_imminent,2,2,0
only_spirited,2,2,0
really_intrigued,2,2,0
always_immutable,2,2,0
always_impartial,2,2,0
only_speechless,2,2,0
always_impenetrable,2,2,0
very_regressive,2,2,0
very_regional,2,2,0
only_sobering,2,2,0
really_instrumental,2,2,0
always_inseparable,2,2,0
virtually_free,2,2,0
always_japanese,2,2,0
very_radiant,2,2,0
also_scary,2,2,0
also_scared,2,2,0
always_jovial,2,2,0
really_inert,2,2,0
only_situational,2,2,0
also_safer,2,2,0
outright_dead,2,2,0
very_rad,2,2,0
outright_deadly,2,2,0
outright_deaf,2,2,0
always_kid-friendly,2,2,0
outright_deceitful,2,2,0
outright_defiant,2,2,0
always_laden,2,2,0
outright_delusional,2,2,0
outright_demented,2,2,0
always_legit,2,2,0
also_secure,2,2,0
outright_conservative,2,2,0
only_snug,2,2,0
only_sleazy,2,2,0
outright_black,2,2,0
always_instinctive,2,2,0
outright_bogus,2,2,0
outright_booming,2,2,0
also_shy,2,2,0
really_inspired,2,2,0
always_intensive,2,2,0
always_internal,2,2,0
very_reachable,2,2,0
really_insensitive,2,2,0
also_shabby,2,2,0
also_sexy,2,2,0
only_slimy,2,2,0
always_irish,2,2,0
also_sexist,2,2,0
very_rampant,2,2,0
really_inhuman,2,2,0
really_informed,2,2,0
always_irresistible,2,2,0
really_intrusive,2,2,0
outrageously_spicy,2,2,0
outrageously_special,2,1,1
always_global,2,2,0
only_super,2,2,0
really_lean,2,2,0
always_good-natured,2,2,0
outrageously_comfortable,2,2,0
outrageously_cool,2,2,0
only_sudden,2,2,0
really_latino,2,2,0
really_latin,2,2,0
really_salty,2,2,0
really_same,2,2,0
always_greedy,2,2,0
really_lasting,2,1,1
always_grey,2,2,0
violently_disagreeable,2,2,0
also_thankful,2,2,0
very_residential,2,2,0
only_subservient,2,2,0
also_terrifying,2,2,0
outrageously_fast,2,2,0
really_left-wing,2,2,0
really_leftist,2,2,0
really_kinky,2,1,1
always_germane,2,2,0
violently_angry,2,2,0
also_transparent,2,2,0
really_lethal,2,2,0
only_symmetrical,2,2,0
always_forgivable,2,2,0
outrageously_appealing,2,2,0
always_forward,2,2,0
always_fragrant,2,2,0
really_lengthy,2,2,0
also_tragic,2,2,0
also_tired,2,2,0
outrageously_bold,2,2,0
always_frugal,2,2,0
only_surreal,2,2,0
always_furious,2,2,0
always_fussy,2,2,0
also_tiny,2,2,0
always_generic,2,2,0
always_german,2,2,0
violently_evil,2,2,0
always_hardy,2,2,0
violently_sick,2,2,0
only_stern,2,2,0
only_stellar,2,2,0
only_steeper,2,2,0
really_irritated,2,2,0
really_savage,2,2,0
always_hypocritical,2,2,0
always_iconic,2,2,0
also_strategic,2,2,0
only_stationary,2,2,0
outrageously_productive,2,2,0
only_state-owned,2,2,0
always_idle,2,2,0
only_stark,2,2,0
always_illegitimate,2,2,0
really_irregular,2,2,0
always_illicit,2,2,0
really_sayin,2,2,0
always_illogical,2,2,0
really_invasive,2,2,0
only_squishy,2,2,0
only_stereotypical,2,2,0
always_horrific,2,2,0
also_susceptible,2,2,0
always_horny,2,2,0
outrageously_higher,2,2,0
only_striking,2,2,0
outrageously_huge,2,2,0
only_stricter,2,2,0
always_heartfelt,2,2,0
only_stretchy,2,2,0
also_suitable,2,2,0
only_strenuous,2,2,0
really_joyful,2,2,0
always_helpless,2,2,0
outrageously_large,2,2,0
always_hierarchical,2,2,0
outrageously_long,2,2,0
really_satirical,2,2,0
also_substantial,2,2,0
outrageously_low,2,2,0
really_jarring,2,2,0
outrageously_memorable,2,1,1
outrageously_obvious,2,2,0
very_sizable,2,2,0
always_comic,2,2,0
really_monetary,2,2,0
altogether_imaginary,2,2,0
altogether_respectable,2,1,1
altogether_rigorous,2,2,0
really_recognisable,2,2,0
altogether_sad,2,2,0
openly_comfortable,2,2,0
altogether_sanguine,2,2,0
altogether_scientific,2,2,0
really_rectangular,2,2,0
really_painless,2,2,0
really_redeemable,2,2,0
really_monogamous,2,2,0
openly_bitter,2,2,0
really_pagan,2,2,0
altogether_illegal,2,2,0
really_overwhelmed,2,2,0
altogether_selfless,2,2,0
altogether_senseless,2,2,0
very_synonymous,2,2,0
very_undemocratic,2,2,0
openly_angry,2,2,0
ordinarily_much,2,2,0
altogether_reputable,2,2,0
altogether_remote,2,2,0
really_panicked,2,2,0
very_unbiased,2,2,0
openly_evil,2,2,0
altogether_promising,2,2,0
really_rainy,2,2,0
really_rapid,2,2,0
altogether_inclusive,2,2,0
very_uncertain,2,2,0
altogether_proud,2,2,0
openly_dishonest,2,2,0
very_unclear,2,2,0
ordinarily_hazardous,2,2,0
really_raucous,2,2,0
openly_dirty,2,2,0
really_raunchy,2,2,0
very_taut,2,2,0
altogether_impractical,2,1,1
altogether_important,2,2,0
altogether_relevant,2,2,0
very_tangy,2,2,0
very_symptomatic,2,2,0
altogether_shabby,2,2,0
openly_adversarial,2,2,0
altogether_heroic,2,1,1
very_unequal,2,2,0
altogether_tasteless,2,2,0
altogether_heartless,2,2,0
very_suicidal,2,2,0
very_suggestive,2,2,0
altogether_tidy,2,2,0
very_unfortunate,2,2,0
really_outdoors,2,2,0
altogether_gloomy,2,2,0
very_succinct,2,2,0
only_whimsical,2,2,0
altogether_truthful,2,2,0
altogether_typical,2,2,0
altogether_ugly,2,2,0
very_subversive,2,2,0
altogether_unacceptable,2,2,0
altogether_unappealing,2,2,0
altogether_unassailable,2,2,0
altogether_unaware,2,2,0
very_super,2,2,0
originally_afraid,2,2,0
openly_acceptable,2,2,0
very_superior,2,2,0
very_underweight,2,2,0
ordinarily_respectable,2,2,0
altogether_slight,2,2,0
really_overkill,2,2,0
only_zany,2,2,0
altogether_somber,2,2,0
ordinarily_sympathetic,2,2,0
altogether_spontaneous,2,2,0
altogether_spurious,2,2,0
altogether_static,2,2,0
ordinarily_tame,2,2,0
altogether_stellar,2,2,0
only_worst,2,2,0
really_overcrowded,2,2,0
very_undulating,2,2,0
really_overblown,2,2,0
really_overbearing,2,2,0
altogether_high,2,2,0
altogether_subject,2,2,0
openly_fascist,2,2,0
really_quotable,2,2,0
altogether_profitable,2,2,0
altogether_monstrous,2,2,0
altogether_mysterious,2,2,0
openly_welcoming,2,2,0
oppressively_conservative,2,2,0
very_titillating,2,2,0
openly_vocal,2,2,0
very_tremendous,2,1,1
altogether_irrational,2,2,0
very_tribal,2,2,0
openly_unemployed,2,2,0
oppressively_intimidating,2,2,0
very_triumphant,2,2,0
very_troubled,2,2,0
openly_sympathetic,2,2,0
altogether_numb,2,2,0
altogether_interested,2,2,0
altogether_insurmountable,2,2,0
very_thrifty,2,2,0
altogether_open,2,2,0
altogether_ordinary,2,2,0
openly_worried,2,2,0
really_pristine,2,2,0
altogether_outlandish,2,2,0
altogether_likely,2,2,0
operationally_significant,2,2,0
operationally_sensitive,2,1,1
altogether_lovely,2,2,0
operationally_related,2,2,0
operationally_successful,2,2,0
operationally_ready,2,2,0
really_premature,2,2,0
operationally_practical,2,2,0
operationally_possible,2,2,0
really_prettier,2,2,0
very_transformative,2,2,0
altogether_misguided,2,2,0
altogether_misleading,2,2,0
very_transient,2,2,0
operationally_useful,2,2,0
operationally_equivalent,2,2,0
operationally_viable,2,2,0
very_torturous,2,2,0
really_primal,2,2,0
altogether_insensitive,2,2,0
altogether_outrageous,2,2,0
ordinarily_eligible,2,2,0
altogether_incredible,2,2,0
really_persistent,2,2,0
openly_nervous,2,1,1
really_perplexing,2,2,0
openly_negative,2,1,1
ordinarily_applicable,2,2,0
really_perpendicular,2,2,0
altogether_plausible,2,2,0
altogether_pointless,2,2,0
ordinarily_aware,2,2,0
altogether_possible,2,2,0
really_quality,2,2,0
very_terrific,2,2,0
ordinarily_conscious,2,2,0
openly_harmful,2,2,0
altogether_incongruous,2,2,0
really_perceptive,2,2,0
altogether_professional,2,2,0
very_temporary,2,2,0
openly_friendly,2,2,0
openly_offensive,2,2,0
really_pessimistic,2,2,0
altogether_overwhelming,2,2,0
openly_passionate,2,2,0
really_proportional,2,2,0
really_proportionate,2,2,0
altogether_infrequent,2,2,0
optically_clear,2,2,0
openly_rebellious,2,2,0
optically_correct,2,2,0
openly_queer,2,2,0
very_turkish,2,2,0
really_pissed,2,2,0
really_picturesque,2,2,0
altogether_indistinguishable,2,2,0
very_unanimous,2,2,0
really_provocative,2,2,0
optically_transparent,2,2,0
really_prudent,2,2,0
really_psyched,2,2,0
optically_true,2,2,0
openly_pessimistic,2,2,0
really_psychedelic,2,2,0
altogether_funny,2,2,0
originally_crazy,2,2,0
altogether_fruitless,2,2,0
altogether_dependent,2,2,0
always_binary,2,2,0
always_bitter,2,2,0
otherwise_capable,2,2,0
altogether_democratic,2,2,0
always_bland,2,2,0
otherwise_comparable,2,2,0
altogether_deaf,2,2,0
otherwise_conceivable,2,2,0
always_brash,2,2,0
only_unplanned,2,2,0
really_restrictive,2,2,0
altogether_dark,2,2,0
really_narrative,2,2,0
only_unofficial,2,2,0
very_vertical,2,2,0
only_unobtrusive,2,2,0
very_vicious,2,2,0
only_unnerving,2,2,0
altogether_creditable,2,2,0
always_bilingual,2,2,0
very_vegetarian,2,2,0
always_bullish,2,2,0
only_unrecognisable,2,2,0
always_arbitrary,2,2,0
altogether_edifying,2,2,0
only_unselfish,2,2,0
ostensibly_religious,2,2,0
altogether_disturbing,2,2,0
only_unscrupulous,2,2,0
otherwise_achievable,2,2,0
only_unsavory,2,2,0
always_ashamed,2,2,0
really_nefarious,2,2,0
always_asian,2,2,0
altogether_disingenuous,2,2,0
altogether_discouraging,2,2,0
altogether_disastrous,2,2,0
always_authoritative,2,2,0
always_autobiographical,2,2,0
very_solitary,2,2,0
really_nauseous,2,2,0
always_beloved,2,2,0
really_mythical,2,2,0
otherwise_dangerous,2,2,0
always_antagonistic,2,2,0
very_vociferous,2,2,0
always_clearer,2,2,0
always_clinical,2,2,0
altogether_competent,2,2,0
only_unimpressive,2,2,0
always_closer,2,2,0
altogether_compelling,2,2,0
only_unimaginable,2,2,0
altogether_comforting,2,2,0
always_clumsy,2,2,0
very_skittish,2,2,0
only_unhinged,2,2,0
really_monumental,2,1,1
altogether_cohesive,2,2,0
really_monstrous,2,2,0
otherwise_forthcoming,2,2,0
always_coincidental,2,2,0
always_collegial,2,2,0
otherwise_fraught,2,2,0
otherwise_free,2,2,0
really_rhetorical,2,2,0
only_uninsured,2,2,0
always_businesslike,2,2,0
altogether_comprehensive,2,2,0
always_bustling,2,2,0
only_unmarked,2,2,0
altogether_counterproductive,2,2,0
only_unmanageable,2,2,0
very_sly,2,2,0
altogether_convenient,2,2,0
otherwise_desperate,2,2,0
always_celebrated,2,2,0
altogether_contrary,2,2,0
otherwise_difficult,2,2,0
always_chemical,2,2,0
always_chic,2,2,0
really_muddy,2,2,0
always_chinese,2,2,0
altogether_content,2,2,0
otherwise_disruptive,2,2,0
always_chronic,2,2,0
always_cinematic,2,2,0
only_unintended,2,2,0
always_antithetical,2,2,0
only_unsophisticated,2,2,0
only_wealthier,2,2,0
altogether_fond,2,2,0
altogether_unwilling,2,2,0
altogether_unwise,2,2,0
only_vintage,2,2,0
altogether_flawed,2,2,0
originally_involved,2,1,1
only_vindictive,2,2,0
altogether_useful,2,2,0
very_stoic,2,2,0
altogether_vain,2,2,0
very_stinky,2,2,0
altogether_vital,2,2,0
originally_italian,2,2,0
very_stern,2,2,0
really_onerous,2,2,0
really_omnipotent,2,2,0
altogether_whimsical,2,2,0
really_removable,2,2,0
altogether_willing,2,2,0
altogether_worrisome,2,2,0
altogether_unsuccessful,2,2,0
altogether_unsatisfactory,2,2,0
originally_natural,2,2,0
only_visceral,2,2,0
altogether_uncomfortable,2,2,0
altogether_frivolous,2,2,0
only_watchful,2,2,0
very_stuffy,2,2,0
altogether_unfriendly,2,2,0
altogether_fortuitous,2,2,0
only_wacky,2,2,0
altogether_forthcoming,2,2,0
altogether_unjust,2,2,0
very_unnerving,2,2,0
originally_french,2,2,0
really_operational,2,2,0
originally_green,2,2,0
only_vivid,2,2,0
originally_human,2,2,0
originally_impressed,2,2,0
originally_indigenous,2,2,0
very_streamlined,2,2,0
originally_innate,2,2,0
very_unpopular,2,2,0
very_unpredictable,2,2,0
really_next,2,2,0
very_spry,2,2,0
always_akin,2,2,0
always_alien,2,2,0
always_alike,2,2,0
really_reputable,2,2,0
always_allowable,2,2,0
altogether_exciting,2,2,0
originally_visible,2,2,0
originally_willing,2,2,0
originally_worried,2,2,0
always_ambitious,2,2,0
very_unwilling,2,2,0
really_resonant,2,2,0
altogether_enticing,2,2,0
altogether_enthusiastic,2,2,0
really_nostalgia,2,2,0
ostensibly_comedic,2,1,1
very_upright,2,2,0
altogether_encouraging,2,2,0
altogether_elusive,2,2,0
really_repulsive,2,2,0
only_unwieldy,2,2,0
really_oily,2,2,0
always_afloat,2,2,0
originally_ours,2,2,0
really_offbeat,2,2,0
really_off-putting,2,0,2
always_acoustic,2,2,0
always_actionable,2,2,0
altogether_favorable,2,2,0
very_unsettling,2,2,0
altogether_fascinating,2,2,0
altogether_farfetched,2,2,0
really_obsessive,2,2,0
very_unsightly,2,2,0
only_upscale,2,2,0
only_upright,2,2,0
always_admissible,2,2,0
originally_red,2,2,0
always_aesthetic,2,2,0
really_obnoxious,2,1,1
always_affectionate,2,2,0
altogether_factual,2,2,0
really_indigenous,2,2,0
really_indie,2,2,0
also_romantic,2,2,0
only_morose,2,2,0
only_mundane,2,2,0
amazingly_profitable,2,2,0
really_eye-opening,2,1,1
over_civil,2,2,0
only_moving,2,2,0
amazingly_reliable,2,2,0
amazingly_remarkable,2,2,0
only_mortified,2,2,0
very_medieval,2,2,0
also_gracious,2,2,0
really_forgivable,2,2,0
only_moronic,2,2,0
also_generous,2,2,0
amazingly_skilled,2,2,0
only_monthly,2,2,0
only_monstrous,2,2,0
only_monogamous,2,2,0
over_courteous,2,2,0
also_gay,2,2,0
amazingly_strong,2,2,0
over_careful,2,2,0
over_burdensome,2,2,0
over_bright,2,2,0
very_militant,2,2,0
visibly_evident,2,2,0
only_nerve-wracking,2,2,0
only_nerdy,2,2,0
amazingly_helpful,2,2,0
only_nefarious,2,2,0
amazingly_high,2,2,0
amazingly_hot,2,2,0
over_agreeable,2,2,0
amazingly_innovative,2,1,1
visibly_extreme,2,2,0
amazingly_interesting,2,2,0
also_heavy,2,2,0
also_healthy,2,2,0
really_factual,2,2,0
very_minor,2,2,0
very_minimalistic,2,2,0
amazingly_modern,2,2,0
only_mystifying,2,2,0
visibly_frustrated,2,2,0
also_fuzzy,2,2,0
over_cunning,2,2,0
only_modular,2,2,0
really_sorrowful,2,2,0
only_methodical,2,2,0
only_metaphysical,2,2,0
only_metaphorical,2,2,0
only_mere,2,2,0
really_expedient,2,1,1
anatomically_distinct,2,2,0
very_low-income,2,2,0
very_low-cost,2,2,0
only_melancholy,2,2,0
really_south,2,2,0
anatomically_incorrect,2,2,0
only_meditative,2,2,0
anatomically_male,2,2,0
visibly_irritated,2,2,0
anatomically_modern,2,2,0
also_fast,2,2,0
very_long-winded,2,2,0
very_long-term,2,2,0
anatomically_specific,2,2,0
very_lush,2,2,0
really_expendable,2,2,0
amazingly_successful,2,2,0
very_magic,2,2,0
amazingly_surprising,2,2,0
very_marvelous,2,1,1
over_curious,2,2,0
visibly_ill,2,2,0
over_demonstrative,2,2,0
really_soluble,2,2,0
over_dependent,2,2,0
also_fundamental,2,2,0
very_male,2,2,0
over_easy,2,2,0
over_elaborate,2,2,0
only_miraculous,2,2,0
over_elegant,2,2,0
only_miniscule,2,2,0
only_mindless,2,2,0
amply_sufficient,2,2,0
very_magnetic,2,2,0
also_fond,2,2,0
only_militaristic,2,2,0
outwardly_worried,2,2,0
amazingly_good-looking,2,2,0
visibly_effective,2,2,0
also_insane,2,2,0
only_oppressed,2,2,0
always_vulnerable,2,2,0
always_warmer,2,2,0
always_wary,2,2,0
really_flavorful,2,2,0
also_inexpensive,2,2,0
really_flammable,2,2,0
always_weird,2,2,0
always_whole,2,2,0
only_old-fashioned,2,2,0
also_inevitable,2,2,0
always_witty,2,2,0
only_oily,2,2,0
always_wondrous,2,2,0
really_flamboyant,2,1,1
really_flaky,2,2,0
very_needy,2,2,0
always_zero,2,2,0
amazingly_accurate,2,2,0
always_villainous,2,2,0
always_vertical,2,2,0
really_fitting,2,2,0
only_opulent,2,2,0
always_unsympathetic,2,2,0
always_untrue,2,2,0
always_unwanted,2,2,0
also_international,2,2,0
always_unwilling,2,2,0
only_outgoing,2,2,0
outwardly_gregarious,2,2,0
really_foolish,2,2,0
only_outdoor,2,2,0
always_uphill,2,2,0
outwardly_hateful,2,2,0
also_instrumental,2,2,0
really_slippery,2,2,0
always_utilitarian,2,2,0
visibly_cleaner,2,2,0
always_vacant,2,2,0
always_vague,2,2,0
always_vain,2,2,0
outwardly_insecure,2,2,0
outwardly_offensive,2,1,1
amazingly_affordable,2,2,0
amazingly_friendly,2,2,0
only_numb,2,2,0
amazingly_cute,2,1,1
outwardly_strange,2,1,1
amazingly_deep,2,2,0
really_faulty,2,1,1
very_moving,2,1,1
also_hungry,2,2,0
amazingly_effective,2,2,0
really_fascist,2,2,0
amazingly_efficient,2,2,0
very_moody,2,2,0
amazingly_expensive,2,2,0
really_smitten,2,2,0
only_non-traditional,2,2,0
really_smoky,2,2,0
very_monolithic,2,2,0
amazingly_fantastic,2,2,0
amazingly_fond,2,2,0
only_nimble,2,2,0
really_snappy,2,2,0
amazingly_cool,2,2,0
visibly_distinct,2,2,0
really_smaller,2,2,0
outwardly_showy,2,2,0
outwardly_physical,2,2,0
only_obtrusive,2,2,0
visibly_depressed,2,2,0
amazingly_awesome,2,2,0
only_obsessive,2,2,0
really_financial,2,2,0
only_observant,2,2,0
amazingly_bright,2,2,0
very_narcissistic,2,2,0
really_fierce,2,2,0
outwardly_rebellious,2,2,0
amazingly_cheap,2,2,0
really_fictitious,2,2,0
very_muted,2,1,1
also_inappropriate,2,2,0
only_nutty,2,2,0
really_few,2,1,1
also_impressive,2,2,0
also_impractical,2,2,0
very_liveable,2,2,0
very_livable,2,2,0
over_generous,2,2,0
over_satisfied,2,2,0
also_direct,2,2,0
also_dim,2,2,0
very_injurious,2,2,0
very_infrequent,2,2,0
over_serious,2,2,0
very_informed,2,2,0
over_severe,2,2,0
anymore_impressed,2,2,0
over_sharp,2,2,0
very_informational,2,2,0
anymore_indian,2,2,0
anymore_interested,2,2,0
visibly_spectacular,2,2,0
only_inviting,2,2,0
over_smooth,2,2,0
only_invincible,2,2,0
very_inferior,2,2,0
over_sorrowful,2,2,0
really_else,2,0,2
also_dirty,2,2,0
only_itchy,2,2,0
very_industrious,2,2,0
over_safe,2,2,0
only_lackluster,2,2,0
also_dramatic,2,2,0
very_intrigued,2,2,0
really_enduring,2,2,0
really_stationary,2,2,0
anymore_dangerous,2,2,0
anymore_dead,2,2,0
only_kinky,2,2,0
very_intoxicating,2,2,0
very_intimidated,2,2,0
anymore_disappointed,2,2,0
anymore_diverse,2,2,0
anymore_effective,2,2,0
anymore_efficient,2,2,0
only_joyful,2,2,0
also_diverse,2,2,0
very_instrumental,2,2,0
over_rich,2,2,0
also_distracting,2,2,0
over_stable,2,2,0
visibly_swollen,2,2,0
very_introverted,2,2,0
overall_better,2,2,0
anymore_serious,2,2,0
overall_concerned,2,2,0
very_impressionable,2,2,0
only_inspired,2,2,0
overall_happy,2,2,0
overall_impressed,2,2,0
really_ecstatic,2,2,0
overall_pleased,2,2,0
anymore_solid,2,2,0
very_implausible,2,2,0
also_creative,2,2,0
really_dysfunctional,2,1,1
anymore_specific,2,2,0
very_imperative,2,2,0
overly_absorbent,2,2,0
very_immoral,2,2,0
anymore_successful,2,2,0
overly_abstract,2,2,0
overly_absurd,2,2,0
very_improper,2,2,0
anymore_secure,2,2,0
very_industrial,2,2,0
really_strenuous,2,2,0
visibly_thin,2,2,0
over_strict,2,2,0
also_depressed,2,2,0
over_technical,2,2,0
only_intoxicating,2,2,0
anymore_practicable,2,2,0
really_streaky,2,2,0
also_delicious,2,2,0
really_electric,2,2,0
very_incredible,2,2,0
only_interdisciplinary,2,2,0
also_deficient,2,2,0
over_wise,2,2,0
over_worried,2,2,0
anymore_relaxed,2,2,0
over_wrought,2,2,0
anymore_right,2,2,0
visibly_unappealing,2,2,0
only_insufferable,2,2,0
anymore_convenient,2,2,0
over_promotional,2,2,0
annoyingly_catchy,2,2,0
really_speedy,2,2,0
really_excitable,2,2,0
only_lukewarm,2,2,0
any_angrier,2,2,0
any_available,2,2,0
any_bleaker,2,2,0
any_bolder,2,2,0
visibly_noticable,2,2,0
also_exhaustive,2,2,0
over_inclusive,2,2,0
over_informative,2,2,0
any_deadlier,2,2,0
any_distinct,2,2,0
also_exempt,2,2,0
only_loveable,2,2,0
really_exaggerated,2,2,0
only_lopsided,2,2,0
any_fewer,2,2,0
very_korean,2,2,0
only_longer,2,2,0
annoyingly_tight,2,2,0
annoyingly_small,2,1,1
really_even,2,2,0
only_magnetic,2,2,0
only_mathematical,2,2,0
only_maternal,2,2,0
annoyingly_cheerful,2,2,0
annoyingly_difficult,2,2,0
only_marvelous,2,2,0
only_marginal,2,2,0
really_exempt,2,2,0
annoyingly_intrusive,2,2,0
annoyingly_noisy,2,2,0
only_manic,2,2,0
very_less,2,2,0
visibly_muslim,2,2,0
annoyingly_overbearing,2,2,0
over_healthy,2,2,0
over_heavy,2,2,0
also_extinct,2,2,0
annoyingly_quirky,2,2,0
only_maintainable,2,2,0
annoyingly_repetitive,2,2,0
also_excited,2,2,0
any_flatter,2,2,0
anymore_clueless,2,2,0
visibly_sad,2,2,0
anymore_accurate,2,2,0
only_lesbian,2,2,0
anymore_afraid,2,2,0
anymore_annoying,2,2,0
anymore_applicable,2,2,0
only_leftist,2,2,0
only_left-wing,2,2,0
over_productive,2,2,0
also_dry,2,2,0
very_irregular,2,2,0
anymore_available,2,2,0
very_ironic,2,2,0
really_stark,2,2,0
only_lavish,2,2,0
also_drunk,2,2,0
anymore_capable,2,2,0
anymore_clear,2,2,0
anymore_clearer,2,2,0
only_large-scale,2,2,0
anymore_accommodating,2,2,0
over_particular,2,2,0
really_evangelical,2,2,0
very_jealous,2,2,0
really_euphoric,2,2,0
any_gentler,2,2,0
only_lofty,2,2,0
also_equivalent,2,2,0
really_spoiled,2,1,1
any_harsher,2,2,0
also_entertaining,2,2,0
very_key,2,2,0
over_many,2,2,0
very_junior,2,2,0
also_enjoyable,2,2,0
also_elaborate,2,2,0
really_ephemeral,2,2,0
only_limitless,2,2,0
really_envious,2,2,0
any_slimmer,2,2,0
only_like,2,2,0
any_stiffer,2,2,0
any_stricter,2,2,0
really_foreseeable,2,2,0
only_overcome,2,2,0
very_questionable,2,2,0
only_resolute,2,2,0
always_pale,2,2,0
always_past,2,2,0
only_reticent,2,2,0
only_retarded,2,2,0
always_perceptive,2,2,0
also_positive,2,2,0
always_pervasive,2,2,0
always_pessimistic,2,2,0
always_petty,2,2,0
really_hungover,2,2,0
always_unsafe,2,2,0
outright_mean,2,2,0
always_pivotal,2,2,0
always_playable,2,2,0
always_pointless,2,2,0
always_poisonous,2,2,0
also_pointless,2,2,0
always_potential,2,2,0
outright_misogynistic,2,2,0
always_powerless,2,2,0
outright_legal,2,2,0
outright_lazy,2,2,0
outright_irritating,2,2,0
only_rhetorical,2,2,0
really_illicit,2,2,0
virtually_silent,2,2,0
only_rosy,2,2,0
only_roomy,2,2,0
always_odd,2,2,0
outright_incorrect,2,2,0
very_pressing,2,2,0
always_omnipotent,2,2,0
only_riskier,2,2,0
outright_infuriating,2,2,0
only_risk-free,2,2,0
always_onboard,2,2,0
virtually_synonymous,2,1,1
also_practical,2,2,0
always_outdoors,2,2,0
outright_ironic,2,2,0
always_outgoing,2,2,0
also_powerful,2,2,0
only_rhythmic,2,2,0
very_posh,2,2,0
always_praiseworthy,2,2,0
always_predisposed,2,2,0
outright_pathetic,2,2,0
really_homophobic,2,2,0
really_homey,2,2,0
also_passionate,2,2,0
only_recognisable,2,2,0
really_hokey,2,2,0
really_shameful,2,2,0
always_raw,2,2,0
always_reactionary,2,2,0
really_shareable,2,2,0
always_reactive,2,2,0
also_paranoid,2,2,0
also_painful,2,2,0
only_real-time,2,2,0
always_reckless,2,2,0
outright_radical,2,2,0
always_rectangular,2,2,0
virulently_anti-american,2,2,0
really_high-quality,2,2,0
also_outraged,2,2,0
outright_pessimistic,2,2,0
really_horny,2,2,0
outright_necessary,2,2,0
really_horrendous,2,2,0
really_humane,2,2,0
only_relieved,2,2,0
always_presentable,2,2,0
always_principled,2,2,0
also_pleased,2,2,0
always_privileged,2,2,0
virtually_unheard,2,2,0
outright_nonsensical,2,2,0
always_proactive,2,2,0
always_profane,2,2,0
very_polarizing,2,2,0
only_regretful,2,2,0
always_psychic,2,2,0
outright_obsolete,2,2,0
always_psychological,2,2,0
very_poignant,2,2,0
always_quantitative,2,2,0
outright_open,2,2,0
always_quieter,2,2,0
really_illiterate,2,2,0
always_obese,2,2,0
really_illogical,2,2,0
outright_dominant,2,2,0
also_refreshing,2,2,0
only_sexier,2,2,0
only_sex,2,2,0
outright_dumb,2,2,0
really_incomplete,2,2,0
really_inclusive,2,2,0
only_serviceable,2,2,0
always_malleable,2,2,0
virtually_invincible,2,1,1
always_manifest,2,2,0
always_many,2,2,0
always_masculine,2,2,0
always_materialistic,2,2,0
only_sensational,2,2,0
only_senior,2,2,0
only_seminal,2,2,0
outright_fake,2,2,0
only_self-reliant,2,2,0
really_self-explanatory,2,2,0
always_mainstream,2,2,0
also_relevant,2,2,0
outright_favourite,2,2,0
only_shady,2,2,0
always_lighthearted,2,2,0
also_risky,2,2,0
only_showy,2,2,0
outright_desirable,2,2,0
very_quantifiable,2,2,0
only_short-lived,2,2,0
very_qualitative,2,2,0
outright_detrimental,2,2,0
outright_devastating,2,2,0
always_liveable,2,2,0
also_resistant,2,2,0
outright_dirty,2,2,0
always_long-lived,2,2,0
really_selective,2,2,0
always_lousy,2,2,0
outright_disappointed,2,2,0
very_punitive,2,2,0
always_lyrical,2,2,0
outright_disingenuous,2,2,0
only_self-evident,2,2,0
really_self-sufficient,2,2,0
really_illuminating,2,2,0
always_navigable,2,2,0
always_nervous,2,2,0
outright_heretical,2,2,0
outright_homosexual,2,2,0
also_prominent,2,2,0
also_probable,2,2,0
really_immediate,2,2,0
outright_ignorant,2,2,0
only_same,2,2,0
only_salty,2,2,0
very_pristine,2,2,0
only_sadistic,2,2,0
only_saddening,2,2,0
outright_impressive,2,2,0
only_sacrosanct,2,2,0
always_noteworthy,2,2,0
always_noticable,2,2,0
only_rustic,2,2,0
very_primal,2,2,0
very_prideful,2,2,0
really_sentient,2,2,0
outright_hateful,2,2,0
always_meek,2,2,0
outright_happy,2,2,0
outright_foolish,2,2,0
always_melancholy,2,2,0
always_mellow,2,2,0
outright_free,2,2,0
really_implausible,2,2,0
also_proud,2,2,0
always_mild,2,2,0
always_military,2,2,0
really_sensational,2,0,2
always_minimal,2,2,0
always_miserable,2,2,0
always_misleading,2,2,0
outright_gloomy,2,2,0
outright_gory,2,2,0
very_prohibitive,2,2,0
only_sci-fi,2,2,0
really_impatient,2,2,0
really_immutable,2,2,0
only_savory,2,2,0
always_redundant,2,2,0
outright_rebellious,2,2,0
always_refreshing,2,2,0
always_tacky,2,2,0
also_lousy,2,2,0
also_loud,2,2,0
really_genetic,2,2,0
only_pink,2,2,0
also_logical,2,2,0
always_tense,2,2,0
always_terminal,2,2,0
also_little,2,2,0
only_petrified,2,2,0
really_further,2,0,2
only_perverted,2,2,0
also_light,2,2,0
always_thrifty,2,2,0
always_timid,2,2,0
always_tiny,2,2,0
very_optional,2,2,0
always_topical,2,2,0
outwardly_concerned,2,2,0
only_pernicious,2,2,0
always_taller,2,2,0
also_lower,2,2,0
always_tougher,2,2,0
also_lucky,2,2,0
really_graceful,2,2,0
outstandingly_beautiful,2,2,0
only_posh,2,2,0
always_stunning,2,2,0
outstandingly_clever,2,2,0
really_gooey,2,2,0
only_pornographic,2,2,0
always_sturdy,2,2,0
outstandingly_different,2,2,0
always_subordinate,2,2,0
always_sugary,2,2,0
always_supernatural,2,2,0
always_supreme,2,2,0
also_mandatory,2,2,0
really_godly,2,1,1
always_symbiotic,2,2,0
really_glossy,2,2,0
very_outraged,2,2,0
also_luxurious,2,2,0
always_total,2,2,0
only_permeable,2,2,0
really_gracious,2,2,0
also_irish,2,2,0
always_unfriendly,2,2,0
always_unheard,2,2,0
really_fragile,2,2,0
really_foul,2,2,0
only_own,2,2,0
always_unimportant,2,2,0
always_uninhabited,2,2,0
very_nutty,2,1,1
outwardly_exciting,2,1,1
really_formidable,2,2,0
only_oversold,2,2,0
always_unlimited,2,2,0
always_unpopular,2,2,0
also_intrinsic,2,2,0
only_overpowering,2,2,0
always_unproductive,2,2,0
outwardly_flashy,2,0,2
only_overhead,2,2,0
very_numb,2,2,0
always_unforeseen,2,2,0
really_skillful,2,2,0
always_toxic,2,2,0
only_par,2,2,0
also_legendary,2,2,0
always_transcendent,2,2,0
only_perceptive,2,2,0
always_traumatic,2,2,0
also_knowledgeable,2,2,0
very_ominous,2,2,0
always_unavailable,2,2,0
really_frivolous,2,2,0
only_pathological,2,2,0
very_offended,2,2,0
very_off-putting,2,2,0
also_kind,2,2,0
always_unconditional,2,2,0
always_uncontroversial,2,2,0
also_irrelevant,2,2,0
very_obsessive,2,2,0
really_skilful,2,2,0
always_undeserved,2,2,0
really_fraudulent,2,2,0
outstandingly_awful,2,2,0
really_gradual,2,2,0
always_refundable,2,2,0
outright_shady,2,2,0
virulently_racist,2,2,0
only_protestant,2,2,0
only_prospective,2,2,0
also_obligatory,2,2,0
really_happier,2,2,0
outright_strange,2,2,0
always_seasonal,2,2,0
also_noteworthy,2,2,0
outright_suicidal,2,2,0
always_secular,2,2,0
only_promiscuous,2,2,0
outright_superior,2,2,0
outright_supernatural,2,2,0
also_notable,2,2,0
always_self-sufficient,2,2,0
always_sensational,2,2,0
always_serene,2,2,0
very_perishable,2,2,0
only_profane,2,2,0
really_hardy,2,2,0
outright_sexy,2,2,0
always_shameful,2,2,0
only_psychotic,2,2,0
always_relaxed,2,2,0
outright_reckless,2,2,0
always_remarkable,2,2,0
always_remorseful,2,2,0
only_radiant,2,2,0
only_rad,2,2,0
always_repeatable,2,2,0
always_replaceable,2,2,0
always_replete,2,2,0
always_resolute,2,2,0
outright_revolting,2,2,0
always_revelatory,2,2,0
really_heartfelt,2,2,0
also_old,2,2,0
always_rife,2,2,0
really_hazardous,2,2,0
always_ripe,2,2,0
only_puny,2,2,0
always_rural,2,2,0
also_nauseating,2,2,0
really_gung,2,2,0
also_meaningful,2,2,0
always_slim,2,2,0
always_smoother,2,2,0
always_snug,2,2,0
always_solemn,2,2,0
really_greater,2,2,0
always_solitary,2,2,0
always_sombre,2,2,0
outright_villainous,2,2,0
outright_vital,2,2,0
always_sore,2,2,0
always_sound,2,2,0
always_spacious,2,2,0
only_predominant,2,2,0
really_grave,2,2,0
only_predisposed,2,2,0
very_passable,2,2,0
outright_wicked,2,2,0
always_sterile,2,2,0
outright_worse,2,2,0
always_stiff,2,2,0
really_greedy,2,2,0
always_slick,2,2,0
very_perceptible,2,2,0
also_more,2,2,0
only_pro,2,2,0
outright_traumatic,2,2,0
always_shitty,2,2,0
viscerally_hostile,2,2,0
outright_unconstitutional,2,2,0
also_much,2,2,0
very_peculiar,2,1,1
always_silly,2,2,0
always_silver,2,2,0
really_groovy,2,2,0
always_simpler,2,2,0
only_prime,2,2,0
outright_unimaginable,2,2,0
only_primal,2,2,0
really_gritty,2,2,0
always_simultaneous,2,2,0
really_grim,2,2,0
always_skinny,2,2,0
always_sleepy,2,2,0
realistically_eligible,2,2,0
refreshingly_different,2,2,0
unpleasantly_bitter,2,2,0
wholly_regular,2,2,0
usually_ineffective,2,2,0
necessarily_treatable,2,2,0
particularly_invigorating,2,2,0
necessarily_transgender,2,2,0
wholly_recognizable,2,2,0
necessarily_transformational,2,1,1
particularly_islamic,2,1,1
wholly_reflective,2,2,0
particularly_jaw-dropping,2,1,1
particularly_jolly,2,2,0
wholly_sci-fi,2,2,0
breathtakingly_expensive,2,2,0
necessarily_total,2,2,0
necessarily_topical,2,2,0
wholly_remarkable,2,2,0
necessarily_tolerant,2,2,0
rationally_able,2,2,0
necessarily_timid,2,2,0
wholly_remote,2,2,0
wholly_reprehensible,2,2,0
wholly_realistic,2,2,0
all_abstract,2,2,0
usually_innate,2,2,0
all_abysmal,2,2,0
usually_itchy,2,2,0
seemingly_clueless,2,2,0
rationally_intelligible,2,2,0
particularly_insulting,2,2,0
usually_irritating,2,2,0
usually_involved,2,2,0
necessarily_uncharacteristic,2,2,0
particularly_intelligible,2,2,0
necessarily_unchanged,2,2,0
necessarily_unavoidable,2,2,0
usually_interchangeable,2,2,0
wholly_prosaic,2,2,0
all_adjacent,2,2,0
particularly_international,2,1,1
particularly_intrepid,2,2,0
usually_instantaneous,2,2,0
usually_instant,2,2,0
necessarily_tyrannical,2,2,0
particularly_intrigued,2,2,0
particularly_justifiable,2,2,0
necessarily_timeless,2,2,0
particularly_kid-friendly,2,2,0
particularly_lifelike,2,2,0
particularly_lightweight,2,2,0
brilliantly_complex,2,2,0
usually_hazardous,2,2,0
necessarily_surgical,2,2,0
particularly_limited,2,2,0
brilliantly_enough,2,2,0
ago_unthinkable,2,2,0
necessarily_superhuman,2,2,0
ago_unprecedented,2,2,0
rather_unsettling,2,2,0
usually_hairy,2,2,0
particularly_little,2,2,0
necessarily_sudden,2,2,0
particularly_loathsome,2,2,0
usually_greater,2,2,0
necessarily_substantive,2,2,0
ago_resourceful,2,2,0
necessarily_substandard,2,2,0
necessarily_subservient,2,2,0
particularly_lighthearted,2,2,0
particularly_life-changing,2,2,0
necessarily_tidy,2,2,0
necessarily_systemic,2,2,0
particularly_knowledgable,2,2,0
alarmingly_bad,2,2,0
rather_wonderful,2,2,0
rather_wise,2,2,0
breathtakingly_hypocritical,2,2,0
rather_weak,2,2,0
particularly_large-scale,2,2,0
breathtakingly_nimble,2,1,1
necessarily_tender,2,2,0
necessarily_technological,2,2,0
briefly_heavy,2,2,0
particularly_leftist,2,2,0
usually_honest,2,2,0
brightly_enough,2,2,0
agonizingly_close,2,2,0
necessarily_taller,2,2,0
particularly_legitimate,2,2,0
wholly_rewarding,2,2,0
necessarily_tactical,2,2,0
necessarily_underground,2,2,0
usually_jealous,2,2,0
seemingly_beneficial,2,2,0
all_apathetic,2,2,0
both_sweet,2,2,0
usually_measurable,2,2,0
particularly_improbable,2,2,0
secretly_obsessed,2,2,0
all_anonymous,2,2,0
usually_mean,2,2,0
necessarily_unwieldy,2,2,0
readily_accountable,2,2,0
necessarily_unsympathetic,2,2,0
necessarily_unsurprising,2,2,0
wholly_problematic,2,2,0
necessarily_unsuccessful,2,2,0
necessarily_unstable,2,2,0
secretly_smart,2,2,0
necessarily_unscathed,2,2,0
necessarily_unsatisfactory,2,2,0
both_unbeaten,2,2,0
secretly_thrilled,2,2,0
secretly_unemployed,2,2,0
necessarily_upscale,2,2,0
readily_affordable,2,2,0
necessarily_unprofessional,2,2,0
particularly_immoral,2,2,0
both_short,2,2,0
necessarily_visionary,2,2,0
both_sick,2,2,0
both_sincere,2,2,0
wholly_powerless,2,2,0
all_arbitrary,2,2,0
necessarily_vile,2,2,0
necessarily_victorian,2,2,0
usually_motivated,2,2,0
particularly_illustrative,2,2,0
necessarily_venomous,2,2,0
both_stellar,2,2,0
all_arab,2,2,0
secretly_jealous,2,2,0
usually_mistaken,2,2,0
necessarily_utopian,2,2,0
particularly_immediate,2,2,0
necessarily_utilitarian,2,2,0
necessarily_usual,2,2,0
all_amused,2,2,0
necessarily_unproductive,2,2,0
necessarily_undeserved,2,2,0
all_african,2,2,0
both_young,2,2,0
usually_legal,2,2,0
necessarily_unfunny,2,1,1
usually_lavish,2,2,0
wholly_progressive,2,2,0
usually_larger,2,2,0
necessarily_unfortunate,2,2,0
rationally_mandatory,2,2,0
all_aesthetic,2,2,0
necessarily_unforeseen,2,2,0
particularly_insistent,2,2,0
usually_knowledgeable,2,2,0
wholly_promising,2,2,0
brand_aware,2,2,0
necessarily_unenforceable,2,2,0
necessarily_undisciplined,2,2,0
brand_dependent,2,2,0
all_adventurous,2,2,0
all_advantageous,2,2,0
necessarily_unhelpful,2,2,0
both_white,2,2,0
all_amiss,2,2,0
seemingly_apparent,2,2,0
rationally_worth,2,2,0
all_ambivalent,2,2,0
usually_loud,2,2,0
all_ambitious,2,2,0
particularly_indulgent,2,2,0
particularly_industrious,2,2,0
particularly_inexplicable,2,2,0
particularly_infectious,2,2,0
necessarily_unlikely,2,2,0
usually_literal,2,2,0
necessarily_unknowable,2,2,0
necessarily_unkind,2,2,0
usually_likely,2,2,0
all_aimless,2,2,0
both_vital,2,2,0
wholly_profitable,2,2,0
usually_light,2,2,0
all_agitated,2,2,0
particularly_informed,2,2,0
necessarily_submissive,2,2,0
brilliantly_original,2,2,0
wholly_understandable,2,2,0
necessarily_resistant,2,2,0
necessarily_reversible,2,2,0
usually_distinct,2,2,0
necessarily_reusable,2,2,0
particularly_neutral,2,2,0
wholly_terrible,2,2,0
wholly_transferable,2,2,0
usually_disruptive,2,2,0
self-consciously_aware,2,2,0
necessarily_resolute,2,2,0
aggressively_critical,2,2,0
wholly_sectarian,2,2,0
necessarily_resilient,2,2,0
aggressively_conservative,2,2,0
necessarily_reputable,2,2,0
necessarily_reproducible,2,2,0
wholly_trustworthy,2,2,0
necessarily_repetitive,2,2,0
particularly_notorious,2,2,0
brutally_unfair,2,2,0
necessarily_renewable,2,2,0
brutally_simple,2,2,0
necessarily_richer,2,2,0
particularly_nearby,2,2,0
necessarily_righteous,2,2,0
seismically_stable,2,2,0
necessarily_salty,2,2,0
particularly_much,2,2,0
necessarily_salacious,2,2,0
wholly_subjective,2,2,0
usually_dumb,2,2,0
particularly_mushy,2,2,0
necessarily_russian,2,2,0
particularly_muslim,2,1,1
aggressively_long,2,2,0
wholly_subservient,2,2,0
necessarily_rugged,2,2,0
wholly_superficial,2,2,0
necessarily_rotten,2,2,0
usually_dramatic,2,2,0
very_transactional,2,2,0
brutally_repressive,2,2,0
particularly_native,2,2,0
necessarily_rigid,2,2,0
aggressively_competitive,2,2,0
particularly_noxious,2,2,0
necessarily_remorseful,2,2,0
aggressively_awful,2,2,0
particularly_okay,2,2,0
necessarily_rampant,2,2,0
necessarily_rainy,2,2,0
particularly_open-minded,2,2,0
rather_significant,2,2,0
wholly_unconstitutional,2,2,0
usually_decisive,2,2,0
usually_debilitating,2,2,0
particularly_opulent,2,2,0
particularly_orange,2,2,0
particularly_organic,2,2,0
casually_racist,2,2,0
particularly_organized,2,1,1
wholly_unconventional,2,2,0
necessarily_punishable,2,2,0
necessarily_psychological,2,2,0
necessarily_psychic,2,2,0
particularly_outdated,2,2,0
catastrophically_damaging,2,2,0
particularly_odious,2,1,1
self_destructive,2,2,0
rather_slow,2,2,0
necessarily_raw,2,2,0
usually_digestible,2,2,0
carefully_detailed,2,2,0
wholly_unable,2,2,0
necessarily_relaxing,2,2,0
particularly_obese,2,2,0
carefully_limited,2,2,0
necessarily_regrettable,2,2,0
self-consciously_weird,2,2,0
necessarily_regional,2,2,0
usually_detailed,2,2,0
rather_skimpy,2,2,0
usually_destructive,2,2,0
particularly_oblique,2,2,0
rather_sketchy,2,2,0
aggressively_bizarre,2,2,0
casually_accessible,2,2,0
aggressively_beautiful,2,2,0
casually_available,2,2,0
necessarily_reactionary,2,2,0
necessarily_sanitary,2,2,0
brutally_heavy,2,2,0
brutally_funny,2,2,0
particularly_magnificent,2,1,1
broadly_competitive,2,2,0
wholly_solid,2,2,0
seemingly_sad,2,2,0
aggressively_stupid,2,2,0
particularly_malleable,2,2,0
broadly_correct,2,2,0
broadly_critical,2,2,0
broadly_diversified,2,2,0
necessarily_sober,2,2,0
necessarily_snowy,2,2,0
necessarily_snappy,2,2,0
particularly_malty,2,2,0
usually_flexible,2,2,0
usually_flashy,2,2,0
wholly_sorry,2,2,0
wholly_sound,2,2,0
wholly_spectacular,2,1,1
particularly_mathematical,2,2,0
seemingly_successful,2,2,0
aggressively_sweet,2,2,0
usually_fortunate,2,2,0
rather_unfair,2,2,0
necessarily_spontaneous,2,2,0
particularly_long-term,2,2,0
particularly_loose,2,2,0
necessarily_stubborn,2,2,0
necessarily_structural,2,2,0
usually_generous,2,2,0
broadly_acceptable,2,2,0
wholly_selfless,2,2,0
seemingly_present,2,2,0
necessarily_steep,2,2,0
aggressively_violent,2,1,1
wholly_similar,2,2,0
rather_unlikely,2,2,0
necessarily_stationary,2,2,0
seemingly_random,2,2,0
particularly_lush,2,2,0
broadly_aware,2,2,0
aggressively_territorial,2,2,0
particularly_magnetic,2,2,0
seemingly_relevant,2,2,0
broadly_illegal,2,2,0
seemingly_unable,2,2,0
aggressively_masculine,2,2,0
broadly_visible,2,2,0
usually_exclusive,2,2,0
necessarily_sentimental,2,2,0
brutally_bitter,2,2,0
usually_excellent,2,2,0
necessarily_selfless,2,2,0
necessarily_self-explanatory,2,2,0
aggressively_modern,2,1,1
aggressively_melodic,2,2,0
brutally_competitive,2,2,0
necessarily_sectarian,2,2,0
particularly_monogamous,2,2,0
brutally_direct,2,2,0
necessarily_scrupulous,2,2,0
usually_enforceable,2,2,0
necessarily_scarier,2,2,0
brutally_efficient,2,2,0
particularly_monstrous,2,2,0
usually_emotional,2,2,0
rather_superficial,2,2,0
wholly_straight,2,2,0
particularly_miserable,2,2,0
necessarily_single,2,2,0
necessarily_shady,2,2,0
rather_uncertain,2,2,0
aggressively_political,2,2,0
usually_financial,2,2,0
usually_final,2,2,0
necessarily_simultaneous,2,2,0
usually_favourable,2,2,0
particularly_merry,2,2,0
particularly_meticulous,2,2,0
rather_tall,2,1,1
particularly_miffed,2,2,0
necessarily_short-lived,2,2,0
broadly_reflective,2,2,0
particularly_mild,2,2,0
usually_extravagant,2,2,0
usually_explosive,2,2,0
particularly_military,2,2,0
aggressively_obnoxious,2,2,0
particularly_minor,2,2,0
broadly_talented,2,2,0
wholly_possible,2,2,0
both_serious,2,2,0
usually_neutral,2,2,0
normally_essential,2,2,0
boldly_ignorant,2,2,0
normally_fearful,2,2,0
particularly_flavourful,2,2,0
roughly_analogous,2,2,0
normally_expensive,2,2,0
normally_excited,2,2,0
usually_resident,2,2,0
all_courteous,2,2,0
all_cosy,2,2,0
normally_empty,2,2,0
readily_analogous,2,2,0
all_costly,2,2,0
normally_emotional,2,2,0
normally_effortless,2,2,0
particularly_foolish,2,2,0
normally_ecstatic,2,2,0
wholly_native,2,2,0
all_convoluted,2,2,0
particularly_foreign,2,1,1
all_convinced,2,2,0
usually_ripe,2,2,0
normally_frightening,2,2,0
normally_full,2,2,0
normally_functional,2,2,0
normally_likely,2,2,0
all_crunchy,2,2,0
normally_legal,2,2,0
rigorously_enforceable,2,2,0
normally_late,2,2,0
rigorously_intellectual,2,2,0
wholly_muslim,2,2,0
rigorously_orthodox,2,2,0
rigorously_scientific,2,2,0
normally_huge,2,2,0
normally_hot,2,2,0
all_criminal,2,2,0
normally_hostile,2,2,0
all_credible,2,2,0
usually_rough,2,2,0
normally_hardy,2,2,0
particularly_flagrant,2,2,0
particularly_flammable,2,2,0
normally_green,2,2,0
normally_doable,2,2,0
all_conversant,2,2,0
normally_destructive,2,2,0
routinely_necessary,2,2,0
usually_rational,2,2,0
normally_attractive,2,2,0
normally_attainable,2,2,0
particularly_fulfilling,2,1,1
both_alive,2,2,0
normally_anonymous,2,2,0
routinely_subject,2,2,0
both_angry,2,2,0
all_comprehensive,2,2,0
normally_advisable,2,2,0
all_complicit,2,2,0
both_appropriate,2,2,0
particularly_fundamental,2,0,2
particularly_funky,2,1,1
normally_accountable,2,2,0
readily_employable,2,2,0
particularly_gaudy,2,2,0
both_aware,2,2,0
nonetheless_productive,2,2,0
all_conciliatory,2,2,0
routinely_moderate,2,2,0
usually_reliable,2,2,0
particularly_frivolous,2,2,0
normally_dependent,2,2,0
borderline_impossible,2,2,0
all_contentious,2,2,0
normally_curious,2,2,0
normally_crazy,2,2,0
normally_controversial,2,2,0
particularly_forward,2,2,0
particularly_fragrant,2,2,0
routinely_accessible,2,2,0
particularly_freaky,2,1,1
borderline_ridiculous,2,2,0
all_conscious,2,2,0
routinely_difficult,2,2,0
all_congruent,2,2,0
normally_cause,2,2,0
usually_reckless,2,2,0
particularly_frigid,2,2,0
normally_bitter,2,2,0
usually_receptive,2,2,0
particularly_ferocious,2,2,0
blissfully_serene,2,2,0
normally_mad,2,2,0
right_conservative,2,2,0
normally_useful,2,2,0
normally_treatable,2,2,0
all_dense,2,2,0
normally_toxic,2,2,0
right_fat,2,2,0
right_good,2,2,0
blindly_ideological,2,2,0
normally_sympathetic,2,2,0
normally_suspicious,2,2,0
usually_small,2,2,0
readily_inclined,2,2,0
right_happy,2,2,0
right_intimidating,2,2,0
normally_straightforward,2,2,0
normally_standard,2,2,0
normally_stable,2,2,0
normally_spontaneous,2,2,0
normally_spicy,2,2,0
normally_speechless,2,2,0
usually_social,2,2,0
normally_vocal,2,2,0
all_deluded,2,2,0
normally_welcome,2,2,0
not_alike,2,2,0
usually_spontaneous,2,2,0
not_affordable,2,2,0
not_adverse,2,2,0
not_adventurous,2,1,1
ridiculously_wide,2,2,0
not_admirable,2,2,0
usually_spicy,2,2,0
not_achievable,2,2,0
blindly_bullish,2,2,0
particularly_experienced,2,2,0
not_absurd,2,2,0
north_korean,2,2,0
north_american,2,2,0
normally_wrong,2,2,0
normally_worthy,2,2,0
normally_worried,2,2,0
usually_soluble,2,2,0
normally_wise,2,2,0
normally_special,2,2,0
all_delightful,2,2,0
rigidly_traditional,2,2,0
normally_qualified,2,2,0
all_dainty,2,2,0
normally_profitable,2,2,0
wholly_monolithic,2,2,0
rigidly_distinct,2,2,0
usually_sexy,2,2,0
rigidly_dogmatic,2,2,0
usually_sexual,2,2,0
rigidly_exclusive,2,2,0
rigidly_formal,2,2,0
normally_portable,2,2,0
rigidly_heterosexual,2,2,0
rigidly_hierarchical,2,2,0
normally_playable,2,2,0
wholly_mortal,2,2,0
particularly_female,2,2,0
all_cultural,2,2,0
normally_permeable,2,2,0
normally_optimal,2,2,0
normally_nervous,2,2,0
normally_punishable,2,2,0
normally_quick,2,2,0
particularly_eye-popping,2,2,0
particularly_fatal,2,2,0
normally_slow,2,2,0
normally_significant,2,2,0
usually_similar,2,2,0
particularly_factual,2,2,0
normally_severe,2,2,0
normally_serene,2,2,0
wholly_meaningful,2,2,0
particularly_fantastical,2,1,1
right_wrong,2,2,0
normally_safe,2,2,0
particularly_far-reaching,2,2,0
wholly_miserable,2,2,0
normally_responsible,2,2,0
normally_removable,2,2,0
normally_reluctant,2,2,0
rightly_related,2,2,0
normally_refundable,2,2,0
rigidly_beholden,2,2,0
normally_ready,2,2,0
nonetheless_helpful,2,2,0
sadly_disappointed,2,2,0
nonetheless_efficient,2,2,0
never_dependent,2,2,0
all_brutal,2,2,0
all_bothersome,2,2,0
particularly_heterosexual,2,1,1
wholly_past,2,2,0
usually_partial,2,2,0
never_afraid,2,2,0
both_lawful,2,2,0
never_abusive,2,2,0
scientifically_valuable,2,2,0
usually_overwhelming,2,2,0
usually_overt,2,2,0
all_bloody,2,2,0
scrupulously_clean,2,2,0
scrupulously_fair,2,2,0
both_male,2,2,0
all_bloodthirsty,2,2,0
particularly_historical,2,2,0
needlessly_precise,2,2,0
usually_overjoyed,2,2,0
usually_patient,2,2,0
scientifically_sophisticated,2,2,0
seasonally_available,2,2,0
scientifically_savvy,2,2,0
particularly_hawkish,2,2,0
never_happy,2,2,0
readily_contagious,2,2,0
usually_physical,2,2,0
scientifically_representative,2,2,0
all_cagey,2,2,0
never_fun,2,2,0
all_buttery,2,2,0
both_hot,2,2,0
both_human,2,2,0
readily_conducive,2,2,0
scientifically_right,2,2,0
both_illegal,2,2,0
never_faint,2,2,0
never_equal,2,2,0
never_dull,2,2,0
particularly_heartfelt,2,2,0
all_bulky,2,2,0
scientifically_satisfying,2,2,0
needlessly_obscure,2,2,0
wholly_peaceful,2,2,0
never_important,2,2,0
usually_objective,2,2,0
both_popular,2,2,0
both_powerful,2,2,0
both_pregnant,2,2,0
all_balmy,2,2,0
all_automatic,2,2,0
usually_noisy,2,2,0
wholly_pop,2,2,0
particularly_iconic,2,2,0
usually_newsworthy,2,2,0
necessarily_wearable,2,2,0
all_authentic,2,2,0
both_sad,2,2,0
both_safe,2,2,0
both_safer,2,2,0
all_atypical,2,2,0
all_assertive,2,2,0
all_artistic,2,2,0
readily_answerable,2,2,0
both_same,2,2,0
particularly_humanitarian,2,2,0
all_beholden,2,2,0
seasonally_dependent,2,2,0
wholly_plausible,2,2,0
all_blind,2,2,0
needlessly_inflammatory,2,2,0
all_blessed,2,2,0
seasonally_specific,2,2,0
needlessly_expensive,2,2,0
needlessly_divisive,2,2,0
needlessly_confusing,2,2,0
second_favourite,2,2,0
needlessly_big,2,2,0
particularly_horny,2,2,0
secretly_canadian,2,2,0
all_biodegradable,2,2,0
needlessly_adversarial,2,2,0
all_bigger,2,2,0
both_naked,2,2,0
secretly_envious,2,2,0
usually_older,2,2,0
usually_obtainable,2,2,0
necessarily_worst,2,2,0
scientifically_ready,2,2,0
scientifically_quantifiable,2,2,0
all_comical,2,2,0
usually_proper,2,2,0
both_clean,2,2,0
particularly_gnarly,2,1,1
both_clear,2,2,0
both_comfortable,2,2,0
scarily_accurate,2,2,0
scarily_quiet,2,2,0
all_cocky,2,2,0
all_cluttered,2,2,0
scientifically_adept,2,2,0
scientifically_advanced,2,2,0
both_correct,2,2,0
all_cloudy,2,2,0
scientifically_baseless,2,2,0
scientifically_beneficial,2,2,0
scientifically_capable,2,2,0
scientifically_certain,2,2,0
all_cliched,2,2,0
usually_profitable,2,2,0
scientifically_complex,2,2,0
no_foul,2,2,0
usually_proud,2,2,0
scientifically_critical,2,2,0
no_hotter,2,2,0
particularly_german,2,1,1
sadly_predictable,2,2,0
non_traditional,2,2,0
non_secular,2,2,0
non_permanent,2,2,0
non_negotiable,2,2,0
non_local,2,0,2
both_bad,2,2,0
wholly_objectionable,2,2,0
non_compliant,2,2,0
particularly_giant,2,2,0
safely_usable,2,2,0
nominally_powerful,2,2,0
nominally_christian,2,2,0
all_colorful,2,2,0
both_black,2,2,0
both_boring,2,2,0
both_brilliant,2,2,0
no_larger,2,2,0
newly_public,2,2,0
scientifically_dense,2,2,0
both_high,2,2,0
both_funny,2,2,0
scientifically_objective,2,2,0
all_cheerful,2,2,0
both_grateful,2,2,0
all_cheaper,2,2,0
never_ok,2,2,0
scientifically_perfect,2,2,0
scientifically_permissible,2,2,0
all_challenging,2,2,0
never_necessary,2,2,0
both_great,2,2,0
all_central,2,2,0
all_casual,2,2,0
both_happy,2,2,0
usually_playful,2,2,0
particularly_harmonious,2,2,0
particularly_harrowing,2,2,0
never_likely,2,2,0
never_less,2,2,0
scientifically_pure,2,2,0
particularly_habitable,2,2,0
both_free,2,2,0
newly_dead,2,2,0
readily_curable,2,2,0
particularly_granular,2,2,0
scientifically_exact,2,2,0
nevertheless_true,2,2,0
scientifically_false,2,2,0
nevertheless_necessary,2,2,0
nevertheless_effective,2,2,0
usually_predictable,2,2,0
both_equal,2,2,0
never_worth,2,2,0
usually_powerful,2,2,0
never_violent,2,2,0
all_civilized,2,2,0
all_circular,2,2,0
never_useful,2,2,0
particularly_gritty,2,2,0
never_stylish,2,2,0
scientifically_invalid,2,2,0
never_sick,2,2,0
scientifically_irresponsible,2,2,0
necessarily_provincial,2,2,0
necessarily_prosperous,2,2,0
often_ambiguous,2,2,0
wildly_exaggerated,2,2,0
wildly_engaging,2,1,1
unreasonably_short,2,2,0
acutely_selfish,2,2,0
clearly_inaccurate,2,2,0
wildly_enthused,2,2,0
particularly_time-consuming,2,2,0
rather_happy,2,2,0
severely_low,2,2,0
necessarily_extravagant,2,2,0
clearly_ineligible,2,2,0
particularly_unrealistic,2,2,0
necessarily_expired,2,2,0
unreasonably_restrictive,2,2,0
necessarily_experimental,2,2,0
necessarily_experienced,2,2,0
particularly_transformative,2,1,1
wildly_familiar,2,2,0
severely_outdated,2,2,0
acutely_endangered,2,2,0
necessarily_exotic,2,2,0
necessarily_fantastical,2,2,0
necessarily_farfetched,2,2,0
necessarily_fascist,2,2,0
particularly_thematic,2,2,0
particularly_tangible,2,1,1
unrelentingly_bad,2,2,0
necessarily_finer,2,2,0
clearly_fraudulent,2,2,0
clearly_frivolous,2,2,0
necessarily_filthy,2,2,0
particularly_taxing,2,2,0
necessarily_figurative,2,2,0
necessarily_fictional,2,2,0
particularly_tenable,2,2,0
unreasonably_volatile,2,2,0
necessarily_festive,2,2,0
wildly_eclectic,2,2,0
clearly_great,2,2,0
clearly_guilty,2,2,0
clearly_happy,2,2,0
clearly_harmful,2,2,0
clearly_illegitimate,2,2,0
severely_intolerant,2,2,0
severely_overpriced,2,2,0
particularly_tribal,2,2,0
clearly_insane,2,2,0
clearly_mad,2,2,0
actually_younger,2,2,0
severely_regular,2,2,0
particularly_unified,2,2,0
particularly_uniform,2,2,0
necessarily_entrepreneurial,2,2,0
particularly_unimportant,2,2,0
particularly_universal,2,2,0
rather_elegant,2,2,0
unreasonably_impractical,2,2,0
particularly_unlikable,2,2,0
particularly_unlikeable,2,2,0
particularly_unlikely,2,2,0
clearly_meritorious,2,2,0
necessarily_enforceable,2,2,0
severely_sore,2,0,2
actually_workable,2,2,0
necessarily_endearing,2,2,0
rather_easier,2,2,0
necessarily_endangered,2,2,0
necessarily_equitable,2,2,0
necessarily_erroneous,2,2,0
rather_fun,2,2,0
particularly_unfair,2,0,2
rather_full,2,2,0
particularly_triumphant,2,2,0
rather_frightening,2,2,0
necessarily_excellent,2,2,0
wildly_fast,2,2,0
wildly_favorable,2,2,0
necessarily_evocative,2,2,0
unreasonably_optimistic,2,2,0
severely_overworked,2,2,0
clearly_lawful,2,2,0
rather_famous,2,2,0
rather_extraordinary,2,2,0
rather_expensive,2,2,0
clearly_logical,2,2,0
severely_practical,2,2,0
particularly_understated,2,2,0
rather_exciting,2,2,0
necessarily_erudite,2,2,0
particularly_unethical,2,2,0
wildly_difficult,2,2,0
particularly_synonymous,2,2,0
particularly_symbolic,2,0,2
clearly_compatible,2,2,0
wildly_bad,2,1,1
seriously_weird,2,2,0
necessarily_greasy,2,2,0
adequately_flexible,2,2,0
seriously_worth,2,2,0
adequately_feminine,2,2,0
particularly_stinky,2,2,0
particularly_stoic,2,1,1
adequately_enough,2,2,0
wildly_brilliant,2,2,0
wildly_busy,2,2,0
particularly_stretchy,2,2,0
wildly_cheap,2,2,0
adequately_descriptive,2,2,0
clearly_criminal,2,2,0
necessarily_gifted,2,2,0
wildly_chuffed,2,2,0
necessarily_giant,2,2,0
necessarily_german,2,2,0
adequately_free,2,2,0
necessarily_gullible,2,2,0
particularly_stubborn,2,2,0
necessarily_gung,2,2,0
wildly_active,2,2,0
wildly_adventurous,2,2,0
adequately_large,2,2,0
particularly_speculative,2,2,0
necessarily_helpless,2,2,0
adequately_knowledgeable,2,2,0
necessarily_heartless,2,2,0
necessarily_heartening,2,2,0
unusually_busy,2,2,0
clearly_benign,2,2,0
clearly_biblical,2,2,0
rather_late,2,2,0
necessarily_hateful,2,1,1
particularly_spoilt,2,2,0
clearly_bullish,2,2,0
wildly_arrogant,2,2,0
clearly_christian,2,2,0
unusually_aggressive,2,2,0
wildly_athletic,2,2,0
particularly_stronger,2,2,0
particularly_stuffy,2,2,0
necessarily_fit,2,2,0
particularly_sudden,2,2,0
necessarily_formulaic,2,2,0
necessarily_formidable,2,2,0
necessarily_foreseeable,2,2,0
severely_dry,2,2,0
necessarily_foreboding,2,2,0
necessarily_forceful,2,2,0
adequately_capable,2,2,0
wildly_crazy,2,2,0
necessarily_forbidden,2,2,0
adequately_appreciative,2,2,0
rather_incredible,2,2,0
adequately_accurate,2,2,0
adequately_accountable,2,2,0
necessarily_flexible,2,2,0
necessarily_flawless,2,2,0
rather_inconsistent,2,2,0
necessarily_flattered,2,2,0
unrelentingly_bleak,2,2,0
rather_impressive,2,2,0
particularly_suggestive,2,2,0
wildly_confusing,2,2,0
necessarily_generous,2,2,0
clearly_established,2,2,0
necessarily_gendered,2,2,0
necessarily_gaudy,2,2,0
wildly_colorful,2,2,0
wildly_compelling,2,2,0
particularly_submissive,2,2,0
clearly_distinguished,2,2,0
wildly_complex,2,2,0
adequately_competent,2,2,0
necessarily_fruitful,2,2,0
unrelentingly_serious,2,2,0
necessarily_frigid,2,1,1
unrelentingly_secular,2,2,0
clearly_dominant,2,2,0
clearly_doomed,2,2,0
wildly_confident,2,2,0
particularly_succesful,2,2,0
necessarily_fragrant,2,2,0
clearly_enforceable,2,2,0
necessarily_forward,2,2,0
particularly_unorthodox,2,2,0
clearly_moral,2,2,0
again_sure,2,2,0
rather_busy,2,2,0
rather_comfy,2,2,0
unquestionably_necessary,2,2,0
clearly_worth,2,2,0
rather_clean,2,2,0
necessarily_damned,2,2,0
partly_due,2,0,2
partly_free,2,2,0
rather_certain,2,2,0
rather_calm,2,2,0
necessarily_cyclical,2,2,0
rather_dubious,2,2,0
actually_underpaid,2,2,0
partly_sunny,2,2,0
unquestionably_false,2,2,0
clinically_academic,2,2,0
partly_wrong,2,2,0
rather_bland,2,2,0
necessarily_curious,2,2,0
passionately_hateful,2,2,0
sexually_experienced,2,2,0
actually_understandable,2,2,0
actually_underwater,2,2,0
sexually_dominant,2,2,0
actually_unemployed,2,2,0
particularly_wicked,2,2,0
necessarily_demeaning,2,2,0
clearly_unlawful,2,2,0
actually_unlawful,2,2,0
necessarily_deleterious,2,2,0
actually_unknown,2,2,0
sexually_desperate,2,2,0
necessarily_defiant,2,2,0
clearly_untrue,2,2,0
actually_uniform,2,2,0
necessarily_defensible,2,2,0
particularly_wiser,2,2,0
wildly_intelligent,2,2,0
particularly_wordy,2,2,0
rather_common,2,2,0
actually_unhealthy,2,2,0
actually_unfair,2,2,0
sexually_disturbing,2,2,0
clearly_vulnerable,2,2,0
rather_basic,2,2,0
sexually_experimental,2,2,0
clinically_active,2,2,0
wildly_irresponsible,2,2,0
rather_absurd,2,2,0
clinically_impotent,2,2,0
necessarily_content,2,2,0
rather_able,2,2,0
clinically_ineffective,2,2,0
patently_frivolous,2,2,0
necessarily_constitutional,2,2,0
rarely_true,2,2,0
necessarily_consequential,2,2,0
clinically_objective,2,2,0
clinically_obsessed,2,2,0
actually_truthful,2,2,0
necessarily_confusing,2,2,0
necessarily_conflicting,2,2,0
necessarily_condescending,2,2,0
necessarily_concise,2,2,0
necessarily_compulsory,2,2,0
clinically_severe,2,2,0
patently_unjust,2,2,0
actually_uncomfortable,2,2,0
rather_amusing,2,2,0
clinically_addictive,2,2,0
past_tense,2,2,0
clinically_allergic,2,2,0
necessarily_crispy,2,2,0
clinically_beneficial,2,2,0
unquestionably_best,2,2,0
unquestionably_bad,2,2,0
rather_bad,2,2,0
rather_ashamed,2,2,0
clinically_competent,2,2,0
necessarily_cozy,2,2,0
necessarily_cowardly,2,2,0
actually_unconscious,2,2,0
rather_annoying,2,2,0
necessarily_courageous,2,2,0
clinically_correct,2,2,0
necessarily_counter-intuitive,2,2,0
necessarily_cost-efficient,2,2,0
clinically_demented,2,2,0
clinically_deranged,2,2,0
sexually_gross,2,2,0
clearly_unethical,2,2,0
unrealistically_good,2,2,0
actually_unpleasant,2,2,0
clearly_perceptible,2,2,0
necessarily_easiest,2,2,0
unreasonably_effective,2,2,0
necessarily_early,2,2,0
clearly_political,2,2,0
necessarily_dynamic,2,2,0
actually_wearable,2,1,1
rather_different,2,2,0
unreasonably_costly,2,2,0
wildly_helpful,2,2,0
necessarily_drastic,2,2,0
actually_weaker,2,2,0
particularly_usual,2,2,0
necessarily_downtrodden,2,2,0
particularly_valiant,2,1,1
necessarily_dominate,2,2,0
wildly_high,2,2,0
particularly_vegetarian,2,2,0
necessarily_doable,2,2,0
particularly_venerable,2,1,1
clearly_perfect,2,2,0
actually_welcoming,2,2,0
clearly_representative,2,2,0
wildly_happy,2,2,0
rather_dramatic,2,2,0
necessarily_empathetic,2,2,0
rather_drab,2,2,0
particularly_unsettled,2,2,0
clearly_negligent,2,2,0
necessarily_electronic,2,2,0
particularly_unsuccessful,2,2,0
necessarily_elaborate,2,2,0
particularly_untrue,2,2,0
necessarily_egotistical,2,2,0
clearly_normal,2,2,0
particularly_unwelcome,2,2,0
severely_underweight,2,2,0
rather_disappointed,2,2,0
clearly_open,2,2,0
actually_whole,2,2,0
unreasonably_exorbitant,2,2,0
particularly_upfront,2,2,0
unreasonably_excited,2,2,0
sexually_ambiguous,2,2,0
unreasonably_cold,2,2,0
sexually_daring,2,2,0
clearly_significant,2,2,0
particularly_wacky,2,1,1
clearly_supernatural,2,2,0
necessarily_devious,2,2,0
necessarily_deviant,2,2,0
clearly_supportive,2,2,0
unrealistically_positive,2,2,0
wildly_improbable,2,2,0
necessarily_detailed,2,2,0
particularly_warmer,2,2,0
sexually_competitive,2,2,0
rather_correct,2,2,0
clearly_sustainable,2,2,0
clearly_tangible,2,2,0
sexually_curious,2,2,0
unrealistically_hopeful,2,2,0
actually_unsafe,2,2,0
clearly_uncomfortable,2,2,0
wildly_inconvenient,2,2,0
particularly_western,2,2,0
wildly_important,2,2,0
actually_urgent,2,2,0
necessarily_disturbing,2,2,0
necessarily_disconcerting,2,2,0
actually_vital,2,2,0
wildly_hilarious,2,2,0
particularly_victorious,2,2,0
necessarily_distinguishable,2,2,0
wildly_hot,2,2,0
rather_cruel,2,2,0
necessarily_dissimilar,2,2,0
necessarily_dissatisfied,2,2,0
unreasonably_bright,2,2,0
particularly_vintage,2,1,1
actually_vicious,2,2,0
rather_creepy,2,2,0
actually_useless,2,2,0
necessarily_disinterested,2,2,0
clearly_secure,2,2,0
necessarily_discrete,2,2,0
particularly_vociferous,2,2,0
necessarily_discoverable,2,2,0
necessarily_discouraging,2,2,0
seriously_underfunded,2,2,0
necessarily_hierarchical,2,2,0
necessarily_hindu,2,2,0
usually_autobiographical,2,2,0
aesthetically_sophisticated,2,2,0
necessarily_onboard,2,2,0
particularly_prohibitive,2,1,1
wholly_vegan,2,2,0
certainly_impossible,2,2,0
wholly_vicious,2,2,0
particularly_pronounced,2,2,0
usually_awkward,2,2,0
usually_awesome,2,2,0
usually_attentive,2,2,0
seriously_ugly,2,2,0
usually_armed,2,2,0
seriously_deluded,2,2,0
necessarily_observable,2,2,0
particularly_psyched,2,2,0
particularly_psychedelic,2,2,0
certainly_possible,2,2,0
particularly_punctual,2,2,0
particularly_pungent,2,2,0
certainly_preferable,2,1,1
aesthetically_superior,2,2,0
necessarily_onerous,2,2,0
wholly_useful,2,2,0
necessarily_open-ended,2,2,0
particularly_presidential,2,2,0
necessarily_overpriced,2,2,0
seriously_cool,2,2,0
wholly_untenable,2,2,0
necessarily_outrageous,2,2,0
again_accessible,2,2,0
necessarily_out,2,2,0
wholly_unused,2,2,0
aesthetically_valuable,2,2,0
seriously_damaged,2,2,0
particularly_privileged,2,2,0
necessarily_oriented,2,2,0
usually_black,2,2,0
certainly_harmless,2,2,0
particularly_pro-israel,2,2,0
particularly_probable,2,2,0
particularly_profane,2,2,0
necessarily_opportunistic,2,2,0
necessarily_operational,2,2,0
wholly_wasteful,2,2,0
particularly_puzzling,2,2,0
usually_angry,2,2,0
usually_abundant,2,2,0
aesthetically_intriguing,2,2,0
necessarily_moderate,2,2,0
aesthetically_interesting,2,2,0
necessarily_misleading,2,2,0
particularly_raucous,2,2,0
wholly_wise,2,2,0
seriously_handicapped,2,2,0
necessarily_minimal,2,2,0
necessarily_mindful,2,2,0
necessarily_militant,2,2,0
particularly_reckless,2,2,0
necessarily_mexican,2,2,0
necessarily_metaphysical,2,2,0
necessarily_messy,2,2,0
seriously_horny,2,2,0
seriously_hot,2,2,0
seriously_hungry,2,2,0
particularly_red,2,2,0
particularly_reductive,2,2,0
urgently_worried,2,2,0
seriously_entertaining,2,2,0
seriously_disabled,2,2,0
usually_academic,2,2,0
wholly_welcoming,2,2,0
necessarily_noisy,2,2,0
rather_petty,2,2,0
particularly_quantitative,2,2,0
certainly_satisfied,2,2,0
rather_pessimistic,2,2,0
usually_aged,2,2,0
particularly_racy,2,1,1
wholly_wild,2,2,0
certainly_understandable,2,2,0
particularly_radioactive,2,2,0
usually_adequate,2,2,0
aesthetically_nice,2,2,0
necessarily_narrow,2,2,0
necessarily_narrative,2,2,0
particularly_random,2,2,0
necessarily_narcissistic,2,2,0
necessarily_mystical,2,2,0
necessarily_mysterious,2,2,0
necessarily_overrated,2,2,0
necessarily_pagan,2,2,0
particularly_prejudiced,2,2,0
necessarily_pristine,2,2,0
necessarily_prime,2,2,0
categorically_evil,2,2,0
rather_sad,2,2,0
usually_content,2,2,0
necessarily_prettier,2,2,0
wholly_uninteresting,2,2,0
wholly_unjust,2,2,0
rather_risky,2,2,0
particularly_perceptive,2,2,0
seriously_addictive,2,2,0
usually_constant,2,2,0
usually_conspicuous,2,2,0
necessarily_premature,2,2,0
necessarily_prejudicial,2,2,0
particularly_permeable,2,2,0
rather_redundant,2,2,0
usually_confrontational,2,2,0
necessarily_predatory,2,1,1
usually_compulsory,2,2,0
necessarily_primitive,2,2,0
categorically_eligible,2,2,0
necessarily_pragmatic,2,2,0
particularly_paranoid,2,2,0
self_sufficient,2,2,0
usually_costly,2,2,0
wholly_unfit,2,2,0
particularly_overcrowded,2,2,0
semi_transparent,2,2,0
again_substantial,2,2,0
catastrophically_worse,2,2,0
again_single,2,2,0
wholly_unfunny,2,2,0
categorically_admissible,2,2,0
usually_convenient,2,2,0
again_separate,2,2,0
again_satisfied,2,2,0
necessarily_proactive,2,2,0
necessarily_pro-life,2,2,0
particularly_pale,2,2,0
seriously_able,2,2,0
usually_controversial,2,2,0
particularly_panicked,2,2,0
necessarily_praiseworthy,2,2,0
necessarily_powerless,2,2,0
necessarily_painless,2,2,0
necessarily_photogenic,2,2,0
again_eligible,2,2,0
usually_clear-cut,2,2,0
particularly_pompous,2,2,0
particularly_pop,2,2,0
again_dead,2,2,0
particularly_populist,2,2,0
particularly_porous,2,2,0
necessarily_peachy,2,2,0
particularly_posh,2,1,1
again_cool,2,2,0
necessarily_patriarchal,2,2,0
necessarily_patient,2,2,0
again_conceivable,2,2,0
particularly_preachy,2,2,0
particularly_precocious,2,2,0
wholly_unsubstantiated,2,2,0
again_capable,2,2,0
particularly_predisposed,2,2,0
certainly_easy,2,2,0
usually_close,2,2,0
again_enough,2,2,0
categorically_superior,2,2,0
certainly_clear,2,2,0
wholly_unmoved,2,2,0
categorically_true,2,2,0
categorically_unique,2,2,0
again_healthy,2,2,0
necessarily_pop,2,2,0
categorically_unprotected,2,2,0
wholly_unnecessary,2,2,0
rather_quaint,2,2,0
necessarily_polite,2,2,0
necessarily_polish,2,2,0
usually_comparable,2,2,0
particularly_plain,2,2,0
cautiously_enough,2,2,0
usually_commensurate,2,2,0
usually_combustible,2,2,0
again_free,2,2,0
wholly_unpredictable,2,2,0
particularly_plump,2,2,0
necessarily_picturesque,2,2,0
wickedly_cruel,2,2,0
urgently_ill,2,2,0
urgently_concerned,2,2,0
particularly_self-conscious,2,2,0
classically_attractive,2,2,0
necessarily_industrial,2,2,0
rather_morbid,2,2,0
seriously_radical,2,1,1
necessarily_incumbent,2,2,0
seriously_religious,2,2,0
widely_recyclable,2,2,0
necessarily_incomprehensible,2,2,0
seriously_risky,2,2,0
necessarily_inadequate,2,2,0
necessarily_inactive,2,2,0
particularly_shady,2,1,1
widely_relevant,2,2,0
seriously_scary,2,1,1
necessarily_impulsive,2,2,0
unusually_hostile,2,2,0
necessarily_impractical,2,1,1
necessarily_impoverished,2,2,0
classically_genetic,2,2,0
particularly_self-destructive,2,2,0
unusually_lucky,2,2,0
necessarily_impolite,2,2,0
chronically_uninsured,2,2,0
seriously_offensive,2,2,0
necessarily_insular,2,2,0
seriously_open,2,2,0
necessarily_institutional,2,2,0
necessarily_instant,2,2,0
necessarily_inspirational,2,2,0
chronically_poor,2,2,0
particularly_sectarian,2,2,0
particularly_seductive,2,2,0
chronically_short,2,2,0
chronically_sick,2,2,0
necessarily_innocuous,2,2,0
unusually_nasty,2,2,0
necessarily_injurious,2,2,0
necessarily_inhumane,2,2,0
necessarily_inhuman,2,2,0
necessarily_influential,2,2,0
unusually_mild,2,2,0
necessarily_infinite,2,1,1
adequately_skeptical,2,2,0
widely_respected,2,2,0
necessarily_intense,2,2,0
classically_tragic,2,2,0
adequately_realistic,2,2,0
adequately_ready,2,2,0
necessarily_hospitable,2,2,0
particularly_sloppy,2,2,0
clearly_achievable,2,2,0
necessarily_hopeful,2,2,0
necessarily_honourable,2,2,0
widely_true,2,2,0
widely_unknown,2,2,0
particularly_smitten,2,2,0
widely_useful,2,2,0
adequately_practical,2,2,0
particularly_socialist,2,2,0
particularly_solicitous,2,2,0
necessarily_holy,2,2,0
particularly_solitary,2,0,2
adequately_open,2,2,0
clearly_appropriate,2,2,0
adequately_nutritious,2,2,0
rather_maddening,2,2,0
necessarily_hurtful,2,2,0
widely_shareable,2,2,0
adequately_reflective,2,2,0
particularly_shrewd,2,2,0
adequately_scalable,2,2,0
adequately_satisfying,2,2,0
seriously_short,2,2,0
adequately_rigorous,2,2,0
rather_mediocre,2,2,0
widely_sustainable,2,2,0
unusually_harsh,2,2,0
particularly_sizeable,2,2,0
particularly_skilful,2,2,0
adequately_related,2,2,0
particularly_skinny,2,2,0
necessarily_idle,2,2,0
particularly_skittish,2,2,0
necessarily_idealistic,2,2,0
necessarily_iconic,2,2,0
necessarily_hyperbolic,2,2,0
necessarily_hyperbole,2,2,0
necessarily_hyperactive,2,2,0
chronically_fatigued,2,2,0
seriously_objectionable,2,0,2
particularly_regrettable,2,2,0
seriously_improper,2,2,0
unusually_wet,2,2,0
rather_old,2,2,0
particularly_respectable,2,2,0
particularly_restless,2,2,0
necessarily_lovable,2,2,0
unusually_virulent,2,0,2
widely_attainable,2,2,0
particularly_reticent,2,2,0
unusually_violent,2,2,0
necessarily_longer,2,2,0
necessarily_long-lived,2,2,0
chemically_aggressive,2,2,0
aesthetically_better,2,2,0
necessarily_little,2,2,0
unusually_tired,2,2,0
necessarily_limitless,2,2,0
chemically_different,2,2,0
unusually_tight,2,2,0
necessarily_lightweight,2,2,0
aesthetically_complete,2,2,0
unusually_wise,2,2,0
particularly_rife,2,2,0
seriously_impressive,2,1,1
necessarily_marketable,2,2,0
necessarily_marginal,2,2,0
up_much,2,2,0
wickedly_entertaining,2,1,1
up_late,2,2,0
up_front,2,2,0
necessarily_man-made,2,2,0
particularly_relaxed,2,2,0
aesthetically_frustrating,2,2,0
necessarily_malignant,2,2,0
wickedly_sexy,2,2,0
wide_awake,2,2,0
seriously_immoral,2,1,1
up_bright,2,2,0
necessarily_magic,2,2,0
necessarily_lyrical,2,2,0
unusually_young,2,2,0
particularly_reputable,2,2,0
particularly_resentful,2,2,0
necessarily_lighthearted,2,2,0
necessarily_libertarian,2,2,0
chronically_absent,2,2,0
particularly_sanitary,2,2,0
widely_intelligent,2,2,0
admittedly_gay,2,2,0
chiefly_interested,2,2,0
widely_misunderstood,2,2,0
unusually_rapid,2,2,0
necessarily_invincible,2,2,0
unusually_quiet,2,2,0
rather_narrow,2,2,0
particularly_scottish,2,1,1
unusually_pure,2,2,0
chiefly_valuable,2,2,0
adequately_warm,2,2,0
necessarily_intrusive,2,2,0
necessarily_intriguing,2,2,0
necessarily_intolerant,2,2,0
chillingly_good,2,2,0
necessarily_intimate,2,2,0
particularly_seamless,2,2,0
particularly_searchable,2,2,0
necessarily_islamic,2,2,0
unusually_severe,2,2,0
necessarily_lesser,2,2,0
necessarily_jaw-dropping,2,2,0
seriously_innovative,2,0,2
aesthetically_alive,2,2,0
particularly_rocky,2,2,0
adorably_lovely,2,2,0
necessarily_left-wing,2,2,0
necessarily_least,2,1,1
particularly_round,2,2,0
chemically_relaxed,2,2,0
unusually_special,2,2,0
necessarily_laden,2,2,0
particularly_rural,2,1,1
particularly_russian,2,0,2
rather_nice,2,2,0
unusually_sharp,2,2,0
necessarily_juicy,2,2,0
particularly_sadistic,2,2,0
necessarily_jubilant,2,2,0
admittedly_wrong,2,2,0
widely_famous,2,2,0
particularly_excruciating,2,2,0
not_allergic,2,2,0
ridiculously_valuable,2,2,0
all_posh,2,2,0
objectively_valid,2,2,0
utterly_worthless,2,2,0
barely_discernible,2,1,1
all_precious,2,2,0
real_loving,2,2,0
painfully_accurate,2,2,0
painfully_annoying,2,2,0
painfully_apparent,2,2,0
objectively_strong,2,2,0
painfully_awful,2,2,0
remotely_complicated,2,2,0
all_portable,2,2,0
utterly_wicked,2,1,1
objectively_reliable,2,2,0
all_poisonous,2,2,0
objectively_present,2,2,0
objectively_positive,2,2,0
objectively_poor,2,2,0
objectively_perfect,2,2,0
barely_open,2,0,2
wholly_compelling,2,2,0
real_mad,2,2,0
remotely_artistic,2,1,1
utterly_wretched,2,2,0
remotely_amicable,2,1,1
remotely_amiss,2,2,0
obnoxiously_large,2,2,0
obnoxiously_huge,2,2,0
all_preventable,2,2,0
overwhelmingly_talented,2,2,0
overwhelmingly_technological,2,1,1
obnoxiously_difficult,2,2,0
obnoxiously_cutesy,2,2,0
overwhelmingly_tough,2,1,1
obnoxiously_close,2,2,0
obnoxiously_bright,2,2,0
real_memorable,2,2,0
obnoxiously_big,2,2,0
remotely_appetizing,2,1,1
vaguely_accurate,2,2,0
all_preferable,2,2,0
barely_competent,2,2,0
remotely_articulate,2,1,1
objectively_observable,2,2,0
remotely_better,2,2,0
painfully_close,2,2,0
objectively_comparable,2,2,0
barely_usable,2,2,0
objectively_best,2,2,0
painfully_embarrassing,2,2,0
all_philosophical,2,2,0
remotely_claustrophobic,2,1,1
real_inclined,2,2,0
all_personal,2,2,0
remotely_coherent,2,1,1
nutritionally_sufficient,2,2,0
nutritionally_significant,2,2,0
painfully_fresh,2,2,0
all_permanent,2,2,0
utterly_unhappy,2,2,0
basically_awkward,2,2,0
nutritionally_perfect,2,2,0
nutritionally_optimal,2,2,0
nutritionally_ideal,2,2,0
painfully_handsome,2,2,0
nutritionally_equal,2,2,0
objectively_certain,2,2,0
painfully_easy,2,2,0
objectively_moral,2,2,0
remotely_cheap,2,2,0
objectively_measurable,2,2,0
objectively_interesting,2,2,0
wholly_compliant,2,2,0
remotely_black,2,2,0
objectively_important,2,1,1
utterly_untrue,2,2,0
real_jumpy,2,2,0
utterly_untenable,2,2,0
remotely_british,2,1,1
painfully_conscious,2,2,0
remotely_campy,2,0,2
painfully_cruel,2,2,0
remotely_catholic,2,0,2
objectively_essential,2,0,2
remotely_certain,2,2,0
remotely_chaotic,2,2,0
all_photogenic,2,2,0
painfully_earnest,2,2,0
objectively_deserving,2,1,1
all_pricey,2,2,0
badly_sexual,2,2,0
wholly_comic,2,2,0
real_passionate,2,2,0
remarkably_efficient,2,2,0
back_strong,2,2,0
real_outspoken,2,2,0
obviously_contrary,2,2,0
all_psychological,2,2,0
overwhelmingly_physical,2,2,0
remarkably_generous,2,2,0
obviously_comparable,2,2,0
obviously_close,2,2,0
vaguely_equivalent,2,2,0
overwhelmingly_pleased,2,2,0
wholly_civilized,2,2,0
all_prudent,2,2,0
remarkably_imaginative,2,2,0
badly_affected,2,2,0
overwhelmingly_possible,2,2,0
obviously_certain,2,2,0
all_promising,2,2,0
obviously_catchy,2,2,0
real_partial,2,2,0
obviously_dead,2,2,0
remarkably_inconsistent,2,1,1
obviously_decrepit,2,2,0
overwhelmingly_joyful,2,2,0
wholly_candid,2,2,0
obviously_distinct,2,2,0
obviously_dissimilar,2,2,0
real_political,2,2,0
all_rainy,2,2,0
remarkably_clean,2,2,0
overwhelmingly_long,2,2,0
obviously_disappointed,2,2,0
obviously_dire,2,2,0
remarkably_competitive,2,2,0
all_radical,2,2,0
wholly_charitable,2,2,0
remarkably_complex,2,2,0
vaguely_illegal,2,1,1
real_photogenic,2,2,0
remarkably_decorative,2,2,0
real_persuasive,2,2,0
overwhelmingly_new,2,2,0
obviously_brilliant,2,2,0
all_progressive,2,2,0
badly_scared,2,2,0
remarkably_sensitive,2,2,0
obscenely_short,2,2,0
real_noisy,2,2,0
remarkably_stable,2,2,0
real_nimble,2,2,0
overwhelmingly_significant,2,2,0
remarkably_surprising,2,2,0
remarkably_talented,2,2,0
remarkably_unique,2,2,0
obscenely_difficult,2,2,0
remarkably_unusual,2,2,0
real_negative,2,0,2
remarkably_wonderful,2,2,0
overwhelmingly_steep,2,2,0
remarkably_worse,2,2,0
real_necessary,2,2,0
badly_off,2,2,0
all_privileged,2,2,0
wholly_comforting,2,2,0
vaguely_authentic,2,2,0
remarkably_smooth,2,2,0
real_normal,2,2,0
overwhelmingly_receptive,2,2,0
remarkably_religious,2,2,0
all_profitable,2,2,0
remarkably_intelligent,2,2,0
remarkably_inventive,2,2,0
all_professional,2,2,0
obviously_beholden,2,2,0
overwhelmingly_romantic,2,2,0
remarkably_memorable,2,2,0
obviously_arbitrary,2,2,0
obviously_applicable,2,2,0
badly_drunk,2,2,0
obviously_anti-semitic,2,2,0
obviously_angry,2,2,0
obviously_amiss,2,2,0
obviously_ambitious,2,1,1
obviously_alcoholic,2,2,0
real_nostalgic,2,2,0
remarkably_noticeable,2,2,0
remarkably_novel,2,2,0
remarkably_poor,2,2,0
nutritionally_destitute,2,2,0
remotely_comprehensible,2,2,0
wholly_literal,2,2,0
remotely_fantastical,2,0,2
remotely_exotic,2,0,2
now_larger,2,2,0
now_large,2,2,0
now_jobless,2,2,0
basically_same,2,1,1
now_involved,2,2,0
remotely_exploitative,2,1,1
remotely_extreme,2,2,0
utterly_repulsive,2,1,1
real_drastic,2,2,0
remotely_comprehensive,2,2,0
utterly_reliable,2,2,0
now_important,2,2,0
now_illegal,2,2,0
remotely_festive,2,1,1
partially_open,2,2,0
remotely_fine,2,2,0
remotely_flashy,2,0,2
real_diverse,2,2,0
real_distinctive,2,1,1
wholly_damning,2,2,0
remotely_exceptional,2,0,2
partially_factual,2,2,0
now_moral,2,2,0
now_okay,2,2,0
partially_attributable,2,2,0
now_obsolete,2,2,0
partially_blind,2,2,0
now_observable,2,2,0
utterly_selfish,2,2,0
remotely_esoteric,2,0,2
remotely_essential,2,2,0
now_nomadic,2,2,0
wholly_critical,2,2,0
now_new,2,2,0
now_navigable,2,2,0
now_much,2,2,0
now_most,2,2,0
wholly_culpable,2,2,0
partially_deaf,2,2,0
all_obsolete,2,2,0
real_encouraging,2,2,0
now_more,2,1,1
remotely_free,2,2,0
remotely_friendly,2,2,0
partially_ready,2,2,0
remotely_habitable,2,2,0
particularly_accustomed,2,2,0
all_nerdy,2,2,0
now_conscious,2,2,0
real_curvy,2,2,0
utterly_outraged,2,2,0
now_comfortable,2,2,0
now_cold,2,2,0
remotely_harmful,2,1,1
utterly_ordinary,2,2,0
real_crowded,2,2,0
beautifully_expressive,2,2,0
remotely_heavy,2,2,0
utterly_offensive,2,2,0
utterly_obvious,2,2,0
utterly_obsessed,2,2,0
wholly_deserving,2,2,0
remotely_heroic,2,0,2
now_blind,2,2,0
remotely_high,2,2,0
all_neutral,2,2,0
now_customary,2,2,0
utterly_preposterous,2,2,0
remotely_green,2,2,0
utterly_powerless,2,2,0
now_expired,2,2,0
all_objective,2,2,0
partially_right,2,2,0
wholly_decisive,2,2,0
partially_visible,2,2,0
particularly_able,2,2,0
beautifully_bizarre,2,2,0
particularly_abrasive,2,2,0
particularly_absorbent,2,2,0
particularly_abstract,2,2,0
remotely_graphic,2,1,1
now_difficult,2,2,0
particularly_abusive,2,0,2
remotely_gratuitous,2,2,0
remotely_greasy,2,2,0
remotely_great,2,2,0
now_democratic,2,2,0
now_dear,2,2,0
now_old,2,2,0
basically_perfect,2,2,0
now_other,2,0,2
remotely_cosy,2,1,1
numbingly_dull,2,1,1
real_graceful,2,2,0
numbingly_cold,2,2,0
painfully_serious,2,2,0
remotely_creepy,2,1,1
painfully_short,2,2,0
real_glorious,2,2,0
remotely_crunchy,2,0,2
painfully_stupid,2,2,0
real_full,2,2,0
all_orthodox,2,2,0
utterly_subject,2,2,0
now_widespread,2,2,0
remotely_daring,2,0,2
remotely_debatable,2,2,0
basically_identical,2,2,0
remotely_decorative,2,1,1
real_fresh,2,2,0
remotely_deep,2,1,1
numbingly_familiar,2,2,0
all_outrageous,2,2,0
remotely_definitive,2,1,1
real_greedy,2,2,0
all_partisan,2,2,0
remotely_condescending,2,1,1
remotely_conducive,2,2,0
utterly_tragic,2,1,1
numerically_specific,2,2,0
numerically_small,2,2,0
numerically_significant,2,2,0
utterly_thrilled,2,2,0
real_hospitable,2,2,0
remotely_constructive,2,2,0
all_parallel,2,2,0
numerically_dominant,2,2,0
remotely_controlled,2,2,0
wholly_contradictory,2,2,0
basically_essential,2,2,0
painfully_real,2,2,0
all_outstanding,2,2,0
remotely_convinced,2,2,0
real_handy,2,2,0
now_unusual,2,2,0
now_underway,2,2,0
now_outdated,2,2,0
wholly_cooperative,2,2,0
remotely_egotistical,2,2,0
now_public,2,2,0
real_flavorful,2,2,0
real_flattering,2,2,0
remotely_elderly,2,2,0
all_omnipotent,2,2,0
remotely_eligible,2,2,0
real_favorable,2,2,0
palpably_arbitrary,2,2,0
all_official,2,2,0
remotely_elitist,2,2,0
basically_new,2,2,0
all_odd,2,2,0
real_excellent,2,2,0
remotely_empty,2,2,0
remotely_endearing,2,2,0
real_exact,2,2,0
remotely_enlightened,2,1,1
remotely_enthusiastic,2,2,0
remotely_efficient,2,2,0
now_redundant,2,2,0
remotely_deserving,2,2,0
remotely_educational,2,2,0
real_formal,2,2,0
now_unaware,2,2,0
remotely_desirable,2,2,0
now_tired,2,2,0
remotely_disappointed,2,2,0
remotely_disappointing,2,2,0
utterly_specific,2,2,0
remotely_disconcerting,2,1,1
painfully_unfunny,2,2,0
now_suitable,2,2,0
utterly_solemn,2,2,0
remotely_doable,2,2,0
painfully_wrong,2,1,1
now_serious,2,2,0
remotely_drunk,2,2,0
real_fluent,2,2,0
all_operational,2,2,0
now_replete,2,2,0
remotely_edible,2,0,2
remarkably_capable,2,2,0
overwhelmingly_interesting,2,2,0
overwhelmingly_intense,2,2,0
relatively_rational,2,2,0
relatively_poor,2,2,0
oddly_appropriate,2,2,0
occasionally_wrong,2,2,0
all_slimy,2,2,0
relatively_primitive,2,2,0
all_slim,2,2,0
relatively_prosperous,2,2,0
overtly_theological,2,2,0
vastly_dissimilar,2,2,0
wholly_annoyed,2,2,0
remarkably_brilliant,2,2,0
relatively_recent,2,2,0
overtly_thrilled,2,2,0
overtly_thrilling,2,0,2
all_skittish,2,2,0
overtly_topical,2,2,0
relatively_secure,2,2,0
wholly_annoying,2,2,0
occasionally_ill-equipped,2,2,0
overtly_trashy,2,2,0
all_slippery,2,2,0
relatively_peaceful,2,2,0
overtly_sympathetic,2,2,0
relatively_open,2,1,1
real_thankful,2,2,0
relatively_important,2,2,0
awfully_impressive,2,2,0
overtly_socialist,2,2,0
overtly_sour,2,2,0
real_tender,2,2,0
awfully_interested,2,2,0
overtly_special,2,0,2
overtly_spicy,2,2,0
off_ill,2,2,0
all_sober,2,2,0
all_smug,2,2,0
relatively_invisible,2,2,0
overtly_suicidal,2,2,0
relatively_low-risk,2,2,0
oddly_high,2,2,0
awfully_late,2,2,0
real_tactful,2,2,0
overtly_suspicious,2,1,1
relatively_soft,2,2,0
occasionally_great,2,2,0
occasionally_funny,2,2,0
obviously_unworthy,2,2,0
vanishingly_small,2,2,0
obviously_unjust,2,2,0
overtly_vulgar,2,1,1
relatively_unproductive,2,2,0
obviously_unfit,2,2,0
overtly_weak,2,2,0
obviously_unfair,2,1,1
obviously_unethical,2,2,0
relatively_unscathed,2,2,0
overtly_wealthy,2,2,0
awfully_serious,2,1,1
obviously_trendy,2,2,0
relatively_warm,2,2,0
relatively_wealthy,2,2,0
relentlessly_bleak,2,2,0
obviously_threatening,2,0,2
all_showy,2,2,0
obviously_thin,2,2,0
all_shocking,2,2,0
real_straightforward,2,2,0
overtly_upset,2,2,0
relatively_stable,2,2,0
obviously_upset,2,2,0
occasionally_entertaining,2,1,1
overtly_trendy,2,2,0
vastly_costly,2,2,0
relatively_successful,2,2,0
occasionally_brilliant,2,2,0
occasionally_boring,2,2,0
overtly_ugly,2,2,0
occasionally_beautiful,2,2,0
relatively_tame,2,2,0
real_stupid,2,2,0
relatively_true,2,2,0
occasionally_amusing,2,2,0
awfully_old,2,2,0
obviously_worried,2,2,0
obviously_wise,2,2,0
relatively_uncommon,2,2,0
vastly_available,2,2,0
real_strange,2,2,0
obviously_valid,2,2,0
relatively_healthy,2,2,0
all_solemn,2,2,0
all_solid,2,2,0
real_wet,2,2,0
officially_possible,2,2,0
all_strategic,2,2,0
awfully_clear,2,2,0
overtly_problematic,2,2,0
vastly_unequal,2,2,0
real_welcome,2,2,0
overtly_prominent,2,2,0
regularly_easy,2,2,0
wholly_academic,2,2,0
regularly_efficient,2,2,0
awfully_concerned,2,2,0
officially_married,2,2,0
officially_mandatory,2,2,0
overtly_queer,2,2,0
wholly_accessible,2,2,0
awfully_contradictory,2,2,0
all_stellar,2,2,0
officially_informed,2,2,0
officially_independent,2,2,0
all_streaky,2,2,0
all_stringent,2,2,0
awfully_crowded,2,2,0
real_white,2,2,0
overtly_narrative,2,2,0
overtly_nasty,2,1,1
realistically_affordable,2,2,0
often_affordable,2,2,0
overtly_new,2,1,1
overtly_noisy,2,2,0
refreshingly_new,2,1,1
overtly_nostalgic,2,2,0
officially_willing,2,2,0
overtly_nutty,2,1,1
all_subservient,2,2,0
regionally_available,2,2,0
officially_valid,2,2,0
realistically_accurate,2,2,0
officially_sure,2,2,0
overtly_pagan,2,2,0
real_willing,2,2,0
overtly_philosophical,2,2,0
regularly_able,2,2,0
officially_historic,2,2,0
overtly_radical,2,2,0
overtly_shocking,2,1,1
overtly_sad,2,2,0
vastly_important,2,2,0
offensively_skilled,2,2,0
overtly_seasonal,2,1,1
offensively_silly,2,2,0
awfully_funny,2,2,0
relatively_cheaper,2,2,0
overtly_sectarian,2,2,0
offensively_proficient,2,2,0
relatively_consistent,2,2,0
real_tricky,2,0,2
offensively_minded,2,2,0
offensively_inoffensive,2,2,0
offensively_inept,2,2,0
offensively_gifted,2,2,0
offensively_explosive,2,2,0
offensively_efficient,2,2,0
all_southern,2,2,0
real_tired,2,2,0
all_sour,2,2,0
awfully_fond,2,2,0
offensively_ugly,2,2,0
vastly_older,2,2,0
offensively_young,2,2,0
regularly_possible,2,2,0
officially_endangered,2,2,0
awfully_dangerous,2,2,0
officially_effective,2,2,0
officially_detailed,2,2,0
all_static,2,2,0
regularly_proud,2,2,0
officially_crazy,2,2,0
officially_connected,2,2,0
regularly_simple,2,2,0
awfully_different,2,2,0
officially_catholic,2,2,0
relatively_advanced,2,2,0
real_unhappy,2,2,0
relatively_affluent,2,1,1
relatively_affordable,2,2,0
officially_atheist,2,2,0
vastly_inexperienced,2,2,0
officially_accessible,2,2,0
all_shitty,2,2,0
wholly_articulate,2,2,0
relentlessly_depressing,2,2,0
obviously_influential,2,2,0
all_rotten,2,2,0
religiously_coercive,2,2,0
all_robust,2,2,0
religiously_compatible,2,2,0
obviously_impressed,2,2,0
vaguely_plausible,2,2,0
religiously_correct,2,2,0
real_regular,2,2,0
obviously_imminent,2,2,0
vaguely_offensive,2,1,1
religiously_diverse,2,2,0
obviously_ideal,2,2,0
obviously_hypocritical,2,2,0
overwhelmingly_extensive,2,2,0
religiously_exclusive,2,2,0
religiously_faithful,2,2,0
religiously_free,2,2,0
obviously_high,2,2,0
real_reasonable,2,2,0
obviously_indian,2,2,0
obviously_innocent,2,2,0
obviously_hard,2,2,0
real_respectful,2,2,0
obviously_loose,2,1,1
wholly_beholden,2,2,0
reliably_successful,2,2,0
obviously_liberal,2,2,0
obviously_lawful,2,2,0
overwhelmingly_distracting,2,2,0
reliably_unreliable,2,2,0
obviously_larger,2,2,0
obviously_lame,2,2,0
obviously_knowledgeable,2,2,0
all_runny,2,2,0
overwhelmingly_dramatic,2,2,0
reliably_wrong,2,2,0
overwhelmingly_earthy,2,2,0
religiously_acceptable,2,2,0
real_responsible,2,2,0
obviously_interesting,2,2,0
obviously_interested,2,2,0
religiously_appropriate,2,2,0
overwhelmingly_feminine,2,2,0
religiously_intolerant,2,2,0
real_sanguine,2,2,0
obviously_fabulous,2,2,0
real_proactive,2,2,0
wholly_blind,2,2,0
all_reflective,2,2,0
obviously_exempt,2,2,0
religiously_wrong,2,2,0
real_prepared,2,2,0
back_more,2,2,0
obviously_evident,2,2,0
obviously_essential,2,2,0
obviously_erotic,2,2,0
remarkably_accurate,2,2,0
remarkably_affordable,2,2,0
vaguely_interesting,2,1,1
remarkably_astute,2,2,0
real_predictable,2,2,0
remarkably_beautiful,2,2,0
all_recoverable,2,2,0
all_recognisable,2,2,0
back_online,2,2,0
obviously_extreme,2,2,0
obviously_fair,2,2,0
obviously_greater,2,2,0
religiously_tolerant,2,2,0
overwhelmingly_flavorful,2,2,0
back_enough,2,2,0
overwhelmingly_frequent,2,2,0
overwhelmingly_fruity,2,2,0
religiously_knowledgeable,2,2,0
obviously_gothic,2,2,0
overwhelmingly_full,2,2,0
all_restrictive,2,2,0
religiously_necessary,2,2,0
back_heavy,2,2,0
religiously_obligatory,2,2,0
real_prominent,2,1,1
religiously_orthodox,2,2,0
obviously_flawed,2,2,0
obviously_flashy,2,2,0
all_renewable,2,2,0
overwhelmingly_harmful,2,2,0
obviously_feeble,2,2,0
religiously_restrictive,2,2,0
reliably_secret,2,2,0
overwhelmingly_dense,2,2,0
awfully_smart,2,2,0
relentlessly_optimistic,2,2,0
obviously_sexist,2,2,0
obviously_severe,2,2,0
relentlessly_upbeat,2,2,0
obviously_rude,2,2,0
awfully_successful,2,2,0
wholly_attributable,2,2,0
all_selfless,2,2,0
awfully_surprising,2,2,0
obviously_ridiculous,2,2,0
obviously_religious,2,2,0
vaguely_sexist,2,2,0
reliably_comparable,2,2,0
reliably_competent,2,2,0
obviously_real,2,2,0
overwhelmingly_bleak,2,2,0
real_slow,2,1,1
overwhelmingly_brilliant,2,2,0
obviously_ready,2,2,0
wholly_authoritarian,2,2,0
obviously_sexual,2,1,1
vaguely_suggestive,2,1,1
obviously_qualified,2,2,0
obviously_simple,2,2,0
obviously_suspicious,2,0,2
obviously_suitable,2,2,0
obviously_successful,2,2,0
obviously_subject,2,2,0
overwhelmingly_acidic,2,2,0
awfully_specific,2,2,0
relentlessly_entertaining,2,2,0
all_shady,2,2,0
relentlessly_funny,2,2,0
vaguely_surprised,2,2,0
overwhelmingly_alcoholic,2,2,0
awfully_steep,2,2,0
obviously_smart,2,2,0
all_sexual,2,2,0
all_sexist,2,2,0
real_sociable,2,2,0
obviously_slow,2,2,0
all_serene,2,2,0
obviously_sincere,2,2,0
vaguely_scientific,2,2,0
wholly_autobiographical,2,2,0
wholly_bare,2,2,0
obviously_objectionable,2,2,0
obviously_nonsensical,2,2,0
reliably_positive,2,2,0
obviously_nervous,2,2,0
overwhelmingly_confident,2,2,0
overwhelmingly_confusing,2,2,0
real_severe,2,1,1
obviously_nefarious,2,1,1
vaguely_realistic,2,2,0
overwhelmingly_cool,2,2,0
reliably_random,2,2,0
obviously_mistaken,2,2,0
real_secure,2,2,0
reliably_redundant,2,2,0
reliably_related,2,2,0
obviously_menacing,2,2,0
all_sanguine,2,2,0
obviously_meaningful,2,2,0
obviously_masculine,2,2,0
all_saddened,2,2,0
all_savvy,2,2,0
overwhelmingly_complicated,2,2,0
obviously_psychotic,2,2,0
reliably_lucrative,2,2,0
overwhelmingly_charismatic,2,2,0
vaguely_rude,2,0,2
obviously_powerful,2,2,0
real_shy,2,2,0
obviously_positive,2,2,0
obviously_popular,2,2,0
reliably_funny,2,2,0
obviously_pleased,2,2,0
all_scrupulous,2,2,0
real_shocking,2,2,0
obviously_playful,2,2,0
overwhelmingly_comfortable,2,2,0
real_shocked,2,2,0
overwhelmingly_common,2,2,0
obviously_photogenic,2,2,0
reliably_identifiable,2,2,0
obviously_painful,2,2,0
all_sceptical,2,2,0
obviously_odd,2,1,1
remotely_hilarious,2,2,0
all_mundane,2,2,0
now_awake,2,0,2
not_lofty,2,2,0
bit_frivolous,2,2,0
remotely_willing,2,2,0
not_memorable,2,2,0
remotely_witty,2,1,1
particularly_detectable,2,2,0
not_mature,2,1,1
readily_undone,2,2,0
not_lucky,2,2,0
all_foolish,2,2,0
all_flowery,2,2,0
remotely_tedious,2,1,1
wholly_inactive,2,2,0
not_little,2,2,0
not_literal,2,2,0
not_likeable,2,2,0
not_liberal,2,2,0
particularly_disagreeable,2,1,1
bit_vicious,2,2,0
reportedly_present,2,2,0
bit_worried,2,2,0
all_forlorn,2,2,0
not_mindful,2,1,1
bit_fatigued,2,2,0
not_moot,2,2,0
not_noticeable,2,2,0
utterly_conventional,2,2,0
not_noisy,2,2,0
not_noble,2,2,0
bit_concerned,2,2,0
all_fraudulent,2,2,0
bit_credible,2,2,0
particularly_derogatory,2,2,0
not_negligible,2,2,0
not_negative,2,2,0
bit_daunting,2,2,0
not_native,2,2,0
utterly_confused,2,2,0
utterly_confident,2,2,0
all_frail,2,2,0
not_motivated,2,2,0
bit_dull,2,2,0
bit_expensive,2,2,0
utterly_conclusive,2,2,0
bitingly_cold,2,2,0
reportedly_serious,2,2,0
wholly_incomprehensible,2,2,0
all_fastidious,2,2,0
not_indian,2,2,0
particularly_disrespectful,2,1,1
not_incompatible,2,2,0
bitterly_partisan,2,2,0
utterly_bewildering,2,2,0
all_far-fetched,2,2,0
bitterly_severe,2,2,0
utterly_believable,2,1,1
richly_clad,2,2,0
particularly_distasteful,2,2,0
richly_ideal,2,2,0
not_hyperbole,2,2,0
not_hygienic,2,2,0
wholly_incorrect,2,2,0
utterly_awesome,2,2,0
all_fake,2,2,0
all_faithful,2,2,0
particularly_distinguishing,2,0,2
utterly_ashamed,2,2,0
bitterly_ironic,2,2,0
particularly_disgruntled,2,2,0
not_late,2,2,0
utterly_black,2,2,0
not_last,2,2,0
not_lame,2,2,0
particularly_disciplined,2,2,0
bitingly_funny,2,2,0
particularly_disconcerting,2,2,0
utterly_bored,2,2,0
resolutely_male,2,2,0
not_invasive,2,2,0
particularly_discoverable,2,2,0
not_intrinsic,2,2,0
bitterly_angry,2,2,0
not_interchangeable,2,2,0
not_intense,2,2,0
not_integral,2,2,0
not_inspiring,2,2,0
not_insightful,2,2,0
rhythmically_complex,2,2,0
particularly_discriminatory,2,2,0
not_inherent,2,2,0
not_novel,2,2,0
readily_useable,2,2,0
not_obscene,2,2,0
all_hardcore,2,2,0
all_haphazard,2,2,0
biologically_relevant,2,2,0
all_handmade,2,2,0
remotely_toxic,2,2,0
utterly_delightful,2,2,0
utterly_delighted,2,2,0
all_gross,2,2,0
utterly_defunct,2,2,0
all_gritty,2,2,0
not_positive,2,2,0
particularly_culpable,2,2,0
particularly_cultural,2,1,1
all_greasy,2,2,0
biologically_similar,2,2,0
biologically_sound,2,2,0
not_polite,2,2,0
all_gratifying,2,2,0
particularly_current,2,2,0
biologically_suitable,2,2,0
biologically_real,2,2,0
not_prolific,2,0,2
utterly_dark,2,2,0
not_prominent,2,2,0
biologically_monogamous,2,2,0
particularly_cordial,2,2,0
not_recognizable,2,2,0
remotely_tentative,2,0,2
biologically_natural,2,2,0
biologically_necessary,2,2,0
biologically_normal,2,2,0
particularly_corrosive,2,2,0
utterly_dependant,2,2,0
remotely_thick,2,1,1
wholly_honorable,2,2,0
particularly_courteous,2,2,0
not_psychotic,2,2,0
particularly_covert,2,1,1
all_harmless,2,2,0
all_hardworking,2,2,0
biologically_productive,2,1,1
not_proportional,2,2,0
not_prone,2,2,0
wholly_idle,2,2,0
all_gracious,2,2,0
not_obsessed,2,2,0
all_garish,2,2,0
not_outrageous,2,2,0
all_futuristic,2,2,0
readily_verifiable,2,2,0
particularly_deliberate,2,2,0
wholly_impartial,2,1,1
utterly_crucial,2,2,0
not_orthodox,2,2,0
biologically_wrong,2,1,1
not_organic,2,2,0
utterly_critical,2,2,0
not_optional,2,2,0
not_optimal,2,2,0
particularly_demeaning,2,2,0
not_oppressed,2,2,0
not_open-minded,2,2,0
bit_abnormal,2,2,0
bit_ambitious,2,2,0
bit_angry,2,2,0
particularly_dependable,2,2,0
not_outstanding,2,2,0
not_overcrowded,2,2,0
not_picky,2,2,0
wholly_immoral,2,2,0
biologically_true,2,2,0
particularly_cyclical,2,2,0
not_permissible,2,2,0
all_graceful,2,1,1
remotely_unconstitutional,2,0,2
all_giddy,2,2,0
particularly_dazzling,2,2,0
particularly_dead,2,1,1
remotely_unexpected,2,2,0
not_partisan,2,2,0
not_paranoid,2,2,0
particularly_debilitating,2,2,0
particularly_decadent,2,2,0
not_overwhelming,2,2,0
not_overpowering,2,2,0
readily_welcome,2,2,0
biologically_vulnerable,2,2,0
all_gentle,2,2,0
particularly_defensible,2,2,0
all_faint,2,2,0
utterly_arbitrary,2,2,0
not_heinous,2,2,0
usually_top,2,2,0
not_commercial,2,2,0
ridiculously_quick,2,2,0
not_colourful,2,1,1
all_doubtful,2,2,0
wholly_irreconcilable,2,2,0
usually_territorial,2,2,0
not_circular,2,2,0
all_dizzy,2,2,0
usually_terrible,2,2,0
not_charming,2,2,0
not_charismatic,2,2,0
usually_tempting,2,2,0
not_central,2,2,0
not_cautious,2,2,0
not_careful,2,2,0
blatantly_unfair,2,2,0
usually_tall,2,2,0
not_brutal,2,2,0
usually_symptomatic,2,2,0
not_compassionate,2,2,0
blatantly_sexy,2,2,0
not_brave,2,2,0
all_downtrodden,2,2,0
particularly_empty,2,2,0
wholly_inventive,2,1,1
blatantly_pornographic,2,1,1
not_covert,2,2,0
not_courageous,2,2,0
not_convincing,2,2,0
ridiculously_popular,2,2,0
not_contrary,2,2,0
wholly_invisible,2,2,0
not_constructive,2,2,0
particularly_endangered,2,2,0
particularly_enduring,2,2,0
all_dreadful,2,2,0
blatantly_retro,2,2,0
blatantly_ridiculous,2,2,0
all_drab,2,2,0
usually_tragic,2,2,0
blatantly_sexist,2,2,0
usually_toxic,2,2,0
ridiculously_soft,2,2,0
particularly_epic,2,1,1
particularly_emphatic,2,2,0
readily_obedient,2,2,0
all_disheartening,2,2,0
ridiculously_tasty,2,2,0
all_disgusting,2,2,0
usually_stubborn,2,2,0
all_discouraged,2,2,0
ridiculously_tight,2,2,0
ridiculously_tiny,2,2,0
blindingly_hot,2,2,0
usually_straight,2,2,0
not_appalling,2,2,0
not_apologetic,2,2,0
not_anxious,2,2,0
wholly_likable,2,2,0
ridiculously_unlikely,2,2,0
not_amused,2,2,0
usually_static,2,2,0
not_amenable,2,2,0
usually_standard,2,2,0
not_ambiguous,2,2,0
all_dishonest,2,2,0
usually_stuck,2,2,0
blatantly_violent,2,2,0
particularly_evangelical,2,2,0
ridiculously_spicy,2,1,1
all_dispiriting,2,2,0
ridiculously_strong,2,2,0
usually_surprising,2,2,0
particularly_erratic,2,1,1
blatantly_weird,2,2,0
not_best,2,2,0
particularly_erudite,2,2,0
ridiculously_stupid,2,2,0
wholly_legitimate,2,2,0
particularly_ethnic,2,2,0
particularly_euphoric,2,2,0
not_awful,2,2,0
particularly_european,2,2,0
usually_subtle,2,2,0
blessedly_free,2,2,0
not_authentic,2,2,0
ridiculously_sweet,2,2,0
not_atypical,2,2,0
not_criminal,2,2,0
ridiculously_photogenic,2,2,0
not_harsh,2,2,0
ridiculously_cheesy,2,2,0
blatantly_corrupt,2,2,0
not_flexible,2,2,0
blatantly_criminal,2,2,0
not_flattering,2,2,0
particularly_dressy,2,2,0
not_flashy,2,2,0
ridiculously_comfortable,2,2,0
not_filthy,2,2,0
blatantly_descriptive,2,2,0
ridiculously_complicated,2,2,0
not_fatal,2,2,0
blatantly_disrespectful,2,2,0
ridiculously_delicious,2,2,0
all_eternal,2,2,0
usually_vital,2,2,0
readily_recoverable,2,2,0
blatantly_evil,2,2,0
not_exceptional,2,2,0
usually_vicious,2,2,0
readily_reusable,2,2,0
not_forgetful,2,2,0
blatantly_greedy,2,2,0
usually_worrisome,2,2,0
ridiculously_attractive,2,2,0
utterly_annoying,2,2,0
not_greener,2,2,0
all_explosive,2,2,0
ridiculously_bright,2,2,0
particularly_diversified,2,2,0
utterly_alien,2,2,0
not_greasy,2,2,0
utterly_absent,2,2,0
wholly_indifferent,2,2,0
blatantly_absurd,2,2,0
not_giddy,2,2,0
readily_scalable,2,2,0
utterly_abhorrent,2,2,0
blatantly_anti-semitic,2,1,1
particularly_draconian,2,2,0
not_frivolous,2,2,0
blatantly_bad,2,2,0
not_frequent,2,2,0
not_ethical,2,2,0
usually_vegetarian,2,2,0
ridiculously_partisan,2,2,0
blatantly_manipulative,2,2,0
blatantly_mean,2,2,0
not_detrimental,2,2,0
ridiculously_macho,2,1,1
not_destructive,2,2,0
not_desperate,2,2,0
wholly_interesting,2,1,1
ridiculously_naive,2,2,0
not_democratic,2,2,0
all_ecstatic,2,2,0
not_definitive,2,2,0
ridiculously_optimistic,2,2,0
not_dark,2,2,0
ridiculously_overblown,2,2,0
not_cynical,2,1,1
not_current,2,2,0
wholly_intuitive,2,2,0
ridiculously_overrated,2,2,0
not_culpable,2,2,0
particularly_empathic,2,2,0
not_direct,2,1,1
ridiculously_jealous,2,2,0
not_enthusiastic,2,2,0
ridiculously_intricate,2,2,0
usually_valuable,2,2,0
usually_vain,2,2,0
not_endless,2,2,0
not_endearing,2,2,0
ridiculously_fast,2,2,0
all_electronic,2,2,0
blatantly_ignorant,2,2,0
blatantly_immoral,2,2,0
ridiculously_good-looking,2,2,0
blatantly_impossible,2,2,0
not_easier,2,2,0
wholly_insubstantial,2,1,1
readily_profitable,2,2,0
not_dry,2,2,0
wholly_intelligible,2,2,0
blatantly_irreverent,2,2,0
not_divine,2,2,0
not_diverse,2,2,0
not_distinctive,2,2,0
all_heartless,2,2,0
all_heartwarming,2,2,0
remotely_homosexual,2,1,1
particularly_audacious,2,2,0
notably_unusual,2,1,1
notably_uncomfortable,2,2,0
notably_terrible,2,0,2
notably_tasty,2,2,0
all_live,2,2,0
remotely_open,2,2,0
notably_superior,2,2,0
particularly_atrocious,2,1,1
wholly_efficient,2,2,0
notably_strange,2,1,1
particularly_convoluted,2,1,1
all_limp,2,2,0
notably_significant,2,2,0
all_liable,2,2,0
remotely_overt,2,1,1
remotely_patriotic,2,1,1
notably_productive,2,2,0
remotely_perfunctory,2,1,1
notably_present,2,2,0
particularly_autonomous,2,2,0
all_logical,2,2,0
all_long,2,2,0
all_loose,2,2,0
below_stunning,2,2,0
remotely_nice,2,2,0
remotely_noble,2,1,1
noticeably_detrimental,2,2,0
all_major,2,2,0
remotely_nostalgic,2,0,2
noticeably_darker,2,2,0
wholly_dystopian,2,2,0
wholly_earnest,2,2,0
noticeably_closer,2,2,0
noticeably_cleaner,2,2,0
all_lousy,2,2,0
noticeably_cheaper,2,2,0
remotely_obscene,2,0,2
all_loud,2,2,0
below_normal,2,2,0
real_competent,2,2,0
utterly_insufferable,2,2,0
noticeably_apparent,2,2,0
noticeably_aged,2,2,0
notably_powerful,2,2,0
all_lenient,2,2,0
remotely_persuasive,2,2,0
remotely_probable,2,2,0
all_kind,2,2,0
remotely_professional,2,2,0
best_good,2,2,0
remotely_profitable,2,2,0
utterly_important,2,1,1
remotely_proud,2,1,1
notably_expensive,2,2,0
remotely_quiet,2,2,0
remotely_racial,2,0,2
wholly_ethical,2,2,0
particularly_benign,2,2,0
wholly_european,2,2,0
remotely_rare,2,2,0
best_obtainable,2,2,0
remotely_reachable,2,2,0
all_judgmental,2,2,0
utterly_idle,2,2,0
all_joyous,2,2,0
utterly_identical,2,2,0
all_kinder,2,2,0
utterly_impressed,2,2,0
remotely_physical,2,2,0
notably_higher,2,2,0
particularly_awkward,2,2,0
utterly_inconsistent,2,2,0
remotely_playable,2,2,0
wholly_equal,2,2,0
best_closer,2,2,0
real_coachable,2,2,0
particularly_bankable,2,2,0
particularly_barbaric,2,2,0
utterly_incompatible,2,2,0
notably_keen,2,2,0
remotely_populist,2,0,2
remotely_positive,2,1,1
real_closer,2,2,0
particularly_basic,2,1,1
utterly_incapable,2,2,0
remotely_preachy,2,2,0
remotely_precious,2,2,0
remotely_predictable,2,2,0
remotely_present,2,2,0
noticeably_enough,2,2,0
noticeably_enthusiastic,2,2,0
below_average,2,2,0
remotely_impartial,2,2,0
remotely_impossible,2,2,0
wholly_disappointing,2,2,0
particularly_alternative,2,1,1
utterly_misleading,2,1,1
particularly_amazed,2,2,0
utterly_misguided,2,2,0
notoriously_good,2,2,0
all_mild,2,2,0
remotely_independent,2,2,0
real_convincing,2,2,0
particularly_amiss,2,0,2
all_metaphysical,2,2,0
particularly_amused,2,2,0
all_merry,2,2,0
remotely_inevitable,2,1,1
utterly_mindless,2,2,0
notoriously_abusive,2,2,0
noticeably_weak,2,2,0
noticeably_warmer,2,2,0
utterly_mistaken,2,2,0
all_modern,2,2,0
all_mellow,2,2,0
particularly_akin,2,2,0
now_ashamed,2,2,0
now_appropriate,2,2,0
now_apparent,2,2,0
remotely_hostile,2,1,1
particularly_aerodynamic,2,2,0
now_adequate,2,2,0
wholly_destructive,2,2,0
remotely_hot,2,2,0
remotely_humane,2,0,2
wholly_deterministic,2,2,0
utterly_necessary,2,2,0
particularly_aggravating,2,1,1
notoriously_violent,2,2,0
utterly_naked,2,2,0
notoriously_underpaid,2,2,0
notoriously_tricky,2,1,1
particularly_airtight,2,2,0
remotely_iconic,2,1,1
notoriously_secretive,2,2,0
noticeably_warm,2,2,0
noticeably_uncomfortable,2,2,0
utterly_irrational,2,2,0
noticeably_lower,2,2,0
noticeably_louder,2,2,0
noticeably_loud,2,2,0
noticeably_lighter,2,2,0
all_manipulative,2,2,0
noticeably_large,2,2,0
all_man-made,2,2,0
noticeably_ill,2,2,0
remotely_menacing,2,2,0
utterly_joyful,2,2,0
particularly_apropos,2,2,0
remotely_metallic,2,1,1
remotely_mexican,2,2,0
noticeably_heavy,2,2,0
noticeably_hairy,2,2,0
noticeably_gray,2,2,0
remotely_mystical,2,0,2
remotely_naive,2,0,2
particularly_arab,2,1,1
all_malevolent,2,2,0
all_massive,2,2,0
wholly_distinctive,2,2,0
all_melancholy,2,2,0
noticeably_overweight,2,2,0
noticeably_tougher,2,2,0
noticeably_thinner,2,2,0
remotely_irrational,2,1,1
beautifully_rustic,2,2,0
particularly_anonymous,2,2,0
noticeably_sweet,2,2,0
particularly_antagonistic,2,2,0
remotely_jealous,2,2,0
remotely_jolly,2,0,2
noticeably_stronger,2,2,0
all_medieval,2,2,0
noticeably_smarter,2,2,0
remotely_knowledgeable,2,2,0
all_mean-spirited,2,2,0
remotely_liberal,2,2,0
noticeably_quicker,2,2,0
beautifully_soft,2,2,0
remotely_light,2,2,0
utterly_loathsome,2,2,0
all_joyful,2,2,0
real_chummy,2,2,0
utterly_hypocritical,2,2,0
beyond_psyched,2,2,0
utterly_embarrassing,2,2,0
not_straightforward,2,2,0
not_straight,2,2,0
not_sterile,2,2,0
real_approachable,2,2,0
not_static,2,2,0
not_stable,2,1,1
not_spontaneous,2,2,0
not_spiritual,2,2,0
wholly_fruitless,2,2,0
not_soft,2,2,0
remotely_spooky,2,1,1
not_social,2,2,0
utterly_dominating,2,0,2
particularly_communist,2,0,2
remotely_stereotypical,2,2,0
biblically_right,2,2,0
particularly_comparable,2,2,0
all_identifiable,2,2,0
utterly_engrossing,2,2,0
not_sunny,2,2,0
remotely_strange,2,1,1
not_superior,2,2,0
not_tenuous,2,2,0
particularly_clinical,2,2,0
wholly_fortuitous,2,2,0
real_aware,2,2,0
not_technical,2,2,0
real_available,2,2,0
remotely_sinister,2,0,2
remotely_skillful,2,1,1
utterly_faithful,2,2,0
utterly_fabulous,2,2,0
particularly_co-operative,2,2,0
not_swift,2,2,0
not_suspicious,2,2,0
not_susceptible,2,2,0
utterly_extinct,2,2,0
all_implausible,2,2,0
particularly_coincidental,2,2,0
remotely_sleazy,2,2,0
remotely_slow,2,2,0
not_sleepy,2,2,0
all_hysterical,2,2,0
particularly_clear-cut,2,2,0
utterly_disappointed,2,2,0
not_russian,2,2,0
all_homegrown,2,1,1
biologically_flawed,2,2,0
utterly_devastating,2,2,0
not_revolutionary,2,2,0
not_reversible,2,2,0
all_hilly,2,2,0
not_returnable,2,2,0
utterly_despicable,2,2,0
remotely_suspenseful,2,1,1
not_respectful,2,1,1
particularly_contemporary,2,2,0
biologically_inevitable,2,2,0
all_hierarchical,2,2,0
all_hideous,2,2,0
utterly_depressed,2,2,0
wholly_guilty,2,2,0
all_helpless,2,2,0
biologically_mature,2,2,0
utterly_dire,2,2,0
not_safer,2,2,0
remotely_strategic,2,2,0
not_sane,2,2,0
remotely_strenuous,2,0,2
particularly_complementary,2,2,0
not_sinful,2,2,0
wholly_gratuitous,2,2,0
utterly_dogmatic,2,2,0
remotely_stuffy,2,2,0
not_shocked,2,2,0
all_honourable,2,2,0
wholly_green,2,2,0
not_sex,2,2,0
utterly_disrespectful,2,2,0
particularly_congested,2,2,0
biologically_black,2,2,0
utterly_dishonest,2,2,0
particularly_congruent,2,2,0
biologically_compatible,2,2,0
all_homophobic,2,2,0
biologically_dangerous,2,2,0
utterly_disastrous,2,2,0
beyond_achievable,2,2,0
all_incapable,2,2,0
all_jolly,2,2,0
utterly_heartless,2,2,0
all_intrusive,2,2,0
utterly_hateful,2,2,0
wholly_expressive,2,2,0
utterly_gross,2,2,0
remotely_sacred,2,2,0
not_welcoming,2,2,0
all_intolerant,2,2,0
real_calm,2,2,0
utterly_glorious,2,1,1
real_brilliant,2,2,0
particularly_buttery,2,2,0
all_intellectual,2,2,0
better_high,2,2,0
not_waterproof,2,2,0
wholly_faithful,2,2,0
all_instantaneous,2,2,0
remotely_sane,2,0,2
better_human,2,2,0
not_virtuous,2,2,0
not_wonderful,2,2,0
all_invincible,2,2,0
not_violent,2,2,0
all_irrational,2,2,0
notably_democratic,2,2,0
particularly_blatant,2,2,0
remotely_redeemable,2,0,2
notably_consistent,2,2,0
best_safe,2,2,0
real_chatty,2,2,0
real_charismatic,2,2,0
particularly_bohemian,2,2,0
particularly_boisterous,2,2,0
utterly_horrifying,2,2,0
all_jaded,2,2,0
wholly_exciting,2,2,0
notably_absent,2,2,0
wholly_exemplary,2,2,0
better_aware,2,2,0
better_balanced,2,2,0
particularly_bouncy,2,2,0
better_capable,2,2,0
utterly_helpless,2,2,0
wholly_fanciful,2,2,0
particularly_cathartic,2,2,0
better_worse,2,2,0
remotely_sensitive,2,1,1
all_individual,2,2,0
not_truthful,2,2,0
particularly_chilling,2,2,0
not_trivial,2,2,0
all_indigenous,2,2,0
not_transferable,2,2,0
all_indian,2,2,0
utterly_fascinating,2,2,0
all_independent,2,2,0
real_balanced,2,2,0
utterly_fantastic,2,2,0
wholly_foolish,2,2,0
not_total,2,2,0
remotely_short,2,2,0
utterly_familiar,2,2,0
not_thrilling,2,2,0
not_thrilled,2,2,0
not_thin,2,2,0
particularly_classic,2,1,1
remotely_sensual,2,2,0
not_unfamiliar,2,2,0
all_insignificant,2,2,0
not_ungrateful,2,2,0
all_insensitive,2,2,0
better_ideal,2,2,0
particularly_celebratory,2,2,0
utterly_frivolous,2,2,0
not_unwelcome,2,2,0
particularly_centrist,2,1,1
remotely_secret,2,1,1
all_inherent,2,2,0
not_unreasonable,2,2,0
not_unprecedented,2,2,0
remotely_secure,2,2,0
not_universal,2,1,1
better_professional,2,2,0
wholly_federal,2,2,0
all_informative,2,2,0
not_unified,2,1,1
not_unheard,2,2,0
not_unhealthy,2,2,0
not_unhappy,2,2,0
that_articulate,2,2,0
most_proper,2,2,0
truly_optional,2,1,1
just_definitive,2,2,0
even_resilient,2,2,0
even_resolute,2,2,0
even_respectful,2,2,0
just_debilitating,2,2,0
specifically_ours,2,2,0
even_retro,2,2,0
even_reusable,2,2,0
even_reversible,2,2,0
even_rewarding,2,2,0
even_richer,2,2,0
just_danceable,2,2,0
even_righteous,2,2,0
just_damned,2,2,0
even_rigorous,2,2,0
just_daft,2,2,0
even_risque,2,2,0
just_customizable,2,2,0
just_customary,2,2,0
even_robust,2,2,0
even_roomy,2,2,0
just_curly,2,2,0
just_defiant,2,2,0
just_deft,2,2,0
even_prolific,2,2,0
even_resentful,2,2,0
just_disenchanted,2,2,0
even_proprietary,2,2,0
just_disconcerting,2,2,0
too_capricious,2,2,0
even_prudent,2,2,0
even_punishable,2,2,0
specifically_medical,2,2,0
too_cancerous,2,2,0
just_diligent,2,2,0
just_digestible,2,2,0
even_quantitative,2,2,0
even_quiet,2,2,0
even_racial,2,2,0
just_detailed,2,2,0
just_deserving,2,2,0
even_reactionary,2,2,0
just_derelict,2,2,0
even_recommendable,2,2,0
just_depraved,2,2,0
just_denser,2,2,0
even_replaceable,2,2,0
even_rotten,2,2,0
even_rough,2,2,0
even_royal,2,2,0
just_cuddly,2,2,0
just_contagious,2,2,0
just_conspicuous,2,2,0
just_considerate,2,2,0
just_configurable,2,2,0
specifically_punishable,2,2,0
even_slim,2,2,0
specifically_qualified,2,2,0
just_conducive,2,2,0
just_conditional,2,2,0
just_concrete,2,2,0
just_concise,2,2,0
just_conciliatory,2,2,0
even_slippery,2,2,0
specifically_queer,2,2,0
too_blond,2,2,0
too_blissful,2,2,0
even_softer,2,2,0
even_sophisticated,2,2,0
even_specious,2,2,0
even_speculative,2,1,1
just_communal,2,2,0
even_shrewd,2,2,0
specifically_positive,2,2,0
just_continuous,2,2,0
even_searchable,2,2,0
just_crunchy,2,2,0
just_crowded,2,2,0
just_crispy,2,2,0
even_sanitary,2,2,0
just_crass,2,2,0
just_crappy,2,2,0
even_scandalous,2,2,0
even_sci-fi,2,2,0
just_counter-intuitive,2,2,0
even_secretive,2,2,0
just_contradictory,2,2,0
even_secular,2,2,0
even_selfish,2,2,0
even_sensual,2,1,1
just_corrosive,2,2,0
even_sentimental,2,2,0
specifically_poor,2,1,1
even_several,2,2,0
specifically_pornographic,2,2,0
just_conventional,2,2,0
just_disillusioned,2,2,0
specifically_loyal,2,2,0
just_far-reaching,2,2,0
just_evocative,2,2,0
just_eternal,2,2,0
even_obligatory,2,2,0
specifically_ideal,2,2,0
just_ergonomic,2,2,0
just_equivalent,2,2,0
just_equitable,2,2,0
just_episodic,2,2,0
too_circumspect,2,2,0
just_ephemeral,2,2,0
just_enterprising,2,2,0
even_obsessed,2,2,0
just_enlightened,2,2,0
just_enigmatic,2,2,0
too_cinematic,2,2,0
just_enduring,2,2,0
specifically_immoral,2,1,1
just_empirical,2,2,0
just_empathetic,2,2,0
even_outdoors,2,2,0
even_outraged,2,2,0
even_outrageous,2,2,0
even_objectionable,2,1,1
even_next,2,2,0
just_disoriented,2,2,0
even_nearby,2,2,0
even_minimal,2,2,0
even_miraculous,2,2,0
even_misunderstood,2,2,0
even_modest,2,2,0
even_monetary,2,2,0
specifically_historical,2,2,0
just_extremist,2,2,0
just_extravagant,2,2,0
just_extinct,2,2,0
even_muddy,2,2,0
just_extensive,2,2,0
just_exploitative,2,2,0
even_narrow,2,2,0
even_nastier,2,2,0
just_experiential,2,2,0
just_experienced,2,2,0
just_expendable,2,2,0
just_expedient,2,2,0
even_nationalistic,2,2,0
even_naughty,2,2,0
specifically_hot,2,2,0
specifically_indian,2,1,1
too_childlike,2,2,0
just_eligible,2,2,0
just_elementary,2,2,0
even_portable,2,2,0
just_drastic,2,2,0
even_predictive,2,2,0
just_draconian,2,2,0
just_doubtful,2,2,0
just_dormant,2,2,0
even_prettier,2,2,0
just_docile,2,2,0
specifically_libertarian,2,1,1
even_primary,2,2,0
just_divisible,2,2,0
even_primitive,2,2,0
even_privileged,2,2,0
just_distressing,2,2,0
just_distorted,2,2,0
just_distinctive,2,2,0
even_pro-american,2,2,0
even_pro-israel,2,2,0
even_pro-life,2,2,0
specifically_local,2,1,1
just_disorienting,2,2,0
just_drowsy,2,2,0
specifically_keen,2,2,0
just_dumber,2,2,0
specifically_islamic,2,2,0
even_overdue,2,2,0
even_overt,2,2,0
even_pain-free,2,2,0
just_elated,2,2,0
just_elastic,2,2,0
specifically_irrelevant,2,2,0
just_egotistical,2,2,0
even_pale,2,2,0
even_par,2,2,0
even_parallel,2,2,0
even_philosophical,2,2,0
just_edgy,2,2,0
even_pathetic,2,2,0
even_patriarchal,2,2,0
just_eclectic,2,2,0
even_peculiar,2,2,0
too_charitable,2,2,0
just_eastern,2,2,0
just_east,2,2,0
even_perpendicular,2,2,0
too_bitchy,2,2,0
just_committed,2,2,0
too_bigoted,2,2,0
just_angular,2,2,0
just_ample,2,2,0
evenly_robust,2,2,0
spectacularly_catastrophic,2,1,1
just_ambivalent,2,2,0
too_ample,2,2,0
just_amazed,2,2,0
too_amicable,2,2,0
just_alluring,2,2,0
just_alike,2,2,0
eventually_possible,2,2,0
just_aghast,2,2,0
eventually_worth,2,2,0
ever_abusive,2,2,0
too_alert,2,2,0
ever_advisable,2,2,0
spectacularly_dangerous,2,2,0
just_adult,2,2,0
ever_airtight,2,2,0
just_admissible,2,2,0
ever_alike,2,2,0
just_adjacent,2,2,0
just_anachronistic,2,2,0
evenly_available,2,2,0
just_combustible,2,2,0
evenly_accessible,2,2,0
just_assertive,2,2,0
just_ashamed,2,2,0
just_artsy,2,2,0
just_aromatic,2,2,0
even_walkable,2,2,0
just_arguable,2,2,0
just_arduous,2,2,0
too_approachable,2,2,0
even_western,2,2,0
just_apprehensive,2,2,0
even_widespread,2,2,0
just_apolitical,2,2,0
just_apocalyptic,2,2,0
just_anticlimactic,2,2,0
even_worrying,2,2,0
even_worst,2,2,0
just_anti-gay,2,2,0
even_wrinkled,2,2,0
just_answerable,2,2,0
just_anomalous,2,2,0
just_annual,2,2,0
too_agonizing,2,2,0
spectacularly_delicious,2,2,0
spectacularly_difficult,2,2,0
just_acute,2,2,0
irresistibly_delicious,2,2,0
ever_brown,2,2,0
irrationally_pessimistic,2,2,0
irrationally_paranoid,2,2,0
too_aesthetic,2,2,0
irrationally_angry,2,2,0
ever_busy,2,2,0
spiritually_active,2,2,0
spiritually_alert,2,2,0
ironically_cool,2,2,0
spiritually_awake,2,2,0
ever_cancerous,2,2,0
too_advisable,2,2,0
inversely_proportionate,2,2,0
ever_closer,2,2,0
invariably_successful,2,2,0
spiritually_close,2,2,0
spiritually_correct,2,2,0
invariably_responsible,2,2,0
spiritually_damaging,2,2,0
spiritually_detrimental,2,2,0
spectacularly_rapid,2,2,0
spectacularly_original,2,2,0
ever_bitter,2,2,0
ever_balmy,2,1,1
ever_ample,2,2,0
ever_amusing,2,2,0
ever_annoying,2,1,1
ever_anxious,2,2,0
ever_appealing,2,2,0
ever_apt,2,2,0
ever_attainable,2,2,0
ever_authentic,2,2,0
ever_awake,2,2,0
spectacularly_eventful,2,2,0
spectacularly_negative,2,2,0
spectacularly_evil,2,2,0
ever_bare,2,2,0
ever_basic,2,1,1
jaw-droppingly_stunning,2,2,0
spectacularly_great,2,2,0
spectacularly_hard,2,2,0
spectacularly_high,2,2,0
spectacularly_impressive,2,2,0
spectacularly_interesting,2,2,0
even_verbal,2,2,0
more_high-profile,2,1,1
specifically_western,2,1,1
even_translucent,2,2,0
just_choosy,2,2,0
just_chilling,2,0,2
specifically_safe,2,2,0
just_cheery,2,2,0
just_cheeky,2,2,0
even_tangential,2,2,0
even_taxable,2,2,0
specifically_scientific,2,2,0
even_temporary,2,2,0
even_tempting,2,2,0
even_tender,2,2,0
even_thoughtful,2,1,1
just_capitalist,2,2,0
just_campy,2,2,0
specifically_skilled,2,2,0
just_callous,2,2,0
specifically_spanish,2,2,0
even_topical,2,2,0
just_bubbly,2,2,0
even_toxic,2,2,0
just_broader,2,2,0
just_chronological,2,2,0
just_chubby,2,2,0
specifically_rich,2,2,0
even_strict,2,2,0
even_steeper,2,2,0
just_collective,2,2,0
just_colder,2,2,0
even_stiff,2,2,0
even_straightforward,2,2,0
even_strategic,2,2,0
just_cocky,2,2,0
even_stressful,2,2,0
just_coarse,2,2,0
just_clunky,2,2,0
just_circular,2,2,0
even_structural,2,2,0
even_suave,2,2,0
just_clearer,2,2,0
even_substandard,2,2,0
even_suicidal,2,2,0
even_super,2,2,0
even_supportive,2,2,0
just_civilian,2,2,0
even_sweaty,2,2,0
even_tragic,2,2,0
just_boundless,2,2,0
too_arid,2,2,0
specifically_suitable,2,2,0
specifically_unhelpful,2,2,0
just_bereft,2,2,0
too_atrocious,2,2,0
just_benign,2,2,0
just_beholden,2,2,0
even_unlimited,2,2,0
even_unmanageable,2,2,0
just_barren,2,2,0
too_astronomical,2,0,2
even_unnerved,2,2,0
even_unnerving,2,2,0
even_unpopular,2,2,0
even_unreasonable,2,2,0
even_upbeat,2,2,0
even_useable,2,2,0
specifically_vegan,2,1,1
even_user-friendly,2,2,0
even_usual,2,2,0
even_utilitarian,2,2,0
just_atypical,2,2,0
even_vacant,2,2,0
even_unified,2,2,0
even_unfair,2,2,0
even_unemployed,2,2,0
even_trustworthy,2,2,0
even_tribal,2,2,0
even_tricky,2,2,0
just_bonkers,2,2,0
even_trivial,2,1,1
just_bogus,2,2,0
even_tropical,2,2,0
even_troubling,2,2,0
even_truer,2,2,0
just_blissful,2,2,0
even_turkish,2,2,0
even_uneducated,2,2,0
even_unanimous,2,2,0
just_blank,2,2,0
just_bittersweet,2,1,1
too_authoritative,2,2,0
just_bitchy,2,2,0
just_bisexual,2,2,0
too_australian,2,2,0
even_unconscious,2,2,0
even_underground,2,2,0
just_far-fetched,2,2,0
specifically_happy,2,2,0
spiritually_elite,2,2,0
even_classy,2,2,0
specifically_active,2,2,0
too_disoriented,2,2,0
even_comic,2,2,0
just_livid,2,2,0
just_liveable,2,2,0
too_disillusioned,2,2,0
even_confused,2,2,0
just_like,2,2,0
just_lighthearted,2,2,0
even_considerate,2,2,0
even_conspicuous,2,2,0
just_libertarian,2,2,0
just_lesbian,2,2,0
just_legible,2,2,0
even_content,2,2,0
even_contentious,2,2,0
just_leftist,2,2,0
just_leaner,2,2,0
even_continuous,2,2,0
just_law-abiding,2,2,0
even_contrite,2,2,0
even_cloudy,2,2,0
specifically_academic,2,2,0
even_awesome,2,2,0
even_chubby,2,2,0
even_banal,2,2,0
just_mesmerizing,2,2,0
too_dovish,2,2,0
just_medieval,2,2,0
even_blind,2,2,0
too_domestic,2,2,0
just_masterful,2,2,0
too_docile,2,2,0
even_breathless,2,2,0
even_brief,2,2,0
too_divisive,2,1,1
just_manual,2,2,0
even_busier,2,2,0
even_cancerous,2,2,0
even_captivating,2,1,1
just_maddening,2,2,0
just_macho,2,2,0
even_cheery,2,2,0
even_cheesy,2,2,0
even_chronological,2,2,0
specifically_abnormal,2,2,0
even_conversant,2,2,0
even_convertible,2,2,0
too_discernible,2,1,1
just_lasting,2,2,0
too_devout,2,2,0
too_devious,2,1,1
specifically_biblical,2,1,1
even_delicious,2,2,0
even_dense,2,2,0
even_depressing,2,2,0
just_intermittent,2,2,0
too_detached,2,2,0
just_interchangeable,2,2,0
even_detrimental,2,2,0
just_intelligible,2,2,0
too_deserving,2,2,0
too_derogatory,2,2,0
even_dissatisfied,2,2,0
too_dependant,2,2,0
just_instantaneous,2,2,0
even_distracting,2,2,0
just_insolvent,2,2,0
just_insipid,2,2,0
just_insignificant,2,2,0
too_demure,2,2,0
even_defensible,2,2,0
too_dictatorial,2,2,0
just_irksome,2,2,0
just_juicy,2,2,0
even_cosmetic,2,2,0
even_counter-intuitive,2,2,0
just_laden,2,2,0
even_courageous,2,2,0
even_cozy,2,2,0
even_cranky,2,2,0
just_kinky,2,2,0
specifically_atheist,2,2,0
even_crispy,2,2,0
just_jobless,2,2,0
even_deceptive,2,2,0
even_crunchy,2,2,0
just_jaw-dropping,2,2,0
too_directional,2,2,0
just_jam-packed,2,2,0
even_cursory,2,2,0
even_cynical,2,2,0
even_daring,2,1,1
even_darker,2,2,0
just_irregular,2,2,0
just_metaphysical,2,2,0
even_avoidable,2,2,0
even_metaphorical,2,2,0
ethically_repugnant,2,2,0
just_operational,2,2,0
just_open-ended,2,2,0
just_onerous,2,2,0
ethically_unacceptable,2,2,0
too_emphatic,2,2,0
too_eloquent,2,2,0
just_oily,2,2,0
ethnically_arab,2,2,0
ethnically_asian,2,2,0
just_off-putting,2,2,0
just_odious,2,2,0
too_elite,2,2,0
just_observant,2,2,0
ethnically_french,2,2,0
ethnically_interesting,2,2,0
too_elastic,2,2,0
ethnically_jewish,2,2,0
just_nutty,2,2,0
just_nutritional,2,2,0
specially_flattering,2,2,0
too_effortless,2,2,0
just_opposite,2,2,0
specially_distinct,2,2,0
even_attentive,2,2,0
too_enigmatic,2,2,0
just_pathological,2,2,0
too_evocative,2,1,1
too_everyday,2,2,0
ethically_consistent,2,2,0
just_passe,2,2,0
ethically_controversial,2,2,0
too_evangelical,2,2,0
ethically_desirable,2,1,1
too_erroneous,2,2,0
ethically_good,2,2,0
just_pain-free,2,2,0
just_overworked,2,2,0
just_oversold,2,2,0
specially_attractive,2,1,1
specially_bad,2,1,1
too_entrepreneurial,2,2,0
just_overdue,2,2,0
ethically_minded,2,2,0
just_outspoken,2,2,0
too_enterprising,2,2,0
too_enough,2,2,0
ethnically_related,2,2,0
ethnically_uniform,2,2,0
ethnically_white,2,2,0
even_academic,2,2,0
just_multiple,2,2,0
just_muddled,2,2,0
just_much,2,2,0
even_anecdotal,2,2,0
just_motivated,2,2,0
even_annual,2,2,0
even_anti-israel,2,2,0
just_monthly,2,2,0
specially_powerful,2,2,0
even_approachable,2,2,0
just_moist,2,2,0
even_approximate,2,2,0
even_apt,2,2,0
even_arousing,2,2,0
even_arrogant,2,2,0
just_misogynistic,2,2,0
even_articulate,2,2,0
just_misinformed,2,2,0
just_mischievous,2,2,0
just_miniscule,2,2,0
just_minimalist,2,2,0
too_dysfunctional,2,2,0
even_amiss,2,2,0
specially_nice,2,2,0
just_nauseating,2,2,0
even_accidental,2,2,0
even_accustomed,2,2,0
even_actual,2,2,0
just_next,2,2,0
too_eclectic,2,2,0
even_adverse,2,2,0
even_afloat,2,2,0
even_aged,2,2,0
just_nauseous,2,2,0
even_alarming,2,2,0
even_amenable,2,2,0
just_nationalistic,2,2,0
just_nationalist,2,2,0
even_alert,2,2,0
specially_large,2,2,0
even_alright,2,2,0
even_amateur,2,2,0
just_mythical,2,2,0
just_mystical,2,2,0
even_ambivalent,2,2,0
too_demoralizing,2,2,0
just_inquisitive,2,2,0
just_innocuous,2,2,0
too_content,2,2,0
specifically_enough,2,2,0
even_inferior,2,2,0
too_constant,2,2,0
just_godly,2,2,0
just_gluten-free,2,2,0
even_infuriating,2,0,2
even_innate,2,2,0
just_glib,2,2,0
even_inquisitive,2,2,0
even_instructive,2,1,1
just_gigantic,2,2,0
just_gifted,2,2,0
just_giddy,2,2,0
even_integral,2,2,0
even_interactive,2,2,0
even_international,2,2,0
even_intimidating,2,2,0
too_congenial,2,2,0
even_intuitive,2,2,0
even_invasive,2,2,0
even_invisible,2,2,0
just_graceful,2,2,0
specifically_english,2,2,0
even_dull,2,2,0
just_greatest,2,2,0
specifically_distinguishable,2,2,0
even_hospitable,2,2,0
just_hawkish,2,2,0
even_hotter,2,2,0
just_hasty,2,2,0
just_harrowing,2,2,0
even_idealistic,2,2,0
even_ideological,2,2,0
specifically_educational,2,2,0
even_immoral,2,1,1
specifically_eligible,2,2,0
just_gullible,2,2,0
even_impatient,2,2,0
just_groundless,2,2,0
too_conversational,2,2,0
even_improbable,2,2,0
even_improper,2,1,1
even_incompatible,2,2,0
even_incorrect,2,2,0
even_incremental,2,2,0
too_contrasting,2,2,0
just_future,2,2,0
even_irritated,2,2,0
specifically_exact,2,2,0
just_fundamentalist,2,2,0
even_listenable,2,2,0
just_floral,2,2,0
specifically_festive,2,2,0
just_flippant,2,2,0
even_longer,2,1,1
just_flamboyant,2,2,0
just_fitting,2,1,1
even_major,2,1,1
too_commendable,2,2,0
even_man-made,2,2,0
even_manly,2,2,0
specifically_gendered,2,2,0
just_fewer,2,2,0
even_married,2,2,0
just_festive,2,2,0
specifically_germane,2,2,0
even_mean,2,2,0
even_meaningless,2,1,1
even_mechanical,2,2,0
even_medicinal,2,2,0
even_mental,2,2,0
even_lighter,2,2,0
just_forceful,2,2,0
just_foreseeable,2,2,0
even_lean,2,2,0
too_conductive,2,2,0
even_justifiable,2,2,0
even_key,2,2,0
even_kind,2,2,0
even_kinky,2,2,0
too_conclusive,2,2,0
even_latin,2,2,0
just_fresher,2,2,0
even_law-abiding,2,2,0
even_leftist,2,2,0
specifically_feminist,2,2,0
just_fraught,2,2,0
even_legit,2,2,0
just_frail,2,2,0
specifically_fascist,2,0,2
even_lesbian,2,2,0
even_lethal,2,2,0
just_fortuitous,2,2,0
just_forthcoming,2,2,0
just_forgettable,2,2,0
even_horrible,2,2,0
just_heartening,2,2,0
just_heartfelt,2,2,0
specifically_damaging,2,1,1
just_indestructible,2,2,0
too_definitive,2,1,1
just_indefensible,2,2,0
even_envious,2,2,0
just_incongruous,2,2,0
just_incomprehensible,2,2,0
even_eternal,2,2,0
too_defective,2,2,0
just_inclined,2,2,0
too_decrepit,2,2,0
even_excellent,2,2,0
even_exempt,2,2,0
just_inactive,2,2,0
too_decent,2,2,0
even_expansive,2,2,0
even_expert,2,2,0
just_imprecise,2,2,0
even_extraordinary,2,1,1
specifically_critical,2,2,0
just_impassioned,2,2,0
just_immortal,2,2,0
even_enlightening,2,2,0
even_endemic,2,2,0
specifically_comparable,2,2,0
just_inexplicable,2,2,0
just_injurious,2,2,0
even_early,2,2,0
too_delusional,2,2,0
even_economic,2,2,0
even_edgy,2,2,0
just_inflexible,2,2,0
just_inflammatory,2,2,0
just_infectious,2,2,0
just_infamous,2,2,0
even_elaborate,2,2,0
just_indirect,2,2,0
even_electable,2,2,0
even_electric,2,2,0
even_electronic,2,2,0
too_deliberate,2,2,0
too_deleterious,2,2,0
even_empathetic,2,2,0
just_indulgent,2,2,0
specifically_commercial,2,2,0
even_employable,2,2,0
even_farfetched,2,2,0
even_favorable,2,2,0
even_homesick,2,2,0
even_fearful,2,2,0
just_horizontal,2,2,0
just_hopeless,2,2,0
even_graceful,2,2,0
even_graphic,2,2,0
just_homogeneous,2,2,0
just_homesick,2,2,0
just_homemade,2,2,0
just_homegrown,2,2,0
even_hateful,2,2,0
even_hazardous,2,2,0
even_heavier,2,2,0
just_hilly,2,2,0
even_heroic,2,2,0
specifically_digital,2,1,1
even_hilarious,2,2,0
even_hip,2,2,0
even_historic,2,2,0
specifically_distinct,2,2,0
even_homemade,2,2,0
just_hearty,2,2,0
just_heartwarming,2,2,0
even_golden,2,2,0
even_glamorous,2,2,0
just_hospitable,2,2,0
even_flattering,2,2,0
specifically_dangerous,2,1,1
just_imaginative,2,2,0
even_fearless,2,2,0
specifically_deadly,2,2,0
just_illiterate,2,2,0
even_financial,2,2,0
even_first,2,2,0
just_iffy,2,2,0
just_idiotic,2,2,0
even_flawed,2,2,0
even_generous,2,2,0
even_flexible,2,2,0
even_foolish,2,2,0
just_hyperbolic,2,2,0
too_cutthroat,2,2,0
too_cut,2,2,0
too_custom,2,2,0
just_humbling,2,2,0
even_fussy,2,2,0
even_geeky,2,2,0
invariably_interesting,2,2,0
spiritually_empty,2,2,0
just_pedantic,2,2,0
initially_convinced,2,2,0
initially_confident,2,2,0
ever_stationary,2,2,0
ever_strange,2,1,1
initially_capable,2,2,0
thoroughly_secular,2,2,0
strictly_homosexual,2,2,0
initially_attractive,2,2,0
ever_suicidal,2,2,0
ever_sunny,2,2,0
ever_superfluous,2,2,0
ever_surprising,2,2,0
inherently_worthy,2,2,0
inherently_worth,2,2,0
ever_sustainable,2,2,0
inherently_waterproof,2,2,0
ever_thirsty,2,2,0
inherently_vain,2,2,0
inherently_vague,2,1,1
strictly_independent,2,2,0
inherently_unworthy,2,2,0
thoroughly_predictable,2,2,0
initially_conscious,2,2,0
strictly_graphic,2,2,0
ever_significant,2,1,1
initially_correct,2,2,0
initially_life-threatening,2,2,0
ever_single,2,2,0
ever_skeptical,2,2,0
ever_skinny,2,2,0
ever_slow,2,2,0
ever_sluggish,2,2,0
ever_smart,2,2,0
strictly_feminist,2,2,0
ever_soggy,2,2,0
initially_good,2,2,0
initially_friendly,2,2,0
initially_free,2,2,0
strictly_formal,2,2,0
initially_expensive,2,2,0
thoroughly_social,2,2,0
strictly_free,2,2,0
initially_due,2,2,0
strictly_german,2,2,0
initially_detectable,2,2,0
ever_stagnant,2,2,0
initially_critical,2,2,0
strictly_indigenous,2,2,0
thoroughly_polarized,2,2,0
inherently_unreliable,2,2,0
strictly_innovative,2,2,0
inherently_sympathetic,2,2,0
ever_uninteresting,2,2,0
thoroughly_irritating,2,2,0
ever_unplanned,2,2,0
inherently_spooky,2,1,1
strictly_magical,2,2,0
thoroughly_impressive,2,2,0
inherently_small,2,1,1
inherently_slow,2,2,0
inherently_skeptical,2,2,0
inherently_simple,2,2,0
inherently_similar,2,2,0
inherently_significant,2,2,0
inherently_shocking,2,1,1
inherently_shareable,2,2,0
inherently_shameful,2,1,1
thoroughly_honest,2,2,0
inherently_sensational,2,2,0
ever_vertical,2,2,0
ever_viable,2,2,0
inherently_scarce,2,2,0
strictly_lesbian,2,2,0
inherently_technical,2,1,1
inherently_technological,2,1,1
inherently_unacceptable,2,2,0
ever_trivial,2,2,0
ever_troubling,2,2,0
inherently_uninteresting,2,2,0
ever_truer,2,2,0
ever_ugly,2,2,0
inherently_unequal,2,2,0
thoroughly_persuasive,2,1,1
strictly_interested,2,2,0
strictly_islamic,2,2,0
ever_unconditional,2,2,0
thoroughly_objective,2,2,0
ever_unconnected,2,2,0
inherently_trivial,2,2,0
inherently_transformative,2,0,2
thoroughly_obsessed,2,2,0
ever_unexpected,2,2,0
inherently_totalitarian,2,1,1
strictly_korean,2,2,0
strictly_left-wing,2,2,0
inherently_thrilling,2,2,0
strictly_ethical,2,2,0
ever_shocking,2,2,0
insanely_flashy,2,2,0
inordinately_interested,2,2,0
ever_rational,2,2,0
strategically_powerful,2,2,0
innately_violent,2,2,0
strategically_relevant,2,2,0
strategically_right,2,2,0
strategically_savvy,2,2,0
innately_toxic,2,2,0
innately_terrible,2,1,1
innately_superior,2,2,0
strategically_sound,2,2,0
innately_stupid,2,2,0
strategically_superior,2,2,0
innately_selfish,2,2,0
ever_reasonable,2,2,0
strictly_able,2,2,0
strictly_abstract,2,2,0
strictly_accountable,2,2,0
strictly_acoustic,2,2,0
strictly_alternate,2,2,0
ever_redeemable,2,2,0
innately_mysterious,2,1,1
strategically_minded,2,2,0
inordinately_large,2,2,0
initially_pleasant,2,2,0
inordinately_surprised,2,2,0
insanely_exciting,2,2,0
insanely_excited,2,2,0
insanely_early,2,2,0
insanely_dangerous,2,2,0
insanely_cute,2,2,0
insanely_crowded,2,2,0
insanely_creepy,2,2,0
insanely_complicated,2,1,1
insanely_comfortable,2,2,0
insanely_brutal,2,2,0
insanely_boring,2,2,0
strategically_challenging,2,2,0
strategically_clever,2,2,0
insanely_bitter,2,2,0
insanely_better,2,2,0
ever_punitive,2,2,0
strategically_critical,2,2,0
insanely_aggressive,2,2,0
insanely_affordable,2,2,0
strategically_decisive,2,2,0
strategically_essential,2,2,0
strictly_appropriate,2,2,0
innately_meaningful,2,2,0
innately_magical,2,2,0
innately_interesting,2,1,1
strictly_confidential,2,2,0
initially_uncomfortable,2,2,0
initially_true,2,2,0
initially_tight,2,2,0
strictly_consistent,2,2,0
strictly_contradictory,2,2,0
ever_sarcastic,2,2,0
initially_subject,2,2,0
strictly_cosmetic,2,2,0
initially_satisfactory,2,2,0
strictly_decorative,2,2,0
ever_second,2,2,0
initially_responsible,2,2,0
strictly_digital,2,2,0
thoroughly_trained,2,2,0
strictly_dystopian,2,2,0
ever_sentimental,2,2,0
strictly_electronic,2,2,0
ever_sexy,2,2,0
strictly_eligible,2,2,0
strictly_emotional,2,2,0
initially_useful,2,2,0
strictly_compulsory,2,2,0
strictly_compliant,2,2,0
innately_discriminatory,2,2,0
innately_interested,2,2,0
strictly_attributable,2,2,0
innately_inferior,2,2,0
innately_harmful,2,1,1
ever_remarkable,2,2,0
ever_remote,2,2,0
strictly_binary,2,2,0
innately_fanatical,2,2,0
though_enough,2,1,1
innately_difficult,2,2,0
strictly_competitive,2,2,0
innately_criminal,2,2,0
strictly_certain,2,2,0
innately_capable,2,2,0
innately_brilliant,2,2,0
strictly_classical,2,2,0
strictly_clear,2,2,0
thoroughly_wet,2,2,0
innately_addictive,2,1,1
thoroughly_weird,2,2,0
inherently_scalable,2,2,0
thoroughly_grim,2,2,0
thoroughly_good,2,2,0
this_proud,2,2,0
strictly_theoretical,2,2,0
inherently_extreme,2,1,1
inherently_explicit,2,2,0
inherently_exclusive,2,2,0
inherently_excited,2,2,0
exactly_agnostic,2,2,0
inherently_evident,2,2,0
strictly_truthful,2,2,0
inherently_essential,2,2,0
inherently_erotic,2,2,0
exactly_agreeable,2,2,0
strictly_unavoidable,2,2,0
strictly_unconstitutional,2,2,0
inherently_efficient,2,0,2
inherently_effective,2,2,0
strictly_universal,2,2,0
exactly_alluring,2,2,0
inherently_disturbing,2,1,1
inherently_distinct,2,1,1
exactly_alternative,2,2,0
exactly_amateur,2,2,0
exactly_advanced,2,2,0
strictly_thematic,2,2,0
inherently_sad,2,2,0
inherently_fatal,2,1,1
strictly_sexual,2,2,0
inherently_human,2,1,1
strictly_social,2,2,0
inherently_holy,2,2,0
inherently_hilarious,2,1,1
strictly_southern,2,2,0
inherently_helpful,2,2,0
inherently_hateful,2,1,1
exactly_abhorrent,2,1,1
strictly_straight,2,2,0
exactly_accommodating,2,2,0
inherently_gloomy,2,1,1
inherently_gay,2,0,2
inherently_futile,2,2,0
this_tidy,2,2,0
strictly_supervised,2,2,0
inherently_friendly,2,2,0
strictly_synonymous,2,2,0
inherently_foolish,2,0,2
inherently_flexible,2,2,0
inherently_faulty,2,1,1
inherently_disastrous,2,2,0
exactly_amusing,2,2,0
inherently_desirable,2,1,1
exactly_anti-social,2,2,0
exactly_austere,2,2,0
inherently_bloodthirsty,2,2,0
inherently_black,2,0,2
strikingly_noticeable,2,2,0
inherently_biased,2,2,0
exactly_authoritative,2,2,0
this_elaborate,2,2,0
inherently_benevolent,2,2,0
inherently_beautiful,2,2,0
exactly_awake,2,2,0
inherently_available,2,2,0
inherently_ashamed,2,2,0
inherently_arbitrary,2,2,0
exactly_badass,2,2,0
inherently_anti-democratic,2,1,1
exactly_balanced,2,1,1
inherently_anonymous,2,2,0
inherently_amusing,2,1,1
inherently_amoral,2,2,0
inherently_ambiguous,2,2,0
inherently_altruistic,2,2,0
exactly_attributable,2,2,0
inherently_buggy,2,2,0
strikingly_innovative,2,2,0
exactly_articulate,2,2,0
inherently_defensive,2,2,0
inherently_defective,2,2,0
strictly_western,2,2,0
inherently_dead,2,1,1
this_hard,2,2,0
strictly_wild,2,2,0
strictly_worse,2,2,0
exactly_apt,2,2,0
exactly_arrogant,2,2,0
exactly_artistic,2,2,0
exactly_attentive,2,2,0
strikingly_characteristic,2,2,0
strikingly_confusing,2,2,0
exactly_asleep,2,2,0
exactly_aspirational,2,2,0
exactly_astute,2,2,0
strikingly_evident,2,2,0
inherently_comfortable,2,2,0
strikingly_good,2,2,0
strikingly_gorgeous,2,2,0
strictly_serious,2,2,0
inherently_illegitimate,2,0,2
inherently_illicit,2,1,1
strictly_predictable,2,2,0
inherently_pornographic,2,1,1
inherently_popular,2,2,0
inherently_pleasing,2,2,0
inherently_physical,2,2,0
inherently_pernicious,2,1,1
thoroughly_english,2,1,1
everywhere_else,2,2,0
inherently_peaceful,2,1,1
inherently_patriarchal,2,2,0
inherently_passive,2,2,0
inherently_passionate,2,2,0
thoroughly_efficient,2,2,0
strictly_perfect,2,2,0
inherently_pagan,2,2,0
inherently_original,2,1,1
everywhere_present,2,2,0
strictly_pornographic,2,2,0
evidently_clear,2,2,0
inherently_neutral,2,2,0
thoroughly_depressing,2,2,0
inherently_mystical,2,1,1
thoroughly_evil,2,2,0
strictly_optimal,2,2,0
inherently_predatory,2,2,0
inherently_reasonable,2,1,1
inherently_rude,2,2,0
strictly_monetary,2,2,0
ever_weak,2,2,0
inherently_rotten,2,1,1
ever_weird,2,2,0
inherently_repulsive,2,2,0
strictly_naturalistic,2,2,0
inherently_relational,2,2,0
inherently_rebellious,2,2,0
ever_wonderful,2,2,0
strictly_online,2,2,0
thoroughly_fascinating,2,2,0
ever_worse,2,2,0
inherently_random,2,2,0
ever_young,2,2,0
inherently_public,2,2,0
inherently_profound,2,1,1
thoroughly_exhausted,2,2,0
strictly_obligatory,2,2,0
inherently_prejudicial,2,2,0
inherently_musical,2,2,0
inherently_mortal,2,2,0
strictly_secular,2,2,0
inherently_monstrous,2,2,0
inherently_lax,2,2,0
strictly_reliable,2,2,0
inherently_laughable,2,1,1
inherently_judgmental,2,1,1
inherently_islamic,2,1,1
evidently_true,2,2,0
thoroughly_clear,2,2,0
thoroughly_civilized,2,2,0
inherently_invalid,2,2,0
inherently_intimidating,2,2,0
strictly_responsible,2,2,0
thoroughly_certain,2,2,0
evolutionarily_beneficial,2,2,0
strictly_satisfied,2,2,0
evolutionarily_favorable,2,2,0
evolutionarily_important,2,1,1
inherently_incongruous,2,0,2
evolutionarily_significant,2,2,0
inherently_impressive,2,1,1
inherently_impolite,2,2,0
strictly_seasonal,2,2,0
thoroughly_complete,2,2,0
strictly_regular,2,2,0
strictly_red,2,2,0
thoroughly_conversant,2,2,0
inherently_misogynistic,2,1,1
thoroughly_deep,2,2,0
strictly_promotional,2,2,0
inherently_medieval,2,1,1
inherently_meaningless,2,2,0
inherently_mean-spirited,2,2,0
strictly_proper,2,2,0
inherently_manly,2,1,1
inherently_manipulative,2,1,1
strictly_proprietary,2,2,0
inherently_legitimate,2,2,0
strictly_pure,2,2,0
strictly_quantifiable,2,2,0
inherently_lovable,2,2,0
strictly_quantitative,2,2,0
strictly_raw,2,2,0
inherently_likely,2,2,0
inherently_likeable,2,1,1
inherently_liberating,2,1,1
strictly_recognizable,2,2,0
ever_professional,2,2,0
insanely_full,2,2,0
invariably_good,2,2,0
intimately_acquainted,2,2,0
statistically_safer,2,2,0
statistically_solid,2,2,0
internationally_mobile,2,2,0
statistically_stable,2,2,0
ever_evil,2,2,0
ever_excellent,2,2,0
ever_excessive,2,2,0
statistically_sufficient,2,2,0
ever_exciting,2,1,1
internationally_active,2,2,0
ever_explicit,2,2,0
statistically_unreasonable,2,2,0
statistically_unusual,2,2,0
statistically_worse,2,2,0
internally_contradictory,2,2,0
together_shocking,2,2,0
stereotypically_attractive,2,2,0
stereotypically_british,2,0,2
interestingly_weird,2,2,0
stereotypically_girly,2,2,0
stereotypically_handsome,2,2,0
ever_entertaining,2,2,0
together_uncommon,2,2,0
intrinsically_contradictory,2,1,1
intimately_knowledgeable,2,2,0
tonally_consistent,2,2,0
statistically_elite,2,2,0
statistically_feasible,2,2,0
intrinsically_boring,2,2,0
statistically_greater,2,2,0
intrinsically_banal,2,2,0
ever_diverse,2,2,0
intrinsically_american,2,1,1
statistically_inclined,2,2,0
intrinsically_aggressive,2,2,0
intrinsically_african,2,2,0
statistically_inferior,2,2,0
statistically_large,2,2,0
together_unpleasant,2,2,0
intolerably_hot,2,2,0
statistically_persuasive,2,2,0
statistically_plausible,2,2,0
ever_eager,2,2,0
together_unique,2,2,0
statistically_powerful,2,2,0
statistically_probable,2,2,0
ever_famous,2,2,0
stereotypically_heroic,2,2,0
intentionally_vicious,2,1,1
ever_fantastic,2,2,0
still_bad,2,2,0
intentionally_harmful,2,2,0
still_bigger,2,2,0
ever_gay,2,2,0
ever_genuine,2,2,0
intentionally_endangered,2,2,0
intentionally_dirty,2,2,0
intentionally_devious,2,2,0
still_bright,2,1,1
ever_gratuitous,2,2,0
intentionally_dangerous,2,2,0
intentionally_cute,2,2,0
together_healthy,2,2,0
ever_handy,2,2,0
intentionally_anti-semitic,2,2,0
still_competent,2,2,0
still_complete,2,2,0
intensely_supportive,2,2,0
still_confident,2,2,0
intensely_sexy,2,2,0
intensely_sexual,2,2,0
intentionally_homeless,2,2,0
intentionally_humorous,2,2,0
intentionally_ignorant,2,2,0
ever_fond,2,2,0
stereotypically_muslim,2,2,0
intentionally_subversive,2,2,0
intentionally_silly,2,2,0
intentionally_sexual,2,2,0
intentionally_rough,2,2,0
together_pleasant,2,2,0
intentionally_personal,2,0,2
ever_finer,2,2,0
still_amusing,2,2,0
ever_foolish,2,2,0
ever_french,2,2,0
intentionally_negligent,2,2,0
still_annoying,2,2,0
still_apparent,2,1,1
intentionally_mindful,2,2,0
still_appropriate,2,2,0
intentionally_mean-spirited,2,2,0
still_attractive,2,2,0
intentionally_insulting,2,2,0
intentionally_insensitive,2,2,0
ever_disrespectful,2,2,0
intrinsically_correct,2,1,1
strangely_entertaining,2,2,0
spiritually_satisfying,2,1,1
intrinsically_unethical,2,1,1
ever_compulsory,2,2,0
ever_conclusive,2,2,0
spiritually_true,2,2,0
intrinsically_transferable,2,2,0
intrinsically_tragic,2,1,1
spiritually_worthy,2,2,0
intrinsically_special,2,0,2
staggeringly_boring,2,2,0
intrinsically_sinister,2,2,0
intrinsically_silly,2,1,1
intrinsically_significant,2,1,1
intrinsically_sexual,2,0,2
staggeringly_different,2,2,0
intrinsically_satisfying,2,2,0
intrinsically_safer,2,2,0
staggeringly_expensive,2,2,0
ever_conservative,2,2,0
ever_conventional,2,2,0
staggeringly_low,2,2,0
intrinsically_reckless,2,1,1
spiritually_sensitive,2,2,0
intrinsically_violent,2,2,0
statistically_defensible,2,2,0
intrinsically_visual,2,1,1
too_adjustable,2,2,0
spiritually_harmful,2,2,0
invariably_better,2,2,0
ever_commendable,2,2,0
spiritually_insightful,2,2,0
spiritually_inspiring,2,2,0
invariably_accurate,2,2,0
intuitively_wrong,2,2,0
too_addictive,2,2,0
ever_compatible,2,2,0
spiritually_poor,2,2,0
spiritually_potent,2,2,0
spiritually_powerful,2,1,1
spiritually_present,2,2,0
intuitively_chatty,2,2,0
intuitively_apparent,2,2,0
spiritually_profitable,2,2,0
intrinsically_worthy,2,2,0
intrinsically_worse,2,2,0
too_adaptable,2,2,0
spiritually_rich,2,2,0
intrinsically_probable,2,2,0
staggeringly_wealthy,2,2,0
intrinsically_preferable,2,2,0
intrinsically_precious,2,0,2
ever_democratic,2,2,0
intrinsically_hostile,2,2,0
intrinsically_honest,2,2,0
intrinsically_homophobic,2,2,0
intrinsically_holy,2,2,0
ever_dependent,2,2,0
ever_depressed,2,2,0
intrinsically_fun,2,2,0
tonally_similar,2,2,0
ever_destructive,2,2,0
statistically_adept,2,2,0
intrinsically_female,2,0,2
statistically_available,2,2,0
intrinsically_fair,2,2,0
ever_detailed,2,1,1
statistically_cheap,2,2,0
statistically_close,2,2,0
statistically_common,2,2,0
intrinsically_deserving,2,2,0
intrinsically_democratic,2,1,1
ever_disappointing,2,2,0
ever_defensive,2,2,0
intrinsically_implausible,2,1,1
intrinsically_incompatible,2,2,0
intrinsically_necessary,2,2,0
intrinsically_powerful,2,2,0
intrinsically_positive,2,1,1
intrinsically_political,2,2,0
intrinsically_pleasurable,2,2,0
ever_cranky,2,2,0
intrinsically_odd,2,1,1
intrinsically_objectionable,2,0,2
starkly_clear,2,2,0
starkly_dysfunctional,2,2,0
intrinsically_motivated,2,2,0
startlingly_fresh,2,1,1
starkly_modern,2,2,0
starkly_separate,2,2,0
intrinsically_lovable,2,2,0
intrinsically_japanese,2,1,1
intrinsically_islamic,2,1,1
intrinsically_intuitive,2,0,2
ever_crucial,2,2,0
too_absorbent,2,2,0
ever_cute,2,2,0
still_contagious,2,2,0
still_controversial,2,2,0
intensely_romantic,2,2,0
instantly_obsessed,2,2,0
instantly_loveable,2,2,0
ever_nicer,2,2,0
ever_noble,2,2,0
thus_good,2,2,0
still_stuck,2,2,0
still_stunning,2,2,0
still_successful,2,2,0
instantly_interesting,2,2,0
instantly_interested,2,2,0
instantly_impressed,2,2,0
still_surprising,2,2,0
still_susceptible,2,2,0
instantly_happy,2,2,0
ever_one-dimensional,2,2,0
still_tight,2,2,0
still_timely,2,2,0
instantly_forthcoming,2,2,0
ever_one-sided,2,2,0
still_tough,2,2,0
instantly_enjoyable,2,2,0
ever_ours,2,2,0
thus_guilty,2,2,0
still_solid,2,2,0
intensely_religious,2,2,0
instantly_obtainable,2,2,0
instinctively_allergic,2,2,0
instantly_wonderful,2,2,0
still_rich,2,2,0
still_right,2,2,0
still_sad,2,2,0
still_safe,2,2,0
instantly_transferable,2,2,0
ever_musical,2,2,0
still_scary,2,2,0
instantly_searchable,2,2,0
still_serviceable,2,2,0
still_sexy,2,2,0
instantly_rewarding,2,2,0
still_sharp,2,1,1
instantly_relatable,2,2,0
instantly_ready,2,2,0
instantly_reachable,2,2,0
ever_naive,2,2,0
still_sleepy,2,2,0
still_smooth,2,2,0
ever_neat,2,2,0
instantly_disposable,2,2,0
instantly_dismissive,2,2,0
instantly_discernible,2,2,0
instantly_debilitating,2,2,0
still_widespread,2,2,0
still_wild,2,2,0
insanely_satisfying,2,2,0
insanely_rare,2,2,0
still_worrisome,2,2,0
ever_polish,2,2,0
still_worthwhile,2,2,0
still_worthy,2,1,1
ever_political,2,2,0
insanely_powerful,2,2,0
insanely_partisan,2,2,0
insanely_overpriced,2,2,0
insanely_optimistic,2,2,0
insanely_obvious,2,2,0
insanely_large,2,2,0
ever_precise,2,2,0
insanely_inventive,2,1,1
ever_pregnant,2,2,0
ever_pretty,2,2,0
ever_prevalent,2,2,0
strangely_convenient,2,2,0
insanely_sexy,2,2,0
still_whole,2,2,0
insanely_stiff,2,2,0
inside_much,2,2,0
ever_outstanding,2,2,0
thus_easy,2,2,0
instantly_comprehensible,2,2,0
ever_overdone,2,2,0
still_underway,2,2,0
still_unfolding,2,2,0
instantly_aware,2,2,0
instantly_applicable,2,2,0
instantly_amazing,2,2,0
still_unsolved,2,2,0
still_weak,2,2,0
inside_enough,2,2,0
inside_beautiful,2,2,0
still_upcoming,2,2,0
ever_passive,2,2,0
ever_past,2,2,0
ever_peaceful,2,1,1
insanely_terrible,2,2,0
insanely_technical,2,2,0
ever_pleasurable,2,2,0
still_related,2,2,0
still_rare,2,2,0
still_prone,2,2,0
still_independent,2,2,0
intellectually_tenable,2,2,0
intellectually_sustainable,2,2,0
intellectually_stupid,2,2,0
intellectually_shallow,2,2,0
tightly_controlled,2,2,0
still_handsome,2,2,0
intellectually_possible,2,2,0
intellectually_persuasive,2,2,0
still_higher,2,2,0
intellectually_nourishing,2,2,0
still_hopeful,2,2,0
still_hostile,2,2,0
intellectually_monolithic,2,2,0
ever_inspiring,2,2,0
ever_instant,2,2,0
intellectually_justifiable,2,2,0
still_ill,2,2,0
intellectually_intimidating,2,2,0
intellectually_intelligent,2,2,0
intellectually_inconsistent,2,1,1
thus_sure,2,2,0
intellectually_unethical,2,2,0
intellectually_upset,2,2,0
ever_impressive,2,2,0
intensely_familiar,2,2,0
still_current,2,2,0
together_easy,2,2,0
intensely_popular,2,2,0
ever_homesick,2,2,0
still_deep,2,2,0
still_delicious,2,2,0
together_different,2,1,1
intensely_involved,2,2,0
together_comfortable,2,2,0
intensely_erotic,2,2,0
timelessly_elegant,2,2,0
ever_identical,2,2,0
still_entertaining,2,1,1
intensely_curious,2,2,0
intensely_concerned,2,2,0
intensely_cold,2,2,0
ever_impartial,2,2,0
intensely_angry,2,2,0
intensely_alive,2,2,0
still_feasible,2,2,0
intellectually_inadequate,2,2,0
intellectually_fit,2,2,0
still_profitable,2,2,0
intellectually_fashionable,2,2,0
intellectually_absurd,2,2,0
intellectually_able,2,2,0
still_nervous,2,2,0
still_new,2,2,0
insufficiently_mature,2,2,0
still_offline,2,2,0
still_ok,2,2,0
still_okay,2,2,0
ever_mainstream,2,2,0
still_online,2,2,0
still_optimistic,2,2,0
still_outstanding,2,2,0
still_overweight,2,2,0
thus_minded,2,2,0
insufferably_cute,2,2,0
still_playable,2,2,0
still_pleased,2,2,0
institutionally_ready,2,2,0
ever_mean,2,2,0
still_precious,2,2,0
still_preferable,2,2,0
intellectually_acute,2,2,0
intellectually_advanced,2,2,0
still_naked,2,2,0
intellectually_demanding,2,2,0
intellectually_equipped,2,2,0
intellectually_engaging,2,2,0
still_legible,2,2,0
intellectually_edifying,2,2,0
still_less,2,2,0
intellectually_diverse,2,2,0
ever_lazy,2,2,0
ever_legitimate,2,2,0
intellectually_different,2,2,0
ever_life-threatening,2,2,0
intellectually_arrogant,2,2,0
still_lucky,2,2,0
thus_proficient,2,2,0
thus_present,2,2,0
intellectually_conscious,2,2,0
intellectually_complex,2,2,0
intellectually_competent,2,2,0
ever_long,2,2,0
intellectually_bright,2,2,0
intellectually_blind,2,2,0
too_exalted,2,2,0
specially_abnormal,2,2,0
locally_abundant,2,2,0
environmentally_compatible,2,2,0
less_lively,2,2,0
solely_sexual,2,2,0
environmentally_cool,2,2,0
solely_skilled,2,2,0
too_rampant,2,2,0
less_likeable,2,1,1
less_likable,2,2,0
less_lifeless,2,2,0
solely_specific,2,2,0
environmentally_dangerous,2,0,2
less_lengthy,2,2,0
environmentally_effective,2,2,0
less_legendary,2,2,0
environmentally_egregious,2,2,0
solely_spiritual,2,2,0
less_lazy,2,1,1
solely_straightforward,2,2,0
less_labor-intensive,2,2,0
less_knowledgeable,2,2,0
less_juicy,2,2,0
less_judgmental,2,2,0
less_loathsome,2,2,0
less_loud,2,2,0
less_militaristic,2,2,0
less_lovable,2,2,0
too_reductive,2,2,0
too_rectangular,2,2,0
less_mesmerizing,2,2,0
less_meritorious,2,1,1
less_melodramatic,2,2,0
less_melancholy,2,2,0
less_mean,2,2,0
solely_republican,2,2,0
solely_resident,2,2,0
less_manly,2,1,1
less_malicious,2,2,0
solely_right,2,2,0
environmentally_acceptable,2,2,0
too_readable,2,2,0
less_mad,2,2,0
environmentally_appropriate,2,2,0
less_lucid,2,2,0
environmentally_bad,2,2,0
solely_secure,2,2,0
environmentally_challenging,2,2,0
environmentally_clean,2,2,0
less_jubilant,2,2,0
less_joyful,2,1,1
environmentally_necessary,2,2,0
environmentally_neutral,2,2,0
less_inspirational,2,2,0
epically_good,2,2,0
less_inhumane,2,2,0
less_infuriating,2,2,0
less_informed,2,2,0
too_prolonged,2,1,1
solely_utilitarian,2,2,0
less_infectious,2,2,0
solely_vegetarian,2,2,0
solely_verbal,2,2,0
less_inevitable,2,1,1
solely_violent,2,2,0
less_industrious,2,2,0
solely_white,2,2,0
less_indelible,2,2,0
less_indebted,2,2,0
equally_affordable,2,2,0
equally_agile,2,2,0
less_incisive,2,2,0
less_incendiary,2,2,0
solidly_black,2,2,0
environmentally_worse,2,2,0
less_insurmountable,2,2,0
environmentally_unsustainable,2,2,0
environmentally_related,2,2,0
less_irritated,2,2,0
too_queer,2,2,0
less_irresistible,2,2,0
environmentally_perfect,2,2,0
less_irksome,2,1,1
too_quaint,2,2,0
less_invisible,2,2,0
environmentally_protective,2,2,0
too_puzzled,2,2,0
environmentally_relevant,2,2,0
too_psychedelic,2,2,0
less_intrepid,2,2,0
less_intolerant,2,2,0
environmentally_sensible,2,2,0
solely_trendy,2,2,0
environmentally_smart,2,2,0
too_puny,2,2,0
less_interdependent,2,2,0
too_psychotic,2,2,0
less_intelligible,2,2,0
less_militant,2,2,0
solely_relevant,2,2,0
less_racy,2,2,0
less_populist,2,2,0
entirely_unforgiving,2,2,0
less_polluted,2,2,0
entirely_unfortunate,2,2,0
less_poisonous,2,2,0
less_pointless,2,2,0
less_poetic,2,2,0
less_plentiful,2,2,0
entirely_unfunny,2,2,0
entirely_unimpressed,2,2,0
less_plain,2,2,0
less_pious,2,2,0
solely_intuitive,2,2,0
less_petty,2,2,0
entirely_uninhibited,2,2,0
too_resilient,2,2,0
less_perplexing,2,2,0
less_penetrating,2,0,2
less_peculiar,2,2,0
less_peaceful,2,2,0
entirely_unlikeable,2,2,0
entirely_unlimited,2,2,0
solely_informational,2,2,0
entirely_unfit,2,2,0
entirely_virtual,2,2,0
entirely_unfavorable,2,2,0
less_quick,2,2,0
solely_guilty,2,2,0
less_quaint,2,2,0
less_puzzling,2,2,0
entirely_triumphant,2,2,0
solely_harmful,2,2,0
entirely_ubiquitous,2,2,0
less_prosperous,2,2,0
less_proper,2,1,1
entirely_unaffordable,2,2,0
entirely_unavailable,2,2,0
entirely_unbalanced,2,2,0
entirely_unchallenged,2,2,0
less_proactive,2,2,0
solely_horizontal,2,2,0
entirely_undone,2,2,0
too_restless,2,2,0
less_pregnant,2,1,1
less_predatory,2,1,1
solely_indian,2,2,0
solely_indicative,2,2,0
entirely_unmanageable,2,2,0
solely_larger,2,2,0
less_palatable,2,2,0
less_painless,2,2,0
entirely_unsuited,2,2,0
entirely_unsupported,2,2,0
less_nerve-wracking,2,2,0
less_negative,2,2,0
entirely_unsure,2,2,0
solely_phenomenal,2,2,0
entirely_untouchable,2,2,0
less_native,2,2,0
too_relentless,2,1,1
less_naive,2,2,0
less_mystifying,2,2,0
less_muslim,2,0,2
solely_potential,2,2,0
solely_practical,2,2,0
entirely_vain,2,2,0
solely_rational,2,2,0
less_monolithic,2,2,0
entirely_verbal,2,2,0
less_misleading,2,2,0
too_refreshing,2,2,0
too_refined,2,2,0
entirely_unsuitable,2,2,0
too_reprehensible,2,0,2
too_repressive,2,2,0
solely_medical,2,2,0
solely_likely,2,2,0
less_outstanding,2,1,1
entirely_unpalatable,2,2,0
solely_man-made,2,2,0
entirely_unplayable,2,2,0
entirely_unpopular,2,2,0
entirely_unprofessional,2,2,0
less_opportune,2,2,0
less_operatic,2,2,0
solely_mild,2,2,0
less_noxious,2,2,0
entirely_unprofitable,2,2,0
entirely_unprotected,2,1,1
solely_musical,2,2,0
entirely_unrecognizable,2,2,0
entirely_unremarkable,2,1,1
less_obtrusive,2,2,0
solely_natural,2,2,0
less_obscure,2,1,1
entirely_unsatisfactory,2,2,0
less_inadequate,2,2,0
less_improbable,2,2,0
equally_alert,2,2,0
less_evasive,2,2,0
somehow_indicative,2,2,0
less_entrepreneurial,2,2,0
equally_hostile,2,2,0
equally_imminent,2,2,0
equally_impressed,2,2,0
less_enough,2,1,1
less_enormous,2,2,0
less_enlightening,2,2,0
too_outside,2,2,0
equally_indifferent,2,2,0
less_endearing,2,2,0
less_encouraging,2,2,0
equally_informative,2,2,0
somehow_inherent,2,2,0
less_empathetic,2,2,0
equally_insane,2,2,0
less_emblematic,2,1,1
too_ornamental,2,2,0
less_eligible,2,2,0
too_organized,2,2,0
less_egalitarian,2,2,0
less_epic,2,2,0
too_palpable,2,2,0
too_prodigious,2,2,0
equally_green,2,2,0
too_perilous,2,2,0
too_perceptive,2,2,0
less_far-reaching,2,2,0
somehow_good,2,2,0
too_pedestrian,2,2,0
equally_fortunate,2,2,0
equally_friendly,2,2,0
less_exquisite,2,1,1
less_exploitative,2,2,0
somehow_healthier,2,2,0
less_explicit,2,2,0
equally_fundamentalist,2,2,0
equally_funny,2,2,0
less_expansive,2,2,0
too_paramount,2,2,0
less_exhausting,2,2,0
less_excruciating,2,2,0
less_exclusive,2,2,0
equally_grateful,2,2,0
less_exceptional,2,2,0
equally_grave,2,2,0
too_orderly,2,2,0
equally_inventive,2,2,0
less_efficacious,2,2,0
less_effectual,2,2,0
too_old-school,2,2,0
less_distant,2,2,0
less_dissatisfied,2,2,0
equally_meritorious,2,2,0
less_disproportionate,2,2,0
less_disparate,2,2,0
less_dishonest,2,2,0
less_discriminatory,2,2,0
equally_mobile,2,2,0
less_discerning,2,2,0
equally_nasty,2,2,0
equally_natural,2,2,0
less_disagreeable,2,1,1
too_occasional,2,2,0
equally_nice,2,2,0
somehow_revolutionary,2,2,0
too_obstinate,2,2,0
too_obsolete,2,2,0
equally_objectionable,2,2,0
less_diabolical,2,2,0
less_devout,2,2,0
less_distressed,2,2,0
equally_male,2,2,0
equally_lucrative,2,2,0
somehow_mistaken,2,2,0
equally_involved,2,2,0
equally_keen,2,2,0
equally_legitimate,2,2,0
somehow_less,2,2,0
somehow_lesser,2,2,0
less_eclectic,2,2,0
less_eccentric,2,2,0
equally_liable,2,2,0
less_dysfunctional,2,2,0
less_dumb,2,2,0
less_dogmatic,2,2,0
less_dull,2,2,0
less_drunk,2,2,0
less_driven,2,2,0
somehow_nefarious,2,2,0
less_dreadful,2,2,0
less_drastic,2,2,0
equally_long,2,2,0
less_dovish,2,2,0
equally_loud,2,2,0
too_perishable,2,2,0
equally_fatal,2,2,0
equally_fascinating,2,2,0
less_grueling,2,2,0
equally_bold,2,2,0
too_preoccupied,2,2,0
less_horrendous,2,2,0
equally_cancerous,2,1,1
equally_carcinogenic,2,2,0
less_historical,2,2,0
too_pregnant,2,2,0
solidly_supportive,2,2,0
solidly_white,2,2,0
less_heterogeneous,2,2,0
too_predominant,2,2,0
less_heavenly,2,0,2
less_hearty,2,1,1
equally_compatible,2,2,0
equally_complicated,2,2,0
equally_comprehensive,2,2,0
less_hassle,2,2,0
equally_conducive,2,2,0
equally_congenial,2,2,0
equally_conscious,2,2,0
less_handy,2,2,0
too_pressing,2,2,0
equally_awful,2,2,0
solidly_pro-life,2,2,0
equally_anxious,2,2,0
less_implausible,2,2,0
solidly_conservative,2,2,0
less_impatient,2,2,0
too_pro-israel,2,2,0
less_immune,2,2,0
equally_angry,2,2,0
less_immersive,2,2,0
less_imaginable,2,2,0
less_illustrious,2,2,0
less_idyllic,2,2,0
equally_awesome,2,2,0
less_idiotic,2,2,0
less_idealistic,2,2,0
equally_apt,2,2,0
too_privileged,2,2,0
less_hypocritical,2,2,0
less_hypnotic,2,2,0
solidly_pigmented,2,2,0
less_humbling,2,2,0
equally_authoritative,2,2,0
somehow_aware,2,2,0
less_groovy,2,2,0
equally_fantastic,2,2,0
equally_cooperative,2,2,0
equally_dominant,2,2,0
less_frantic,2,2,0
equally_efficacious,2,2,0
too_petite,2,2,0
less_forgettable,2,1,1
too_pervasive,2,2,0
equally_equipped,2,2,0
somehow_easier,2,2,0
equally_excellent,2,2,0
somehow_evil,2,2,0
somehow_exempt,2,2,0
equally_exclusive,2,2,0
equally_expedient,2,2,0
less_filthy,2,2,0
equally_expert,2,2,0
somehow_familiar,2,2,0
too_perplexed,2,2,0
equally_extravagant,2,2,0
less_feasible,2,2,0
equally_familiar,2,2,0
equally_famous,2,2,0
equally_divisible,2,2,0
less_french,2,2,0
equally_distant,2,2,0
less_glib,2,2,0
equally_costly,2,2,0
equally_courageous,2,2,0
less_grave,2,2,0
less_gratifying,2,1,1
equally_criminal,2,2,0
equally_critical,2,2,0
equally_cynical,2,2,0
less_glossy,2,2,0
too_pornographic,2,1,1
equally_dead,2,2,0
less_frivolous,2,2,0
too_populist,2,2,0
less_general,2,2,0
equally_dense,2,2,0
less_gaudy,2,2,0
less_garish,2,2,0
too_pointed,2,2,0
too_poignant,2,0,2
too_pleasurable,2,1,1
equally_discerning,2,2,0
entirely_transferable,2,2,0
less_radiant,2,1,1
equally_odd,2,2,0
entirely_menacing,2,2,0
likely_safe,2,2,0
likely_responsible,2,2,0
entirely_messy,2,2,0
likely_recoverable,2,2,0
socially_elitist,2,2,0
likely_pure,2,2,0
likely_proud,2,2,0
socially_free,2,2,0
entirely_metaphysical,2,2,0
likely_positive,2,2,0
likely_pleased,2,2,0
likely_perfect,2,2,0
likely_original,2,2,0
likely_open,2,2,0
socially_healthy,2,2,0
likely_new,2,2,0
socially_impactful,2,2,0
entirely_minuscule,2,2,0
entirely_misinformed,2,1,1
socially_inadequate,2,2,0
likely_masculine,2,2,0
socially_distant,2,2,0
likely_similar,2,2,0
entirely_lovable,2,2,0
socially_destructive,2,2,0
linguistically_dependent,2,2,0
socially_admirable,2,2,0
socially_aggressive,2,2,0
likewise_true,2,2,0
entirely_magical,2,2,0
socially_backward,2,2,0
socially_capable,2,2,0
socially_commendable,2,2,0
likely_widespread,2,2,0
socially_compatible,2,2,0
too_staggering,2,1,1
entirely_mandatory,2,2,0
likely_unnecessary,2,1,1
socially_complicated,2,2,0
socially_conscientious,2,2,0
entirely_marketable,2,2,0
entirely_masculine,2,2,0
entirely_mathematical,2,2,0
likely_surprised,2,2,0
socially_dependent,2,2,0
likely_successful,2,2,0
entirely_missing,2,2,0
entirely_monogamous,2,2,0
socially_inclusive,2,2,0
likely_likely,2,2,0
likely_conscious,2,2,0
likely_concerned,2,2,0
likely_coincidental,2,2,0
entirely_neat,2,2,0
socially_proper,2,2,0
too_sound,2,2,0
entirely_negligent,2,2,0
likely_attributable,2,2,0
likely_adequate,2,2,0
likely_achievable,2,2,0
likely_absent,2,2,0
socially_revolutionary,2,2,0
entirely_nuanced,2,2,0
socially_skillful,2,2,0
less_yummy,2,1,1
less_xenophobic,2,2,0
entirely_nutritious,2,2,0
socially_stable,2,2,0
entirely_obedient,2,2,0
entirely_obtuse,2,2,0
socially_strange,2,2,0
likely_deficient,2,2,0
likely_desperate,2,2,0
socially_pleasing,2,2,0
socially_isolated,2,2,0
likely_large,2,2,0
entirely_monstrous,2,2,0
entirely_moot,2,2,0
socially_intrusive,2,2,0
entirely_moral,2,2,0
likely_imminent,2,2,0
likely_immediate,2,2,0
too_specialized,2,2,0
likely_ill,2,2,0
likely_ideal,2,2,0
likely_due,2,2,0
too_spartan,2,2,0
likely_healthy,2,2,0
likely_guilty,2,2,0
socially_marginal,2,2,0
likely_gay,2,2,0
likely_fatal,2,2,0
likely_exciting,2,2,0
socially_offensive,2,2,0
likely_eligible,2,2,0
linguistically_innovative,2,2,0
entirely_live,2,2,0
entirely_tragic,2,2,0
entirely_hazardous,2,2,0
too_symmetrical,2,2,0
entirely_heterosexual,2,2,0
too_sustainable,2,2,0
entirely_horizontal,2,2,0
entirely_hospitable,2,2,0
so_vertical,2,2,0
entirely_hot,2,2,0
entirely_humanitarian,2,2,0
literally_right,2,2,0
so_victorian,2,2,0
entirely_ideological,2,2,0
entirely_illiterate,2,2,0
entirely_immaterial,2,2,0
entirely_immediate,2,2,0
literally_pregnant,2,2,0
entirely_impenetrable,2,2,0
so_viscous,2,2,0
too_sumptuous,2,2,0
literally_permanent,2,2,0
literally_perfect,2,2,0
entirely_inane,2,2,0
entirely_heartening,2,2,0
entirely_hateful,2,2,0
entirely_literary,2,2,0
too_tactful,2,2,0
too_telling,2,2,0
little_stereotypical,2,2,0
little_remarkable,2,2,0
entirely_fraudulent,2,2,0
entirely_frightening,2,2,0
little_pleased,2,2,0
entirely_fulfilling,2,2,0
too_tasteless,2,2,0
entirely_gentle,2,2,0
entirely_german,2,2,0
entirely_glad,2,2,0
entirely_global,2,2,0
entirely_glorious,2,2,0
entirely_glum,2,2,0
little_agreeable,2,2,0
entirely_gluten-free,2,2,0
literally_yellow,2,2,0
entirely_gratified,2,2,0
literally_visible,2,2,0
literally_violent,2,2,0
too_tactical,2,1,1
literally_old,2,2,0
entirely_incoherent,2,2,0
literally_new,2,2,0
literally_necessary,2,2,0
literally_equal,2,2,0
entirely_intolerant,2,2,0
literally_effortless,2,2,0
entirely_intriguing,2,2,0
too_studious,2,1,1
entirely_irreversible,2,2,0
literally_dangerous,2,2,0
literally_crazy,2,2,0
entirely_joyful,2,2,0
entirely_jubilant,2,2,0
literally_cold,2,2,0
too_strategic,2,2,0
literally_blind,2,2,0
entirely_knowledgable,2,2,0
literally_autobiographical,2,2,0
so_wrenching,2,2,0
entirely_lax,2,2,0
so_wrinkled,2,2,0
so_xenophobic,2,1,1
entirely_liable,2,2,0
entirely_listenable,2,2,0
entirely_internal,2,2,0
entirely_interdependent,2,2,0
entirely_intangible,2,2,0
entirely_inert,2,2,0
entirely_inconvenient,2,2,0
literally_male,2,2,0
literally_magical,2,2,0
so_voracious,2,2,0
entirely_indiscriminate,2,2,0
so_walkable,2,2,0
too_succinct,2,2,0
too_succesful,2,2,0
entirely_industrial,2,2,0
literally_incorrect,2,2,0
entirely_insubstantial,2,2,0
entirely_inexcusable,2,2,0
literally_hungry,2,2,0
entirely_inhuman,2,2,0
too_substantive,2,0,2
literally_hard,2,2,0
too_subservient,2,2,0
literally_golden,2,2,0
entirely_inspirational,2,1,1
too_sublime,2,1,1
less_witty,2,1,1
entirely_old,2,2,0
socially_suitable,2,2,0
entirely_self-explanatory,2,2,0
entirely_senseless,2,2,0
entirely_sensitive,2,2,0
less_smug,2,2,0
less_smooth,2,2,0
too_secular,2,1,1
less_slick,2,2,0
less_skilful,2,2,0
less_sketchy,2,2,0
too_seasoned,2,2,0
less_sinful,2,2,0
less_shrewd,2,2,0
too_scholarly,2,2,0
less_shiny,2,2,0
entirely_skillful,2,2,0
less_shady,2,1,1
entirely_socialist,2,2,0
solely_enticing,2,2,0
too_scant,2,2,0
entirely_specious,2,2,0
less_scrupulous,2,2,0
entirely_speechless,2,2,0
solely_domestic,2,2,0
less_solitary,2,1,1
less_wide,2,2,0
less_sombre,2,1,1
less_subject,2,2,0
entirely_robotic,2,2,0
less_sturdy,2,2,0
too_several,2,2,0
too_set,2,1,1
less_stunned,2,2,0
entirely_rude,2,2,0
entirely_savory,2,2,0
entirely_scary,2,2,0
less_straightforward,2,2,0
less_stingy,2,2,0
solely_defensive,2,2,0
less_steadfast,2,2,0
solely_derivative,2,2,0
solely_descriptive,2,2,0
less_spiritual,2,2,0
entirely_sedentary,2,2,0
entirely_self-aware,2,2,0
less_sovereign,2,2,0
less_sour,2,2,0
solely_digital,2,2,0
solely_expensive,2,2,0
less_scathing,2,2,0
less_savvy,2,2,0
entirely_stagnant,2,2,0
entirely_symbolic,2,2,0
less_renowned,2,2,0
less_reluctant,2,1,1
entirely_tame,2,2,0
less_relaxing,2,2,0
entirely_technical,2,2,0
less_related,2,2,0
less_regrettable,2,2,0
less_reflective,2,2,0
less_refined,2,2,0
less_recognizable,2,2,0
entirely_tedious,2,2,0
too_rotten,2,2,0
entirely_terrifying,2,2,0
entirely_thoughtful,2,2,0
less_readable,2,2,0
less_raw,2,2,0
solely_great,2,2,0
entirely_tired,2,2,0
less_rampant,2,2,0
less_radioactive,2,2,0
entirely_supernatural,2,2,0
less_repressive,2,2,0
less_repulsive,2,2,0
less_ripe,2,1,1
entirely_stale,2,2,0
less_satisfactory,2,2,0
solely_false,2,2,0
entirely_steadfast,2,2,0
too_sassy,2,2,0
entirely_stellar,2,2,0
less_rude,2,2,0
entirely_strategic,2,2,0
entirely_stuck,2,2,0
entirely_stunning,2,2,0
less_resilient,2,2,0
entirely_subservient,2,2,0
entirely_substantial,2,2,0
less_revered,2,2,0
entirely_succesful,2,2,0
less_restless,2,2,0
less_responsive,2,1,1
too_sacrosanct,2,2,0
less_resonant,2,2,0
entirely_superior,2,2,0
less_subjective,2,1,1
entirely_righteous,2,2,0
solely_conscious,2,2,0
less_unfair,2,2,0
less_variable,2,2,0
entirely_pink,2,2,0
entirely_pious,2,2,0
entirely_placid,2,2,0
entirely_playable,2,2,0
less_uptight,2,2,0
entirely_playful,2,2,0
entirely_polished,2,0,2
less_upbeat,2,2,0
less_unwilling,2,0,2
entirely_poor,2,2,0
less_unsettled,2,2,0
solely_accessible,2,2,0
entirely_powerful,2,2,0
solely_accurate,2,2,0
less_unpopular,2,2,0
solely_advisory,2,2,0
less_unlikely,2,2,0
less_unlawful,2,2,0
entirely_pragmatic,2,2,0
less_unhinged,2,2,0
less_varied,2,2,0
less_vast,2,2,0
less_venomous,2,2,0
entirely_out,2,2,0
socially_sustainable,2,2,0
socially_taboo,2,2,0
socially_transformative,2,2,0
entirely_opportunistic,2,2,0
entirely_optional,2,2,0
socially_uncontrollable,2,1,1
entirely_oral,2,2,0
entirely_orange,2,2,0
entirely_other,2,2,0
entirely_outdated,2,2,0
less_vexing,2,2,0
entirely_outrageous,2,2,0
too_sneaky,2,1,1
entirely_overjoyed,2,2,0
entirely_passe,2,2,0
entirely_past,2,2,0
less_villainous,2,2,0
entirely_pathological,2,2,0
entirely_peachy,2,2,0
too_sly,2,0,2
entirely_presentable,2,2,0
less_unexpected,2,1,1
less_substantive,2,2,0
less_uneasy,2,1,1
too_short-sighted,2,2,0
solely_bleak,2,2,0
entirely_recognisable,2,2,0
solely_british,2,2,0
solely_capable,2,2,0
less_tempting,2,2,0
less_telling,2,2,0
solely_ceremonial,2,2,0
entirely_relaxing,2,2,0
solely_chinese,2,2,0
entirely_remorseful,2,2,0
entirely_repeatable,2,2,0
less_sweeping,2,2,0
entirely_resonant,2,2,0
solely_commercial,2,2,0
entirely_retro,2,2,0
less_superior,2,2,0
less_sumptuous,2,2,0
less_suicidal,2,2,0
less_sufficient,2,2,0
entirely_rewarding,2,2,0
less_thorny,2,1,1
less_thorough,2,2,0
less_tidy,2,2,0
entirely_proportional,2,2,0
entirely_prevalent,2,2,0
less_understandable,2,2,0
entirely_primitive,2,2,0
entirely_pro-israel,2,2,0
less_turbulent,2,2,0
less_troublesome,2,2,0
entirely_progressive,2,1,1
less_trendy,2,2,0
entirely_proof,2,2,0
entirely_proportionate,2,2,0
less_tight,2,2,0
entirely_provocative,2,2,0
solely_available,2,2,0
solely_aware,2,2,0
entirely_quantifiable,2,2,0
solely_beautiful,2,2,0
less_touching,2,2,0
less_torturous,2,1,1
entirely_quick,2,2,0
less_timid,2,1,1
less_devoted,2,2,0
equally_offended,2,2,0
eternally_sustainable,2,2,0
just_turkish,2,2,0
especially_lifelike,2,2,0
especially_lofty,2,2,0
too_incoherent,2,2,0
especially_lopsided,2,2,0
just_transformative,2,2,0
just_transformational,2,2,0
just_transferable,2,2,0
just_transcendent,2,2,0
just_trans,2,2,0
especially_lyrical,2,2,0
especially_macho,2,2,0
just_topical,2,2,0
too_incisive,2,1,1
too_incendiary,2,2,0
too_inadequate,2,2,0
too_inactive,2,2,0
especially_masculine,2,2,0
especially_mean-spirited,2,2,0
just_timid,2,2,0
especially_meaty,2,2,0
just_time-consuming,2,2,0
too_incredulous,2,2,0
too_indecent,2,1,1
too_industrious,2,2,0
especially_lavish,2,2,0
just_undecided,2,2,0
especially_intricate,2,2,0
too_industrial,2,2,0
especially_introverted,2,2,0
especially_invasive,2,2,0
especially_ironic,2,2,0
too_individualistic,2,2,0
too_individual,2,2,0
especially_italian,2,1,1
just_uncanny,2,2,0
just_unbreakable,2,2,0
just_unaware,2,2,0
especially_jewish,2,2,0
especially_joyful,2,2,0
just_unattainable,2,2,0
just_unappreciated,2,2,0
too_indignant,2,2,0
just_unanswered,2,2,0
especially_juicy,2,1,1
too_indie,2,2,0
just_unaffiliated,2,2,0
especially_mexican,2,1,1
especially_mind-blowing,2,0,2
especially_minded,2,2,0
especially_moderate,2,2,0
just_suspenseful,2,2,0
especially_ornamental,2,2,0
especially_orthodox,2,2,0
just_surgical,2,2,0
sooo_cool,2,2,0
just_superhuman,2,2,0
just_super,2,2,0
especially_philosophical,2,2,0
too_hurtful,2,2,0
especially_pliable,2,2,0
just_substantial,2,2,0
just_subservient,2,2,0
just_sublime,2,2,0
especially_populous,2,2,0
especially_portable,2,1,1
especially_predictive,2,2,0
too_humanoid,2,2,0
just_strict,2,2,0
especially_private,2,2,0
just_stimulating,2,2,0
too_hopeless,2,2,0
especially_orderly,2,1,1
just_swollen,2,2,0
too_illogical,2,2,0
especially_negative,2,2,0
especially_modest,2,2,0
just_thematic,2,2,0
just_theatrical,2,2,0
especially_much,2,2,0
too_imperfect,2,2,0
soon_weary,2,2,0
especially_naughty,2,2,0
especially_needy,2,2,0
especially_nefarious,2,1,1
just_tastier,2,2,0
sooo_boring,2,2,0
just_tasteful,2,2,0
especially_noisy,2,2,0
especially_nostalgic,2,2,0
too_immense,2,1,1
too_immaculate,2,1,1
especially_obscure,2,2,0
too_illustrious,2,1,1
just_synthetic,2,2,0
especially_oily,2,2,0
just_underfunded,2,2,0
soon_able,2,2,0
justifiably_mad,2,2,0
just_vigilant,2,2,0
just_victorious,2,2,0
just_victorian,2,2,0
especially_frightening,2,1,1
especially_fruity,2,2,0
especially_fuel-efficient,2,2,0
especially_functional,2,2,0
especially_furious,2,2,0
sonically_dense,2,2,0
especially_futuristic,2,0,2
just_vacant,2,2,0
especially_gentle,2,1,1
especially_germane,2,2,0
especially_graceful,2,2,0
especially_gracious,2,1,1
too_intent,2,2,0
just_uphill,2,2,0
just_upcoming,2,1,1
just_upbeat,2,2,0
sonically_different,2,2,0
too_intelligible,2,2,0
especially_gregarious,2,2,0
just_viewable,2,2,0
just_viral,2,2,0
just_underrated,2,2,0
especially_foreign,2,1,1
just_youthful,2,2,0
especially_enthralling,2,2,0
just_xenophobic,2,2,0
especially_entrepreneurial,2,2,0
especially_erudite,2,2,0
especially_ethical,2,2,0
just_worrying,2,2,0
just_wooden,2,2,0
especially_exclusive,2,1,1
especially_extreme,2,2,0
just_whiter,2,2,0
especially_fastidious,2,2,0
especially_fearful,2,2,0
just_weary,2,2,0
just_wearable,2,2,0
especially_firm,2,2,0
especially_flat,2,2,0
too_introverted,2,2,0
somewhere_unsafe,2,2,0
especially_fluent,2,2,0
just_volatile,2,2,0
just_unused,2,2,0
especially_gross,2,2,0
just_unsympathetic,2,2,0
especially_grueling,2,2,0
soo_easy,2,2,0
especially_inaccurate,2,2,0
just_unfriendly,2,2,0
just_unfounded,2,2,0
especially_inconvenient,2,2,0
soo_hot,2,2,0
just_unfit,2,2,0
just_unfinished,2,2,0
especially_independent,2,2,0
soo_much,2,2,0
especially_indicative,2,2,0
especially_individual,2,1,1
especially_infectious,2,2,0
just_uneven,2,2,0
especially_influential,2,2,0
too_inferior,2,2,0
especially_inspired,2,2,0
especially_instructive,2,2,0
just_underwhelming,2,2,0
soo_sweet,2,2,0
too_inebriated,2,2,0
just_unimportant,2,2,0
especially_impactful,2,2,0
just_uninspired,2,2,0
just_unruly,2,2,0
just_unsuitable,2,2,0
too_insurmountable,2,2,0
especially_hard-hitting,2,2,0
just_unseen,2,2,0
especially_hardy,2,2,0
just_unscrupulous,2,2,0
just_unsatisfying,2,2,0
too_insufficient,2,2,0
too_insubstantial,2,2,0
sonically_perfect,2,2,0
especially_immoral,2,2,0
too_institutional,2,2,0
just_unproven,2,2,0
especially_hilly,2,2,0
just_unmarked,2,2,0
too_innocuous,2,2,0
especially_ill,2,2,0
especially_illustrious,2,2,0
soo_big,2,2,0
too_inhospitable,2,2,0
especially_prudent,2,2,0
especially_public,2,2,0
just_statistical,2,2,0
especially_worse,2,2,0
too_future,2,2,0
essentially_aggressive,2,2,0
essentially_arbitrary,2,2,0
just_raucous,2,2,0
essentially_capricious,2,2,0
essentially_competitive,2,2,0
just_radiant,2,2,0
essentially_concerned,2,2,0
essentially_corrupt,2,1,1
too_frenetic,2,2,0
just_quieter,2,2,0
too_freakin,2,2,0
essentially_dependent,2,2,0
essentially_disposable,2,2,0
too_foul,2,2,0
just_pushy,2,2,0
essentially_easier,2,2,0
just_puffy,2,2,0
sorta_pregnant,2,2,0
essentially_feminine,2,2,0
too_flavourful,2,2,0
essentially_accurate,2,2,0
just_rebellious,2,2,0
too_honorable,2,2,0
especially_widespread,2,2,0
just_respected,2,2,0
especially_treacherous,2,0,2
especially_troubled,2,2,0
especially_unhappy,2,2,0
especially_unhealthy,2,2,0
just_repeatable,2,2,0
especially_unlikely,2,1,1
especially_unprecedented,2,0,2
especially_unsympathetic,2,2,0
especially_uplifting,2,2,0
especially_upsetting,2,2,0
especially_urban,2,2,0
especially_vigilant,2,2,0
especially_virulent,2,2,0
too_giant,2,2,0
just_regressive,2,2,0
especially_vulgar,2,2,0
just_refreshed,2,2,0
sorely_lacking,2,2,0
especially_well-known,2,2,0
especially_wholesome,2,2,0
just_procedural,2,2,0
spatially_accurate,2,2,0
essentially_islamic,2,2,0
just_pro-israel,2,2,0
just_pompous,2,2,0
essentially_simple,2,2,0
just_poignant,2,2,0
just_poetic,2,2,0
spatially_mobile,2,2,0
essentially_spiritual,2,2,0
too_far-reaching,2,2,0
essentially_superior,2,2,0
essentially_unique,2,0,2
just_pious,2,2,0
too_extroverted,2,2,0
essentially_willing,2,2,0
just_photogenic,2,2,0
too_exploitative,2,1,1
just_petite,2,2,0
eternally_constant,2,2,0
just_personable,2,2,0
eternally_existent,2,2,0
just_perplexing,2,2,0
eternally_happy,2,2,0
just_permanent,2,2,0
just_poorer,2,2,0
essentially_safe,2,2,0
essentially_romantic,2,1,1
spatially_extensive,2,2,0
too_flagrant,2,2,0
just_pro,2,2,0
spatially_aware,2,2,0
too_fitting,2,2,0
just_primitive,2,2,0
just_prickly,2,2,0
essentially_lower,2,2,0
essentially_meaningless,2,2,0
essentially_military,2,2,0
too_fickle,2,2,0
essentially_right,2,1,1
just_prescient,2,2,0
just_premium,2,2,0
essentially_peaceful,2,2,0
essentially_personal,2,2,0
just_predictive,2,2,0
essentially_poor,2,2,0
just_precise,2,2,0
just_posh,2,2,0
too_faulty,2,1,1
too_gratified,2,2,0
just_restorative,2,2,0
just_revelatory,2,2,0
especially_sinister,2,1,1
especially_restrictive,2,2,0
just_sobering,2,2,0
just_sneaky,2,2,0
just_snappy,2,2,0
just_smoother,2,2,0
just_smelly,2,2,0
especially_roomy,2,2,0
especially_rugged,2,2,0
especially_russian,2,2,0
just_slight,2,2,0
just_slick,2,2,0
especially_satisfactory,2,2,0
just_situational,2,2,0
especially_scared,2,2,0
too_hearty,2,2,0
just_sickening,2,2,0
especially_selfish,2,2,0
just_shortsighted,2,2,0
especially_shameful,2,1,1
especially_shiny,2,2,0
too_hateful,2,2,0
especially_restful,2,2,0
especially_responsible,2,2,0
especially_resilient,2,2,0
especially_recent,2,1,1
especially_quiet,2,2,0
too_homely,2,2,0
just_spotless,2,2,0
especially_rampant,2,2,0
too_holistic,2,0,2
especially_raunchy,2,2,0
especially_readable,2,2,0
just_spirited,2,2,0
soooo_bad,2,2,0
especially_refreshing,2,2,0
especially_resentful,2,2,0
especially_regrettable,2,2,0
especially_relatable,2,2,0
just_sovereign,2,2,0
especially_relative,2,2,0
just_sour,2,2,0
especially_reliant,2,2,0
just_sorrowful,2,2,0
too_high-tech,2,2,0
just_sordid,2,2,0
just_shameless,2,2,0
especially_skillful,2,2,0
especially_territorial,2,2,0
especially_slim,2,2,0
just_sanguine,2,2,0
especially_suspenseful,2,2,0
especially_swift,2,2,0
just_sacred,2,2,0
just_rusty,2,2,0
just_rustic,2,2,0
especially_taller,2,2,0
especially_tannic,2,2,0
just_royal,2,2,0
just_rowdy,2,2,0
just_routine,2,2,0
just_round,2,2,0
too_gregarious,2,2,0
especially_tender,2,2,0
just_robust,2,2,0
just_robotic,2,2,0
too_greek,2,2,0
just_ripe,2,2,0
just_rigorous,2,2,0
just_rigid,2,2,0
just_righteous,2,2,0
just_sarcastic,2,2,0
just_sassy,2,2,0
especially_subversive,2,1,1
soooo_tired,2,2,0
too_hardy,2,2,0
just_set,2,2,0
just_serviceable,2,2,0
especially_sober,2,2,0
especially_soft,2,2,0
especially_sore,2,2,0
just_sentient,2,2,0
too_gutsy,2,1,1
just_senior,2,2,0
especially_spooky,2,2,0
especially_substantive,2,2,0
especially_squeamish,2,2,0
just_secretive,2,2,0
just_secret,2,2,0
especially_stellar,2,2,0
especially_stingy,2,2,0
just_scottish,2,2,0
especially_strategic,2,1,1
just_schizophrenic,2,2,0
especially_striking,2,2,0
especially_energetic,2,2,0
somewhere_exotic,2,2,0
equally_oppressive,2,2,0
especially_acceptable,2,2,0
sometimes_painful,2,2,0
especially_adorable,2,2,0
less_anti-semitic,2,2,0
especially_adult,2,1,1
less_annoyed,2,2,0
especially_advanced,2,1,1
especially_advantageous,2,2,0
sometimes_problematic,2,2,0
less_amiable,2,2,0
less_ambivalent,2,2,0
especially_affectionate,2,2,0
especially_alarmed,2,2,0
too_marvelous,2,1,1
especially_ambiguous,2,2,0
less_agonizing,2,2,0
less_agitated,2,2,0
especially_amicable,2,2,0
especially_analytical,2,2,0
sometimes_ridiculous,2,2,0
less_adroit,2,2,0
sometimes_sad,2,2,0
especially_accessible,2,2,0
especially_abundant,2,2,0
sometimes_inaccurate,2,2,0
ergonomically_sound,2,2,0
less_beholden,2,2,0
sometimes_incorrect,2,2,0
less_basic,2,2,0
less_barbaric,2,2,0
sometimes_jewish,2,2,0
less_baffling,2,2,0
too_metaphysical,2,2,0
less_awake,2,2,0
less_autocratic,2,2,0
less_autobiographical,2,2,0
equally_white,2,2,0
equally_wonderful,2,2,0
less_attainable,2,2,0
less_athletic,2,2,0
equally_worried,2,2,0
equally_worth,2,2,0
less_aspirational,2,2,0
less_articulate,2,2,0
ergonomically_feasible,2,2,0
too_mediocre,2,1,1
less_apt,2,1,1
less_adorable,2,1,1
too_malleable,2,2,0
especially_apt,2,2,0
less_actual,2,2,0
legitimately_awful,2,2,0
legitimately_american,2,2,0
somewhat_angry,2,2,0
too_lurid,2,2,0
especially_belligerent,2,2,0
especially_bizarre,2,1,1
legally_usable,2,2,0
legally_untenable,2,2,0
somewhat_autobiographical,2,2,0
legally_unfair,2,1,1
legally_unable,2,2,0
legally_transferable,2,2,0
legally_torture,2,2,0
especially_bloodthirsty,2,2,0
especially_boisterous,2,2,0
especially_bothersome,2,2,0
especially_bouncy,2,2,0
too_lucid,2,2,0
especially_brisk,2,2,0
somewhat_bloody,2,2,0
legally_single,2,2,0
legitimately_black,2,2,0
somewhat_analogous,2,2,0
somewhat_aloof,2,2,0
legitimately_upset,2,2,0
especially_arduous,2,1,1
sometimes_short,2,2,0
especially_aromatic,2,2,0
sometimes_sure,2,2,0
too_malevolent,2,2,0
less_absolute,2,2,0
less_abrasive,2,2,0
especially_atypical,2,2,0
less_abhorrent,2,2,0
sometimes_true,2,2,0
somewhat_alarming,2,2,0
legitimately_related,2,2,0
legitimately_ours,2,2,0
legitimately_liable,2,2,0
sometimes_worse,2,2,0
sometimes_worth,2,2,0
too_lyrical,2,2,0
somewhat_afraid,2,2,0
somewhat_akin,2,2,0
especially_awful,2,2,0
less_bereft,2,2,0
too_mighty,2,2,0
justly_proud,2,2,0
equally_quick,2,2,0
less_cryptic,2,2,0
equally_rare,2,2,0
somehow_unqualified,2,2,0
less_crooked,2,1,1
somehow_unworthy,2,2,0
somehow_useful,2,2,0
too_neurotic,2,1,1
less_crass,2,1,1
less_cramped,2,2,0
less_coveted,2,2,0
somehow_worthy,2,2,0
less_cosmic,2,1,1
equally_right,2,2,0
equally_rude,2,2,0
less_conventional,2,2,0
equally_sacred,2,2,0
equally_salty,2,2,0
too_nearby,2,2,0
equally_satisfied,2,2,0
equally_selfish,2,2,0
less_conscious,2,2,0
equally_random,2,2,0
equally_protective,2,2,0
sometimes_illegal,2,2,0
equally_prone,2,2,0
less_desolate,2,1,1
equally_outrageous,2,2,0
too_obese,2,2,0
too_numb,2,2,0
equally_perfect,2,2,0
less_dependable,2,2,0
equally_permissible,2,2,0
equally_persuasive,2,2,0
less_demeaning,2,2,0
equally_plain,2,2,0
somehow_special,2,2,0
somehow_sufficient,2,2,0
less_defiant,2,2,0
less_defensive,2,2,0
equally_predictive,2,2,0
less_debilitating,2,2,0
less_debatable,2,2,0
equally_prevalent,2,2,0
too_nonchalant,2,2,0
equally_proficient,2,2,0
equally_prominent,2,2,0
less_congruent,2,2,0
too_nationalistic,2,1,1
less_conflicted,2,2,0
too_narrative,2,2,0
too_monochromatic,2,2,0
less_ceremonial,2,2,0
less_cerebral,2,2,0
less_central,2,2,0
less_celebratory,2,2,0
less_celebrated,2,2,0
sometimes_faster,2,2,0
less_careless,2,2,0
too_mixed,2,1,1
sometimes_frustrated,2,2,0
equally_troubling,2,2,0
less_bullish,2,1,1
equally_understandable,2,2,0
less_brisk,2,2,0
less_bothersome,2,2,0
too_mindless,2,1,1
less_bored,2,2,0
too_mind-boggling,2,2,0
sometimes_idle,2,2,0
equally_uplifting,2,2,0
equally_upset,2,2,0
equally_terrible,2,2,0
equally_tall,2,2,0
sometimes_different,2,2,0
equally_stiff,2,2,0
equally_shiny,2,2,0
sometimes_available,2,2,0
equally_skillful,2,2,0
too_muted,2,2,0
equally_slow,2,2,0
less_complacent,2,2,0
equally_solicitous,2,2,0
less_compelled,2,2,0
equally_sophisticated,2,2,0
equally_strict,2,2,0
too_morose,2,2,0
too_mountainous,2,1,1
less_combustible,2,2,0
less_colourful,2,2,0
equally_stylish,2,2,0
equally_supportive,2,2,0
less_cliched,2,2,0
too_mortified,2,2,0
less_clean,2,1,1
sometimes_deep,2,2,0
especially_british,2,1,1
legally_sensible,2,2,0
legally_secure,2,2,0
somewhat_obvious,2,2,0
largely_pointless,2,2,0
somewhat_older,2,2,0
somewhat_optimistic,2,2,0
especially_disappointing,2,2,0
largely_interested,2,2,0
somewhat_outrageous,2,2,0
too_killer,2,2,0
somewhat_overwhelming,2,2,0
largely_incompatible,2,2,0
largely_inaccurate,2,2,0
largely_impotent,2,2,0
largely_impossible,2,2,0
largely_immaterial,2,2,0
largely_genetic,2,2,0
somewhat_perplexing,2,2,0
largely_flattering,2,2,0
largely_female,2,2,0
somewhat_picky,2,2,0
largely_exempt,2,2,0
largely_effective,2,2,0
too_key,2,2,0
largely_poor,2,2,0
largely_present,2,2,0
legally_savvy,2,2,0
somewhat_obscure,2,2,0
somewhat_intentional,2,2,0
later_famous,2,0,2
somewhat_interesting,2,2,0
somewhat_intimidating,2,2,0
later_admissible,2,2,0
largely_wrong,2,2,0
especially_deserving,2,2,0
somewhat_irrelevant,2,2,0
somewhat_judgmental,2,2,0
largely_unnoticed,2,2,0
somewhat_late,2,2,0
largely_unfamiliar,2,2,0
especially_diplomatic,2,2,0
somewhat_mindful,2,2,0
especially_dirty,2,2,0
somewhat_mysterious,2,2,0
somewhat_narcissistic,2,2,0
somewhat_natural,2,2,0
somewhat_nervous,2,2,0
somewhat_neutral,2,2,0
largely_related,2,2,0
especially_discreet,2,2,0
somewhat_premature,2,2,0
largely_boring,2,2,0
somewhat_problematic,2,2,0
kinda_lesbian,2,2,0
somewhat_successful,2,2,0
especially_edgy,2,2,0
kinda_hilarious,2,2,0
especially_edible,2,2,0
somewhat_tedious,2,2,0
somewhat_thin,2,2,0
kinda_dangerous,2,2,0
somewhat_typical,2,2,0
somewhat_uncomfortable,2,2,0
kinda_close,2,2,0
kinda_bumpy,2,2,0
kinda_better,2,2,0
kinda_awkward,2,2,0
especially_emotional,2,2,0
too_jam-packed,2,2,0
keenly_intelligent,2,2,0
somewhat_valid,2,2,0
somewhat_valuable,2,2,0
somewhat_wary,2,2,0
somewhat_weak,2,2,0
somewhat_subjective,2,2,0
kinda_neat,2,2,0
kinda_pointless,2,2,0
knowingly_misleading,2,2,0
especially_distinguishable,2,2,0
largely_apathetic,2,2,0
largely_absent,2,2,0
especially_draconian,2,2,0
especially_drastic,2,1,1
somewhat_random,2,2,0
too_joyous,2,2,0
somewhat_redundant,2,2,0
knowingly_oversold,2,2,0
somewhat_remarkable,2,2,0
kinda_sad,2,2,0
especially_dry,2,2,0
somewhat_ridiculous,2,2,0
knowingly_false,2,2,0
knowingly_concise,2,2,0
somewhat_safer,2,2,0
somewhat_shocking,2,2,0
somewhat_silly,2,2,0
kinda_silly,2,2,0
too_jittery,2,2,0
somewhat_insulting,2,2,0
later_subject,2,2,0
laughably_absurd,2,2,0
especially_conspicuous,2,2,0
legally_legitimate,2,2,0
too_literate,2,2,0
somewhat_corrupt,2,2,0
especially_colorful,2,2,0
legally_indigenous,2,2,0
legally_incompetent,2,2,0
especially_comical,2,2,0
somewhat_cruel,2,2,0
somewhat_dark,2,2,0
especially_committed,2,2,0
especially_comparable,2,2,0
legally_final,2,2,0
especially_complementary,2,2,0
especially_complimentary,2,2,0
somewhat_decent,2,2,0
especially_conciliatory,2,2,0
legally_enough,2,2,0
especially_concise,2,2,0
legally_employable,2,2,0
especially_confrontational,2,2,0
especially_congenial,2,2,0
especially_clinical,2,2,0
somewhat_conservative,2,2,0
especially_clear-cut,2,2,0
somewhat_chaotic,2,2,0
legally_safe,2,2,0
somewhat_careful,2,2,0
legally_retarded,2,2,0
legally_resident,2,2,0
too_low-key,2,2,0
legally_recoverable,2,2,0
especially_capable,2,2,0
somewhat_challenging,2,2,0
legally_punishable,2,2,0
especially_captivating,2,2,0
too_loathsome,2,1,1
legally_privileged,2,2,0
somewhat_claustrophobic,2,2,0
legally_perilous,2,2,0
somewhat_comfortable,2,2,0
somewhat_common,2,2,0
somewhat_complicit,2,2,0
especially_chummy,2,2,0
legally_neutral,2,2,0
somewhat_conflicted,2,2,0
especially_consequential,2,2,0
somewhat_disappointing,2,2,0
laughably_insignificant,2,2,0
especially_contagious,2,2,0
somewhat_exploitative,2,2,0
especially_daring,2,1,1
somewhat_famous,2,2,0
least_pleased,2,2,0
least_intimidating,2,2,0
especially_deadly,2,2,0
somewhat_frustrating,2,2,0
especially_decisive,2,2,0
somewhat_funny,2,2,0
too_latin,2,2,0
somewhat_generic,2,2,0
somewhat_graphic,2,1,1
somewhat_hard,2,2,0
lawfully_mandatory,2,2,0
too_lackluster,2,2,0
lawfully_available,2,2,0
laughably_wrong,2,2,0
laughably_transparent,2,2,0
laughably_terrible,2,2,0
laughably_stupid,2,2,0
somewhat_important,2,2,0
somewhat_expensive,2,2,0
least_useful,2,2,0
legally_absurd,2,2,0
legally_certain,2,2,0
legally_dependent,2,2,0
legally_deductible,2,2,0
somewhat_disingenuous,2,2,0
especially_convoluted,2,2,0
somewhat_dissatisfied,2,2,0
especially_cordial,2,2,0
legally_complicated,2,2,0
legally_complex,2,2,0
legally_collectible,2,2,0
especially_cozy,2,2,0
too_leery,2,2,0
especially_crafty,2,2,0
legally_bankrupt,2,2,0
legally_autonomous,2,2,0
legally_attainable,2,2,0
legally_armed,2,2,0
legally_american,2,2,0
legally_adult,2,2,0
especially_crucial,2,2,0
especially_cumbersome,2,2,0
strongly_active,2,2,0
inherently_alarming,2,1,1
inherently_african,2,0,2
excruciatingly_terrible,2,2,0
technologically_obsolete,2,2,0
generally_cruel,2,2,0
generally_crowded,2,2,0
generally_criminal,2,2,0
excruciatingly_tight,2,2,0
generally_corrupt,2,2,0
generally_controversial,2,2,0
that_painless,2,2,0
that_overworked,2,2,0
technologically_safe,2,2,0
technologically_sexy,2,2,0
technologically_skilled,2,2,0
technologically_smart,2,2,0
exorbitantly_long,2,2,0
technologically_sound,2,2,0
generally_competent,2,2,0
generally_comparable,2,2,0
generally_cognizant,2,2,0
generally_close,2,2,0
exorbitantly_wealthy,2,2,0
explicitly_abusive,2,2,0
technologically_novel,2,0,2
that_parochial,2,2,0
that_personable,2,2,0
technologically_mature,2,2,0
that_perplexing,2,2,0
generally_famous,2,2,0
excruciatingly_annoying,2,2,0
generally_fair,2,2,0
generally_exempt,2,2,0
excruciatingly_brilliant,2,2,0
that_permanent,2,1,1
generally_enjoyable,2,2,0
technologically_impressive,2,2,0
technologically_incompetent,2,2,0
that_patient,2,2,0
generally_economic,2,2,0
excruciatingly_high,2,2,0
generally_easier,2,2,0
generally_distinctive,2,2,0
generally_different,2,2,0
technologically_interesting,2,1,1
generally_detrimental,2,2,0
generally_dependable,2,2,0
generally_defensive,2,2,0
excruciatingly_slow,2,2,0
generally_cause,2,2,0
explicitly_accessible,2,2,0
temporarily_absent,2,2,0
that_outdated,2,2,0
further_remarkable,2,0,2
further_prolonged,2,2,0
terribly_acute,2,2,0
terribly_adjustable,2,2,0
that_older,2,2,0
terribly_advisable,2,2,0
explicitly_didactic,2,2,0
explicitly_difficult,2,2,0
terribly_affluent,2,2,0
terribly_affordable,2,2,0
explicitly_direct,2,2,0
further_endangered,2,2,0
further_embarrassing,2,2,0
that_offended,2,2,0
terribly_alarmed,2,2,0
further_divisible,2,2,0
further_distinctive,2,2,0
explicitly_enough,2,2,0
terribly_ambivalent,2,2,0
terribly_amused,2,2,0
that_obtainable,2,2,0
that_open-minded,2,2,0
further_right,2,2,0
terribly_abusive,2,2,0
that_ordinary,2,2,0
generally_best,2,2,0
generally_awkward,2,2,0
generally_averse,2,2,0
explicitly_anti-democratic,2,2,0
temporarily_popular,2,2,0
temporarily_tired,2,2,0
temporarily_unavailable,2,2,0
explicitly_atheist,2,2,0
terminally_damning,2,2,0
explicitly_buddhist,2,2,0
terribly_abstract,2,1,1
explicitly_catholic,2,2,0
generally_achievable,2,2,0
that_oppressive,2,2,0
generally_absent,2,2,0
terminally_serious,2,1,1
explicitly_confrontational,2,2,0
further_unsettling,2,1,1
explicitly_conscious,2,2,0
terribly_absorbent,2,2,0
technologically_expert,2,2,0
technologically_destitute,2,2,0
technically_short,2,2,0
generally_perceptible,2,2,0
exclusively_physical,2,2,0
technically_tough,2,2,0
technically_toxic,2,2,0
generally_outspoken,2,2,0
technically_traditional,2,2,0
exclusively_positive,2,2,0
exclusively_present,2,2,0
generally_offensive,2,2,0
that_pompous,2,2,0
generally_objective,2,2,0
generally_noticable,2,2,0
technically_unconstitutional,2,2,0
exclusively_problematic,2,2,0
exclusively_professional,2,2,0
generally_new,2,2,0
exclusively_psychological,2,2,0
generally_navigable,2,2,0
generally_muslim,2,2,0
exclusively_rational,2,2,0
technically_unique,2,2,0
generally_mindful,2,2,0
generally_particular,2,2,0
generally_perfect,2,2,0
exclusively_visual,2,2,0
generally_poisonous,2,2,0
generally_refundable,2,2,0
technically_simple,2,2,0
generally_recoverable,2,2,0
exclusively_medieval,2,2,0
technically_smart,2,2,0
generally_rational,2,2,0
generally_rare,2,2,0
technically_sober,2,2,0
technically_social,2,2,0
technically_solid,2,2,0
exclusively_moral,2,2,0
exclusively_national,2,2,0
exclusively_nationalist,2,2,0
technically_stable,2,2,0
generally_privy,2,2,0
that_pragmatic,2,2,0
generally_predisposed,2,2,0
generally_predictive,2,2,0
technically_stunning,2,2,0
that_portable,2,2,0
technically_successful,2,2,0
technically_universal,2,2,0
technically_unlimited,2,2,0
generally_mean,2,2,0
generally_mandatory,2,2,0
that_pivotal,2,2,0
generally_identifiable,2,2,0
generally_hot,2,2,0
generally_hostile,2,2,0
technologically_bent,2,2,0
exclusively_sunni,2,2,0
technologically_brilliant,2,2,0
exclusively_sweet,2,2,0
generally_healthier,2,2,0
generally_harmless,2,2,0
that_picturesque,2,2,0
that_philosophical,2,2,0
technologically_challenging,2,2,0
exclusively_unique,2,1,1
that_petty,2,2,0
exclusively_urban,2,2,0
generally_fun,2,2,0
exclusively_verbal,2,2,0
technologically_complicated,2,2,0
exclusively_virtual,2,2,0
technologically_dependent,2,2,0
exclusively_spiritual,2,2,0
generally_inappropriate,2,2,0
that_placid,2,2,0
generally_large,2,2,0
generally_malicious,2,2,0
that_poisonous,2,2,0
exclusively_regional,2,2,0
generally_lower,2,2,0
generally_loud,2,2,0
technically_useful,2,2,0
generally_literate,2,2,0
that_pointless,2,2,0
exclusively_rural,2,2,0
generally_kind,2,2,0
generally_inept,2,2,0
that_playable,2,2,0
technically_weak,2,2,0
technically_wild,2,2,0
exclusively_social,2,2,0
generally_interchangeable,2,2,0
technically_wireless,2,2,0
generally_intense,2,2,0
technologically_able,2,2,0
generally_influential,2,2,0
explicitly_evil,2,2,0
that_obsolete,2,2,0
explicitly_exempt,2,2,0
exponentially_stable,2,2,0
exquisitely_aromatic,2,2,0
functionally_bankrupt,2,2,0
functionally_appropriate,2,2,0
terribly_damning,2,2,0
fully_yellow,2,2,0
that_lofty,2,2,0
fully_worthless,2,2,0
fully_wise,2,2,0
fully_wireless,2,2,0
fully_wild,2,2,0
that_linear,2,2,0
exquisitely_weird,2,2,0
terribly_debilitating,2,2,0
that_lightweight,2,2,0
extensively_detailed,2,2,0
that_lighthearted,2,2,0
extensively_familiar,2,2,0
fully_villainous,2,2,0
that_liberal,2,2,0
fully_victorious,2,2,0
fully_viable,2,2,0
terribly_current,2,2,0
terribly_crunchy,2,2,0
terribly_annoyed,2,2,0
terribly_cruel,2,2,0
functionally_useless,2,2,0
terribly_contentious,2,2,0
terribly_conventional,2,1,1
explosively_athletic,2,2,0
functionally_retarded,2,2,0
functionally_relevant,2,2,0
that_maneuverable,2,2,0
explosively_controversial,2,0,2
functionally_possible,2,2,0
terribly_counterintuitive,2,2,0
terribly_courageous,2,2,0
functionally_interchangeable,2,2,0
terribly_courteous,2,2,0
terribly_covert,2,2,0
terribly_cramped,2,2,0
functionally_identical,2,2,0
terribly_creamy,2,2,0
explosively_powerful,2,2,0
terribly_crisp,2,2,0
that_ludicrous,2,2,0
that_lower,2,2,0
externally_accessible,2,2,0
that_legitimate,2,2,0
fully_upright,2,2,0
terribly_dense,2,2,0
extra_influential,2,2,0
fully_surprising,2,2,0
extra_irritating,2,1,1
extra_motivated,2,2,0
that_invaluable,2,2,0
extra_sad,2,2,0
extra_strict,2,2,0
that_intolerable,2,2,0
that_international,2,2,0
fully_strategic,2,2,0
fully_square,2,2,0
extraordinarily_attractive,2,2,0
fully_solvable,2,2,0
fully_silent,2,2,0
that_insurmountable,2,2,0
that_insufferable,2,2,0
fully_self-reliant,2,2,0
fully_self-aware,2,2,0
fully_secular,2,2,0
terribly_dull,2,2,0
extraordinarily_costly,2,2,0
fully_symmetrical,2,2,0
fully_synthetic,2,2,0
fully_taxable,2,2,0
terribly_diligent,2,2,0
fully_upbeat,2,2,0
terribly_depressing,2,1,1
externally_apparent,2,2,0
externally_attractive,2,1,1
fully_unionized,2,2,0
terribly_detrimental,2,2,0
externally_evident,2,2,0
fully_unexplored,2,2,0
fully_underground,2,2,0
terribly_dire,2,1,1
fully_technical,2,2,0
fully_unaware,2,2,0
extra_comfortable,2,2,0
fully_treatable,2,2,0
fully_traceable,2,2,0
fully_tolerant,2,2,0
fully_tight,2,2,0
terribly_discouraging,2,2,0
that_irregular,2,2,0
terribly_disgusting,2,1,1
that_masterful,2,2,0
explicitly_unlawful,2,2,0
that_meaningless,2,2,0
explicitly_moral,2,2,0
fundamentally_similar,2,2,0
fundamentally_separate,2,2,0
terribly_averse,2,2,0
explicitly_lesbian,2,2,0
fundamentally_rotten,2,2,0
terribly_awe,2,2,0
terribly_awesome,2,2,0
fundamentally_right,2,1,1
explicitly_libertarian,2,2,0
terribly_bashful,2,2,0
terribly_bearish,2,2,0
fundamentally_religious,2,2,0
terribly_beautiful,2,2,0
fundamentally_rational,2,2,0
fundamentally_racist,2,2,0
that_negligible,2,2,0
explicitly_malicious,2,1,1
terribly_bizarre,2,2,0
fundamentally_positive,2,1,1
fundamentally_passive,2,2,0
that_needy,2,2,0
terribly_audible,2,2,0
fundamentally_solid,2,2,0
that_nightmarish,2,2,0
that_obedient,2,2,0
terribly_anonymous,2,2,0
explicitly_familiar,2,2,0
fundamentally_worth,2,1,1
explicitly_gory,2,1,1
explicitly_green,2,2,0
fundamentally_virtuous,2,2,0
fundamentally_unwilling,2,2,0
terribly_aromatic,2,2,0
terribly_arrogant,2,2,0
terribly_artistic,2,2,0
fundamentally_spiritual,2,0,2
fundamentally_unsafe,2,2,0
explicitly_horrible,2,2,0
fundamentally_technological,2,2,0
explicitly_identifiable,2,2,0
fundamentally_superior,2,2,0
terribly_atmospheric,2,2,0
fundamentally_stupid,2,2,0
terribly_attentive,2,2,0
explicitly_incoherent,2,1,1
fundamentally_objective,2,1,1
terribly_british,2,2,0
fundamentally_anti-semitic,2,2,0
terribly_broad,2,2,0
terribly_comic,2,2,0
that_minimal,2,2,0
fundamentally_decent,2,2,0
terribly_communicative,2,2,0
that_mindful,2,2,0
that_militant,2,2,0
explicitly_scary,2,2,0
fundamentally_consistent,2,2,0
fundamentally_conservative,2,2,0
terribly_complete,2,2,0
fundamentally_complicated,2,2,0
fundamentally_compatible,2,2,0
explicitly_social,2,2,0
fundamentally_christian,2,2,0
terribly_compulsive,2,2,0
explicitly_supernatural,2,1,1
that_merciful,2,2,0
that_melodramatic,2,2,0
fundamentally_attractive,2,2,0
terribly_confused,2,2,0
that_meaty,2,2,0
fundamentally_dependent,2,2,0
explicitly_right-wing,2,2,0
terribly_colorful,2,2,0
terribly_charming,2,2,0
fundamentally_medical,2,2,0
terribly_burdensome,2,2,0
explicitly_noticeable,2,2,0
terribly_capable,2,2,0
that_muscular,2,2,0
fundamentally_inconsistent,2,2,0
fundamentally_incapable,2,2,0
fundamentally_inaccurate,2,2,0
fundamentally_immoral,2,1,1
that_motivating,2,2,0
fundamentally_distinct,2,1,1
fundamentally_horrible,2,2,0
that_more,2,2,0
terribly_cheery,2,2,0
terribly_cheesy,2,2,0
explicitly_private,2,2,0
that_mistaken,2,2,0
that_misleading,2,2,0
explicitly_regional,2,1,1
fundamentally_disturbing,2,2,0
exclusively_literary,2,2,0
that_prescriptive,2,2,0
fully_scalable,2,2,0
tactically_sound,2,2,0
tactically_wise,2,1,1
globally_significant,2,2,0
tad_disappointed,2,2,0
tad_emotional,2,2,0
tad_envious,2,2,0
globally_important,2,2,0
globally_hyperbolic,2,2,0
excessively_nervous,2,2,0
globally_compatible,2,2,0
excessively_numerous,2,2,0
globally_applicable,2,2,0
tad_ironic,2,2,0
gleefully_gay,2,2,0
excessively_onerous,2,2,0
glaringly_visible,2,2,0
glaringly_terrible,2,0,2
tad_pretentious,2,2,0
glaringly_noticeable,2,2,0
glaringly_inappropriate,2,1,1
tad_selfish,2,2,0
tad_suspicious,2,2,0
tactically_stupid,2,2,0
gloriously_fun,2,2,0
grammatically_necessary,2,2,0
gloriously_happy,2,2,0
grammatically_essential,2,2,0
that_shiny,2,2,0
grammatically_complex,2,2,0
systematically_higher,2,2,0
goddamn_tired,2,2,0
goddamn_stupid,2,2,0
goddamn_ridiculous,2,1,1
systematically_wrong,2,2,0
goddamn_nice,2,2,0
systemically_relevant,2,2,0
systemically_significant,2,2,0
tactically_adept,2,2,0
tactically_advantageous,2,2,0
excessively_moist,2,2,0
goddamn_cold,2,2,0
tactically_brilliant,2,2,0
goddamn_big,2,1,1
tactically_foolhardy,2,2,0
goddamn_afraid,2,2,0
tactically_inept,2,2,0
tactically_ready,2,2,0
glaringly_bright,2,2,0
that_seductive,2,2,0
glaringly_awful,2,1,1
geologically_suitable,2,2,0
technically_appropriate,2,2,0
technically_apt,2,2,0
geographically_compact,2,2,0
geographically_coherent,2,2,0
technically_astounding,2,2,0
that_sadistic,2,2,0
geographically_active,2,2,0
geographically_accessible,2,2,0
genuinely_worth,2,1,1
excessively_reliant,2,2,0
genuinely_wicked,2,2,0
technically_autonomous,2,2,0
excessively_religious,2,2,0
excessively_repetitive,2,2,0
genuinely_upsetting,2,2,0
genuinely_upset,2,2,0
that_runny,2,2,0
technically_big,2,2,0
technically_blind,2,2,0
genuinely_thoughtful,2,2,0
genuinely_terrified,2,2,0
technically_apocalyptic,2,2,0
geographically_continuous,2,2,0
excessively_punitive,2,2,0
excessively_polite,2,2,0
tad_young,2,2,0
geologically_related,2,2,0
geologically_feasible,2,2,0
geologically_dead,2,2,0
excessively_paranoid,2,2,0
that_scientific,2,2,0
tantalizingly_tasty,2,2,0
geographically_representative,2,2,0
excessively_pleasant,2,2,0
technically_achievable,2,2,0
technically_anonymous,2,2,0
excessively_popular,2,2,0
geographically_ignorant,2,2,0
technically_adventurous,2,2,0
excessively_prominent,2,2,0
that_sane,2,2,0
geographically_exclusive,2,2,0
geographically_european,2,2,0
technically_american,2,2,0
excessively_proud,2,1,1
symbolically_wrong,2,1,1
symbolically_rich,2,2,0
technically_serious,2,2,0
surprisingly_light,2,2,0
surprisingly_long,2,2,0
greatly_talented,2,2,0
excessively_fearful,2,2,0
excessively_fond,2,2,0
greatly_subject,2,2,0
greatly_sensitive,2,2,0
excessively_formal,2,2,0
greatly_revelatory,2,2,0
greatly_profitable,2,2,0
greatly_present,2,2,0
excessively_frosty,2,2,0
excessively_gay,2,2,0
greatly_original,2,2,0
greatly_optimistic,2,2,0
greatly_more,2,2,0
that_sluggish,2,2,0
excessively_girly,2,2,0
greatly_inferior,2,2,0
greatly_hopeful,2,2,0
greatly_higher,2,2,0
excessively_great,2,1,1
surprisingly_local,2,2,0
greatly_useful,2,2,0
symbolically_potent,2,2,0
greatly_willing,2,2,0
grossly_naive,2,2,0
excessively_emotional,2,2,0
excessively_energetic,2,2,0
grossly_insensitive,2,2,0
grossly_inefficient,2,2,0
excessively_enthusiastic,2,2,0
excessively_extensive,2,2,0
surprisingly_hard,2,2,0
excessively_extravagant,2,2,0
surprisingly_heavy,2,2,0
grossly_expensive,2,2,0
that_sober,2,2,0
grossly_erroneous,2,2,0
that_snug,2,2,0
grossly_dishonest,2,2,0
surprisingly_higher,2,2,0
grossly_destructive,2,2,0
grimly_serious,2,2,0
grimly_humorous,2,2,0
surprisingly_interested,2,2,0
excessively_fat,2,2,0
greatly_exciting,2,2,0
greatly_enough,2,2,0
greatly_enamoured,2,2,0
surprisingly_republican,2,2,0
gratuitously_complex,2,2,0
gratuitously_brutal,2,1,1
gratuitously_bloody,2,2,0
surprisingly_young,2,2,0
graphically_sophisticated,2,2,0
suspiciously_large,2,2,0
suspiciously_low,2,2,0
graphically_related,2,2,0
that_sinister,2,2,0
graphically_gory,2,2,0
sweetly_fragrant,2,2,0
sweetly_nostalgic,2,2,0
excessively_interested,2,2,0
graphically_attractive,2,2,0
that_showy,2,2,0
graphically_amazing,2,2,0
that_shortsighted,2,2,0
grammatically_true,2,2,0
excessively_keen,2,2,0
grammatically_possible,2,2,0
grammatically_parallel,2,2,0
gratuitously_crude,2,2,0
gratuitously_dark,2,2,0
gratuitously_funny,2,2,0
gravely_sinful,2,2,0
that_slim,2,2,0
greatly_disappointing,2,2,0
greatly_destructive,2,2,0
that_slender,2,2,0
greatly_beneficial,2,2,0
greatly_athletic,2,2,0
that_sleepy,2,2,0
greatly_abundant,2,2,0
gravely_wrong,2,1,1
excessively_helpful,2,2,0
gratuitously_gory,2,2,0
gravely_injurious,2,2,0
gravely_immoral,2,2,0
gravely_dangerous,2,2,0
excessively_huge,2,2,0
surprisingly_tough,2,2,0
surprisingly_uncommon,2,2,0
surprisingly_unpopular,2,2,0
gratuitously_insulting,2,2,0
excessively_humid,2,2,0
technically_british,2,2,0
genuinely_surprising,2,2,0
genuinely_surprised,2,2,0
genetically_defective,2,2,0
genetically_complex,2,2,0
technically_nude,2,2,0
exclusively_democratic,2,2,0
genetically_blessed,2,2,0
technically_obsessed,2,2,0
generally_xenophobic,2,2,0
generally_wrong,2,0,2
exclusively_devoted,2,2,0
exclusively_digital,2,2,0
that_proper,2,2,0
technically_original,2,2,0
technically_ours,2,2,0
technically_oversold,2,2,0
generally_vulnerable,2,2,0
generally_vital,2,2,0
exclusively_english,2,2,0
exclusively_ethical,2,2,0
generally_viable,2,2,0
generally_vegetarian,2,2,0
exclusively_external,2,2,0
technically_polished,2,2,0
genetically_congruent,2,2,0
genetically_equivalent,2,2,0
that_rugged,2,2,0
technically_naked,2,2,0
exclusively_anti-semitic,2,2,0
exclusively_arab,2,2,0
genetically_susceptible,2,2,0
genetically_strong,2,2,0
genetically_stable,2,2,0
genetically_smarter,2,2,0
genetically_reproducible,2,2,0
exclusively_beneficial,2,2,0
genetically_random,2,2,0
exclusively_biblical,2,2,0
that_racy,2,2,0
technically_magical,2,2,0
exclusively_brown,2,2,0
genetically_lethal,2,2,0
genetically_inherent,2,2,0
technically_mexican,2,2,0
exclusively_chinese,2,2,0
exclusively_commercial,2,2,0
genetically_identifiable,2,2,0
exclusively_competitive,2,2,0
technically_mute,2,2,0
technically_pornographic,2,2,0
that_prohibitive,2,2,0
generally_unjust,2,2,0
exclusively_fiscal,2,2,0
exclusively_independent,2,2,0
generally_stubborn,2,2,0
generally_standard,2,2,0
that_prideful,2,2,0
technically_representative,2,2,0
exclusively_individual,2,2,0
generally_smooth,2,2,0
technically_revolutionary,2,1,1
generally_sinister,2,2,0
exclusively_internal,2,2,0
generally_significant,2,2,0
generally_shy,2,2,0
exclusively_italian,2,2,0
generally_sensitive,2,2,0
generally_self-evident,2,2,0
exclusively_korean,2,2,0
technically_safe,2,2,0
exclusively_kurdish,2,2,0
generally_right,2,2,0
technically_secret,2,2,0
exclusively_liberal,2,2,0
generally_suicidal,2,2,0
exclusively_hindu,2,2,0
generally_superstitious,2,2,0
technically_private,2,2,0
generally_unionized,2,2,0
generally_uninterested,2,2,0
technically_practical,2,2,0
generally_unfair,2,2,0
technically_prepared,2,2,0
generally_uncomplicated,2,2,0
generally_uncomfortable,2,2,0
generally_unavailable,2,2,0
technically_pristine,2,2,0
generally_typical,2,2,0
exclusively_guilty,2,2,0
technically_productive,2,2,0
technically_professional,2,2,0
exclusively_greek,2,2,0
technically_profitable,2,2,0
technically_proper,2,2,0
technically_public,2,2,0
generally_tall,2,2,0
exclusively_grim,2,2,0
generally_sweet,2,2,0
exclusively_altruistic,2,2,0
exclusively_african,2,2,0
genetically_wrong,2,1,1
excessively_troubling,2,1,1
technically_essential,2,2,0
technically_evil,2,2,0
technically_exact,2,2,0
that_respected,2,2,0
excessively_sympathetic,2,2,0
that_resourceful,2,2,0
genuinely_interactive,2,1,1
genuinely_intelligent,2,2,0
excessively_tannic,2,2,0
genuinely_impressive,2,2,0
genuinely_impressed,2,2,0
genuinely_impossible,2,1,1
technically_familiar,2,2,0
genuinely_hungry,2,2,0
technically_famous,2,2,0
technically_fat,2,2,0
that_repulsive,2,2,0
excessively_theoretical,2,2,0
genuinely_heroic,2,2,0
genuinely_heartfelt,2,1,1
excessively_touristy,2,2,0
that_retarded,2,2,0
genuinely_natural,2,2,0
excessively_sophisticated,2,2,0
excessively_sentimental,2,2,0
genuinely_subversive,2,2,0
technically_christian,2,2,0
technically_clean,2,2,0
genuinely_shocking,2,2,0
that_rowdy,2,2,0
that_roomy,2,2,0
genuinely_scientific,2,2,0
excessively_sensational,2,2,0
excessively_sensitive,2,2,0
genuinely_revolutionary,2,2,0
genuinely_original,2,2,0
genuinely_religious,2,2,0
genuinely_proud,2,2,0
genuinely_progressive,2,2,0
genuinely_profitable,2,2,0
technically_deep,2,2,0
technically_defective,2,2,0
technically_descriptive,2,2,0
genuinely_passionate,2,2,0
technically_dishonest,2,2,0
genuinely_grateful,2,2,0
genuinely_french,2,2,0
technically_ironic,2,2,0
excessively_uncommon,2,2,0
technically_incompetent,2,2,0
genuinely_christian,2,2,0
genuinely_challenging,2,2,0
technically_incredible,2,2,0
genuinely_brilliant,2,2,0
technically_independent,2,2,0
technically_ineffective,2,2,0
genuinely_better,2,2,0
genuinely_beautiful,2,2,0
exclusively_accessible,2,2,0
technically_infinite,2,2,0
exclusively_accountable,2,2,0
that_readable,2,2,0
technically_insurmountable,2,1,1
genuinely_afraid,2,1,1
genuinely_affordable,2,2,0
genuinely_accessible,2,2,0
technically_interchangeable,2,2,0
technically_interested,2,2,0
that_reactive,2,2,0
technically_involved,2,2,0
genuinely_clear,2,2,0
genuinely_close,2,2,0
genuinely_comfortable,2,2,0
genuinely_disinterested,2,2,0
genuinely_female,2,2,0
genuinely_familiar,2,2,0
technically_functional,2,2,0
excessively_unforgiving,2,2,0
that_relentless,2,2,0
genuinely_enthusiastic,2,2,0
technically_greek,2,2,0
genuinely_effective,2,2,0
genuinely_dull,2,2,0
excessively_vital,2,2,0
that_recommendable,2,2,0
that_regal,2,2,0
genuinely_delighted,2,1,1
technically_identical,2,2,0
excessively_volatile,2,2,0
excessively_vulnerable,2,2,0
genuinely_critical,2,2,0
technically_impeccable,2,2,0
genuinely_conservative,2,2,0
excessively_wild,2,2,0
fully_scenic,2,2,0
that_inhumane,2,2,0
inherently_adverse,2,2,0
first_certain,2,2,0
extremely_unwise,2,2,0
extremely_upbeat,2,2,0
extremely_upsetting,2,2,0
that_democratic,2,2,0
firmly_secure,2,2,0
firmly_related,2,2,0
terribly_stiff,2,2,0
terribly_stimulating,2,2,0
firmly_predictable,2,2,0
terribly_straight,2,2,0
extremely_vague,2,2,0
firmly_final,2,1,1
firmly_established,2,2,0
firmly_entrenched,2,2,0
extremely_various,2,2,0
terribly_strategic,2,2,0
extremely_viable,2,2,0
terribly_stressful,2,2,0
finely_wrought,2,2,0
terribly_stunning,2,2,0
extremely_vulgar,2,2,0
terribly_steady,2,2,0
first_concerned,2,2,0
first_worried,2,2,0
extremely_unsafe,2,2,0
extremely_trendy,2,2,0
terribly_sinister,2,0,2
extremely_tricky,2,2,0
terribly_skeptical,2,2,0
terribly_skillful,2,2,0
first_popular,2,2,0
that_devoted,2,2,0
extremely_typical,2,2,0
terribly_snazzy,2,1,1
terribly_sociable,2,2,0
terribly_solid,2,1,1
that_deterministic,2,2,0
that_detectable,2,2,0
terribly_sour,2,2,0
extremely_unfavorable,2,2,0
extremely_unfortunate,2,2,0
first_enthusiastic,2,2,0
first_enough,2,2,0
terribly_spooky,2,2,0
terribly_sporty,2,2,0
extremely_unrealistic,2,2,0
financially_willing,2,2,0
financially_whole,2,2,0
extremely_wasteful,2,2,0
extremely_watchful,2,2,0
that_damaged,2,2,0
financially_reliable,2,2,0
factually_compatible,2,2,0
that_crispy,2,2,0
factually_distinguishable,2,2,0
financially_problematic,2,2,0
financially_privileged,2,2,0
factually_flawed,2,2,0
terribly_tangy,2,2,0
that_crazier,2,2,0
terribly_tart,2,2,0
factually_impossible,2,2,0
financially_poor,2,2,0
factually_innocent,2,2,0
financially_ok,2,2,0
that_cranky,2,2,0
financially_mobile,2,2,0
financially_minded,2,2,0
terribly_terrific,2,2,0
that_crafty,2,2,0
terribly_thin,2,2,0
fabulously_expensive,2,2,0
terribly_swift,2,2,0
that_dazzling,2,2,0
financially_supportive,2,2,0
extremely_wearable,2,2,0
extremely_weird,2,2,0
financially_unwise,2,2,0
financially_unstable,2,2,0
financially_unsound,2,2,0
financially_unprepared,2,2,0
extremely_wide,2,2,0
financially_timid,2,2,0
that_defiant,2,2,0
financially_superior,2,2,0
extremly_overweight,2,2,0
extremely_worth,2,2,0
financially_stupid,2,2,0
extremely_worthwhile,2,2,0
extremely_wrong,2,0,2
financially_strenuous,2,2,0
extremely_young,2,2,0
financially_steady,2,2,0
financially_solid,2,2,0
terribly_susceptible,2,2,0
extremely_touristy,2,2,0
fiscally_able,2,2,0
terribly_plentiful,2,2,0
formally_accountable,2,2,0
extremely_rigid,2,2,0
forever_simple,2,2,0
terribly_provocative,2,1,1
forever_open,2,2,0
forever_novel,2,2,0
terribly_puzzling,2,2,0
forever_long,2,2,0
terribly_quiet,2,2,0
that_drab,2,2,0
forever_happy,2,2,0
terribly_ready,2,2,0
forever_faithful,2,2,0
terribly_real,2,2,0
extremely_scarce,2,2,0
that_dodgy,2,2,0
that_doable,2,2,0
forever_dead,2,1,1
terribly_recognizable,2,2,0
terribly_reductive,2,1,1
terribly_reflective,2,2,0
forever_alone,2,2,0
extremely_revolutionary,2,0,2
that_dry,2,2,0
extremely_thankful,2,2,0
extremely_resilient,2,2,0
terribly_poisonous,2,2,0
terribly_populist,2,2,0
formally_liable,2,2,0
extremely_racist,2,2,0
formally_involved,2,2,0
terribly_precious,2,2,0
formally_illegal,2,2,0
formally_heretical,2,2,0
extremely_real,2,2,0
terribly_prepared,2,2,0
terribly_prescient,2,2,0
extremely_reasonable,2,2,0
terribly_presumptuous,2,2,0
extremely_relaxing,2,2,0
formally_connected,2,2,0
terribly_principled,2,2,0
extremely_reliant,2,2,0
formally_catholic,2,2,0
formally_binding,2,2,0
formally_aware,2,2,0
terribly_probable,2,2,0
extremely_sexual,2,1,1
that_disturbed,2,2,0
that_distraught,2,2,0
terribly_resilient,2,2,0
that_dismissive,2,2,0
extremely_stable,2,2,0
fiscally_stable,2,2,0
extremely_static,2,2,0
fiscally_secure,2,2,0
extremely_straightforward,2,2,0
that_disingenuous,2,2,0
fiscally_reasonable,2,2,0
extremely_submissive,2,2,0
extremely_suitable,2,2,0
terribly_sectarian,2,2,0
extremely_sunny,2,2,0
terribly_seductive,2,2,0
terribly_selective,2,2,0
terribly_self-conscious,2,2,0
fiscally_healthy,2,2,0
extremely_sympathetic,2,2,0
that_disastrous,2,2,0
extremely_tacky,2,2,0
terribly_shabby,2,2,0
that_disabled,2,2,0
terribly_sane,2,2,0
that_dispassionate,2,2,0
fiscally_transparent,2,2,0
terribly_ridiculous,2,2,0
flawlessly_fair,2,2,0
terribly_responsible,2,2,0
flawlessly_beautiful,2,2,0
flawlessly_accurate,2,2,0
extremely_shallow,2,2,0
terribly_restful,2,2,0
extremely_shocked,2,2,0
extremely_short-sighted,2,2,0
extremely_showy,2,2,0
flatly_false,2,2,0
extremely_spectacular,2,2,0
extremely_sick,2,2,0
extremely_silly,2,2,0
extremely_sincere,2,2,0
flagrantly_offensive,2,2,0
terribly_rosy,2,2,0
terribly_rugged,2,2,0
fiscally_wise,2,2,0
extremely_sore,2,2,0
fiscally_unsound,2,2,0
terribly_thirsty,2,2,0
factually_right,2,2,0
factually_sound,2,2,0
farther_back,2,2,0
far_wider,2,2,0
terrifically_surprising,2,2,0
terrifically_villainous,2,2,0
far_unrelated,2,2,0
fairly_nice,2,2,0
fairly_normal,2,2,0
far_smarter,2,2,0
that_candid,2,2,0
fairly_passionate,2,2,0
that_burdensome,2,2,0
that_buoyant,2,2,0
far_past,2,2,0
terrifyingly_steep,2,2,0
fairly_possible,2,2,0
far_off-kilter,2,2,0
far_north,2,2,0
far_narrower,2,2,0
fairly_proficient,2,2,0
far_interested,2,2,0
far_harder,2,2,0
far_front,2,2,0
far_wiser,2,2,0
fashionably_cynical,2,2,0
financially_kind,2,2,0
terrifically_obvious,2,2,0
that_charitable,2,2,0
federally_endangered,2,2,0
terrifically_comfortable,2,2,0
terrifically_common,2,2,0
terrifically_concerned,2,2,0
terrifically_difficult,2,2,0
fairly_irrelevant,2,2,0
fatally_defective,2,2,0
fatally_dangerous,2,2,0
fatally_damaging,2,2,0
terrifically_expensive,2,2,0
terrifically_fun,2,2,0
terrifically_funny,2,2,0
fairly_light,2,1,1
that_cathartic,2,2,0
fast_quick,2,2,0
that_catastrophic,2,2,0
that_casual,2,2,0
fashionably_shy,2,2,0
terrifically_interested,2,2,0
that_cartoonish,2,2,0
fairly_self-evident,2,2,0
that_brash,2,2,0
fairly_serious,2,2,0
far_dissimilar,2,2,0
that_alone,2,2,0
fairly_young,2,2,0
fantastically_fun,2,2,0
fantastically_fertile,2,2,0
fantastically_expensive,2,2,0
fantastically_durable,2,2,0
that_ambiguous,2,2,0
fantastically_detailed,2,2,0
that_angelic,2,2,0
that_audible,2,2,0
that_audacious,2,2,0
famously_short,2,2,0
that_apolitical,2,2,0
that_apologetic,2,2,0
that_astronomical,2,2,0
famously_good,2,2,0
that_applicable,2,2,0
famously_fertile,2,2,0
that_appreciative,2,2,0
that_astounding,2,2,0
that_apt,2,2,0
fantastically_good,2,2,0
fantastically_gorgeous,2,2,0
fairly_warm,2,2,0
far_absent,2,2,0
fairly_severe,2,2,0
that_blind,2,2,0
that_acrobatic,2,2,0
that_blatant,2,2,0
far_aware,2,2,0
that_addicted,2,2,0
fairly_substantial,2,2,0
that_bigger,2,2,0
that_biased,2,2,0
far_able,2,1,1
that_barbaric,2,2,0
that_adroit,2,2,0
fantastically_talented,2,2,0
fairly_transparent,2,2,0
that_beloved,2,2,0
that_aesthetic,2,2,0
that_belligerent,2,2,0
fairly_uncommon,2,2,0
that_basic,2,2,0
fairly_unique,2,2,0
terrifically_bright,2,2,0
ferociously_aggressive,2,2,0
fairly_innocuous,2,2,0
financially_aware,2,2,0
that_confidential,2,2,0
financially_disinterested,2,2,0
financially_disastrous,2,2,0
financially_disadvantaged,2,2,0
terribly_unattractive,2,2,0
fairly_accurate,2,2,0
financially_destitute,2,2,0
fairly_aggressive,2,2,0
financially_cumbersome,2,2,0
that_concentrated,2,2,0
financially_convenient,2,2,0
financially_confident,2,2,0
fairly_attributable,2,2,0
terribly_unfunny,2,2,0
that_complimentary,2,2,0
financially_compatible,2,2,0
that_complete,2,2,0
financially_clever,2,2,0
fairly_clear-cut,2,2,0
that_commendable,2,2,0
fairly_consistent,2,2,0
financially_driven,2,2,0
financially_effective,2,2,0
that_confrontational,2,1,1
faintly_related,2,2,0
financially_justifiable,2,2,0
factually_valid,2,2,0
financially_interesting,2,2,0
financially_intelligent,2,2,0
financially_insolvent,2,2,0
terribly_timely,2,2,0
terribly_touristy,2,2,0
financially_generous,2,2,0
financially_fruitful,2,2,0
faintly_reminiscent,2,2,0
faintly_surprised,2,2,0
terribly_troubled,2,2,0
financially_foolish,2,2,0
financially_flexible,2,2,0
financially_fit,2,2,0
faintly_ridiculous,2,2,0
financially_extravagant,2,2,0
financially_expensive,2,2,0
financially_expedient,2,2,0
terribly_trustworthy,2,2,0
financially_bad,2,1,1
financially_autonomous,2,2,0
terribly_worth,2,2,0
fairly_costly,2,2,0
fairly_familiar,2,2,0
finally_clear,2,2,0
that_clearer,2,2,0
terribly_vivid,2,2,0
terribly_volatile,2,2,0
fiercely_vocal,2,2,0
fiercely_urgent,2,1,1
terribly_vulnerable,2,2,0
terribly_weak,2,2,0
fiercely_proud,2,2,0
fairly_happy,2,2,0
terribly_well-known,2,2,0
fiercely_hot,2,2,0
fiercely_critical,2,2,0
fiercely_confident,2,2,0
terribly_witty,2,2,0
fiercely_ambitious,2,2,0
terribly_wonderful,2,2,0
terribly_worldly,2,2,0
fairly_ineffective,2,2,0
fairly_inexpensive,2,2,0
terribly_vigorous,2,2,0
finally_complete,2,1,1
finally_dead,2,2,0
fairly_distinguishable,2,2,0
financially_astute,2,2,0
terribly_unorthodox,2,1,1
financially_affluent,2,2,0
financially_advisable,2,2,0
financially_adequate,2,2,0
fairly_debatable,2,2,0
financially_accurate,2,2,0
that_cognizant,2,2,0
finally_undone,2,2,0
terribly_unsettling,2,2,0
finally_distinguishable,2,2,0
that_cluttered,2,2,0
terribly_unwieldy,2,2,0
finally_responsible,2,2,0
fairly_dry,2,2,0
fairly_durable,2,2,0
fairly_effective,2,2,0
finally_open,2,1,1
that_cliched,2,2,0
fairly_expert,2,2,0
formally_qualified,2,2,0
extremely_proactive,2,2,0
that_informed,2,2,0
fully_helpless,2,2,0
fully_harmless,2,2,0
extremely_chic,2,2,0
extremely_cognizant,2,2,0
fully_habitable,2,2,0
extremely_combative,2,2,0
fully_gratified,2,2,0
terribly_frugal,2,2,0
extremely_comprehensive,2,2,0
that_grueling,2,2,0
extremely_condescending,2,2,0
fully_fresh,2,2,0
fully_french,2,1,1
that_gross,2,2,0
terribly_funky,2,2,0
fully_forward,2,2,0
extremely_conscious,2,2,0
terribly_futuristic,2,1,1
terribly_geeky,2,2,0
extremely_conversant,2,2,0
fully_fine,2,2,0
extremely_convincing,2,2,0
fully_harmonious,2,2,0
that_harmonious,2,2,0
extremely_benevolent,2,2,0
terribly_formidable,2,2,0
terribly_ferocious,2,2,0
terribly_festive,2,2,0
terribly_firm,2,2,0
extremely_best,2,2,0
extremely_better,2,2,0
extremely_bland,2,2,0
that_hawkish,2,2,0
that_hasty,2,2,0
fully_impossible,2,2,0
fully_immortal,2,2,0
extremely_brilliant,2,2,0
fully_imaginable,2,2,0
fully_illegal,2,2,0
fully_identifiable,2,2,0
extremely_brittle,2,2,0
terribly_fluent,2,2,0
extremely_brutal,2,2,0
fully_hot,2,2,0
extremely_bulky,2,2,0
fully_horizontal,2,2,0
terribly_foreign,2,2,0
terribly_gentle,2,2,0
terribly_gifted,2,2,0
that_greasy,2,2,0
that_gray,2,2,0
fully_engrossing,2,2,0
extremely_desirable,2,2,0
fully_encouraged,2,2,0
extremely_detrimental,2,2,0
fully_employable,2,2,0
terribly_grim,2,2,0
terribly_gripping,2,2,0
terribly_gross,2,2,0
terribly_grotesque,2,2,0
that_glib,2,2,0
terribly_gruesome,2,2,0
fully_dynamic,2,2,0
extremely_discerning,2,2,0
fully_drunk,2,2,0
fully_double,2,2,0
that_glaring,2,2,0
terribly_guilty,2,2,0
extremely_disheartening,2,2,0
extremely_dishonest,2,2,0
fully_distinguishable,2,2,0
terribly_hardy,2,2,0
terribly_gratuitous,2,1,1
extremely_deserving,2,2,0
extremely_depressing,2,1,1
that_grandiose,2,2,0
fully_federal,2,2,0
terribly_glorious,2,2,0
extremely_cramped,2,2,0
extremely_crazy,2,2,0
extremely_crisp,2,2,0
fully_extant,2,2,0
fully_expert,2,2,0
extremely_customizable,2,2,0
fully_exhaustive,2,2,0
terribly_graceful,2,2,0
that_godly,2,2,0
extremely_dead,2,2,0
terribly_gracious,2,2,0
fully_exact,2,2,0
that_gory,2,2,0
fully_european,2,2,0
terribly_grainy,2,2,0
extremely_dehydrated,2,2,0
extremely_delicate,2,2,0
that_golden,2,2,0
that_heady,2,2,0
terribly_feasible,2,2,0
extremely_prevalent,2,2,0
extraordinarily_lucky,2,2,0
fully_probable,2,2,0
terribly_elusive,2,2,0
extraordinarily_new,2,0,2
extraordinarily_old,2,2,0
fully_presentable,2,2,0
extraordinarily_painful,2,2,0
fully_precise,2,2,0
extraordinarily_patient,2,2,0
fully_practicable,2,2,0
fully_powerless,2,2,0
extraordinarily_popular,2,2,0
fully_polish,2,2,0
extraordinarily_productive,2,2,0
extraordinarily_qualified,2,2,0
fully_pigmented,2,2,0
fully_physical,2,2,0
extraordinarily_rare,2,2,0
fully_perceptible,2,2,0
fully_parallel,2,2,0
that_impaired,2,2,0
extraordinarily_smart,2,2,0
that_incoherent,2,2,0
fully_prominent,2,2,0
terribly_fearful,2,2,0
fully_protestant,2,2,0
fully_rural,2,2,0
fully_romantic,2,2,0
fully_rigid,2,2,0
terribly_eco-friendly,2,2,0
extraordinarily_fancy,2,0,2
extraordinarily_fast,2,2,0
that_inexplicable,2,2,0
terribly_edgy,2,2,0
fully_reproducible,2,2,0
that_inexperienced,2,2,0
fully_religious,2,2,0
extraordinarily_gifted,2,2,0
extraordinarily_good,2,2,0
fully_relaxing,2,2,0
that_indifferent,2,2,0
that_indicative,2,2,0
that_indecisive,2,2,0
extraordinarily_important,2,2,0
extraordinarily_insensitive,2,2,0
that_incongruous,2,2,0
extraordinarily_knowledgeable,2,2,0
terribly_erotic,2,2,0
fully_out,2,2,0
fully_orthodox,2,2,0
extraordinarily_specific,2,2,0
fully_literal,2,2,0
fully_liquid,2,2,0
fully_light,2,2,0
extremely_affectionate,2,2,0
that_hesitant,2,2,0
extremely_alarming,2,2,0
that_heroic,2,2,0
extremely_alternative,2,2,0
fully_lawful,2,2,0
fully_latino,2,2,0
fully_korean,2,2,0
fully_keen,2,2,0
fully_justifiable,2,2,0
extremely_apparent,2,2,0
terribly_far,2,2,0
fully_irish,2,2,0
that_heated,2,2,0
extremely_aware,2,2,0
extremely_awesome,2,2,0
that_heartbreaking,2,2,0
extremely_baggy,2,2,0
terribly_extraordinary,2,0,2
fully_lush,2,2,0
that_homey,2,2,0
fully_new,2,2,0
fully_optimal,2,2,0
that_illuminating,2,2,0
fully_official,2,2,0
terribly_exact,2,2,0
terribly_exacting,2,2,0
that_idiotic,2,2,0
extraordinarily_unique,2,2,0
fully_obedient,2,2,0
that_identical,2,2,0
fully_neutral,2,2,0
that_homogeneous,2,2,0
that_icky,2,2,0
fully_navigable,2,2,0
terribly_exhaustive,2,2,0
fully_motivated,2,2,0
that_hurtful,2,2,0
terribly_expansive,2,2,0
fully_manual,2,2,0
extravagantly_violent,2,2,0
fully_manageable,2,2,0
extremely_dissatisfied,2,2,0
fully_detrimental,2,2,0
fully_descriptive,2,2,0
extremely_mature,2,2,0
frequently_true,2,2,0
extremely_mindful,2,2,0
terribly_magical,2,0,2
terribly_major,2,2,0
frequently_sick,2,2,0
terribly_marginal,2,1,1
terribly_marketable,2,2,0
terribly_masculine,2,2,0
extremely_mobile,2,2,0
extremely_modern,2,2,0
terribly_meaty,2,2,0
extremely_motivated,2,2,0
extremely_muscular,2,2,0
terribly_militant,2,2,0
frequently_fatal,2,2,0
terribly_misleading,2,2,0
that_evocative,2,2,0
terribly_momentous,2,2,0
terribly_moral,2,2,0
extremely_niche,2,2,0
extremely_normal,2,2,0
frequently_useful,2,2,0
terribly_loving,2,2,0
that_generic,2,2,0
fresh_available,2,2,0
that_extra,2,1,1
extremely_kinky,2,2,0
frightfully_expensive,2,2,0
frightfully_dull,2,2,0
terribly_ironic,2,2,0
terribly_irresponsible,2,2,0
frighteningly_true,2,2,0
frighteningly_similar,2,2,0
terribly_kid-friendly,2,2,0
terribly_knowledgable,2,2,0
extremely_loose,2,2,0
terribly_lavish,2,2,0
frighteningly_high,2,2,0
frighteningly_good,2,2,0
terribly_lazy,2,2,0
extremely_low-cost,2,2,0
terribly_lofty,2,1,1
freshly_dead,2,2,0
that_exhausting,2,2,0
that_exhausted,2,2,0
terribly_lovable,2,1,1
terribly_natural,2,2,0
extremely_notable,2,2,0
extremely_novel,2,1,1
freely_interchangeable,2,2,0
extremely_perfect,2,2,0
frankly_shocking,2,2,0
extremely_photogenic,2,2,0
terribly_oppressive,2,2,0
terribly_optimal,2,2,0
that_emphatic,2,2,0
terribly_outspoken,2,2,0
frankly_clear,2,2,0
terribly_overdone,2,2,0
frankly_aware,2,2,0
terribly_overjoyed,2,2,0
terribly_overt,2,2,0
formerly_rich,2,1,1
terribly_palatable,2,2,0
terribly_partial,2,2,0
formerly_aware,2,2,0
terribly_partisan,2,2,0
terribly_patriotic,2,2,0
extremely_premature,2,2,0
that_elaborate,2,2,0
extremely_presumptuous,2,2,0
terribly_obtuse,2,2,0
terribly_obtrusive,2,2,0
extremely_own,2,2,0
freakishly_skinny,2,2,0
extremely_obese,2,2,0
extremely_objectionable,2,2,0
that_ethical,2,2,0
extremely_observant,2,2,0
terribly_nimble,2,2,0
that_erotic,2,2,0
extremely_onerous,2,2,0
that_equal,2,2,0
freakishly_strong,2,2,0
extremely_outspoken,2,2,0
terribly_obnoxious,2,2,0
freakishly_short,2,2,0
freakishly_rare,2,2,0
freakishly_quick,2,2,0
that_enthralling,2,2,0
extremely_overpriced,2,2,0
extremely_oversold,2,2,0
terribly_obedient,2,2,0
extremely_overwhelming,2,2,0
freakishly_fast,2,2,0
frightfully_keen,2,2,0
extremely_jealous,2,2,0
frustratingly_ambiguous,2,2,0
fully_blue,2,2,0
extremely_eye-catching,2,2,0
extremely_far-fetched,2,2,0
extremely_fascinating,2,2,0
fully_compassionate,2,2,0
fully_communist,2,2,0
terribly_humid,2,2,0
terribly_hurtful,2,2,0
extremely_flat,2,2,0
fully_cognitive,2,2,0
fully_co-operative,2,2,0
that_foolhardy,2,2,0
that_fluid,2,2,0
extremely_forceful,2,2,0
extremely_formal,2,2,0
that_flavourful,2,2,0
extremely_frequent,2,2,0
fully_captivating,2,2,0
extremely_frugal,2,2,0
extremely_fruitful,2,2,0
fully_canadian,2,2,0
extremely_full,2,2,0
extremely_extroverted,2,2,0
fully_conceptual,2,2,0
that_frantic,2,2,0
fully_creative,2,2,0
fully_delighted,2,2,0
terribly_heinous,2,1,1
that_futile,2,2,0
terribly_hierarchical,2,2,0
extremely_dramatic,2,1,1
fully_custom,2,2,0
extremely_eager,2,1,1
extremely_early,2,2,0
terribly_higher,2,2,0
extremely_edifying,2,2,0
that_freaky,2,2,0
extremely_elaborate,2,2,0
extremely_elusive,2,2,0
extremely_emotional,2,2,0
fully_contiguous,2,2,0
extremely_erotic,2,2,0
fully_contemporary,2,2,0
terribly_horrible,2,2,0
terribly_horrific,2,1,1
fully_confidential,2,2,0
fully_bright,2,2,0
that_flammable,2,2,0
extremely_intriguing,2,2,0
terribly_impactful,2,2,0
fully_air-conditioned,2,2,0
terribly_inexpensive,2,2,0
fully_affordable,2,2,0
that_fastidious,2,2,0
extremely_ignorant,2,2,0
fully_adept,2,2,0
extremely_illegal,2,2,0
fully_acoustic,2,2,0
extremely_immature,2,2,0
extremely_inefficient,2,2,0
extremely_inexpensive,2,2,0
fully_accidental,2,2,0
extremely_infectious,2,2,0
fully_abstract,2,2,0
fucking_wrong,2,0,2
fucking_different,2,2,0
terribly_insecure,2,2,0
terribly_insensitive,2,2,0
that_fanciful,2,2,0
frustratingly_opaque,2,2,0
extremely_intentional,2,2,0
fully_airborne,2,2,0
that_fatigued,2,2,0
extremely_hostile,2,2,0
fully_audible,2,2,0
fully_beneficial,2,2,0
that_flaky,2,2,0
fully_bare,2,2,0
terribly_impatient,2,2,0
extremely_gifted,2,2,0
extremely_glamorous,2,2,0
fully_averse,2,2,0
extremely_gorgeous,2,2,0
fully_authoritative,2,2,0
that_filthy,2,2,0
terribly_incompetent,2,2,0
extremely_gullible,2,2,0
extremely_handsome,2,2,0
fully_asian,2,2,0
fully_articulate,2,2,0
fully_armored,2,2,0
terribly_improbable,2,2,0
extremely_hateful,2,2,0
fully_appealing,2,2,0
extremely_hoppy,2,2,0
excessively_ecstatic,2,2,0
grossly_overdue,2,2,0
surprisingly_emotional,2,1,1
immensely_informative,2,2,0
exactly_indestructible,2,2,0
sufficiently_genuine,2,2,0
sufficiently_glamorous,2,2,0
exactly_indispensable,2,2,0
sufficiently_grandiose,2,2,0
immensely_different,2,2,0
immensely_delicious,2,2,0
immensely_compelling,2,2,0
sufficiently_handicapped,2,2,0
sufficiently_happy,2,2,0
immensely_better,2,2,0
immensely_attractive,2,2,0
sufficiently_harmful,2,2,0
exactly_inexplicable,2,2,0
exactly_infrequent,2,2,0
there_great,2,2,0
there_good,2,2,0
immediately_valuable,2,2,0
immediately_uplifting,2,1,1
sufficiently_heroic,2,2,0
there_excellent,2,2,0
immensely_helpful,2,2,0
there_less,2,2,0
impeccably_fresh,2,2,0
sufficiently_forthright,2,2,0
sufficiently_experienced,2,2,0
exactly_hysterical,2,2,0
imminently_suicidal,2,2,0
exactly_icy,2,2,0
there_perfect,2,1,1
there_own,2,2,0
exactly_imaginary,2,2,0
imminently_deadly,2,2,0
exactly_immaculate,2,2,0
sufficiently_favorable,2,2,0
immensely_valuable,2,2,0
immensely_useful,2,2,0
sufficiently_feminist,2,2,0
sufficiently_fertile,2,2,0
exactly_impatient,2,2,0
immensely_readable,2,2,0
immensely_qualified,2,2,0
exactly_impotent,2,2,0
immensely_profitable,2,2,0
exactly_incisive,2,2,0
sufficiently_formal,2,2,0
sufficiently_homophobic,2,2,0
exactly_intact,2,2,0
sufficiently_hostile,2,2,0
sufficiently_human,2,2,0
immediately_removable,2,2,0
exactly_jovial,2,2,0
sufficiently_inflammatory,2,2,0
exactly_judicious,2,2,0
exactly_korean,2,2,0
immediately_promising,2,2,0
immediately_profound,2,1,1
exactly_lacking,2,2,0
immediately_problematic,2,2,0
exactly_lavish,2,2,0
immediately_predictable,2,2,0
immediately_practicable,2,2,0
immediately_positive,2,2,0
immediately_poisonous,2,2,0
sufficiently_inspired,2,2,0
immediately_pleasurable,2,2,0
sufficiently_intact,2,2,0
immediately_permanent,2,2,0
immediately_perishable,2,2,0
exactly_legitimate,2,2,0
sufficiently_intellectual,2,2,0
exactly_jewish,2,2,0
exactly_jealous,2,2,0
theoretically_wrong,2,1,1
sufficiently_ideological,2,2,0
sufficiently_humane,2,2,0
exactly_intimate,2,2,0
there_due,2,2,0
immediately_suspect,2,2,0
there_difficult,2,2,0
exactly_intriguing,2,2,0
sufficiently_hungry,2,2,0
sufficiently_hydrated,2,2,0
exactly_intrusive,2,2,0
immediately_straightforward,2,2,0
immediately_reversible,2,2,0
there_credible,2,2,0
exactly_inventive,2,2,0
immediately_shocking,2,2,0
immediately_sexy,2,2,0
exactly_invulnerable,2,2,0
immediately_seductive,2,2,0
exactly_irreplaceable,2,2,0
immediately_scared,2,2,0
immediately_satisfactory,2,2,0
sufficiently_expansive,2,2,0
sufficiently_exotic,2,2,0
increasingly_interesting,2,2,0
exactly_grim,2,2,0
sufficiently_confidential,2,2,0
inappropriately_large,2,2,0
sufficiently_consequential,2,2,0
thereby_subject,2,2,0
inappropriately_expensive,2,2,0
sufficiently_controlled,2,2,0
inappropriately_early,2,2,0
exactly_hairy,2,2,0
exactly_hardcore,2,2,0
in_interested,2,2,0
in_enough,2,2,0
sufficiently_crass,2,2,0
sufficiently_crisp,2,2,0
thereby_guilty,2,2,0
sufficiently_damaging,2,2,0
sufficiently_damp,2,2,0
sufficiently_dark,2,2,0
sufficiently_data-driven,2,2,0
exactly_heartbreaking,2,2,0
exactly_heartless,2,2,0
impressively_long,2,2,0
exactly_groovy,2,2,0
exactly_gratuitous,2,2,0
sufficiently_exciting,2,2,0
exactly_good-looking,2,2,0
sufficiently_capitalist,2,2,0
exactly_futuristic,2,2,0
sufficiently_celebratory,2,2,0
exactly_geeky,2,2,0
exactly_genetic,2,2,0
sufficiently_characteristic,2,2,0
sufficiently_civilized,2,2,0
exactly_genteel,2,2,0
exactly_giant,2,2,0
therefore_attractive,2,2,0
increasingly_costly,2,2,0
sufficiently_cohesive,2,2,0
increasingly_concerned,2,2,0
increasingly_competitive,2,2,0
sufficiently_comfortable,2,2,0
sufficiently_comforting,2,2,0
increasingly_aware,2,2,0
exactly_gloomy,2,2,0
increasingly_appealing,2,2,0
increasingly_active,2,2,0
exactly_golden,2,2,0
exactly_hefty,2,2,0
sufficiently_depressing,2,2,0
impressively_fast,2,2,0
exactly_hesitant,2,2,0
impossibly_dreamy,2,2,0
sufficiently_eccentric,2,2,0
impossibly_daunting,2,2,0
impossibly_crowded,2,2,0
impossibly_clean,2,2,0
impossibly_big,2,2,0
impossibly_bad,2,2,0
exactly_horrific,2,2,0
sufficiently_elastic,2,2,0
importantly_bad,2,2,0
there_right,2,1,1
sufficiently_enormous,2,2,0
there_quick,2,2,0
exactly_hyperbole,2,2,0
sufficiently_equivalent,2,2,0
implicitly_bad,2,2,0
sufficiently_evident,2,2,0
sufficiently_evil,2,2,0
impeccably_straight,2,2,0
sufficiently_exceptional,2,2,0
sufficiently_excited,2,2,0
sufficiently_easy,2,2,0
impossibly_fast,2,2,0
sufficiently_dynamic,2,2,0
sufficiently_disabled,2,2,0
sufficiently_desperate,2,2,0
impressively_durable,2,2,0
sufficiently_detrimental,2,2,0
exactly_hideous,2,2,0
sufficiently_difficult,2,2,0
impressively_big,2,2,0
sufficiently_diplomatic,2,2,0
sufficiently_direct,2,2,0
sufficiently_dirty,2,2,0
impossibly_vulgar,2,2,0
exactly_homophobic,2,2,0
sufficiently_discreet,2,2,0
impossibly_uncommon,2,2,0
impossibly_tiny,2,2,0
impossibly_tight,2,2,0
sufficiently_distant,2,2,0
exactly_homely,2,2,0
exactly_homemade,2,2,0
impossibly_optimistic,2,2,0
exactly_homogeneous,2,2,0
theoretically_rigorous,2,2,0
immediately_overwhelming,2,2,0
exactly_lenient,2,2,0
sufficiently_portable,2,1,1
ideologically_inclined,2,2,0
ideologically_hostile,2,2,0
ideologically_homogeneous,2,2,0
exactly_observant,2,2,0
ideologically_flexible,2,2,0
theologically_liberal,2,2,0
sufficiently_prescriptive,2,2,0
ideologically_distinct,2,2,0
sufficiently_prestigious,2,2,0
ideologically_committed,2,2,0
exactly_old-fashioned,2,2,0
sufficiently_pro-choice,2,2,0
exactly_one-dimensional,2,2,0
exactly_onerous,2,2,0
exactly_opaque,2,2,0
sufficiently_profound,2,2,0
ideally_suitable,2,2,0
ideally_steady,2,2,0
exactly_oppressive,2,2,0
sufficiently_provocative,2,2,0
ideally_responsive,2,2,0
ideologically_liberal,2,2,0
sufficiently_porous,2,2,0
exactly_liberating,2,2,0
ideologically_moderate,2,2,0
theologically_sophisticated,2,2,0
theologically_savvy,2,2,0
immediately_alarmed,2,2,0
exactly_next,2,2,0
exactly_nomadic,2,2,0
sufficiently_outstanding,2,2,0
theologically_rich,2,2,0
immediately_accountable,2,2,0
exactly_non-violent,2,2,0
sufficiently_passionate,2,2,0
exactly_nondescript,2,2,0
sufficiently_perceptive,2,2,0
theologically_present,2,2,0
sufficiently_perky,2,2,0
sufficiently_permanent,2,2,0
exactly_nonsensical,2,2,0
sufficiently_photogenic,2,2,0
sufficiently_plain,2,2,0
ideologically_ready,2,2,0
exactly_nostalgia,2,2,0
ideologically_perfect,2,2,0
exactly_orange,2,2,0
sufficiently_purposeful,2,1,1
ideally_precise,2,2,0
ideally_happy,2,2,0
exactly_paranoid,2,2,0
exactly_partial,2,2,0
exactly_particular,2,2,0
sufficiently_rugged,2,2,0
sufficiently_russian,2,2,0
sufficiently_ruthless,2,2,0
humanly_available,2,1,1
humanly_able,2,2,0
theologically_defensible,2,2,0
exactly_perplexing,2,2,0
sufficiently_sceptical,2,2,0
sufficiently_scholarly,2,2,0
sufficiently_sectarian,2,2,0
hugely_unusual,2,2,0
sufficiently_self-critical,2,2,0
hugely_undemocratic,2,2,0
theologically_consistent,2,2,0
sufficiently_shocking,2,2,0
hugely_sympathetic,2,2,0
exactly_pink,2,2,0
exactly_pious,2,2,0
exactly_paltry,2,2,0
humanly_readable,2,2,0
exactly_pain-free,2,2,0
sufficiently_real,2,2,0
ideally_fresh,2,2,0
ideally_desirable,2,2,0
sufficiently_random,2,2,0
ideally_competitive,2,2,0
ideally_compatible,2,2,0
ideally_clean,2,2,0
sufficiently_rare,2,2,0
ideally_beautiful,2,2,0
exactly_outlandish,2,2,0
ideally_accessible,2,2,0
sufficiently_respected,2,2,0
theologically_important,2,2,0
sufficiently_receptive,2,2,0
hyper_realistic,2,2,0
theologically_identical,2,2,0
exactly_overdue,2,2,0
sufficiently_remorseful,2,2,0
sufficiently_remote,2,2,0
exactly_overpaid,2,2,0
hyper_competitive,2,2,0
immediately_appetizing,2,2,0
immediately_awesome,2,2,0
immediately_bad,2,2,0
theoretically_gay,2,2,0
immediately_invalid,2,2,0
immediately_intriguing,2,2,0
immediately_informed,2,2,0
immediately_inclined,2,2,0
sufficiently_likable,2,2,0
immediately_impossible,2,2,0
exactly_majestic,2,2,0
sufficiently_linear,2,2,0
theoretically_important,2,2,0
sufficiently_literate,2,2,0
immediately_hot,2,2,0
sufficiently_little,2,2,0
sufficiently_loud,2,2,0
exactly_marketable,2,2,0
immediately_great,2,2,0
exactly_maternal,2,2,0
exactly_matte,2,2,0
immediately_grateful,2,2,0
immediately_germane,2,2,0
immediately_functional,2,2,0
immediately_full,2,2,0
immediately_involved,2,2,0
sufficiently_larger,2,2,0
immediately_keen,2,2,0
immediately_nearby,2,2,0
immediately_onboard,2,2,0
exactly_life-changing,2,2,0
immediately_official,2,2,0
immediately_obsolete,2,2,0
exactly_like,2,2,0
sufficiently_international,2,2,0
sufficiently_intimate,2,2,0
immediately_notable,2,2,0
immediately_next,2,2,0
sufficiently_intriguing,2,2,0
immediately_knowledgeable,2,2,0
theoretically_plausible,2,1,1
sufficiently_involved,2,2,0
exactly_literary,2,2,0
immediately_marketable,2,2,0
exactly_literate,2,2,0
sufficiently_japanese,2,2,0
immediately_liquid,2,2,0
exactly_loose,2,2,0
immediately_legible,2,2,0
exactly_measurable,2,2,0
immediately_forthright,2,2,0
immediately_cause,2,2,0
immediately_forgettable,2,2,0
exactly_miserable,2,2,0
sufficiently_narrow,2,2,0
immediately_dependent,2,2,0
sufficiently_nationalist,2,2,0
immediately_delicious,2,2,0
exactly_missing,2,2,0
immediately_damaging,2,2,0
exactly_moderate,2,2,0
theoretically_complex,2,2,0
sufficiently_nice,2,2,0
exactly_monogamous,2,2,0
sufficiently_nimble,2,2,0
immediately_convincing,2,2,0
immediately_convertible,2,2,0
immediately_controversial,2,1,1
sufficiently_noticeable,2,2,0
theoretically_coherent,2,2,0
theoretically_challenging,2,0,2
exactly_mute,2,2,0
exactly_mythical,2,2,0
exactly_narrative,2,2,0
exactly_miscast,2,2,0
sufficiently_muslim,2,2,0
immediately_digestible,2,2,0
sufficiently_modest,2,2,0
theoretically_fundamental,2,2,0
immediately_fond,2,2,0
sufficiently_massive,2,2,0
theoretically_feasible,2,2,0
immediately_enlightening,2,2,0
exactly_microscopic,2,2,0
sufficiently_militant,2,2,0
exactly_middle,2,2,0
sufficiently_modern,2,2,0
sufficiently_moist,2,2,0
sufficiently_muscular,2,2,0
sufficiently_monumental,2,2,0
exactly_military,2,2,0
exactly_mindless,2,2,0
exactly_minimalist,2,2,0
immediately_dominant,2,2,0
theoretically_correct,2,2,0
immediately_distinct,2,2,0
immediately_dismissive,2,2,0
immediately_discoverable,2,2,0
increasingly_interested,2,2,0
increasingly_necessary,2,2,0
that_sound,2,2,0
indeed_dead,2,2,0
indeed_angry,2,2,0
stylistically_related,2,2,0
incredibly_young,2,2,0
incredibly_worthwhile,2,1,1
incredibly_witty,2,2,0
incredibly_widespread,2,2,0
incredibly_wide,2,2,0
therefore_unconstitutional,2,2,0
incredibly_weak,2,2,0
exactly_comedic,2,2,0
exactly_comic,2,2,0
incredibly_vulgar,2,2,0
incredibly_vocal,2,2,0
incredibly_vivid,2,2,0
incredibly_vast,2,2,0
exactly_commensurate,2,2,0
incredibly_upset,2,2,0
incredibly_unjust,2,2,0
sublimely_perfect,2,2,0
incredibly_unhealthy,2,2,0
incredibly_unfavorable,2,2,0
indeed_contrary,2,2,0
stylistically_consistent,2,2,0
therefore_unreasonable,2,2,0
indeed_essential,2,2,0
independently_enforceable,2,2,0
stunningly_sexy,2,1,1
stunningly_simple,2,2,0
stunningly_unique,2,2,0
independently_available,2,2,0
exactly_clueless,2,2,0
indeed_worth,2,2,0
indeed_willing,2,2,0
stupidly_arrogant,2,2,0
exactly_clumsy,2,2,0
indeed_superior,2,2,0
stupidly_easy,2,2,0
stupidly_hard,2,2,0
therefore_unique,2,2,0
stupidly_obvious,2,2,0
indeed_necessary,2,2,0
indeed_much,2,1,1
indeed_inevitable,2,2,0
indeed_immune,2,0,2
stylistically_appealing,2,2,0
stylistically_appropriate,2,2,0
exactly_compassionate,2,2,0
exactly_competent,2,2,0
exactly_complementary,2,2,0
subsequently_able,2,2,0
exactly_cramped,2,2,0
incredibly_skeptical,2,2,0
exactly_creepy,2,2,0
incredibly_silly,2,2,0
substantially_large,2,2,0
exactly_crunchy,2,2,0
incredibly_severe,2,2,0
exactly_customary,2,2,0
exactly_cut,2,2,0
substantially_limited,2,2,0
incredibly_selective,2,2,0
incredibly_secure,2,2,0
incredibly_savvy,2,2,0
exactly_damning,2,2,0
therefore_right,2,2,0
incredibly_ridiculous,2,2,0
substantially_original,2,2,0
therefore_responsible,2,2,0
incredibly_repetitive,2,2,0
therefore_replaceable,2,2,0
incredibly_religious,2,2,0
exactly_covert,2,2,0
exactly_courteous,2,2,0
substantially_harder,2,2,0
substantially_bigger,2,2,0
incredibly_trivial,2,2,0
subsequently_adjustable,2,2,0
incredibly_thoughtful,2,2,0
incredibly_thorough,2,2,0
incredibly_thankful,2,2,0
incredibly_tender,2,2,0
exactly_confrontational,2,2,0
incredibly_tacky,2,2,0
exactly_congenial,2,2,0
substantially_certain,2,2,0
exactly_courageous,2,2,0
exactly_constitutional,2,2,0
exactly_conversant,2,2,0
incredibly_stretchy,2,2,0
substantially_easier,2,2,0
substantially_enough,2,2,0
incredibly_steep,2,1,1
exactly_cosy,2,2,0
therefore_sufficient,2,2,0
substantially_good,2,1,1
stunningly_quick,2,2,0
stunningly_prolific,2,2,0
sufficiently_buoyant,2,2,0
infinitely_liquid,2,2,0
exactly_bloodthirsty,2,2,0
strongly_necessary,2,2,0
infinitely_incomprehensible,2,2,0
infinitely_improbable,2,2,0
strongly_noticeable,2,2,0
exactly_bold,2,2,0
infinitely_generous,2,2,0
exactly_bothersome,2,2,0
strongly_political,2,2,0
infinitely_expandable,2,2,0
exactly_breathable,2,2,0
exactly_brief,2,2,0
infinitely_corrupt,2,2,0
infinitely_complex,2,2,0
infinitely_bigger,2,2,0
infinitely_big,2,2,0
infinitely_bad,2,2,0
exactly_brittle,2,2,0
exactly_broad,2,2,0
infectiously_catchy,2,2,0
strongly_seasonal,2,2,0
strongly_liberal,2,2,0
this_bad,2,2,0
independently_predictive,2,2,0
infinitely_many,2,2,0
inherently_admirable,2,0,2
inherently_absurd,2,2,0
exactly_basic,2,2,0
strongly_averse,2,2,0
this_comfortable,2,1,1
strongly_critical,2,2,0
exactly_befitting,2,2,0
infinitely_wise,2,2,0
strongly_discernible,2,2,0
infinitely_wide,2,2,0
infinitely_thin,2,2,0
strongly_effective,2,2,0
infinitely_strong,2,2,0
infinitely_small,2,2,0
exactly_bigger,2,2,0
infinitely_possible,2,2,0
strongly_indicative,2,2,0
infinitely_perfect,2,2,0
exactly_bisexual,2,2,0
exactly_bizarre,2,2,0
infinitely_merciful,2,2,0
inexplicably_hostile,2,2,0
inexplicably_bad,2,2,0
strongly_suspicious,2,2,0
strongly_territorial,2,2,0
individually_expensive,2,2,0
structurally_unique,2,0,2
structurally_viable,2,2,0
stubbornly_cryptic,2,2,0
stubbornly_stupid,2,2,0
individually_big,2,2,0
individually_better,2,2,0
individually_bad,2,2,0
exactly_chilly,2,2,0
exactly_choosy,2,2,0
individually_able,2,2,0
stunningly_brilliant,2,2,0
stunningly_clear,2,2,0
indirectly_related,2,2,0
exactly_civil,2,2,0
independently_significant,2,2,0
independently_responsible,2,2,0
exactly_cliche,2,2,0
exactly_clinical,2,2,0
independently_related,2,2,0
stunningly_photogenic,2,2,0
exactly_charitable,2,2,0
individually_guilty,2,2,0
structurally_suitable,2,2,0
individually_sufficient,2,2,0
inevitably_subject,2,2,0
structurally_able,2,2,0
inevitably_progressive,2,2,0
structurally_cohesive,2,2,0
structurally_complex,2,2,0
inevitably_fatal,2,2,0
exactly_businesslike,2,2,0
individually_wealthy,2,2,0
structurally_interesting,2,2,0
individually_successful,2,2,0
individually_impressive,2,2,0
individually_subject,2,2,0
exactly_calming,2,1,1
structurally_neutral,2,2,0
individually_special,2,2,0
structurally_normal,2,2,0
structurally_profound,2,2,0
therefore_worth,2,2,0
exactly_catastrophic,2,2,0
individually_large,2,2,0
exactly_deferential,2,2,0
therefore_related,2,2,0
incredibly_relatable,2,2,0
therefore_foolish,2,2,0
incredibly_decadent,2,2,0
incredibly_daunting,2,2,0
exactly_expedient,2,2,0
sufficiently_absurd,2,2,0
therefore_false,2,2,0
sufficiently_academic,2,2,0
therefore_evil,2,2,0
exactly_farfetched,2,2,0
sufficiently_acquainted,2,2,0
therefore_elaborate,2,2,0
sufficiently_adaptable,2,2,0
exactly_fearless,2,2,0
incredibly_complimentary,2,2,0
exactly_feeble,2,2,0
exactly_feminist,2,2,0
sufficiently_adventurous,2,2,0
incredibly_collaborative,2,2,0
exactly_fertile,2,2,0
exactly_fervent,2,2,0
exactly_fiery,2,2,0
incredibly_childish,2,2,0
exactly_exhaustive,2,2,0
incredibly_dense,2,2,0
incredibly_refreshing,2,2,0
incredibly_derivative,2,2,0
exactly_engrossing,2,2,0
suddenly_incapable,2,2,0
exactly_enigmatic,2,2,0
incredibly_eye-catching,2,2,0
suddenly_irrelevant,2,2,0
incredibly_excessive,2,2,0
incredibly_exceptional,2,2,0
incredibly_epic,2,2,0
therefore_guilty,2,2,0
incredibly_engaging,2,2,0
incredibly_endearing,2,2,0
incredibly_empathetic,2,2,0
incredibly_elusive,2,2,0
incredibly_elaborate,2,1,1
suddenly_promiscuous,2,2,0
incredibly_dominant,2,2,0
exactly_evocative,2,2,0
incredibly_discouraging,2,2,0
exactly_exact,2,2,0
exactly_excellent,2,2,0
suddenly_worried,2,2,0
incredibly_cheesy,2,2,0
incredibly_cheaper,2,2,0
incredibly_charming,2,2,0
exactly_firm,2,2,0
exactly_formulaic,2,2,0
sufficiently_armored,2,2,0
incredibly_agile,2,2,0
incredibly_aesthetic,2,2,0
sufficiently_artistic,2,2,0
incredibly_adorable,2,2,0
sufficiently_ashamed,2,2,0
incredibly_addictive,2,2,0
incredibly_accustomed,2,2,0
sufficiently_attuned,2,2,0
sufficiently_authentic,2,2,0
exactly_frivolous,2,2,0
sufficiently_balanced,2,2,0
increasingly_uneasy,2,2,0
sufficiently_biblical,2,2,0
increasingly_susceptible,2,2,0
sufficiently_binding,2,2,0
sufficiently_bipartisan,2,2,0
sufficiently_bitter,2,2,0
sufficiently_bloodthirsty,2,2,0
sufficiently_brave,2,2,0
sufficiently_appropriate,2,2,0
exactly_foreseeable,2,2,0
incredibly_appropriate,2,2,0
incredibly_breathable,2,2,0
incredibly_certain,2,2,0
sufficiently_agile,2,2,0
sufficiently_airtight,2,2,0
sufficiently_alarming,2,2,0
incredibly_bullish,2,2,0
sufficiently_alarmist,2,2,0
sufficiently_alive,2,2,0
incredibly_brilliant,2,2,0
exactly_fit,2,2,0
exactly_fixable,2,2,0
sufficiently_anti-semitic,2,2,0
incredibly_biased,2,2,0
sufficiently_analogous,2,2,0
therefore_desirable,2,2,0
exactly_flimsy,2,2,0
exactly_fluffy,2,2,0
sufficiently_analytical,2,2,0
sufficiently_annoyed,2,2,0
incredibly_astute,2,2,0
sufficiently_anti-gay,2,2,0
exactly_english,2,2,0
exactly_endless,2,2,0
incredibly_fat,2,2,0
subtly_threatening,2,1,1
substantively_greater,2,2,0
therefore_popular,2,2,0
exactly_disgruntled,2,2,0
exactly_disillusioned,2,2,0
incredibly_nourishing,2,2,0
incredibly_necessary,2,2,0
incredibly_nasty,2,2,0
subtly_different,2,2,0
incredibly_massive,2,2,0
exactly_distinctive,2,2,0
incredibly_lovely,2,2,0
incredibly_lonely,2,2,0
therefore_miserable,2,2,0
exactly_docile,2,2,0
incredibly_laughable,2,2,0
exactly_doomed,2,2,0
exactly_downtrodden,2,2,0
subtly_sexist,2,2,0
incredibly_inventive,2,1,1
subtly_sexy,2,2,0
incredibly_intrusive,2,2,0
incredibly_overweight,2,2,0
substantively_fair,2,2,0
incredibly_personable,2,2,0
incredibly_problematic,2,2,0
incredibly_receptive,2,2,0
incredibly_reassuring,2,2,0
exactly_deliberate,2,2,0
incredibly_rapid,2,2,0
incredibly_quiet,2,2,0
exactly_delusional,2,2,0
incredibly_pure,2,2,0
substantially_smaller,2,2,0
exactly_dense,2,2,0
exactly_deserving,2,2,0
incredibly_personal,2,1,1
incredibly_pricey,2,2,0
incredibly_prevalent,2,2,0
incredibly_prestigious,2,2,0
exactly_desolate,2,2,0
incredibly_potent,2,2,0
therefore_qualified,2,2,0
incredibly_polite,2,2,0
incredibly_pleasurable,2,2,0
incredibly_picturesque,2,2,0
incredibly_intriguing,2,2,0
exactly_draconian,2,2,0
incredibly_firm,2,2,0
exactly_dreadful,2,2,0
incredibly_hopeful,2,2,0
suddenly_awash,2,2,0
suddenly_bad,2,2,0
incredibly_healthful,2,2,0
incredibly_hazardous,2,2,0
incredibly_harsh,2,1,1
exactly_electronic,2,2,0
incredibly_grim,2,2,0
incredibly_greedy,2,2,0
therefore_insignificant,2,1,1
therefore_inconsistent,2,2,0
incredibly_glamorous,2,2,0
suddenly_easy,2,2,0
exactly_emblematic,2,2,0
therefore_important,2,2,0
incredibly_frightening,2,2,0
incredibly_foolish,2,2,0
incredibly_flexible,2,2,0
incredibly_flattering,2,2,0
suddenly_gay,2,2,0
suddenly_happy,2,2,0
exactly_egalitarian,2,2,0
incredibly_hurtful,2,2,0
incredibly_hypocritical,2,2,0
successfully_enough,2,2,0
incredibly_interactive,2,2,0
exactly_dressy,2,2,0
incredibly_insulting,2,2,0
incredibly_insightful,2,1,1
therefore_likely,2,2,0
incredibly_insane,2,2,0
exactly_due,2,2,0
therefore_liable,2,2,0
incredibly_influential,2,2,0
incredibly_inexpensive,2,2,0
incredibly_ignorant,2,2,0
incredibly_ineffective,2,2,0
incredibly_independent,2,2,0
exactly_easygoing,2,2,0
incredibly_inappropriate,2,2,0
therefore_less,2,2,0
exactly_economic,2,2,0
exactly_edgy,2,2,0
incredibly_immersive,2,2,0
incredibly_imaginative,2,2,0
exactly_placid,2,2,0
sufficiently_simple,2,2,0
hugely_substantive,2,2,0
exceptionally_anomalous,2,2,0
highly_impossible,2,2,0
highly_imaginative,2,2,0
highly_ideological,2,2,0
super_reactive,2,2,0
super_real,2,2,0
highly_graphic,2,2,0
exceptionally_better,2,2,0
that_unnerving,2,2,0
exceptionally_boyish,2,2,0
highly_frustrating,2,2,0
super_receptive,2,2,0
super_red,2,2,0
exceptionally_broad,2,2,0
that_unlimited,2,2,0
highly_flawed,2,2,0
highly_flavorful,2,2,0
highly_flattering,2,2,0
exceptionally_busy,2,2,0
exceptionally_careful,2,2,0
super_relatable,2,2,0
super_relaxed,2,2,0
highly_impractical,2,2,0
highly_inaccurate,2,2,0
that_uplifting,2,2,0
highly_inclined,2,2,0
exceedingly_strong,2,2,0
exceedingly_stupid,2,2,0
exceedingly_successful,2,2,0
exceedingly_sweet,2,2,0
super_puffy,2,2,0
highly_literary,2,2,0
that_unwell,2,2,0
exceedingly_tough,2,1,1
that_untrue,2,2,0
highly_knowledgable,2,2,0
exceedingly_unpleasant,2,2,0
highly_ironic,2,2,0
exceedingly_valuable,2,2,0
super_qualified,2,2,0
highly_intimate,2,2,0
exceedingly_wealthy,2,2,0
that_unsettling,2,2,0
exceedingly_white,2,2,0
exceptionally_adept,2,2,0
super_racist,2,2,0
highly_individual,2,2,0
that_unkind,2,2,0
that_universal,2,2,0
super_reliant,2,2,0
super_remarkable,2,2,0
super_sensational,2,2,0
highly_convincing,2,2,0
highly_conversant,2,2,0
highly_convenient,2,2,0
that_unclear,2,2,0
super_sentimental,2,2,0
highly_contentious,2,2,0
exceptionally_expensive,2,2,0
highly_conspicuous,2,2,0
super_sexual,2,2,0
exceptionally_extraordinary,2,1,1
highly_conductive,2,2,0
highly_conclusive,2,2,0
that_uncertain,2,2,0
super_shocked,2,2,0
that_unaware,2,2,0
highly_compelling,2,2,0
highly_commercial,2,2,0
exceptionally_friendly,2,2,0
super_showy,2,2,0
exceptionally_functional,2,2,0
highly_creditable,2,2,0
that_unconventional,2,2,0
that_underrated,2,2,0
highly_disturbing,2,2,0
super_rigid,2,2,0
highly_endangered,2,2,0
highly_embarrassing,2,2,0
that_unimaginable,2,2,0
exceptionally_controversial,2,1,1
highly_efficacious,2,2,0
exceptionally_costly,2,2,0
highly_dynamic,2,2,0
highly_dramatic,2,2,0
highly_disrespectful,2,2,0
super_seamless,2,2,0
highly_disproportionate,2,2,0
exceptionally_detailed,2,2,0
exceptionally_disappointed,2,2,0
exceptionally_dramatic,2,2,0
highly_developed,2,2,0
that_uneven,2,2,0
highly_descriptive,2,2,0
super_scared,2,2,0
super_scenic,2,2,0
super_prone,2,2,0
that_upsetting,2,2,0
hugely_substantial,2,2,0
exactly_wireless,2,2,0
exactly_wondrous,2,2,0
exactly_workable,2,2,0
exactly_worrisome,2,2,0
exactly_worse,2,2,0
exactly_younger,2,2,0
super_overpowering,2,2,0
highly_specialized,2,2,0
highly_similar,2,2,0
super_overwhelming,2,2,0
super_paranoid,2,2,0
super_particular,2,2,0
super_patient,2,2,0
exceedingly_brief,2,2,0
thats_bad,2,1,1
exceedingly_challenging,2,2,0
highly_respectable,2,2,0
exceedingly_comfortable,2,2,0
highly_reproducible,2,2,0
highly_remote,2,2,0
exceedingly_complex,2,2,0
that_worrying,2,2,0
thematically_coherent,2,2,0
highly_therapeutic,2,2,0
exceedingly_smoky,2,2,0
highly_topical,2,2,0
exactly_vigilant,2,2,0
highly_visual,2,2,0
super_nifty,2,2,0
exactly_visionary,2,2,0
exactly_vocal,2,2,0
super_normal,2,2,0
super_noticable,2,2,0
highly_unrealistic,2,2,0
highly_unprofessional,2,2,0
exactly_weekly,2,2,0
super_obscure,2,2,0
exactly_weightless,2,2,0
highly_uncommon,2,2,0
super_odd,2,1,1
highly_treatable,2,2,0
thematically_complex,2,2,0
thematically_compatible,2,2,0
highly_transformative,2,2,0
highly_transferable,2,2,0
exactly_whiter,2,2,0
exactly_whole,2,2,0
exceedingly_costly,2,2,0
super_personal,2,2,0
that_wonky,2,2,0
highly_redundant,2,2,0
highly_powerful,2,2,0
exceedingly_modest,2,2,0
highly_possible,2,2,0
that_virulent,2,2,0
that_vigorous,2,2,0
highly_pertinent,2,2,0
super_pretty,2,2,0
that_victorian,2,2,0
super_prevalent,2,2,0
that_vicious,2,2,0
highly_painful,2,2,0
highly_ornamental,2,2,0
that_vehement,2,2,0
exceedingly_positive,2,2,0
super_proactive,2,2,0
super_problematic,2,1,1
highly_objectionable,2,2,0
that_useable,2,2,0
highly_nourishing,2,2,0
super_progressive,2,2,0
super_prolific,2,2,0
that_vociferous,2,2,0
exceedingly_lengthy,2,2,0
exceedingly_knowledgeable,2,2,0
super_plush,2,2,0
exceedingly_demanding,2,2,0
highly_recognizable,2,2,0
that_wiser,2,2,0
super_playful,2,2,0
highly_rare,2,2,0
that_whiny,2,2,0
exceedingly_friendly,2,2,0
that_weary,2,2,0
super_pleasing,2,2,0
highly_prone,2,2,0
exceedingly_interesting,2,2,0
super_polite,2,2,0
exceedingly_handsome,2,2,0
that_wasteful,2,2,0
highly_prized,2,2,0
super_porous,2,2,0
exceedingly_impressive,2,2,0
that_walkable,2,2,0
exceedingly_informative,2,2,0
exceedingly_intense,2,2,0
highly_challenging,2,2,0
highly_carcinogenic,2,2,0
highly_breathable,2,2,0
hardly_visible,2,2,0
excessively_alcoholic,2,2,0
hardly_relevant,2,2,0
hardly_possible,2,2,0
supposedly_better,2,2,0
hardly_likely,2,2,0
supposedly_good,2,2,0
that_stretchy,2,2,0
supremely_addictive,2,2,0
supremely_amazing,2,2,0
hardly_afraid,2,2,0
supremely_athletic,2,2,0
supremely_clever,2,2,0
excessively_awful,2,2,0
happily_surprised,2,2,0
supremely_delicious,2,2,0
happily_married,2,2,0
supremely_democratic,2,2,0
supremely_efficient,2,2,0
supremely_frustrating,2,2,0
halfway_full,2,2,0
halfway_empty,2,2,0
hardly_unprecedented,2,2,0
hardly_worse,2,1,1
that_twisted,2,2,0
hardly_worthy,2,1,1
exceptionally_virulent,2,2,0
exceptionally_weird,2,1,1
super_windy,2,2,0
super_wise,2,2,0
super_wonderful,2,2,0
super_wordy,2,2,0
exceptionally_wide,2,2,0
exceptionally_wise,2,2,0
exceptionally_worried,2,2,0
heavily_damaged,2,2,0
heavily_concerned,2,2,0
exceptionally_young,2,2,0
heavily_christian,2,2,0
superbly_comfortable,2,2,0
superbly_impressive,2,2,0
superficially_beautiful,2,2,0
superficially_cool,2,2,0
harshly_judgmental,2,2,0
superficially_different,2,2,0
harshly_brutal,2,2,0
harshly_acidic,2,2,0
that_stinky,2,2,0
supremely_impressed,2,2,0
excessively_brutal,2,2,0
excessively_bullish,2,2,0
that_squishy,2,2,0
excessively_critical,2,2,0
half_dangerous,2,2,0
sure_willing,2,2,0
half_cold,2,2,0
half_clean,2,2,0
surely_better,2,2,0
excessively_damp,2,2,0
grotesquely_worse,2,2,0
surprisingly_absent,2,2,0
surprisingly_accessible,2,2,0
surprisingly_active,2,2,0
grotesquely_immoral,2,2,0
surprisingly_aware,2,2,0
surprisingly_bad,2,2,0
surprisingly_candid,2,2,0
surprisingly_common,2,2,0
excessively_detailed,2,1,1
that_sparkly,2,2,0
surprisingly_disappointed,2,2,0
surprisingly_durable,2,2,0
half_fair,2,2,0
excessively_cool,2,2,0
that_stark,2,2,0
half_mad,2,2,0
supremely_interested,2,2,0
excessively_busy,2,2,0
supremely_ironic,2,2,0
half_thankful,2,2,0
supremely_knowledgeable,2,2,0
half_sober,2,2,0
that_stern,2,2,0
excessively_challenging,2,2,0
half_open,2,2,0
that_stealthy,2,2,0
excessively_considerate,2,2,0
half_italian,2,2,0
half_interesting,2,2,0
supremely_uncomfortable,2,2,0
half_industrious,2,2,0
supremely_valuable,2,1,1
supremely_watchable,2,2,0
excessively_common,2,2,0
half_hard,2,2,0
half_happy,2,2,0
heavily_indebted,2,1,1
exceptionally_violent,2,2,0
exceptionally_unusual,2,2,0
that_tense,2,2,0
exceptionally_lonely,2,2,0
exceptionally_lucky,2,2,0
super_spacious,2,2,0
exceptionally_mobile,2,2,0
high_relative,2,2,0
high_priced,2,2,0
super_spontaneous,2,2,0
exceptionally_outstanding,2,2,0
exceptionally_painful,2,2,0
super_standard,2,2,0
exceptionally_patient,2,2,0
that_thankful,2,2,0
super_stinky,2,2,0
hideously_late,2,2,0
super_straight,2,2,0
exceptionally_pleasant,2,2,0
super_strange,2,1,1
super_strategic,2,2,0
super_streaky,2,2,0
exceptionally_practical,2,2,0
hideously_complicated,2,2,0
that_torturous,2,2,0
that_touchy,2,2,0
exceptionally_lightweight,2,2,0
that_treacherous,2,2,0
that_truer,2,2,0
exceptionally_gory,2,2,0
exceptionally_greater,2,2,0
exceptionally_happy,2,2,0
highly_authentic,2,2,0
super_sleek,2,2,0
that_trite,2,2,0
exceptionally_hazardous,2,2,0
exceptionally_heinous,2,2,0
highly_articulate,2,2,0
exceptionally_light,2,2,0
that_traumatizing,2,2,0
super_snazzy,2,2,0
super_sociable,2,2,0
highly_annoying,2,2,0
highly_analytical,2,2,0
highly_amusing,2,2,0
exceptionally_interesting,2,1,1
that_toxic,2,2,0
exceptionally_keen,2,2,0
super_stuffy,2,2,0
exceptionally_profitable,2,2,0
super_walkable,2,2,0
super_suave,2,2,0
super_typical,2,2,0
exceptionally_steep,2,2,0
heavily_sweet,2,2,0
heavily_smoky,2,2,0
that_super,2,2,0
that_summery,2,2,0
super_uptight,2,2,0
super_urban,2,2,0
super_usable,2,2,0
exceptionally_technical,2,2,0
heavily_polluted,2,2,0
exceptionally_thin,2,2,0
exceptionally_thorough,2,2,0
heavily_pedantic,2,2,0
exceptionally_tricky,2,2,0
super_vibrant,2,2,0
heavily_mathematical,2,2,0
exceptionally_troublesome,2,2,0
that_sufficient,2,2,0
exceptionally_uncommon,2,2,0
heavily_jewish,2,2,0
exceptionally_special,2,0,2
exceptionally_spacious,2,2,0
hella_cute,2,2,0
super_sustainable,2,2,0
that_tenacious,2,2,0
here_worth,2,0,2
exceptionally_prone,2,2,0
here_smart,2,2,0
that_temporary,2,2,0
here_present,2,2,0
exceptionally_qualified,2,2,0
here_more,2,2,0
here_longer,2,2,0
that_tactful,2,2,0
exceptionally_soft,2,2,0
exceptionally_responsive,2,2,0
that_sweaty,2,2,0
super_terrified,2,2,0
exceptionally_scary,2,2,0
that_sustainable,2,2,0
that_suspenseful,2,2,0
that_surreal,2,2,0
super_thrilling,2,2,0
exceptionally_smooth,2,2,0
super_newsworthy,2,2,0
thematically_memorable,2,2,0
hilariously_awful,2,2,0
however_human,2,2,0
however_helpful,2,2,0
exactly_secular,2,2,0
then_reasonable,2,2,0
exactly_sedentary,2,2,0
super_appetizing,2,2,0
super_applicable,2,2,0
super_articulate,2,2,0
however_exhaustive,2,2,0
super_artistic,2,2,0
exactly_self-sufficient,2,2,0
however_effective,2,1,1
super_astringent,2,2,0
however_dull,2,0,2
however_devoid,2,2,0
exactly_selfish,2,2,0
exactly_selfless,2,2,0
exactly_sensational,2,2,0
then_public,2,2,0
super_bearish,2,2,0
however_comfortable,2,2,0
however_boring,2,2,0
exactly_secondary,2,2,0
however_humble,2,0,2
horribly_sentimental,2,2,0
exactly_scholarly,2,2,0
however_unique,2,2,0
suitably_detailed,2,2,0
then_same,2,2,0
however_trivial,2,0,2
exactly_rugged,2,2,0
suitably_grateful,2,2,0
however_smart,2,1,1
then_ripe,2,2,0
however_severe,2,2,0
exactly_rustic,2,2,0
exactly_rusty,2,2,0
super_absorbent,2,2,0
psychologically_accountable,2,2,0
however_motivating,2,0,2
super_acidic,2,1,1
super_addictive,2,2,0
however_instructive,2,0,2
however_insignificant,2,0,2
however_indispensable,2,2,0
super_afraid,2,2,0
however_impressed,2,2,0
however_big,2,0,2
however_available,2,2,0
super_bland,2,2,0
however_accessible,2,2,0
horribly_unusual,2,2,0
super_cliched,2,2,0
super_clingy,2,2,0
horribly_unique,2,2,0
super_cohesive,2,2,0
exactly_smaller,2,2,0
horribly_tragic,2,2,0
exactly_smug,2,2,0
super_commercial,2,2,0
horribly_technical,2,2,0
exactly_solitary,2,2,0
exactly_solvable,2,2,0
exactly_somber,2,2,0
horribly_subtle,2,2,0
super_competent,2,2,0
horribly_strong,2,2,0
horribly_stressful,2,2,0
exactly_sound,2,2,0
horribly_sticky,2,2,0
exactly_southern,2,2,0
exactly_speechless,2,2,0
then_outstanding,2,0,2
exactly_slick,2,2,0
super_classy,2,2,0
exactly_silky,2,2,0
horrifyingly_scary,2,2,0
horrifyingly_possible,2,2,0
exactly_shallow,2,2,0
super_broad,2,2,0
super_calm,2,2,0
exactly_showy,2,2,0
super_captivating,2,2,0
super_cartoony,2,2,0
horrifically_terrible,2,2,0
super_charming,2,2,0
then_payable,2,2,0
horrifically_gruesome,2,2,0
exactly_simultaneous,2,2,0
exactly_sinister,2,2,0
exactly_skeptical,2,2,0
super_chewy,2,2,0
exactly_skimpy,2,2,0
super_christian,2,2,0
horrifically_busy,2,2,0
horrifically_bleak,2,2,0
suitably_bold,2,2,0
however_worthy,2,1,1
hugely_accurate,2,2,0
hugely_intuitive,2,2,0
hugely_political,2,2,0
hugely_pleased,2,2,0
sufficiently_stretchy,2,2,0
sufficiently_strict,2,2,0
sufficiently_strident,2,2,0
hugely_passionate,2,2,0
exactly_pregnant,2,2,0
exactly_premium,2,2,0
sufficiently_stupid,2,2,0
sufficiently_subject,2,2,0
exactly_pricey,2,2,0
sufficiently_substantive,2,2,0
hugely_muscular,2,2,0
hugely_motivated,2,2,0
hugely_more,2,2,0
exactly_pro-choice,2,2,0
sufficiently_sweet,2,2,0
hugely_larger,2,2,0
exactly_problematic,2,2,0
sufficiently_tacky,2,2,0
hugely_ironic,2,2,0
then_worthwhile,2,1,1
hugely_precise,2,2,0
exactly_pragmatic,2,2,0
hugely_rich,2,2,0
sufficiently_sincere,2,2,0
hugely_spacious,2,2,0
hugely_social,2,2,0
sufficiently_smooth,2,2,0
sufficiently_socialist,2,2,0
hugely_scientific,2,2,0
exactly_political,2,2,0
hugely_satisfying,2,1,1
hugely_satisfied,2,2,0
sufficiently_splendid,2,2,0
hugely_prolific,2,2,0
hugely_revolutionary,2,0,2
hugely_responsive,2,2,0
hugely_reliant,2,2,0
exactly_posh,2,2,0
hugely_redundant,2,2,0
sufficiently_steep,2,2,0
hugely_qualified,2,2,0
hugely_promising,2,2,0
hugely_prominent,2,2,0
hugely_inventive,2,2,0
sufficiently_talented,2,2,0
sufficiently_young,2,1,1
exactly_proportionate,2,2,0
hugely_easy,2,2,0
sufficiently_unusual,2,2,0
hugely_divisive,2,2,0
exactly_relative,2,2,0
exactly_remote,2,2,0
hugely_creative,2,2,0
sufficiently_valid,2,2,0
then_suitable,2,2,0
then_stellar,2,0,2
hugely_communicative,2,2,0
hugely_comforting,2,2,0
sufficiently_violent,2,2,0
sufficiently_viral,2,2,0
hugely_cheap,2,2,0
exactly_reversible,2,2,0
hugely_busy,2,2,0
then_short,2,2,0
hugely_believable,2,2,0
exactly_risky,2,2,0
hugely_appealing,2,2,0
sufficiently_wrong,2,2,0
hugely_emotional,2,2,0
hugely_engaging,2,2,0
exactly_reclusive,2,2,0
exactly_queer,2,2,0
exactly_prosperous,2,2,0
exactly_protective,2,2,0
hugely_inefficient,2,2,0
exactly_provocative,2,2,0
exactly_psychedelic,2,2,0
hugely_hoppy,2,2,0
hugely_healthy,2,2,0
hugely_hard,2,2,0
exactly_quaint,2,1,1
sufficiently_tragic,2,2,0
hugely_enlightening,2,2,0
sufficiently_transformative,2,2,0
exactly_quotable,2,2,0
hugely_flexible,2,2,0
hugely_flawed,2,2,0
sufficiently_ubiquitous,2,2,0
exactly_raucous,2,2,0
exactly_real-time,2,2,0
sufficiently_unclear,2,2,0
then_unable,2,2,0
horribly_serious,2,2,0
horribly_scared,2,2,0
thematically_new,2,1,1
super_hazy,2,2,0
super_hectic,2,2,0
exactly_unconnected,2,2,0
historically_unpopular,2,2,0
historically_unknown,2,2,0
exactly_uncontroversial,2,2,0
super_hilly,2,2,0
historically_unfounded,2,2,0
super_hopeful,2,2,0
historically_uncommon,2,2,0
exactly_understated,2,2,0
super_hyper,2,2,0
exactly_uneasy,2,2,0
historically_sensitive,2,2,0
historically_savvy,2,2,0
super_imaginative,2,2,0
exactly_unfair,2,2,0
historically_real,2,2,0
super_inclined,2,2,0
historically_precise,2,2,0
historically_perfect,2,2,0
then_cold,2,2,0
exactly_unclear,2,2,0
hitherto_possible,2,2,0
horribly_rude,2,2,0
exactly_unbelievable,2,2,0
exactly_trashy,2,2,0
honestly_shameful,2,2,0
exactly_treacherous,2,2,0
honestly_ready,2,2,0
super_grainy,2,2,0
then_enforceable,2,2,0
honestly_interested,2,2,0
then_eligible,2,2,0
honestly_happy,2,2,0
super_gritty,2,2,0
honestly_comfortable,2,2,0
super_gung,2,2,0
super_hairy,2,2,0
honestly_afraid,2,2,0
honestly_able,2,2,0
super_handsome,2,2,0
then_easy,2,2,0
home_safe,2,2,0
exactly_unattractive,2,2,0
exactly_unbeatable,2,2,0
super_hardy,2,2,0
historically_novel,2,2,0
historically_noteworthy,2,2,0
historically_normal,2,1,1
exactly_unfulfilled,2,2,0
thematically_similar,2,2,0
historically_constant,2,2,0
super_lucky,2,2,0
super_luxury,2,2,0
super_lyrical,2,2,0
historically_common,2,2,0
super_mad,2,2,0
historically_cheap,2,2,0
exactly_untouched,2,2,0
historically_aware,2,2,0
super_masculine,2,2,0
historically_appreciative,2,0,2
historically_accustomed,2,2,0
historically_absurd,2,2,0
hilariously_ironic,2,2,0
exactly_vegetarian,2,2,0
super_narrow,2,2,0
super_nasty,2,2,0
exactly_verbatim,2,2,0
super_naughty,2,2,0
hilariously_bizarre,2,2,0
thematically_strong,2,2,0
exactly_unstable,2,2,0
super_lofty,2,2,0
exactly_unlikely,2,2,0
exactly_unheralded,2,2,0
historically_misleading,2,2,0
exactly_unimportant,2,2,0
historically_large,2,2,0
historically_kind,2,2,0
exactly_unjust,2,2,0
super_intrusive,2,2,0
historically_indigenous,2,2,0
historically_indefensible,2,2,0
historically_impossible,2,2,0
historically_diverse,2,2,0
super_inventive,2,2,0
historically_ignorant,2,2,0
super_irritated,2,2,0
then_astonishing,2,1,1
then_apparent,2,2,0
historically_feasible,2,2,0
historically_expensive,2,2,0
historically_elite,2,2,0
exactly_unscathed,2,2,0
exactly_transgender,2,2,0
honestly_worth,2,2,0
super_gay,2,2,0
horribly_buggy,2,2,0
super_delicate,2,2,0
then_interested,2,2,0
horribly_frightened,2,2,0
super_dependent,2,2,0
horribly_fat,2,2,0
horribly_fast,2,2,0
super_depressing,2,2,0
then_interchangeable,2,2,0
horribly_effective,2,2,0
horribly_dry,2,2,0
horribly_distraught,2,2,0
exactly_subversive,2,2,0
horribly_dissimilar,2,2,0
super_disappointing,2,2,0
horribly_deep,2,2,0
super_distinct,2,1,1
super_distracting,2,2,0
horribly_common,2,2,0
horribly_cliched,2,2,0
horribly_challenging,2,2,0
super_dominant,2,2,0
horribly_guilty,2,2,0
horribly_heavy,2,2,0
exactly_subdued,2,2,0
super_corny,2,2,0
horribly_restrictive,2,2,0
exactly_spoiled,2,2,0
horribly_real,2,2,0
super_contemporary,2,2,0
horribly_racist,2,2,0
horribly_problematic,2,2,0
then_next,2,0,2
exactly_spry,2,2,0
exactly_squeamish,2,2,0
horribly_painful,2,2,0
horribly_impressed,2,2,0
super_cozy,2,2,0
exactly_stale,2,2,0
exactly_stationary,2,2,0
exactly_sticky,2,2,0
super_curly,2,2,0
exactly_strategic,2,2,0
super_cut,2,2,0
super_damp,2,2,0
horribly_inefficient,2,2,0
exactly_surgical,2,2,0
super_dressy,2,2,0
then_enough,2,2,0
super_drinkable,2,2,0
exactly_thoughtful,2,2,0
hopelessly_political,2,2,0
hopelessly_outdated,2,2,0
hopelessly_one-sided,2,2,0
exactly_thriving,2,1,1
exactly_tidy,2,2,0
hopelessly_insolvent,2,2,0
super_feminist,2,2,0
then_feasible,2,2,0
super_firm,2,2,0
hopelessly_indefensible,2,2,0
exactly_titillating,2,2,0
hopelessly_inaccurate,2,2,0
hopelessly_illogical,2,2,0
then_fair,2,2,0
hopelessly_contradictory,2,2,0
hopelessly_confused,2,2,0
super_frugal,2,2,0
then_excellent,2,1,1
exactly_tranquil,2,2,0
hopelessly_addicted,2,2,0
then_flawless,2,1,1
then_free,2,2,0
hopelessly_romantic,2,2,0
super_entertaining,2,2,0
super_drunk,2,2,0
exactly_suspicious,2,2,0
horribly_apparent,2,2,0
super_ecstatic,2,2,0
exactly_tactical,2,2,0
super_elegant,2,2,0
super_embarrassing,2,2,0
exactly_tangible,2,2,0
exactly_tantamount,2,2,0
super_enticing,2,2,0
hopelessly_sane,2,2,0
exactly_technical,2,2,0
horrendously_embarrassing,2,2,0
horrendously_difficult,2,1,1
exactly_tedious,2,2,0
horrendously_busy,2,2,0
exactly_temperate,2,2,0
super_exotic,2,2,0
then_full,2,1,1
super_fabulous,2,2,0
entirely_fortunate,2,2,0
even_venomous,2,2,0
massively_huge,2,2,0
entirely_breathtaking,2,2,0
truly_homegrown,2,2,0
totally_ideological,2,2,0
mind-numbingly_stupid,2,2,0
mind-numbingly_tedious,2,2,0
down_much,2,2,0
truly_holy,2,2,0
totally_universal,2,2,0
downright_orwellian,2,2,0
downright_opaque,2,2,0
tremendously_skilled,2,2,0
tragically_boring,2,2,0
so_dope,2,2,0
merely_empirical,2,2,0
medically_useless,2,2,0
economically_stronger,2,2,0
too_unqualified,2,2,0
downright_outrageous,2,1,1
merely_substantial,2,2,0
totally_uninteresting,2,2,0
merely_insane,2,2,0
so_dominating,2,2,0
enough_efficient,2,2,0
monstrously_long,2,2,0
totally_reusable,2,2,0
truly_hopeful,2,2,0
merely_basic,2,2,0
easily_wearable,2,2,0
merely_submissive,2,2,0
more_enriching,2,1,1
so_limp,2,2,0
either_good,2,1,1
entirely_bothersome,2,2,0
either_familiar,2,2,0
medically_valid,2,2,0
so_nonpartisan,2,2,0
merely_inflammatory,2,2,0
truly_historical,2,2,0
distinctly_sweet,2,2,0
merely_xenophobic,2,2,0
tragically_beautiful,2,1,1
enough_essential,2,2,0
merely_enduring,2,2,0
disastrously_destructive,2,2,0
totally_deep,2,2,0
longer_legitimate,2,2,0
merely_suspicious,2,2,0
definitively_dead,2,2,0
so_nominal,2,2,0
morally_unconscionable,2,2,0
downright_nonexistent,2,2,0
massively_innovative,2,2,0
merely_inept,2,2,0
totally_illusory,2,2,0
merely_inferior,2,2,0
entirely_blase,2,2,0
merely_superb,2,2,0
down_long,2,2,0
downright_off-putting,2,2,0
downright_obsolete,2,2,0
medically_viable,2,2,0
merely_surprising,2,2,0
distinctly_superior,2,2,0
totally_unmanageable,2,2,0
merely_endangered,2,2,0
merely_surreal,2,2,0
so_tempted,2,2,0
so_silver,2,2,0
totally_illegitimate,2,2,0
totally_deficient,2,2,0
merely_stylish,2,2,0
either_helpful,2,2,0
totally_imaginary,2,2,0
totally_angry,2,2,0
economically_robust,2,2,0
enough_due,2,2,0
longer_homogeneous,2,2,0
massively_meaningful,2,2,0
truly_hybrid,2,2,0
so_flirty,2,2,0
merely_stable,2,2,0
more_equipped,2,2,0
morally_sustainable,2,2,0
so_terse,2,1,1
medically_stationary,2,2,0
deservedly_popular,2,2,0
monumentally_better,2,2,0
downright_pessimistic,2,2,0
truly_complex,2,1,1
enough_dry,2,2,0
so_nourishing,2,2,0
so_puzzled,2,2,0
longer_helpful,2,2,0
totally_antagonistic,2,2,0
more_esoteric,2,2,0
totally_rotten,2,2,0
tremendously_sympathetic,2,2,0
downright_pleased,2,0,2
totally_romantic,2,2,0
tremendously_frightening,2,2,0
totally_horrendous,2,2,0
truly_communist,2,2,0
more_erratic,2,2,0
entirely_bullish,2,2,0
downright_pleasant,2,2,0
downright_plain,2,2,0
totally_answerable,2,2,0
merely_intact,2,2,0
totally_riveting,2,2,0
so_international,2,2,0
so_humanitarian,2,2,0
merely_inspirational,2,2,0
dreadfully_serious,2,2,0
truly_horrific,2,2,0
magically_secure,2,2,0
so_dominate,2,2,0
depressingly_sad,2,2,0
totally_uninformed,2,2,0
longer_impressed,2,1,1
merely_elitist,2,2,0
entirely_broad,2,2,0
merely_strange,2,2,0
merely_insidious,2,2,0
so_expedient,2,2,0
merely_young,2,2,0
so_intimidated,2,2,0
entirely_broken,2,2,0
tremendously_sure,2,2,0
massively_larger,2,2,0
monstrously_untrue,2,2,0
entirely_brutal,2,2,0
merely_insufficient,2,2,0
massively_long,2,2,0
magically_strong,2,2,0
truly_humanistic,2,2,0
truly_complicated,2,2,0
merely_instructive,2,2,0
markedly_deficient,2,2,0
more_considerable,2,2,0
merely_statistical,2,2,0
downright_perplexing,2,2,0
totally_ripe,2,2,0
economically_stagnant,2,2,0
longer_lit,2,2,0
longer_live,2,2,0
directly_informative,2,2,0
modestly_successful,2,2,0
so_hokey,2,2,0
merely_worried,2,2,0
enough_exciting,2,2,0
merely_traditional,2,2,0
so_symptomatic,2,2,0
entirely_attainable,2,2,0
entirely_atrocious,2,2,0
mentally_complex,2,2,0
so_symbiotic,2,2,0
totally_unreadable,2,2,0
easily_unbalanced,2,2,0
directly_pleasing,2,2,0
totally_incoherent,2,2,0
merely_wonderful,2,2,0
more_elite,2,2,0
longer_optional,2,2,0
so_invaluable,2,2,0
mentally_complete,2,2,0
merely_thriving,2,2,0
egregiously_high,2,2,0
massively_inconvenient,2,2,0
downright_mean,2,2,0
duly_satisfied,2,2,0
totally_unprotected,2,2,0
so_needless,2,1,1
more_elitist,2,2,0
so_like,2,2,0
merely_enthusiastic,2,2,0
totally_repetitive,2,2,0
traditionally_italian,2,2,0
so_extremist,2,2,0
merely_tired,2,2,0
downright_maddening,2,2,0
truly_convenient,2,2,0
minimally_credible,2,2,0
tremendously_rewarding,2,1,1
so_sizeable,2,2,0
longer_pleasant,2,2,0
so_derogatory,2,2,0
longer_polite,2,2,0
dynamically_consistent,2,2,0
traditionally_korean,2,2,0
more_elastic,2,2,0
merely_trite,2,2,0
entirely_articulate,2,2,0
truly_grumpy,2,2,0
mentally_different,2,2,0
downright_exhausting,2,2,0
totally_unresponsive,2,2,0
truly_convinced,2,2,0
longer_popular,2,2,0
totally_wholesome,2,2,0
enough_fast,2,2,0
minimally_fit,2,2,0
longer_permissible,2,2,0
too_unstable,2,2,0
definitively_true,2,2,0
more_elementary,2,1,1
totally_unregulated,2,2,0
enough_familiar,2,2,0
traditionally_vegan,2,2,0
directly_worried,2,2,0
entirely_ashamed,2,2,0
merely_witty,2,2,0
totally_reluctant,2,2,0
longer_pertinent,2,2,0
directly_willing,2,2,0
enough_famous,2,2,0
merely_equivalent,2,2,0
so_homey,2,2,0
massively_inefficient,2,2,0
merely_symptomatic,2,2,0
too_unsettled,2,2,0
longer_loyal,2,2,0
duly_impressed,2,2,0
totally_immobile,2,2,0
truly_hierarchical,2,2,0
merely_enlightened,2,2,0
enough_excellent,2,2,0
disarmingly_fun,2,2,0
more_ambivalent,2,2,0
truly_hideous,2,2,0
so_next,2,2,0
totally_immortal,2,2,0
traditionally_irish,2,2,0
downright_moronic,2,2,0
totally_chic,2,2,0
easily_unsettled,2,2,0
morally_unjustified,2,2,0
so_external,2,2,0
morally_unjust,2,2,0
tragically_bad,2,2,0
totally_immaculate,2,2,0
so_nihilistic,2,2,0
merely_worthy,2,2,0
more_endless,2,2,0
memorably_hilarious,2,2,0
downright_negligent,2,2,0
enough_established,2,2,0
merely_indulgent,2,2,0
entirely_biodegradable,2,2,0
easily_useful,2,2,0
depressingly_familiar,2,2,0
markedly_disparate,2,2,0
more_encouraged,2,2,0
totally_immaterial,2,2,0
longer_lucrative,2,2,0
entirely_binary,2,2,0
entirely_bilingual,2,2,0
mentally_busy,2,2,0
mentally_awake,2,2,0
totally_impressive,2,2,0
mentally_bad,2,2,0
so_tactical,2,2,0
egregiously_low,2,2,0
merely_territorial,2,2,0
merely_indian,2,2,0
too_unsavory,2,1,1
mentally_calm,2,2,0
distinctly_western,2,2,0
modestly_transparent,2,2,0
so_homogeneous,2,2,0
egregiously_huge,2,2,0
totally_winded,2,2,0
tremendously_hopeful,2,2,0
merely_indicative,2,2,0
definitively_interested,2,2,0
so_tannic,2,2,0
too_unrecognizable,2,2,0
downright_misogynistic,2,2,0
longer_miserable,2,2,0
more_empowered,2,2,0
truly_contemporary,2,2,0
totally_many,2,2,0
mentally_averse,2,2,0
totally_repulsive,2,2,0
more_empathic,2,2,0
entirely_basic,2,2,0
truly_helpless,2,2,0
merely_worthless,2,2,0
too_unsatisfied,2,2,0
downright_medieval,2,2,0
either_surprised,2,2,0
too_unnerving,2,1,1
definitely_responsible,2,2,0
massively_rich,2,2,0
enough_crisp,2,2,0
mind-numbingly_dumb,2,2,0
entirely_connected,2,2,0
metabolically_necessary,2,2,0
emotionally_troubled,2,2,0
distinctly_larger,2,2,0
merely_broad,2,2,0
so_traumatizing,2,2,0
entirely_confrontational,2,2,0
downright_reckless,2,2,0
totally_secret,2,2,0
tragically_low,2,2,0
longer_dangerous,2,2,0
merely_less,2,2,0
tragically_ironic,2,2,0
massively_relevant,2,2,0
massively_reliant,2,2,0
entirely_consecutive,2,2,0
medically_helpful,2,2,0
more_eye-popping,2,1,1
totally_unethical,2,2,0
medically_futile,2,2,0
merely_literate,2,2,0
totally_hardcore,2,2,0
directly_interesting,2,2,0
entirely_contemporary,2,2,0
longer_credible,2,2,0
medically_ill,2,2,0
enough_creative,2,2,0
truly_intriguing,2,2,0
downright_embarrassed,2,0,2
totally_direct,2,2,0
definitely_deserving,2,2,0
economically_prohibitive,2,2,0
so_insufficient,2,2,0
electorally_important,2,2,0
truly_instructive,2,1,1
traditionally_high,2,2,0
merely_blue,2,2,0
entirely_comical,2,2,0
totally_yummy,2,2,0
desperately_happy,2,2,0
so_prospective,2,2,0
merely_blind,2,2,0
electorally_decisive,2,2,0
drastically_underpaid,2,2,0
traditionally_hot,2,2,0
merely_dumb,2,2,0
so_touching,2,2,0
more_conceivable,2,2,0
enough_dead,2,2,0
entirely_commonplace,2,2,0
entirely_complementary,2,2,0
electorally_impactful,2,2,0
definitely_enough,2,2,0
medically_justifiable,2,2,0
downright_rebellious,2,2,0
enough_cute,2,2,0
desperately_helpful,2,2,0
definitely_easy,2,2,0
easily_perishable,2,2,0
merely_single,2,2,0
totally_deterministic,2,2,0
merely_dull,2,1,1
downright_raucous,2,2,0
merely_bright,2,2,0
so_obese,2,2,0
so_transactional,2,2,0
tremendously_fast,2,2,0
totally_minimalist,2,2,0
ecologically_desirable,2,2,0
more_ethereal,2,2,0
medically_fragile,2,2,0
so_inseparable,2,2,0
enough_cool,2,2,0
totally_catchy,2,2,0
electronically_active,2,2,0
downright_sadistic,2,2,0
morally_able,2,2,0
totally_grim,2,2,0
massively_short,2,2,0
electrically_neutral,2,2,0
truly_italian,2,2,0
merely_mad,2,2,0
disgustingly_fat,2,2,0
totally_disastrous,2,2,0
massively_shocked,2,2,0
merely_double,2,2,0
so_twisted,2,2,0
merely_bureaucratic,2,2,0
massively_significant,2,2,0
massively_surprised,2,2,0
totally_gratuitous,2,2,0
massively_talented,2,2,0
desperately_serious,2,2,0
marginally_plausible,2,2,0
emotionally_spurious,2,2,0
tremendously_famous,2,2,0
massively_sure,2,2,0
emotionally_successful,2,2,0
mainly_gay,2,2,0
emotionally_stimulating,2,2,0
medically_crazy,2,2,0
merely_dogmatic,2,2,0
too_underground,2,2,0
directly_informed,2,2,0
downright_revolutionary,2,2,0
desperately_original,2,2,0
longer_comparable,2,2,0
merely_loud,2,2,0
emotionally_tired,2,2,0
merely_sharp,2,2,0
so_exalted,2,2,0
downright_resistant,2,2,0
drastically_long,2,2,0
merely_shocking,2,2,0
disgustingly_dirty,2,2,0
entirely_contrived,2,2,0
so_loath,2,2,0
truly_circular,2,2,0
downright_reprehensible,2,2,0
emotionally_tough,2,2,0
desperately_low,2,2,0
distinctly_jewish,2,1,1
so_observable,2,2,0
merely_brutal,2,2,0
desperately_necessary,2,2,0
so_efficacious,2,1,1
merely_sexy,2,2,0
so_iffy,2,2,0
longer_compatible,2,2,0
longer_competent,2,2,0
emotionally_sustainable,2,2,0
merely_shameful,2,2,0
mainly_financial,2,2,0
emotionally_taxing,2,2,0
marginally_safer,2,2,0
merely_lower,2,2,0
medically_ethical,2,2,0
too_uneasy,2,1,1
totally_appetizing,2,2,0
entirely_controversial,2,2,0
merely_lawful,2,2,0
totally_overbearing,2,2,0
enormously_close,2,2,0
truly_inspirational,2,1,1
totally_runny,2,2,0
merely_sorrowful,2,2,0
massively_original,2,2,0
totally_historical,2,2,0
too_unlucky,2,2,0
directly_medical,2,2,0
so_punchy,2,2,0
massively_obvious,2,2,0
markedly_bigger,2,2,0
dreadfully_hot,2,2,0
truly_incendiary,2,2,0
markedly_cheaper,2,2,0
merely_intriguing,2,2,0
entirely_caucasian,2,2,0
entirely_careless,2,2,0
totally_rural,2,2,0
massively_overbearing,2,2,0
totally_chaotic,2,2,0
merely_irregular,2,2,0
traditionally_interactive,2,2,0
massively_overweight,2,2,0
truly_incredible,2,1,1
longer_fit,2,2,0
merely_irritating,2,2,0
totally_same,2,2,0
directly_mathematical,2,2,0
merely_intuitive,2,2,0
totally_overgrown,2,2,0
more_exaggerated,2,2,0
enough_disciplined,2,2,0
entirely_cerebral,2,2,0
dreadfully_dull,2,2,0
dreadfully_expensive,2,2,0
merely_edible,2,2,0
desperately_depressed,2,2,0
totally_hokey,2,2,0
more_answerable,2,2,0
emphatically_enough,2,2,0
merely_intolerable,2,2,0
truly_impactful,2,1,1
merely_special,2,2,0
totally_rude,2,1,1
directly_military,2,2,0
totally_demoralizing,2,2,0
more_evasive,2,2,0
longer_great,2,2,0
entirely_captivating,2,2,0
totally_mediocre,2,2,0
directly_misleading,2,2,0
totally_unhelpful,2,2,0
monumentally_different,2,1,1
truly_impervious,2,2,0
morally_sufficient,2,2,0
more_anti-democratic,2,2,0
emotionally_willing,2,2,0
truly_inactive,2,2,0
merely_bigoted,2,2,0
totally_anti-semitic,2,2,0
so_hyperactive,2,2,0
so_demonic,2,2,0
so_thorny,2,2,0
longer_glossy,2,2,0
more_anti-american,2,1,1
so_nuclear,2,2,0
merely_effective,2,2,0
so_floral,2,2,0
truly_impoverished,2,2,0
disastrously_unworkable,2,2,0
medically_safer,2,2,0
too_unknown,2,2,0
more_conductive,2,1,1
truly_indian,2,2,0
medically_obligatory,2,2,0
entirely_civilized,2,2,0
enough_detailed,2,2,0
so_nutritional,2,2,0
more_exorbitant,2,2,0
massively_practical,2,2,0
truly_inferior,2,2,0
too_unimpressive,2,2,0
merely_laughable,2,2,0
truly_cognizant,2,2,0
merely_bizarre,2,2,0
directly_malicious,2,2,0
downright_psychotic,2,2,0
downright_provincial,2,2,0
downright_enjoyable,2,2,0
so_titillating,2,2,0
entirely_classic,2,2,0
traditionally_intelligent,2,2,0
emotionally_unfit,2,2,0
merely_blank,2,2,0
so_tortured,2,2,0
economically_recyclable,2,2,0
entirely_cogent,2,2,0
downright_adorable,2,2,0
definitely_fond,2,2,0
merely_skilled,2,2,0
merely_slow,2,2,0
so_toothless,2,2,0
too_unimportant,2,2,0
enough_deep,2,2,0
downright_quaint,2,1,1
merely_sloppy,2,2,0
longer_equitable,2,2,0
totally_unfettered,2,2,0
either_willing,2,2,0
longer_fearful,2,2,0
dreadfully_common,2,2,0
enough_developed,2,2,0
enough_different,2,2,0
totally_antisocial,2,2,0
totally_workable,2,2,0
desperately_eager,2,2,0
merely_younger,2,2,0
longer_familiar,2,2,0
medically_problematic,2,2,0
longer_farfetched,2,2,0
longer_fashionable,2,2,0
totally_unforeseen,2,2,0
entirely_cheerful,2,2,0
dreadfully_complicated,2,2,0
definitely_large,2,2,0
downright_predictable,2,2,0
entirely_chuffed,2,2,0
truly_inevitable,2,2,0
merely_large,2,2,0
totally_desirable,2,2,0
tremendously_tough,2,2,0
totally_unfit,2,2,0
definitely_impossible,2,2,0
entirely_civilian,2,2,0
too_uninteresting,2,2,0
so_tipsy,2,2,0
medically_private,2,2,0
downright_preposterous,2,2,0
definitely_indian,2,2,0
disastrously_wrong,2,1,1
distinctly_private,2,2,0
so_livable,2,2,0
totally_sanguine,2,2,0
magically_effective,2,2,0
merely_wicked,2,2,0
entirely_arab,2,2,0
mentally_willing,2,2,0
totally_pristine,2,2,0
more_deviant,2,2,0
more_developed,2,2,0
so_respected,2,2,0
totally_cliched,2,2,0
endlessly_flexible,2,2,0
totally_vulnerable,2,2,0
more_custom,2,1,1
merely_familiar,2,2,0
double_dead,2,2,0
eerily_accurate,2,2,0
longer_willing,2,2,0
more_detached,2,2,0
more_destitute,2,2,0
enough_severe,2,2,0
easily_fatigued,2,2,0
traditionally_male,2,2,0
totally_congenial,2,2,0
more_die-hard,2,2,0
downright_happy,2,1,1
longer_wanted,2,2,0
longer_wary,2,2,0
directly_specific,2,2,0
directly_racial,2,2,0
enough_solid,2,2,0
merely_green,2,2,0
merely_arguable,2,2,0
merely_unreasonable,2,2,0
massively_challenging,2,2,0
endlessly_entertaining,2,2,0
enough_smart,2,2,0
doubly_sinful,2,2,0
merely_grateful,2,2,0
easily_flustered,2,2,0
longer_worth,2,2,0
miserably_poor,2,2,0
more_customary,2,2,0
totally_virtuous,2,2,0
massively_bad,2,2,0
merely_applicable,2,2,0
totally_prevalent,2,2,0
merely_generous,2,2,0
so_stately,2,2,0
so_female,2,2,0
more_derogatory,2,1,1
double_thick,2,2,0
merely_accountable,2,2,0
truly_descriptive,2,2,0
merely_adept,2,2,0
truly_educational,2,2,0
merely_gay,2,2,0
enough_real,2,2,0
double_sure,2,2,0
merely_glib,2,2,0
enough_responsible,2,2,0
enough_secure,2,2,0
endlessly_foolish,2,2,0
more_addicted,2,2,0
truly_embarrassed,2,2,0
enough_horrible,2,2,0
so_snazzy,2,2,0
merely_unseemly,2,2,0
totally_confrontational,2,2,0
truly_eligible,2,2,0
double_stupid,2,2,0
directly_sensitive,2,2,0
enough_reliable,2,2,0
merely_unsound,2,2,0
enough_realistic,2,2,0
enough_sorry,2,2,0
truly_dependable,2,2,0
enough_tough,2,2,0
more_aghast,2,2,0
longer_uneasy,2,2,0
enough_thankful,2,2,0
so_less,2,2,0
truly_delicious,2,2,0
totally_promiscuous,2,2,0
totally_consensual,2,2,0
more_discernible,2,2,0
downright_humorous,2,2,0
deliciously_healthy,2,2,0
so_hairless,2,2,0
merely_heavy,2,2,0
more_acquainted,2,2,0
totally_cliche,2,2,0
totally_invincible,2,2,0
too_visionary,2,2,0
so_fixable,2,2,0
enough_thick,2,2,0
truly_deficient,2,2,0
enough_hard,2,2,0
so_downtrodden,2,2,0
more_discrete,2,2,0
so_streamlined,2,1,1
truly_experimental,2,0,2
mentally_sick,2,2,0
truly_deep,2,2,0
effectively_decorative,2,2,0
demonstrably_harmful,2,2,0
directly_straight,2,2,0
traditionally_receptive,2,2,0
madly_expensive,2,2,0
directly_state-owned,2,2,0
totally_invalid,2,2,0
merely_heroic,2,2,0
easily_downloadable,2,2,0
effectively_available,2,2,0
merely_healthier,2,2,0
merely_gross,2,2,0
totally_warm,2,2,0
eerily_prescient,2,2,0
merely_grotesque,2,2,0
truly_delusional,2,2,0
merely_unprofessional,2,2,0
enough_stable,2,2,0
merely_arrogant,2,2,0
downright_hazardous,2,2,0
easily_expendable,2,2,0
longer_violent,2,2,0
more_digital,2,2,0
merely_faithful,2,2,0
more_actionable,2,1,1
too_voracious,2,2,0
massively_comfortable,2,2,0
more_acrimonious,2,2,0
truly_exact,2,2,0
more_disabled,2,2,0
downright_hot,2,2,0
merely_extremist,2,2,0
merely_harsh,2,2,0
truly_ethnic,2,2,0
merely_factual,2,2,0
so_hawkish,2,2,0
eerily_reminiscent,2,2,0
merely_valid,2,2,0
mentally_troubled,2,2,0
enough_successful,2,2,0
so_haunting,2,2,0
downright_heroic,2,2,0
longer_useable,2,2,0
truly_equitable,2,2,0
massively_available,2,2,0
truly_edible,2,2,0
totally_philosophical,2,2,0
so_regional,2,2,0
truly_disgusting,2,1,1
totally_pleasing,2,2,0
so_digestible,2,2,0
more_defenseless,2,1,1
so_minimum,2,2,0
merely_amicable,2,2,0
totally_likeable,2,2,0
merely_fascinating,2,2,0
educationally_beneficial,2,2,0
more_adrift,2,2,0
merely_flat,2,2,0
endlessly_willing,2,2,0
merely_fiscal,2,2,0
more_adroit,2,2,0
too_zany,2,2,0
enough_mexican,2,2,0
merely_foolhardy,2,2,0
miraculously_free,2,1,1
downright_fun,2,2,0
tremendously_original,2,1,1
directly_scalable,2,2,0
totally_complimentary,2,2,0
totally_complementary,2,2,0
totally_likable,2,2,0
traditionally_orthodox,2,2,0
so_minimalistic,2,2,0
enough_much,2,2,0
enough_muslim,2,2,0
easily_negotiable,2,2,0
merely_urban,2,2,0
merely_ambivalent,2,2,0
so_digital,2,2,0
easily_offended,2,2,0
maddeningly_difficult,2,2,0
merely_figurative,2,2,0
merely_untrue,2,2,0
truly_digital,2,2,0
totally_abrasive,2,2,0
democratically_unacceptable,2,2,0
totally_absolute,2,2,0
directly_revolutionary,2,1,1
merely_female,2,2,0
more_debatable,2,2,0
tremendously_overweight,2,2,0
enough_involved,2,2,0
merely_feeble,2,2,0
enough_less,2,2,0
demographically_diverse,2,2,0
directly_replaceable,2,2,0
lyrically_unique,2,2,0
totally_accidental,2,2,0
so_spanish,2,2,0
enough_lower,2,2,0
merely_unwatchable,2,2,0
truly_discernible,2,2,0
so_repressive,2,2,0
merely_anti-israel,2,2,0
so_miniscule,2,2,0
more_damned,2,2,0
markedly_superior,2,2,0
more_decrepit,2,2,0
so_happier,2,2,0
downright_frustrated,2,2,0
totally_limp,2,2,0
so_minuscule,2,2,0
truly_disabled,2,2,0
energetically_favorable,2,2,0
enduringly_popular,2,2,0
lyrically_impressive,2,2,0
endlessly_resilient,2,2,0
merely_formulaic,2,2,0
so_dictatorial,2,2,0
enough_other,2,2,0
totally_viable,2,2,0
totally_closed,2,2,0
delightfully_sweet,2,2,0
educationally_necessary,2,2,0
educationally_meaningful,2,2,0
enough_overkill,2,2,0
too_wretched,2,2,0
tremendously_old,2,2,0
totally_poor,2,2,0
easily_malleable,2,2,0
more_aesthetic,2,1,1
massively_affluent,2,2,0
directly_relational,2,2,0
ludicrously_wealthy,2,2,0
too_worthwhile,2,2,0
tremendously_pleased,2,2,0
easily_mobile,2,2,0
massively_annoying,2,2,0
educationally_responsible,2,2,0
truly_eco-friendly,2,2,0
so_knowledgable,2,2,0
miserably_deficient,2,2,0
so_squishy,2,2,0
easily_happy,2,2,0
easily_justifiable,2,2,0
enough_positive,2,2,0
totally_lovely,2,2,0
merely_advantageous,2,2,0
economically_weak,2,2,0
totally_legible,2,2,0
so_harder,2,2,0
educationally_qualified,2,2,0
easily_memorable,2,1,1
so_relative,2,2,0
doubly_certain,2,1,1
totally_lifeless,2,2,0
directly_searchable,2,2,0
demonstrably_beneficial,2,2,0
energetically_sensible,2,2,0
energetically_feasible,2,2,0
so_spherical,2,2,0
more_adjustable,2,1,1
too_xenophobic,2,2,0
so_soft-spoken,2,2,0
totally_light,2,1,1
luxuriously_large,2,2,0
enough_interesting,2,2,0
so_speechless,2,2,0
luxuriously_thick,2,2,0
too_younger,2,2,0
merely_fortuitous,2,2,0
merely_alien,2,2,0
merely_affordable,2,2,0
merely_anxious,2,2,0
delightfully_weird,2,2,0
truly_distinct,2,2,0
totally_less,2,2,0
merely_apathetic,2,2,0
luxuriously_comfortable,2,2,0
deliriously_gory,2,2,0
miserably_cheap,2,2,0
totally_libertarian,2,2,0
directly_relative,2,2,0
merely_afraid,2,2,0
merely_african,2,2,0
so_missing,2,2,0
deliriously_pleased,2,2,0
so_figurative,2,2,0
merely_historic,2,2,0
merely_vast,2,2,0
totally_relaxing,2,2,0
truly_german,2,2,0
so_irregular,2,2,0
empirically_sound,2,2,0
totally_individual,2,2,0
longer_respected,2,2,0
magically_captivating,2,1,1
markedly_faster,2,2,0
magically_capable,2,2,0
directly_valuable,2,2,0
moderately_prosperous,2,2,0
totally_unsubstantiated,2,2,0
mentally_feeble,2,2,0
effortlessly_entertaining,2,2,0
merely_undemocratic,2,2,0
downright_fatal,2,2,0
totally_unsuitable,2,2,0
longer_respectable,2,2,0
massively_great,2,1,1
entirely_alright,2,2,0
so_drunken,2,2,0
truly_genetic,2,2,0
directly_predictive,2,2,0
entirely_amateur,2,2,0
easily_squeamish,2,2,0
easily_agitated,2,2,0
merely_imperfect,2,2,0
too_unworthy,2,2,0
more_dusty,2,2,0
massively_happy,2,2,0
massively_greater,2,2,0
merely_unconscionable,2,2,0
so_irreconcilable,2,2,0
longer_religious,2,2,0
so_skewed,2,2,0
moderately_practicable,2,2,0
moderately_positive,2,2,0
more_alcoholic,2,1,1
truly_curious,2,2,0
downright_infuriating,2,2,0
so_such,2,2,0
deliberately_ironic,2,1,1
longer_satisfactory,2,2,0
longer_scared,2,2,0
effortlessly_beautiful,2,2,0
traditionally_southern,2,2,0
easily_aware,2,2,0
deliberately_nasty,2,2,0
mentally_imbalanced,2,2,0
totally_crowded,2,2,0
deliberately_obscure,2,2,0
tremendously_interesting,2,2,0
entirely_affordable,2,2,0
merely_vulgar,2,2,0
more_dreamy,2,1,1
so_sumptuous,2,2,0
more_driven,2,2,0
deliberately_fraudulent,2,1,1
easily_angry,2,2,0
traditionally_supportive,2,2,0
deliberately_humorous,2,2,0
more_due,2,2,0
more_droll,2,2,0
so_drowsy,2,2,0
longer_sacred,2,2,0
effortlessly_consistent,2,2,0
massively_fond,2,2,0
effortlessly_chic,2,2,0
enough_fluid,2,2,0
traditionally_spooky,2,2,0
so_metaphysical,2,2,0
longer_redundant,2,2,0
enough_flexible,2,2,0
massively_convenient,2,2,0
more_earthy,2,2,0
morbidly_afraid,2,2,0
more_cosmic,2,2,0
downright_irrelevant,2,2,0
totally_unselfish,2,2,0
deliberately_deceitful,2,2,0
more_edgy,2,1,1
enough_fine,2,2,0
truly_graphic,2,0,2
totally_allergic,2,2,0
entirely_anti-social,2,2,0
merely_unattractive,2,2,0
entirely_annoying,2,2,0
entirely_annoyed,2,2,0
entirely_angry,2,2,0
traditionally_sympathetic,2,2,0
magically_easier,2,2,0
so_nationalistic,2,2,0
directly_preachy,2,2,0
truly_cooperative,2,2,0
merely_erratic,2,2,0
directly_portable,2,2,0
massively_horny,2,2,0
directly_viewable,2,2,0
totally_unsafe,2,2,0
truly_gripping,2,0,2
totally_regular,2,2,0
totally_passe,2,2,0
longer_practical,2,2,0
more_cooler,2,1,1
minimally_intrusive,2,2,0
mentally_disordered,2,2,0
demonstrably_unfit,2,2,0
easily_tangible,2,2,0
longer_pure,2,2,0
mentally_disturbing,2,2,0
longer_qualified,2,2,0
too_unwilling,2,2,0
truly_crucial,2,2,0
moderately_religious,2,2,0
easily_admired,2,2,0
downright_fantastic,2,2,0
totally_unskilled,2,2,0
more_eastern,2,2,0
merely_impolite,2,2,0
so_superfluous,2,1,1
truly_glamorous,2,1,1
more_counter-intuitive,2,1,1
easily_subdued,2,2,0
entirely_amazing,2,2,0
merely_implicit,2,2,0
merely_welcome,2,2,0
easily_accountable,2,2,0
merely_ethnic,2,2,0
earlier_available,2,2,0
more_easygoing,2,2,0
entirely_angelic,2,2,0
totally_damaging,2,2,0
longer_radical,2,2,0
totally_manageable,2,1,1
earlier_feasible,2,2,0
traditionally_liberal,2,2,0
truly_creepy,2,2,0
totally_reassuring,2,2,0
entirely_analytical,2,2,0
so_heterogeneous,2,2,0
entirely_amoral,2,2,0
entirely_amiss,2,2,0
merely_western,2,2,0
so_superhuman,2,2,0
longer_secret,2,2,0
more_dour,2,2,0
totally_inflexible,2,2,0
totally_critical,2,2,0
deliberately_vicious,2,2,0
traditionally_rich,2,2,0
more_disorganized,2,2,0
traditionally_residential,2,2,0
merely_astounding,2,2,0
merely_unfunny,2,2,0
downright_inappropriate,2,2,0
directly_sympathetic,2,2,0
merely_exemplary,2,2,0
more_dismayed,2,2,0
mentally_qualified,2,2,0
totally_insulting,2,2,0
downright_inaccurate,2,2,0
more_accommodative,2,2,0
merely_humble,2,2,0
demonstrably_racist,2,2,0
totally_weak,2,2,0
totally_untouched,2,2,0
massively_destructive,2,2,0
more_cranky,2,2,0
merely_virtuous,2,2,0
enough_weird,2,2,0
truly_feral,2,2,0
merely_unfit,2,2,0
endlessly_available,2,2,0
merely_unforgettable,2,2,0
divinely_comfortable,2,2,0
easily_comfortable,2,2,0
economically_unstable,2,2,0
more_disposable,2,2,0
easily_conceivable,2,2,0
so_moving,2,1,1
so_gut-wrenching,2,2,0
markedly_greater,2,2,0
too_vertical,2,2,0
easily_shareable,2,2,0
longer_touted,2,2,0
longer_timid,2,2,0
effectively_enough,2,2,0
truly_extinct,2,2,0
tremendously_meaningful,2,2,0
merely_unlikable,2,2,0
enough_true,2,2,0
easily_depressed,2,2,0
totally_wasteful,2,2,0
truly_external,2,1,1
so_stressed,2,2,0
easily_disappointed,2,2,0
truly_explosive,2,2,0
totally_peachy,2,2,0
deliciously_enjoyable,2,2,0
truly_extreme,2,2,0
too_villainous,2,2,0
merely_humanitarian,2,2,0
easily_conducive,2,2,0
truly_cynical,2,2,0
merely_existential,2,2,0
truly_fascinating,2,2,0
merely_unimportant,2,2,0
longer_tentative,2,2,0
deliciously_awful,2,2,0
endlessly_complex,2,2,0
demonstrably_observant,2,2,0
totally_controllable,2,2,0
totally_agnostic,2,2,0
mentally_safe,2,2,0
madly_impressed,2,2,0
merely_viable,2,2,0
madly_happy,2,2,0
so_stronger,2,2,0
so_structured,2,2,0
mentally_perfect,2,1,1
more_coveted,2,2,0
massively_exciting,2,2,0
easily_bent,2,2,0
so_microscopic,2,2,0
so_subordinate,2,2,0
massively_excited,2,2,0
more_diversified,2,2,0
entirely_abysmal,2,2,0
merely_voluntary,2,2,0
totally_wearable,2,2,0
effectively_simple,2,2,0
longer_simple,2,2,0
entirely_above,2,2,0
totally_radical,2,2,0
longer_slender,2,2,0
totally_alarmist,2,2,0
merely_ill-advised,2,2,0
truly_forgiving,2,2,0
massively_familiar,2,2,0
totally_crispy,2,2,0
entirely_aesthetic,2,2,0
longer_secure,2,2,0
more_doomed,2,2,0
entirely_adventurous,2,2,0
more_dominate,2,2,0
longer_sensitive,2,2,0
easily_believable,2,2,0
magically_able,2,2,0
entirely_advantageous,2,2,0
merely_illogical,2,2,0
easily_beatable,2,2,0
enough_genuine,2,2,0
so_mute,2,2,0
easily_black,2,2,0
too_used,2,2,0
directly_transportable,2,2,0
enough_great,2,2,0
deliberately_secretive,2,2,0
mentally_okay,2,2,0
directly_treatable,2,2,0
too_valid,2,1,1
more_crafty,2,2,0
more_cramped,2,2,0
deliberately_sinful,2,2,0
truly_customizable,2,2,0
totally_corny,2,2,0
so_drinkable,2,2,0
effectively_present,2,2,0
merely_excited,2,2,0
moderately_entertaining,2,2,0
too_various,2,2,0
directly_true,2,2,0
easily_clean,2,2,0
totally_untouchable,2,2,0
traditionally_linear,2,2,0
merely_identical,2,2,0
traditionally_sexy,2,2,0
too_utopian,2,2,0
massively_efficient,2,2,0
enough_younger,2,1,1
longer_spontaneous,2,2,0
truly_foolproof,2,2,0
directly_understandable,2,2,0
merely_excellent,2,2,0
merely_visible,2,2,0
enough_gratified,2,2,0
enough_yellow,2,2,0
so_irreversible,2,2,0
totally_airtight,2,2,0
medically_controversial,2,2,0
so_transformational,2,2,0
directly_influential,2,2,0
emotionally_immature,2,2,0
economically_catastrophic,2,2,0
majorly_impressive,2,2,0
logically_satisfying,2,2,0
merely_pure,2,2,0
enormously_influential,2,2,0
totally_blue,2,2,0
majorly_impressed,2,2,0
merely_nutritional,2,2,0
distinctively_male,2,0,2
merely_obnoxious,2,2,0
truly_absent,2,2,0
entirely_engrossing,2,2,0
militarily_enforceable,2,2,0
economically_buoyant,2,2,0
truly_balanced,2,2,0
economically_healthy,2,2,0
merely_punitive,2,2,0
so_imprecise,2,2,0
enormously_interesting,2,2,0
totally_feasible,2,2,0
downright_unpleasant,2,2,0
truly_absolute,2,2,0
majorly_interesting,2,2,0
merely_complete,2,2,0
totally_fearful,2,2,0
truly_monumental,2,1,1
so_unlikeable,2,2,0
so_impregnable,2,2,0
more_cartoonish,2,1,1
developmentally_wrong,2,0,2
truly_moral,2,2,0
more_caustic,2,2,0
merely_purposeful,2,2,0
downright_unfriendly,2,2,0
totally_feral,2,2,0
majorly_exciting,2,1,1
mathematically_capable,2,2,0
merely_notable,2,2,0
more_avoidable,2,2,0
entirely_egalitarian,2,2,0
logistically_complex,2,2,0
so_overdue,2,2,0
more_cavalier,2,2,0
downright_unhealthy,2,2,0
more_celebratory,2,2,0
truly_beholden,2,2,0
majorly_disappointed,2,2,0
enough_bad,2,2,0
deeply_passionate,2,2,0
so_unjustified,2,2,0
logically_unsound,2,1,1
so_decorative,2,2,0
totally_static,2,2,0
merely_novel,2,2,0
more_goofy,2,2,0
enough_armed,2,2,0
totally_stellar,2,2,0
so_inescapable,2,2,0
deeply_observant,2,2,0
morally_mature,2,2,0
logically_sustainable,2,2,0
transparently_hypocritical,2,2,0
mildly_creepy,2,2,0
directly_effective,2,2,0
downright_unlikable,2,2,0
disproportionately_likely,2,2,0
merely_provocative,2,2,0
more_awestruck,2,2,0
totally_stoked,2,2,0
directly_destructive,2,2,0
more_grey,2,1,1
merely_older,2,2,0
truly_attractive,2,2,0
morally_innocent,2,2,0
so_unobtrusive,2,2,0
morally_intolerable,2,2,0
so_employable,2,2,0
mathematically_consistent,2,2,0
devoutly_catholic,2,2,0
directly_didactic,2,2,0
entirely_erroneous,2,2,0
so_rustic,2,2,0
so_pop,2,2,0
emotionally_heavy,2,2,0
disproportionately_severe,2,2,0
so_industrial,2,2,0
logically_open,2,2,0
so_unoccupied,2,2,0
so_ponderous,2,2,0
devoutly_muslim,2,2,0
totally_obnoxious,2,2,0
emotionally_happy,2,2,0
deeply_introspective,2,2,0
eminently_clear,2,2,0
mathematically_feasible,2,2,0
totally_negligent,2,2,0
truly_active,2,2,0
truly_attentive,2,2,0
emotionally_gratifying,2,1,1
mildly_depressed,2,2,0
morally_inexcusable,2,2,0
so_russian,2,2,0
more_greater,2,2,0
economically_correct,2,2,0
so_luscious,2,1,1
merely_delusional,2,2,0
merely_occasional,2,2,0
truly_average,2,1,1
merely_complex,2,2,0
enormously_keen,2,2,0
totally_favorable,2,2,0
so_impressionable,2,2,0
merely_prospective,2,2,0
enough_ambitious,2,1,1
merely_proper,2,2,0
downright_unreasonable,2,2,0
merely_promotional,2,2,0
entirely_enlightening,2,2,0
too_thrifty,2,2,0
militarily_dominant,2,2,0
truly_much,2,2,0
truly_autobiographical,2,2,0
truly_autistic,2,2,0
emotionally_high,2,2,0
meaningfully_higher,2,2,0
dramatically_less,2,2,0
economically_comfortable,2,2,0
downright_unsafe,2,2,0
downright_defensive,2,2,0
merely_complicated,2,2,0
merely_okay,2,2,0
so_inebriated,2,2,0
deeply_lonely,2,2,0
merely_deficient,2,2,0
so_empirical,2,2,0
emotionally_important,2,2,0
truly_miraculous,2,1,1
truly_atrocious,2,2,0
more_cheery,2,2,0
totally_spherical,2,2,0
entirely_dubious,2,2,0
so_potential,2,2,0
merely_neutral,2,2,0
downright_threatening,2,2,0
so_manipulative,2,2,0
transparently_discriminatory,2,2,0
mainly_technical,2,2,0
so_fortuitous,2,2,0
merely_repetitive,2,2,0
truly_measurable,2,2,0
morally_obtuse,2,2,0
deeply_red,2,2,0
so_self-contained,2,2,0
entirely_dysfunctional,2,2,0
morally_deficient,2,2,0
totally_dull,2,2,0
deeply_proud,2,2,0
so_episodic,2,2,0
so_self-confident,2,2,0
totally_attributable,2,2,0
more_genteel,2,2,0
downright_demented,2,1,1
truly_merciful,2,2,0
militarily_formidable,2,2,0
traditionally_ambitious,2,2,0
mainly_urban,2,2,0
truly_biodegradable,2,2,0
more_authoritarian,2,2,0
morally_deplorable,2,2,0
entirely_easier,2,2,0
economically_interesting,2,2,0
distinctively_scottish,2,2,0
truly_abnormal,2,2,0
totally_unattractive,2,2,0
so_self-indulgent,2,2,0
downright_barbaric,2,2,0
too_transcendent,2,0,2
more_fundamentalist,2,2,0
so_infinite,2,2,0
deeply_relaxing,2,2,0
truly_masculine,2,2,0
morally_odious,2,2,0
enormously_happy,2,2,0
logistically_viable,2,2,0
emotionally_naked,2,2,0
devastatingly_funny,2,2,0
deeply_rewarding,2,2,0
so_impeccable,2,2,0
truly_bitter,2,2,0
economically_affordable,2,2,0
totally_due,2,2,0
deeply_reflective,2,1,1
militarily_motivated,2,2,0
downright_diabolical,2,2,0
mechanically_able,2,2,0
economically_irresponsible,2,2,0
truly_mean-spirited,2,2,0
emotionally_intuitive,2,2,0
totally_unattainable,2,2,0
materially_useful,2,2,0
so_elliptical,2,2,0
traditionally_african,2,2,0
more_gaudy,2,2,0
downright_beautiful,2,2,0
embarrassingly_dreadful,2,2,0
so_self-aware,2,2,0
economically_indispensable,2,2,0
downright_toxic,2,2,0
tremendously_comfortable,2,2,0
transparently_frivolous,2,2,0
morally_murky,2,2,0
embarrassingly_parallel,2,2,0
so_unintelligible,2,2,0
so_uninspiring,2,1,1
too_torturous,2,1,1
more_autonomous,2,2,0
disproportionately_harmful,2,2,0
more_automatic,2,2,0
embarrassingly_low,2,2,0
entirely_educational,2,2,0
manifestly_unqualified,2,2,0
militarily_feasible,2,2,0
so_unimpressive,2,2,0
tremendously_close,2,2,0
more_ceremonial,2,2,0
entirely_effortless,2,2,0
merely_ready,2,2,0
more_cerebral,2,1,1
entirely_effusive,2,2,0
morally_meaningful,2,1,1
merely_readable,2,2,0
merely_rational,2,2,0
truly_minimalist,2,2,0
deeply_pigmented,2,2,0
totally_fictitious,2,2,0
deeply_pessimistic,2,2,0
so_gimmicky,2,2,0
truly_minimalistic,2,2,0
more_centralized,2,2,0
totally_typical,2,2,0
more_automated,2,2,0
morally_deserving,2,2,0
entirely_edible,2,2,0
materially_wrong,2,0,2
materially_wealthy,2,2,0
totally_austere,2,2,0
merely_comparable,2,2,0
disproportionately_heavy,2,2,0
manifestly_untrue,2,2,0
merely_compassionate,2,2,0
so_implicit,2,2,0
truly_biblical,2,2,0
dramatically_relevant,2,2,0
totally_unambiguous,2,2,0
morally_deranged,2,1,1
merely_nonsense,2,2,0
downright_unappealing,2,2,0
logistically_plausible,2,2,0
downright_unbelievable,2,2,0
entirely_ecstatic,2,2,0
downright_uncanny,2,2,0
measurably_pragmatic,2,2,0
totally_fixable,2,2,0
merely_red,2,2,0
morally_negligible,2,2,0
developmentally_correct,2,2,0
merely_nonsensical,2,2,0
merely_recognizable,2,2,0
disproportionately_huge,2,2,0
entirely_economical,2,2,0
embarrassingly_inferior,2,2,0
merely_rebellious,2,2,0
manifestly_unsustainable,2,2,0
entirely_creative,2,2,0
meaningfully_democratic,2,2,0
entirely_exemplary,2,2,0
so_disgruntled,2,2,0
more_bereft,2,2,0
more_best,2,2,0
downright_chilly,2,1,1
maybe_more,2,1,1
deeply_forthcoming,2,2,0
totally_binding,2,2,0
truly_obedient,2,2,0
economically_essential,2,2,0
morally_fraught,2,2,0
truly_noteworthy,2,1,1
mildly_irritating,2,2,0
emotionally_accessible,2,2,0
merely_powerful,2,2,0
totally_exhausting,2,2,0
economically_equivalent,2,2,0
more_hassle,2,2,0
directly_complicit,2,2,0
so_malevolent,2,1,1
downright_worried,2,2,0
traditionally_dependent,2,2,0
majorly_talented,2,2,0
deeply_fascinating,2,2,0
so_future,2,2,0
entirely_fluid,2,2,0
enormously_pleased,2,2,0
entirely_flush,2,2,0
emotionally_agile,2,2,0
entirely_focused,2,2,0
deeply_entrenched,2,2,0
mildly_obsessed,2,2,0
maximally_useful,2,2,0
totally_bearish,2,2,0
merely_perfect,2,2,0
maximally_inclusive,2,2,0
economically_dynamic,2,2,0
deeply_harmful,2,2,0
so_patchy,2,2,0
totally_non-existent,2,2,0
logically_acceptable,2,2,0
morally_forbidden,2,2,0
mildly_inappropriate,2,2,0
morally_honest,2,2,0
merely_pedantic,2,2,0
so_payable,2,2,0
emotionally_depressing,2,2,0
mathematically_zero,2,2,0
downright_wealthy,2,1,1
so_pigmented,2,2,0
eminently_sensible,2,2,0
entirely_fitting,2,2,0
maximally_efficient,2,2,0
eminently_successful,2,2,0
totally_enthused,2,2,0
so_unsatisfactory,2,2,0
morally_higher,2,2,0
eminently_tasteless,2,0,2
totally_exhaustive,2,2,0
so_unsatisfied,2,2,0
merely_counterproductive,2,2,0
downright_corny,2,2,0
truly_analogous,2,1,1
downright_chic,2,1,1
merely_perceptive,2,2,0
economically_friendly,2,2,0
locally_true,2,2,0
so_unsavory,2,2,0
economically_fragile,2,2,0
maybe_able,2,2,0
distinctively_australian,2,1,1
directly_adverse,2,2,0
deeply_disappointed,2,2,0
directly_approachable,2,2,0
traditionally_creative,2,2,0
emotionally_brutal,2,2,0
merely_pleasing,2,2,0
totally_erratic,2,2,0
directly_appealing,2,2,0
dramatically_bigger,2,2,0
merely_permissive,2,2,0
totally_symbolic,2,2,0
merely_pliable,2,2,0
more_bipartisan,2,2,0
traditionally_criminal,2,2,0
directly_capable,2,2,0
economically_expedient,2,2,0
deeply_devout,2,2,0
manifestly_contrary,2,2,0
tremendously_accurate,2,2,0
emotionally_beneficial,2,2,0
merely_pleasant,2,2,0
more_blameless,2,1,1
merely_platonic,2,2,0
so_same,2,2,0
truly_alike,2,2,0
entirely_formulaic,2,2,0
merely_playful,2,2,0
totally_erroneous,2,2,0
more_hierarchical,2,2,0
so_fruitless,2,2,0
truly_optimistic,2,2,0
so_untrue,2,2,0
manifestly_contradictory,2,2,0
so_incoherent,2,2,0
manifestly_dangerous,2,2,0
so_unsurprising,2,2,0
enormously_satisfying,2,2,0
downright_confrontational,2,2,0
enormously_significant,2,2,0
entirely_foolhardy,2,2,0
mildly_similar,2,1,1
deeply_emotional,2,2,0
deeply_embarrassed,2,2,0
directly_affected,2,2,0
merely_corporate,2,2,0
distinctively_bad,2,2,0
more_heartless,2,2,0
so_front,2,2,0
deeply_effective,2,2,0
mildly_positive,2,2,0
so_incremental,2,2,0
emotionally_confused,2,2,0
more_bloodless,2,2,0
so_perfunctory,2,2,0
totally_equivalent,2,2,0
totally_theoretical,2,2,0
totally_ethical,2,2,0
more_heavier,2,2,0
locally_native,2,2,0
merely_polite,2,2,0
more_hefty,2,2,0
locally_heavy,2,2,0
totally_benevolent,2,2,0
directly_challenging,2,2,0
merely_pertinent,2,2,0
merely_poignant,2,2,0
so_peripheral,2,2,0
emotionally_different,2,2,0
emotionally_disappointed,2,2,0
totally_blase,2,2,0
truly_asian,2,2,0
mathematically_intensive,2,2,0
totally_elated,2,2,0
more_budget-friendly,2,2,0
downright_vicious,2,2,0
mildly_fun,2,2,0
too_textured,2,2,0
logically_indefensible,2,1,1
more_bureaucratic,2,2,0
totally_totalitarian,2,2,0
meaningfully_comparable,2,2,0
differently_enough,2,2,0
too_thematic,2,2,0
downright_dark,2,2,0
directly_customizable,2,2,0
digitally_aware,2,2,0
too_testy,2,2,0
truly_artificial,2,2,0
downright_brilliant,2,2,0
mildly_humorous,2,2,0
entirely_fascist,2,2,0
economically_destructive,2,2,0
logically_false,2,2,0
mathematically_interesting,2,2,0
more_broadcast,2,1,1
totally_back,2,2,0
so_unproductive,2,2,0
so_scathing,2,1,1
manifestly_incompatible,2,2,0
totally_electric,2,2,0
totally_subordinate,2,2,0
logically_equivalent,2,2,0
more_groundless,2,2,0
morally_inconsequential,2,2,0
so_indecent,2,2,0
merely_operational,2,2,0
morally_egregious,2,2,0
economically_dense,2,2,0
totally_fantastic,2,2,0
enough_alright,2,2,0
merely_optimistic,2,2,0
emotionally_generous,2,2,0
more_bashful,2,2,0
so_indistinguishable,2,2,0
truly_atheist,2,2,0
so_ghastly,2,1,1
distinctively_japanese,2,2,0
downright_untenable,2,2,0
more_businesslike,2,1,1
so_unoriginal,2,2,0
merely_dark,2,2,0
traditionally_easy,2,2,0
so_germane,2,2,0
so_unorthodox,2,2,0
totally_fanciful,2,2,0
economically_depressed,2,2,0
more_grisly,2,2,0
transparently_silly,2,2,0
enough_affordable,2,2,0
traditionally_dystopian,2,2,0
totally_tragic,2,2,0
directly_damaging,2,2,0
mathematically_important,2,2,0
militarily_brilliant,2,2,0
totally_awkward,2,2,0
deeply_insulting,2,2,0
merely_probable,2,2,0
dramatically_good,2,2,0
downright_bullish,2,2,0
majorly_problematic,2,1,1
downright_wasteful,2,2,0
manifestly_false,2,2,0
totally_expensive,2,1,1
deeply_humbled,2,2,0
enough_accurate,2,2,0
totally_nerdy,2,2,0
totally_nostalgic,2,2,0
more_handicapped,2,2,0
so_malignant,2,2,0
merely_particular,2,2,0
totally_tired,2,2,0
maybe_unaware,2,1,1
totally_backward,2,2,0
totally_noticeable,2,2,0
so_disoriented,2,2,0
merely_preferable,2,2,0
merely_passionate,2,2,0
totally_engaging,2,2,0
entirely_fit,2,2,0
merely_current,2,2,0
merely_cruel,2,2,0
morally_flexible,2,2,0
mathematically_savvy,2,2,0
logically_aware,2,2,0
merely_confusing,2,2,0
directly_contiguous,2,2,0
merely_crude,2,2,0
enough_accessible,2,2,0
digitally_ready,2,2,0
so_platonic,2,2,0
totally_enlightening,2,2,0
merely_past,2,2,0
tremendously_aggressive,2,2,0
deeply_inadequate,2,2,0
entirely_firm,2,2,0
mathematically_over,2,2,0
economically_good,2,2,0
distinctively_european,2,2,0
totally_sufficient,2,2,0
so_indigenous,2,2,0
merely_painful,2,2,0
merely_conceivable,2,2,0
totally_numb,2,2,0
mathematically_official,2,2,0
downright_careless,2,2,0
totally_blank,2,2,0
morally_imperative,2,2,0
totally_tolerant,2,2,0
meaningfully_accessible,2,2,0
downright_catastrophic,2,2,0
mathematically_perfect,2,2,0
entirely_final,2,2,0
morally_identical,2,2,0
truly_appreciative,2,2,0
so_indestructible,2,2,0
dramatically_enough,2,2,0
enormously_lower,2,2,0
so_disordered,2,2,0
deeply_informative,2,2,0
entirely_fearless,2,2,0
logically_conclusive,2,2,0
totally_enamored,2,2,0
digitally_mature,2,2,0
totally_external,2,2,0
logically_compelling,2,2,0
totally_enamoured,2,2,0
downright_disastrous,2,2,0
merely_realistic,2,2,0
so_replaceable,2,2,0
massively_worried,2,2,0
economically_meaningful,2,2,0
mechanically_strong,2,2,0
massively_wealthy,2,2,0
deeply_sophisticated,2,2,0
more_fragrant,2,1,1
entirely_discreet,2,2,0
totally_skinny,2,2,0
ecologically_valuable,2,2,0
merely_self-destructive,2,2,0
materially_detrimental,2,2,0
morally_autonomous,2,2,0
long_necessary,2,2,0
long_much,2,2,0
entirely_discrete,2,2,0
more_first,2,2,0
so_presentable,2,2,0
emotionally_related,2,2,0
downright_easy,2,2,0
distinctly_australian,2,1,1
morally_reasonable,2,2,0
enough_conservative,2,2,0
merely_childish,2,2,0
marginally_good,2,2,0
entirely_disconcerting,2,2,0
else_new,2,1,1
militarily_secure,2,2,0
totally_bullish,2,2,0
merely_mindful,2,2,0
entirely_decent,2,2,0
distinctly_creepy,2,2,0
mighty_enough,2,2,0
marginally_effective,2,2,0
emotionally_right,2,2,0
so_unchanged,2,2,0
distinctly_discernible,2,2,0
too_uncertain,2,2,0
long_open,2,2,0
totally_callous,2,2,0
entirely_discernible,2,2,0
entirely_damned,2,2,0
deeply_unfortunate,2,2,0
totally_distinctive,2,2,0
longer_astonished,2,2,0
morally_ready,2,2,0
so_opportune,2,2,0
truly_brutal,2,2,0
tragically_ugly,2,2,0
transparently_accountable,2,2,0
truly_libertarian,2,2,0
merely_charming,2,2,0
mechanically_efficient,2,2,0
more_financial,2,2,0
long_more,2,1,1
entirely_disgusting,2,2,0
entirely_dispassionate,2,2,0
so_erroneous,2,2,0
truly_breathtaking,2,2,0
morally_contemptible,2,2,0
distinctly_enough,2,2,0
downright_sordid,2,2,0
so_preoccupied,2,2,0
too_triumphant,2,2,0
downright_scathing,2,2,0
merely_mundane,2,2,0
totally_misguided,2,2,0
so_unfashionable,2,2,0
ecologically_harmful,2,2,0
totally_smart,2,2,0
totally_old,2,2,0
mainly_physical,2,2,0
truly_bothersome,2,2,0
long_despondent,2,2,0
so_unbalanced,2,2,0
emotionally_shocked,2,2,0
so_electable,2,2,0
truly_mainstream,2,2,0
morally_appalling,2,2,0
totally_mundane,2,2,0
massively_valuable,2,2,0
too_tropical,2,0,2
deeply_significant,2,2,0
deeply_simplistic,2,2,0
more_arresting,2,1,1
morally_confused,2,2,0
more_frazzled,2,2,0
entirely_cyclical,2,2,0
more_freaky,2,0,2
totally_girly,2,2,0
deeply_unjust,2,2,0
more_clingy,2,2,0
so_even-handed,2,2,0
more_filthy,2,2,0
devastatingly_beautiful,2,2,0
emotionally_reckless,2,2,0
entirely_dishonest,2,2,0
merely_disrespectful,2,2,0
so_erudite,2,2,0
enormously_enjoyable,2,2,0
merely_mexican,2,2,0
totally_misinformed,2,2,0
devastatingly_bad,2,2,0
tremendously_enjoyable,2,2,0
deeply_unnatural,2,1,1
merely_chaotic,2,2,0
desperately_urgent,2,2,0
economically_practicable,2,2,0
long_unknown,2,2,0
totally_unconvinced,2,2,0
deeply_tragic,2,2,0
longer_addicted,2,2,0
ecologically_possible,2,2,0
else_available,2,1,1
more_foolhardy,2,2,0
merely_scholarly,2,2,0
merely_certain,2,2,0
downright_sinful,2,2,0
deeply_thematic,2,2,0
more_coarse,2,1,1
deeply_talented,2,2,0
so_uncontroversial,2,2,0
longer_adequate,2,2,0
ecologically_irresponsible,2,2,0
ecologically_relevant,2,2,0
entirely_despondent,2,2,0
merely_rustic,2,2,0
more_foreseeable,2,1,1
so_undemocratic,2,2,0
long_short,2,2,0
so_preventable,2,2,0
more_forgettable,2,1,1
merely_safer,2,2,0
morally_proper,2,2,0
ecologically_safe,2,2,0
entirely_definite,2,2,0
traditionally_academic,2,2,0
merely_satisfying,2,2,0
mainly_military,2,2,0
tremendously_worried,2,2,0
merely_satisfactory,2,2,0
merely_cerebral,2,2,0
entirely_dense,2,2,0
downright_sexy,2,2,0
too_unattainable,2,0,2
long_wet,2,2,0
totally_disposable,2,2,0
so_european,2,2,0
militarily_stronger,2,2,0
entirely_delightful,2,2,0
more_cocky,2,2,0
entirely_delicious,2,2,0
long_viable,2,2,0
directly_historical,2,2,0
so_imaginable,2,2,0
too_ubiquitous,2,2,0
mechanically_skilled,2,2,0
materially_compliant,2,2,0
too_unavailable,2,2,0
totally_shy,2,2,0
truly_linear,2,2,0
more_asinine,2,1,1
tremendously_wild,2,1,1
so_online,2,2,0
entirely_decorative,2,2,0
enough_comprehensive,2,2,0
merely_disappointing,2,2,0
militarily_tough,2,2,0
merely_selective,2,2,0
merely_modest,2,2,0
deeply_stupid,2,2,0
tremendously_worrying,2,2,0
so_uncharacteristic,2,2,0
materially_affluent,2,2,0
more_cloudy,2,2,0
mechanically_likely,2,2,0
truly_calm,2,2,0
enough_competitive,2,2,0
so_pricy,2,2,0
ecologically_representative,2,2,0
so_gratified,2,2,0
tremendously_wrong,2,1,1
else_important,2,2,0
so_understaffed,2,2,0
tragically_wrong,2,2,0
enough_confident,2,2,0
truly_logical,2,2,0
totally_frustrated,2,2,0
distinctly_clear,2,2,0
desperately_willing,2,1,1
else_concerned,2,2,0
merely_misunderstood,2,2,0
traditionally_acceptable,2,2,0
dramatically_visible,2,2,0
truly_canadian,2,2,0
so_illusory,2,2,0
downright_arbitrary,2,2,0
more_artful,2,2,0
so_pragmatic,2,2,0
morally_challenging,2,2,0
more_asleep,2,2,0
truly_lighthearted,2,1,1
merely_modern,2,2,0
determinedly_quirky,2,2,0
more_cloying,2,0,2
desperately_warm,2,2,0
enormously_costly,2,2,0
merely_secondary,2,2,0
deeply_symbolic,2,2,0
deeply_un-american,2,2,0
truly_likeable,2,2,0
totally_frustrating,2,2,0
mechanically_distinct,2,2,0
totally_glad,2,2,0
merely_disheartening,2,2,0
so_unforeseen,2,2,0
so_long-lasting,2,2,0
downright_spoiled,2,2,0
long_available,2,2,0
materially_more,2,2,0
materially_relevant,2,2,0
merely_risk-free,2,2,0
truly_married,2,2,0
more_atypical,2,2,0
defensively_poor,2,2,0
economically_large,2,2,0
merely_naive,2,2,0
materially_productive,2,2,0
long_able,2,2,0
more_combustible,2,2,0
truly_kind,2,2,0
tremendously_excited,2,2,0
materially_possible,2,2,0
merely_meaningful,2,2,0
downright_ecstatic,2,1,1
totally_careless,2,2,0
totally_underground,2,2,0
economically_advanced,2,2,0
so_unaccountable,2,1,1
emotionally_sound,2,2,0
disgustingly_immoral,2,2,0
totally_outdated,2,2,0
more_circumstantial,2,2,0
truly_lasting,2,2,0
morally_decent,2,1,1
downright_amoral,2,2,0
totally_gracious,2,2,0
more_classical,2,2,0
so_right-wing,2,2,0
so_unflattering,2,2,0
longer_believable,2,2,0
truly_male,2,2,0
drastically_enough,2,2,0
massively_unexpected,2,2,0
merely_clear,2,2,0
downright_dominant,2,2,0
medically_complex,2,2,0
merely_clean,2,2,0
merely_nasty,2,2,0
disgustingly_healthy,2,2,0
downright_anti-semitic,2,2,0
so_unharmed,2,2,0
so_mass,2,2,0
downright_superb,2,2,0
long_active,2,2,0
so_defensible,2,2,0
merely_reverent,2,2,0
deeply_satisfied,2,2,0
downright_distressing,2,2,0
so_unannounced,2,2,0
tragically_short,2,2,0
longer_blind,2,2,0
morally_dead,2,2,0
massively_technical,2,2,0
totally_foreseeable,2,2,0
totally_sexy,2,2,0
downright_successful,2,2,0
deeply_sad,2,2,0
directly_illustrative,2,2,0
so_unappreciated,2,2,0
downright_distasteful,2,2,0
electronically_searchable,2,2,0
traditionally_accessible,2,2,0
medically_challenging,2,2,0
downright_stale,2,2,0
mechanically_correct,2,2,0
transparently_desperate,2,2,0
so_unforgivable,2,2,0
morally_dark,2,2,0
so_equivalent,2,2,0
longer_boring,2,2,0
economically_logical,2,2,0
downright_subversive,2,2,0
so_inner,2,2,0
else_suitable,2,0,2
totally_graphic,2,2,0
entirely_creepy,2,2,0
militarily_weaker,2,2,0
entirely_divine,2,2,0
totally_dreadful,2,2,0
emotionally_neutral,2,2,0
entirely_curable,2,2,0
totally_dramatic,2,2,0
medically_active,2,2,0
so_inscrutable,2,2,0
totally_catastrophic,2,2,0
transparently_clear,2,2,0
merely_distasteful,2,2,0
emotionally_okay,2,2,0
enough_comfortable,2,2,0
touchingly_sweet,2,2,0
downright_anxious,2,2,0
dramatically_successful,2,2,0
truly_legal,2,2,0
deeply_set,2,2,0
emotionally_nourishing,2,2,0
disproportionately_black,2,2,0
emotionally_prickly,2,2,0
morally_courageous,2,2,0
so_rousing,2,2,0
merely_clinical,2,2,0
long_defunct,2,2,0
merely_melodramatic,2,2,0
so_unfit,2,2,0
too_uncomplicated,2,2,0
so_electronic,2,2,0
enough_clean,2,2,0
drastically_difficult,2,2,0
more_collegial,2,2,0
directly_exploitable,2,2,0
merely_distant,2,2,0
tremendously_damaging,2,2,0
directly_infectious,2,2,0
downright_scared,2,2,0
downright_dismal,2,2,0
desperately_unlucky,2,2,0
defensively_strong,2,2,0
merely_detailed,2,2,0
too_tremendous,2,1,1
economically_lucrative,2,2,0
so_ergonomic,2,2,0
so_unflappable,2,2,0
unbelievably_cool,1,1,0
traditionally_human,1,1,0
unbearably_precious,1,1,0
then_exclusive,1,1,0
unbelievably_complex,1,1,0
wholly_defenseless,1,1,0
real_stationary,1,1,0
real_likable,1,1,0
then_incumbent,1,1,0
super_fruity,1,1,0
real_liberal,1,1,0
so_flabbergasted,1,1,0
super_discerning,1,1,0
super_harmonious,1,1,0
unbelievably_filthy,1,1,0
super_literary,1,0,1
unbelievably_revolting,1,1,0
super_local,1,1,0
super_doable,1,1,0
real_moist,1,1,0
real_spooky,1,1,0
super_disrespectful,1,1,0
super_good-looking,1,1,0
traditionally_lucrative,1,1,0
real_stable,1,1,0
then_justifiable,1,1,0
real_stiff,1,1,0
real_spicy,1,1,0
super_loyal,1,1,0
super_disciplined,1,1,0
super_disruptive,1,1,0
traditionally_inclusive,1,1,0
traditionally_dull,1,1,0
then_excited,1,1,0
real_mobile,1,1,0
wholly_antithetical,1,1,0
real_stellar,1,1,0
unbearably_sentimental,1,0,1
wholly_communicative,1,1,0
real_legible,1,1,0
then_incredible,1,0,1
super_disturbing,1,0,1
then_essential,1,0,1
super_mind-blowing,1,1,0
then_distant,1,1,0
wholly_disparate,1,1,0
wholly_dismayed,1,1,0
wholly_delusional,1,1,0
super_minimalist,1,1,0
super_goofy,1,1,0
unbearably_seductive,1,1,0
wholly_antiquated,1,1,0
unbelievably_difficult,1,1,0
wholly_demeaning,1,1,0
super_minimal,1,1,0
unbearably_sore,1,1,0
unbelievably_compassionate,1,1,0
real_lacking,1,1,0
then_key,1,1,0
super_fruitful,1,1,0
thematically_provocative,1,1,0
super_dead,1,1,0
thematically_true,1,1,0
wholly_deliberate,1,1,0
real_noticable,1,0,1
wholly_discouraging,1,1,0
super_miserable,1,1,0
real_damaging,1,0,1
wholly_depraved,1,1,0
super_miraculous,1,0,1
unbelievably_dismissive,1,1,0
wholly_discretionary,1,1,0
wholly_delighted,1,1,0
thematically_salient,1,1,0
super_distant,1,1,0
thematically_satisfying,1,1,0
real_lenient,1,1,0
super_gnarly,1,1,0
super_diverse,1,1,0
traditionally_devout,1,1,0
super_deadly,1,1,0
real_minor,1,1,0
unbelievably_delicious,1,1,0
traditionally_hierarchical,1,1,0
super_matte,1,1,0
super_materialistic,1,1,0
super_fuzzy,1,1,0
unbearably_pretentious,1,1,0
wholly_artistic,1,1,0
then_disappointed,1,0,1
super_germane,1,1,0
super_groundbreaking,1,1,0
super_demanding,1,1,0
wholly_dirty,1,1,0
unbelievably_exciting,1,1,0
super_meticulous,1,1,0
real_needless,1,1,0
traditionally_dependant,1,1,0
real_sore,1,1,0
real_sorry,1,1,0
super_grueling,1,1,0
real_neat,1,1,0
unbearably_raw,1,1,0
real_logical,1,1,0
unbelievably_depressing,1,1,0
traditionally_manly,1,1,0
super_manipulative,1,1,0
real_local,1,1,0
traditionally_good-looking,1,1,0
wholly_committed,1,1,0
wholly_authentic,1,1,0
super_meaningless,1,1,0
real_soothing,1,1,0
real_solitary,1,1,0
super_dependable,1,1,0
real_smoky,1,1,0
traditionally_heroic,1,1,0
super_gentle,1,1,0
wholly_attractive,1,1,0
traditionally_difficult,1,1,0
real_snug,1,1,0
super_dependant,1,1,0
traditionally_married,1,1,0
traditionally_german,1,1,0
super_derivative,1,1,0
super_gaudy,1,1,0
thematically_radical,1,1,0
wholly_diabolical,1,1,0
super_deserving,1,1,0
unbelievably_satisfied,1,1,0
real_loyal,1,1,0
unbelievably_sexy,1,1,0
real_soggy,1,1,0
then_efficient,1,1,0
traditionally_healthy,1,1,0
super_desperate,1,1,0
super_meaty,1,1,0
super_groovy,1,1,0
super_democratic,1,1,0
super_methodical,1,1,0
super_destructive,1,1,0
wholly_attentive,1,1,0
then_efficacious,1,1,0
wholly_cohesive,1,1,0
wholly_determined,1,1,0
real_sound,1,1,0
real_speedy,1,1,0
super_fundamentalist,1,1,0
then_inspiring,1,0,1
real_measurable,1,1,0
real_corny,1,1,0
real_single,1,1,0
unbelievably_corny,1,1,0
traditionally_macho,1,1,0
real_speechless,1,1,0
super_gluten-free,1,1,0
wholly_disastrous,1,1,0
then_informational,1,1,0
unbearably_sad,1,1,0
super_lumpy,1,1,0
traditionally_drunk,1,1,0
super_funky,1,1,0
super_grand,1,1,0
then_irrelevant,1,1,0
wholly_disconcerting,1,1,0
then_indirect,1,0,1
real_likeable,1,1,0
real_neutral,1,1,0
super_lukewarm,1,1,0
real_messy,1,1,0
so_asleep,1,1,0
then_equal,1,1,0
real_mexican,1,1,0
real_muscular,1,1,0
real_cuddly,1,1,0
traditionally_dominate,1,1,0
traditionally_gendered,1,1,0
real_creepy,1,1,0
super_militant,1,1,0
real_nasty,1,1,0
unbearably_rich,1,1,0
traditionally_divine,1,1,0
real_specialized,1,0,1
traditionally_dominant,1,1,0
super_grateful,1,1,0
super_detrimental,1,0,1
unbelievably_shitty,1,1,0
real_materialistic,1,1,0
real_needy,1,1,0
real_slim,1,1,0
traditionally_cute,1,1,0
super_mild,1,1,0
wholly_complacent,1,1,0
real_skinny,1,1,0
then_ironic,1,1,0
unbelievably_sad,1,1,0
unbelievably_crowded,1,1,0
wholly_desperate,1,1,0
real_slight,1,1,0
real_mature,1,1,0
super_deliberate,1,1,0
thematically_resonant,1,1,0
real_mean,1,1,0
traditionally_male-dominated,1,1,0
super_magical,1,1,0
unbelievably_different,1,1,0
super_magic,1,1,0
wholly_automatic,1,1,0
wholly_capable,1,1,0
unbearably_spicy,1,1,0
thematically_vague,1,1,0
real_prudent,1,1,0
wholly_continuous,1,1,0
then_content,1,1,0
traditionally_flat,1,1,0
real_psyched,1,1,0
then_cheap,1,1,0
super_intensive,1,0,1
wholly_contemporary,1,1,0
then_contentious,1,0,1
real_hilly,1,1,0
wholly_counter-intuitive,1,1,0
real_perishable,1,1,0
unbelievably_hypocritical,1,1,0
unbelievably_modest,1,1,0
wholly_courageous,1,1,0
real_extreme,1,0,1
real_perfect,1,1,0
unbearably_warm,1,1,0
real_expressive,1,1,0
real_personable,1,1,0
wholly_charming,1,1,0
super_evil,1,1,0
unbelievably_happy,1,1,0
super_insensitive,1,1,0
real_harsh,1,1,0
super_insidious,1,0,1
real_phenomenal,1,1,0
traditionally_kind,1,1,0
wholly_bizarre,1,1,0
super_integral,1,1,0
super_humbling,1,1,0
then_gross,1,1,0
real_fat,1,1,0
real_flamboyant,1,1,0
real_fine,1,1,0
real_prone,1,1,0
real_fierce,1,1,0
real_feasible,1,1,0
unbelievably_addictive,1,1,0
wholly_binary,1,1,0
super_finicky,1,1,0
real_perceptive,1,1,0
real_public,1,1,0
wholly_crazy,1,1,0
so_avoidable,1,1,0
wholly_christian,1,1,0
real_ethical,1,1,0
unbearably_uncomfortable,1,1,0
unbearably_ugly,1,1,0
then_cruel,1,1,0
real_passable,1,1,0
unbelievably_blind,1,1,0
wholly_bereft,1,1,0
super_epic,1,1,0
wholly_biblical,1,1,0
unbelievably_overpriced,1,1,0
real_human,1,1,0
real_humble,1,1,0
real_humid,1,1,0
unbelievably_boring,1,1,0
real_hyped,1,1,0
real_ideal,1,1,0
then_beholden,1,1,0
real_horrible,1,1,0
then_cool,1,1,0
real_experienced,1,1,0
real_pungent,1,1,0
real_exotic,1,1,0
super_interactive,1,1,0
real_historical,1,1,0
wholly_cheery,1,1,0
then_brown,1,1,0
wholly_consuming,1,1,0
real_passive,1,1,0
real_excessive,1,0,1
then_breathtaking,1,0,1
unbelievably_outlandish,1,1,0
unbelievably_blatant,1,1,0
unbearably_vacuous,1,1,0
super_ethical,1,1,0
then_bizarre,1,0,1
traditionally_fond,1,1,0
real_purposeful,1,1,0
super_hospitable,1,1,0
traditionally_large,1,1,0
traditionally_fine,1,1,0
unbelievably_hard,1,1,0
super_humid,1,1,0
traditionally_favourable,1,1,0
then_competent,1,1,0
unbelievably_humid,1,1,0
traditionally_involved,1,1,0
then_foreseeable,1,1,0
real_preachy,1,1,0
real_frugal,1,1,0
super_favorable,1,1,0
real_precious,1,1,0
wholly_captivating,1,1,0
unbelievably_heartbreaking,1,1,0
super_inaccurate,1,1,0
super_inappropriate,1,1,0
traditionally_islamic,1,1,0
wholly_boring,1,1,0
super_inconvenient,1,1,0
real_fragile,1,1,0
real_forthcoming,1,1,0
traditionally_favorable,1,1,0
real_pleasing,1,1,0
then_compulsory,1,1,0
then_comfortable,1,1,0
super_impactful,1,1,0
real_gaudy,1,1,0
then_few,1,1,0
wholly_breathtaking,1,1,0
real_genuine,1,1,0
traditionally_female,1,1,0
wholly_convenient,1,1,0
wholly_controversial,1,1,0
traditionally_feminist,1,1,0
real_polished,1,1,0
real_functional,1,1,0
super_far-fetched,1,1,0
super_impersonal,1,1,0
super_immersive,1,1,0
real_funky,1,1,0
unbelievably_hilarious,1,1,0
super_immature,1,1,0
wholly_controllable,1,1,0
real_pleasurable,1,1,0
unbelievably_bad,1,1,0
wholly_catholic,1,1,0
real_flimsy,1,1,0
then_conscious,1,1,0
real_plausible,1,1,0
super_extreme,1,1,0
then_glamorous,1,0,1
super_expert,1,1,0
so_flavourful,1,1,0
wholly_contrary,1,1,0
super_experienced,1,1,0
wholly_blank,1,1,0
real_hardcore,1,1,0
wholly_ceremonial,1,1,0
super_expansive,1,1,0
unbelievably_hungry,1,1,0
super_excruciating,1,1,0
real_flowery,1,1,0
unbelievably_affordable,1,1,0
super_exclusive,1,1,0
super_exceptional,1,1,0
super_fearful,1,1,0
super_hygienic,1,1,0
super_icy,1,1,0
real_foreign,1,1,0
real_primitive,1,1,0
super_independent,1,1,0
super_fab,1,1,0
real_foreboding,1,1,0
real_pretentious,1,0,1
wholly_bloodless,1,1,0
wholly_blissful,1,1,0
super_eye-catching,1,1,0
traditionally_interwoven,1,1,0
super_favourable,1,1,0
super_individual,1,1,0
real_forceful,1,1,0
real_goofy,1,0,1
super_illuminating,1,1,0
real_greasy,1,1,0
real_private,1,1,0
then_confusing,1,1,0
unbelievably_attractive,1,1,0
real_pro-business,1,1,0
real_rational,1,1,0
unbearably_torturous,1,1,0
wholly_constructive,1,1,0
super_heady,1,1,0
real_disappointed,1,1,0
unbearably_strong,1,1,0
then_illegitimate,1,1,0
wholly_cognitive,1,1,0
super_lavish,1,1,0
then_advisable,1,1,0
real_diligent,1,1,0
then_immune,1,1,0
traditionally_liquid,1,1,0
real_okay,1,1,0
wholly_barren,1,1,0
real_dignified,1,1,0
real_obsessed,1,1,0
real_intricate,1,1,0
super_freaky,1,1,0
real_observant,1,1,0
real_sappy,1,1,0
super_french,1,1,0
real_disciplined,1,1,0
then_honourable,1,1,0
real_inventive,1,1,0
unbelievably_close,1,1,0
unbearably_sunny,1,1,0
real_dominant,1,1,0
traditionally_efficient,1,1,0
then_applicable,1,1,0
super_fragile,1,1,0
super_economical,1,1,0
then_dead,1,1,0
real_intelligent,1,1,0
super_frantic,1,1,0
super_heartfelt,1,1,0
then_deaf,1,1,0
then_apathetic,1,1,0
real_roomy,1,1,0
real_distinct,1,0,1
unbelievably_clueless,1,0,1
then_demonic,1,0,1
super_freakin,1,1,0
real_rosy,1,1,0
wholly_decadent,1,1,0
then_implicit,1,1,0
so_fractious,1,1,0
then_absurd,1,1,0
real_irish,1,1,0
then_adorable,1,0,1
unbelievably_free,1,1,0
then_important,1,1,0
real_selective,1,1,0
then_acceptable,1,1,0
unbelievably_responsive,1,1,0
traditionally_lucky,1,1,0
super_likable,1,1,0
then_desolate,1,1,0
unbearably_steep,1,1,0
traditionally_durable,1,1,0
super_hazardous,1,1,0
traditionally_indian,1,1,0
real_judgmental,1,1,0
super_linear,1,1,0
super_downtrodden,1,1,0
super_harsher,1,1,0
real_scientific,1,1,0
real_definite,1,1,0
super_legal,1,1,0
then_advanced,1,1,0
real_obscure,1,1,0
real_detailed,1,1,0
real_inviting,1,1,0
wholly_decent,1,1,0
real_demanding,1,1,0
wholly_awesome,1,1,0
then_exemplary,1,0,1
real_involved,1,1,0
traditionally_dusty,1,1,0
super_drastic,1,1,0
real_satisfying,1,1,0
unbelievably_realistic,1,1,0
real_scalable,1,1,0
wholly_cognizant,1,1,0
real_delicious,1,1,0
real_scared,1,1,0
wholly_comprehensive,1,1,0
real_definitive,1,1,0
super_forthcoming,1,1,0
super_kind,1,1,0
real_particular,1,1,0
real_impactful,1,1,0
real_enjoyable,1,1,0
unbelievably_frightening,1,1,0
traditionally_enjoyable,1,1,0
real_outrageous,1,1,0
super_enormous,1,1,0
super_enlightened,1,1,0
real_english,1,1,0
then_favourable,1,1,0
super_enjoyable,1,1,0
real_overwhelming,1,1,0
wholly_civilian,1,1,0
real_energetic,1,0,1
so_attributable,1,1,0
super_irish,1,1,0
super_flimsy,1,1,0
real_enamored,1,1,0
unbelievably_catchy,1,1,0
super_engrossing,1,1,0
then_current,1,1,0
then_banal,1,1,0
super_flirty,1,1,0
real_iffy,1,1,0
super_entrenched,1,1,0
unbelievably_funny,1,1,0
real_raunchy,1,1,0
real_parallel,1,1,0
super_homesick,1,1,0
real_panicked,1,1,0
wholly_bent,1,1,0
traditionally_entertaining,1,0,1
real_entertaining,1,1,0
unbelievably_busy,1,1,0
wholly_chronological,1,1,0
then_hard,1,1,0
super_homemade,1,1,0
real_immediate,1,0,1
super_flat,1,1,0
real_red,1,1,0
super_inviting,1,1,0
wholly_cinematic,1,1,0
unbelievably_cheesy,1,1,0
then_cute,1,0,1
then_healthy,1,1,0
super_elated,1,1,0
super_formidable,1,1,0
real_revolutionary,1,0,1
real_rich,1,1,0
super_jewish,1,1,0
real_informative,1,1,0
wholly_congenial,1,1,0
then_averse,1,1,0
then_attractive,1,1,0
wholly_deaf,1,1,0
then_fascinating,1,0,1
super_kid-friendly,1,1,0
real_innovative,1,0,1
wholly_confrontational,1,1,0
real_rigorous,1,1,0
super_effortless,1,1,0
real_robust,1,1,0
real_romantic,1,1,0
real_dry,1,1,0
real_restrictive,1,1,0
real_economical,1,1,0
unbelievably_popular,1,1,0
super_elusive,1,1,0
so_flammable,1,1,0
then_harder,1,1,0
unbelievably_positive,1,1,0
real_reluctant,1,1,0
real_resilient,1,1,0
real_embarrassing,1,0,1
then_favorable,1,1,0
wholly_congruent,1,1,0
super_hierarchical,1,1,0
wholly_dangerous,1,1,0
unbearably_tedious,1,0,1
super_heroic,1,1,0
super_eloquent,1,1,0
super_forceful,1,1,0
real_ineffective,1,1,0
real_elegant,1,1,0
unbelievably_precocious,1,1,0
then_awake,1,1,0
super_earthy,1,1,0
similarly_profitable,1,0,1
real_conventional,1,1,0
ultimately_unknown,1,1,0
superbly_creepy,1,1,0
wholly_political,1,1,0
readily_attractive,1,1,0
wholly_plentiful,1,1,0
wholly_pleasurable,1,1,0
superbly_courteous,1,1,0
superbly_complex,1,1,0
superbly_amazing,1,1,0
super_zealous,1,1,0
that_stuffy,1,1,0
ultimately_unimportant,1,1,0
ultimately_unique,1,1,0
super_yellow,1,1,0
wholly_placid,1,1,0
ultimately_unknowable,1,1,0
superbly_edible,1,1,0
readily_apt,1,1,0
that_structured,1,1,0
superbly_outrageous,1,0,1
superbly_special,1,0,1
superbly_skilled,1,1,0
superbly_same,1,1,0
superbly_reliable,1,1,0
superbly_regal,1,1,0
superbly_refreshing,1,1,0
superbly_intelligent,1,1,0
readily_appealing,1,1,0
ultimately_unhappy,1,1,0
superbly_grand,1,1,0
superbly_gifted,1,1,0
superbly_functional,1,1,0
superbly_fluent,1,1,0
superbly_feminine,1,1,0
super_worth,1,1,0
super_worrisome,1,1,0
superbly_steamy,1,1,0
ultimately_unsuccessful,1,1,0
readily_close,1,1,0
readily_cold,1,1,0
that_succinct,1,1,0
readily_collectable,1,1,0
wholly_partisan,1,1,0
wholly_parochial,1,1,0
readily_commensurate,1,1,0
super_vivid,1,1,0
super_vital,1,1,0
transparently_christian,1,1,0
wholly_painless,1,1,0
super_viral,1,1,0
wholly_pagan,1,1,0
ultimately_visible,1,0,1
ultimately_vulnerable,1,1,0
wholly_passive,1,1,0
transparently_collaborative,1,1,0
wholly_pastoral,1,1,0
super_widespread,1,1,0
wholly_peripheral,1,1,0
ultimately_unsustainable,1,1,0
transparently_deceitful,1,1,0
super_willing,1,1,0
ultimately_valid,1,1,0
readily_broadcast,1,1,0
that_succesful,1,1,0
ultimately_viable,1,1,0
so_erect,1,1,0
readily_characteristic,1,1,0
readily_cheap,1,1,0
transparently_cutesy,1,1,0
super_weak,1,1,0
super_wasteful,1,1,0
wholly_preposterous,1,1,0
superbly_stylish,1,1,0
super_variable,1,1,0
superficially_political,1,1,0
superficially_valid,1,1,0
rationally_motivated,1,1,0
superficially_unpleasant,1,1,0
superficially_slick,1,1,0
wholly_profound,1,1,0
rationally_obtainable,1,1,0
superficially_similar,1,1,0
rationally_persuasive,1,1,0
superficially_serious,1,1,0
superficially_satisfying,1,1,0
superficially_satisfied,1,1,0
superficially_retro,1,0,1
rationally_preferable,1,1,0
ultimately_subordinate,1,1,0
superficially_present,1,1,0
supposedly_able,1,1,0
supposedly_accountable,1,1,0
wholly_prohibitive,1,1,0
supposedly_mediocre,1,1,0
wholly_queer,1,1,0
wholly_protective,1,1,0
supposedly_open,1,1,0
supposedly_official,1,1,0
rationally_ignorant,1,1,0
supposedly_mistaken,1,1,0
supposedly_incompetent,1,1,0
ultimately_stressful,1,1,0
wholly_proper,1,1,0
supposedly_full,1,1,0
supposedly_favourable,1,1,0
supposedly_fake,1,0,1
supposedly_black,1,1,0
ultimately_stable,1,1,0
rationally_present,1,1,0
superficially_plausible,1,1,0
readily_airborne,1,1,0
wholly_professional,1,1,0
superficially_discriminatory,1,1,0
ultimately_unattainable,1,0,1
superficially_creative,1,1,0
ultimately_unexpected,1,1,0
superficially_consistent,1,1,0
superficially_cheap,1,1,0
superficially_bright,1,1,0
readily_actionable,1,1,0
wholly_preventable,1,1,0
readily_active,1,1,0
readily_addictive,1,1,0
superficially_attractive,1,1,0
superbly_talented,1,1,0
superbly_successful,1,1,0
that_stronger,1,1,0
wholly_probable,1,1,0
superficially_effective,1,1,0
superficially_entertaining,1,1,0
superficially_happy,1,1,0
rationally_reasonable,1,1,0
wholly_profane,1,1,0
superficially_interesting,1,1,0
superficially_interested,1,1,0
rationally_responsible,1,1,0
rationally_sensible,1,1,0
rationally_sustainable,1,1,0
ultimately_tragic,1,1,0
superficially_friendly,1,1,0
ultimately_suitable,1,1,0
superficially_expressive,1,1,0
ultimately_traceable,1,1,0
that_strident,1,1,0
readily_abundant,1,1,0
super_verbal,1,1,0
wholly_overwhelming,1,1,0
supposedly_real,1,1,0
super_stringent,1,1,0
wholly_newsworthy,1,1,0
readily_expandable,1,1,0
wholly_neurotic,1,1,0
super_sultry,1,1,0
super_suggestive,1,0,1
so_even,1,1,0
super_sugary,1,1,0
wholly_nefarious,1,1,0
readily_exploitable,1,0,1
super_substantive,1,1,0
readily_extensible,1,1,0
super_substantial,1,1,0
ultra_efficient,1,1,0
ultra_excited,1,1,0
super_stupid,1,1,0
that_temperamental,1,1,0
tragically_unhappy,1,1,0
ultra_detailed,1,1,0
wholly_nonpartisan,1,1,0
that_synonymous,1,1,0
super_tart,1,1,0
super_taller,1,1,0
wholly_normal,1,1,0
ultra_cozy,1,1,0
super_tactical,1,1,0
super_taboo,1,1,0
tragically_upset,1,1,0
super_sympathetic,1,1,0
wholly_non-existent,1,1,0
wholly_nocturnal,1,1,0
super_swollen,1,1,0
super_swift,1,1,0
super_suspenseful,1,1,0
ultra_exciting,1,0,1
super_striking,1,0,1
that_swift,1,1,0
ultra_familiar,1,1,0
wholly_mundane,1,1,0
readily_forgivable,1,1,0
ultra_keen,1,1,0
super_stale,1,1,0
tragically_real,1,1,0
ultra_pigmented,1,1,0
super_squeamish,1,1,0
tragically_poor,1,1,0
that_thirsty,1,1,0
super_spirited,1,1,0
that_thorny,1,1,0
wholly_moral,1,1,0
that_tiresome,1,1,0
ultra_powerful,1,1,0
wholly_monogamous,1,1,0
that_theoretical,1,1,0
ultra_informative,1,1,0
that_testy,1,1,0
wholly_naive,1,1,0
that_terrified,1,1,0
readily_forecast,1,1,0
super_streamlined,1,1,0
tragically_toxic,1,1,0
ultra_favorable,1,1,0
ultra_feminine,1,1,0
ultra_fine,1,1,0
tragically_somber,1,1,0
wholly_mythical,1,1,0
wholly_mystical,1,1,0
ultra_formal,1,1,0
that_terse,1,1,0
wholly_mysterious,1,1,0
tragically_topical,1,1,0
wholly_noticeable,1,1,0
super_tempting,1,1,0
super_utilitarian,1,1,0
readily_disposable,1,1,0
super_unforgiving,1,1,0
super_unfair,1,1,0
wholly_opaque,1,1,0
super_uneasy,1,1,0
wholly_online,1,1,0
wholly_one-dimensional,1,1,0
ultra_aesthetic,1,1,0
super_understandable,1,1,0
super_unconventional,1,1,0
that_supple,1,1,0
wholly_onboard,1,1,0
wholly_old,1,1,0
ultra_bright,1,1,0
super_unattainable,1,0,1
readily_discoverable,1,1,0
readily_critical,1,1,0
wholly_opposite,1,1,0
super_unhappy,1,1,0
wholly_outdated,1,1,0
readily_convenient,1,1,0
super_usual,1,1,0
wholly_outlandish,1,1,0
transparently_certain,1,1,0
transparently_bad,1,1,0
that_sultry,1,1,0
ultimately_wise,1,1,0
readily_convinced,1,1,0
transparently_available,1,1,0
transparently_autobiographical,1,1,0
ultimately_worthwhile,1,1,0
super_upbeat,1,1,0
transparently_artificial,1,1,0
super_unpopular,1,1,0
ultra_bulky,1,1,0
wholly_offensive,1,1,0
that_sweeping,1,1,0
wholly_occasional,1,1,0
ultra_comforting,1,1,0
readily_dramatic,1,1,0
ultra_compatible,1,1,0
readily_eager,1,1,0
super_thrifty,1,1,0
super_threatening,1,1,0
tragically_young,1,1,0
readily_editable,1,1,0
ultra_complex,1,1,0
wholly_obedient,1,1,0
readily_effective,1,1,0
ultra_conducive,1,1,0
super_terse,1,1,0
ultra_cool,1,1,0
super_tense,1,1,0
super_tidy,1,1,0
super_timely,1,1,0
ultra_comfortable,1,1,0
super_trashy,1,1,0
super_true,1,1,0
ultra_careful,1,1,0
readily_distinct,1,1,0
super_tremendous,1,1,0
super_traumatic,1,1,0
wholly_obsolete,1,1,0
super_transparent,1,1,0
wholly_obnoxious,1,1,0
wholly_obscure,1,1,0
ultra_cheap,1,1,0
super_tragic,1,1,0
readily_divisible,1,1,0
ultra_cold,1,1,0
super_touristy,1,0,1
rationally_discoverable,1,1,0
ultimately_social,1,1,0
that_tiring,1,1,0
ultimately_psychological,1,1,0
wholly_subject,1,1,0
sure_difficult,1,1,0
wholly_subdued,1,1,0
wholly_strong,1,1,0
sure_correct,1,1,0
rather_sufficient,1,1,0
rather_suitable,1,1,0
ultimately_profitable,1,1,0
sure_bigger,1,1,0
sure_better,1,1,0
transparently_visible,1,1,0
wholly_strict,1,1,0
ultimately_promotional,1,1,0
sure_alive,1,1,0
that_statistical,1,1,0
rather_subtle,1,1,0
rather_substantial,1,1,0
ultimately_predictable,1,1,0
sure_helpful,1,1,0
ultimately_powerful,1,1,0
sure_incomprehensible,1,1,0
rather_stiff,1,1,0
wholly_superhuman,1,1,0
rather_subdued,1,1,0
wholly_superfluous,1,1,0
sure_harder,1,1,0
sure_early,1,1,0
sure_good,1,1,0
rather_subordinate,1,1,0
sure_glad,1,1,0
sure_full,1,1,0
sure_excited,1,1,0
wholly_submissive,1,1,0
supremely_weird,1,1,0
supremely_walkable,1,1,0
wholly_systematic,1,1,0
wholly_stereotypical,1,1,0
rather_thin,1,1,0
supremely_thick,1,1,0
rather_thrilling,1,1,0
wholly_state-owned,1,1,0
wholly_stale,1,1,0
transparently_suspect,1,1,0
rather_touching,1,1,0
rather_tough,1,1,0
wholly_stable,1,1,0
rather_transparent,1,1,0
rather_trite,1,1,0
rather_ugly,1,1,0
supremely_technical,1,1,0
supremely_sweet,1,1,0
transparently_stupid,1,1,0
supremely_trustworthy,1,1,0
rather_tentative,1,1,0
rather_temporary,1,0,1
rather_sweet,1,1,0
ultimately_random,1,1,0
wholly_steady,1,1,0
supremely_utilitarian,1,1,0
rather_sweeping,1,1,0
supremely_useful,1,1,0
supremely_unrealistic,1,1,0
ultimately_realistic,1,1,0
wholly_static,1,1,0
supremely_unethical,1,1,0
transparently_transactional,1,1,0
ultimately_relatable,1,1,0
rather_tame,1,1,0
rather_tantalizing,1,1,0
rather_tasty,1,1,0
wholly_synthetic,1,1,0
wholly_tangential,1,1,0
wholly_spherical,1,1,0
ultimately_playable,1,1,0
surely_durable,1,1,0
surely_doomed,1,1,0
surely_disappointing,1,1,0
surely_disappointed,1,1,0
wholly_unbearable,1,1,0
wholly_unavailable,1,1,0
surely_cost-effective,1,1,0
wholly_unappealing,1,1,0
surely_constitutional,1,1,0
wholly_unanswered,1,1,0
that_sporty,1,1,0
rather_simplistic,1,1,0
surely_concerned,1,1,0
tremendously_abundant,1,1,0
surely_certain,1,1,0
wholly_uncharacteristic,1,1,0
rather_silly,1,1,0
wholly_uncomfortable,1,1,0
surely_female,1,1,0
surely_necessary,1,1,0
surely_insane,1,1,0
surely_improbable,1,1,0
rather_short,1,1,0
wholly_uncontroversial,1,1,0
surely_fuller,1,1,0
surely_equal,1,1,0
surely_easy,1,1,0
surely_enough,1,1,0
wholly_unconscious,1,1,0
rather_shortsighted,1,1,0
rather_shy,1,1,0
that_sporadic,1,1,0
surely_enduring,1,1,0
rather_singular,1,1,0
surely_beneficial,1,1,0
wholly_tasteful,1,1,0
surely_bad,1,1,0
wholly_trivial,1,1,0
sure_qualified,1,1,0
rather_sneaky,1,1,0
rather_spacious,1,0,1
rather_spurious,1,1,0
sure_much,1,1,0
wholly_thrilled,1,1,0
sure_leaner,1,1,0
rather_square,1,1,0
wholly_threatening,1,1,0
sure_larger,1,1,0
wholly_tenable,1,1,0
sure_interested,1,1,0
rather_stereotypical,1,1,0
wholly_technical,1,1,0
wholly_troublesome,1,1,0
sure_small,1,1,0
ultimately_political,1,1,0
that_spotless,1,1,0
surely_aware,1,1,0
surely_absurd,1,0,1
sure_wrong,1,1,0
ultimately_pleased,1,1,0
ultimately_pleasurable,1,0,1
wholly_unambiguous,1,1,0
ultimately_poignant,1,1,0
transparently_wrong,1,0,1
wholly_ugly,1,1,0
sure_unstructured,1,1,0
sure_tough,1,1,0
sure_surprised,1,1,0
sure_strange,1,1,0
sure_smaller,1,1,0
supremely_successful,1,1,0
supremely_stylish,1,1,0
wholly_quixotic,1,1,0
that_streamlined,1,1,0
supremely_creepy,1,1,0
transparently_laughable,1,1,0
rather_worried,1,1,0
supremely_cozy,1,1,0
supremely_confused,1,1,0
wholly_resonant,1,1,0
wholly_residential,1,1,0
supremely_complete,1,1,0
rather_worse,1,1,0
wholly_repulsive,1,1,0
rather_worth,1,1,0
supremely_competent,1,1,0
supremely_compatible,1,1,0
supremely_compassionate,1,1,0
ultimately_shameful,1,1,0
rather_wider,1,1,0
rather_whiny,1,1,0
rather_whimsical,1,1,0
ultimately_separate,1,1,0
supremely_eloquent,1,1,0
supremely_elegant,1,1,0
wholly_reverent,1,1,0
so_entrepreneurial,1,1,0
wholly_revered,1,1,0
supremely_effective,1,1,0
ultimately_serious,1,0,1
supremely_cruel,1,1,0
rather_violent,1,1,0
that_stout,1,1,0
wholly_revelatory,1,1,0
transparently_manipulative,1,1,0
supremely_cute,1,1,0
wholly_respectable,1,1,0
rather_zealous,1,1,0
supremely_close,1,1,0
supremely_exhilarating,1,1,0
that_stressed,1,1,0
supremely_annoying,1,1,0
wholly_reasonable,1,1,0
supremely_ambitious,1,1,0
rationally_defective,1,1,0
ultimately_skeptical,1,1,0
supremely_active,1,1,0
supposedly_wrong,1,0,1
supposedly_weaker,1,1,0
supposedly_true,1,1,0
wholly_racist,1,1,0
supposedly_tired,1,1,0
supposedly_shy,1,1,0
supposedly_representative,1,0,1
supposedly_relevant,1,1,0
rationally_desirable,1,0,1
rationally_debatable,1,1,0
supremely_arrogant,1,1,0
rationally_coherent,1,1,0
supremely_calming,1,1,0
wholly_relative,1,1,0
ultimately_significant,1,1,0
rationally_arguable,1,1,0
supremely_cheap,1,1,0
wholly_relatable,1,1,0
supremely_casual,1,1,0
wholly_regrettable,1,1,0
transparently_irrelevant,1,1,0
supremely_brilliant,1,1,0
supremely_black,1,1,0
supremely_better,1,1,0
supremely_awful,1,1,0
rationally_aware,1,1,0
rationally_certain,1,1,0
wholly_reversible,1,1,0
wholly_revolutionary,1,1,0
transparently_simple,1,1,0
wholly_shocked,1,1,0
supremely_pleased,1,1,0
supremely_ordinary,1,1,0
supremely_motivated,1,1,0
wholly_singular,1,1,0
supremely_moderate,1,1,0
supremely_mediocre,1,1,0
wholly_simplistic,1,1,0
wholly_simple,1,1,0
transparently_similar,1,1,0
rather_unjustified,1,1,0
supremely_long,1,1,0
ultimately_religious,1,1,0
supremely_jealous,1,1,0
so_buddhist,1,1,0
rather_unpleasant,1,1,0
supremely_polite,1,1,0
ultimately_reliant,1,1,0
supremely_practical,1,1,0
rather_unheard,1,1,0
that_steamy,1,1,0
wholly_specific,1,1,0
supremely_stiff,1,1,0
supremely_sour,1,1,0
that_sterile,1,1,0
wholly_solvable,1,1,0
rather_unimportant,1,1,0
ultimately_relative,1,1,0
rather_universal,1,1,0
supremely_shocked,1,1,0
supremely_sacred,1,1,0
supremely_relevant,1,1,0
rather_unjust,1,1,0
supremely_rational,1,1,0
wholly_shocking,1,1,0
transparently_shallow,1,1,0
rather_vast,1,1,0
wholly_self-sufficient,1,1,0
transparently_political,1,1,0
transparently_measurable,1,1,0
wholly_sad,1,1,0
wholly_rotten,1,1,0
supremely_hungover,1,1,0
wholly_romantic,1,1,0
supremely_honest,1,1,0
supremely_graceful,1,1,0
wholly_righteous,1,1,0
supremely_gorgeous,1,1,0
ultimately_selfish,1,1,0
supremely_fond,1,1,0
supremely_flavorful,1,1,0
supremely_flattering,1,1,0
supremely_fat,1,1,0
that_stoic,1,1,0
so_entire,1,1,0
supremely_impersonal,1,1,0
supremely_intelligible,1,1,0
supremely_intuitive,1,1,0
rather_unsatisfactory,1,1,0
supremely_interesting,1,1,0
transparently_ridiculous,1,1,0
wholly_seamless,1,1,0
wholly_scrupulous,1,1,0
supremely_intelligent,1,1,0
ultimately_secure,1,1,0
wholly_scandalous,1,1,0
supremely_informative,1,1,0
supremely_influential,1,1,0
supremely_impressive,1,1,0
rather_unseemly,1,1,0
wholly_satirical,1,1,0
ultra_quick,1,1,0
wholly_modern,1,1,0
wholly_dispassionate,1,1,0
super_pious,1,1,0
wholly_fortunate,1,1,0
that_wearable,1,1,0
super_plentiful,1,1,0
unbearably_bad,1,1,0
unbearably_beautiful,1,1,0
wholly_forthcoming,1,1,0
real_awesome,1,1,0
that_weighty,1,1,0
unbearably_bitter,1,1,0
traditionally_skilled,1,1,0
that_wholesome,1,1,0
wholly_forlorn,1,1,0
traditionally_sci-fi,1,0,1
that_wicked,1,1,0
that_winded,1,1,0
traditionally_skinny,1,1,0
unbearably_awful,1,1,0
real_astute,1,1,0
that_watchful,1,1,0
super_posh,1,1,0
traditionally_subject,1,1,0
wholly_fruitful,1,1,0
wholly_frivolous,1,1,0
that_wary,1,1,0
unbearably_annoying,1,1,0
that_watery,1,1,0
wholly_fraudulent,1,1,0
real_arrogant,1,1,0
real_artistic,1,1,0
wholly_fresh,1,1,0
traditionally_socialist,1,1,0
super_poisonous,1,1,0
super_poetic,1,1,0
wholly_forgettable,1,1,0
unbearably_brave,1,1,0
wholly_full,1,1,0
that_wistful,1,1,0
wholly_favorable,1,1,0
wholly_fantastic,1,1,0
super_permissive,1,1,0
real_beneficial,1,1,0
that_wretched,1,1,0
unbearably_chunky,1,1,0
unbearably_cliche,1,1,0
real_bitter,1,1,0
super_permanent,1,1,0
that_yellow,1,1,0
real_boisterous,1,1,0
super_perishable,1,1,0
that_youthful,1,1,0
super_perceptive,1,1,0
real_bold,1,1,0
wholly_favourable,1,1,0
super_personable,1,1,0
traditionally_right-wing,1,1,0
real_believable,1,1,0
traditionally_royal,1,1,0
real_beautiful,1,1,0
so_farcical,1,1,0
traditionally_romantic,1,1,0
wholly_flawless,1,1,0
so_beatable,1,1,0
super_petite,1,1,0
so_fascist,1,1,0
super_pessimistic,1,1,0
wholly_flawed,1,1,0
wholly_financial,1,1,0
wholly_figurative,1,1,0
traditionally_rigid,1,1,0
wholly_feminine,1,1,0
unavoidably_unsafe,1,1,0
that_wacky,1,1,0
real_brave,1,1,0
unavoidably_bad,1,1,0
wholly_harmless,1,1,0
that_used,1,1,0
so_biggest,1,1,0
that_utopian,1,1,0
that_variable,1,1,0
that_various,1,1,0
real_alive,1,1,0
real_ambitious,1,1,0
traditionally_transferable,1,1,0
traditionally_trained,1,1,0
traditionally_tough,1,1,0
super_pro,1,1,0
super_privileged,1,1,0
wholly_grey,1,1,0
traditionally_thin,1,1,0
real_aesthetic,1,1,0
real_adventurous,1,1,0
real_advanced,1,1,0
wholly_heartbreaking,1,1,0
wholly_homegrown,1,1,0
wholly_hilarious,1,1,0
real_acidic,1,1,0
wholly_heartless,1,1,0
super_prompt,1,1,0
traditionally_typical,1,1,0
unapologetically_sexist,1,1,0
super_damaging,1,1,0
so_binding,1,1,0
traditionally_true,1,1,0
unashamedly_impersonal,1,1,0
unashamedly_nostalgic,1,1,0
unashamedly_populist,1,1,0
wholly_harmonious,1,1,0
real_amenable,1,1,0
that_venomous,1,1,0
wholly_funny,1,1,0
so_biblical,1,1,0
wholly_global,1,1,0
that_visual,1,1,0
wholly_german,1,1,0
unavoidably_greater,1,1,0
unavoidably_harmonious,1,1,0
real_appetizing,1,1,0
unavoidably_islamic,1,1,0
wholly_gay,1,1,0
unavoidably_legitimate,1,1,0
that_voluminous,1,1,0
unavoidably_necessary,1,1,0
wholly_future,1,1,0
that_voluptuous,1,1,0
unavoidably_right,1,1,0
super_preachy,1,1,0
that_virtuous,1,1,0
wholly_gloomy,1,1,0
super_present,1,1,0
traditionally_synonymous,1,1,0
that_verbal,1,1,0
that_verbose,1,1,0
super_pricy,1,1,0
unavoidably_definitive,1,1,0
so_fairer,1,1,0
real_angry,1,1,0
unavoidably_fascinating,1,1,0
super_presidential,1,1,0
real_antsy,1,1,0
wholly_great,1,1,0
super_prestigious,1,1,0
traditionally_sweet,1,1,0
wholly_grateful,1,1,0
real_apparent,1,1,0
real_bothersome,1,1,0
traditionally_reliable,1,1,0
unapologetically_pro-choice,1,1,0
thematically_impactful,1,1,0
thematically_deep,1,1,0
real_compact,1,1,0
traditionally_populist,1,1,0
super_noteworthy,1,1,0
super_nostalgic,1,1,0
thematically_dense,1,1,0
unbearably_loud,1,1,0
wholly_ecological,1,1,0
thematically_dissimilar,1,1,0
wholly_eastern,1,1,0
traditionally_pleasing,1,1,0
traditionally_perfect,1,1,0
wholly_dubious,1,1,0
wholly_dreadful,1,1,0
wholly_dormant,1,1,0
super_nuanced,1,1,0
super_nutritional,1,1,0
unbearably_intense,1,1,0
thematically_confused,1,1,0
wholly_enlightening,1,1,0
traditionally_pretty,1,1,0
wholly_engrossing,1,1,0
real_colorful,1,1,0
wholly_english,1,1,0
unbearably_humid,1,1,0
real_comforting,1,1,0
thematically_daring,1,1,0
real_committed,1,1,0
traditionally_possible,1,1,0
wholly_encouraging,1,1,0
wholly_empty,1,1,0
super_obese,1,1,0
wholly_efficacious,1,1,0
thematically_explicit,1,1,0
thematically_inappropriate,1,0,1
unbearably_grim,1,1,0
real_complimentary,1,1,0
real_conscious,1,1,0
unbearably_pleased,1,1,0
super_narrative,1,1,0
super_naive,1,1,0
super_mysterious,1,1,0
wholly_dissatisfied,1,1,0
traditionally_mobile,1,1,0
wholly_disruptive,1,1,0
super_muddy,1,1,0
wholly_disproportionate,1,1,0
real_constant,1,1,0
wholly_displeased,1,1,0
super_motivating,1,1,0
thematically_political,1,1,0
thematically_possible,1,1,0
traditionally_muted,1,1,0
wholly_distant,1,1,0
real_congenial,1,1,0
traditionally_ordinary,1,1,0
traditionally_outspoken,1,1,0
thematically_interesting,1,1,0
real_compulsive,1,1,0
thematically_intrusive,1,1,0
traditionally_organic,1,1,0
wholly_dominant,1,1,0
traditionally_observant,1,1,0
thematically_personal,1,1,0
real_conclusive,1,1,0
wholly_distasteful,1,1,0
traditionally_nude,1,1,0
traditionally_normal,1,1,0
super_nationalistic,1,1,0
real_confusing,1,1,0
traditionally_productive,1,1,0
unbearably_frustrating,1,1,0
super_peachy,1,1,0
wholly_exact,1,1,0
real_cautious,1,1,0
wholly_expendable,1,1,0
thats_funny,1,1,0
traditionally_regarded,1,1,0
super_overweight,1,1,0
thats_odd,1,1,0
super_overt,1,1,0
super_overpriced,1,1,0
wholly_excited,1,1,0
thats_stupid,1,1,0
traditionally_racist,1,1,0
unbearably_dark,1,1,0
super_overdue,1,1,0
super_overbearing,1,1,0
thats_worth,1,1,0
so_baroque,1,1,0
thats_fine,1,1,0
wholly_exploitative,1,1,0
super_partisan,1,1,0
traditionally_related,1,1,0
thats_chronic,1,0,1
unbearably_cranky,1,1,0
thats_clever,1,0,1
real_bumpy,1,1,0
wholly_extreme,1,1,0
wholly_external,1,1,0
thats_easy,1,1,0
unbearably_crappy,1,1,0
unbearably_cruel,1,1,0
wholly_extensive,1,1,0
thats_correct,1,1,0
real_caring,1,1,0
super_parallel,1,1,0
wholly_excessive,1,1,0
real_charming,1,1,0
real_cohesive,1,1,0
super_outdated,1,1,0
real_clear-cut,1,1,0
thematically_cogent,1,1,0
super_ominous,1,1,0
unbearably_embarrassing,1,1,0
wholly_erroneous,1,1,0
wholly_equivalent,1,1,0
super_older,1,1,0
traditionally_protectionist,1,1,0
wholly_equitable,1,1,0
super_ok,1,1,0
unbearably_expensive,1,1,0
thematically_cohesive,1,1,0
real_co-operative,1,1,0
traditionally_profitable,1,1,0
super_official,1,0,1
super_onerous,1,1,0
thematically_bankrupt,1,1,0
super_opinionated,1,1,0
real_christian,1,1,0
thats_wrong,1,1,0
thematically_ambiguous,1,1,0
wholly_evident,1,1,0
wholly_eventful,1,1,0
traditionally_punishable,1,1,0
real_choosy,1,1,0
unbearably_disappointed,1,1,0
super_optimal,1,1,0
real_classic,1,1,0
super_organic,1,1,0
super_orange,1,1,0
unbearably_dry,1,1,0
real_classy,1,1,0
unbearably_dull,1,1,0
real_accustomed,1,1,0
traditionally_unpopular,1,1,0
ultra_rare,1,1,0
super_self-conscious,1,1,0
that_uncharted,1,1,0
unabashedly_conservative,1,1,0
super_severe,1,1,0
wholly_invaluable,1,1,0
unabashedly_cool,1,1,0
wholly_invalid,1,1,0
unabashedly_critical,1,1,0
unabashedly_derivative,1,1,0
wholly_intolerant,1,1,0
unabashedly_honest,1,0,1
wholly_intolerable,1,1,0
unabashedly_hypocritical,1,1,0
wholly_internal,1,1,0
unabashedly_liberal,1,1,0
tragically_helpless,1,1,0
unabashedly_commercial,1,1,0
unabashedly_afraid,1,1,0
super_shameless,1,1,0
that_unavailable,1,1,0
tragically_hypocritical,1,1,0
wholly_jewish,1,1,0
wholly_italian,1,1,0
tragically_hip,1,1,0
that_unappealing,1,1,0
ultra_versatile,1,1,0
tragically_high,1,1,0
that_uncharacteristic,1,1,0
that_unbalanced,1,1,0
wholly_irish,1,1,0
that_unbreakable,1,1,0
ultra_vibrant,1,1,0
ultra_violent,1,1,0
ultra_wearable,1,1,0
tragically_gullible,1,1,0
so_existent,1,1,0
readily_poetic,1,1,0
readily_preventable,1,1,0
wholly_injurious,1,1,0
wholly_inherent,1,1,0
wholly_informal,1,1,0
that_unethical,1,1,0
wholly_infallible,1,1,0
so_blond,1,1,0
super_scarce,1,1,0
wholly_inexperienced,1,1,0
readily_related,1,1,0
unabashedly_weird,1,1,0
unacceptably_cruel,1,1,0
wholly_inexcusable,1,1,0
super_scandalous,1,0,1
wholly_inept,1,1,0
wholly_ineffectual,1,1,0
unabashedly_trashy,1,1,0
wholly_innate,1,1,0
that_undesirable,1,1,0
wholly_insensitive,1,1,0
readily_proficient,1,1,0
that_unconnected,1,1,0
super_self-aware,1,1,0
wholly_inspiring,1,1,0
unabashedly_repetitive,1,1,0
that_uncool,1,1,0
that_underpaid,1,1,0
unabashedly_theatrical,1,1,0
wholly_insane,1,1,0
super_secretive,1,1,0
readily_quotable,1,1,0
wholly_innovative,1,1,0
readily_reactive,1,1,0
unabashedly_romantic,1,1,0
ultra_traditional,1,1,0
super_shy,1,1,0
unacceptably_dangerous,1,1,0
ultra_simple,1,1,0
super_sore,1,1,0
tragically_misguided,1,1,0
ultra_safe,1,1,0
readily_impressed,1,1,0
super_somber,1,1,0
that_touristy,1,1,0
ultra_savvy,1,1,0
super_soggy,1,1,0
wholly_mainstream,1,1,0
tragically_malevolent,1,1,0
wholly_magical,1,1,0
ultra_scary,1,1,0
that_tranquil,1,1,0
wholly_mad,1,1,0
ultra_showy,1,1,0
readily_important,1,1,0
readily_immediate,1,1,0
ultra_rich,1,1,0
wholly_melancholy,1,1,0
that_titillating,1,1,0
super_spare,1,1,0
wholly_metaphysical,1,1,0
wholly_metaphorical,1,1,0
tragically_narrow,1,1,0
that_tolerable,1,1,0
wholly_mediocre,1,1,0
super_sorry,1,1,0
that_topical,1,1,0
tragically_mistaken,1,1,0
wholly_mature,1,1,0
wholly_materialistic,1,1,0
wholly_mandatory,1,1,0
tragically_misleading,1,1,0
wholly_lucid,1,1,0
readily_irreplaceable,1,1,0
that_ubiquitous,1,1,0
ultra_skinny,1,1,0
super_skimpy,1,1,0
that_tropical,1,1,0
ultra_stylish,1,1,0
tragically_insensitive,1,1,0
ultra_successful,1,1,0
ultra_sweet,1,1,0
ultra_talented,1,1,0
wholly_legit,1,1,0
wholly_legible,1,1,0
wholly_legal,1,1,0
tragically_inept,1,1,0
super_silly,1,1,0
wholly_laughable,1,1,0
tragically_inconsequential,1,1,0
ultra_tough,1,1,0
so_booming,1,0,1
super_skittish,1,1,0
wholly_libertarian,1,1,0
wholly_literate,1,1,0
readily_liquid,1,1,0
wholly_loveable,1,1,0
readily_manageable,1,1,0
super_smug,1,1,0
wholly_lopsided,1,1,0
that_transferable,1,1,0
super_smelly,1,1,0
ultra_strong,1,1,0
readily_negotiable,1,1,0
ultra_slim,1,1,0
super_slippery,1,1,0
ultra_sophisticated,1,1,0
ultra_spicy,1,1,0
ultra_strict,1,1,0
unacceptably_damaging,1,1,0
unacceptably_huge,1,1,0
unapologetically_outspoken,1,1,0
unapologetically_evil,1,1,0
that_unreachable,1,1,0
unapologetically_blunt,1,1,0
that_unreadable,1,1,0
unapologetically_boisterous,1,1,0
super_rapid,1,1,0
that_unreal,1,1,0
unapologetically_confident,1,0,1
tragically_awful,1,1,0
readily_watchable,1,1,0
wholly_illusory,1,1,0
super_quotable,1,1,0
that_unrecognized,1,1,0
tragically_absurd,1,1,0
that_unreliable,1,1,0
readily_wet,1,1,0
that_unprotected,1,1,0
wholly_impactful,1,1,0
that_unprofessional,1,1,0
super_raw,1,1,0
super_reasonable,1,1,0
wholly_impractical,1,1,0
wholly_impotent,1,1,0
that_unoriginal,1,1,0
unambiguously_worse,1,1,0
unambiguously_wrong,1,1,0
super_raunchy,1,1,0
unapologetically_badass,1,0,1
wholly_impervious,1,1,0
super_rational,1,1,0
wholly_impersonal,1,1,0
that_unprepared,1,1,0
that_unpretentious,1,1,0
wholly_impassable,1,1,0
wholly_illogical,1,1,0
unapologetically_feminine,1,1,0
readily_upper,1,1,0
that_unsightly,1,1,0
unapologetically_leftist,1,1,0
unapologetically_lesbian,1,1,0
traditionally_white,1,1,0
wholly_idealistic,1,1,0
wholly_hyperbolic,1,1,0
wholly_hyperbole,1,1,0
traditionally_western,1,1,0
super_punchy,1,1,0
unapologetically_medieval,1,1,0
super_public,1,1,0
that_unwise,1,1,0
super_provocative,1,1,0
so_biological,1,1,0
that_unworkable,1,1,0
wholly_hopeless,1,1,0
super_punctual,1,1,0
that_untouchable,1,1,0
super_pungent,1,1,0
that_unsound,1,1,0
wholly_illiterate,1,1,0
real_absolute,1,1,0
unapologetically_graphic,1,1,0
wholly_illegitimate,1,1,0
that_unsophisticated,1,1,0
wholly_ill-advised,1,1,0
super_quality,1,1,0
super_pushy,1,1,0
real_accepting,1,1,0
real_accountable,1,1,0
traditionally_worried,1,1,0
that_unstoppable,1,1,0
unapologetically_homosexual,1,1,0
that_unsurprising,1,1,0
unambiguously_visible,1,1,0
unambiguously_victorious,1,1,0
that_unexplored,1,1,0
readily_straightforward,1,1,0
that_unfounded,1,1,0
wholly_indian,1,1,0
super_rosy,1,1,0
wholly_incredible,1,1,0
unambiguously_christian,1,1,0
super_roomy,1,1,0
that_ungrateful,1,1,0
unambiguously_deficient,1,1,0
that_unhinged,1,1,0
tragically_evident,1,1,0
unambiguously_free,1,1,0
super_rigorous,1,1,0
unambiguously_glorious,1,1,0
super_right,1,1,0
wholly_inconvenient,1,1,0
super_rowdy,1,1,0
unambiguously_bright,1,1,0
readily_simple,1,1,0
wholly_indispensable,1,1,0
unacceptably_poor,1,1,0
wholly_inebriated,1,1,0
unacceptably_vulnerable,1,1,0
that_unfeasible,1,1,0
wholly_individual,1,1,0
super_sacred,1,1,0
super_saccharine,1,1,0
unambiguously_benevolent,1,1,0
unambiguously_beneficial,1,1,0
wholly_indiscriminate,1,1,0
readily_self-evident,1,1,0
wholly_indigenous,1,1,0
super_rugged,1,1,0
readily_shareable,1,1,0
that_unimportant,1,1,0
wholly_inconspicuous,1,1,0
so_exploitative,1,1,0
super_revolutionary,1,0,1
wholly_incapable,1,1,0
super_regretful,1,1,0
super_regional,1,1,0
readily_transportable,1,1,0
that_unlikeable,1,1,0
tragically_common,1,1,0
unambiguously_noble,1,1,0
readily_unavailable,1,1,0
unambiguously_pro-choice,1,1,0
tragically_clueless,1,1,0
so_exploitable,1,1,0
super_reflective,1,1,0
unambiguously_sinful,1,1,0
unambiguously_straight,1,1,0
so_blasphemous,1,1,0
wholly_incoherent,1,1,0
tragically_conflicted,1,1,0
tragically_deluded,1,1,0
super_resourceful,1,1,0
super_reverent,1,1,0
super_revelatory,1,1,0
that_uninformed,1,1,0
readily_tangible,1,1,0
super_responsible,1,1,0
super_respectful,1,1,0
super_republican,1,1,0
unambiguously_lower,1,1,0
super_repetitive,1,1,0
that_uninteresting,1,1,0
tragically_easy,1,1,0
unambiguously_liberating,1,1,0
wholly_incompetent,1,1,0
that_unjust,1,1,0
real_stoked,1,1,0
really_atmospheric,1,1,0
then_larger,1,1,0
sufficiently_essential,1,1,0
slightly_wavy,1,1,0
unduly_frustrated,1,1,0
slightly_warmer,1,1,0
really_dreary,1,1,0
there_primary,1,1,0
slightly_warm,1,1,0
sufficiently_established,1,1,0
sufficiently_equitable,1,1,0
there_porous,1,1,0
slightly_vintage,1,1,0
visually_alluring,1,1,0
slightly_vindictive,1,1,0
there_relative,1,1,0
totally_underserved,1,1,0
sufficiently_enlightening,1,1,0
really_drunken,1,1,0
visually_amusing,1,0,1
totally_undesirable,1,1,0
there_outrageous,1,1,0
really_doubtful,1,1,0
sufficiently_eye-catching,1,1,0
sufficiently_extravagant,1,1,0
sufficiently_extraordinary,1,1,0
there_patient,1,1,0
slightly_wet,1,1,0
sufficiently_explosive,1,1,0
sufficiently_exploitative,1,1,0
really_down,1,1,0
unduly_frivolous,1,1,0
unduly_fragmented,1,1,0
sufficiently_expensive,1,1,0
visually_angular,1,1,0
totally_undisciplined,1,1,0
slightly_wealthier,1,1,0
really_draconian,1,1,0
unduly_frightening,1,0,1
sufficiently_enlightened,1,1,0
visually_adept,1,1,0
sufficiently_engaging,1,1,0
really_easiest,1,1,0
unduly_gory,1,1,0
sufficiently_educational,1,1,0
sufficiently_economical,1,1,0
really_dystopian,1,1,0
totally_underrated,1,1,0
unduly_graphic,1,1,0
visibly_visible,1,1,0
really_east,1,1,0
visually_accurate,1,1,0
sufficiently_economic,1,1,0
really_easygoing,1,1,0
really_eccentric,1,1,0
really_eco-friendly,1,1,0
visibly_violent,1,0,1
unduly_grateful,1,1,0
really_ecological,1,1,0
there_simpler,1,1,0
slightly_uptight,1,1,0
visibly_wet,1,1,0
visibly_white,1,1,0
sufficiently_endangered,1,1,0
sufficiently_encouraged,1,1,0
sufficiently_emotional,1,1,0
unduly_frustrating,1,1,0
slightly_viable,1,1,0
sufficiently_embarrassed,1,1,0
really_dusty,1,1,0
so_ill-equipped,1,1,0
visually_abstract,1,1,0
there_scared,1,1,0
sufficiently_egotistical,1,1,0
slightly_useful,1,1,0
slightly_usable,1,1,0
sufficiently_efficacious,1,1,0
visibly_winded,1,1,0
slightly_wetter,1,1,0
sufficiently_famous,1,1,0
unbelievably_silly,1,1,0
there_late,1,1,0
visually_charming,1,1,0
unduly_flippant,1,1,0
sufficiently_friendly,1,1,0
visually_catchy,1,1,0
sufficiently_frequent,1,1,0
visually_capable,1,1,0
sufficiently_forward,1,1,0
sufficiently_fortuitous,1,1,0
sufficiently_frustrated,1,1,0
really_distasteful,1,0,1
sufficiently_formidable,1,1,0
slightly_wobbly,1,1,0
there_light,1,1,0
sufficiently_foolhardy,1,1,0
slightly_wistful,1,1,0
there_live,1,1,0
sufficiently_frightened,1,1,0
really_disruptive,1,1,0
sufficiently_fanatical,1,1,0
sufficiently_furious,1,1,0
really_disillusioned,1,1,0
sufficiently_geeky,1,1,0
there_lacking,1,1,0
visually_cohesive,1,1,0
really_disjointed,1,1,0
sufficiently_galling,1,1,0
visually_cluttered,1,1,0
visually_close,1,1,0
really_disrespectful,1,1,0
really_dismissive,1,1,0
sufficiently_functional,1,1,0
slightly_wonky,1,0,1
sufficiently_fulfilling,1,1,0
visually_cinematic,1,0,1
sufficiently_frustrating,1,1,0
really_disparate,1,1,0
visually_brash,1,1,0
slightly_wiser,1,1,0
slightly_windy,1,1,0
totally_unemployed,1,1,0
really_divisive,1,1,0
sufficiently_festive,1,1,0
slightly_wild,1,1,0
there_new,1,1,0
sufficiently_fearful,1,1,0
visually_astonishing,1,1,0
visually_assertive,1,1,0
really_dogmatic,1,1,0
visually_bold,1,1,0
visually_artistic,1,1,0
slightly_widespread,1,1,0
visually_arousing,1,1,0
there_other,1,1,0
really_dope,1,1,0
sufficiently_fascinating,1,1,0
visually_apt,1,1,0
there_lower,1,1,0
visually_aware,1,1,0
slightly_willing,1,1,0
visually_awful,1,1,0
visually_blind,1,1,0
sufficiently_flavourful,1,1,0
slightly_winded,1,1,0
visually_blatant,1,1,0
visually_bigger,1,1,0
visually_big,1,1,0
sufficiently_flattering,1,1,0
sufficiently_flat,1,1,0
there_lovely,1,1,0
really_distressed,1,1,0
visually_believable,1,1,0
really_distressing,1,1,0
sufficiently_fit,1,1,0
visually_bad,1,1,0
sufficiently_fine,1,1,0
visibly_uptight,1,1,0
visibly_upfront,1,1,0
so_illegitimate,1,1,0
really_erroneous,1,1,0
visibly_religious,1,1,0
there_worth,1,1,0
thereby_blind,1,1,0
visibly_reasonable,1,1,0
visibly_queer,1,1,0
sufficiently_demonstrative,1,1,0
really_erratic,1,1,0
really_esoteric,1,1,0
sufficiently_depressed,1,1,0
sufficiently_deliberate,1,1,0
sufficiently_degrading,1,1,0
sufficiently_deft,1,1,0
thereby_depressed,1,1,0
sufficiently_deficient,1,1,0
visibly_political,1,1,0
visibly_passionate,1,1,0
visibly_responsible,1,1,0
really_enviable,1,1,0
visibly_unnerved,1,1,0
really_enlightening,1,1,0
there_undetected,1,1,0
so_illustrative,1,1,0
there_unfettered,1,1,0
there_white,1,1,0
sufficiently_devastating,1,1,0
visibly_secure,1,1,0
really_engrossing,1,1,0
really_enormous,1,1,0
visibly_rough,1,1,0
there_wider,1,1,0
totally_uncontrollable,1,1,0
visibly_savage,1,1,0
totally_unconstitutional,1,1,0
there_worried,1,1,0
sufficiently_derogatory,1,1,0
unduly_humble,1,0,1
visibly_open,1,1,0
slightly_unique,1,1,0
thereby_difficult,1,1,0
sufficiently_cost-effective,1,1,0
sufficiently_crazy,1,1,0
unduly_impatient,1,1,0
really_excruciating,1,1,0
really_exemplary,1,1,0
sufficiently_covert,1,1,0
unduly_inhumane,1,1,0
thereby_liable,1,1,0
visibly_manifest,1,1,0
visibly_obnoxious,1,1,0
really_exhilarating,1,1,0
visibly_male,1,1,0
visibly_loose,1,1,0
visibly_jealous,1,1,0
totally_uncompromising,1,1,0
really_existential,1,1,0
really_exorbitant,1,1,0
thereby_illuminating,1,1,0
sufficiently_creditable,1,1,0
slightly_unhealthy,1,1,0
totally_unconcerned,1,1,0
visibly_obese,1,1,0
sufficiently_decent,1,1,0
sufficiently_debatable,1,1,0
sufficiently_dazzling,1,1,0
sufficiently_daunting,1,1,0
unduly_idealistic,1,1,0
slightly_unimpressive,1,1,0
thereby_disabled,1,1,0
slightly_unhinged,1,1,0
really_excessive,1,1,0
sufficiently_damning,1,1,0
totally_unconditional,1,1,0
sufficiently_current,1,1,0
sufficiently_crunchy,1,1,0
sufficiently_cruel,1,1,0
slightly_unprepared,1,1,0
totally_unconvincing,1,1,0
really_endemic,1,1,0
visibly_true,1,1,0
really_egalitarian,1,1,0
sufficiently_drowsy,1,1,0
really_egotistical,1,1,0
sufficiently_drastic,1,1,0
really_egregious,1,0,1
really_elaborate,1,0,1
really_electable,1,1,0
there_sure,1,1,0
unduly_greedy,1,1,0
really_electronic,1,1,0
sufficiently_draconian,1,1,0
sufficiently_downtrodden,1,1,0
really_elemental,1,1,0
sufficiently_doubtful,1,1,0
really_elementary,1,1,0
visibly_transgender,1,1,0
sufficiently_drunk,1,1,0
there_subtle,1,1,0
there_specific,1,1,0
really_effusive,1,1,0
visibly_unhealthy,1,1,0
sufficiently_earthy,1,1,0
really_edifying,1,1,0
sufficiently_earnest,1,1,0
really_editable,1,1,0
really_educated,1,1,0
sufficiently_early,1,1,0
really_eerie,1,1,0
visibly_unhappy,1,1,0
there_slender,1,1,0
unduly_great,1,1,0
sufficiently_dysfunctional,1,1,0
really_efficacious,1,1,0
visibly_unfriendly,1,1,0
so_illicit,1,1,0
sufficiently_dominant,1,1,0
really_eloquent,1,1,0
visibly_significant,1,1,0
visibly_slower,1,1,0
there_underway,1,1,0
slightly_unstable,1,1,0
sufficiently_dissimilar,1,1,0
sufficiently_dissatisfied,1,1,0
visibly_smaller,1,1,0
sufficiently_disruptive,1,1,0
totally_underdeveloped,1,1,0
unduly_heady,1,1,0
visibly_touristy,1,1,0
really_enamoured,1,1,0
totally_undemocratic,1,1,0
really_enchanting,1,1,0
really_encouraged,1,1,0
visibly_sloppy,1,0,1
sufficiently_discouraging,1,1,0
sufficiently_disciplined,1,1,0
sufficiently_distinguishable,1,1,0
sufficiently_distinguished,1,1,0
visibly_special,1,0,1
really_empirical,1,1,0
sufficiently_dogmatic,1,1,0
sufficiently_docile,1,1,0
sufficiently_divisive,1,1,0
sufficiently_divine,1,0,1
sufficiently_diversified,1,1,0
sufficiently_disturbed,1,1,0
sufficiently_distressing,1,1,0
visibly_stunning,1,1,0
visibly_strident,1,1,0
visibly_spotless,1,1,0
really_emblematic,1,1,0
sufficiently_distracting,1,1,0
really_empathetic,1,1,0
really_empathic,1,1,0
unduly_gruesome,1,1,0
sufficiently_gentle,1,1,0
sufficiently_gimmicky,1,1,0
sufficiently_girly,1,1,0
really_decadent,1,1,0
really_dear,1,1,0
sufficiently_intricate,1,1,0
sufficiently_intoxicated,1,1,0
visually_inoffensive,1,0,1
theoretically_predictable,1,1,0
visually_innovative,1,1,0
visually_innocent,1,1,0
visually_inclined,1,1,0
totally_unnatural,1,1,0
really_decent,1,1,0
visually_impoverished,1,1,0
visually_important,1,1,0
really_decrepit,1,1,0
sufficiently_intolerant,1,1,0
unduly_didactic,1,1,0
so_acclaimed,1,1,0
visually_intensive,1,1,0
sufficiently_inventive,1,1,0
theoretically_successful,1,1,0
really_data-driven,1,1,0
sufficiently_knowledgable,1,1,0
visually_less,1,1,0
visually_legible,1,1,0
visually_kinetic,1,1,0
visually_jaw-dropping,1,1,0
really_darn,1,1,0
sufficiently_kind,1,1,0
really_daunting,1,1,0
sufficiently_irresponsible,1,1,0
theoretically_perfect,1,1,0
sufficiently_joyful,1,1,0
sufficiently_jarring,1,1,0
totally_unnoticeable,1,1,0
sufficiently_irritating,1,1,0
unduly_despondent,1,1,0
unduly_destructive,1,1,0
visually_immersive,1,1,0
really_defenseless,1,1,0
unduly_diligent,1,1,0
sufficiently_inspirational,1,1,0
unduly_discouraging,1,1,0
visually_heavy,1,1,0
theoretically_secure,1,1,0
visually_gruesome,1,0,1
totally_unionized,1,1,0
visually_gross,1,1,0
unduly_dismayed,1,1,0
theoretically_skilled,1,1,0
totally_unlikeable,1,1,0
theoretically_sophisticated,1,1,0
unduly_dispiriting,1,1,0
sufficiently_insightful,1,1,0
really_deluded,1,1,0
sufficiently_insane,1,1,0
totally_unintentional,1,1,0
theoretically_strong,1,1,0
theoretically_savvy,1,1,0
visually_helpful,1,1,0
really_deleterious,1,1,0
visually_homely,1,1,0
really_defiant,1,1,0
visually_identifiable,1,1,0
really_deficient,1,1,0
theoretically_professional,1,1,0
sufficiently_interactive,1,1,0
visually_ideal,1,1,0
sufficiently_intentional,1,1,0
visually_horrifying,1,1,0
theoretically_questionable,1,1,0
totally_unjust,1,1,0
so_abused,1,1,0
really_defunct,1,1,0
really_degrading,1,1,0
really_dehydrated,1,1,0
sufficiently_integrated,1,1,0
unduly_depressing,1,1,0
theoretically_open,1,1,0
theoretically_naive,1,1,0
really_curvy,1,1,0
sufficiently_lucky,1,1,0
visually_passionate,1,1,0
sufficiently_lucid,1,1,0
theoretically_good,1,1,0
visually_overpowering,1,1,0
unduly_contrived,1,1,0
visually_outstanding,1,1,0
visually_outrageous,1,1,0
unduly_damaged,1,1,0
theoretically_hopeless,1,1,0
visually_other,1,0,1
theoretically_implausible,1,1,0
sufficiently_long-lived,1,1,0
sufficiently_local,1,1,0
totally_unprofessional,1,1,0
so_addicting,1,1,0
really_cumbersome,1,1,0
unduly_confused,1,1,0
sufficiently_lush,1,1,0
visually_physical,1,1,0
theoretically_foundational,1,1,0
visually_realistic,1,1,0
sufficiently_magical,1,1,0
visually_progressive,1,1,0
visually_presentable,1,1,0
sufficiently_magic,1,1,0
unduly_common,1,1,0
visually_practical,1,1,0
unduly_confrontational,1,1,0
visually_pleasurable,1,1,0
sufficiently_macho,1,1,0
theoretically_futile,1,1,0
totally_unrecognized,1,1,0
visually_pleased,1,1,0
totally_unrecognizable,1,1,0
sufficiently_lit,1,1,0
unduly_damaging,1,1,0
visually_loud,1,1,0
really_damning,1,0,1
totally_unpopular,1,1,0
theoretically_knowledgeable,1,1,0
really_damn,1,1,0
unduly_deceptive,1,1,0
sufficiently_lasting,1,1,0
unduly_demanding,1,1,0
visually_manifest,1,1,0
totally_unplanned,1,1,0
totally_unpretentious,1,1,0
visually_magical,1,1,0
totally_unpalatable,1,1,0
visually_lower,1,1,0
theoretically_likely,1,1,0
theoretically_moreso,1,1,0
totally_unpaid,1,1,0
visually_lovely,1,1,0
sufficiently_late,1,1,0
theoretically_justifiable,1,1,0
sufficiently_laughable,1,1,0
really_daily,1,1,0
theoretically_indefensible,1,1,0
unduly_dangerous,1,1,0
visually_obtrusive,1,1,0
visually_notable,1,1,0
sufficiently_lifelike,1,1,0
sufficiently_libertarian,1,1,0
theoretically_insurmountable,1,1,0
visually_minded,1,1,0
theoretically_interested,1,1,0
really_cyclical,1,1,0
sufficiently_lethal,1,1,0
sufficiently_left-wing,1,1,0
visually_mesmerizing,1,1,0
sufficiently_lean,1,1,0
visually_menacing,1,1,0
totally_uninhabited,1,1,0
visually_gorgeous,1,1,0
visually_comparable,1,1,0
visually_dense,1,1,0
sufficiently_horrible,1,0,1
visually_detailed,1,1,0
sufficiently_hopeless,1,1,0
slyly_symbolic,1,1,0
slyly_subversive,1,1,0
there_fantastic,1,1,0
visually_descriptive,1,1,0
sufficiently_holistic,1,1,0
sufficiently_horrific,1,1,0
sufficiently_historical,1,1,0
sufficiently_hispanic,1,1,0
visually_delightful,1,1,0
visually_deleterious,1,1,0
visually_daring,1,1,0
visually_cute,1,1,0
visually_criminal,1,1,0
visually_difficult,1,1,0
visually_discreet,1,1,0
visually_good,1,1,0
visually_diverse,1,1,0
visually_dry,1,1,0
unduly_emotional,1,1,0
unduly_endangered,1,1,0
visually_drab,1,1,0
sufficiently_humorous,1,1,0
so_hypnotic,1,1,0
sufficiently_humiliating,1,1,0
visually_disturbing,1,1,0
sufficiently_horrified,1,1,0
sufficiently_humbled,1,1,0
unduly_enthusiastic,1,1,0
unduly_exacting,1,1,0
unduly_excitable,1,1,0
sufficiently_hospitable,1,1,0
visually_disorienting,1,1,0
really_dim,1,1,0
slyly_comic,1,1,0
there_faster,1,1,0
there_first,1,1,0
visually_compassionate,1,1,0
sufficiently_hard-hitting,1,1,0
there_indigenous,1,1,0
totally_unfazed,1,1,0
sufficiently_gripping,1,1,0
totally_unfathomable,1,1,0
sufficiently_greater,1,1,0
there_inevitable,1,1,0
there_instantaneous,1,1,0
there_free,1,1,0
there_interested,1,1,0
sufficiently_graphic,1,1,0
there_interesting,1,1,0
unduly_familiar,1,1,0
really_disheartened,1,1,0
unduly_fanciful,1,1,0
there_japanese,1,1,0
sufficiently_hardcore,1,1,0
sufficiently_hardy,1,1,0
slowly_better,1,1,0
visually_complimentary,1,1,0
totally_unflattering,1,1,0
there_full-time,1,1,0
visually_crazy,1,0,1
visually_cool,1,1,0
visually_conversant,1,1,0
visually_conspicuous,1,1,0
sufficiently_heartless,1,1,0
there_gorgeous,1,1,0
really_disciplined,1,1,0
sufficiently_heartfelt,1,1,0
there_greater,1,1,0
sufficiently_hawkish,1,1,0
there_high,1,1,0
visually_comprehensive,1,1,0
unduly_expansive,1,1,0
totally_unfortunate,1,1,0
visually_dull,1,1,0
unduly_embarrassed,1,0,1
theoretically_useful,1,1,0
sufficiently_individualistic,1,1,0
visually_fascinating,1,1,0
sufficiently_individual,1,1,0
visually_fantastic,1,1,0
visually_fancy,1,0,1
sufficiently_indigenous,1,1,0
really_derogatory,1,1,0
sufficiently_indicative,1,1,0
there_absent,1,1,0
visually_familiar,1,1,0
unduly_distracting,1,1,0
so_absorbing,1,1,0
sufficiently_incredible,1,1,0
visually_extravagant,1,1,0
so_hungover,1,1,0
sufficiently_inconsistent,1,1,0
sufficiently_indulgent,1,1,0
visually_festive,1,1,0
visually_flashy,1,1,0
theoretically_unified,1,1,0
visually_funnier,1,1,0
sufficiently_inquisitive,1,1,0
totally_unimpressive,1,1,0
sufficiently_injured,1,1,0
visually_fresh,1,0,1
visually_flexible,1,1,0
sufficiently_inhuman,1,1,0
theoretically_superior,1,1,0
theoretically_trivial,1,1,0
theoretically_true,1,1,0
visually_flat,1,1,0
theoretically_unbreakable,1,1,0
sufficiently_inexpensive,1,1,0
really_depraved,1,1,0
unduly_dissatisfied,1,1,0
visually_explosive,1,1,0
really_destitute,1,1,0
there_desperate,1,1,0
visually_elegant,1,1,0
so_hybrid,1,1,0
sufficiently_illegal,1,0,1
sufficiently_ignorant,1,1,0
so_hydrated,1,1,0
sufficiently_idiotic,1,1,0
sufficiently_identifiable,1,1,0
visually_eloquent,1,1,0
totally_unharmed,1,1,0
sufficiently_incompetent,1,1,0
sufficiently_hypocritical,1,1,0
there_critical,1,1,0
visually_elaborate,1,1,0
totally_ungrateful,1,1,0
really_didactic,1,1,0
visually_effective,1,1,0
visually_easier,1,1,0
sufficiently_immediate,1,1,0
sufficiently_immoral,1,1,0
sufficiently_immune,1,1,0
sufficiently_imperative,1,1,0
unduly_distressed,1,1,0
there_beautiful,1,1,0
totally_unhinged,1,1,0
visually_experimental,1,1,0
visually_expansive,1,1,0
visually_exotic,1,1,0
visually_exhilarating,1,1,0
sufficiently_inaccurate,1,1,0
unduly_dry,1,1,0
really_determined,1,1,0
there_black,1,1,0
really_deterministic,1,1,0
unduly_eccentric,1,1,0
there_concerned,1,1,0
visually_enjoyable,1,1,0
thereby_proud,1,1,0
visibly_involved,1,1,0
really_expandable,1,1,0
really_idiosyncratic,1,1,0
really_idealistic,1,1,0
virtually_taboo,1,1,0
unduly_shocking,1,1,0
virtually_stationary,1,1,0
therefore_harmful,1,0,1
totally_toothless,1,1,0
virtually_soft,1,1,0
suddenly_obsolete,1,1,0
really_icy,1,1,0
really_iffy,1,0,1
suddenly_obsessed,1,1,0
virtually_similar,1,1,0
therefore_hasty,1,1,0
unduly_shy,1,1,0
unduly_significant,1,1,0
therefore_healthy,1,1,0
unduly_shallow,1,1,0
really_iconic,1,1,0
really_impolite,1,1,0
suddenly_outraged,1,1,0
virtually_ubiquitous,1,1,0
suddenly_present,1,1,0
suddenly_potent,1,1,0
therefore_good,1,1,0
suddenly_possible,1,1,0
suddenly_perfect,1,1,0
really_hyperactive,1,1,0
slightly_stressful,1,1,0
really_icky,1,1,0
really_hyperbolic,1,1,0
really_hypocritical,1,1,0
suddenly_okay,1,1,0
suddenly_ok,1,1,0
virtually_true,1,1,0
unduly_sentimental,1,1,0
really_hysterical,1,1,0
suddenly_new,1,1,0
suddenly_moody,1,1,0
suddenly_marketable,1,1,0
unduly_slow,1,1,0
therefore_heavy,1,1,0
virtually_obvious,1,1,0
suddenly_impossible,1,1,0
suddenly_important,1,1,0
unduly_slippery,1,1,0
therefore_helpful,1,1,0
suddenly_immune,1,1,0
suddenly_hip,1,1,0
suddenly_likely,1,1,0
suddenly_healthy,1,1,0
suddenly_glad,1,1,0
unduly_small,1,1,0
therefore_hostile,1,1,0
suddenly_full,1,1,0
unduly_solicitous,1,1,0
therefore_huge,1,1,0
unduly_slender,1,1,0
slightly_stereotypical,1,1,0
that_armed,1,1,0
virtually_over,1,1,0
suddenly_legal,1,1,0
virtually_satisfactory,1,1,0
really_illusory,1,1,0
suddenly_leery,1,1,0
unduly_skeptical,1,1,0
virtually_paranoid,1,1,0
virtually_palpable,1,1,0
slightly_stingy,1,1,0
really_immaterial,1,1,0
really_immature,1,1,0
suddenly_infallible,1,1,0
virtually_painless,1,1,0
really_immense,1,1,0
suddenly_indicative,1,1,0
virtually_pain-free,1,1,0
therefore_genuine,1,1,0
suddenly_pretentious,1,1,0
virtually_unattainable,1,1,0
really_holistic,1,1,0
really_highest,1,1,0
virtually_zero,1,1,0
suddenly_worth,1,1,0
virtually_weightless,1,1,0
unduly_restless,1,1,0
unduly_rich,1,1,0
suddenly_willing,1,1,0
really_hollow,1,1,0
really_homogenous,1,1,0
virtually_unwatchable,1,1,0
suddenly_unavailable,1,1,0
virtually_untested,1,1,0
totally_treacherous,1,1,0
suddenly_topical,1,1,0
virtually_unstoppable,1,1,0
suddenly_terrified,1,0,1
virulently_active,1,1,0
totally_trendy,1,1,0
so_improper,1,1,0
therefore_fine,1,1,0
really_hearty,1,1,0
virulently_evil,1,1,0
really_hectic,1,1,0
sufficiently_abrasive,1,0,1
really_hefty,1,1,0
virulently_anti-semitic,1,1,0
unduly_resonant,1,1,0
virulently_anti-israel,1,1,0
virulently_anti-gay,1,1,0
therefore_famous,1,1,0
unduly_responsive,1,1,0
really_hierarchical,1,1,0
slightly_suggestive,1,1,0
slightly_successful,1,1,0
sufficiently_abnormal,1,1,0
really_homogeneous,1,1,0
therefore_free,1,1,0
virtually_unbreakable,1,1,0
virtually_uncalled,1,1,0
therefore_fundamental,1,1,0
suddenly_shocked,1,0,1
suddenly_shit,1,1,0
really_human-like,1,1,0
suddenly_responsible,1,1,0
virtually_unchanged,1,1,0
suddenly_respectful,1,1,0
really_humanistic,1,1,0
therefore_frivolous,1,1,0
really_humanitarian,1,1,0
really_humbled,1,1,0
suddenly_receptive,1,1,0
suddenly_ready,1,1,0
really_humbling,1,1,0
therefore_generic,1,1,0
really_humid,1,1,0
virtually_uniform,1,1,0
virtually_unimaginable,1,1,0
really_hospitable,1,1,0
totally_transcendent,1,1,0
really_homosexual,1,1,0
virtually_unscathed,1,1,0
really_honorable,1,1,0
suddenly_suspicious,1,1,0
virtually_unrecognisable,1,1,0
virtually_unprecedented,1,1,0
virtually_unnoticed,1,1,0
virtually_unnecessary,1,1,0
suddenly_subject,1,1,0
slightly_stupid,1,1,0
virtually_unlimited,1,1,0
suddenly_straight,1,1,0
suddenly_special,1,1,0
suddenly_slim,1,1,0
really_horrified,1,1,0
really_impersonal,1,1,0
virtually_nil,1,1,0
virulently_homophobic,1,1,0
suddenly_afraid,1,1,0
really_innate,1,1,0
suddenly_alone,1,1,0
suddenly_alive,1,1,0
slightly_soft,1,1,0
virtually_famous,1,1,0
therefore_legitimate,1,1,0
virtually_extinct,1,1,0
suddenly_affordable,1,1,0
really_initial,1,1,0
virtually_endless,1,1,0
suddenly_acceptable,1,1,0
virtually_empty,1,1,0
totally_therapeutic,1,1,0
sudden_quiet,1,1,0
sudden_hearted,1,1,0
really_instinctive,1,1,0
really_injured,1,1,0
suddenly_amazing,1,1,0
virtually_more,1,1,0
virtually_flat,1,1,0
suddenly_better,1,1,0
suddenly_beholden,1,1,0
therefore_knowledgeable,1,1,0
suddenly_bald,1,1,0
virtually_full-time,1,1,0
totally_thin,1,1,0
slightly_sour,1,1,0
suddenly_available,1,1,0
really_inherent,1,1,0
suddenly_attainable,1,1,0
really_informal,1,1,0
really_informational,1,1,0
suddenly_annoyed,1,1,0
slightly_sore,1,1,0
really_infrequent,1,1,0
really_infuriating,1,1,0
really_institutional,1,1,0
sudden_enough,1,1,0
virtually_destitute,1,1,0
virtually_airtight,1,1,0
successfully_mobile,1,1,0
unduly_sweet,1,1,0
really_interdisciplinary,1,1,0
virtually_aware,1,1,0
virtually_available,1,1,0
really_intermittent,1,1,0
successfully_fatal,1,1,0
slightly_small,1,1,0
really_insular,1,1,0
virtually_accessible,1,1,0
virtually_absent,1,1,0
successfully_doable,1,1,0
virtually_able,1,1,0
unduly_tall,1,1,0
violently_tragic,1,1,0
really_intolerant,1,1,0
successfully_noticeable,1,1,0
successfully_opaque,1,1,0
totally_thankful,1,1,0
successfully_presentable,1,1,0
sudden_bright,1,1,0
unduly_subtle,1,1,0
virtually_dead,1,1,0
successfully_welcoming,1,1,0
successfully_subject,1,1,0
really_intact,1,1,0
successfully_stoic,1,1,0
virtually_credible,1,1,0
virtually_complete,1,1,0
really_integrated,1,1,0
unduly_surprising,1,1,0
successfully_spiritual,1,1,0
virtually_black,1,1,0
successfully_satisfied,1,1,0
totally_theatrical,1,1,0
really_inexplicable,1,1,0
therefore_keen,1,1,0
virtually_handmade,1,1,0
therefore_inconceivable,1,1,0
unduly_speculative,1,1,0
suddenly_extinct,1,1,0
really_incidental,1,1,0
suddenly_evil,1,1,0
therefore_immune,1,1,0
really_incoherent,1,1,0
suddenly_evident,1,1,0
really_inconceivable,1,1,0
really_incremental,1,1,0
suddenly_enthusiastic,1,1,0
virtually_interchangeable,1,1,0
slightly_spooky,1,1,0
suddenly_enlightened,1,1,0
slightly_spicy,1,1,0
virtually_instant,1,1,0
suddenly_easier,1,1,0
therefore_imaginary,1,1,0
suddenly_fake,1,1,0
really_inaccessible,1,1,0
really_improbable,1,1,0
suddenly_forthcoming,1,1,0
therefore_illegal,1,1,0
virtually_meaningless,1,1,0
slightly_steep,1,1,0
suddenly_forgetful,1,1,0
really_impotent,1,1,0
really_impoverished,1,1,0
suddenly_flush,1,0,1
virtually_limitless,1,1,0
really_impractical,1,1,0
suddenly_flawless,1,1,0
suddenly_fine,1,1,0
virtually_invulnerable,1,1,0
really_impressionable,1,1,0
suddenly_fat,1,1,0
unduly_steep,1,1,0
slightly_special,1,0,1
really_inevitable,1,1,0
suddenly_capable,1,1,0
therefore_interested,1,1,0
suddenly_cocky,1,1,0
really_indignant,1,1,0
virtually_impervious,1,1,0
suddenly_clear,1,1,0
virtually_impenetrable,1,1,0
really_industrial,1,1,0
unduly_stressful,1,1,0
virtually_inherent,1,1,0
suddenly_calm,1,1,0
totally_thorough,1,1,0
really_industrious,1,1,0
therefore_intimate,1,1,0
virtually_immortal,1,1,0
really_ineffective,1,1,0
suddenly_bitter,1,1,0
totally_threatening,1,1,0
virtually_incurable,1,0,1
suddenly_convinced,1,1,0
suddenly_crazy,1,1,0
virtually_infinite,1,1,0
therefore_indifferent,1,1,0
really_incurable,1,1,0
really_indecent,1,0,1
virtually_infallible,1,1,0
suddenly_dissatisfied,1,1,0
therefore_inevitable,1,1,0
suddenly_disinterested,1,1,0
suddenly_disappointed,1,1,0
suddenly_different,1,1,0
totally_tidy,1,1,0
suddenly_devoid,1,1,0
unduly_stimulating,1,1,0
really_indestructible,1,1,0
suddenly_dependent,1,1,0
sufficiently_abstract,1,1,0
really_heartwarming,1,1,0
sufficiently_corrosive,1,1,0
really_fickle,1,1,0
really_feminist,1,1,0
sufficiently_christian,1,1,0
really_feral,1,1,0
sufficiently_cheaper,1,1,0
really_festive,1,1,0
really_feverish,1,1,0
sufficiently_chaste,1,1,0
sufficiently_charismatic,1,1,0
totally_unbeatable,1,1,0
really_fictional,1,1,0
slightly_transparent,1,1,0
totally_unbalanced,1,1,0
sufficiently_central,1,1,0
visibly_devout,1,1,0
really_fiery,1,1,0
really_filthy,1,1,0
sufficiently_circular,1,1,0
really_feisty,1,1,0
totally_unappreciated,1,1,0
visibly_distinguishable,1,1,0
sufficiently_cogent,1,1,0
really_fast-paced,1,1,0
visibly_disturbed,1,1,0
sufficiently_coercive,1,1,0
really_fatigued,1,1,0
really_fatter,1,1,0
sufficiently_coarse,1,1,0
unduly_low,1,1,0
sufficiently_clad,1,1,0
really_favorite,1,1,0
sufficiently_clinical,1,1,0
so_impassable,1,1,0
visibly_distinctive,1,1,0
really_fearless,1,1,0
therefore_bad,1,1,0
really_feeble,1,1,0
unduly_naive,1,1,0
therefore_barbaric,1,1,0
totally_unavoidable,1,1,0
sufficiently_breathtaking,1,1,0
really_flawed,1,1,0
sufficiently_brown,1,1,0
therefore_big,1,1,0
sufficiently_british,1,1,0
really_flirty,1,1,0
therefore_blind,1,1,0
therefore_cause,1,1,0
really_fluffy,1,1,0
really_finicky,1,1,0
really_fluid,1,1,0
visibly_christian,1,1,0
really_foggy,1,1,0
so_imperceptible,1,1,0
sufficiently_bleak,1,1,0
sufficiently_black,1,1,0
sufficiently_bizarre,1,1,0
sufficiently_brutal,1,1,0
visibly_closer,1,1,0
really_flattered,1,1,0
visibly_complicit,1,1,0
really_finite,1,1,0
therefore_barren,1,1,0
visibly_delighted,1,1,0
visibly_damp,1,1,0
visibly_crazy,1,1,0
slightly_thinner,1,1,0
visibly_cramped,1,1,0
really_flabbergasted,1,1,0
really_flagrant,1,1,0
slightly_thin,1,1,0
sufficiently_calm,1,1,0
visibly_confused,1,1,0
sufficiently_callous,1,1,0
sufficiently_buttery,1,1,0
unduly_nervous,1,1,0
visibly_dysfunctional,1,1,0
therefore_astonishing,1,1,0
really_farfetched,1,1,0
sufficiently_considerate,1,1,0
visibly_imminent,1,1,0
sufficiently_contradictory,1,1,0
really_expired,1,1,0
visibly_illegal,1,1,0
sufficiently_contiguous,1,1,0
sufficiently_constructive,1,1,0
thereby_superior,1,1,0
thereby_true,1,1,0
visibly_hyperactive,1,1,0
slightly_unethical,1,0,1
thereby_unfair,1,1,0
really_exquisite,1,1,0
sufficiently_conscientious,1,1,0
sufficiently_connected,1,1,0
sufficiently_congruent,1,1,0
sufficiently_confusing,1,1,0
totally_unclear,1,1,0
visibly_impressive,1,1,0
visibly_inappropriate,1,0,1
really_experiential,1,1,0
sufficiently_correct,1,1,0
slightly_unfriendly,1,1,0
visibly_insane,1,1,0
visibly_innovative,1,1,0
thereby_qualified,1,1,0
thereby_responsible,1,1,0
unduly_inquisitive,1,1,0
sufficiently_convenient,1,1,0
visibly_influential,1,1,0
totally_uncomplicated,1,1,0
unduly_insensitive,1,1,0
unduly_insistent,1,1,0
really_experienced,1,1,0
sufficiently_controllable,1,1,0
visibly_individual,1,1,0
visibly_identifiable,1,1,0
visibly_hungry,1,1,0
slightly_ugly,1,1,0
totally_unchanged,1,1,0
therefore_apt,1,1,0
visibly_front,1,1,0
unduly_intelligent,1,1,0
unduly_invasive,1,1,0
visibly_forthcoming,1,1,0
therefore_arbitrary,1,1,0
totally_uncharacteristic,1,1,0
slightly_underweight,1,1,0
visibly_hostile,1,1,0
sufficiently_colorful,1,1,0
visibly_engaging,1,1,0
really_fanatical,1,1,0
really_fanciful,1,1,0
visibly_embarrassed,1,1,0
visibly_efficient,1,1,0
visibly_ecstatic,1,1,0
totally_uncharted,1,1,0
therefore_amenable,1,1,0
therefore_advisable,1,1,0
really_eye-popping,1,1,0
visibly_high,1,1,0
so_immobile,1,1,0
visibly_helpful,1,1,0
visibly_heartbroken,1,1,0
really_extremist,1,1,0
visibly_happy,1,1,0
unduly_inspiring,1,1,0
sufficiently_conductive,1,1,0
therefore_acceptable,1,1,0
unduly_intellectual,1,1,0
sufficiently_conciliatory,1,1,0
visibly_handicapped,1,1,0
therefore_admissible,1,1,0
visibly_gay,1,1,0
sufficiently_concentrated,1,1,0
visibly_capable,1,1,0
visibly_black,1,1,0
really_heartless,1,1,0
really_gripping,1,1,0
slightly_sweet,1,1,0
unduly_prescient,1,1,0
viscerally_intense,1,0,1
really_gregarious,1,1,0
really_grey,1,1,0
really_grievous,1,0,1
unduly_prescriptive,1,1,0
therefore_distant,1,1,0
viscerally_interested,1,1,0
really_groggy,1,1,0
unduly_prickly,1,1,0
slightly_surreal,1,1,0
unduly_problematic,1,1,0
viscerally_impressive,1,1,0
therefore_doomed,1,1,0
really_groundless,1,1,0
therefore_dissonant,1,1,0
unduly_precocious,1,1,0
visibly_bitter,1,1,0
viscerally_plausible,1,1,0
therefore_destitute,1,1,0
therefore_different,1,1,0
sufficiently_ambiguous,1,1,0
really_grainy,1,1,0
sufficiently_amazing,1,1,0
unduly_passive,1,1,0
really_granular,1,1,0
viscerally_outrageous,1,1,0
slightly_swollen,1,1,0
really_gratified,1,1,0
really_gratuitous,1,1,0
unduly_perilous,1,1,0
unduly_poetic,1,1,0
slightly_tacky,1,1,0
viscerally_obvious,1,1,0
therefore_discriminatory,1,1,0
sufficiently_aggravating,1,1,0
sufficiently_aged,1,1,0
viscerally_evocative,1,1,0
virulently_misogynistic,1,1,0
therefore_equal,1,1,0
sufficiently_actionable,1,1,0
therefore_essential,1,1,0
virulently_protestant,1,1,0
therefore_excited,1,1,0
sufficiently_accommodating,1,1,0
therefore_faint,1,1,0
unduly_rare,1,1,0
unduly_protracted,1,0,1
really_heady,1,1,0
really_healthful,1,1,0
therefore_fair,1,1,0
virulently_hostile,1,1,0
really_heartbreaking,1,0,1
unduly_reckless,1,1,0
really_heartbroken,1,1,0
really_hard-hitting,1,1,0
viscerally_alive,1,1,0
viscerally_aware,1,1,0
therefore_effective,1,1,0
sufficiently_afraid,1,1,0
really_hairless,1,1,0
sufficiently_affluent,1,1,0
unduly_public,1,1,0
therefore_doubtful,1,1,0
therefore_drastic,1,1,0
viscerally_evident,1,1,0
sufficiently_adroit,1,1,0
really_handmade,1,1,0
sufficiently_adjustable,1,1,0
therefore_due,1,1,0
slightly_superficial,1,1,0
viscerally_disturbing,1,1,0
really_hapless,1,1,0
totally_troubled,1,1,0
sufficiently_ample,1,1,0
sufficiently_amusing,1,1,0
really_governmental,1,1,0
really_frigid,1,1,0
sufficiently_austere,1,1,0
totally_unapologetic,1,1,0
visibly_attractive,1,1,0
visibly_appealing,1,1,0
therefore_cold,1,1,0
sufficiently_astonishing,1,1,0
therefore_common,1,1,0
totally_unannounced,1,1,0
sufficiently_arrogant,1,1,0
sufficiently_aspirational,1,1,0
therefore_complex,1,1,0
totally_unanimous,1,1,0
visibly_ambitious,1,1,0
visibly_alarmed,1,1,0
unduly_open,1,1,0
visibly_agitated,1,1,0
really_freakin,1,0,1
really_frazzled,1,1,0
really_fraught,1,1,0
sufficiently_average,1,1,0
unduly_obvious,1,1,0
therefore_challenging,1,1,0
unduly_offensive,1,1,0
unduly_old,1,1,0
therefore_childish,1,1,0
visibly_bigger,1,1,0
sufficiently_best,1,1,0
visibly_beholden,1,1,0
really_forward,1,1,0
sufficiently_believable,1,1,0
sufficiently_bankable,1,1,0
totally_unappealing,1,1,0
slightly_terrible,1,1,0
really_frank,1,1,0
slightly_temperamental,1,1,0
sufficiently_articulate,1,1,0
visibly_aggressive,1,1,0
really_gorgeous,1,1,0
therefore_costly,1,1,0
viscerally_thrilling,1,1,0
sufficiently_answerable,1,1,0
viscerally_terrifying,1,1,0
viscerally_rewarding,1,1,0
really_globalized,1,1,0
sufficiently_anonymous,1,1,0
totally_un-american,1,1,0
really_gluten-free,1,1,0
visibly_afraid,1,1,0
really_golden,1,1,0
therefore_deficient,1,1,0
viscerally_powerful,1,1,0
therefore_dependent,1,1,0
slightly_tangential,1,1,0
unduly_partisan,1,1,0
viscerally_pleasing,1,1,0
viscerally_unable,1,1,0
therefore_correct,1,1,0
really_gimmicky,1,0,1
really_gifted,1,1,0
really_fuzzy,1,1,0
sufficiently_architectural,1,1,0
slightly_tart,1,1,0
therefore_conclusive,1,1,0
sufficiently_applicable,1,1,0
sufficiently_apparent,1,1,0
visibly_able,1,1,0
viscerally_violent,1,1,0
unduly_outrageous,1,0,1
sufficiently_anti-israel,1,1,0
really_ghastly,1,0,1
sufficiently_anti-american,1,1,0
viscerally_unpleasant,1,1,0
really_giant,1,1,0
really_giddy,1,1,0
visually_recognizable,1,1,0
sufficiently_mainstream,1,1,0
sufficiently_malicious,1,1,0
uncomfortably_spicy,1,1,0
then_serviceable,1,1,0
sufficiently_whole,1,1,0
sufficiently_well-known,1,1,0
sufficiently_welcoming,1,1,0
sufficiently_waterproof,1,1,0
well_rare,1,0,1
sufficiently_watchful,1,1,0
really_armed,1,1,0
well_real,1,1,0
then_several,1,0,1
well_quick,1,1,0
uncomfortably_stark,1,1,0
sufficiently_vulgar,1,1,0
sufficiently_voluminous,1,1,0
sufficiently_vocal,1,1,0
touchingly_ironic,1,1,0
really_apprehensive,1,1,0
well_realistic,1,1,0
well_overpowering,1,1,0
then_sensible,1,1,0
well_relatable,1,1,0
really_antisocial,1,1,0
then_secure,1,1,0
really_antsy,1,1,0
uncomfortably_snug,1,1,0
sufficiently_worthy,1,1,0
really_apolitical,1,1,0
sufficiently_worldly,1,1,0
sufficiently_windy,1,1,0
well_recognizable,1,0,1
sufficiently_wonderful,1,1,0
sufficiently_witty,1,1,0
uncomfortably_soft,1,1,0
well_recognisable,1,1,0
uncomfortably_solitary,1,1,0
well_receptive,1,1,0
touchingly_beautiful,1,1,0
really_artificial,1,1,0
sufficiently_virulent,1,1,0
uncommonly_aggressive,1,1,0
sufficiently_viable,1,1,0
sufficiently_vast,1,1,0
sufficiently_variable,1,1,0
then_superb,1,0,1
uncomfortably_wet,1,1,0
well_positive,1,1,0
well_popular,1,1,0
sufficiently_vacuous,1,1,0
really_artsy,1,1,0
sufficiently_utopian,1,1,0
so_gripping,1,1,0
well_polish,1,1,0
sufficiently_user-friendly,1,1,0
sufficiently_used,1,1,0
well_perfect,1,1,0
then_supportive,1,1,0
sufficiently_vicious,1,1,0
uncomfortably_tired,1,1,0
then_stunning,1,1,0
uncomfortably_thick,1,1,0
sufficiently_virtuous,1,1,0
so_greener,1,1,0
well_proud,1,1,0
then_social,1,0,1
well_proportional,1,1,0
well_problematic,1,1,0
really_astonished,1,1,0
sufficiently_vindictive,1,1,0
then_sorry,1,1,0
really_astronomical,1,1,0
then_spanish,1,1,0
well_previous,1,1,0
surely_obtrusive,1,1,0
really_atrocious,1,1,0
uncomfortably_sweet,1,1,0
so_greater,1,1,0
suitably_accessible,1,1,0
suitably_aged,1,1,0
suitably_melancholic,1,1,0
suitably_powerful,1,1,0
suitably_populist,1,1,0
suitably_outrageous,1,1,0
well_shiny,1,1,0
suitably_opaque,1,1,0
suitably_muscular,1,1,0
uncomfortably_quiet,1,1,0
suitably_horrified,1,1,0
suitably_famous,1,1,0
really_alluring,1,1,0
well_sheer,1,1,0
really_aloof,1,1,0
uncomfortably_relevant,1,1,0
really_alternate,1,1,0
well_sharp,1,1,0
uncomfortably_short,1,1,0
suitably_profitable,1,1,0
uncomfortably_quick,1,1,0
suitably_remorseful,1,1,0
really_alcoholic,1,1,0
suitably_simple,1,1,0
suitably_similar,1,1,0
suitably_sensitive,1,1,0
suitably_secure,1,1,0
well_slim,1,1,0
really_aimless,1,1,0
really_air-conditioned,1,1,0
suitably_scary,1,1,0
really_airtight,1,1,0
suitably_robust,1,1,0
suitably_responsive,1,1,0
well_significant,1,1,0
well_shy,1,1,0
suitably_representative,1,1,0
well_showy,1,1,0
suitably_functional,1,1,0
suitably_familiar,1,1,0
uncomfortably_small,1,1,0
suitably_chilly,1,1,0
suitably_complete,1,1,0
well_rich,1,1,0
suitably_compelling,1,1,0
well_reproducible,1,1,0
well_relaxing,1,1,0
suitably_cinematic,1,1,0
suitably_christian,1,1,0
suitably_childish,1,1,0
suitably_expressive,1,1,0
suitably_calm,1,1,0
well_relaxed,1,1,0
suitably_bearish,1,1,0
suitably_aware,1,1,0
suitably_articulate,1,1,0
really_anti-gay,1,1,0
really_anti-israel,1,1,0
suitably_compliant,1,1,0
suitably_conservative,1,1,0
well_rigid,1,1,0
suitably_dangerous,1,1,0
suitably_epic,1,1,0
suitably_enthusiastic,1,1,0
uncomfortably_shy,1,1,0
suitably_entertaining,1,1,0
really_ambiguous,1,1,0
suitably_easy,1,1,0
suitably_docile,1,1,0
suitably_diverse,1,1,0
suitably_disruptive,1,1,0
well_savvy,1,1,0
well_satisfactory,1,1,0
touchingly_warm,1,1,0
really_amiss,1,1,0
well_safe,1,1,0
well_rough,1,1,0
well_patient,1,1,0
well_overdue,1,1,0
suitably_skeptical,1,1,0
sufficiently_thin,1,1,0
uncommonly_grim,1,1,0
then_unsurprising,1,1,0
well_hip,1,1,0
sufficiently_thrilled,1,1,0
uncommonly_high,1,1,0
then_unusual,1,1,0
sufficiently_thoughtful,1,1,0
then_unwelcome,1,1,0
well_hot,1,1,0
really_bigoted,1,0,1
sufficiently_theological,1,1,0
well_harsh,1,1,0
sufficiently_thankful,1,1,0
then_useless,1,0,1
uncommonly_ill,1,1,0
uncommonly_incorrect,1,1,0
well_horrid,1,1,0
sufficiently_tolerant,1,1,0
then_sure,1,1,0
sufficiently_transcendent,1,1,0
then_unimaginable,1,1,0
uncommonly_funny,1,1,0
well_intricate,1,1,0
well_interested,1,1,0
well_intense,1,1,0
so_anti-semitic,1,1,0
well_integrated,1,1,0
then_unique,1,0,1
sufficiently_totalitarian,1,1,0
so_anti-democratic,1,1,0
well_ingrained,1,1,0
well_impressed,1,1,0
then_unknown,1,0,1
sufficiently_touchy,1,1,0
uncommonly_good,1,1,0
then_unseen,1,1,0
sufficiently_terrible,1,1,0
well_happy,1,1,0
well_greedy,1,1,0
really_blasphemous,1,1,0
uncommonly_pleased,1,1,0
well_focused,1,1,0
well_firm,1,1,0
well_favourable,1,1,0
uncommonly_significant,1,1,0
well_extravagant,1,1,0
so_anecdotal,1,1,0
sufficiently_swift,1,1,0
totally_winnable,1,1,0
then_vulnerable,1,1,0
well_extra,1,1,0
sufficiently_sweeping,1,1,0
well_explicit,1,1,0
sufficiently_surprising,1,1,0
well_experienced,1,1,0
then_weak,1,1,0
uncommonly_murky,1,1,0
sufficiently_tactical,1,1,0
well_foolish,1,1,0
really_bland,1,1,0
really_biological,1,1,0
well_greasy,1,1,0
sufficiently_tender,1,1,0
then_valid,1,1,0
uncommonly_intelligent,1,1,0
then_visible,1,1,0
sufficiently_taut,1,1,0
sufficiently_tart,1,1,0
sufficiently_tame,1,1,0
well_fundamental,1,1,0
well_full,1,1,0
uncommonly_lethal,1,1,0
sufficiently_tall,1,1,0
well_forecast,1,1,0
really_blameless,1,1,0
really_befitting,1,1,0
uncommonly_friendly,1,1,0
well_laid,1,1,0
sufficiently_uniform,1,1,0
well_noticeable,1,1,0
well_notable,1,1,0
well_north,1,1,0
well_normal,1,1,0
sufficiently_universal,1,1,0
uncommonly_bored,1,1,0
then_tough,1,1,0
well_nervous,1,1,0
uncommonly_enormous,1,1,0
sufficiently_unified,1,1,0
well_negative,1,1,0
really_averse,1,1,0
uncommonly_bright,1,1,0
sufficiently_unfortunate,1,1,0
well_needless,1,1,0
uncommonly_corrupt,1,1,0
really_automated,1,1,0
sufficiently_unpleasant,1,1,0
well_obese,1,1,0
well_obscure,1,1,0
well_overcooked,1,1,0
then_temporary,1,1,0
well_organized,1,1,0
sufficiently_urban,1,1,0
then_terrible,1,1,0
sufficiently_upright,1,1,0
totally_wretched,1,1,0
well_ok,1,1,0
then_tired,1,1,0
well_offline,1,1,0
sufficiently_unstable,1,1,0
sufficiently_unpredictable,1,1,0
well_obvious,1,1,0
well_observable,1,1,0
then_torture,1,0,1
well_mushy,1,1,0
uncommonly_erect,1,1,0
sufficiently_traumatic,1,1,0
sufficiently_troubling,1,1,0
sufficiently_tyrannical,1,1,0
well_loose,1,1,0
sufficiently_typical,1,1,0
really_balmy,1,1,0
really_banal,1,1,0
sufficiently_turbulent,1,1,0
sufficiently_truthful,1,1,0
really_barren,1,1,0
really_awash,1,1,0
well_literate,1,1,0
really_baseless,1,1,0
sufficiently_troublesome,1,1,0
really_bashful,1,1,0
sufficiently_tribal,1,1,0
well_lasting,1,1,0
sufficiently_trendy,1,1,0
uncommonly_fatal,1,1,0
sufficiently_uglier,1,1,0
sufficiently_unacceptable,1,1,0
sufficiently_unambiguous,1,1,0
well_mistaken,1,1,0
well_medium,1,1,0
really_awestruck,1,1,0
well_measurable,1,1,0
sufficiently_unfair,1,1,0
well_many,1,1,0
sufficiently_unconscious,1,1,0
well_lucky,1,1,0
really_backward,1,1,0
well_lower,1,1,0
sufficiently_unconscionable,1,1,0
uncommonly_fascinating,1,1,0
well_loud,1,1,0
so_anticlimactic,1,1,0
so_anticipated,1,1,0
then_richer,1,1,0
well_smart,1,1,0
well_exhausting,1,1,0
then_other,1,0,1
then_organic,1,0,1
super_cognizant,1,1,0
super_co-operative,1,1,0
traditionally_bitter,1,1,0
real_vivid,1,1,0
super_cluttered,1,1,0
super_clueless,1,1,0
uncharacteristically_candid,1,1,0
uncharacteristically_bright,1,1,0
real_volatile,1,1,0
real_vulnerable,1,1,0
wholly_absurd,1,1,0
super_cliche,1,1,0
traditionally_big,1,1,0
real_welcoming,1,1,0
traditionally_bad,1,1,0
real_violent,1,1,0
real_vegan,1,1,0
well_warm,1,1,0
then_operational,1,1,0
so_gendered,1,1,0
real_unattractive,1,1,0
then_old,1,1,0
unbelievably_unusual,1,1,0
real_uncommon,1,1,0
unbelievably_useful,1,1,0
real_unlucky,1,1,0
super_colourful,1,1,0
real_vast,1,1,0
real_upbeat,1,1,0
unbelievably_wild,1,1,0
wholly_addictive,1,1,0
then_ordinary,1,1,0
unbelievably_yummy,1,1,0
wholly_accountable,1,1,0
real_vain,1,1,0
real_well-known,1,1,0
traditionally_authoritarian,1,1,0
super_classical,1,1,0
well_widespread,1,1,0
well_wordy,1,1,0
uncharacteristically_shallow,1,1,0
realistically_able,1,1,0
well_wonderful,1,1,0
realistically_accessible,1,1,0
then_plain,1,1,0
super_cerebral,1,0,1
super_central,1,1,0
so_geometric,1,1,0
well_wide,1,1,0
super_cautious,1,1,0
uncharacteristically_short,1,1,0
realistically_actionable,1,1,0
traditionally_asian,1,1,0
uncharacteristically_verbose,1,1,0
then_poor,1,1,0
real_worth,1,1,0
uncharacteristically_large,1,1,0
real_worrisome,1,1,0
well_worried,1,1,0
super_cinematic,1,0,1
super_chunky,1,1,0
traditionally_athletic,1,1,0
real_wholesome,1,1,0
well_youthful,1,1,0
real_widespread,1,1,0
real_wild,1,1,0
uncharacteristically_free,1,1,0
super_chilly,1,1,0
uncharacteristically_huge,1,1,0
well_wrong,1,1,0
then_perceptible,1,1,0
super_cheerful,1,1,0
real_worldly,1,1,0
uncharacteristically_judicious,1,1,0
real_ugly,1,1,0
super_communist,1,1,0
super_compact,1,1,0
super_corporate,1,1,0
traditionally_courageous,1,1,0
super_crappy,1,1,0
super_cranky,1,1,0
then_nasty,1,1,0
traditionally_cool,1,1,0
unbelievably_special,1,0,1
super_costly,1,1,0
so_fulfilling,1,1,0
wholly_amusing,1,1,0
then_new,1,1,0
unbelievably_spicy,1,1,0
super_conversant,1,1,0
wholly_anecdotal,1,1,0
traditionally_conducive,1,1,0
super_controllable,1,1,0
wholly_analytical,1,1,0
then_mundane,1,1,0
then_much,1,1,0
real_superstitious,1,1,0
real_sunny,1,1,0
real_strenuous,1,0,1
super_customizable,1,1,0
unbelievably_similar,1,1,0
super_current,1,1,0
traditionally_coveted,1,1,0
super_curious,1,1,0
real_submissive,1,1,0
then_liable,1,1,0
real_substantial,1,1,0
unbelievably_small,1,1,0
then_memorable,1,1,0
super_criminal,1,1,0
then_motivating,1,0,1
unbelievably_smart,1,1,0
real_sugary,1,1,0
traditionally_concerned,1,1,0
unbelievably_surprising,1,1,0
real_typical,1,1,0
real_touchy,1,1,0
real_thrilling,1,1,0
super_concrete,1,1,0
then_notable,1,1,0
unbelievably_unlucky,1,1,0
real_torture,1,1,0
then_obtainable,1,1,0
traditionally_comedic,1,1,0
traditionally_close,1,1,0
real_tangible,1,1,0
wholly_african,1,1,0
traditionally_catholic,1,1,0
wholly_aesthetic,1,1,0
so_arguable,1,1,0
traditionally_catchy,1,1,0
real_truthful,1,1,0
unbelievably_unrealistic,1,1,0
wholly_amateurish,1,1,0
real_threatening,1,1,0
super_conditional,1,1,0
then_nostalgia,1,0,1
wholly_amorphous,1,1,0
super_considerate,1,1,0
traditionally_comparable,1,1,0
super_conscious,1,1,0
unbelievably_thin,1,1,0
super_confusing,1,1,0
so_armored,1,1,0
real_temporary,1,1,0
so_armed,1,1,0
real_tense,1,1,0
real_territorial,1,1,0
unbelievably_uncomfortable,1,1,0
super_confused,1,1,0
wholly_ambiguous,1,1,0
traditionally_commercial,1,1,0
well_welcome,1,1,0
uncharacteristically_wasteful,1,1,0
suitably_sober,1,1,0
really_acidic,1,1,0
well_technical,1,1,0
traditionally_active,1,1,0
well_symmetrical,1,1,0
then_recyclable,1,1,0
traditionally_accustomed,1,1,0
uncomfortably_honest,1,1,0
then_reflective,1,1,0
super_altruistic,1,1,0
well_terrific,1,1,0
really_acrimonious,1,0,1
super_allergic,1,1,0
well_successful,1,1,0
super_alike,1,1,0
super_agile,1,1,0
uncomfortably_humid,1,1,0
well_subject,1,1,0
well_terrible,1,1,0
traditionally_aesthetic,1,1,0
realistically_black,1,1,0
super_artsy,1,1,0
really_abrasive,1,1,0
traditionally_aggressive,1,1,0
uncomfortably_familiar,1,1,0
super_astonishing,1,1,0
super_ashamed,1,1,0
uncomfortably_firm,1,1,0
well_tiny,1,1,0
traditionally_aged,1,1,0
so_gnarly,1,1,0
well_timid,1,1,0
really_absurd,1,1,0
uncomfortably_frank,1,1,0
really_abused,1,1,0
super_aromatic,1,1,0
traditionally_affordable,1,1,0
really_abusive,1,1,0
really_addicted,1,1,0
really_addicting,1,1,0
uncomfortably_hungry,1,1,0
suitably_unprepared,1,1,0
super_abnormal,1,1,0
super_able,1,1,0
suitably_worried,1,1,0
suitably_wide,1,1,0
well_spicy,1,1,0
suitably_vast,1,1,0
really_affected,1,1,0
suitably_unimpressed,1,1,0
well_sturdy,1,1,0
suitably_transparent,1,1,0
well_south,1,1,0
suitably_subservient,1,1,0
well_sorry,1,1,0
suitably_strange,1,1,0
well_soft,1,1,0
really_aggravating,1,1,0
uncomfortably_promiscuous,1,1,0
uncomfortably_pertinent,1,1,0
super_academic,1,1,0
uncomfortably_personal,1,1,0
really_additional,1,0,1
then_refreshing,1,0,1
super_advisable,1,1,0
really_adjacent,1,1,0
uncomfortably_invasive,1,1,0
super_adjustable,1,1,0
super_adaptable,1,1,0
then_reliable,1,0,1
really_admissible,1,1,0
really_adorable,1,1,0
super_actionable,1,1,0
uncomfortably_modern,1,1,0
then_remarkable,1,0,1
super_accommodating,1,1,0
then_removable,1,1,0
then_radioactive,1,1,0
uncomfortably_energetic,1,1,0
super_attentive,1,1,0
super_brilliant,1,0,1
well_vacant,1,1,0
realistically_fixable,1,1,0
realistically_high,1,1,0
uncomfortably_beholden,1,1,0
super_brittle,1,1,0
realistically_human-like,1,1,0
realistically_lifelike,1,1,0
uncomfortably_bouncy,1,1,0
well_unusual,1,1,0
super_brave,1,1,0
super_bothersome,1,1,0
uncomfortably_busy,1,1,0
well_urgent,1,1,0
super_bossy,1,1,0
realistically_much,1,1,0
then_productive,1,1,0
super_brown,1,1,0
realistically_far-fetched,1,1,0
realistically_entertaining,1,1,0
super_brutal,1,1,0
traditionally_appropriate,1,1,0
then_prejudicial,1,1,0
realistically_challenging,1,1,0
realistically_compatible,1,1,0
realistically_crisp,1,1,0
realistically_dark,1,1,0
realistically_detailed,1,1,0
realistically_do-able,1,1,0
well_verbose,1,1,0
realistically_easy,1,1,0
super_bureaucratic,1,1,0
super_bumpy,1,1,0
then_prescient,1,1,0
then_problematic,1,1,0
super_bubbly,1,1,0
super_bored,1,1,0
uncomfortably_chilly,1,1,0
traditionally_agile,1,1,0
uncomfortably_difficult,1,1,0
super_better,1,1,0
then_proper,1,1,0
realistically_upsetting,1,1,0
uncomfortably_different,1,1,0
realistically_usable,1,1,0
realistically_useable,1,1,0
well_unified,1,1,0
super_basic,1,1,0
then_professional,1,0,1
super_bashful,1,1,0
uncomfortably_distracting,1,1,0
then_quiet,1,1,0
traditionally_anti-semitic,1,1,0
then_radical,1,0,1
well_uglier,1,1,0
super_autobiographical,1,1,0
realistically_transferable,1,1,0
realistically_threatening,1,1,0
realistically_terrifying,1,1,0
traditionally_applicable,1,1,0
realistically_programmable,1,1,0
super_blatant,1,1,0
then_profitable,1,1,0
super_bitchy,1,1,0
uncomfortably_crowded,1,1,0
realistically_realistic,1,1,0
then_prominent,1,1,0
realistically_reckless,1,1,0
super_bigger,1,1,0
uncomfortably_damp,1,1,0
realistically_renewable,1,1,0
realistically_sad,1,1,0
realistically_sneaky,1,1,0
realistically_strong,1,1,0
realistically_subject,1,1,0
really_bleak,1,1,0
uncommonly_slow,1,1,0
visually_reminiscent,1,1,0
theologically_productive,1,1,0
sufficiently_perfect,1,1,0
totally_unwilling,1,1,0
vocally_exhilarating,1,1,0
vocally_dynamic,1,0,1
totally_unused,1,1,0
undoubtedly_relevant,1,1,0
vocally_distinctive,1,1,0
really_compliant,1,1,0
vocally_friendly,1,1,0
sufficiently_particular,1,1,0
vocally_direct,1,1,0
sufficiently_overwrought,1,1,0
vocally_challenging,1,1,0
sufficiently_overwhelming,1,1,0
really_compulsive,1,1,0
sufficiently_overt,1,1,0
vocally_explicit,1,1,0
really_complacent,1,1,0
vividly_evocative,1,0,1
undoubtedly_popular,1,1,0
vocally_nuanced,1,1,0
vocally_loyal,1,1,0
sufficiently_pleasing,1,1,0
sufficiently_pleased,1,1,0
vocally_interesting,1,1,0
sufficiently_playful,1,1,0
sufficiently_plausible,1,1,0
sufficiently_philosophical,1,1,0
vocally_gifted,1,1,0
sufficiently_pertinent,1,1,0
undoubtedly_possible,1,1,0
vocally_homophobic,1,1,0
sufficiently_personal,1,1,0
totally_upbeat,1,1,0
undoubtedly_powerful,1,1,0
vocally_helpful,1,1,0
vocally_capable,1,1,0
theologically_religious,1,1,0
vocally_brilliant,1,1,0
vividly_obvious,1,1,0
sufficiently_opulent,1,1,0
theologically_stupid,1,1,0
unduly_afraid,1,1,0
really_confrontational,1,1,0
vividly_perceptible,1,1,0
sufficiently_oppressive,1,1,0
sufficiently_opportunistic,1,1,0
sufficiently_operational,1,1,0
vocally_assertive,1,1,0
sufficiently_operatic,1,1,0
theologically_surprising,1,1,0
vividly_mad,1,1,0
really_congenial,1,1,0
theologically_unorthodox,1,1,0
really_congested,1,1,0
vividly_ideological,1,1,0
vividly_precise,1,1,0
unduly_affected,1,1,0
vividly_present,1,1,0
sufficiently_ornate,1,1,0
theologically_reprehensible,1,1,0
vocally_appealing,1,1,0
undoubtedly_simple,1,1,0
theologically_right,1,1,0
undoubtedly_worth,1,1,0
theologically_rigorous,1,1,0
really_conceptual,1,1,0
sufficiently_ostentatious,1,1,0
vocally_adept,1,1,0
vividly_violent,1,0,1
vividly_true,1,1,0
vividly_right,1,1,0
vividly_realistic,1,0,1
vividly_real,1,1,0
theologically_solid,1,1,0
sufficiently_plentiful,1,1,0
vocally_obvious,1,1,0
theologically_offensive,1,1,0
warmly_maternal,1,1,0
way_analogous,1,1,0
totally_user-friendly,1,1,0
theologically_justified,1,1,0
warmly_sufficient,1,1,0
sufficiently_pro-american,1,1,0
really_colder,1,1,0
warmly_positive,1,1,0
undoubtedly_better,1,1,0
warmly_friendly,1,1,0
sufficiently_pro-active,1,1,0
warmly_human,1,1,0
really_collectable,1,1,0
sufficiently_private,1,1,0
sufficiently_principled,1,1,0
sufficiently_primitive,1,1,0
theologically_knowledgeable,1,1,0
way_awesome,1,1,0
undoubtedly_aware,1,1,0
way_brave,1,1,0
theologically_irrelevant,1,1,0
way_cuter,1,1,0
way_cute,1,1,0
way_crazier,1,1,0
theologically_indifferent,1,1,0
theologically_insane,1,1,0
really_cloudy,1,1,0
way_close,1,1,0
really_cloying,1,1,0
really_coarse,1,1,0
really_coastal,1,1,0
understandably_upset,1,1,0
sufficiently_prolonged,1,1,0
totally_usual,1,1,0
way_characteristic,1,1,0
understandably_worried,1,1,0
totally_usable,1,1,0
warmly_festive,1,1,0
sufficiently_poetic,1,1,0
undoubtedly_forthcoming,1,1,0
vocally_ready,1,1,0
sufficiently_populist,1,1,0
theologically_neutral,1,1,0
sufficiently_pop,1,1,0
vocally_popular,1,1,0
vocally_political,1,1,0
sufficiently_poor,1,1,0
vocally_partisan,1,1,0
vocally_tired,1,1,0
undoubtedly_human,1,1,0
sufficiently_polite,1,1,0
totally_upcoming,1,1,0
vocally_overwhelming,1,1,0
sufficiently_poisonous,1,1,0
sufficiently_poignant,1,1,0
vocally_outraged,1,1,0
sufficiently_populous,1,1,0
vocally_secure,1,1,0
vocally_spectacular,1,0,1
theologically_minded,1,1,0
sufficiently_prejudicial,1,1,0
totally_uptight,1,1,0
vocally_sublime,1,1,0
sufficiently_pragmatic,1,1,0
undoubtedly_cool,1,1,0
vocally_splendid,1,1,0
undoubtedly_drab,1,1,0
theologically_literate,1,1,0
theologically_meaningful,1,1,0
so_agricultural,1,1,0
vocally_spiritual,1,1,0
totally_upscale,1,1,0
totally_upright,1,1,0
really_combative,1,1,0
sufficiently_pornographic,1,1,0
vividly_focused,1,1,0
vividly_evil,1,1,0
way_decent,1,1,0
totally_unsettling,1,1,0
so_heterosexual,1,1,0
visually_stressful,1,1,0
visually_stealthy,1,1,0
visually_specific,1,1,0
really_cramped,1,1,0
visually_snappy,1,1,0
sufficiently_mournful,1,1,0
unduly_bureaucratic,1,1,0
visually_strong,1,1,0
sufficiently_motivating,1,1,0
visually_smooth,1,1,0
theoretically_depressing,1,1,0
sufficiently_mortal,1,1,0
sufficiently_more,1,1,0
theoretically_destructive,1,1,0
unduly_certain,1,1,0
really_cozy,1,1,0
really_cowardly,1,1,0
really_consecutive,1,1,0
sufficiently_mysterious,1,1,0
sufficiently_nasty,1,1,0
visually_truthful,1,1,0
visually_troublesome,1,1,0
really_cosmic,1,0,1
unduly_austere,1,1,0
visually_terrifying,1,1,0
unduly_aware,1,1,0
unduly_awkward,1,1,0
so_advantaged,1,1,0
visually_tangible,1,1,0
unduly_bearish,1,1,0
visually_tactile,1,0,1
visually_superior,1,1,0
sufficiently_musical,1,1,0
really_counter-intuitive,1,1,0
theoretically_conducive,1,1,0
visually_smaller,1,1,0
visually_slick,1,1,0
visually_sleek,1,1,0
totally_unreliable,1,1,0
visually_scary,1,1,0
sufficiently_mellow,1,1,0
visually_savvy,1,1,0
so_admissible,1,1,0
visually_satisfactory,1,1,0
theoretically_easier,1,1,0
theoretically_ethical,1,1,0
sufficiently_marketable,1,1,0
visually_skilled,1,1,0
really_crooked,1,1,0
visually_romantic,1,1,0
theoretically_foolproof,1,1,0
visually_rich,1,1,0
visually_rewarding,1,1,0
sufficiently_malleable,1,1,0
visually_representative,1,1,0
sufficiently_melodic,1,1,0
really_creditable,1,1,0
sufficiently_mesmerizing,1,1,0
sufficiently_mexican,1,1,0
unduly_challenging,1,1,0
sufficiently_momentous,1,0,1
theoretically_difficult,1,1,0
totally_unscientific,1,1,0
visually_sharp,1,1,0
totally_unsatisfying,1,1,0
unduly_coarse,1,1,0
sufficiently_moderate,1,1,0
visually_serious,1,1,0
sufficiently_mobile,1,1,0
visually_serene,1,1,0
totally_unsatisfied,1,1,0
visually_sensitive,1,1,0
visually_sensational,1,1,0
visually_seductive,1,1,0
totally_unsound,1,1,0
unduly_arduous,1,1,0
sufficiently_necessary,1,1,0
vitally_imperative,1,1,0
vitally_unimportant,1,1,0
vitally_quick,1,1,0
theoretically_accurate,1,1,0
sufficiently_offbeat,1,1,0
sufficiently_off-putting,1,1,0
vitally_infallible,1,1,0
theoretically_ambiguous,1,1,0
vitally_immoral,1,1,0
sufficiently_obscure,1,1,0
unduly_aggressive,1,1,0
totally_untested,1,1,0
totally_unsure,1,1,0
vitally_enjoyable,1,1,0
sufficiently_obstinate,1,1,0
sufficiently_obsolete,1,1,0
unduly_angry,1,1,0
vividly_alive,1,1,0
theoretically_able,1,1,0
vividly_available,1,1,0
vividly_aware,1,1,0
sufficiently_open-minded,1,1,0
theologically_unsound,1,1,0
vividly_evident,1,1,0
theologically_valid,1,1,0
really_considerate,1,1,0
theologically_vigilant,1,1,0
vividly_eventful,1,1,0
vividly_enough,1,1,0
sufficiently_opaque,1,1,0
vividly_different,1,1,0
vividly_descriptive,1,1,0
sufficiently_ominous,1,1,0
totally_unthinkable,1,1,0
vividly_conservative,1,1,0
really_conspicuous,1,1,0
vitally_dependent,1,1,0
really_contiguous,1,1,0
sufficiently_nerdy,1,1,0
so_heretical,1,1,0
visually_unobtrusive,1,1,0
totally_unsung,1,1,0
really_convertible,1,1,0
unduly_apologetic,1,1,0
visually_unnerving,1,1,0
visually_unmanageable,1,1,0
theoretically_compelling,1,1,0
sufficiently_neurotic,1,1,0
theoretically_certain,1,1,0
really_corporate,1,1,0
sufficiently_nervous,1,1,0
unduly_archaic,1,1,0
theoretically_complicated,1,0,1
visually_uninspiring,1,1,0
totally_unstoppable,1,1,0
visually_unified,1,1,0
visually_unpleasant,1,1,0
totally_unsupported,1,1,0
sufficiently_nonpartisan,1,1,0
visually_visceral,1,1,0
sufficiently_objectionable,1,1,0
vitally_alive,1,1,0
visually_yellow,1,1,0
really_contrite,1,1,0
unduly_annoying,1,1,0
theoretically_christian,1,1,0
really_controllable,1,1,0
sufficiently_numb,1,1,0
visually_witty,1,0,1
theoretically_compatible,1,1,0
visually_welcoming,1,1,0
visually_weighty,1,1,0
unduly_antsy,1,1,0
visually_weaker,1,1,0
so_affecting,1,1,0
way_darker,1,1,0
sufficiently_pronounced,1,1,0
sufficiently_supple,1,1,0
really_buggy,1,1,0
undeniably_english,1,1,0
really_brutal,1,1,0
sufficiently_sleek,1,1,0
really_bubbly,1,1,0
sufficiently_skillful,1,1,0
sufficiently_sizeable,1,1,0
sufficiently_singular,1,1,0
well_awful,1,1,0
sufficiently_slow,1,1,0
totally_warped,1,1,0
undeniably_fashionable,1,1,0
well_averse,1,1,0
well_available,1,1,0
so_handmade,1,1,0
well_attractive,1,1,0
well_armored,1,1,0
well_bored,1,1,0
well_boring,1,1,0
weirdly_perverse,1,1,0
theologically_backward,1,1,0
undeniably_clear,1,1,0
undeniably_cool,1,1,0
well_certain,1,1,0
well_celebrated,1,1,0
theologically_astute,1,1,0
theologically_awkward,1,1,0
sufficiently_soft,1,1,0
well_broadcast,1,1,0
theologically_central,1,1,0
well_brilliant,1,1,0
sufficiently_social,1,1,0
sufficiently_sober,1,1,0
undeniably_dumb,1,1,0
sufficiently_smoky,1,1,0
well_bright,1,1,0
really_brooding,1,1,0
theologically_clumsy,1,1,0
well_applicable,1,1,0
well_ample,1,1,0
really_capricious,1,1,0
sufficiently_self-indulgent,1,1,0
weirdly_stupid,1,1,0
weirdly_spontaneous,1,1,0
undeniably_gorgeous,1,1,0
weirdly_soothing,1,1,0
weirdly_simplistic,1,1,0
undeniably_great,1,1,0
weirdly_shiny,1,1,0
totally_wacky,1,1,0
weirdly_sexist,1,1,0
sufficiently_select,1,1,0
weirdly_satisfying,1,1,0
weirdly_satisfied,1,1,0
really_carefree,1,1,0
sufficiently_seductive,1,1,0
weirdly_prophetic,1,1,0
really_capitalist,1,1,0
weirdly_successful,1,1,0
sufficiently_senior,1,1,0
really_candid,1,1,0
well_aged,1,1,0
undeniably_funny,1,1,0
well_affordable,1,1,0
sufficiently_shrewd,1,1,0
really_burdensome,1,1,0
sufficiently_short,1,1,0
well_advanced,1,1,0
well_active,1,1,0
theologically_complicated,1,1,0
well_accustomed,1,1,0
undeniably_good,1,1,0
theologically_conservative,1,1,0
weirdly_xenophobic,1,1,0
weirdly_wonderful,1,1,0
sufficiently_sensible,1,1,0
well_cheap,1,1,0
well_clad,1,0,1
sufficiently_special,1,1,0
really_booming,1,1,0
so_anarchic,1,1,0
really_blurry,1,1,0
well_early,1,1,0
really_bogus,1,1,0
uncommonly_virtuous,1,1,0
uncommonly_wild,1,1,0
sufficiently_strategic,1,1,0
so_gruff,1,1,0
well_cuddly,1,1,0
totally_western,1,1,0
well_disciplined,1,1,0
well_detectable,1,1,0
well_desirable,1,1,0
then_young,1,1,0
theologically_abstract,1,1,0
well_dark,1,1,0
uncommonly_unique,1,1,0
well_educated,1,1,0
well_efficient,1,1,0
then_worth,1,1,0
then_welcoming,1,0,1
sufficiently_sunny,1,1,0
sufficiently_suggestive,1,1,0
well_entrenched,1,1,0
well_enticing,1,1,0
sufficiently_subtle,1,1,0
well_enormous,1,1,0
so_androgynous,1,1,0
then_wishful,1,0,1
uncommonly_successful,1,1,0
totally_whimsical,1,1,0
well_enlightening,1,1,0
then_wonderful,1,1,0
well_english,1,1,0
then_worried,1,1,0
well_cumbersome,1,1,0
well_crowded,1,1,0
well_clean,1,1,0
really_brighter,1,1,0
really_breathable,1,1,0
really_breathtaking,1,0,1
theologically_adept,1,1,0
sufficiently_spontaneous,1,1,0
well_complete,1,1,0
well_competitive,1,1,0
well_competent,1,1,0
undeniably_beautiful,1,1,0
well_crazy,1,1,0
well_cocky,1,1,0
theologically_alike,1,1,0
sufficiently_spherical,1,1,0
sufficiently_spectacular,1,1,0
theologically_arrogant,1,1,0
well_clear,1,1,0
sufficiently_specialized,1,1,0
undeniably_bad,1,1,0
undeniably_attractive,1,1,0
well_comprehensible,1,1,0
sufficiently_staunch,1,1,0
sufficiently_straightforward,1,1,0
sufficiently_stimulating,1,1,0
well_cool,1,1,0
well_convenient,1,1,0
well_controlled,1,0,1
theologically_acceptable,1,1,0
sufficiently_sticky,1,1,0
unconstitutionally_misleading,1,1,0
well_configurable,1,1,0
totally_weightless,1,1,0
unconstitutionally_punitive,1,1,0
well_conductive,1,1,0
unconstitutionally_severe,1,1,0
really_boyish,1,1,0
sufficiently_steady,1,1,0
really_careless,1,1,0
sufficiently_secular,1,1,0
sufficiently_proper,1,1,0
way_high,1,1,0
way_higher,1,1,0
sufficiently_relentless,1,1,0
really_chunky,1,1,0
really_circular,1,1,0
really_civil,1,1,0
sufficiently_relatable,1,1,0
really_civilian,1,1,0
sufficiently_refreshing,1,1,0
way_hot,1,1,0
sufficiently_redeemable,1,1,0
way_healthy,1,1,0
way_healthier,1,1,0
sufficiently_rebellious,1,1,0
totally_vertical,1,1,0
sufficiently_reasonable,1,1,0
understandably_frightened,1,1,0
so_hard-hitting,1,1,0
theologically_illiterate,1,1,0
really_cartoony,1,1,0
sufficiently_reprehensible,1,1,0
sufficiently_resolute,1,1,0
way_nicer,1,1,0
sufficiently_repulsive,1,1,0
sufficiently_republican,1,1,0
sufficiently_reproducible,1,1,0
way_lighter,1,1,0
totally_vintage,1,1,0
way_late,1,1,0
totally_viewable,1,1,0
undeniably_unique,1,1,0
way_interesting,1,1,0
undeniably_wonky,1,1,0
understandably_emotional,1,1,0
way_huge,1,1,0
way_hotter,1,1,0
really_chummy,1,1,0
sufficiently_reactive,1,1,0
so_hardline,1,1,0
totally_verifiable,1,1,0
sufficiently_quantifiable,1,1,0
way_expensive,1,1,0
way_excited,1,1,0
sufficiently_queer,1,1,0
sufficiently_quantitative,1,1,0
theologically_inclined,1,1,0
way_enough,1,1,0
way_effective,1,1,0
theologically_incompatible,1,1,0
way_harsh,1,1,0
understandably_unhappy,1,1,0
sufficiently_prudent,1,1,0
totally_vacant,1,1,0
really_clingy,1,1,0
really_clinical,1,1,0
understandably_unsure,1,1,0
totally_utopian,1,1,0
way_expired,1,1,0
theologically_inaccurate,1,1,0
understandably_terrified,1,1,0
sufficiently_quiet,1,1,0
so_alkaline,1,1,0
understandably_good,1,1,0
way_happy,1,1,0
understandably_ill-equipped,1,1,0
way_happier,1,1,0
totally_verbal,1,1,0
understandably_jittery,1,1,0
way_great,1,1,0
sufficiently_rambunctious,1,1,0
understandably_small,1,1,0
way_good,1,1,0
understandably_suspicious,1,1,0
sufficiently_quirky,1,1,0
way_full,1,1,0
way_faster,1,1,0
sufficiently_resourceful,1,1,0
way_older,1,1,0
undeniably_tragic,1,1,0
weirdly_diverse,1,1,0
sufficiently_savvy,1,1,0
sufficiently_savage,1,1,0
theologically_devout,1,1,0
undeniably_popular,1,1,0
weirdly_enormous,1,1,0
weirdly_effective,1,1,0
really_cerebral,1,1,0
weirdly_cool,1,1,0
totally_violent,1,1,0
weirdly_comforting,1,1,0
weirdly_close,1,1,0
theologically_different,1,1,0
undeniably_present,1,1,0
sufficiently_sanitary,1,1,0
sufficiently_salient,1,1,0
sufficiently_sacred,1,1,0
undeniably_nauseating,1,1,0
undeniably_interesting,1,1,0
weirdly_enthusiastic,1,1,0
really_celebratory,1,1,0
weirdly_obsessed,1,1,0
weirdly_melodic,1,1,0
weirdly_ironic,1,1,0
undeniably_haunting,1,0,1
sufficiently_scrupulous,1,1,0
weirdly_interested,1,1,0
weirdly_intense,1,1,0
sufficiently_scottish,1,1,0
weirdly_funny,1,1,0
weirdly_fun,1,1,0
weirdly_excited,1,1,0
theologically_controversial,1,1,0
undeniably_heterosexual,1,1,0
undeniably_hot,1,1,0
theologically_deep,1,1,0
undeniably_rebellious,1,1,0
sufficiently_rural,1,1,0
way_out,1,1,0
way_oversold,1,1,0
way_sexier,1,1,0
sufficiently_restorative,1,1,0
way_respectful,1,1,0
way_redundant,1,1,0
way_prettier,1,1,0
sufficiently_restful,1,1,0
way_overweight,1,1,0
way_oversized,1,1,0
sufficiently_routine,1,1,0
theologically_equal,1,1,0
theologically_erroneous,1,1,0
way_overpriced,1,1,0
theologically_fluent,1,1,0
really_childlike,1,1,0
theologically_hostile,1,1,0
way_overcooked,1,1,0
sufficiently_revealing,1,1,0
really_chic,1,1,0
really_cheesy,1,1,0
sufficiently_revelatory,1,1,0
sufficiently_round,1,1,0
way_vague,1,1,0
way_uncool,1,1,0
sufficiently_roman,1,1,0
undeniably_satisfied,1,0,1
undeniably_savage,1,1,0
way_sweet,1,1,0
sufficiently_righteous,1,1,0
sufficiently_ridiculous,1,1,0
undeniably_sexual,1,1,0
way_spooky,1,1,0
theologically_empty,1,1,0
sufficiently_reverent,1,1,0
way_smarter,1,1,0
way_shorter,1,1,0
surely_next,1,1,0
rather_insipid,1,1,0
wholly_unconvinced,1,1,0
terribly_imperfect,1,1,0
yet_memorable,1,1,0
that_finite,1,1,0
quite_deranged,1,1,0
truly_finite,1,1,0
yet_meaningless,1,1,0
terribly_imposing,1,1,0
quite_desolate,1,1,0
truly_fierce,1,1,0
quite_despicable,1,1,0
quite_despondent,1,1,0
that_fitting,1,1,0
truly_fictional,1,1,0
that_flagrant,1,1,0
terribly_implausible,1,1,0
quite_detectable,1,1,0
yet_masterful,1,1,0
yet_massive,1,1,0
terribly_impoverished,1,1,0
that_finicky,1,1,0
truly_flattering,1,1,0
yet_mighty,1,1,0
that_fictional,1,1,0
truly_foreign,1,1,0
that_fiery,1,1,0
truly_foreboding,1,1,0
quite_defunct,1,1,0
quite_dejected,1,1,0
quite_deliberate,1,1,0
yet_metallic,1,1,0
truly_wide,1,1,0
truly_foolish,1,1,0
quite_delightful,1,1,0
quite_delinquent,1,1,0
truly_flawed,1,0,1
quite_delirious,1,1,0
quite_delusional,1,1,0
truly_wicked,1,1,0
quite_detrimental,1,1,0
yet_marvelous,1,1,0
truly_troublesome,1,1,0
truly_feverish,1,1,0
truly_fearless,1,1,0
terribly_illogical,1,1,0
truly_fast,1,1,0
terribly_idle,1,1,0
quite_discerning,1,1,0
quite_discouraged,1,1,0
truly_yellow,1,1,0
quite_discouraging,1,1,0
that_flawless,1,1,0
quite_discreet,1,1,0
quite_discrete,1,1,0
quite_disheartening,1,0,1
truly_young,1,1,0
terribly_icy,1,1,0
that_flippant,1,1,0
quite_disparate,1,1,0
quite_dispassionate,1,1,0
truly_wrenching,1,1,0
quite_disappointed,1,1,0
quite_disagreeable,1,1,0
terribly_immature,1,1,0
quite_deviant,1,1,0
quite_devious,1,1,0
truly_feminist,1,1,0
truly_witty,1,1,0
truly_workable,1,1,0
quite_devoted,1,1,0
terribly_immersive,1,1,0
that_flattered,1,1,0
truly_worthless,1,0,1
quite_digestible,1,1,0
quite_digital,1,0,1
terribly_illustrious,1,1,0
quite_diminutive,1,1,0
quite_dire,1,1,0
truly_federal,1,1,0
quite_disadvantaged,1,1,0
that_few,1,1,0
that_fervent,1,1,0
truly_formative,1,1,0
that_fearsome,1,1,0
yet_near,1,1,0
terribly_instrumental,1,1,0
terribly_instructive,1,1,0
yet_native,1,1,0
truly_fussy,1,1,0
terribly_inspirational,1,1,0
terribly_insistent,1,1,0
terribly_insane,1,1,0
yet_nasty,1,1,0
yet_naked,1,1,0
terribly_innocent,1,1,0
terribly_ingenious,1,1,0
quite_cruel,1,1,0
truly_frustrated,1,1,0
that_far-reaching,1,1,0
quite_crystal,1,1,0
terribly_infuriating,1,0,1
terribly_insulting,1,1,0
quite_crass,1,1,0
terribly_insurmountable,1,1,0
quite_cosmic,1,1,0
truly_verifiable,1,1,0
terribly_intimate,1,1,0
terribly_interactive,1,1,0
quite_cooperative,1,1,0
terribly_intentional,1,1,0
quite_core,1,1,0
yet_nostalgic,1,1,0
quite_cost-effective,1,1,0
truly_vile,1,1,0
quite_cost-efficient,1,1,0
terribly_intent,1,1,0
yet_noble,1,1,0
that_exuberant,1,1,0
quite_covert,1,1,0
terribly_intelligible,1,1,0
that_factual,1,1,0
terribly_infrequent,1,1,0
quite_cultural,1,1,0
yet_mutual,1,1,0
terribly_inconceivable,1,1,0
terribly_indirect,1,1,0
terribly_indie,1,1,0
yet_mindful,1,1,0
terribly_indicative,1,1,0
truly_forthright,1,1,0
terribly_inconsistent,1,1,0
truly_forthcoming,1,1,0
quite_deadpan,1,1,0
quite_dazed,1,1,0
that_faulty,1,1,0
quite_dear,1,1,0
yet_minded,1,1,0
truly_wacky,1,1,0
quite_debilitating,1,1,0
quite_decadent,1,1,0
yet_mild,1,1,0
quite_dazzling,1,1,0
terribly_individual,1,1,0
truly_fruitful,1,1,0
that_faster,1,1,0
truly_frugal,1,1,0
truly_frosty,1,1,0
quite_curvy,1,1,0
truly_freaky,1,0,1
yet_monogamous,1,1,0
terribly_informed,1,1,0
truly_viral,1,1,0
quite_daily,1,1,0
terribly_industrious,1,1,0
truly_frantic,1,1,0
terribly_inferior,1,1,0
terribly_infectious,1,1,0
terribly_inept,1,1,0
truly_frank,1,1,0
truly_vulgar,1,1,0
quite_dapper,1,1,0
terribly_hypocritical,1,1,0
that_flustered,1,1,0
yet_lush,1,1,0
that_gay,1,1,0
so_deterministic,1,1,0
yet_laid,1,1,0
yet_laden,1,1,0
terribly_hardcore,1,1,0
truly_enthused,1,1,0
typically_adversarial,1,1,0
quite_endemic,1,1,0
terribly_handsome,1,1,0
terribly_gung,1,1,0
truly_enormous,1,1,0
truly_english,1,1,0
yet_kinky,1,1,0
yet_kind,1,1,0
quite_engrossing,1,1,0
that_gleeful,1,1,0
truly_endless,1,1,0
quite_enlightened,1,1,0
quite_enamoured,1,1,0
that_gigantic,1,1,0
terribly_hasty,1,1,0
that_genuine,1,1,0
truly_eternal,1,1,0
quite_eloquent,1,1,0
truly_epic,1,1,0
quite_elusive,1,1,0
terribly_heartless,1,1,0
quite_embarrassed,1,1,0
yet_laughable,1,1,0
yet_last,1,1,0
typically_administrative,1,1,0
terribly_heartening,1,1,0
truly_entire,1,1,0
quite_emotional,1,1,0
that_ghastly,1,1,0
quite_emotive,1,1,0
quite_empathetic,1,1,0
quite_employable,1,1,0
terribly_grumpy,1,1,0
truly_enchanting,1,1,0
typically_affordable,1,1,0
quite_evasive,1,1,0
truly_elemental,1,0,1
typically_alone,1,1,0
yet_irritating,1,1,0
yet_irrelevant,1,1,0
truly_electrifying,1,1,0
truly_elastic,1,1,0
quite_evangelical,1,1,0
terribly_granular,1,1,0
truly_eloquent,1,1,0
typically_anxious,1,1,0
yet_irreconcilable,1,1,0
truly_egregious,1,0,1
yet_ironic,1,1,0
quite_exaggerated,1,1,0
yet_invisible,1,1,0
yet_inventive,1,1,0
typically_agricultural,1,1,0
yet_itchy,1,1,0
quite_enterprising,1,1,0
quite_enviable,1,1,0
truly_empowered,1,0,1
so_developed,1,1,0
truly_empathetic,1,1,0
quite_enthralling,1,1,0
that_global,1,1,0
yet_justifiable,1,1,0
terribly_grisly,1,1,0
yet_joyous,1,1,0
truly_elusive,1,1,0
quite_equipped,1,1,0
quite_equitable,1,1,0
terribly_gregarious,1,1,0
terribly_green,1,1,0
typically_african,1,1,0
quite_erect,1,1,0
that_glum,1,1,0
that_geeky,1,1,0
terribly_heterogeneous,1,1,0
yet_luminous,1,1,0
yet_legible,1,1,0
quite_domestic,1,1,0
that_formulaic,1,1,0
truly_extensive,1,1,0
that_forthright,1,1,0
quite_draconian,1,1,0
quite_drastic,1,1,0
quite_dreadful,1,1,0
so_constitutional,1,1,0
so_detectable,1,1,0
quite_droll,1,1,0
that_fragrant,1,1,0
yet_lonely,1,1,0
twice_lucky,1,1,0
twice_mistaken,1,1,0
twice_rotten,1,1,0
yet_lit,1,1,0
quite_dysfunctional,1,1,0
terribly_human,1,1,0
quite_docile,1,1,0
that_forgettable,1,1,0
truly_eye-popping,1,1,0
that_foggy,1,1,0
truly_fabulous,1,0,1
quite_distinguished,1,0,1
yet_lucky,1,1,0
quite_distressed,1,1,0
quite_distressing,1,1,0
truly_zealous,1,1,0
yet_lucid,1,1,0
terribly_humane,1,1,0
quite_diverse,1,1,0
truly_zero,1,1,0
that_forgetful,1,1,0
terribly_hungover,1,1,0
quite_divisible,1,1,0
terribly_humorous,1,1,0
quite_divisive,1,1,0
that_frightful,1,1,0
that_frivolous,1,1,0
quite_early,1,1,0
quite_elastic,1,1,0
quite_effusive,1,1,0
terribly_high-tech,1,1,0
yet_life-threatening,1,1,0
yet_lethal,1,1,0
quite_egotistical,1,1,0
quite_egregious,1,1,0
terribly_high-profile,1,1,0
typically_accustomed,1,1,0
yet_likable,1,1,0
quite_electable,1,1,0
that_funnier,1,1,0
truly_evident,1,1,0
typically_actionable,1,1,0
quite_electrifying,1,1,0
yet_less,1,1,0
that_fuzzy,1,1,0
yet_lifeless,1,1,0
that_funky,1,1,0
twice_similar,1,1,0
yet_limitless,1,1,0
quite_earthy,1,1,0
terribly_hopeless,1,1,0
yet_liquid,1,1,0
twice_slight,1,1,0
quite_eco-friendly,1,1,0
truly_expendable,1,1,0
quite_economic,1,1,0
truly_exotic,1,1,0
that_fun,1,1,0
terribly_honorable,1,1,0
truly_exempt,1,1,0
truly_exemplary,1,1,0
typically_accountable,1,1,0
typically_accurate,1,1,0
quite_educational,1,1,0
terribly_homesick,1,1,0
terribly_intolerant,1,1,0
yet_nuclear,1,1,0
quite_conversational,1,1,0
terribly_opaque,1,1,0
quite_beefy,1,1,0
truly_undetectable,1,1,0
quite_beguiling,1,1,0
yet_portable,1,1,0
quite_beloved,1,1,0
truly_hip,1,1,0
quite_benign,1,1,0
terribly_obese,1,1,0
truly_unemployed,1,1,0
terribly_numerous,1,1,0
truly_hilarious,1,1,0
quite_bereft,1,1,0
yet_polluted,1,1,0
truly_uneventful,1,1,0
terribly_nourishing,1,1,0
quite_biased,1,1,0
truly_unfair,1,0,1
truly_historic,1,1,0
terribly_obsessed,1,1,0
quite_bearish,1,1,0
quite_balmy,1,1,0
yet_presentable,1,1,0
terribly_one-sided,1,1,0
truly_undecided,1,1,0
terribly_older,1,1,0
terribly_official,1,0,1
that_enchanting,1,1,0
yet_predominant,1,1,0
quite_banal,1,1,0
quite_bearable,1,1,0
yet_precocious,1,1,0
terribly_off-putting,1,1,0
terribly_off,1,1,0
terribly_odious,1,1,0
yet_powerless,1,1,0
truly_understandable,1,1,0
quite_baseless,1,1,0
quite_bigger,1,1,0
quite_bigoted,1,1,0
quite_bisexual,1,1,0
quite_bottomless,1,1,0
truly_heretical,1,1,0
truly_uniform,1,1,0
that_esoteric,1,1,0
truly_hereditary,1,1,0
terribly_neurotic,1,1,0
yet_pleasant,1,1,0
truly_unplanned,1,1,0
terribly_nerdy,1,1,0
quite_blurred,1,1,0
quite_brash,1,1,0
terribly_needy,1,1,0
that_euphoric,1,1,0
quite_brazen,1,1,0
quite_breathable,1,1,0
truly_heartfelt,1,1,0
quite_breathtaking,1,1,0
quite_bonkers,1,1,0
quite_blunt,1,1,0
quite_bitchy,1,1,0
quite_blatant,1,1,0
truly_unforgettable,1,1,0
truly_unforgivable,1,1,0
truly_unfortunate,1,1,0
yet_polished,1,1,0
that_enviable,1,1,0
quite_blase,1,1,0
quite_blasphemous,1,1,0
quite_bleak,1,1,0
yet_pluralistic,1,1,0
quite_blended,1,1,0
quite_blessed,1,1,0
that_epic,1,1,0
truly_heterosexual,1,1,0
terribly_nomadic,1,1,0
that_equipped,1,1,0
quite_bloody,1,1,0
truly_unconditional,1,1,0
terribly_open-minded,1,1,0
truly_hazardous,1,1,0
yet_pretentious,1,1,0
terribly_pigmented,1,1,0
truly_horrendous,1,1,0
terribly_physical,1,1,0
truly_trustworthy,1,1,0
terribly_philosophical,1,1,0
so_cost,1,1,0
yet_proof,1,1,0
quite_appalling,1,1,0
truly_typical,1,1,0
terribly_personable,1,1,0
terribly_perplexed,1,1,0
terribly_perceptible,1,1,0
terribly_penetrating,1,1,0
terribly_peaceful,1,1,0
that_elastic,1,1,0
that_elderly,1,1,0
terribly_passionate,1,1,0
terribly_pink,1,1,0
yet_prudent,1,1,0
terribly_placid,1,1,0
that_effeminate,1,1,0
terribly_possible,1,1,0
that_eco-friendly,1,1,0
truly_hostile,1,1,0
quite_anachronistic,1,1,0
that_educational,1,1,0
that_effectual,1,1,0
quite_anemic,1,1,0
terribly_polished,1,1,0
quite_anti-social,1,1,0
truly_horrified,1,1,0
terribly_poetic,1,1,0
truly_troubling,1,1,0
truly_horrid,1,1,0
quite_antagonistic,1,1,0
quite_anti-israel,1,1,0
that_egotistical,1,1,0
quite_arrogant,1,1,0
quite_artful,1,1,0
quite_artificial,1,1,0
that_employable,1,1,0
yet_privileged,1,1,0
terribly_ornate,1,1,0
truly_unbreakable,1,1,0
quite_autobiographical,1,1,0
terribly_oriented,1,1,0
quite_automatic,1,1,0
terribly_orderly,1,1,0
yet_pristine,1,1,0
quite_australian,1,1,0
truly_uncomfortable,1,1,0
quite_avoidable,1,1,0
truly_holistic,1,1,0
yet_preventable,1,1,0
terribly_opposite,1,1,0
yet_prevailing,1,1,0
terribly_opinionated,1,0,1
terribly_outraged,1,1,0
truly_hollow,1,1,0
that_elementary,1,1,0
quite_astounding,1,1,0
truly_homosexual,1,1,0
truly_homogenous,1,1,0
terribly_pale,1,1,0
truly_unaffiliated,1,1,0
that_emblematic,1,1,0
terribly_overwhelmed,1,1,0
truly_unattainable,1,1,0
quite_astringent,1,1,0
truly_unbiased,1,1,0
quite_astronomical,1,1,0
quite_astute,1,1,0
truly_unavoidable,1,1,0
terribly_overgrown,1,1,0
quite_attainable,1,1,0
truly_unbelievable,1,1,0
terribly_outstanding,1,1,0
truly_heartbroken,1,1,0
terribly_nationalistic,1,1,0
truly_general,1,1,0
truly_gruesome,1,1,0
quite_comic,1,1,0
that_exhilarating,1,1,0
terribly_linear,1,1,0
quite_commanding,1,1,0
that_exorbitant,1,1,0
terribly_libertarian,1,1,0
terribly_lethal,1,1,0
yet_oppressive,1,1,0
truly_gratuitous,1,1,0
terribly_legal,1,1,0
yet_ongoing,1,1,0
quite_communist,1,1,0
terribly_left-wing,1,1,0
yet_onerous,1,1,0
yet_onboard,1,1,0
yet_omnipresent,1,1,0
terribly_lean,1,1,0
terribly_lively,1,1,0
yet_ordinary,1,1,0
yet_organic,1,1,0
terribly_long-lasting,1,1,0
yet_outlandish,1,1,0
quite_closer,1,1,0
truly_groovy,1,1,0
that_excruciating,1,1,0
yet_out,1,1,0
terribly_lopsided,1,1,0
truly_vain,1,1,0
truly_gritty,1,1,0
terribly_local,1,1,0
quite_cogent,1,1,0
quite_cognizant,1,1,0
terribly_lonely,1,1,0
yet_other,1,1,0
that_exhaustive,1,1,0
truly_grim,1,1,0
quite_collaborative,1,1,0
quite_compelled,1,1,0
yet_older,1,1,0
terribly_law-abiding,1,1,0
terribly_irrelevant,1,1,0
terribly_jarring,1,0,1
quite_connected,1,1,0
terribly_japanese,1,1,0
quite_consensual,1,1,0
yet_obligated,1,1,0
that_exploitable,1,1,0
quite_constructive,1,1,0
truly_glad,1,1,0
quite_confusing,1,1,0
terribly_invincible,1,1,0
that_exploitative,1,1,0
quite_contrite,1,1,0
that_extensible,1,1,0
terribly_introverted,1,1,0
truly_generous,1,1,0
terribly_intricate,1,1,0
terribly_jealous,1,1,0
quite_confused,1,1,0
truly_gothic,1,1,0
terribly_laborious,1,1,0
terribly_laughable,1,1,0
quite_complimentary,1,1,0
truly_gorgeous,1,1,0
terribly_lasting,1,1,0
terribly_larger,1,1,0
quite_compulsive,1,1,0
that_experimental,1,1,0
quite_concentrated,1,1,0
quite_confrontational,1,1,0
terribly_labor-intensive,1,1,0
truly_glum,1,1,0
terribly_kinky,1,1,0
truly_globalized,1,1,0
quite_conductive,1,1,0
terribly_judicious,1,1,0
terribly_judgemental,1,1,0
truly_gross,1,1,0
yet_overcome,1,1,0
yet_plain,1,1,0
quite_cliched,1,1,0
terribly_modest,1,1,0
truly_unruly,1,1,0
yet_persistent,1,1,0
that_exacting,1,1,0
quite_capitalist,1,1,0
terribly_miscast,1,1,0
that_exaggerated,1,1,0
terribly_miraculous,1,0,1
terribly_minor,1,0,1
terribly_mindful,1,1,0
truly_unsettling,1,1,0
terribly_mind-blowing,1,1,0
so_convertible,1,1,0
truly_untouched,1,1,0
yet_perceptible,1,1,0
quite_catastrophic,1,1,0
yet_patronizing,1,1,0
quite_campy,1,1,0
truly_unpredictable,1,1,0
truly_unpopular,1,1,0
quite_bubbly,1,1,0
truly_harsh,1,1,0
that_evangelical,1,1,0
terribly_nasty,1,1,0
yet_pink,1,1,0
quite_broken,1,1,0
terribly_mystical,1,0,1
truly_harmonious,1,1,0
quite_buggy,1,1,0
terribly_more,1,1,0
terribly_musical,1,1,0
terribly_mushy,1,1,0
terribly_muscular,1,1,0
terribly_mundane,1,1,0
terribly_mountainous,1,1,0
terribly_motivating,1,1,0
quite_buoyant,1,1,0
terribly_mesmerizing,1,1,0
truly_unusual,1,0,1
terribly_melodramatic,1,1,0
quite_civil,1,1,0
terribly_malicious,1,1,0
truly_urban,1,1,0
quite_chinese,1,1,0
truly_usable,1,1,0
quite_chunky,1,1,0
terribly_magic,1,1,0
terribly_mad,1,1,0
terribly_luxurious,1,1,0
terribly_malignant,1,1,0
terribly_lush,1,1,0
truly_handicapped,1,1,0
terribly_lucky,1,1,0
terribly_lucid,1,1,0
quite_classy,1,1,0
terribly_lower,1,1,0
quite_clear-cut,1,1,0
truly_hard-hitting,1,1,0
terribly_malleable,1,1,0
terribly_melodic,1,1,0
truly_uplifting,1,1,0
terribly_mediocre,1,1,0
quite_celebrated,1,1,0
truly_upbeat,1,1,0
quite_celebratory,1,1,0
terribly_meaningless,1,1,0
quite_ceremonial,1,1,0
terribly_mean-spirited,1,1,0
terribly_mathematical,1,1,0
yet_painless,1,1,0
yet_passe,1,1,0
yet_paranoid,1,1,0
quite_characteristic,1,1,0
quite_charitable,1,1,0
truly_upright,1,1,0
that_excitable,1,1,0
terribly_malty,1,1,0
typically_apparent,1,1,0
yet_invaluable,1,1,0
that_goofy,1,1,0
typically_dynamic,1,1,0
so_complicit,1,1,0
yet_ethereal,1,1,0
terribly_drinkable,1,1,0
terribly_dressy,1,1,0
that_instructive,1,1,0
that_instrumental,1,1,0
yet_entrenched,1,1,0
truly_confidential,1,1,0
that_insulting,1,1,0
terribly_draconian,1,0,1
truly_concrete,1,1,0
truly_conceptual,1,1,0
yet_entire,1,1,0
quite_inconceivable,1,1,0
quite_inconsequential,1,1,0
quite_inconspicuous,1,1,0
yet_enthusiastic,1,1,0
quite_incompatible,1,1,0
truly_connected,1,1,0
that_insistent,1,1,0
terribly_early,1,1,0
terribly_earthy,1,1,0
quite_improper,1,1,0
quite_inaccessible,1,1,0
terribly_earnest,1,1,0
that_inhuman,1,1,0
so_disadvantaged,1,1,0
that_injurious,1,1,0
truly_constitutional,1,1,0
typically_economical,1,1,0
that_innocuous,1,1,0
yet_exact,1,1,0
truly_constant,1,1,0
that_insignificant,1,1,0
terribly_dumb,1,1,0
quite_incidental,1,1,0
truly_consequential,1,0,1
quite_inconvenient,1,1,0
terribly_dogmatic,1,1,0
terribly_divisive,1,1,0
quite_indulgent,1,1,0
that_intoxicated,1,1,0
that_intrigued,1,1,0
typically_elite,1,1,0
typically_empty,1,1,0
yet_effortless,1,1,0
that_invasive,1,1,0
truly_complementary,1,1,0
typically_enjoyable,1,1,0
typically_elegant,1,1,0
terribly_dissatisfied,1,1,0
quite_inept,1,1,0
truly_compassionate,1,1,0
that_invincible,1,1,0
truly_compact,1,1,0
terribly_disproportionate,1,1,0
yet_educated,1,1,0
that_intolerant,1,1,0
quite_indignant,1,1,0
that_intact,1,1,0
that_intentional,1,1,0
quite_incredulous,1,1,0
yet_enormous,1,1,0
terribly_disturbing,1,1,0
quite_indestructible,1,1,0
terribly_disturbed,1,1,0
truly_complimentary,1,1,0
yet_energetic,1,1,0
yet_enduring,1,1,0
yet_eloquent,1,1,0
terribly_distressing,1,1,0
quite_indie,1,1,0
truly_complicit,1,1,0
that_interactive,1,1,0
yet_embarrassing,1,1,0
quite_indigenous,1,1,0
that_interchangeable,1,1,0
truly_constructive,1,1,0
typically_durable,1,1,0
that_irrational,1,1,0
that_inflexible,1,1,0
truly_corrupt,1,1,0
typically_detailed,1,1,0
yet_feral,1,1,0
that_inconspicuous,1,1,0
terribly_elastic,1,1,0
that_incorrect,1,1,0
quite_idyllic,1,1,0
terribly_effusive,1,1,0
yet_fearful,1,1,0
that_incredulous,1,1,0
yet_fatigued,1,1,0
quite_illogical,1,1,0
quite_illuminating,1,1,0
yet_fascist,1,1,0
typically_disappointed,1,1,0
yet_fantastic,1,1,0
quite_imaginative,1,1,0
typically_depressed,1,1,0
terribly_elite,1,1,0
yet_fertile,1,1,0
typically_critical,1,1,0
quite_hostile,1,1,0
yet_figurative,1,1,0
truly_criminal,1,1,0
typically_credible,1,1,0
quite_humble,1,1,0
that_incendiary,1,1,0
that_incisive,1,1,0
truly_credible,1,1,0
that_incompatible,1,1,0
yet_feverish,1,1,0
quite_hypocritical,1,1,0
truly_cozy,1,1,0
truly_cost-effective,1,1,0
terribly_elitist,1,1,0
yet_festive,1,1,0
typically_decorative,1,1,0
that_indestructible,1,1,0
terribly_effortless,1,1,0
yet_false,1,1,0
truly_content,1,1,0
typically_due,1,1,0
yet_experiential,1,1,0
quite_impatient,1,1,0
quite_impenetrable,1,1,0
truly_contradictory,1,1,0
that_inflammatory,1,1,0
yet_expendable,1,1,0
quite_impotent,1,1,0
typically_dry,1,1,0
yet_exotic,1,1,0
quite_impractical,1,1,0
terribly_eclectic,1,1,0
that_inflated,1,1,0
terribly_eccentric,1,1,0
quite_impregnable,1,1,0
yet_exemplary,1,1,0
that_infectious,1,1,0
terribly_economical,1,1,0
so_comprehensible,1,1,0
terribly_effectual,1,1,0
typically_distinct,1,1,0
that_indispensable,1,1,0
that_indistinguishable,1,1,0
quite_immature,1,1,0
terribly_efficacious,1,1,0
quite_immense,1,1,0
yet_extraordinary,1,1,0
that_inebriated,1,1,0
typically_drunk,1,1,0
truly_convertible,1,1,0
so_directional,1,1,0
truly_contrary,1,0,1
typically_docile,1,1,0
typically_dramatic,1,1,0
quite_immortal,1,1,0
yet_explosive,1,1,0
quite_inescapable,1,1,0
typically_enthusiastic,1,1,0
quite_horrific,1,1,0
yet_direct,1,1,0
terribly_decadent,1,1,0
typically_fashionable,1,1,0
typically_fast,1,1,0
quite_itchy,1,1,0
terribly_deadly,1,1,0
truly_chunky,1,1,0
typically_favorable,1,1,0
quite_jarring,1,1,0
that_listenable,1,1,0
typically_feasible,1,1,0
quite_jolly,1,1,0
quite_jovial,1,1,0
yet_demented,1,1,0
that_lively,1,1,0
truly_chic,1,1,0
truly_cheesy,1,1,0
that_long-lasting,1,1,0
truly_classic,1,1,0
yet_derelict,1,1,0
yet_derivative,1,1,0
truly_clear-cut,1,1,0
yet_devout,1,1,0
that_less,1,1,0
that_liable,1,1,0
typically_fair,1,1,0
typically_false,1,1,0
yet_detrimental,1,1,0
yet_destructive,1,1,0
yet_despondent,1,1,0
terribly_dedicated,1,1,0
terribly_delicate,1,1,0
that_liberating,1,1,0
quite_irresistible,1,1,0
terribly_dehydrated,1,1,0
truly_classical,1,1,0
terribly_definitive,1,1,0
terribly_deficient,1,1,0
truly_chaste,1,1,0
quite_juvenile,1,1,0
truly_charming,1,1,0
terribly_crippling,1,1,0
truly_catchy,1,1,0
quite_lazy,1,1,0
yet_damned,1,1,0
quite_left-wing,1,1,0
quite_leftist,1,1,0
yet_damaging,1,1,0
truly_catastrophic,1,0,1
terribly_creepy,1,1,0
quite_latin,1,1,0
that_lumpy,1,1,0
yet_customizable,1,1,0
that_lush,1,1,0
typically_formal,1,1,0
truly_casual,1,1,0
quite_lesbian,1,1,0
quite_less,1,1,0
quite_lavish,1,1,0
terribly_crooked,1,1,0
yet_defiant,1,1,0
yet_deaf,1,1,0
terribly_dainty,1,1,0
quite_kinder,1,1,0
quite_knowledgable,1,1,0
truly_charitable,1,1,0
quite_korean,1,1,0
terribly_cute,1,1,0
typically_flat,1,1,0
terribly_customizable,1,1,0
truly_celebratory,1,1,0
yet_daunting,1,0,1
typically_flexible,1,1,0
quite_larger,1,1,0
terribly_cumbersome,1,1,0
truly_central,1,1,0
yet_daring,1,1,0
yet_damp,1,1,0
terribly_demeaning,1,1,0
yet_dirty,1,1,0
truly_commonplace,1,1,0
typically_extreme,1,1,0
that_irreverent,1,0,1
quite_insatiable,1,1,0
quite_insecure,1,1,0
quite_inseparable,1,1,0
yet_drowsy,1,1,0
that_irritated,1,1,0
typically_evil,1,1,0
typically_exceptional,1,1,0
that_jam-packed,1,1,0
quite_insightful,1,1,0
that_joyful,1,1,0
that_joyous,1,1,0
quite_insincere,1,1,0
quite_insistent,1,1,0
that_judgemental,1,1,0
terribly_direct,1,1,0
yet_doomed,1,1,0
that_irresistible,1,1,0
typically_evasive,1,1,0
quite_innocuous,1,1,0
yet_dynamic,1,1,0
quite_infectious,1,1,0
terribly_disposable,1,1,0
that_irreconcilable,1,1,0
quite_influential,1,1,0
terribly_displeased,1,1,0
terribly_disheartening,1,1,0
truly_collectible,1,1,0
terribly_discretionary,1,1,0
terribly_disciplined,1,1,0
quite_ingenious,1,1,0
quite_inhuman,1,1,0
typically_equal,1,1,0
yet_durable,1,1,0
typically_equipped,1,1,0
quite_innate,1,1,0
typically_evangelical,1,1,0
yet_doable,1,1,0
typically_excessive,1,1,0
terribly_diplomatic,1,1,0
yet_disenchanted,1,1,0
yet_disruptive,1,1,0
truly_cocky,1,1,0
yet_dismissive,1,1,0
yet_dismal,1,1,0
yet_disillusioned,1,1,0
quite_internal,1,1,0
quite_international,1,1,0
yet_discoverable,1,1,0
that_legal,1,1,0
truly_cloudy,1,1,0
terribly_dependent,1,1,0
yet_disastrous,1,1,0
yet_disappointed,1,1,0
terribly_dependable,1,1,0
truly_closed,1,1,0
typically_extravagant,1,1,0
yet_distant,1,1,0
quite_intensive,1,1,0
truly_coincidental,1,1,0
terribly_dignified,1,1,0
that_kinky,1,1,0
quite_insufferable,1,1,0
quite_insulting,1,1,0
that_labor-intensive,1,1,0
that_lacking,1,1,0
quite_insurmountable,1,1,0
that_larger,1,1,0
typically_excited,1,1,0
that_leery,1,1,0
terribly_didactic,1,1,0
quite_intellectual,1,1,0
that_lax,1,1,0
typically_exhaustive,1,1,0
terribly_devastating,1,1,0
typically_expansive,1,1,0
truly_coherent,1,1,0
quite_horrifying,1,1,0
terribly_embarrassed,1,1,0
truly_effectual,1,1,0
that_hardcore,1,1,0
terribly_focused,1,1,0
yet_imaginable,1,1,0
yet_illustrious,1,1,0
truly_disconcerting,1,1,0
quite_flattered,1,1,0
yet_hysterical,1,1,0
terribly_floral,1,1,0
terribly_flimsy,1,1,0
truly_disagreeable,1,1,0
yet_humbled,1,1,0
yet_humble,1,1,0
quite_fleeting,1,1,0
yet_humanitarian,1,1,0
quite_flimsy,1,1,0
quite_flippant,1,1,0
quite_flirtatious,1,1,0
yet_hostile,1,1,0
quite_flammable,1,1,0
typically_bustling,1,1,0
yet_impaired,1,1,0
that_harrowing,1,1,0
quite_feral,1,1,0
quite_ferocious,1,1,0
quite_few,1,1,0
terribly_french,1,1,0
terribly_foul,1,1,0
quite_fictitious,1,1,0
so_didactic,1,1,0
quite_fiery,1,1,0
typically_bulky,1,1,0
quite_figurative,1,1,0
quite_filthy,1,1,0
yet_inaccessible,1,1,0
truly_discreet,1,1,0
yet_improbable,1,1,0
yet_impoverished,1,1,0
terribly_foreboding,1,1,0
truly_dirty,1,0,1
typically_cancerous,1,1,0
yet_honorable,1,0,1
terribly_fat,1,1,0
truly_didactic,1,1,0
terribly_feminist,1,1,0
truly_devout,1,1,0
that_healthier,1,1,0
truly_devastating,1,0,1
truly_detrimental,1,1,0
truly_determined,1,1,0
quite_fragile,1,1,0
truly_digestible,1,1,0
truly_detectable,1,1,0
quite_fragrant,1,1,0
quite_frail,1,1,0
that_hearty,1,1,0
yet_heartless,1,1,0
yet_healthier,1,1,0
that_heavier,1,1,0
quite_forthright,1,1,0
yet_helpless,1,1,0
that_harsher,1,1,0
truly_direct,1,1,0
terribly_flavourful,1,1,0
yet_honest,1,1,0
quite_foggy,1,1,0
typically_catholic,1,1,0
yet_homegrown,1,1,0
terribly_flattered,1,1,0
yet_hollow,1,1,0
so_die-hard,1,1,0
yet_hereditary,1,1,0
truly_dire,1,1,0
terribly_fishy,1,1,0
typically_central,1,1,0
truly_diligent,1,1,0
terribly_filthy,1,1,0
terribly_fickle,1,1,0
terribly_few,1,1,0
yet_inclusive,1,1,0
typically_budget-friendly,1,1,0
quite_fraudulent,1,1,0
yet_incompetent,1,1,0
typically_avoidable,1,1,0
yet_intentional,1,1,0
quite_expressive,1,1,0
typically_awake,1,1,0
yet_intelligible,1,1,0
terribly_gloomy,1,1,0
typically_bad,1,1,0
quite_extravagant,1,1,0
yet_integral,1,1,0
yet_insurmountable,1,1,0
quite_extroverted,1,1,0
terribly_genuine,1,1,0
truly_diverse,1,1,0
quite_eye-opening,1,1,0
quite_eye-popping,1,1,0
quite_fabulous,1,1,0
truly_distinguished,1,1,0
quite_expired,1,1,0
truly_divisive,1,1,0
typically_averse,1,1,0
typically_attainable,1,1,0
quite_excruciating,1,1,0
typically_appealing,1,1,0
truly_edifying,1,1,0
quite_exhausting,1,1,0
truly_edgy,1,1,0
truly_economical,1,1,0
yet_intimidating,1,1,0
quite_expendable,1,1,0
quite_expert,1,1,0
that_granular,1,1,0
terribly_good-looking,1,1,0
that_graphic,1,1,0
truly_dreadful,1,1,0
typically_audible,1,1,0
truly_dogmatic,1,1,0
yet_interchangeable,1,1,0
quite_faint,1,1,0
truly_distinctive,1,1,0
that_grievous,1,1,0
typically_bold,1,1,0
terribly_frigid,1,1,0
quite_faster,1,1,0
yet_inept,1,1,0
yet_indignant,1,1,0
quite_fatigued,1,1,0
quite_faulty,1,1,0
yet_indifferent,1,1,0
truly_dismal,1,1,0
truly_disposable,1,1,0
quite_favourite,1,1,0
quite_fearful,1,1,0
that_hairless,1,1,0
that_haphazard,1,1,0
yet_inconceivable,1,1,0
typically_breezy,1,1,0
truly_dishonest,1,1,0
truly_dispassionate,1,1,0
so_dicey,1,1,0
quite_false,1,1,0
typically_belligerent,1,1,0
that_gripping,1,1,0
truly_distant,1,1,0
yet_innovative,1,1,0
that_grisly,1,1,0
that_gritty,1,1,0
quite_fanatical,1,1,0
yet_inherent,1,1,0
typically_beneficial,1,1,0
terribly_fulfilling,1,1,0
typically_better,1,1,0
typically_big,1,1,0
that_grotesque,1,1,0
truly_dissonant,1,1,0
quite_farfetched,1,1,0
truly_dissatisfied,1,1,0
quite_fascist,1,1,0
truly_destructive,1,1,0
so_conditional,1,1,0
quite_horrendous,1,1,0
truly_decisive,1,1,0
quite_haunting,1,1,0
quite_hawkish,1,1,0
quite_hazardous,1,1,0
quite_hazy,1,1,0
that_illustrative,1,1,0
quite_heartbreaking,1,0,1
that_imaginary,1,1,0
quite_heartbroken,1,1,0
terribly_even,1,1,0
quite_heartfelt,1,1,0
terribly_evangelical,1,1,0
terribly_ethical,1,1,0
quite_heavenly,1,1,0
that_immature,1,1,0
yet_foundational,1,1,0
that_immense,1,1,0
quite_hefty,1,1,0
terribly_even-handed,1,1,0
quite_harmonious,1,1,0
that_illiterate,1,1,0
yet_fruitful,1,1,0
quite_gullible,1,1,0
truly_deceptive,1,1,0
quite_hairless,1,1,0
terribly_excessive,1,1,0
typically_complicated,1,1,0
truly_decadent,1,1,0
truly_deadly,1,1,0
that_idle,1,1,0
typically_conscious,1,1,0
quite_happier,1,1,0
yet_frosty,1,1,0
yet_friendly,1,1,0
quite_hard-hitting,1,1,0
yet_frequent,1,1,0
yet_frail,1,1,0
that_idyllic,1,1,0
that_imminent,1,1,0
quite_heterosexual,1,1,0
yet_foreign,1,1,0
quite_honourable,1,1,0
typically_costly,1,1,0
quite_homogenous,1,1,0
quite_homosexual,1,1,0
terribly_empty,1,1,0
yet_foolhardy,1,1,0
that_inaccessible,1,1,0
truly_curable,1,1,0
terribly_empowering,1,1,0
so_conceivable,1,1,0
yet_fond,1,1,0
truly_crunchy,1,1,0
terribly_empathetic,1,1,0
so_compulsory,1,1,0
that_inaudible,1,1,0
quite_horny,1,1,0
that_incapable,1,1,0
truly_custom,1,0,1
that_imprecise,1,1,0
typically_contentious,1,1,0
that_impeccable,1,1,0
terribly_ergonomic,1,1,0
quite_higher,1,1,0
terribly_equal,1,1,0
truly_customisable,1,1,0
typically_contextual,1,1,0
that_impartial,1,1,0
terribly_enthralling,1,1,0
terribly_enough,1,1,0
that_impotent,1,1,0
that_impenetrable,1,1,0
terribly_english,1,1,0
typically_cordial,1,1,0
that_impersonal,1,1,0
quite_homely,1,1,0
quite_homemade,1,1,0
quite_homesick,1,1,0
yet_frustrated,1,1,0
typically_compliant,1,1,0
yet_hateful,1,1,0
quite_groundless,1,1,0
typically_classical,1,1,0
quite_fundamental,1,1,0
yet_grumpy,1,1,0
typically_close,1,1,0
quite_futuristic,1,1,0
quite_fuzzy,1,1,0
quite_galling,1,1,0
quite_garish,1,1,0
typically_cold,1,1,0
terribly_extravagant,1,0,1
yet_green,1,1,0
yet_greater,1,1,0
yet_golden,1,1,0
quite_genteel,1,1,0
truly_depressed,1,1,0
typically_colder,1,1,0
that_historical,1,1,0
yet_handy,1,1,0
yet_hard-hitting,1,1,0
quite_fucking,1,1,0
truly_destitute,1,1,0
yet_harmful,1,1,0
quite_frenetic,1,1,0
typically_cheaper,1,1,0
yet_hardy,1,1,0
yet_harder,1,1,0
quite_frightened,1,1,0
that_hefty,1,1,0
that_heinous,1,1,0
yet_hardcore,1,1,0
truly_despicable,1,1,0
typically_christian,1,1,0
truly_desirable,1,1,0
quite_front,1,1,0
typically_chubby,1,1,0
that_heretical,1,1,0
quite_frustrated,1,1,0
yet_glossy,1,1,0
that_holy,1,1,0
quite_germane,1,1,0
quite_greater,1,1,0
yet_furious,1,1,0
that_humiliating,1,1,0
terribly_existent,1,1,0
quite_gratuitous,1,1,0
terribly_exhilarating,1,1,0
quite_greasy,1,1,0
yet_full-time,1,1,0
that_hygienic,1,1,0
that_human,1,1,0
terribly_exhausted,1,1,0
terribly_exclusive,1,0,1
that_hyperbolic,1,1,0
truly_defensive,1,1,0
terribly_excitable,1,1,0
quite_gross,1,1,0
quite_groundbreaking,1,1,0
terribly_expandable,1,1,0
truly_delightful,1,1,0
yet_glamorous,1,1,0
truly_demonic,1,1,0
quite_gigantic,1,1,0
truly_deplorable,1,1,0
that_homely,1,1,0
truly_dependent,1,1,0
typically_comparable,1,1,0
quite_glaring,1,1,0
quite_global,1,1,0
quite_gloomy,1,1,0
that_horrified,1,1,0
that_horny,1,1,0
quite_godly,1,1,0
terribly_experimental,1,1,0
yet_future,1,1,0
quite_gooey,1,1,0
quite_goofy,1,1,0
terribly_experienced,1,1,0
truly_human-like,1,1,0
truly_triumphant,1,1,0
that_lyrical,1,1,0
terribly_white,1,1,0
truly_prophetic,1,1,0
purely_crass,1,1,0
truly_monochromatic,1,1,0
truly_proportional,1,1,0
truly_momentous,1,0,1
truly_proprietary,1,1,0
purely_dangerous,1,1,0
purely_dark,1,1,0
truly_prosperous,1,1,0
purely_data-driven,1,1,0
purely_decisive,1,1,0
terribly_wobbly,1,1,0
truly_psychic,1,0,1
purely_delusional,1,1,0
truly_modern,1,1,0
truly_puzzling,1,1,0
that_cheery,1,1,0
terribly_worthy,1,1,0
terribly_wrinkled,1,1,0
purely_correct,1,1,0
purely_conscious,1,1,0
purely_compassionate,1,1,0
truly_prompt,1,1,0
terrifically_brave,1,1,0
terrifically_better,1,1,0
purely_complex,1,1,0
terrifically_beautiful,1,1,0
yet_uncool,1,1,0
yet_unconscious,1,1,0
truly_proper,1,1,0
terrifically_awesome,1,1,0
purely_controlled,1,1,0
terrifically_alarming,1,1,0
terrifically_adventurous,1,1,0
terrifically_active,1,1,0
terrifically_accurate,1,1,0
terribly_yummy,1,1,0
that_chilling,1,1,0
purely_destructive,1,1,0
quite_amazed,1,1,0
purely_didactic,1,1,0
purely_elegant,1,1,0
yet_unassailable,1,1,0
truly_radical,1,1,0
terribly_visceral,1,1,0
purely_entrepreneurial,1,1,0
truly_real-time,1,1,0
terribly_vicious,1,1,0
purely_ethical,1,1,0
terribly_vibrant,1,1,0
terribly_viable,1,1,0
truly_mindless,1,1,0
yet_unanswered,1,1,0
truly_receptive,1,1,0
purely_evangelical,1,1,0
terribly_vexing,1,1,0
purely_executive,1,1,0
purely_exploitative,1,1,0
that_classical,1,1,0
truly_minor,1,1,0
yet_unattractive,1,1,0
purely_dishonest,1,1,0
truly_questionable,1,1,0
that_circumspect,1,1,0
terribly_weird,1,1,0
terribly_wearable,1,1,0
purely_disastrous,1,1,0
yet_uncertain,1,1,0
purely_discretionary,1,1,0
truly_mistaken,1,1,0
yet_unavailable,1,1,0
terribly_wacky,1,1,0
purely_disruptive,1,1,0
purely_distinct,1,1,0
truly_misguided,1,1,0
purely_divine,1,1,0
purely_due,1,1,0
purely_ecological,1,1,0
truly_prolific,1,1,0
truly_monstrous,1,1,0
yet_undefined,1,1,0
that_changeable,1,1,0
truly_mundane,1,1,0
purely_amusing,1,1,0
purely_analytical,1,1,0
yet_unforgettable,1,1,0
terrifically_hard,1,1,0
truly_multicultural,1,1,0
purely_apolitical,1,0,1
terrifically_functional,1,1,0
yet_unforeseen,1,1,0
purely_artificial,1,1,0
yet_unfolding,1,1,0
terrifically_fond,1,1,0
purely_aspirational,1,1,0
terrifically_fluent,1,1,0
purely_attributable,1,1,0
terrifically_fit,1,1,0
purely_autistic,1,1,0
terrifically_hardy,1,1,0
purely_amazing,1,1,0
truly_murderous,1,0,1
terrifically_indignant,1,1,0
publicly_widespread,1,1,0
terrifically_mainstream,1,1,0
terrifically_lucky,1,1,0
yet_uninhabited,1,1,0
yet_unidentified,1,1,0
terrifically_likable,1,1,0
truly_powerless,1,1,0
terrifically_impressed,1,1,0
terrifically_hospitable,1,1,0
that_cartoony,1,1,0
purely_affective,1,1,0
purely_african,1,1,0
truly_precocious,1,1,0
terrifically_imaginative,1,1,0
terrifically_ideal,1,1,0
purely_amateur,1,1,0
truly_prepared,1,1,0
truly_presumptuous,1,1,0
purely_autonomous,1,1,0
terrifically_complicated,1,1,0
truly_mortal,1,1,0
purely_catholic,1,1,0
terrifically_different,1,1,0
terrifically_congenial,1,1,0
terrifically_confident,1,1,0
terrifically_conducive,1,1,0
truly_more,1,1,0
terrifically_compelling,1,0,1
terrifically_dynamic,1,1,0
truly_proficient,1,1,0
terrifically_close,1,1,0
purely_circumstantial,1,1,0
terrifically_clear,1,1,0
purely_classy,1,1,0
terrifically_choosy,1,1,0
terrifically_charming,1,1,0
terrifically_dreamy,1,0,1
purely_carnal,1,1,0
purely_average,1,1,0
terrifically_enthusiastic,1,1,0
purely_awesome,1,1,0
truly_mountainous,1,1,0
purely_beautiful,1,1,0
truly_principled,1,1,0
yet_underwater,1,1,0
purely_biblical,1,1,0
purely_binary,1,1,0
terrifically_enthused,1,1,0
terrifically_efficient,1,0,1
purely_blank,1,1,0
purely_blatant,1,1,0
purely_boring,1,1,0
purely_brilliant,1,1,0
purely_british,1,1,0
truly_motivating,1,1,0
purely_capricious,1,1,0
purely_exploratory,1,1,0
terribly_vertical,1,1,0
terribly_versatile,1,1,0
purely_infallible,1,1,0
purely_japanese,1,1,0
truly_resilient,1,1,0
purely_joyous,1,1,0
purely_jubilant,1,1,0
so_deeper,1,1,0
truly_respected,1,1,0
terribly_unkind,1,1,0
purely_liberal,1,1,0
that_compact,1,1,0
purely_libertarian,1,1,0
purely_linear,1,1,0
truly_respectful,1,1,0
truly_mean,1,1,0
yet_tough,1,1,0
truly_massive,1,1,0
terribly_unfit,1,1,0
purely_magic,1,1,0
yet_traditional,1,1,0
purely_israeli,1,1,0
purely_islamic,1,1,0
terribly_unlucky,1,1,0
truly_remote,1,1,0
purely_inherent,1,1,0
purely_innate,1,1,0
purely_insane,1,1,0
yet_transcendent,1,1,0
terribly_unoriginal,1,0,1
yet_tranquil,1,1,0
truly_renewable,1,1,0
that_comic,1,1,0
purely_intentional,1,1,0
yet_tragic,1,1,0
purely_intentioned,1,1,0
purely_interested,1,1,0
purely_introverted,1,1,0
purely_intuitive,1,1,0
purely_irish,1,1,0
purely_male,1,1,0
purely_malevolent,1,1,0
yet_top,1,1,0
purely_nationalist,1,1,0
purely_mistaken,1,1,0
yet_thriving,1,1,0
that_compulsive,1,1,0
truly_restrictive,1,0,1
purely_naked,1,1,0
purely_narcissistic,1,1,0
terribly_uncertain,1,1,0
purely_nationalistic,1,1,0
yet_tight,1,1,0
terribly_unbearable,1,1,0
truly_marginal,1,1,0
purely_nefarious,1,1,0
truly_many,1,1,0
truly_manly,1,1,0
purely_nice,1,1,0
purely_nihilistic,1,1,0
purely_misogynistic,1,1,0
purely_militaristic,1,1,0
truly_marvelous,1,1,0
yet_timely,1,1,0
purely_marketable,1,1,0
yet_toothless,1,1,0
purely_masculine,1,1,0
that_comprehensible,1,1,0
purely_matte,1,1,0
truly_restful,1,1,0
yet_tiny,1,1,0
purely_medicinal,1,1,0
terribly_unconventional,1,0,1
purely_melancholic,1,1,0
purely_melodramatic,1,1,0
purely_memorable,1,1,0
purely_menacing,1,1,0
yet_timeless,1,1,0
purely_metallic,1,1,0
terribly_underdeveloped,1,1,0
that_comedic,1,1,0
yet_transferable,1,1,0
purely_explosive,1,1,0
truly_medieval,1,1,0
purely_french,1,1,0
purely_fun,1,1,0
that_clinical,1,1,0
that_cloudy,1,1,0
truly_mindful,1,1,0
truly_mind-boggling,1,1,0
purely_general,1,0,1
truly_middle,1,1,0
truly_redundant,1,1,0
yet_tropical,1,1,0
purely_genuine,1,1,0
yet_trivial,1,1,0
truly_mexican,1,1,0
purely_gimmicky,1,1,0
purely_gloomy,1,1,0
yet_triumphant,1,1,0
purely_gothic,1,1,0
terribly_usual,1,0,1
purely_fiscal,1,1,0
yet_ugly,1,1,0
purely_false,1,1,0
terribly_verbose,1,1,0
truly_recognizable,1,1,0
terribly_varied,1,1,0
purely_external,1,1,0
yet_unafraid,1,1,0
yet_unable,1,1,0
purely_fake,1,1,0
truly_recreational,1,1,0
purely_fictitious,1,1,0
terribly_valid,1,1,0
purely_farcical,1,1,0
terribly_vain,1,1,0
purely_faulty,1,1,0
purely_federal,1,1,0
purely_feminine,1,1,0
terribly_utilitarian,1,1,0
purely_gratuitous,1,1,0
terribly_upbeat,1,1,0
truly_refreshing,1,1,0
purely_idyllic,1,1,0
purely_hostile,1,1,0
yet_translucent,1,1,0
purely_humorous,1,1,0
yet_transformative,1,1,0
truly_relaxing,1,1,0
terribly_unrealistic,1,1,0
that_coherent,1,1,0
purely_ignorant,1,1,0
terribly_unsuitable,1,0,1
terribly_unprecedented,1,1,0
yet_transformational,1,1,0
that_collectible,1,1,0
truly_menacing,1,1,0
purely_independent,1,1,0
truly_reliant,1,1,0
purely_indicative,1,1,0
terribly_unsuccessful,1,1,0
terribly_unsuited,1,1,0
purely_greek,1,1,0
that_clunky,1,1,0
purely_green,1,1,0
purely_happy,1,1,0
purely_harmless,1,1,0
purely_hateful,1,1,0
terribly_unwell,1,1,0
purely_healthy,1,1,0
purely_heroic,1,1,0
purely_heterosexual,1,1,0
purely_honest,1,1,0
purely_hierarchical,1,1,0
purely_hispanic,1,1,0
terribly_unwarranted,1,1,0
truly_metallic,1,1,0
purely_historic,1,1,0
terribly_unsustainable,1,1,0
terribly_unsurprising,1,0,1
terrifically_memorable,1,1,0
terrifically_new,1,1,0
truly_positive,1,1,0
that_aggravating,1,1,0
truly_oblivious,1,1,0
psychologically_suspect,1,1,0
that_benevolent,1,1,0
psychologically_tenable,1,1,0
yet_wary,1,1,0
that_bewildering,1,1,0
psychologically_transparent,1,1,0
truly_noticeable,1,1,0
truly_perplexing,1,1,0
that_biblical,1,1,0
so_deadpan,1,1,0
that_bigoted,1,1,0
truly_pervasive,1,1,0
psychologically_unaware,1,1,0
that_adaptable,1,1,0
that_acute,1,1,0
truly_phenomenal,1,0,1
psychologically_suitable,1,1,0
yet_waterproof,1,1,0
psychologically_stronger,1,1,0
psychologically_salient,1,1,0
that_bashful,1,1,0
truly_obscure,1,1,0
psychologically_related,1,1,0
psychologically_rich,1,1,0
psychologically_sad,1,1,0
yet_western,1,1,0
truly_obscene,1,1,0
psychologically_self-sufficient,1,1,0
yet_weak,1,1,0
psychologically_separate,1,1,0
that_affecting,1,1,0
psychologically_shocking,1,1,0
truly_obnoxious,1,1,0
that_aerodynamic,1,1,0
psychologically_static,1,1,0
truly_pastoral,1,1,0
that_actual,1,1,0
truly_non-violent,1,1,0
truly_physical,1,1,0
publically_loud,1,1,0
truly_pink,1,1,0
yet_visionary,1,0,1
publically_acceptable,1,1,0
that_bouncy,1,1,0
that_abstract,1,1,0
truly_nihilistic,1,1,0
publically_broadcast,1,1,0
publically_official,1,0,1
that_bossy,1,1,0
truly_nerdy,1,1,0
that_brazen,1,1,0
that_abrupt,1,1,0
that_breathable,1,1,0
publically_ready,1,1,0
publically_searchable,1,1,0
publically_transparent,1,1,0
truly_noble,1,1,0
psychologically_weird,1,1,0
psychologically_unhinged,1,1,0
psychologically_unscathed,1,1,0
truly_nomadic,1,1,0
yet_vital,1,1,0
psychologically_unique,1,1,0
that_acidic,1,1,0
that_achievable,1,1,0
psychologically_unknown,1,1,0
psychologically_unsafe,1,1,0
psychologically_unsettling,1,1,0
psychologically_weak,1,1,0
psychologically_unsound,1,1,0
that_bloated,1,1,0
that_accountable,1,1,0
psychologically_unwell,1,1,0
psychologically_violent,1,1,0
that_booming,1,1,0
psychologically_vulnerable,1,1,0
psychologically_real,1,1,0
truly_off-putting,1,1,0
publically_viewable,1,1,0
that_banal,1,1,0
psychologically_complicated,1,1,0
psychologically_consistent,1,1,0
psychologically_convincing,1,1,0
psychologically_costly,1,1,0
that_appalling,1,1,0
yet_worrying,1,1,0
truly_opposite,1,1,0
psychologically_demanding,1,1,0
that_apocalyptic,1,1,0
psychologically_depressing,1,1,0
truly_opaque,1,1,0
psychologically_distressing,1,1,0
that_apathetic,1,1,0
that_antithetical,1,1,0
psychologically_equipped,1,1,0
psychologically_evocative,1,1,0
that_antiquated,1,1,0
yet_worse,1,1,0
that_attainable,1,1,0
so_data-driven,1,1,0
that_apprehensive,1,1,0
that_asinine,1,1,0
that_arcane,1,1,0
that_apropos,1,1,0
psychologically_agonizing,1,1,0
psychologically_alive,1,1,0
psychologically_arbitrary,1,1,0
psychologically_beneficial,1,1,0
psychologically_brittle,1,1,0
truly_oppressed,1,1,0
psychologically_brutal,1,1,0
psychologically_calm,1,1,0
yet_wrong,1,1,0
yet_worthwhile,1,1,0
truly_oriented,1,1,0
psychologically_certain,1,1,0
truly_optimal,1,1,0
psychologically_exhausting,1,1,0
psychologically_feminine,1,1,0
yet_worldly,1,1,0
truly_palpable,1,1,0
that_amateurish,1,1,0
psychologically_modern,1,1,0
psychologically_necessary,1,1,0
psychologically_normal,1,1,0
psychologically_okay,1,1,0
truly_overpowering,1,1,0
psychologically_perfect,1,1,0
truly_paradoxical,1,1,0
psychologically_likely,1,1,0
truly_offbeat,1,1,0
psychologically_powerful,1,1,0
that_alive,1,1,0
that_backward,1,1,0
that_alert,1,1,0
that_airy,1,1,0
that_agonizing,1,1,0
psychologically_masculine,1,1,0
psychologically_invigorating,1,0,1
that_antagonistic,1,1,0
that_auspicious,1,1,0
psychologically_fragile,1,1,0
psychologically_free,1,1,0
psychologically_fundamental,1,0,1
that_anonymous,1,1,0
that_attuned,1,1,0
truly_other,1,1,0
truly_outlandish,1,1,0
that_automated,1,1,0
that_amazed,1,1,0
truly_okay,1,1,0
psychologically_impressive,1,1,0
that_awake,1,1,0
psychologically_incoherent,1,1,0
psychologically_incompatible,1,1,0
psychologically_interesting,1,1,0
truly_offline,1,1,0
that_breezy,1,1,0
publically_visible,1,1,0
yet_unmarried,1,1,0
publicly_militant,1,1,0
publicly_passionate,1,1,0
terrifyingly_boring,1,1,0
terrifyingly_beautiful,1,0,1
terrifyingly_bad,1,1,0
publicly_playable,1,1,0
terrifically_wonderful,1,1,0
publicly_prevalent,1,1,0
truly_mutual,1,1,0
terrifically_wide,1,1,0
publicly_proactive,1,1,0
publicly_prominent,1,1,0
publicly_quirky,1,1,0
yet_unsustainable,1,1,0
publicly_racist,1,1,0
terrifically_unpredictable,1,1,0
yet_unspoken,1,1,0
yet_unsettling,1,1,0
terrifyingly_captivating,1,1,0
that_capricious,1,1,0
publicly_palatable,1,1,0
terrifyingly_close,1,1,0
terrifyingly_dark,1,1,0
publicly_obvious,1,1,0
terrifyingly_creepy,1,1,0
yet_useless,1,1,0
terrifyingly_common,1,1,0
that_calming,1,1,0
publicly_online,1,1,0
yet_useable,1,1,0
publicly_pagan,1,1,0
truly_poignant,1,0,1
yet_urban,1,1,0
truly_naive,1,1,0
terrifyingly_chaotic,1,1,0
truly_polluted,1,1,0
yet_unwelcome,1,1,0
yet_untrained,1,1,0
publicly_readable,1,1,0
yet_unresolved,1,1,0
yet_unremarkable,1,1,0
terrifically_prone,1,1,0
publicly_thrilled,1,1,0
terrifically_responsive,1,1,0
publicly_transparent,1,1,0
yet_unproven,1,1,0
publicly_ugly,1,1,0
yet_unprepared,1,1,0
publicly_unacceptable,1,1,0
publicly_uninteresting,1,1,0
publicly_sympathetic,1,1,0
terrifically_popular,1,1,0
terrifically_picky,1,1,0
publicly_unknown,1,1,0
terrifically_physical,1,1,0
terrifically_parallel,1,1,0
publicly_valuable,1,1,0
truly_pornographic,1,1,0
terrifically_revolutionary,1,0,1
publicly_sure,1,1,0
publicly_receptive,1,1,0
publicly_safe,1,1,0
publicly_related,1,1,0
publicly_religious,1,1,0
truly_musical,1,1,0
truly_muscular,1,1,0
publicly_respectful,1,1,0
publicly_responsible,1,1,0
publicly_responsive,1,1,0
terrifically_surprised,1,1,0
yet_unreasonable,1,1,0
truly_populist,1,1,0
terrifically_subtle,1,1,0
publicly_shareable,1,1,0
terrifically_skilled,1,1,0
terrifically_satisfying,1,1,0
yet_unrecognized,1,1,0
publicly_spectacular,1,1,0
truly_pluralistic,1,1,0
publicly_involved,1,1,0
yet_viral,1,1,0
publicly_intoxicated,1,1,0
thankfully_brief,1,0,1
publicly_certain,1,1,0
publicly_chummy,1,1,0
terrifyingly_wide,1,1,0
publicly_clumsy,1,1,0
terrifyingly_violent,1,1,0
terrifyingly_villainous,1,1,0
terrifyingly_unhinged,1,1,0
truly_naughty,1,1,0
publicly_confrontational,1,1,0
publicly_connected,1,1,0
terrifyingly_terrific,1,1,0
publicly_considerate,1,1,0
publicly_consistent,1,0,1
yet_vertical,1,1,0
so_dapper,1,1,0
publicly_demonstrative,1,1,0
thankfully_irrelevant,1,1,0
publicly_busy,1,1,0
that_brittle,1,1,0
publicly_antagonistic,1,1,0
that_abrasive,1,1,0
truly_negligent,1,1,0
publicly_acrimonious,1,1,0
yet_vintage,1,1,0
that_brief,1,1,0
publicly_aggressive,1,1,0
publicly_angry,1,1,0
that_abhorrent,1,1,0
publicly_bullish,1,1,0
publicly_appreciative,1,1,0
publicly_attractive,1,1,0
yet_vigorous,1,1,0
publicly_aware,1,1,0
truly_pitiful,1,1,0
thankfully_rare,1,0,1
publicly_broadcast,1,1,0
publicly_desirable,1,1,0
terrifyingly_suspenseful,1,1,0
publicly_detrimental,1,1,0
publicly_indifferent,1,1,0
terrifyingly_hard,1,1,0
terrifyingly_gruesome,1,0,1
terrifyingly_full,1,1,0
publicly_hopeful,1,1,0
publicly_hostile,1,1,0
publicly_identifiable,1,1,0
terrifyingly_fatal,1,1,0
terrifyingly_fat,1,1,0
terrifyingly_hateful,1,1,0
terrifyingly_dystopian,1,1,0
truly_naked,1,1,0
that_buttery,1,1,0
terrifyingly_delicious,1,1,0
publicly_interesting,1,1,0
yet_user-friendly,1,1,0
publicly_intimate,1,1,0
publicly_happy,1,1,0
publicly_gleeful,1,1,0
truly_pleased,1,1,0
truly_pleasurable,1,1,0
terrifyingly_strong,1,1,0
terrifyingly_relevant,1,1,0
publicly_editable,1,1,0
yet_venerable,1,1,0
terrifyingly_precarious,1,1,0
publicly_embarrassing,1,1,0
publicly_enthusiastic,1,1,0
terrifyingly_magnetic,1,1,0
yet_valuable,1,1,0
terrifyingly_low,1,1,0
terrifyingly_loud,1,1,0
terrifyingly_large,1,1,0
truly_nasty,1,1,0
publicly_flamboyant,1,1,0
yet_vast,1,1,0
terrifyingly_high,1,1,0
purely_nocturnal,1,1,0
yet_thin,1,1,0
purely_nomadic,1,1,0
quickly_attainable,1,1,0
truly_such,1,1,0
quickly_feasible,1,1,0
quickly_fixable,1,1,0
terribly_secluded,1,1,0
quickly_forgettable,1,1,0
that_discoverable,1,1,0
truly_sufficient,1,1,0
quickly_fruitful,1,1,0
quickly_high,1,1,0
that_disgraceful,1,1,0
that_disheartened,1,1,0
quickly_lucrative,1,1,0
quickly_natural,1,1,0
that_disheartening,1,1,0
truly_instrumental,1,1,0
yet_sacred,1,1,0
truly_instinctive,1,1,0
that_discouraged,1,1,0
truly_integrated,1,1,0
quickly_easy,1,1,0
quickly_definitive,1,1,0
yet_salty,1,1,0
terribly_sensational,1,1,0
quickly_better,1,1,0
quickly_clear,1,1,0
quickly_decisive,1,1,0
yet_salient,1,1,0
terribly_selfish,1,1,0
quickly_democratic,1,1,0
truly_subversive,1,1,0
terribly_self-indulgent,1,1,0
truly_intense,1,1,0
quickly_digestible,1,1,0
yet_safer,1,1,0
quickly_discernible,1,1,0
quickly_dramatic,1,1,0
quickly_dull,1,1,0
terribly_scalable,1,1,0
yet_ruthless,1,1,0
truly_inspired,1,1,0
yet_rosy,1,1,0
truly_inherent,1,1,0
truly_informative,1,1,0
terribly_salient,1,1,0
quickly_renewable,1,1,0
terribly_salacious,1,1,0
that_displeased,1,1,0
quickly_responsive,1,1,0
terribly_sadistic,1,1,0
terribly_sandy,1,1,0
quickly_scalable,1,1,0
truly_surgical,1,1,0
terribly_ruthless,1,1,0
quickly_soluble,1,1,0
terribly_rural,1,1,0
truly_inexpensive,1,1,0
terribly_rude,1,1,0
quickly_ready,1,1,0
quickly_reactive,1,1,0
quickly_perishable,1,1,0
quickly_possible,1,1,0
quickly_pleased,1,1,0
that_disinterested,1,1,0
yet_royal,1,1,0
quickly_plentiful,1,1,0
quickly_popular,1,1,0
quickly_positive,1,1,0
that_disjointed,1,1,0
truly_insidious,1,1,0
truly_superstitious,1,1,0
yet_rotten,1,1,0
truly_supernatural,1,1,0
quickly_productive,1,1,0
quickly_profitable,1,1,0
quickly_quantifiable,1,1,0
truly_injured,1,1,0
quickly_reachable,1,1,0
that_disconcerting,1,1,0
truly_suburban,1,1,0
quickly_susceptible,1,1,0
quickly_angry,1,1,0
terribly_sloppy,1,1,0
terribly_slippery,1,1,0
qualitatively_deep,1,1,0
terribly_sleepy,1,1,0
qualitatively_distinct,1,1,0
terribly_sleek,1,1,0
qualitatively_easier,1,1,0
qualitatively_exempt,1,1,0
terribly_skittish,1,1,0
truly_irresponsible,1,1,0
qualitatively_hierarchical,1,1,0
so_creditable,1,1,0
qualitatively_important,1,1,0
qualitatively_inferior,1,1,0
truly_irresistible,1,1,0
qualitatively_instructive,1,1,0
truly_stupid,1,1,0
terribly_sluggish,1,1,0
yet_sensational,1,1,0
terribly_smaller,1,1,0
terribly_snug,1,1,0
purposely_pushy,1,1,0
yet_serviceable,1,1,0
purposely_secular,1,1,0
terribly_soggy,1,1,0
truly_japanese,1,1,0
purposely_sensitive,1,1,0
purposely_suggestive,1,1,0
truly_straightforward,1,1,0
purposely_weird,1,1,0
terribly_snappy,1,1,0
that_devoid,1,1,0
terribly_smoky,1,1,0
terribly_smelly,1,1,0
truly_strategic,1,1,0
purposely_vulnerable,1,1,0
truly_israeli,1,1,0
qualitatively_similar,1,1,0
truly_irreplaceable,1,0,1
truly_irrelevant,1,1,0
that_disadvantaged,1,1,0
quick_dark,1,1,0
quick_effective,1,1,0
quick_effortless,1,1,0
quick_enlightening,1,1,0
truly_invincible,1,1,0
quick_reactive,1,1,0
yet_savage,1,1,0
terribly_shiny,1,1,0
quick_correct,1,1,0
that_disagreeable,1,1,0
terribly_shameful,1,0,1
truly_inventive,1,1,0
terribly_sexist,1,1,0
quickly_achievable,1,1,0
quickly_addictive,1,1,0
truly_substantive,1,1,0
terribly_shrewd,1,1,0
quick_afoot,1,1,0
that_diabolical,1,1,0
questionably_justifiable,1,1,0
qualitatively_superior,1,1,0
truly_irreconcilable,1,1,0
qualitatively_valid,1,1,0
qualitatively_worse,1,1,0
questionably_achievable,1,1,0
yet_schizophrenic,1,1,0
truly_irish,1,1,0
questionably_logical,1,1,0
that_dim,1,1,0
terribly_silly,1,1,0
questionably_pink,1,1,0
questionably_practical,1,1,0
questionably_relevant,1,1,0
quick_acceptable,1,1,0
yet_scary,1,1,0
that_digestible,1,1,0
quickly_supportive,1,1,0
terribly_round,1,1,0
purposely_poor,1,1,0
truly_tangible,1,0,1
terribly_racist,1,1,0
truly_thirsty,1,1,0
quite_additional,1,1,0
truly_thoughtful,1,1,0
truly_immediate,1,1,0
terribly_punitive,1,1,0
terribly_puffy,1,1,0
terribly_psyched,1,1,0
truly_tight,1,1,0
terribly_prompt,1,1,0
so_countless,1,1,0
terribly_promiscuous,1,1,0
quite_affluent,1,1,0
truly_illiterate,1,1,0
terribly_prohibitive,1,1,0
that_driven,1,1,0
so_counterproductive,1,1,0
terribly_radiant,1,1,0
quite_adaptable,1,1,0
truly_imminent,1,1,0
truly_tense,1,1,0
truly_technical,1,1,0
truly_technological,1,1,0
yet_reflective,1,1,0
terribly_rebellious,1,1,0
yet_redeemable,1,1,0
quite_acerbic,1,1,0
that_dogmatic,1,1,0
quite_acoustic,1,1,0
yet_rebellious,1,1,0
yet_recoverable,1,1,0
terribly_readable,1,1,0
terribly_reachable,1,1,0
that_domestic,1,1,0
that_dorky,1,1,0
terribly_rapid,1,1,0
that_dour,1,1,0
truly_timely,1,1,0
truly_illegal,1,0,1
yet_reachable,1,1,0
quite_alternate,1,1,0
yet_racist,1,1,0
quite_alkaline,1,1,0
quite_allergic,1,1,0
quite_alluring,1,1,0
truly_touching,1,1,0
truly_tough,1,1,0
terribly_predisposed,1,1,0
truly_tragic,1,0,1
terribly_present,1,1,0
quite_alternative,1,1,0
quite_altruistic,1,1,0
yet_quicker,1,1,0
truly_hurtful,1,1,0
truly_humorous,1,1,0
terribly_preachy,1,1,0
terribly_pragmatic,1,1,0
terribly_prescriptive,1,1,0
terribly_presentable,1,0,1
quite_agitated,1,1,0
yet_rampant,1,1,0
quite_agnostic,1,1,0
terribly_privileged,1,1,0
truly_tiny,1,1,0
truly_ignorant,1,1,0
truly_tipsy,1,1,0
truly_idyllic,1,1,0
terribly_pristine,1,1,0
truly_tired,1,1,0
terribly_pressing,1,1,0
truly_iconic,1,1,0
terribly_primitive,1,1,0
quite_alarming,1,1,0
terribly_pretentious,1,1,0
truly_torture,1,1,0
yet_radical,1,1,0
terribly_prestigious,1,1,0
truly_tasteless,1,1,0
terribly_redundant,1,1,0
quickly_tired,1,1,0
terribly_refined,1,1,0
quietly_eye-catching,1,1,0
quietly_forceful,1,1,0
that_distorted,1,1,0
quietly_gorgeous,1,1,0
quietly_helpful,1,1,0
quietly_joyous,1,1,0
quietly_jubilant,1,1,0
quietly_optimistic,1,1,0
quietly_passive,1,1,0
quietly_perceptive,1,1,0
quietly_pleased,1,1,0
quietly_powerful,1,1,0
truly_incriminating,1,0,1
truly_incremental,1,1,0
quietly_resolute,1,1,0
quietly_shocking,1,1,0
quietly_sorrowful,1,1,0
quietly_enthusiastic,1,1,0
yet_rife,1,1,0
quietly_efficient,1,1,0
quickly_widespread,1,1,0
quickly_toxic,1,1,0
terribly_rotten,1,1,0
yet_rigorous,1,1,0
terribly_roomy,1,1,0
truly_individualized,1,1,0
yet_rigid,1,1,0
that_distasteful,1,1,0
quickly_willing,1,1,0
truly_indie,1,1,0
truly_indispensable,1,1,0
terribly_right,1,0,1
truly_suspect,1,1,0
quietly_compelling,1,1,0
truly_suspenseful,1,1,0
quietly_critical,1,1,0
quietly_decorative,1,1,0
quietly_stoic,1,1,0
truly_taboo,1,1,0
truly_tacky,1,1,0
quite_abstract,1,1,0
quite_3d,1,1,0
yet_reproducible,1,1,0
quite_abrasive,1,1,0
truly_inconvenient,1,1,0
so_coveted,1,1,0
yet_replaceable,1,1,0
quite_absorbent,1,1,0
yet_renewable,1,1,0
quintessentially_tall,1,1,0
yet_reminiscent,1,1,0
terribly_reluctant,1,1,0
terribly_relaxing,1,1,0
that_divine,1,1,0
truly_inappropriate,1,1,0
terribly_regrettable,1,1,0
terribly_refreshing,1,1,0
quintessentially_western,1,1,0
quintessentially_spanish,1,1,0
yet_respectable,1,1,0
terribly_resistant,1,1,0
quintessentially_beautiful,1,1,0
yet_resonant,1,1,0
quintessentially_canadian,1,1,0
terribly_respectable,1,1,0
quintessentially_characteristic,1,1,0
quintessentially_conservative,1,0,1
quintessentially_cool,1,1,0
yet_resilient,1,1,0
terribly_republican,1,1,0
truly_incorrect,1,1,0
quintessentially_italian,1,1,0
quintessentially_mexican,1,0,1
quintessentially_more,1,1,0
quintessentially_new,1,0,1
yet_reputable,1,1,0
quintessentially_relaxing,1,0,1
purposely_pornographic,1,1,0
purposely_pale,1,1,0
purely_non-violent,1,1,0
that_cost-effective,1,1,0
terribly_tenable,1,1,0
terribly_tempting,1,1,0
truly_loveable,1,1,0
terribly_telling,1,1,0
purely_saccharine,1,1,0
terribly_taxing,1,1,0
truly_seedy,1,1,0
truly_lovable,1,1,0
yet_stylish,1,1,0
purely_safe,1,1,0
truly_louder,1,1,0
truly_long,1,1,0
purely_sane,1,1,0
terribly_tannic,1,1,0
purely_sappy,1,1,0
yet_sturdy,1,1,0
truly_selfish,1,1,0
purely_roman,1,1,0
purely_rigid,1,1,0
purely_rich,1,1,0
terribly_terse,1,1,0
that_cost-efficient,1,1,0
truly_lucid,1,1,0
yet_subjective,1,1,0
purely_replaceable,1,1,0
truly_scandalous,1,0,1
that_coy,1,1,0
truly_lower,1,1,0
truly_scholarly,1,1,0
truly_low-income,1,1,0
purely_responsible,1,1,0
terribly_tense,1,1,0
truly_scottish,1,1,0
terribly_tender,1,1,0
purely_retro,1,1,0
truly_seasonal,1,1,0
terribly_tenacious,1,1,0
purely_satisfying,1,1,0
that_creamy,1,1,0
purely_seasonal,1,1,0
truly_little,1,1,0
purely_spectacular,1,0,1
terribly_symbolic,1,1,0
that_damp,1,1,0
purely_spicy,1,1,0
yet_stealthy,1,1,0
that_dazed,1,1,0
purely_spontaneous,1,1,0
yet_steadfast,1,1,0
purely_southern,1,1,0
purely_strident,1,1,0
yet_staunch,1,1,0
purely_structural,1,1,0
purely_stupid,1,1,0
yet_stationary,1,1,0
purely_subject,1,1,0
that_dear,1,1,0
purely_special,1,1,0
that_customary,1,1,0
purely_secondary,1,1,0
truly_sentient,1,1,0
truly_loathsome,1,1,0
truly_liveable,1,1,0
truly_sensational,1,1,0
purely_sensible,1,1,0
yet_strategic,1,1,0
purely_sentimental,1,1,0
yet_strange,1,1,0
yet_sterile,1,1,0
terribly_tacky,1,1,0
purely_shallow,1,1,0
terribly_tactical,1,1,0
purely_shiite,1,1,0
purely_sinister,1,1,0
purely_situational,1,1,0
that_culpable,1,1,0
that_current,1,1,0
purely_relaxed,1,1,0
truly_lucky,1,1,0
purely_successful,1,1,0
purely_relational,1,1,0
truly_malignant,1,0,1
that_congenial,1,1,0
so_cursory,1,1,0
yet_terrible,1,1,0
purely_patriotic,1,1,0
truly_rotten,1,1,0
yet_taxable,1,1,0
purely_pessimistic,1,1,0
purely_phenomenal,1,1,0
yet_taut,1,1,0
that_congested,1,1,0
yet_tantamount,1,1,0
yet_tame,1,1,0
that_connected,1,1,0
truly_rough,1,1,0
purely_pornographic,1,1,0
purely_positive,1,1,0
truly_manageable,1,1,0
truly_robust,1,1,0
purely_outrageous,1,1,0
purely_operational,1,1,0
purely_nonsense,1,1,0
purely_nostalgic,1,1,0
truly_right-wing,1,1,0
terribly_unappealing,1,1,0
truly_rigid,1,1,0
purely_offensive,1,1,0
terribly_typical,1,1,0
purely_opportunistic,1,1,0
truly_mandatory,1,1,0
terribly_twisted,1,0,1
purely_original,1,1,0
truly_rigorous,1,1,0
yet_terrified,1,1,0
terribly_tumultuous,1,1,0
purely_orwellian,1,1,0
purely_ours,1,1,0
truly_rude,1,1,0
yet_systemic,1,1,0
truly_major,1,1,0
that_cooperative,1,1,0
that_contrived,1,1,0
truly_sane,1,1,0
terribly_tortured,1,1,0
terribly_tolerable,1,1,0
terribly_titillating,1,0,1
yet_superb,1,1,0
yet_suicidal,1,1,0
yet_suggestive,1,0,1
that_contemporary,1,1,0
truly_magic,1,1,0
purely_real,1,1,0
that_corny,1,1,0
purely_red,1,1,0
purely_regional,1,1,0
purely_regressive,1,1,0
so_curable,1,1,0
yet_superior,1,1,0
purely_racial,1,1,0
truly_rugged,1,1,0
purely_progressive,1,1,0
purely_predatory,1,1,0
purely_prescriptive,1,1,0
yet_sympathetic,1,1,0
truly_rural,1,1,0
yet_symbolic,1,1,0
purely_procedural,1,1,0
truly_ruthless,1,1,0
yet_suspect,1,1,0
terribly_transcendent,1,0,1
purely_prosaic,1,1,0
terribly_tribal,1,1,0
yet_susceptible,1,1,0
purely_psychic,1,1,0
truly_sacred,1,1,0
yet_supple,1,1,0
that_constant,1,1,0
yet_spiritual,1,1,0
purely_superficial,1,1,0
truly_jarring,1,1,0
truly_lethal,1,1,0
purposefully_negative,1,1,0
truly_last,1,1,0
yet_silver,1,1,0
purposefully_obtuse,1,1,0
yet_silly,1,1,0
purposefully_racist,1,1,0
truly_large,1,1,0
terribly_startling,1,1,0
truly_kurdish,1,1,0
purposefully_radical,1,1,0
truly_spotless,1,1,0
terribly_square,1,1,0
yet_shy,1,1,0
purposefully_related,1,1,0
yet_short,1,1,0
truly_kid-friendly,1,1,0
purposefully_rough,1,1,0
truly_late,1,1,0
terribly_stellar,1,1,0
purposefully_malicious,1,1,0
terribly_stinky,1,1,0
purposefully_difficult,1,1,0
purposefully_disrespectful,1,1,0
purposefully_dramatic,1,1,0
purposefully_exclusive,1,1,0
truly_southern,1,1,0
terribly_stormy,1,1,0
purposefully_fun,1,1,0
truly_legendary,1,1,0
purposefully_irresponsible,1,1,0
purposefully_funny,1,1,0
purposefully_hostile,1,1,0
truly_leftist,1,1,0
truly_lazy,1,1,0
purposefully_incomprehensible,1,1,0
purposefully_insensitive,1,1,0
truly_speedy,1,1,0
yet_shiny,1,1,0
yet_shabby,1,1,0
purposefully_seductive,1,1,0
purposely_mean-spirited,1,1,0
purposely_deceptive,1,1,0
terribly_southern,1,1,0
purposely_dubious,1,1,0
purposely_exclusive,1,1,0
truly_stellar,1,1,0
terribly_sound,1,1,0
purposely_hurtful,1,1,0
purposely_menacing,1,1,0
truly_stationary,1,1,0
purposely_misleading,1,1,0
truly_justifiable,1,1,0
truly_just,1,1,0
purposely_obtuse,1,1,0
purposely_offensive,1,1,0
purposely_opaque,1,1,0
purposely_overblown,1,1,0
terribly_spacious,1,1,0
truly_keen,1,1,0
purposefully_systematic,1,1,0
yet_sexual,1,1,0
purposefully_ugly,1,0,1
truly_staggering,1,1,0
purposefully_unaware,1,1,0
terribly_spoiled,1,1,0
purposefully_unconventional,1,1,0
terribly_spiritual,1,1,0
purposely_abusive,1,1,0
yet_sexist,1,1,0
purposely_contrary,1,1,0
purposely_aggressive,1,1,0
truly_startling,1,1,0
that_deserving,1,1,0
purposely_aware,1,1,0
purposely_bearish,1,1,0
purposely_confrontational,1,1,0
that_desirous,1,1,0
truly_sour,1,1,0
yet_skillful,1,1,0
purely_superfluous,1,1,0
that_demeaning,1,1,0
truly_similar,1,1,0
truly_sinful,1,1,0
truly_likely,1,1,0
that_defenseless,1,1,0
that_defensible,1,1,0
truly_singular,1,1,0
purely_toxic,1,1,0
truly_skeptical,1,1,0
terribly_suitable,1,1,0
terribly_suggestive,1,1,0
yet_sore,1,1,0
truly_skinny,1,1,0
purely_turkish,1,1,0
purely_unconscious,1,1,0
purely_unique,1,1,0
truly_light,1,0,1
truly_sloppy,1,0,1
purely_theological,1,1,0
truly_silver,1,1,0
purely_thematic,1,1,0
that_decorative,1,1,0
purely_supernatural,1,1,0
purely_supportive,1,0,1
terribly_suspicious,1,1,0
yet_spicy,1,1,0
truly_severe,1,1,0
that_deceptive,1,1,0
truly_sexual,1,1,0
that_decrepit,1,1,0
so_defunct,1,1,0
purely_systematic,1,1,0
truly_shameful,1,1,0
purely_talented,1,1,0
purely_tame,1,1,0
truly_liquid,1,1,0
purely_terrible,1,1,0
purely_territorial,1,1,0
that_degrading,1,1,0
truly_small,1,1,0
purely_unselfish,1,1,0
purposefully_anti-semitic,1,1,0
purportedly_alive,1,1,0
purportedly_brave,1,1,0
purposefully_active,1,1,0
purposefully_aged,1,1,0
purposefully_annoying,1,1,0
purposefully_antagonistic,1,1,0
yet_slick,1,1,0
purposefully_authentic,1,1,0
purely_wild,1,1,0
purposefully_awful,1,1,0
purposefully_counterproductive,1,1,0
truly_solvable,1,1,0
yet_sleek,1,1,0
yet_skittish,1,1,0
yet_skinny,1,1,0
truly_lethargic,1,1,0
purely_wonderful,1,1,0
yet_slow,1,1,0
that_dejected,1,1,0
truly_sneaky,1,0,1
yet_social,1,1,0
truly_smaller,1,1,0
yet_snowy,1,1,0
truly_life-threatening,1,1,0
purely_verbal,1,1,0
truly_life-changing,1,1,0
purely_villainous,1,1,0
purely_visceral,1,1,0
yet_smarter,1,1,0
purely_visible,1,1,0
yet_smitten,1,1,0
terribly_stupid,1,1,0
terribly_stuffy,1,0,1
truly_liberating,1,1,0
purely_wasteful,1,1,0
terribly_stretchy,1,1,0
typically_forthcoming,1,1,0
truly_careful,1,1,0
wholly_underrated,1,1,0
rarely_fair,1,1,0
rarely_able,1,1,0
rarely_absolute,1,1,0
rarely_active,1,1,0
rarely_alone,1,1,0
tangentially_involved,1,1,0
rarely_available,1,1,0
rarely_boring,1,1,0
rarely_capable,1,1,0
rarely_comfortable,1,1,0
rarely_concerned,1,1,0
rarely_cost-effective,1,1,0
so_ceremonial,1,1,0
rarely_easy,1,1,0
tangentially_familiar,1,1,0
ultimately_bad,1,1,0
wildly_luxurious,1,0,1
ultimately_best,1,1,0
rapidly_social,1,1,0
rapidly_scalable,1,1,0
rapidly_outpacing,1,1,0
tantalizingly_elusive,1,1,0
tantalizingly_intricate,1,1,0
rapidly_addictive,1,1,0
rapidly_adequate,1,1,0
rapidly_apparent,1,1,0
rapidly_available,1,1,0
that_scrupulous,1,1,0
tantalizingly_incomprehensible,1,1,0
rapidly_different,1,1,0
rapidly_outdated,1,1,0
rapidly_electrifying,1,1,0
that_seasonal,1,1,0
tantalizingly_closer,1,1,0
tremendously_forthcoming,1,1,0
rapidly_forthcoming,1,1,0
rapidly_lethal,1,1,0
tangentially_relevant,1,1,0
rarely_energetic,1,1,0
tad_worried,1,1,0
technically_homosexual,1,1,0
rarely_free,1,1,0
rarely_sober,1,1,0
rarely_speechless,1,1,0
wildly_keen,1,1,0
rarely_superior,1,1,0
so_editable,1,1,0
rarely_unattainable,1,1,0
wildly_jubilant,1,1,0
rarely_unkind,1,1,0
rarely_vague,1,1,0
rarely_vulgar,1,1,0
ultimately_biblical,1,1,0
rather_abrupt,1,1,0
tad_uncommon,1,1,0
rather_adamant,1,1,0
rather_adequate,1,1,0
wildly_jealous,1,1,0
rather_afraid,1,1,0
tad_ungrateful,1,1,0
rarely_selfish,1,1,0
rarely_sarcastic,1,1,0
rarely_patient,1,1,0
that_secret,1,1,0
tad_wasteful,1,1,0
rarely_fun,1,1,0
rarely_helpful,1,1,0
rarely_lucky,1,1,0
rarely_many,1,1,0
wildly_low,1,1,0
tad_unhappy,1,1,0
rarely_pure,1,1,0
rarely_perfect,1,1,0
wildly_long,1,1,0
wildly_liberal,1,1,0
rarely_popular,1,1,0
rarely_possible,1,1,0
rarely_precarious,1,1,0
rarely_profitable,1,1,0
rapidly_achievable,1,1,0
tantalizingly_real,1,1,0
wildly_militant,1,1,0
tantalizingly_sweet,1,0,1
wildly_nonsensical,1,1,0
radically_hybrid,1,1,0
technically_addictive,1,1,0
technically_addicted,1,1,0
radically_inappropriate,1,1,0
radically_inclined,1,1,0
radically_incomprehensible,1,0,1
radically_independent,1,1,0
so_economic,1,1,0
technically_acute,1,0,1
ultimately_alone,1,1,0
radically_insane,1,1,0
wildly_more,1,1,0
radically_irresponsible,1,1,0
that_scenic,1,1,0
technically_accountable,1,1,0
wildly_modern,1,0,1
radically_homogenous,1,1,0
wildly_obscure,1,1,0
technically_adjustable,1,1,0
technically_afraid,1,1,0
radically_empathetic,1,1,0
radically_evil,1,1,0
that_sappy,1,1,0
radically_expensive,1,1,0
technically_alien,1,1,0
technically_african,1,1,0
radically_false,1,1,0
radically_fast,1,1,0
ultimately_alike,1,1,0
wildly_offended,1,1,0
wildly_offbeat,1,1,0
tremendously_gory,1,1,0
radically_free,1,1,0
wildly_obvious,1,1,0
wildly_observant,1,1,0
technically_adroit,1,1,0
technically_accomplished,1,1,0
ultimately_ambiguous,1,1,0
technically_abusive,1,1,0
tastefully_appropriate,1,1,0
tastefully_pleasing,1,1,0
radically_strange,1,1,0
tastefully_erotic,1,1,0
radically_stupid,1,1,0
radically_successful,1,1,0
radically_sunni,1,1,0
ultimately_amenable,1,1,0
radically_unbalanced,1,0,1
radically_sinful,1,1,0
radically_unfamiliar,1,1,0
radically_unhealthy,1,0,1
radically_unique,1,1,0
radically_unsafe,1,1,0
radically_untrustworthy,1,1,0
radically_vocal,1,1,0
ultimately_attributable,1,1,0
radically_skeptical,1,1,0
radically_simple,1,1,0
radically_lopsided,1,1,0
radically_other,1,1,0
radically_mistaken,1,1,0
radically_modern,1,1,0
that_sceptical,1,1,0
radically_noisy,1,1,0
radically_novel,1,1,0
technically_3d,1,1,0
tastefully_showy,1,1,0
radically_patriotic,1,1,0
tastefully_satisfying,1,1,0
radically_political,1,1,0
radically_popular,1,1,0
radically_progressive,1,1,0
radically_religious,1,1,0
radically_republican,1,1,0
radically_revolutionary,1,0,1
radically_right,1,1,0
rather_alarmist,1,1,0
rather_aloof,1,1,0
tad_unbelievable,1,1,0
so_effeminate,1,1,0
ultimately_complicated,1,1,0
wildly_impractical,1,1,0
tad_difficult,1,1,0
tad_dicey,1,1,0
rather_cozy,1,1,0
tad_debatable,1,1,0
tad_curious,1,1,0
wildly_impactful,1,1,0
tad_confused,1,1,0
rather_crass,1,1,0
tad_cocky,1,1,0
wildly_illuminating,1,1,0
wildly_illogical,1,1,0
tad_boring,1,1,0
wildly_illegal,1,1,0
wildly_idiosyncratic,1,1,0
rather_crowded,1,1,0
tad_disappointing,1,1,0
wildly_improper,1,1,0
tad_discriminatory,1,1,0
wildly_incompatible,1,1,0
rather_complicated,1,1,0
tad_freaky,1,1,0
rather_confident,1,1,0
tad_extreme,1,1,0
tad_exploitative,1,1,0
tad_excessive,1,1,0
wildly_incompetent,1,1,0
ultimately_compelling,1,1,0
tad_distasteful,1,1,0
rather_confusing,1,1,0
rather_conservative,1,1,0
wildly_inclined,1,1,0
rather_contradictory,1,1,0
ultimately_complete,1,1,0
tad_dry,1,1,0
tad_dramatic,1,1,0
tad_bizarre,1,1,0
tad_arrogant,1,1,0
tad_appreciative,1,1,0
tactically_profitable,1,1,0
wildly_heretical,1,1,0
tactically_smarter,1,1,0
tremendously_enlightening,1,1,0
rather_decent,1,1,0
tactically_sensible,1,1,0
tactically_savvy,1,1,0
tactically_prudent,1,1,0
tactically_proficient,1,1,0
ultimately_conclusive,1,1,0
tactically_possible,1,1,0
tactically_pertinent,1,1,0
wildly_healthy,1,1,0
tactically_operational,1,1,0
tactically_necessary,1,1,0
tactically_intelligent,1,1,0
tactically_innovative,1,1,0
wildly_hierarchical,1,1,0
rather_dead,1,1,0
tad_anti-semitic,1,1,0
rather_curious,1,1,0
wildly_hyperbolic,1,1,0
tad_anonymous,1,1,0
tad_ambitious,1,1,0
rather_cumbersome,1,1,0
wildly_hoppy,1,1,0
tad_alarming,1,1,0
wildly_hopeful,1,1,0
tad_absurd,1,1,0
tremendously_enthusiastic,1,1,0
rather_cute,1,1,0
tactically_unsound,1,1,0
tactically_unaware,1,1,0
rather_cynical,1,1,0
tactically_strict,1,1,0
rather_daft,1,1,0
wildly_higher,1,1,0
tad_higher,1,1,0
ultimately_close,1,1,0
rather_ambitious,1,1,0
tad_horrified,1,1,0
rather_black,1,1,0
tad_rusty,1,1,0
rather_blatant,1,1,0
rather_bloated,1,1,0
rather_bloodthirsty,1,1,0
tad_risky,1,1,0
wildly_intriguing,1,1,0
rather_blunt,1,1,0
tremendously_flavorful,1,1,0
rather_bored,1,1,0
tad_remarkable,1,1,0
tad_reckless,1,1,0
tad_quirky,1,1,0
rather_buggy,1,1,0
that_self-centered,1,1,0
rather_candid,1,1,0
rather_careless,1,1,0
tad_sad,1,1,0
rather_better,1,1,0
tremendously_flexible,1,1,0
rather_arrogant,1,1,0
tad_troubling,1,1,0
tad_terrifying,1,1,0
that_self-aware,1,1,0
rather_angry,1,1,0
tremendously_fluffy,1,1,0
rather_anomalous,1,1,0
rather_antagonistic,1,1,0
tad_stupid,1,1,0
rather_best,1,1,0
rather_artificial,1,1,0
tad_smarter,1,1,0
rather_average,1,1,0
tad_smaller,1,1,0
tad_shortsighted,1,1,0
tad_shorter,1,1,0
tad_shocking,1,1,0
rather_casual,1,1,0
rather_catchy,1,1,0
tad_provincial,1,1,0
tad_intimidating,1,1,0
tad_nasty,1,1,0
tad_much,1,1,0
tad_messy,1,1,0
wildly_intense,1,1,0
tad_melodramatic,1,1,0
tremendously_fantastic,1,1,0
tremendously_fancy,1,0,1
rather_compelling,1,1,0
tad_obvious,1,1,0
tad_intense,1,1,0
wildly_inspirational,1,1,0
rather_competent,1,1,0
tad_insensitive,1,1,0
ultimately_certain,1,1,0
wildly_insecure,1,1,0
wildly_influential,1,1,0
ultimately_celebratory,1,1,0
tad_odd,1,1,0
rather_charming,1,1,0
tad_pompous,1,1,0
rather_cheeky,1,1,0
ultimately_careful,1,1,0
tad_presumptuous,1,1,0
rather_childish,1,1,0
rather_chilly,1,1,0
tad_premature,1,1,0
tad_predictable,1,1,0
rather_cliched,1,1,0
so_centralized,1,1,0
tad_paranoid,1,1,0
rather_clinical,1,1,0
rather_cold,1,1,0
tad_overwhelming,1,1,0
wildly_intoxicating,1,1,0
so_centrist,1,1,0
tad_offensive,1,1,0
radically_distinct,1,1,0
wildly_outdated,1,1,0
radically_dissimilar,1,1,0
technically_fair,1,1,0
technically_expert,1,1,0
wildly_satisfying,1,1,0
typically_worried,1,1,0
wildly_romantic,1,1,0
typically_wrong,1,1,0
technically_exemplary,1,1,0
wildly_risky,1,1,0
wildly_right,1,1,0
wildly_rich,1,1,0
wildly_revolutionary,1,1,0
uber_accurate,1,1,0
tremendously_intricate,1,0,1
technically_eternal,1,1,0
wildly_revelatory,1,1,0
quite_winded,1,1,0
quite_wireless,1,1,0
technically_equivalent,1,1,0
wildly_secure,1,1,0
quite_wicked,1,1,0
typically_wise,1,1,0
wildly_sexy,1,1,0
quite_wearable,1,1,0
wildly_sociable,1,1,0
quite_weightless,1,1,0
technically_faint,1,1,0
wildly_shocked,1,1,0
technically_fabulous,1,1,0
typically_wholesome,1,1,0
technically_extreme,1,1,0
tremendously_irresponsible,1,1,0
technically_extraordinary,1,1,0
technically_extra,1,1,0
technically_extinct,1,1,0
technically_explosive,1,1,0
so_driven,1,1,0
wildly_sexual,1,1,0
wildly_self-conscious,1,1,0
technically_equal,1,1,0
quite_witty,1,1,0
technically_engrossing,1,1,0
tremendously_inhumane,1,1,0
technically_deterministic,1,1,0
technically_detailed,1,1,0
uber_breathtaking,1,0,1
wildly_random,1,1,0
that_rife,1,1,0
uber_careful,1,1,0
uber_comfortable,1,1,0
technically_deadly,1,1,0
quite_wrenching,1,1,0
quite_youthful,1,1,0
so_due,1,1,0
technically_damaging,1,1,0
rabidly_anti-american,1,1,0
rabidly_anti-israel,1,1,0
technically_damaged,1,1,0
technically_current,1,1,0
quite_wretched,1,1,0
that_richer,1,1,0
technically_english,1,1,0
technically_effective,1,1,0
that_restful,1,1,0
uber_airy,1,1,0
technically_elite,1,1,0
technically_elegant,1,1,0
technically_elaborate,1,1,0
technically_efficient,1,1,0
wildly_reassuring,1,1,0
that_reverent,1,1,0
uber_attractive,1,1,0
technically_dystopian,1,1,0
quite_worst,1,1,0
technically_dynamic,1,1,0
technically_drunk,1,1,0
uber_annoying,1,1,0
technically_double,1,1,0
tremendously_intense,1,1,0
wildly_sophisticated,1,1,0
wildly_spectacular,1,1,0
technically_corrupt,1,1,0
typically_wet,1,1,0
wildly_unfamiliar,1,1,0
wildly_unfair,1,1,0
technically_graphic,1,1,0
wildly_unexpected,1,1,0
wildly_unethical,1,1,0
wildly_underrated,1,1,0
typically_viable,1,1,0
quite_vigilant,1,1,0
technically_germane,1,1,0
typically_viewable,1,1,0
that_reluctant,1,1,0
typically_vigilant,1,1,0
typically_vulnerable,1,1,0
quite_vigorous,1,1,0
technically_full,1,1,0
technically_fresh,1,1,0
tremendously_luxurious,1,1,0
wildly_unflattering,1,1,0
tremendously_memorable,1,1,0
technically_groundbreaking,1,1,0
technically_healthy,1,1,0
technically_historic,1,1,0
that_regrettable,1,0,1
technically_high,1,1,0
technically_hereditary,1,1,0
wildly_unpredictable,1,1,0
wildly_unprecedented,1,1,0
technically_heavy,1,1,0
quite_veteran,1,1,0
quite_victorian,1,1,0
technically_hazardous,1,1,0
technically_harmful,1,1,0
technically_happy,1,1,0
wildly_unique,1,1,0
typically_venomous,1,1,0
technically_handsome,1,1,0
wildly_unhealthy,1,1,0
quite_villainous,1,1,0
wildly_unattainable,1,0,1
wildly_unacceptable,1,1,0
technically_far-fetched,1,1,0
wildly_stressful,1,1,0
typically_weak,1,1,0
that_reprehensible,1,1,0
tremendously_likely,1,1,0
quite_vulgar,1,1,0
tremendously_light,1,1,0
quite_wacky,1,1,0
wildly_sticky,1,1,0
wildly_strong,1,1,0
technically_fancy,1,0,1
wildly_speculative,1,1,0
typically_welcoming,1,1,0
quite_wasteful,1,1,0
that_reserved,1,1,0
quite_watery,1,1,0
quite_wavy,1,1,0
technically_finite,1,1,0
that_replaceable,1,1,0
tremendously_lucrative,1,1,0
technically_foreign,1,1,0
wildly_thick,1,1,0
wildly_terrible,1,0,1
typically_warmer,1,1,0
that_reminiscent,1,1,0
quite_virtuous,1,1,0
tremendously_lucky,1,1,0
wildly_tasteless,1,1,0
that_repeatable,1,1,0
wildly_surprised,1,1,0
technically_forbidden,1,1,0
technically_foolproof,1,1,0
that_repetitive,1,1,0
quite_vivid,1,1,0
tremendously_long,1,1,0
quite_vocal,1,1,0
technically_flashy,1,1,0
technically_crazy,1,1,0
rabidly_enthusiastic,1,1,0
radically_dishonest,1,1,0
wildly_pious,1,1,0
technically_autistic,1,1,0
technically_authentic,1,1,0
uber_shiny,1,1,0
technically_attractive,1,1,0
technically_attainable,1,1,0
racially_serene,1,1,0
tremendously_harmful,1,1,0
racially_specific,1,1,0
racially_superior,1,0,1
that_saddening,1,1,0
racially_suspect,1,1,0
uber_sporty,1,1,0
uber_stylish,1,1,0
racially_toxic,1,1,0
tremendously_happy,1,1,0
racially_transcendent,1,1,0
racially_unbalanced,1,1,0
technically_autobiographical,1,1,0
uber_sensitive,1,1,0
racially_proud,1,1,0
uber_rare,1,0,1
racially_inherent,1,0,1
wildly_pessimistic,1,1,0
racially_inspired,1,1,0
racially_insulting,1,1,0
uber_professional,1,1,0
racially_minded,1,1,0
racially_mixed,1,1,0
technically_awesome,1,1,0
racially_progressive,1,0,1
wildly_perverse,1,1,0
racially_oppressed,1,1,0
tremendously_huge,1,1,0
that_saccharine,1,1,0
racially_paranoid,1,1,0
uber_religious,1,1,0
tremendously_hot,1,1,0
racially_uncomfortable,1,1,0
technically_asleep,1,1,0
technically_asian,1,1,0
radically_cooler,1,1,0
that_salient,1,1,0
ultimately_adaptable,1,1,0
radically_complex,1,1,0
wildly_overgrown,1,1,0
radically_contemporary,1,1,0
tremendously_graceful,1,1,0
wildly_overdone,1,1,0
ultimately_adequate,1,1,0
technically_amiss,1,1,0
radically_dangerous,1,1,0
radically_deep,1,1,0
radically_democratic,1,1,0
radically_dependent,1,1,0
wildly_outstanding,1,1,0
radically_disappointed,1,1,0
wildly_outpacing,1,1,0
ultimately_achievable,1,1,0
technically_anachronistic,1,1,0
racially_weird,1,0,1
radically_affordable,1,1,0
uber_talented,1,1,0
uber_unattractive,1,1,0
uber_vigilant,1,1,0
technically_applicable,1,1,0
racially_wrong,1,0,1
radically_advanced,1,1,0
radically_adventurous,1,1,0
that_salacious,1,1,0
technically_anomalous,1,1,0
wildly_overweight,1,1,0
tremendously_groundbreaking,1,0,1
radically_atheist,1,1,0
technically_anti-semitic,1,1,0
ultimately_accurate,1,1,0
radically_autonomous,1,1,0
wildly_overrated,1,1,0
technically_awful,1,1,0
that_rural,1,1,0
rabidly_impatient,1,1,0
technically_bearish,1,1,0
wildly_prolific,1,1,0
uber_detailed,1,1,0
uber_excited,1,1,0
that_riveting,1,1,0
uber_exciting,1,1,0
that_robotic,1,1,0
tremendously_influential,1,1,0
wildly_privileged,1,1,0
racially_biased,1,1,0
tremendously_inaccurate,1,1,0
racially_chinese,1,1,0
racially_confident,1,1,0
wildly_pricy,1,1,0
technically_compatible,1,1,0
racially_conscious,1,1,0
technically_committed,1,1,0
technically_commercial,1,1,0
uber_cute,1,1,0
racially_arab,1,1,0
racially_angry,1,1,0
rabidly_political,1,1,0
rabidly_interested,1,1,0
rabidly_leftist,1,1,0
rabidly_loyal,1,1,0
technically_cool,1,1,0
technically_convincing,1,1,0
rabidly_nationalistic,1,1,0
rabidly_optimistic,1,1,0
uber_cool,1,1,0
that_risque,1,1,0
rabidly_rational,1,1,0
that_riskier,1,1,0
technically_convertible,1,1,0
wildly_promotional,1,1,0
rabidly_religious,1,1,0
technically_conscious,1,1,0
rabidly_vile,1,1,0
technically_cold,1,1,0
racially_demeaning,1,1,0
technically_coastal,1,1,0
technically_bigger,1,1,0
uber_modern,1,1,0
uber_political,1,1,0
technically_blasphemous,1,1,0
wildly_predictable,1,1,0
wildly_powerful,1,1,0
racially_identifiable,1,1,0
technically_binding,1,1,0
uber_popular,1,1,0
racially_equal,1,1,0
racially_imbalanced,1,1,0
wildly_positive,1,1,0
that_ruinous,1,1,0
technically_believable,1,1,0
technically_beholden,1,1,0
technically_befitting,1,1,0
uber_productive,1,1,0
uber_mindful,1,1,0
wildly_premature,1,1,0
wildly_pricey,1,1,0
uber_faster,1,1,0
technically_closed,1,1,0
that_rudimentary,1,1,0
technically_clear,1,1,0
racially_derogatory,1,0,1
uber_extreme,1,1,0
uber_fashionable,1,1,0
wildly_pretentious,1,1,0
technically_chinese,1,1,0
racially_enthusiastic,1,1,0
technically_charitable,1,1,0
uber_happy,1,1,0
technically_catholic,1,1,0
technically_canadian,1,1,0
wildly_prescriptive,1,1,0
uber_literate,1,1,0
technically_bulletproof,1,1,0
ultimately_controllable,1,1,0
tactically_incompetent,1,1,0
tactically_impressive,1,1,0
widely_audible,1,1,0
wickedly_violent,1,1,0
ultimately_incompatible,1,1,0
wickedly_immoral,1,1,0
wickedly_illustrious,1,1,0
tremendously_bloody,1,1,0
surprisingly_loud,1,1,0
rather_optimistic,1,1,0
wickedly_hilarious,1,1,0
wickedly_hard,1,1,0
wickedly_good,1,1,0
ultimately_inconsistent,1,1,0
that_snappy,1,1,0
ultimately_ineffective,1,1,0
tremendously_big,1,1,0
rather_ordinary,1,1,0
ultimately_inevitable,1,1,0
rather_original,1,1,0
rather_open,1,1,0
surprisingly_lovely,1,1,0
surprisingly_low-key,1,1,0
surprisingly_modern,1,1,0
that_smitten,1,1,0
surprisingly_modest,1,1,0
tremendously_brighter,1,1,0
so_captive,1,1,0
rather_odious,1,1,0
widely_amiss,1,1,0
widely_agreeable,1,1,0
surprisingly_miscast,1,1,0
surprisingly_lower,1,1,0
surprisingly_massive,1,1,0
ultimately_impossible,1,1,0
rather_old-fashioned,1,1,0
surprisingly_male,1,1,0
wide_famous,1,1,0
tremendously_bothersome,1,1,0
surprisingly_loyal,1,1,0
rather_pagan,1,1,0
surprisingly_literary,1,1,0
rather_paradoxical,1,1,0
rather_permanent,1,1,0
ultimately_irreplaceable,1,1,0
surprisingly_inept,1,1,0
surprisingly_impressed,1,1,0
surprisingly_illegal,1,1,0
surprisingly_huge,1,1,0
surprisingly_hostile,1,1,0
rather_perilous,1,1,0
surprisingly_horrendous,1,1,0
ultimately_irrelevant,1,1,0
surprisingly_hindu,1,1,0
ultimately_joyous,1,1,0
ultimately_keen,1,1,0
wholly_widespread,1,1,0
that_snarky,1,1,0
wholly_wide,1,1,0
rather_persistent,1,1,0
rather_perfect,1,1,0
surprisingly_inexpensive,1,1,0
wickedly_difficult,1,1,0
rather_peculiar,1,1,0
rather_parallel,1,1,0
surprisingly_lifeless,1,1,0
rather_paranoid,1,1,0
ultimately_intelligible,1,1,0
surprisingly_liberating,1,1,0
rather_pathological,1,1,0
wickedly_complex,1,1,0
tremendously_beneficial,1,1,0
wholly_worthwhile,1,1,0
wickedly_clever,1,1,0
wickedly_charming,1,0,1
ultimately_interesting,1,1,0
wickedly_amusing,1,1,0
wickedly_amoral,1,1,0
ultimately_intrusive,1,1,0
surprisingly_insecure,1,1,0
that_smarter,1,1,0
surprisingly_muscular,1,1,0
tremendously_athletic,1,1,0
rather_obscene,1,1,0
surprisingly_relevant,1,1,0
widely_noticeable,1,1,0
surprisingly_regular,1,1,0
tremendously_clever,1,1,0
rather_natural,1,1,0
widely_misleading,1,0,1
widely_marketable,1,1,0
widely_mainstream,1,1,0
widely_legendary,1,1,0
widely_legal,1,1,0
widely_known,1,1,0
surprisingly_reasonable,1,1,0
rather_nervous,1,1,0
surprisingly_quiet,1,1,0
tremendously_clear,1,1,0
surprisingly_questionable,1,1,0
surprisingly_proud,1,1,0
ultimately_guilty,1,1,0
surprisingly_religious,1,0,1
ultimately_great,1,1,0
rather_mysterious,1,1,0
that_slight,1,1,0
widely_predictive,1,1,0
widely_practicable,1,1,0
surprisingly_several,1,1,0
rather_mundane,1,1,0
rather_murky,1,1,0
surprisingly_selective,1,1,0
surprisingly_same,1,1,0
ultimately_futile,1,1,0
surprisingly_robust,1,1,0
surprisingly_rich,1,1,0
widely_participatory,1,1,0
widely_optional,1,1,0
surprisingly_responsible,1,1,0
surprisingly_resilient,1,1,0
widely_obvious,1,1,0
widely_favorable,1,1,0
surprisingly_prophetic,1,1,0
widely_extreme,1,1,0
widely_discernible,1,1,0
surprisingly_open-minded,1,1,0
rather_numerous,1,1,0
surprisingly_old,1,1,0
widely_drunk,1,1,0
widely_doable,1,1,0
ultimately_hopeless,1,1,0
rather_obese,1,1,0
widely_devastating,1,1,0
widely_electable,1,1,0
widely_desirable,1,1,0
widely_current,1,1,0
surprisingly_nostalgic,1,1,0
surprisingly_national,1,1,0
widely_coveted,1,1,0
widely_complex,1,1,0
widely_common,1,1,0
tremendously_brutal,1,1,0
rather_nuanced,1,1,0
surprisingly_present,1,1,0
rather_nondescript,1,1,0
surprisingly_predictive,1,1,0
widely_experienced,1,1,0
surprisingly_popular,1,1,0
tremendously_cheap,1,1,0
widely_enthusiastic,1,1,0
rather_new,1,0,1
tremendously_busy,1,1,0
surprisingly_poetic,1,1,0
widely_eligible,1,1,0
surprisingly_pleasing,1,1,0
rather_notorious,1,1,0
surprisingly_pleased,1,1,0
widely_enforceable,1,1,0
tremendously_burdensome,1,1,0
surprisingly_overgrown,1,1,0
surprisingly_outstanding,1,1,0
ultimately_large,1,1,0
surprisingly_hesitant,1,1,0
ultimately_frivolous,1,1,0
ultimately_okay,1,1,0
wholly_unnoticed,1,1,0
surprisingly_contrived,1,1,0
surprisingly_contemporary,1,1,0
surprisingly_confused,1,1,0
rather_rambunctious,1,1,0
surprisingly_colorful,1,1,0
surprisingly_close,1,1,0
wholly_unlikeable,1,1,0
wholly_unlikable,1,1,0
wholly_unknowable,1,1,0
rather_rare,1,1,0
surprisingly_cheap,1,1,0
rather_real,1,1,0
rather_reckless,1,1,0
surprisingly_challenging,1,1,0
rather_relaxed,1,1,0
wholly_unkind,1,1,0
wholly_unoccupied,1,1,0
rather_quiet,1,0,1
surprisingly_controversial,1,1,0
wholly_unproductive,1,1,0
wholly_unreal,1,1,0
surprisingly_delighted,1,1,0
wholly_unreachable,1,1,0
wholly_unqualified,1,1,0
surprisingly_delicious,1,1,0
surprisingly_delectable,1,1,0
surprisingly_decent,1,1,0
surprisingly_deadly,1,1,0
wholly_unoriginal,1,1,0
ultimately_open,1,1,0
surprisingly_dark,1,1,0
wholly_unparalleled,1,1,0
surprisingly_curious,1,1,0
wholly_unpalatable,1,1,0
surprisingly_crowded,1,1,0
surprisingly_convenient,1,1,0
surprisingly_busy,1,1,0
surprisingly_brisk,1,1,0
surprisingly_bigger,1,1,0
surely_true,1,1,0
rather_seamless,1,1,0
surely_worse,1,1,0
wholly_unfriendly,1,1,0
rather_self-contained,1,1,0
rather_self-explanatory,1,1,0
wholly_unforeseen,1,1,0
rather_selfish,1,1,0
surely_tempting,1,1,0
surely_wrong,1,1,0
surely_right,1,1,0
wholly_unfettered,1,1,0
wholly_undeveloped,1,1,0
surely_recoverable,1,1,0
surely_possible,1,1,0
surely_permanent,1,1,0
rather_sheer,1,1,0
surely_worth,1,1,0
ultimately_personal,1,1,0
rather_ridiculous,1,1,0
tremendously_active,1,1,0
surprisingly_big,1,1,0
surprisingly_better,1,1,0
ultimately_original,1,1,0
wholly_unintended,1,1,0
wholly_uninspired,1,1,0
surprisingly_awkward,1,1,0
ultimately_ours,1,1,0
rather_scandalous,1,1,0
ultimately_outdoors,1,1,0
wholly_unhelpful,1,1,0
surprisingly_average,1,1,0
surprisingly_appropriate,1,1,0
wholly_unhealthy,1,1,0
surprisingly_anxious,1,1,0
surprisingly_addictive,1,1,0
so_businesslike,1,1,0
that_specious,1,1,0
wholly_unreliable,1,1,0
tremendously_appropriate,1,1,0
surprisingly_dire,1,1,0
wholly_viable,1,1,0
surprisingly_generous,1,1,0
wholly_vegetarian,1,1,0
surprisingly_funny,1,1,0
surprisingly_fun,1,1,0
surprisingly_fond,1,1,0
rather_predictable,1,1,0
wholly_valid,1,1,0
surprisingly_fluid,1,1,0
tremendously_affordable,1,1,0
wholly_uplifting,1,1,0
surprisingly_fervent,1,1,0
wholly_upfront,1,1,0
surprisingly_feasible,1,1,0
ultimately_malevolent,1,1,0
wholly_unworkable,1,1,0
surprisingly_fast,1,1,0
surprisingly_gloomy,1,1,0
ultimately_liberal,1,1,0
rather_potent,1,1,0
rather_pointless,1,1,0
surprisingly_helpful,1,1,0
ultimately_liable,1,1,0
rather_pleasant,1,1,0
rather_poignant,1,1,0
tremendously_appealing,1,1,0
tremendously_ambitious,1,1,0
surprisingly_healthy,1,1,0
rather_political,1,1,0
rather_positive,1,1,0
surprisingly_gruesome,1,1,0
surprisingly_green,1,1,0
wholly_visual,1,1,0
surprisingly_great,1,1,0
rather_pompous,1,1,0
wholly_virtuous,1,1,0
wholly_victorian,1,1,0
surprisingly_exciting,1,1,0
surprisingly_excited,1,1,0
rather_preposterous,1,1,0
wholly_unsatisfactory,1,1,0
rather_probable,1,1,0
tremendously_adaptive,1,1,0
wholly_unscrupulous,1,1,0
rather_problematic,1,1,0
that_spanish,1,1,0
rather_proper,1,1,0
wholly_unscathed,1,1,0
surprisingly_easiest,1,1,0
wholly_unselfish,1,1,0
ultimately_objective,1,1,0
surprisingly_dull,1,1,0
wholly_unresponsive,1,1,0
surprisingly_dominate,1,1,0
rather_prosaic,1,1,0
surprisingly_doable,1,1,0
ultimately_obtainable,1,1,0
surprisingly_effective,1,1,0
that_soothing,1,1,0
ultimately_malicious,1,1,0
wholly_unthinkable,1,1,0
surprisingly_eventful,1,1,0
surprisingly_euphoric,1,1,0
rather_prescient,1,1,0
surprisingly_epic,1,1,0
rather_prescriptive,1,1,0
ultimately_meaningful,1,1,0
tremendously_advanced,1,1,0
that_softer,1,1,0
ultimately_new,1,1,0
surprisingly_enjoyable,1,1,0
rather_pretentious,1,1,0
surprisingly_engaging,1,1,0
wholly_unsuitable,1,1,0
rather_primitive,1,1,0
surprisingly_endearing,1,1,0
surprisingly_empty,1,1,0
surprisingly_shocked,1,1,0
widely_public,1,1,0
tactically_functional,1,1,0
rather_glad,1,1,0
systematically_dirty,1,1,0
systematically_cruel,1,1,0
systematically_critical,1,1,0
systematically_corrupt,1,1,0
wildly_enough,1,1,0
systematically_christian,1,1,0
wildly_energetic,1,1,0
wildly_enamoured,1,1,0
wildly_emotional,1,1,0
wildly_elated,1,1,0
wildly_elaborate,1,0,1
ultimately_dangerous,1,0,1
ultimately_dead,1,1,0
rather_harsh,1,1,0
rather_healthy,1,1,0
systematically_better,1,1,0
systematically_bad,1,1,0
systematically_discriminatory,1,1,0
wildly_entrepreneurial,1,1,0
systematically_distinct,1,1,0
systematically_important,1,1,0
wildly_extravagant,1,0,1
wildly_extraordinary,1,1,0
wildly_expressive,1,1,0
wildly_explicit,1,1,0
systematically_misleading,1,1,0
systematically_methodical,1,1,0
systematically_laughable,1,1,0
systematically_imperfect,1,1,0
systematically_enough,1,1,0
tremendously_dissimilar,1,1,0
rather_gory,1,1,0
systematically_extant,1,1,0
rather_grand,1,0,1
rather_grave,1,1,0
systematically_evil,1,1,0
wildly_eventful,1,0,1
wildly_egotistical,1,1,0
systematically_aware,1,1,0
tremendously_dissatisfied,1,0,1
rather_impressed,1,1,0
wildly_disrespectful,1,1,0
symbolically_reckless,1,1,0
wildly_dismissive,1,1,0
rather_illogical,1,1,0
ultimately_depressing,1,1,0
rather_immune,1,1,0
rather_imprecise,1,1,0
wildly_detectable,1,1,0
ultimately_demoralizing,1,1,0
symbolically_playful,1,1,0
wildly_delirious,1,1,0
tremendously_discreet,1,1,0
symbolically_insignificant,1,1,0
tremendously_disappointed,1,1,0
symbolically_good,1,1,0
that_shoddy,1,1,0
ultimately_demure,1,1,0
symbolically_sexy,1,1,0
wildly_edgy,1,1,0
rather_hideous,1,1,0
rather_heavy,1,1,0
tremendously_disruptive,1,1,0
rather_helpful,1,1,0
wildly_dramatic,1,1,0
wildly_divisive,1,1,0
symbolically_synonymous,1,0,1
symbolically_subservient,1,1,0
rather_high,1,0,1
that_shitty,1,1,0
rather_hokey,1,1,0
wildly_distracting,1,1,0
wildly_distorted,1,1,0
symbolically_significant,1,1,0
wildly_distinctive,1,1,0
rather_horrific,1,1,0
wildly_disruptive,1,1,0
rather_glaring,1,1,0
rather_generous,1,1,0
wildly_damaging,1,1,0
systematically_oppressive,1,1,0
wildly_frustrating,1,1,0
tactically_beneficial,1,1,0
tactically_bad,1,1,0
tremendously_efficient,1,1,0
tremendously_economical,1,1,0
ultimately_counterproductive,1,1,0
tactically_advanced,1,1,0
wildly_frivolous,1,1,0
ultimately_creative,1,1,0
systemically_viable,1,1,0
systemically_unwell,1,1,0
rather_enjoyable,1,1,0
that_sexual,1,1,0
systemically_unjust,1,0,1
ultimately_credible,1,1,0
rather_equivalent,1,1,0
rather_ethical,1,1,0
tactically_collective,1,1,0
rather_dumb,1,1,0
tactically_convenient,1,1,0
wildly_gregarious,1,1,0
wildly_happier,1,1,0
tactically_forceful,1,1,0
ultimately_controversial,1,1,0
rather_disgraceful,1,1,0
rather_disgusting,1,1,0
rather_distasteful,1,1,0
rather_distorted,1,0,1
tactically_faulty,1,1,0
wildly_fun,1,1,0
tactically_essential,1,1,0
tactically_disadvantaged,1,1,0
wildly_good,1,1,0
rather_dreamy,1,1,0
tactically_detrimental,1,1,0
that_serendipitous,1,1,0
wildly_generous,1,1,0
that_shady,1,1,0
systemically_reversible,1,1,0
wildly_free,1,1,0
ultimately_culpable,1,1,0
systematically_worse,1,1,0
wildly_fashionable,1,1,0
systematically_underpaid,1,1,0
wildly_farcical,1,0,1
wildly_far-fetched,1,1,0
systematically_supportive,1,1,0
systematically_reproducible,1,1,0
ultimately_cynical,1,1,0
wildly_flamboyant,1,1,0
wildly_fantastic,1,0,1
systematically_privileged,1,1,0
wildly_fancy,1,1,0
rather_funny,1,1,0
wildly_fanciful,1,1,0
systematically_present,1,1,0
systematically_poorer,1,1,0
rather_fortunate,1,1,0
tremendously_durable,1,1,0
rather_excellent,1,1,0
rather_familiar,1,1,0
ultimately_critical,1,1,0
wildly_frantic,1,1,0
systemically_racist,1,1,0
systemically_pervasive,1,1,0
ultimately_crucial,1,1,0
rather_extensible,1,1,0
systemically_fragile,1,1,0
systemically_dangerous,1,1,0
wildly_flavourful,1,1,0
rather_fantastical,1,1,0
systemically_crucial,1,1,0
wildly_floral,1,1,0
rather_fascinating,1,1,0
systemically_benign,1,1,0
systemically_aggressive,1,1,0
rather_flat,1,1,0
that_short-sighted,1,1,0
rather_indecent,1,1,0
surprisingly_short,1,1,0
ultimately_empty,1,1,0
surprisingly_unexpected,1,1,0
widely_viable,1,1,0
widely_variable,1,1,0
rather_lousy,1,1,0
rather_lovely,1,1,0
rather_low,1,1,0
surprisingly_uncomfortable,1,1,0
surprisingly_unable,1,1,0
surprisingly_thin,1,1,0
widely_unpopular,1,1,0
rather_low-cost,1,1,0
surprisingly_terrible,1,1,0
widely_understandable,1,1,0
rather_lucky,1,1,0
rather_ludicrous,1,1,0
surprisingly_tasty,1,1,0
surprisingly_superior,1,1,0
widely_wrong,1,1,0
rather_likely,1,1,0
rather_lightweight,1,1,0
wildly_academic,1,1,0
ultimately_enough,1,1,0
surprisingly_untrue,1,1,0
wildly_accurate,1,1,0
surprisingly_unsophisticated,1,1,0
wildly_accessible,1,1,0
tremendously_compelling,1,1,0
wildly_acceptable,1,1,0
wildly_abundant,1,1,0
surprisingly_unoriginal,1,1,0
rather_legitimate,1,1,0
surprisingly_unrecognisable,1,1,0
surprisingly_unprepared,1,1,0
rather_light,1,1,0
wildly_abstract,1,1,0
ultimately_fair,1,1,0
wildly_abnormal,1,1,0
rather_lukewarm,1,1,0
rather_macho,1,1,0
surprisingly_successful,1,1,0
surprisingly_sly,1,1,0
surprisingly_solid,1,1,0
widely_revered,1,1,0
surprisingly_social,1,1,0
widely_religious,1,1,0
surprisingly_smooth,1,1,0
surprisingly_smart,1,1,0
rather_messy,1,1,0
rather_misleading,1,0,1
surprisingly_sophisticated,1,1,0
rather_mistaken,1,1,0
surprisingly_skewed,1,1,0
widely_relatable,1,1,0
ultimately_frightening,1,1,0
rather_moot,1,1,0
surprisingly_silly,1,1,0
surprisingly_shy,1,1,0
surprisingly_soothing,1,1,0
surprisingly_spanish,1,1,0
ultimately_final,1,1,0
rather_meaningless,1,1,0
surprisingly_stunning,1,1,0
surprisingly_stronger,1,1,0
that_sleazy,1,1,0
ultimately_forgettable,1,1,0
widely_sympathetic,1,1,0
tremendously_comforting,1,0,1
rather_magnificent,1,1,0
surprisingly_strange,1,1,0
rather_meh,1,1,0
surprisingly_steep,1,1,0
ultimately_forgivable,1,1,0
surprisingly_spotty,1,1,0
widely_supportive,1,1,0
so_carnal,1,1,0
widely_social,1,1,0
surprisingly_spicy,1,1,0
ultimately_encouraging,1,1,0
surprisingly_vast,1,0,1
wildly_curious,1,1,0
surprisingly_vibrant,1,1,0
sweetly_quixotic,1,1,0
sweetly_optimistic,1,1,0
rather_intelligent,1,1,0
ultimately_disastrous,1,1,0
rather_interested,1,1,0
sweetly_inclined,1,1,0
wildly_communicative,1,1,0
wildly_common,1,1,0
sweetly_humble,1,0,1
ultimately_discouraging,1,1,0
wildly_close,1,1,0
tremendously_convincing,1,1,0
wildly_clever,1,1,0
rather_intimidating,1,1,0
sweetly_entertaining,1,1,0
sweetly_dark,1,1,0
sweetly_cloying,1,1,0
tremendously_cool,1,1,0
sweetly_romantic,1,1,0
sweetly_satisfying,1,0,1
symbolically_fine,1,1,0
ultimately_devastating,1,1,0
tremendously_dependable,1,1,0
wildly_counterproductive,1,1,0
rather_inexpensive,1,1,0
tremendously_courageous,1,1,0
rather_insensitive,1,1,0
slightly_sleazy,1,1,0
wildly_convenient,1,1,0
sweetly_significant,1,1,0
wildly_contentious,1,1,0
wildly_conservative,1,1,0
that_shrill,1,1,0
rather_inspiring,1,1,0
symbolically_embarrassing,1,1,0
rather_instant,1,1,0
symbolically_dead,1,1,0
suspiciously_thick,1,1,0
suspiciously_stupid,1,1,0
suspiciously_slower,1,1,0
surprisingly_wild,1,1,0
wildly_authentic,1,1,0
wildly_atypical,1,1,0
tremendously_concerned,1,1,0
rather_jam-packed,1,1,0
rather_juvenile,1,1,0
surprisingly_willing,1,1,0
ultimately_easier,1,1,0
wildly_arbitrary,1,1,0
suspiciously_consistent,1,1,0
wildly_applicable,1,1,0
wildly_appealing,1,1,0
surprisingly_widespread,1,1,0
surprisingly_western,1,1,0
wildly_amazing,1,1,0
ultimately_eligible,1,1,0
wildly_alternate,1,1,0
suspiciously_chummy,1,1,0
rather_irritating,1,1,0
wildly_charismatic,1,1,0
wildly_beautiful,1,1,0
wildly_capable,1,1,0
suspiciously_sick,1,1,0
rather_intriguing,1,0,1
ultimately_disposable,1,1,0
suspiciously_overpaid,1,1,0
rather_intrusive,1,1,0
suspiciously_nice,1,1,0
tremendously_consistent,1,1,0
suspiciously_dead,1,1,0
wildly_bearish,1,1,0
rather_invasive,1,1,0
suspiciously_long,1,1,0
tremendously_consequential,1,1,0
ultimately_doomed,1,0,1
suspiciously_fluffy,1,1,0
suspiciously_defective,1,1,0
technically_homemade,1,1,0
technically_honest,1,1,0
typically_frequent,1,1,0
quite_poetic,1,1,0
quite_pigmented,1,1,0
truly_ambitious,1,1,0
that_outraged,1,1,0
quite_pitiful,1,1,0
temporarily_essential,1,1,0
temporarily_deaf,1,1,0
temporarily_dead,1,1,0
temporarily_available,1,1,0
temporarily_angry,1,1,0
truly_amateur,1,1,0
quite_playful,1,1,0
truly_alternative,1,1,0
technologically_wrong,1,1,0
yet_authoritative,1,1,0
technologically_workable,1,1,0
technologically_willing,1,1,0
quite_plump,1,1,0
quite_picturesque,1,1,0
temporarily_expedient,1,1,0
temporarily_free,1,1,0
yet_badass,1,1,0
quite_perfunctory,1,1,0
temporarily_profitable,1,1,0
yet_balanced,1,1,0
so_collaborative,1,1,0
temporarily_poor,1,1,0
typically_mandatory,1,1,0
that_ostentatious,1,1,0
quite_personalised,1,1,0
quite_philosophical,1,1,0
temporarily_necessary,1,1,0
temporarily_insolvent,1,1,0
quite_perverse,1,1,0
quite_pessimistic,1,1,0
quite_petite,1,1,0
that_out,1,1,0
temporarily_idle,1,1,0
technologically_valid,1,1,0
typically_manifest,1,1,0
wildly_unproductive,1,1,0
quite_poignant,1,1,0
that_overpriced,1,1,0
yet_arab,1,1,0
that_overweight,1,1,0
truly_ailing,1,1,0
technologically_sensitive,1,1,0
that_overwhelmed,1,1,0
yet_annual,1,1,0
technologically_restrictive,1,1,0
yet_anemic,1,1,0
yet_ancient,1,1,0
quite_practicable,1,1,0
typically_mexican,1,1,0
technologically_remarkable,1,1,0
truly_aggressive,1,1,0
typically_miserable,1,1,0
technologically_related,1,1,0
technologically_reasonable,1,1,0
truly_airtight,1,1,0
truly_akin,1,1,0
technologically_stable,1,1,0
that_overcrowded,1,1,0
quite_pointless,1,1,0
that_overbearing,1,1,0
quite_polished,1,1,0
technologically_unrealistic,1,1,0
technologically_unique,1,0,1
technologically_unfeasible,1,1,0
technologically_sufficient,1,1,0
yet_atheist,1,1,0
typically_masculine,1,1,0
yet_ashamed,1,1,0
technologically_strong,1,1,0
technologically_stimulating,1,1,0
quite_populist,1,1,0
that_overdue,1,1,0
truly_alarming,1,1,0
that_overpaid,1,1,0
temporarily_startling,1,1,0
temporarily_successful,1,1,0
quite_perceptive,1,1,0
quite_perceptible,1,1,0
quite_own,1,1,0
terribly_abrupt,1,1,0
terminally_upset,1,1,0
truly_apocalyptic,1,1,0
terminally_tired,1,1,0
quite_pain-free,1,1,0
typically_loose,1,1,0
terminally_thick,1,1,0
typically_loud,1,1,0
quite_painless,1,1,0
terminally_stuffy,1,1,0
terminally_sincere,1,1,0
terminally_sick,1,1,0
terminally_shallow,1,1,0
typically_lovable,1,1,0
terminally_romantic,1,1,0
quite_panicked,1,1,0
terribly_absolute,1,1,0
typically_long-lived,1,1,0
truly_apparent,1,1,0
truly_arbitrary,1,1,0
terribly_advantageous,1,1,0
truly_architectural,1,1,0
quite_overcast,1,1,0
yet_blatant,1,1,0
that_omnipotent,1,1,0
terribly_addictive,1,1,0
terribly_adamant,1,1,0
terribly_accustomed,1,1,0
that_opinionated,1,1,0
typically_likely,1,1,0
that_open-ended,1,1,0
quite_overgrown,1,1,0
quite_overhead,1,1,0
terribly_accommodative,1,1,0
yet_bitter,1,1,0
terribly_academic,1,1,0
that_oppressed,1,1,0
terminally_redundant,1,1,0
truly_apathetic,1,1,0
typically_male,1,1,0
terminally_dead,1,1,0
so_displeased,1,1,0
quite_patronizing,1,0,1
yet_bankable,1,1,0
yet_balmy,1,1,0
terminally_cancerous,1,1,0
temporarily_useful,1,1,0
temporarily_unpopular,1,1,0
terminally_desperate,1,1,0
truly_amoral,1,1,0
that_organic,1,1,0
temporarily_unable,1,1,0
temporarily_true,1,1,0
truly_amiss,1,0,1
temporarily_swollen,1,1,0
quite_peculiar,1,1,0
terminally_decrepit,1,1,0
terminally_destructive,1,1,0
yet_bent,1,1,0
terminally_injured,1,1,0
that_optimal,1,1,0
quite_paranoid,1,1,0
quite_particular,1,1,0
terminally_naive,1,1,0
terminally_lazy,1,1,0
truly_annoying,1,0,1
quite_partisan,1,1,0
terminally_illegal,1,1,0
terminally_distraught,1,1,0
terminally_embarrassing,1,1,0
terminally_dull,1,1,0
so_collectible,1,1,0
typically_lucrative,1,1,0
terminally_disturbing,1,1,0
yet_bearish,1,1,0
quite_patchy,1,1,0
quite_precious,1,1,0
that_painstaking,1,1,0
yet_analytical,1,1,0
truly_adaptive,1,1,0
that_perverse,1,1,0
yet_absent,1,1,0
technologically_compatible,1,1,0
quite_quirky,1,1,0
technologically_coherent,1,1,0
worst_available,1,1,0
typically_optimistic,1,1,0
typically_ornamental,1,1,0
technologically_close,1,1,0
technologically_cheap,1,1,0
quite_rad,1,1,0
truly_absurd,1,1,0
typically_outgoing,1,1,0
typically_particular,1,1,0
typically_peaceful,1,1,0
worryingly_subservient,1,1,0
that_pious,1,1,0
technologically_competitive,1,1,0
quite_queer,1,1,0
truly_abysmal,1,1,0
typically_obtuse,1,1,0
yet_addictive,1,1,0
that_pernicious,1,1,0
technologically_fancy,1,1,0
truly_acoustic,1,1,0
technologically_exciting,1,1,0
technologically_easy,1,1,0
quite_pungent,1,1,0
typically_odd,1,1,0
truly_academic,1,1,0
yet_acidic,1,1,0
typically_offensive,1,1,0
technologically_deficient,1,1,0
yet_academic,1,1,0
quite_puzzling,1,1,0
quite_quaint,1,1,0
truly_accidental,1,1,0
typically_permanent,1,1,0
worryingly_overpriced,1,1,0
quite_rampant,1,1,0
typically_powerful,1,1,0
technically_young,1,1,0
that_plain,1,1,0
worldwide_genuine,1,1,0
worldwide_common,1,1,0
technically_worthless,1,1,0
technically_worth,1,1,0
worldwide_available,1,1,0
quite_recent,1,1,0
typically_potential,1,1,0
worldwide_able,1,1,0
technically_wonderful,1,1,0
wondrously_free,1,1,0
so_closed,1,1,0
truely_ready,1,1,0
truely_objective,1,1,0
technically_white,1,1,0
technically_zero,1,1,0
truely_sustainable,1,1,0
worryingly_naive,1,1,0
worryingly_dangerous,1,1,0
quite_rapid,1,1,0
technologically_bright,1,1,0
typically_picturesque,1,1,0
worryingly_high,1,1,0
typically_pleasant,1,1,0
technologically_antiquated,1,1,0
worryingly_good,1,1,0
technologically_ambitious,1,1,0
truly_3d,1,1,0
technologically_adverse,1,1,0
truly_abhorrent,1,1,0
technologically_adventurous,1,1,0
worryingly_clever,1,1,0
worryingly_cheap,1,1,0
technologically_accurate,1,1,0
technologically_accessible,1,1,0
truly_adaptable,1,1,0
quite_prudent,1,1,0
yet_ambitious,1,1,0
technologically_flashy,1,0,1
typically_motivated,1,1,0
truly_adverse,1,1,0
truly_adversarial,1,1,0
typically_naive,1,1,0
technologically_limited,1,1,0
technologically_lacking,1,1,0
typically_natural,1,1,0
that_participatory,1,1,0
yet_akin,1,1,0
technologically_justifiable,1,1,0
typically_nervous,1,1,0
truly_adult,1,0,1
quite_primal,1,1,0
quite_prime,1,1,0
technologically_interested,1,1,0
yet_air-conditioned,1,1,0
technologically_intensive,1,1,0
typically_more,1,1,0
yet_alcoholic,1,1,0
yet_alert,1,1,0
technologically_parallel,1,1,0
that_palpable,1,1,0
yet_alone,1,1,0
truly_affectionate,1,1,0
technologically_promising,1,1,0
typically_moderate,1,1,0
technologically_precise,1,1,0
that_paramount,1,1,0
quite_predictive,1,1,0
technologically_necessary,1,1,0
quite_pregnant,1,1,0
quite_premature,1,1,0
yet_allowable,1,1,0
quite_premium,1,1,0
technologically_oriented,1,1,0
typically_modest,1,1,0
truly_advisory,1,1,0
yet_agile,1,1,0
technologically_insane,1,1,0
that_passable,1,1,0
typically_noteworthy,1,1,0
that_perfunctory,1,1,0
yet_adrift,1,1,0
quite_prone,1,1,0
quite_proof,1,1,0
technologically_impaired,1,1,0
technologically_immature,1,1,0
quite_prophetic,1,1,0
technologically_identical,1,1,0
technologically_impractical,1,0,1
quite_proportional,1,1,0
that_permissive,1,1,0
technologically_groundbreaking,1,0,1
quite_protective,1,1,0
technologically_friendly,1,1,0
technologically_free,1,1,0
technologically_fluent,1,1,0
typically_northern,1,1,0
truly_addicting,1,0,1
quite_pro-israel,1,1,0
so_cognitive,1,1,0
technologically_informed,1,1,0
typically_newsworthy,1,1,0
yet_afloat,1,1,0
quite_problematic,1,1,0
technologically_inevitable,1,1,0
typically_nice,1,1,0
truly_adorable,1,1,0
typically_noisy,1,1,0
quite_progressive,1,1,0
technologically_independent,1,1,0
technologically_incredible,1,1,0
technologically_inconsistent,1,0,1
truly_adjustable,1,1,0
that_patriotic,1,1,0
quite_profound,1,1,0
technologically_incompatible,1,1,0
typically_likable,1,1,0
truly_argumentative,1,1,0
truly_armed,1,1,0
terribly_compassionate,1,1,0
quite_mesmerizing,1,1,0
quite_messy,1,1,0
typically_higher,1,1,0
terribly_collegial,1,1,0
terribly_collectable,1,1,0
that_misinformed,1,1,0
quite_metaphysical,1,1,0
terribly_cogent,1,1,0
terribly_cocky,1,1,0
quite_middle,1,1,0
terribly_clumsy,1,1,0
terribly_cloying,1,1,0
quite_mighty,1,1,0
truly_bombastic,1,0,1
quite_mild,1,1,0
terribly_cliched,1,1,0
typically_homogenous,1,1,0
quite_merry,1,1,0
so_commensurate,1,1,0
yet_compulsive,1,1,0
quite_medieval,1,1,0
quite_mathematical,1,1,0
yet_confused,1,1,0
terribly_comparable,1,1,0
terribly_communist,1,1,0
quite_measurable,1,1,0
typically_hereditary,1,1,0
quite_mechanical,1,1,0
quite_mediocre,1,1,0
that_misguided,1,1,0
quite_meditative,1,1,0
quite_meek,1,1,0
quite_melancholic,1,1,0
typically_heroic,1,1,0
terribly_commercial,1,1,0
that_minor,1,1,0
quite_melodic,1,1,0
that_mobile,1,1,0
yet_complicit,1,1,0
terribly_civil,1,1,0
quite_monumental,1,1,0
terribly_charitable,1,1,0
quite_monolithic,1,1,0
that_motivational,1,1,0
that_mournful,1,1,0
truly_bleak,1,1,0
terribly_characteristic,1,1,0
that_moving,1,1,0
that_muddy,1,1,0
typically_hostile,1,1,0
terribly_celebratory,1,1,0
terribly_cautious,1,1,0
that_murky,1,1,0
quite_morose,1,1,0
truly_bisexual,1,1,0
quite_most,1,1,0
terribly_captivating,1,1,0
quite_moist,1,1,0
terribly_chatty,1,1,0
truly_bold,1,1,0
typically_homophobic,1,1,0
that_moral,1,1,0
terribly_choosy,1,1,0
quite_minimalist,1,1,0
quite_miniscule,1,1,0
that_morbid,1,1,0
quite_minor,1,1,0
yet_complicated,1,1,0
truly_blunt,1,0,1
yet_communist,1,1,0
terribly_cheerful,1,1,0
yet_complementary,1,1,0
typically_horizontal,1,1,0
that_moronic,1,1,0
terribly_cheaper,1,1,0
quite_mistaken,1,0,1
truly_blessed,1,1,0
quite_maternal,1,1,0
yet_congested,1,1,0
typically_ideal,1,1,0
that_mindless,1,1,0
yet_creamy,1,1,0
typically_generous,1,1,0
yet_courageous,1,1,0
so_communicative,1,1,0
that_marginalised,1,1,0
quite_little,1,1,0
terribly_contemporary,1,1,0
terribly_contemplative,1,1,0
quite_liveable,1,1,0
typically_girly,1,1,0
typically_glamorous,1,1,0
quite_lively,1,1,0
that_maternal,1,1,0
terribly_considerate,1,1,0
that_meager,1,1,0
typically_gluten-free,1,1,0
quite_lofty,1,1,0
yet_criminal,1,1,0
that_manly,1,1,0
that_manipulative,1,1,0
that_magnificent,1,1,0
typically_friendly,1,1,0
quite_lighthearted,1,1,0
that_macho,1,1,0
truly_carefree,1,1,0
terribly_cosy,1,1,0
that_magnetic,1,1,0
yet_cumbersome,1,1,0
that_majestic,1,1,0
typically_funny,1,1,0
truly_captive,1,1,0
yet_crystal,1,1,0
yet_crunchy,1,1,0
terribly_corny,1,0,1
yet_crucial,1,1,0
quite_limitless,1,1,0
typically_fun,1,1,0
truly_candid,1,1,0
that_measurable,1,1,0
terribly_congested,1,1,0
terribly_complementary,1,1,0
that_meticulous,1,1,0
typically_handy,1,1,0
yet_conservative,1,1,0
quite_malleable,1,1,0
quite_malty,1,1,0
that_mighty,1,1,0
truly_busy,1,1,0
truly_buddhist,1,1,0
typically_handsome,1,1,0
typically_harder,1,1,0
typically_healthy,1,1,0
typically_heavy,1,1,0
quite_mannered,1,1,0
quite_marketable,1,1,0
quite_marvelous,1,1,0
yet_connected,1,1,0
quite_main,1,1,0
yet_conspicuous,1,1,0
quite_long-term,1,1,0
truly_cancerous,1,1,0
quite_loose,1,1,0
quite_lousy,1,1,0
typically_gracious,1,1,0
typically_gratuitous,1,1,0
terribly_confrontational,1,1,0
yet_contemplative,1,1,0
quite_lowest,1,1,0
yet_constructive,1,1,0
quite_macho,1,1,0
terribly_condescending,1,1,0
quite_lucrative,1,1,0
quite_lukewarm,1,1,0
terribly_concrete,1,1,0
that_merry,1,1,0
quite_luxury,1,1,0
quite_lyrical,1,1,0
quite_motionless,1,1,0
quite_motivating,1,1,0
typically_liberal,1,1,0
quite_obedient,1,1,0
yet_cheaper,1,1,0
that_objective,1,1,0
yet_chatty,1,1,0
terribly_approachable,1,1,0
yet_charitable,1,1,0
terribly_appreciative,1,1,0
yet_characteristic,1,1,0
that_obligatory,1,1,0
quite_omnipresent,1,1,0
yet_cause,1,1,0
truly_attributable,1,1,0
quite_one-dimensional,1,1,0
quite_online,1,1,0
typically_key,1,1,0
yet_capitalist,1,1,0
terribly_antisocial,1,1,0
yet_canadian,1,1,0
yet_chic,1,1,0
typically_jewish,1,1,0
quite_off-putting,1,1,0
that_nude,1,1,0
terribly_astute,1,1,0
quite_objectionable,1,1,0
terribly_astonishing,1,1,0
that_nourishing,1,1,0
typically_involved,1,1,0
yet_cinematic,1,1,0
terribly_askew,1,1,0
quite_obsessed,1,1,0
quite_off-kilter,1,1,0
typically_israeli,1,1,0
typically_italian,1,1,0
yet_chronic,1,1,0
terribly_artful,1,1,0
quite_odious,1,0,1
truly_australian,1,1,0
terribly_apt,1,1,0
yet_calm,1,1,0
terribly_antiquated,1,1,0
quite_open-ended,1,1,0
that_off,1,1,0
truly_astonishing,1,1,0
yet_bottomless,1,1,0
terribly_altruistic,1,1,0
terribly_allergic,1,1,0
terribly_alive,1,1,0
quite_other,1,1,0
terribly_alien,1,1,0
typically_lazy,1,1,0
terribly_amenable,1,1,0
typically_legal,1,1,0
terribly_airy,1,1,0
quite_outgoing,1,1,0
terribly_agreeable,1,1,0
truly_ashamed,1,1,0
that_offensive,1,1,0
yet_bloodthirsty,1,1,0
yet_boundless,1,1,0
that_obtrusive,1,1,0
yet_buoyant,1,1,0
yet_bubbly,1,1,0
quite_operatic,1,1,0
terribly_anomalous,1,1,0
quite_opposite,1,1,0
quite_oppressive,1,1,0
yet_bulletproof,1,1,0
typically_knowledgeable,1,1,0
yet_buddhist,1,1,0
terribly_ancient,1,1,0
yet_brazen,1,1,0
yet_brooding,1,1,0
terribly_analytical,1,1,0
typically_korean,1,1,0
typically_lacklustre,1,1,0
terribly_amiss,1,1,0
terribly_amicable,1,1,0
terribly_american,1,1,0
truly_avoidable,1,1,0
truly_back,1,1,0
terribly_candid,1,0,1
quite_nutty,1,1,0
truly_binary,1,1,0
that_mystifying,1,1,0
terribly_brilliant,1,1,0
terribly_brief,1,1,0
typically_illiterate,1,1,0
truly_big,1,1,0
that_naughty,1,1,0
quite_needy,1,1,0
typically_immersive,1,1,0
quite_negligent,1,1,0
terribly_blurry,1,1,0
terribly_blue,1,1,0
quite_negotiable,1,1,0
terribly_blatant,1,0,1
quite_neurotic,1,1,0
terribly_blank,1,1,0
truly_best,1,1,0
terribly_brittle,1,1,0
quite_nationwide,1,1,0
quite_nasty,1,1,0
terribly_bullish,1,1,0
quite_mournful,1,1,0
that_myopic,1,1,0
terribly_buttery,1,1,0
quite_mundane,1,1,0
typically_identical,1,1,0
terribly_buoyant,1,1,0
quite_muscular,1,1,0
quite_musical,1,1,0
terribly_brutal,1,1,0
terribly_bulky,1,1,0
quite_muslim,1,1,0
typically_illegal,1,1,0
quite_mysterious,1,1,0
quite_mythic,1,1,0
quite_mythical,1,1,0
terribly_buggy,1,1,0
that_nefarious,1,1,0
terribly_bipartisan,1,1,0
truly_bereft,1,1,0
yet_closer,1,1,0
quite_northern,1,1,0
that_neurotic,1,1,0
that_nicer,1,1,0
typically_instantaneous,1,1,0
truly_basic,1,1,0
typically_intentional,1,1,0
typically_interactive,1,1,0
quite_novice,1,1,0
terribly_authoritative,1,1,0
quite_nuanced,1,1,0
quite_nuclear,1,1,0
quite_nude,1,1,0
quite_null,1,1,0
that_nonchalant,1,1,0
quite_numerous,1,1,0
quite_nutritious,1,1,0
truly_befitting,1,1,0
typically_insecure,1,1,0
truly_benign,1,1,0
that_nerdy,1,1,0
typically_immune,1,1,0
terribly_bent,1,1,0
truly_benevolent,1,1,0
that_negotiable,1,1,0
typically_impervious,1,1,0
quite_niche,1,1,0
truly_believable,1,1,0
terribly_backward,1,1,0
terribly_avoidable,1,1,0
typically_incremental,1,1,0
that_nerve-wracking,1,1,0
quite_nocturnal,1,1,0
typically_industrial,1,1,0
typically_inexpensive,1,1,0
quite_nondescript,1,1,0
quite_nonexistent,1,1,0
truely_intelligent,1,1,0
wonderfully_wicked,1,1,0
typically_preachy,1,1,0
quite_synthetic,1,1,0
quite_tense,1,1,0
technically_moot,1,1,0
typically_substantial,1,1,0
quite_tentative,1,1,0
quite_terminal,1,1,0
tremendously_productive,1,1,0
technically_misleading,1,1,0
quite_terrific,1,1,0
quite_terrified,1,1,0
technically_miraculous,1,1,0
quite_textured,1,1,0
quite_thankful,1,1,0
quite_theatrical,1,1,0
quite_theological,1,1,0
woefully_cliched,1,1,0
quite_third,1,1,0
quite_thirsty,1,1,0
woefully_dire,1,1,0
quite_tenable,1,1,0
technically_motivated,1,1,0
woefully_faulty,1,1,0
quite_tacky,1,0,1
quite_tactile,1,1,0
woefully_incompetent,1,1,0
technically_noticeable,1,1,0
technically_nonexistent,1,1,0
tremendously_prolific,1,1,0
technically_noble,1,1,0
technically_nice,1,1,0
typically_stupid,1,1,0
that_pungent,1,1,0
technically_newsworthy,1,1,0
woefully_expensive,1,1,0
tremendously_profitable,1,1,0
technically_myopic,1,1,0
woefully_elusive,1,1,0
quite_temperamental,1,1,0
technically_microscopic,1,1,0
quite_thoughtful,1,1,0
woefully_bad,1,1,0
quite_toxic,1,1,0
typically_surprising,1,1,0
quite_torturous,1,1,0
willfully_quirky,1,1,0
willfully_provocative,1,1,0
that_rampant,1,1,0
willfully_perverse,1,1,0
quite_touristy,1,1,0
tremendously_physical,1,1,0
willfully_ugly,1,1,0
willfully_obtuse,1,1,0
willfully_obscure,1,1,0
quite_trained,1,1,0
willfully_obnoxious,1,1,0
quite_tranquil,1,1,0
willfully_oblivious,1,1,0
quite_transformative,1,1,0
that_rad,1,1,0
willfully_unhelpful,1,1,0
tremendously_problematic,1,1,0
quite_timid,1,1,0
typically_superb,1,1,0
technically_medical,1,1,0
technically_mechanical,1,1,0
woefully_backward,1,1,0
tremendously_precise,1,1,0
technically_measurable,1,1,0
quite_timely,1,1,0
technically_masterful,1,1,0
tremendously_practical,1,1,0
technically_marvelous,1,1,0
willfully_versatile,1,1,0
quite_titillating,1,1,0
quite_toasty,1,1,0
quite_tolerable,1,1,0
technically_married,1,1,0
that_rabid,1,1,0
typically_stronger,1,1,0
typically_straightforward,1,1,0
technically_louder,1,1,0
that_psychotic,1,1,0
typically_stable,1,1,0
wonderfully_abrasive,1,1,0
quite_strategic,1,1,0
quite_streamlined,1,1,0
technically_overwhelming,1,1,0
tremendously_religious,1,1,0
typically_standard,1,1,0
technically_over,1,1,0
quite_strident,1,1,0
technically_outdated,1,1,0
typically_static,1,1,0
quite_striking,1,1,0
technically_other,1,1,0
woefully_weak,1,1,0
technically_oriented,1,1,0
woefully_unsuccessful,1,1,0
woefully_unqualified,1,1,0
so_dovish,1,1,0
tremendously_representative,1,1,0
quite_stinky,1,1,0
wonderfully_authentic,1,1,0
wonderfully_campy,1,0,1
that_promiscuous,1,1,0
tremendously_respectful,1,1,0
technically_pleasing,1,1,0
wonderfully_balanced,1,1,0
wonderfully_bad,1,1,0
technically_phenomenal,1,1,0
wonderfully_attractive,1,1,0
typically_squeamish,1,1,0
quite_stealthy,1,1,0
technically_permissible,1,1,0
wonderfully_airtight,1,1,0
quite_sterile,1,1,0
that_prompt,1,1,0
quite_stern,1,1,0
wonderfully_absurd,1,1,0
that_pronounced,1,1,0
quite_subconscious,1,1,0
that_prosaic,1,1,0
quite_susceptible,1,1,0
typically_stiff,1,1,0
woefully_naive,1,1,0
that_prudent,1,1,0
woefully_low,1,1,0
tremendously_quick,1,1,0
woefully_lacking,1,1,0
technically_obese,1,1,0
quite_suspenseful,1,1,0
technically_obvious,1,1,0
quite_suspicious,1,1,0
tremendously_prompt,1,1,0
woefully_insufficient,1,1,0
quite_sweeter,1,0,1
quite_symbiotic,1,1,0
typically_stout,1,1,0
technically_novel,1,1,0
technically_obtuse,1,0,1
typically_steady,1,1,0
technically_optional,1,1,0
technically_ok,1,0,1
that_prosperous,1,1,0
woefully_understaffed,1,1,0
technically_operational,1,1,0
woefully_underdeveloped,1,1,0
that_protective,1,1,0
typically_stationary,1,1,0
tremendously_rare,1,1,0
quite_suicidal,1,1,0
tremendously_rapid,1,1,0
woefully_short,1,1,0
quite_summery,1,1,0
quite_sumptuous,1,1,0
woefully_reductive,1,1,0
quite_super,1,1,0
quite_superb,1,1,0
quite_superficial,1,1,0
quite_transient,1,1,0
that_random,1,1,0
wonderfully_cerebral,1,1,0
quite_unmarried,1,1,0
quite_untenable,1,1,0
typically_ubiquitous,1,1,0
technically_indigenous,1,1,0
typically_unexplained,1,1,0
quite_unthinkable,1,1,0
typically_unhealthy,1,1,0
that_rebellious,1,1,0
willfully_bad,1,1,0
quite_untouchable,1,1,0
quite_untouched,1,1,0
willfully_antisocial,1,1,0
technically_inconsistent,1,1,0
wildly_worse,1,1,0
quite_unwell,1,1,0
wildly_wet,1,1,0
quite_unwieldy,1,1,0
quite_unwise,1,1,0
willfully_contemporary,1,1,0
typically_troubled,1,1,0
willfully_contrary,1,1,0
willfully_deaf,1,1,0
willfully_deceptive,1,1,0
quite_unmoved,1,1,0
quite_unnatural,1,1,0
technically_inferior,1,1,0
quite_unnoticed,1,1,0
technically_inept,1,1,0
technically_ineligible,1,1,0
willfully_cruel,1,1,0
quite_unseen,1,1,0
typically_touristy,1,1,0
technically_inefficient,1,1,0
quite_unprepared,1,1,0
quite_unreasonable,1,1,0
quite_unrelated,1,1,0
quite_unreliable,1,1,0
tremendously_oily,1,1,0
tremendously_offensive,1,1,0
wildly_welcome,1,1,0
wildly_vulgar,1,1,0
quite_utopian,1,1,0
wildly_untrue,1,1,0
typically_unnecessary,1,1,0
typically_unskilled,1,1,0
wildly_unstable,1,1,0
technically_ideal,1,1,0
wildly_unrelated,1,1,0
wildly_unreasonable,1,1,0
typically_urgent,1,1,0
typically_unionized,1,1,0
typically_valid,1,1,0
technically_humorous,1,1,0
quite_vain,1,1,0
wildly_unprofitable,1,1,0
technically_horrible,1,1,0
quite_various,1,1,0
wildly_unprofessional,1,1,0
wildly_unusual,1,1,0
technically_illiterate,1,1,0
wildly_voluminous,1,1,0
that_recognisable,1,1,0
typically_unheard,1,1,0
quite_upbeat,1,1,0
quite_upscale,1,1,0
tremendously_numerous,1,1,0
tremendously_noticeable,1,1,0
quite_upset,1,1,0
quite_uptight,1,0,1
technically_improper,1,0,1
technically_immune,1,1,0
wildly_viral,1,1,0
tremendously_new,1,0,1
wildly_variable,1,1,0
that_red,1,1,0
typically_uniform,1,1,0
wildly_user-friendly,1,1,0
tremendously_natural,1,1,0
willfully_defiant,1,1,0
quite_unmarked,1,1,0
technically_live,1,1,0
quite_unmanageable,1,1,0
quite_unambiguous,1,1,0
willfully_guilty,1,1,0
quite_unattainable,1,1,0
typically_suspicious,1,1,0
willfully_fortunate,1,1,0
quite_unbiased,1,1,0
quite_uncanny,1,1,0
quite_uncertain,1,1,0
quite_unchanged,1,1,0
quite_uncharted,1,1,0
quite_unclear,1,1,0
technically_kid-friendly,1,1,0
that_reachable,1,1,0
tremendously_outgoing,1,1,0
technically_israeli,1,1,0
quite_unconditional,1,1,0
quite_unconnected,1,1,0
quite_unaffected,1,1,0
technically_legendary,1,1,0
technically_legit,1,1,0
quite_triumphant,1,1,0
that_rapid,1,1,0
technically_limited,1,1,0
tremendously_overwhelming,1,1,0
technically_lifeless,1,1,0
willfully_naive,1,1,0
quite_triple,1,1,0
quite_trippy,1,1,0
willfully_morose,1,1,0
willfully_idiosyncratic,1,1,0
quite_troubling,1,1,0
willfully_misogynistic,1,1,0
willfully_misleading,1,1,0
technically_liberal,1,1,0
willfully_lazy,1,1,0
willfully_immoral,1,1,0
technically_lesbian,1,1,0
technically_irrelevant,1,1,0
typically_sweet,1,1,0
quite_underdeveloped,1,1,0
typically_thick,1,1,0
quite_unhappy,1,1,0
quite_unharmed,1,1,0
quite_unheard,1,1,0
technically_inspiring,1,1,0
willfully_disordered,1,1,0
quite_unimaginable,1,1,0
technically_insolvent,1,1,0
quite_unintended,1,1,0
typically_technical,1,1,0
quite_uninteresting,1,1,0
willfully_dishonest,1,1,0
technically_innocent,1,1,0
quite_unkind,1,1,0
technically_informative,1,1,0
typically_topical,1,1,0
willfully_destructive,1,1,0
typically_territorial,1,1,0
quite_unforeseen,1,1,0
typically_swollen,1,1,0
quite_underweight,1,1,0
that_reactionary,1,1,0
willfully_eccentric,1,0,1
typically_symmetrical,1,1,0
technically_invisible,1,1,0
quite_undervalued,1,1,0
willfully_disparate,1,1,0
technically_invalid,1,1,0
quite_undone,1,1,0
quite_unflattering,1,1,0
tremendously_optimistic,1,1,0
technically_interactive,1,1,0
technically_intact,1,1,0
quite_unexplained,1,1,0
quite_unfair,1,1,0
quite_unfazed,1,1,0
quite_unfettered,1,1,0
quite_stagnant,1,1,0
technically_popular,1,1,0
quite_reclusive,1,1,0
technically_underrated,1,1,0
tremendously_welcoming,1,1,0
wonderfully_pleased,1,1,0
quite_sandy,1,1,0
technically_threatening,1,1,0
wonderfully_pleasant,1,1,0
quite_sarcastic,1,1,0
quite_sassy,1,1,0
technically_thick,1,1,0
tremendously_wasteful,1,1,0
technically_terrifying,1,1,0
technically_taxable,1,1,0
technically_talented,1,1,0
typically_reliable,1,1,0
wonderfully_orwellian,1,1,0
technically_sustainable,1,1,0
technically_supple,1,1,0
technically_supernatural,1,1,0
wonderfully_pragmatic,1,1,0
typically_redeemable,1,1,0
quite_salacious,1,1,0
quite_royal,1,1,0
quite_riveting,1,1,0
wonderfully_refreshing,1,1,0
quite_roman,1,1,0
wonderfully_random,1,1,0
technically_unavoidable,1,1,0
wonderfully_psychedelic,1,1,0
technically_unable,1,1,0
typically_receptive,1,1,0
wonderfully_privileged,1,1,0
technically_ugly,1,1,0
quite_run,1,1,0
that_ponderous,1,1,0
typically_red,1,1,0
quite_russian,1,1,0
technically_transgender,1,1,0
wonderfully_progressive,1,1,0
quite_scarce,1,1,0
that_pornographic,1,1,0
quite_scarier,1,1,0
technically_specific,1,1,0
technically_steady,1,1,0
technically_startling,1,1,0
typically_republican,1,1,0
quite_selfish,1,1,0
technically_spectacular,1,1,0
wonderfully_lifelike,1,1,0
that_preachy,1,1,0
quite_selfless,1,1,0
wonderfully_light,1,1,0
quite_sensational,1,1,0
technically_spanish,1,1,0
wonderfully_inscrutable,1,1,0
typically_residential,1,1,0
typically_resistant,1,1,0
technically_solvable,1,1,0
wonderfully_innocent,1,1,0
quite_secular,1,1,0
quite_secondary,1,1,0
wonderfully_odd,1,1,0
quite_scrappy,1,1,0
quite_schizophrenic,1,1,0
quite_scholarly,1,1,0
technically_superhuman,1,1,0
wonderfully_moist,1,1,0
technically_superb,1,1,0
typically_religious,1,1,0
quite_scottish,1,1,0
technically_such,1,1,0
technically_straight,1,1,0
technically_subversive,1,1,0
wonderfully_lucky,1,1,0
typically_renewable,1,1,0
technically_stupid,1,1,0
tremendously_wary,1,1,0
quite_secluded,1,1,0
quite_second,1,1,0
quite_risque,1,1,0
truely_able,1,1,0
tremendously_vast,1,1,0
truely_accurate,1,1,0
that_poetic,1,1,0
typically_prideful,1,1,0
technically_valuable,1,1,0
technically_vacant,1,1,0
wonderfully_soft,1,1,0
technically_useless,1,1,0
typically_privy,1,1,0
quite_relentless,1,1,0
typically_proactive,1,1,0
technically_urban,1,0,1
quite_relieved,1,1,0
truely_instant,1,1,0
quite_reluctant,1,0,1
typically_prolific,1,1,0
truely_impressed,1,1,0
truely_good,1,1,0
quite_repeatable,1,1,0
typically_prevalent,1,1,0
wonderfully_stuck,1,1,0
quite_regal,1,1,0
wonderfully_tense,1,1,0
wonderfully_weirder,1,1,0
technically_voluntary,1,1,0
wonderfully_useful,1,1,0
technically_visible,1,1,0
technically_vintage,1,1,0
wonderfully_thoughtful,1,1,0
that_playful,1,1,0
that_pliable,1,1,0
quite_refundable,1,1,0
wonderfully_surreal,1,1,0
typically_predisposed,1,1,0
quite_redundant,1,1,0
that_plump,1,1,0
quite_refined,1,1,0
wonderfully_surprised,1,1,0
wonderfully_subtle,1,1,0
quite_repetitive,1,1,0
truely_enjoyable,1,0,1
technically_unreliable,1,1,0
quite_reversible,1,1,0
wonderfully_salacious,1,1,0
technically_unheard,1,1,0
quite_restrictive,1,1,0
quite_reticent,1,1,0
that_polarized,1,1,0
typically_real,1,1,0
quite_revelatory,1,1,0
wonderfully_romantic,1,1,0
quite_respected,1,1,0
quite_rewarding,1,1,0
quite_rhetorical,1,1,0
wonderfully_rich,1,1,0
truely_automatic,1,1,0
wonderfully_retro,1,1,0
wonderfully_reliable,1,1,0
wonderfully_relaxing,1,1,0
quite_respectful,1,1,0
wonderfully_satisfying,1,1,0
truely_dangerous,1,1,0
typically_psychological,1,1,0
quite_reproducible,1,1,0
technically_unrealistic,1,1,0
truely_comfortable,1,1,0
quite_republican,1,1,0
quite_repugnant,1,1,0
quite_repulsive,1,1,0
quite_reputable,1,1,0
typically_public,1,1,0
wonderfully_scary,1,1,0
wonderfully_shocking,1,1,0
truely_coherent,1,1,0
typically_reachable,1,1,0
truely_classic,1,1,0
technically_unintended,1,1,0
truely_beneficial,1,1,0
quite_resonant,1,1,0
typically_responsive,1,1,0
technically_socialist,1,1,0
quite_squishy,1,1,0
quite_slight,1,1,0
technically_pure,1,1,0
tremendously_spicy,1,1,0
wonderfully_different,1,1,0
that_prodigious,1,1,0
quite_softer,1,1,0
typically_sexual,1,1,0
so_circuitous,1,1,0
technically_psychotic,1,1,0
technically_proud,1,1,0
technically_protective,1,1,0
tremendously_special,1,0,1
wonderfully_detailed,1,1,0
technically_prohibitive,1,1,0
quite_sorry,1,1,0
technically_progressive,1,1,0
technically_profound,1,1,0
tremendously_soft,1,1,0
that_procedural,1,1,0
technically_rare,1,1,0
tremendously_strange,1,1,0
technically_recoverable,1,1,0
quite_slippery,1,1,0
technically_recyclable,1,1,0
quite_slower,1,1,0
quite_sly,1,1,0
wonderfully_efficient,1,1,0
wonderfully_eccentric,1,1,0
wonderfully_dramatic,1,1,0
quite_smelly,1,1,0
tremendously_subtle,1,1,0
quite_smitten,1,1,0
technically_realistic,1,1,0
tremendously_superb,1,1,0
quite_smug,1,1,0
so_circular,1,1,0
wonderfully_dirty,1,1,0
that_pro-active,1,1,0
wonderfully_delicious,1,1,0
wonderfully_decorative,1,1,0
tremendously_similar,1,1,0
tremendously_right,1,1,0
quite_spontaneous,1,1,0
wonderfully_clever,1,1,0
technically_practicable,1,1,0
technically_powerful,1,0,1
tremendously_robust,1,1,0
quite_sporadic,1,1,0
quite_sporty,1,1,0
wonderfully_clean,1,1,0
quite_spoiled,1,1,0
wonderfully_cheerful,1,1,0
quite_spot,1,1,0
typically_sophisticated,1,1,0
wonderfully_charming,1,1,0
technically_portable,1,1,0
quite_spurious,1,1,0
typically_spanish,1,1,0
typically_solid,1,1,0
wonderfully_coherent,1,1,0
wonderfully_cuddly,1,1,0
wonderfully_contemporary,1,1,0
wonderfully_crisp,1,1,0
wonderfully_creepy,1,1,0
quite_sparkly,1,1,0
quite_sparse,1,1,0
typically_short,1,1,0
wonderfully_creamy,1,1,0
tremendously_sexy,1,1,0
tremendously_severe,1,1,0
wonderfully_colorful,1,1,0
wonderfully_consistent,1,1,0
tremendously_satisfied,1,1,0
typically_smart,1,1,0
wonderfully_comfortable,1,1,0
wonderfully_colourful,1,1,0
tremendously_safe,1,1,0
typically_social,1,1,0
typically_separate,1,1,0
tremendously_suspenseful,1,1,0
typically_revolutionary,1,1,0
wonderfully_emotional,1,1,0
that_prejudiced,1,1,0
that_prepared,1,1,0
typically_sad,1,1,0
technically_sick,1,1,0
tremendously_unique,1,1,0
wonderfully_helpful,1,1,0
tremendously_unfamiliar,1,0,1
that_present,1,1,0
technically_sexist,1,1,0
quite_shit,1,1,0
quite_shitty,1,1,0
wonderfully_healthy,1,1,0
technically_sex,1,1,0
wonderfully_harmonious,1,1,0
tremendously_uncomfortable,1,1,0
quite_showy,1,1,0
quite_shrill,1,1,0
quite_shady,1,1,0
tremendously_unlikely,1,1,0
technically_silent,1,1,0
quite_several,1,1,0
wonderfully_informative,1,1,0
so_do-able,1,1,0
technically_smarter,1,1,0
quite_serviceable,1,1,0
typically_round,1,1,0
wonderfully_important,1,1,0
tremendously_unprofessional,1,1,0
that_predatory,1,1,0
quite_shabby,1,1,0
technically_small,1,1,0
tremendously_unpredictable,1,1,0
technically_skilful,1,1,0
typically_rude,1,1,0
wonderfully_imaginative,1,1,0
typically_russian,1,1,0
wonderfully_hypocritical,1,1,0
wonderfully_gracious,1,1,0
technically_secure,1,1,0
tremendously_true,1,1,0
wonderfully_exotic,1,1,0
quite_skeptical,1,1,0
typically_scared,1,1,0
wonderfully_flavorful,1,1,0
quite_sketchy,1,1,0
wonderfully_fanciful,1,1,0
technically_rigorous,1,1,0
quite_skilful,1,1,0
typically_scary,1,1,0
that_pricier,1,1,0
technically_ridiculous,1,1,0
quite_sleek,1,1,0
wonderfully_excited,1,1,0
wonderfully_erotic,1,0,1
technically_resistant,1,1,0
technically_residential,1,1,0
technically_relevant,1,1,0
technically_risky,1,1,0
technically_rough,1,1,0
wonderfully_gentle,1,1,0
wonderfully_fond,1,1,0
technically_seasonal,1,1,0
wonderfully_funny,1,1,0
technically_seamless,1,1,0
wonderfully_fresh,1,1,0
that_previous,1,1,0
technically_satisfied,1,1,0
wonderfully_frank,1,1,0
typically_safer,1,1,0
tremendously_thoughtful,1,1,0
technically_safer,1,1,0
typically_sarcastic,1,1,0
technically_sad,1,0,1
technically_russian,1,1,0
technically_ruinous,1,0,1
technically_rude,1,1,0
typically_satisfied,1,1,0
really_intoxicating,1,1,0
stupidly_large,1,1,0
slightly_skeptical,1,1,0
uniquely_male,1,1,0
so_saddened,1,1,0
somewhat_guilty,1,1,0
somewhat_grotesque,1,1,0
ridiculously_tall,1,1,0
somewhat_gratified,1,1,0
ridiculously_technical,1,1,0
uniquely_manly,1,1,0
ridiculously_tedious,1,1,0
ridiculously_tempting,1,1,0
ridiculously_terrible,1,1,0
somewhat_generous,1,1,0
ridiculously_thick,1,1,0
usually_strict,1,1,0
usually_stressful,1,1,0
somewhat_fuzzy,1,1,0
usually_strange,1,1,0
too_laid,1,1,0
usually_stupid,1,1,0
ridiculously_tacky,1,1,0
somewhat_harmful,1,1,0
somewhat_helpful,1,1,0
somewhat_hilarious,1,1,0
somewhat_higher,1,1,0
somewhat_high,1,1,0
usually_surgical,1,1,0
somewhat_hesitant,1,1,0
totally_bipartisan,1,1,0
ridiculously_successful,1,1,0
usually_sugary,1,1,0
somewhat_harsh,1,1,0
somewhat_healthy,1,1,0
usually_substantive,1,1,0
usually_sturdy,1,1,0
ridiculously_superficial,1,1,0
simply_jarring,1,1,0
ridiculously_superstitious,1,1,0
somewhat_hasty,1,1,0
somewhat_futuristic,1,1,0
ridiculously_ugly,1,1,0
uniquely_meaningful,1,1,0
usually_spooky,1,1,0
ridiculously_violent,1,1,0
usually_squishy,1,1,0
totally_biased,1,1,0
somewhat_flippant,1,1,0
somewhat_flimsy,1,1,0
ridiculously_weak,1,1,0
ridiculously_wealthier,1,1,0
somewhat_flamboyant,1,1,0
usually_stable,1,1,0
ridiculously_wet,1,1,0
usually_spiritual,1,1,0
somewhat_fatigued,1,1,0
somewhat_fashionable,1,1,0
somewhat_fascinating,1,1,0
somewhat_fanciful,1,1,0
simply_irresistible,1,1,0
totally_big,1,1,0
somewhat_forgettable,1,1,0
too_laughable,1,1,0
usually_sterile,1,1,0
ridiculously_unappealing,1,1,0
simply_jaded,1,1,0
usually_stiff,1,1,0
somewhat_fun,1,1,0
ridiculously_unbelievable,1,1,0
ridiculously_uncomfortable,1,1,0
ridiculously_underfunded,1,1,0
ridiculously_unfounded,1,1,0
somewhat_frightening,1,1,0
somewhat_fuller,1,1,0
usually_steady,1,1,0
so_salacious,1,1,0
ridiculously_unnecessary,1,1,0
somewhat_frustrated,1,1,0
too_law-abiding,1,1,0
ridiculously_upset,1,1,0
totally_bland,1,1,0
somewhat_historic,1,1,0
uniquely_medieval,1,0,1
somewhat_honest,1,1,0
somewhat_intricate,1,1,0
simply_kurdish,1,1,0
ridiculously_proud,1,1,0
usually_tolerant,1,1,0
simply_korean,1,1,0
simply_knowledgable,1,1,0
usually_thrilled,1,1,0
simply_kind,1,1,0
ridiculously_quiet,1,1,0
ridiculously_radical,1,1,0
ridiculously_rare,1,1,0
ridiculously_reactionary,1,1,0
usually_thankful,1,1,0
ridiculously_resilient,1,1,0
simply_keen,1,1,0
usually_terrifying,1,1,0
usually_terrific,1,1,0
somewhat_intrigued,1,1,0
usually_total,1,1,0
usually_tough,1,1,0
ridiculously_priced,1,1,0
somewhat_lethargic,1,1,0
somewhat_less,1,1,0
ridiculously_predictable,1,1,0
usually_trivial,1,1,0
somewhat_lacking,1,1,0
somewhat_knowledgeable,1,1,0
ridiculously_pretentious,1,1,0
somewhat_jealous,1,1,0
usually_tougher,1,1,0
somewhat_jaded,1,1,0
somewhat_itchy,1,1,0
uniquely_local,1,0,1
ridiculously_primitive,1,1,0
somewhat_irrational,1,1,0
somewhat_intriguing,1,1,0
ridiculously_privileged,1,1,0
ridiculously_rich,1,1,0
ridiculously_rigorous,1,1,0
uniquely_long,1,1,0
simply_judgmental,1,1,0
usually_technical,1,1,0
ridiculously_sketchy,1,1,0
somewhat_inconsequential,1,1,0
somewhat_incompetent,1,1,0
usually_systematic,1,1,0
somewhat_improper,1,1,0
usually_sympathetic,1,1,0
somewhat_impressed,1,1,0
ridiculously_sincere,1,1,0
ridiculously_sore,1,1,0
ridiculously_sour,1,1,0
somewhat_impersonal,1,1,0
somewhat_icky,1,1,0
usually_suspicious,1,1,0
somewhat_human,1,1,0
somewhat_horrible,1,1,0
somewhat_inconsistent,1,1,0
ridiculously_simplistic,1,1,0
ridiculously_risky,1,1,0
ridiculously_sexy,1,1,0
somewhat_insensitive,1,1,0
ridiculously_robust,1,1,0
ridiculously_sad,1,1,0
ridiculously_sensitive,1,1,0
somewhat_innovative,1,1,0
somewhat_infinite,1,1,0
ridiculously_sexualized,1,1,0
somewhat_inexpensive,1,1,0
somewhat_inconvenient,1,1,0
somewhat_inept,1,1,0
somewhat_ineffective,1,1,0
ridiculously_shy,1,1,0
somewhat_indecisive,1,1,0
usually_temporary,1,1,0
ridiculously_silly,1,1,0
somewhat_incredible,1,1,0
usually_speedy,1,1,0
somewhat_fake,1,1,0
usually_scalable,1,1,0
right_okay,1,1,0
totally_baffling,1,1,0
too_life-changing,1,0,1
somewhat_disgraceful,1,1,0
rightly_conscious,1,1,0
usually_shrill,1,1,0
rightly_due,1,1,0
somewhat_discrete,1,1,0
rightly_famous,1,1,0
rightly_new,1,1,0
somewhat_disconcerting,1,1,0
too_life-threatening,1,1,0
rightly_right,1,1,0
rightly_ripe,1,1,0
uniquely_muslim,1,1,0
rightly_sober,1,1,0
rightly_stupid,1,1,0
usually_showy,1,1,0
rightly_bullish,1,1,0
rightly_bad,1,1,0
rightly_awake,1,1,0
somewhat_dismissive,1,1,0
right_peculiar,1,1,0
right_prior,1,1,0
right_repulsive,1,1,0
right_short,1,1,0
right_sick,1,1,0
usually_silent,1,1,0
right_smart,1,1,0
right_upfront,1,1,0
rightly_applicable,1,1,0
too_lethargic,1,1,0
uniquely_murderous,1,1,0
rightfully_angry,1,1,0
rightfully_concerned,1,1,0
rightfully_existent,1,1,0
usually_sick,1,1,0
rightfully_true,1,1,0
rightly_suspicious,1,1,0
so_scant,1,1,0
rigidly_catholic,1,1,0
usually_sensible,1,1,0
somewhat_deluded,1,1,0
usually_sentimental,1,1,0
rigidly_hard,1,1,0
somewhat_defiant,1,0,1
rigidly_ideological,1,1,0
uniquely_nationalist,1,1,0
uniquely_necessary,1,1,0
rigidly_impersonal,1,1,0
too_like,1,1,0
rigidly_intolerant,1,1,0
usually_self-conscious,1,1,0
rigidly_linear,1,1,0
rigidly_logical,1,1,0
somewhat_deceitful,1,1,0
usually_scarce,1,1,0
rigidly_observant,1,1,0
rigidly_fundamentalist,1,1,0
rigidly_full,1,1,0
simply_insulting,1,1,0
rigidly_dependent,1,1,0
totally_badass,1,1,0
simply_institutional,1,1,0
simply_inspiring,1,1,0
rigidly_cognizant,1,1,0
rigidly_conservative,1,1,0
rigidly_correct,1,1,0
simply_insensitive,1,1,0
somewhat_devious,1,1,0
somewhat_dense,1,1,0
simply_insecure,1,1,0
somewhat_devastating,1,1,0
somewhat_derivative,1,1,0
rigidly_ephemeral,1,1,0
somewhat_depressing,1,1,0
somewhat_depressed,1,1,0
rigidly_feminine,1,1,0
right_painful,1,1,0
somewhat_disrespectful,1,1,0
usually_speechless,1,1,0
totally_balanced,1,1,0
too_legendary,1,1,0
usually_solitary,1,1,0
totally_bespoke,1,1,0
usually_solid,1,1,0
right_comparable,1,1,0
right_concerned,1,1,0
simply_invisible,1,1,0
somewhat_excited,1,1,0
somewhat_euphoric,1,1,0
usually_smooth,1,1,0
right_contiguous,1,1,0
right_crooked,1,0,1
right_deep,1,1,0
somewhat_envious,1,1,0
right_disturbing,1,1,0
right_divine,1,1,0
right_dominant,1,1,0
too_leftist,1,1,0
somewhat_exciting,1,1,0
right_clear,1,1,0
right_applicable,1,1,0
simply_irreconcilable,1,1,0
usually_speculative,1,1,0
simply_irrational,1,1,0
right_adorable,1,1,0
right_aesthetic,1,1,0
right_angled,1,1,0
somewhat_exhausting,1,1,0
usually_sorry,1,1,0
usually_solvable,1,1,0
right_bad,1,1,0
right_beautiful,1,1,0
usually_sophisticated,1,1,0
right_better,1,1,0
right_calm,1,1,0
somewhat_exclusive,1,1,0
simply_irish,1,1,0
usually_smaller,1,1,0
uniquely_mischievous,1,1,0
right_enough,1,0,1
usually_sinister,1,1,0
right_mental,1,1,0
too_lesbian,1,1,0
somewhat_eccentric,1,1,0
somewhat_easy,1,1,0
uniquely_moral,1,1,0
right_minded,1,1,0
somewhat_easier,1,1,0
so_satirical,1,1,0
somewhat_effective,1,1,0
right_much,1,1,0
usually_simultaneous,1,1,0
simply_interactive,1,1,0
right_obscene,1,1,0
somewhat_distressing,1,1,0
usually_silly,1,1,0
totally_barbaric,1,1,0
somewhat_eerie,1,1,0
right_many,1,1,0
somewhat_entertaining,1,1,0
usually_slow,1,1,0
right_fair,1,1,0
totally_belligerent,1,1,0
right_funny,1,1,0
somewhat_endearing,1,1,0
somewhat_emotive,1,1,0
somewhat_emotional,1,1,0
uniquely_modern,1,1,0
right_greater,1,1,0
simply_intermittent,1,1,0
usually_skilled,1,1,0
somewhat_elitist,1,1,0
right_honest,1,1,0
right_impossible,1,1,0
usually_skeptical,1,1,0
somewhat_egotistical,1,1,0
right_japanese,1,1,0
usually_typical,1,1,0
somewhat_likable,1,1,0
ridiculously_posh,1,1,0
utterly_appalling,1,1,0
somewhat_relevant,1,1,0
utterly_able,1,1,0
somewhat_refreshing,1,1,0
totally_caucasian,1,1,0
somewhat_reductive,1,1,0
ridiculously_catchy,1,1,0
somewhat_realistic,1,1,0
ridiculously_challenging,1,1,0
usually_young,1,1,0
simply_long-lived,1,1,0
ridiculously_charming,1,1,0
somewhat_rare,1,1,0
usually_worthwhile,1,1,0
simply_long,1,1,0
so_richer,1,1,0
usually_worse,1,1,0
somewhat_questionable,1,1,0
somewhat_religious,1,1,0
ridiculously_bulky,1,1,0
utterly_accurate,1,1,0
utterly_amorphous,1,1,0
somewhat_runny,1,1,0
utterly_angry,1,1,0
utterly_analytical,1,1,0
ridiculously_banal,1,1,0
ridiculously_bashful,1,1,0
somewhat_robotic,1,1,0
utterly_amused,1,1,0
ridiculously_bleak,1,1,0
uniquely_italian,1,0,1
somewhat_rigid,1,1,0
ridiculously_bountiful,1,1,0
totally_celebratory,1,1,0
simply_loyal,1,1,0
somewhat_respectful,1,1,0
somewhat_repetitive,1,1,0
simply_lower,1,1,0
somewhat_puzzling,1,1,0
somewhat_protectionist,1,1,0
somewhat_prophetic,1,1,0
usually_widespread,1,1,0
ridiculously_condescending,1,1,0
ridiculously_confident,1,1,0
ridiculously_convenient,1,1,0
usually_wild,1,1,0
somewhat_predisposed,1,1,0
simply_literate,1,1,0
somewhat_polarizing,1,1,0
totally_carefree,1,1,0
totally_careful,1,1,0
ridiculously_corny,1,1,0
somewhat_pointless,1,1,0
usually_wide,1,1,0
usually_white,1,0,1
ridiculously_costly,1,1,0
ridiculously_creepy,1,1,0
usually_weird,1,1,0
somewhat_prejudiced,1,1,0
ridiculously_competitive,1,1,0
ridiculously_cheaper,1,1,0
ridiculously_cocky,1,1,0
somewhat_progressive,1,1,0
ridiculously_childish,1,1,0
usually_workable,1,1,0
ridiculously_circuitous,1,1,0
somewhat_profitable,1,1,0
somewhat_proficient,1,1,0
ridiculously_close,1,1,0
somewhat_productive,1,1,0
somewhat_presumptuous,1,1,0
ridiculously_colourful,1,1,0
somewhat_probable,1,1,0
simply_live,1,1,0
somewhat_pricy,1,1,0
too_junior,1,1,0
usually_wonderful,1,1,0
ridiculously_comfy,1,1,0
somewhat_rustic,1,1,0
simply_ludicrous,1,1,0
somewhat_likely,1,1,0
somewhat_sad,1,1,0
somewhat_stable,1,1,0
somewhat_spurious,1,1,0
rhythmically_tight,1,1,0
somewhat_sobering,1,1,0
richly_ambiguous,1,1,0
somewhat_smaller,1,1,0
richly_amusing,1,1,0
richly_black,1,1,0
richly_blessed,1,1,0
somewhat_sleepy,1,1,0
somewhat_skilled,1,1,0
totally_charming,1,1,0
richly_colorful,1,1,0
richly_dense,1,1,0
richly_descriptive,1,1,0
utterly_beautiful,1,1,0
richly_flavorful,1,0,1
rhythmically_talented,1,1,0
totally_chaste,1,1,0
rhythmically_stagnant,1,1,0
rhythmically_ready,1,1,0
totally_cheap,1,1,0
rhythmically_inclined,1,1,0
rhythmically_interesting,1,1,0
rhythmically_invincible,1,1,0
utterly_blind,1,0,1
utterly_bleak,1,1,0
utterly_blank,1,1,0
somewhat_stretchy,1,1,0
somewhat_stimulating,1,1,0
rhythmically_regular,1,1,0
rhythmically_repetitive,1,1,0
rhythmically_secure,1,1,0
utterly_bizarre,1,1,0
rhythmically_splendid,1,1,0
somewhat_stressful,1,1,0
somewhat_stingy,1,1,0
somewhat_shorter,1,1,0
richly_fraught,1,1,0
somewhat_short,1,1,0
ridiculously_addicted,1,1,0
somewhat_scared,1,1,0
richly_satisfying,1,1,0
richly_sweet,1,1,0
richly_textured,1,1,0
ridiculously_absurd,1,1,0
utterly_astonishing,1,1,0
utterly_asinine,1,1,0
somewhat_satisfied,1,1,0
too_jovial,1,1,0
somewhat_salty,1,1,0
totally_central,1,1,0
utterly_apropos,1,1,0
ridiculously_ambitious,1,1,0
ridiculously_archaic,1,1,0
utterly_approachable,1,1,0
ridiculously_arduous,1,1,0
richly_satisfied,1,1,0
utterly_atrocious,1,1,0
utterly_barren,1,1,0
richly_meaty,1,1,0
utterly_bare,1,1,0
totally_changeable,1,1,0
somewhat_shocked,1,1,0
somewhat_shaky,1,1,0
richly_imaginative,1,1,0
utterly_baffling,1,1,0
richly_inventive,1,1,0
richly_passionate,1,0,1
richly_red,1,1,0
somewhat_serious,1,1,0
utterly_bad,1,1,0
utterly_awful,1,1,0
somewhat_scientific,1,1,0
somewhat_scarier,1,1,0
utterly_aware,1,1,0
richly_proud,1,1,0
somewhat_plentiful,1,1,0
ridiculously_damaging,1,0,1
ridiculously_dangerous,1,1,0
ridiculously_dark,1,1,0
uniquely_lax,1,1,0
somewhat_normal,1,1,0
usually_unionized,1,1,0
usually_uniform,1,1,0
ridiculously_massive,1,1,0
ridiculously_misguided,1,1,0
ridiculously_more,1,1,0
ridiculously_moving,1,1,0
somewhat_nonsensical,1,1,0
ridiculously_narrow,1,1,0
usually_unified,1,1,0
ridiculously_nervous,1,1,0
simply_left-wing,1,1,0
ridiculously_nutritious,1,1,0
ridiculously_obese,1,1,0
somewhat_neurotic,1,1,0
usually_unheard,1,1,0
somewhat_nostalgic,1,1,0
ridiculously_loyal,1,1,0
somewhat_obligated,1,1,0
usually_unlimited,1,1,0
ridiculously_improbable,1,1,0
ridiculously_ineffective,1,1,0
ridiculously_insane,1,1,0
somewhat_offended,1,1,0
ridiculously_intelligent,1,1,0
totally_breathless,1,1,0
ridiculously_intrusive,1,1,0
ridiculously_late,1,1,0
usually_unique,1,1,0
totally_bottomless,1,1,0
somewhat_obsolete,1,1,0
somewhat_obsessed,1,1,0
totally_bonkers,1,1,0
ridiculously_lopsided,1,1,0
usually_unkind,1,1,0
usually_universal,1,1,0
simply_lead,1,1,0
ridiculously_obscure,1,1,0
ridiculously_obsessive,1,1,0
somewhat_magic,1,1,0
usually_uncommon,1,1,0
somewhat_mechanical,1,1,0
somewhat_materialistic,1,1,0
usually_unbearable,1,1,0
somewhat_malleable,1,1,0
usually_unanimous,1,1,0
ridiculously_picky,1,1,0
ridiculously_pigmented,1,1,0
totally_bombastic,1,1,0
somewhat_lower,1,1,0
ridiculously_plush,1,1,0
ridiculously_poor,1,1,0
uniquely_limited,1,1,0
usually_unaccountable,1,1,0
usually_unable,1,1,0
somewhat_low,1,1,0
somewhat_mesmerizing,1,1,0
somewhat_misguided,1,1,0
ridiculously_obstinate,1,1,0
somewhat_narrow,1,1,0
usually_unhealthy,1,1,0
ridiculously_obvious,1,1,0
ridiculously_offensive,1,1,0
somewhat_negative,1,1,0
ridiculously_oily,1,1,0
usually_unforgettable,1,1,0
ridiculously_outdated,1,1,0
uniquely_liberal,1,1,0
somewhat_more,1,1,0
usually_unforeseen,1,1,0
ridiculously_overdone,1,1,0
somewhat_naive,1,1,0
usually_unfolding,1,1,0
simply_laughable,1,1,0
usually_understandable,1,1,0
somewhat_mundane,1,1,0
somewhat_offensive,1,1,0
somewhat_ok,1,1,0
usually_unnecessary,1,1,0
somewhat_paradoxical,1,1,0
simply_limited,1,1,0
ridiculously_enormous,1,1,0
usually_vertical,1,1,0
somewhat_paranoid,1,0,1
ridiculously_enthusiastic,1,1,0
so_risk-free,1,1,0
usually_verbal,1,1,0
ridiculously_exhausting,1,1,0
somewhat_partial,1,1,0
somewhat_panicked,1,1,0
usually_vast,1,1,0
uniquely_korean,1,1,0
ridiculously_eye-catching,1,0,1
uniquely_latin,1,1,0
totally_busy,1,1,0
somewhat_overwhelmed,1,1,0
ridiculously_empathetic,1,1,0
somewhat_passionate,1,1,0
somewhat_overrated,1,1,0
somewhat_personal,1,1,0
somewhat_plain,1,1,0
usually_wealthy,1,0,1
ridiculously_depressing,1,1,0
simply_literary,1,1,0
totally_captivating,1,1,0
ridiculously_different,1,1,0
usually_vocal,1,1,0
ridiculously_disappointing,1,1,0
somewhat_pedantic,1,1,0
somewhat_persistent,1,1,0
ridiculously_disrespectful,1,1,0
usually_visual,1,1,0
simply_liquid,1,1,0
uniquely_knowledgeable,1,1,0
usually_vindictive,1,1,0
somewhat_permanent,1,1,0
ridiculously_farcical,1,1,0
ridiculously_fit,1,1,0
ridiculously_impossible,1,1,0
ridiculously_hopeful,1,1,0
usually_upset,1,1,0
usually_upfront,1,1,0
usually_upbeat,1,1,0
somewhat_one-sided,1,1,0
somewhat_one-dimensional,1,1,0
usually_unwelcome,1,1,0
ridiculously_hip,1,1,0
ridiculously_horrible,1,1,0
totally_bright,1,1,0
usually_unusual,1,1,0
somewhat_ominous,1,1,0
ridiculously_humid,1,1,0
ridiculously_immersive,1,1,0
ridiculously_implausible,1,1,0
ridiculously_important,1,1,0
simply_lighter,1,1,0
usually_upsetting,1,1,0
somewhat_ordinary,1,1,0
simply_likable,1,1,0
somewhat_orwellian,1,1,0
somewhat_outdated,1,1,0
usually_useless,1,1,0
usually_usable,1,1,0
ridiculously_funny,1,1,0
ridiculously_giant,1,1,0
usually_urgent,1,1,0
usually_uptight,1,1,0
ridiculously_gimmicky,1,1,0
totally_buddhist,1,1,0
ridiculously_gnarly,1,1,0
somewhat_original,1,1,0
ridiculously_gothic,1,1,0
ridiculously_grainy,1,1,0
ridiculously_grandiose,1,1,0
somewhat_organic,1,1,0
too_kinder,1,1,0
rigidly_orthodox,1,1,0
rigidly_partisan,1,1,0
somewhat_strict,1,1,0
sometimes_tough,1,1,0
too_malicious,1,1,0
scientifically_meaningless,1,1,0
so_sex,1,1,0
usually_pleasurable,1,1,0
scientifically_naive,1,1,0
usually_pleasing,1,1,0
sometimes_shameless,1,1,0
scientifically_nonsensical,1,1,0
sometimes_scary,1,1,0
scientifically_obvious,1,0,1
scientifically_original,1,1,0
sometimes_sarcastic,1,1,0
uniquely_quirky,1,1,0
scientifically_outstanding,1,1,0
uniquely_racist,1,1,0
sometimes_rude,1,1,0
too_manageable,1,1,0
scientifically_logical,1,1,0
simply_impractical,1,1,0
usually_plentiful,1,1,0
sometimes_sudden,1,1,0
scientifically_inferior,1,1,0
scientifically_innovative,1,1,0
usually_populated,1,1,0
uniquely_provocative,1,0,1
scientifically_inquisitive,1,1,0
scientifically_insane,1,1,0
usually_poor,1,1,0
simply_inaccessible,1,1,0
usually_poetic,1,1,0
sometimes_stronger,1,1,0
scientifically_irrelevant,1,1,0
sometimes_stressful,1,1,0
sometimes_slow,1,1,0
sometimes_silent,1,1,0
usually_polite,1,1,0
usually_poisonous,1,1,0
so_sexualized,1,1,0
totally_apologetic,1,1,0
simply_implicit,1,1,0
totally_apocalyptic,1,1,0
simply_imperceptible,1,1,0
uniquely_rad,1,1,0
too_masterful,1,1,0
usually_permissive,1,1,0
scientifically_responsible,1,1,0
scientifically_rewarding,1,1,0
scientifically_rich,1,1,0
totally_anxious,1,1,0
too_mass,1,1,0
simply_impassioned,1,1,0
uniquely_readable,1,1,0
sometimes_present,1,1,0
scientifically_sacrosanct,1,0,1
sometimes_predictable,1,1,0
simply_imminent,1,1,0
usually_perceptible,1,1,0
sometimes_prone,1,1,0
scientifically_reasonable,1,1,0
sometimes_repetitive,1,0,1
scientifically_probable,1,1,0
simply_implausible,1,1,0
scientifically_predictable,1,1,0
scientifically_predictive,1,1,0
totally_apolitical,1,1,0
scientifically_premature,1,1,0
scientifically_preposterous,1,1,0
usually_plain,1,1,0
scientifically_problematic,1,1,0
totally_apocryphal,1,1,0
scientifically_productive,1,1,0
scientifically_profound,1,1,0
scientifically_promising,1,1,0
too_marketable,1,1,0
sometimes_reluctant,1,1,0
too_married,1,1,0
sometimes_ready,1,1,0
scientifically_infallible,1,1,0
uniquely_prone,1,1,0
sometimes_precarious,1,1,0
scientifically_incredible,1,1,0
sometimes_wacky,1,1,0
scientifically_bewildering,1,1,0
too_maddening,1,0,1
sometimes_visible,1,1,0
scientifically_challenging,1,1,0
scientifically_christian,1,1,0
sometimes_valid,1,1,0
sometimes_urgent,1,1,0
usually_proficient,1,1,0
scientifically_confident,1,1,0
scientifically_conscious,1,1,0
sometimes_uplifting,1,0,1
usually_priceless,1,1,0
usually_prevalent,1,1,0
usually_presentable,1,1,0
sometimes_unwelcome,1,1,0
scientifically_curious,1,1,0
scientifically_awesome,1,1,0
scientifically_aware,1,1,0
sometimes_weak,1,1,0
scarily_realistic,1,1,0
scarily_akin,1,1,0
scarily_dominant,1,1,0
scarily_ferocious,1,1,0
scarily_liberal,1,1,0
scarily_low,1,1,0
sometimes_wholesome,1,1,0
usually_profound,1,1,0
scarily_thin,1,1,0
scientifically_attributable,1,1,0
scientifically_acceptable,1,1,0
sometimes_whole,1,1,0
sometimes_wetter,1,1,0
scientifically_adequate,1,1,0
sometimes_weird,1,1,0
scientifically_amazing,1,1,0
scientifically_applicable,1,1,0
usually_prepared,1,1,0
sometimes_unremarkable,1,1,0
scientifically_descriptive,1,1,0
usually_predisposed,1,1,0
scientifically_germane,1,1,0
scientifically_helpful,1,1,0
scientifically_illegitimate,1,1,0
sometimes_troubling,1,1,0
scientifically_illogical,1,1,0
simply_inane,1,1,0
scientifically_implausible,1,1,0
sometimes_tricky,1,1,0
sometimes_unaware,1,1,0
usually_precise,1,1,0
scientifically_inappropriate,1,1,0
uniquely_progressive,1,1,0
simply_inactive,1,1,0
usually_practicable,1,1,0
scientifically_incompetent,1,1,0
scientifically_incomplete,1,1,0
uniquely_problematic,1,1,0
sometimes_understandable,1,1,0
scientifically_difficult,1,1,0
scientifically_entrepreneurial,1,1,0
scientifically_disciplined,1,1,0
sometimes_unprofitable,1,1,0
scientifically_discoverable,1,1,0
sometimes_unnoticed,1,0,1
scientifically_distinct,1,1,0
scientifically_easy,1,1,0
scientifically_embarrassing,1,1,0
sometimes_unique,1,1,0
scientifically_fair,1,1,0
scientifically_essential,1,1,0
sometimes_unfair,1,1,0
scientifically_excellent,1,1,0
scientifically_exhaustive,1,1,0
scientifically_factual,1,1,0
sometimes_uneven,1,1,0
scientifically_faint,1,1,0
scientifically_safe,1,1,0
sometimes_possessive,1,1,0
rigidly_perfect,1,1,0
second_most,1,1,0
sometimes_ironic,1,1,0
totally_angelic,1,1,0
usually_obsolete,1,1,0
usually_obsessive,1,1,0
simply_hypocritical,1,1,0
secretly_evil,1,1,0
too_methodical,1,1,0
too_mexican,1,1,0
usually_obese,1,1,0
sometimes_inconvenient,1,1,0
secretly_fond,1,1,0
usually_nutritious,1,1,0
secretly_glad,1,1,0
totally_anachronistic,1,1,0
usually_numerous,1,1,0
usually_nuanced,1,1,0
totally_amorphous,1,1,0
usually_official,1,1,0
usually_okay,1,0,1
simply_iconic,1,1,0
secretly_brilliant,1,1,0
usually_orderly,1,1,0
second_necessary,1,1,0
second_worst,1,1,0
secretly_aspirational,1,1,0
sometimes_less,1,1,0
secretly_averse,1,1,0
secretly_bisexual,1,1,0
sometimes_lazy,1,1,0
sometimes_irrelevant,1,1,0
secretly_concerned,1,1,0
secretly_cool,1,1,0
simply_identifiable,1,1,0
secretly_dead,1,1,0
secretly_different,1,1,0
simply_idealistic,1,1,0
sometimes_irritable,1,1,0
secretly_gleeful,1,1,0
sometimes_important,1,1,0
secretly_good,1,1,0
too_mischievous,1,1,0
too_minimalistic,1,1,0
too_minimum,1,1,0
too_miraculous,1,0,1
usually_navigable,1,1,0
usually_nationwide,1,1,0
usually_nasty,1,1,0
sometimes_happy,1,1,0
simply_humbling,1,1,0
secretly_impressed,1,1,0
secretly_insane,1,1,0
sometimes_grueling,1,1,0
usually_naked,1,1,0
usually_muslim,1,1,0
secretly_insecure,1,1,0
sometimes_green,1,1,0
sometimes_greater,1,1,0
sometimes_harder,1,1,0
secretly_hysterical,1,1,0
usually_normal,1,1,0
sometimes_hot,1,1,0
sometimes_imaginative,1,0,1
usually_nicer,1,1,0
simply_hyperactive,1,1,0
secretly_great,1,1,0
simply_hybrid,1,0,1
too_militaristic,1,1,0
usually_new,1,1,0
sometimes_holy,1,1,0
sometimes_harmful,1,1,0
sometimes_hesitant,1,1,0
sometimes_helpful,1,1,0
so_simpler,1,1,0
simply_hurtful,1,1,0
usually_negotiable,1,1,0
secretly_healthy,1,1,0
uniquely_republican,1,1,0
usually_ours,1,1,0
sometimes_loud,1,1,0
simply_imaginary,1,1,0
usually_outgoing,1,1,0
scientifically_unproven,1,1,0
usually_particular,1,1,0
simply_illusory,1,1,0
usually_par,1,1,0
sometimes_outrageous,1,1,0
too_medical,1,1,0
scientifically_useless,1,1,0
usually_palatable,1,1,0
scientifically_vacuous,1,1,0
usually_painless,1,1,0
sometimes_other,1,0,1
sometimes_ok,1,1,0
too_medieval,1,0,1
scientifically_worthless,1,1,0
scientifically_worthy,1,1,0
sometimes_offbeat,1,1,0
uniquely_reasonable,1,1,0
sometimes_overwhelming,1,1,0
scientifically_unethical,1,1,0
scientifically_unbelievable,1,1,0
scientifically_straightforward,1,1,0
sometimes_poor,1,0,1
scientifically_sensible,1,1,0
usually_peaceful,1,1,0
sometimes_passe,1,1,0
uniquely_real,1,0,1
too_meager,1,0,1
scientifically_special,1,1,0
scientifically_sufficient,1,1,0
usually_partisan,1,1,0
scientifically_sustainable,1,1,0
scientifically_technical,1,1,0
scientifically_tenable,1,1,0
too_measurable,1,1,0
scientifically_trained,1,1,0
usually_passionate,1,1,0
scientifically_tricky,1,1,0
scrupulously_accurate,1,1,0
sometimes_nice,1,1,0
uniquely_recent,1,1,0
seasonally_strong,1,1,0
seasonally_fashionable,1,1,0
seasonally_hot,1,1,0
sometimes_merry,1,1,0
seasonally_relevant,1,1,0
seasonally_restrictive,1,1,0
seasonally_sick,1,1,0
seasonally_spooky,1,1,0
sometimes_male,1,1,0
seasonally_cold,1,1,0
seasonally_versatile,1,1,0
second_adept,1,1,0
simply_idiotic,1,1,0
usually_outspoken,1,1,0
second_closer,1,1,0
second_dangerous,1,1,0
second_easiest,1,1,0
seasonally_depressed,1,1,0
sometimes_misunderstood,1,1,0
scrupulously_christian,1,1,0
scrupulously_proficient,1,1,0
scrupulously_exact,1,1,0
scrupulously_factual,1,1,0
sometimes_nervous,1,0,1
too_melancholic,1,1,0
scrupulously_independent,1,1,0
scrupulously_meticulous,1,1,0
scrupulously_objective,1,1,0
scrupulously_reliable,1,1,0
simply_ill,1,1,0
scrupulously_respectful,1,1,0
searingly_bright,1,1,0
uniquely_recognisable,1,1,0
totally_anti-american,1,1,0
seasonally_active,1,1,0
usually_overcast,1,1,0
usually_over,1,1,0
sometimes_worried,1,1,0
usually_prohibitive,1,1,0
scarcely_willing,1,0,1
romantically_symbolic,1,0,1
somewhat_cold,1,1,0
somewhat_cognizant,1,1,0
usually_reluctant,1,1,0
somewhat_cluttered,1,1,0
somewhat_close,1,1,0
somewhat_cleaner,1,1,0
roughly_rational,1,1,0
roughly_similar,1,1,0
roughly_synonymous,1,0,1
round_appealing,1,1,0
usually_reliant,1,1,0
round_awesome,1,1,0
so_searchable,1,1,0
somewhat_circular,1,1,0
round_good,1,1,0
round_healthy,1,1,0
somewhat_chilling,1,1,0
roughly_parallel,1,1,0
usually_remarkable,1,1,0
simply_influential,1,1,0
roughly_costly,1,1,0
romantically_uplifting,1,1,0
roughly_accurate,1,1,0
usually_respectful,1,1,0
so_scottish,1,1,0
roughly_average,1,1,0
roughly_aware,1,1,0
roughly_contemporary,1,1,0
somewhat_conciliatory,1,1,0
roughly_involved,1,1,0
roughly_enough,1,1,0
so_scrappy,1,1,0
too_longer,1,1,0
totally_awe,1,1,0
somewhat_complex,1,1,0
usually_replete,1,1,0
roughly_harmful,1,1,0
round_much,1,1,0
round_sunny,1,1,0
usually_regular,1,1,0
totally_autobiographical,1,1,0
routinely_courageous,1,1,0
routinely_dangerous,1,1,0
somewhat_catchy,1,1,0
routinely_eligible,1,1,0
simply_inert,1,1,0
routinely_familiar,1,1,0
too_low-level,1,1,0
somewhat_brutal,1,1,0
routinely_clear,1,1,0
routinely_feasible,1,1,0
simply_inept,1,1,0
routinely_fond,1,1,0
routinely_fun,1,1,0
routinely_funny,1,1,0
too_low-tech,1,1,0
totally_audible,1,1,0
routinely_concerned,1,1,0
so_sedate,1,1,0
so_secondary,1,1,0
usually_reflective,1,1,0
usually_regarded,1,1,0
routinely_able,1,1,0
totally_average,1,0,1
routinely_acceptable,1,1,0
somewhat_cautious,1,1,0
routinely_achievable,1,1,0
routinely_advisable,1,1,0
simply_inescapable,1,1,0
routinely_challenging,1,1,0
routinely_applicable,1,1,0
routinely_apprehensive,1,1,0
too_low-cost,1,1,0
so_sectarian,1,1,0
routinely_benign,1,1,0
usually_recognizable,1,1,0
routinely_bizarre,1,1,0
usually_responsive,1,1,0
usually_reticent,1,1,0
usually_prominent,1,1,0
romantically_pastoral,1,1,0
somewhat_crude,1,1,0
usually_safer,1,1,0
rigorously_critical,1,1,0
somewhat_crowded,1,1,0
rigorously_earnest,1,1,0
somewhat_credible,1,1,0
rigorously_equal,1,1,0
rigorously_fluffy,1,1,0
somewhat_creamy,1,1,0
rigorously_mathematical,1,1,0
simply_innocent,1,1,0
rigorously_obsessive,1,1,0
rigorously_organic,1,1,0
somewhat_crazy,1,1,0
uniquely_noxious,1,1,0
rigorously_pedantic,1,1,0
rigorously_philosophical,1,1,0
usually_salty,1,1,0
totally_awestruck,1,1,0
rigorously_certain,1,1,0
rigidly_selfish,1,1,0
usually_satisfying,1,1,0
rigidly_political,1,1,0
rigidly_rational,1,1,0
rigidly_red,1,1,0
rigidly_scientific,1,1,0
rigidly_secretive,1,1,0
simply_inoffensive,1,1,0
usually_sanguine,1,1,0
somewhat_culpable,1,1,0
rigidly_specific,1,1,0
rigidly_static,1,1,0
usually_same,1,1,0
rigidly_structured,1,1,0
somewhat_darker,1,1,0
rigidly_true,1,1,0
somewhat_dangerous,1,1,0
usually_saddened,1,1,0
rigorously_rational,1,1,0
somewhat_counterproductive,1,1,0
somewhat_contemptuous,1,1,0
romantically_empty,1,1,0
usually_robust,1,1,0
romantically_fortunate,1,1,0
too_lively,1,1,0
usually_riveting,1,1,0
simply_ingenious,1,1,0
somewhat_contrived,1,1,0
simply_infrequent,1,1,0
usually_romantic,1,1,0
somewhat_congruent,1,1,0
usually_rewarding,1,1,0
uniquely_nuanced,1,1,0
usually_returnable,1,1,0
romantically_legitimate,1,1,0
romantically_low,1,1,0
romantically_minded,1,1,0
romantically_disappointed,1,1,0
too_live,1,1,0
rigorously_secular,1,1,0
somewhat_counter-intuitive,1,1,0
rigorously_statistical,1,1,0
somewhat_counterintuitive,1,1,0
rigorously_technical,1,1,0
rigorously_tight,1,1,0
rigorously_true,1,1,0
rigorously_valid,1,1,0
romantically_active,1,1,0
simply_innate,1,1,0
romantically_available,1,1,0
simply_inhumane,1,1,0
somewhat_cooler,1,1,0
romantically_appealing,1,1,0
simply_inherent,1,1,0
somewhat_convincing,1,1,0
romantically_attractive,1,0,1
somewhat_convenient,1,1,0
routinely_hungry,1,1,0
routinely_late,1,1,0
routinely_legitimate,1,1,0
routinely_miserable,1,1,0
safely_superfluous,1,1,0
simply_incomprehensible,1,1,0
safely_visible,1,1,0
satisfyingly_accessible,1,1,0
satisfyingly_apt,1,1,0
satisfyingly_black,1,1,0
simply_incomplete,1,1,0
satisfyingly_clear,1,1,0
satisfyingly_crunchy,1,1,0
somewhat_anachronistic,1,1,0
satisfyingly_deep,1,1,0
satisfyingly_difficult,1,0,1
satisfyingly_earnest,1,1,0
satisfyingly_enough,1,1,0
usually_purple,1,1,0
satisfyingly_ergonomic,1,1,0
satisfyingly_good,1,1,0
safely_responsible,1,1,0
safely_remote,1,1,0
uniquely_pernicious,1,1,0
safely_blue,1,1,0
sadly_under-reported,1,1,0
sadly_unknown,1,1,0
sadly_unseemly,1,1,0
somewhat_annoyed,1,1,0
safely_able,1,1,0
safely_abstract,1,1,0
safely_anonymous,1,1,0
totally_arid,1,1,0
somewhat_androgynous,1,1,0
safely_caucasian,1,1,0
safely_dead,1,1,0
safely_democratic,1,1,0
safely_distinguishable,1,1,0
safely_extinct,1,1,0
safely_hilarious,1,1,0
safely_intact,1,1,0
satisfyingly_meaty,1,1,0
satisfyingly_reliable,1,1,0
somewhat_ambitious,1,1,0
somewhat_absurd,1,1,0
usually_psychic,1,1,0
scandalously_weird,1,1,0
usually_prudent,1,1,0
totally_apropos,1,1,0
scarcely_able,1,1,0
somewhat_accurate,1,1,0
somewhat_academic,1,1,0
scarcely_armed,1,1,0
scandalously_weak,1,1,0
somewhat_able,1,1,0
uniquely_predictive,1,1,0
scarcely_capable,1,1,0
simply_incoherent,1,1,0
scarcely_civil,1,1,0
scarcely_common,1,1,0
scarcely_conceivable,1,0,1
somewhat_aggressive,1,0,1
uniquely_pervasive,1,1,0
somewhat_ambiguous,1,1,0
savagely_repressive,1,1,0
satisfyingly_tougher,1,1,0
savagely_accurate,1,1,0
somewhat_amazing,1,1,0
savagely_destructive,1,1,0
savagely_eager,1,1,0
savagely_funny,1,1,0
usually_pure,1,1,0
scandalously_bad,1,1,0
simply_incompatible,1,1,0
somewhat_alien,1,1,0
totally_apt,1,1,0
scandalously_different,1,1,0
scandalously_indulgent,1,1,0
scandalously_negligent,1,1,0
scandalously_romantic,1,1,0
scandalously_unethical,1,1,0
somewhat_anti-social,1,1,0
usually_purposeful,1,1,0
sadly_tragic,1,1,0
usually_radical,1,1,0
usually_ragged,1,1,0
simply_indignant,1,1,0
routinely_wasteful,1,1,0
totally_astronomical,1,1,0
usually_radioactive,1,1,0
totally_astounding,1,1,0
uniquely_partisan,1,1,0
simply_indie,1,1,0
routinely_tired,1,1,0
somewhat_beneficial,1,1,0
somewhat_beholden,1,1,0
somewhat_baffling,1,1,0
somewhat_awkward,1,1,0
too_luminous,1,1,0
ruggedly_mountainous,1,1,0
usually_pushy,1,1,0
routinely_visible,1,1,0
routinely_successful,1,1,0
ruthlessly_aggressive,1,1,0
routinely_overcooked,1,1,0
somewhat_brave,1,1,0
somewhat_boring,1,1,0
usually_reasonable,1,1,0
somewhat_boisterous,1,1,0
usually_real,1,1,0
routinely_open,1,1,0
totally_asymptomatic,1,1,0
routinely_possible,1,1,0
routinely_sexual,1,1,0
routinely_precise,1,1,0
routinely_predictable,1,1,0
usually_random,1,1,0
routinely_reliable,1,1,0
somewhat_blasphemous,1,1,0
somewhat_bland,1,0,1
routinely_right,1,1,0
ruthlessly_abstract,1,1,0
ruthlessly_clinical,1,1,0
sadly_thinner,1,1,0
sadly_laudable,1,1,0
sadly_consistent,1,1,0
simply_indefensible,1,1,0
sadly_enough,1,1,0
simply_incumbent,1,1,0
sadly_impossible,1,1,0
somewhat_astonished,1,1,0
sadly_lacking,1,1,0
sadly_misleading,1,0,1
sadly_comical,1,1,0
somewhat_arbitrary,1,1,0
sadly_misunderstood,1,1,0
sadly_new,1,1,0
sadly_obvious,1,1,0
somewhat_approachable,1,1,0
sadly_relevant,1,1,0
somewhat_apprehensive,1,1,0
simply_independent,1,1,0
somewhat_attractive,1,1,0
ruthlessly_consistent,1,1,0
ruthlessly_inhumane,1,1,0
somewhat_average,1,1,0
ruthlessly_dependent,1,1,0
ruthlessly_downbeat,1,1,0
ruthlessly_effective,1,1,0
so_self-sufficient,1,1,0
ruthlessly_honest,1,0,1
ruthlessly_individualistic,1,1,0
ruthlessly_lethal,1,1,0
sadly_believable,1,1,0
ruthlessly_quick,1,1,0
ruthlessly_realistic,1,1,0
ruthlessly_unethical,1,1,0
totally_askew,1,1,0
ruthlessly_vicious,1,1,0
sadly_accurate,1,1,0
sadly_aware,1,1,0
rhythmically_consistent,1,1,0
rhythmically_concerned,1,1,0
totally_doomed,1,1,0
utterly_normal,1,1,0
soooo_hard,1,1,0
remotely_ideal,1,1,0
remotely_identical,1,1,0
remotely_identifiable,1,0,1
remotely_ideological,1,0,1
remotely_iffy,1,0,1
utterly_mystical,1,1,0
remotely_illicit,1,0,1
remotely_illuminating,1,1,0
soooo_good,1,1,0
remotely_imaginative,1,0,1
remotely_imminent,1,1,0
remotely_immoral,1,0,1
too_heated,1,1,0
remotely_imperfect,1,0,1
remotely_impersonal,1,1,0
remotely_implausible,1,1,0
soooo_hot,1,1,0
remotely_hypocritical,1,0,1
totally_demented,1,1,0
soooo_much,1,1,0
too_hawkish,1,1,0
soooo_new,1,1,0
totally_dependant,1,1,0
simply_porous,1,1,0
remotely_huge,1,1,0
utterly_neutral,1,1,0
utterly_negative,1,1,0
soooo_important,1,1,0
soooo_hungry,1,1,0
uniquely_dark,1,1,0
remotely_humble,1,1,0
too_heartfelt,1,1,0
too_heartless,1,1,0
too_heartwarming,1,1,0
uniquely_delicious,1,0,1
remotely_hurt,1,1,0
soooo_fluffy,1,1,0
utterly_missing,1,1,0
too_heavenly,1,1,0
utterly_meaningless,1,1,0
too_heretical,1,1,0
remotely_insipid,1,1,0
utterly_mental,1,1,0
utterly_memorable,1,1,0
utterly_melancholy,1,1,0
remotely_integral,1,1,0
simply_pleasurable,1,1,0
remotely_intentional,1,1,0
remotely_insane,1,1,0
totally_dejected,1,1,0
simply_pleasant,1,1,0
soooo_exciting,1,1,0
remotely_interchangeable,1,1,0
utterly_malleable,1,1,0
utterly_magnificent,1,1,0
remotely_intimate,1,1,0
remotely_insignificant,1,1,0
remotely_innocent,1,0,1
remotely_improbable,1,1,0
simply_poetic,1,1,0
totally_demeaning,1,1,0
simply_polite,1,1,0
soooo_extreme,1,1,0
soooo_experimental,1,1,0
remotely_inclusive,1,1,0
simply_pointless,1,1,0
remotely_incredible,1,1,0
remotely_indian,1,1,0
soooo_expensive,1,1,0
too_hellish,1,1,0
remotely_indifferent,1,1,0
remotely_indispensable,1,1,0
remotely_inflammatory,1,0,1
remotely_influential,1,1,0
remotely_informative,1,1,0
remotely_innate,1,1,0
too_haunting,1,1,0
remotely_horrifying,1,1,0
remotely_intoxicating,1,1,0
remotely_horrific,1,1,0
remotely_good-looking,1,1,0
remotely_graceful,1,1,0
totally_determined,1,1,0
utterly_passionate,1,1,0
remotely_gradual,1,1,0
utterly_particular,1,1,0
totally_despondent,1,1,0
remotely_grateful,1,1,0
simply_prideful,1,1,0
so_psychic,1,1,0
sooooo_american,1,1,0
soooo_yummy,1,1,0
remotely_greedy,1,1,0
soooo_wrong,1,1,0
remotely_greek,1,1,0
soooo_worth,1,1,0
simply_pricey,1,1,0
utterly_persuasive,1,1,0
utterly_pessimistic,1,1,0
remotely_glorious,1,0,1
utterly_positive,1,1,0
sooooo_fun,1,1,0
utterly_professional,1,1,0
utterly_pristine,1,1,0
utterly_pretentious,1,1,0
utterly_present,1,1,0
simply_probable,1,1,0
remotely_fundamentalist,1,1,0
remotely_fussy,1,1,0
remotely_gloomy,1,1,0
utterly_political,1,1,0
simply_privileged,1,1,0
remotely_gaudy,1,1,0
remotely_geeky,1,1,0
sooooo_cute,1,1,0
uniquely_complex,1,1,0
utterly_pleased,1,1,0
so_psychological,1,1,0
simply_pretentious,1,1,0
remotely_grey,1,1,0
uniquely_corrupt,1,1,0
soooo_romantic,1,1,0
remotely_hesitant,1,1,0
simply_premature,1,1,0
uniquely_controversial,1,1,0
remotely_homey,1,1,0
remotely_homogeneous,1,1,0
utterly_obscure,1,1,0
utterly_objectionable,1,1,0
soooo_serious,1,1,0
remotely_homophobic,1,1,0
soooo_poor,1,1,0
simply_powerful,1,1,0
totally_deranged,1,1,0
simply_potential,1,1,0
remotely_honest,1,1,0
remotely_honorable,1,0,1
totally_derelict,1,1,0
remotely_heavenly,1,0,1
remotely_gross,1,1,0
utterly_outrageous,1,1,0
utterly_overjoyed,1,1,0
simply_presumptuous,1,1,0
remotely_hairy,1,1,0
remotely_handmade,1,1,0
totally_derogatory,1,1,0
utterly_over,1,1,0
soooo_urgent,1,1,0
uniquely_complicated,1,1,0
simply_prescriptive,1,1,0
soooo_specific,1,1,0
soooo_sophisticated,1,1,0
soooo_small,1,1,0
soooo_slim,1,1,0
soooo_simple,1,1,0
remotely_hateful,1,0,1
totally_derivative,1,1,0
utterly_magical,1,0,1
remotely_invalid,1,1,0
remotely_opinionated,1,0,1
sooo_lucky,1,1,0
sooo_keen,1,1,0
remotely_nerdy,1,1,0
remotely_nerve-racking,1,0,1
remotely_neutral,1,1,0
sooo_hungry,1,1,0
simply_past,1,1,0
sooo_high,1,1,0
totally_decisive,1,1,0
utterly_ironic,1,1,0
remotely_nihilistic,1,0,1
sooo_helpful,1,1,0
remotely_nocturnal,1,0,1
utterly_invulnerable,1,1,0
uniquely_dire,1,1,0
utterly_invisible,1,1,0
uniquely_disappointing,1,1,0
sooo_great,1,1,0
remotely_negligible,1,1,0
too_homophobic,1,1,0
utterly_jarring,1,1,0
remotely_moral,1,0,1
remotely_misleading,1,0,1
remotely_misogynistic,1,1,0
sooo_lovable,1,1,0
remotely_mistaken,1,1,0
remotely_moderate,1,0,1
simply_pastoral,1,1,0
remotely_momentous,1,0,1
sooo_light,1,1,0
remotely_nearer,1,1,0
remotely_musical,1,1,0
too_homogeneous,1,1,0
too_homogenous,1,1,0
remotely_narrow,1,0,1
remotely_national,1,1,0
utterly_jewish,1,1,0
remotely_near,1,1,0
remotely_notable,1,0,1
remotely_noteworthy,1,0,1
remotely_noticeable,1,1,0
totally_debatable,1,1,0
sooo_expensive,1,1,0
sooo_excited,1,1,0
utterly_innovative,1,1,0
remotely_official,1,0,1
totally_deceitful,1,1,0
simply_passable,1,1,0
utterly_innocent,1,1,0
utterly_inflexible,1,1,0
utterly_insensitive,1,1,0
remotely_old-fashioned,1,0,1
remotely_ominous,1,1,0
sooo_easy,1,1,0
uniquely_divisive,1,0,1
remotely_open-minded,1,0,1
utterly_inferior,1,1,0
sooo_dumb,1,1,0
totally_deceptive,1,1,0
so_racial,1,1,0
remotely_novel,1,0,1
uniquely_disruptive,1,1,0
remotely_nutritious,1,1,0
remotely_objectionable,1,0,1
too_horrid,1,1,0
simply_passionate,1,1,0
utterly_interesting,1,0,1
too_hotter,1,1,0
remotely_obnoxious,1,1,0
remotely_obscure,1,1,0
too_humane,1,1,0
remotely_observant,1,1,0
remotely_obsessed,1,1,0
remotely_obsessive,1,1,0
sooo_good,1,1,0
utterly_intact,1,1,0
sooo_fun,1,1,0
utterly_insurmountable,1,1,0
remotely_miserable,1,1,0
simply_pathetic,1,1,0
remotely_invasive,1,1,0
sooo_surprising,1,1,0
simply_pious,1,1,0
simply_pink,1,1,0
remotely_justified,1,1,0
simply_picturesque,1,1,0
utterly_luscious,1,1,0
utterly_loyal,1,1,0
remotely_keen,1,1,0
remotely_kid-friendly,1,1,0
remotely_kinky,1,1,0
remotely_knowledgable,1,1,0
soooo_boring,1,1,0
remotely_korean,1,1,0
totally_defensive,1,1,0
remotely_laughable,1,0,1
remotely_left-wing,1,0,1
utterly_low-cost,1,1,0
simply_pessimistic,1,1,0
too_high-quality,1,1,0
simply_pitiful,1,1,0
soooo_comfortable,1,1,0
utterly_magic,1,1,0
remotely_inventive,1,0,1
totally_defunct,1,1,0
remotely_invisible,1,1,0
soooo_disappointed,1,1,0
simply_playful,1,1,0
too_heterogeneous,1,1,0
totally_definitive,1,1,0
soooo_difficult,1,1,0
remotely_jewish,1,1,0
remotely_irreverent,1,1,0
remotely_italian,1,1,0
remotely_itchy,1,1,0
simply_plausible,1,1,0
simply_plastic,1,1,0
remotely_jazzy,1,1,0
soooo_cool,1,1,0
remotely_liberating,1,0,1
simply_perverse,1,1,0
utterly_loving,1,1,0
remotely_meaningful,1,1,0
remotely_maintainable,1,1,0
remotely_majestic,1,1,0
remotely_malevolent,1,1,0
remotely_manageable,1,1,0
remotely_marketable,1,0,1
simply_peaceful,1,1,0
sooo_tragic,1,1,0
remotely_mechanical,1,0,1
uniquely_dependent,1,1,0
sooo_sweet,1,1,0
utterly_justifiable,1,1,0
simply_patronizing,1,1,0
remotely_meritorious,1,1,0
remotely_merry,1,1,0
so_quotable,1,1,0
simply_patriotic,1,1,0
remotely_mainstream,1,1,0
remotely_mad,1,1,0
utterly_loopy,1,1,0
remotely_long,1,1,0
simply_permissive,1,1,0
soooo_big,1,1,0
utterly_lifeless,1,1,0
soooo_badass,1,0,1
remotely_listenable,1,1,0
remotely_livable,1,1,0
remotely_logical,1,1,0
remotely_lovable,1,0,1
remotely_luxurious,1,1,0
too_hindu,1,1,0
too_historic,1,1,0
simply_permissible,1,1,0
remotely_lucrative,1,1,0
totally_decrepit,1,1,0
soooo_amazing,1,0,1
simply_pedestrian,1,1,0
utterly_radical,1,1,0
utterly_readable,1,1,0
remotely_french,1,1,0
spatially_correct,1,1,0
spatially_adequate,1,1,0
remotely_conceivable,1,1,0
utterly_unable,1,1,0
remotely_conclusive,1,0,1
simply_quirky,1,1,0
utterly_true,1,1,0
utterly_trivial,1,1,0
remotely_conflicted,1,1,0
remotely_confused,1,1,0
totally_displeased,1,1,0
too_flammable,1,1,0
simply_quiet,1,1,0
remotely_confusing,1,1,0
sorta_unparalleled,1,1,0
remotely_congruent,1,1,0
utterly_tiresome,1,1,0
remotely_consensual,1,0,1
utterly_unacceptable,1,1,0
utterly_unavoidable,1,1,0
utterly_unbelievable,1,1,0
utterly_unconvincing,1,1,0
utterly_unfathomable,1,1,0
utterly_unfair,1,1,0
too_financial,1,1,0
utterly_unexpected,1,1,0
utterly_unenforceable,1,1,0
totally_disproportionate,1,1,0
spatially_contiguous,1,1,0
remotely_complacent,1,1,0
so_previous,1,1,0
utterly_unconstitutional,1,1,0
utterly_unconscious,1,1,0
spatially_complex,1,1,0
utterly_unconcerned,1,1,0
utterly_unclear,1,1,0
remotely_complex,1,1,0
simply_quixotic,1,1,0
uniquely_aware,1,1,0
too_flawless,1,1,0
too_fleeting,1,1,0
simply_quantitative,1,1,0
too_forlorn,1,1,0
remotely_creditable,1,1,0
simply_questionable,1,1,0
sorta_liberating,1,1,0
totally_disoriented,1,1,0
remotely_cruel,1,1,0
sorta_comfortable,1,1,0
remotely_crystal,1,1,0
remotely_cranky,1,0,1
too_fractious,1,1,0
too_fraught,1,1,0
remotely_cutesy,1,0,1
uniquely_beneficial,1,1,0
remotely_daft,1,1,0
utterly_subdued,1,1,0
uniquely_benign,1,1,0
utterly_surreal,1,1,0
too_forgetful,1,1,0
sorta_surprised,1,1,0
remotely_convenient,1,1,0
remotely_contradictory,1,0,1
remotely_contrite,1,1,0
remotely_contrived,1,0,1
utterly_tedious,1,1,0
too_flirtatious,1,1,0
sorta_shocking,1,1,0
too_flush,1,1,0
sorta_responsible,1,1,0
remotely_crafty,1,1,0
sorta_reminiscent,1,0,1
utterly_taboo,1,1,0
utterly_sustainable,1,1,0
sorta_related,1,1,0
remotely_cosmopolitan,1,1,0
too_forbidden,1,1,0
remotely_cozy,1,1,0
utterly_unforeseen,1,0,1
utterly_unfounded,1,1,0
sooooo_hard,1,1,0
uniquely_attributable,1,1,0
remotely_brave,1,1,0
uniquely_aggressive,1,1,0
too_fatal,1,0,1
remotely_bulky,1,1,0
spatially_intimate,1,1,0
uniquely_alone,1,1,0
utterly_unsustainable,1,1,0
remotely_capitalist,1,1,0
remotely_casual,1,0,1
utterly_unselfish,1,1,0
remotely_catastrophic,1,1,0
totally_doable,1,1,0
totally_disturbing,1,1,0
spatially_interesting,1,1,0
remotely_central,1,1,0
too_feisty,1,1,0
utterly_unseemly,1,1,0
remotely_bouncy,1,0,1
utterly_unthinkable,1,1,0
remotely_bold,1,0,1
remotely_bitter,1,1,0
utterly_valuable,1,1,0
totally_domestic,1,1,0
too_fascist,1,1,0
utterly_vague,1,1,0
remotely_biodegradable,1,1,0
remotely_biological,1,0,1
remotely_bisexual,1,0,1
utterly_unworkable,1,1,0
remotely_bogus,1,0,1
too_fast-paced,1,1,0
remotely_bleak,1,1,0
totally_docile,1,1,0
remotely_blind,1,1,0
too_faster,1,1,0
remotely_blond,1,1,0
remotely_blue,1,1,0
too_feminist,1,1,0
remotely_charismatic,1,1,0
utterly_unremarkable,1,1,0
too_fictitious,1,1,0
remotely_cognizant,1,1,0
utterly_unjust,1,1,0
remotely_comedic,1,1,0
utterly_unintelligible,1,1,0
utterly_unhinged,1,1,0
spatially_explicit,1,1,0
utterly_unheard,1,1,0
totally_distant,1,1,0
utterly_unlikable,1,1,0
remotely_comic,1,1,0
remotely_comical,1,0,1
uniquely_attractive,1,1,0
too_figurative,1,1,0
too_final,1,1,0
simply_racial,1,1,0
spatially_dependent,1,1,0
remotely_closer,1,1,0
too_feverish,1,1,0
spatially_homogenous,1,1,0
uniquely_amazing,1,0,1
too_feral,1,1,0
remotely_chaste,1,0,1
utterly_unprecedented,1,1,0
simply_rare,1,1,0
remotely_cheesy,1,1,0
so_presidential,1,1,0
too_fervent,1,1,0
spatially_homogeneous,1,1,0
remotely_clinical,1,1,0
utterly_unpleasant,1,1,0
utterly_unnecessary,1,1,0
remotely_civil,1,1,0
uniquely_applicable,1,1,0
remotely_clean,1,1,0
utterly_unnatural,1,1,0
utterly_unmoved,1,1,0
remotely_dainty,1,0,1
utterly_stubborn,1,1,0
too_french,1,1,0
remotely_daunting,1,1,0
remotely_euphoric,1,1,0
remotely_european,1,1,0
sooooo_sugary,1,1,0
sooooo_romantic,1,1,0
too_greater,1,1,0
remotely_evasive,1,1,0
utterly_scandalous,1,1,0
remotely_evil,1,1,0
sooooo_open,1,1,0
utterly_savage,1,1,0
remotely_exclusive,1,1,0
totally_disabled,1,1,0
utterly_satisfactory,1,1,0
remotely_existential,1,1,0
uniquely_clever,1,1,0
utterly_round,1,1,0
simply_proof,1,1,0
sooooo_sweet,1,1,0
utterly_secretive,1,1,0
utterly_self-evident,1,1,0
soooooo_stupid,1,1,0
utterly_shameful,1,1,0
sorely_dependent,1,1,0
too_gradual,1,1,0
remotely_entrepreneurial,1,1,0
remotely_enviable,1,1,0
remotely_epic,1,0,1
soooooo_sweet,1,1,0
utterly_sexy,1,1,0
too_gratifying,1,1,0
soooooo_overrated,1,1,0
soooooo_bad,1,1,0
uniquely_clean,1,1,0
utterly_serious,1,1,0
soooooo_awesome,1,1,0
simply_proper,1,1,0
sooooo_yummy,1,1,0
sooooo_minor,1,1,0
remotely_experimental,1,0,1
simply_prone,1,1,0
utterly_rebellious,1,1,0
simply_progressive,1,1,0
simply_profitable,1,1,0
remotely_fit,1,1,0
remotely_flamboyant,1,1,0
utterly_reckless,1,1,0
remotely_flattering,1,1,0
simply_proficient,1,1,0
remotely_flavorful,1,1,0
utterly_relevant,1,1,0
remotely_fluent,1,1,0
remotely_fluffy,1,1,0
remotely_foolproof,1,1,0
remotely_forecast,1,1,0
remotely_foreign,1,1,0
utterly_real,1,1,0
remotely_formal,1,0,1
utterly_redundant,1,1,0
sooooo_helpful,1,1,0
utterly_risk-free,1,0,1
utterly_reprehensible,1,1,0
uniquely_clumsy,1,1,0
remotely_expressive,1,0,1
utterly_revolting,1,1,0
remotely_extensive,1,1,0
simply_promising,1,1,0
utterly_retarded,1,1,0
utterly_respectful,1,1,0
utterly_reliant,1,1,0
sooooo_many,1,1,0
so_proof,1,1,0
uniquely_communist,1,1,0
remotely_far-fetched,1,1,0
remotely_fascist,1,0,1
totally_devout,1,1,0
too_gripping,1,0,1
remotely_fast,1,1,0
utterly_shameless,1,1,0
utterly_sharp,1,1,0
utterly_shit,1,1,0
simply_pure,1,1,0
remotely_devastating,1,1,0
remotely_deviant,1,1,0
remotely_devout,1,1,0
remotely_didactic,1,1,0
sorta_annoying,1,1,0
too_futile,1,1,0
utterly_spectacular,1,1,0
uniquely_bland,1,1,0
totally_disjointed,1,1,0
remotely_disastrous,1,1,0
so_prized,1,1,0
sorely_responsible,1,1,0
remotely_discoverable,1,1,0
utterly_sorry,1,1,0
so_pro-active,1,1,0
so_pro-american,1,1,0
sorta_catchy,1,1,0
totally_dismal,1,1,0
remotely_distinct,1,0,1
remotely_defamatory,1,1,0
simply_quality,1,1,0
remotely_debilitating,1,1,0
so_primary,1,1,0
remotely_decadent,1,0,1
remotely_decent,1,0,1
remotely_deceptive,1,0,1
totally_disorganized,1,1,0
simply_purposeful,1,1,0
remotely_derivative,1,1,0
utterly_static,1,1,0
remotely_defensive,1,1,0
remotely_delicious,1,0,1
utterly_speechless,1,1,0
remotely_dependent,1,1,0
remotely_depressing,1,1,0
sorta_close,1,1,0
remotely_disruptive,1,0,1
utterly_sober,1,1,0
uniquely_cinematic,1,1,0
totally_disgusted,1,1,0
remotely_egalitarian,1,0,1
utterly_silent,1,1,0
totally_disillusioned,1,1,0
remotely_electable,1,1,0
remotely_elegant,1,1,0
remotely_elementary,1,1,0
too_gifted,1,1,0
too_globalized,1,1,0
too_german,1,1,0
simply_proud,1,1,0
remotely_embarrassing,1,1,0
simply_protective,1,1,0
remotely_emotional,1,0,1
simply_proportionate,1,1,0
too_godly,1,0,1
remotely_energetic,1,1,0
sorely_disappointing,1,1,0
remotely_edifying,1,0,1
remotely_domestic,1,0,1
remotely_dubious,1,1,0
sorely_misunderstood,1,1,0
remotely_dominant,1,1,0
remotely_dreamy,1,1,0
sorely_miscast,1,1,0
uniquely_callous,1,1,0
simply_public,1,1,0
utterly_smooth,1,1,0
too_genteel,1,1,0
too_geometric,1,0,1
remotely_dull,1,1,0
remotely_earnest,1,1,0
utterly_smitten,1,1,0
remotely_eccentric,1,0,1
utterly_sincere,1,1,0
too_genuine,1,1,0
remotely_edgy,1,0,1
remotely_operational,1,1,0
utterly_inexcusable,1,1,0
somewhat_stuck,1,1,0
utterly_demeaning,1,1,0
remotely_trite,1,1,0
too_intransigent,1,1,0
uniquely_impressive,1,1,0
utterly_dead,1,1,0
simply_mind-boggling,1,1,0
remotely_tropical,1,1,0
remotely_troubling,1,0,1
utterly_dazzling,1,1,0
remotely_trustworthy,1,1,0
simply_mind-blowing,1,1,0
remotely_turkish,1,1,0
simply_metaphysical,1,1,0
remotely_ubiquitous,1,1,0
simply_metaphorical,1,1,0
remotely_ugly,1,1,0
somewhere_safer,1,1,0
somewhere_safe,1,1,0
somewhere_willing,1,0,1
utterly_deceptive,1,1,0
remotely_traumatic,1,1,0
totally_cocky,1,1,0
utterly_delusional,1,1,0
too_international,1,1,0
sonically_challenging,1,1,0
remotely_tolerable,1,1,0
simply_mischievous,1,1,0
simply_miraculous,1,1,0
remotely_top,1,1,0
utterly_deluded,1,1,0
utterly_defenseless,1,1,0
totally_clinical,1,1,0
remotely_tragic,1,0,1
sonically_bold,1,1,0
remotely_transparent,1,1,0
remotely_trashy,1,1,0
sonically_beautiful,1,1,0
uniquely_important,1,1,0
utterly_dangerous,1,1,0
remotely_unconscionable,1,1,0
utterly_cynical,1,1,0
remotely_unlikable,1,1,0
simply_mediocre,1,1,0
simply_medieval,1,1,0
uniquely_incompetent,1,1,0
totally_classy,1,1,0
too_irritable,1,1,0
remotely_unknown,1,1,0
simply_medicinal,1,1,0
too_islamic,1,1,0
somewhere_random,1,1,0
remotely_unlikely,1,1,0
totally_classic,1,1,0
too_isolated,1,1,0
remotely_unlocked,1,1,0
totally_civil,1,1,0
too_israeli,1,1,0
so_restorative,1,1,0
somewhere_nice,1,1,0
too_irresistible,1,1,0
too_invisible,1,1,0
utterly_curious,1,1,0
simply_mere,1,1,0
simply_merciful,1,1,0
too_irate,1,1,0
remotely_undemocratic,1,0,1
utterly_current,1,1,0
remotely_understated,1,0,1
simply_memorable,1,1,0
simply_melodic,1,1,0
somewhere_remote,1,0,1
somewhere_romantic,1,1,0
too_irreplaceable,1,1,0
utterly_cruel,1,1,0
totally_clever,1,1,0
remotely_unfamiliar,1,1,0
remotely_unflattering,1,0,1
remotely_unhappy,1,1,0
sonically_close,1,1,0
sonically_cohesive,1,1,0
somewhere_new,1,1,0
simply_miserable,1,1,0
sonically_impressive,1,1,0
utterly_difficult,1,1,0
sonically_impaired,1,1,0
remotely_sunny,1,1,0
uniquely_horrific,1,1,0
utterly_dictatorial,1,1,0
sonically_heinous,1,0,1
sonically_heavy,1,1,0
sonically_exciting,1,1,0
simply_narrow,1,1,0
sonically_exceptional,1,0,1
utterly_desperate,1,1,0
sonically_exact,1,1,0
remotely_suspicious,1,1,0
utterly_desirable,1,1,0
totally_communist,1,1,0
too_integral,1,1,0
remotely_suicidal,1,1,0
sonically_inert,1,1,0
sonically_inventive,1,0,1
uniquely_horrible,1,0,1
sonically_outstanding,1,0,1
utterly_disquieting,1,1,0
utterly_dismissive,1,1,0
remotely_substantive,1,1,0
utterly_dismal,1,1,0
utterly_disinterested,1,1,0
remotely_subversive,1,0,1
totally_concrete,1,1,0
utterly_disagreeable,1,1,0
totally_conciliatory,1,1,0
utterly_disgusted,1,1,0
simply_national,1,1,0
sonically_mute,1,1,0
utterly_disappointing,1,1,0
sonically_jarring,1,1,0
totally_competitive,1,1,0
sonically_enchanting,1,1,0
sonically_dynamic,1,1,0
remotely_symmetrical,1,1,0
utterly_demented,1,1,0
remotely_terrifying,1,1,0
totally_comfy,1,1,0
remotely_theatrical,1,1,0
remotely_theoretical,1,1,0
totally_combative,1,1,0
sonically_derivative,1,1,0
remotely_thirsty,1,1,0
remotely_thoughtful,1,0,1
too_interdependent,1,1,0
too_intermittent,1,1,0
remotely_thrilled,1,1,0
remotely_thrilling,1,0,1
sonically_competitive,1,1,0
remotely_tidy,1,0,1
remotely_timely,1,1,0
totally_collective,1,1,0
remotely_terrified,1,1,0
too_intentional,1,0,1
simply_mysterious,1,1,0
remotely_tantalizing,1,0,1
utterly_derivative,1,1,0
sonically_dull,1,1,0
simply_musical,1,1,0
simply_murky,1,1,0
remotely_talented,1,1,0
remotely_tame,1,1,0
uniquely_iconic,1,1,0
simply_moody,1,1,0
sonically_descriptive,1,1,0
so_remorseful,1,1,0
totally_commendable,1,1,0
remotely_tempting,1,1,0
simply_modest,1,1,0
remotely_tenable,1,1,0
totally_comic,1,1,0
remotely_terrible,1,1,0
totally_chronological,1,1,0
utterly_criminal,1,1,0
remotely_oppressed,1,1,0
utterly_clear,1,1,0
somewhat_underwhelming,1,1,0
somewhat_understandable,1,1,0
uniquely_intrepid,1,1,0
somewhat_turbulent,1,1,0
uniquely_invincible,1,1,0
somewhat_trivial,1,1,0
reportedly_profitable,1,1,0
somewhat_tricky,1,1,0
somewhat_trendy,1,1,0
reportedly_related,1,1,0
somewhat_traumatic,1,1,0
somewhat_tragic,1,1,0
utterly_breathless,1,1,0
somewhat_terrifying,1,1,0
reportedly_successful,1,1,0
simply_many,1,1,0
resolutely_catholic,1,0,1
simply_marginal,1,1,0
totally_chinese,1,1,0
somewhat_uneven,1,1,0
reportedly_excited,1,1,0
simply_mass,1,1,0
repeatedly_vital,1,1,0
utterly_chaste,1,1,0
reportedly_able,1,1,0
somewhat_unlikely,1,1,0
somewhat_unjustified,1,1,0
reportedly_aware,1,1,0
utterly_careless,1,1,0
utterly_candid,1,1,0
reportedly_feasible,1,1,0
too_jaw-dropping,1,1,0
somewhat_unimportant,1,1,0
simply_marvelous,1,1,0
somewhat_unfamiliar,1,1,0
uniquely_intelligent,1,1,0
reportedly_generous,1,1,0
somewhat_tart,1,1,0
resolutely_committed,1,1,0
resolutely_conservative,1,1,0
resoundingly_stupid,1,1,0
resoundingly_strong,1,1,0
utterly_bogus,1,1,0
simply_malevolent,1,1,0
somewhat_surprised,1,1,0
utterly_blissful,1,1,0
somewhat_superficial,1,1,0
somewhat_suicidal,1,1,0
resoundingly_true,1,0,1
resoundingly_quiet,1,1,0
respectfully_critical,1,1,0
respectfully_honest,1,1,0
so_retrograde,1,1,0
so_reusable,1,1,0
respectfully_quiet,1,1,0
somewhat_stunning,1,1,0
rhythmically_accurate,1,1,0
resoundingly_solid,1,1,0
somewhat_suspect,1,1,0
resolutely_cute,1,1,0
resolutely_positive,1,1,0
simply_mandatory,1,1,0
resolutely_hip,1,1,0
somewhat_tacky,1,1,0
somewhat_sympathetic,1,1,0
resolutely_modest,1,1,0
resolutely_non-violent,1,1,0
resolutely_outlandish,1,1,0
resolutely_pro-choice,1,1,0
simply_man-made,1,1,0
resolutely_shit,1,1,0
resolutely_sure,1,1,0
utterly_bonkers,1,1,0
resoundingly_disastrous,1,1,0
resoundingly_funny,1,1,0
somewhat_sweaty,1,1,0
resoundingly_loud,1,1,0
utterly_cheesy,1,1,0
utterly_close,1,1,0
remotely_unpleasant,1,0,1
somewhat_unnatural,1,1,0
remotely_useable,1,1,0
somewhere_flat,1,0,1
remotely_user-friendly,1,1,0
simply_mathematical,1,1,0
somewhere_else,1,1,0
remotely_valid,1,1,0
somewhere_dry,1,1,0
remotely_vegan,1,1,0
somewhere_distant,1,1,0
somewhere_crazy,1,0,1
somewhere_colder,1,1,0
utterly_convenient,1,1,0
somewhere_cheap,1,1,0
remotely_vegetarian,1,0,1
somewhere_bad,1,1,0
somewhat_worried,1,1,0
somewhat_wise,1,1,0
utterly_convincing,1,1,0
remotely_upsetting,1,1,0
utterly_corny,1,1,0
remotely_unsafe,1,0,1
somewhere_interesting,1,1,0
somewhere_ideal,1,1,0
utterly_credible,1,1,0
remotely_unreal,1,0,1
remotely_unreasonable,1,0,1
utterly_creative,1,1,0
remotely_unruly,1,0,1
utterly_crazy,1,1,0
remotely_upscale,1,0,1
remotely_unsettling,1,1,0
remotely_unthinkable,1,1,0
somewhere_full,1,1,0
somewhere_flawed,1,1,0
remotely_unwell,1,1,0
remotely_uplifting,1,0,1
simply_mean,1,1,0
somewhat_wet,1,1,0
remotely_violent,1,1,0
remotely_visible,1,1,0
remotely_wonderful,1,1,0
utterly_comprehensive,1,1,0
remotely_winded,1,1,0
somewhat_unsteady,1,1,0
remotely_winnable,1,1,0
remotely_wireless,1,1,0
somewhat_unsettling,1,1,0
remotely_wobbly,1,1,0
somewhat_unsatisfactory,1,1,0
remotely_white,1,1,0
utterly_complete,1,1,0
somewhat_unrealistic,1,1,0
remotely_workable,1,1,0
remotely_worldly,1,0,1
utterly_compelling,1,1,0
utterly_compatible,1,1,0
utterly_comfortable,1,1,0
somewhat_untested,1,1,0
remotely_western,1,1,0
utterly_contemporary,1,1,0
somewhat_variable,1,1,0
uniquely_inept,1,1,0
remotely_vulnerable,1,1,0
totally_christian,1,1,0
remotely_wacky,1,1,0
somewhat_warm,1,1,0
somewhat_vulnerable,1,1,0
somewhat_volatile,1,1,0
simply_materialistic,1,1,0
remotely_welcome,1,1,0
simply_massive,1,1,0
uniquely_informative,1,1,0
remotely_warm,1,1,0
remotely_watchable,1,1,0
uniquely_insightful,1,1,0
somewhat_useless,1,1,0
somewhat_useful,1,1,0
sonically_overpowering,1,1,0
utterly_distinct,1,1,0
remotely_subservient,1,1,0
remotely_questionable,1,0,1
remotely_relaxing,1,1,0
utterly_human,1,1,0
remotely_reliant,1,1,0
so_reachable,1,1,0
soon_severe,1,1,0
uniquely_exciting,1,0,1
uniquely_eye-catching,1,1,0
utterly_horrified,1,1,0
remotely_remorseful,1,1,0
remotely_remote,1,1,0
remotely_repetitive,1,1,0
remotely_replaceable,1,1,0
utterly_honest,1,1,0
remotely_republican,1,1,0
utterly_homogenous,1,1,0
totally_creamy,1,1,0
remotely_retro,1,0,1
utterly_humiliating,1,1,0
soon_sore,1,1,0
remotely_relatable,1,1,0
remotely_reactionary,1,1,0
remotely_quick,1,1,0
sooo_appropriate,1,1,0
utterly_immune,1,1,0
uniquely_european,1,1,0
soon_upset,1,1,0
remotely_random,1,1,0
soon_undone,1,1,0
utterly_illusory,1,1,0
remotely_reflective,1,1,0
uniquely_evasive,1,1,0
too_implicit,1,0,1
totally_criminal,1,1,0
simply_other,1,1,0
remotely_reassuring,1,1,0
remotely_rebellious,1,0,1
soon_tired,1,1,0
totally_counter-intuitive,1,1,0
utterly_high,1,1,0
uniquely_feminine,1,0,1
uniquely_great,1,1,0
uniquely_gifted,1,1,0
too_inconceivable,1,1,0
soon_minimum,1,1,0
soon_looser,1,1,0
soon_long,1,1,0
too_incorrect,1,1,0
uniquely_good,1,1,0
simply_oppressive,1,1,0
soon_okay,1,1,0
remotely_sanguine,1,1,0
simply_opposite,1,1,0
remotely_sappy,1,0,1
remotely_sarcastic,1,1,0
too_indecisive,1,1,0
utterly_girly,1,1,0
utterly_genuine,1,1,0
utterly_good,1,1,0
simply_optimistic,1,1,0
totally_corrosive,1,1,0
uniquely_gay,1,1,0
soon_safer,1,1,0
remotely_rich,1,0,1
totally_corporate,1,1,0
uniquely_full,1,1,0
simply_ordinary,1,1,0
soon_redundant,1,1,0
remotely_rigorous,1,1,0
remotely_robust,1,1,0
totally_cordial,1,1,0
utterly_heartbreaking,1,1,0
soon_possible,1,1,0
remotely_royal,1,1,0
simply_orderly,1,1,0
simply_orange,1,1,0
remotely_rusty,1,1,0
uniquely_generous,1,1,0
totally_crucial,1,1,0
simply_outdoor,1,1,0
sonically_palatable,1,1,0
simply_outrageous,1,1,0
remotely_partisan,1,0,1
remotely_passive,1,1,0
simply_palpable,1,1,0
remotely_peaceful,1,0,1
utterly_incriminating,1,0,1
too_identifiable,1,1,0
too_ideological,1,1,0
remotely_permanent,1,1,0
totally_damned,1,1,0
remotely_personal,1,0,1
uniquely_dramatic,1,1,0
remotely_perverse,1,1,0
remotely_photogenic,1,1,0
simply_pale,1,1,0
remotely_picky,1,1,0
remotely_picturesque,1,1,0
remotely_pink,1,1,0
remotely_paranoid,1,1,0
utterly_indefensible,1,1,0
remotely_parallel,1,0,1
remotely_ostentatious,1,0,1
remotely_optimistic,1,1,0
sooo_difficult,1,1,0
remotely_ordinary,1,0,1
simply_particular,1,1,0
simply_paranoid,1,1,0
utterly_ineffectual,1,1,0
remotely_orthodox,1,1,0
remotely_ours,1,1,0
remotely_palpable,1,1,0
remotely_outlandish,1,1,0
remotely_overpowering,1,1,0
simply_parallel,1,1,0
too_iconic,1,0,1
utterly_indispensable,1,1,0
remotely_painful,1,1,0
remotely_palatable,1,1,0
remotely_pious,1,0,1
simply_overworked,1,1,0
totally_daft,1,1,0
remotely_problematic,1,0,1
utterly_inane,1,0,1
simply_overblown,1,1,0
totally_cryptic,1,1,0
uniquely_eccentric,1,1,0
uniquely_efficient,1,1,0
remotely_pretentious,1,1,0
too_immersive,1,1,0
sooo_awesome,1,1,0
remotely_pregnant,1,1,0
totally_crunchy,1,1,0
too_immoral,1,1,0
too_immune,1,1,0
remotely_prolific,1,1,0
remotely_prominent,1,1,0
remotely_prone,1,1,0
utterly_implausible,1,1,0
remotely_premature,1,1,0
remotely_predictive,1,1,0
too_illegal,1,1,0
remotely_pop,1,0,1
sooo_contemporary,1,1,0
sooo_casual,1,1,0
remotely_pleased,1,1,0
remotely_polite,1,1,0
totally_customizable,1,1,0
remotely_ponderous,1,1,0
remotely_poor,1,1,0
sooo_bright,1,1,0
totally_culpable,1,1,0
utterly_incoherent,1,1,0
utterly_inclusive,1,1,0
sooo_beautiful,1,1,0
remotely_pragmatic,1,1,0
so_ragged,1,1,0
too_imbalanced,1,1,0
remotely_precise,1,1,0
so_real-time,1,1,0
utterly_futile,1,0,1
utterly_fundamental,1,1,0
too_indian,1,1,0
remotely_soft,1,1,0
remotely_solid,1,0,1
utterly_enjoyable,1,1,0
utterly_enchanting,1,1,0
remotely_sour,1,1,0
soo_fine,1,1,0
utterly_embarrassed,1,1,0
utterly_elemental,1,1,0
remotely_specific,1,0,1
utterly_elastic,1,1,0
soo_excited,1,1,0
soo_evident,1,1,0
remotely_specious,1,1,0
simply_non-toxic,1,1,0
soo_cheap,1,1,0
remotely_speculative,1,1,0
so_regal,1,1,0
utterly_epic,1,1,0
soo_forgetful,1,1,0
utterly_exasperating,1,1,0
soo_keen,1,1,0
utterly_fab,1,1,0
remotely_skinny,1,1,0
so_recyclable,1,1,0
utterly_extremist,1,1,0
utterly_extraordinary,1,1,0
soo_many,1,1,0
simply_numb,1,1,0
utterly_exemplary,1,1,0
remotely_socialist,1,1,0
remotely_sloppy,1,1,0
soo_great,1,1,0
uniquely_harmful,1,0,1
remotely_smart,1,1,0
remotely_smoky,1,1,0
simply_nonsensical,1,1,0
remotely_social,1,1,0
remotely_spherical,1,1,0
too_ingenious,1,1,0
soo_busy,1,1,0
sonically_powerful,1,1,0
too_insincere,1,1,0
sonically_rich,1,1,0
remotely_stressful,1,1,0
sonically_rewarding,1,1,0
sonically_pristine,1,1,0
utterly_divisive,1,1,0
utterly_distraught,1,1,0
remotely_studious,1,1,0
sonically_superior,1,1,0
simply_needy,1,1,0
remotely_stupid,1,1,0
sonically_pleasing,1,1,0
remotely_sturdy,1,1,0
uniquely_homophobic,1,1,0
too_instructive,1,1,0
utterly_distorted,1,1,0
sonically_superb,1,1,0
sonically_viable,1,1,0
utterly_dumb,1,1,0
too_injurious,1,1,0
remotely_spicy,1,0,1
utterly_drunk,1,1,0
utterly_dreadful,1,1,0
utterly_doomed,1,1,0
simply_non,1,1,0
too_injured,1,1,0
uniquely_harrowing,1,0,1
uniquely_helpful,1,1,0
sonically_worth,1,0,1
remotely_stable,1,0,1
remotely_standard,1,0,1
too_inoffensive,1,0,1
too_inscrutable,1,1,0
soo_awesome,1,1,0
remotely_straightforward,1,1,0
totally_configurable,1,1,0
simply_objectionable,1,1,0
totally_congested,1,1,0
so_rectangular,1,1,0
utterly_fraudulent,1,1,0
remotely_self-sufficient,1,1,0
simply_opaque,1,1,0
too_indiscriminate,1,1,0
simply_online,1,1,0
soon_funny,1,1,0
simply_ongoing,1,1,0
totally_consuming,1,1,0
simply_one-sided,1,1,0
uniquely_groundbreaking,1,1,0
soon_elderly,1,1,0
simply_one-dimensional,1,1,0
utterly_forbidden,1,1,0
too_individualized,1,1,0
utterly_foolproof,1,1,0
utterly_foolish,1,1,0
remotely_sexist,1,1,0
totally_content,1,0,1
utterly_freaky,1,0,1
remotely_sexualized,1,0,1
remotely_scottish,1,1,0
utterly_fun,1,1,0
remotely_scenic,1,1,0
utterly_frustrated,1,1,0
simply_opportunistic,1,1,0
remotely_scholarly,1,0,1
utterly_frightened,1,1,0
utterly_free,1,1,0
remotely_seasonal,1,0,1
remotely_self-evident,1,1,0
totally_contrived,1,1,0
simply_operational,1,1,0
remotely_secretive,1,0,1
remotely_secular,1,0,1
totally_contiguous,1,1,0
simply_open-ended,1,1,0
remotely_self-destructive,1,1,0
utterly_fluffy,1,1,0
utterly_flawed,1,1,0
soo_old,1,1,0
soo_smart,1,1,0
so_recommendable,1,1,0
soo_weird,1,1,0
simply_obvious,1,1,0
so_recoverable,1,1,0
simply_obsessed,1,1,0
simply_observant,1,1,0
remotely_silent,1,1,0
soo_simple,1,1,0
remotely_shy,1,1,0
soo_psyched,1,1,0
soo_picky,1,1,0
too_infamous,1,1,0
simply_observable,1,1,0
so_recreational,1,1,0
remotely_simplistic,1,0,1
simply_obligatory,1,1,0
remotely_sick,1,1,0
remotely_showy,1,1,0
utterly_flamboyant,1,1,0
remotely_shit,1,1,0
totally_constitutional,1,1,0
soon_easy,1,1,0
utterly_fitting,1,1,0
totally_constant,1,1,0
simply_okay,1,1,0
remotely_shady,1,0,1
remotely_shallow,1,1,0
utterly_fatal,1,1,0
totally_congruent,1,1,0
soon_blind,1,1,0
soon_available,1,1,0
utterly_far-fetched,1,1,0
totally_conspicuous,1,1,0
utterly_fantastical,1,0,1
simply_offensive,1,1,0
uniquely_hard,1,1,0
usually_most,1,1,0
uniquely_rewarding,1,0,1
secretly_italian,1,1,0
unnecessarily_rigid,1,1,0
sexually_pleased,1,1,0
universally_dismal,1,1,0
too_tyrannical,1,1,0
too_singular,1,1,0
sexually_pleasurable,1,1,0
solely_atheist,1,1,0
simply_beholden,1,1,0
universally_dismissive,1,1,0
solely_answerable,1,1,0
unnecessarily_pretentious,1,1,0
solely_angry,1,1,0
so_under-appreciated,1,1,0
solely_anecdotal,1,1,0
unnecessarily_prejudicial,1,1,0
sexually_predatory,1,1,0
so_underappreciated,1,1,0
simply_bearable,1,1,0
simply_big,1,1,0
solely_autistic,1,1,0
so_unconscionable,1,1,0
sexually_passive,1,1,0
simply_bold,1,1,0
universally_disastrous,1,1,0
unnecessarily_repetitive,1,1,0
too_shorter,1,1,0
unnecessarily_remote,1,1,0
too_unacceptable,1,1,0
sexually_overt,1,0,1
solely_beholden,1,1,0
too_sickening,1,1,0
sexually_permissible,1,1,0
so_unconditional,1,1,0
unnecessarily_reactive,1,1,0
sexually_perverse,1,1,0
simply_bilingual,1,1,0
so_unconnected,1,1,0
unnecessarily_radical,1,1,0
unnecessarily_pessimistic,1,1,0
solely_ambitious,1,1,0
simply_basic,1,1,0
sexually_responsive,1,1,0
solely_advantageous,1,1,0
unnecessarily_litigious,1,1,0
solely_administrative,1,1,0
unnecessarily_late,1,1,0
unnecessarily_large,1,1,0
unnecessarily_labor-intensive,1,1,0
solely_actual,1,1,0
unnecessarily_joyful,1,1,0
so_underrepresented,1,1,0
solely_achievable,1,1,0
unnecessarily_ironic,1,1,0
simply_awe,1,1,0
so_underwater,1,1,0
too_sleazy,1,1,0
sexually_satirical,1,1,0
solely_able,1,1,0
unnecessarily_luxurious,1,1,0
unnecessarily_mean-spirited,1,1,0
solely_amazing,1,1,0
unnecessarily_obscure,1,1,0
unnecessarily_painful,1,1,0
solely_aggressive,1,1,0
unnecessarily_overpowering,1,1,0
so_underdeveloped,1,1,0
so_underfunded,1,1,0
unnecessarily_ornate,1,1,0
solely_aged,1,1,0
unnecessarily_obnoxious,1,1,0
unnecessarily_needy,1,1,0
simply_banal,1,1,0
too_tumultuous,1,1,0
solely_affordable,1,1,0
so_underpaid,1,1,0
solely_aesthetic,1,1,0
simply_baggy,1,1,0
simply_baffling,1,1,0
solely_best,1,1,0
solely_biological,1,1,0
unnecessarily_insensitive,1,1,0
simply_bored,1,1,0
simply_catholic,1,1,0
simply_careless,1,1,0
simply_captivating,1,1,0
simply_capitalist,1,1,0
unnecessarily_wide,1,1,0
solely_consistent,1,1,0
unnecessarily_wasteful,1,1,0
so_unbiased,1,1,0
solely_conducive,1,1,0
solely_conditional,1,1,0
sexually_incompatible,1,1,0
sexually_inconsequential,1,1,0
sexually_infectious,1,1,0
sexually_innocent,1,1,0
solely_comprehensible,1,1,0
sexually_interesting,1,1,0
universally_diligent,1,1,0
unnecessarily_young,1,1,0
so_unbeaten,1,1,0
solely_contemporary,1,1,0
unpleasantly_bright,1,1,0
sexually_improper,1,1,0
unpleasantly_corrupt,1,1,0
solely_dangerous,1,1,0
unpleasantly_cold,1,1,0
solely_curious,1,1,0
sexually_inactive,1,1,0
unpleasantly_chewy,1,1,0
simply_celebratory,1,1,0
so_unbeatable,1,1,0
universally_detrimental,1,1,0
unpleasantly_aggressive,1,1,0
unnervingly_scary,1,1,0
unnervingly_realistic,1,1,0
sexually_inadequate,1,1,0
unnervingly_low,1,1,0
unnervingly_final,1,1,0
universally_disappointing,1,1,0
unnecessarily_upset,1,1,0
simply_budget-friendly,1,1,0
sexually_moral,1,1,0
simply_brittle,1,1,0
sexually_modest,1,1,0
unnecessarily_shy,1,1,0
simply_british,1,1,0
solely_clean,1,1,0
unnecessarily_shocking,1,1,0
unnecessarily_severe,1,1,0
simply_bright,1,1,0
sexually_masculine,1,1,0
solely_cerebral,1,1,0
simply_breezy,1,1,0
unnecessarily_self-conscious,1,1,0
simply_boyish,1,1,0
unnecessarily_seedy,1,1,0
unnecessarily_secretive,1,1,0
unnecessarily_salacious,1,1,0
unnecessarily_soft,1,1,0
unnecessarily_strict,1,1,0
unnecessarily_troublesome,1,1,0
sexually_irresponsible,1,1,0
solely_complementary,1,1,0
solely_competent,1,1,0
simply_buddhist,1,1,0
unnecessarily_tough,1,1,0
unnecessarily_theatrical,1,1,0
unnecessarily_tense,1,1,0
so_unchecked,1,1,0
sexually_jealous,1,1,0
solely_cognitive,1,1,0
sexually_liberal,1,1,0
solely_comic,1,1,0
unnecessarily_talkative,1,1,0
solely_comfortable,1,1,0
unnecessarily_strong,1,1,0
too_shadowy,1,1,0
sexually_loose,1,1,0
unnecessarily_invasive,1,1,0
softly_sentimental,1,1,0
sharply_sassy,1,1,0
socially_supportive,1,1,0
unnecessarily_blunt,1,1,0
shamelessly_didactic,1,1,0
socially_sound,1,1,0
socially_sophisticated,1,1,0
unnecessarily_big,1,1,0
too_translucent,1,1,0
unnecessarily_artificial,1,1,0
socially_secure,1,1,0
unnecessarily_argumentative,1,1,0
unnecessarily_apprehensive,1,1,0
socially_scandalous,1,1,0
socially_satisfying,1,0,1
unnecessarily_apologetic,1,1,0
simply_appalling,1,1,0
shamelessly_funny,1,1,0
socially_revealing,1,0,1
universally_evil,1,1,0
unnecessarily_bold,1,1,0
unnecessarily_bombastic,1,1,0
unnecessarily_brown,1,1,0
shamelessly_awful,1,1,0
unnecessarily_contentious,1,1,0
simply_argumentative,1,1,0
socially_successful,1,1,0
socially_subversive,1,0,1
socially_subservient,1,1,0
simply_arcane,1,1,0
unnecessarily_close,1,1,0
shamelessly_corrupt,1,1,0
too_treatable,1,1,0
unnecessarily_clinical,1,1,0
unnecessarily_chatty,1,1,0
universally_enforceable,1,1,0
unnecessarily_cerebral,1,1,0
simply_arab,1,1,0
shamelessly_derivative,1,1,0
unnecessarily_caustic,1,1,0
unnecessarily_anxious,1,1,0
unnecessarily_antagonistic,1,1,0
socially_restrictive,1,1,0
sharply_distinguishable,1,0,1
unnecessarily_actual,1,1,0
socially_realistic,1,1,0
socially_real,1,1,0
sharply_detailed,1,1,0
socially_reactionary,1,1,0
simply_apocalyptic,1,1,0
too_sorrowful,1,1,0
socially_qualified,1,1,0
sharply_combative,1,1,0
sharply_ideological,1,1,0
too_sought-after,1,1,0
sharply_inventive,1,1,0
sharply_lower,1,1,0
sharply_mountainous,1,1,0
socially_prudent,1,1,0
sharply_progressive,1,1,0
sharply_contrasting,1,1,0
socially_related,1,1,0
simply_apolitical,1,1,0
shamelessly_silly,1,1,0
shamelessly_grotesque,1,1,0
socially_responsive,1,1,0
unnecessarily_alarmist,1,1,0
shamelessly_manipulative,1,1,0
shamelessly_offensive,1,1,0
shamelessly_sexy,1,1,0
socially_repugnant,1,1,0
unnecessarily_alarming,1,1,0
socially_relative,1,1,0
shamelessly_wholesome,1,0,1
sharply_acidic,1,1,0
socially_reprehensible,1,1,0
sharply_apparent,1,1,0
sharply_aware,1,1,0
sharply_black,1,1,0
unnecessarily_afraid,1,1,0
shamelessly_aware,1,1,0
simply_ashamed,1,1,0
sexually_secure,1,1,0
shamefully_unwilling,1,1,0
sexually_strong,1,1,0
simply_autobiographical,1,1,0
simply_authentic,1,1,0
unnecessarily_flamboyant,1,1,0
unnecessarily_faithful,1,1,0
socially_viable,1,1,0
sexually_successful,1,1,0
universally_ecstatic,1,1,0
socially_versatile,1,1,0
sexually_sufficient,1,1,0
sexually_taboo,1,1,0
sexually_threatening,1,1,0
socially_valuable,1,1,0
so_unethical,1,1,0
unnecessarily_exorbitant,1,1,0
socially_valid,1,1,0
too_smaller,1,1,0
socially_visible,1,1,0
unnecessarily_gory,1,1,0
unnecessarily_grandiose,1,1,0
so_undisciplined,1,1,0
unnecessarily_inflexible,1,1,0
unnecessarily_inflammatory,1,1,0
unnecessarily_inaccurate,1,1,0
softly_perfect,1,1,0
unnecessarily_imaginative,1,1,0
sexually_shy,1,1,0
softly_loving,1,1,0
so_undocumented,1,1,0
unnecessarily_grim,1,1,0
socially_white,1,1,0
sexually_sophisticated,1,1,0
socially_vulnerable,1,1,0
simply_average,1,1,0
socially_vital,1,1,0
unnecessarily_happy,1,1,0
unnecessarily_gruesome,1,1,0
unnecessarily_disturbing,1,1,0
unnecessarily_distracting,1,1,0
sexually_timid,1,0,1
shamefully_clingy,1,1,0
unnecessarily_dependent,1,1,0
unnecessarily_defensive,1,1,0
simply_asleep,1,1,0
unnecessarily_dark,1,1,0
unnecessarily_cumbersome,1,1,0
too_socialist,1,1,0
sexually_weird,1,1,0
universally_endearing,1,1,0
socially_uncomfortable,1,1,0
socially_thrilling,1,1,0
shamefully_deleterious,1,1,0
shamefully_enjoyable,1,1,0
unnecessarily_critical,1,1,0
shamefully_obvious,1,1,0
unnecessarily_crass,1,1,0
simply_asian,1,1,0
sexually_valuable,1,1,0
unnecessarily_destructive,1,1,0
so_unexplained,1,1,0
socially_uniform,1,1,0
sexually_titillating,1,1,0
too_trippy,1,0,1
universally_effusive,1,1,0
too_tribal,1,1,0
unnecessarily_disrespectful,1,1,0
so_unfazed,1,1,0
so_unfeasible,1,1,0
socially_undesirable,1,1,0
sexually_unsatisfied,1,1,0
simply_athletic,1,1,0
unnecessarily_disadvantaged,1,1,0
sexually_unattractive,1,1,0
socially_unconventional,1,1,0
unnecessarily_dirty,1,1,0
unnecessarily_dim,1,1,0
sexually_unfulfilled,1,1,0
simply_central,1,1,0
unpleasantly_credible,1,1,0
unpleasantly_crowded,1,1,0
simply_corporate,1,1,0
simply_constitutional,1,1,0
solely_governmental,1,1,0
severely_undulating,1,1,0
simply_considerable,1,1,0
unreasonably_fortunate,1,1,0
severely_unhealthy,1,1,0
severely_unpleasant,1,1,0
severely_weak,1,1,0
simply_congruent,1,1,0
too_unfocused,1,1,0
solely_gluten-free,1,1,0
unreasonably_excessive,1,1,0
simply_confusing,1,1,0
unreasonably_endangered,1,1,0
unreasonably_elusive,1,1,0
solely_glorious,1,1,0
solely_german,1,1,0
unreasonably_friendly,1,1,0
too_unfounded,1,1,0
severely_understaffed,1,1,0
severely_under-reported,1,1,0
too_unhelpful,1,1,0
severely_steep,1,1,0
severely_strict,1,1,0
unreasonably_hateful,1,1,0
severely_suicidal,1,1,0
solely_gross,1,1,0
severely_toxic,1,1,0
unreasonably_great,1,1,0
too_riveting,1,1,0
universally_constant,1,1,0
simply_contemptuous,1,1,0
severely_underdeveloped,1,1,0
solely_greener,1,1,0
unreasonably_generous,1,1,0
severely_underpaid,1,1,0
too_ungrateful,1,1,0
solely_genuine,1,1,0
unreasonably_disruptive,1,1,0
too_unflattering,1,1,0
solely_formal,1,1,0
unreasonably_challenging,1,1,0
solely_french,1,1,0
simply_complete,1,1,0
unreasonably_broad,1,1,0
simply_complementary,1,1,0
solely_free,1,1,0
solely_foul,1,1,0
sexually_appropriate,1,1,0
simply_compliant,1,1,0
unreasonably_audacious,1,1,0
so_tribal,1,1,0
too_sadistic,1,1,0
sexually_assertive,1,1,0
so_trippy,1,1,0
unreasonably_attractive,1,1,0
sexually_attentive,1,1,0
sexually_annoying,1,1,0
too_unfathomable,1,1,0
unreasonably_different,1,1,0
so_translucent,1,1,0
unreasonably_detrimental,1,1,0
unreasonably_deep,1,1,0
unreasonably_cynical,1,1,0
unreasonably_crowded,1,1,0
so_transformative,1,1,0
universally_cool,1,1,0
too_rousing,1,1,0
sexually_advanced,1,1,0
simply_comprehensive,1,1,0
too_ruinous,1,1,0
unreasonably_contrived,1,1,0
unreasonably_confusing,1,1,0
universally_corrupt,1,1,0
unreasonably_complicated,1,1,0
solely_funny,1,1,0
universally_coveted,1,1,0
unreasonably_heavy,1,1,0
unreasonably_honest,1,1,0
unpleasantly_dissonant,1,1,0
solely_handsome,1,1,0
universally_concerned,1,1,0
solely_inhumane,1,1,0
severely_lonely,1,1,0
unreasonably_safe,1,1,0
severely_malnourished,1,1,0
unreasonably_risky,1,1,0
solely_inefficient,1,1,0
severely_misleading,1,1,0
severely_myopic,1,1,0
solely_individual,1,1,0
too_unknowable,1,1,0
severely_other,1,1,0
unreasonably_ridiculous,1,1,0
simply_criminal,1,1,0
simply_credible,1,1,0
solely_independent,1,1,0
unreasonably_proud,1,1,0
solely_innovative,1,1,0
unreasonably_self-confident,1,1,0
unreasonably_sexist,1,1,0
too_resonant,1,1,0
unreasonably_unfair,1,1,0
severely_inadequate,1,1,0
severely_ineffective,1,1,0
unreasonably_troublesome,1,1,0
unreasonably_suspicious,1,1,0
severely_interested,1,1,0
simply_cynical,1,1,0
unreasonably_strict,1,1,0
unreasonably_sharp,1,1,0
unreasonably_small,1,1,0
simply_cyclical,1,1,0
too_resourceful,1,1,0
unreasonably_slow,1,1,0
simply_customizable,1,1,0
so_thriving,1,1,0
solely_insular,1,1,0
simply_creative,1,1,0
solely_inconvenient,1,1,0
severely_overcrowded,1,1,0
solely_hindu,1,1,0
solely_historic,1,0,1
unreasonably_late,1,1,0
severely_punishable,1,1,0
simply_costly,1,1,0
unreasonably_invasive,1,1,0
severely_rational,1,1,0
solely_hispanic,1,1,0
universally_conclusive,1,1,0
simply_counterproductive,1,1,0
too_rhythmic,1,1,0
severely_serious,1,1,0
simply_cosmopolitan,1,1,0
solely_high,1,1,0
unreasonably_huge,1,1,0
so_toasty,1,1,0
solely_handy,1,1,0
simply_counterintuitive,1,1,0
solely_homosexual,1,1,0
too_restive,1,1,0
solely_immediate,1,1,0
unreasonably_protective,1,1,0
unreasonably_positive,1,1,0
too_restorative,1,1,0
unreasonably_pleased,1,1,0
unreasonably_pious,1,1,0
solely_impolite,1,1,0
unreasonably_paranoid,1,1,0
solely_illegal,1,1,0
unreasonably_likely,1,1,0
unreasonably_offensive,1,1,0
unreasonably_lucky,1,1,0
too_reusable,1,1,0
severely_painful,1,1,0
solely_ignorant,1,1,0
severely_poisonous,1,1,0
simply_courageous,1,1,0
solely_flat,1,1,0
too_safer,1,0,1
simply_compelling,1,1,0
too_uneventful,1,1,0
unquestionably_cruel,1,1,0
solely_early,1,1,0
solely_durable,1,1,0
sexually_expressive,1,1,0
simply_childish,1,1,0
unquestionably_compelling,1,1,0
unquestionably_better,1,1,0
simply_chemical,1,1,0
sexually_fantastic,1,1,0
unpleasantly_tough,1,1,0
unpleasantly_thick,1,1,0
sexually_frustrating,1,1,0
sexually_functional,1,1,0
so_unapologetic,1,1,0
solely_disappointing,1,1,0
unpleasantly_tart,1,1,0
solely_disappointed,1,1,0
so_unafraid,1,1,0
too_secluded,1,1,0
simply_chinese,1,1,0
too_uncooperative,1,1,0
sexually_enthusiastic,1,1,0
solely_elegant,1,1,0
unquestionably_loyal,1,1,0
solely_electronic,1,1,0
unquestionably_guilty,1,1,0
sexually_enticing,1,1,0
unquestionably_good,1,1,0
sexually_equal,1,1,0
unquestionably_desirable,1,1,0
sexually_excessive,1,1,0
universally_deep,1,1,0
so_un-american,1,1,0
unquestionably_effective,1,1,0
unquestionably_detrimental,1,1,0
solely_effective,1,1,0
solely_economical,1,1,0
unpleasantly_sweet,1,1,0
solely_detrimental,1,1,0
unpleasantly_stuffy,1,1,0
too_selfless,1,1,0
too_self-confident,1,1,0
unpleasantly_noticeable,1,1,0
unpleasantly_messy,1,1,0
too_self-contained,1,1,0
unpleasantly_loud,1,1,0
sexually_hostile,1,1,0
unpleasantly_humid,1,1,0
unpleasantly_hard,1,1,0
universally_dependable,1,1,0
too_unclear,1,1,0
solely_deceptive,1,1,0
sexually_ideal,1,1,0
solely_deadly,1,1,0
unpleasantly_graphic,1,1,0
unpleasantly_dry,1,1,0
solely_dark,1,1,0
simply_cerebral,1,1,0
sexually_horrific,1,0,1
sexually_gratifying,1,1,0
unpleasantly_spicy,1,1,0
too_unconvincing,1,1,0
unpleasantly_strong,1,1,0
sexually_gratuitous,1,1,0
unpleasantly_stiff,1,1,0
solely_destitute,1,1,0
solely_deserving,1,1,0
unpleasantly_sticky,1,1,0
too_select,1,1,0
unpleasantly_overwhelming,1,1,0
simply_challenging,1,1,0
unpleasantly_smelly,1,1,0
too_self-aware,1,1,0
sexually_happy,1,1,0
sexually_harmless,1,1,0
unpleasantly_reminiscent,1,1,0
unpleasantly_preposterous,1,1,0
too_underappreciated,1,1,0
sexually_enjoyable,1,1,0
solely_elementary,1,1,0
unrealistically_overpriced,1,1,0
unrealistically_splendid,1,1,0
sexually_compelling,1,0,1
solely_female,1,1,0
solely_federal,1,1,0
solely_feasible,1,1,0
too_uneven,1,1,0
unrealistically_sanguine,1,1,0
too_unethical,1,1,0
solely_feminine,1,1,0
solely_fantastic,1,1,0
sexually_confused,1,1,0
too_undulating,1,1,0
sexually_conservative,1,1,0
universally_critical,1,1,0
unrealistically_long,1,1,0
unrealistically_large,1,0,1
sexually_chaste,1,1,0
unrealistically_thin,1,1,0
unrealistically_humble,1,1,0
simply_comparable,1,1,0
universally_creepy,1,1,0
unreasonably_ambitious,1,1,0
unreasonably_alarmist,1,1,0
unreasonably_aggressive,1,1,0
solely_fiscal,1,1,0
too_same,1,1,0
unreasonably_afraid,1,1,0
unreasonably_adverse,1,1,0
sexually_carefree,1,1,0
sexually_averse,1,1,0
unrealistically_utopian,1,1,0
unrealistically_upbeat,1,1,0
sexually_awkward,1,1,0
sexually_boring,1,1,0
sexually_capable,1,1,0
solely_festive,1,1,0
unrealistically_interactive,1,1,0
solely_external,1,1,0
solely_endemic,1,1,0
solely_enthusiastic,1,1,0
sexually_different,1,1,0
too_scalable,1,1,0
simply_cloudy,1,1,0
unquestionably_superior,1,1,0
too_understandable,1,1,0
simply_clever,1,1,0
unquestionably_smart,1,1,0
unquestionably_significant,1,0,1
unquestionably_unique,1,1,0
unquestionably_safe,1,1,0
sexually_diverse,1,1,0
solely_entertaining,1,1,0
so_tyrannical,1,1,0
unquestionably_repulsive,1,1,0
simply_clean,1,1,0
sexually_dysfunctional,1,1,0
solely_entrepreneurial,1,1,0
unquestionably_wrong,1,1,0
simply_cold,1,1,0
unrealistically_expensive,1,1,0
sexually_dead,1,1,0
solely_exclusive,1,1,0
universally_dangerous,1,1,0
too_underwhelming,1,1,0
sexually_demonstrative,1,1,0
unrealistically_fun,1,1,0
solely_erudite,1,1,0
sexually_dependant,1,1,0
unrealistically_adult,1,1,0
unrealistically_comfortable,1,1,0
solely_erotic,1,1,0
sexually_depraved,1,1,0
unrealistically_close,1,1,0
solely_equitable,1,1,0
unrealistically_ambitious,1,1,0
universally_deadly,1,1,0
simply_antithetical,1,1,0
simply_anti-semitic,1,1,0
sometimes_great,1,1,0
universally_fundamental,1,1,0
significantly_sicker,1,1,0
similarly_vigilant,1,1,0
so_unrecognizable,1,1,0
similarly_vibrant,1,1,0
too_suave,1,1,0
universally_poor,1,1,0
similarly_versatile,1,1,0
similarly_vague,1,1,0
so_unregulated,1,1,0
significantly_spectacular,1,1,0
too_submissive,1,1,0
similarly_upbeat,1,1,0
so_weightless,1,1,0
universally_pleased,1,1,0
significantly_steeper,1,1,0
universally_pleasant,1,1,0
universally_pessimistic,1,1,0
universally_predictive,1,1,0
significantly_sexy,1,1,0
similarly_vigorous,1,1,0
similarly_volatile,1,1,0
significantly_remarkable,1,1,0
significantly_resistant,1,1,0
universally_progressive,1,1,0
significantly_responsible,1,1,0
significantly_revolutionary,1,1,0
significantly_rewarding,1,1,0
significantly_richer,1,1,0
too_terse,1,0,1
so_winnable,1,1,0
universally_prevalent,1,1,0
significantly_romantic,1,0,1
universally_preferable,1,1,0
significantly_safe,1,1,0
too_stressed,1,1,0
so_unreadable,1,1,0
significantly_scary,1,1,0
similarly_unwilling,1,1,0
universally_persuasive,1,1,0
too_subordinate,1,1,0
significantly_understated,1,1,0
universally_moody,1,1,0
significantly_transcendent,1,1,0
universally_mistaken,1,1,0
universally_marketable,1,1,0
so_washable,1,1,0
significantly_under-reported,1,1,0
universally_mandatory,1,1,0
significantly_underweight,1,1,0
universally_moral,1,1,0
significantly_uneasy,1,1,0
significantly_uneven,1,1,0
universally_male,1,1,0
universally_lucrative,1,1,0
similarly_turbulent,1,1,0
universally_grand,1,1,0
too_tepid,1,1,0
significantly_toxic,1,1,0
too_suburban,1,1,0
similarly_unused,1,1,0
universally_odious,1,1,0
universally_particular,1,1,0
universally_palatable,1,1,0
universally_glum,1,1,0
significantly_subjective,1,1,0
similarly_unimportant,1,1,0
similarly_unfriendly,1,1,0
universally_oppressed,1,1,0
universally_objective,1,1,0
universally_golden,1,1,0
universally_objectionable,1,1,0
universally_newsworthy,1,1,0
so_wavy,1,1,0
significantly_tastier,1,1,0
similarly_unavoidable,1,1,0
significantly_tired,1,1,0
significantly_tougher,1,1,0
too_streamlined,1,1,0
universally_protective,1,1,0
significantly_unusual,1,0,1
so_unprotected,1,1,0
socially_attractive,1,1,0
socially_attentive,1,1,0
universally_rewarding,1,1,0
significantly_moral,1,1,0
socially_astute,1,1,0
socially_assertive,1,1,0
socially_aspirational,1,1,0
socially_apt,1,1,0
socially_appealing,1,1,0
universally_republican,1,1,0
socially_apathetic,1,1,0
so_unparalleled,1,1,0
significantly_newsworthy,1,1,0
socially_ambivalent,1,1,0
significantly_numerous,1,1,0
significantly_obese,1,1,0
socially_adventurous,1,1,0
socially_autistic,1,1,0
significantly_monolithic,1,1,0
universally_frightened,1,1,0
socially_challenging,1,1,0
universally_sensitive,1,1,0
universally_self-evident,1,1,0
universally_secure,1,1,0
socially_charming,1,1,0
significantly_likely,1,1,0
significantly_long,1,1,0
significantly_loud,1,1,0
socially_busy,1,1,0
universally_righteous,1,1,0
significantly_low,1,1,0
universally_satisfying,1,1,0
socially_benign,1,1,0
significantly_manifest,1,1,0
socially_balanced,1,1,0
significantly_milder,1,1,0
too_theological,1,1,0
universally_reliable,1,1,0
socially_advantageous,1,1,0
too_staunch,1,1,0
so_woven,1,1,0
so_wrought,1,1,0
universally_frigid,1,1,0
significantly_preferable,1,1,0
universally_functional,1,1,0
significantly_premature,1,1,0
universally_quiet,1,1,0
similarly_worried,1,1,0
too_stout,1,1,0
simply_above,1,1,0
significantly_problematic,1,1,0
similarly_willing,1,1,0
universally_quick,1,1,0
significantly_protective,1,1,0
so_unprofitable,1,1,0
significantly_quicker,1,1,0
significantly_quieter,1,0,1
significantly_potent,1,1,0
simply_absent,1,1,0
significantly_odd,1,1,0
too_steadfast,1,1,0
significantly_old,1,1,0
socially_adaptable,1,1,0
significantly_ominous,1,1,0
significantly_outpacing,1,1,0
significantly_overgrown,1,1,0
socially_accommodating,1,1,0
socially_able,1,1,0
universally_rebellious,1,1,0
significantly_popular,1,1,0
universally_reasonable,1,1,0
significantly_painful,1,1,0
universally_ready,1,1,0
significantly_perceptible,1,1,0
significantly_physical,1,1,0
simply_absolute,1,1,0
universally_readable,1,1,0
so_unresponsive,1,1,0
too_such,1,1,0
unnecessarily_accessible,1,1,0
similarly_distressing,1,1,0
similarly_frank,1,1,0
similarly_replete,1,1,0
similarly_gifted,1,1,0
similarly_good,1,1,0
so_useable,1,1,0
similarly_gratified,1,1,0
similarly_reliable,1,1,0
similarly_honest,1,1,0
similarly_hypocritical,1,1,0
so_unsuitable,1,1,0
similarly_reflective,1,1,0
similarly_inconclusive,1,1,0
similarly_indifferent,1,1,0
similarly_inept,1,1,0
similarly_intelligent,1,1,0
similarly_intelligible,1,1,0
similarly_reductive,1,1,0
universally_illegal,1,1,0
similarly_forthcoming,1,1,0
so_unstructured,1,1,0
similarly_equipped,1,1,0
universally_impeccable,1,1,0
similarly_enchanting,1,1,0
similarly_equal,1,1,0
so_unspoiled,1,1,0
similarly_sacred,1,0,1
similarly_revolting,1,1,0
similarly_restrained,1,1,0
similarly_responsive,1,1,0
too_temporary,1,1,0
similarly_resilient,1,1,0
too_tactile,1,1,0
similarly_evident,1,1,0
similarly_excited,1,1,0
similarly_exemplary,1,1,0
similarly_fantastic,1,1,0
similarly_flawed,1,1,0
similarly_interested,1,1,0
similarly_interesting,1,1,0
similarly_jarring,1,0,1
similarly_permissible,1,1,0
similarly_outlandish,1,1,0
similarly_outraged,1,1,0
similarly_overwhelming,1,1,0
similarly_parochial,1,1,0
similarly_particular,1,1,0
similarly_promiscuous,1,1,0
similarly_pathetic,1,1,0
similarly_powerful,1,1,0
similarly_optimistic,1,1,0
so_unwatchable,1,1,0
similarly_precocious,1,1,0
so_unwarranted,1,1,0
similarly_privileged,1,1,0
so_untouched,1,1,0
universally_horrible,1,1,0
similarly_proactive,1,1,0
similarly_ostentatious,1,1,0
similarly_obsessed,1,1,0
similarly_keen,1,1,0
similarly_lopsided,1,1,0
similarly_kind,1,1,0
similarly_lenient,1,1,0
so_upmarket,1,1,0
so_uphill,1,1,0
universally_huge,1,1,0
similarly_limited,1,1,0
similarly_ready,1,1,0
similarly_major,1,0,1
similarly_nomadic,1,0,1
similarly_rare,1,1,0
so_unsustainable,1,1,0
too_temperamental,1,1,0
similarly_motionless,1,1,0
similarly_radical,1,1,0
similarly_qualified,1,1,0
similarly_negative,1,1,0
similarly_drunk,1,1,0
similarly_disrespectful,1,1,0
similarly_tough,1,1,0
too_synthetic,1,0,1
similarly_special,1,1,0
similarly_adventurous,1,1,0
similarly_aged,1,1,0
so_unscientific,1,1,0
so_unscrupulous,1,1,0
similarly_small,1,1,0
similarly_ambiguous,1,1,0
similarly_appalling,1,1,0
universally_interchangeable,1,1,0
similarly_applicable,1,1,0
so_unseen,1,1,0
similarly_appreciative,1,1,0
universally_injurious,1,1,0
similarly_appropriate,1,1,0
so_villainous,1,1,0
similarly_attuned,1,1,0
similarly_skilled,1,1,0
similarly_accountable,1,1,0
similarly_accessible,1,1,0
universally_keen,1,1,0
significantly_weirder,1,1,0
similarly_territorial,1,1,0
significantly_variable,1,1,0
universally_likable,1,1,0
universally_life-threatening,1,1,0
significantly_visionary,1,0,1
significantly_warmer,1,1,0
universally_liberating,1,1,0
similarly_talented,1,1,0
similarly_sufficient,1,1,0
similarly_suspect,1,1,0
significantly_worried,1,1,0
significantly_worrisome,1,1,0
similarly_surprised,1,1,0
so_unsatisfying,1,0,1
similarly_superficial,1,1,0
significantly_worthy,1,0,1
too_tenacious,1,1,0
universally_indicative,1,1,0
similarly_averse,1,1,0
too_symbolic,1,1,0
universally_impenetrable,1,1,0
similarly_selective,1,1,0
similarly_dangerous,1,1,0
similarly_secular,1,1,0
too_sweeping,1,1,0
similarly_dependent,1,1,0
similarly_depressed,1,1,0
similarly_desirable,1,1,0
similarly_culpable,1,1,0
similarly_devastating,1,1,0
similarly_disadvantaged,1,1,0
universally_healthy,1,1,0
similarly_disappointed,1,1,0
similarly_scalable,1,1,0
similarly_disgusted,1,1,0
similarly_disingenuous,1,1,0
similarly_cutesy,1,1,0
similarly_critical,1,1,0
similarly_awestruck,1,1,0
similarly_compelling,1,0,1
similarly_significant,1,1,0
similarly_big,1,1,0
similarly_blind,1,1,0
similarly_candid,1,1,0
similarly_careful,1,1,0
similarly_catastrophic,1,1,0
similarly_certain,1,1,0
similarly_comprehensive,1,1,0
similarly_convincing,1,1,0
universally_inconspicuous,1,1,0
too_suspect,1,1,0
similarly_conciliatory,1,1,0
universally_impressed,1,1,0
similarly_conscientious,1,1,0
universally_groovy,1,1,0
similarly_controlled,1,1,0
significantly_knowledgeable,1,1,0
significantly_keen,1,1,0
socially_clueless,1,1,0
unnaturally_disappointed,1,1,0
shockingly_reductive,1,1,0
shockingly_relevant,1,1,0
shockingly_risky,1,1,0
shockingly_rude,1,1,0
shockingly_satisfying,1,0,1
socially_mainstream,1,1,0
simply_anachronistic,1,1,0
unnaturally_bereft,1,1,0
shockingly_sharp,1,1,0
socially_justifiable,1,1,0
shockingly_short-sighted,1,1,0
shockingly_strange,1,1,0
shockingly_stupid,1,1,0
shockingly_tantalizing,1,0,1
shockingly_true,1,1,0
shockingly_ugly,1,1,0
too_totalitarian,1,1,0
shockingly_rebellious,1,1,0
shockingly_realistic,1,1,0
unnaturally_brown,1,1,0
shockingly_old,1,1,0
unnaturally_curious,1,1,0
shockingly_obvious,1,1,0
socially_oblivious,1,1,0
shockingly_offensive,1,1,0
socially_obligatory,1,1,0
socially_neutral,1,1,0
unnaturally_contemptuous,1,1,0
socially_nervous,1,1,0
simply_analogous,1,1,0
socially_monogamous,1,1,0
shockingly_pink,1,1,0
socially_modular,1,1,0
shockingly_plain,1,0,1
socially_meaningful,1,1,0
unnaturally_close,1,1,0
unnaturally_clean,1,1,0
shockingly_underrepresented,1,1,0
unmistakably_obvious,1,1,0
shockingly_unique,1,1,0
sickeningly_overpowering,1,1,0
sickeningly_creamy,1,1,0
simply_alternate,1,1,0
unmistakably_erroneous,1,1,0
socially_inevitable,1,1,0
sickeningly_heavy,1,1,0
sickeningly_lucky,1,1,0
simply_alluring,1,1,0
sickeningly_sentimental,1,0,1
socially_inferior,1,1,0
socially_incorrect,1,1,0
sickeningly_timely,1,1,0
sickly_artificial,1,1,0
unmistakably_critical,1,1,0
sickly_captivating,1,1,0
sickly_cute,1,1,0
sickly_hilarious,1,1,0
sickeningly_condescending,1,1,0
sickeningly_clever,1,1,0
shockingly_unpredictable,1,1,0
socially_intelligent,1,1,0
shockingly_unsuitable,1,1,0
shockingly_upscale,1,1,0
universally_fashionable,1,1,0
socially_involved,1,1,0
shockingly_upset,1,1,0
socially_intimate,1,1,0
so_uninteresting,1,1,0
unmistakably_humorous,1,1,0
sickeningly_childish,1,1,0
unmistakably_good,1,1,0
sickeningly_adorable,1,1,0
unmistakably_evident,1,1,0
socially_integrated,1,1,0
sickeningly_arrogant,1,1,0
sickeningly_awful,1,1,0
sickeningly_busy,1,1,0
socially_observant,1,1,0
unnaturally_flawed,1,1,0
significantly_jewish,1,0,1
shockingly_memorable,1,1,0
shockingly_cavalier,1,1,0
unnaturally_surprised,1,1,0
shockingly_cheap,1,1,0
socially_primitive,1,1,0
shockingly_close,1,1,0
socially_present,1,1,0
socially_powerful,1,1,0
socially_possible,1,1,0
shockingly_cruel,1,1,0
shockingly_cynical,1,1,0
unnaturally_smart,1,1,0
socially_positive,1,1,0
shockingly_disrespectful,1,1,0
unnaturally_skinny,1,1,0
shockingly_distinct,1,1,0
shockingly_dull,1,1,0
too_tranquil,1,1,0
unnaturally_sweet,1,1,0
socially_pristine,1,1,0
shockingly_bigoted,1,1,0
socially_profound,1,0,1
socially_prominent,1,1,0
sharply_tannic,1,1,0
sharply_unpleasant,1,1,0
sharply_upright,1,1,0
sharply_vertical,1,1,0
sharply_visceral,1,1,0
too_transactional,1,1,0
socially_profitable,1,1,0
socially_privileged,1,1,0
shockingly_astute,1,1,0
simply_anti-american,1,1,0
shockingly_awesome,1,1,0
simply_antagonistic,1,1,0
unnaturally_thin,1,1,0
shockingly_awful,1,1,0
socially_problematic,1,1,0
shockingly_easy,1,1,0
socially_popular,1,1,0
shockingly_exploitative,1,1,0
unnaturally_hard,1,1,0
socially_painful,1,1,0
socially_overwhelming,1,1,0
shockingly_late,1,1,0
shockingly_literal,1,1,0
shockingly_loud,1,1,0
too_sovereign,1,1,0
unnaturally_horrible,1,1,0
too_spanish,1,0,1
shockingly_intricate,1,1,0
unnaturally_good,1,1,0
socially_okay,1,1,0
socially_ok,1,1,0
universally_famous,1,1,0
simply_analytical,1,1,0
socially_obtuse,1,1,0
unnaturally_full,1,1,0
unnaturally_long,1,1,0
shockingly_innovative,1,1,0
shockingly_fast,1,1,0
socially_pertinent,1,1,0
unnaturally_sharp,1,1,0
socially_polite,1,1,0
unnaturally_reluctant,1,1,0
unnaturally_rare,1,1,0
unnaturally_precise,1,1,0
unnaturally_pale,1,1,0
shockingly_few,1,1,0
shockingly_good,1,1,0
unnaturally_loud,1,1,0
unnaturally_obedient,1,1,0
shockingly_gorgeous,1,1,0
universally_extensible,1,1,0
socially_permissible,1,1,0
socially_palatable,1,1,0
unnaturally_many,1,1,0
shockingly_incompetent,1,1,0
simply_alien,1,1,0
sickly_obvious,1,1,0
too_titillating,1,1,0
sickly_pale,1,1,0
socially_determined,1,1,0
universally_tighter,1,1,0
significantly_extra,1,0,1
significantly_extraordinary,1,1,0
significantly_fake,1,1,0
so_unmoved,1,1,0
simply_administrative,1,1,0
universally_sympathetic,1,1,0
socially_deranged,1,1,0
universally_supportive,1,1,0
socially_debilitating,1,1,0
significantly_free,1,1,0
significantly_gendered,1,1,0
too_thorny,1,1,0
socially_damaging,1,1,0
socially_cruel,1,1,0
significantly_great,1,1,0
significantly_excruciating,1,1,0
significantly_esoteric,1,1,0
significantly_enthusiastic,1,1,0
significantly_diverse,1,1,0
significantly_disruptive,1,1,0
socially_disastrous,1,1,0
universally_unpleasant,1,1,0
universally_understandable,1,1,0
socially_different,1,1,0
so_unmanageable,1,1,0
significantly_divergent,1,1,0
universally_understaffed,1,1,0
universally_toxic,1,1,0
universally_trustworthy,1,1,0
significantly_dramatic,1,1,0
socially_deviant,1,1,0
significantly_easy,1,1,0
universally_transformative,1,1,0
too_spotty,1,1,0
significantly_endangered,1,1,0
socially_critical,1,1,0
socially_crippling,1,1,0
socially_criminal,1,1,0
significantly_inaccurate,1,1,0
socially_complex,1,1,0
simply_actual,1,1,0
universally_skeptical,1,1,0
significantly_impressed,1,1,0
simply_active,1,1,0
simply_accurate,1,1,0
socially_compact,1,1,0
universally_silly,1,1,0
significantly_huge,1,1,0
significantly_ineffective,1,1,0
universally_significant,1,1,0
significantly_innovative,1,1,0
significantly_interested,1,1,0
significantly_interesting,1,1,0
socially_cohesive,1,1,0
universally_set,1,1,0
simply_adaptable,1,1,0
universally_skilled,1,1,0
socially_corrosive,1,1,0
universally_stronger,1,1,0
too_spry,1,1,0
universally_subservient,1,1,0
universally_stylish,1,1,0
universally_stuck,1,1,0
socially_contagious,1,1,0
significantly_hazardous,1,1,0
socially_constructive,1,1,0
simply_adaptive,1,1,0
so_unorganized,1,1,0
significantly_heartless,1,1,0
universally_standard,1,1,0
significantly_helpful,1,1,0
universally_solid,1,1,0
universally_snug,1,1,0
socially_confident,1,1,0
socially_concerned,1,1,0
significantly_dirty,1,1,0
significantly_dirtier,1,1,0
significantly_difficult,1,1,0
significantly_big,1,1,0
significantly_attractive,1,1,0
significantly_aware,1,1,0
socially_fundamental,1,1,0
significantly_awful,1,1,0
significantly_bad,1,0,1
significantly_beneficial,1,1,0
universally_wise,1,1,0
universally_widespread,1,1,0
significantly_affluent,1,1,0
significantly_bipartisan,1,1,0
simply_aggravating,1,1,0
significantly_bold,1,1,0
significantly_brighter,1,1,0
significantly_broader,1,1,0
significantly_changeable,1,1,0
universally_free,1,1,0
significantly_apparent,1,1,0
universally_wonderful,1,1,0
universally_wider,1,1,0
socially_harmonious,1,1,0
simply_alarming,1,1,0
so_unknowable,1,1,0
socially_helpful,1,1,0
simply_agricultural,1,1,0
too_tipsy,1,1,0
sickly_shabby,1,1,0
sickly_skinny,1,1,0
sickly_sticky,1,1,0
universally_worried,1,1,0
socially_happy,1,1,0
universally_worthwhile,1,1,0
universally_feminist,1,1,0
socially_gregarious,1,1,0
sickly_whimsical,1,1,0
simply_aggressive,1,1,0
significantly_able,1,1,0
significantly_cheap,1,1,0
socially_fluent,1,1,0
simply_adrift,1,1,0
significantly_debatable,1,1,0
universally_vital,1,1,0
universally_visible,1,1,0
universally_verifiable,1,1,0
socially_elegant,1,1,0
simply_adverse,1,1,0
simply_adversarial,1,1,0
socially_effective,1,1,0
significantly_decisive,1,1,0
simply_advisable,1,1,0
significantly_deep,1,1,0
universally_usable,1,1,0
significantly_dense,1,1,0
simply_advantageous,1,1,0
socially_dominant,1,1,0
socially_diverse,1,1,0
socially_distinct,1,1,0
significantly_cuter,1,1,0
significantly_culpable,1,1,0
socially_feasible,1,1,0
significantly_comparable,1,1,0
socially_favorable,1,1,0
socially_fair,1,1,0
socially_facile,1,1,0
significantly_close,1,1,0
socially_existent,1,0,1
socially_excruciating,1,0,1
significantly_colder,1,1,0
significantly_competitive,1,1,0
significantly_creepier,1,1,0
simply_affordable,1,1,0
significantly_conscious,1,1,0
significantly_conservative,1,0,1
socially_equitable,1,0,1
socially_engaging,1,1,0
socially_emblematic,1,1,0
significantly_creative,1,1,0
solely_interesting,1,1,0
severely_impressed,1,1,0
solely_international,1,1,0
usually_empty,1,1,0
usually_due,1,1,0
seldom_dangerous,1,1,0
seldom_deplorable,1,1,0
seldom_difficult,1,1,0
too_wondrous,1,1,0
so_stalwart,1,1,0
usually_drunk,1,0,1
too_orthodox,1,1,0
seldom_forthcoming,1,1,0
seldom_helpful,1,1,0
uniquely_unhealthy,1,1,0
seldom_hostile,1,1,0
usually_dormant,1,1,0
too_orwellian,1,1,0
usually_dominant,1,1,0
usually_doable,1,1,0
seldom_larger,1,1,0
too_workable,1,1,0
somehow_interactive,1,1,0
usually_dull,1,0,1
simply_forthcoming,1,1,0
so_sporadic,1,1,0
somehow_lazy,1,1,0
seismically_robust,1,1,0
somehow_irreplaceable,1,1,0
usually_efficient,1,1,0
simply_fragile,1,1,0
so_spotty,1,1,0
usually_economic,1,1,0
seldom_brilliant,1,1,0
uniquely_turkish,1,1,0
seismically_vulnerable,1,1,0
simply_formal,1,1,0
somehow_irrelevant,1,1,0
usually_dynamic,1,1,0
seldom_available,1,1,0
somehow_intriguing,1,1,0
seldom_more,1,1,0
too_winded,1,1,0
usually_divisive,1,1,0
somehow_incidental,1,1,0
too_wholesome,1,1,0
self-consciously_gorgeous,1,1,0
self-consciously_grim,1,1,0
usually_discretionary,1,1,0
self-consciously_islamic,1,1,0
somehow_incomplete,1,1,0
self-consciously_quirky,1,1,0
somehow_inappropriate,1,1,0
too_wider,1,1,0
self-consciously_rebellious,1,1,0
somehow_impressed,1,1,0
too_wearable,1,1,0
self-consciously_retro,1,1,0
usually_diligent,1,1,0
too_pagan,1,1,0
usually_developed,1,1,0
simply_fine,1,1,0
self-consciously_frenetic,1,1,0
usually_distressing,1,1,0
seldom_true,1,0,1
seldom_radical,1,1,0
too_other,1,1,0
simply_flawless,1,1,0
seldom_successful,1,1,0
usually_distracting,1,1,0
usually_distinguishable,1,1,0
usually_distinctive,1,1,0
somehow_inevitable,1,1,0
self-consciously_ethnic,1,1,0
seldom_willing,1,1,0
self-consciously_aesthetic,1,0,1
somehow_indispensable,1,1,0
too_overcast,1,1,0
usually_distasteful,1,1,0
too_overcome,1,1,0
simply_flattering,1,1,0
somehow_legal,1,1,0
seismically_qualified,1,1,0
self-consciously_stupid,1,1,0
seismically_ideal,1,1,0
so_specialized,1,1,0
somehow_powerless,1,1,0
simply_futile,1,1,0
too_omnipresent,1,1,0
usually_filthy,1,1,0
somehow_possible,1,1,0
usually_favorable,1,1,0
so_specious,1,1,0
usually_fashionable,1,1,0
usually_fantastic,1,1,0
usually_fancy,1,1,0
somehow_political,1,1,0
seemingly_unaware,1,1,0
usually_faithful,1,1,0
seemingly_unfair,1,1,0
somehow_personal,1,1,0
somehow_overblown,1,1,0
simply_gay,1,1,0
somehow_present,1,1,0
seemingly_trivial,1,1,0
somehow_purposeful,1,1,0
too_okay,1,1,0
somehow_reasonable,1,1,0
seemingly_serious,1,0,1
somehow_real,1,1,0
usually_flat,1,1,0
somehow_radical,1,1,0
somehow_quaint,1,1,0
seemingly_severe,1,1,0
simply_geeky,1,1,0
somehow_proprietary,1,1,0
seemingly_small,1,1,0
somehow_progressive,1,1,0
usually_finite,1,1,0
seemingly_special,1,0,1
usually_finicky,1,1,0
simply_generic,1,1,0
simply_fundamental,1,1,0
uniquely_threatening,1,1,0
seemingly_unfazed,1,0,1
simply_friendly,1,1,0
seemingly_useful,1,1,0
too_open-minded,1,1,0
seemingly_visible,1,0,1
seemingly_white,1,1,0
seemingly_willing,1,1,0
too_operatic,1,1,0
usually_equipped,1,1,0
somehow_magical,1,1,0
uniquely_troublesome,1,1,0
too_opportunistic,1,1,0
seemingly_zero,1,1,0
usually_enjoyable,1,1,0
usually_english,1,1,0
simply_fresh,1,1,0
seismically_capable,1,1,0
somehow_lighter,1,1,0
seemingly_unusual,1,0,1
somehow_monolithic,1,1,0
seemingly_unhappy,1,1,0
simply_frustrated,1,1,0
somehow_noble,1,1,0
somehow_new,1,1,0
seemingly_unnatural,1,1,0
usually_experimental,1,1,0
somehow_necessary,1,1,0
usually_exotic,1,1,0
somehow_natural,1,1,0
somehow_motivated,1,1,0
seemingly_untouchable,1,0,1
usually_excitable,1,1,0
usually_excessive,1,1,0
somehow_more,1,1,0
uniquely_toxic,1,1,0
seemingly_unnoticed,1,1,0
too_wrought,1,1,0
usually_exact,1,1,0
somehow_impossible,1,1,0
too_painstaking,1,1,0
solely_introverted,1,1,0
somehow_exciting,1,1,0
seriously_adorable,1,1,0
somehow_devoid,1,1,0
usually_consecutive,1,1,0
seriously_affected,1,1,0
somehow_detrimental,1,1,0
too_phony,1,1,0
somehow_derelict,1,1,0
somehow_dependent,1,1,0
usually_connected,1,1,0
usually_confused,1,1,0
somehow_delirious,1,1,0
usually_conceivable,1,1,0
too_viral,1,0,1
somehow_deliberate,1,1,0
usually_complimentary,1,1,0
too_placid,1,1,0
simply_extraordinary,1,1,0
simply_eye-catching,1,1,0
too_virtual,1,1,0
somehow_dirty,1,1,0
simply_fake,1,1,0
somehow_essential,1,1,0
seriously_abused,1,1,0
somehow_epic,1,1,0
usually_continuous,1,1,0
simply_fallible,1,1,0
usually_contextual,1,1,0
somehow_envious,1,1,0
somehow_doomed,1,1,0
seriously_addicted,1,1,0
somehow_disturbing,1,1,0
somehow_distant,1,1,0
simply_factual,1,1,0
seriously_active,1,1,0
somehow_disproportionate,1,1,0
usually_contentious,1,1,0
usually_contented,1,1,0
seriously_aggressive,1,1,0
seriously_agitated,1,1,0
usually_complicated,1,1,0
too_polluted,1,1,0
seriously_antisocial,1,1,0
seriously_apparent,1,1,0
too_victorious,1,1,0
seriously_applicable,1,1,0
somehow_contradictory,1,1,0
uniquely_warped,1,1,0
usually_cognizant,1,1,0
somehow_complicit,1,1,0
seriously_annoyed,1,1,0
seriously_awful,1,1,0
usually_clueless,1,1,0
seriously_beautiful,1,1,0
somehow_cold,1,1,0
usually_clever,1,1,0
somehow_closer,1,1,0
simply_expensive,1,1,0
usually_coincidental,1,1,0
usually_cold,1,1,0
usually_complex,1,1,0
simply_explicit,1,1,0
too_playable,1,1,0
somehow_defective,1,1,0
uniquely_warm,1,1,0
somehow_darker,1,1,0
seriously_alarming,1,1,0
too_pliable,1,1,0
simply_expressive,1,1,0
somehow_culpable,1,1,0
usually_combative,1,1,0
somehow_cruel,1,1,0
seriously_amazing,1,1,0
somehow_critical,1,1,0
somehow_crazy,1,1,0
usually_commendable,1,1,0
usually_comic,1,1,0
somehow_cool,1,1,0
so_streaky,1,1,0
usually_convinced,1,1,0
too_wavy,1,1,0
so_strained,1,1,0
usually_delusional,1,1,0
self_critical,1,1,0
simply_fastidious,1,1,0
somehow_hard,1,1,0
usually_deliberate,1,1,0
usually_definitive,1,1,0
usually_defiant,1,1,0
simply_fast,1,1,0
too_payable,1,1,0
somehow_gullible,1,1,0
somehow_guilty,1,1,0
self_interested,1,1,0
uniquely_upsetting,1,1,0
usually_dead,1,1,0
usually_darker,1,1,0
too_voluptuous,1,1,0
somehow_funnier,1,1,0
usually_dependable,1,1,0
somehow_hypocritical,1,1,0
simply_fatigued,1,1,0
too_paradoxical,1,0,1
self-consciously_weighty,1,1,0
usually_devastating,1,1,0
simply_fickle,1,1,0
simply_fewer,1,1,0
simply_festive,1,1,0
somehow_important,1,1,0
simply_female,1,1,0
self_assertive,1,1,0
somehow_identical,1,1,0
simply_feasible,1,1,0
somehow_imperfect,1,1,0
uniquely_unqualified,1,1,0
too_parallel,1,1,0
too_waterproof,1,1,0
usually_depressing,1,1,0
usually_depressed,1,1,0
usually_daily,1,1,0
usually_cynical,1,1,0
self_obsessed,1,1,0
semi_automatic,1,1,0
simply_fancy,1,1,0
usually_credible,1,1,0
self_supportive,1,1,0
usually_creative,1,1,0
too_perplexing,1,1,0
too_virulent,1,1,0
semi_attentive,1,1,0
usually_corrupt,1,1,0
self_satisfied,1,1,0
semi_intermittent,1,1,0
somehow_fake,1,1,0
usually_cooperative,1,1,0
somehow_explicit,1,1,0
somehow_exotic,1,1,0
uniquely_useful,1,0,1
semi_vegan,1,1,0
somehow_faulty,1,1,0
too_pernicious,1,1,0
usually_customary,1,1,0
somehow_finite,1,1,0
usually_current,1,1,0
usually_curable,1,1,0
simply_fascinating,1,1,0
somehow_free,1,1,0
usually_cuddly,1,1,0
self_reflective,1,1,0
simply_farcical,1,1,0
usually_cruel,1,1,0
usually_criminal,1,1,0
simply_far-flung,1,1,0
too_vitriolic,1,1,0
so_storied,1,1,0
somehow_feasible,1,1,0
usually_crisp,1,1,0
simply_fantastical,1,1,0
uniquely_urban,1,0,1
simply_glorious,1,1,0
seemingly_sectarian,1,1,0
totally_abhorrent,1,1,0
too_motivational,1,1,0
sometimes_awkward,1,1,0
sometimes_aware,1,1,0
too_mystifying,1,0,1
simply_hispanic,1,1,0
sometimes_arrogant,1,1,0
seemingly_bitchy,1,1,0
seemingly_blind,1,1,0
seemingly_capable,1,1,0
seemingly_chronic,1,0,1
seemingly_close,1,1,0
sometimes_appropriate,1,1,0
sometimes_anxious,1,1,0
totally_akin,1,1,0
seemingly_comfortable,1,1,0
sometime_willing,1,1,0
simply_high,1,1,0
too_native,1,1,0
seemingly_beautiful,1,1,0
usually_justifiable,1,1,0
seemingly_banal,1,0,1
sometimes_big,1,1,0
seemingly_applicable,1,1,0
sometimes_brutal,1,1,0
usually_lengthy,1,1,0
seemingly_asleep,1,1,0
sometimes_bland,1,1,0
sometimes_bitter,1,1,0
simply_horizontal,1,1,0
seemingly_available,1,1,0
uniquely_skilled,1,1,0
uniquely_sinful,1,1,0
seemingly_aware,1,1,0
seemingly_bad,1,1,0
simply_homegrown,1,1,0
totally_alive,1,1,0
usually_knowledgable,1,1,0
too_mute,1,1,0
seemingly_common,1,1,0
seemingly_confident,1,1,0
seemingly_conflicted,1,1,0
seemingly_fair,1,1,0
usually_innocent,1,1,0
someplace_public,1,1,0
someplace_local,1,1,0
totally_agreeable,1,1,0
seemingly_endless,1,1,0
seemingly_enthusiastic,1,1,0
someplace_interesting,1,1,0
seemingly_flawed,1,1,0
usually_innovative,1,1,0
seemingly_fond,1,1,0
seemingly_fresh,1,1,0
seemingly_great,1,1,0
usually_indistinguishable,1,1,0
seemingly_happy,1,0,1
uniquely_solvable,1,1,0
seemingly_hostile,1,0,1
seemingly_effortless,1,1,0
someplace_short,1,1,0
seemingly_contradictory,1,0,1
seemingly_depressed,1,1,0
seemingly_crazy,1,1,0
seemingly_cruel,1,1,0
usually_intermittent,1,1,0
sometime_open,1,1,0
seemingly_custom,1,1,0
sometime_frightening,1,1,0
so_slimmer,1,1,0
seemingly_dire,1,1,0
someplace_stuffy,1,1,0
usually_intensive,1,1,0
simply_hideous,1,1,0
sometime_available,1,1,0
seemingly_easy,1,1,0
usually_intense,1,1,0
usually_intellectual,1,1,0
simply_heterosexual,1,1,0
uniquely_significant,1,1,0
seemingly_angry,1,1,0
somehow_reliant,1,1,0
too_motivating,1,1,0
sometimes_fantastic,1,1,0
sometimes_entertaining,1,1,0
sometimes_enough,1,1,0
uniquely_rotten,1,0,1
usually_mature,1,1,0
secretly_pregnant,1,1,0
usually_many,1,1,0
simply_hostile,1,1,0
totally_aloof,1,1,0
usually_man-made,1,1,0
secretly_proof,1,1,0
secretly_proud,1,1,0
too_monolithic,1,0,1
usually_malicious,1,1,0
secretly_racist,1,1,0
secretly_related,1,1,0
uniquely_scary,1,1,0
uniquely_roman,1,1,0
too_moisturized,1,1,0
secretly_nasty,1,1,0
totally_amazed,1,0,1
sometimes_good,1,1,0
too_mistaken,1,1,0
secretly_malevolent,1,1,0
secretly_miserable,1,1,0
usually_modest,1,1,0
usually_mobile,1,1,0
sometimes_fun,1,1,0
sometimes_frustrating,1,1,0
sometimes_frightened,1,1,0
usually_misleading,1,1,0
uniquely_rich,1,1,0
usually_mindful,1,1,0
usually_mild,1,1,0
usually_mighty,1,1,0
sometimes_frightening,1,1,0
simply_humane,1,1,0
sometimes_easy,1,1,0
secretly_religious,1,1,0
secretly_scared,1,1,0
usually_linear,1,1,0
secretly_worried,1,1,0
sometimes_cost-effective,1,1,0
sometimes_controversial,1,1,0
secretly_xenophobic,1,1,0
sometimes_confusing,1,1,0
seductively_soft,1,1,0
sometimes_confused,1,1,0
sometimes_clear,1,1,0
secretly_venomous,1,1,0
sometimes_cheeky,1,1,0
sometimes_cheaper,1,1,0
sometimes_challenging,1,1,0
usually_like,1,1,0
usually_likable,1,1,0
sometimes_busy,1,1,0
seemingly_accountable,1,1,0
sometimes_covert,1,1,0
usually_lovely,1,1,0
secretly_sexy,1,1,0
usually_major,1,1,0
sometimes_distracting,1,1,0
secretly_suspicious,1,1,0
too_more,1,1,0
uniquely_sentient,1,1,0
too_moribund,1,1,0
too_moronic,1,1,0
secretly_trans,1,1,0
usually_magnetic,1,1,0
simply_horrifying,1,1,0
usually_lukewarm,1,1,0
sometimes_depressing,1,1,0
uniquely_sex,1,1,0
usually_loyal,1,1,0
secretly_unhappy,1,1,0
sometimes_deceptive,1,1,0
secretly_upset,1,1,0
too_needed,1,1,0
someplace_flashy,1,1,0
someplace_deep,1,1,0
usually_indecisive,1,1,0
simply_gross,1,1,0
seemingly_obsessive,1,1,0
totally_accountable,1,1,0
usually_gratuitous,1,1,0
seemingly_open,1,0,1
usually_gorgeous,1,1,0
usually_glad,1,1,0
seemingly_ordinary,1,1,0
somehow_serious,1,1,0
somehow_self-destructive,1,1,0
somehow_safer,1,1,0
seemingly_outrageous,1,1,0
usually_genuine,1,1,0
too_obedient,1,1,0
totally_accommodating,1,1,0
seemingly_overwhelming,1,1,0
usually_gay,1,1,0
simply_grotesque,1,1,0
somehow_shameful,1,1,0
somehow_sick,1,1,0
seemingly_mundane,1,1,0
totally_addicting,1,1,0
usually_happier,1,1,0
totally_active,1,1,0
somehow_substandard,1,1,0
seemingly_manipulative,1,0,1
seemingly_miraculous,1,1,0
too_novice,1,1,0
too_noxious,1,1,0
somehow_significant,1,1,0
somehow_subject,1,1,0
usually_grumpy,1,1,0
simply_gullible,1,1,0
usually_green,1,1,0
seemingly_nuanced,1,1,0
seemingly_obsessed,1,1,0
uniquely_subjective,1,1,0
usually_futile,1,1,0
usually_fussy,1,1,0
usually_frustrated,1,1,0
somehow_resistant,1,1,0
seemingly_reliable,1,1,0
usually_formulaic,1,1,0
seemingly_reliant,1,1,0
seemingly_routine,1,1,0
simply_goofy,1,1,0
usually_forgetful,1,1,0
usually_foreseeable,1,1,0
seemingly_safe,1,1,0
so_soulful,1,1,0
simply_gonna,1,1,0
somehow_resentful,1,1,0
seemingly_satisfied,1,1,0
usually_fluent,1,1,0
too_odious,1,1,0
too_off-kilter,1,1,0
usually_flirty,1,1,0
usually_fragrant,1,1,0
usually_frank,1,1,0
seemingly_perfect,1,1,0
seemingly_psychological,1,1,0
seemingly_plausible,1,1,0
seemingly_pleased,1,1,0
seemingly_possible,1,1,0
seemingly_preposterous,1,1,0
so_soluble,1,1,0
too_oblique,1,1,0
somehow_sacrosanct,1,1,0
totally_accepting,1,1,0
simply_grandiose,1,1,0
usually_front,1,1,0
simply_greater,1,1,0
usually_frightening,1,1,0
totally_academic,1,1,0
seemingly_rapid,1,1,0
totally_abusive,1,1,0
somehow_rude,1,1,0
usually_harder,1,1,0
usually_hardy,1,1,0
totally_administrative,1,1,0
totally_affectionate,1,1,0
so_smarter,1,1,0
too_next,1,1,0
uniquely_sore,1,1,0
usually_identifiable,1,1,0
somehow_unsuccessful,1,1,0
usually_hyperactive,1,1,0
totally_affective,1,1,0
seemingly_incapable,1,1,0
simply_healthful,1,1,0
totally_aesthetic,1,1,0
seemingly_indulgent,1,1,0
seemingly_inexplicable,1,1,0
usually_humble,1,1,0
uniquely_sovereign,1,0,1
usually_humanistic,1,1,0
seemingly_infinite,1,1,0
somehow_vital,1,1,0
usually_ignorant,1,1,0
simply_harsh,1,1,0
usually_impressive,1,1,0
seemingly_hungry,1,1,0
simply_hereditary,1,1,0
seemingly_impenetrable,1,1,0
someplace_cooler,1,1,0
simply_helpless,1,1,0
usually_inclusive,1,1,0
usually_impulsive,1,1,0
totally_aghast,1,1,0
seemingly_impressed,1,1,0
somehow_willing,1,1,0
somehow_weaker,1,1,0
usually_immune,1,1,0
seemingly_important,1,1,0
somehow_weak,1,1,0
somehow_vulgar,1,1,0
simply_heavy,1,1,0
somehow_unknown,1,1,0
seemingly_insane,1,1,0
somehow_sweet,1,1,0
seemingly_legitimate,1,1,0
usually_hilarious,1,1,0
too_northern,1,1,0
usually_hesitant,1,1,0
usually_heroic,1,1,0
usually_hereditary,1,1,0
uniquely_stubborn,1,1,0
seemingly_irresistible,1,1,0
totally_adult,1,1,0
seemingly_intolerable,1,1,0
usually_heavier,1,1,0
usually_heated,1,1,0
totally_adrift,1,1,0
somehow_unaffected,1,0,1
somehow_torturous,1,1,0
usually_healthier,1,1,0
somehow_sympathetic,1,1,0
too_nonsensical,1,1,0
too_non-violent,1,1,0
simply_harmless,1,1,0
somehow_unified,1,1,0
usually_hospitable,1,1,0
seemingly_insistent,1,1,0
somehow_unique,1,1,0
seemingly_insulting,1,0,1
usually_horrible,1,1,0
somehow_uninteresting,1,1,0
usually_hopeless,1,1,0
usually_honorable,1,1,0
uniquely_stressful,1,0,1
too_nihilistic,1,0,1
seemingly_intentional,1,1,0
somehow_unforgivable,1,1,0
simply_harmful,1,1,0
simply_harder,1,1,0
so_smoother,1,1,0
somehow_unaware,1,1,0
usually_christian,1,1,0
seriously_beguiling,1,1,0
too_venerable,1,1,0
solely_representative,1,1,0
seriously_sticky,1,1,0
unusually_fat,1,1,0
so_temperate,1,1,0
solely_relaxed,1,1,0
unusually_extravagant,1,1,0
unusually_energetic,1,1,0
universally_beautiful,1,1,0
unusually_empty,1,1,0
seriously_stuck,1,1,0
seriously_stupid,1,0,1
seriously_successful,1,1,0
unusually_emotional,1,1,0
solely_regular,1,1,0
solely_reflective,1,1,0
seriously_sufficient,1,1,0
solely_real,1,1,0
too_unreal,1,1,0
unusually_flexible,1,1,0
unusually_flimsy,1,1,0
simply_dignified,1,1,0
unusually_hard,1,1,0
too_reclusive,1,1,0
simply_disagreeable,1,1,0
seriously_sharp,1,1,0
too_recommendable,1,1,0
unusually_hectic,1,1,0
so_technological,1,1,0
so_temperamental,1,1,0
unusually_great,1,1,0
simply_direct,1,1,0
unusually_grand,1,1,0
unusually_giddy,1,1,0
seriously_significant,1,1,0
unusually_gentle,1,1,0
universally_bankrupt,1,1,0
seriously_similar,1,1,0
seriously_spacious,1,1,0
unusually_efficient,1,1,0
unusually_effective,1,1,0
seriously_suicidal,1,1,0
unusually_costly,1,1,0
solely_precise,1,1,0
seriously_true,1,1,0
unusually_crazy,1,1,0
too_unprofessional,1,1,0
too_unprepared,1,1,0
solely_pornographic,1,1,0
too_unprecedented,1,1,0
seriously_uncool,1,1,0
solely_private,1,1,0
unusually_cool,1,1,0
unusually_conspicuous,1,1,0
too_unpopular,1,1,0
unusually_conservative,1,1,0
solely_pleased,1,1,0
unusually_concerned,1,1,0
so_tepid,1,0,1
solely_prevalent,1,1,0
unusually_critical,1,1,0
seriously_surprised,1,1,0
seriously_sweet,1,0,1
too_regal,1,1,0
unusually_easy,1,1,0
unusually_early,1,1,0
simply_didactic,1,1,0
unusually_dry,1,1,0
unusually_distinctive,1,1,0
simply_dictatorial,1,1,0
solely_racial,1,1,0
solely_promotional,1,1,0
solely_public,1,1,0
unusually_deep,1,1,0
seriously_tired,1,1,0
unusually_deadly,1,1,0
simply_diabolical,1,1,0
solely_psychological,1,1,0
solely_proud,1,1,0
so_taxing,1,1,0
solely_repressive,1,1,0
unusually_political,1,1,0
unusually_higher,1,1,0
unusually_noisy,1,1,0
universally_awesome,1,1,0
seriously_out,1,1,0
too_unsatisfactory,1,1,0
simply_divisive,1,1,0
seriously_outdated,1,1,0
unusually_narrow,1,1,0
simply_disturbing,1,1,0
solely_sensitive,1,1,0
seriously_overcrowded,1,1,0
unusually_murderous,1,1,0
seriously_overpaid,1,1,0
unusually_mobile,1,0,1
solely_sensible,1,1,0
solely_selfish,1,1,0
unusually_mean,1,1,0
simply_distinctive,1,1,0
so_tactile,1,0,1
solely_sour,1,1,0
unusually_numerous,1,1,0
simply_downtrodden,1,1,0
too_unskilled,1,1,0
seriously_obsessed,1,1,0
unusually_pleasant,1,1,0
unusually_pigmented,1,1,0
simply_dramatic,1,1,0
seriously_okay,1,1,0
unusually_persistent,1,1,0
simply_dovish,1,1,0
unusually_offensive,1,0,1
solely_speculative,1,1,0
simply_dominant,1,1,0
unusually_pale,1,1,0
unusually_outspoken,1,1,0
too_unselfish,1,1,0
unusually_optimistic,1,1,0
seriously_oriented,1,1,0
simply_distinct,1,1,0
unusually_loose,1,1,0
too_unrelated,1,1,0
simply_discriminatory,1,1,0
unusually_innovative,1,1,0
unusually_incapable,1,1,0
simply_disheartening,1,1,0
unusually_inactive,1,1,0
unusually_impressive,1,1,0
unusually_important,1,1,0
unusually_huge,1,1,0
solely_rhetorical,1,1,0
unusually_inspiring,1,1,0
simply_discouraging,1,1,0
solely_respectable,1,1,0
solely_residential,1,1,0
unusually_horrifying,1,1,0
unusually_homophobic,1,1,0
simply_disastrous,1,1,0
universally_awkward,1,1,0
solely_robust,1,1,0
simply_disingenuous,1,1,0
unusually_lengthy,1,0,1
unusually_jarring,1,0,1
seriously_painful,1,1,0
seriously_possible,1,1,0
seriously_powerful,1,1,0
unusually_larger,1,1,0
solely_scrumptious,1,1,0
seriously_problematic,1,1,0
unusually_jaw-dropping,1,0,1
seriously_productive,1,0,1
solely_romantic,1,1,0
unusually_intricate,1,1,0
seriously_promiscuous,1,1,0
solely_scientific,1,1,0
seriously_ready,1,1,0
solely_satisfying,1,1,0
solely_safer,1,1,0
unusually_interested,1,1,0
simply_deterministic,1,1,0
simply_determined,1,1,0
solely_pessimistic,1,1,0
seriously_undervalued,1,1,0
unrelentingly_rosy,1,1,0
solely_mandatory,1,1,0
too_repugnant,1,1,0
unrelentingly_monochromatic,1,1,0
unrelentingly_melancholy,1,1,0
unrelentingly_manipulative,1,0,1
severely_detrimental,1,1,0
unrelentingly_liberal,1,1,0
severely_difficult,1,1,0
so_thinner,1,1,0
solely_loyal,1,1,0
universally_cold,1,1,0
unrelentingly_inhospitable,1,1,0
solely_low,1,1,0
severely_disruptive,1,1,0
solely_logical,1,1,0
simply_defiant,1,1,0
severely_delusional,1,1,0
solely_marvelous,1,1,0
solely_materialistic,1,1,0
unrelentingly_ugly,1,1,0
severely_creepy,1,1,0
unspeakably_cold,1,1,0
simply_depressed,1,1,0
unspeakably_bad,1,1,0
unspeakably_awful,1,1,0
unspeakably_arrogant,1,1,0
unseasonably_warm,1,1,0
simply_dependable,1,0,1
simply_demeaning,1,1,0
unrelentingly_tragic,1,1,0
simply_democratic,1,1,0
solely_mathematical,1,1,0
severely_dangerous,1,1,0
severely_debilitating,1,1,0
severely_dehydrated,1,1,0
unrelentingly_smooth,1,1,0
solely_lightweight,1,1,0
solely_liable,1,1,0
severely_disturbing,1,1,0
solely_israeli,1,1,0
solely_jewish,1,1,0
severely_hot,1,1,0
solely_italian,1,1,0
universally_compelling,1,1,0
unrelentingly_awful,1,1,0
too_residential,1,1,0
unreasonably_worried,1,1,0
solely_irrelevant,1,1,0
severely_harmful,1,1,0
too_resolute,1,1,0
universally_compliant,1,1,0
severely_important,1,1,0
simply_damned,1,1,0
simply_damaging,1,1,0
unreasonably_utopian,1,0,1
unreasonably_unsafe,1,1,0
simply_daunting,1,1,0
severely_hard,1,1,0
too_reputable,1,1,0
solely_knowledgeable,1,1,0
unrelentingly_heroic,1,1,0
solely_lengthy,1,1,0
simply_defenseless,1,1,0
unrelentingly_gloomy,1,1,0
unrelentingly_ghastly,1,1,0
unrelentingly_funny,1,1,0
unrelentingly_evil,1,1,0
severely_extensive,1,1,0
solely_joyful,1,1,0
severely_flat,1,1,0
simply_deep,1,1,0
solely_judgemental,1,1,0
severely_fragile,1,1,0
universally_comforting,1,1,0
unrelentingly_dreary,1,1,0
simply_deadly,1,1,0
unspeakably_congested,1,1,0
severely_complex,1,1,0
solely_monetary,1,1,0
unusually_accurate,1,1,0
unusually_artistic,1,1,0
unusually_ample,1,1,0
solely_orthodox,1,1,0
seriously_urgent,1,1,0
solely_ornamental,1,1,0
seriously_weak,1,1,0
solely_operational,1,1,0
seriously_wealthy,1,1,0
solely_overwhelming,1,1,0
solely_online,1,1,0
solely_old,1,1,0
solely_okay,1,1,0
universally_brilliant,1,1,0
solely_offensive,1,1,0
unusually_abundant,1,1,0
unusually_absurd,1,1,0
simply_despicable,1,1,0
unusually_attractive,1,1,0
unsurprisingly_unsuccessful,1,1,0
solely_peculiar,1,1,0
unusually_common,1,1,0
unusually_challenging,1,1,0
solely_personal,1,1,0
seriously_underweight,1,1,0
solely_perfect,1,1,0
seriously_uneasy,1,1,0
seriously_unflattering,1,1,0
solely_palestinian,1,1,0
universally_bleak,1,1,0
solely_own,1,1,0
seriously_unhealthy,1,1,0
so_terminal,1,1,0
unusually_bulky,1,1,0
unusually_broad,1,1,0
unusually_big,1,0,1
unusually_beautiful,1,1,0
unusually_able,1,1,0
unsurprisingly_high,1,1,0
unspeakably_cruel,1,1,0
unspeakably_dirty,1,1,0
solely_mystical,1,1,0
unspeakably_obscene,1,1,0
severely_anemic,1,1,0
simply_desperate,1,1,0
simply_desirous,1,1,0
unspeakably_dumb,1,1,0
universally_cheaper,1,1,0
too_republican,1,1,0
severely_american,1,0,1
solely_more,1,1,0
severely_burdensome,1,1,0
unspeakably_cute,1,1,0
solely_monstrous,1,1,0
severely_claustrophobic,1,1,0
universally_civil,1,1,0
severely_cold,1,1,0
solely_national,1,1,0
too_unpaid,1,1,0
unsurprisingly_exhausting,1,1,0
solely_nostalgic,1,1,0
solely_obtainable,1,1,0
seriously_willing,1,1,0
unsurprisingly_correct,1,1,0
solely_nutritional,1,1,0
universally_cheap,1,1,0
unspeakably_vile,1,1,0
unspeakably_terrible,1,1,0
severely_abnormal,1,1,0
solely_necessary,1,1,0
solely_nice,1,1,0
unspeakably_sad,1,1,0
solely_new,1,1,0
unspeakably_rude,1,1,0
unspeakably_precious,1,1,0
solely_nervous,1,1,0
solely_negative,1,1,0
solely_splendid,1,1,0
so_synonymous,1,1,0
simply_expedient,1,1,0
too_prejudicial,1,1,0
seriously_disappointed,1,1,0
seriously_disconcerting,1,1,0
usually_aloof,1,1,0
usually_allowable,1,1,0
usually_alive,1,1,0
solidly_partisan,1,1,0
solidly_liberal,1,1,0
seriously_distinctive,1,0,1
seriously_distressing,1,1,0
seriously_doable,1,1,0
usually_affluent,1,1,0
usually_affectionate,1,1,0
solidly_good,1,1,0
seriously_dull,1,1,0
seriously_easy,1,1,0
solidly_evangelical,1,1,0
usually_addictive,1,1,0
solidly_positive,1,1,0
solidly_pro-choice,1,1,0
usually_ambiguous,1,1,0
usually_appealing,1,1,0
usually_apprehensive,1,1,0
simply_eternal,1,1,0
seriously_depraved,1,1,0
usually_appreciative,1,1,0
too_premium,1,1,0
universally_abundant,1,1,0
usually_appetizing,1,1,0
universally_abysmal,1,1,0
simply_erroneous,1,1,0
too_prescient,1,1,0
usually_anxious,1,1,0
usually_annoying,1,1,0
too_prestigious,1,1,0
seriously_different,1,1,0
seriously_dirty,1,1,0
usually_amusing,1,1,0
usually_addicting,1,1,0
usually_acute,1,1,0
seriously_engrossing,1,0,1
urgently_severe,1,1,0
usually_abstract,1,1,0
urgently_wrong,1,0,1
too_pro-active,1,1,0
seriously_foolish,1,1,0
urgently_thrilling,1,1,0
urgently_sick,1,1,0
solidly_depressing,1,1,0
urgently_recognizable,1,1,0
usually_absurd,1,1,0
urgently_real,1,0,1
seriously_glamorous,1,1,0
seriously_gonna,1,1,0
simply_english,1,1,0
simply_enforceable,1,1,0
seriously_gorgeous,1,1,0
seriously_grumpy,1,1,0
seriously_feeble,1,1,0
seriously_fatal,1,1,0
so_sufficient,1,1,0
usually_acclaimed,1,1,0
solidly_entertaining,1,1,0
universally_achievable,1,1,0
usually_actionable,1,1,0
usually_achievable,1,1,0
too_upper,1,1,0
too_upmarket,1,1,0
too_pro,1,1,0
solidly_enough,1,1,0
seriously_fast,1,1,0
universally_adept,1,1,0
seriously_enthusiastic,1,1,0
seriously_epic,1,1,0
seriously_excited,1,1,0
seriously_expensive,1,0,1
seriously_extreme,1,1,0
seriously_fantastic,1,1,0
universally_absent,1,1,0
solidly_substantial,1,1,0
unusually_problematic,1,1,0
too_prejudiced,1,1,0
too_vegan,1,1,0
usually_careless,1,1,0
usually_careful,1,0,1
seriously_comparable,1,1,0
usually_candid,1,1,0
somehow_beneficial,1,1,0
usually_calm,1,1,0
usually_bustling,1,1,0
usually_bulky,1,1,0
usually_budget-friendly,1,1,0
too_varied,1,1,0
somehow_bad,1,1,0
simply_excessive,1,1,0
simply_exceptional,1,1,0
too_powerless,1,1,0
usually_broadcast,1,1,0
somehow_autonomous,1,1,0
usually_celebrated,1,1,0
usually_central,1,1,0
seriously_close,1,1,0
simply_exhausting,1,1,0
somehow_close,1,1,0
usually_cheesy,1,1,0
seriously_bent,1,1,0
seriously_bereft,1,1,0
usually_chatty,1,1,0
seriously_better,1,1,0
seriously_bitter,1,1,0
simply_excruciating,1,1,0
usually_certain,1,1,0
somehow_challenging,1,1,0
too_vehement,1,1,0
uniquely_wealthy,1,1,0
seriously_busy,1,1,0
too_vegetarian,1,1,0
seriously_clear,1,1,0
somehow_captive,1,1,0
somehow_authentic,1,1,0
usually_brief,1,1,0
seriously_creative,1,1,0
simply_ethnic,1,1,0
somehow_acceptable,1,1,0
usually_binding,1,1,0
seriously_degrading,1,0,1
usually_bigger,1,1,0
too_precarious,1,1,0
so_subconscious,1,1,0
simply_european,1,1,0
solidly_verifiable,1,1,0
somehow_affordable,1,1,0
usually_averse,1,1,0
usually_authoritative,1,1,0
usually_audible,1,1,0
usually_attributable,1,1,0
so_subservient,1,1,0
usually_artistic,1,1,0
usually_arrogant,1,1,0
somehow_accessible,1,1,0
somehow_alien,1,1,0
somehow_askew,1,1,0
somehow_antithetical,1,1,0
seriously_critical,1,1,0
usually_bold,1,1,0
usually_blurry,1,1,0
too_practicable,1,1,0
too_pragmatic,1,1,0
somehow_appropriate,1,1,0
seriously_culpable,1,1,0
too_praiseworthy,1,0,1
uniquely_wicked,1,0,1
usually_bloody,1,1,0
usually_blatant,1,1,0
somehow_amusing,1,1,0
usually_blase,1,1,0
seriously_dark,1,1,0
seriously_debilitating,1,1,0
seriously_decorative,1,1,0
urgently_proactive,1,1,0
urgently_needed,1,1,0
solidly_confident,1,1,0
seriously_hard,1,1,0
unusually_stale,1,1,0
solely_tiresome,1,1,0
unusually_squeamish,1,1,0
unusually_sophisticated,1,1,0
seriously_jealous,1,1,0
seriously_knowledgeable,1,1,0
unusually_smart,1,1,0
seriously_legit,1,1,0
seriously_lovely,1,1,0
unusually_slutty,1,1,0
too_quantitative,1,1,0
solely_therapeutic,1,1,0
unusually_sinister,1,0,1
universally_attainable,1,1,0
seriously_low,1,1,0
seriously_luxurious,1,1,0
too_unsuitable,1,0,1
seriously_introspective,1,1,0
seriously_intimidating,1,1,0
simply_dumb,1,1,0
unusually_stringent,1,1,0
too_punctual,1,1,0
universally_amusing,1,1,0
seriously_infuriating,1,1,0
unusually_talented,1,1,0
unusually_sumptuous,1,1,0
solely_troublesome,1,1,0
unusually_stupid,1,1,0
too_unsympathetic,1,1,0
simply_durable,1,1,0
universally_appreciative,1,1,0
seriously_insecure,1,1,0
seriously_intent,1,1,0
solely_tremendous,1,1,0
solely_transactional,1,1,0
simply_early,1,1,0
solely_toasty,1,1,0
seriously_mad,1,1,0
seriously_main,1,0,1
seriously_manipulative,1,1,0
simply_dreamy,1,1,0
solely_stuck,1,1,0
solely_stronger,1,1,0
solely_strong,1,1,0
seriously_nervous,1,1,0
unusually_prolific,1,1,0
universally_attractive,1,1,0
seriously_neurotic,1,0,1
solely_square,1,1,0
too_racial,1,1,0
solely_spurious,1,1,0
solely_spontaneous,1,1,0
unusually_profound,1,1,0
unusually_proficient,1,1,0
seriously_newsworthy,1,0,1
seriously_nutty,1,1,0
unusually_productive,1,1,0
solely_successful,1,1,0
seriously_motivated,1,1,0
too_unsuccessful,1,1,0
unusually_sensitive,1,1,0
seriously_methodical,1,1,0
too_unstructured,1,1,0
seriously_miffed,1,1,0
solely_tasty,1,1,0
solely_synonymous,1,1,0
solely_sympathetic,1,1,0
seriously_minded,1,1,0
too_rabid,1,1,0
unusually_resistant,1,1,0
solely_symbolic,1,1,0
solely_supreme,1,1,0
unusually_rough,1,1,0
unusually_risky,1,1,0
unusually_rich,1,1,0
unusually_reticent,1,1,0
unusually_restless,1,1,0
unusually_talkative,1,1,0
too_untenable,1,1,0
unusually_thorough,1,1,0
solely_worried,1,1,0
up_north,1,1,0
solidly_bad,1,1,0
up_next,1,1,0
solely_worthy,1,1,0
solely_worth,1,1,0
solely_worrisome,1,1,0
up_long,1,1,0
seriously_imaginable,1,1,0
solidly_biblical,1,1,0
solely_volatile,1,1,0
solely_vital,1,1,0
solely_visual,1,1,0
seriously_imbalanced,1,1,0
simply_elaborate,1,1,0
up_creative,1,1,0
seriously_impaired,1,1,0
up_standard,1,1,0
upwardly_scalable,1,1,0
up_big,1,1,0
seriously_high,1,1,0
solidly_conclusive,1,1,0
solidly_committed,1,1,0
too_pro-life,1,1,0
too_probable,1,1,0
seriously_healthy,1,1,0
universally_adorable,1,1,0
seriously_heroic,1,1,0
urgently_important,1,1,0
urgently_alive,1,1,0
solidly_clear,1,1,0
solidly_brilliant,1,0,1
seriously_hungover,1,1,0
simply_empathetic,1,1,0
too_unworkable,1,0,1
urgently_due,1,1,0
simply_elite,1,1,0
universally_alluring,1,1,0
up_asleep,1,1,0
universally_amenable,1,1,0
seriously_ineffective,1,1,0
unusually_toxic,1,1,0
seriously_indebted,1,1,0
solely_unable,1,1,0
seriously_industrial,1,1,0
too_untouchable,1,1,0
unusually_touristy,1,1,0
unusually_tough,1,1,0
too_unthinkable,1,1,0
simply_ecstatic,1,1,0
solely_turkish,1,1,0
too_provincial,1,1,0
universally_alone,1,1,0
simply_eco-friendly,1,1,0
seriously_informal,1,1,0
unusually_thoughtful,1,1,0
too_psychological,1,0,1
seriously_incomplete,1,1,0
unusually_unbalanced,1,1,0
up_able,1,1,0
unusually_vitriolic,1,1,0
seriously_impatient,1,1,0
solely_valuable,1,1,0
unusually_wrong,1,0,1
solely_unusual,1,1,0
seriously_inadequate,1,1,0
too_pronounced,1,1,0
unusually_volatile,1,1,0
seriously_incapable,1,1,0
unusually_unhealthy,1,1,0
solely_unimaginable,1,1,0
solely_unemployed,1,1,0
simply_edgy,1,1,0
solely_uncommon,1,1,0
unusually_uplifting,1,1,0
too_proprietary,1,1,0
unusually_unlucky,1,1,0
so_preferable,1,1,0
remotely_benign,1,0,1
violently_sorry,1,1,0
totally_profitable,1,1,0
slightly_convoluted,1,1,0
strictly_cinematic,1,1,0
thoroughly_wicked,1,1,0
thoroughly_wonderful,1,1,0
very_petty,1,1,0
strictly_choosy,1,1,0
strictly_chinese,1,1,0
strictly_charitable,1,1,0
though_amazing,1,1,0
though_close,1,1,0
very_perverse,1,1,0
slightly_convincing,1,1,0
slightly_conversant,1,1,0
strictly_ceremonial,1,1,0
strictly_cerebral,1,1,0
strictly_central,1,1,0
very_perplexing,1,1,0
strictly_clinical,1,1,0
strictly_comedic,1,1,0
strictly_comic,1,1,0
thoroughly_unhappy,1,1,0
thoroughly_undeserved,1,1,0
strictly_consecutive,1,1,0
strictly_congruent,1,1,0
totally_pro-life,1,1,0
very_plastic,1,1,0
very_placid,1,1,0
thoroughly_unfit,1,1,0
totally_pro,1,1,0
slightly_correct,1,1,0
very_pitiful,1,1,0
uniformly_accurate,1,1,0
slightly_corrupt,1,1,0
thoroughly_unhelpful,1,1,0
thoroughly_unimportant,1,1,0
strictly_compelling,1,1,0
thoroughly_unpleasant,1,1,0
strictly_celebratory,1,1,0
strictly_catholic,1,1,0
strictly_capitalist,1,1,0
uniformly_alarming,1,1,0
so_kinetic,1,1,0
slightly_confused,1,1,0
strictly_atheist,1,1,0
slightly_conciliatory,1,1,0
uniformly_advantageous,1,1,0
strictly_artificial,1,1,0
strictly_arbitrary,1,1,0
strictly_arab,1,1,0
though_imaginable,1,1,0
really_sicker,1,1,0
strictly_apt,1,1,0
very_peachy,1,1,0
strictly_apocalyptic,1,1,0
though_last,1,1,0
totally_pretentious,1,1,0
strictly_anecdotal,1,1,0
though_interested,1,1,0
strictly_autonomous,1,1,0
strictly_british,1,1,0
slightly_consistent,1,1,0
strictly_blue,1,1,0
very_perky,1,1,0
strictly_blind,1,1,0
though_dead,1,1,0
slightly_contradictory,1,0,1
strictly_biological,1,1,0
totally_primitive,1,1,0
very_perilous,1,1,0
strictly_available,1,1,0
though_faithful,1,1,0
totally_priceless,1,1,0
strictly_benign,1,1,0
strictly_benevolent,1,1,0
really_shrill,1,1,0
strictly_awful,1,1,0
strictly_aware,1,1,0
slightly_coy,1,1,0
thoroughly_undemocratic,1,1,0
though_masculine,1,1,0
strictly_constant,1,1,0
slightly_damaging,1,1,0
strictly_evangelical,1,1,0
strictly_euphoric,1,0,1
unfortunately_specific,1,1,0
thoroughly_substantial,1,1,0
very_populist,1,1,0
strictly_erotic,1,1,0
very_populated,1,1,0
thoroughly_suspenseful,1,1,0
totally_punchy,1,1,0
strictly_ephemeral,1,1,0
strictly_environmental,1,1,0
very_pop,1,1,0
very_ponderous,1,1,0
strictly_entrepreneurial,1,1,0
totally_public,1,1,0
unfortunately_technological,1,1,0
strictly_exact,1,1,0
strictly_exclusive,1,1,0
strictly_exhaustive,1,1,0
strictly_fast,1,1,0
very_precarious,1,1,0
slightly_deleterious,1,1,0
slightly_debatable,1,1,0
very_praiseworthy,1,1,0
totally_pushy,1,1,0
strictly_feasible,1,1,0
strictly_fat,1,1,0
slightly_daunting,1,1,0
really_sexier,1,1,0
strictly_famous,1,1,0
strictly_familiar,1,1,0
thoroughly_stupid,1,1,0
thoroughly_sturdy,1,1,0
very_potential,1,1,0
thoroughly_subjective,1,1,0
strictly_expedient,1,1,0
strictly_endangered,1,1,0
totally_psychedelic,1,1,0
totally_protective,1,1,0
very_plump,1,1,0
strictly_defensive,1,1,0
unfortunately_unique,1,1,0
strictly_cyclical,1,1,0
strictly_crucial,1,1,0
strictly_critical,1,1,0
thoroughly_transparent,1,1,0
strictly_creative,1,1,0
strictly_crazy,1,1,0
strictly_dental,1,1,0
strictly_cosy,1,1,0
totally_prohibitive,1,1,0
strictly_conventional,1,1,0
totally_profound,1,1,0
thoroughly_true,1,1,0
strictly_contiguous,1,1,0
strictly_constitutional,1,1,0
totally_promising,1,1,0
totally_proportionate,1,1,0
strictly_electric,1,1,0
strictly_disinterested,1,1,0
strictly_effective,1,1,0
very_polarized,1,1,0
thoroughly_tired,1,1,0
slightly_crunchy,1,1,0
strictly_dramatic,1,1,0
strictly_dogmatic,1,1,0
strictly_disruptive,1,1,0
strictly_dishonest,1,1,0
strictly_descriptive,1,1,0
strictly_diplomatic,1,1,0
thoroughly_tiresome,1,0,1
totally_prospective,1,1,0
slightly_crispy,1,1,0
strictly_different,1,1,0
strictly_dictatorial,1,1,0
thoroughly_transformative,1,0,1
strictly_analytical,1,1,0
slightly_complicated,1,1,0
thrillingly_unspoiled,1,1,0
very_opportune,1,1,0
strangely_shortsighted,1,1,0
slightly_clearer,1,1,0
very_observable,1,0,1
though_wide,1,1,0
strangely_satisfying,1,1,0
very_obnoxious,1,1,0
strangely_reminiscent,1,1,0
very_obligated,1,1,0
thrillingly_dramatic,1,1,0
strangely_pliable,1,1,0
very_obese,1,1,0
strangely_philosophical,1,1,0
strangely_perfect,1,1,0
strangely_obsessed,1,1,0
strangely_magical,1,1,0
strangely_low,1,1,0
slightly_clean,1,1,0
slightly_cliche,1,1,0
strangely_similar,1,1,0
though_welcoming,1,0,1
strategically_bad,1,1,0
very_one-sided,1,1,0
very_onboard,1,1,0
strategically_brilliant,1,1,0
so_lawless,1,1,0
strategically_black,1,0,1
though_warm,1,1,0
strategically_beholden,1,1,0
slightly_cliched,1,1,0
strangely_stunning,1,1,0
really_sketchy,1,1,0
strategically_autonomous,1,1,0
very_off,1,1,0
strangely_violent,1,1,0
totally_picturesque,1,1,0
strangely_unnerving,1,1,0
strangely_sweet,1,1,0
totally_picky,1,1,0
so_left-leaning,1,1,0
strangely_lifeless,1,1,0
thrillingly_unpredictable,1,1,0
strangely_confident,1,1,0
uniformly_beautiful,1,1,0
strangely_comforting,1,1,0
strangely_calm,1,1,0
really_slim,1,1,0
strangely_bizarre,1,1,0
uniformly_bellicose,1,1,0
straight_white,1,1,0
totally_photogenic,1,1,0
straight_vexing,1,1,0
straight_vertical,1,1,0
really_sloppy,1,1,0
straight_synthetic,1,1,0
straight_stupid,1,1,0
straight_responsible,1,1,0
very_nifty,1,0,1
uniformly_bearish,1,1,0
strangely_effective,1,1,0
strangely_large,1,1,0
very_nuclear,1,1,0
strangely_improbable,1,1,0
thrillingly_exact,1,1,0
strangely_important,1,0,1
strangely_handsome,1,1,0
slightly_claustrophobic,1,1,0
strangely_fortuitous,1,1,0
strangely_foreign,1,1,0
thrillingly_hard,1,1,0
thrillingly_tricky,1,1,0
strangely_floral,1,1,0
thrillingly_meaningless,1,0,1
thrillingly_original,1,1,0
strangely_exuberant,1,1,0
really_slight,1,1,0
slightly_christian,1,0,1
thrillingly_receptive,1,1,0
totally_plain,1,1,0
totally_plastic,1,1,0
very_past,1,1,0
really_sizable,1,1,0
very_panicked,1,1,0
strategically_solid,1,1,0
though_small,1,1,0
though_sympathetic,1,1,0
strategically_sensible,1,0,1
uniformly_appropriate,1,1,0
so_laid,1,1,0
very_oversold,1,1,0
strategically_racist,1,0,1
very_overjoyed,1,1,0
strategically_purposeful,1,1,0
very_overbearing,1,1,0
strategically_prudent,1,1,0
strategically_proactive,1,1,0
though_unheard,1,1,0
strategically_prepared,1,1,0
strategically_practical,1,1,0
very_paramount,1,1,0
totally_popular,1,1,0
slightly_coherent,1,1,0
strictly_abysmal,1,1,0
strictly_amazing,1,1,0
strictly_alone,1,1,0
strictly_agreeable,1,1,0
strictly_advanced,1,1,0
slightly_competent,1,1,0
though_obvious,1,1,0
though_right,1,1,0
totally_powerful,1,1,0
strategically_successful,1,1,0
slightly_comfortable,1,1,0
strategically_viral,1,1,0
strategically_titillating,1,0,1
very_parochial,1,1,0
so_labor-intensive,1,1,0
very_paranoid,1,1,0
totally_porous,1,1,0
very_outrageous,1,0,1
slightly_cluttered,1,1,0
strategically_possible,1,1,0
strategically_crucial,1,1,0
strategically_focused,1,1,0
so_last,1,1,0
strategically_fitting,1,1,0
strategically_dumb,1,1,0
strategically_driven,1,1,0
strategically_dependent,1,1,0
strategically_damaging,1,1,0
slightly_clueless,1,1,0
strategically_foolish,1,1,0
strategically_correct,1,1,0
strategically_consistent,1,1,0
strategically_connected,1,1,0
totally_platonic,1,1,0
strategically_complex,1,1,0
very_opposite,1,1,0
though_various,1,1,0
very_orange,1,1,0
strategically_fortunate,1,1,0
really_simplistic,1,1,0
strategically_interchangeable,1,1,0
strategically_new,1,1,0
so_larger,1,1,0
strategically_misguided,1,1,0
strategically_justifiable,1,1,0
strategically_interested,1,1,0
very_outdoors,1,1,0
very_outdated,1,1,0
strategically_insignificant,1,1,0
strategically_frugal,1,1,0
strategically_ineffective,1,1,0
strategically_indefensible,1,1,0
strategically_incoherent,1,1,0
totally_pleasurable,1,1,0
strategically_ill-advised,1,1,0
strategically_hostile,1,1,0
strategically_good,1,1,0
strictly_fictional,1,1,0
strictly_figurative,1,1,0
thoroughly_straight,1,1,0
totally_renewable,1,1,0
strictly_minimalist,1,1,0
slightly_freer,1,1,0
slightly_freaky,1,1,0
slightly_frantic,1,1,0
strictly_minimal,1,1,0
thoroughly_gross,1,1,0
thoroughly_gruesome,1,1,0
strictly_metallic,1,1,0
very_regrettable,1,1,0
slightly_forthcoming,1,1,0
strictly_mental,1,1,0
really_scarier,1,1,0
slightly_formidable,1,1,0
strictly_melodic,1,1,0
strictly_medieval,1,1,0
very_refreshed,1,1,0
slightly_floral,1,0,1
thoroughly_glad,1,1,0
strictly_modern,1,1,0
slightly_frightened,1,1,0
thoroughly_fun,1,1,0
strictly_neutral,1,1,0
thoroughly_fit,1,1,0
thoroughly_forgettable,1,1,0
thoroughly_forthcoming,1,1,0
slightly_glaring,1,1,0
thoroughly_friendly,1,1,0
slightly_giddy,1,1,0
strictly_native,1,1,0
totally_removable,1,1,0
strictly_national,1,1,0
strictly_narrative,1,1,0
strictly_motivational,1,1,0
slightly_generous,1,1,0
thoroughly_funny,1,1,0
slightly_generic,1,1,0
unfathomably_wealthy,1,1,0
strictly_medicinal,1,1,0
very_redundant,1,1,0
slightly_flexible,1,1,0
thoroughly_informative,1,1,0
strictly_malevolent,1,1,0
thoroughly_impulsive,1,1,0
strictly_magnetic,1,1,0
slightly_far-reaching,1,1,0
thoroughly_inconsistent,1,1,0
thoroughly_inept,1,1,0
slightly_far-fetched,1,1,0
strictly_magic,1,1,0
totally_relatable,1,1,0
very_reactionary,1,1,0
thoroughly_insufferable,1,1,0
really_second,1,1,0
very_raw,1,1,0
thoroughly_interesting,1,1,0
very_raucous,1,0,1
thoroughly_invincible,1,1,0
thoroughly_impervious,1,1,0
slightly_fat,1,1,0
thoroughly_horrible,1,1,0
strictly_measurable,1,1,0
very_rectangular,1,1,0
slightly_flawed,1,1,0
really_schizophrenic,1,1,0
slightly_flamboyant,1,1,0
very_reckless,1,1,0
strictly_mechanical,1,1,0
slightly_fishy,1,1,0
strictly_mathematical,1,1,0
strictly_malicious,1,1,0
slightly_firmer,1,1,0
thoroughly_hostile,1,1,0
really_scrappy,1,1,0
slightly_fewer,1,1,0
thoroughly_hot,1,1,0
totally_relative,1,1,0
thoroughly_immune,1,1,0
slightly_greasy,1,1,0
really_savory,1,1,0
thoroughly_sore,1,1,0
slightly_greater,1,1,0
slightly_idiotic,1,1,0
strictly_peaceful,1,1,0
slightly_ideal,1,1,0
very_resonant,1,1,0
really_salacious,1,1,0
very_resolute,1,1,0
slightly_hypocritical,1,1,0
slightly_hyperbolic,1,1,0
strictly_patriotic,1,1,0
thoroughly_engaging,1,1,0
slightly_hurtful,1,0,1
totally_resentful,1,1,0
slightly_humorous,1,0,1
slightly_hot,1,1,0
slightly_hostile,1,1,0
strictly_painful,1,1,0
strictly_ours,1,1,0
strictly_permissible,1,1,0
very_respected,1,1,0
thoroughly_easy,1,1,0
thoroughly_distraught,1,1,0
thoroughly_dirty,1,1,0
strictly_poetic,1,1,0
strictly_pleasant,1,1,0
thoroughly_disheartened,1,1,0
strictly_plausible,1,1,0
thoroughly_disheartening,1,1,0
thoroughly_distracting,1,1,0
strictly_pious,1,1,0
really_saddening,1,1,0
strictly_pink,1,1,0
very_reversible,1,1,0
thoroughly_dominant,1,1,0
thoroughly_drunk,1,1,0
very_retro,1,1,0
slightly_ill,1,1,0
strictly_perverse,1,1,0
slightly_horrified,1,1,0
thoroughly_engrossing,1,1,0
very_repulsive,1,1,0
strictly_novel,1,1,0
slightly_harder,1,1,0
thoroughly_factual,1,1,0
strictly_obedient,1,1,0
really_sarcastic,1,1,0
thoroughly_fair,1,1,0
strictly_nude,1,1,0
thoroughly_faithful,1,1,0
slightly_hard,1,1,0
thoroughly_exempt,1,1,0
strictly_nonsensical,1,1,0
strictly_nonsense,1,1,0
strictly_nonpartisan,1,1,0
thoroughly_fanatical,1,1,0
slightly_happy,1,1,0
strictly_non-partisan,1,1,0
slightly_hairy,1,1,0
slightly_hasty,1,1,0
really_sappy,1,1,0
slightly_hollow,1,1,0
unfathomably_infinite,1,1,0
thoroughly_enthusiastic,1,1,0
very_repugnant,1,1,0
really_sanitary,1,1,0
thoroughly_erect,1,1,0
very_repressive,1,1,0
slightly_hilarious,1,1,0
thoroughly_erroneous,1,1,0
thoroughly_ethical,1,1,0
thoroughly_exciting,1,1,0
strictly_opposite,1,1,0
slightly_heavier,1,1,0
very_renowned,1,0,1
very_renewable,1,1,0
slightly_heartening,1,1,0
thoroughly_excited,1,1,0
unfathomably_repulsive,1,1,0
strictly_live,1,1,0
thoroughly_irrational,1,1,0
totally_refundable,1,1,0
totally_reflective,1,1,0
slightly_distant,1,1,0
strictly_horrific,1,1,0
thoroughly_satisfying,1,1,0
thoroughly_sci-fi,1,1,0
strictly_horrid,1,1,0
strictly_honorable,1,1,0
thoroughly_scientific,1,1,0
slightly_disorienting,1,1,0
thoroughly_selfish,1,1,0
really_serendipitous,1,1,0
slightly_disingenuous,1,1,0
strictly_harmful,1,1,0
thoroughly_sensible,1,1,0
strictly_hardcore,1,1,0
very_prime,1,1,0
strictly_gregarious,1,1,0
unfortunately_allergic,1,1,0
strictly_hyperbole,1,1,0
strictly_icy,1,1,0
very_pro-business,1,1,0
strictly_impersonal,1,0,1
thoroughly_reactionary,1,1,0
thoroughly_ready,1,1,0
very_pronounced,1,1,0
slightly_drunken,1,1,0
thoroughly_responsible,1,1,0
strictly_important,1,1,0
very_promotional,1,1,0
thoroughly_revolting,1,1,0
strictly_identifiable,1,1,0
strictly_impartial,1,1,0
really_sensual,1,1,0
strictly_illegitimate,1,0,1
thoroughly_right-wing,1,1,0
thoroughly_satisfactory,1,1,0
slightly_disturbed,1,0,1
very_pro-life,1,1,0
slightly_disheartening,1,1,0
really_serene,1,1,0
strictly_greater,1,1,0
very_preoccupied,1,1,0
unfortunately_real,1,1,0
slightly_devoid,1,1,0
strictly_fraudulent,1,1,0
totally_quantifiable,1,1,0
very_prescient,1,1,0
strictly_foundational,1,1,0
strictly_forthcoming,1,1,0
thoroughly_solid,1,1,0
thoroughly_sneaky,1,1,0
very_premium,1,1,0
so_islamic,1,1,0
very_prejudiced,1,1,0
very_preferable,1,1,0
strictly_fiscal,1,1,0
slightly_dependent,1,1,0
slightly_deluded,1,1,0
strictly_fun,1,1,0
strictly_fundamentalist,1,1,0
totally_rabid,1,1,0
strictly_germane,1,1,0
unfortunately_brief,1,1,0
very_prickly,1,1,0
strictly_governmental,1,1,0
unfortunately_common,1,1,0
slightly_dirty,1,1,0
strictly_gluten-free,1,1,0
very_priceless,1,1,0
unfortunately_different,1,0,1
strictly_future,1,1,0
unfortunately_heterosexual,1,1,0
strictly_genuine,1,1,0
very_previous,1,1,0
strictly_genetic,1,1,0
totally_quantitative,1,1,0
thoroughly_sexist,1,1,0
thoroughly_shocked,1,1,0
very_proportionate,1,1,0
strictly_inaccessible,1,1,0
strictly_inaccurate,1,1,0
strictly_israeli,1,1,0
very_quirky,1,1,0
slightly_excessive,1,1,0
thoroughly_orthodox,1,1,0
thoroughly_painful,1,1,0
thoroughly_partisan,1,1,0
slightly_evil,1,1,0
thoroughly_pathetic,1,1,0
slightly_european,1,0,1
slightly_exhausting,1,1,0
strictly_involved,1,1,0
strictly_invaluable,1,1,0
strictly_internal,1,1,0
thoroughly_perverted,1,1,0
really_sedate,1,1,0
really_seedy,1,1,0
slightly_entrepreneurial,1,1,0
very_quixotic,1,0,1
totally_recoverable,1,1,0
strictly_intentional,1,1,0
totally_refined,1,1,0
very_rambunctious,1,1,0
strictly_likable,1,1,0
strictly_libertarian,1,1,0
thoroughly_liable,1,1,0
thoroughly_liberal,1,1,0
thoroughly_literate,1,1,0
thoroughly_mad,1,1,0
thoroughly_mistaken,1,1,0
totally_recreational,1,1,0
slightly_fancy,1,1,0
strictly_legitimate,1,1,0
totally_redundant,1,1,0
unflinchingly_courageous,1,1,0
thoroughly_motivated,1,1,0
slightly_fair,1,1,0
thoroughly_observant,1,1,0
thoroughly_pessimistic,1,1,0
really_self-aware,1,1,0
really_senior,1,1,0
totally_reactive,1,1,0
strictly_indie,1,1,0
slightly_dysfunctional,1,1,0
strictly_indian,1,1,0
slightly_dynamic,1,1,0
thoroughly_present,1,1,0
strictly_indecent,1,1,0
very_protestant,1,1,0
totally_reactionary,1,1,0
strictly_indispensable,1,1,0
thoroughly_private,1,1,0
strictly_inconsistent,1,1,0
thoroughly_prone,1,1,0
strictly_incompatible,1,1,0
thoroughly_protective,1,1,0
strictly_inclusive,1,1,0
thoroughly_psychedelic,1,1,0
unfortunately_able,1,1,0
thoroughly_pragmatic,1,1,0
slightly_enjoyable,1,1,0
strictly_innate,1,1,0
slightly_embarrassing,1,1,0
slightly_embarrassed,1,1,0
strictly_integral,1,1,0
thoroughly_plain,1,1,0
strictly_instrumental,1,1,0
strictly_insane,1,1,0
slightly_egotistical,1,1,0
strictly_inherent,1,1,0
thoroughly_positive,1,1,0
strictly_informational,1,1,0
strictly_inescapable,1,1,0
thoroughly_pliable,1,1,0
unflinchingly_positive,1,1,0
thoroughly_pointless,1,1,0
slightly_effective,1,1,0
thoroughly_polished,1,1,0
straight_relevant,1,1,0
slightly_cheesy,1,1,0
slightly_illogical,1,1,0
singularly_useless,1,0,1
still_larger,1,1,0
singularly_significant,1,0,1
still_laden,1,1,0
thus_sacred,1,1,0
still_lackluster,1,0,1
singularly_russian,1,1,0
very_impractical,1,1,0
still_key,1,1,0
still_jealous,1,1,0
totally_optional,1,1,0
still_invigorating,1,1,0
very_impolite,1,1,0
still_intriguing,1,1,0
thus_seasonal,1,1,0
still_intense,1,1,0
thus_shocking,1,1,0
still_insidious,1,1,0
still_late,1,1,0
very_inaccessible,1,1,0
very_incendiary,1,1,0
so_long-term,1,1,0
very_indignant,1,1,0
very_indie,1,1,0
thus_prudent,1,1,0
singularly_typical,1,1,0
very_indestructible,1,1,0
totally_ornamental,1,1,0
very_incriminating,1,1,0
still_liquid,1,1,0
very_incoherent,1,1,0
thus_pure,1,1,0
still_light,1,1,0
thus_qualified,1,1,0
singularly_successful,1,1,0
so_long-winded,1,1,0
very_inconsistent,1,0,1
still_legit,1,1,0
still_insane,1,1,0
very_impersonal,1,1,0
very_imperfect,1,1,0
thus_usual,1,1,0
still_idle,1,1,0
thus_unknown,1,1,0
very_idle,1,1,0
very_idiosyncratic,1,1,0
thus_unprepared,1,1,0
uniformly_delusional,1,1,0
still_huge,1,1,0
very_iconic,1,1,0
still_iffy,1,1,0
very_icky,1,1,0
singularly_regional,1,1,0
still_honorable,1,1,0
very_hyperbolic,1,1,0
totally_operational,1,1,0
very_hyper,1,1,0
still_homeless,1,1,0
very_iffy,1,0,1
singularly_related,1,1,0
thus_simple,1,1,0
totally_oppressive,1,1,0
still_innocent,1,1,0
still_individual,1,1,0
very_immune,1,1,0
still_inconclusive,1,1,0
very_immobile,1,1,0
still_impressive,1,1,0
uniformly_defensive,1,1,0
still_imperative,1,1,0
singularly_relevant,1,1,0
still_immune,1,1,0
very_illustrative,1,1,0
thus_tough,1,1,0
still_immoral,1,1,0
thus_troublesome,1,1,0
thus_undone,1,1,0
really_striking,1,0,1
totally_ours,1,1,0
still_magical,1,1,0
very_hybrid,1,1,0
still_manual,1,1,0
still_obvious,1,1,0
very_intrepid,1,1,0
still_obnoxious,1,1,0
still_numb,1,1,0
still_nonexistent,1,1,0
slightly_akin,1,1,0
still_neurotic,1,1,0
very_intermittent,1,1,0
thus_nasty,1,1,0
very_interchangeable,1,1,0
really_steadfast,1,1,0
very_intent,1,1,0
still_neat,1,1,0
still_nauseous,1,1,0
really_steady,1,1,0
really_steamy,1,0,1
slightly_aggressive,1,1,0
still_official,1,1,0
slightly_alkaline,1,1,0
slightly_allergic,1,1,0
still_overrated,1,1,0
still_passable,1,1,0
very_irksome,1,1,0
still_palpable,1,1,0
very_irate,1,1,0
very_invulnerable,1,1,0
uniformly_convincing,1,1,0
totally_overblown,1,1,0
very_invisible,1,1,0
slightly_alluring,1,0,1
very_invigorating,1,1,0
still_overcrowded,1,1,0
so_liveable,1,1,0
still_original,1,1,0
uniformly_cooperative,1,1,0
thus_much,1,1,0
slightly_amazing,1,1,0
totally_outstanding,1,0,1
very_integrated,1,1,0
still_naughty,1,1,0
very_inevitable,1,1,0
slightly_affordable,1,1,0
very_inflexible,1,1,0
thus_outrageous,1,1,0
slightly_adventurous,1,1,0
still_mesmerizing,1,1,0
very_inexperienced,1,1,0
still_mesmerising,1,1,0
very_ineligible,1,1,0
still_modest,1,1,0
slightly_abusive,1,1,0
thus_physical,1,1,0
really_stimulating,1,1,0
very_ineffective,1,1,0
still_mature,1,1,0
still_many,1,1,0
very_industrialized,1,1,0
thus_other,1,1,0
still_moist,1,1,0
very_insulting,1,1,0
very_insane,1,1,0
uniformly_crisp,1,1,0
uniformly_cruel,1,1,0
still_nationwide,1,1,0
still_narcissistic,1,1,0
still_mystifying,1,1,0
very_insensitive,1,1,0
still_much,1,1,0
really_stereotypical,1,1,0
still_momentous,1,1,0
thus_nice,1,1,0
still_most,1,1,0
still_mortal,1,1,0
thus_obvious,1,1,0
still_monogamous,1,1,0
totally_outdoors,1,1,0
really_stern,1,1,0
so_low-tech,1,1,0
still_helpless,1,1,0
very_next,1,1,0
together_aware,1,1,0
still_electric,1,1,0
very_fundamentalist,1,1,0
together_common,1,1,0
still_ecstatic,1,1,0
together_convenient,1,1,0
still_east,1,1,0
still_early,1,1,0
really_substandard,1,1,0
still_eager,1,1,0
still_due,1,1,0
very_fuel-efficient,1,1,0
still_driven,1,1,0
still_doubtful,1,1,0
still_doomed,1,1,0
still_dodgy,1,1,0
very_frightful,1,1,0
still_dizzy,1,1,0
very_furious,1,1,0
totally_off-kilter,1,1,0
very_garish,1,1,0
very_gleeful,1,1,0
uniformly_dismal,1,1,0
together_blind,1,1,0
still_exceptional,1,1,0
still_excellent,1,1,0
together_bright,1,1,0
very_glum,1,1,0
totally_offline,1,1,0
together_certain,1,1,0
very_gendered,1,1,0
uniformly_diverse,1,1,0
singularly_minded,1,1,0
still_enforceable,1,1,0
still_embarrassed,1,1,0
singularly_mind-blowing,1,1,0
still_eloquent,1,1,0
still_elite,1,1,0
together_correct,1,1,0
still_disturbing,1,1,0
very_fraught,1,1,0
together_early,1,1,0
very_flattered,1,1,0
still_definite,1,1,0
really_suburban,1,1,0
still_defiant,1,1,0
very_flatter,1,1,0
still_decent,1,1,0
together_dry,1,1,0
uniformly_dramatic,1,1,0
very_flimsy,1,1,0
still_dear,1,1,0
very_fiscal,1,1,0
singularly_loyal,1,1,0
singularly_large,1,1,0
still_crucial,1,1,0
really_succinct,1,1,0
still_crisp,1,1,0
very_flawed,1,1,0
very_flippant,1,1,0
still_distressing,1,1,0
still_dirty,1,1,0
totally_obtuse,1,1,0
very_frantic,1,1,0
still_distracting,1,0,1
very_frail,1,1,0
still_disgusting,1,1,0
still_discernible,1,1,0
still_disappointing,1,1,0
still_direct,1,1,0
still_definitive,1,1,0
very_foreseeable,1,1,0
still_desirable,1,1,0
still_depressed,1,1,0
very_foggy,1,1,0
very_flush,1,1,0
uniformly_dovish,1,1,0
uniformly_downward,1,1,0
together_awful,1,1,0
still_extraordinary,1,1,0
very_humiliating,1,1,0
still_extreme,1,1,0
very_homesick,1,1,0
tightly_focused,1,1,0
still_greater,1,1,0
very_holistic,1,1,0
still_graver,1,0,1
very_hispanic,1,1,0
very_hilarious,1,1,0
very_higher,1,1,0
still_grateful,1,1,0
tightly_limited,1,1,0
still_grand,1,1,0
tightly_parallel,1,1,0
very_hideous,1,1,0
very_helpless,1,1,0
very_heinous,1,1,0
tightly_principled,1,1,0
very_hefty,1,1,0
still_grey,1,1,0
still_gritty,1,1,0
still_groggy,1,1,0
still_heartbroken,1,1,0
very_humbling,1,1,0
still_helpful,1,1,0
singularly_racist,1,1,0
thus_vigorous,1,1,0
very_humanitarian,1,1,0
still_heavy,1,1,0
still_heavenly,1,1,0
still_harsh,1,1,0
still_groovy,1,1,0
tightly_centralized,1,1,0
very_horizontal,1,1,0
tightly_certain,1,1,0
tightly_consistent,1,1,0
tightly_controllable,1,1,0
totally_one-dimensional,1,1,0
uniformly_diminutive,1,1,0
very_heavenly,1,1,0
singularly_perfect,1,1,0
very_heated,1,1,0
still_fashionable,1,1,0
still_fewer,1,0,1
uniformly_disappointing,1,1,0
very_gritty,1,1,0
singularly_objectionable,1,1,0
very_grisly,1,1,0
uniformly_disastrous,1,1,0
still_fatigued,1,1,0
very_grey,1,1,0
very_gruesome,1,1,0
still_fascinating,1,1,0
timelessly_right,1,1,0
still_false,1,1,0
still_fabulous,1,1,0
very_goofy,1,1,0
singularly_new,1,0,1
singularly_myopic,1,1,0
still_fine,1,1,0
still_flat,1,1,0
very_hearty,1,1,0
tightly_woven,1,1,0
still_glossy,1,0,1
still_glad,1,1,0
still_fuzzy,1,1,0
singularly_outstanding,1,1,0
tightly_structured,1,1,0
tightly_uniform,1,1,0
very_hazy,1,1,0
very_haunting,1,1,0
singularly_obsessed,1,1,0
timelessly_contemporary,1,1,0
still_frustrated,1,1,0
singularly_outlandish,1,0,1
still_frightening,1,1,0
very_gung,1,1,0
very_gullible,1,1,0
uniformly_directional,1,1,0
still_passionate,1,1,0
still_patriarchal,1,1,0
totally_overcast,1,1,0
thus_convenient,1,1,0
thus_difficult,1,1,0
very_mischievous,1,1,0
still_underwater,1,1,0
slightly_bleak,1,1,0
thus_disappointed,1,1,0
so_libelous,1,1,0
very_minimal,1,1,0
very_mind-blowing,1,0,1
still_unconscious,1,1,0
still_unconfirmed,1,1,0
uniformly_brown,1,1,0
thus_endangered,1,1,0
slightly_bland,1,1,0
still_unbroken,1,1,0
thus_evident,1,1,0
totally_past,1,1,0
still_unbeaten,1,1,0
slightly_boisterous,1,1,0
thus_dependent,1,1,0
very_misguided,1,1,0
still_unforgiving,1,0,1
really_snarky,1,1,0
still_unique,1,1,0
still_unimpressed,1,1,0
really_snowy,1,1,0
still_unhappy,1,1,0
thus_dead,1,1,0
still_unfortunate,1,0,1
slightly_bonkers,1,1,0
still_undocumented,1,1,0
still_unfinished,1,1,0
thus_defective,1,1,0
very_mixed,1,0,1
still_unfair,1,1,0
really_snug,1,1,0
very_mistaken,1,1,0
still_unexplained,1,1,0
very_middle,1,1,0
very_microscopic,1,1,0
very_metallic,1,1,0
still_tall,1,1,0
really_solicitous,1,1,0
still_thin,1,1,0
very_matte,1,1,0
slightly_beautiful,1,1,0
still_theoretical,1,1,0
still_tasty,1,1,0
very_mass,1,1,0
still_talented,1,1,0
totally_particular,1,1,0
still_tacky,1,1,0
very_mannered,1,1,0
still_swollen,1,1,0
still_sweet,1,1,0
still_suspicious,1,1,0
slightly_baseless,1,1,0
thus_free,1,1,0
very_mean-spirited,1,1,0
really_soggy,1,1,0
still_unaware,1,1,0
still_turbulent,1,1,0
slightly_black,1,1,0
very_mesmerizing,1,1,0
thus_excellent,1,1,0
very_meritorious,1,1,0
very_melodramatic,1,1,0
very_mellow,1,1,0
still_ugly,1,1,0
so_life-threatening,1,1,0
uniformly_catchy,1,1,0
still_truer,1,1,0
thus_famous,1,1,0
uniformly_bullish,1,1,0
thus_few,1,1,0
very_medicinal,1,1,0
still_touchy,1,1,0
thus_flexible,1,1,0
thus_cowardly,1,1,0
totally_peaceful,1,1,0
still_peaceful,1,1,0
still_unlucky,1,1,0
straight_dependent,1,1,0
very_negligent,1,1,0
very_nefarious,1,1,0
straight_dead,1,1,0
straight_comparable,1,1,0
straight_absent,1,1,0
totally_pertinent,1,0,1
slightly_challenging,1,1,0
slightly_central,1,1,0
slightly_cautious,1,1,0
thus_appropriate,1,1,0
still_wobbly,1,1,0
still_wiser,1,1,0
totally_perpendicular,1,1,0
still_winless,1,1,0
very_narrative,1,1,0
thus_armed,1,1,0
thus_afraid,1,1,0
straight_fast,1,1,0
thus_advanced,1,1,0
straight_other,1,0,1
totally_petite,1,1,0
very_neurotic,1,1,0
straight_regular,1,1,0
straight_purple,1,1,0
straight_proportionate,1,1,0
uniformly_better,1,1,0
straight_procedural,1,1,0
straight_nostalgia,1,1,0
slightly_chaotic,1,1,0
very_nerve-racking,1,1,0
really_slower,1,1,0
totally_pervasive,1,1,0
straight_linear,1,1,0
really_sluggish,1,1,0
straight_last,1,1,0
straight_hypocritical,1,1,0
totally_perfunctory,1,1,0
still_wide,1,1,0
slightly_careless,1,1,0
still_unresolved,1,1,0
still_upright,1,1,0
very_most,1,1,0
slightly_brighter,1,1,0
still_untrue,1,1,0
uniformly_brilliant,1,1,0
very_monstrous,1,1,0
still_unsettling,1,1,0
very_monogamous,1,1,0
slightly_busy,1,1,0
very_moisturized,1,1,0
still_unproven,1,1,0
still_unpredictable,1,1,0
really_smug,1,1,0
still_unmarried,1,1,0
thus_competent,1,1,0
thus_controllable,1,1,0
thus_chronic,1,1,0
slightly_callous,1,1,0
so_lesser,1,1,0
still_vivid,1,1,0
still_white,1,1,0
still_wealthy,1,1,0
slightly_careful,1,1,0
totally_pedantic,1,1,0
uniformly_blue,1,1,0
still_wary,1,1,0
thus_aware,1,1,0
very_multiple,1,1,0
very_mountainous,1,1,0
uniformly_boring,1,0,1
thus_better,1,1,0
slightly_capable,1,1,0
still_vast,1,0,1
thus_careful,1,1,0
thus_changeable,1,1,0
still_useless,1,1,0
very_malicious,1,1,0
still_surreal,1,1,0
uniformly_characteristic,1,1,0
still_supportive,1,1,0
very_lacking,1,1,0
still_remote,1,1,0
still_reminiscent,1,1,0
still_reluctant,1,1,0
still_religious,1,1,0
still_reliable,1,1,0
still_relentless,1,1,0
really_splendid,1,1,0
uniformly_confrontational,1,1,0
totally_overpowering,1,1,0
still_receptive,1,1,0
still_reassuring,1,1,0
still_reasonable,1,1,0
thus_inaccurate,1,1,0
thus_incompetent,1,1,0
really_spoilt,1,1,0
thus_indifferent,1,1,0
thus_important,1,1,0
very_lame,1,1,0
still_responsive,1,1,0
still_ripe,1,1,0
very_latin,1,1,0
uniformly_conciliatory,1,1,0
still_runny,1,1,0
really_spherical,1,0,1
still_rude,1,1,0
still_riveting,1,1,0
still_risky,1,1,0
thus_immune,1,1,0
still_reticent,1,1,0
still_righteous,1,1,0
uniformly_confident,1,1,0
still_rife,1,1,0
still_richer,1,1,0
very_large-scale,1,0,1
totally_overrated,1,1,0
so_literary,1,1,0
thus_indulgent,1,1,0
very_kinetic,1,0,1
very_justified,1,1,0
thus_likely,1,1,0
totally_overcooked,1,1,0
very_jaded,1,1,0
slightly_amused,1,1,0
really_squishy,1,1,0
thus_liable,1,1,0
still_positive,1,1,0
still_portable,1,1,0
totally_overcome,1,1,0
really_spotty,1,1,0
very_irritable,1,1,0
very_irresponsible,1,1,0
uniformly_continuous,1,1,0
still_plausible,1,1,0
still_pink,1,1,0
really_stagnant,1,1,0
still_persistent,1,1,0
still_predictable,1,1,0
thus_last,1,1,0
still_random,1,1,0
very_jovial,1,1,0
still_rampant,1,1,0
still_quiet,1,1,0
very_jumpy,1,1,0
still_purple,1,1,0
still_prudent,1,1,0
still_proud,1,1,0
totally_overkill,1,1,0
still_proficient,1,1,0
thus_large,1,1,0
still_productive,1,1,0
still_problematic,1,0,1
still_pricey,1,1,0
really_spot,1,1,0
thus_laborious,1,1,0
still_presentable,1,1,0
really_spot-on,1,1,0
very_latino,1,1,0
slightly_anti-gay,1,1,0
very_laudable,1,0,1
very_lowest,1,1,0
very_lurid,1,1,0
very_lumpy,1,1,0
still_stinky,1,1,0
still_stellar,1,1,0
still_staggering,1,0,1
still_stable,1,1,0
still_spry,1,1,0
very_low-key,1,1,0
still_straight,1,1,0
slightly_averse,1,1,0
still_spotty,1,1,0
still_special,1,1,0
thus_happy,1,1,0
still_sophisticated,1,1,0
slightly_attractive,1,1,0
slightly_asian,1,1,0
very_luscious,1,1,0
thus_grotesque,1,1,0
still_soggy,1,1,0
totally_pale,1,1,0
really_solvable,1,1,0
still_sufficient,1,1,0
still_such,1,1,0
really_soothing,1,1,0
totally_parallel,1,1,0
very_main,1,1,0
slightly_bad,1,1,0
very_magnificent,1,1,0
very_luxury,1,1,0
really_sordid,1,0,1
still_subjective,1,1,0
still_stupid,1,1,0
uniformly_clear,1,1,0
very_lyrical,1,1,0
uniformly_coarse,1,1,0
totally_painful,1,1,0
uniformly_coercive,1,1,0
still_soft,1,1,0
slightly_anxious,1,1,0
still_sexist,1,1,0
still_shocked,1,1,0
very_lesbian,1,1,0
uniformly_complete,1,1,0
uniformly_compliant,1,1,0
slightly_artificial,1,1,0
very_legit,1,1,0
still_sexual,1,1,0
very_leftist,1,1,0
still_shocking,1,1,0
very_left-wing,1,1,0
still_selfish,1,1,0
still_secure,1,0,1
very_lawful,1,1,0
still_secret,1,1,0
slightly_appropriate,1,1,0
very_laughable,1,1,0
really_specialized,1,1,0
thus_immoral,1,1,0
still_snug,1,1,0
still_singular,1,1,0
still_smug,1,1,0
still_smarter,1,1,0
very_live,1,1,0
thus_high,1,1,0
very_litigious,1,1,0
still_slow,1,1,0
still_slick,1,1,0
thus_honorable,1,1,0
thus_immediate,1,1,0
still_silly,1,1,0
very_like,1,1,0
very_lighthearted,1,1,0
really_spare,1,1,0
very_life-changing,1,0,1
totally_overworked,1,1,0
still_shy,1,1,0
thoroughly_different,1,1,0
thoroughly_dictatorial,1,1,0
spatially_precise,1,1,0
therefore_unconscious,1,1,0
stylistically_representative,1,1,0
slightly_red,1,1,0
stylistically_pure,1,1,0
stylistically_pleasing,1,1,0
stylistically_opposite,1,1,0
stylistically_new,1,1,0
really_old-school,1,1,0
totally_spurious,1,1,0
stylistically_necessary,1,1,0
really_omnipresent,1,1,0
stylistically_modern,1,1,0
really_one-dimensional,1,1,0
stylistically_marvelous,1,1,0
stylistically_jarring,1,1,0
really_ongoing,1,1,0
stylistically_inventive,1,1,0
stylistically_innovative,1,1,0
stylistically_salient,1,1,0
therefore_unhappy,1,1,0
stylistically_shy,1,1,0
stylistically_stagnant,1,1,0
really_obligated,1,1,0
very_unskilled,1,1,0
really_oblivious,1,1,0
unequivocally_moral,1,1,0
stylistically_unique,1,0,1
stylistically_stunning,1,1,0
unequivocally_negative,1,1,0
unequivocally_opposite,1,1,0
very_unrealistic,1,1,0
stylistically_specific,1,1,0
totally_stagnant,1,1,0
stylistically_snazzy,1,1,0
therefore_undesirable,1,1,0
therefore_uneven,1,1,0
unequivocally_pleased,1,1,0
unequivocally_positive,1,1,0
stylistically_impressive,1,1,0
really_only,1,1,0
stylistically_ideal,1,1,0
stylistically_cohesive,1,1,0
stylistically_definitive,1,1,0
really_organized,1,1,0
stylistically_cool,1,1,0
unequivocally_separate,1,1,0
slightly_reassuring,1,1,0
stylistically_confrontational,1,1,0
stylistically_confident,1,1,0
stylistically_challenging,1,1,0
very_unkind,1,1,0
really_outdated,1,1,0
stylistically_cavalier,1,1,0
stylistically_breathtaking,1,1,0
stylistically_boring,1,1,0
really_outpacing,1,1,0
very_unflattering,1,1,0
very_unfashionable,1,1,0
very_unimportant,1,1,0
therefore_unimportant,1,1,0
stylistically_humanoid,1,1,0
stylistically_exciting,1,1,0
very_unpalatable,1,1,0
stylistically_gendered,1,1,0
stylistically_flashy,1,1,0
very_unorthodox,1,1,0
stylistically_fascinating,1,1,0
really_open-minded,1,1,0
stylistically_familiar,1,1,0
really_opinionated,1,1,0
really_orchestrated,1,1,0
very_unobtrusive,1,1,0
slightly_rebellious,1,1,0
stylistically_exceptional,1,1,0
very_unlucky,1,1,0
really_opulent,1,1,0
really_oral,1,1,0
stylistically_dissimilar,1,1,0
slightly_remarkable,1,0,1
stylistically_versatile,1,1,0
very_uneven,1,0,1
really_nutty,1,1,0
slightly_ridiculous,1,1,0
subsequently_useful,1,1,0
really_navigable,1,1,0
subsequently_true,1,1,0
really_near,1,1,0
subsequently_successful,1,1,0
really_nearby,1,1,0
subsequently_subject,1,1,0
therefore_truthful,1,1,0
really_needed,1,1,0
really_needless,1,1,0
therefore_unappealing,1,1,0
subsequently_necessary,1,1,0
very_valiant,1,1,0
subsequently_free,1,1,0
subsequently_capable,1,1,0
subsequently_available,1,1,0
totally_stressful,1,1,0
therefore_true,1,1,0
therefore_total,1,1,0
unequivocally_horrifying,1,1,0
very_victorian,1,1,0
unequivocally_healthy,1,1,0
really_narcissistic,1,1,0
slightly_right,1,1,0
substantially_burdensome,1,1,0
very_verifiable,1,1,0
therefore_tighter,1,1,0
totally_strong,1,1,0
really_naturalistic,1,1,0
substantially_attributable,1,1,0
very_venomous,1,1,0
substantially_alien,1,1,0
unequivocally_ideal,1,1,0
really_nationwide,1,1,0
very_vehement,1,1,0
substantially_accurate,1,1,0
very_utopian,1,1,0
very_utilitarian,1,0,1
slightly_reticent,1,1,0
very_untenable,1,1,0
sublimely_happy,1,1,0
sublimely_gorgeous,1,1,0
sublimely_flawless,1,1,0
sublimely_brilliant,1,1,0
sublimely_beautiful,1,1,0
sublimely_artistic,1,0,1
very_unwelcome,1,1,0
sublimely_absurd,1,1,0
totally_stingy,1,1,0
really_nourishing,1,1,0
therefore_uncommon,1,1,0
really_nuclear,1,1,0
totally_stereotypical,1,1,0
very_unsurprising,1,1,0
really_nutritional,1,1,0
very_unsuitable,1,1,0
sublimely_intelligent,1,1,0
really_nonsense,1,1,0
really_nerdy,1,1,0
sublimely_satisfying,1,1,0
sublimely_wonderful,1,0,1
really_neurotic,1,1,0
unequivocally_liberal,1,1,0
slightly_resentful,1,1,0
slightly_repugnant,1,1,0
sublimely_talented,1,1,0
sublimely_sure,1,1,0
unequivocally_loyal,1,1,0
really_non-traditional,1,1,0
really_nicer,1,0,1
really_niche,1,1,0
really_nihilistic,1,1,0
so_ineligible,1,1,0
unequivocally_malicious,1,1,0
therefore_unaware,1,1,0
really_non-existent,1,1,0
very_unfamiliar,1,1,0
stylistically_adventurous,1,1,0
unexpectedly_colorful,1,1,0
very_unbearable,1,1,0
stupendously_fresh,1,1,0
stunningly_wrong,1,1,0
unequivocally_uneasy,1,1,0
stunningly_wonderful,1,1,0
stunningly_vivid,1,1,0
stunningly_unpopular,1,1,0
very_trusted,1,1,0
totally_sophisticated,1,1,0
stunningly_successful,1,1,0
stunningly_stylish,1,1,0
totally_soothing,1,1,0
really_polish,1,1,0
totally_sombre,1,1,0
unequivocally_useless,1,1,0
stunningly_real,1,1,0
very_trippy,1,1,0
slightly_puzzling,1,1,0
stupendously_high,1,1,0
slightly_questionable,1,1,0
stupendously_hot,1,1,0
stupidly_aggressive,1,1,0
stupidly_bumpy,1,1,0
stupidly_brutal,1,1,0
very_unassuming,1,1,0
stupidly_bitter,1,1,0
really_phenomenal,1,0,1
very_unappealing,1,1,0
slightly_quirky,1,1,0
stupendously_stubborn,1,1,0
totally_sorry,1,1,0
stupendously_shocking,1,0,1
stupendously_original,1,1,0
stupendously_large,1,1,0
stupendously_irresponsible,1,1,0
totally_sour,1,1,0
stupendously_idiotic,1,1,0
really_pivotal,1,1,0
slightly_pushy,1,1,0
unequivocally_wrong,1,1,0
really_populist,1,1,0
stunningly_dense,1,1,0
stunningly_feminine,1,1,0
very_transferable,1,1,0
stunningly_exceptional,1,1,0
stunningly_easy,1,1,0
stunningly_different,1,1,0
really_prescient,1,1,0
stunningly_desolate,1,1,0
stunningly_delicious,1,1,0
therefore_unusual,1,1,0
stunningly_cynical,1,1,0
totally_solar,1,1,0
therefore_valuable,1,1,0
stunningly_cute,1,1,0
therefore_vibrant,1,1,0
stunningly_current,1,1,0
stunningly_creative,1,1,0
therefore_useful,1,1,0
very_translucent,1,1,0
slightly_profound,1,1,0
stunningly_myopic,1,1,0
slightly_pro-choice,1,1,0
totally_solvable,1,1,0
stunningly_offensive,1,1,0
unexpectedly_bad,1,1,0
unexpectedly_brief,1,1,0
very_treacherous,1,1,0
really_powerless,1,1,0
very_traumatizing,1,1,0
slightly_pretentious,1,1,0
really_pragmatic,1,1,0
really_praiseworthy,1,1,0
really_preachy,1,1,0
very_transportable,1,1,0
stunningly_illogical,1,1,0
stunningly_hot,1,1,0
therefore_untrue,1,1,0
very_unattractive,1,1,0
totally_special,1,1,0
stylishly_smart,1,1,0
stupidly_busy,1,1,0
stupidly_skinny,1,1,0
stupidly_simple,1,1,0
stupidly_rich,1,1,0
really_overrated,1,1,0
really_oversold,1,1,0
stupidly_repetitive,1,1,0
stupidly_reckless,1,1,0
stupidly_rare,1,1,0
stupidly_provocative,1,1,0
very_uncooperative,1,1,0
very_uncool,1,1,0
really_pain-free,1,1,0
stupidly_proud,1,1,0
very_unconvincing,1,1,0
stupidly_paranoid,1,1,0
really_pale,1,0,1
really_palestinian,1,1,0
stupidly_small,1,1,0
stupidly_stubborn,1,1,0
stupidly_successful,1,1,0
therefore_unimpressive,1,1,0
stylishly_modern,1,1,0
stylishly_clever,1,1,0
stylishly_alluring,1,1,0
very_uneducated,1,1,0
stupidly_wrong,1,0,1
stupidly_wasteful,1,1,0
unequivocally_stupid,1,1,0
very_undesirable,1,1,0
really_overjoyed,1,1,0
really_overcooked,1,1,0
stupidly_violent,1,1,0
totally_spot-on,1,1,0
stupidly_unaware,1,1,0
stupidly_tall,1,1,0
really_overdone,1,1,0
stupidly_talented,1,1,0
stupidly_painful,1,1,0
stupidly_overpowering,1,1,0
stupidly_optimistic,1,1,0
really_perilous,1,0,1
really_peculiar,1,1,0
stupidly_fast,1,1,0
really_pedestrian,1,1,0
really_penetrating,1,1,0
stupidly_false,1,1,0
stupidly_explicit,1,1,0
therefore_unlikely,1,1,0
stupidly_excessive,1,1,0
stupidly_funny,1,1,0
slightly_radical,1,1,0
really_permissible,1,1,0
really_permissive,1,1,0
stupidly_difficult,1,1,0
stupidly_dangerous,1,1,0
stupidly_conventional,1,1,0
stupidly_confident,1,1,0
stupidly_fond,1,1,0
stupidly_happy,1,1,0
really_par,1,1,0
stupidly_nice,1,1,0
really_paradoxical,1,1,0
very_unconscious,1,1,0
very_unconcerned,1,1,0
unequivocally_unacceptable,1,1,0
totally_speechless,1,1,0
really_parochial,1,1,0
really_part-time,1,1,0
really_participatory,1,1,0
really_pathetic,1,0,1
stupidly_lucky,1,1,0
similarly_problematic,1,1,0
stupidly_keen,1,1,0
stupidly_independent,1,1,0
stupidly_honest,1,1,0
slightly_radioactive,1,1,0
really_patchy,1,1,0
therefore_theoretical,1,1,0
substantially_cleaner,1,1,0
unequivocally_harmful,1,1,0
therefore_negotiable,1,1,0
therefore_open,1,1,0
substantively_true,1,1,0
really_liberating,1,1,0
substantively_strong,1,1,0
therefore_other,1,1,0
really_life-threatening,1,1,0
unduly_vigorous,1,1,0
substantively_related,1,1,0
substantively_questionable,1,1,0
violently_allergic,1,1,0
violently_aggressive,1,1,0
therefore_particular,1,1,0
violently_affectionate,1,1,0
therefore_perfect,1,1,0
violently_abusive,1,1,0
substantively_proper,1,1,0
really_limp,1,1,0
substantively_worse,1,1,0
violently_audacious,1,1,0
really_less,1,1,0
subtly_contemptuous,1,1,0
subtly_expressive,1,1,0
subtly_entertaining,1,1,0
subtly_easier,1,1,0
unduly_unsettled,1,1,0
subtly_desirous,1,1,0
subtly_deceitful,1,1,0
really_legendary,1,1,0
subtly_clever,1,1,0
therefore_odd,1,1,0
violently_charming,1,1,0
violently_carcinogenic,1,1,0
so_incriminating,1,1,0
totally_superb,1,1,0
subtly_alive,1,1,0
therefore_new,1,1,0
really_lenient,1,1,0
viciously_stupid,1,1,0
unduly_violent,1,1,0
substantively_motivated,1,1,0
viciously_anti-american,1,1,0
substantively_effective,1,1,0
substantively_distinguishable,1,1,0
substantively_difficult,1,1,0
substantively_correct,1,1,0
substantively_beneficial,1,0,1
really_loveable,1,1,0
viciously_bad,1,1,0
therefore_probable,1,1,0
substantively_equal,1,1,0
really_low-risk,1,1,0
vibrantly_red,1,1,0
slightly_shocking,1,1,0
vibrantly_green,1,1,0
vibrantly_catholic,1,1,0
substantively_bad,1,1,0
therefore_prone,1,1,0
really_lousy,1,1,0
really_louder,1,1,0
viciously_racist,1,1,0
slightly_short,1,1,0
substantively_inseparable,1,1,0
substantively_inadequate,1,1,0
really_litigious,1,1,0
viciously_judgemental,1,1,0
substantively_identical,1,1,0
viciously_hot,1,1,0
viciously_delicious,1,1,0
viciously_deadly,1,1,0
so_indebted,1,1,0
substantively_free,1,1,0
viciously_critical,1,1,0
viciously_counterproductive,1,1,0
really_long-lived,1,1,0
substantively_fictitious,1,1,0
viciously_consistent,1,1,0
viciously_competitive,1,1,0
violently_contemporary,1,1,0
really_lax,1,1,0
therefore_surprised,1,1,0
really_lawful,1,1,0
subtly_similar,1,1,0
totally_tasty,1,1,0
unduly_troubling,1,1,0
totally_tangible,1,1,0
totally_talented,1,1,0
violently_negative,1,1,0
violently_islamic,1,1,0
subtly_selfish,1,1,0
really_jaded,1,1,0
violently_improbable,1,1,0
subtly_rebellious,1,1,0
therefore_many,1,1,0
subtly_quick,1,1,0
slightly_sickening,1,1,0
subtly_powerful,1,0,1
subtly_poetic,1,1,0
therefore_meaningful,1,1,0
totally_technical,1,1,0
subtly_transformative,1,1,0
really_irreconcilable,1,1,0
subtly_varied,1,1,0
really_intrinsic,1,1,0
unduly_technical,1,1,0
unduly_threatening,1,1,0
therefore_logical,1,1,0
subtly_worse,1,0,1
so_incomprehensible,1,1,0
unduly_tiring,1,1,0
unduly_traumatic,1,1,0
totally_temporary,1,1,0
really_invincible,1,1,0
violently_sexy,1,1,0
really_inviting,1,0,1
violently_self-critical,1,1,0
really_invulnerable,1,1,0
violently_repressive,1,1,0
violently_painful,1,1,0
really_jittery,1,1,0
really_jobless,1,1,0
really_joint,1,1,0
subtly_gory,1,1,0
really_laborious,1,1,0
violently_distinct,1,1,0
violently_disgusting,1,1,0
therefore_moral,1,1,0
really_large-scale,1,0,1
subtly_indicative,1,1,0
subtly_hip,1,1,0
totally_superficial,1,1,0
violently_dominate,1,1,0
violently_destructive,1,1,0
really_latest,1,1,0
therefore_natural,1,1,0
subtly_fabulous,1,1,0
violently_demanding,1,1,0
violently_crazy,1,1,0
really_lavish,1,1,0
really_labor-intensive,1,1,0
violently_eager,1,1,0
subtly_philosophical,1,1,0
violently_homophobic,1,1,0
really_joyous,1,1,0
violently_hot,1,1,0
really_jumpy,1,1,0
totally_sweaty,1,1,0
violently_hostile,1,1,0
really_juvenile,1,1,0
therefore_meaningless,1,1,0
subtly_nightmarish,1,1,0
subtly_intimate,1,1,0
unduly_unhappy,1,1,0
totally_suspicious,1,1,0
therefore_mistaken,1,1,0
violently_harmful,1,1,0
really_kinetic,1,1,0
subtly_negative,1,1,0
violently_explosive,1,1,0
substantively_appropriate,1,1,0
totally_summery,1,1,0
really_lumpy,1,1,0
really_lush,1,1,0
really_minuscule,1,1,0
therefore_special,1,1,0
really_miscast,1,1,0
slightly_ruthless,1,1,0
therefore_strange,1,1,0
very_wasteful,1,1,0
unequivocally_false,1,1,0
substantially_irregular,1,1,0
substantially_injurious,1,1,0
really_mistaken,1,1,0
very_wacky,1,1,0
therefore_strict,1,1,0
substantially_influential,1,1,0
very_voracious,1,1,0
substantially_important,1,1,0
slightly_rural,1,1,0
substantially_ignorant,1,1,0
therefore_solid,1,1,0
unequivocally_enamoured,1,1,0
really_minor,1,1,0
therefore_shy,1,1,0
very_weekly,1,1,0
slightly_safer,1,1,0
very_weary,1,1,0
therefore_short,1,1,0
substantially_moving,1,1,0
really_mind-blowing,1,1,0
really_mind-boggling,1,0,1
unequivocally_common,1,1,0
therefore_sinful,1,1,0
very_weaker,1,1,0
substantially_lucrative,1,1,0
unequivocally_conclusive,1,1,0
unequivocally_dangerous,1,1,0
unequivocally_delectable,1,1,0
therefore_significant,1,1,0
substantially_left-leaning,1,1,0
really_moisturized,1,1,0
therefore_stronger,1,1,0
therefore_stupid,1,1,0
therefore_suitable,1,1,0
really_mountainous,1,1,0
so_industrialized,1,1,0
very_visceral,1,1,0
substantially_disruptive,1,1,0
substantially_disappointed,1,1,0
really_mundane,1,1,0
substantially_digital,1,1,0
substantially_darker,1,1,0
substantially_european,1,1,0
really_mushy,1,1,0
therefore_superior,1,1,0
unequivocally_happy,1,1,0
very_vindictive,1,1,0
really_mute,1,1,0
substantially_damaged,1,0,1
therefore_sure,1,1,0
slightly_robotic,1,1,0
totally_stuffy,1,1,0
unequivocally_famous,1,1,0
really_moody,1,1,0
totally_stunned,1,1,0
unequivocally_favorable,1,1,0
substantially_healthier,1,1,0
slightly_rude,1,1,0
unequivocally_female,1,1,0
substantially_happier,1,1,0
very_voluntary,1,1,0
therefore_substantial,1,1,0
really_motionless,1,1,0
substantially_great,1,1,0
slightly_round,1,1,0
really_morbid,1,1,0
substantially_genetic,1,1,0
really_morose,1,1,0
substantially_faster,1,1,0
therefore_successful,1,1,0
therefore_serious,1,1,0
substantially_negative,1,1,0
really_mighty,1,1,0
substantially_superior,1,1,0
really_manifest,1,1,0
so_indelible,1,1,0
substantially_unchanged,1,1,0
unduly_widespread,1,1,0
slightly_shameful,1,1,0
slightly_sexual,1,1,0
substantially_tough,1,1,0
very_worrying,1,1,0
substantially_undervalued,1,1,0
substantially_suggestive,1,1,0
substantially_successful,1,1,0
so_indian,1,1,0
substantially_slower,1,1,0
totally_suggestive,1,1,0
slightly_sceptical,1,1,0
substantially_significant,1,0,1
substantially_understated,1,1,0
so_indefensible,1,1,0
very_wondrous,1,1,0
totally_suicidal,1,1,0
really_luxurious,1,1,0
substantially_younger,1,1,0
really_lyrical,1,1,0
substantially_wide,1,1,0
substantially_weirder,1,1,0
substantially_wealthier,1,1,0
vibrantly_blue,1,1,0
therefore_rapid,1,1,0
substantially_unfit,1,1,0
unduly_wasteful,1,1,0
substantially_useful,1,1,0
very_youthful,1,1,0
very_yellow,1,1,0
really_malevolent,1,1,0
really_malleable,1,1,0
very_wrinkled,1,1,0
unequivocally_anti-semitic,1,1,0
so_indie,1,1,0
really_midnight,1,1,0
therefore_risky,1,1,0
unequivocally_british,1,1,0
substantially_predictable,1,1,0
substantially_popular,1,1,0
slightly_sarcastic,1,1,0
therefore_rich,1,1,0
totally_submissive,1,1,0
unequivocally_clear,1,1,0
very_western,1,1,0
substantially_prettier,1,1,0
substantially_obsessive,1,1,0
really_meticulous,1,1,0
substantially_nicer,1,1,0
therefore_rosy,1,1,0
slightly_sane,1,1,0
therefore_safe,1,1,0
really_middle,1,1,0
very_whiny,1,1,0
substantially_proficient,1,1,0
substantially_shorter,1,1,0
substantially_quieter,1,1,0
substantially_riskier,1,1,0
very_wobbly,1,1,0
very_wiser,1,1,0
very_winnable,1,1,0
slightly_satisfied,1,1,0
unequivocally_beneficial,1,1,0
substantially_ready,1,1,0
very_whole,1,1,0
unequivocally_bleak,1,1,0
therefore_relevant,1,1,0
really_mechanical,1,1,0
substantially_proportionate,1,1,0
totally_subversive,1,1,0
really_medieval,1,1,0
really_mellow,1,1,0
substantially_profitable,1,1,0
stunningly_clever,1,1,0
slightly_presumptuous,1,1,0
very_rhythmic,1,1,0
strictly_virtual,1,1,0
this_nightmarish,1,1,0
strictly_upset,1,1,0
so_integrated,1,1,0
very_sizeable,1,1,0
strictly_unprecedented,1,1,0
strictly_unofficial,1,1,0
strictly_unlawful,1,1,0
slightly_maddening,1,1,0
slightly_lurid,1,1,0
slightly_lumpy,1,1,0
strictly_underground,1,1,0
strictly_undemocratic,1,1,0
slightly_ludicrous,1,1,0
very_single,1,1,0
strictly_unappreciated,1,1,0
this_optimistic,1,1,0
strictly_turkish,1,1,0
slightly_manic,1,1,0
slightly_melancholic,1,1,0
this_nice,1,1,0
strictly_verbatim,1,1,0
strictly_villainous,1,1,0
strictly_victorian,1,1,0
this_honest,1,1,0
slightly_miserable,1,1,0
slightly_meritorious,1,1,0
this_important,1,1,0
this_impressive,1,1,0
this_interested,1,1,0
this_messy,1,1,0
this_large,1,1,0
this_loud,1,1,0
this_many,1,1,0
strictly_valuable,1,1,0
unfailingly_steady,1,1,0
slightly_menacing,1,0,1
this_menacing,1,1,0
unfairly_absurd,1,1,0
slightly_lucky,1,1,0
very_silky,1,1,0
this_stupid,1,1,0
very_sexist,1,1,0
strictly_taboo,1,0,1
unfairly_critical,1,1,0
very_sex,1,1,0
strictly_surreal,1,1,0
this_simple,1,1,0
unfairly_damned,1,1,0
unfairly_demanding,1,1,0
this_severe,1,1,0
strictly_supernatural,1,0,1
slightly_louder,1,1,0
this_tired,1,1,0
strictly_superior,1,1,0
slightly_logical,1,1,0
so_interchangeable,1,1,0
strictly_superficial,1,1,0
strictly_tasteful,1,1,0
this_satisfied,1,1,0
unfairly_advantageous,1,1,0
this_prepared,1,1,0
this_passionate,1,1,0
this_polite,1,1,0
unfairly_applicable,1,1,0
strictly_tropical,1,1,0
very_short-lived,1,1,0
totally_sacred,1,1,0
strictly_transactional,1,1,0
strictly_thrilled,1,1,0
this_quaint,1,1,0
very_shameful,1,1,0
this_pronounced,1,1,0
slightly_lovable,1,1,0
very_shaky,1,1,0
unfairly_cheap,1,1,0
strictly_temporary,1,1,0
really_rigid,1,1,0
strictly_violent,1,1,0
really_reversible,1,1,0
very_sensuous,1,1,0
this_high,1,1,0
totally_sedentary,1,1,0
unfailingly_loyal,1,1,0
strikingly_memorable,1,0,1
strikingly_magical,1,1,0
strikingly_jewish,1,0,1
strikingly_intelligent,1,1,0
strikingly_inspiring,1,1,0
slightly_nebulous,1,1,0
strikingly_independent,1,1,0
strikingly_incongruous,1,1,0
strikingly_immediate,1,1,0
strikingly_illustrative,1,1,0
slightly_nauseous,1,1,0
really_restful,1,1,0
really_restless,1,1,0
this_entertaining,1,1,0
totally_scottish,1,1,0
slightly_noisy,1,1,0
strikingly_offensive,1,1,0
totally_segregated,1,1,0
slightly_obnoxious,1,1,0
slightly_obscure,1,1,0
strikingly_subtle,1,1,0
strikingly_steady,1,1,0
strikingly_special,1,0,1
strikingly_sore,1,1,0
totally_selective,1,1,0
unfailingly_effective,1,1,0
unfailingly_entertaining,1,1,0
slightly_normal,1,1,0
very_sparse,1,1,0
strikingly_reminiscent,1,1,0
so_institutional,1,1,0
slightly_noteworthy,1,1,0
slightly_nostalgic,1,1,0
very_sovereign,1,1,0
slightly_north,1,1,0
strikingly_good-looking,1,1,0
this_enthusiastic,1,1,0
totally_sci-fi,1,1,0
unfailingly_safe,1,1,0
strikingly_bereft,1,1,0
unfailingly_precise,1,1,0
strikingly_attractive,1,1,0
this_funky,1,1,0
this_happy,1,1,0
slightly_moody,1,1,0
slightly_modest,1,1,0
so_intact,1,1,0
strikingly_better,1,1,0
this_heartbreaking,1,1,0
strictly_whimsical,1,1,0
slightly_misleading,1,1,0
strictly_waterproof,1,1,0
this_helpful,1,1,0
slightly_misguided,1,1,0
totally_sappy,1,0,1
very_snarky,1,1,0
strikingly_bizarre,1,0,1
very_solemn,1,1,0
this_exciting,1,1,0
really_restorative,1,1,0
slightly_naughty,1,1,0
slightly_mysterious,1,1,0
strikingly_elegant,1,1,0
strikingly_disturbing,1,1,0
slightly_mushy,1,1,0
totally_schizophrenic,1,1,0
this_expensive,1,1,0
unfailingly_positive,1,0,1
strikingly_controversial,1,1,0
unfailingly_patient,1,1,0
strikingly_clear,1,1,0
strikingly_charismatic,1,1,0
totally_savage,1,1,0
strikingly_bright,1,1,0
this_free,1,1,0
this_tough,1,1,0
strictly_suitable,1,1,0
really_priceless,1,1,0
thoroughly_cold,1,1,0
very_sacrosanct,1,1,0
thoroughly_conclusive,1,1,0
unfairly_snarky,1,1,0
very_ruthless,1,1,0
strictly_real-time,1,1,0
strictly_ready,1,1,0
thoroughly_confident,1,1,0
slightly_invasive,1,1,0
unfairly_subject,1,1,0
slightly_intrusive,1,1,0
very_run,1,1,0
thoroughly_confusing,1,1,0
strictly_racist,1,1,0
slightly_intolerable,1,1,0
very_routine,1,1,0
totally_retarded,1,1,0
totally_restrictive,1,1,0
really_royal,1,1,0
very_saddened,1,1,0
thoroughly_concerned,1,1,0
very_sandy,1,1,0
strictly_renewable,1,1,0
very_savage,1,1,0
strictly_removable,1,1,0
totally_righteous,1,1,0
unfairly_overworked,1,1,0
thoroughly_complacent,1,1,0
very_sappy,1,1,0
slightly_irrelevant,1,1,0
very_salacious,1,1,0
thoroughly_comprehensible,1,1,0
strictly_regulatory,1,1,0
totally_revelatory,1,1,0
strictly_redundant,1,1,0
totally_reticent,1,1,0
strictly_rectangular,1,1,0
unfairly_single,1,1,0
unfairly_surprised,1,1,0
strictly_psychic,1,1,0
strictly_protective,1,1,0
totally_respectful,1,1,0
thoroughly_democratic,1,1,0
thoroughly_depraved,1,1,0
strictly_preferable,1,1,0
slightly_inclined,1,0,1
very_rife,1,1,0
slightly_inaccurate,1,1,0
strictly_pragmatic,1,1,0
unfathomably_different,1,1,0
thoroughly_delicious,1,1,0
strictly_positive,1,1,0
totally_respected,1,1,0
thoroughly_deserving,1,1,0
totally_resolute,1,1,0
really_ruthless,1,1,0
slightly_immoral,1,1,0
thoroughly_destructive,1,1,0
strictly_present,1,1,0
slightly_inconvenient,1,1,0
thoroughly_conservative,1,1,0
really_rugged,1,1,0
slightly_interactive,1,1,0
thoroughly_contemptible,1,1,0
thoroughly_contradictory,1,1,0
slightly_insightful,1,1,0
slightly_inscrutable,1,1,0
really_rudimentary,1,1,0
unfairly_targeted,1,1,0
thoroughly_crazy,1,1,0
slightly_incredible,1,1,0
slightly_indigenous,1,1,0
slightly_independent,1,1,0
slightly_incremental,1,0,1
thoroughly_critical,1,1,0
strictly_productive,1,0,1
thoroughly_damned,1,1,0
strictly_primitive,1,1,0
really_rousing,1,0,1
strictly_repeatable,1,1,0
strictly_such,1,1,0
unfairly_lenient,1,1,0
so_interdisciplinary,1,1,0
very_self-critical,1,1,0
strictly_somber,1,1,0
strictly_socialist,1,1,0
totally_robust,1,1,0
strictly_sober,1,1,0
strictly_singular,1,1,0
strictly_simultaneous,1,1,0
slightly_laughable,1,1,0
thoroughly_american,1,1,0
strictly_similar,1,1,0
totally_robotic,1,1,0
slightly_late,1,1,0
very_select,1,1,0
strictly_separate,1,1,0
thoroughly_anachronistic,1,1,0
so_intermittent,1,1,0
strictly_spherical,1,1,0
thoroughly_amazed,1,1,0
strictly_square,1,1,0
thoroughly_absent,1,1,0
unfairly_dominant,1,1,0
strictly_subjective,1,1,0
slightly_lighter,1,1,0
this_uneasy,1,1,0
this_wonderful,1,1,0
strictly_stupid,1,1,0
strictly_studious,1,1,0
totally_rubbish,1,1,0
so_interdependent,1,1,0
thoroughly_aghast,1,1,0
strictly_statistical,1,1,0
very_self-sufficient,1,1,0
thoroughly_agnostic,1,0,1
very_self-reliant,1,1,0
thoroughly_alone,1,1,0
strictly_static,1,1,0
unfairly_expensive,1,1,0
thoroughly_analytical,1,1,0
slightly_lame,1,1,0
strictly_restful,1,1,0
strictly_ruthless,1,1,0
strictly_royal,1,1,0
thoroughly_bogus,1,1,0
really_rotten,1,1,0
strictly_right-wing,1,1,0
strictly_rich,1,1,0
totally_risky,1,1,0
very_schizophrenic,1,1,0
strictly_sane,1,1,0
thoroughly_christian,1,1,0
very_sceptical,1,1,0
strictly_respected,1,1,0
very_scathing,1,1,0
totally_rigorous,1,1,0
unfairly_laden,1,1,0
strictly_repetitive,1,1,0
strictly_sad,1,1,0
strictly_scary,1,1,0
thoroughly_annoying,1,1,0
really_rosy,1,1,0
strictly_secondary,1,1,0
very_secular,1,0,1
unfairly_handicapped,1,1,0
thoroughly_articulate,1,1,0
unfairly_happier,1,1,0
very_sectarian,1,1,0
strictly_scrupulous,1,1,0
slightly_lacking,1,1,0
strictly_scholarly,1,1,0
slightly_judgmental,1,1,0
strictly_scottish,1,1,0
thoroughly_autobiographical,1,1,0
very_secluded,1,1,0
thoroughly_believable,1,1,0
thoroughly_biblical,1,1,0
thoroughly_bipartisan,1,1,0
really_resourceful,1,1,0
this_difficult,1,1,0
slightly_obsessed,1,1,0
really_purposeful,1,1,0
very_temperate,1,1,0
really_racy,1,1,0
really_rad,1,1,0
structurally_incapable,1,1,0
structurally_improper,1,0,1
structurally_impressive,1,1,0
very_telling,1,1,0
structurally_impossible,1,1,0
therefore_wrong,1,1,0
structurally_impaired,1,1,0
structurally_imbalanced,1,1,0
thermally_acceptable,1,1,0
structurally_homogenous,1,1,0
structurally_flexible,1,1,0
structurally_flawed,1,1,0
unexpectedly_humiliating,1,1,0
structurally_essential,1,1,0
structurally_independent,1,1,0
really_racial,1,1,0
structurally_inevitable,1,1,0
structurally_masterful,1,1,0
slightly_precious,1,1,0
therefore_worthy,1,1,0
really_qualitative,1,1,0
unexpectedly_higher,1,1,0
structurally_messy,1,1,0
slightly_preachy,1,1,0
really_quantitative,1,1,0
structurally_major,1,0,1
really_rabid,1,1,0
structurally_irrational,1,1,0
totally_silver,1,1,0
structurally_integral,1,1,0
structurally_intact,1,1,0
structurally_informative,1,1,0
really_quixotic,1,1,0
totally_significant,1,1,0
thermally_effective,1,1,0
really_reactive,1,1,0
slightly_positive,1,1,0
strongly_sweet,1,1,0
slightly_poisonous,1,1,0
very_taboo,1,1,0
strongly_tactical,1,1,0
really_refundable,1,1,0
strongly_swollen,1,1,0
really_regal,1,1,0
really_regarded,1,1,0
really_regional,1,1,0
strongly_vegetarian,1,1,0
unexpectedly_naughty,1,1,0
really_regressive,1,1,0
unexpectedly_negative,1,0,1
really_regretful,1,1,0
strongly_spicy,1,1,0
strongly_sour,1,1,0
strongly_social,1,1,0
strongly_unified,1,1,0
unexpectedly_much,1,1,0
structurally_depressed,1,1,0
structurally_balanced,1,0,1
structurally_defective,1,0,1
structurally_dangerous,1,1,0
structurally_damaging,1,1,0
structurally_correct,1,1,0
unexpectedly_larger,1,1,0
structurally_compatible,1,1,0
structurally_broken,1,1,0
unexpectedly_lower,1,1,0
strongly_worried,1,1,0
really_reckless,1,1,0
structurally_awkward,1,0,1
structurally_attractive,1,1,0
structurally_anarchic,1,1,0
structurally_amiss,1,0,1
structurally_adequate,1,1,0
totally_short,1,1,0
slightly_predictable,1,1,0
very_textured,1,1,0
strikingly_timely,1,1,0
structurally_obsolete,1,1,0
stubbornly_honorable,1,1,0
stubbornly_french,1,1,0
stubbornly_foolish,1,1,0
stubbornly_determined,1,1,0
stubbornly_definitive,1,1,0
unexpectedly_early,1,1,0
stubbornly_captive,1,1,0
therefore_vulnerable,1,1,0
really_procedural,1,1,0
stubbornly_brave,1,1,0
stubbornly_antagonistic,1,1,0
really_profane,1,1,0
therefore_wasteful,1,1,0
structurally_worrisome,1,0,1
structurally_weak,1,1,0
unexpectedly_eloquent,1,1,0
structurally_unsafe,1,1,0
stubbornly_ignorant,1,1,0
very_tiresome,1,1,0
stubbornly_incidental,1,1,0
really_primary,1,1,0
stunningly_bright,1,1,0
unexpectedly_complex,1,1,0
stunningly_better,1,1,0
stunningly_awful,1,1,0
totally_snug,1,1,0
really_prickly,1,1,0
stunningly_amazing,1,1,0
really_principal,1,1,0
stubbornly_loyal,1,1,0
totally_slick,1,1,0
therefore_vital,1,1,0
stunningly_aggressive,1,1,0
stubbornly_traditional,1,1,0
unexpectedly_delicious,1,1,0
stubbornly_resilient,1,1,0
stubbornly_persistent,1,1,0
unexpectedly_excited,1,1,0
really_programmable,1,1,0
structurally_unequal,1,1,0
totally_single,1,1,0
structurally_risky,1,1,0
structurally_responsible,1,1,0
structurally_resilient,1,1,0
structurally_reliable,1,1,0
structurally_related,1,1,0
structurally_reasonable,1,1,0
structurally_radical,1,0,1
really_psychological,1,1,0
therefore_worried,1,1,0
unexpectedly_harsh,1,1,0
structurally_practical,1,1,0
structurally_positive,1,1,0
really_psychotic,1,1,0
structurally_perfect,1,1,0
really_punctual,1,1,0
really_punitive,1,1,0
structurally_rugged,1,1,0
structurally_self-sufficient,1,1,0
really_prohibitive,1,1,0
structurally_susceptible,1,1,0
really_promiscuous,1,1,0
structurally_tight,1,1,0
structurally_threatening,1,1,0
totally_skilled,1,1,0
slightly_pregnant,1,1,0
structurally_symmetrical,1,1,0
structurally_sustainable,1,1,0
really_proprietary,1,0,1
therefore_wonderful,1,1,0
unexpectedly_fast,1,1,0
totally_skeptical,1,1,0
structurally_sturdy,1,1,0
therefore_willing,1,1,0
structurally_special,1,1,0
unexpectedly_grateful,1,1,0
really_protectionist,1,1,0
very_symbiotic,1,1,0
really_regrettable,1,1,0
strongly_smoky,1,1,0
strongly_secular,1,1,0
this_busy,1,1,0
strongly_emotional,1,1,0
unfailingly_competent,1,1,0
very_stark,1,1,0
totally_serendipitous,1,1,0
strongly_divergent,1,1,0
this_candid,1,1,0
strongly_distinctive,1,1,0
totally_sentimental,1,1,0
really_replete,1,1,0
slightly_old,1,1,0
very_stalwart,1,1,0
strongly_determined,1,1,0
slightly_offensive,1,1,0
this_close,1,1,0
very_stagnant,1,1,0
unfailingly_depressing,1,1,0
very_staunch,1,1,0
strongly_enjoyable,1,1,0
strongly_enthusiastic,1,1,0
strongly_hawkish,1,1,0
strongly_inaccessible,1,1,0
slightly_outlandish,1,0,1
slightly_original,1,1,0
very_stormy,1,1,0
very_stoked,1,1,0
strongly_hoppy,1,1,0
strongly_hereditary,1,1,0
strongly_gullible,1,1,0
slightly_optimistic,1,1,0
strongly_green,1,1,0
strongly_genetic,1,1,0
very_stereotypical,1,1,0
strongly_flavorful,1,1,0
strongly_familiar,1,1,0
strongly_expensive,1,1,0
strongly_erotic,1,1,0
slightly_offended,1,1,0
strongly_compelling,1,1,0
strongly_committed,1,1,0
totally_self-explanatory,1,1,0
strongly_analytical,1,1,0
strongly_alike,1,1,0
strongly_addictive,1,1,0
this_convenient,1,1,0
really_resident,1,1,0
totally_self-reliant,1,1,0
really_resilient,1,1,0
very_spoiled,1,1,0
so_insolvent,1,1,0
strongly_acidic,1,1,0
totally_self-contained,1,1,0
totally_self-centered,1,1,0
strongly_able,1,1,0
totally_self-aware,1,1,0
so_instinctive,1,1,0
strikingly_unique,1,1,0
strongly_antagonistic,1,1,0
very_spot,1,1,0
really_reprehensible,1,1,0
slightly_off-putting,1,1,0
strongly_commensurate,1,1,0
very_staggering,1,1,0
strongly_bitter,1,1,0
strongly_biological,1,1,0
strongly_bearish,1,1,0
very_squishy,1,1,0
really_reproducible,1,1,0
strongly_assertive,1,1,0
very_spot-on,1,1,0
slightly_off-kilter,1,0,1
strongly_applicable,1,1,0
strongly_appealing,1,1,0
strongly_apparent,1,1,0
strongly_antithetical,1,1,0
strongly_anti-israel,1,1,0
this_complicated,1,1,0
this_blatant,1,1,0
totally_set,1,1,0
very_streaky,1,1,0
strongly_probable,1,1,0
strongly_reachable,1,1,0
totally_shit,1,1,0
strongly_psychic,1,1,0
very_superhuman,1,1,0
strongly_protective,1,1,0
slightly_parallel,1,1,0
very_superb,1,1,0
very_sumptuous,1,1,0
slightly_patronizing,1,1,0
strongly_pro-choice,1,1,0
strongly_pro-american,1,1,0
very_sultry,1,1,0
strongly_principled,1,1,0
strongly_predominant,1,1,0
this_afraid,1,1,0
strongly_popular,1,1,0
strongly_reassuring,1,1,0
unexpectedly_odd,1,1,0
very_succulent,1,1,0
very_sweaty,1,1,0
slightly_plump,1,1,0
slightly_pink,1,1,0
strongly_salty,1,1,0
strongly_rough,1,1,0
very_sweeping,1,0,1
strongly_right,1,1,0
strongly_resistant,1,1,0
strongly_resilient,1,1,0
strongly_recommendable,1,1,0
very_suspect,1,1,0
slightly_persuasive,1,1,0
strongly_reminiscent,1,1,0
very_surreal,1,1,0
slightly_perplexing,1,1,0
very_surgical,1,1,0
strongly_relevant,1,1,0
this_ambitious,1,1,0
unexpectedly_outrageous,1,1,0
unexpectedly_wrong,1,0,1
so_insatiable,1,1,0
very_structural,1,1,0
really_reliant,1,1,0
unexpectedly_strong,1,1,0
strongly_jealous,1,1,0
very_strongest,1,1,0
very_stronger,1,1,0
unexpectedly_uneven,1,1,0
strongly_introverted,1,1,0
strongly_magnetic,1,1,0
strongly_international,1,1,0
unexpectedly_weak,1,1,0
very_strident,1,1,0
this_bearish,1,1,0
strongly_individualistic,1,1,0
totally_several,1,1,0
slightly_outraged,1,1,0
strongly_libertarian,1,1,0
strongly_masculine,1,1,0
really_relentless,1,1,0
unexpectedly_pregnant,1,1,0
strongly_poetic,1,1,0
strongly_pigmented,1,1,0
strongly_peculiar,1,1,0
this_awesome,1,1,0
strongly_passionate,1,1,0
unexpectedly_positive,1,1,0
strongly_partial,1,1,0
strongly_optimistic,1,1,0
very_stunned,1,1,0
unexpectedly_shy,1,1,0
totally_shady,1,1,0
unexpectedly_solid,1,1,0
strongly_muslim,1,1,0
very_subdued,1,1,0
strongly_motivated,1,1,0
strongly_medicinal,1,1,0
very_financial,1,1,0
very_final,1,1,0
very_filthy,1,1,0
too_deceptive,1,1,0
specifically_correct,1,1,0
too_defensible,1,1,0
totally_flexible,1,1,0
regularly_excruciating,1,1,0
so_outdoor,1,1,0
vastly_smarter,1,1,0
regularly_experienced,1,1,0
totally_flawed,1,1,0
regularly_fast,1,1,0
specifically_contradictory,1,1,0
too_deficient,1,1,0
regularly_full,1,1,0
specifically_connected,1,1,0
specifically_confident,1,1,0
regularly_handy,1,1,0
regularly_important,1,1,0
vastly_poorer,1,1,0
totally_flimsy,1,1,0
uniformly_unfunny,1,1,0
regularly_dry,1,1,0
vastly_unique,1,1,0
regularly_attainable,1,1,0
vastly_unqualified,1,1,0
regularly_aware,1,1,0
regularly_beautiful,1,1,0
simply_snug,1,1,0
vastly_unpopular,1,1,0
regularly_black,1,1,0
regularly_compelling,1,1,0
regularly_deep,1,1,0
simply_smooth,1,1,0
regularly_competitive,1,1,0
simply_smarter,1,1,0
too_dedicated,1,1,0
regularly_confused,1,1,0
vastly_stronger,1,1,0
regularly_dead,1,1,0
regularly_keen,1,1,0
regularly_less,1,1,0
totally_flattering,1,1,0
regularly_sustainable,1,1,0
totally_finite,1,1,0
regularly_sharp,1,1,0
totally_financial,1,1,0
totally_filthy,1,1,0
regularly_spectacular,1,1,0
regularly_successful,1,1,0
vastly_irritating,1,1,0
vastly_irresponsible,1,1,0
regularly_secure,1,1,0
simply_sleazy,1,1,0
regularly_violent,1,1,0
relatively_abundant,1,1,0
relatively_accessible,1,1,0
relatively_accountable,1,1,0
vastly_inhuman,1,1,0
specifically_comforting,1,1,0
totally_firm,1,1,0
regularly_rational,1,1,0
regularly_mistaken,1,1,0
vastly_most,1,1,0
regularly_obtainable,1,1,0
vastly_original,1,1,0
regularly_obvious,1,1,0
totally_flamboyant,1,1,0
regularly_online,1,1,0
regularly_outdoors,1,1,0
regularly_persistent,1,1,0
too_deft,1,1,0
specifically_committed,1,1,0
too_dehydrated,1,1,0
uniformly_vegetarian,1,1,0
totally_fitting,1,1,0
vastly_more,1,1,0
simply_slower,1,1,0
regularly_prone,1,1,0
specifically_communist,1,0,1
too_decisive,1,1,0
regularly_alternate,1,1,0
totally_fickle,1,1,0
vastly_warm,1,1,0
refreshingly_cold,1,1,0
refreshingly_contentious,1,1,0
simply_special,1,1,0
specifically_defensive,1,1,0
refreshingly_direct,1,1,0
too_dapper,1,1,0
refreshingly_easy,1,1,0
refreshingly_free,1,1,0
specifically_defamatory,1,0,1
totally_frank,1,1,0
totally_fortunate,1,1,0
totally_formulaic,1,1,0
refreshingly_humble,1,0,1
refreshingly_mournful,1,1,0
verbally_clever,1,1,0
refreshingly_right,1,1,0
simply_sour,1,1,0
so_opulent,1,1,0
refreshingly_coherent,1,1,0
verbally_communicative,1,1,0
simply_specious,1,1,0
red_available,1,1,0
totally_freaky,1,1,0
specifically_delicious,1,1,0
red_delicious,1,1,0
verbally_dysfunctional,1,1,0
verbally_demonstrative,1,1,0
verbally_cruel,1,1,0
uniformly_tidy,1,1,0
refreshingly_candid,1,1,0
red_wonderful,1,1,0
verbally_creative,1,1,0
specifically_defiant,1,1,0
refreshingly_better,1,1,0
verbally_correct,1,1,0
refreshingly_brutal,1,1,0
totally_fraught,1,1,0
verbally_clear,1,1,0
refreshingly_sensible,1,1,0
refreshingly_sweet,1,1,0
regularly_abusive,1,1,0
specifically_crazy,1,1,0
regionally_incorrect,1,1,0
specifically_costly,1,1,0
simply_solid,1,1,0
regionally_sleepy,1,0,1
verbally_abused,1,1,0
too_debatable,1,1,0
verbally_able,1,1,0
regionally_high,1,1,0
regularly_accessible,1,1,0
vastly_worthy,1,1,0
regularly_accustomed,1,1,0
simply_solar,1,1,0
totally_fluid,1,1,0
regularly_achievable,1,1,0
simply_soft,1,1,0
regionally_inclusive,1,1,0
simply_soothing,1,1,0
refreshingly_unexpected,1,1,0
regionally_appropriate,1,1,0
verbally_belligerent,1,1,0
verbally_appreciative,1,1,0
refreshingly_unique,1,1,0
simply_sorry,1,1,0
regionally_accessible,1,1,0
regionally_active,1,1,0
verbally_agile,1,1,0
specifically_cute,1,1,0
so_orwellian,1,1,0
totally_foggy,1,1,0
totally_flush,1,1,0
verbally_affectionate,1,1,0
specifically_cultural,1,1,0
regionally_big,1,1,0
regionally_comprehensive,1,1,0
regionally_dependent,1,1,0
simply_skillful,1,1,0
relatively_attractive,1,1,0
relatively_sparse,1,1,0
too_desolate,1,1,0
relatively_lower,1,1,0
relatively_luxurious,1,1,0
relatively_meaningless,1,1,0
relatively_muted,1,1,0
relatively_near,1,1,0
too_deviant,1,0,1
vastly_excessive,1,1,0
relatively_noteworthy,1,0,1
totally_fab,1,1,0
relatively_old,1,1,0
relatively_onerous,1,1,0
specifically_brilliant,1,1,0
relatively_original,1,1,0
relatively_outstanding,1,0,1
vastly_evident,1,1,0
simply_shiite,1,1,0
simply_shameless,1,1,0
simply_shocked,1,1,0
relatively_low-cost,1,1,0
too_deterministic,1,1,0
relatively_invulnerable,1,1,0
uniformly_wasteful,1,1,0
relatively_intact,1,1,0
relatively_interesting,1,1,0
too_destabilizing,1,1,0
vastly_expensive,1,1,0
relatively_intriguing,1,1,0
simply_shocking,1,1,0
vastly_exciting,1,0,1
relatively_loud,1,1,0
relatively_lenient,1,1,0
relatively_less,1,1,0
relatively_likely,1,1,0
relatively_limited,1,1,0
relatively_little,1,0,1
relatively_long,1,1,0
relatively_long-term,1,1,0
relatively_poorer,1,1,0
relatively_powerless,1,1,0
too_devoted,1,1,0
relatively_silent,1,0,1
relatively_sane,1,1,0
specifically_beneficial,1,1,0
relatively_secluded,1,0,1
too_digestible,1,1,0
relatively_sensitive,1,1,0
vastly_customizable,1,1,0
relatively_shy,1,1,0
vastly_critical,1,1,0
vastly_disappointed,1,1,0
relatively_slight,1,1,0
relatively_slim,1,1,0
relatively_slow,1,1,0
so_parallel,1,1,0
totally_extreme,1,1,0
relatively_smaller,1,1,0
relatively_snug,1,1,0
relatively_safer,1,1,0
relatively_rough,1,1,0
relatively_pricey,1,1,0
simply_sex,1,1,0
simply_shallow,1,1,0
too_dicey,1,1,0
relatively_proportional,1,1,0
totally_eye-popping,1,1,0
vastly_easier,1,1,0
totally_extroverted,1,1,0
simply_sexual,1,1,0
relatively_relaxed,1,1,0
relatively_right,1,1,0
relatively_respectable,1,1,0
relatively_responsible,1,1,0
relatively_restless,1,1,0
relatively_revolutionary,1,1,0
relatively_rewarding,1,1,0
vastly_disproportionate,1,1,0
relatively_richer,1,1,0
relatively_innocuous,1,1,0
specifically_bullish,1,1,0
so_overhead,1,1,0
uniformly_warmer,1,1,0
totally_female,1,1,0
relatively_cheerful,1,1,0
vastly_hot,1,1,0
relatively_clear,1,1,0
so_overrated,1,1,0
relatively_colder,1,1,0
vastly_healthier,1,1,0
relatively_compact,1,1,0
too_demonic,1,1,0
relatively_constant,1,1,0
relatively_cost-effective,1,1,0
relatively_costly,1,1,0
relatively_cowardly,1,1,0
relatively_cute,1,1,0
relatively_diverse,1,1,0
specifically_chinese,1,1,0
relatively_dry,1,1,0
too_democratic,1,1,0
too_demented,1,1,0
uniformly_violent,1,1,0
vastly_incompetent,1,1,0
vastly_inefficient,1,1,0
specifically_clever,1,1,0
totally_feminist,1,1,0
relatively_autonomous,1,1,0
relatively_basic,1,1,0
totally_feminine,1,1,0
relatively_benevolent,1,1,0
relatively_big,1,1,0
relatively_certain,1,1,0
simply_simpler,1,1,0
uniformly_vile,1,1,0
specifically_civilized,1,1,0
relatively_bigger,1,1,0
vastly_improbable,1,1,0
so_overpaid,1,1,0
relatively_bright,1,1,0
totally_favourable,1,1,0
specifically_challenging,1,1,0
relatively_dull,1,1,0
vastly_forthcoming,1,1,0
relatively_handicapped,1,1,0
totally_fashionable,1,1,0
relatively_harmful,1,1,0
relatively_harmless,1,1,0
totally_fascinating,1,1,0
simply_shortsighted,1,1,0
relatively_helpless,1,1,0
relatively_hot,1,1,0
vastly_genteel,1,1,0
relatively_huge,1,1,0
relatively_humid,1,1,0
specifically_canadian,1,1,0
vastly_famous,1,1,0
relatively_impossible,1,1,0
relatively_inconsequential,1,1,0
relatively_ineffective,1,1,0
relatively_green,1,1,0
relatively_fresh,1,1,0
relatively_dysfunctional,1,1,0
specifically_certain,1,1,0
relatively_easier,1,1,0
relatively_economical,1,1,0
relatively_effective,1,1,0
totally_fatal,1,1,0
relatively_efficient,1,1,0
relatively_equal,1,1,0
relatively_exhausting,1,1,0
vastly_great,1,1,0
relatively_frequent,1,1,0
relatively_extreme,1,1,0
totally_fat,1,1,0
relatively_extroverted,1,1,0
relatively_faithful,1,1,0
totally_fast-paced,1,1,0
specifically_capable,1,1,0
simply_significant,1,1,0
verbally_effusive,1,1,0
uniformly_thicker,1,1,0
specifically_delighted,1,1,0
totally_heterosexual,1,1,0
reasonably_fixable,1,1,0
reasonably_fluent,1,1,0
reasonably_fond,1,1,0
specifically_external,1,1,0
specifically_exotic,1,1,0
reasonably_fresh,1,1,0
reasonably_fundamental,1,1,0
reasonably_germane,1,1,0
specifically_exclusive,1,1,0
simply_systematic,1,1,0
uniformly_stupid,1,1,0
too_conflicted,1,1,0
totally_hard-hitting,1,0,1
very_addicted,1,1,0
totally_hapless,1,1,0
reasonably_indicative,1,1,0
too_conflicting,1,1,0
totally_heady,1,1,0
specifically_eye-catching,1,0,1
very_administrative,1,1,0
reasonably_dusty,1,1,0
totally_heretical,1,1,0
reasonably_detectable,1,1,0
totally_heartbroken,1,1,0
very_adverse,1,1,0
simply_terrible,1,1,0
specifically_fascinating,1,1,0
reasonably_distinguishable,1,1,0
totally_heartbreaking,1,1,0
too_conciliatory,1,1,0
totally_healthful,1,1,0
very_adorable,1,1,0
reasonably_enforceable,1,1,0
reasonably_equal,1,1,0
reasonably_equivalent,1,1,0
reasonably_evident,1,1,0
uniformly_stunning,1,1,0
totally_handsome,1,1,0
reasonably_intact,1,1,0
reasonably_intelligent,1,1,0
too_consuming,1,1,0
uniformly_suitable,1,1,0
reasonably_proper,1,1,0
specifically_environmental,1,1,0
totally_greedy,1,1,0
reasonably_proportional,1,1,0
reasonably_proportionate,1,1,0
simply_sultry,1,1,0
totally_gray,1,1,0
specifically_ethnic,1,1,0
reasonably_prosperous,1,1,0
too_contemptible,1,0,1
reasonably_proud,1,1,0
simply_such,1,1,0
too_contented,1,0,1
specifically_enjoyable,1,1,0
totally_gratifying,1,1,0
uniformly_sublime,1,1,0
totally_grey,1,1,0
specifically_evocative,1,1,0
reasonably_ok,1,1,0
totally_handicapped,1,1,0
specifically_eventful,1,1,0
very_acrimonious,1,1,0
totally_hairless,1,1,0
totally_gullible,1,1,0
totally_guilty,1,0,1
reasonably_obvious,1,1,0
totally_gruff,1,1,0
reasonably_preventable,1,1,0
too_congruent,1,1,0
reasonably_pertinent,1,1,0
simply_supreme,1,1,0
reasonably_positive,1,1,0
too_connected,1,0,1
totally_groundbreaking,1,0,1
so_obtainable,1,1,0
reasonably_defensible,1,1,0
specifically_fat,1,1,0
too_daft,1,1,0
specifically_female,1,1,0
totally_hispanic,1,1,0
reasonably_ambiguous,1,1,0
specifically_greek,1,1,0
totally_hip,1,1,0
simply_thick,1,1,0
simply_therapeutic,1,1,0
uniformly_slow,1,1,0
reasonably_appropriate,1,1,0
too_comedic,1,1,0
specifically_german,1,1,0
reasonably_attainable,1,1,0
specifically_generous,1,1,0
uniformly_sluggish,1,1,0
reasonably_attractive,1,1,0
reasonably_attributable,1,1,0
totally_hilarious,1,1,0
totally_high,1,1,0
reasonably_advanced,1,1,0
specifically_handmade,1,1,0
too_colorless,1,1,0
reasonably_acceptable,1,1,0
realy_superhuman,1,1,0
uniformly_skilful,1,1,0
realy_surprising,1,1,0
simply_thrilling,1,1,0
so_nude,1,1,0
realy_worried,1,1,0
specifically_harmful,1,1,0
specifically_hard,1,1,0
simply_thin,1,1,0
reasonably_accurate,1,1,0
simply_thorough,1,1,0
very_alkaline,1,1,0
reasonably_adaptable,1,1,0
too_collaborative,1,1,0
reasonably_adaptive,1,1,0
too_collectible,1,1,0
uniformly_solid,1,1,0
very_alarmist,1,1,0
specifically_funny,1,1,0
simply_terrifying,1,1,0
simply_thematic,1,1,0
reasonably_complete,1,1,0
reasonably_comprehensive,1,1,0
simply_thankful,1,1,0
totally_hidden,1,1,0
reasonably_concerned,1,1,0
simply_territorial,1,1,0
uniformly_straightforward,1,1,0
too_complementary,1,0,1
reasonably_convenient,1,1,0
specifically_feminine,1,1,0
reasonably_conversant,1,1,0
very_affable,1,1,0
reasonably_correct,1,1,0
reasonably_costly,1,1,0
reasonably_current,1,1,0
reasonably_compatible,1,1,0
simply_theological,1,1,0
reasonably_believable,1,1,0
totally_hideous,1,1,0
specifically_friendly,1,1,0
uniformly_stagnant,1,1,0
specifically_free,1,1,0
very_akin,1,1,0
reasonably_cautious,1,1,0
specifically_foreseeable,1,1,0
very_agricultural,1,1,0
uniformly_steady,1,1,0
reasonably_common,1,1,0
very_aggravating,1,1,0
reasonably_coherent,1,1,0
specifically_forbidden,1,1,0
specifically_fond,1,1,0
too_compelled,1,1,0
so_nurturing,1,1,0
specifically_financial,1,1,0
reasonably_relevant,1,1,0
reasonably_replaceable,1,1,0
so_off,1,1,0
reasonably_sane,1,1,0
recently_simple,1,1,0
recently_skilled,1,1,0
recently_solar,1,1,0
verbally_harsh,1,1,0
recently_unemployed,1,1,0
recently_useful,1,1,0
simply_stagnant,1,1,0
too_criminal,1,1,0
totally_fruitless,1,1,0
recklessly_brave,1,1,0
recklessly_conservative,1,1,0
recklessly_experimental,1,1,0
recklessly_expressive,1,1,0
totally_frugal,1,1,0
recklessly_high,1,1,0
so_open-ended,1,1,0
recklessly_ideological,1,1,0
recently_sick,1,1,0
recently_proficient,1,1,0
simply_standard,1,1,0
recently_more,1,1,0
totally_future,1,1,0
recently_guilty,1,1,0
recently_heartbroken,1,1,0
specifically_discriminatory,1,1,0
recently_incredible,1,1,0
recently_magnificent,1,1,0
recently_many,1,1,0
verbally_incomprehensible,1,0,1
totally_fundamental,1,1,0
specifically_dirty,1,1,0
verbally_homophobic,1,1,0
specifically_direct,1,1,0
so_onboard,1,1,0
recently_notable,1,0,1
recently_other,1,0,1
recently_persistent,1,1,0
simply_stable,1,1,0
simply_spurious,1,1,0
verbally_graphic,1,0,1
recognizably_new,1,1,0
so_oppressed,1,1,0
specifically_desirable,1,0,1
recognizably_feminine,1,1,0
recognizably_greek,1,1,0
verbally_enviable,1,1,0
recognizably_libertarian,1,0,1
uniformly_terrific,1,1,0
specifically_derivative,1,1,0
specifically_devoted,1,1,0
specifically_depressing,1,1,0
recognizably_organic,1,1,0
too_cyclical,1,1,0
recognizably_poisonous,1,1,0
recognizably_progressive,1,1,0
simply_spicy,1,1,0
specifically_demonic,1,1,0
recognizably_evil,1,1,0
verbally_facile,1,1,0
recklessly_naive,1,1,0
recognizably_chinese,1,1,0
recklessly_sentimental,1,1,0
specifically_diabolical,1,1,0
verbally_graceful,1,1,0
totally_frightful,1,1,0
recognizably_bad,1,1,0
recognizably_british,1,1,0
so_opportunistic,1,1,0
recognizably_christian,1,1,0
recognizably_doomed,1,1,0
verbally_good,1,1,0
too_cunning,1,1,0
uniformly_taboo,1,1,0
simply_splendid,1,1,0
verbally_flashy,1,1,0
recognizably_distinct,1,1,0
uniformly_tedious,1,1,0
uniformly_superior,1,1,0
recently_greatest,1,1,0
recently_great,1,1,0
reasonably_supportive,1,1,0
verbally_useful,1,1,0
too_cosmic,1,1,0
specifically_easy,1,1,0
verbally_unfortunate,1,1,0
verbally_submissive,1,1,0
specifically_easier,1,1,0
specifically_dreary,1,1,0
too_cost,1,1,0
specifically_economic,1,1,0
verbally_silly,1,1,0
specifically_drastic,1,0,1
reasonably_tenable,1,1,0
totally_glamorous,1,1,0
reasonably_thick,1,1,0
reasonably_tidy,1,1,0
specifically_domestic,1,1,0
totally_glib,1,1,0
specifically_economical,1,1,0
verbally_significant,1,1,0
reasonably_shocked,1,1,0
very_abrupt,1,1,0
simply_substandard,1,1,0
reasonably_searchable,1,1,0
so_off-kilter,1,1,0
simply_sublime,1,1,0
verbally_witty,1,1,0
totally_grateful,1,1,0
specifically_enforceable,1,1,0
totally_goofy,1,1,0
reasonably_significant,1,1,0
so_offbeat,1,1,0
reasonably_skilled,1,1,0
reasonably_specific,1,1,0
reasonably_standard,1,1,0
uniformly_superb,1,1,0
totally_graceful,1,1,0
totally_germane,1,1,0
totally_german,1,1,0
recently_familiar,1,1,0
recently_effective,1,1,0
verbally_open,1,1,0
simply_stronger,1,1,0
recently_conventional,1,1,0
verbally_obvious,1,1,0
recently_easier,1,1,0
so_older,1,1,0
verbally_jarring,1,1,0
verbally_interactive,1,1,0
recently_capable,1,1,0
totally_gaudy,1,1,0
recently_evident,1,1,0
recently_extinct,1,1,0
recently_fair,1,1,0
totally_fuzzy,1,1,0
totally_futuristic,1,1,0
verbally_inflated,1,1,0
recently_celebrated,1,0,1
recently_best,1,1,0
reasonably_unusual,1,1,0
recently_able,1,1,0
specifically_dogmatic,1,1,0
reasonably_worth,1,1,0
reasonably_young,1,1,0
reassuringly_expensive,1,1,0
reassuringly_positive,1,1,0
verbally_responsive,1,1,0
reassuringly_visible,1,1,0
verbally_passionate,1,1,0
recently_bankrupt,1,1,0
recently_amazing,1,1,0
so_old-school,1,1,0
recently_arbitrary,1,1,0
recently_attainable,1,1,0
recently_available,1,1,0
too_covert,1,1,0
recently_aware,1,1,0
relatively_sophisticated,1,1,0
too_diminutive,1,1,0
still_creamy,1,1,0
remarkably_dull,1,1,0
specially_eager,1,1,0
specially_dramatic,1,0,1
vaguely_fun,1,1,0
too_empowering,1,1,0
vaguely_french,1,1,0
remarkably_good-looking,1,1,0
remarkably_great,1,0,1
remarkably_greater,1,1,0
remarkably_handsome,1,1,0
remarkably_hard,1,1,0
remarkably_helpful,1,1,0
simply_respectable,1,1,0
vaguely_entertaining,1,1,0
too_enchanting,1,1,0
remarkably_illuminating,1,1,0
simply_resistant,1,1,0
totally_ecstatic,1,1,0
too_employable,1,1,0
totally_edible,1,1,0
remarkably_functional,1,1,0
totally_effeminate,1,1,0
remarkably_dumb,1,1,0
unintentionally_insensitive,1,1,0
remarkably_easier,1,1,0
remarkably_easy,1,1,0
specially_exciting,1,0,1
so_populated,1,1,0
remarkably_exceptional,1,1,0
remarkably_exciting,1,1,0
remarkably_fresh,1,1,0
unintentionally_offensive,1,1,0
vaguely_happy,1,1,0
vaguely_good,1,1,0
remarkably_fat,1,1,0
remarkably_few,1,0,1
vaguely_glib,1,1,0
remarkably_frequent,1,1,0
remarkably_immoral,1,1,0
remarkably_impressive,1,1,0
specially_distinguishable,1,0,1
too_engrossing,1,1,0
remarkably_loud,1,1,0
remarkably_low,1,1,0
vaguely_dissatisfied,1,1,0
remarkably_low-cost,1,1,0
remarkably_lower,1,1,0
remarkably_lush,1,1,0
specially_difficult,1,1,0
remarkably_naive,1,1,0
remarkably_lean,1,1,0
remarkably_nastier,1,1,0
specially_conversant,1,1,0
specially_complicated,1,1,0
unintentionally_ridiculous,1,1,0
remarkably_negative,1,0,1
totally_eco-friendly,1,1,0
vaguely_diplomatic,1,1,0
vaguely_dominant,1,0,1
remarkably_lazy,1,1,0
remarkably_inaccurate,1,1,0
remarkably_innovative,1,1,0
simply_repugnant,1,1,0
remarkably_inclusive,1,1,0
specially_distinctive,1,1,0
remarkably_incompetent,1,1,0
too_endangered,1,1,0
remarkably_inexpensive,1,1,0
too_endless,1,1,0
remarkably_insightful,1,1,0
vaguely_dull,1,1,0
vaguely_enough,1,1,0
totally_economic,1,1,0
vaguely_endangered,1,1,0
too_energized,1,1,0
vaguely_economic,1,1,0
remarkably_kind,1,1,0
remarkably_large,1,1,0
specially_extraordinary,1,1,0
too_electrifying,1,0,1
vaguely_digital,1,0,1
remarkably_disturbing,1,0,1
totally_egregious,1,1,0
specially_innovative,1,0,1
religiously_tremendous,1,1,0
specially_injurious,1,1,0
vaguely_irritated,1,1,0
religiously_uniform,1,1,0
religiously_valid,1,1,0
too_edifying,1,1,0
simply_rife,1,1,0
specially_important,1,1,0
unintentionally_creepy,1,1,0
specially_ill,1,1,0
religiously_zealous,1,1,0
specially_healthy,1,1,0
remarkably_able,1,1,0
specially_handsome,1,1,0
vaguely_intimidating,1,1,0
vaguely_justifiable,1,1,0
vaguely_legitimate,1,0,1
simply_robust,1,1,0
too_eastern,1,1,0
religiously_offensive,1,1,0
religiously_oriented,1,1,0
religiously_pious,1,1,0
religiously_pluralistic,1,1,0
too_easier,1,1,0
religiously_possible,1,1,0
religiously_proper,1,1,0
specially_interesting,1,0,1
religiously_taboo,1,1,0
religiously_protestant,1,1,0
totally_elastic,1,1,0
so_polarized,1,1,0
religiously_regrettable,1,1,0
specially_intelligent,1,1,0
religiously_sanguine,1,1,0
specially_inspiring,1,1,0
specially_gracious,1,1,0
remarkably_alarming,1,0,1
remarkably_apt,1,1,0
too_electric,1,1,0
remarkably_compatible,1,1,0
remarkably_competent,1,1,0
totally_efficacious,1,1,0
vaguely_important,1,1,0
unintentionally_humorous,1,1,0
unintentionally_impolite,1,1,0
specially_fine,1,0,1
remarkably_convenient,1,1,0
remarkably_clear,1,1,0
remarkably_daring,1,0,1
vaguely_identifiable,1,1,0
specially_favourable,1,1,0
specially_extravagant,1,0,1
vaguely_hypothetical,1,0,1
remarkably_delicious,1,1,0
vaguely_humanoid,1,1,0
remarkably_cold,1,1,0
remarkably_chilly,1,1,0
so_polish,1,1,0
too_eerie,1,1,0
remarkably_atmospheric,1,1,0
remarkably_attractive,1,1,0
remarkably_awful,1,1,0
specially_gorgeous,1,1,0
simply_richer,1,1,0
remarkably_bigger,1,1,0
totally_effortless,1,1,0
unintentionally_exploitative,1,1,0
remarkably_cheerful,1,1,0
remarkably_calm,1,1,0
remarkably_candid,1,1,0
specially_full,1,1,0
too_effectual,1,1,0
remarkably_cheaper,1,1,0
unintentionally_good,1,1,0
unintentionally_goofy,1,1,0
specially_colorful,1,1,0
remarkably_nice,1,1,0
totally_extraordinary,1,1,0
remotely_active,1,1,0
vaguely_amusing,1,1,0
vaguely_amused,1,1,0
remotely_analytical,1,1,0
simply_regressive,1,1,0
remotely_anomalous,1,1,0
too_exasperating,1,1,0
remotely_anonymous,1,1,0
remotely_anti-gay,1,0,1
simply_regional,1,1,0
remotely_anti-israel,1,1,0
uniquely_accessible,1,1,0
remotely_antiquated,1,0,1
remotely_apocalyptic,1,0,1
too_exhaustive,1,1,0
vaguely_american,1,0,1
too_exhilarating,1,1,0
spatially_symmetrical,1,1,0
uniquely_abusive,1,0,1
vaguely_appealing,1,0,1
vaguely_aspirational,1,1,0
uniquely_absurd,1,1,0
remotely_admirable,1,0,1
remotely_adorable,1,1,0
remotely_adventurous,1,0,1
remotely_affectionate,1,0,1
simply_reliable,1,1,0
specially_absorbent,1,1,0
remotely_aggressive,1,1,0
remotely_alarmed,1,1,0
simply_relational,1,1,0
simply_relaxing,1,1,0
remotely_alluring,1,0,1
vaguely_attractive,1,1,0
remotely_altruistic,1,1,0
remotely_amateurish,1,1,0
remotely_ambivalent,1,1,0
remotely_american,1,0,1
vaguely_achievable,1,1,0
spatially_related,1,1,0
vaguely_absurd,1,1,0
too_false,1,1,0
utterly_weird,1,1,0
too_facile,1,1,0
utterly_weary,1,1,0
utterly_wasteful,1,1,0
utterly_vulnerable,1,1,0
remotely_badass,1,1,0
totally_dovish,1,1,0
remotely_bashful,1,1,0
too_eye-popping,1,1,0
so_predictive,1,1,0
too_far-flung,1,1,0
too_farcical,1,1,0
spatially_present,1,1,0
utterly_various,1,1,0
simply_ready,1,1,0
remotely_benevolent,1,1,0
remotely_awesome,1,0,1
remotely_averse,1,1,0
spatially_redundant,1,1,0
spatially_random,1,1,0
spatially_realistic,1,1,0
remotely_argumentative,1,1,0
utterly_wrenching,1,1,0
simply_recent,1,1,0
utterly_worried,1,1,0
totally_drab,1,1,0
remotely_aspirational,1,0,1
utterly_wooden,1,1,0
too_eye-opening,1,0,1
totally_down,1,1,0
too_extremist,1,0,1
utterly_wonderful,1,1,0
remotely_autistic,1,1,0
remotely_autobiographical,1,1,0
remotely_autonomous,1,1,0
utterly_windy,1,1,0
vaguely_awesome,1,1,0
vaguely_believable,1,1,0
specially_christian,1,1,0
vaguely_bored,1,1,0
remarkably_resilient,1,1,0
remarkably_revelatory,1,0,1
remarkably_rich,1,1,0
remarkably_ridiculous,1,1,0
remarkably_robust,1,1,0
remarkably_roomy,1,1,0
specially_characteristic,1,0,1
remarkably_rugged,1,1,0
remarkably_same,1,1,0
specially_beautiful,1,1,0
remarkably_serious,1,1,0
remarkably_sexy,1,1,0
remarkably_shallow,1,1,0
remarkably_shocking,1,1,0
remarkably_short,1,1,0
vaguely_compulsory,1,1,0
vaguely_competent,1,1,0
simply_remarkable,1,1,0
remarkably_refreshing,1,0,1
remarkably_real,1,1,0
remarkably_pleased,1,1,0
specially_cheap,1,1,0
vaguely_critical,1,1,0
remarkably_peaceful,1,1,0
remarkably_persistent,1,1,0
remarkably_physical,1,1,0
remarkably_picturesque,1,1,0
vaguely_creative,1,1,0
simply_reprehensible,1,1,0
remarkably_readable,1,1,0
remarkably_prescient,1,1,0
vaguely_controversial,1,0,1
remarkably_pretty,1,1,0
remarkably_productive,1,1,0
remarkably_profound,1,1,0
remarkably_quick,1,1,0
remarkably_quieter,1,1,0
remarkably_skeptical,1,1,0
remarkably_skilful,1,1,0
unintentionally_silly,1,1,0
too_equal,1,1,0
remarkably_uninhibited,1,0,1
vaguely_clear,1,0,1
specially_adult,1,0,1
remarkably_unjust,1,1,0
remarkably_unorthodox,1,1,0
uniquely_abhorrent,1,1,0
remarkably_unremarkable,1,1,0
remarkably_warm,1,1,0
remarkably_touchy,1,1,0
too_equivocal,1,0,1
remarkably_worried,1,1,0
remarkably_wrong,1,0,1
vaguely_chinese,1,0,1
remotely_abusive,1,1,0
too_european,1,1,0
vaguely_bulky,1,0,1
remarkably_toxic,1,1,0
remarkably_thin,1,1,0
remarkably_special,1,0,1
remarkably_subtle,1,1,0
remarkably_specific,1,1,0
totally_durable,1,1,0
totally_dumbfounded,1,1,0
remarkably_strange,1,1,0
specially_appropriate,1,0,1
remarkably_stunning,1,1,0
remarkably_stupid,1,1,0
specially_applicable,1,1,0
remarkably_tall,1,1,0
too_ephemeral,1,1,0
remarkably_supple,1,1,0
remarkably_sure,1,1,0
remarkably_surprised,1,1,0
remarkably_swift,1,1,0
remarkably_swollen,1,1,0
specially_alarming,1,1,0
religiously_obsessed,1,1,0
vaguely_likely,1,1,0
specially_keen,1,1,0
unimaginably_cold,1,1,0
specifically_adjacent,1,1,0
vaguely_subtle,1,1,0
too_disproportionate,1,1,0
vaguely_sticky,1,1,0
specifically_actionable,1,1,0
simply_scholarly,1,1,0
relentlessly_polite,1,1,0
vaguely_steady,1,1,0
relentlessly_provocative,1,1,0
relentlessly_serious,1,1,0
relentlessly_single,1,1,0
relentlessly_social,1,1,0
relentlessly_stupid,1,1,0
relentlessly_thorough,1,1,0
relentlessly_unpleasant,1,1,0
totally_ethereal,1,1,0
relentlessly_vacuous,1,1,0
relentlessly_nasty,1,1,0
too_disorganized,1,1,0
simply_scientific,1,1,0
specifically_affordable,1,1,0
too_discriminatory,1,1,0
simply_searchable,1,1,0
unimaginably_cruel,1,1,0
relentlessly_evil,1,1,0
relentlessly_exciting,1,1,0
relentlessly_formal,1,1,0
too_disenchanted,1,1,0
relentlessly_green,1,0,1
unimaginably_different,1,1,0
too_dishonest,1,1,0
relentlessly_happy,1,1,0
relentlessly_heavy,1,1,0
relentlessly_hostile,1,1,0
relentlessly_linear,1,1,0
totally_euphoric,1,1,0
relentlessly_loud,1,1,0
relentlessly_violent,1,1,0
relentlessly_vocal,1,1,0
relentlessly_windy,1,1,0
reliably_detectable,1,1,0
vaguely_sedate,1,1,0
vaguely_secret,1,1,0
reliably_conversant,1,1,0
too_distorted,1,1,0
specially_visual,1,1,0
vaguely_scholarly,1,0,1
reliably_dependent,1,1,0
reliably_different,1,1,0
reliably_cold,1,1,0
reliably_dry,1,1,0
reliably_durable,1,1,0
vaguely_scary,1,1,0
specially_vicious,1,1,0
vaguely_safe,1,1,0
reliably_enough,1,1,0
too_distrustful,1,1,0
specially_worried,1,1,0
vaguely_sensible,1,1,0
relentlessly_wordy,1,1,0
vaguely_spiritual,1,1,0
specifically_accurate,1,1,0
totally_established,1,1,0
reliably_accessible,1,1,0
so_permeable,1,1,0
so_permissible,1,1,0
specifically_able,1,1,0
reliably_applicable,1,1,0
vaguely_sexual,1,1,0
reliably_clear,1,1,0
reliably_blue,1,0,1
reliably_captivating,1,1,0
reliably_chronological,1,1,0
reliably_classic,1,1,0
reliably_clean,1,1,0
specially_wrong,1,0,1
unimaginably_extreme,1,1,0
too_discriminating,1,1,0
simply_secondary,1,1,0
unintentionally_competitive,1,1,0
relentlessly_earnest,1,1,0
uniformly_wet,1,1,0
specifically_asian,1,1,0
specifically_arab,1,1,0
vastly_buggy,1,1,0
vastly_big,1,1,0
specifically_appropriate,1,1,0
vastly_alien,1,1,0
relatively_undervalued,1,1,0
relatively_underwhelming,1,1,0
relatively_uneducated,1,1,0
simply_sensual,1,1,0
simply_sensitive,1,1,0
relatively_unheard,1,1,0
vanishingly_unlikely,1,1,0
uniformly_willing,1,1,0
simply_senseless,1,1,0
totally_exhilarating,1,1,0
simply_sentimental,1,1,0
relatively_uncomfortable,1,1,0
vastly_circuitous,1,1,0
relatively_sumptuous,1,1,0
totally_extra,1,1,0
relatively_standard,1,1,0
relatively_static,1,1,0
relatively_steady,1,1,0
simply_serious,1,1,0
too_disadvantaged,1,1,0
vastly_complex,1,1,0
totally_expert,1,1,0
relatively_unaffected,1,1,0
relatively_swift,1,1,0
relatively_tall,1,1,0
specifically_authoritarian,1,1,0
uniformly_welcoming,1,1,0
simply_serendipitous,1,1,0
specifically_astronomical,1,1,0
totally_exotic,1,1,0
relatively_unique,1,1,0
vaguely_warm,1,1,0
relatively_unnoticed,1,1,0
relentlessly_cute,1,1,0
relentlessly_bullish,1,1,0
vaguely_useful,1,0,1
relentlessly_carnal,1,1,0
relentlessly_cheerful,1,1,0
relentlessly_creative,1,1,0
relentlessly_curious,1,1,0
vaguely_terrifying,1,1,0
specifically_amazing,1,0,1
specifically_amusing,1,1,0
simply_secular,1,1,0
relentlessly_dominant,1,1,0
specifically_agricultural,1,1,0
specifically_african,1,1,0
vaguely_synonymous,1,1,0
vaguely_sustainable,1,1,0
relentlessly_dull,1,1,0
unimaginably_angry,1,1,0
relentlessly_bad,1,1,0
vaguely_viable,1,1,0
relatively_vast,1,1,0
relatively_unoccupied,1,1,0
specifically_apparent,1,1,0
specifically_anxious,1,1,0
simply_selfish,1,1,0
relatively_unsung,1,1,0
relatively_untapped,1,1,0
relatively_untested,1,1,0
specifically_anti-democratic,1,1,0
relentlessly_awful,1,1,0
totally_excellent,1,1,0
relatively_weak,1,1,0
relatively_willing,1,1,0
relatively_worried,1,1,0
vaguely_vegan,1,1,0
relatively_youthful,1,1,0
relentlessly_amoral,1,0,1
reliably_entertaining,1,1,0
reliably_exhausting,1,0,1
specially_vegan,1,1,0
totally_erect,1,1,0
religiously_binding,1,1,0
specially_prevalent,1,1,0
religiously_blind,1,1,0
vaguely_positive,1,1,0
religiously_carnal,1,1,0
religiously_challenging,1,0,1
religiously_charitable,1,1,0
too_driven,1,1,0
specially_pleasant,1,1,0
religiously_christian,1,1,0
vaguely_political,1,1,0
too_dubious,1,1,0
specially_painful,1,1,0
unimaginably_long,1,1,0
too_dumbfounded,1,1,0
unimaginably_neurotic,1,1,0
vaguely_personal,1,0,1
religiously_barren,1,1,0
simply_round,1,1,0
specially_prominent,1,1,0
totally_entertaining,1,1,0
reliably_sensational,1,1,0
reliably_sunny,1,1,0
reliably_superhuman,1,1,0
reliably_susceptible,1,1,0
reliably_true,1,1,0
specially_proud,1,1,0
simply_rude,1,1,0
simply_rubbish,1,1,0
religiously_adequate,1,1,0
reliably_unstoppable,1,1,0
reliably_verifiable,1,1,0
reliably_warm,1,1,0
reliably_windy,1,1,0
specially_prosperous,1,1,0
religiously_abusive,1,1,0
vaguely_psychotic,1,1,0
religiously_compulsive,1,1,0
specially_noticeable,1,1,0
totally_energetic,1,1,0
totally_elite,1,1,0
religiously_inclusive,1,1,0
religiously_insane,1,1,0
religiously_inspired,1,1,0
religiously_intimate,1,1,0
specially_left-wing,1,0,1
unimaginably_subject,1,1,0
totally_elitist,1,1,0
totally_electronic,1,1,0
vaguely_morose,1,1,0
unintentionally_amusing,1,1,0
religiously_loyal,1,1,0
religiously_mandatory,1,1,0
vaguely_magnificent,1,1,0
religiously_moral,1,1,0
vaguely_logical,1,1,0
vaguely_local,1,1,0
vaguely_menacing,1,1,0
vaguely_nationalistic,1,0,1
religiously_defensible,1,1,0
religiously_enough,1,1,0
totally_encouraging,1,1,0
vaguely_partisan,1,1,0
vaguely_parallel,1,1,0
specially_noteworthy,1,0,1
totally_enchanting,1,1,0
vaguely_off-putting,1,1,0
unimaginably_pervasive,1,1,0
simply_rotten,1,1,0
religiously_homogeneous,1,1,0
religiously_exempt,1,1,0
religiously_extreme,1,1,0
unimaginably_smarter,1,1,0
religiously_fervent,1,1,0
religiously_flexible,1,1,0
specially_mesmerizing,1,1,0
vaguely_normal,1,0,1
reliably_secure,1,1,0
too_downtrodden,1,1,0
specially_qualified,1,1,0
reliably_joint,1,1,0
specially_smarter,1,1,0
reliably_immediate,1,1,0
reliably_inane,1,1,0
reliably_inconspicuous,1,1,0
simply_sarcastic,1,1,0
reliably_indicative,1,1,0
reliably_irrational,1,1,0
reliably_keen,1,1,0
reliably_homegrown,1,1,0
simply_salty,1,1,0
reliably_left-leaning,1,1,0
vaguely_relevant,1,1,0
vaguely_refreshing,1,1,0
reliably_lower,1,1,0
unimaginably_lengthy,1,1,0
reliably_magical,1,1,0
reliably_hot,1,1,0
reliably_higher,1,1,0
reliably_monogamous,1,1,0
unimaginably_large,1,1,0
reliably_feasible,1,1,0
reliably_fierce,1,1,0
reliably_free,1,1,0
reliably_friendly,1,1,0
unimaginably_horrible,1,1,0
vaguely_romantic,1,1,0
specially_unwell,1,1,0
vaguely_revelatory,1,0,1
reliably_high,1,1,0
reliably_functional,1,1,0
specially_ugly,1,0,1
specially_suitable,1,1,0
specially_spicy,1,1,0
vaguely_resentful,1,1,0
reliably_green,1,1,0
specially_specific,1,1,0
reliably_mercurial,1,1,0
vaguely_reflective,1,1,0
totally_entrenched,1,1,0
vaguely_raunchy,1,1,0
reliably_real,1,1,0
vaguely_ready,1,1,0
specially_safe,1,1,0
totally_environmental,1,1,0
reliably_reliable,1,1,0
too_down,1,1,0
simply_safe,1,1,0
specially_remarkable,1,1,0
reliably_readable,1,1,0
totally_enviable,1,1,0
vaguely_racist,1,1,0
reliably_rewarding,1,1,0
specially_religious,1,1,0
reliably_rousing,1,1,0
simply_saccharine,1,1,0
reliably_sanitary,1,1,0
specially_satisfied,1,1,0
reliably_rational,1,1,0
vaguely_recognisable,1,1,0
specially_skilled,1,1,0
reliably_partisan,1,1,0
totally_equitable,1,1,0
reliably_plentiful,1,1,0
too_dominate,1,1,0
too_dominating,1,1,0
totally_equipped,1,1,0
vaguely_reasonable,1,1,0
reliably_predictive,1,1,0
specially_satisfying,1,1,0
specially_significant,1,1,0
reliably_pro-life,1,1,0
reliably_prompt,1,1,0
reliably_prone,1,1,0
specially_sexual,1,0,1
reliably_pure,1,1,0
reliably_quantifiable,1,1,0
too_cohesive,1,1,0
realy_sick,1,1,0
realy_safe,1,1,0
starkly_realistic,1,1,0
starkly_aware,1,1,0
uniformly_gray,1,1,0
starkly_apparent,1,1,0
totally_moral,1,1,0
sincerely_israeli,1,1,0
uniformly_green,1,1,0
staggeringly_useful,1,1,0
uniformly_grey,1,0,1
staggeringly_unsuccessful,1,1,0
staggeringly_trivial,1,1,0
staggeringly_strange,1,1,0
staggeringly_spectacular,1,1,0
staggeringly_positive,1,1,0
really_timid,1,1,0
staggeringly_overpriced,1,1,0
staggeringly_original,1,1,0
staggeringly_open-ended,1,1,0
starkly_bad,1,1,0
starkly_beautiful,1,1,0
starkly_better,1,1,0
very_defensive,1,1,0
starkly_political,1,1,0
starkly_partisan,1,1,0
starkly_obvious,1,1,0
starkly_incompatible,1,1,0
sincerely_onboard,1,1,0
starkly_ideological,1,1,0
starkly_easy,1,1,0
sincerely_nice,1,1,0
starkly_binary,1,1,0
starkly_devastating,1,1,0
really_tidy,1,1,0
starkly_compelling,1,1,0
totally_moronic,1,1,0
uniformly_good-looking,1,0,1
sincerely_naked,1,1,0
really_timeless,1,1,0
staggeringly_new,1,0,1
staggeringly_massive,1,1,0
too_accommodative,1,1,0
very_deaf,1,1,0
totally_monolithic,1,1,0
sincerely_convincing,1,1,0
really_torturous,1,1,0
staggeringly_amazing,1,1,0
spotlessly_pure,1,1,0
spotlessly_immaculate,1,1,0
too_acerbic,1,1,0
really_total,1,1,0
staggeringly_cruel,1,1,0
splendidly_terrific,1,1,0
splendidly_inventive,1,1,0
splendidly_french,1,1,0
really_totalitarian,1,1,0
splendidly_complex,1,1,0
splendidly_absurd,1,1,0
spiritually_wrong,1,0,1
staggeringly_charismatic,1,1,0
sincerely_curious,1,1,0
staggeringly_marvelous,1,1,0
very_deceitful,1,1,0
totally_monotonous,1,1,0
staggeringly_larger,1,1,0
staggeringly_large,1,1,0
staggeringly_inaccurate,1,1,0
staggeringly_good,1,1,0
staggeringly_generous,1,1,0
sincerely_impossible,1,1,0
sincerely_idealistic,1,1,0
sincerely_devout,1,1,0
sincerely_happy,1,1,0
very_debilitating,1,1,0
staggeringly_effective,1,1,0
sincerely_excited,1,1,0
staggeringly_easy,1,1,0
staggeringly_dumb,1,1,0
staggeringly_drunk,1,1,0
starkly_powerful,1,1,0
starkly_revealing,1,1,0
spiritually_worthless,1,0,1
very_dehydrated,1,1,0
sincerely_supportive,1,1,0
statistically_certain,1,1,0
very_derivative,1,1,0
statistically_capable,1,1,0
statistically_brilliant,1,1,0
tonally_perfect,1,1,0
sincerely_sexual,1,1,0
statistically_bizarre,1,1,0
statistically_better,1,1,0
statistically_average,1,1,0
totally_naturalistic,1,1,0
statistically_attainable,1,1,0
very_depraved,1,1,0
uniformly_free,1,1,0
sincerely_respectful,1,0,1
totally_native,1,1,0
statistically_abysmal,1,1,0
statistically_clear,1,1,0
statistically_clear-cut,1,1,0
sincerely_thankful,1,1,0
sincerely_worried,1,1,0
statistically_dense,1,1,0
statistically_definitive,1,1,0
very_despondent,1,1,0
tonally_ideal,1,1,0
totally_neat,1,1,0
sinfully_creamy,1,1,0
statistically_dangerous,1,1,0
tonally_inconsistent,1,1,0
totally_near,1,1,0
very_desolate,1,1,0
statistically_consistent,1,1,0
sincerely_willing,1,1,0
statistically_complete,1,1,0
tonally_inferior,1,1,0
tonally_jarring,1,1,0
really_theoretical,1,0,1
statistically_abnormal,1,1,0
tonally_specific,1,1,0
startlingly_violent,1,1,0
totally_muslim,1,1,0
uniformly_glorious,1,1,0
startlingly_free,1,1,0
startlingly_fast,1,1,0
startlingly_expansive,1,1,0
very_dejected,1,1,0
startlingly_enlightening,1,1,0
uniformly_glum,1,1,0
startlingly_brilliant,1,1,0
startlingly_graphic,1,1,0
startlingly_blue,1,1,0
startlingly_beautiful,1,1,0
starkly_worse,1,1,0
starkly_white,1,0,1
starkly_visible,1,1,0
sincerely_privy,1,1,0
starkly_rigid,1,1,0
startlingly_good,1,1,0
very_delectable,1,1,0
startlingly_unprofessional,1,1,0
startlingly_slow,1,1,0
totally_narcissistic,1,1,0
startlingly_unfamiliar,1,1,0
startlingly_talented,1,1,0
startlingly_strange,1,0,1
very_delighted,1,1,0
totally_mythical,1,1,0
totally_mysterious,1,1,0
startlingly_reminiscent,1,1,0
startlingly_ignorant,1,1,0
sincerely_resentful,1,1,0
startlingly_realistic,1,1,0
startlingly_lush,1,1,0
sincerely_ready,1,1,0
startlingly_innovative,1,0,1
too_absent,1,1,0
totally_mute,1,1,0
uniformly_harder,1,1,0
really_touching,1,0,1
realy_representative,1,1,0
spiritually_genuine,1,1,0
spiritually_debilitating,1,1,0
spiritually_deaf,1,1,0
spiritually_curious,1,1,0
spiritually_criminal,1,1,0
simultaneously_short,1,1,0
very_cramped,1,1,0
spiritually_corrosive,1,1,0
simultaneously_shocking,1,1,0
spiritually_consequential,1,1,0
spiritually_compatible,1,1,0
so_mesmerising,1,0,1
totally_materialistic,1,1,0
very_coy,1,1,0
spiritually_burdensome,1,1,0
very_cowardly,1,1,0
really_tremendous,1,0,1
too_advantaged,1,1,0
very_crooked,1,1,0
spiritually_demented,1,1,0
spiritually_depraved,1,1,0
so_mental,1,1,0
spiritually_fit,1,1,0
spiritually_false,1,1,0
spiritually_faithful,1,1,0
spiritually_exciting,1,1,0
very_cryptic,1,1,0
spiritually_enlightening,1,1,0
really_translucent,1,1,0
simultaneously_slow,1,1,0
spiritually_depressing,1,0,1
too_administrative,1,1,0
spiritually_distant,1,1,0
spiritually_dissimilar,1,1,0
totally_meaningful,1,1,0
totally_mathematical,1,1,0
spiritually_destitute,1,1,0
spiritually_desolate,1,1,0
spiritually_bereft,1,1,0
spiritually_barren,1,1,0
spiritually_bankrupt,1,1,0
really_triple,1,1,0
very_corrosive,1,1,0
spectacularly_wealthy,1,1,0
very_corporate,1,1,0
very_corny,1,1,0
spectacularly_visual,1,1,0
simultaneously_political,1,1,0
very_core,1,0,1
really_trite,1,0,1
spectacularly_wild,1,1,0
spectacularly_visible,1,1,0
spectacularly_violent,1,1,0
spectacularly_unique,1,0,1
really_triumphant,1,1,0
spectacularly_unhelpful,1,1,0
spectacularly_unfunny,1,1,0
really_tropical,1,1,0
spectacularly_weird,1,1,0
spectacularly_wonderful,1,1,0
spiritually_awestruck,1,1,0
spiritually_alone,1,1,0
simultaneously_responsible,1,1,0
simultaneously_receptive,1,1,0
very_countless,1,1,0
simultaneously_real,1,1,0
totally_masculine,1,1,0
spiritually_asleep,1,1,0
spiritually_apt,1,1,0
too_aerodynamic,1,1,0
simultaneously_populist,1,1,0
spiritually_alien,1,1,0
simultaneously_productive,1,1,0
totally_marginal,1,1,0
spiritually_absent,1,1,0
simultaneously_possible,1,1,0
spiritually_able,1,1,0
uniformly_impressive,1,1,0
spiritually_foolish,1,1,0
spiritually_good,1,1,0
spiritually_whole,1,1,0
spiritually_greedy,1,1,0
very_damn,1,1,0
spiritually_secure,1,1,0
uniformly_harsh,1,1,0
spiritually_satisfied,1,1,0
very_dainty,1,1,0
spiritually_sane,1,1,0
spiritually_safer,1,1,0
uniformly_higher,1,1,0
spiritually_religious,1,1,0
totally_mindful,1,1,0
totally_mind-blowing,1,1,0
spiritually_profound,1,1,0
very_cyclical,1,1,0
spiritually_productive,1,1,0
uniformly_homophobic,1,1,0
too_addicting,1,1,0
spiritually_pretentious,1,1,0
spiritually_self-reliant,1,1,0
spiritually_shabby,1,1,0
spiritually_sound,1,1,0
totally_miniscule,1,1,0
spiritually_vibrant,1,1,0
spiritually_valuable,1,1,0
too_acquainted,1,1,0
so_medicinal,1,1,0
spiritually_unreliable,1,1,0
very_deadpan,1,1,0
spiritually_unaware,1,1,0
spiritually_tired,1,1,0
spiritually_squeamish,1,1,0
sincerely_averse,1,1,0
spiritually_sufficient,1,1,0
sincerely_apologetic,1,1,0
really_tougher,1,1,0
spiritually_stimulating,1,1,0
really_touristy,1,1,0
spiritually_stable,1,1,0
totally_messy,1,1,0
spiritually_poorer,1,1,0
uniformly_idyllic,1,1,0
spiritually_important,1,1,0
uniformly_important,1,1,0
spiritually_intelligent,1,1,0
simultaneously_sufficient,1,1,0
totally_merry,1,1,0
spiritually_influential,1,1,0
simultaneously_subject,1,1,0
totally_mental,1,1,0
really_transcendent,1,0,1
spiritually_intense,1,1,0
spiritually_immature,1,1,0
spiritually_ideal,1,1,0
spiritually_hip,1,1,0
spiritually_helpful,1,1,0
too_adequate,1,0,1
really_transformative,1,1,0
spiritually_happy,1,1,0
simultaneously_surprised,1,1,0
spiritually_interested,1,1,0
spiritually_perfect,1,1,0
spiritually_neutral,1,1,0
spiritually_passionate,1,1,0
spiritually_palatable,1,1,0
spiritually_open,1,1,0
spiritually_okay,1,1,0
spiritually_nutty,1,1,0
spiritually_nutritious,1,1,0
spiritually_normal,1,1,0
spiritually_motivated,1,1,0
too_additional,1,1,0
uniformly_impeccable,1,1,0
spiritually_meaningful,1,1,0
spiritually_literate,1,1,0
spiritually_liberating,1,1,0
really_tranquil,1,1,0
spiritually_lethargic,1,1,0
spiritually_lame,1,1,0
statistically_detectable,1,1,0
uniformly_flawless,1,1,0
statistically_discernible,1,1,0
very_equivocal,1,1,0
still_annoyed,1,1,0
totally_nonsensical,1,1,0
very_energized,1,1,0
totally_non-toxic,1,1,0
still_ambivalent,1,1,0
very_endangered,1,1,0
really_surreal,1,1,0
very_encompassing,1,1,0
still_adorable,1,1,0
still_admirable,1,1,0
very_empirical,1,1,0
still_adjacent,1,1,0
still_accurate,1,1,0
together_polite,1,1,0
very_elitist,1,1,0
still_accountable,1,1,0
together_positive,1,1,0
singularly_evocative,1,1,0
uniformly_enjoyable,1,1,0
still_applicable,1,1,0
singularly_exceptional,1,1,0
together_loyal,1,1,0
very_ephemeral,1,1,0
together_moral,1,1,0
very_envious,1,1,0
together_natural,1,1,0
very_enviable,1,1,0
singularly_expressive,1,1,0
still_attainable,1,1,0
still_apprehensive,1,1,0
together_necessary,1,1,0
still_ashamed,1,1,0
together_negative,1,1,0
still_arousing,1,1,0
still_apt,1,1,0
singularly_excellent,1,0,1
together_objective,1,1,0
still_acceptable,1,1,0
really_swell,1,1,0
together_promising,1,1,0
together_ready,1,1,0
stereotypically_popular,1,1,0
stereotypically_paranoid,1,1,0
stereotypically_native,1,1,0
stereotypically_naive,1,1,0
very_easiest,1,1,0
singularly_deterministic,1,1,0
really_synthetic,1,1,0
stereotypically_macho,1,0,1
stereotypically_proactive,1,1,0
so_maintainable,1,1,0
stereotypically_liberal,1,1,0
together_scientific,1,1,0
very_dysfunctional,1,1,0
really_tactful,1,1,0
stereotypically_jewish,1,1,0
stereotypically_insulting,1,1,0
really_symmetrical,1,1,0
stereotypically_rebellious,1,1,0
stereotypically_vegetarian,1,1,0
stereotypically_stellar,1,1,0
singularly_dynamic,1,1,0
stereotypically_unaware,1,1,0
stereotypically_tropical,1,0,1
stereotypically_tough,1,1,0
totally_nomadic,1,1,0
stereotypically_theatrical,1,0,1
stereotypically_stoic,1,1,0
stereotypically_spectacular,1,0,1
stereotypically_related,1,1,0
stereotypically_short,1,1,0
singularly_detrimental,1,0,1
stereotypically_serious,1,1,0
stereotypically_seasonal,1,1,0
very_effeminate,1,1,0
stereotypically_scottish,1,0,1
very_editable,1,1,0
singularly_frustrating,1,0,1
together_low,1,1,0
statistically_distinct,1,1,0
uniformly_enforceable,1,1,0
together_flattering,1,1,0
very_far-flung,1,1,0
still_clean,1,1,0
together_fresh,1,1,0
really_sugary,1,1,0
still_chuffed,1,1,0
still_childish,1,1,0
still_cheeky,1,1,0
together_full-time,1,1,0
still_challenging,1,1,0
very_fanatical,1,1,0
very_false,1,1,0
very_fake,1,1,0
together_good,1,1,0
very_facile,1,1,0
very_fabulous,1,1,0
still_careless,1,1,0
very_fast-paced,1,1,0
totally_obscene,1,1,0
still_commonplace,1,1,0
still_conscious,1,1,0
together_faithful,1,1,0
singularly_interested,1,1,0
still_costly,1,1,0
together_false,1,1,0
singularly_intellectual,1,1,0
very_fickle,1,1,0
still_contentious,1,1,0
uniformly_drastic,1,1,0
still_compelling,1,1,0
uniformly_early,1,1,0
together_fantastic,1,1,0
still_conceivable,1,1,0
singularly_inane,1,1,0
together_faster,1,1,0
still_comprehensive,1,1,0
still_complex,1,1,0
still_captivating,1,1,0
together_happy,1,1,0
totally_obligatory,1,1,0
very_even,1,1,0
still_bloated,1,1,0
singularly_grandiose,1,1,0
very_exhausted,1,1,0
still_bland,1,1,0
very_exaggerated,1,1,0
still_black,1,1,0
singularly_graceful,1,1,0
still_big,1,1,0
still_blue,1,1,0
uniformly_elegant,1,1,0
still_beholden,1,1,0
very_ethereal,1,1,0
very_esoteric,1,1,0
together_interested,1,1,0
singularly_good,1,1,0
still_awful,1,1,0
still_bloody,1,1,0
together_incomprehensible,1,1,0
still_bullish,1,1,0
still_brash,1,1,0
very_extremist,1,1,0
still_brilliant,1,1,0
totally_objectionable,1,1,0
really_summery,1,1,0
still_breathtaking,1,1,0
singularly_important,1,1,0
very_extra,1,1,0
uniformly_edifying,1,1,0
still_blurry,1,1,0
together_horrible,1,1,0
really_superhuman,1,1,0
together_human,1,1,0
together_impossible,1,1,0
still_boring,1,0,1
still_bored,1,1,0
uniformly_efficient,1,1,0
really_tactical,1,1,0
singularly_determined,1,1,0
very_driven,1,1,0
totally_nocturnal,1,1,0
together_unfamiliar,1,1,0
statistically_problematic,1,1,0
singularly_absurd,1,1,0
very_dim,1,1,0
uniformly_fatal,1,1,0
statistically_popular,1,1,0
statistically_poor,1,1,0
uniformly_favorable,1,1,0
singularly_able,1,1,0
uniformly_fearful,1,1,0
statistically_perfect,1,1,0
sinfully_wicked,1,1,0
statistically_overpowering,1,1,0
statistically_overdue,1,1,0
statistically_odd,1,1,0
statistically_more,1,1,0
statistically_minded,1,1,0
statistically_profitable,1,1,0
statistically_questionable,1,1,0
together_unexpected,1,1,0
statistically_scientific,1,1,0
uniformly_fat,1,1,0
singularly_brave,1,1,0
statistically_staggering,1,1,0
singularly_awful,1,1,0
statistically_spectacular,1,1,0
totally_nerve-racking,1,1,0
statistically_severe,1,1,0
statistically_savvy,1,1,0
together_unconvincing,1,1,0
singularly_american,1,0,1
together_tasty,1,1,0
singularly_amazing,1,1,0
together_thick,1,1,0
statistically_remarkable,1,0,1
together_thrilling,1,1,0
singularly_affectionate,1,1,0
together_unprecedented,1,1,0
statistically_many,1,1,0
statistically_literate,1,1,0
sinfully_ignorant,1,1,0
statistically_heavy,1,1,0
tonally_active,1,1,0
very_diabolical,1,1,0
really_theatrical,1,1,0
sinfully_raw,1,1,0
tonally_close,1,1,0
statistically_great,1,1,0
so_malty,1,1,0
tonally_accurate,1,1,0
statistically_fair,1,1,0
statistically_exciting,1,1,0
statistically_equal,1,1,0
statistically_enough,1,1,0
statistically_enormous,1,1,0
statistically_driven,1,1,0
sinfully_deep,1,1,0
statistically_identifiable,1,1,0
uniformly_fine,1,1,0
together_unpredictable,1,1,0
very_diffuse,1,1,0
statistically_larger,1,1,0
uniformly_festive,1,0,1
statistically_knowledgeable,1,1,0
statistically_interesting,1,1,0
statistically_insecure,1,1,0
totally_negligible,1,1,0
statistically_inexplicable,1,1,0
statistically_ineffective,1,1,0
statistically_improbable,1,1,0
statistically_independent,1,1,0
sinfully_weary,1,1,0
statistically_incompatible,1,1,0
sinfully_weak,1,1,0
sinfully_seductive,1,0,1
together_welcome,1,1,0
together_wonderful,1,1,0
statistically_substantial,1,1,0
uniformly_fantastic,1,1,0
statistically_successful,1,1,0
really_tannic,1,1,0
stereotypically_beautiful,1,1,0
uniformly_familiar,1,1,0
stereotypically_african-american,1,1,0
steadily_strong,1,1,0
really_tangy,1,1,0
very_divine,1,1,0
steadily_stellar,1,1,0
really_targeted,1,1,0
stereotypically_blond,1,1,0
steadily_profitable,1,1,0
steadily_principled,1,1,0
steadily_present,1,1,0
very_divergent,1,1,0
steadily_outspoken,1,1,0
steadily_hilarious,1,1,0
steadily_happy,1,1,0
very_dodgy,1,1,0
very_dominating,1,1,0
totally_nice,1,1,0
stereotypically_esoteric,1,1,0
stereotypically_good-looking,1,1,0
totally_nihilistic,1,1,0
stereotypically_geeky,1,1,0
stereotypically_funny,1,1,0
together_shocked,1,1,0
stereotypically_female,1,1,0
stereotypically_evil,1,1,0
stereotypically_emblematic,1,1,0
very_double,1,1,0
stereotypically_docile,1,1,0
stereotypically_creepy,1,1,0
totally_niche,1,1,0
very_dour,1,1,0
really_taller,1,1,0
stereotypically_carnal,1,1,0
uniformly_expensive,1,1,0
steadily_engrossing,1,1,0
so_male-dominated,1,1,0
very_disastrous,1,1,0
together_successful,1,1,0
together_smooth,1,1,0
very_disinterested,1,1,0
statistically_wrong,1,0,1
singularly_decisive,1,1,0
statistically_wise,1,1,0
together_sober,1,1,0
statistically_warmer,1,1,0
totally_nerve-wracking,1,1,0
very_disorganized,1,1,0
singularly_creepy,1,1,0
statistically_undeniable,1,1,0
statistically_typical,1,1,0
statistically_sustainable,1,1,0
statistically_surprising,1,1,0
together_sympathetic,1,1,0
singularly_compelling,1,1,0
really_technological,1,1,0
very_disoriented,1,1,0
steadily_dependable,1,1,0
staunchly_loyal,1,1,0
together_slim,1,1,0
steadily_available,1,1,0
staunchly_pro-israel,1,1,0
very_distorted,1,1,0
really_tasteful,1,1,0
really_tasteless,1,1,0
staunchly_pro-american,1,1,0
staunchly_heterosexual,1,1,0
very_disparate,1,1,0
staunchly_democratic,1,1,0
staunchly_convinced,1,0,1
very_disrespectful,1,1,0
very_disquieting,1,1,0
very_displeased,1,1,0
staunchly_cerebral,1,1,0
staunchly_authoritarian,1,1,0
spectacularly_troubled,1,1,0
spectacularly_tragic,1,1,0
spectacularly_tall,1,1,0
too_buddhist,1,1,0
specifically_obvious,1,1,0
specifically_nuclear,1,0,1
uniformly_recognizable,1,0,1
really_unlikable,1,1,0
specifically_novel,1,0,1
specifically_new,1,1,0
specifically_narrative,1,1,0
really_unmarked,1,1,0
really_unnatural,1,1,0
too_buoyant,1,1,0
really_unnerved,1,1,0
uniformly_red,1,1,0
really_unoccupied,1,1,0
so_nationwide,1,1,0
simply_unfounded,1,1,0
simply_unfortunate,1,1,0
uniformly_reflective,1,1,0
specifically_odd,1,0,1
specifically_offensive,1,1,0
really_unintended,1,1,0
totally_indigenous,1,1,0
very_bewildering,1,1,0
uniformly_rational,1,1,0
too_budget-friendly,1,1,0
specifically_orthodox,1,1,0
really_unhelpful,1,1,0
specifically_original,1,1,0
simply_universal,1,1,0
simply_uninterested,1,1,0
really_unimpressive,1,1,0
specifically_ok,1,1,0
totally_indie,1,1,0
specifically_official,1,0,1
really_unimaginative,1,1,0
totally_indecent,1,1,0
really_unimpressed,1,1,0
uniformly_ready,1,1,0
very_banal,1,1,0
really_unproven,1,1,0
specifically_mythic,1,0,1
very_baffled,1,1,0
specifically_masculine,1,1,0
very_bald,1,1,0
really_unwell,1,1,0
totally_incredible,1,1,0
really_upfront,1,0,1
really_uphill,1,1,0
too_capitalist,1,1,0
totally_inconvenient,1,1,0
simply_unfamiliar,1,1,0
so_naturalistic,1,1,0
very_badass,1,1,0
totally_incongruous,1,1,0
specifically_mad,1,1,0
uniformly_republican,1,1,0
too_captive,1,1,0
uniformly_resistant,1,1,0
really_unsurprising,1,1,0
really_unsuitable,1,1,0
too_cagey,1,1,0
specifically_military,1,1,0
specifically_musical,1,1,0
totally_indebted,1,1,0
really_unrecognisable,1,1,0
really_unrecognizable,1,1,0
simply_unfolding,1,1,0
specifically_more,1,0,1
really_unreliable,1,1,0
really_unsatisfied,1,1,0
specifically_memorable,1,0,1
specifically_mexican,1,1,0
simply_unflattering,1,1,0
totally_incredulous,1,1,0
simply_unfathomable,1,1,0
really_unspoken,1,1,0
really_unstable,1,1,0
really_unstoppable,1,1,0
very_bigger,1,1,0
uniformly_random,1,1,0
so_motionless,1,1,0
very_bigoted,1,1,0
very_changeable,1,1,0
very_ceremonial,1,1,0
simply_unselfish,1,1,0
simply_unscientific,1,1,0
very_cavalier,1,1,0
very_cathartic,1,1,0
uniformly_punitive,1,1,0
simply_unsavory,1,1,0
simply_unreliable,1,1,0
very_cartoonish,1,1,0
simply_unreasonable,1,1,0
really_unfolding,1,0,1
so_multifaceted,1,1,0
so_multiple,1,1,0
totally_inseparable,1,1,0
too_breathless,1,1,0
very_cagey,1,1,0
uniformly_promising,1,1,0
totally_inspirational,1,1,0
totally_inspired,1,1,0
very_cheeky,1,1,0
simply_unworthy,1,1,0
so_mountainous,1,1,0
so_mournful,1,1,0
simply_unused,1,1,0
totally_insufferable,1,1,0
totally_instructive,1,1,0
specifically_proud,1,1,0
specifically_problematic,1,0,1
uniformly_profitable,1,1,0
specifically_present,1,1,0
uniformly_productive,1,1,0
simply_unthinkable,1,1,0
specifically_prescriptive,1,1,0
specifically_predictable,1,1,0
simply_unsophisticated,1,1,0
specifically_possible,1,1,0
really_unforgivable,1,1,0
very_buttery,1,1,0
totally_inscrutable,1,1,0
very_bland,1,1,0
specifically_payable,1,1,0
very_blurred,1,1,0
very_blunt,1,1,0
specifically_patriotic,1,1,0
very_blind,1,1,0
specifically_partisan,1,1,0
very_bleak,1,1,0
very_bisexual,1,1,0
simply_unnamed,1,1,0
specifically_pain-free,1,1,0
very_biological,1,1,0
simply_unlikable,1,1,0
totally_inebriated,1,1,0
specifically_outstanding,1,0,1
simply_unlawful,1,1,0
simply_unknowable,1,1,0
totally_inexplicable,1,1,0
specifically_peachy,1,1,0
too_breathtaking,1,0,1
too_brooding,1,1,0
simply_unprofessional,1,1,0
uniformly_pure,1,1,0
totally_innate,1,1,0
uniformly_quiet,1,1,0
really_unfounded,1,1,0
very_broken,1,1,0
too_broken,1,0,1
totally_injured,1,1,0
specifically_perfect,1,1,0
totally_inhumane,1,1,0
totally_inhospitable,1,1,0
totally_infuriating,1,1,0
really_unfriendly,1,1,0
totally_informed,1,1,0
very_breathtaking,1,1,0
simply_unnatural,1,1,0
specifically_luxury,1,1,0
so_nauseous,1,1,0
simply_unexplained,1,1,0
simply_unexpected,1,1,0
really_youthful,1,1,0
simply_traumatic,1,1,0
uniformly_secular,1,1,0
realy_appropriate,1,1,0
realy_available,1,1,0
too_circumstantial,1,1,0
very_amorphous,1,1,0
totally_huge,1,0,1
realy_blue,1,1,0
realy_breathtaking,1,1,0
realy_challenging,1,1,0
totally_hospitable,1,1,0
realy_cheap,1,1,0
too_civil,1,1,0
specifically_hypocritical,1,0,1
realy_clear,1,1,0
too_civilised,1,1,0
uniformly_scary,1,1,0
totally_humble,1,1,0
totally_hypocritical,1,1,0
simply_troublesome,1,1,0
totally_idiosyncratic,1,1,0
really_witty,1,1,0
too_chinese,1,1,0
really_wooden,1,1,0
really_wordy,1,1,0
specifically_imaginative,1,1,0
very_angled,1,1,0
too_circuitous,1,1,0
simply_tricky,1,1,0
really_worrying,1,1,0
totally_hysterical,1,1,0
very_anarchic,1,1,0
simply_trivial,1,1,0
specifically_identical,1,1,0
specifically_idealistic,1,1,0
simply_triumphant,1,1,0
specifically_hygienic,1,1,0
realy_comfortable,1,1,0
realy_concerned,1,1,0
simply_timely,1,1,0
very_amateur,1,1,0
simply_tolerable,1,1,0
totally_honourable,1,1,0
realy_long-lasting,1,1,0
totally_homogeneous,1,1,0
realy_much,1,1,0
specifically_holy,1,1,0
realy_new,1,1,0
specifically_homosexual,1,1,0
too_cognizant,1,1,0
simply_timeless,1,1,0
realy_obvious,1,1,0
totally_homemade,1,1,0
realy_possible,1,1,0
realy_relevant,1,1,0
totally_homeless,1,1,0
realy_interested,1,1,0
realy_hot,1,1,0
realy_difficult,1,1,0
totally_horrifying,1,1,0
specifically_human,1,1,0
simply_transparent,1,1,0
too_clear-cut,1,0,1
simply_transcendent,1,1,0
uniformly_serene,1,1,0
realy_effective,1,1,0
realy_evil,1,1,0
totally_horrified,1,1,0
realy_high,1,1,0
realy_fair,1,1,0
realy_familiar,1,1,0
specifically_hostile,1,1,0
uniformly_serious,1,1,0
totally_horrific,1,1,0
totally_horrid,1,1,0
uniformly_shiny,1,1,0
simply_truthful,1,1,0
simply_tyrannical,1,1,0
uniformly_satisfied,1,1,0
really_vigilant,1,1,0
really_vibrant,1,1,0
specifically_lesbian,1,0,1
too_caustic,1,1,0
specifically_large,1,1,0
really_vicious,1,1,0
uniformly_ripe,1,1,0
really_viewable,1,1,0
uniformly_round,1,1,0
simply_undone,1,1,0
very_atheist,1,1,0
really_vindictive,1,1,0
totally_impenetrable,1,1,0
specifically_lacking,1,1,0
specifically_knowledgeable,1,1,0
specifically_kind,1,1,0
simply_undemocratic,1,1,0
really_vexing,1,1,0
totally_improper,1,1,0
too_centrist,1,1,0
very_autobiographical,1,1,0
very_automatic,1,1,0
specifically_low-cost,1,1,0
really_vacuous,1,1,0
simply_uneven,1,1,0
really_vague,1,0,1
specifically_low,1,1,0
very_automated,1,1,0
really_variable,1,1,0
uniformly_rigorous,1,1,0
specifically_light,1,1,0
so_nebulous,1,1,0
uniformly_retrograde,1,1,0
very_authoritarian,1,1,0
really_verbal,1,1,0
very_austere,1,1,0
too_caring,1,1,0
totally_impassable,1,1,0
really_vivid,1,1,0
simply_ugly,1,1,0
very_appalled,1,1,0
really_weary,1,1,0
specifically_irish,1,1,0
very_appalling,1,0,1
so_non-partisan,1,1,0
so_non-traditional,1,1,0
simply_unable,1,1,0
too_chemical,1,1,0
very_apathetic,1,1,0
so_non-existent,1,1,0
very_anticlimactic,1,1,0
very_anti-social,1,1,0
specifically_indigenous,1,1,0
really_winded,1,1,0
very_anomalous,1,1,0
uniformly_same,1,1,0
specifically_impressive,1,1,0
simply_unattractive,1,1,0
simply_unaware,1,1,0
too_changeable,1,1,0
specifically_italian,1,1,0
totally_immoral,1,1,0
really_volatile,1,1,0
too_characteristic,1,1,0
very_arrogant,1,1,0
very_arresting,1,1,0
simply_unconscious,1,1,0
so_nicer,1,1,0
very_armored,1,1,0
very_arab,1,1,0
very_argumentative,1,1,0
really_warmer,1,1,0
really_wary,1,1,0
so_nightmarish,1,1,0
very_arguable,1,0,1
really_watchable,1,0,1
simply_unbeatable,1,1,0
simply_upbeat,1,1,0
too_bloodthirsty,1,1,0
very_convertible,1,1,0
uniformly_lavish,1,1,0
uniformly_legal,1,1,0
spectacularly_close,1,1,0
really_unavoidable,1,1,0
simultaneously_divine,1,1,0
really_unaware,1,1,0
spectacularly_clever,1,1,0
simultaneously_daunting,1,0,1
too_amiable,1,1,0
spectacularly_cinematic,1,1,0
so_mind-boggling,1,0,1
too_amiss,1,1,0
simultaneously_consistent,1,1,0
simultaneously_concerned,1,1,0
too_anachronistic,1,1,0
spectacularly_bizarre,1,0,1
simultaneously_competitive,1,1,0
totally_loving,1,1,0
really_unavailable,1,1,0
spectacularly_clumsy,1,1,0
spectacularly_colorful,1,1,0
simultaneously_envious,1,1,0
simultaneously_frightening,1,1,0
so_mind-blowing,1,0,1
too_akin,1,1,0
simultaneously_french,1,1,0
simultaneously_exhausting,1,1,0
simultaneously_exciting,1,1,0
too_alike,1,1,0
spectacularly_curvy,1,1,0
spectacularly_compelling,1,1,0
too_alone,1,1,0
simultaneously_easy,1,1,0
too_amateur,1,1,0
spectacularly_consistent,1,1,0
very_consensual,1,1,0
spectacularly_complicated,1,1,0
spectacularly_complex,1,0,1
spectacularly_better,1,1,0
too_androgynous,1,1,0
simultaneously_clever,1,1,0
simply_worthy,1,1,0
spectacularly_absent,1,1,0
specifically_young,1,1,0
simply_yellow,1,1,0
totally_local,1,1,0
very_conceivable,1,1,0
specifically_worrisome,1,0,1
too_arab,1,1,0
very_compulsory,1,1,0
spectacularly_addictive,1,1,0
very_compulsive,1,1,0
totally_live,1,1,0
too_ardent,1,1,0
really_unchecked,1,1,0
simply_worthless,1,1,0
totally_literal,1,1,0
uniformly_luminous,1,1,0
spectacularly_absurd,1,1,0
totally_loopy,1,1,0
too_angelic,1,1,0
simultaneously_available,1,1,0
too_angled,1,1,0
spectacularly_average,1,1,0
really_unbreakable,1,1,0
too_anticlimactic,1,1,0
simultaneously_bouncy,1,1,0
uniformly_likable,1,1,0
simultaneously_aware,1,1,0
very_conceptual,1,1,0
uniformly_lower,1,1,0
too_antisocial,1,1,0
simultaneously_annoying,1,1,0
simultaneously_amazed,1,1,0
really_uncanny,1,1,0
spectacularly_astounding,1,0,1
too_apathetic,1,1,0
uniformly_low,1,1,0
simultaneously_good,1,1,0
simultaneously_grateful,1,1,0
simply_uphill,1,1,0
spectacularly_deep,1,1,0
spectacularly_precise,1,1,0
very_contrived,1,0,1
spectacularly_phony,1,1,0
spectacularly_perfect,1,1,0
so_metallic,1,1,0
spectacularly_old,1,1,0
simultaneously_observable,1,1,0
simultaneously_nutritious,1,1,0
spectacularly_miraculous,1,1,0
spectacularly_mind-blowing,1,1,0
spectacularly_lucrative,1,0,1
spectacularly_low,1,1,0
really_turkish,1,1,0
spectacularly_insane,1,1,0
totally_malicious,1,1,0
very_contiguous,1,1,0
very_contextual,1,1,0
spectacularly_productive,1,1,0
spectacularly_proud,1,1,0
spectacularly_racy,1,1,0
spectacularly_showy,1,1,0
simultaneously_outraged,1,1,0
spectacularly_talented,1,1,0
spectacularly_stupid,1,1,0
too_affective,1,1,0
spectacularly_sorry,1,1,0
spectacularly_solid,1,1,0
spectacularly_sinful,1,1,0
spectacularly_short,1,1,0
simultaneously_omnipresent,1,1,0
spectacularly_shitty,1,1,0
spectacularly_scenic,1,1,0
spectacularly_satisfying,1,0,1
spectacularly_remarkable,1,0,1
spectacularly_recognizable,1,1,0
simultaneously_open,1,1,0
spectacularly_rare,1,1,0
spectacularly_impatient,1,1,0
simultaneously_necessary,1,0,1
spectacularly_helpful,1,1,0
spectacularly_dissimilar,1,1,0
too_aggravating,1,1,0
spectacularly_dreadful,1,1,0
too_aghast,1,1,0
so_middle,1,1,0
simultaneously_ignorant,1,0,1
so_miffed,1,1,0
totally_lucid,1,1,0
too_agile,1,1,0
simultaneously_indicative,1,1,0
really_unanimous,1,1,0
uniformly_joyful,1,1,0
uniformly_juicy,1,1,0
simultaneously_hateful,1,1,0
uniformly_large,1,1,0
too_air-conditioned,1,1,0
totally_low,1,1,0
spectacularly_energetic,1,1,0
very_consuming,1,1,0
totally_male,1,1,0
spectacularly_fat,1,1,0
spectacularly_greater,1,1,0
very_contented,1,1,0
very_content,1,1,0
uniformly_indifferent,1,1,0
spectacularly_good-looking,1,1,0
too_affluent,1,0,1
spectacularly_flashy,1,1,0
simultaneously_naked,1,1,0
totally_lucky,1,1,0
totally_maddening,1,1,0
uniformly_inspired,1,1,0
totally_luxurious,1,1,0
spectacularly_enthusiastic,1,1,0
so_mexican,1,1,0
spectacularly_enough,1,1,0
very_contemplative,1,1,0
specifically_wild,1,1,0
specifically_white,1,1,0
totally_listenable,1,1,0
specifically_welcoming,1,1,0
specifically_right,1,1,0
uniformly_powerful,1,1,0
totally_irritating,1,1,0
simply_visceral,1,1,0
totally_irreversible,1,1,0
totally_irresistible,1,1,0
totally_irish,1,1,0
too_bellicose,1,1,0
very_circumstantial,1,1,0
simply_vile,1,1,0
specifically_resistant,1,1,0
too_bereft,1,1,0
specifically_reliant,1,1,0
simply_vibrant,1,1,0
too_best,1,1,0
really_underweight,1,1,0
uniformly_practical,1,1,0
really_underwater,1,1,0
totally_jaded,1,1,0
totally_japanese,1,1,0
totally_kind,1,1,0
specifically_sectarian,1,1,0
really_undervalued,1,1,0
specifically_secretive,1,1,0
specifically_secret,1,1,0
specifically_scottish,1,1,0
too_balmy,1,1,0
totally_korean,1,1,0
simply_vulgar,1,1,0
so_monogamous,1,1,0
simply_voluntary,1,1,0
totally_juvenile,1,1,0
too_barbaric,1,1,0
totally_justifiable,1,1,0
too_baroque,1,0,1
specifically_scholarly,1,1,0
totally_jubilant,1,1,0
really_undeserved,1,1,0
totally_inventive,1,1,0
really_undesirable,1,1,0
too_bittersweet,1,1,0
too_binding,1,1,0
really_undocumented,1,1,0
uniformly_predictive,1,1,0
totally_intolerable,1,1,0
specifically_raw,1,1,0
totally_intimidating,1,1,0
simply_usual,1,1,0
uniformly_probable,1,1,0
simply_vague,1,1,0
too_blasphemous,1,1,0
totally_international,1,1,0
totally_interdependent,1,1,0
really_uneducated,1,1,0
specifically_racist,1,1,0
too_bloodless,1,1,0
specifically_racial,1,1,0
specifically_realistic,1,1,0
too_bigger,1,1,0
very_chronological,1,1,0
too_bewildered,1,1,0
very_chronic,1,1,0
uniformly_predictable,1,1,0
simply_viable,1,1,0
too_better,1,1,0
totally_introverted,1,1,0
totally_intractable,1,1,0
simply_vertical,1,1,0
specifically_regional,1,1,0
too_biblical,1,1,0
very_chilling,1,1,0
totally_intoxicating,1,1,0
specifically_recognizable,1,1,0
really_undisciplined,1,0,1
too_bewildering,1,1,0
really_undiscovered,1,1,0
totally_intolerant,1,1,0
too_balanced,1,1,0
specifically_sensitive,1,1,0
specifically_shocking,1,1,0
simply_wholesome,1,1,0
uniformly_optimistic,1,1,0
uniformly_overcrowded,1,1,0
simply_wild,1,1,0
specifically_unidentified,1,1,0
simply_wide,1,1,0
uniformly_passive,1,1,0
uniformly_pedestrian,1,0,1
really_unconcerned,1,1,0
uniformly_one-dimensional,1,1,0
too_audible,1,1,0
specifically_unattractive,1,1,0
simply_whimsical,1,1,0
really_unconnected,1,1,0
specifically_toxic,1,1,0
totally_life-threatening,1,1,0
specifically_tight,1,1,0
uniformly_oppressive,1,1,0
uniformly_nice,1,1,0
so_misogynistic,1,1,0
uniformly_navigable,1,1,0
too_argumentative,1,1,0
uniformly_male,1,1,0
uniformly_mass,1,1,0
uniformly_muscular,1,1,0
specifically_weird,1,1,0
uniformly_national,1,1,0
specifically_visual,1,1,0
specifically_violent,1,1,0
too_asian,1,1,0
specifically_victorian,1,1,0
specifically_versatile,1,1,0
simply_worldly,1,1,0
uniformly_neat,1,1,0
specifically_valid,1,1,0
specifically_upset,1,1,0
specifically_unpopular,1,1,0
really_unconvincing,1,1,0
too_autonomous,1,1,0
specifically_short,1,1,0
totally_late,1,1,0
specifically_spectacular,1,1,0
simply_watery,1,1,0
totally_lavish,1,1,0
totally_laughable,1,1,0
simply_waterproof,1,1,0
specifically_socialist,1,1,0
too_backward,1,1,0
specifically_sleazy,1,0,1
so_modular,1,1,0
really_understated,1,1,0
very_cloying,1,1,0
simply_wasteful,1,1,0
simply_wary,1,1,0
totally_laden,1,1,0
specifically_similar,1,1,0
too_badass,1,1,0
specifically_static,1,1,0
too_awestruck,1,1,0
simply_welcoming,1,1,0
simply_weighty,1,1,0
totally_lethargic,1,1,0
specifically_theological,1,1,0
specifically_thematic,1,1,0
uniformly_pessimistic,1,1,0
specifically_technical,1,1,0
specifically_symmetrical,1,1,0
very_collective,1,1,0
specifically_suspicious,1,1,0
specifically_stoic,1,1,0
uniformly_pink,1,1,0
simply_wealthier,1,1,0
too_awake,1,1,0
very_collectable,1,1,0
too_awe,1,1,0
uniformly_pleasing,1,1,0
specifically_subtle,1,1,0
psychologically_acute,1,1,0
abnormally_afraid,1,1,0
psychologically_abusive,1,1,0
especially_combative,1,1,0
especially_colder,1,1,0
especially_cohesive,1,1,0
especially_cognizant,1,1,0
especially_co-operative,1,1,0
especially_classy,1,0,1
especially_classic,1,1,0
especially_civilized,1,1,0
especially_chunky,1,1,0
especially_chronological,1,1,0
especially_childlike,1,1,0
especially_chic,1,1,0
especially_chewy,1,1,0
especially_cheery,1,1,0
especially_cheerful,1,1,0
especially_chaste,1,1,0
especially_characteristic,1,1,0
especially_changeable,1,1,0
especially_collectible,1,1,0
especially_commanding,1,1,0
especially_central,1,1,0
especially_commercial,1,0,1
especially_courageous,1,1,0
especially_cost-effective,1,1,0
especially_cosmopolitan,1,1,0
especially_convinced,1,1,0
especially_contrite,1,1,0
especially_contradictory,1,1,0
especially_contextual,1,1,0
especially_contemporary,1,1,0
especially_constructive,1,1,0
especially_constitutional,1,1,0
especially_considerate,1,1,0
especially_consensual,1,1,0
especially_compulsive,1,1,0
especially_complete,1,1,0
especially_compassionate,1,1,0
especially_compact,1,1,0
especially_commonplace,1,1,0
especially_cerebral,1,1,0
especially_celebratory,1,1,0
especially_coy,1,1,0
especially_autobiographical,1,1,0
especially_auspicious,1,1,0
especially_audible,1,1,0
especially_attuned,1,1,0
especially_astute,1,1,0
especially_astounding,1,0,1
especially_astonishing,1,1,0
especially_assertive,1,1,0
especially_asian,1,1,0
especially_arcane,1,1,0
especially_applicable,1,1,0
especially_antisocial,1,1,0
especially_anti-gay,1,1,0
especially_antagonistic,1,1,0
especially_annoying,1,1,0
especially_ancient,1,1,0
especially_amiss,1,1,0
especially_alternative,1,1,0
especially_australian,1,1,0
especially_available,1,1,0
especially_cavalier,1,1,0
especially_bashful,1,1,0
especially_cautious,1,1,0
especially_careless,1,1,0
especially_calming,1,1,0
especially_calm,1,1,0
especially_cagey,1,1,0
especially_bummed,1,1,0
especially_bulky,1,1,0
especially_brutal,1,1,0
especially_breathable,1,1,0
especially_boyish,1,1,0
especially_bored,1,1,0
especially_bloated,1,1,0
especially_black,1,1,0
especially_beloved,1,1,0
especially_bellicose,1,1,0
especially_beholden,1,1,0
especially_beefy,1,1,0
especially_covert,1,1,0
especially_criminal,1,1,0
especially_fraught,1,1,0
especially_fatal,1,1,0
especially_factual,1,1,0
especially_extravagant,1,1,0
especially_expansive,1,1,0
especially_evocative,1,1,0
especially_esoteric,1,0,1
especially_equipped,1,1,0
especially_epic,1,0,1
especially_enviable,1,1,0
especially_enthused,1,1,0
especially_enterprising,1,1,0
especially_engrossing,1,1,0
especially_english,1,1,0
especially_enamoured,1,1,0
especially_empirical,1,1,0
especially_emotive,1,1,0
especially_embarrassing,1,0,1
especially_ecstatic,1,1,0
especially_far-reaching,1,1,0
especially_fearsome,1,1,0
especially_eclectic,1,1,0
especially_feasible,1,1,0
especially_formidable,1,1,0
especially_formal,1,1,0
especially_forgiving,1,1,0
especially_forbidden,1,1,0
especially_foolish,1,1,0
especially_fluffy,1,1,0
especially_flirtatious,1,1,0
especially_flattered,1,1,0
especially_flammable,1,1,0
especially_flagrant,1,1,0
especially_finicky,1,1,0
especially_fine,1,1,0
especially_fickle,1,1,0
especially_fervent,1,1,0
especially_fertile,1,1,0
especially_ferocious,1,1,0
especially_female,1,0,1
especially_eco-friendly,1,1,0
especially_eccentric,1,1,0
especially_cuddly,1,0,1
especially_devastating,1,1,0
especially_derivative,1,1,0
especially_depressing,1,1,0
especially_dependent,1,1,0
especially_demonstrative,1,1,0
especially_demanding,1,1,0
especially_delightful,1,1,0
especially_delighted,1,1,0
especially_defensive,1,1,0
especially_decorative,1,1,0
especially_decent,1,1,0
especially_debilitating,1,1,0
especially_dazzling,1,1,0
especially_danceable,1,1,0
especially_cyclical,1,1,0
especially_cut,1,1,0
especially_cunning,1,1,0
especially_cultural,1,1,0
especially_descriptive,1,1,0
especially_devious,1,1,0
especially_eastern,1,1,0
especially_diligent,1,1,0
especially_earnest,1,1,0
especially_early,1,1,0
especially_dreadful,1,1,0
especially_downbeat,1,1,0
especially_domestic,1,1,0
especially_dogmatic,1,1,0
especially_distraught,1,1,0
especially_distinguished,1,1,0
especially_dissimilar,1,1,0
especially_disgruntled,1,1,0
especially_discouraging,1,0,1
especially_discouraged,1,1,0
especially_disconcerting,1,1,0
especially_disciplined,1,1,0
especially_discerning,1,1,0
especially_disastrous,1,0,1
especially_dire,1,1,0
especially_alike,1,1,0
especially_alert,1,1,0
especially_aimless,1,1,0
equally_serviceable,1,1,0
equally_sceptical,1,1,0
equally_scathing,1,1,0
equally_satisfactory,1,1,0
equally_sanguine,1,1,0
equally_ruthless,1,1,0
equally_round,1,1,0
equally_rough,1,1,0
equally_robust,1,1,0
equally_rigorous,1,1,0
equally_rigid,1,1,0
equally_ridiculous,1,1,0
equally_rewarding,1,1,0
equally_reticent,1,1,0
equally_responsive,1,1,0
equally_resolute,1,1,0
equally_resistant,1,1,0
equally_repugnant,1,1,0
equally_separate,1,1,0
equally_sexist,1,1,0
equally_regrettable,1,1,0
equally_shady,1,1,0
equally_stingy,1,1,0
equally_stern,1,1,0
equally_startling,1,1,0
equally_spiritual,1,1,0
equally_spectacular,1,1,0
equally_special,1,1,0
equally_soothing,1,1,0
equally_soluble,1,1,0
equally_socialist,1,1,0
equally_sloppy,1,1,0
equally_sincere,1,1,0
equally_simple,1,1,0
equally_silly,1,1,0
equally_sick,1,1,0
equally_shocking,1,1,0
equally_shocked,1,1,0
equally_sharp,1,1,0
equally_renowned,1,1,0
equally_receptive,1,1,0
especially_agreeable,1,1,0
equally_plastic,1,0,1
equally_patronizing,1,1,0
equally_patriotic,1,1,0
equally_pathetic,1,1,0
equally_pastoral,1,1,0
equally_particular,1,1,0
equally_painful,1,1,0
equally_ours,1,1,0
equally_original,1,1,0
equally_onerous,1,1,0
equally_old,1,1,0
equally_obtuse,1,1,0
equally_obscure,1,1,0
equally_obligatory,1,1,0
equally_nutritious,1,1,0
equally_nonsense,1,1,0
equally_nimble,1,1,0
equally_newsworthy,1,1,0
equally_peculiar,1,1,0
equally_pleasant,1,1,0
equally_racist,1,1,0
equally_pleasing,1,1,0
equally_pure,1,1,0
equally_punishable,1,1,0
equally_profound,1,1,0
equally_privileged,1,1,0
equally_principled,1,1,0
equally_primary,1,1,0
equally_primal,1,1,0
equally_prescient,1,1,0
equally_prepared,1,1,0
equally_predominant,1,1,0
equally_predisposed,1,1,0
equally_predictable,1,1,0
equally_precarious,1,1,0
equally_pragmatic,1,1,0
equally_practicable,1,1,0
equally_potent,1,1,0
equally_poor,1,1,0
equally_strange,1,1,0
equally_strident,1,1,0
equally_stupid,1,1,0
ergonomically_challenging,1,1,0
equally_yellow,1,1,0
equally_worthless,1,1,0
equally_wondrous,1,1,0
equally_widespread,1,0,1
equally_welcoming,1,1,0
equally_weighty,1,1,0
equally_weak,1,1,0
equally_wasteful,1,1,0
equally_wary,1,1,0
equally_warm,1,1,0
equally_volatile,1,1,0
equally_vigilant,1,1,0
equally_viewable,1,1,0
equally_vibrant,1,1,0
equally_vehement,1,1,0
equally_variable,1,1,0
equally_useless,1,1,0
ergonomically_benevolent,1,1,0
ergonomically_comfortable,1,1,0
equally_sublime,1,1,0
ergonomically_compatible,1,1,0
especially_aggravating,1,1,0
especially_aerodynamic,1,1,0
especially_advisable,1,1,0
especially_adverse,1,1,0
especially_adroit,1,1,0
especially_adjustable,1,1,0
especially_adequate,1,1,0
especially_accustomed,1,1,0
especially_absurd,1,1,0
especially_absorbent,1,1,0
especially_able,1,1,0
ergonomically_superior,1,1,0
ergonomically_suitable,1,1,0
ergonomically_responsible,1,1,0
ergonomically_practical,1,1,0
ergonomically_poor,1,1,0
ergonomically_ideal,1,1,0
equally_unworthy,1,1,0
equally_unwilling,1,1,0
equally_unsuccessful,1,1,0
equally_unsettling,1,1,0
equally_tolerant,1,1,0
equally_timeless,1,1,0
equally_thrilling,1,1,0
equally_thrilled,1,1,0
equally_thick,1,1,0
equally_thankful,1,1,0
equally_terrifying,1,1,0
equally_terrified,1,1,0
equally_tasty,1,1,0
equally_sympathetic,1,1,0
equally_symmetrical,1,1,0
equally_sweet,1,1,0
equally_sustainable,1,1,0
equally_suspicious,1,1,0
equally_surprising,1,1,0
equally_sure,1,1,0
equally_subversive,1,1,0
equally_top-notch,1,1,0
equally_tragic,1,1,0
equally_trained,1,1,0
equally_uniform,1,1,0
equally_unscientific,1,1,0
equally_unprepared,1,1,0
equally_unprecedented,1,1,0
equally_unlikely,1,1,0
equally_unjust,1,1,0
equally_uninterested,1,1,0
equally_unimpressive,1,1,0
equally_unhealthy,1,1,0
equally_transferable,1,1,0
equally_unhappy,1,1,0
equally_unfashionable,1,1,0
equally_undesirable,1,1,0
equally_unacceptable,1,1,0
equally_typical,1,1,0
equally_troublesome,1,1,0
equally_triumphant,1,0,1
especially_fragile,1,1,0
especially_freaky,1,1,0
equally_negative,1,1,0
especially_smarter,1,1,0
especially_slow,1,1,0
especially_sleek,1,1,0
especially_skeptical,1,1,0
especially_sinful,1,1,0
especially_sincere,1,0,1
especially_silly,1,1,0
especially_silent,1,1,0
especially_sick,1,1,0
especially_shitty,1,0,1
especially_sensuous,1,1,0
especially_sensual,1,1,0
especially_sensible,1,1,0
especially_sensational,1,0,1
especially_self-aware,1,1,0
especially_sectarian,1,1,0
especially_seasonal,1,1,0
especially_scrappy,1,0,1
especially_sly,1,1,0
especially_sneaky,1,1,0
especially_schizophrenic,1,1,0
especially_solemn,1,1,0
especially_suspicious,1,1,0
especially_suicidal,1,1,0
especially_sublime,1,1,0
especially_subject,1,1,0
especially_stout,1,1,0
especially_stinky,1,1,0
especially_steamy,1,1,0
especially_stealthy,1,1,0
especially_spoiled,1,1,0
especially_spiritual,1,1,0
especially_speculative,1,1,0
especially_sparkly,1,1,0
especially_southern,1,1,0
especially_sound,1,1,0
especially_sorrowful,1,0,1
especially_soothing,1,1,0
especially_solid,1,1,0
especially_sci-fi,1,1,0
especially_savage,1,1,0
especially_tame,1,1,0
especially_recommendable,1,1,0
especially_reckless,1,1,0
especially_reasonable,1,1,0
especially_reactive,1,1,0
especially_rapid,1,1,0
especially_radiant,1,1,0
especially_racy,1,1,0
especially_quotable,1,1,0
especially_quirky,1,0,1
especially_queer,1,1,0
especially_quantitative,1,0,1
especially_puzzling,1,1,0
especially_purposeful,1,1,0
especially_pure,1,1,0
especially_prosperous,1,1,0
especially_proprietary,1,0,1
especially_proper,1,1,0
especially_pronounced,1,1,0
especially_recognizable,1,1,0
especially_regional,1,0,1
especially_sane,1,1,0
especially_relieved,1,1,0
especially_salty,1,1,0
especially_salacious,1,1,0
especially_sadistic,1,0,1
especially_runny,1,1,0
especially_rousing,1,1,0
especially_ripe,1,1,0
especially_rigorous,1,1,0
especially_righteous,1,1,0
especially_right,1,0,1
especially_reverent,1,1,0
especially_restive,1,1,0
especially_resourceful,1,1,0
especially_resonant,1,1,0
especially_resistant,1,1,0
especially_reputable,1,1,0
especially_repressive,1,1,0
especially_remote,1,1,0
especially_synonymous,1,1,0
especially_taxing,1,1,0
especially_french,1,1,0
essentially_accessible,1,1,0
especially_zealous,1,1,0
especially_yummy,1,1,0
especially_worrying,1,1,0
especially_worldly,1,1,0
especially_wonky,1,0,1
especially_white,1,0,1
especially_whimsical,1,1,0
especially_weirder,1,1,0
especially_weighty,1,1,0
especially_watchable,1,1,0
especially_wary,1,1,0
especially_walkable,1,1,0
especially_visual,1,1,0
especially_vicious,1,1,0
especially_viable,1,1,0
especially_versatile,1,1,0
especially_vast,1,1,0
essentially_abstract,1,1,0
essentially_adverse,1,1,0
especially_usual,1,1,0
essentially_alone,1,1,0
essentially_consistent,1,1,0
essentially_conducive,1,1,0
essentially_complicated,1,1,0
essentially_comical,1,1,0
essentially_cognitive,1,1,0
essentially_close,1,1,0
essentially_cinematic,1,1,0
essentially_christian,1,1,0
essentially_chic,1,1,0
essentially_cheerful,1,1,0
essentially_cheap,1,1,0
essentially_careful,1,1,0
essentially_british,1,0,1
essentially_boring,1,1,0
essentially_black,1,1,0
essentially_best,1,1,0
essentially_american,1,1,0
especially_variable,1,1,0
especially_useable,1,1,0
especially_technological,1,1,0
especially_trippy,1,1,0
especially_treatable,1,1,0
especially_transferable,1,1,0
especially_trained,1,1,0
especially_touchy,1,1,0
especially_titillating,1,1,0
especially_tiny,1,1,0
especially_thriving,1,1,0
especially_thoughtful,1,1,0
especially_thirsty,1,1,0
especially_theological,1,0,1
especially_themed,1,1,0
especially_thematic,1,1,0
especially_theatrical,1,0,1
especially_terrified,1,1,0
especially_tenuous,1,1,0
especially_tempting,1,0,1
especially_temperamental,1,1,0
especially_tribal,1,1,0
especially_typical,1,1,0
especially_usable,1,1,0
especially_un-american,1,1,0
especially_upscale,1,0,1
especially_upright,1,1,0
especially_upbeat,1,1,0
especially_unrealistic,1,1,0
especially_unpleasant,1,1,0
especially_unnerving,1,1,0
especially_unmistakable,1,0,1
especially_unlucky,1,1,0
especially_universal,1,1,0
especially_uniform,1,1,0
especially_unheard,1,1,0
especially_unfortunate,1,1,0
especially_unfamiliar,1,0,1
especially_unexpected,1,1,0
especially_unconventional,1,0,1
especially_uncharacteristic,1,1,0
especially_unbearable,1,1,0
especially_prohibitive,1,1,0
especially_profane,1,1,0
especially_prodigious,1,1,0
especially_irish,1,1,0
especially_introspective,1,1,0
especially_interdisciplinary,1,1,0
especially_interactive,1,1,0
especially_intentional,1,1,0
especially_intensive,1,1,0
especially_instrumental,1,1,0
especially_inspirational,1,1,0
especially_inquisitive,1,1,0
especially_inept,1,1,0
especially_industrious,1,1,0
especially_incredible,1,1,0
especially_incompetent,1,1,0
especially_inclusive,1,1,0
especially_incisive,1,1,0
especially_impossible,1,1,0
especially_impassioned,1,1,0
especially_immune,1,1,0
especially_involved,1,1,0
especially_irrational,1,0,1
especially_immediate,1,1,0
especially_irritated,1,1,0
especially_literal,1,1,0
especially_liquid,1,1,0
especially_lighthearted,1,1,0
especially_lighter,1,1,0
especially_libertarian,1,0,1
especially_liberating,1,1,0
especially_liable,1,1,0
especially_legible,1,1,0
especially_lean,1,1,0
especially_lax,1,1,0
especially_laudable,1,1,0
especially_latin,1,1,0
especially_laden,1,1,0
especially_judgmental,1,1,0
especially_joyous,1,1,0
especially_jaw-dropping,1,1,0
especially_itchy,1,1,0
especially_immersive,1,1,0
especially_illegal,1,0,1
especially_privy,1,1,0
especially_heady,1,1,0
especially_gung,1,1,0
especially_guilty,1,1,0
especially_grotesque,1,1,0
especially_gritty,1,1,0
especially_grim,1,1,0
especially_greek,1,1,0
especially_grave,1,1,0
especially_gratifying,1,1,0
especially_grand,1,1,0
especially_gorgeous,1,1,0
especially_glaring,1,1,0
especially_gifted,1,1,0
especially_german,1,0,1
especially_geeky,1,1,0
especially_garish,1,1,0
especially_frugal,1,1,0
especially_frigid,1,1,0
especially_hawkish,1,1,0
especially_healthful,1,1,0
especially_ignorant,1,1,0
especially_heartbreaking,1,1,0
especially_idealistic,1,1,0
especially_hurtful,1,1,0
especially_hurt,1,1,0
especially_humorous,1,1,0
especially_humiliating,1,0,1
especially_humid,1,1,0
especially_humanitarian,1,0,1
especially_human,1,0,1
especially_hopeless,1,1,0
especially_honourable,1,0,1
especially_honorable,1,1,0
especially_homogenous,1,1,0
especially_holistic,1,1,0
especially_historical,1,0,1
especially_historic,1,1,0
especially_hefty,1,1,0
especially_hectic,1,1,0
especially_literary,1,1,0
especially_literate,1,1,0
especially_long-lasting,1,1,0
especially_personable,1,1,0
especially_perky,1,1,0
especially_perceptive,1,1,0
especially_pedantic,1,1,0
especially_peculiar,1,1,0
especially_peaceful,1,1,0
especially_patriarchal,1,1,0
especially_partial,1,1,0
especially_paranoid,1,1,0
especially_paradoxical,1,1,0
especially_panicked,1,1,0
especially_pale,1,1,0
especially_overwhelming,1,1,0
especially_overt,1,1,0
especially_outlandish,1,0,1
especially_ornate,1,1,0
especially_ordinary,1,0,1
especially_opulent,1,1,0
especially_perplexing,1,1,0
especially_pessimistic,1,1,0
especially_long-term,1,1,0
especially_picturesque,1,1,0
especially_privileged,1,1,0
especially_principled,1,1,0
especially_primitive,1,1,0
especially_prickly,1,1,0
especially_pretentious,1,1,0
especially_prestigious,1,1,0
especially_presidential,1,1,0
especially_present,1,1,0
especially_premium,1,0,1
especially_prejudicial,1,0,1
especially_preferable,1,0,1
especially_predisposed,1,1,0
especially_predictable,1,1,0
especially_posh,1,1,0
especially_porous,1,1,0
especially_poisonous,1,1,0
especially_plain,1,1,0
especially_optimal,1,1,0
especially_opaque,1,1,0
especially_ok,1,1,0
especially_offbeat,1,0,1
especially_meticulous,1,1,0
especially_metaphysical,1,0,1
especially_merciless,1,1,0
especially_menacing,1,0,1
especially_medieval,1,1,0
especially_mechanical,1,1,0
especially_materialistic,1,1,0
especially_massive,1,1,0
especially_marketable,1,1,0
especially_mannered,1,1,0
especially_manly,1,0,1
especially_malignant,1,1,0
especially_malevolent,1,1,0
especially_male,1,1,0
especially_major,1,1,0
especially_lush,1,1,0
especially_low-income,1,1,0
especially_mild,1,1,0
especially_miraculous,1,0,1
especially_momentous,1,1,0
especially_nocturnal,1,1,0
especially_off-putting,1,1,0
especially_odious,1,0,1
especially_obsessive,1,1,0
especially_obscene,1,1,0
especially_obnoxious,1,1,0
especially_objective,1,1,0
especially_obedient,1,1,0
especially_nifty,1,1,0
especially_moody,1,1,0
especially_negligent,1,1,0
especially_nationalistic,1,1,0
especially_mystical,1,0,1
especially_murky,1,1,0
especially_motivated,1,1,0
especially_more,1,1,0
especially_morbid,1,1,0
equally_new,1,1,0
equally_neat,1,1,0
entirely_high-tech,1,1,0
entirely_scathing,1,1,0
entirely_satirical,1,1,0
entirely_sanitary,1,1,0
entirely_sadistic,1,1,0
entirely_sacrosanct,1,1,0
entirely_rustic,1,1,0
entirely_runny,1,1,0
entirely_rubbish,1,1,0
entirely_routine,1,1,0
entirely_round,1,1,0
entirely_riveting,1,1,0
entirely_right-wing,1,1,0
entirely_rife,1,1,0
entirely_rhythmic,1,1,0
entirely_retrograde,1,1,0
entirely_resilient,1,1,0
entirely_residential,1,1,0
entirely_repugnant,1,1,0
entirely_savage,1,1,0
entirely_sceptical,1,1,0
entirely_replete,1,1,0
entirely_scholarly,1,1,0
entirely_shady,1,1,0
entirely_sexist,1,1,0
entirely_several,1,1,0
entirely_set,1,1,0
entirely_sentimental,1,1,0
entirely_sensual,1,1,0
entirely_self-reliant,1,1,0
entirely_self-indulgent,1,1,0
entirely_self-conscious,1,1,0
entirely_self-centered,1,1,0
entirely_selective,1,1,0
entirely_secretive,1,1,0
entirely_secondary,1,1,0
entirely_secluded,1,1,0
entirely_seasonal,1,1,0
entirely_searchable,1,1,0
entirely_sci-fi,1,1,0
entirely_reproducible,1,1,0
entirely_replaceable,1,1,0
entirely_sheer,1,1,0
entirely_prospective,1,1,0
entirely_promotional,1,1,0
entirely_prominent,1,1,0
entirely_prolific,1,1,0
entirely_prohibitive,1,1,0
entirely_procedural,1,1,0
entirely_pro-choice,1,1,0
entirely_pro,1,1,0
entirely_privileged,1,1,0
entirely_pretentious,1,1,0
entirely_preposterous,1,1,0
entirely_preferable,1,1,0
entirely_predominant,1,1,0
entirely_praiseworthy,1,1,0
entirely_porous,1,1,0
entirely_pornographic,1,1,0
entirely_populist,1,1,0
entirely_pop,1,1,0
entirely_prompt,1,1,0
entirely_provincial,1,1,0
entirely_repetitive,1,1,0
entirely_prudent,1,1,0
entirely_renewable,1,1,0
entirely_reluctant,1,1,0
entirely_regular,1,1,0
entirely_refundable,1,1,0
entirely_refreshing,1,1,0
entirely_recyclable,1,1,0
entirely_rectangular,1,1,0
entirely_recent,1,1,0
entirely_reactive,1,1,0
entirely_radioactive,1,1,0
entirely_radical,1,1,0
entirely_racist,1,1,0
entirely_racial,1,1,0
entirely_quality,1,1,0
entirely_quaint,1,1,0
entirely_purposeful,1,1,0
entirely_purple,1,1,0
entirely_shameful,1,1,0
entirely_shiny,1,1,0
entirely_unflappable,1,0,1
entirely_transformational,1,1,0
entirely_toxic,1,1,0
entirely_totalitarian,1,1,0
entirely_topical,1,1,0
entirely_top,1,1,0
entirely_tolerant,1,1,0
entirely_timeless,1,1,0
entirely_thematic,1,1,0
entirely_theatrical,1,1,0
entirely_thankful,1,1,0
entirely_tepid,1,1,0
entirely_tender,1,1,0
entirely_tenable,1,1,0
entirely_temperate,1,1,0
entirely_technological,1,1,0
entirely_tasty,1,0,1
entirely_tasteful,1,1,0
entirely_tall,1,1,0
entirely_traceable,1,1,0
entirely_translucent,1,1,0
entirely_tactile,1,1,0
entirely_traumatic,1,1,0
entirely_unexplored,1,1,0
entirely_unemployed,1,1,0
entirely_uneducated,1,1,0
entirely_undiscovered,1,1,0
entirely_underway,1,1,0
entirely_undecided,1,1,0
entirely_uncooperative,1,1,0
entirely_unconstitutional,1,1,0
entirely_unconcerned,1,1,0
entirely_uncharted,1,1,0
entirely_unbeatable,1,1,0
entirely_unattainable,1,1,0
entirely_unappreciated,1,1,0
entirely_unapologetic,1,1,0
entirely_unaccountable,1,1,0
entirely_trendy,1,1,0
entirely_treatable,1,1,0
entirely_talkative,1,1,0
entirely_taboo,1,1,0
entirely_shit,1,1,0
entirely_steep,1,1,0
entirely_stationary,1,1,0
entirely_sporty,1,1,0
entirely_spoilt,1,1,0
entirely_speedy,1,1,0
entirely_spanish,1,1,0
entirely_sour,1,1,0
entirely_sorrowful,1,1,0
entirely_soothing,1,1,0
entirely_sombre,1,1,0
entirely_sociable,1,1,0
entirely_smitten,1,1,0
entirely_slow,1,1,0
entirely_sloppy,1,1,0
entirely_sleazy,1,1,0
entirely_singular,1,1,0
entirely_single,1,1,0
entirely_sinful,1,1,0
entirely_steamy,1,1,0
entirely_sterile,1,1,0
entirely_systemic,1,1,0
entirely_stiff,1,1,0
entirely_suspicious,1,1,0
entirely_suspect,1,1,0
entirely_susceptible,1,1,0
entirely_summery,1,1,0
entirely_sudden,1,1,0
entirely_such,1,1,0
entirely_succinct,1,1,0
entirely_subversive,1,1,0
entirely_suburban,1,1,0
entirely_substantive,1,1,0
entirely_subordinate,1,1,0
entirely_submissive,1,1,0
entirely_stuffy,1,1,0
entirely_strong,1,1,0
entirely_stressful,1,1,0
entirely_strenuous,1,1,0
entirely_streamlined,1,1,0
entirely_poisonous,1,0,1
entirely_plastic,1,1,0
entirely_pivotal,1,1,0
entirely_just,1,1,0
entirely_jovial,1,1,0
entirely_jobless,1,1,0
entirely_jarring,1,1,0
entirely_jaded,1,1,0
entirely_irresistible,1,1,0
entirely_irregular,1,1,0
entirely_irreconcilable,1,1,0
entirely_irish,1,1,0
entirely_involved,1,1,0
entirely_inviting,1,1,0
entirely_invasive,1,1,0
entirely_intrusive,1,1,0
entirely_intrepid,1,1,0
entirely_intractable,1,1,0
entirely_intimidating,1,1,0
entirely_intelligible,1,1,0
entirely_intelligent,1,1,0
entirely_judicious,1,1,0
entirely_juvenile,1,1,0
entirely_insulting,1,1,0
entirely_knit,1,1,0
entirely_limitless,1,1,0
entirely_limited,1,1,0
entirely_lightweight,1,1,0
entirely_lighthearted,1,1,0
entirely_light,1,1,0
entirely_lifelike,1,1,0
entirely_life-changing,1,1,0
entirely_libertarian,1,1,0
entirely_liberal,1,1,0
entirely_lethal,1,1,0
entirely_lesbian,1,1,0
entirely_lenient,1,1,0
entirely_laudable,1,1,0
entirely_latino,1,1,0
entirely_latin,1,1,0
entirely_large,1,1,0
entirely_laden,1,1,0
entirely_intellectual,1,1,0
entirely_insufficient,1,1,0
entirely_picky,1,1,0
entirely_impeccable,1,1,0
entirely_imminent,1,1,0
entirely_immersive,1,1,0
entirely_imaginable,1,1,0
entirely_illustrious,1,1,0
entirely_illuminating,1,1,0
entirely_identifiable,1,1,0
entirely_icy,1,1,0
entirely_hungry,1,1,0
entirely_humbled,1,1,0
entirely_horrific,1,1,0
entirely_horrid,1,1,0
entirely_homey,1,1,0
entirely_homesick,1,1,0
entirely_homemade,1,1,0
entirely_homeless,1,1,0
entirely_holy,1,1,0
entirely_historic,1,1,0
entirely_immortal,1,1,0
entirely_imperative,1,1,0
entirely_institutional,1,1,0
entirely_impersonal,1,1,0
entirely_instant,1,1,0
entirely_inseparable,1,1,0
entirely_inscrutable,1,1,0
entirely_inoffensive,1,1,0
entirely_inhumane,1,1,0
entirely_inherent,1,1,0
entirely_ineffectual,1,1,0
entirely_individualistic,1,1,0
entirely_individual,1,1,0
entirely_indistinguishable,1,1,0
entirely_indispensable,1,1,0
entirely_indigenous,1,1,0
entirely_indelible,1,1,0
entirely_incumbent,1,1,0
entirely_incredulous,1,1,0
entirely_incendiary,1,1,0
entirely_improper,1,1,0
entirely_lonely,1,1,0
entirely_loose,1,1,0
entirely_lopsided,1,0,1
entirely_ornamental,1,1,0
entirely_orchestrated,1,0,1
entirely_optimal,1,1,0
entirely_opposite,1,1,0
entirely_operational,1,1,0
entirely_offline,1,1,0
entirely_offbeat,1,1,0
entirely_obsessed,1,1,0
entirely_obnoxious,1,1,0
entirely_nutty,1,1,0
entirely_nostalgia,1,1,0
entirely_northern,1,1,0
entirely_nondescript,1,1,0
entirely_non-violent,1,1,0
entirely_non-toxic,1,1,0
entirely_nihilistic,1,1,0
entirely_newsworthy,1,1,0
entirely_nefarious,1,1,0
entirely_ordinary,1,1,0
entirely_outstanding,1,1,0
entirely_loving,1,1,0
entirely_overcome,1,1,0
entirely_philosophical,1,1,0
entirely_perverse,1,1,0
entirely_pervasive,1,1,0
entirely_persistent,1,1,0
entirely_perplexing,1,1,0
entirely_perpendicular,1,1,0
entirely_permissible,1,1,0
entirely_patriotic,1,1,0
entirely_patient,1,1,0
entirely_pathetic,1,1,0
entirely_partial,1,1,0
entirely_paradoxical,1,1,0
entirely_overwhelmed,1,1,0
entirely_overrated,1,1,0
entirely_overkill,1,1,0
entirely_overgrown,1,1,0
entirely_overdone,1,1,0
entirely_needless,1,1,0
entirely_nebulous,1,1,0
entirely_nauseating,1,1,0
entirely_nationwide,1,1,0
entirely_melancholy,1,1,0
entirely_medicinal,1,1,0
entirely_masterful,1,1,0
entirely_massive,1,1,0
entirely_manual,1,1,0
entirely_manly,1,1,0
entirely_manipulative,1,1,0
entirely_manageable,1,1,0
entirely_man-made,1,1,0
entirely_malnourished,1,1,0
entirely_malleable,1,1,0
entirely_male-dominated,1,1,0
entirely_major,1,1,0
entirely_magnetic,1,1,0
entirely_macho,1,1,0
entirely_luxurious,1,1,0
entirely_low,1,1,0
entirely_mental,1,1,0
entirely_merciless,1,1,0
entirely_meritorious,1,1,0
entirely_morbid,1,1,0
entirely_nationalistic,1,1,0
entirely_national,1,1,0
entirely_narrative,1,1,0
entirely_mushy,1,1,0
entirely_motivating,1,1,0
entirely_motionless,1,1,0
entirely_morose,1,1,0
entirely_monochromatic,1,1,0
entirely_mesmerizing,1,1,0
entirely_modular,1,1,0
entirely_misunderstood,1,1,0
entirely_misguided,1,1,0
entirely_minor,1,1,0
entirely_minimal,1,1,0
entirely_mind-blowing,1,1,0
entirely_mexican,1,1,0
entirely_unfinished,1,1,0
entirely_unfolding,1,1,0
equally_naked,1,1,0
equally_explicit,1,1,0
equally_exceptional,1,1,0
equally_evil,1,1,0
equally_essential,1,1,0
equally_engaging,1,1,0
equally_enforceable,1,1,0
equally_endemic,1,1,0
equally_empty,1,1,0
equally_eloquent,1,1,0
equally_elegant,1,1,0
equally_elated,1,1,0
equally_effectual,1,1,0
equally_edible,1,1,0
equally_eager,1,1,0
equally_dynamic,1,1,0
equally_dramatic,1,1,0
equally_dorky,1,1,0
equally_divisive,1,1,0
equally_expensive,1,1,0
equally_extensive,1,1,0
equally_diverse,1,1,0
equally_extreme,1,1,0
equally_frequent,1,1,0
equally_fraught,1,1,0
equally_foundational,1,1,0
equally_forthcoming,1,1,0
equally_forceful,1,1,0
equally_foolish,1,1,0
equally_flush,1,1,0
equally_flamboyant,1,1,0
equally_fit,1,1,0
equally_fierce,1,1,0
equally_feasible,1,1,0
equally_fearless,1,1,0
equally_fearful,1,1,0
equally_favourable,1,1,0
equally_fast,1,1,0
equally_far-reaching,1,1,0
equally_fabulous,1,1,0
equally_divine,1,1,0
equally_distressed,1,1,0
equally_frivolous,1,1,0
equally_demeaning,1,1,0
equally_delighted,1,1,0
equally_deliberate,1,1,0
equally_dejected,1,1,0
equally_deep,1,1,0
equally_deadly,1,1,0
equally_dark,1,1,0
equally_customizable,1,1,0
equally_current,1,1,0
equally_crucial,1,1,0
equally_creditable,1,1,0
equally_creamy,1,1,0
equally_crass,1,1,0
equally_cool,1,1,0
equally_convincing,1,1,0
equally_contemptible,1,1,0
equally_constructive,1,1,0
equally_consistent,1,1,0
equally_delinquent,1,1,0
equally_demented,1,1,0
equally_distinct,1,1,0
equally_dependable,1,1,0
equally_disrespectful,1,1,0
equally_dismayed,1,1,0
equally_disingenuous,1,1,0
equally_dishonest,1,1,0
equally_discouraging,1,1,0
equally_disastrous,1,1,0
equally_direct,1,1,0
equally_dire,1,1,0
equally_dignified,1,0,1
equally_digestible,1,1,0
equally_detrimental,1,1,0
equally_destructive,1,1,0
equally_desirous,1,1,0
equally_descriptive,1,1,0
equally_depressing,1,1,0
equally_deplorable,1,1,0
equally_dependent,1,1,0
equally_fresh,1,1,0
equally_frustrated,1,1,0
entirely_ungrateful,1,1,0
equally_light,1,1,0
equally_lethal,1,1,0
equally_lengthy,1,1,0
equally_knowledgable,1,1,0
equally_justifiable,1,1,0
equally_joyful,1,1,0
equally_irrelevant,1,1,0
equally_invasive,1,1,0
equally_intuitive,1,1,0
equally_intriguing,1,1,0
equally_interchangeable,1,1,0
equally_intelligible,1,1,0
equally_insular,1,1,0
equally_inspiring,1,1,0
equally_innovative,1,1,0
equally_innocuous,1,1,0
equally_innocent,1,1,0
equally_influential,1,1,0
equally_liberal,1,1,0
equally_literate,1,1,0
equally_inexperienced,1,1,0
equally_litigious,1,1,0
equally_murderous,1,1,0
equally_more,1,1,0
equally_moral,1,1,0
equally_momentous,1,1,0
equally_moderate,1,1,0
equally_mistaken,1,1,0
equally_miserable,1,1,0
equally_mindful,1,1,0
equally_mesmerizing,1,1,0
equally_memorable,1,1,0
equally_massive,1,1,0
equally_marketable,1,1,0
equally_manifest,1,1,0
equally_maintainable,1,1,0
equally_ludicrous,1,1,0
equally_logical,1,1,0
equally_livid,1,1,0
equally_infectious,1,1,0
equally_ineffective,1,1,0
equally_frustrating,1,1,0
equally_hierarchical,1,1,0
equally_heavenly,1,1,0
equally_hazardous,1,1,0
equally_hateful,1,1,0
equally_harmless,1,1,0
equally_handy,1,1,0
equally_handicapped,1,1,0
equally_grim,1,1,0
equally_grey,1,1,0
equally_gratified,1,1,0
equally_granular,1,1,0
equally_grand,1,1,0
equally_glamorous,1,1,0
equally_genial,1,1,0
equally_generous,1,1,0
equally_fussy,1,1,0
equally_functional,1,1,0
equally_full,1,1,0
equally_hectic,1,1,0
equally_historic,1,1,0
equally_industrious,1,1,0
equally_honest,1,1,0
equally_indigenous,1,1,0
equally_indicative,1,1,0
equally_independent,1,1,0
equally_incredulous,1,1,0
equally_incredible,1,1,0
equally_inconsistent,1,1,0
equally_inclined,1,1,0
equally_incisive,1,1,0
equally_inadequate,1,1,0
equally_impervious,1,1,0
equally_illustrious,1,1,0
equally_illusory,1,1,0
equally_illegal,1,1,0
equally_hypnotic,1,1,0
equally_hot,1,1,0
equally_horrified,1,1,0
equally_honorable,1,1,0
equally_considerate,1,1,0
equally_consequential,1,1,0
equally_complicit,1,1,0
environmentally_cautious,1,1,0
environmentally_better,1,1,0
environmentally_ambitious,1,1,0
environmentally_allowable,1,1,0
environmentally_affordable,1,1,0
environmentally_advantageous,1,1,0
environmentally_advanced,1,1,0
entirely_zealous,1,1,0
entirely_yummy,1,1,0
entirely_young,1,1,0
entirely_xenophobic,1,1,0
entirely_wretched,1,1,0
entirely_workable,1,1,0
entirely_wooden,1,1,0
entirely_wonderful,1,1,0
entirely_widespread,1,1,0
entirely_wet,1,1,0
entirely_western,1,1,0
environmentally_catastrophic,1,1,0
environmentally_conducive,1,1,0
entirely_washable,1,1,0
environmentally_costly,1,1,0
environmentally_pure,1,1,0
environmentally_profound,1,1,0
environmentally_productive,1,1,0
environmentally_proactive,1,1,0
environmentally_nice,1,1,0
environmentally_invasive,1,1,0
environmentally_intact,1,1,0
environmentally_hostile,1,1,0
environmentally_helpful,1,1,0
environmentally_healthy,1,1,0
environmentally_harmless,1,1,0
environmentally_great,1,1,0
environmentally_friendlier,1,1,0
environmentally_feasible,1,1,0
environmentally_disastrous,1,1,0
environmentally_devastating,1,1,0
environmentally_critical,1,1,0
entirely_weighty,1,1,0
entirely_vulgar,1,1,0
equally_compliant,1,1,0
entirely_unstructured,1,1,0
entirely_unstable,1,1,0
entirely_unspoiled,1,1,0
entirely_unsound,1,1,0
entirely_unsophisticated,1,1,0
entirely_unsightly,1,1,0
entirely_unseen,1,1,0
entirely_unreachable,1,1,0
entirely_unparalleled,1,1,0
entirely_unobtrusive,1,1,0
entirely_unnoticeable,1,1,0
entirely_unmistakable,1,1,0
entirely_united,1,1,0
entirely_uninterrupted,1,1,0
entirely_unintelligible,1,1,0
entirely_uninspiring,1,1,0
entirely_uninhabitable,1,1,0
entirely_unhinged,1,1,0
entirely_unstoppable,1,1,0
entirely_unsubstantiated,1,1,0
entirely_voluptuous,1,1,0
entirely_unsung,1,1,0
entirely_vocal,1,1,0
entirely_visionary,1,1,0
entirely_vile,1,1,0
entirely_viewable,1,1,0
entirely_verifiable,1,1,0
entirely_veiled,1,1,0
entirely_valuable,1,1,0
entirely_vague,1,1,0
entirely_vacuous,1,1,0
entirely_usual,1,1,0
entirely_urban,1,1,0
entirely_upsetting,1,1,0
entirely_upscale,1,1,0
entirely_uphill,1,1,0
entirely_unworkable,1,1,0
entirely_unwieldy,1,1,0
entirely_untrustworthy,1,1,0
environmentally_reckless,1,1,0
environmentally_risky,1,1,0
environmentally_savvy,1,1,0
equally_belligerent,1,1,0
equally_baffled,1,0,1
equally_awkward,1,1,0
equally_awash,1,1,0
equally_autocratic,1,1,0
equally_authoritarian,1,1,0
equally_attentive,1,1,0
equally_astute,1,1,0
equally_astounding,1,1,0
equally_astonishing,1,1,0
equally_artistic,1,1,0
equally_articulate,1,1,0
equally_armed,1,1,0
equally_apparent,1,1,0
equally_anonymous,1,1,0
equally_annoying,1,1,0
equally_amusing,1,1,0
equally_amenable,1,1,0
equally_balanced,1,1,0
equally_benevolent,1,1,0
environmentally_serious,1,1,0
equally_benign,1,1,0
equally_complex,1,1,0
equally_committed,1,1,0
equally_cohesive,1,1,0
equally_cogent,1,0,1
equally_close,1,1,0
equally_charismatic,1,1,0
equally_central,1,1,0
equally_celebratory,1,1,0
equally_cautious,1,1,0
equally_busy,1,1,0
equally_buggy,1,1,0
equally_brutal,1,1,0
equally_brave,1,1,0
equally_bloody,1,1,0
equally_bigoted,1,1,0
equally_biased,1,1,0
equally_better,1,1,0
equally_ambiguous,1,1,0
equally_amazing,1,1,0
equally_amateur,1,1,0
equally_alive,1,1,0
epically_challenging,1,1,0
epically_busy,1,1,0
epically_awesome,1,1,0
environmentally_wise,1,1,0
environmentally_wasteful,1,1,0
environmentally_useful,1,1,0
environmentally_unstable,1,1,0
environmentally_unsafe,1,1,0
environmentally_undesirable,1,1,0
environmentally_unconscionable,1,1,0
environmentally_unacceptable,1,1,0
environmentally_toxic,1,1,0
environmentally_topical,1,1,0
environmentally_suitable,1,1,0
environmentally_strong,1,1,0
environmentally_stable,1,1,0
environmentally_solid,1,1,0
epically_cool,1,1,0
epically_dull,1,1,0
epically_grim,1,1,0
equally_adequate,1,1,0
equally_agreeable,1,1,0
equally_aghast,1,1,0
equally_aggressive,1,1,0
equally_aggravating,1,1,0
equally_adult,1,1,0
equally_adorable,1,1,0
equally_admirable,1,1,0
equally_acute,1,1,0
epically_heroic,1,1,0
equally_achievable,1,1,0
equally_accommodating,1,1,0
equally_abusive,1,1,0
equally_abrasive,1,1,0
epically_strong,1,1,0
epically_shit,1,1,0
epically_horrible,1,1,0
essentially_contradictory,1,1,0
essentially_crazy,1,1,0
essentially_creative,1,1,0
ever_chill,1,1,0
ever_cheaper,1,1,0
ever_catholic,1,1,0
ever_careful,1,1,0
ever_calm,1,1,0
ever_bulletproof,1,1,0
ever_bulky,1,1,0
ever_blue,1,1,0
ever_bittersweet,1,1,0
ever_bisexual,1,1,0
ever_benign,1,1,0
ever_banal,1,1,0
ever_autonomous,1,1,0
ever_asian,1,1,0
ever_arrogant,1,1,0
ever_arbitrary,1,1,0
ever_angelic,1,1,0
ever_ambivalent,1,1,0
ever_cheesy,1,1,0
ever_classy,1,1,0
ever_amazing,1,1,0
ever_clearer,1,1,0
ever_conducive,1,1,0
ever_complimentary,1,1,0
ever_complicated,1,1,0
ever_compliant,1,1,0
ever_complex,1,1,0
ever_complacent,1,1,0
ever_competent,1,1,0
ever_compelling,1,1,0
ever_comparable,1,1,0
ever_common,1,1,0
ever_committed,1,1,0
ever_comic,1,1,0
ever_comfy,1,1,0
ever_comforting,1,1,0
ever_coherent,1,1,0
ever_cocky,1,1,0
ever_cliched,1,1,0
ever_ambiguous,1,1,0
ever_amateurish,1,1,0
ever_confused,1,1,0
eventually_key,1,1,0
eventually_impossible,1,1,0
eventually_forthcoming,1,1,0
eventually_forgettable,1,1,0
eventually_famous,1,1,0
eventually_extinct,1,1,0
eventually_dangerous,1,1,0
eventually_consistent,1,1,0
evenly_wonderful,1,1,0
evenly_thin,1,1,0
evenly_thick,1,1,0
evenly_skilled,1,1,0
evenly_positive,1,1,0
evenly_open,1,1,0
evenly_moist,1,1,0
evenly_modern,1,1,0
evenly_high,1,1,0
evenly_good,1,1,0
eventually_ineffective,1,1,0
eventually_most,1,1,0
ever_allowable,1,1,0
eventually_perpendicular,1,1,0
ever_aged,1,1,0
ever_admissible,1,1,0
ever_adequate,1,1,0
ever_additional,1,1,0
ever_actual,1,1,0
ever_achievable,1,1,0
ever_accountable,1,1,0
ever_abstract,1,1,0
ever_abrupt,1,1,0
ever_abrasive,1,1,0
ever_abnormal,1,1,0
eventually_worse,1,1,0
eventually_undone,1,1,0
eventually_sleazy,1,1,0
eventually_simple,1,1,0
eventually_relevant,1,1,0
eventually_playable,1,1,0
ever_confidential,1,1,0
ever_controversial,1,1,0
ever_hereditary,1,1,0
ever_forecast,1,1,0
ever_female,1,1,0
ever_feasible,1,1,0
ever_faster,1,1,0
ever_fashionable,1,1,0
ever_fascinating,1,1,0
ever_fancy,1,1,0
ever_faithful,1,1,0
ever_fairer,1,1,0
ever_fabulous,1,1,0
ever_extraordinary,1,1,0
ever_extra,1,1,0
ever_external,1,1,0
ever_extant,1,1,0
ever_expensive,1,1,0
ever_expedient,1,1,0
ever_existent,1,1,0
ever_equitable,1,1,0
ever_flawless,1,1,0
ever_formal,1,1,0
ever_energetic,1,1,0
ever_forthright,1,1,0
ever_harsh,1,0,1
ever_harder,1,1,0
ever_happier,1,1,0
ever_haphazard,1,1,0
ever_handsome,1,1,0
ever_habitable,1,1,0
ever_greater,1,1,0
ever_graceful,1,1,0
ever_gory,1,1,0
ever_gorgeous,1,1,0
ever_glorious,1,1,0
ever_funnier,1,1,0
ever_functional,1,1,0
ever_frustrating,1,1,0
ever_frightened,1,0,1
ever_friendly,1,0,1
ever_fortunate,1,1,0
ever_engaging,1,1,0
ever_empirical,1,1,0
ever_convincing,1,1,0
ever_detrimental,1,0,1
ever_desirable,1,1,0
ever_derivative,1,1,0
ever_dependable,1,1,0
ever_defenseless,1,1,0
ever_deeper,1,1,0
ever_dark,1,1,0
ever_curvy,1,1,0
ever_current,1,1,0
ever_culpable,1,1,0
ever_cuddly,1,0,1
ever_creepy,1,1,0
ever_creditable,1,1,0
ever_credible,1,1,0
ever_coy,1,1,0
ever_counterintuitive,1,1,0
ever_costlier,1,1,0
ever_corrupt,1,1,0
ever_desperate,1,1,0
ever_devoid,1,1,0
ever_emotional,1,1,0
ever_direct,1,1,0
ever_embarrassed,1,1,0
ever_eligible,1,1,0
ever_edible,1,1,0
ever_early,1,1,0
ever_dysfunctional,1,1,0
ever_due,1,1,0
ever_dramatic,1,1,0
ever_dormant,1,1,0
ever_domestic,1,1,0
ever_dogmatic,1,1,0
ever_disturbing,1,1,0
ever_distinct,1,1,0
ever_distant,1,1,0
ever_disruptive,1,1,0
ever_disingenuous,1,1,0
ever_discernible,1,1,0
ever_disagreeable,1,1,0
evenly_excellent,1,1,0
evenly_comfortable,1,1,0
evenly_circular,1,1,0
even_speedy,1,1,0
even_southern,1,1,0
even_sour,1,1,0
even_soothing,1,1,0
even_solvable,1,1,0
even_soluble,1,1,0
even_sociable,1,1,0
even_snug,1,1,0
even_snarky,1,1,0
even_smug,1,1,0
even_smoother,1,1,0
even_smoky,1,1,0
even_slutty,1,1,0
even_sluggish,1,1,0
even_sloppy,1,1,0
even_sleazy,1,1,0
even_skillful,1,1,0
even_sinister,1,1,0
even_spacious,1,1,0
even_spherical,1,1,0
even_shortsighted,1,1,0
even_spontaneous,1,1,0
even_sunni,1,1,0
even_sudden,1,1,0
even_suburban,1,1,0
even_substantive,1,1,0
even_substantial,1,1,0
even_subconscious,1,1,0
even_sturdy,1,1,0
even_stunned,1,1,0
even_stricter,1,1,0
even_strenuous,1,1,0
even_sterile,1,1,0
even_steep,1,1,0
even_steady,1,1,0
even_staunch,1,1,0
even_startling,1,1,0
even_squishy,1,1,0
even_squeamish,1,1,0
even_showy,1,1,0
even_short-sighted,1,1,0
evenly_beneficial,1,1,0
even_sacred,1,1,0
even_rubbish,1,1,0
even_round,1,1,0
even_rocky,1,0,1
even_right-wing,1,1,0
even_retarded,1,1,0
even_restrictive,1,1,0
even_restive,1,1,0
even_respected,1,1,0
even_resonant,1,1,0
even_resident,1,1,0
even_removable,1,1,0
even_relaxed,1,1,0
even_redeemable,1,1,0
even_rectangular,1,1,0
even_recreational,1,1,0
even_rebellious,1,1,0
even_rainy,1,1,0
even_rugged,1,1,0
even_sacrosanct,1,1,0
even_shoddy,1,1,0
even_sadder,1,1,0
even_sheer,1,1,0
even_sharper,1,1,0
even_shameful,1,1,0
even_sexist,1,1,0
even_set,1,1,0
even_self-evident,1,1,0
even_self-aware,1,1,0
even_seasoned,1,1,0
even_schizophrenic,1,1,0
even_scenic,1,1,0
even_scarce,1,1,0
even_sayin,1,1,0
even_satirical,1,1,0
even_sassy,1,1,0
even_sanguine,1,1,0
even_sandy,1,1,0
even_same,1,1,0
even_superior,1,1,0
even_suspect,1,1,0
even_suspenseful,1,1,0
even_viral,1,1,0
even_victorian,1,1,0
even_vain,1,1,0
even_vague,1,1,0
even_upscale,1,1,0
even_upper,1,1,0
even_unworthy,1,1,0
even_unsure,1,1,0
even_unsuitable,1,1,0
even_unstable,1,1,0
even_unsettled,1,1,0
even_unseen,1,1,0
even_unseemly,1,0,1
even_unsatisfying,1,1,0
even_unsafe,1,1,0
even_unrelated,1,1,0
even_unrealistic,1,1,0
even_unprepared,1,1,0
even_vindictive,1,1,0
even_virtuous,1,1,0
even_symbolic,1,1,0
even_visceral,1,0,1
evenly_balanced,1,1,0
even_year-round,1,1,0
even_worldly,1,1,0
even_wooden,1,1,0
even_wobbly,1,1,0
even_wistful,1,1,0
even_wiser,1,1,0
even_whiter,1,1,0
even_whiny,1,1,0
even_weighty,1,1,0
even_weary,1,1,0
even_wealthy,1,1,0
even_weak,1,1,0
even_watchful,1,1,0
even_wary,1,1,0
even_vocal,1,1,0
even_vivid,1,1,0
even_unnecessary,1,1,0
even_unmistakable,1,1,0
even_unlawful,1,1,0
even_unintentional,1,1,0
even_transgender,1,1,0
even_transformative,1,1,0
even_torture,1,1,0
even_titillating,1,1,0
even_timid,1,1,0
even_timeless,1,1,0
even_threatening,1,1,0
even_thematic,1,1,0
even_terrifying,1,1,0
even_terrified,1,1,0
even_tense,1,1,0
even_tedious,1,1,0
even_tasty,1,1,0
even_tangy,1,1,0
even_talkative,1,1,0
even_tactical,1,1,0
even_systematic,1,1,0
even_traumatic,1,1,0
even_treacherous,1,1,0
even_trendy,1,1,0
even_underpaid,1,1,0
even_unintended,1,1,0
even_unhealthy,1,1,0
even_unfriendly,1,1,0
even_unfortunate,1,1,0
even_unfeasible,1,1,0
even_unfazed,1,1,0
even_undesirable,1,1,0
even_unconscionable,1,1,0
even_unaffected,1,1,0
even_unconditional,1,1,0
even_unbroken,1,1,0
even_unbiased,1,1,0
even_unbelievable,1,1,0
even_unbalanced,1,1,0
even_unaware,1,1,0
even_unappealing,1,0,1
ever_hazardous,1,1,0
ever_hesitant,1,1,0
essentially_criminal,1,1,0
ever_unsure,1,1,0
ever_unruly,1,1,0
ever_unreachable,1,1,0
ever_unqualified,1,1,0
ever_unpopular,1,1,0
ever_unnoticed,1,1,0
ever_unnecessary,1,1,0
ever_unlocked,1,1,0
ever_unknowable,1,1,0
ever_unkind,1,1,0
ever_unjust,1,1,0
ever_unimportant,1,1,0
ever_ungrateful,1,1,0
ever_unflattering,1,0,1
ever_unfashionable,1,1,0
ever_unfair,1,1,0
ever_uneventful,1,1,0
ever_understated,1,1,0
ever_unsuccessful,1,1,0
ever_untouchable,1,1,0
ever_unconscious,1,1,0
ever_unwarranted,1,1,0
ever_whiny,1,1,0
ever_weary,1,1,0
ever_waterproof,1,1,0
ever_watchful,1,1,0
ever_vulnerable,1,1,0
ever_vocal,1,1,0
ever_vital,1,1,0
ever_vindictive,1,1,0
ever_verbal,1,1,0
ever_venerable,1,1,0
ever_vegan,1,1,0
ever_vague,1,1,0
ever_urgent,1,1,0
ever_urban,1,1,0
ever_upbeat,1,1,0
ever_unwelcome,1,1,0
ever_unwatchable,1,1,0
ever_uncontroversial,1,1,0
ever_unchanged,1,1,0
ever_wide,1,1,0
ever_sympathetic,1,1,0
ever_sweeter,1,1,0
ever_sweet,1,1,0
ever_susceptible,1,1,0
ever_surprised,1,1,0
ever_superior,1,1,0
ever_substantial,1,1,0
ever_stylish,1,1,0
ever_stronger,1,1,0
ever_stressful,1,1,0
ever_streaky,1,1,0
ever_steady,1,1,0
ever_square,1,1,0
ever_sporty,1,1,0
ever_spooky,1,1,0
ever_spicy,1,1,0
ever_spherical,1,1,0
ever_sombre,1,1,0
ever_symmetrical,1,0,1
ever_taboo,1,1,0
ever_uncertain,1,1,0
ever_tacky,1,1,0
ever_unavailable,1,1,0
ever_unanimous,1,1,0
ever_trite,1,1,0
ever_tricky,1,1,0
ever_transparent,1,1,0
ever_transformative,1,1,0
ever_trained,1,1,0
ever_traceable,1,1,0
ever_tough,1,1,0
ever_timid,1,1,0
ever_timely,1,1,0
ever_tight,1,1,0
ever_thrilled,1,1,0
ever_thankful,1,0,1
ever_tense,1,1,0
ever_temporary,1,1,0
ever_tedious,1,1,0
ever_white,1,1,0
ever_wild,1,1,0
ever_high,1,1,0
evidently_poor,1,1,0
evidently_outrageous,1,1,0
evidently_open,1,1,0
evidently_obvious,1,1,0
evidently_noticeable,1,1,0
evidently_nil,1,1,0
evidently_mistaken,1,1,0
evidently_mechanical,1,1,0
evidently_larger,1,1,0
evidently_keen,1,1,0
evidently_irrational,1,1,0
evidently_interested,1,1,0
evidently_ignorant,1,1,0
evidently_heroic,1,1,0
evidently_helpful,1,1,0
evidently_favorable,1,1,0
evidently_false,1,1,0
evidently_enough,1,1,0
evidently_partial,1,1,0
evidently_popular,1,1,0
evidently_different,1,1,0
evidently_sinister,1,0,1
exact_arbitrary,1,1,0
evolutionarily_unfit,1,1,0
evolutionarily_successful,1,1,0
evolutionarily_possible,1,1,0
evolutionarily_obsessed,1,1,0
evolutionarily_neutral,1,1,0
evolutionarily_necessary,1,1,0
evolutionarily_meaningful,1,1,0
evolutionarily_inevitable,1,0,1
evolutionarily_common,1,1,0
evolutionarily_advanced,1,1,0
evolutionarily_acceptable,1,1,0
evidently_visible,1,1,0
evidently_urgent,1,1,0
evidently_unfit,1,1,0
evidently_superior,1,1,0
evidently_smarter,1,1,0
evidently_eager,1,1,0
evidently_destructive,1,1,0
ever_windy,1,1,0
everywhere_dependent,1,1,0
everywhere_available,1,1,0
everywhere_alike,1,1,0
everyday_tall,1,1,0
everyday_russian,1,1,0
everyday_professional,1,1,0
everyday_ordinary,1,1,0
everyday_involved,1,1,0
everyday_holy,1,1,0
everyday_good,1,1,0
everyday_friendly,1,1,0
everyday_frequent,1,1,0
everyday_fantastic,1,1,0
everyday_commonplace,1,1,0
everyday_boring,1,1,0
everyday_affordable,1,1,0
ever_worthwhile,1,1,0
ever_workable,1,1,0
everywhere_common,1,1,0
everywhere_easy,1,1,0
evidently_compatible,1,1,0
everywhere_generous,1,1,0
evidently_comedic,1,1,0
evidently_certain,1,1,0
evidently_big,1,1,0
evidently_aware,1,1,0
evidently_available,1,1,0
evidently_active,1,1,0
evidently_absurd,1,1,0
everywhere_wise,1,1,0
everywhere_welcome,1,1,0
everywhere_unsuccessful,1,1,0
everywhere_true,1,1,0
everywhere_thorny,1,1,0
everywhere_smooth,1,1,0
everywhere_pure,1,1,0
everywhere_pleasing,1,1,0
everywhere_persuasive,1,1,0
everywhere_good,1,1,0
ever_soft,1,1,0
ever_snowy,1,1,0
ever_skillful,1,1,0
ever_lucid,1,1,0
ever_longer,1,1,0
ever_logical,1,1,0
ever_little,1,1,0
ever_liquid,1,1,0
ever_limp,1,1,0
ever_light,1,1,0
ever_legal,1,1,0
ever_lax,1,1,0
ever_latino,1,1,0
ever_knowledgeable,1,1,0
ever_judgmental,1,1,0
ever_judgemental,1,1,0
ever_irritable,1,1,0
ever_invisible,1,1,0
ever_invasive,1,1,0
ever_intuitive,1,1,0
ever_intrusive,1,1,0
ever_loyal,1,1,0
ever_lucrative,1,1,0
ever_insulting,1,1,0
ever_major,1,1,0
ever_naughty,1,1,0
ever_nasty,1,1,0
ever_mysterious,1,1,0
ever_mute,1,1,0
ever_mortal,1,1,0
ever_moral,1,1,0
ever_monotonous,1,1,0
ever_moist,1,1,0
ever_missing,1,1,0
ever_miserable,1,1,0
ever_mindless,1,1,0
ever_mindful,1,1,0
ever_militant,1,0,1
ever_mellow,1,1,0
ever_mature,1,1,0
ever_manifest,1,1,0
ever_male,1,1,0
ever_introspective,1,1,0
ever_instructive,1,0,1
ever_sketchy,1,1,0
ever_immune,1,1,0
ever_imminent,1,1,0
ever_immediate,1,1,0
ever_immature,1,1,0
ever_immaculate,1,1,0
ever_imaginable,1,1,0
ever_illuminating,1,1,0
ever_ill-equipped,1,1,0
ever_hyperbolic,1,1,0
ever_hungover,1,1,0
ever_hotter,1,1,0
ever_hospitable,1,1,0
ever_horrible,1,1,0
ever_hopeful,1,1,0
ever_honest,1,1,0
ever_homely,1,1,0
ever_holy,1,1,0
ever_higher,1,1,0
ever_immortal,1,1,0
ever_impressed,1,1,0
ever_instantaneous,1,1,0
ever_inaccurate,1,1,0
ever_insincere,1,1,0
ever_insecure,1,1,0
ever_informative,1,1,0
ever_informal,1,1,0
ever_inflammatory,1,1,0
ever_inexpensive,1,1,0
ever_indulgent,1,1,0
ever_individual,1,1,0
ever_indigenous,1,1,0
ever_indicative,1,1,0
ever_independent,1,1,0
ever_incumbent,1,1,0
ever_inconsequential,1,1,0
ever_inconceivable,1,1,0
ever_inclusive,1,1,0
ever_inclined,1,1,0
ever_incidental,1,1,0
ever_needy,1,1,0
ever_negligible,1,1,0
ever_newsworthy,1,1,0
ever_righteous,1,1,0
ever_rewarding,1,1,0
ever_retrograde,1,0,1
ever_reticent,1,1,0
ever_resentful,1,1,0
ever_representative,1,1,0
ever_relaxed,1,1,0
ever_relative,1,1,0
ever_refundable,1,1,0
ever_refreshing,1,1,0
ever_recognizable,1,1,0
ever_reckless,1,1,0
ever_receptive,1,1,0
ever_rebellious,1,1,0
ever_reachable,1,1,0
ever_raw,1,1,0
ever_raucous,1,1,0
ever_public,1,1,0
ever_rich,1,1,0
ever_robust,1,1,0
ever_obedient,1,1,0
ever_romantic,1,1,0
ever_singular,1,1,0
ever_sincere,1,1,0
ever_simplistic,1,1,0
ever_similar,1,1,0
ever_sexualized,1,1,0
ever_sensitive,1,1,0
ever_sensible,1,1,0
ever_selfish,1,1,0
ever_sci-fi,1,1,0
ever_same,1,1,0
ever_sacred,1,1,0
ever_saccharine,1,1,0
ever_rusty,1,1,0
ever_rustic,1,1,0
ever_rubbish,1,1,0
ever_routine,1,1,0
ever_rotten,1,1,0
ever_proportional,1,1,0
ever_prone,1,1,0
ever_promising,1,1,0
ever_promiscuous,1,1,0
ever_pale,1,1,0
ever_palatable,1,1,0
ever_painless,1,1,0
ever_painful,1,1,0
ever_own,1,1,0
ever_overweight,1,1,0
ever_overt,1,1,0
ever_oversold,1,1,0
ever_overcrowded,1,1,0
ever_overcast,1,1,0
ever_overblown,1,1,0
ever_outdoors,1,1,0
ever_outdated,1,1,0
ever_optional,1,1,0
ever_only,1,1,0
ever_online,1,1,0
ever_odd,1,1,0
ever_palpable,1,1,0
ever_partisan,1,1,0
ever_passionate,1,1,0
ever_predictive,1,1,0
ever_probable,1,1,0
ever_pro-active,1,1,0
ever_privileged,1,1,0
ever_pristine,1,1,0
ever_prior,1,1,0
ever_prickly,1,1,0
ever_preferable,1,1,0
ever_precious,1,1,0
ever_pathological,1,1,0
ever_pragmatic,1,1,0
ever_poisonous,1,1,0
ever_poetic,1,1,0
ever_plentiful,1,1,0
ever_persuasive,1,1,0
ever_peachy,1,1,0
ever_patient,1,1,0
even_radioactive,1,1,0
even_racy,1,1,0
even_quieter,1,1,0
ethnically_kurdish,1,1,0
ethnically_intolerant,1,1,0
ethnically_different,1,1,0
ethnically_correct,1,1,0
ethnically_conscious,1,1,0
ethnically_compatible,1,1,0
ethnically_blind,1,1,0
ethnically_black,1,1,0
ethnically_biased,1,1,0
ethnically_african,1,1,0
ethnically_accurate,1,1,0
ethnically_acceptable,1,1,0
ethically_worthwhile,1,0,1
ethically_worse,1,1,0
ethically_wise,1,1,0
ethically_viable,1,1,0
ethically_untenable,1,1,0
ethically_unsound,1,1,0
ethnically_irish,1,1,0
ethnically_monolithic,1,1,0
ethically_troubling,1,0,1
ethnically_negative,1,1,0
even_alike,1,1,0
even_agreeable,1,1,0
even_agnostic,1,1,0
even_agile,1,1,0
even_aghast,1,1,0
even_adversarial,1,1,0
even_advantageous,1,1,0
even_adept,1,1,0
even_additional,1,1,0
even_adamant,1,1,0
even_acoustic,1,1,0
even_absurd,1,1,0
ethnically_separate,1,1,0
ethnically_segregated,1,0,1
ethnically_proportional,1,1,0
ethnically_polish,1,1,0
ethnically_particular,1,1,0
ethically_undesirable,1,1,0
ethically_thorny,1,0,1
even_amateurish,1,1,0
ethically_legitimate,1,1,0
ethically_innocent,1,1,0
ethically_incorrect,1,1,0
ethically_inconsistent,1,1,0
ethically_impartial,1,1,0
ethically_immoral,1,1,0
ethically_ideal,1,1,0
ethically_holy,1,1,0
ethically_grey,1,0,1
ethically_great,1,1,0
ethically_glorious,1,1,0
ethically_fraught,1,1,0
ethically_flawed,1,1,0
ethically_fitting,1,1,0
ethically_equivalent,1,1,0
ethically_english,1,1,0
ethically_egregious,1,1,0
ethically_disturbing,1,1,0
ethically_irresponsible,1,1,0
ethically_naive,1,1,0
ethically_terrible,1,1,0
ethically_nice,1,1,0
ethically_tenable,1,1,0
ethically_tedious,1,1,0
ethically_simple,1,1,0
ethically_sensitive,1,1,0
ethically_satisfactory,1,1,0
ethically_repulsive,1,1,0
ethically_reprehensible,1,1,0
ethically_reasonable,1,1,0
ethically_provocative,1,1,0
ethically_pristine,1,1,0
ethically_preferable,1,1,0
ethically_positive,1,1,0
ethically_pertinent,1,0,1
ethically_outrageous,1,1,0
ethically_offensive,1,1,0
ethically_obligatory,1,1,0
ethically_objectionable,1,0,1
even_altruistic,1,1,0
even_amicable,1,1,0
even_purposeful,1,1,0
even_combustible,1,1,0
even_colder,1,1,0
even_cogent,1,1,0
even_cocky,1,1,0
even_clueless,1,1,0
even_closed,1,1,0
even_claustrophobic,1,1,0
even_classical,1,1,0
even_clad,1,1,0
even_circular,1,1,0
even_chunky,1,1,0
even_chronic,1,1,0
even_chilly,1,1,0
even_chilling,1,1,0
even_cheerful,1,1,0
even_ceremonial,1,1,0
even_cautious,1,1,0
even_casual,1,1,0
even_collectible,1,1,0
even_comfy,1,1,0
even_caring,1,1,0
even_commensurate,1,1,0
even_contextual,1,1,0
even_contemptuous,1,1,0
even_considerable,1,1,0
even_consequential,1,1,0
even_consecutive,1,1,0
even_confusing,1,1,0
even_configurable,1,1,0
even_confidential,1,1,0
even_conditional,1,1,0
even_concrete,1,1,0
even_conclusive,1,1,0
even_concerted,1,1,0
even_complex,1,1,0
even_complementary,1,1,0
even_compact,1,1,0
even_commonplace,1,1,0
even_commercial,1,1,0
even_cartoonish,1,1,0
even_captive,1,1,0
even_amoral,1,1,0
even_automatic,1,1,0
even_atypical,1,1,0
even_astonishing,1,1,0
even_assertive,1,1,0
even_aspirational,1,1,0
even_armored,1,1,0
even_architectural,1,1,0
even_apropos,1,1,0
even_appreciative,1,1,0
even_appalled,1,1,0
even_apocryphal,1,1,0
even_anticlimactic,1,1,0
even_antagonistic,1,1,0
even_answerable,1,1,0
even_anomalous,1,1,0
even_angular,1,1,0
even_angrier,1,1,0
even_ample,1,1,0
even_audacious,1,1,0
even_autonomous,1,1,0
even_capitalist,1,1,0
even_bashful,1,1,0
even_calmer,1,1,0
even_buttery,1,1,0
even_bummed,1,1,0
even_buggy,1,1,0
even_broadcast,1,1,0
even_brilliant,1,1,0
even_bottomless,1,1,0
even_bolder,1,1,0
even_blurry,1,1,0
even_bleak,1,1,0
even_blasphemous,1,1,0
even_blank,1,1,0
even_bitchy,1,1,0
even_bipartisan,1,1,0
even_binary,1,1,0
even_beholden,1,1,0
even_beatable,1,1,0
ethically_distinctive,1,1,0
ethically_dense,1,1,0
ethically_culpable,1,1,0
essentially_lousy,1,1,0
essentially_leftist,1,1,0
essentially_left-wing,1,1,0
essentially_lawless,1,1,0
essentially_japanese,1,1,0
essentially_irrelevant,1,0,1
essentially_invisible,1,1,0
essentially_intuitive,1,1,0
essentially_interesting,1,1,0
essentially_interchangeable,1,1,0
essentially_integrated,1,1,0
essentially_infrequent,1,1,0
essentially_inefficient,1,1,0
essentially_indian,1,0,1
essentially_independent,1,1,0
essentially_incremental,1,1,0
essentially_incorrect,1,1,0
essentially_important,1,1,0
essentially_limitless,1,1,0
essentially_loving,1,1,0
essentially_impersonal,1,1,0
essentially_low-cost,1,1,0
essentially_pregnant,1,1,0
essentially_possible,1,1,0
essentially_positive,1,1,0
essentially_poorer,1,0,1
essentially_pleasant,1,1,0
essentially_pagan,1,1,0
essentially_overrated,1,1,0
essentially_outdoors,1,1,0
essentially_optimistic,1,1,0
essentially_oppressive,1,1,0
essentially_older,1,1,0
essentially_moral,1,1,0
essentially_moderate,1,1,0
essentially_melodic,1,1,0
essentially_meaningful,1,1,0
essentially_malicious,1,1,0
essentially_male,1,1,0
essentially_implausible,1,1,0
essentially_immune,1,1,0
ethically_competitive,1,1,0
essentially_effortless,1,1,0
essentially_economic,1,1,0
essentially_dogmatic,1,1,0
essentially_distressing,1,1,0
essentially_distinct,1,1,0
essentially_dissimilar,1,1,0
essentially_disingenuous,1,1,0
essentially_dignified,1,1,0
essentially_devoid,1,1,0
essentially_deviant,1,1,0
essentially_detrimental,1,1,0
essentially_despicable,1,1,0
essentially_democratic,1,1,0
essentially_deliberate,1,1,0
essentially_deceptive,1,1,0
essentially_dead,1,1,0
essentially_current,1,1,0
essentially_cruel,1,1,0
essentially_effective,1,1,0
essentially_english,1,1,0
essentially_illegal,1,1,0
essentially_enjoyable,1,1,0
essentially_ideological,1,1,0
essentially_humorous,1,1,0
essentially_heroic,1,1,0
essentially_hereditary,1,1,0
essentially_helpful,1,1,0
essentially_healthy,1,1,0
essentially_happier,1,1,0
essentially_greater,1,1,0
essentially_generous,1,1,0
essentially_foreign,1,1,0
essentially_fine,1,1,0
essentially_fantastical,1,1,0
essentially_expensive,1,1,0
essentially_exact,1,1,0
essentially_ethnic,1,1,0
essentially_essential,1,1,0
essentially_equal,1,1,0
essentially_productive,1,0,1
essentially_pure,1,1,0
essentially_racial,1,1,0
eternally_miserable,1,1,0
eternally_important,1,1,0
eternally_hopeful,1,1,0
eternally_guilty,1,1,0
eternally_futile,1,1,0
eternally_effectual,1,1,0
eternally_dire,1,1,0
eternally_dependent,1,1,0
eternally_deep,1,1,0
eternally_blessed,1,1,0
eternally_binary,1,1,0
eternally_best,1,1,0
eternally_ambiguous,1,1,0
essentially_worthless,1,1,0
essentially_worth,1,1,0
essentially_worse,1,1,0
essentially_worried,1,1,0
essentially_vulnerable,1,1,0
eternally_low,1,1,0
eternally_misunderstood,1,1,0
essentially_radical,1,1,0
eternally_old,1,1,0
ethically_comparable,1,1,0
ethically_comfortable,1,1,0
ethically_clear-cut,1,0,1
ethically_capable,1,1,0
ethically_bankrupt,1,1,0
ethically_attainable,1,1,0
ethically_able,1,1,0
eternally_true,1,1,0
eternally_tired,1,1,0
eternally_terrified,1,1,0
eternally_subordinate,1,1,0
eternally_stable,1,1,0
eternally_significant,1,1,0
eternally_self-conscious,1,1,0
eternally_satisfied,1,1,0
eternally_present,1,1,0
eternally_optimistic,1,1,0
essentially_voluntary,1,1,0
essentially_vital,1,1,0
essentially_violent,1,1,0
essentially_vicious,1,1,0
essentially_subversive,1,0,1
essentially_stunning,1,1,0
essentially_stressful,1,1,0
essentially_solid,1,1,0
essentially_smart,1,1,0
essentially_small,1,1,0
essentially_sexual,1,1,0
essentially_serious,1,1,0
essentially_self-taught,1,1,0
essentially_self-aware,1,1,0
essentially_secure,1,1,0
essentially_satisfied,1,1,0
essentially_sacred,1,1,0
essentially_ridiculous,1,1,0
essentially_richer,1,0,1
essentially_repressive,1,1,0
essentially_relevant,1,1,0
essentially_such,1,1,0
essentially_supernatural,1,1,0
essentially_sympathetic,1,1,0
essentially_unchanged,1,1,0
essentially_valuable,1,1,0
essentially_utilitarian,1,1,0
essentially_useless,1,1,0
essentially_unwatchable,1,1,0
essentially_unstoppable,1,1,0
essentially_unrelated,1,1,0
essentially_unhappy,1,1,0
essentially_unchallenged,1,1,0
essentially_synonymous,1,1,0
essentially_typical,1,1,0
essentially_truthful,1,1,0
essentially_transformative,1,1,0
essentially_transferable,1,1,0
essentially_transactional,1,1,0
essentially_timeless,1,1,0
essentially_systematic,1,1,0
even_convenient,1,1,0
even_conversational,1,1,0
even_cooperative,1,1,0
even_lyrical,1,1,0
even_ludicrous,1,1,0
even_lucrative,1,1,0
even_luckier,1,1,0
even_loving,1,1,0
even_lovely,1,1,0
even_lovable,1,1,0
even_louder,1,1,0
even_long-term,1,1,0
even_liveable,1,1,0
even_literary,1,1,0
even_literal,1,1,0
even_lightweight,1,1,0
even_lifelike,1,1,0
even_life-threatening,1,1,0
even_life-changing,1,1,0
even_libertarian,1,1,0
even_libelous,1,1,0
even_luxurious,1,1,0
even_macho,1,1,0
even_left-leaning,1,1,0
even_malevolent,1,1,0
even_motivational,1,1,0
even_monogamous,1,1,0
even_misogynistic,1,1,0
even_mind-blowing,1,1,0
even_military,1,1,0
even_mild,1,1,0
even_metaphysical,1,1,0
even_mellow,1,1,0
even_medium,1,1,0
even_mathematical,1,1,0
even_maternal,1,1,0
even_mass,1,1,0
even_masculine,1,1,0
even_marketable,1,1,0
even_manipulative,1,1,0
even_manic,1,1,0
even_malicious,1,1,0
even_liable,1,1,0
even_lazy,1,1,0
even_incomplete,1,1,0
even_insignificant,1,1,0
even_insane,1,1,0
even_inherent,1,1,0
even_informed,1,0,1
even_informal,1,1,0
even_influential,1,1,0
even_inflammatory,1,1,0
even_infinite,1,1,0
even_infamous,1,1,0
even_inexpensive,1,1,0
even_inevitable,1,1,0
even_ineffective,1,1,0
even_industrious,1,0,1
even_industrial,1,1,0
even_indispensable,1,1,0
even_indirect,1,1,0
even_incumbent,1,1,0
even_incongruous,1,1,0
even_insensitive,1,1,0
even_instant,1,1,0
even_laudable,1,1,0
even_insufferable,1,1,0
even_lasting,1,1,0
even_lame,1,1,0
even_lacklustre,1,1,0
even_kinder,1,1,0
even_junior,1,1,0
even_judgmental,1,1,0
even_joyful,1,1,0
even_jolly,1,1,0
even_jarring,1,1,0
even_irreverent,1,1,0
even_irresponsible,1,1,0
even_inventive,1,1,0
even_invalid,1,1,0
even_intriguing,1,1,0
even_internal,1,1,0
even_intense,1,1,0
even_insulting,1,1,0
even_murky,1,1,0
even_musical,1,1,0
even_mystical,1,1,0
even_potential,1,1,0
even_plump,1,1,0
even_picturesque,1,1,0
even_perverse,1,1,0
even_persistent,1,1,0
even_perplexing,1,1,0
even_pernicious,1,1,0
even_peripheral,1,1,0
even_perilous,1,1,0
even_perceptive,1,1,0
even_peaceful,1,1,0
even_patriotic,1,1,0
even_patient,1,1,0
even_pathological,1,1,0
even_passive,1,0,1
even_paramount,1,1,0
even_paradoxical,1,1,0
even_palatable,1,1,0
even_potent,1,1,0
even_praiseworthy,1,1,0
even_mythical,1,1,0
even_preachy,1,1,0
even_psychological,1,1,0
even_psychic,1,1,0
even_psychedelic,1,0,1
even_provocative,1,1,0
even_protestant,1,1,0
even_pronounced,1,1,0
even_promiscuous,1,1,0
even_procedural,1,1,0
even_proactive,1,1,0
even_pro,1,1,0
even_principal,1,1,0
even_pricy,1,1,0
even_prickly,1,1,0
even_presumptuous,1,1,0
even_presentable,1,1,0
even_premature,1,1,0
even_predominant,1,1,0
even_own,1,1,0
even_overworked,1,1,0
even_overwhelming,1,1,0
even_overdone,1,1,0
even_null,1,1,0
even_nude,1,1,0
even_nonexistent,1,0,1
even_non-partisan,1,1,0
even_nominal,1,1,0
even_noisy,1,1,0
even_nocturnal,1,1,0
even_noble,1,1,0
even_niche,1,1,0
even_newer,1,1,0
even_never-ending,1,1,0
even_negligent,1,1,0
even_nefarious,1,1,0
even_needy,1,1,0
even_neat,1,1,0
even_nationwide,1,1,0
even_narrative,1,1,0
even_numb,1,1,0
even_numerous,1,1,0
even_nutty,1,1,0
even_opportune,1,1,0
even_overbearing,1,1,0
even_outstanding,1,1,0
even_outside,1,1,0
even_outgoing,1,1,0
even_out,1,1,0
even_oral,1,1,0
even_opulent,1,1,0
even_open-minded,1,1,0
even_obedient,1,1,0
even_ongoing,1,1,0
even_one-sided,1,1,0
even_one-dimensional,1,1,0
even_omnipotent,1,1,0
even_obsessive,1,1,0
even_obscure,1,1,0
even_obligated,1,1,0
even_inconceivable,1,1,0
even_incendiary,1,1,0
even_corny,1,1,0
even_elated,1,1,0
even_eco-friendly,1,1,0
even_eclectic,1,1,0
even_east,1,1,0
even_dusty,1,1,0
even_durable,1,1,0
even_dumber,1,1,0
even_drowsy,1,1,0
even_do-able,1,1,0
even_divisive,1,1,0
even_divine,1,1,0
even_distraught,1,1,0
even_distinctive,1,1,0
even_distant,1,1,0
even_dissonant,1,1,0
even_disinterested,1,1,0
even_dishonest,1,1,0
even_disgusting,1,1,0
even_egotistical,1,1,0
even_elegant,1,1,0
even_discerning,1,1,0
even_elemental,1,1,0
even_exhausting,1,1,0
even_excessive,1,1,0
even_exact,1,1,0
even_evocative,1,1,0
even_everyday,1,1,0
even_evasive,1,1,0
even_evangelical,1,1,0
even_ethereal,1,1,0
even_ergonomic,1,1,0
even_episodic,1,1,0
even_ephemeral,1,1,0
even_enviable,1,1,0
even_enthralling,1,1,0
even_enormous,1,1,0
even_endearing,1,1,0
even_eloquent,1,1,0
even_elementary,1,1,0
even_discretionary,1,1,0
even_disastrous,1,1,0
even_impregnable,1,1,0
even_deeper,1,1,0
even_decadent,1,1,0
even_debilitating,1,1,0
even_daunting,1,1,0
even_damning,1,1,0
even_cuter,1,1,0
even_customizable,1,1,0
even_customary,1,1,0
even_custom,1,1,0
even_curvy,1,1,0
even_cunning,1,1,0
even_cultural,1,1,0
even_cuddly,1,1,0
even_crystal,1,1,0
even_cryptic,1,1,0
even_crude,1,1,0
even_cramped,1,1,0
even_crafty,1,1,0
even_deductible,1,1,0
even_defective,1,1,0
even_dirtier,1,1,0
even_defensive,1,1,0
even_diplomatic,1,1,0
even_diminutive,1,1,0
even_digestible,1,1,0
even_devoid,1,0,1
even_deterministic,1,1,0
even_destructive,1,1,0
even_despondent,1,1,0
even_desirous,1,1,0
even_descriptive,1,1,0
even_derogatory,1,1,0
even_derivative,1,1,0
even_deployable,1,1,0
even_delinquent,1,1,0
even_delightful,1,1,0
even_deft,1,1,0
even_definitive,1,1,0
even_defiant,1,0,1
even_existential,1,1,0
even_expandable,1,1,0
even_expedient,1,1,0
even_holy,1,1,0
even_hereditary,1,1,0
even_hectic,1,1,0
even_heartbroken,1,1,0
even_healthful,1,1,0
even_haunting,1,1,0
even_hardcore,1,1,0
even_handmade,1,1,0
even_handicapped,1,1,0
even_groggy,1,1,0
even_gritty,1,1,0
even_grim,1,1,0
even_greener,1,1,0
even_gratuitous,1,1,0
even_grand,1,1,0
even_grainy,1,1,0
even_gracious,1,1,0
even_gory,1,1,0
even_heretical,1,1,0
even_homogenous,1,1,0
even_expired,1,1,0
even_hopeless,1,1,0
even_impractical,1,1,0
even_impotent,1,1,0
even_impartial,1,1,0
even_immersive,1,1,0
even_immature,1,1,0
even_illuminating,1,1,0
even_illiterate,1,1,0
even_illegitimate,1,1,0
even_idiotic,1,1,0
even_idiosyncratic,1,1,0
even_hurtful,1,1,0
even_hurt,1,1,0
even_humbling,1,1,0
even_humble,1,1,0
even_huge,1,1,0
even_horny,1,1,0
even_horizontal,1,1,0
even_glossy,1,1,0
even_glorious,1,1,0
even_global,1,1,0
even_gleeful,1,1,0
even_flammable,1,1,0
even_fixable,1,1,0
even_filthy,1,1,0
even_fifth,1,1,0
even_fierce,1,1,0
even_fictitious,1,1,0
even_fertile,1,1,0
even_ferocious,1,1,0
even_favourite,1,1,0
even_faulty,1,1,0
even_fatigued,1,1,0
even_fascist,1,1,0
even_fanciful,1,1,0
even_fairer,1,1,0
even_extra,1,1,0
even_extinct,1,1,0
even_external,1,1,0
even_flashy,1,1,0
even_flawless,1,1,0
even_forecast,1,1,0
even_fruitful,1,1,0
even_glad,1,1,0
even_gigantic,1,1,0
even_gentle,1,1,0
even_generic,1,1,0
even_gendered,1,1,0
even_future,1,1,0
even_frustrated,1,1,0
even_frigid,1,1,0
even_foreign,1,1,0
even_friendlier,1,1,0
even_fresher,1,1,0
even_fraudulent,1,1,0
even_fragrant,1,1,0
even_fourth,1,1,0
even_forthcoming,1,1,0
even_formal,1,1,0
entirely_hip,1,1,0
entirely_hellish,1,1,0
exact_easy,1,1,0
downright_gaudy,1,1,0
downright_frigid,1,1,0
downright_frightful,1,1,0
downright_frightened,1,1,0
downright_free,1,1,0
downright_fraudulent,1,1,0
downright_frantic,1,1,0
downright_forthright,1,0,1
downright_fluffy,1,1,0
downright_fluent,1,1,0
downright_flashy,1,1,0
downright_fishy,1,1,0
downright_fictional,1,1,0
downright_fearful,1,1,0
downright_fascist,1,1,0
downright_fascinating,1,1,0
downright_farcical,1,1,0
downright_far-fetched,1,1,0
downright_funky,1,1,0
downright_gay,1,1,0
downright_exploitative,1,1,0
downright_girly,1,1,0
downright_humbling,1,1,0
downright_honorable,1,1,0
downright_historic,1,1,0
downright_heartless,1,1,0
downright_hateful,1,1,0
downright_gruesome,1,1,0
downright_groundless,1,1,0
downright_groundbreaking,1,1,0
downright_grotesque,1,1,0
downright_gross,1,0,1
downright_grisly,1,1,0
downright_grim,1,1,0
downright_gregarious,1,0,1
downright_grateful,1,1,0
downright_gorgeous,1,1,0
downright_glum,1,1,0
downright_gleeful,1,1,0
downright_fanciful,1,1,0
downright_expert,1,1,0
downright_iconic,1,1,0
downright_drab,1,1,0
downright_divine,1,1,0
downright_disingenuous,1,1,0
downright_disconcerting,1,0,1
downright_dim,1,1,0
downright_dicey,1,1,0
downright_despondent,1,1,0
downright_depressed,1,1,0
downright_demure,1,1,0
downright_demonic,1,1,0
downright_demeaning,1,1,0
downright_delirious,1,1,0
downright_delinquent,1,1,0
downright_delightful,1,1,0
downright_deficient,1,1,0
downright_deferential,1,1,0
downright_debilitating,1,1,0
downright_deadly,1,1,0
downright_dope,1,1,0
downright_dubious,1,1,0
downright_expensive,1,1,0
downright_eclectic,1,1,0
downright_excruciating,1,1,0
downright_excited,1,1,0
downright_excellent,1,1,0
downright_exasperating,1,1,0
downright_evasive,1,1,0
downright_erotic,1,1,0
downright_epic,1,1,0
downright_envious,1,1,0
downright_enticing,1,1,0
downright_enthusiastic,1,1,0
downright_entertaining,1,1,0
downright_enlightening,1,1,0
downright_enchanting,1,1,0
downright_empowering,1,1,0
downright_elated,1,1,0
downright_effective,1,0,1
downright_educational,1,1,0
downright_hysterical,1,1,0
downright_icy,1,1,0
downright_poetic,1,1,0
downright_nonsense,1,0,1
downright_noisy,1,1,0
downright_negligible,1,1,0
downright_nefarious,1,1,0
downright_mysterious,1,1,0
downright_mushy,1,1,0
downright_morose,1,1,0
downright_monotonous,1,1,0
downright_misguided,1,1,0
downright_minimal,1,1,0
downright_melancholy,1,0,1
downright_mediocre,1,1,0
downright_medicinal,1,1,0
downright_mechanical,1,1,0
downright_mean-spirited,1,1,0
downright_mandatory,1,1,0
downright_malevolent,1,1,0
downright_mad,1,1,0
downright_non-existent,1,1,0
downright_numb,1,0,1
downright_luxurious,1,0,1
downright_obese,1,1,0
downright_philosophical,1,1,0
downright_petrified,1,1,0
downright_personal,1,1,0
downright_perplexed,1,1,0
downright_pernicious,1,1,0
downright_perilous,1,0,1
downright_patronizing,1,1,0
downright_patriotic,1,1,0
downright_passionate,1,1,0
downright_paranoid,1,1,0
downright_overwhelmed,1,1,0
downright_outstanding,1,1,0
downright_outlandish,1,1,0
downright_oppressive,1,1,0
downright_obsessed,1,1,0
downright_obscene,1,1,0
downright_oblivious,1,1,0
downright_macabre,1,1,0
downright_lousy,1,1,0
downright_ill,1,1,0
downright_instructive,1,1,0
downright_inept,1,1,0
downright_ineffective,1,1,0
downright_indifferent,1,1,0
downright_incriminating,1,1,0
downright_incredulous,1,1,0
downright_incredible,1,1,0
downright_incoherent,1,1,0
downright_inane,1,1,0
downright_improbable,1,1,0
downright_impressive,1,1,0
downright_impressed,1,1,0
downright_impractical,1,1,0
downright_impolite,1,1,0
downright_illusory,1,0,1
downright_illogical,1,1,0
downright_illicit,1,1,0
downright_illegitimate,1,1,0
downright_instant,1,1,0
downright_interesting,1,1,0
downright_loopy,1,1,0
downright_intolerant,1,1,0
downright_loathsome,1,1,0
downright_likely,1,1,0
downright_libelous,1,1,0
downright_lethal,1,1,0
downright_lazy,1,1,0
downright_lame,1,1,0
downright_kinky,1,1,0
downright_joyful,1,1,0
downright_jittery,1,1,0
downright_jaw-dropping,1,1,0
downright_irresistible,1,1,0
downright_irrational,1,1,0
downright_ironic,1,1,0
downright_invisible,1,1,0
downright_invincible,1,1,0
downright_invigorating,1,1,0
downright_intrigued,1,1,0
downright_dazzling,1,1,0
downright_damning,1,1,0
downright_cute,1,1,0
doubly_astonishing,1,1,0
double_sweet,1,1,0
double_hearted,1,1,0
double_eligible,1,1,0
double_dark,1,1,0
dizzyingly_versatile,1,1,0
dizzyingly_self-aware,1,1,0
dizzyingly_original,1,1,0
dizzyingly_high,1,1,0
dizzyingly_difficult,1,1,0
divinely_transcendent,1,1,0
divinely_sweet,1,1,0
divinely_perfect,1,1,0
divinely_natural,1,1,0
divinely_legitimate,1,1,0
divinely_ironic,1,1,0
divinely_central,1,1,0
divinely_aware,1,1,0
double_worried,1,1,0
doubly_blind,1,1,0
disturbingly_strong,1,1,0
doubly_careful,1,1,0
doubly_strange,1,1,0
doubly_severe,1,1,0
doubly_progressive,1,1,0
doubly_perfect,1,1,0
doubly_necessary,1,1,0
doubly_ironic,1,1,0
doubly_inappropriate,1,1,0
doubly_hard,1,1,0
doubly_evocative,1,1,0
doubly_dramatic,1,1,0
doubly_dishonest,1,1,0
doubly_disadvantaged,1,1,0
doubly_difficult,1,1,0
doubly_dead,1,1,0
doubly_dangerous,1,1,0
doubly_concerned,1,1,0
doubly_cautious,1,1,0
disturbingly_tight,1,1,0
disturbingly_similar,1,1,0
downright_crude,1,1,0
distressingly_neat,1,1,0
distressingly_empty,1,1,0
distressingly_artificial,1,1,0
distinctly_unsettled,1,1,0
distinctly_unique,1,1,0
distinctly_unfair,1,0,1
distinctly_uncomfortable,1,1,0
distinctly_spiritual,1,1,0
distinctly_southern,1,1,0
distinctly_satisfying,1,1,0
distinctly_sad,1,1,0
distinctly_reliable,1,1,0
distinctly_related,1,1,0
distinctly_recognizable,1,1,0
distinctly_raunchy,1,1,0
distinctly_quiet,1,1,0
distinctly_protestant,1,1,0
distinctly_pink,1,1,0
distressingly_familiar,1,1,0
distressingly_slow,1,1,0
disturbingly_silent,1,1,0
distressingly_widespread,1,1,0
disturbingly_sexy,1,1,0
disturbingly_opposite,1,1,0
disturbingly_natural,1,1,0
disturbingly_macabre,1,1,0
disturbingly_introverted,1,1,0
disturbingly_immoral,1,1,0
disturbingly_gratifying,1,0,1
disturbingly_graphic,1,1,0
disturbingly_fast,1,1,0
disturbingly_familiar,1,1,0
disturbingly_enlightening,1,1,0
disturbingly_deceptive,1,1,0
disturbingly_dark,1,1,0
disturbingly_close,1,1,0
disturbingly_clear,1,1,0
disturbingly_alike,1,1,0
disturbingly_abrupt,1,1,0
doubly_stupid,1,1,0
doubly_sweet,1,1,0
doubly_thick,1,1,0
downright_compelling,1,1,0
downright_combustible,1,0,1
downright_cold,1,1,0
downright_cocky,1,1,0
downright_claustrophobic,1,1,0
downright_cinematic,1,1,0
downright_chummy,1,1,0
downright_childish,1,1,0
downright_chewy,1,1,0
downright_cheesy,1,1,0
downright_cheerful,1,0,1
downright_cavalier,1,1,0
downright_captive,1,1,0
downright_bonkers,1,1,0
downright_bombastic,1,1,0
downright_blue,1,1,0
downright_bloody,1,1,0
downright_bleak,1,1,0
downright_communal,1,1,0
downright_competitive,1,1,0
doubly_true,1,1,0
downright_compulsive,1,1,0
downright_crucial,1,1,0
downright_crowded,1,1,0
downright_crooked,1,1,0
downright_critical,1,0,1
downright_crass,1,1,0
downright_cranky,1,1,0
downright_costly,1,1,0
downright_cordial,1,1,0
downright_cool,1,1,0
downright_controversial,1,1,0
downright_contentious,1,1,0
downright_contemptible,1,1,0
downright_conservative,1,1,0
downright_conscious,1,1,0
downright_confused,1,1,0
downright_conflicting,1,1,0
downright_concerned,1,1,0
downright_bland,1,1,0
downright_bigoted,1,1,0
downright_biblical,1,1,0
downright_belligerent,1,1,0
downright_addicting,1,1,0
downright_acceptable,1,1,0
downright_abhorrent,1,1,0
down_worse,1,1,0
down_small,1,1,0
down_safe,1,1,0
down_lower,1,1,0
down_live,1,1,0
down_first,1,1,0
down_favourite,1,1,0
down_east,1,1,0
down_dead,1,1,0
down_correct,1,1,0
down_certain,1,1,0
down_big,1,1,0
doubtless_true,1,1,0
doubly_vulnerable,1,1,0
downright_adventurous,1,1,0
downright_afraid,1,1,0
downright_aggressive,1,1,0
downright_artistic,1,1,0
downright_baroque,1,1,0
downright_banal,1,1,0
downright_baffling,1,1,0
downright_awkward,1,1,0
downright_average,1,1,0
downright_astonishing,1,1,0
downright_astonished,1,1,0
downright_arid,1,1,0
downright_amazing,1,1,0
downright_archaic,1,1,0
downright_appropriate,1,1,0
downright_appalled,1,1,0
downright_apocalyptic,1,1,0
downright_antithetical,1,1,0
downright_annoyed,1,1,0
downright_amicable,1,1,0
downright_picturesque,1,1,0
downright_poignant,1,1,0
distinctly_original,1,1,0
drastically_thinner,1,1,0
drastically_taller,1,1,0
drastically_superior,1,1,0
drastically_smaller,1,1,0
drastically_slower,1,1,0
drastically_slow,1,1,0
drastically_short,1,1,0
drastically_severe,1,1,0
drastically_serious,1,1,0
drastically_retarded,1,1,0
drastically_overt,1,1,0
drastically_overpaid,1,1,0
drastically_original,1,1,0
drastically_off,1,1,0
drastically_obvious,1,1,0
drastically_noticeable,1,1,0
drastically_more,1,1,0
drastically_less,1,1,0
drastically_terrible,1,1,0
drastically_underweight,1,1,0
drastically_ignorant,1,1,0
drastically_unhealthy,1,1,0
dreadfully_liable,1,1,0
dreadfully_interested,1,1,0
dreadfully_important,1,1,0
dreadfully_ill,1,1,0
dreadfully_good,1,1,0
dreadfully_faithful,1,1,0
dreadfully_exciting,1,1,0
dreadfully_disappointed,1,1,0
dreadfully_difficult,1,1,0
dreadfully_corny,1,1,0
dreadfully_concerned,1,1,0
dreadfully_complex,1,1,0
dreadfully_comfortable,1,1,0
dreadfully_awful,1,1,0
dreadfully_alone,1,1,0
drastically_unsuccessful,1,1,0
drastically_unimpressive,1,1,0
drastically_impressed,1,1,0
drastically_huge,1,1,0
dreadfully_messy,1,1,0
dramatically_valid,1,1,0
dramatically_unreal,1,1,0
dramatically_unpopular,1,1,0
dramatically_unhappy,1,1,0
dramatically_undervalued,1,1,0
dramatically_understaffed,1,1,0
dramatically_uncomfortable,1,1,0
dramatically_tidy,1,1,0
dramatically_tall,1,1,0
dramatically_surprising,1,1,0
dramatically_superior,1,1,0
dramatically_subject,1,1,0
dramatically_strong,1,1,0
dramatically_stricter,1,1,0
dramatically_stark,1,1,0
dramatically_sound,1,1,0
dramatically_solid,1,1,0
dramatically_smaller,1,1,0
dramatically_uphill,1,1,0
dramatically_warm,1,1,0
drastically_heavier,1,1,0
dramatically_warmer,1,1,0
drastically_harmful,1,1,0
drastically_hard,1,1,0
drastically_greater,1,1,0
drastically_frustrating,1,1,0
drastically_frightening,1,1,0
drastically_expensive,1,1,0
drastically_empty,1,1,0
drastically_easier,1,1,0
drastically_darker,1,1,0
drastically_creative,1,0,1
drastically_colder,1,1,0
drastically_cold,1,1,0
dramatically_younger,1,1,0
dramatically_wonderful,1,0,1
dramatically_weighty,1,1,0
dramatically_wealthier,1,1,0
dramatically_weaker,1,1,0
dreadfully_lonely,1,1,0
dreadfully_novel,1,0,1
downright_pompous,1,1,0
easily_bilingual,1,1,0
easily_beholden,1,1,0
easily_bearable,1,1,0
easily_bankable,1,1,0
easily_awestruck,1,1,0
easily_arguable,1,1,0
easily_appropriate,1,1,0
easily_amused,1,1,0
easily_agreeable,1,1,0
easily_afraid,1,1,0
easily_affectionate,1,1,0
easily_accommodating,1,1,0
early_sufficient,1,1,0
early_close,1,1,0
earlier_similar,1,1,0
earlier_present,1,1,0
earlier_better,1,1,0
dynamically_variable,1,1,0
easily_big,1,1,0
easily_capable,1,1,0
dynamically_significant,1,1,0
easily_clear,1,1,0
easily_do-able,1,1,0
easily_distraught,1,1,0
easily_distinguished,1,1,0
easily_disoriented,1,1,0
easily_dismissive,1,1,0
easily_dirty,1,1,0
easily_delighted,1,1,0
easily_deductible,1,1,0
easily_customisable,1,1,0
easily_convincing,1,1,0
easily_controlled,1,1,0
easily_confusing,1,1,0
easily_concerned,1,1,0
easily_commensurate,1,1,0
easily_collectible,1,1,0
easily_collectable,1,1,0
easily_coherent,1,1,0
dynamically_unstable,1,1,0
dynamically_reachable,1,1,0
dreadfully_obvious,1,1,0
duly_economical,1,1,0
duly_dependent,1,1,0
duly_committed,1,1,0
duly_careful,1,1,0
duly_aware,1,1,0
duly_able,1,1,0
dreadfully_worried,1,1,0
dreadfully_unfair,1,1,0
dreadfully_tight,1,1,0
dreadfully_surprised,1,1,0
dreadfully_sure,1,1,0
dreadfully_small,1,1,0
dreadfully_slow,1,1,0
dreadfully_sick,1,1,0
dreadfully_sad,1,1,0
dreadfully_practical,1,1,0
dreadfully_pleasing,1,1,0
dreadfully_offensive,1,1,0
duly_diligent,1,1,0
duly_forthcoming,1,1,0
dynamically_important,1,1,0
duly_hawkish,1,1,0
dynamically_flat,1,1,0
dynamically_expandable,1,1,0
dynamically_excellent,1,1,0
dynamically_equivalent,1,1,0
dynamically_entertaining,1,1,0
dynamically_effective,1,1,0
dynamically_crisp,1,1,0
dynamically_challenging,1,1,0
dynamically_available,1,1,0
dynamically_alive,1,1,0
duly_worried,1,1,0
duly_transparent,1,1,0
duly_solicitous,1,1,0
duly_rigorous,1,1,0
duly_respectful,1,1,0
duly_modest,1,1,0
duly_impartial,1,1,0
dramatically_slow,1,1,0
dramatically_sizable,1,1,0
dramatically_silent,1,1,0
downright_trivial,1,1,0
downright_transcendent,1,1,0
downright_torturous,1,1,0
downright_toasty,1,1,0
downright_tasty,1,1,0
downright_tantalizing,1,1,0
downright_taboo,1,1,0
downright_sympathetic,1,1,0
downright_sweet,1,1,0
downright_suspect,1,1,0
downright_surreal,1,1,0
downright_succulent,1,1,0
downright_stressful,1,1,0
downright_stinky,1,1,0
downright_stingy,1,1,0
downright_spurious,1,1,0
downright_sporty,1,1,0
downright_special,1,1,0
downright_treacherous,1,1,0
downright_troubled,1,1,0
downright_snappy,1,1,0
downright_twisted,1,1,0
downright_useful,1,1,0
downright_upbeat,1,1,0
downright_unworthy,1,0,1
downright_unthinkable,1,1,0
downright_unsustainable,1,1,0
downright_unstable,1,1,0
downright_unseemly,1,1,0
downright_unrealistic,1,1,0
downright_unique,1,1,0
downright_unintelligible,1,1,0
downright_unimaginable,1,1,0
downright_unflattering,1,1,0
downright_unenforceable,1,1,0
downright_undesirable,1,1,0
downright_underwhelming,1,1,0
downright_undemocratic,1,1,0
downright_unconscionable,1,1,0
downright_somber,1,1,0
downright_smug,1,1,0
dramatically_significant,1,1,0
downright_repressive,1,1,0
downright_religious,1,1,0
downright_relaxing,1,1,0
downright_reductive,1,1,0
downright_rare,1,1,0
downright_rampant,1,1,0
downright_pushy,1,1,0
downright_proud,1,1,0
downright_profitable,1,1,0
downright_probable,1,1,0
downright_primitive,1,0,1
downright_predatory,1,1,0
downright_precise,1,1,0
downright_precarious,1,1,0
downright_preachy,1,1,0
downright_praiseworthy,1,1,0
downright_popular,1,1,0
downright_poor,1,1,0
downright_reluctant,1,1,0
downright_rich,1,1,0
downright_slippery,1,1,0
downright_righteous,1,1,0
downright_slick,1,1,0
downright_sleazy,1,1,0
downright_skeptical,1,1,0
downright_sickening,1,1,0
downright_shy,1,1,0
downright_shocked,1,1,0
downright_shameful,1,1,0
downright_sexist,1,1,0
downright_serious,1,1,0
downright_selfish,1,1,0
downright_self-evident,1,1,0
downright_seedy,1,1,0
downright_scandalous,1,1,0
downright_savage,1,1,0
downright_satisfying,1,1,0
downright_satisfied,1,1,0
downright_sacred,1,1,0
downright_utopian,1,1,0
downright_violent,1,1,0
downright_wacky,1,1,0
dramatically_overpaid,1,1,0
dramatically_older,1,1,0
dramatically_nimble,1,1,0
dramatically_negative,1,0,1
dramatically_low,1,1,0
dramatically_life-changing,1,1,0
dramatically_large,1,1,0
dramatically_intriguing,1,1,0
dramatically_inevitable,1,1,0
dramatically_inert,1,1,0
dramatically_incisive,1,1,0
dramatically_implausible,1,1,0
dramatically_ill,1,1,0
dramatically_hotter,1,1,0
dramatically_hot,1,1,0
dramatically_helpful,1,1,0
dramatically_harder,1,1,0
dramatically_futuristic,1,1,0
dramatically_opposite,1,1,0
dramatically_overt,1,1,0
downright_warm,1,1,0
dramatically_overweight,1,1,0
dramatically_shorter,1,1,0
dramatically_shocking,1,1,0
dramatically_seasonal,1,1,0
dramatically_scenic,1,1,0
dramatically_same,1,1,0
dramatically_sad,1,1,0
dramatically_rich,1,1,0
dramatically_rewarding,1,1,0
dramatically_purple,1,1,0
dramatically_profitable,1,1,0
dramatically_pricey,1,1,0
dramatically_present,1,1,0
dramatically_powerful,1,1,0
dramatically_poorer,1,1,0
dramatically_pervasive,1,1,0
dramatically_perfect,1,1,0
dramatically_palatable,1,1,0
dramatically_frenetic,1,1,0
dramatically_fatter,1,1,0
dramatically_eye-catching,1,1,0
dramatically_excellent,1,1,0
dramatically_believable,1,0,1
dramatically_beautiful,1,1,0
dramatically_aware,1,1,0
dramatically_autistic,1,1,0
dramatically_apparent,1,1,0
dramatically_amazing,1,0,1
downright_zany,1,1,0
downright_yummy,1,1,0
downright_xenophobic,1,1,0
downright_wretched,1,1,0
downright_worthless,1,1,0
downright_worse,1,1,0
downright_windy,1,1,0
downright_whiny,1,1,0
downright_wet,1,0,1
downright_western,1,1,0
downright_welcoming,1,0,1
dramatically_beneficial,1,1,0
dramatically_big,1,1,0
dramatically_bizarre,1,1,0
dramatically_crazy,1,1,0
dramatically_emotional,1,1,0
dramatically_dissimilar,1,1,0
dramatically_disastrous,1,0,1
dramatically_devastating,1,1,0
dramatically_detailed,1,1,0
dramatically_dark,1,1,0
dramatically_credible,1,1,0
dramatically_correct,1,1,0
dramatically_bright,1,1,0
dramatically_convincing,1,1,0
dramatically_convenient,1,1,0
dramatically_colder,1,1,0
dramatically_cold,1,1,0
dramatically_coherent,1,1,0
dramatically_clear-cut,1,1,0
dramatically_cheap,1,1,0
distinctly_personal,1,1,0
distinctly_opposite,1,1,0
entirely_heavy,1,1,0
desperately_avid,1,1,0
desperately_alone,1,1,0
desperately_afraid,1,1,0
deservedly_obscure,1,1,0
deservedly_bigger,1,1,0
depressingly_ugly,1,1,0
depressingly_tedious,1,1,0
depressingly_routine,1,1,0
depressingly_real,1,1,0
depressingly_predictable,1,1,0
depressingly_pessimistic,1,1,0
depressingly_obvious,1,1,0
depressingly_new,1,1,0
depressingly_mundane,1,1,0
depressingly_morbid,1,1,0
depressingly_lackluster,1,1,0
depressingly_hot,1,1,0
depressingly_horrible,1,1,0
desperately_annoying,1,1,0
desperately_aware,1,1,0
depressingly_expressive,1,1,0
desperately_chaotic,1,1,0
desperately_impoverished,1,1,0
desperately_full,1,1,0
desperately_evil,1,1,0
desperately_empty,1,1,0
desperately_easy,1,1,0
desperately_early,1,1,0
desperately_dramatic,1,1,0
desperately_distressing,1,1,0
desperately_disappointed,1,1,0
desperately_dependent,1,1,0
desperately_curious,1,1,0
desperately_critical,1,1,0
desperately_courageous,1,1,0
desperately_cool,1,1,0
desperately_contentious,1,1,0
desperately_constructive,1,1,0
desperately_compulsive,1,1,0
depressingly_healthy,1,1,0
depressingly_dull,1,1,0
desperately_insecure,1,1,0
demonstrably_unable,1,1,0
demonstrably_talented,1,1,0
demonstrably_superior,1,1,0
demonstrably_successful,1,1,0
demonstrably_stupid,1,1,0
demonstrably_smarter,1,1,0
demonstrably_smaller,1,1,0
demonstrably_skillful,1,1,0
demonstrably_sick,1,1,0
demonstrably_repetitive,1,0,1
demonstrably_relevant,1,1,0
demonstrably_real,1,1,0
demonstrably_positive,1,1,0
demonstrably_poor,1,1,0
demonstrably_organic,1,1,0
demonstrably_likely,1,1,0
demonstrably_intentional,1,1,0
demonstrably_insane,1,1,0
demonstrably_toxic,1,1,0
demonstrably_uncomfortable,1,1,0
depressingly_derivative,1,1,0
demonstrably_unfair,1,1,0
depressingly_common,1,1,0
depressingly_clear,1,1,0
depressingly_bleak,1,1,0
depressingly_apparent,1,1,0
depressingly_alike,1,1,0
densely_urban,1,1,0
densely_technical,1,1,0
densely_silky,1,1,0
densely_metaphorical,1,1,0
densely_lyrical,1,1,0
densely_hairy,1,1,0
densely_enigmatic,1,1,0
densely_descriptive,1,1,0
densely_complicated,1,1,0
densely_chewy,1,1,0
demonstrably_useful,1,1,0
demonstrably_unworkable,1,1,0
desperately_improbable,1,1,0
desperately_intense,1,1,0
devilishly_hot,1,1,0
developmentally_detrimental,1,1,0
developmentally_beneficial,1,1,0
developmentally_advanced,1,1,0
devastatingly_unkind,1,1,0
devastatingly_tough,1,1,0
devastatingly_specific,1,1,0
devastatingly_situational,1,1,0
devastatingly_sexy,1,1,0
devastatingly_sad,1,1,0
devastatingly_real,1,1,0
devastatingly_productive,1,1,0
devastatingly_potent,1,1,0
devastatingly_horrible,1,1,0
devastatingly_harsh,1,1,0
devastatingly_expensive,1,1,0
devastatingly_dull,1,1,0
devastatingly_distressing,1,1,0
devastatingly_difficult,1,1,0
developmentally_damaging,1,1,0
developmentally_different,1,1,0
devastatingly_dark,1,1,0
developmentally_disabled,1,0,1
devilishly_good,1,1,0
devilishly_difficult,1,1,0
devilishly_delicious,1,1,0
devilishly_damaging,1,1,0
devilishly_charming,1,1,0
devilishly_attractive,1,1,0
developmentally_savvy,1,1,0
developmentally_right,1,1,0
developmentally_realistic,1,1,0
developmentally_problematic,1,1,0
developmentally_possible,1,1,0
developmentally_normal,1,1,0
developmentally_important,1,1,0
developmentally_immature,1,0,1
developmentally_healthy,1,1,0
developmentally_handicapped,1,1,0
developmentally_friendly,1,1,0
devastatingly_desperate,1,1,0
devastatingly_damaging,1,1,0
desperately_interesting,1,1,0
desperately_tragic,1,1,0
desperately_strong,1,1,0
desperately_sorry,1,1,0
desperately_sophisticated,1,1,0
desperately_showy,1,1,0
desperately_scarce,1,1,0
desperately_reminiscent,1,1,0
desperately_reliant,1,1,0
desperately_relevant,1,1,0
desperately_recommendable,1,1,0
desperately_profound,1,1,0
desperately_overdue,1,1,0
desperately_needy,1,1,0
desperately_monotonous,1,0,1
desperately_miserable,1,1,0
desperately_loyal,1,1,0
desperately_long,1,1,0
desperately_late,1,1,0
desperately_tight,1,1,0
desperately_uncomfortable,1,1,0
devastatingly_cruel,1,1,0
desperately_unfunny,1,1,0
devastatingly_concerned,1,1,0
devastatingly_common,1,1,0
devastatingly_clever,1,1,0
devastatingly_brilliant,1,1,0
devastatingly_big,1,1,0
devastatingly_apparent,1,1,0
determinedly_sunny,1,1,0
determinedly_regular,1,1,0
determinedly_rampant,1,1,0
determinedly_predictable,1,1,0
determinedly_negative,1,1,0
desperately_worried,1,1,0
desperately_wild,1,1,0
desperately_welcome,1,1,0
desperately_upset,1,1,0
desperately_unusual,1,1,0
desperately_unsatisfactory,1,1,0
demonstrably_innocent,1,1,0
demonstrably_inconsistent,1,1,0
demonstrably_inclusive,1,1,0
deliciously_messy,1,1,0
deliciously_mad,1,1,0
deliciously_interactive,1,1,0
deliciously_insatiable,1,1,0
deliciously_impractical,1,1,0
deliciously_humorous,1,1,0
deliciously_handsome,1,1,0
deliciously_gratifying,1,1,0
deliciously_gorgeous,1,1,0
deliciously_funny,1,1,0
deliciously_fun,1,1,0
deliciously_frightening,1,1,0
deliciously_flavorful,1,1,0
deliciously_familiar,1,1,0
deliciously_exciting,1,1,0
deliciously_evil,1,1,0
deliciously_eerie,1,1,0
deliciously_eccentric,1,1,0
deliciously_mean,1,1,0
deliciously_naughty,1,1,0
deliciously_decadent,1,1,0
deliciously_original,1,1,0
delightfully_convenient,1,1,0
delightfully_colourful,1,1,0
delightfully_buttery,1,0,1
delightfully_british,1,1,0
delightfully_bizarre,1,1,0
delightfully_aromatic,1,0,1
deliciously_visual,1,1,0
deliciously_versatile,1,1,0
deliciously_unimaginable,1,1,0
deliciously_unbalanced,1,1,0
deliciously_thrilled,1,1,0
deliciously_thick,1,1,0
deliciously_surreal,1,1,0
deliciously_soothing,1,1,0
deliciously_simple,1,1,0
deliciously_retro,1,1,0
deliciously_quirky,1,1,0
deliciously_different,1,0,1
deliciously_dark,1,1,0
demonstrably_higher,1,1,0
deliberately_spoiled,1,1,0
deliberately_sexual,1,1,0
deliberately_secret,1,1,0
deliberately_rough,1,1,0
deliberately_reversible,1,1,0
deliberately_retro,1,1,0
deliberately_problematic,1,1,0
deliberately_principal,1,1,0
deliberately_predatory,1,1,0
deliberately_political,1,1,0
deliberately_picky,1,1,0
deliberately_pessimistic,1,1,0
deliberately_perverse,1,1,0
deliberately_perplexing,1,1,0
deliberately_partisan,1,1,0
deliberately_outrageous,1,1,0
deliberately_old-fashioned,1,1,0
deliberately_odd,1,1,0
deliberately_sneaky,1,1,0
deliberately_stupid,1,1,0
deliciously_cute,1,1,0
deliberately_targeted,1,1,0
deliciously_complex,1,1,0
deliciously_comical,1,1,0
deliciously_coincidental,1,1,0
deliciously_chewy,1,1,0
deliciously_cathartic,1,1,0
deliciously_atmospheric,1,1,0
deliciously_adorable,1,1,0
deliciously_absurd,1,1,0
delicately_interwoven,1,1,0
delicately_crispy,1,1,0
deliberately_wrong,1,1,0
deliberately_wasteful,1,1,0
deliberately_vindictive,1,1,0
deliberately_vague,1,1,0
deliberately_unreliable,1,1,0
deliberately_unique,1,1,0
deliberately_unethical,1,1,0
delightfully_cute,1,1,0
delightfully_dangerous,1,0,1
delightfully_demonic,1,1,0
demonstrably_accurate,1,1,0
demographically_specific,1,1,0
demographically_rare,1,1,0
demographically_qualified,1,1,0
demographically_new,1,0,1
demographically_inevitable,1,1,0
demographically_ideal,1,1,0
demographically_equal,1,1,0
demographically_empty,1,1,0
demographically_distinct,1,1,0
demographically_accurate,1,1,0
democratically_valid,1,1,0
democratically_unhealthy,1,1,0
democratically_sustainable,1,1,0
democratically_sovereign,1,1,0
democratically_responsible,1,1,0
democratically_qualified,1,1,0
democratically_open,1,1,0
demographically_uniform,1,1,0
demonstrably_authentic,1,1,0
delightfully_different,1,1,0
demonstrably_bold,1,1,0
demonstrably_heretical,1,1,0
demonstrably_hard,1,1,0
demonstrably_great,1,1,0
demonstrably_good,1,1,0
demonstrably_feasible,1,1,0
demonstrably_fake,1,1,0
demonstrably_factual,1,1,0
demonstrably_easier,1,1,0
demonstrably_early,1,1,0
demonstrably_dirtier,1,1,0
demonstrably_democratic,1,1,0
demonstrably_criminal,1,1,0
demonstrably_crazy,1,1,0
demonstrably_corrupt,1,1,0
demonstrably_closer,1,1,0
demonstrably_childlike,1,1,0
demonstrably_certain,1,1,0
democratically_legitimate,1,1,0
democratically_inclined,1,1,0
democratically_illegitimate,1,1,0
democratically_ideal,1,1,0
delightfully_round,1,1,0
delightfully_pungent,1,1,0
delightfully_perplexing,1,1,0
delightfully_original,1,1,0
delightfully_nonsensical,1,1,0
delightfully_nerdy,1,1,0
delightfully_macabre,1,1,0
delightfully_loud,1,1,0
delightfully_ironic,1,1,0
delightfully_intuitive,1,0,1
delightfully_intense,1,1,0
delightfully_ingenious,1,1,0
delightfully_huge,1,1,0
delightfully_fresh,1,1,0
delightfully_evocative,1,1,0
delightfully_entertaining,1,1,0
delightfully_elegant,1,1,0
delightfully_savory,1,1,0
delightfully_shameless,1,1,0
delightfully_silly,1,1,0
deliriously_overwrought,1,1,0
democratically_healthy,1,1,0
democratically_fair,1,1,0
democratically_dubious,1,1,0
democratically_controllable,1,1,0
democratically_bad,1,1,0
democratically_appropriate,1,1,0
deliriously_tired,1,1,0
deliriously_funny,1,1,0
delightfully_smooth,1,1,0
deliriously_delicious,1,1,0
delightfully_wacky,1,1,0
delightfully_violent,1,1,0
delightfully_vicious,1,1,0
delightfully_unexpected,1,1,0
delightfully_sunny,1,1,0
delightfully_spooky,1,1,0
devilishly_handsome,1,1,0
devilishly_manipulative,1,1,0
distinctly_narrower,1,1,0
disgustingly_long,1,1,0
disgustingly_ignorant,1,1,0
disgustingly_hot,1,1,0
disgustingly_heavy,1,1,0
disgustingly_gross,1,1,0
disgustingly_gory,1,1,0
disgustingly_good,1,1,0
disgustingly_full,1,1,0
disgustingly_frequent,1,1,0
disgustingly_filthy,1,1,0
disgustingly_cold,1,1,0
disgustingly_clean,1,1,0
disgustingly_bloated,1,1,0
disgustingly_attractive,1,1,0
disgustingly_anti-american,1,1,0
disgustingly_adorable,1,1,0
disastrously_stupid,1,1,0
disastrously_short,1,1,0
disgustingly_inhumane,1,1,0
disgustingly_magical,1,1,0
disastrously_opposite,1,1,0
disgustingly_mortal,1,1,0
disproportionately_dangerous,1,1,0
disproportionately_concerned,1,1,0
disproportionately_big,1,1,0
disproportionately_anxious,1,1,0
disproportionately_aggressive,1,1,0
disproportionately_affectionate,1,0,1
disgustingly_vulgar,1,1,0
disgustingly_vile,1,1,0
disgustingly_transparent,1,1,0
disgustingly_tight,1,1,0
disgustingly_soft,1,1,0
disgustingly_sober,1,1,0
disgustingly_shameful,1,1,0
disgustingly_perverse,1,1,0
disgustingly_partisan,1,1,0
disgustingly_overweight,1,1,0
disgustingly_offensive,1,1,0
disastrously_overcooked,1,1,0
disastrously_late,1,1,0
disproportionately_dramatic,1,1,0
directly_valid,1,1,0
directly_upset,1,1,0
directly_upright,1,1,0
directly_undesirable,1,1,0
directly_tribal,1,1,0
directly_thirsty,1,1,0
directly_taxable,1,1,0
directly_tangible,1,1,0
directly_susceptible,1,1,0
directly_supervised,1,1,0
directly_supernatural,1,1,0
directly_successful,1,1,0
directly_subservient,1,1,0
directly_spooky,1,1,0
directly_spiritual,1,1,0
directly_socialist,1,1,0
directly_slimy,1,1,0
directly_shareable,1,1,0
directly_upward,1,1,0
directly_verbal,1,1,0
disastrously_horrid,1,1,0
directly_verbatim,1,1,0
disastrously_high,1,1,0
disarmingly_warm,1,1,0
disarmingly_honest,1,1,0
disarmingly_goofy,1,1,0
disappointingly_terrible,1,1,0
disappointingly_subtle,1,1,0
disappointingly_small,1,1,0
disappointingly_quick,1,1,0
disappointingly_low,1,1,0
disappointingly_little,1,1,0
disappointingly_dry,1,1,0
disappointingly_biased,1,1,0
directly_worse,1,1,0
directly_weighty,1,1,0
directly_visceral,1,1,0
directly_vicious,1,1,0
directly_vertical,1,1,0
disproportionately_difficult,1,1,0
disproportionately_entrepreneurial,1,1,0
devilishly_naughty,1,1,0
distinctly_conscious,1,1,0
distinctly_catholic,1,0,1
distinctly_british,1,1,0
distinctly_bright,1,1,0
distinctly_biblical,1,1,0
distinctly_apparent,1,1,0
distinctly_antagonistic,1,1,0
distinctly_abundant,1,1,0
distinctively_western,1,0,1
distinctively_ugly,1,1,0
distinctively_tall,1,1,0
distinctively_stylish,1,1,0
distinctively_socialist,1,1,0
distinctively_religious,1,0,1
distinctively_refreshing,1,1,0
distinctively_red,1,1,0
distinctively_modern,1,1,0
distinctively_masculine,1,1,0
distinctly_commercial,1,1,0
distinctly_conservative,1,1,0
distinctively_light,1,1,0
distinctly_daring,1,1,0
distinctly_muslim,1,1,0
distinctly_lighter,1,1,0
distinctly_legible,1,1,0
distinctly_japanese,1,1,0
distinctly_intellectual,1,1,0
distinctly_inferior,1,1,0
distinctly_individual,1,1,0
distinctly_humorous,1,1,0
distinctly_green,1,1,0
distinctly_greater,1,1,0
distinctly_good,1,1,0
distinctly_german,1,0,1
distinctly_french,1,0,1
distinctly_flowery,1,1,0
distinctly_female,1,1,0
distinctly_evocative,1,1,0
distinctly_dissimilar,1,1,0
distinctively_lovely,1,1,0
distinctively_libertarian,1,0,1
disproportionately_greater,1,1,0
disproportionately_worried,1,1,0
disproportionately_urban,1,1,0
disproportionately_unfair,1,1,0
disproportionately_unemployed,1,1,0
disproportionately_subject,1,1,0
disproportionately_southern,1,1,0
disproportionately_smaller,1,1,0
disproportionately_slender,1,1,0
disproportionately_responsible,1,1,0
disproportionately_old,1,1,0
disproportionately_more,1,1,0
disproportionately_male,1,1,0
disproportionately_low-income,1,1,0
disproportionately_long,1,1,0
disproportionately_lesbian,1,1,0
disproportionately_interested,1,1,0
disproportionately_important,1,1,0
disproportionately_higher,1,1,0
disproportionately_weak,1,1,0
distantly_aware,1,1,0
distinctively_lethal,1,0,1
distantly_inhuman,1,1,0
distinctively_jewish,1,1,0
distinctively_irish,1,0,1
distinctively_interesting,1,1,0
distinctively_human,1,1,0
distinctively_hoppy,1,1,0
distinctively_flat,1,1,0
distinctively_familiar,1,1,0
distinctively_different,1,1,0
distinctively_current,1,0,1
distinctively_conservative,1,1,0
distinctively_comprehensive,1,1,0
distinctively_characteristic,1,1,0
distinctively_canadian,1,0,1
distinctively_beautiful,1,1,0
distinctively_african,1,0,1
distantly_similar,1,1,0
distantly_native,1,1,0
directly_sensible,1,1,0
directly_self-conscious,1,1,0
directly_scientific,1,1,0
directly_criminal,1,1,0
directly_correct,1,1,0
directly_cooperative,1,1,0
directly_controversial,1,0,1
directly_consistent,1,1,0
directly_consecutive,1,1,0
directly_conflicting,1,1,0
directly_conceivable,1,1,0
directly_compliant,1,1,0
directly_complementary,1,1,0
directly_commercial,1,1,0
directly_combative,1,1,0
directly_christian,1,0,1
directly_central,1,1,0
directly_carnal,1,1,0
directly_british,1,1,0
directly_biblical,1,1,0
directly_belligerent,1,1,0
directly_creepy,1,1,0
directly_curious,1,1,0
directly_athletic,1,1,0
directly_deceptive,1,1,0
directly_emotional,1,1,0
directly_effectual,1,1,0
directly_edible,1,1,0
directly_easy,1,1,0
directly_due,1,1,0
directly_downloadable,1,1,0
directly_divine,1,1,0
directly_disrespectful,1,1,0
directly_dismissive,1,1,0
directly_discoverable,1,1,0
directly_digital,1,1,0
directly_digestible,1,1,0
directly_detailed,1,1,0
directly_dependant,1,1,0
directly_deleterious,1,1,0
directly_dedicated,1,1,0
directly_decisive,1,1,0
directly_beautiful,1,1,0
directly_assertive,1,1,0
directly_scary,1,1,0
digitally_inclined,1,1,0
digitally_healthy,1,1,0
digitally_fluent,1,1,0
digitally_equivalent,1,1,0
digitally_downloadable,1,1,0
digitally_dependent,1,1,0
digitally_compatible,1,1,0
digitally_active,1,1,0
differently_ill,1,1,0
differently_flawed,1,1,0
diametrically_contrary,1,1,0
diametrically_adverse,1,1,0
devoutly_thankful,1,0,1
devoutly_regular,1,1,0
devoutly_observant,1,1,0
devoutly_inclined,1,1,0
devoutly_christian,1,1,0
devilishly_shrewd,1,1,0
digitally_identical,1,1,0
digitally_insecure,1,1,0
directly_artistic,1,1,0
digitally_overcooked,1,1,0
directly_appropriate,1,1,0
directly_antithetical,1,1,0
directly_anti-american,1,0,1
directly_angry,1,1,0
directly_aggressive,1,1,0
directly_affective,1,1,0
directly_admissible,1,1,0
directly_adaptable,1,1,0
directly_academic,1,1,0
dimly_visible,1,1,0
dimly_surprising,1,1,0
dimly_autobiographical,1,0,1
digitally_viable,1,1,0
digitally_strong,1,1,0
digitally_smart,1,1,0
digitally_reachable,1,1,0
digitally_proficient,1,1,0
directly_employable,1,1,0
directly_enough,1,1,0
directly_equal,1,1,0
directly_poisonous,1,1,0
directly_pleasant,1,1,0
directly_plausible,1,1,0
directly_philosophical,1,1,0
directly_persistent,1,1,0
directly_perpendicular,1,1,0
directly_payable,1,1,0
directly_partisan,1,1,0
directly_palatable,1,1,0
directly_outdoors,1,1,0
directly_oriented,1,1,0
directly_oral,1,1,0
directly_offensive,1,1,0
directly_obtainable,1,1,0
directly_obscene,1,0,1
directly_objectionable,1,1,0
directly_normal,1,1,0
directly_nationalist,1,0,1
directly_pointed,1,1,0
directly_powerful,1,1,0
directly_ethical,1,1,0
directly_predictable,1,1,0
directly_satisfying,1,1,0
directly_repugnant,1,1,0
directly_repetitive,1,1,0
directly_renewable,1,1,0
directly_regressive,1,1,0
directly_redeemable,1,1,0
directly_red,1,1,0
directly_recoverable,1,1,0
directly_recognisable,1,1,0
directly_real,1,1,0
directly_quantitative,1,1,0
directly_quantifiable,1,1,0
directly_pushy,1,1,0
directly_purposeful,1,1,0
directly_public,1,1,0
directly_programmable,1,1,0
directly_professional,1,1,0
directly_nasty,1,1,0
directly_murderous,1,1,0
directly_monetary,1,1,0
directly_militant,1,1,0
directly_hereditary,1,1,0
directly_hazardous,1,1,0
directly_harmonious,1,1,0
directly_good,1,1,0
directly_germane,1,1,0
directly_german,1,1,0
directly_functional,1,1,0
directly_front,1,1,0
directly_frightening,1,1,0
directly_fraudulent,1,1,0
directly_forthcoming,1,1,0
directly_focused,1,1,0
directly_feminist,1,1,0
directly_feasible,1,1,0
directly_favorable,1,1,0
directly_exclusive,1,1,0
directly_evocative,1,1,0
directly_homophobic,1,1,0
directly_horizontal,1,1,0
directly_horrible,1,1,0
directly_liquid,1,1,0
directly_mechanical,1,1,0
directly_manipulative,1,1,0
directly_manageable,1,1,0
directly_lucrative,1,1,0
directly_loyal,1,1,0
directly_logical,1,1,0
directly_local,1,1,0
directly_libelous,1,1,0
directly_illegal,1,1,0
directly_kinetic,1,1,0
directly_intuitive,1,1,0
directly_interactive,1,1,0
directly_instrumental,1,1,0
directly_inspiring,1,1,0
directly_inherent,1,1,0
directly_implicit,1,1,0
easily_dominant,1,1,0
easily_drowsy,1,1,0
easily_due,1,1,0
enough_artistic,1,1,0
enough_annoyed,1,1,0
enough_american,1,1,0
enough_alive,1,1,0
enough_adequate,1,1,0
enough_adaptive,1,1,0
enough_actual,1,1,0
enough_active,1,1,0
enough_acoustic,1,1,0
enough_accustomed,1,1,0
enough_abundant,1,1,0
enormously_wrong,1,1,0
enormously_worried,1,1,0
enormously_wide,1,1,0
enormously_unusual,1,1,0
enormously_uncommon,1,1,0
enormously_tall,1,1,0
enormously_sympathetic,1,1,0
enough_annoying,1,1,0
enough_athletic,1,1,0
enormously_startling,1,1,0
enough_avoidable,1,1,0
enough_cohesive,1,1,0
enough_close,1,1,0
enough_chilling,1,1,0
enough_cheesy,1,1,0
enough_cheerful,1,1,0
enough_cheaper,1,1,0
enough_cautious,1,1,0
enough_caustic,1,1,0
enough_careful,1,1,0
enough_bubbly,1,1,0
enough_brown,1,1,0
enough_brittle,1,1,0
enough_breathable,1,1,0
enough_bored,1,1,0
enough_blind,1,1,0
enough_believable,1,1,0
enough_basic,1,1,0
enormously_strong,1,1,0
enormously_sad,1,1,0
enough_complete,1,1,0
enormously_inventive,1,1,0
enormously_illuminating,1,1,0
enormously_hot,1,1,0
enormously_great,1,1,0
enormously_gratifying,1,1,0
enormously_gifted,1,1,0
enormously_full,1,1,0
enormously_forthcoming,1,1,0
enormously_forceful,1,1,0
enormously_fond,1,1,0
enormously_fat,1,1,0
enormously_fashionable,1,1,0
enormously_famous,1,1,0
enormously_empowering,1,1,0
enormously_dull,1,1,0
enormously_distinctive,1,1,0
enormously_difficult,1,1,0
enormously_detailed,1,1,0
enormously_indebted,1,1,0
enormously_large,1,1,0
enormously_romantic,1,1,0
enormously_likely,1,1,0
enormously_representative,1,1,0
enormously_religious,1,1,0
enormously_relevant,1,1,0
enormously_receptive,1,1,0
enormously_quicker,1,1,0
enormously_proud,1,1,0
enormously_prominent,1,1,0
enormously_productive,1,1,0
enormously_problematic,1,1,0
enormously_passive,1,1,0
enormously_overweight,1,1,0
enormously_original,1,1,0
enormously_necessary,1,1,0
enormously_nearer,1,1,0
enormously_meaningful,1,1,0
enormously_lopsided,1,1,0
enormously_long,1,1,0
enough_competent,1,1,0
enough_complex,1,1,0
enough_negative,1,1,0
enough_intriguing,1,1,0
enough_intense,1,1,0
enough_intelligent,1,1,0
enough_innovative,1,1,0
enough_inept,1,1,0
enough_ineffectual,1,1,0
enough_ineffective,1,1,0
enough_indicative,1,1,0
enough_independent,1,1,0
enough_impressed,1,1,0
enough_ill,1,1,0
enough_hydrated,1,1,0
enough_huge,1,1,0
enough_honest,1,1,0
enough_holistic,1,1,0
enough_hispanic,1,1,0
enough_heavenly,1,1,0
enough_harsh,1,1,0
enough_intimidating,1,1,0
enough_irish,1,1,0
enough_gullible,1,1,0
enough_jolly,1,1,0
enough_monthly,1,1,0
enough_moderate,1,1,0
enough_medium,1,1,0
enough_mature,1,1,0
enough_masculine,1,1,0
enough_low,1,0,1
enough_lovely,1,1,0
enough_long-term,1,1,0
enough_long,1,1,0
enough_live,1,1,0
enough_literate,1,1,0
enough_lightweight,1,1,0
enough_liberal,1,1,0
enough_legal,1,1,0
enough_larger,1,1,0
enough_large,1,1,0
enough_known,1,1,0
enough_happy,1,1,0
enough_gritty,1,1,0
enough_complicated,1,1,0
enough_easy,1,1,0
enough_easier,1,1,0
enough_dynamic,1,1,0
enough_drinkable,1,1,0
enough_dramatic,1,1,0
enough_dominant,1,1,0
enough_disorganized,1,1,0
enough_difficult,1,1,0
enough_devastating,1,1,0
enough_delicate,1,1,0
enough_decent,1,1,0
enough_dark,1,1,0
enough_customisable,1,1,0
enough_courageous,1,1,0
enough_cordial,1,1,0
enough_cooperative,1,1,0
enough_conscious,1,1,0
enough_connected,1,1,0
enough_east,1,1,0
enough_eclectic,1,1,0
enough_gratuitous,1,1,0
enough_eloquent,1,1,0
enough_grateful,1,1,0
enough_gifted,1,1,0
enough_gentle,1,1,0
enough_functional,1,1,0
enough_fruitful,1,1,0
enough_fortunate,1,1,0
enough_fit,1,1,0
enough_first,1,1,0
enough_fat,1,1,0
enough_faster,1,1,0
enough_expressive,1,1,0
enough_excited,1,1,0
enough_equivalent,1,1,0
enough_equipped,1,1,0
enough_enthusiastic,1,1,0
enough_enjoyable,1,1,0
enough_emotional,1,1,0
enormously_destructive,1,1,0
enormously_deep,1,1,0
enormously_dangerous,1,1,0
endearingly_confident,1,1,0
endearingly_awkward,1,1,0
empirically_vulnerable,1,1,0
empirically_viable,1,1,0
empirically_ugly,1,1,0
empirically_truthful,1,1,0
empirically_sustainable,1,1,0
empirically_successful,1,1,0
empirically_strong,1,1,0
empirically_specific,1,1,0
empirically_significant,1,1,0
empirically_satisfactory,1,1,0
empirically_robust,1,1,0
empirically_rigorous,1,1,0
empirically_reliable,1,1,0
empirically_related,1,1,0
empirically_realistic,1,1,0
empirically_quantifiable,1,1,0
endearingly_bashful,1,1,0
endearingly_crazy,1,1,0
empirically_possible,1,1,0
endearingly_creepy,1,1,0
endlessly_concerned,1,1,0
endlessly_complicated,1,1,0
endlessly_cheerful,1,1,0
endlessly_carefree,1,1,0
endlessly_bleak,1,1,0
endlessly_better,1,1,0
endlessly_abundant,1,1,0
endearingly_weird,1,1,0
endearingly_sweet,1,1,0
endearingly_shy,1,1,0
endearingly_retro,1,1,0
endearingly_naive,1,1,0
endearingly_innocent,1,1,0
endearingly_hapless,1,1,0
endearingly_goofy,1,1,0
endearingly_flawed,1,1,0
endearingly_cute,1,1,0
empirically_precise,1,1,0
empirically_perfect,1,1,0
enormously_damaging,1,1,0
emphatically_different,1,1,0
emphatically_bullish,1,1,0
emphatically_alien,1,1,0
emotionally_wrought,1,1,0
emotionally_weak,1,1,0
emotionally_warm,1,1,0
emotionally_visceral,1,1,0
emotionally_upsetting,1,1,0
emotionally_uplifting,1,1,0
emotionally_unsatisfying,1,1,0
emotionally_unreasonable,1,1,0
emotionally_unreachable,1,1,0
emotionally_unprepared,1,1,0
emotionally_unmoved,1,1,0
emotionally_unhealthy,1,1,0
emotionally_unharmed,1,1,0
emotionally_uneven,1,1,0
emotionally_unbelievable,1,1,0
emphatically_certain,1,1,0
emphatically_masculine,1,1,0
empirically_obvious,1,1,0
emphatically_practical,1,1,0
empirically_observable,1,1,0
empirically_minded,1,1,0
empirically_measurable,1,1,0
empirically_justifiable,1,1,0
empirically_inappropriate,1,1,0
empirically_evident,1,1,0
empirically_defective,1,1,0
empirically_counterproductive,1,1,0
empirically_convincing,1,1,0
empirically_clear,1,1,0
empirically_better,1,1,0
empirically_applicable,1,1,0
empirically_adequate,1,1,0
empirically_acceptable,1,1,0
empirically_absurd,1,1,0
emphatically_worse,1,1,0
emphatically_sloppy,1,1,0
endlessly_consistent,1,1,0
endlessly_crude,1,1,0
endlessly_curious,1,1,0
enormously_accommodating,1,1,0
enjoyably_sweet,1,1,0
enjoyably_superficial,1,1,0
enjoyably_scared,1,1,0
enjoyably_horrible,1,1,0
enjoyably_fast,1,1,0
enjoyably_evil,1,0,1
enjoyably_corny,1,1,0
enjoyably_convoluted,1,1,0
energetically_wasteful,1,1,0
energetically_useful,1,0,1
energetically_unbalanced,1,1,0
energetically_stable,1,1,0
energetically_silly,1,1,0
energetically_separate,1,1,0
energetically_rich,1,1,0
energetically_profitable,1,1,0
energetically_imaginative,1,1,0
enjoyably_vicious,1,1,0
enormously_accurate,1,1,0
endlessly_deep,1,1,0
enormously_alarming,1,0,1
enormously_convincing,1,1,0
enormously_controversial,1,1,0
enormously_concerned,1,1,0
enormously_complicated,1,1,0
enormously_competent,1,1,0
enormously_common,1,1,0
enormously_cold,1,1,0
enormously_coherent,1,1,0
enormously_clever,1,1,0
enormously_clear,1,1,0
enormously_cheap,1,1,0
enormously_charming,1,1,0
enormously_careful,1,1,0
enormously_bright,1,1,0
enormously_big,1,1,0
enormously_australian,1,1,0
enormously_ambitious,1,1,0
energetically_favourable,1,1,0
energetically_equal,1,1,0
energetically_enough,1,1,0
energetically_efficient,1,1,0
endlessly_ongoing,1,1,0
endlessly_negotiable,1,1,0
endlessly_malleable,1,1,0
endlessly_inventive,1,1,0
endlessly_interesting,1,1,0
endlessly_forgiving,1,1,0
endlessly_exploitable,1,1,0
endlessly_expansive,1,1,0
endlessly_enjoyable,1,1,0
endlessly_engaging,1,0,1
endlessly_elastic,1,1,0
endlessly_durable,1,1,0
endlessly_dull,1,1,0
endlessly_drinkable,1,1,0
endlessly_diverse,1,1,0
endlessly_distracting,1,1,0
endlessly_difficult,1,1,0
endlessly_partisan,1,1,0
endlessly_patient,1,1,0
endlessly_present,1,1,0
endlessly_talented,1,1,0
energetically_different,1,1,0
energetically_aware,1,1,0
enduringly_powerful,1,1,0
enduringly_distinctive,1,1,0
endlessly_worthy,1,1,0
endlessly_warm,1,1,0
endlessly_variable,1,1,0
endlessly_subject,1,1,0
endlessly_proud,1,1,0
endlessly_stupid,1,1,0
endlessly_sterile,1,1,0
endlessly_skilled,1,1,0
endlessly_satisfying,1,1,0
endlessly_round,1,1,0
endlessly_reusable,1,1,0
endlessly_reproducible,1,1,0
enough_naked,1,1,0
enough_nice,1,1,0
easily_eligible,1,1,0
entirely_devastating,1,1,0
entirely_detectable,1,1,0
entirely_desolate,1,1,0
entirely_derogatory,1,1,0
entirely_depraved,1,1,0
entirely_dependant,1,1,0
entirely_deluded,1,1,0
entirely_delicate,1,1,0
entirely_deferential,1,1,0
entirely_deceptive,1,1,0
entirely_debilitating,1,1,0
entirely_data-driven,1,1,0
entirely_damaging,1,1,0
entirely_cutesy,1,1,0
entirely_cute,1,1,0
entirely_custom,1,1,0
entirely_cursory,1,1,0
entirely_curious,1,1,0
entirely_determined,1,1,0
entirely_deviant,1,1,0
entirely_crude,1,1,0
entirely_diabolical,1,1,0
entirely_dominate,1,1,0
entirely_divisive,1,1,0
entirely_diverse,1,1,0
entirely_divergent,1,1,0
entirely_distressing,1,1,0
entirely_distinguishable,1,1,0
entirely_distasteful,1,1,0
entirely_distant,1,1,0
entirely_disrespectful,1,1,0
entirely_disposable,1,1,0
entirely_dispiriting,1,1,0
entirely_disorienting,1,1,0
entirely_disorganized,1,1,0
entirely_disheartening,1,1,0
entirely_discouraged,1,1,0
entirely_dirty,1,1,0
entirely_dignified,1,1,0
entirely_cumbersome,1,1,0
entirely_cranky,1,1,0
entirely_dour,1,1,0
entirely_commensurate,1,1,0
entirely_comfy,1,1,0
entirely_comedic,1,1,0
entirely_combative,1,1,0
entirely_collaborative,1,1,0
entirely_coastal,1,1,0
entirely_clinical,1,1,0
entirely_cliched,1,1,0
entirely_cliche,1,1,0
entirely_clever,1,1,0
entirely_civilised,1,1,0
entirely_civil,1,1,0
entirely_circumstantial,1,1,0
entirely_circumspect,1,1,0
entirely_circular,1,1,0
entirely_choosy,1,1,0
entirely_chaste,1,1,0
entirely_ceremonial,1,1,0
entirely_comic,1,1,0
entirely_communicative,1,1,0
entirely_coy,1,1,0
entirely_conceivable,1,1,0
entirely_courteous,1,1,0
entirely_courageous,1,1,0
entirely_counterproductive,1,1,0
entirely_counter-intuitive,1,1,0
entirely_cost-efficient,1,1,0
entirely_cost-effective,1,1,0
entirely_corporate,1,1,0
entirely_core,1,1,0
entirely_controlled,1,1,0
entirely_contentious,1,1,0
entirely_contemptuous,1,1,0
entirely_contemptible,1,1,0
entirely_congenial,1,1,0
entirely_confusing,1,1,0
entirely_confused,1,1,0
entirely_confidential,1,1,0
entirely_conceptual,1,1,0
entirely_doubtful,1,1,0
entirely_downtrodden,1,0,1
enough_nostalgia,1,1,0
entirely_frightened,1,1,0
entirely_formidable,1,1,0
entirely_forgetful,1,1,0
entirely_foreboding,1,1,0
entirely_forbidden,1,1,0
entirely_flirtatious,1,1,0
entirely_flavourful,1,1,0
entirely_flavorful,1,1,0
entirely_flattered,1,1,0
entirely_flashy,1,0,1
entirely_flaky,1,1,0
entirely_fixable,1,1,0
entirely_first,1,1,0
entirely_finite,1,1,0
entirely_ferocious,1,1,0
entirely_feeble,1,1,0
entirely_fast,1,1,0
entirely_fancy,1,1,0
entirely_forward,1,1,0
entirely_frugal,1,1,0
entirely_expressive,1,1,0
entirely_fruity,1,1,0
entirely_heartfelt,1,1,0
entirely_haphazard,1,1,0
entirely_handsome,1,1,0
entirely_habitable,1,1,0
entirely_gripping,1,1,0
entirely_grey,1,1,0
entirely_graphic,1,1,0
entirely_gracious,1,1,0
entirely_gothic,1,1,0
entirely_goofy,1,1,0
entirely_golden,1,1,0
entirely_glossy,1,1,0
entirely_gentler,1,1,0
entirely_genteel,1,1,0
entirely_general,1,1,0
entirely_gay,1,1,0
entirely_frustrating,1,1,0
entirely_extraordinary,1,1,0
entirely_exploitative,1,1,0
entirely_draconian,1,1,0
entirely_endangered,1,1,0
entirely_empathetic,1,1,0
entirely_embarrassed,1,1,0
entirely_elusive,1,1,0
entirely_elegant,1,1,0
entirely_electric,1,1,0
entirely_elastic,1,1,0
entirely_efficacious,1,1,0
entirely_effectual,1,1,0
entirely_eco-friendly,1,1,0
entirely_earnest,1,1,0
entirely_dystopian,1,1,0
entirely_dusty,1,1,0
entirely_durable,1,1,0
entirely_drunk,1,0,1
entirely_dreary,1,1,0
entirely_dreadful,1,1,0
entirely_drastic,1,1,0
entirely_empirical,1,1,0
entirely_endemic,1,1,0
entirely_experimental,1,1,0
entirely_enforceable,1,1,0
entirely_expensive,1,1,0
entirely_exhilarating,1,1,0
entirely_exhausted,1,1,0
entirely_excellent,1,1,0
entirely_exaggerated,1,1,0
entirely_eventful,1,1,0
entirely_even-handed,1,1,0
entirely_evasive,1,1,0
entirely_european,1,1,0
entirely_ethnic,1,1,0
entirely_ephemeral,1,1,0
entirely_enviable,1,1,0
entirely_entrenched,1,1,0
entirely_enticing,1,1,0
entirely_enthralling,1,1,0
entirely_entertaining,1,1,0
entirely_enlightened,1,1,0
entirely_cause,1,1,0
entirely_cartoonish,1,1,0
entirely_canadian,1,1,0
enough_stuck,1,1,0
enough_strict,1,1,0
enough_sticky,1,1,0
enough_standard,1,1,0
enough_speculative,1,1,0
enough_spectacular,1,1,0
enough_special,1,1,0
enough_spanish,1,1,0
enough_spacious,1,1,0
enough_sound,1,0,1
enough_social,1,1,0
enough_sober,1,1,0
enough_smooth,1,1,0
enough_smaller,1,1,0
enough_sloppy,1,1,0
enough_slick,1,1,0
enough_simple,1,1,0
enough_sick,1,1,0
enough_stringent,1,1,0
enough_sugary,1,1,0
enough_serious,1,1,0
enough_suitable,1,1,0
enough_unnamed,1,1,0
enough_unique,1,1,0
enough_unfit,1,1,0
enough_underwater,1,1,0
enough_underground,1,1,0
enough_turkish,1,1,0
enough_trustworthy,1,1,0
enough_troubling,1,1,0
enough_transparent,1,1,0
enough_trained,1,1,0
enough_tolerant,1,1,0
enough_theoretical,1,1,0
enough_tender,1,1,0
enough_tempting,1,1,0
enough_tall,1,1,0
enough_talented,1,1,0
enough_supportive,1,1,0
enough_short,1,1,0
enough_sensual,1,1,0
entirely_callous,1,1,0
enough_protective,1,1,0
enough_progressive,1,1,0
enough_proficient,1,1,0
enough_productive,1,1,0
enough_pro-active,1,1,0
enough_private,1,1,0
enough_present,1,1,0
enough_prejudiced,1,1,0
enough_pregnant,1,1,0
enough_precise,1,1,0
enough_potent,1,1,0
enough_polite,1,1,0
enough_pigmented,1,1,0
enough_own,1,1,0
enough_open,1,1,0
enough_older,1,1,0
enough_offensive,1,1,0
enough_nuanced,1,1,0
enough_prominent,1,1,0
enough_proud,1,1,0
enough_senior,1,1,0
enough_punishable,1,1,0
enough_seasoned,1,1,0
enough_sceptical,1,1,0
enough_satisfying,1,1,0
enough_russian,1,1,0
enough_rigid,1,1,0
enough_rich,1,1,0
enough_rewarding,1,1,0
enough_retro,1,1,0
enough_restorative,1,1,0
enough_restful,1,1,0
enough_responsive,1,1,0
enough_republican,1,1,0
enough_relevant,1,1,0
enough_relative,1,1,0
enough_rational,1,1,0
enough_rare,1,1,0
enough_qualitative,1,1,0
enough_unreleased,1,1,0
enough_unusual,1,1,0
enough_upset,1,1,0
entirely_bankrupt,1,1,0
entirely_baffling,1,1,0
entirely_backward,1,1,0
entirely_awkward,1,1,0
entirely_autocratic,1,1,0
entirely_authoritarian,1,1,0
entirely_austere,1,1,0
entirely_attuned,1,1,0
entirely_athletic,1,1,0
entirely_asymptomatic,1,1,0
entirely_astonishing,1,1,0
entirely_askew,1,1,0
entirely_arid,1,1,0
entirely_appreciative,1,1,0
entirely_appetizing,1,1,0
entirely_apathetic,1,1,0
entirely_anxious,1,1,0
entirely_antisocial,1,1,0
entirely_bankable,1,1,0
entirely_barbaric,1,1,0
enough_urban,1,1,0
entirely_beloved,1,1,0
entirely_burdensome,1,1,0
entirely_bummed,1,1,0
entirely_bulletproof,1,1,0
entirely_brief,1,1,0
entirely_brazen,1,1,0
entirely_boyish,1,1,0
entirely_bonkers,1,1,0
entirely_bohemian,1,1,0
entirely_blurred,1,1,0
entirely_bloody,1,1,0
entirely_blissful,1,1,0
entirely_blatant,1,1,0
entirely_bisexual,1,1,0
entirely_big,1,0,1
entirely_best,1,1,0
entirely_bespoke,1,1,0
entirely_bent,1,1,0
entirely_anomalous,1,1,0
entirely_ample,1,1,0
entirely_amiable,1,1,0
entirely_ambitious,1,1,0
entertainingly_bitchy,1,1,0
entertainingly_bad,1,1,0
entertainingly_awful,1,1,0
enough_wrong,1,1,0
enough_worthy,1,1,0
enough_worth,1,1,0
enough_worse,1,1,0
enough_wise,1,1,0
enough_wild,1,1,0
enough_wide,1,1,0
enough_warm,1,1,0
enough_visual,1,1,0
enough_vegan,1,1,0
enough_valid,1,1,0
enough_vain,1,1,0
enough_useful,1,1,0
enough_usable,1,1,0
entertainingly_bizarre,1,1,0
entertainingly_contentious,1,1,0
entertainingly_developed,1,1,0
entirely_affable,1,1,0
entirely_alternative,1,1,0
entirely_alluring,1,1,0
entirely_alcoholic,1,1,0
entirely_alarming,1,1,0
entirely_akin,1,1,0
entirely_agricultural,1,1,0
entirely_agnostic,1,0,1
entirely_adorable,1,1,0
entertainingly_hyperbolic,1,1,0
entirely_addictive,1,1,0
entirely_addicting,1,1,0
entirely_actual,1,1,0
entirely_abundant,1,1,0
entertainingly_surreal,1,1,0
entertainingly_sick,1,1,0
entertainingly_populist,1,1,0
emotionally_trustworthy,1,1,0
emotionally_truer,1,1,0
emotionally_traumatizing,1,1,0
educationally_literate,1,1,0
educationally_ineffective,1,1,0
educationally_good,1,1,0
educationally_equal,1,1,0
educationally_dynamic,1,1,0
educationally_deficient,1,1,0
educationally_constructive,1,1,0
educationally_backward,1,1,0
educationally_aware,1,1,0
educationally_appropriate,1,1,0
educationally_advantageous,1,1,0
educationally_accountable,1,1,0
economically_worse,1,1,0
economically_workable,1,1,0
economically_wonderful,1,1,0
economically_weaker,1,1,0
economically_wasteful,1,1,0
economically_vulnerable,1,1,0
educationally_innovative,1,1,0
educationally_mobile,1,1,0
economically_unwise,1,1,0
educationally_proficient,1,1,0
eerily_incompatible,1,1,0
eerily_haunting,1,1,0
eerily_fake,1,1,0
eerily_empty,1,1,0
eerily_effective,1,1,0
eerily_dark,1,1,0
eerily_aware,1,1,0
eerily_authoritarian,1,1,0
educationally_viable,1,1,0
educationally_valuable,1,1,0
educationally_valid,1,1,0
educationally_useful,1,1,0
educationally_suitable,1,1,0
educationally_successful,1,1,0
educationally_significant,1,1,0
educationally_right,1,1,0
educationally_ready,1,1,0
economically_vibrant,1,1,0
economically_unreasonable,1,1,0
eerily_mysterious,1,1,0
economically_resilient,1,1,0
economically_related,1,1,0
economically_regressive,1,1,0
economically_redundant,1,1,0
economically_radical,1,1,0
economically_quantifiable,1,1,0
economically_punitive,1,1,0
economically_progressive,1,1,0
economically_proficient,1,1,0
economically_problematic,1,0,1
economically_powerful,1,1,0
economically_populist,1,1,0
economically_pointless,1,1,0
economically_peripheral,1,1,0
economically_passable,1,1,0
economically_obsolete,1,1,0
economically_negative,1,1,0
economically_needy,1,1,0
economically_reliant,1,1,0
economically_resourceful,1,1,0
economically_unrealistic,1,1,0
economically_self-destructive,1,1,0
economically_unjustified,1,1,0
economically_uniform,1,1,0
economically_unfeasible,1,1,0
economically_unequal,1,1,0
economically_undeveloped,1,1,0
economically_unappealing,1,1,0
economically_suspect,1,1,0
economically_supportive,1,1,0
economically_superior,1,1,0
economically_suicidal,1,1,0
economically_sufficient,1,1,0
economically_stupid,1,1,0
economically_strategic,1,1,0
economically_socialist,1,1,0
economically_shocked,1,1,0
economically_severe,1,1,0
economically_senseless,1,1,0
eerily_lifelike,1,1,0
eerily_organic,1,1,0
emotionally_traumatic,1,1,0
effortlessly_enchanting,1,1,0
effortlessly_distinguishable,1,1,0
effortlessly_deadly,1,1,0
effortlessly_constant,1,1,0
effortlessly_clever,1,1,0
effortlessly_charming,1,1,0
effortlessly_appealing,1,1,0
effectively_zero,1,1,0
effectively_useless,1,1,0
effectively_useful,1,1,0
effectively_usable,1,1,0
effectively_unified,1,1,0
effectively_unbreakable,1,1,0
effectively_treatable,1,1,0
effectively_supervised,1,1,0
effectively_subversive,1,1,0
effectively_sovereign,1,1,0
effectively_satisfied,1,1,0
effortlessly_elegant,1,0,1
effortlessly_endearing,1,1,0
effectively_responsible,1,1,0
effortlessly_expressive,1,1,0
effortlessly_susceptible,1,1,0
effortlessly_superior,1,1,0
effortlessly_spectacular,1,0,1
effortlessly_recognizable,1,1,0
effortlessly_realistic,1,1,0
effortlessly_quicker,1,1,0
effortlessly_pure,1,1,0
effortlessly_open,1,1,0
effortlessly_noticeable,1,1,0
effortlessly_mobile,1,1,0
effortlessly_magical,1,1,0
effortlessly_luxurious,1,1,0
effortlessly_laughable,1,1,0
effortlessly_justifiable,1,1,0
effortlessly_identifiable,1,1,0
effortlessly_hilarious,1,1,0
effortlessly_graceful,1,1,0
effectively_retarded,1,1,0
effectively_recognizable,1,1,0
eerily_plausible,1,1,0
effectively_different,1,1,0
effectively_compliant,1,1,0
effectively_competent,1,1,0
effectively_compelling,1,1,0
effectively_comical,1,1,0
effectively_clean,1,1,0
effectively_captivating,1,1,0
effectively_applicable,1,1,0
effectively_anonymous,1,1,0
effectively_accountable,1,1,0
effectively_absent,1,1,0
eerily_tender,1,1,0
eerily_strange,1,1,0
eerily_specific,1,1,0
eerily_silent,1,1,0
eerily_relevant,1,1,0
eerily_quiet,1,1,0
eerily_prophetic,1,1,0
effectively_correct,1,0,1
effectively_difficult,1,1,0
effectively_ready,1,1,0
effectively_equal,1,1,0
effectively_random,1,1,0
effectively_possible,1,1,0
effectively_open,1,1,0
effectively_obsolete,1,1,0
effectively_noticeable,1,1,0
effectively_negligible,1,1,0
effectively_measurable,1,1,0
effectively_many,1,1,0
effectively_manipulative,1,1,0
effectively_liquid,1,1,0
effectively_immortal,1,1,0
effectively_immediate,1,1,0
effectively_ideal,1,1,0
effectively_heroic,1,1,0
effectively_happy,1,1,0
effectively_functional,1,1,0
effectively_free,1,1,0
economically_mysterious,1,0,1
economically_motivated,1,1,0
economically_massive,1,1,0
easily_unharmed,1,1,0
easily_tenable,1,1,0
easily_sympathetic,1,1,0
easily_surprised,1,1,0
easily_suitable,1,1,0
easily_successful,1,1,0
easily_stunned,1,1,0
easily_spoilt,1,1,0
easily_sophisticated,1,1,0
easily_slim,1,1,0
easily_sleepy,1,1,0
easily_self-taught,1,1,0
easily_rusty,1,1,0
easily_rural,1,1,0
easily_restrained,1,0,1
easily_responsive,1,1,0
easily_representative,1,1,0
easily_redeemable,1,1,0
easily_trustworthy,1,1,0
easily_unhinged,1,1,0
easily_presentable,1,1,0
easily_unlocked,1,1,0
ecologically_disastrous,1,1,0
ecologically_devastating,1,1,0
ecologically_defensible,1,1,0
ecologically_critical,1,1,0
ecologically_cost-effective,1,1,0
ecologically_consistent,1,1,0
ecologically_concerned,1,1,0
ecologically_compatible,1,1,0
ecologically_capable,1,1,0
ecologically_bankrupt,1,1,0
ecologically_aware,1,1,0
ecologically_astute,1,1,0
ecologically_accurate,1,1,0
easily_wrinkled,1,1,0
easily_worth,1,1,0
easily_winnable,1,1,0
easily_viable,1,1,0
easily_qualified,1,1,0
easily_present,1,1,0
economically_marginal,1,1,0
easily_interesting,1,1,0
easily_ill,1,1,0
easily_hungry,1,1,0
easily_hopeful,1,1,0
easily_homophobic,1,1,0
easily_handy,1,1,0
easily_gullible,1,1,0
easily_generic,1,1,0
easily_friendly,1,1,0
easily_free,1,1,0
easily_forecast,1,1,0
easily_fluent,1,1,0
easily_flexible,1,1,0
easily_flattered,1,1,0
easily_fallible,1,1,0
easily_ethereal,1,0,1
easily_essential,1,1,0
easily_enough,1,1,0
easily_impressionable,1,1,0
easily_interwoven,1,0,1
easily_porous,1,1,0
easily_lead,1,1,0
easily_popular,1,1,0
easily_permeable,1,1,0
easily_palpable,1,1,0
easily_overwhelmed,1,1,0
easily_overhead,1,1,0
easily_overcooked,1,1,0
easily_overcome,1,1,0
easily_outraged,1,1,0
easily_orthodox,1,1,0
easily_old,1,1,0
easily_nauseous,1,1,0
easily_more,1,1,0
easily_misleading,1,1,0
easily_lower,1,1,0
easily_loveable,1,1,0
easily_livable,1,1,0
easily_liable,1,1,0
ecologically_disruptive,1,1,0
ecologically_distinctive,1,1,0
ecologically_distinguishable,1,1,0
economically_fundamental,1,0,1
economically_fit,1,1,0
economically_favorable,1,1,0
economically_fatal,1,1,0
economically_fantastic,1,1,0
economically_extravagant,1,1,0
economically_exceptional,1,1,0
economically_excellent,1,1,0
economically_elite,1,1,0
economically_ecological,1,1,0
economically_driven,1,1,0
economically_distressed,1,1,0
economically_disruptive,1,1,0
economically_difficult,1,1,0
economically_different,1,1,0
economically_developed,1,1,0
economically_detrimental,1,1,0
economically_deterministic,1,1,0
economically_foolish,1,1,0
economically_futile,1,1,0
ecologically_dominant,1,1,0
economically_greedy,1,1,0
economically_manageable,1,1,0
economically_legitimate,1,1,0
economically_largest,1,1,0
economically_knowledgable,1,1,0
economically_invulnerable,1,1,0
economically_intuitive,1,1,0
economically_integrated,1,1,0
economically_integral,1,1,0
economically_intact,1,1,0
economically_insignificant,1,1,0
economically_insane,1,1,0
economically_incompetent,1,1,0
economically_impotent,1,1,0
economically_impossible,1,1,0
economically_identical,1,1,0
economically_helpful,1,1,0
economically_grim,1,1,0
economically_destitute,1,1,0
economically_dependable,1,1,0
economically_dangerous,1,1,0
economically_crucial,1,1,0
ecologically_wise,1,1,0
ecologically_virtuous,1,1,0
ecologically_viable,1,1,0
ecologically_unfriendly,1,1,0
ecologically_stable,1,1,0
ecologically_spectacular,1,1,0
ecologically_peaceful,1,1,0
ecologically_necessary,1,1,0
ecologically_long-term,1,1,0
ecologically_justifiable,1,1,0
ecologically_identical,1,1,0
ecologically_hostile,1,1,0
ecologically_favorable,1,1,0
ecologically_excellent,1,1,0
ecologically_efficient,1,1,0
ecologically_effective,1,1,0
ecologically_dubious,1,1,0
ecologically_wrong,1,0,1
economically_accountable,1,1,0
economically_accurate,1,1,0
economically_bogus,1,1,0
economically_crazy,1,0,1
economically_counterproductive,1,1,0
economically_corrupt,1,1,0
economically_conscious,1,1,0
economically_complex,1,1,0
economically_cheaper,1,1,0
economically_challenging,1,1,0
economically_bankrupt,1,1,0
economically_achievable,1,1,0
economically_bad,1,1,0
economically_autonomous,1,1,0
economically_astute,1,1,0
economically_anxious,1,1,0
economically_antiquated,1,1,0
economically_ambitious,1,1,0
economically_adrift,1,1,0
effortlessly_talented,1,1,0
effortlessly_traceable,1,1,0
effortlessly_visible,1,1,0
emotionally_articulate,1,1,0
emotionally_affectionate,1,1,0
emotionally_advisable,1,1,0
emotionally_acceptable,1,1,0
emotionally_abused,1,1,0
eminently_wrong,1,0,1
eminently_worthy,1,1,0
eminently_winnable,1,1,0
eminently_watchable,1,1,0
eminently_walkable,1,1,0
eminently_visible,1,1,0
eminently_serviceable,1,1,0
eminently_satisfying,1,1,0
eminently_safer,1,1,0
eminently_respectable,1,1,0
eminently_religious,1,1,0
eminently_relatable,1,1,0
eminently_readable,1,1,0
emotionally_appropriate,1,1,0
emotionally_attuned,1,1,0
eminently_preferable,1,1,0
emotionally_average,1,1,0
emotionally_disconcerting,1,1,0
emotionally_digestible,1,1,0
emotionally_dense,1,1,0
emotionally_debilitating,1,1,0
emotionally_deaf,1,1,0
emotionally_dead,1,1,0
emotionally_daring,1,1,0
emotionally_credible,1,1,0
emotionally_correct,1,1,0
emotionally_convincing,1,1,0
emotionally_consistent,1,1,0
emotionally_catastrophic,1,1,0
emotionally_captivating,1,1,0
emotionally_burdensome,1,1,0
emotionally_believable,1,1,0
emotionally_bare,1,1,0
emotionally_bankrupt,1,1,0
eminently_quotable,1,1,0
eminently_portable,1,1,0
embarrassingly_horrible,1,1,0
embarrassingly_underfunded,1,1,0
embarrassingly_spartan,1,1,0
embarrassingly_sparse,1,1,0
embarrassingly_slow,1,1,0
embarrassingly_silly,1,1,0
embarrassingly_shrill,1,1,0
embarrassingly_shabby,1,0,1
embarrassingly_sexy,1,1,0
embarrassingly_right,1,1,0
embarrassingly_profound,1,1,0
embarrassingly_passive,1,1,0
embarrassingly_painful,1,1,0
embarrassingly_obvious,1,1,0
embarrassingly_monstrous,1,1,0
embarrassingly_late,1,1,0
embarrassingly_large,1,1,0
embarrassingly_incompetent,1,1,0
embarrassingly_inaccurate,1,1,0
embarrassingly_stiff,1,1,0
embarrassingly_unfunny,1,1,0
eminently_playable,1,1,0
embarrassingly_unscientific,1,1,0
eminently_neutral,1,1,0
eminently_necessary,1,0,1
eminently_loose,1,1,0
eminently_likable,1,1,0
eminently_irrational,1,1,0
eminently_important,1,1,0
eminently_human,1,1,0
eminently_hip,1,0,1
eminently_heinous,1,1,0
eminently_good,1,1,0
eminently_frustrating,1,1,0
eminently_compact,1,1,0
eminently_applicable,1,1,0
eminently_achievable,1,1,0
embarrassingly_wrong,1,1,0
embarrassingly_wide,1,1,0
embarrassingly_weak,1,1,0
emotionally_dishonest,1,1,0
emotionally_disturbed,1,1,0
emotionally_dramatic,1,1,0
emotionally_serious,1,1,0
emotionally_self-sufficient,1,1,0
emotionally_scared,1,1,0
emotionally_satisfactory,1,1,0
emotionally_salient,1,1,0
emotionally_ruinous,1,1,0
emotionally_robust,1,1,0
emotionally_riveting,1,1,0
emotionally_risky,1,1,0
emotionally_rich,1,1,0
emotionally_restorative,1,1,0
emotionally_representative,1,1,0
emotionally_repetitive,1,1,0
emotionally_prudent,1,1,0
emotionally_proud,1,1,0
emotionally_promiscuous,1,1,0
emotionally_precise,1,1,0
emotionally_potent,1,1,0
emotionally_separate,1,1,0
emotionally_significant,1,1,0
emotionally_driven,1,1,0
emotionally_skilled,1,1,0
emotionally_transparent,1,1,0
emotionally_transformative,1,1,0
emotionally_transcendent,1,0,1
emotionally_tortured,1,0,1
emotionally_thrilled,1,1,0
emotionally_susceptible,1,1,0
emotionally_surprised,1,1,0
emotionally_suitable,1,1,0
emotionally_sturdy,1,1,0
emotionally_stupid,1,1,0
emotionally_stressful,1,1,0
emotionally_stilted,1,1,0
emotionally_sterile,1,1,0
emotionally_stagnant,1,1,0
emotionally_squeamish,1,1,0
emotionally_sophisticated,1,1,0
emotionally_smart,1,1,0
emotionally_plausible,1,1,0
emotionally_perfect,1,1,0
emotionally_perceptive,1,1,0
emotionally_overwrought,1,1,0
emotionally_healthier,1,1,0
emotionally_good,1,1,0
emotionally_glad,1,1,0
emotionally_full,1,1,0
emotionally_forthcoming,1,1,0
emotionally_forgiving,1,1,0
emotionally_farther,1,1,0
emotionally_false,1,0,1
emotionally_exhausted,1,1,0
emotionally_excruciating,1,1,0
emotionally_exclusive,1,1,0
emotionally_exciting,1,1,0
emotionally_enjoyable,1,1,0
emotionally_elastic,1,1,0
emotionally_effusive,1,1,0
emotionally_easier,1,1,0
emotionally_dull,1,1,0
emotionally_helpful,1,1,0
emotionally_hollow,1,1,0
emotionally_hungover,1,1,0
emotionally_laden,1,1,0
emotionally_overpowering,1,1,0
emotionally_overcome,1,1,0
emotionally_overblown,1,1,0
emotionally_overbearing,1,1,0
emotionally_off-putting,1,1,0
emotionally_memorable,1,1,0
emotionally_literate,1,1,0
emotionally_interdependent,1,1,0
emotionally_hurtful,1,1,0
emotionally_insightful,1,1,0
emotionally_injurious,1,1,0
emotionally_infallible,1,1,0
emotionally_inept,1,1,0
emotionally_incapable,1,1,0
emotionally_impenetrable,1,1,0
emotionally_immortal,1,1,0
embarrassingly_immature,1,1,0
embarrassingly_good,1,1,0
egregiously_aggressive,1,1,0
either_superficial,1,1,0
either_successful,1,1,0
either_slow,1,1,0
either_simple,1,1,0
either_poor,1,1,0
either_pessimistic,1,1,0
either_passionate,1,1,0
either_optimistic,1,1,0
either_obsessed,1,1,0
either_new,1,1,0
either_neutral,1,1,0
either_light,1,1,0
either_late,1,1,0
either_large,1,1,0
either_invisible,1,1,0
either_interested,1,1,0
either_illiterate,1,1,0
either_illegal,1,1,0
either_suicidal,1,1,0
either_traditional,1,1,0
either_fast,1,0,1
either_trivial,1,1,0
electorally_insufficient,1,1,0
electorally_feasible,1,1,0
electorally_enough,1,1,0
electorally_dead,1,1,0
electorally_damaging,1,1,0
electorally_competitive,1,1,0
electorally_clever,1,1,0
electorally_beneficial,1,1,0
electorally_attractive,1,1,0
either_worthy,1,1,0
either_worried,1,1,0
either_upcoming,1,1,0
either_unusual,1,1,0
either_unemployed,1,1,0
either_unconscious,1,1,0
either_unattainable,1,1,0
either_true,1,1,0
either_happy,1,1,0
either_fair,1,1,0
embarrassingly_extravagant,1,1,0
egregiously_stupid,1,1,0
egregiously_showy,1,1,0
egregiously_shitty,1,1,0
egregiously_racist,1,1,0
egregiously_poor,1,1,0
egregiously_overpaid,1,1,0
egregiously_off-putting,1,1,0
egregiously_obvious,1,1,0
egregiously_misleading,1,1,0
egregiously_incorrect,1,1,0
egregiously_hypocritical,1,1,0
egregiously_fake,1,1,0
egregiously_embarrassing,1,1,0
egregiously_disruptive,1,1,0
egregiously_costly,1,1,0
egregiously_contemporary,1,1,0
egregiously_clueless,1,1,0
egregiously_anti-semitic,1,1,0
egregiously_speculative,1,0,1
egregiously_superior,1,1,0
either_excited,1,1,0
egregiously_thick,1,1,0
either_disappointed,1,1,0
either_crazy,1,1,0
either_convincing,1,1,0
either_confused,1,1,0
either_concerned,1,1,0
either_comfortable,1,1,0
either_clear,1,1,0
either_capable,1,1,0
either_asleep,1,1,0
either_alive,1,1,0
egregiously_vulgar,1,1,0
egregiously_untrue,1,1,0
egregiously_unprotected,1,1,0
egregiously_unprofessional,1,1,0
egregiously_unhappy,1,1,0
egregiously_unbelievable,1,1,0
egregiously_unattractive,1,0,1
electorally_invincible,1,1,0
electorally_necessary,1,1,0
electorally_potent,1,1,0
else_other,1,1,0
else_much,1,0,1
else_involved,1,1,0
else_inventive,1,0,1
else_imaginable,1,0,1
else_high,1,1,0
else_great,1,0,1
else_good,1,0,1
else_foreign,1,0,1
else_exciting,1,0,1
else_different,1,1,0
else_cooler,1,0,1
else_complicated,1,0,1
else_bizarre,1,0,1
else_bigger,1,0,1
else_baffling,1,1,0
else_attractive,1,0,1
else_appealing,1,0,1
else_online,1,1,0
else_past,1,0,1
electorally_pragmatic,1,1,0
else_pragmatic,1,0,1
embarrassingly_empty,1,1,0
embarrassingly_eccentric,1,1,0
embarrassingly_drunk,1,1,0
embarrassingly_cavalier,1,1,0
embarrassingly_bare,1,1,0
embarrassingly_awkward,1,1,0
embarrassingly_apparent,1,1,0
else_wrong,1,1,0
else_worthy,1,1,0
else_wise,1,1,0
else_wide,1,0,1
else_warm,1,0,1
else_unusual,1,0,1
else_suspicious,1,0,1
else_short,1,0,1
else_secure,1,1,0
else_praiseworthy,1,0,1
else_angry,1,1,0
else_alive,1,0,1
else_affordable,1,0,1
else_able,1,1,0
electrically_reversible,1,1,0
electrically_responsive,1,1,0
electrically_qualified,1,1,0
electrically_inert,1,1,0
electrically_homogenous,1,1,0
electrically_heated,1,1,0
electrically_happy,1,1,0
electrically_handy,1,1,0
electrically_flashy,1,1,0
electrically_efficient,1,1,0
electrically_controllable,1,1,0
electrically_compatible,1,1,0
electrically_adjustable,1,1,0
electorally_viable,1,1,0
electorally_useful,1,1,0
electorally_unpopular,1,1,0
electorally_rewarding,1,1,0
electrically_terrifying,1,1,0
electronically_accessible,1,0,1
electronically_complementary,1,1,0
elegantly_detailed,1,1,0
elegantly_unsettling,1,1,0
elegantly_trendy,1,1,0
elegantly_stunning,1,1,0
elegantly_playful,1,0,1
elegantly_lovely,1,1,0
elegantly_incisive,1,0,1
elegantly_free,1,1,0
elegantly_comfy,1,1,0
electronically_connected,1,1,0
electronically_sure,1,1,0
electronically_sophisticated,1,1,0
electronically_readable,1,1,0
electronically_minded,1,1,0
electronically_limited,1,1,0
electronically_inclined,1,1,0
electronically_efficient,1,1,0
exact_discrete,1,1,0
exact_hard,1,1,0
deliberately_naive,1,1,0
fully_indulgent,1,1,0
fully_incorrect,1,1,0
fully_inconceivable,1,1,0
fully_inaudible,1,1,0
fully_inaccurate,1,1,0
fully_impregnable,1,1,0
fully_important,1,1,0
fully_impervious,1,1,0
fully_impactful,1,1,0
fully_immutable,1,1,0
fully_hydrated,1,1,0
fully_hungry,1,1,0
fully_humanoid,1,1,0
fully_humane,1,1,0
fully_horrible,1,1,0
fully_horny,1,1,0
fully_homosexual,1,1,0
fully_homogenous,1,1,0
fully_indiscriminate,1,1,0
fully_ineffective,1,1,0
fully_holy,1,1,0
fully_inefficient,1,1,0
fully_kind,1,1,0
fully_israeli,1,1,0
fully_isolated,1,1,0
fully_islamic,1,1,0
fully_invulnerable,1,1,0
fully_invincible,1,1,0
fully_intolerant,1,1,0
fully_internal,1,1,0
fully_intent,1,1,0
fully_intelligent,1,1,0
fully_insignificant,1,1,0
fully_insane,1,1,0
fully_innovative,1,1,0
fully_innocuous,1,1,0
fully_inhuman,1,1,0
fully_inflated,1,1,0
fully_infectious,1,1,0
fully_homogeneous,1,1,0
fully_hollow,1,1,0
fully_liberating,1,1,0
fully_forgettable,1,1,0
fully_fitting,1,1,0
fully_final,1,1,0
fully_figurative,1,1,0
fully_fictional,1,0,1
fully_fertile,1,1,0
fully_feral,1,1,0
fully_feminist,1,1,0
fully_feminine,1,1,0
fully_feasible,1,1,0
fully_fascist,1,1,0
fully_explosive,1,1,0
fully_expedient,1,1,0
fully_exciting,1,1,0
fully_exceptional,1,1,0
fully_esoteric,1,1,0
fully_equitable,1,1,0
fully_ephemeral,1,1,0
fully_flush,1,1,0
fully_formulaic,1,1,0
fully_historic,1,1,0
fully_frank,1,1,0
fully_high,1,1,0
fully_hierarchical,1,1,0
fully_heterosexual,1,1,0
fully_heroic,1,1,0
fully_helpful,1,1,0
fully_heartbreaking,1,1,0
fully_hairless,1,1,0
fully_grey,1,1,0
fully_gray,1,1,0
fully_global,1,1,0
fully_girly,1,1,0
fully_german,1,1,0
fully_genetic,1,1,0
fully_generic,1,1,0
fully_fun,1,1,0
fully_frightening,1,1,0
fully_friendly,1,1,0
fully_knowledgable,1,1,0
fully_libertarian,1,1,0
fully_salty,1,1,0
fully_procedural,1,1,0
fully_privileged,1,1,0
fully_powerful,1,1,0
fully_pornographic,1,1,0
fully_popular,1,1,0
fully_political,1,1,0
fully_pleasing,1,1,0
fully_plain,1,1,0
fully_pink,1,1,0
fully_pessimistic,1,1,0
fully_pervasive,1,1,0
fully_personal,1,1,0
fully_permeable,1,1,0
fully_payable,1,1,0
fully_past,1,1,0
fully_passive,1,1,0
fully_passionate,1,1,0
fully_particular,1,1,0
fully_pro-life,1,1,0
fully_profitable,1,1,0
fully_palpable,1,1,0
fully_proper,1,1,0
fully_robotic,1,1,0
fully_righteous,1,1,0
fully_rhythmic,1,1,0
fully_rewarding,1,1,0
fully_resident,1,1,0
fully_republican,1,1,0
fully_replaceable,1,1,0
fully_relational,1,1,0
fully_relatable,1,1,0
fully_regular,1,1,0
fully_refined,1,1,0
fully_red,1,1,0
fully_reassuring,1,1,0
fully_reactive,1,1,0
fully_radical,1,1,0
fully_quiet,1,1,0
fully_quantitative,1,1,0
fully_paranoid,1,1,0
fully_painless,1,1,0
fully_limp,1,1,0
fully_negative,1,1,0
fully_national,1,1,0
fully_narrative,1,1,0
fully_muslim,1,1,0
fully_moral,1,1,0
fully_monogamous,1,1,0
fully_moist,1,1,0
fully_miserable,1,1,0
fully_mexican,1,1,0
fully_mesmerizing,1,1,0
fully_meaningful,1,1,0
fully_matte,1,1,0
fully_mandatory,1,1,0
fully_magical,1,1,0
fully_mad,1,1,0
fully_loving,1,1,0
fully_loose,1,1,0
fully_linear,1,1,0
fully_naturalistic,1,1,0
fully_nervous,1,1,0
fully_pain-free,1,1,0
fully_nutritious,1,1,0
fully_oversold,1,1,0
fully_overgrown,1,1,0
fully_overblown,1,1,0
fully_outstanding,1,1,0
fully_outside,1,1,0
fully_outdoors,1,1,0
fully_organized,1,1,0
fully_orderly,1,1,0
fully_orange,1,1,0
fully_opposite,1,1,0
fully_old,1,1,0
fully_ok,1,1,0
fully_offline,1,1,0
fully_obtainable,1,1,0
fully_obsessed,1,1,0
fully_observable,1,1,0
fully_obscure,1,1,0
fully_entertaining,1,1,0
fully_enjoyable,1,1,0
fully_enamoured,1,1,0
fully_accepting,1,1,0
fucking_ridiculous,1,1,0
fucking_important,1,1,0
fucking_happy,1,1,0
fucking_easy,1,1,0
frustratingly_vague,1,1,0
frustratingly_tight,1,1,0
frustratingly_slow,1,1,0
frustratingly_quiet,1,1,0
frustratingly_perfect,1,1,0
frustratingly_obscure,1,1,0
frustratingly_mysterious,1,1,0
frustratingly_long,1,1,0
frustratingly_inconsistent,1,1,0
frustratingly_inadequate,1,1,0
frustratingly_inaccurate,1,1,0
frustratingly_helpful,1,1,0
frustratingly_frantic,1,1,0
fully_absorbent,1,1,0
fully_adaptable,1,1,0
frustratingly_complicated,1,1,0
fully_admirable,1,1,0
fully_anticipated,1,1,0
fully_angry,1,1,0
fully_angelic,1,1,0
fully_amorphous,1,1,0
fully_amenable,1,1,0
fully_amazing,1,1,0
fully_altruistic,1,1,0
fully_alright,1,1,0
fully_allergic,1,1,0
fully_alkaline,1,1,0
fully_alien,1,1,0
fully_agricultural,1,1,0
fully_agreeable,1,1,0
fully_agile,1,1,0
fully_aghast,1,1,0
fully_affective,1,1,0
fully_adverse,1,1,0
frustratingly_distracting,1,1,0
frustratingly_complex,1,1,0
fully_empirical,1,1,0
frighteningly_unattractive,1,1,0
frighteningly_thin,1,1,0
frighteningly_strange,1,1,0
frighteningly_smart,1,1,0
frighteningly_small,1,1,0
frighteningly_remote,1,1,0
frighteningly_reflective,1,1,0
frighteningly_quick,1,1,0
frighteningly_pricey,1,1,0
frighteningly_perfect,1,1,0
frighteningly_painful,1,1,0
frighteningly_original,1,1,0
frighteningly_obvious,1,1,0
frighteningly_new,1,1,0
frighteningly_naive,1,1,0
frighteningly_loud,1,1,0
frighteningly_long,1,1,0
frighteningly_insensitive,1,1,0
frighteningly_topical,1,1,0
frighteningly_unhealthy,1,1,0
frustratingly_bad,1,1,0
frightfully_awful,1,1,0
frightfully_unfair,1,1,0
frightfully_slow,1,1,0
frightfully_rich,1,1,0
frightfully_overwhelmed,1,1,0
frightfully_normal,1,1,0
frightfully_lucky,1,1,0
frightfully_ironic,1,1,0
frightfully_interested,1,1,0
frightfully_important,1,1,0
frightfully_hard,1,1,0
frightfully_fun,1,1,0
frightfully_fragile,1,1,0
frightfully_efficient,1,1,0
frightfully_dubious,1,1,0
frightfully_different,1,1,0
frightfully_busy,1,1,0
frightfully_bad,1,1,0
fully_apologetic,1,1,0
fully_apt,1,1,0
fully_arbitrary,1,1,0
fully_different,1,1,0
fully_devastating,1,1,0
fully_detectable,1,1,0
fully_derivative,1,1,0
fully_depraved,1,1,0
fully_dependant,1,1,0
fully_definitive,1,1,0
fully_defenseless,1,1,0
fully_dedicated,1,1,0
fully_decisive,1,1,0
fully_decent,1,1,0
fully_damaging,1,1,0
fully_current,1,1,0
fully_cruel,1,1,0
fully_critical,1,1,0
fully_crisp,1,1,0
fully_criminal,1,1,0
fully_crazy,1,1,0
fully_devoted,1,1,0
fully_diligent,1,1,0
fully_attributable,1,1,0
fully_disabled,1,1,0
fully_electronic,1,1,0
fully_elastic,1,1,0
fully_elaborate,1,1,0
fully_egalitarian,1,1,0
fully_effectual,1,1,0
fully_eco-friendly,1,1,0
fully_eastern,1,1,0
fully_eager,1,1,0
fully_dysfunctional,1,1,0
fully_dumb,1,1,0
fully_domestic,1,1,0
fully_doable,1,1,0
fully_divisible,1,1,0
fully_diverse,1,1,0
fully_distressed,1,1,0
fully_distinguished,1,1,0
fully_disappointed,1,1,0
fully_cozy,1,1,0
fully_corrupt,1,1,0
fully_conventional,1,1,0
fully_continuous,1,1,0
fully_cartoony,1,1,0
fully_careful,1,1,0
fully_captive,1,1,0
fully_capitalist,1,1,0
fully_bulletproof,1,1,0
fully_blended,1,1,0
fully_bisexual,1,1,0
fully_binding,1,0,1
fully_bent,1,1,0
fully_benign,1,1,0
fully_bankrupt,1,1,0
fully_bald,1,1,0
fully_balanced,1,1,0
fully_awful,1,1,0
fully_avoidable,1,1,0
fully_authoritarian,1,1,0
fully_australian,1,1,0
fully_central,1,1,0
fully_characteristic,1,1,0
fully_circular,1,1,0
fully_compelling,1,1,0
fully_content,1,1,0
fully_constitutional,1,1,0
fully_conspicuous,1,1,0
fully_connected,1,1,0
fully_concentrated,1,1,0
fully_conceivable,1,1,0
fully_complimentary,1,1,0
fully_common,1,1,0
fully_civilised,1,1,0
fully_commercial,1,1,0
fully_commensurate,1,1,0
fully_comfy,1,1,0
fully_comforting,1,1,0
fully_collectable,1,1,0
fully_collaborative,1,1,0
fully_cohesive,1,1,0
fully_salacious,1,1,0
fully_savage,1,1,0
frighteningly_gorgeous,1,1,0
fundamentally_proper,1,1,0
fundamentally_pragmatic,1,1,0
fundamentally_practical,1,1,0
fundamentally_possible,1,1,0
fundamentally_playful,1,0,1
fundamentally_personal,1,1,0
fundamentally_peculiar,1,0,1
fundamentally_partisan,1,1,0
fundamentally_overcome,1,1,0
fundamentally_optimistic,1,1,0
fundamentally_open,1,1,0
fundamentally_noble,1,1,0
fundamentally_newer,1,0,1
fundamentally_negative,1,1,0
fundamentally_nasty,1,1,0
fundamentally_nastier,1,1,0
fundamentally_muslim,1,1,0
fundamentally_musical,1,1,0
fundamentally_problematic,1,0,1
fundamentally_psychological,1,1,0
fundamentally_mistaken,1,1,0
fundamentally_random,1,1,0
fundamentally_smug,1,1,0
fundamentally_shocking,1,1,0
fundamentally_secure,1,1,0
fundamentally_scientific,1,1,0
fundamentally_scary,1,0,1
fundamentally_satisfying,1,1,0
fundamentally_romantic,1,1,0
fundamentally_riskier,1,1,0
fundamentally_righteous,1,1,0
fundamentally_ridiculous,1,1,0
fundamentally_revolutionary,1,1,0
fundamentally_responsible,1,1,0
fundamentally_respectful,1,1,0
fundamentally_repugnant,1,1,0
fundamentally_reliant,1,1,0
fundamentally_relevant,1,1,0
fundamentally_reactive,1,1,0
fundamentally_misunderstood,1,1,0
fundamentally_militant,1,0,1
fundamentally_special,1,1,0
fundamentally_impossible,1,1,0
fundamentally_ill,1,1,0
fundamentally_ideal,1,1,0
fundamentally_hypocritical,1,1,0
fundamentally_hurtful,1,1,0
fundamentally_helpful,1,1,0
fundamentally_harmless,1,1,0
fundamentally_harder,1,1,0
fundamentally_happier,1,1,0
fundamentally_guilty,1,1,0
fundamentally_great,1,0,1
fundamentally_fiscal,1,1,0
fundamentally_faulty,1,1,0
fundamentally_familiar,1,1,0
fundamentally_false,1,1,0
fundamentally_extraordinary,1,0,1
fundamentally_exclusive,1,1,0
fundamentally_equipped,1,1,0
fundamentally_illegal,1,1,0
fundamentally_inclusive,1,1,0
fundamentally_mental,1,1,0
fundamentally_incongruous,1,1,0
fundamentally_materialistic,1,1,0
fundamentally_manipulative,1,1,0
fundamentally_logical,1,1,0
fundamentally_liberal,1,0,1
fundamentally_lazy,1,1,0
fundamentally_islamic,1,1,0
fundamentally_irrational,1,1,0
fundamentally_intelligent,1,1,0
fundamentally_intellectual,1,1,0
fundamentally_insolvent,1,1,0
fundamentally_inhumane,1,1,0
fundamentally_inherent,1,1,0
fundamentally_inferior,1,1,0
fundamentally_inevitable,1,1,0
fundamentally_inefficient,1,1,0
fundamentally_indistinguishable,1,1,0
fundamentally_indian,1,1,0
fundamentally_social,1,1,0
fundamentally_strategic,1,1,0
fully_scathing,1,1,0
further_marginalised,1,1,0
further_long,1,1,0
further_liable,1,1,0
further_involved,1,1,0
further_identifiable,1,1,0
further_harmful,1,1,0
further_forward,1,1,0
further_expensive,1,1,0
further_established,1,1,0
further_erotic,1,1,0
further_enormous,1,1,0
further_enlightened,1,1,0
further_east,1,1,0
further_dumb,1,1,0
further_dramatic,1,1,0
further_distant,1,1,0
further_detrimental,1,1,0
further_destabilizing,1,0,1
further_lower,1,1,0
further_menacing,1,1,0
further_depressed,1,1,0
further_mistaken,1,1,0
further_unbalanced,1,1,0
further_true,1,1,0
further_treatable,1,1,0
further_tolerant,1,1,0
further_tight,1,1,0
further_terrifying,1,0,1
further_tantalizing,1,1,0
further_surprised,1,1,0
further_south,1,1,0
further_responsible,1,1,0
further_recyclable,1,1,0
further_qualified,1,1,0
further_outstanding,1,0,1
further_opposite,1,1,0
further_open,1,0,1
further_necessary,1,0,1
further_muddy,1,1,0
further_derelict,1,1,0
further_delightful,1,0,1
fundamentally_stressful,1,1,0
fundamentally_vulnerable,1,1,0
fundamentally_violent,1,1,0
fundamentally_valuable,1,1,0
fundamentally_utilitarian,1,1,0
fundamentally_useless,1,1,0
fundamentally_unusual,1,1,0
fundamentally_untrue,1,1,0
fundamentally_untenable,1,1,0
fundamentally_unsuited,1,1,0
fundamentally_unsound,1,1,0
fundamentally_unsettling,1,1,0
fundamentally_unsatisfying,1,1,0
fundamentally_unhappy,1,1,0
fundamentally_unethical,1,1,0
fundamentally_transferable,1,1,0
fundamentally_surprising,1,1,0
fundamentally_surprised,1,1,0
fundamentally_suitable,1,1,0
fundamentally_vital,1,1,0
fundamentally_weaker,1,1,0
further_degrading,1,0,1
fundamentally_whimsical,1,1,0
further_definite,1,0,1
further_dead,1,1,0
further_customary,1,1,0
further_controllable,1,1,0
further_concentrated,1,1,0
further_charitable,1,1,0
further_boring,1,1,0
further_bizarre,1,1,0
further_aware,1,1,0
furiously_unkind,1,1,0
furiously_silent,1,1,0
furiously_menacing,1,1,0
furiously_grim,1,1,0
furiously_fearsome,1,0,1
furiously_ambitious,1,0,1
fundamentally_worthless,1,1,0
fundamentally_worse,1,1,0
fundamentally_equal,1,0,1
fundamentally_enough,1,1,0
fundamentally_efficient,1,1,0
fully_vacuous,1,1,0
fully_upfront,1,1,0
fully_unwelcome,1,1,0
fully_unwarranted,1,1,0
fully_unstructured,1,1,0
fully_unrealistic,1,1,0
fully_unreal,1,1,0
fully_unprepared,1,1,0
fully_unobtrusive,1,1,0
fully_unknown,1,1,0
fully_uninsured,1,1,0
fully_uninformed,1,1,0
fully_unhappy,1,1,0
fully_unfit,1,1,0
fully_unexpected,1,1,0
fully_unenforceable,1,1,0
fully_unchecked,1,1,0
fully_unchanged,1,1,0
fully_useable,1,1,0
fully_versatile,1,1,0
fully_typical,1,1,0
fully_virtual,1,1,0
functionally_brilliant,1,1,0
functionally_beneficial,1,1,0
functionally_awesome,1,1,0
functionally_analogous,1,1,0
functionally_accessible,1,1,0
fully_zany,1,0,1
fully_worthwhile,1,1,0
fully_widespread,1,1,0
fully_wide,1,1,0
fully_wet,1,1,0
fully_western,1,1,0
fully_wearable,1,1,0
fully_washable,1,1,0
fully_warm,1,1,0
fully_walkable,1,1,0
fully_vulnerable,1,1,0
fully_vocal,1,1,0
fully_unbiased,1,1,0
fully_turkish,1,1,0
fundamentally_effective,1,1,0
fully_strong,1,1,0
fully_spherical,1,1,0
fully_special,1,1,0
fully_socialist,1,1,0
fully_social,1,1,0
fully_skeptical,1,1,0
fully_simple,1,1,0
fully_silly,1,1,0
fully_short-sighted,1,1,0
fully_sexy,1,1,0
fully_serviceable,1,1,0
fully_sensible,1,1,0
fully_selfish,1,1,0
fully_selective,1,1,0
fully_secondary,1,1,0
fully_seamless,1,1,0
fully_sculptural,1,1,0
fully_sceptical,1,1,0
fully_spiritual,1,1,0
fully_structural,1,1,0
fully_triumphant,1,1,0
fully_submissive,1,1,0
fully_trendy,1,1,0
fully_translucent,1,1,0
fully_tiring,1,1,0
fully_thrilled,1,1,0
fully_thoughtful,1,1,0
fully_thorough,1,1,0
fully_thick,1,1,0
fully_thankful,1,1,0
fully_terrible,1,1,0
fully_technological,1,1,0
fully_sympathetic,1,1,0
fully_sweet,1,1,0
fully_surreal,1,1,0
fully_surprised,1,1,0
fully_superior,1,1,0
fully_substantial,1,1,0
fully_subordinate,1,1,0
functionally_capable,1,1,0
functionally_comparable,1,1,0
functionally_compatible,1,1,0
fundamentally_contradictory,1,0,1
fundamentally_confused,1,1,0
fundamentally_committed,1,1,0
fundamentally_comfortable,1,1,0
fundamentally_characteristic,1,1,0
fundamentally_challenging,1,1,0
fundamentally_capable,1,1,0
fundamentally_bothersome,1,1,0
fundamentally_boring,1,1,0
fundamentally_beautiful,1,1,0
fundamentally_bankrupt,1,1,0
fundamentally_aware,1,1,0
fundamentally_averse,1,1,0
fundamentally_artificial,1,1,0
fundamentally_apparent,1,1,0
fundamentally_antithetical,1,1,0
fundamentally_anti-gay,1,1,0
fundamentally_anti-democratic,1,1,0
fundamentally_confusing,1,1,0
fundamentally_costly,1,1,0
functionally_complex,1,1,0
fundamentally_crazier,1,1,0
fundamentally_educational,1,1,0
fundamentally_economic,1,1,0
fundamentally_eccentric,1,1,0
fundamentally_driven,1,1,0
fundamentally_dormant,1,1,0
fundamentally_disruptive,1,1,0
fundamentally_disinterested,1,1,0
fundamentally_dishonest,1,1,0
fundamentally_directional,1,1,0
fundamentally_dependable,1,1,0
fundamentally_delicious,1,1,0
fundamentally_defective,1,1,0
fundamentally_deaf,1,1,0
fundamentally_dangerous,1,1,0
fundamentally_crude,1,1,0
fundamentally_critical,1,1,0
fundamentally_creative,1,1,0
fundamentally_antagonistic,1,1,0
fundamentally_amiss,1,0,1
fundamentally_amenable,1,1,0
fundamentally_adversarial,1,1,0
functionally_mature,1,1,0
functionally_intuitive,1,1,0
functionally_inferior,1,1,0
functionally_independent,1,1,0
functionally_impressive,1,1,0
functionally_immediate,1,1,0
functionally_iffy,1,0,1
functionally_ideal,1,1,0
functionally_flawless,1,1,0
functionally_feasible,1,1,0
functionally_equal,1,1,0
functionally_efficient,1,1,0
functionally_distinguishable,1,1,0
functionally_detrimental,1,1,0
functionally_dependable,1,1,0
functionally_dead,1,1,0
functionally_correct,1,1,0
functionally_morbid,1,1,0
functionally_obedient,1,1,0
functionally_perfect,1,1,0
functionally_significant,1,1,0
fundamentally_accurate,1,1,0
functionally_worse,1,1,0
functionally_unrelated,1,1,0
functionally_troublesome,1,1,0
functionally_stable,1,1,0
functionally_sound,1,1,0
functionally_smaller,1,1,0
functionally_separate,1,1,0
functionally_pleasing,1,1,0
functionally_rich,1,1,0
functionally_rewarding,1,1,0
functionally_proper,1,1,0
functionally_profitable,1,1,0
functionally_proficient,1,1,0
functionally_primitive,1,0,1
functionally_practical,1,1,0
frighteningly_indicative,1,1,0
frighteningly_fragile,1,1,0
fast_puny,1,1,0
firmly_convinced,1,1,0
firmly_bankable,1,1,0
firmly_aware,1,1,0
finely_enough,1,1,0
finely_cut,1,1,0
finely_controllable,1,1,0
finely_attuned,1,1,0
financially_wrong,1,0,1
financially_wasteful,1,1,0
financially_vigilant,1,1,0
financially_victorious,1,1,0
financially_valid,1,1,0
financially_unhealthy,1,1,0
financially_unfortunate,1,1,0
financially_unaffordable,1,1,0
financially_troublesome,1,1,0
financially_troubled,1,1,0
financially_tight,1,1,0
firmly_comfortable,1,1,0
firmly_impressed,1,1,0
financially_suspect,1,1,0
firmly_loyal,1,1,0
first_eccentric,1,1,0
first_easy,1,1,0
first_eager,1,1,0
first_distinguishable,1,1,0
first_discerning,1,1,0
first_conscious,1,1,0
first_big,1,1,0
first_best,1,1,0
first_apologetic,1,1,0
first_afraid,1,1,0
firmly_thick,1,1,0
firmly_supportive,1,1,0
firmly_ready,1,1,0
firmly_protective,1,1,0
firmly_pro-life,1,1,0
firmly_pro-choice,1,1,0
firmly_organic,1,1,0
financially_threatening,1,1,0
financially_structured,1,1,0
first_familiar,1,1,0
financially_optimal,1,1,0
financially_observant,1,1,0
financially_nimble,1,1,0
financially_much,1,1,0
financially_missing,1,0,1
financially_meaningful,1,1,0
financially_mature,1,1,0
financially_marketable,1,1,0
financially_marginal,1,1,0
financially_manageable,1,1,0
financially_maintainable,1,1,0
financially_ludicrous,1,1,0
financially_lucky,1,1,0
financially_logical,1,1,0
financially_liquid,1,1,0
financially_knowledgeable,1,1,0
financially_irrational,1,1,0
financially_insignificant,1,1,0
financially_oppressive,1,1,0
financially_painful,1,1,0
financially_stellar,1,1,0
financially_painless,1,1,0
financially_skilled,1,1,0
financially_simpler,1,1,0
financially_simple,1,1,0
financially_sick,1,1,0
financially_sensitive,1,1,0
financially_satisfying,1,1,0
financially_respectful,1,1,0
financially_resilient,1,1,0
financially_reassuring,1,1,0
financially_rational,1,1,0
financially_punitive,1,1,0
financially_proficient,1,1,0
financially_prejudicial,1,1,0
financially_preferable,1,1,0
financially_practicable,1,1,0
financially_powerful,1,1,0
financially_past,1,1,0
first_eligible,1,1,0
first_famous,1,1,0
fiscally_superior,1,1,0
fiscally_insignificant,1,1,0
fiscally_inconvenient,1,1,0
fiscally_impossible,1,1,0
fiscally_important,1,1,0
fiscally_helpful,1,1,0
fiscally_expensive,1,1,0
fiscally_disciplined,1,1,0
fiscally_damaging,1,1,0
fiscally_costly,1,1,0
fiscally_competitive,1,1,0
fiscally_cautious,1,1,0
fiscally_capable,1,1,0
fiscally_candid,1,1,0
fiscally_beneficial,1,1,0
fiscally_bankrupt,1,1,0
fiscally_bad,1,1,0
fiscally_aware,1,1,0
fiscally_available,1,1,0
fiscally_independent,1,1,0
fiscally_intelligent,1,1,0
fiscally_alone,1,1,0
fiscally_interesting,1,1,0
fiscally_successful,1,1,0
fiscally_solid,1,1,0
fiscally_sensible,1,0,1
fiscally_self-sufficient,1,1,0
fiscally_savvy,1,1,0
fiscally_safe,1,1,0
fiscally_pure,1,1,0
fiscally_punitive,1,1,0
fiscally_practicable,1,1,0
fiscally_powerless,1,1,0
fiscally_positive,1,0,1
fiscally_nutritious,1,1,0
fiscally_normal,1,1,0
fiscally_necessary,1,1,0
fiscally_justifiable,1,1,0
fiscally_irrational,1,1,0
fiscally_invincible,1,1,0
fiscally_attractive,1,1,0
fiscally_advantageous,1,1,0
first_gay,1,1,0
first_personal,1,1,0
first_noticeable,1,1,0
first_nervous,1,1,0
first_major,1,1,0
first_lower,1,1,0
first_literate,1,1,0
first_lethal,1,1,0
first_large,1,1,0
first_interesting,1,1,0
first_interested,1,1,0
first_inspiring,1,1,0
first_inclined,1,1,0
first_hungry,1,1,0
first_humbling,1,1,0
first_human,1,1,0
first_happy,1,1,0
first_great,1,1,0
first_grateful,1,1,0
first_passionate,1,1,0
first_physical,1,1,0
fiscally_absurd,1,1,0
first_pleased,1,1,0
first_unhappy,1,1,0
first_unfavorable,1,1,0
first_troubling,1,1,0
first_thankful,1,1,0
first_successful,1,1,0
first_stunning,1,1,0
first_stable,1,1,0
first_specific,1,1,0
first_single,1,1,0
first_simple,1,1,0
first_sexual,1,1,0
first_safe,1,1,0
first_rude,1,1,0
first_ready,1,1,0
first_profitable,1,1,0
first_present,1,1,0
first_possible,1,1,0
financially_insecure,1,1,0
financially_inclusive,1,1,0
financially_impossible,1,1,0
fiercely_interested,1,1,0
fiercely_ideological,1,1,0
fiercely_fashionable,1,1,0
fiercely_enough,1,1,0
fiercely_economical,1,1,0
fiercely_creative,1,1,0
fiercely_bitter,1,1,0
fiercely_angry,1,1,0
fiercely_adaptable,1,1,0
fiendishly_triumphant,1,0,1
fiendishly_smart,1,1,0
fiendishly_intelligent,1,1,0
fiendishly_hot,1,1,0
fiendishly_good,1,1,0
fiendishly_fresh,1,1,0
fiendishly_catchy,1,1,0
fewer_aggressive,1,1,0
ferociously_scary,1,1,0
fiercely_individualistic,1,1,0
fiercely_intolerant,1,1,0
ferociously_hot,1,1,0
fiercely_liberal,1,1,0
finally_compatible,1,1,0
finally_comfortable,1,1,0
finally_clean,1,1,0
finally_capable,1,1,0
finally_believable,1,1,0
finally_answerable,1,1,0
finally_acceptable,1,1,0
fiercely_wild,1,1,0
fiercely_tenacious,1,1,0
fiercely_talented,1,1,0
fiercely_sunny,1,1,0
fiercely_steep,1,0,1
fiercely_serious,1,1,0
fiercely_resolute,1,1,0
fiercely_religious,1,1,0
fiercely_reasonable,1,1,0
fiercely_possessive,1,1,0
ferociously_hungry,1,1,0
ferociously_fun,1,1,0
financially_important,1,1,0
fatally_large,1,1,0
fatally_incriminating,1,0,1
fatally_inconsistent,1,1,0
fatally_important,1,1,0
fatally_harmful,1,1,0
fatally_distracting,1,1,0
fatally_dispiriting,1,0,1
fatally_close,1,1,0
fatally_brutal,1,1,0
fatally_benevolent,1,1,0
fatally_awful,1,1,0
faster_most,1,1,0
faster_chilling,1,1,0
fast_uphill,1,1,0
fast_true,1,1,0
fast_sweaty,1,1,0
fast_sufficient,1,1,0
fast_simple,1,0,1
fatally_insufficient,1,1,0
fatally_misunderstood,1,1,0
ferociously_fast,1,1,0
fatally_nihilistic,1,1,0
ferociously_entertaining,1,1,0
ferociously_dead,1,0,1
ferociously_competitive,1,1,0
ferociously_charismatic,1,1,0
ferociously_boring,1,1,0
ferociously_ambitious,1,1,0
federally_specific,1,1,0
federally_exempt,1,1,0
federally_enforceable,1,1,0
federally_deductible,1,1,0
federally_compliant,1,1,0
fatally_threatening,1,1,0
fatally_speculative,1,1,0
fatally_shy,1,1,0
fatally_short,1,1,0
fatally_severe,1,1,0
fatally_repulsive,1,1,0
finally_compelling,1,1,0
finally_confused,1,1,0
finally_convincing,1,1,0
financially_dominant,1,1,0
financially_distressing,1,1,0
financially_distressed,1,1,0
financially_dicey,1,1,0
financially_desperate,1,1,0
financially_demanding,1,1,0
financially_delinquent,1,1,0
financially_dangerous,1,1,0
financially_criminal,1,1,0
financially_cost-effective,1,1,0
financially_convincing,1,1,0
financially_conservative,1,1,0
financially_conducive,1,1,0
financially_complicated,1,0,1
financially_compliant,1,1,0
financially_competent,1,1,0
financially_compelling,1,1,0
financially_closed,1,1,0
financially_do-able,1,1,0
financially_easier,1,1,0
finally_correct,1,1,0
financially_economical,1,1,0
financially_impartial,1,1,0
financially_impactful,1,1,0
financially_ignorant,1,1,0
financially_hurtful,1,1,0
financially_huge,1,1,0
financially_healthier,1,1,0
financially_hard,1,1,0
financially_happy,1,1,0
financially_happier,1,1,0
financially_gratifying,1,1,0
financially_functional,1,1,0
financially_frail,1,1,0
financially_formidable,1,1,0
financially_fiscal,1,1,0
financially_fearful,1,1,0
financially_equal,1,1,0
financially_embarrassed,1,1,0
financially_challenging,1,1,0
financially_broken,1,1,0
financially_big,1,1,0
financially_available,1,1,0
finally_receptive,1,1,0
finally_readable,1,1,0
finally_possible,1,1,0
finally_perfect,1,1,0
finally_official,1,1,0
finally_obscene,1,1,0
finally_interested,1,1,0
finally_interchangeable,1,1,0
finally_intellectual,1,1,0
finally_independent,1,1,0
finally_impossible,1,1,0
finally_hospitable,1,1,0
finally_honest,1,1,0
finally_feasible,1,1,0
finally_famous,1,1,0
finally_exclusive,1,1,0
finally_enough,1,1,0
finally_right,1,1,0
finally_safe,1,1,0
finally_satisfactory,1,1,0
finally_violent,1,1,0
financially_appealing,1,1,0
financially_alarming,1,1,0
financially_ailing,1,1,0
financially_adept,1,1,0
financially_achievable,1,1,0
financially_acceptable,1,1,0
finally_welcome,1,1,0
finally_true,1,1,0
finally_satisfying,1,1,0
finally_tragic,1,1,0
finally_sweet,1,1,0
finally_supportive,1,1,0
finally_subject,1,1,0
finally_sterile,1,1,0
finally_stable,1,1,0
finally_sick,1,1,0
fiscally_suicidal,1,1,0
fiscally_tangible,1,1,0
frighteningly_false,1,1,0
freakishly_unusual,1,1,0
freakishly_smart,1,1,0
freakishly_similar,1,1,0
freakishly_sensitive,1,1,0
freakishly_protective,1,1,0
freakishly_orange,1,1,0
freakishly_obedient,1,1,0
freakishly_new,1,1,0
freakishly_long,1,1,0
freakishly_light,1,1,0
freakishly_impressive,1,1,0
freakishly_hot,1,1,0
freakishly_high,1,1,0
freakishly_good,1,0,1
freakishly_emotional,1,1,0
freakishly_easy,1,1,0
freakishly_different,1,1,0
freakishly_confusing,1,1,0
freakishly_taut,1,1,0
freakishly_white,1,1,0
freakishly_bright,1,1,0
freely_able,1,1,0
frequently_apparent,1,1,0
frequently_accessible,1,1,0
frequently_abundant,1,1,0
freely_religious,1,1,0
freely_permeable,1,1,0
freely_mobile,1,1,0
freely_marketable,1,1,0
freely_independent,1,1,0
freely_happy,1,1,0
freely_forthcoming,1,1,0
freely_expressive,1,1,0
freely_enough,1,1,0
freely_endangered,1,1,0
freely_editable,1,1,0
freely_creative,1,1,0
freely_attainable,1,1,0
freely_adjustable,1,1,0
freakishly_clean,1,1,0
freakishly_accurate,1,1,0
frequently_aware,1,1,0
frankly_fantastic,1,1,0
frankly_existential,1,1,0
frankly_erotic,1,1,0
frankly_enough,1,1,0
frankly_embarrassing,1,1,0
frankly_devoid,1,1,0
frankly_deranged,1,1,0
frankly_convincing,1,1,0
frankly_cancerous,1,1,0
frankly_brutal,1,1,0
frankly_atrocious,1,1,0
frankly_appalled,1,1,0
frankly_anti-democratic,1,1,0
frankly_acrimonious,1,1,0
fortunately_enough,1,1,0
fortunately_absent,1,1,0
formerly_skilled,1,1,0
formerly_prominent,1,1,0
frankly_experimental,1,0,1
frankly_hostile,1,1,0
frankly_worried,1,1,0
frankly_illegal,1,1,0
frankly_useful,1,1,0
frankly_thematic,1,1,0
frankly_terrifying,1,1,0
frankly_technical,1,0,1
frankly_surprised,1,1,0
frankly_sure,1,1,0
frankly_smart,1,1,0
frankly_silly,1,1,0
frankly_sexual,1,1,0
frankly_repulsive,1,1,0
frankly_reasonable,1,1,0
frankly_protectionist,1,1,0
frankly_political,1,1,0
frankly_obscene,1,1,0
frankly_murderous,1,1,0
frankly_interested,1,1,0
frankly_impressed,1,1,0
frequently_appropriate,1,1,0
frequently_awful,1,1,0
fiscally_unattainable,1,1,0
fresh_sick,1,1,0
fresh_high,1,1,0
fresh_fresh,1,1,0
fresh_dead,1,1,0
fresh_cut,1,1,0
frequently_weak,1,1,0
frequently_vulgar,1,1,0
frequently_visible,1,1,0
frequently_violent,1,1,0
frequently_unhappy,1,1,0
frequently_tired,1,1,0
frequently_terrific,1,1,0
frequently_tedious,1,1,0
frequently_sufficient,1,1,0
frequently_successful,1,1,0
frequently_subject,1,1,0
frequently_stunning,1,1,0
frequently_sober,1,1,0
fresh_new,1,1,0
freshly_clean,1,1,0
frequently_simplistic,1,1,0
freshly_familiar,1,1,0
frighteningly_expensive,1,0,1
frighteningly_evident,1,1,0
frighteningly_enthusiastic,1,1,0
frighteningly_effective,1,1,0
frighteningly_contemporary,1,1,0
frighteningly_complex,1,1,0
frighteningly_common,1,1,0
frighteningly_cold,1,1,0
frighteningly_close,1,1,0
frighteningly_clear,1,1,0
frighteningly_callous,1,1,0
frighteningly_acute,1,0,1
freshly_young,1,1,0
freshly_organic,1,1,0
freshly_mixed,1,1,0
freshly_innovative,1,1,0
freshly_hilarious,1,1,0
frequently_sloppy,1,1,0
frequently_rude,1,1,0
frequently_awkward,1,1,0
frequently_funny,1,1,0
frequently_frustrating,1,1,0
frequently_expensive,1,1,0
frequently_exhausting,1,1,0
frequently_enthusiastic,1,1,0
frequently_efficient,1,1,0
frequently_effective,1,1,0
frequently_dry,1,1,0
frequently_drunk,1,1,0
frequently_disturbing,1,1,0
frequently_delicious,1,1,0
frequently_creative,1,1,0
frequently_confident,1,1,0
frequently_conducive,1,1,0
frequently_conceivable,1,1,0
frequently_certain,1,1,0
frequently_bizarre,1,1,0
frequently_better,1,1,0
frequently_full,1,1,0
frequently_graphic,1,1,0
frequently_reluctant,1,1,0
frequently_helpful,1,1,0
frequently_privy,1,1,0
frequently_prevalent,1,1,0
frequently_possible,1,1,0
frequently_particular,1,1,0
frequently_overpowering,1,1,0
frequently_open,1,1,0
frequently_observable,1,1,0
frequently_noticeable,1,1,0
frequently_necessary,1,1,0
frequently_naked,1,1,0
frequently_lower,1,1,0
frequently_life-threatening,1,1,0
frequently_lethal,1,1,0
frequently_intriguing,1,1,0
frequently_inexpensive,1,1,0
frequently_incompetent,1,1,0
frequently_ill,1,1,0
formerly_possible,1,1,0
formerly_great,1,1,0
formerly_eligible,1,1,0
forever_essential,1,1,0
forever_endangered,1,1,0
forever_effective,1,1,0
forever_current,1,1,0
forever_correct,1,1,0
forever_constant,1,1,0
forever_conclusive,1,1,0
forever_captive,1,1,0
forever_busy,1,1,0
forever_bright,1,1,0
forever_black,1,1,0
forever_ambiguous,1,1,0
forever_alive,1,1,0
forever_abundant,1,1,0
forever_able,1,1,0
foremost_skilled,1,1,0
foremost_powerful,1,1,0
foremost_fashionable,1,1,0
forever_enduring,1,1,0
forever_extremist,1,1,0
foremost_effective,1,1,0
forever_fraught,1,1,0
forever_reliant,1,1,0
forever_relevant,1,1,0
forever_potential,1,1,0
forever_marginalized,1,1,0
forever_malleable,1,1,0
forever_lasting,1,1,0
forever_jaded,1,0,1
forever_irresistible,1,1,0
forever_invisible,1,1,0
forever_insensitive,1,1,0
forever_inaccessible,1,1,0
forever_impossible,1,1,0
forever_immune,1,1,0
forever_ignorant,1,1,0
forever_grateful,1,1,0
forever_gracious,1,1,0
forever_free,1,1,0
foremost_enticing,1,1,0
foremost_economical,1,1,0
formerly_communist,1,1,0
flagrantly_unconstitutional,1,1,0
flagrantly_sentimental,1,1,0
flagrantly_raunchy,1,0,1
flagrantly_opportunistic,1,1,0
flagrantly_irrational,1,1,0
flagrantly_incongruous,1,1,0
flagrantly_false,1,1,0
flagrantly_excessive,1,1,0
flagrantly_dishonest,1,1,0
flagrantly_bad,1,0,1
flagrantly_anti-semitic,1,1,0
fittingly_simple,1,1,0
fittingly_malevolent,1,1,0
fittingly_dangerous,1,1,0
fiscally_wealthy,1,1,0
fiscally_urgent,1,1,0
fiscally_untenable,1,1,0
fiscally_unbalanced,1,1,0
flagrantly_stupid,1,1,0
flagrantly_unethical,1,1,0
flawlessly_total,1,1,0
flagrantly_vulgar,1,1,0
flawlessly_sweet,1,1,0
flawlessly_straight,1,1,0
flawlessly_sinful,1,1,0
flawlessly_round,1,1,0
flawlessly_regular,1,1,0
flawlessly_graceful,1,1,0
flawlessly_funny,1,1,0
flawlessly_competent,1,1,0
flatly_untrue,1,1,0
flatly_unhappy,1,1,0
flatly_unfair,1,1,0
flatly_terrifying,1,1,0
flatly_surreal,1,1,0
flatly_superior,1,1,0
flatly_impossible,1,1,0
flatly_illegal,1,1,0
flatly_fictional,1,1,0
forever_sad,1,1,0
forever_serious,1,1,0
forever_steady,1,1,0
formally_right,1,1,0
formally_regarded,1,1,0
formally_recognizable,1,1,0
formally_ready,1,1,0
formally_radical,1,1,0
formally_privileged,1,1,0
formally_political,1,1,0
formally_perfunctory,1,1,0
formally_over,1,1,0
formally_outrageous,1,0,1
formally_operational,1,1,0
formally_official,1,1,0
formally_mortal,1,1,0
formally_more,1,1,0
formally_military,1,1,0
formally_literate,1,1,0
formally_likely,1,1,0
formally_irrational,1,0,1
formally_related,1,1,0
formally_righteous,1,1,0
forever_subject,1,1,0
formally_self-sufficient,1,1,0
formerly_achievable,1,1,0
formally_welcome,1,1,0
formally_valid,1,1,0
formally_uneducated,1,1,0
formally_transcendent,1,0,1
formally_tiny,1,1,0
formally_tight,1,1,0
formally_theological,1,1,0
formally_systematic,1,1,0
formally_sufficient,1,1,0
formally_structured,1,0,1
formally_static,1,1,0
formally_sophisticated,1,1,0
formally_socialist,1,1,0
formally_simple,1,1,0
formally_shocking,1,1,0
formally_separate,1,1,0
formally_inventive,1,1,0
formally_interesting,1,1,0
formally_independent,1,1,0
formally_impossible,1,1,0
formally_astonishing,1,0,1
formally_anti-semitic,1,1,0
formally_answerable,1,1,0
formally_anonymous,1,1,0
formally_ambitious,1,1,0
formally_agile,1,1,0
formally_advisable,1,1,0
formally_acceptable,1,1,0
formally_absolute,1,1,0
forever_wrong,1,1,0
forever_vocal,1,1,0
forever_valid,1,1,0
forever_unsupported,1,1,0
forever_undone,1,1,0
forever_true,1,1,0
forever_timeless,1,1,0
forever_sustainable,1,1,0
formally_christian,1,1,0
formally_clinical,1,1,0
formally_compliant,1,1,0
formally_false,1,1,0
formally_hostile,1,1,0
formally_holy,1,1,0
formally_hereditary,1,1,0
formally_happy,1,1,0
formally_guilty,1,1,0
formally_green,1,1,0
formally_german,1,1,0
formally_experimental,1,1,0
formally_consistent,1,1,0
formally_exciting,1,1,0
formally_enough,1,1,0
formally_dogmatic,1,1,0
formally_didactic,1,1,0
formally_dependent,1,1,0
formally_democratic,1,1,0
formally_dead,1,1,0
further_unnecessary,1,1,0
further_wide,1,1,0
further_worth,1,0,1
greatly_dependent,1,1,0
greatly_creditable,1,1,0
greatly_conservative,1,1,0
greatly_confident,1,1,0
greatly_complicated,1,1,0
greatly_complex,1,1,0
greatly_common,1,1,0
greatly_celebrated,1,1,0
greatly_capable,1,1,0
greatly_aware,1,1,0
greatly_amusing,1,1,0
greatly_alarming,1,1,0
greatly_affordable,1,1,0
greatly_additional,1,1,0
gravely_unpaid,1,1,0
gravely_prejudicial,1,1,0
gravely_offensive,1,1,0
gravely_enough,1,1,0
greatly_debilitating,1,1,0
greatly_derivative,1,1,0
gravely_disappointed,1,1,0
greatly_detailed,1,1,0
greatly_funny,1,1,0
greatly_fatigued,1,1,0
greatly_faster,1,1,0
greatly_expressive,1,1,0
greatly_expansive,1,1,0
greatly_excited,1,1,0
greatly_evident,1,1,0
greatly_enjoyable,1,1,0
greatly_effective,1,1,0
greatly_diverse,1,1,0
greatly_divergent,1,1,0
greatly_disturbing,1,1,0
greatly_distressed,1,1,0
greatly_distinctive,1,0,1
greatly_disproportionate,1,1,0
greatly_disparate,1,1,0
greatly_disappointed,1,1,0
gravely_dissimilar,1,1,0
gratuitously_weird,1,1,0
greatly_great,1,1,0
gratuitously_combative,1,1,0
gratuitously_abstract,1,1,0
graphically_visible,1,1,0
graphically_talented,1,1,0
graphically_superior,1,1,0
graphically_superb,1,1,0
graphically_successful,1,1,0
graphically_subversive,1,1,0
graphically_sexy,1,1,0
graphically_sexual,1,1,0
graphically_savvy,1,1,0
graphically_robust,1,1,0
graphically_revolutionary,1,0,1
graphically_powerful,1,1,0
graphically_morbid,1,1,0
graphically_minded,1,1,0
graphically_inclined,1,1,0
graphically_hostile,1,1,0
gratuitously_aggressive,1,1,0
gratuitously_cool,1,1,0
gratuitously_vile,1,1,0
gratuitously_creepy,1,1,0
gratuitously_vicious,1,1,0
gratuitously_unpleasant,1,1,0
gratuitously_sentimental,1,0,1
gratuitously_sensational,1,1,0
gratuitously_rude,1,1,0
gratuitously_revolutionary,1,1,0
gratuitously_partisan,1,1,0
gratuitously_offensive,1,1,0
gratuitously_obscene,1,1,0
gratuitously_nostalgic,1,0,1
gratuitously_nasty,1,1,0
gratuitously_mean,1,1,0
gratuitously_inflammatory,1,1,0
gratuitously_humiliating,1,1,0
gratuitously_harsh,1,1,0
gratuitously_evil,1,1,0
gratuitously_depressing,1,1,0
greatly_good,1,1,0
greatly_hard,1,1,0
grossly_prominent,1,1,0
grossly_ineffective,1,1,0
grossly_indecent,1,1,0
grossly_incomplete,1,1,0
grossly_incompatible,1,1,0
grossly_incapable,1,1,0
grossly_implausible,1,1,0
grossly_illegal,1,1,0
grossly_hypocritical,1,1,0
grossly_hot,1,1,0
grossly_high,1,1,0
grossly_heavy,1,1,0
grossly_exploitative,1,1,0
grossly_evil,1,1,0
grossly_disrespectful,1,1,0
grossly_disappointed,1,1,0
grossly_detailed,1,1,0
grossly_cruel,1,1,0
grossly_conflicting,1,1,0
grossly_indulgent,1,1,0
grossly_inept,1,1,0
grimly_unhinged,1,1,0
grossly_inferior,1,1,0
grossly_preachy,1,1,0
grossly_physical,1,1,0
grossly_overworked,1,1,0
grossly_oversold,1,1,0
grossly_overgrown,1,1,0
grossly_overcrowded,1,1,0
grossly_outdated,1,1,0
grossly_opportunistic,1,1,0
grossly_nauseating,1,1,0
grossly_narcissistic,1,1,0
grossly_malicious,1,1,0
grossly_lopsided,1,1,0
grossly_large,1,0,1
grossly_invasive,1,1,0
grossly_insulting,1,1,0
grossly_insufficient,1,1,0
grossly_insecure,1,1,0
grossly_absurd,1,1,0
grimly_uncompromising,1,1,0
greatly_hotter,1,1,0
greatly_rich,1,1,0
greatly_reliable,1,1,0
greatly_regional,1,1,0
greatly_possible,1,1,0
greatly_political,1,1,0
greatly_pleasing,1,1,0
greatly_pathetic,1,1,0
greatly_overweight,1,1,0
greatly_optimal,1,1,0
greatly_open,1,1,0
greatly_older,1,1,0
greatly_noticeable,1,1,0
greatly_malleable,1,1,0
greatly_interesting,1,1,0
greatly_innovative,1,1,0
greatly_informative,1,1,0
greatly_indignant,1,1,0
greatly_imaginative,1,1,0
greatly_responsible,1,1,0
greatly_righteous,1,1,0
grimly_uncertain,1,1,0
greatly_sexy,1,1,0
grimly_stoic,1,1,0
grimly_funny,1,1,0
grimly_authoritative,1,1,0
greatly_wrong,1,0,1
greatly_welcome,1,1,0
greatly_valuable,1,1,0
greatly_usable,1,1,0
greatly_upset,1,1,0
greatly_unequal,1,1,0
greatly_under-reported,1,1,0
greatly_uncommon,1,1,0
greatly_uncomfortable,1,1,0
greatly_supportive,1,1,0
greatly_social,1,1,0
greatly_skewed,1,1,0
greatly_similar,1,1,0
greatly_shocking,1,1,0
graphically_horrible,1,1,0
graphically_harsh,1,1,0
graphically_gruesome,1,1,0
gloriously_implausible,1,1,0
gloriously_heroic,1,1,0
gloriously_good,1,1,0
gloriously_firm,1,1,0
gloriously_female,1,1,0
gloriously_evident,1,1,0
gloriously_close,1,1,0
gloriously_beautiful,1,0,1
gloriously_bad,1,1,0
gloriously_altruistic,1,1,0
globally_widespread,1,1,0
globally_visible,1,1,0
globally_valid,1,1,0
globally_uniform,1,1,0
globally_threatening,1,1,0
globally_systemic,1,1,0
globally_sustainable,1,1,0
globally_successful,1,1,0
gloriously_impassioned,1,1,0
gloriously_interesting,1,1,0
globally_searchable,1,1,0
gloriously_intricate,1,1,0
goddamn_anxious,1,1,0
goddamn_annoying,1,1,0
goddamn_agile,1,1,0
goddamn_adorable,1,1,0
goddamn_addicted,1,1,0
gloriously_varied,1,1,0
gloriously_triumphant,1,1,0
gloriously_trashy,1,1,0
gloriously_sunny,1,1,0
gloriously_slimy,1,1,0
gloriously_silly,1,1,0
gloriously_retro,1,1,0
gloriously_reckless,1,1,0
gloriously_nonsensical,1,1,0
gloriously_lazy,1,1,0
gloriously_lavish,1,1,0
gloriously_large,1,1,0
globally_stable,1,1,0
globally_richer,1,1,0
graphically_forward,1,1,0
globally_aware,1,1,0
gleefully_open,1,1,0
gleefully_mercurial,1,1,0
gleefully_macabre,1,1,0
gleefully_evil,1,1,0
gleefully_enjoyable,1,1,0
gleefully_creative,1,1,0
gleefully_chaotic,1,1,0
gleefully_blasphemous,1,1,0
glaringly_white,1,1,0
glaringly_vulnerable,1,1,0
glaringly_true,1,1,0
glaringly_strange,1,0,1
glaringly_stereotypical,1,1,0
glaringly_snarky,1,1,0
glaringly_showy,1,1,0
glaringly_relevant,1,1,0
glaringly_prophetic,1,1,0
gleefully_vicious,1,1,0
globally_bad,1,1,0
globally_representative,1,1,0
globally_compliant,1,1,0
globally_renowned,1,1,0
globally_relevant,1,1,0
globally_relatable,1,1,0
globally_readable,1,1,0
globally_present,1,1,0
globally_pervasive,1,1,0
globally_optimal,1,1,0
globally_minded,1,1,0
globally_marketable,1,1,0
globally_interested,1,1,0
globally_influential,1,1,0
globally_inevitable,1,1,0
globally_inclusive,1,1,0
globally_famous,1,1,0
globally_extinct,1,1,0
globally_dominant,1,1,0
globally_distinctive,1,0,1
goddamn_awful,1,1,0
goddamn_awkward,1,1,0
goddamn_boring,1,1,0
grammatically_improper,1,0,1
grammatically_good,1,1,0
grammatically_flawless,1,1,0
grammatically_flawed,1,1,0
grammatically_equivalent,1,1,0
grammatically_difficult,1,1,0
grammatically_different,1,1,0
grammatically_complete,1,1,0
grammatically_better,1,1,0
grammatically_appropriate,1,1,0
grammatically_acceptable,1,1,0
gradually_more,1,1,0
gradually_impressed,1,1,0
gorgeously_sexy,1,1,0
gorgeously_moist,1,1,0
gorgeously_infuriating,1,1,0
gorgeously_gritty,1,1,0
gorgeously_golden,1,1,0
grammatically_heinous,1,1,0
grammatically_jarring,1,1,0
goddamn_bright,1,1,0
grammatically_ok,1,1,0
graphically_fantastic,1,1,0
graphically_extensible,1,1,0
graphically_explicit,1,1,0
graphically_excruciating,1,1,0
graphically_exciting,1,1,0
graphically_complex,1,1,0
graphically_coherent,1,1,0
graphically_clearer,1,1,0
graphically_chilling,1,1,0
graphically_bold,1,1,0
graphically_awesome,1,1,0
grammatically_separate,1,1,0
grammatically_related,1,1,0
grammatically_proper,1,1,0
grammatically_permissible,1,1,0
grammatically_overt,1,1,0
grammatically_orthodox,1,1,0
gorgeously_free,1,1,0
gorgeously_fabulous,1,1,0
gorgeously_epic,1,1,0
gorgeously_comforting,1,1,0
goddamn_indian,1,1,0
goddamn_hot,1,1,0
goddamn_high,1,1,0
goddamn_hard,1,1,0
goddamn_happy,1,1,0
goddamn_expensive,1,1,0
goddamn_excited,1,1,0
goddamn_dramatic,1,1,0
goddamn_different,1,1,0
goddamn_depressing,1,1,0
goddamn_contentious,1,1,0
goddamn_competitive,1,1,0
goddamn_cheap,1,1,0
goddamn_chatty,1,1,0
goddamn_catchy,1,1,0
goddamn_careful,1,1,0
goddamn_brilliant,1,1,0
goddamn_inspiring,1,1,0
goddamn_lazy,1,1,0
goddamn_meaningful,1,1,0
goddamn_serious,1,1,0
gorgeously_classic,1,1,0
gorgeously_cinematic,1,1,0
goddamn_witty,1,1,0
goddamn_weird,1,1,0
goddamn_volatile,1,1,0
goddamn_unhealthy,1,1,0
goddamn_sexist,1,1,0
goddamn_sensitive,1,1,0
goddamn_old,1,0,1
goddamn_sad,1,1,0
goddamn_racist,1,1,0
goddamn_pretentious,1,1,0
goddamn_positive,1,1,0
goddamn_polite,1,1,0
goddamn_poignant,1,1,0
goddamn_perfect,1,1,0
grossly_premature,1,1,0
grossly_proportionate,1,1,0
further_wrong,1,1,0
hardly_unusual,1,1,0
hardly_uniform,1,1,0
hardly_unheard,1,1,0
hardly_true,1,1,0
hardly_trendy,1,0,1
hardly_sufficient,1,1,0
hardly_smart,1,1,0
hardly_shocking,1,1,0
hardly_routine,1,1,0
hardly_risque,1,1,0
hardly_reassuring,1,1,0
hardly_real,1,1,0
hardly_ready,1,1,0
hardly_rational,1,1,0
hardly_qualified,1,1,0
hardly_nervous,1,1,0
hardly_liberal,1,1,0
hardly_irreplaceable,1,1,0
hardly_unsurprising,1,1,0
hardly_victorian,1,1,0
hardly_impressive,1,1,0
hardly_wide,1,1,0
hauntingly_compelling,1,0,1
hauntingly_captivating,1,1,0
harshly_yellow,1,1,0
harshly_unique,1,1,0
harshly_tannic,1,1,0
harshly_stimulating,1,1,0
harshly_sobering,1,1,0
harshly_salty,1,1,0
harshly_offensive,1,0,1
harshly_nightmarish,1,1,0
harshly_negative,1,1,0
harshly_intrusive,1,1,0
harshly_enough,1,1,0
harshly_divisive,1,1,0
harshly_conservative,1,1,0
harshly_clinical,1,1,0
harshly_abrasive,1,1,0
hardly_infallible,1,1,0
hardly_important,1,1,0
hauntingly_neutral,1,1,0
hard_thin,1,1,0
hard_sufficient,1,1,0
hard_stable,1,1,0
hard_smooth,1,1,0
hard_shocked,1,1,0
hard_more,1,1,0
hard_lucky,1,1,0
hard_good,1,1,0
hard_fast,1,1,0
hard_easy,1,0,1
hard_conservative,1,1,0
hard_circular,1,1,0
hard_adequate,1,1,0
happily_willing,1,1,0
happily_unemployed,1,1,0
happily_true,1,1,0
happily_romantic,1,1,0
happily_queer,1,1,0
hard_technical,1,1,0
hardly_accurate,1,1,0
hardly_implausible,1,1,0
hardly_agile,1,1,0
hardly_human,1,1,0
hardly_helpful,1,1,0
hardly_groundbreaking,1,1,0
hardly_frequent,1,1,0
hardly_evident,1,1,0
hardly_effective,1,1,0
hardly_dim,1,1,0
hardly_different,1,0,1
hardly_decrepit,1,1,0
hardly_dead,1,1,0
hardly_cozy,1,1,0
hardly_conceivable,1,1,0
hardly_closer,1,1,0
hardly_aware,1,1,0
hardly_available,1,1,0
hardly_attractive,1,1,0
hardly_american,1,1,0
hauntingly_exquisite,1,1,0
hauntingly_original,1,1,0
grossly_shocked,1,1,0
heavily_pigmented,1,1,0
heavily_philosophical,1,1,0
heavily_personal,1,1,0
heavily_overdone,1,1,0
heavily_overbearing,1,1,0
heavily_organic,1,1,0
heavily_online,1,1,0
heavily_nice,1,1,0
heavily_muscular,1,1,0
heavily_malty,1,1,0
heavily_male-dominated,1,1,0
heavily_male,1,1,0
heavily_local,1,1,0
heavily_likely,1,1,0
heavily_kurdish,1,1,0
heavily_intoxicated,1,1,0
heavily_interwoven,1,1,0
heavily_interesting,1,1,0
heavily_physical,1,1,0
heavily_pink,1,1,0
heavily_interdependent,1,1,0
heavily_problematic,1,1,0
heavily_textured,1,1,0
heavily_tannic,1,1,0
heavily_swollen,1,1,0
heavily_supportive,1,1,0
heavily_stereotypical,1,1,0
heavily_social,1,1,0
heavily_sexist,1,1,0
heavily_secular,1,1,0
heavily_russian,1,1,0
heavily_responsible,1,1,0
heavily_religious,1,1,0
heavily_related,1,1,0
heavily_random,1,1,0
heavily_quantitative,1,1,0
heavily_qualified,1,1,0
heavily_psychological,1,1,0
heavily_productive,1,1,0
heavily_interested,1,1,0
heavily_ingrained,1,0,1
hauntingly_terrifying,1,1,0
heavily_carcinogenic,1,1,0
heavily_awash,1,1,0
heavily_available,1,1,0
heavily_autobiographical,1,1,0
heavily_atmospheric,1,1,0
heavily_asleep,1,1,0
heavily_armored,1,1,0
heavily_african,1,1,0
heavily_addictive,1,1,0
heartbreakingly_true,1,1,0
heartbreakingly_right,1,1,0
heartbreakingly_realistic,1,1,0
heartbreakingly_close,1,1,0
heartbreakingly_clear,1,1,0
heartbreakingly_beautiful,1,1,0
hauntingly_wonderful,1,1,0
hauntingly_true,1,1,0
hauntingly_tragic,1,1,0
heavily_black,1,1,0
heavily_catholic,1,1,0
heavily_influential,1,1,0
heavily_clad,1,1,0
heavily_impressed,1,1,0
heavily_hyped,1,1,0
heavily_hispanic,1,1,0
heavily_hierarchical,1,1,0
heavily_green,1,1,0
heavily_great,1,1,0
heavily_glossy,1,1,0
heavily_fraudulent,1,1,0
heavily_fragrant,1,1,0
heavily_european,1,1,0
heavily_ethical,1,1,0
heavily_digital,1,1,0
heavily_didactic,1,1,0
heavily_detrimental,1,1,0
heavily_dependant,1,1,0
heavily_conservative,1,1,0
heavily_clinical,1,1,0
happily_preposterous,1,1,0
happily_old,1,1,0
happily_impressed,1,1,0
habitually_wasteful,1,1,0
habitually_sinful,1,1,0
habitually_shy,1,1,0
habitually_present,1,1,0
habitually_mobile,1,1,0
habitually_lofty,1,1,0
habitually_late,1,1,0
habitually_hostile,1,1,0
habitually_ferocious,1,1,0
habitually_drunk,1,1,0
habitually_cruel,1,1,0
habitually_contrite,1,1,0
habitually_careful,1,1,0
habitually_accessible,1,1,0
habitually_able,1,1,0
grotesquely_wrong,1,1,0
grotesquely_violent,1,0,1
grotesquely_untrue,1,1,0
habitually_violent,1,1,0
half_afraid,1,1,0
grotesquely_rich,1,1,0
half_african,1,1,0
half_dainty,1,1,0
half_crazy,1,1,0
half_crappy,1,1,0
half_corrupt,1,1,0
half_correct,1,1,0
half_cool,1,1,0
half_convincing,1,1,0
half_chuffed,1,1,0
half_cheaper,1,1,0
half_capitalist,1,1,0
half_busy,1,1,0
half_bright,1,1,0
half_boring,1,1,0
half_black,1,1,0
half_aware,1,1,0
half_annoying,1,1,0
half_agile,1,1,0
grotesquely_swollen,1,1,0
grotesquely_repulsive,1,1,0
happily_ignorant,1,1,0
grossly_unqualified,1,1,0
grossly_unprepared,1,1,0
grossly_unjust,1,1,0
grossly_unhealthy,1,1,0
grossly_unhappy,1,1,0
grossly_unforeseen,1,0,1
grossly_unequal,1,1,0
grossly_undeveloped,1,1,0
grossly_underrepresented,1,1,0
grossly_undemocratic,1,1,0
grossly_uncomfortable,1,1,0
grossly_unbelievable,1,1,0
grossly_unaware,1,1,0
grossly_transparent,1,1,0
grossly_theatrical,1,0,1
grossly_sweet,1,1,0
grossly_significant,1,1,0
grossly_shocking,1,1,0
grossly_unprofitable,1,1,0
grossly_unrealistic,1,1,0
grotesquely_paranoid,1,1,0
grossly_unremarkable,1,1,0
grotesquely_overweight,1,1,0
grotesquely_overpaid,1,1,0
grotesquely_opportunistic,1,1,0
grotesquely_offensive,1,1,0
grotesquely_obvious,1,1,0
grotesquely_obscene,1,1,0
grotesquely_large,1,1,0
grotesquely_interesting,1,1,0
grotesquely_hypocritical,1,1,0
grotesquely_huge,1,1,0
grotesquely_guilty,1,1,0
grotesquely_fat,1,1,0
grotesquely_excessive,1,1,0
grotesquely_different,1,1,0
grossly_visible,1,1,0
grossly_verbose,1,1,0
grossly_untrue,1,1,0
half_deep,1,1,0
half_desperate,1,1,0
half_disappointed,1,1,0
halfway_blind,1,1,0
halfway_accurate,1,1,0
half_worth,1,0,1
half_willing,1,1,0
half_wild,1,1,0
half_valuable,1,1,0
half_vacant,1,1,0
half_ugly,1,1,0
half_tired,1,1,0
half_sufficient,1,1,0
half_strong,1,1,0
half_stressful,1,1,0
half_slow,1,1,0
half_slippery,1,1,0
half_shoddy,1,1,0
half_sexy,1,1,0
half_serious,1,1,0
half_satisfied,1,1,0
halfway_bad,1,0,1
halfway_close,1,1,0
half_discouraging,1,1,0
halfway_competent,1,1,0
happily_hectic,1,1,0
happily_heavy,1,1,0
happily_enough,1,1,0
happily_consistent,1,1,0
happily_busy,1,1,0
happily_available,1,1,0
halfway_whole,1,1,0
halfway_underwater,1,1,0
halfway_true,1,1,0
halfway_sane,1,0,1
halfway_religious,1,1,0
halfway_related,1,0,1
halfway_mature,1,1,0
halfway_mad,1,1,0
halfway_legit,1,1,0
halfway_interested,1,1,0
halfway_independent,1,1,0
half_sarcastic,1,1,0
half_rotten,1,1,0
half_ripe,1,1,0
half_retarded,1,1,0
half_important,1,1,0
half_honorable,1,1,0
half_harsh,1,1,0
half_great,1,1,0
half_grateful,1,1,0
half_global,1,1,0
half_gay,1,1,0
half_foolish,1,1,0
half_flamboyant,1,1,0
half_female,1,1,0
half_faint,1,0,1
half_expressive,1,1,0
half_expired,1,1,0
half_exhausting,1,1,0
half_entertaining,1,1,0
half_dull,1,1,0
half_drunk,1,1,0
half_impressive,1,1,0
half_incompetent,1,1,0
half_inconvenient,1,1,0
half_miserable,1,1,0
half_real,1,1,0
half_quiet,1,1,0
half_present,1,1,0
half_powerful,1,1,0
half_popular,1,1,0
half_perfect,1,1,0
half_obvious,1,1,0
half_lovely,1,1,0
half_indian,1,1,0
half_large,1,1,0
half_lame,1,1,0
half_intimidating,1,1,0
half_international,1,1,0
half_interested,1,1,0
half_intelligent,1,1,0
half_indignant,1,1,0
glaringly_prone,1,1,0
glaringly_problematic,1,1,0
glaringly_outlandish,1,0,1
generally_prosperous,1,1,0
generally_prohibitive,1,1,0
generally_progressive,1,1,0
generally_proactive,1,1,0
generally_pro-life,1,1,0
generally_pro-israel,1,1,0
generally_primary,1,1,0
generally_pricier,1,1,0
generally_prevalent,1,1,0
generally_precise,1,1,0
generally_pragmatic,1,1,0
generally_possessive,1,1,0
generally_portable,1,1,0
generally_porous,1,1,0
generally_poorer,1,1,0
generally_political,1,1,0
generally_plausible,1,1,0
generally_picky,1,1,0
generally_promotional,1,1,0
generally_proud,1,1,0
generally_pessimistic,1,1,0
generally_qualified,1,1,0
generally_resident,1,1,0
generally_reputable,1,1,0
generally_repressive,1,1,0
generally_repeatable,1,1,0
generally_reluctant,1,1,0
generally_reliant,1,1,0
generally_reflective,1,1,0
generally_recyclable,1,1,0
generally_rectangular,1,1,0
generally_recommendable,1,1,0
generally_recognizable,1,1,0
generally_reassuring,1,1,0
generally_readable,1,1,0
generally_radical,1,1,0
generally_quotable,1,1,0
generally_quiet,1,1,0
generally_quantifiable,1,1,0
generally_physical,1,1,0
generally_pertinent,1,1,0
generally_restrictive,1,1,0
generally_neat,1,1,0
generally_nasty,1,1,0
generally_modest,1,1,0
generally_militant,1,1,0
generally_menacing,1,1,0
generally_medical,1,1,0
generally_meaningful,1,1,0
generally_mature,1,1,0
generally_male,1,1,0
generally_mad,1,1,0
generally_long,1,1,0
generally_lonely,1,1,0
generally_liquid,1,1,0
generally_likable,1,1,0
generally_light,1,1,0
generally_liberal,1,1,0
generally_lax,1,1,0
generally_knowledgeable,1,1,0
generally_near,1,1,0
generally_negotiable,1,1,0
generally_persuasive,1,1,0
generally_noisy,1,1,0
generally_personal,1,1,0
generally_payable,1,1,0
generally_patient,1,1,0
generally_passionate,1,1,0
generally_partial,1,1,0
generally_paranoid,1,1,0
generally_palatable,1,1,0
generally_overweight,1,1,0
generally_overpowering,1,1,0
generally_organic,1,1,0
generally_oppressed,1,1,0
generally_one-dimensional,1,1,0
generally_old,1,1,0
generally_obtrusive,1,1,0
generally_obnoxious,1,1,0
generally_noteworthy,1,1,0
generally_normal,1,1,0
generally_respectable,1,1,0
generally_rich,1,1,0
glaringly_lame,1,1,0
generally_unpopular,1,1,0
generally_unkind,1,1,0
generally_universal,1,1,0
generally_uninsured,1,1,0
generally_uninformed,1,1,0
generally_uniform,1,1,0
generally_unhappy,1,1,0
generally_unfriendly,1,1,0
generally_underwhelming,1,1,0
generally_unbearable,1,1,0
generally_unacceptable,1,1,0
generally_unable,1,1,0
generally_transparent,1,1,0
generally_trained,1,1,0
generally_toxic,1,1,0
generally_tough,1,1,0
generally_touchy,1,1,0
generally_tired,1,1,0
generally_unmarried,1,1,0
generally_unstable,1,1,0
generally_thinner,1,1,0
generally_unusual,1,1,0
generally_workable,1,1,0
generally_wider,1,1,0
generally_wide,1,1,0
generally_well-known,1,1,0
generally_welcoming,1,1,0
generally_welcome,1,1,0
generally_wealthy,1,1,0
generally_waterproof,1,1,0
generally_wasteful,1,1,0
generally_warmer,1,1,0
generally_voluntary,1,1,0
generally_volatile,1,1,0
generally_vile,1,1,0
generally_vicious,1,1,0
generally_useless,1,1,0
generally_unwilling,1,1,0
generally_unwanted,1,1,0
generally_threatening,1,1,0
generally_thicker,1,1,0
generally_rife,1,1,0
generally_solvable,1,1,0
generally_slimmer,1,1,0
generally_sleepy,1,1,0
generally_single,1,1,0
generally_silent,1,1,0
generally_shorter,1,1,0
generally_sharper,1,1,0
generally_sex,1,1,0
generally_self-conscious,1,1,0
generally_scary,1,1,0
generally_scared,1,1,0
generally_savvy,1,1,0
generally_savory,1,1,0
generally_satisfactory,1,1,0
generally_sane,1,1,0
generally_sadistic,1,1,0
generally_rude,1,1,0
generally_rosy,1,1,0
generally_smaller,1,1,0
generally_sophisticated,1,1,0
generally_territorial,1,1,0
generally_sore,1,1,0
generally_terrified,1,1,0
generally_terrible,1,1,0
generally_suspicious,1,1,0
generally_suspect,1,1,0
generally_sure,1,1,0
generally_supervised,1,1,0
generally_subtle,1,1,0
generally_stylish,1,1,0
generally_stupid,1,1,0
generally_stressful,1,1,0
generally_steep,1,1,0
generally_steady,1,1,0
generally_stable,1,1,0
generally_squeamish,1,1,0
generally_spicy,1,1,0
generally_sound,1,1,0
generally_sorry,1,1,0
generally_key,1,1,0
generally_jealous,1,1,0
generally_itchy,1,1,0
generally_conclusive,1,1,0
generally_complementary,1,1,0
generally_competitive,1,1,0
generally_cohesive,1,1,0
generally_clever,1,1,0
generally_clean,1,1,0
generally_claustrophobic,1,1,0
generally_choosy,1,1,0
generally_chic,1,1,0
generally_cheerful,1,1,0
generally_charming,1,1,0
generally_characteristic,1,1,0
generally_chaotic,1,1,0
generally_certain,1,1,0
generally_capricious,1,1,0
generally_buoyant,1,1,0
generally_bothersome,1,1,0
generally_black,1,1,0
generally_complex,1,1,0
generally_conductive,1,1,0
generally_biodegradable,1,1,0
generally_configurable,1,1,0
generally_customary,1,1,0
generally_current,1,1,0
generally_curable,1,1,0
generally_crucial,1,1,0
generally_crappy,1,1,0
generally_crafty,1,1,0
generally_cozy,1,1,0
generally_counter-intuitive,1,1,0
generally_cost-efficient,1,1,0
generally_cooperative,1,1,0
generally_cool,1,1,0
generally_convincing,1,1,0
generally_constant,1,1,0
generally_conscious,1,1,0
generally_congenial,1,1,0
generally_confused,1,1,0
generally_confrontational,1,1,0
generally_bitter,1,1,0
generally_bigger,1,1,0
generally_italian,1,1,0
generally_alarming,1,1,0
generally_agnostic,1,1,0
generally_aged,1,1,0
generally_affluent,1,1,0
generally_affable,1,1,0
generally_admired,1,1,0
generally_adequate,1,1,0
generally_adept,1,1,0
generally_addictive,1,1,0
generally_acute,1,1,0
generally_accustomed,1,1,0
generally_accountable,1,1,0
generally_absolute,1,1,0
furthermore_upright,1,1,0
furthermore_tight,1,1,0
furthermore_similar,1,1,0
furthermore_pushy,1,1,0
furthermore_erect,1,1,0
generally_airborne,1,1,0
generally_allergic,1,1,0
generally_bereft,1,1,0
generally_alright,1,1,0
generally_benign,1,1,0
generally_beneficial,1,1,0
generally_basic,1,1,0
generally_backward,1,1,0
generally_awash,1,1,0
generally_authentic,1,1,0
generally_audible,1,1,0
generally_athletic,1,1,0
generally_ashamed,1,1,0
generally_argumentative,1,1,0
generally_apt,1,1,0
generally_approachable,1,1,0
generally_appealing,1,1,0
generally_apathetic,1,1,0
generally_angry,1,1,0
generally_amusing,1,1,0
generally_altruistic,1,1,0
generally_cyclical,1,1,0
generally_dark,1,1,0
generally_decorative,1,1,0
generally_immune,1,1,0
generally_ideological,1,1,0
generally_humble,1,1,0
generally_horrible,1,1,0
generally_honest,1,1,0
generally_hesitant,1,1,0
generally_handy,1,1,0
generally_gullible,1,1,0
generally_guilty,1,1,0
generally_greater,1,1,0
generally_gentle,1,1,0
generally_genetic,1,1,0
generally_gay,1,1,0
generally_funny,1,1,0
generally_fundamental,1,1,0
generally_fruitful,1,1,0
generally_fresh,1,1,0
generally_forward,1,1,0
generally_imaginable,1,1,0
generally_impenetrable,1,1,0
generally_deficient,1,1,0
generally_impressive,1,1,0
generally_irresponsible,1,1,0
generally_involved,1,1,0
generally_intolerant,1,1,0
generally_interesting,1,1,0
generally_interactive,1,1,0
generally_intent,1,1,0
generally_intelligent,1,1,0
generally_intact,1,1,0
generally_instant,1,1,0
generally_insensitive,1,1,0
generally_injurious,1,1,0
generally_inherent,1,1,0
generally_indispensable,1,1,0
generally_inconsistent,1,1,0
generally_incomprehensible,1,1,0
generally_inactive,1,1,0
generally_inaccurate,1,1,0
generally_forthright,1,1,0
generally_formal,1,1,0
generally_foreseeable,1,1,0
generally_forecast,1,1,0
generally_elderly,1,1,0
generally_egregious,1,1,0
generally_effortless,1,1,0
generally_efficient,1,1,0
generally_dry,1,1,0
generally_dominant,1,1,0
generally_disgusting,1,1,0
generally_discoverable,1,1,0
generally_dirty,1,1,0
generally_direct,1,1,0
generally_dignified,1,1,0
generally_diffuse,1,1,0
generally_devoid,1,1,0
generally_descriptive,1,1,0
generally_depressing,1,1,0
generally_delicious,1,1,0
generally_definitive,1,1,0
generally_elite,1,1,0
generally_elitist,1,1,0
generally_empty,1,1,0
generally_explosive,1,1,0
generally_flexible,1,1,0
generally_flattering,1,1,0
generally_fixable,1,1,0
generally_fine,1,1,0
generally_festive,1,1,0
generally_favourable,1,1,0
generally_faithful,1,1,0
generally_expedient,1,1,0
generally_enforceable,1,1,0
generally_exorbitant,1,1,0
generally_exciting,1,1,0
generally_excessive,1,1,0
generally_evil,1,1,0
generally_equivalent,1,1,0
generally_equal,1,1,0
generally_entertaining,1,1,0
generally_worldly,1,1,0
generally_worrisome,1,1,0
generally_worse,1,1,0
genuinely_sustainable,1,1,0
genuinely_sure,1,1,0
genuinely_supportive,1,1,0
genuinely_superior,1,1,0
genuinely_suicidal,1,1,0
genuinely_sufficient,1,1,0
genuinely_successful,1,1,0
genuinely_strange,1,1,0
genuinely_staunch,1,1,0
genuinely_stagnant,1,1,0
genuinely_sorrowful,1,1,0
genuinely_soft,1,1,0
genuinely_socialist,1,1,0
genuinely_similar,1,1,0
genuinely_sick,1,1,0
genuinely_sexy,1,1,0
genuinely_selective,1,1,0
genuinely_secure,1,1,0
genuinely_suspenseful,1,1,0
genuinely_talented,1,1,0
genuinely_scared,1,1,0
genuinely_terrible,1,1,0
genuinely_welcoming,1,1,0
genuinely_weird,1,1,0
genuinely_vicious,1,1,0
genuinely_urgent,1,1,0
genuinely_unpleasant,1,1,0
genuinely_unnerved,1,1,0
genuinely_unified,1,1,0
genuinely_unhinged,1,1,0
genuinely_unhappy,1,1,0
genuinely_unemployed,1,1,0
genuinely_undecided,1,1,0
genuinely_ugly,1,1,0
genuinely_typical,1,0,1
genuinely_truthful,1,1,0
genuinely_trans,1,1,0
genuinely_tragic,1,1,0
genuinely_thrilled,1,1,0
genuinely_sceptical,1,1,0
genuinely_right,1,1,0
genuinely_modest,1,1,0
genuinely_present,1,1,0
genuinely_polite,1,1,0
genuinely_pleasant,1,1,0
genuinely_pious,1,1,0
genuinely_personable,1,1,0
genuinely_patriotic,1,1,0
genuinely_orthodox,1,1,0
genuinely_organic,1,1,0
genuinely_opaque,1,1,0
genuinely_offensive,1,1,0
genuinely_nutty,1,1,0
genuinely_nutritious,1,1,0
genuinely_nice,1,1,0
genuinely_newsworthy,1,1,0
genuinely_necessary,1,1,0
genuinely_naked,1,1,0
genuinely_mysterious,1,0,1
genuinely_muslim,1,1,0
genuinely_prepared,1,1,0
genuinely_private,1,1,0
genuinely_rich,1,1,0
genuinely_pro-choice,1,1,0
genuinely_rewarding,1,1,0
genuinely_responsive,1,1,0
genuinely_relevant,1,1,0
genuinely_relaxed,1,1,0
genuinely_redundant,1,1,0
genuinely_rebellious,1,0,1
genuinely_reasonable,1,1,0
genuinely_realistic,1,1,0
genuinely_ready,1,1,0
genuinely_rare,1,1,0
genuinely_radioactive,1,1,0
genuinely_quick,1,1,0
genuinely_puzzling,1,1,0
genuinely_public,1,1,0
genuinely_prosperous,1,1,0
genuinely_prophetic,1,1,0
genuinely_proactive,1,1,0
genuinely_wireless,1,1,0
genuinely_witty,1,1,0
genuinely_worried,1,1,0
glaringly_artificial,1,1,0
glaringly_alone,1,1,0
geologically_stable,1,1,0
geologically_ridiculous,1,1,0
geologically_old,1,1,0
geologically_impressive,1,1,0
geologically_exciting,1,1,0
geologically_correct,1,1,0
geographically_wonderful,1,1,0
geographically_wide,1,1,0
geographically_varied,1,1,0
geographically_solid,1,1,0
geographically_similar,1,1,0
geographically_separate,1,1,0
geographically_searchable,1,1,0
geographically_rich,1,1,0
geographically_relevant,1,1,0
geographically_related,1,1,0
glaringly_applicable,1,1,0
glaringly_aware,1,1,0
genuinely_wrong,1,0,1
glaringly_better,1,1,0
glaringly_irrelevant,1,1,0
glaringly_inconsistent,1,1,0
glaringly_improbable,1,1,0
glaringly_impersonal,1,1,0
glaringly_imperfect,1,1,0
glaringly_illegal,1,1,0
glaringly_hypocritical,1,1,0
glaringly_horrible,1,1,0
glaringly_high,1,1,0
glaringly_embarrassing,1,1,0
glaringly_dominant,1,1,0
glaringly_dogmatic,1,1,0
glaringly_difficult,1,1,0
glaringly_deficient,1,1,0
glaringly_contradictory,1,1,0
glaringly_conspicuous,1,1,0
glaringly_clear,1,1,0
geographically_puzzling,1,1,0
geographically_probable,1,1,0
geographically_perfect,1,1,0
geographically_necessary,1,1,0
geographically_explicit,1,1,0
geographically_endemic,1,1,0
geographically_egregious,1,1,0
geographically_different,1,1,0
geographically_desirous,1,1,0
geographically_desirable,1,1,0
geographically_descriptive,1,1,0
geographically_dependent,1,1,0
geographically_conducive,1,1,0
geographically_concentrated,1,1,0
geographically_comprehensive,1,1,0
geographically_complete,1,1,0
geographically_balanced,1,1,0
geographically_apt,1,1,0
geographically_ambiguous,1,1,0
geographically_advantageous,1,0,1
genuinely_xenophobic,1,1,0
geographically_familiar,1,1,0
geographically_favorable,1,1,0
geographically_formidable,1,1,0
geographically_isolated,1,1,0
geographically_near,1,1,0
geographically_marginal,1,1,0
geographically_lucky,1,1,0
geographically_local,1,1,0
geographically_limited,1,1,0
geographically_largest,1,1,0
geographically_larger,1,1,0
geographically_incorrect,1,1,0
geographically_friendly,1,1,0
geographically_inclined,1,1,0
geographically_inaccurate,1,1,0
geographically_impressive,1,1,0
geographically_ideal,1,1,0
geographically_huge,1,1,0
geographically_homogenous,1,1,0
geographically_homogeneous,1,1,0
genuinely_motivated,1,1,0
genuinely_moderate,1,1,0
generally_worthwhile,1,1,0
genuinely_abusive,1,1,0
gently_stretchy,1,1,0
gently_rural,1,0,1
gently_persuasive,1,1,0
gently_metaphorical,1,1,0
gently_humbled,1,1,0
gently_enough,1,1,0
gently_correct,1,1,0
genetically_weak,1,1,0
genetically_visible,1,1,0
genetically_violent,1,1,0
genetically_valuable,1,1,0
genetically_valid,1,1,0
genetically_unstable,1,1,0
genetically_unrelated,1,1,0
genetically_uniform,1,1,0
genetically_thicker,1,1,0
genetically_talented,1,1,0
genuinely_able,1,1,0
genuinely_accurate,1,1,0
genetically_specific,1,1,0
genuinely_african,1,1,0
genuinely_classical,1,1,0
genuinely_characteristic,1,1,0
genuinely_caring,1,1,0
genuinely_buddhist,1,1,0
genuinely_black,1,1,0
genuinely_bisexual,1,1,0
genuinely_biblical,1,1,0
genuinely_aware,1,1,0
genuinely_autonomous,1,1,0
genuinely_artistic,1,0,1
genuinely_anonymous,1,1,0
genuinely_annoyed,1,1,0
genuinely_american,1,1,0
genuinely_ambiguous,1,1,0
genuinely_amazing,1,1,0
genuinely_allergic,1,1,0
genuinely_alert,1,1,0
genetically_static,1,1,0
genetically_skinny,1,1,0
genuinely_memorable,1,0,1
genetically_great,1,1,0
genetically_evil,1,1,0
genetically_evident,1,1,0
genetically_equal,1,1,0
genetically_distinctive,1,1,0
genetically_dissimilar,1,1,0
genetically_deficient,1,1,0
genetically_damaging,1,1,0
genetically_connected,1,1,0
genetically_common,1,0,1
genetically_closest,1,1,0
genetically_british,1,1,0
genetically_blended,1,1,0
genetically_black,1,1,0
genetically_appropriate,1,1,0
genetically_antisocial,1,1,0
genetically_akin,1,1,0
generally_worthy,1,1,0
genetically_good,1,1,0
genetically_healthy,1,1,0
genetically_short,1,1,0
genetically_homogenous,1,1,0
genetically_same,1,1,0
genetically_responsible,1,1,0
genetically_resistant,1,1,0
genetically_realistic,1,1,0
genetically_predictable,1,1,0
genetically_polish,1,1,0
genetically_one-sided,1,1,0
genetically_normal,1,1,0
genetically_lucky,1,1,0
genetically_liberal,1,1,0
genetically_lean,1,1,0
genetically_inseparable,1,1,0
genetically_ingrained,1,1,0
genetically_inclined,1,1,0
genetically_important,1,1,0
genetically_immune,1,1,0
genetically_ignorant,1,1,0
genuinely_collaborative,1,1,0
genuinely_comfy,1,1,0
genuinely_compelling,1,1,0
genuinely_incomprehensible,1,1,0
genuinely_important,1,1,0
genuinely_impartial,1,1,0
genuinely_illegal,1,1,0
genuinely_hot,1,0,1
genuinely_horrific,1,1,0
genuinely_homeless,1,1,0
genuinely_historical,1,1,0
genuinely_historic,1,1,0
genuinely_hilarious,1,1,0
genuinely_helpless,1,1,0
genuinely_heavy,1,0,1
genuinely_heartbreaking,1,1,0
genuinely_hateful,1,1,0
genuinely_hardy,1,1,0
genuinely_hard,1,1,0
genuinely_great,1,0,1
genuinely_glad,1,1,0
genuinely_inclusive,1,1,0
genuinely_informative,1,1,0
genuinely_compliant,1,1,0
genuinely_inhuman,1,0,1
genuinely_mediocre,1,1,0
genuinely_medical,1,1,0
genuinely_malevolent,1,0,1
genuinely_majestic,1,1,0
genuinely_magnetic,1,1,0
genuinely_loyal,1,1,0
genuinely_low,1,1,0
genuinely_likable,1,1,0
genuinely_libertarian,1,1,0
genuinely_liberal,1,1,0
genuinely_kinder,1,1,0
genuinely_jobless,1,1,0
genuinely_jewish,1,1,0
genuinely_islamic,1,1,0
genuinely_insulting,1,1,0
genuinely_insightful,1,1,0
genuinely_innovative,1,0,1
genuinely_gay,1,1,0
genuinely_fun,1,1,0
genuinely_feasible,1,1,0
genuinely_fast,1,1,0
genuinely_dim,1,0,1
genuinely_dignified,1,0,1
genuinely_difficult,1,1,0
genuinely_different,1,1,0
genuinely_despondent,1,1,0
genuinely_desirable,1,1,0
genuinely_depressed,1,1,0
genuinely_dependent,1,1,0
genuinely_degrading,1,1,0
genuinely_dead,1,1,0
genuinely_curious,1,1,0
genuinely_creepy,1,1,0
genuinely_creative,1,1,0
genuinely_courageous,1,1,0
genuinely_convincing,1,1,0
genuinely_controversial,1,1,0
genuinely_contrite,1,1,0
genuinely_direct,1,1,0
genuinely_discrete,1,1,0
genuinely_discretionary,1,1,0
genuinely_empathetic,1,1,0
genuinely_fair,1,1,0
genuinely_executive,1,0,1
genuinely_excellent,1,1,0
genuinely_evil,1,1,0
genuinely_essential,1,1,0
genuinely_enlightening,1,1,0
genuinely_engaging,1,1,0
genuinely_emotional,1,1,0
genuinely_distinct,1,1,0
genuinely_egalitarian,1,1,0
genuinely_efficient,1,1,0
genuinely_eerie,1,1,0
genuinely_eccentric,1,1,0
genuinely_easy,1,1,0
genuinely_earnest,1,1,0
genuinely_doubtful,1,1,0
fast_responsible,1,1,0
fast_other,1,1,0
exact_more,1,1,0
exceptionally_hardy,1,1,0
exceptionally_handsome,1,1,0
exceptionally_hairy,1,1,0
exceptionally_greedy,1,1,0
exceptionally_grateful,1,1,0
exceptionally_gorgeous,1,1,0
exceptionally_good-looking,1,1,0
exceptionally_gifted,1,1,0
exceptionally_generous,1,1,0
exceptionally_gay,1,0,1
exceptionally_fruitful,1,1,0
exceptionally_frightening,1,1,0
exceptionally_forgiving,1,1,0
exceptionally_foolish,1,1,0
exceptionally_fond,1,1,0
exceptionally_flattering,1,1,0
exceptionally_flat,1,1,0
exceptionally_fit,1,0,1
exceptionally_handy,1,1,0
exceptionally_healthy,1,1,0
exceptionally_fierce,1,1,0
exceptionally_heavier,1,1,0
exceptionally_meaningful,1,1,0
exceptionally_loyal,1,1,0
exceptionally_long-lived,1,1,0
exceptionally_literal,1,1,0
exceptionally_likely,1,1,0
exceptionally_lifelike,1,1,0
exceptionally_inviting,1,1,0
exceptionally_intriguing,1,1,0
exceptionally_innovative,1,1,0
exceptionally_influential,1,1,0
exceptionally_individual,1,1,0
exceptionally_imaginative,1,1,0
exceptionally_human,1,0,1
exceptionally_homophobic,1,0,1
exceptionally_higher,1,1,0
exceptionally_heroic,1,1,0
exceptionally_helpful,1,1,0
exceptionally_fine,1,1,0
exceptionally_favorable,1,0,1
exceptionally_moist,1,1,0
exceptionally_dense,1,1,0
exceptionally_debilitating,1,1,0
exceptionally_daring,1,1,0
exceptionally_cute,1,1,0
exceptionally_cruel,1,1,0
exceptionally_crafty,1,1,0
exceptionally_cost-efficient,1,1,0
exceptionally_corrupt,1,1,0
exceptionally_cool,1,1,0
exceptionally_contentious,1,1,0
exceptionally_conscious,1,1,0
exceptionally_concerned,1,1,0
exceptionally_colorful,1,1,0
exceptionally_cohesive,1,1,0
exceptionally_clueless,1,1,0
exceptionally_clear,1,1,0
exceptionally_civil,1,1,0
exceptionally_charismatic,1,1,0
exceptionally_defensive,1,1,0
exceptionally_deserving,1,1,0
exceptionally_fascinating,1,1,0
exceptionally_devout,1,1,0
exceptionally_fantastic,1,1,0
exceptionally_famous,1,1,0
exceptionally_explosive,1,1,0
exceptionally_excessive,1,1,0
exceptionally_excellent,1,1,0
exceptionally_exact,1,1,0
exceptionally_evil,1,1,0
exceptionally_erotic,1,1,0
exceptionally_enticing,1,1,0
exceptionally_enthusiastic,1,1,0
exceptionally_entertaining,1,1,0
exceptionally_energetic,1,1,0
exceptionally_enduring,1,1,0
exceptionally_efficient,1,1,0
exceptionally_early,1,1,0
exceptionally_eager,1,1,0
exceptionally_disturbing,1,0,1
exceptionally_messy,1,1,0
exceptionally_moral,1,1,0
exceptionally_wrong,1,0,1
exceptionally_stupid,1,1,0
exceptionally_strange,1,1,0
exceptionally_straightforward,1,1,0
exceptionally_solid,1,1,0
exceptionally_skillful,1,1,0
exceptionally_short,1,1,0
exceptionally_shocking,1,0,1
exceptionally_serious,1,1,0
exceptionally_sensitive,1,1,0
exceptionally_selfish,1,1,0
exceptionally_secure,1,1,0
exceptionally_sectarian,1,1,0
exceptionally_scarce,1,1,0
exceptionally_satisfying,1,1,0
exceptionally_salacious,1,1,0
exceptionally_romantic,1,1,0
exceptionally_robust,1,1,0
exceptionally_riveting,1,1,0
exceptionally_stringent,1,1,0
exceptionally_sturdy,1,1,0
exceptionally_ripe,1,1,0
exceptionally_supernatural,1,0,1
exceptionally_wondrous,1,1,0
exceptionally_witty,1,1,0
exceptionally_wild,1,1,0
exceptionally_wet,1,1,0
exceptionally_welcoming,1,1,0
exceptionally_wealthy,1,1,0
exceptionally_weak,1,1,0
exceptionally_vigilant,1,1,0
exceptionally_uniform,1,1,0
exceptionally_uncomfortable,1,1,0
exceptionally_unattractive,1,1,0
exceptionally_traumatic,1,1,0
exceptionally_tough,1,1,0
exceptionally_tight,1,1,0
exceptionally_tender,1,1,0
exceptionally_sweet,1,1,0
exceptionally_suspicious,1,1,0
exceptionally_risky,1,1,0
exceptionally_resistant,1,1,0
exceptionally_moronic,1,1,0
exceptionally_picturesque,1,1,0
exceptionally_photogenic,1,1,0
exceptionally_personal,1,0,1
exceptionally_pale,1,1,0
exceptionally_optimistic,1,1,0
exceptionally_old,1,1,0
exceptionally_obvious,1,1,0
exceptionally_novel,1,0,1
exceptionally_noteworthy,1,1,0
exceptionally_normal,1,1,0
exceptionally_noisy,1,1,0
exceptionally_nimble,1,1,0
exceptionally_newsworthy,1,1,0
exceptionally_negative,1,1,0
exceptionally_neat,1,1,0
exceptionally_nasty,1,1,0
exceptionally_narrow,1,1,0
exceptionally_musical,1,1,0
exceptionally_physical,1,1,0
exceptionally_pleasing,1,0,1
exceptionally_resilient,1,1,0
exceptionally_political,1,1,0
exceptionally_repugnant,1,1,0
exceptionally_remarkable,1,1,0
exceptionally_regular,1,1,0
exceptionally_refreshing,1,1,0
exceptionally_rapid,1,1,0
exceptionally_pure,1,1,0
exceptionally_psychedelic,1,1,0
exceptionally_prudent,1,1,0
exceptionally_proud,1,1,0
exceptionally_protective,1,1,0
exceptionally_prompt,1,1,0
exceptionally_prominent,1,1,0
exceptionally_prolific,1,1,0
exceptionally_proficient,1,1,0
exceptionally_prescient,1,1,0
exceptionally_precise,1,1,0
exceptionally_praiseworthy,1,1,0
exceptionally_cautious,1,1,0
exceptionally_catchy,1,1,0
exceptionally_careless,1,1,0
exceedingly_excellent,1,1,0
exceedingly_enthralling,1,1,0
exceedingly_embarrassing,1,1,0
exceedingly_elaborate,1,1,0
exceedingly_easy,1,1,0
exceedingly_durable,1,1,0
exceedingly_dry,1,1,0
exceedingly_dramatic,1,1,0
exceedingly_doubtful,1,1,0
exceedingly_disproportionate,1,1,0
exceedingly_depressing,1,1,0
exceedingly_delicious,1,1,0
exceedingly_dark,1,1,0
exceedingly_cruel,1,1,0
exceedingly_crucial,1,1,0
exceedingly_corrupt,1,1,0
exceedingly_conservative,1,1,0
exceedingly_confident,1,1,0
exceedingly_enthusiastic,1,1,0
exceedingly_familiar,1,1,0
exceedingly_close,1,1,0
exceedingly_fancy,1,0,1
exceedingly_influential,1,1,0
exceedingly_idealistic,1,1,0
exceedingly_hypocritical,1,1,0
exceedingly_holy,1,1,0
exceedingly_helpful,1,1,0
exceedingly_heavy,1,1,0
exceedingly_happy,1,1,0
exceedingly_grotesque,1,1,0
exceedingly_grateful,1,1,0
exceedingly_graphic,1,1,0
exceedingly_generous,1,1,0
exceedingly_funny,1,1,0
exceedingly_fun,1,1,0
exceedingly_formal,1,1,0
exceedingly_forceful,1,1,0
exceedingly_foolish,1,1,0
exceedingly_flashy,1,1,0
exceedingly_concerned,1,1,0
exceedingly_clear,1,1,0
exceptionally_capable,1,1,0
exactly_worldly,1,1,0
exactly_wishful,1,1,0
exactly_wiser,1,1,0
exactly_winded,1,1,0
exactly_whimsical,1,1,0
exactly_well-known,1,1,0
exactly_weighty,1,1,0
exactly_weary,1,1,0
exactly_walkable,1,1,0
exactly_voluminous,1,1,0
exactly_volatile,1,1,0
exactly_virulent,1,1,0
exactly_violent,1,1,0
exactly_vindictive,1,1,0
exactly_victorian,1,1,0
exactly_vicious,1,1,0
exactly_versatile,1,1,0
exactly_verifiable,1,1,0
exactly_wistful,1,1,0
exactly_woven,1,1,0
exceedingly_cautious,1,1,0
exactly_xenophobic,1,1,0
exceedingly_catchy,1,1,0
exceedingly_busy,1,1,0
exceedingly_bullish,1,1,0
exceedingly_broad,1,1,0
exceedingly_bright,1,1,0
exceedingly_boring,1,1,0
exceedingly_bitter,1,1,0
exceedingly_baggy,1,1,0
exceedingly_awful,1,1,0
exceedingly_athletic,1,1,0
exceedingly_arrogant,1,1,0
exceedingly_anxious,1,1,0
exceedingly_aggressive,1,1,0
exceedingly_affable,1,1,0
exceedingly_accurate,1,1,0
exactly_zealous,1,1,0
exactly_yellow,1,1,0
exceedingly_kind,1,1,0
exceedingly_knowledgable,1,1,0
exceedingly_lazy,1,1,0
exceptionally_active,1,1,0
exceedingly_worried,1,1,0
exceedingly_wet,1,1,0
exceedingly_weird,1,1,0
exceedingly_wary,1,1,0
exceedingly_vulgar,1,1,0
exceedingly_volatile,1,1,0
exceedingly_unusual,1,1,0
exceedingly_unlikely,1,1,0
exceedingly_uninteresting,1,1,0
exceedingly_truthful,1,1,0
exceedingly_toxic,1,1,0
exceedingly_thin,1,1,0
exceedingly_terrible,1,1,0
exceedingly_synthetic,1,1,0
exceedingly_surprised,1,1,0
exceedingly_subtle,1,1,0
exceedingly_strange,1,1,0
exceptionally_accurate,1,1,0
exceptionally_advanced,1,1,0
exceedingly_likely,1,1,0
exceptionally_advantageous,1,1,0
exceptionally_burdensome,1,1,0
exceptionally_bulky,1,1,0
exceptionally_bloody,1,1,0
exceptionally_bizarre,1,1,0
exceptionally_awful,1,1,0
exceptionally_awesome,1,1,0
exceptionally_average,1,1,0
exceptionally_available,1,1,0
exceptionally_authentic,1,1,0
exceptionally_astute,1,0,1
exceptionally_astonishing,1,0,1
exceptionally_articulate,1,1,0
exceptionally_aromatic,1,1,0
exceptionally_appealing,1,1,0
exceptionally_american,1,0,1
exceptionally_amazing,1,1,0
exceptionally_aggressive,1,1,0
exceedingly_stingy,1,1,0
exceedingly_sorrowful,1,1,0
exceedingly_smart,1,1,0
exceedingly_slutty,1,1,0
exceedingly_peculiar,1,1,0
exceedingly_patient,1,1,0
exceedingly_pathetic,1,1,0
exceedingly_overpowering,1,1,0
exceedingly_outrageous,1,0,1
exceedingly_original,1,1,0
exceedingly_oppressive,1,1,0
exceedingly_offensive,1,1,0
exceedingly_normal,1,1,0
exceedingly_nice,1,1,0
exceedingly_necessary,1,1,0
exceedingly_motivated,1,1,0
exceedingly_more,1,1,0
exceedingly_mobile,1,1,0
exceedingly_melodramatic,1,1,0
exceedingly_mad,1,1,0
exceedingly_loud,1,1,0
exceedingly_personal,1,1,0
exceedingly_picturesque,1,1,0
exceedingly_pleasant,1,1,0
exceedingly_responsible,1,1,0
exceedingly_skilled,1,1,0
exceedingly_sinful,1,1,0
exceedingly_scary,1,1,0
exceedingly_scarce,1,1,0
exceedingly_rude,1,1,0
exceedingly_risky,1,1,0
exceedingly_right,1,1,0
exceedingly_public,1,1,0
exceedingly_pleased,1,1,0
exceedingly_protestant,1,1,0
exceedingly_productive,1,1,0
exceedingly_privileged,1,1,0
exceedingly_prevalent,1,1,0
exceedingly_powerful,1,1,0
exceedingly_popular,1,1,0
exceedingly_poisonous,1,1,0
exceptionally_worse,1,1,0
excessively_absent,1,1,0
exactly_various,1,1,0
excessively_vicious,1,1,0
excessively_useful,1,1,0
excessively_upset,1,1,0
excessively_unsafe,1,1,0
excessively_unnerving,1,0,1
excessively_unique,1,0,1
excessively_unhappy,1,1,0
excessively_unethical,1,1,0
excessively_underweight,1,1,0
excessively_unacceptable,1,0,1
excessively_ugly,1,1,0
excessively_trite,1,1,0
excessively_tribal,1,1,0
excessively_toxic,1,1,0
excessively_tiring,1,1,0
excessively_thorny,1,1,0
excessively_territorial,1,1,0
excessively_terrifying,1,0,1
excessively_verbose,1,1,0
excessively_vigorous,1,1,0
excessively_technical,1,1,0
excessively_visible,1,1,0
exclusively_active,1,1,0
exclusively_3d,1,1,0
excitingly_unpredictable,1,1,0
excitingly_terrible,1,1,0
excitingly_new,1,0,1
excitingly_fun,1,1,0
excitingly_fresh,1,1,0
excitingly_experimental,1,1,0
excitingly_endearing,1,0,1
excitingly_aromatic,1,1,0
excessively_zealous,1,1,0
excessively_youthful,1,1,0
excessively_wrinkled,1,1,0
excessively_wordy,1,1,0
excessively_wealthy,1,1,0
excessively_wasteful,1,1,0
excessively_vocal,1,1,0
excessively_temperamental,1,1,0
excessively_tart,1,1,0
exclusively_aesthetic,1,1,0
excessively_short-sighted,1,1,0
excessively_sharp,1,1,0
excessively_shabby,1,1,0
excessively_sexual,1,1,0
excessively_serious,1,1,0
excessively_selfish,1,1,0
excessively_self-evident,1,1,0
excessively_seedy,1,1,0
excessively_secret,1,0,1
excessively_scared,1,1,0
excessively_satisfied,1,0,1
excessively_sanguine,1,1,0
excessively_saccharine,1,1,0
excessively_rural,1,1,0
excessively_rough,1,1,0
excessively_ripe,1,1,0
excessively_restless,1,1,0
excessively_responsive,1,1,0
excessively_shiny,1,1,0
excessively_significant,1,1,0
excessively_talented,1,1,0
excessively_sleepy,1,1,0
excessively_tactical,1,1,0
excessively_swollen,1,1,0
excessively_substantial,1,1,0
excessively_subject,1,1,0
excessively_stupid,1,1,0
excessively_stuffy,1,1,0
excessively_strange,1,1,0
excessively_straightforward,1,1,0
excessively_stimulating,1,1,0
excessively_stiff,1,1,0
excessively_sticky,1,1,0
excessively_splendid,1,1,0
excessively_special,1,0,1
excessively_solid,1,1,0
excessively_smoky,1,1,0
excessively_slow,1,1,0
excessively_slim,1,0,1
exclusively_adversarial,1,1,0
exclusively_affluent,1,1,0
excessively_abundant,1,1,0
exclusively_large,1,1,0
exclusively_israeli,1,1,0
exclusively_involved,1,1,0
exclusively_international,1,1,0
exclusively_indigenous,1,1,0
exclusively_indicative,1,1,0
exclusively_important,1,1,0
exclusively_ignorant,1,1,0
exclusively_hostile,1,1,0
exclusively_historical,1,1,0
exclusively_hispanic,1,1,0
exclusively_high,1,1,0
exclusively_hereditary,1,1,0
exclusively_heavy,1,1,0
exclusively_heartless,1,1,0
exclusively_green,1,1,0
exclusively_governmental,1,1,0
exclusively_gloomy,1,1,0
exclusively_juvenile,1,1,0
exclusively_latino,1,1,0
exclusively_full,1,1,0
exclusively_lean,1,1,0
exclusively_nuclear,1,1,0
exclusively_non-violent,1,1,0
exclusively_nimble,1,1,0
exclusively_natural,1,1,0
exclusively_naive,1,1,0
exclusively_musical,1,1,0
exclusively_modest,1,1,0
exclusively_mobile,1,1,0
exclusively_mexican,1,1,0
exclusively_malignant,1,1,0
exclusively_magical,1,1,0
exclusively_loyal,1,1,0
exclusively_low,1,1,0
exclusively_linear,1,1,0
exclusively_light,1,1,0
exclusively_libertarian,1,0,1
exclusively_lesbian,1,1,0
exclusively_gendered,1,1,0
exclusively_frivolous,1,1,0
exclusively_agricultural,1,1,0
exclusively_cosmetic,1,1,0
exclusively_convenient,1,1,0
exclusively_consistent,1,1,0
exclusively_comedic,1,1,0
exclusively_cold,1,1,0
exclusively_celebratory,1,1,0
exclusively_caucasian,1,1,0
exclusively_casual,1,1,0
exclusively_capable,1,1,0
exclusively_blue,1,1,0
exclusively_biological,1,1,0
exclusively_better,1,1,0
exclusively_basic,1,1,0
exclusively_bad,1,1,0
exclusively_aware,1,1,0
exclusively_architectural,1,1,0
exclusively_antagonistic,1,1,0
exclusively_angry,1,1,0
exclusively_correct,1,1,0
exclusively_creative,1,1,0
exclusively_free,1,1,0
exclusively_criminal,1,1,0
exclusively_feminist,1,1,0
exclusively_federal,1,1,0
exclusively_fantastic,1,1,0
exclusively_famous,1,1,0
exclusively_explosive,1,1,0
exclusively_experimental,1,1,0
exclusively_expensive,1,1,0
exclusively_electronic,1,1,0
exclusively_educational,1,1,0
exclusively_edible,1,1,0
exclusively_eastern,1,1,0
exclusively_dour,1,1,0
exclusively_domestic,1,1,0
exclusively_deterministic,1,1,0
exclusively_derogatory,1,1,0
exclusively_dead,1,1,0
exclusively_critical,1,1,0
excessively_respectful,1,1,0
excessively_repressive,1,1,0
excessively_remote,1,1,0
excessively_elegant,1,1,0
excessively_eccentric,1,1,0
excessively_dynamic,1,1,0
excessively_draconian,1,1,0
excessively_dovish,1,1,0
excessively_dominant,1,1,0
excessively_distraught,1,1,0
excessively_distracting,1,1,0
excessively_dissimilar,1,1,0
excessively_disruptive,1,1,0
excessively_disappointed,1,1,0
excessively_dirty,1,1,0
excessively_different,1,1,0
excessively_didactic,1,1,0
excessively_descriptive,1,1,0
excessively_dependent,1,1,0
excessively_dense,1,1,0
excessively_deferential,1,1,0
excessively_edgy,1,1,0
excessively_embarrassing,1,1,0
excessively_debilitating,1,1,0
excessively_evident,1,1,0
excessively_greedy,1,1,0
excessively_grandiose,1,1,0
excessively_grand,1,1,0
excessively_gooey,1,1,0
excessively_genuine,1,0,1
excessively_fussy,1,1,0
excessively_fun,1,1,0
excessively_full,1,1,0
excessively_frustrating,1,1,0
excessively_fragrant,1,1,0
excessively_fiery,1,1,0
excessively_fatigued,1,1,0
excessively_fantastical,1,1,0
excessively_fancy,1,1,0
excessively_fair,1,1,0
excessively_extreme,1,1,0
excessively_excruciating,1,1,0
excessively_deep,1,1,0
excessively_deadly,1,1,0
excessively_regressive,1,1,0
excessively_brittle,1,1,0
excessively_bittersweet,1,1,0
excessively_bent,1,1,0
excessively_beautiful,1,1,0
excessively_bashful,1,1,0
excessively_barbaric,1,1,0
excessively_astounding,1,1,0
excessively_articulate,1,1,0
excessively_anxious,1,1,0
excessively_ancient,1,1,0
excessively_alright,1,1,0
excessively_agitated,1,1,0
excessively_aged,1,1,0
excessively_aesthetic,1,1,0
excessively_advantageous,1,1,0
excessively_acrimonious,1,0,1
excessively_accommodative,1,1,0
excessively_academic,1,1,0
excessively_bland,1,1,0
excessively_buttery,1,1,0
excessively_daunting,1,1,0
excessively_calm,1,1,0
excessively_curly,1,1,0
excessively_crowded,1,1,0
excessively_crisp,1,1,0
excessively_creative,1,1,0
excessively_cowardly,1,1,0
excessively_convoluted,1,0,1
excessively_convincing,1,1,0
excessively_conservative,1,1,0
excessively_confused,1,1,0
excessively_comfy,1,0,1
excessively_close,1,1,0
excessively_chummy,1,1,0
excessively_chewy,1,1,0
excessively_cheesy,1,1,0
excessively_cheerful,1,1,0
excessively_carnal,1,1,0
excessively_careful,1,1,0
excessively_green,1,1,0
excessively_gross,1,1,0
excessively_guilty,1,1,0
excessively_pious,1,1,0
excessively_partial,1,1,0
excessively_parochial,1,1,0
excessively_overwhelming,1,1,0
excessively_overpriced,1,1,0
excessively_overpowering,1,0,1
excessively_overcrowded,1,1,0
excessively_ornate,1,1,0
excessively_opulent,1,1,0
excessively_open,1,1,0
excessively_odd,1,1,0
excessively_obtrusive,1,1,0
excessively_observant,1,1,0
excessively_obscure,1,1,0
excessively_obese,1,1,0
excessively_nonchalant,1,1,0
excessively_narrow,1,1,0
excessively_more,1,1,0
excessively_pessimistic,1,1,0
excessively_poetic,1,1,0
excessively_happy,1,1,0
excessively_political,1,1,0
excessively_red,1,1,0
excessively_recognizable,1,1,0
excessively_raucous,1,1,0
excessively_questionable,1,1,0
excessively_protective,1,1,0
excessively_prone,1,1,0
excessively_promotional,1,1,0
excessively_prohibitive,1,1,0
excessively_profitable,1,1,0
excessively_profane,1,1,0
excessively_problematic,1,1,0
excessively_pricey,1,1,0
excessively_prescriptive,1,1,0
excessively_precious,1,1,0
excessively_preachy,1,1,0
excessively_praiseworthy,1,1,0
excessively_positive,1,1,0
excessively_modest,1,1,0
excessively_misleading,1,1,0
excessively_militant,1,1,0
excessively_mild,1,1,0
excessively_insistent,1,1,0
excessively_insecure,1,1,0
excessively_insane,1,0,1
excessively_injurious,1,1,0
excessively_industrious,1,1,0
excessively_indulgent,1,1,0
excessively_inclined,1,1,0
excessively_impulsive,1,1,0
excessively_impressive,1,1,0
excessively_important,1,1,0
excessively_ideological,1,1,0
excessively_hypothetical,1,1,0
excessively_hurtful,1,1,0
excessively_humiliating,1,0,1
excessively_hoppy,1,1,0
excessively_hollow,1,1,0
excessively_higher,1,1,0
excessively_insufficient,1,1,0
excessively_interesting,1,1,0
excessively_intimate,1,1,0
excessively_light,1,1,0
excessively_melodramatic,1,1,0
excessively_mathematical,1,1,0
excessively_massive,1,1,0
excessively_many,1,1,0
excessively_malicious,1,1,0
excessively_litigious,1,1,0
excessively_literal,1,1,0
excessively_liberal,1,1,0
excessively_intricate,1,1,0
excessively_legal,1,1,0
excessively_lax,1,1,0
excessively_judgmental,1,1,0
excessively_jealous,1,1,0
excessively_irritating,1,1,0
excessively_irritable,1,1,0
excessively_involved,1,1,0
exactly_verbal,1,1,0
exactly_valuable,1,1,0
fast_ok,1,1,0
exactly_frosty,1,1,0
exactly_frigid,1,1,0
exactly_frenetic,1,1,0
exactly_frazzled,1,1,0
exactly_fragrant,1,1,0
exactly_foundational,1,1,0
exactly_forgettable,1,1,0
exactly_forecast,1,1,0
exactly_forceful,1,1,0
exactly_focused,1,1,0
exactly_fluid,1,1,0
exactly_floral,1,1,0
exactly_fleeting,1,1,0
exactly_flamboyant,1,1,0
exactly_flaky,1,1,0
exactly_flabbergasted,1,1,0
exactly_first,1,1,0
exactly_firmer,1,1,0
exactly_front,1,1,0
exactly_fruity,1,1,0
exactly_filthy,1,1,0
exactly_frustrated,1,1,0
exactly_gross,1,1,0
exactly_gripping,1,1,0
exactly_grey,1,1,0
exactly_gregarious,1,1,0
exactly_greener,1,1,0
exactly_greedy,1,1,0
exactly_gratifying,1,1,0
exactly_grand,1,1,0
exactly_godly,1,1,0
exactly_girly,1,1,0
exactly_gigantic,1,1,0
exactly_gifted,1,1,0
exactly_genial,1,1,0
exactly_fuzzy,1,1,0
exactly_fussy,1,1,0
exactly_full-time,1,1,0
exactly_fuel-efficient,1,1,0
exactly_finite,1,1,0
exactly_ferocious,1,1,0
exactly_gruff,1,1,0
exactly_ethnic,1,1,0
exactly_erratic,1,1,0
exactly_erotic,1,1,0
exactly_erect,1,1,0
exactly_equivocal,1,1,0
exactly_episodic,1,1,0
exactly_enduring,1,1,0
exactly_endangered,1,1,0
exactly_encouraged,1,1,0
exactly_enchanting,1,1,0
exactly_enamoured,1,1,0
exactly_emphatic,1,1,0
exactly_empathetic,1,1,0
exactly_emotive,1,1,0
exactly_emotional,1,1,0
exactly_eminent,1,1,0
exactly_embarrassing,1,1,0
exactly_embarrassed,1,1,0
exactly_erudite,1,1,0
exactly_even-handed,1,1,0
exactly_feral,1,1,0
exactly_exacting,1,1,0
exactly_female,1,1,0
exactly_feisty,1,1,0
exactly_fearful,1,1,0
exactly_fatal,1,1,0
exactly_fastidious,1,1,0
exactly_faster,1,1,0
exactly_far-flung,1,1,0
exactly_fantastical,1,1,0
exactly_fanciful,1,1,0
exactly_faint,1,1,0
exactly_extravagant,1,1,0
exactly_exploitative,1,1,0
exactly_existential,1,1,0
exactly_exhilarating,1,1,0
exactly_exhausting,1,1,0
exactly_excruciating,1,1,0
exactly_exalted,1,1,0
exactly_grueling,1,0,1
exactly_guilty,1,1,0
exactly_jolly,1,1,0
exactly_insecure,1,1,0
exactly_innocuous,1,1,0
exactly_innate,1,1,0
exactly_inhumane,1,1,0
exactly_ingenious,1,1,0
exactly_infectious,1,1,0
exactly_inevitable,1,1,0
exactly_inescapable,1,1,0
exactly_inept,1,1,0
exactly_ineffective,1,1,0
exactly_industrial,1,1,0
exactly_indistinguishable,1,1,0
exactly_indian,1,1,0
exactly_incongruous,1,1,0
exactly_inconclusive,1,1,0
exactly_incompetent,1,1,0
exactly_inactive,1,1,0
exactly_inaccessible,1,1,0
exactly_inscrutable,1,1,0
exactly_inseparable,1,1,0
exactly_impoverished,1,1,0
exactly_insincere,1,1,0
exactly_jazzy,1,1,0
exactly_jarring,1,1,0
exactly_japanese,1,1,0
exactly_irritating,1,1,0
exactly_irreverent,1,1,0
exactly_irresistible,1,1,0
exactly_involved,1,1,0
exactly_invigorating,1,1,0
exactly_invasive,1,1,0
exactly_introverted,1,1,0
exactly_intrinsic,1,1,0
exactly_intoxicating,1,1,0
exactly_intoxicated,1,1,0
exactly_internal,1,1,0
exactly_intelligible,1,1,0
exactly_insulting,1,1,0
exactly_insubstantial,1,1,0
exactly_improbable,1,1,0
exactly_impervious,1,1,0
exactly_hairless,1,1,0
exactly_homogenous,1,1,0
exactly_holy,1,1,0
exactly_historical,1,1,0
exactly_higher,1,1,0
exactly_hidden,1,1,0
exactly_heterosexual,1,1,0
exactly_hellish,1,1,0
exactly_hectic,1,1,0
exactly_hearty,1,1,0
exactly_heartfelt,1,1,0
exactly_healthier,1,1,0
exactly_hazardous,1,1,0
exactly_hawkish,1,1,0
exactly_haunting,1,1,0
exactly_hardline,1,1,0
exactly_harder,1,1,0
exactly_haphazard,1,1,0
exactly_handicapped,1,1,0
exactly_homesick,1,1,0
exactly_honourable,1,1,0
exactly_impactful,1,1,0
exactly_hoppy,1,1,0
exactly_immutable,1,1,0
exactly_immortal,1,1,0
exactly_immersive,1,1,0
exactly_immense,1,1,0
exactly_immature,1,1,0
exactly_illustrious,1,1,0
exactly_illiterate,1,1,0
exactly_idiosyncratic,1,1,0
exactly_idealistic,1,1,0
exactly_hypocritical,1,1,0
exactly_hypnotic,1,1,0
exactly_hyper,1,1,0
exactly_hurtful,1,1,0
exactly_hungover,1,1,0
exactly_humanoid,1,1,0
exactly_humanitarian,1,1,0
exactly_horrendous,1,1,0
exactly_elusive,1,1,0
exactly_elitist,1,1,0
exactly_elderly,1,1,0
exactly_boundless,1,1,0
exactly_blank,1,1,0
exactly_bipartisan,1,1,0
exactly_biodegradable,1,1,0
exactly_bent,1,1,0
exactly_beholden,1,1,0
exactly_beefy,1,1,0
exactly_bearish,1,1,0
exactly_barbaric,1,1,0
exactly_bankrupt,1,1,0
exactly_bald,1,1,0
exactly_awestruck,1,1,0
exactly_avid,1,1,0
exactly_autonomous,1,1,0
exactly_atmospheric,1,1,0
exactly_atheist,1,1,0
exactly_astonishing,1,1,0
exactly_asian,1,1,0
exactly_blasphemous,1,1,0
exactly_bountiful,1,1,0
exactly_artificial,1,1,0
exactly_brash,1,1,0
exactly_chronological,1,1,0
exactly_choppy,1,1,0
exactly_childlike,1,0,1
exactly_chewy,1,1,0
exactly_cheaper,1,1,0
exactly_centrist,1,1,0
exactly_cavalier,1,1,0
exactly_caucasian,1,1,0
exactly_careless,1,1,0
exactly_candid,1,1,0
exactly_callous,1,1,0
exactly_cagey,1,1,0
exactly_bulky,1,1,0
exactly_bubbly,1,1,0
exactly_brooding,1,1,0
exactly_broadcast,1,1,0
exactly_brighter,1,1,0
exactly_artsy,1,1,0
exactly_arid,1,1,0
exactly_elated,1,1,0
exactly_aged,1,1,0
exactly_affable,1,1,0
exactly_adult,1,1,0
exactly_adrift,1,1,0
exactly_adorable,1,1,0
exactly_admissible,1,1,0
exactly_adjacent,1,1,0
exactly_addicting,1,1,0
exactly_adamant,1,1,0
exactly_actionable,1,1,0
exactly_acrobatic,1,1,0
exactly_accountable,1,1,0
exactly_accepting,1,1,0
exactly_abrupt,1,1,0
exactly_abrasive,1,1,0
exact_subtle,1,1,0
exact_similar,1,1,0
exact_sad,1,1,0
exactly_african,1,1,0
exactly_air-conditioned,1,1,0
exactly_arduous,1,1,0
exactly_aloof,1,1,0
exactly_architectural,1,1,0
exactly_apropos,1,1,0
exactly_apprehensive,1,1,0
exactly_appalling,1,1,0
exactly_apathetic,1,1,0
exactly_anticlimactic,1,0,1
exactly_anti-israel,1,1,0
exactly_anti-american,1,1,0
exactly_anomalous,1,1,0
exactly_angular,1,1,0
exactly_anemic,1,1,0
exactly_androgynous,1,1,0
exactly_analytical,1,1,0
exactly_amused,1,1,0
exactly_ambivalent,1,1,0
exactly_amazed,1,1,0
exactly_amateurish,1,1,0
exactly_chubby,1,1,0
exactly_chuffed,1,1,0
exactly_clad,1,1,0
exactly_disposable,1,0,1
exactly_disorganized,1,1,0
exactly_disgusting,1,1,0
exactly_discriminatory,1,1,0
exactly_discretionary,1,1,0
exactly_disciplined,1,1,0
exactly_disadvantaged,1,1,0
exactly_disabled,1,1,0
exactly_digestible,1,1,0
exactly_diabolical,1,1,0
exactly_deficient,1,1,0
exactly_defiant,1,1,0
exactly_defensible,1,1,0
exactly_defamatory,1,1,0
exactly_deceptive,1,1,0
exactly_decent,1,1,0
exactly_dear,1,1,0
exactly_deaf,1,1,0
exactly_dispassionate,1,1,0
exactly_disruptive,1,1,0
exactly_closed,1,1,0
exactly_dissonant,1,1,0
exactly_elastic,1,1,0
exactly_egregious,1,1,0
exactly_eerie,1,1,0
exactly_eccentric,1,1,0
exactly_dystopian,1,1,0
exactly_dubious,1,1,0
exactly_drinkable,1,1,0
exactly_dovish,1,1,0
exactly_doubtful,1,1,0
exactly_domestic,1,1,0
exactly_dizzy,1,1,0
exactly_divisible,1,1,0
exactly_distressed,1,1,0
exactly_distinguishable,1,1,0
exactly_distinct,1,1,0
exactly_distasteful,1,1,0
exactly_distant,1,1,0
exactly_daring,1,1,0
exactly_damaging,1,1,0
exactly_daily,1,1,0
exactly_daft,1,1,0
exactly_contemplative,1,1,0
exactly_conspicuous,1,1,0
exactly_conductive,1,1,0
exactly_condescending,1,1,0
exactly_concrete,1,1,0
exactly_compulsory,1,1,0
exactly_communicative,1,1,0
exactly_communal,1,1,0
exactly_comical,1,1,0
exactly_combustible,1,1,0
exactly_collegial,1,1,0
exactly_collaborative,1,1,0
exactly_cognizant,1,1,0
exactly_cocky,1,1,0
exactly_co-operative,1,1,0
exactly_cluttered,1,1,0
exactly_clunky,1,1,0
exactly_contentious,1,1,0
exactly_convoluted,1,1,0
exactly_corrupt,1,1,0
exactly_crippling,1,1,0
exactly_cyclical,1,1,0
exactly_custom,1,1,0
exactly_curvy,1,1,0
exactly_curable,1,1,0
exactly_culpable,1,0,1
exactly_cryptic,1,1,0
exactly_crude,1,1,0
exactly_crass,1,1,0
exactly_cosmopolitan,1,1,0
exactly_crappy,1,1,0
exactly_crafty,1,1,0
exactly_countless,1,1,0
exactly_counterintuitive,1,1,0
exactly_counter-intuitive,1,1,0
exactly_costly,1,1,0
exactly_cost-efficient,1,1,0
exactly_jobless,1,1,0
exactly_joyous,1,1,0
exactly_utopian,1,1,0
exactly_stronger,1,1,0
exactly_streaky,1,1,0
exactly_stout,1,1,0
exactly_stingy,1,1,0
exactly_stimulating,1,1,0
exactly_stern,1,1,0
exactly_steadfast,1,1,0
exactly_static,1,1,0
exactly_stark,1,1,0
exactly_stagnant,1,1,0
exactly_staggering,1,1,0
exactly_squishy,1,1,0
exactly_spot,1,1,0
exactly_sparse,1,1,0
exactly_spanish,1,1,0
exactly_sour,1,1,0
exactly_soulful,1,1,0
exactly_sorrowful,1,1,0
exactly_stressful,1,1,0
exactly_stuck,1,1,0
exactly_socialist,1,1,0
exactly_stunned,1,1,0
exactly_temporary,1,1,0
exactly_taxing,1,1,0
exactly_taut,1,1,0
exactly_tantalizing,1,1,0
exactly_tactile,1,1,0
exactly_symbolic,1,1,0
exactly_swell,1,1,0
exactly_sweeter,1,1,0
exactly_sweeping,1,1,0
exactly_susceptible,1,1,0
exactly_supernatural,1,1,0
exactly_superhuman,1,1,0
exactly_super,1,1,0
exactly_sumptuous,1,1,0
exactly_suggestive,1,1,0
exactly_submissive,1,1,0
exactly_subjective,1,1,0
exactly_softer,1,1,0
exactly_smoky,1,1,0
exactly_terminal,1,1,0
exactly_sentient,1,1,0
exactly_seminal,1,1,0
exactly_self-taught,1,1,0
exactly_seductive,1,1,0
exactly_sedate,1,1,0
exactly_sectarian,1,1,0
exactly_scottish,1,1,0
exactly_scalable,1,1,0
exactly_satirical,1,1,0
exactly_sarcastic,1,1,0
exactly_salty,1,1,0
exactly_sadistic,1,1,0
exactly_sacrosanct,1,0,1
exactly_ruthless,1,1,0
exactly_runny,1,1,0
exactly_rubbish,1,1,0
exactly_routine,1,0,1
exactly_rousing,1,1,0
exactly_senseless,1,1,0
exactly_separate,1,1,0
exactly_smitten,1,1,0
exactly_serene,1,1,0
exactly_sly,1,1,0
exactly_slutty,1,1,0
exactly_slower,1,1,0
exactly_slight,1,1,0
exactly_sleek,1,1,0
exactly_sketchy,1,1,0
exactly_sinful,1,1,0
exactly_silver,1,1,0
exactly_significant,1,1,0
exactly_shortsighted,1,1,0
exactly_shit,1,1,0
exactly_shiny,1,1,0
exactly_sheer,1,1,0
exactly_shareable,1,1,0
exactly_severe,1,1,0
exactly_set,1,1,0
exactly_serviceable,1,1,0
exactly_tentative,1,1,0
exactly_terrified,1,1,0
exactly_judgmental,1,1,0
exactly_unreachable,1,1,0
exactly_unpublished,1,1,0
exactly_unproductive,1,1,0
exactly_unplayable,1,1,0
exactly_unoccupied,1,1,0
exactly_unnoticed,1,1,0
exactly_unnoticeable,1,1,0
exactly_unnerved,1,1,0
exactly_unnecessary,1,1,0
exactly_unmoved,1,1,0
exactly_unmarked,1,1,0
exactly_unkind,1,1,0
exactly_uninteresting,1,1,0
exactly_uninterested,1,1,0
exactly_unintentional,1,1,0
exactly_uninhabited,1,1,0
exactly_unimpressive,1,1,0
exactly_unfortunate,1,1,0
exactly_unqualified,1,1,0
exactly_unreadable,1,1,0
exactly_unflattering,1,1,0
exactly_unrecognizable,1,1,0
exactly_useable,1,1,0
exactly_uphill,1,1,0
exactly_unwanted,1,1,0
exactly_untouchable,1,1,0
exactly_untold,1,1,0
exactly_unsympathetic,1,1,0
exactly_unsurprising,1,1,0
exactly_unsung,1,1,0
exactly_unsubstantiated,1,1,0
exactly_unskilled,1,1,0
exactly_unsettled,1,1,0
exactly_unselfish,1,1,0
exactly_unsatisfying,1,1,0
exactly_unsatisfied,1,1,0
exactly_unruly,1,1,0
exactly_unresponsive,1,1,0
exactly_unreliable,1,1,0
exactly_unforgettable,1,1,0
exactly_unexplored,1,1,0
exactly_terse,1,1,0
exactly_troubling,1,1,0
exactly_transformational,1,1,0
exactly_transcendent,1,1,0
exactly_tragic,1,1,0
exactly_traceable,1,1,0
exactly_toxic,1,1,0
exactly_touted,1,1,0
exactly_touristy,1,1,0
exactly_touchy,1,1,0
exactly_total,1,1,0
exactly_torturous,1,1,0
exactly_toothless,1,1,0
exactly_tipsy,1,1,0
exactly_thrifty,1,1,0
exactly_theological,1,1,0
exactly_thematic,1,1,0
exactly_theatrical,1,1,0
exactly_testy,1,0,1
exactly_triple,1,1,0
exactly_un-american,1,1,0
exactly_unethical,1,1,0
exactly_unanswered,1,1,0
exactly_unequal,1,1,0
exactly_uneducated,1,1,0
exactly_undesirable,1,1,0
exactly_underwhelming,1,1,0
exactly_underwater,1,1,0
exactly_underfunded,1,1,0
exactly_under-appreciated,1,1,0
exactly_unconventional,1,1,0
exactly_unconstitutional,1,1,0
exactly_unconscious,1,1,0
exactly_unconfirmed,1,1,0
exactly_unconditional,1,1,0
exactly_uncharted,1,1,0
exactly_unchallenged,1,1,0
exactly_unavoidable,1,1,0
exactly_unavailable,1,1,0
exactly_unappealing,1,1,0
exactly_rocky,1,1,0
exactly_righteous,1,1,0
exactly_rhythmic,1,1,0
exactly_nauseous,1,1,0
exactly_naughty,1,1,0
exactly_naturalistic,1,1,0
exactly_national,1,1,0
exactly_nascent,1,1,0
exactly_narrow,1,1,0
exactly_mystifying,1,1,0
exactly_mushy,1,1,0
exactly_multicultural,1,1,0
exactly_mournful,1,1,0
exactly_mountainous,1,1,0
exactly_more,1,1,0
exactly_monochromatic,1,1,0
exactly_momentous,1,1,0
exactly_mistaken,1,1,0
exactly_misleading,1,1,0
exactly_minuscule,1,1,0
exactly_minimalistic,1,1,0
exactly_nauseating,1,1,0
exactly_near,1,1,0
exactly_mind-boggling,1,1,0
exactly_nearby,1,1,0
exactly_nude,1,1,0
exactly_nuclear,1,1,0
exactly_north,1,1,0
exactly_nonstop,1,1,0
exactly_nonpartisan,1,1,0
exactly_nonexistent,1,1,0
exactly_nonchalant,1,1,0
exactly_non-toxic,1,1,0
exactly_non-stop,1,1,0
exactly_non-partisan,1,1,0
exactly_nominal,1,1,0
exactly_noisy,1,1,0
exactly_newer,1,1,0
exactly_nerve-wracking,1,1,0
exactly_nerdy,1,1,0
exactly_needy,1,1,0
exactly_nebulous,1,1,0
exactly_mindful,1,1,0
exactly_militant,1,1,0
exactly_rhetorical,1,1,0
exactly_loud,1,1,0
exactly_loath,1,1,0
exactly_lively,1,1,0
exactly_livable,1,1,0
exactly_listenable,1,1,0
exactly_liquid,1,1,0
exactly_limp,1,1,0
exactly_liable,1,1,0
exactly_lethargic,1,1,0
exactly_lengthy,1,1,0
exactly_leftist,1,1,0
exactly_left-wing,1,1,0
exactly_lax,1,0,1
exactly_lawless,1,1,0
exactly_laughable,1,0,1
exactly_large-scale,1,1,0
exactly_kinder,1,1,0
exactly_juicy,1,1,0
exactly_loopy,1,1,0
exactly_lousy,1,1,0
exactly_mexican,1,1,0
exactly_loveable,1,1,0
exactly_metallic,1,1,0
exactly_merciless,1,1,0
exactly_melodramatic,1,1,0
exactly_meek,1,1,0
exactly_mediocre,1,1,0
exactly_medicinal,1,1,0
exactly_meaty,1,1,0
exactly_meaningless,1,1,0
exactly_marvelous,1,1,0
exactly_marginal,1,1,0
exactly_malignant,1,1,0
exactly_malicious,1,1,0
exactly_macabre,1,1,0
exactly_lush,1,1,0
exactly_lucky,1,1,0
exactly_lowest,1,1,0
exactly_low-income,1,1,0
exactly_numb,1,1,0
exactly_nurturing,1,1,0
exactly_obedient,1,1,0
exactly_rebellious,1,1,0
exactly_rabid,1,1,0
exactly_quirky,1,1,0
exactly_quieter,1,1,0
exactly_quality,1,1,0
exactly_puzzling,1,1,0
exactly_puny,1,1,0
exactly_psychotic,1,1,0
exactly_psychic,1,1,0
exactly_protestant,1,1,0
exactly_protectionist,1,1,0
exactly_probable,1,1,0
exactly_pro-life,1,1,0
exactly_pro-israel,1,1,0
exactly_pro,1,1,0
exactly_privileged,1,1,0
exactly_prime,1,1,0
exactly_presumptuous,1,1,0
exactly_radiant,1,1,0
exactly_reckless,1,1,0
exactly_obtuse,1,1,0
exactly_recognisable,1,1,0
exactly_reverent,1,1,0
exactly_revealing,1,0,1
exactly_reticent,1,1,0
exactly_restrictive,1,1,0
exactly_restrained,1,0,1
exactly_respectable,1,1,0
exactly_repugnant,1,1,0
exactly_reproducible,1,1,0
exactly_repetitive,1,1,0
exactly_removable,1,1,0
exactly_reliant,1,1,0
exactly_regional,1,1,0
exactly_regal,1,1,0
exactly_refreshed,1,1,0
exactly_refined,1,1,0
exactly_reductive,1,1,0
exactly_recreational,1,1,0
exactly_prestigious,1,1,0
exactly_pressing,1,1,0
exactly_predictive,1,1,0
exactly_precious,1,1,0
exactly_pale,1,1,0
exactly_pagan,1,1,0
exactly_overwhelmed,1,1,0
exactly_overweight,1,1,0
exactly_overt,1,1,0
exactly_overdone,1,1,0
exactly_overcrowded,1,1,0
exactly_outrageous,1,1,0
exactly_outdated,1,1,0
exactly_other,1,1,0
exactly_ornate,1,1,0
exactly_ornamental,1,1,0
exactly_opinionated,1,1,0
exactly_operational,1,1,0
exactly_open-ended,1,1,0
exactly_old-school,1,1,0
exactly_off,1,1,0
exactly_pathetic,1,1,0
exactly_perilous,1,1,0
exactly_perishable,1,1,0
exactly_poisonous,1,1,0
exactly_precarious,1,1,0
exactly_praiseworthy,1,1,0
exactly_porous,1,1,0
exactly_populist,1,1,0
exactly_pop,1,1,0
exactly_poorer,1,1,0
exactly_polished,1,1,0
exactly_pointless,1,1,0
exactly_persistent,1,1,0
exactly_poignant,1,1,0
exactly_pivotal,1,1,0
exactly_pigmented,1,1,0
exactly_philosophical,1,1,0
exactly_petrified,1,1,0
exactly_pervasive,1,1,0
exactly_persuasive,1,1,0
exclusively_obtainable,1,1,0
exclusively_older,1,1,0
exclusively_open,1,1,0
extremely_witty,1,1,0
extremely_windy,1,1,0
extremely_willing,1,1,0
extremely_weighty,1,1,0
extremely_waterproof,1,1,0
extremely_washable,1,1,0
extremely_voluminous,1,1,0
extremely_visceral,1,1,0
extremely_vigorous,1,1,0
extremely_venomous,1,1,0
extremely_variable,1,1,0
extremely_valid,1,1,0
extremely_utilitarian,1,1,0
extremely_usual,1,1,0
extremely_uptight,1,1,0
extremely_upscale,1,1,0
extremely_upfront,1,1,0
extremely_unsightly,1,1,0
extremely_winnable,1,1,0
extremely_worldly,1,1,0
extremely_unpredictable,1,1,0
extremely_yellow,1,1,0
fabulously_flawless,1,1,0
fabulously_fashionable,1,1,0
fabulously_famous,1,1,0
fabulously_diverse,1,1,0
fabulously_delicious,1,1,0
fabulously_bold,1,1,0
extremly_sturdy,1,1,0
extremly_special,1,0,1
extremly_skinny,1,1,0
extremly_simple,1,1,0
extremly_overblown,1,1,0
extremly_narrow,1,1,0
extremly_hard,1,1,0
extremly_happy,1,1,0
extremly_cold,1,1,0
extremly_calm,1,1,0
extremely_yummy,1,1,0
extremely_unsettling,1,1,0
extremely_unmistakable,1,1,0
fabulously_great,1,1,0
extremely_timely,1,1,0
extremely_therapeutic,1,1,0
extremely_theological,1,1,0
extremely_terrible,1,1,0
extremely_tender,1,1,0
extremely_tenable,1,1,0
extremely_tactile,1,1,0
extremely_tactful,1,1,0
extremely_systematic,1,1,0
extremely_sustainable,1,1,0
extremely_suspicious,1,1,0
extremely_suspect,1,1,0
extremely_superstitious,1,1,0
extremely_superb,1,1,0
extremely_substantial,1,1,0
extremely_stupid,1,1,0
extremely_stunning,1,1,0
extremely_structured,1,1,0
extremely_tidy,1,1,0
extremely_timid,1,1,0
extremely_unlucky,1,1,0
extremely_tiny,1,1,0
extremely_unlikeable,1,1,0
extremely_unjust,1,1,0
extremely_unimportant,1,1,0
extremely_unhelpful,1,1,0
extremely_unexpected,1,0,1
extremely_unethical,1,1,0
extremely_underrated,1,1,0
extremely_uncool,1,1,0
extremely_unconvincing,1,1,0
extremely_unattractive,1,1,0
extremely_ugly,1,1,0
extremely_truthful,1,1,0
extremely_troubling,1,1,0
extremely_trivial,1,0,1
extremely_touching,1,1,0
extremely_tolerant,1,1,0
extremely_tiring,1,1,0
fabulously_funny,1,1,0
fabulously_incredible,1,1,0
fairly_bland,1,1,0
faintly_secure,1,1,0
faintly_recognizable,1,1,0
faintly_ready,1,1,0
faintly_qualified,1,1,0
faintly_possible,1,1,0
faintly_positive,1,1,0
faintly_pleasant,1,1,0
faintly_outrageous,1,0,1
faintly_odd,1,1,0
faintly_modest,1,0,1
faintly_memorable,1,1,0
faintly_juicy,1,1,0
faintly_indecent,1,1,0
faintly_fishy,1,1,0
faintly_fascinating,1,1,0
faintly_erotic,1,0,1
faintly_enough,1,1,0
faintly_curious,1,1,0
faintly_romantic,1,0,1
faintly_similar,1,0,1
faintly_aware,1,1,0
faintly_strange,1,1,0
fairly_basic,1,1,0
fairly_balanced,1,0,1
fairly_awesome,1,1,0
fairly_available,1,1,0
fairly_attractive,1,1,0
fairly_asleep,1,1,0
fairly_arbitrary,1,1,0
fairly_appropriate,1,1,0
fairly_apparent,1,1,0
fairly_analogous,1,1,0
fairly_agile,1,1,0
fairly_advanced,1,1,0
fairly_active,1,1,0
fairly_accessible,1,1,0
faintly_visible,1,1,0
faintly_true,1,1,0
faintly_terrifying,1,1,0
faintly_close,1,1,0
faintly_audible,1,1,0
fabulously_interesting,1,1,0
factually_guilty,1,1,0
factually_erroneous,1,1,0
factually_difficult,1,1,0
factually_defensible,1,1,0
factually_convincing,1,1,0
factually_consistent,1,1,0
factually_careful,1,1,0
factually_bogus,1,1,0
factually_baseless,1,1,0
factually_autobiographical,1,1,0
factually_appropriate,1,1,0
fabulously_supportive,1,1,0
fabulously_successful,1,1,0
fabulously_stylish,1,1,0
fabulously_smooth,1,1,0
fabulously_luxurious,1,1,0
fabulously_lucky,1,1,0
fabulously_literate,1,1,0
factually_fascinating,1,1,0
factually_heavy,1,1,0
faintly_amusing,1,0,1
factually_immaculate,1,1,0
faintly_ambiguous,1,0,1
faintly_alike,1,1,0
factually_untenable,1,1,0
factually_unfair,1,1,0
factually_sufficient,1,1,0
factually_substantive,1,1,0
factually_spurious,1,1,0
factually_specious,1,1,0
factually_similar,1,1,0
factually_scientific,1,1,0
factually_reliable,1,1,0
factually_recognizable,1,1,0
factually_possible,1,1,0
factually_obtuse,1,1,0
factually_nonsensical,1,1,0
factually_misleading,1,1,0
factually_inconsistent,1,1,0
extremely_stringent,1,1,0
extremely_strident,1,1,0
extremely_strenuous,1,1,0
extremely_off,1,1,0
extremely_obedient,1,1,0
extremely_non-traditional,1,1,0
extremely_noble,1,1,0
extremely_nimble,1,1,0
extremely_navigable,1,1,0
extremely_natural,1,1,0
extremely_nasty,1,1,0
extremely_myopic,1,1,0
extremely_mushy,1,1,0
extremely_moral,1,1,0
extremely_modest,1,1,0
extremely_misogynistic,1,1,0
extremely_mind-blowing,1,1,0
extremely_melodic,1,1,0
extremely_massive,1,1,0
extremely_many,1,1,0
extremely_manly,1,1,0
extremely_obnoxious,1,1,0
extremely_oily,1,1,0
extremely_mainstream,1,1,0
extremely_older,1,1,0
extremely_perilous,1,1,0
extremely_perceptive,1,1,0
extremely_peaceful,1,1,0
extremely_patriotic,1,1,0
extremely_passive,1,1,0
extremely_paranoid,1,1,0
extremely_paramount,1,1,0
extremely_overworked,1,1,0
extremely_overpowering,1,1,0
extremely_overbearing,1,1,0
extremely_outstanding,1,1,0
extremely_outgoing,1,1,0
extremely_orthodox,1,1,0
extremely_optimal,1,1,0
extremely_opportunistic,1,1,0
extremely_opaque,1,1,0
extremely_ominous,1,1,0
extremely_major,1,0,1
extremely_mad,1,1,0
extremely_streaky,1,1,0
extremely_intricate,1,1,0
extremely_international,1,1,0
extremely_intensive,1,1,0
extremely_intellectual,1,1,0
extremely_integral,1,1,0
extremely_inspiring,1,1,0
extremely_insightful,1,1,0
extremely_inhumane,1,1,0
extremely_infuriating,1,1,0
extremely_informational,1,1,0
extremely_incorrect,1,1,0
extremely_imperative,1,1,0
extremely_immediate,1,1,0
extremely_idiotic,1,1,0
extremely_ideological,1,1,0
extremely_hungover,1,1,0
extremely_humiliating,1,1,0
extremely_humble,1,1,0
extremely_intimate,1,1,0
extremely_introverted,1,1,0
extremely_lower,1,1,0
extremely_intrusive,1,1,0
extremely_low-income,1,1,0
extremely_lovable,1,1,0
extremely_little,1,1,0
extremely_literate,1,1,0
extremely_likeable,1,1,0
extremely_lethal,1,1,0
extremely_lax,1,1,0
extremely_laborious,1,1,0
extremely_judgemental,1,1,0
extremely_joyous,1,1,0
extremely_joyful,1,1,0
extremely_jittery,1,1,0
extremely_itchy,1,1,0
extremely_islamic,1,1,0
extremely_irritating,1,1,0
extremely_ironic,1,1,0
extremely_inviting,1,1,0
extremely_persistent,1,1,0
extremely_pessimistic,1,1,0
extremely_petty,1,1,0
extremely_shady,1,0,1
extremely_sensational,1,1,0
extremely_self-conscious,1,1,0
extremely_scientific,1,1,0
extremely_scary,1,1,0
extremely_scared,1,1,0
extremely_scandalous,1,0,1
extremely_scalable,1,1,0
extremely_same,1,1,0
extremely_salacious,1,1,0
extremely_rusty,1,1,0
extremely_rural,1,1,0
extremely_rugged,1,1,0
extremely_roomy,1,1,0
extremely_risk-free,1,1,0
extremely_ridiculous,1,1,0
extremely_revelatory,1,1,0
extremely_restrictive,1,1,0
extremely_sentimental,1,1,0
extremely_shaky,1,1,0
extremely_phenomenal,1,1,0
extremely_shiny,1,1,0
extremely_straight,1,1,0
extremely_steady,1,1,0
extremely_startling,1,0,1
extremely_spiritual,1,1,0
extremely_speedy,1,1,0
extremely_speculative,1,1,0
extremely_specialized,1,1,0
extremely_sour,1,1,0
extremely_sorry,1,1,0
extremely_slippery,1,1,0
extremely_slim,1,1,0
extremely_skinny,1,1,0
extremely_skeptical,1,1,0
extremely_sickening,1,1,0
extremely_shy,1,1,0
extremely_shrewd,1,1,0
extremely_shortsighted,1,1,0
extremely_respectful,1,1,0
extremely_resistant,1,1,0
extremely_relaxed,1,1,0
extremely_relatable,1,1,0
extremely_previous,1,1,0
extremely_present,1,0,1
extremely_pregnant,1,1,0
extremely_preferable,1,1,0
extremely_precious,1,1,0
extremely_preachy,1,1,0
extremely_possible,1,1,0
extremely_possessive,1,1,0
extremely_portable,1,1,0
extremely_pompous,1,1,0
extremely_political,1,1,0
extremely_plush,1,1,0
extremely_plentiful,1,1,0
extremely_playful,1,1,0
extremely_plausible,1,1,0
extremely_pink,1,1,0
extremely_picturesque,1,1,0
extremely_priceless,1,1,0
extremely_progressive,1,1,0
extremely_prolific,1,1,0
extremely_rad,1,1,0
extremely_recognizable,1,1,0
extremely_receptive,1,1,0
extremely_rebellious,1,1,0
extremely_reactionary,1,1,0
extremely_rational,1,1,0
extremely_rapid,1,1,0
extremely_radioactive,1,1,0
extremely_pure,1,1,0
extremely_promiscuous,1,1,0
extremely_pungent,1,1,0
extremely_punchy,1,1,0
extremely_public,1,1,0
extremely_prudent,1,1,0
extremely_provincial,1,0,1
extremely_prosperous,1,1,0
extremely_proprietary,1,1,0
fairly_best,1,1,0
fairly_bullish,1,1,0
exclusively_oral,1,1,0
fantastically_reliable,1,1,0
fantastically_powerful,1,1,0
fantastically_magical,1,1,0
fantastically_magic,1,0,1
fantastically_large,1,1,0
fantastically_irritating,1,1,0
fantastically_infectious,1,1,0
fantastically_indifferent,1,1,0
fantastically_impressed,1,1,0
fantastically_huge,1,1,0
fantastically_hot,1,1,0
fantastically_hostile,1,1,0
fantastically_healthy,1,1,0
fantastically_happy,1,1,0
fantastically_great,1,1,0
fantastically_generous,1,1,0
fantastically_functional,1,1,0
fantastically_entertaining,1,1,0
fantastically_quirky,1,1,0
fantastically_remote,1,1,0
fantastically_disappointed,1,1,0
fantastically_rich,1,1,0
far_available,1,1,0
far_asleep,1,1,0
far_askew,1,1,0
far_analogous,1,1,0
far_ample,1,1,0
far_alien,1,1,0
far_afoot,1,1,0
far_absolute,1,1,0
fantastically_wealthy,1,1,0
fantastically_unpleasant,1,1,0
fantastically_unlikely,1,1,0
fantastically_successful,1,0,1
fantastically_strange,1,1,0
fantastically_special,1,0,1
fantastically_satisfied,1,1,0
fantastically_rude,1,1,0
fantastically_right,1,0,1
fantastically_enjoyable,1,1,0
fantastically_difficult,1,1,0
far_blue,1,1,0
famously_paranoid,1,1,0
famously_hot,1,1,0
famously_grumpy,1,1,0
famously_great,1,1,0
famously_fond,1,1,0
famously_expensive,1,1,0
famously_entertaining,1,1,0
famously_enough,1,1,0
famously_effective,1,1,0
famously_devout,1,1,0
famously_depressed,1,1,0
famously_courteous,1,1,0
famously_competitive,1,1,0
famously_calm,1,1,0
famously_accurate,1,1,0
famously_accessible,1,1,0
falsely_worldly,1,1,0
falsely_uplifting,1,1,0
famously_intense,1,1,0
famously_protective,1,1,0
fantastically_different,1,1,0
famously_receptive,1,1,0
fantastically_corrupt,1,1,0
fantastically_clear,1,1,0
fantastically_cinematic,1,1,0
fantastically_british,1,1,0
fantastically_brilliant,1,1,0
fantastically_bizarre,1,1,0
fantastically_better,1,1,0
fantastically_bad,1,1,0
fantastically_authentic,1,1,0
fantastically_attractive,1,1,0
fantastically_artistic,1,1,0
fantastically_affordable,1,1,0
famously_whimsical,1,1,0
famously_versatile,1,1,0
famously_tolerant,1,1,0
famously_terrifying,1,1,0
famously_sympathetic,1,1,0
far_bad,1,1,0
far_cheap,1,1,0
fairly_candid,1,1,0
farther_right,1,1,0
farther_distant,1,1,0
farther_advanced,1,1,0
far_wealthier,1,1,0
far_weaker,1,1,0
far_warmer,1,1,0
far_visible,1,1,0
far_uphill,1,1,0
far_uncomplicated,1,1,0
far_uglier,1,1,0
far_thick,1,1,0
far_taller,1,1,0
far_sweeter,1,1,0
far_softer,1,1,0
far_slower,1,1,0
far_similar,1,1,0
far_separate,1,1,0
far_second,1,1,0
farther_distinct,1,1,0
farther_wide,1,1,0
far_remote,1,1,0
fascinatingly_awful,1,1,0
fast_more,1,1,0
fast_forthcoming,1,1,0
fast_ample,1,1,0
fashionably_wealthy,1,1,0
fashionably_rich,1,1,0
fashionably_predictable,1,1,0
fashionably_nerdy,1,1,0
fashionably_neat,1,1,0
fashionably_minimalistic,1,1,0
fashionably_large,1,1,0
fashionably_depressed,1,1,0
fashionably_cool,1,1,0
fashionably_confident,1,1,0
fashionably_chic,1,1,0
fashionably_acceptable,1,1,0
fascinatingly_weird,1,1,0
fascinatingly_bleak,1,1,0
far_right-wing,1,1,0
far_ready,1,1,0
far_clear,1,1,0
far_incorrect,1,1,0
far_high,1,1,0
far_happier,1,1,0
far_great,1,1,0
far_friendlier,1,1,0
far_freer,1,1,0
far_effective,1,1,0
far_easy,1,1,0
far_dry,1,1,0
far_divergent,1,1,0
far_deeper,1,1,0
far_deadlier,1,1,0
far_cuter,1,1,0
far_costlier,1,1,0
far_conclusive,1,1,0
far_comparable,1,1,0
far_closer,1,1,0
far_close,1,1,0
far_impressed,1,1,0
far_kinder,1,1,0
far_rarer,1,1,0
far_long,1,1,0
far_radical,1,1,0
far_quieter,1,1,0
far_proper,1,1,0
far_primary,1,1,0
far_prettier,1,1,0
far_poorer,1,1,0
far_playable,1,1,0
far_platonic,1,1,0
far_permanent,1,1,0
far_outside,1,1,0
far_outpacing,1,1,0
far_outlandish,1,1,0
far_outdated,1,1,0
far_optimal,1,1,0
far_nicer,1,1,0
far_meticulous,1,1,0
far_many,1,1,0
falsely_titillating,1,1,0
falsely_shy,1,1,0
falsely_sentimental,1,1,0
fairly_lightweight,1,1,0
fairly_knowledgeable,1,1,0
fairly_inviting,1,1,0
fairly_intuitive,1,1,0
fairly_insulting,1,1,0
fairly_insignificant,1,1,0
fairly_insensitive,1,1,0
fairly_inflexible,1,1,0
fairly_indifferent,1,1,0
fairly_indecent,1,1,0
fairly_impossible,1,1,0
fairly_important,1,1,0
fairly_impeccable,1,1,0
fairly_immune,1,1,0
fairly_immediate,1,1,0
fairly_hungry,1,1,0
fairly_humorous,1,1,0
fairly_healthy,1,1,0
fairly_late,1,1,0
fairly_likely,1,1,0
fairly_hard,1,1,0
fairly_linear,1,1,0
fairly_perfect,1,1,0
fairly_painful,1,1,0
fairly_old,1,1,0
fairly_okay,1,1,0
fairly_obsessed,1,1,0
fairly_objective,1,1,0
fairly_nonchalant,1,1,0
fairly_neutral,1,1,0
fairly_negligible,1,1,0
fairly_narrow,1,1,0
fairly_modest,1,1,0
fairly_mobile,1,1,0
fairly_minimal,1,1,0
fairly_lucrative,1,1,0
fairly_low,1,1,0
fairly_long,1,1,0
fairly_literal,1,1,0
fairly_harmless,1,1,0
fairly_handsome,1,1,0
falsely_sad,1,1,0
fairly_derivative,1,1,0
fairly_deep,1,1,0
fairly_decent,1,1,0
fairly_dark,1,1,0
fairly_crude,1,1,0
fairly_critical,1,1,0
fairly_cost-effective,1,1,0
fairly_correct,1,1,0
fairly_conversant,1,1,0
fairly_complete,1,1,0
fairly_competent,1,1,0
fairly_commensurate,1,1,0
fairly_comfortable,1,1,0
fairly_clueless,1,1,0
fairly_clean,1,1,0
fairly_civil,1,1,0
fairly_casual,1,1,0
fairly_capable,1,1,0
fairly_dependent,1,1,0
fairly_detailed,1,1,0
fairly_great,1,1,0
fairly_direct,1,1,0
fairly_gonna,1,1,0
fairly_gimmicky,1,1,0
fairly_fun,1,1,0
fairly_friendly,1,1,0
fairly_formulaic,1,0,1
fairly_fantastic,1,1,0
fairly_famous,1,1,0
fairly_excited,1,1,0
fairly_excessive,1,1,0
fairly_evident,1,1,0
fairly_essential,1,1,0
fairly_dreadful,1,0,1
fairly_drastic,1,1,0
fairly_doomed,1,1,0
fairly_disturbing,1,1,0
fairly_distinct,1,1,0
fairly_disastrous,1,1,0
fairly_pleasant,1,1,0
fairly_pleased,1,1,0
fairly_popular,1,1,0
falsely_acceptable,1,1,0
fairly_weak,1,1,0
fairly_volatile,1,1,0
fairly_vital,1,1,0
fairly_vast,1,1,0
fairly_unsettled,1,1,0
fairly_unsafe,1,1,0
fairly_unpleasant,1,1,0
fairly_unimpressive,1,1,0
fairly_uniform,1,1,0
fairly_underwhelming,1,1,0
fairly_unbalanced,1,1,0
fairly_unable,1,1,0
fairly_typical,1,1,0
fairly_tremendous,1,1,0
fairly_tough,1,1,0
fairly_tired,1,1,0
fairly_timid,1,1,0
fairly_well-known,1,1,0
falsely_bad,1,1,0
fairly_pricey,1,1,0
falsely_cheerful,1,1,0
falsely_romantic,1,1,0
falsely_religious,1,1,0
falsely_reductive,1,1,0
falsely_reassuring,1,1,0
falsely_proud,1,1,0
falsely_positive,1,1,0
falsely_polarizing,1,1,0
falsely_nostalgic,1,0,1
falsely_nice,1,1,0
falsely_neutral,1,1,0
falsely_loyal,1,1,0
falsely_low,1,1,0
falsely_idealistic,1,1,0
falsely_heavy,1,1,0
falsely_frightening,1,1,0
falsely_enthusiastic,1,1,0
falsely_confident,1,1,0
fairly_timeless,1,1,0
fairly_thrilling,1,1,0
fairly_terrible,1,1,0
fairly_supernatural,1,1,0
fairly_sensible,1,1,0
fairly_self-explanatory,1,1,0
fairly_scary,1,1,0
fairly_safe,1,1,0
fairly_ripe,1,1,0
fairly_rich,1,1,0
fairly_responsive,1,1,0
fairly_reluctant,1,1,0
fairly_reliable,1,1,0
fairly_regular,1,1,0
fairly_reasonable,1,1,0
fairly_real,1,1,0
fairly_quiet,1,1,0
fairly_quick,1,1,0
fairly_questionable,1,1,0
fairly_provincial,1,1,0
fairly_pristine,1,1,0
fairly_shallow,1,1,0
fairly_sharp,1,1,0
fairly_shocked,1,1,0
fairly_specific,1,1,0
fairly_superior,1,1,0
fairly_stylish,1,1,0
fairly_structured,1,1,0
fairly_strong,1,0,1
fairly_straight,1,1,0
fairly_speedy,1,1,0
fairly_spectacular,1,1,0
fairly_sparse,1,1,0
fairly_short,1,1,0
fairly_smooth,1,1,0
fairly_smart,1,1,0
fairly_slim,1,1,0
fairly_skinny,1,1,0
fairly_skillful,1,1,0
fairly_skilled,1,1,0
fairly_silent,1,1,0
extremely_hospitable,1,1,0
extremely_honourable,1,1,0
extremely_homophobic,1,1,0
explicitly_untrue,1,1,0
explicitly_unrelated,1,1,0
explicitly_unique,1,1,0
explicitly_unconstitutional,1,1,0
explicitly_triumphant,1,1,0
explicitly_transactional,1,1,0
explicitly_topical,1,1,0
explicitly_titillating,1,1,0
explicitly_theatrical,1,1,0
explicitly_terrible,1,1,0
explicitly_taboo,1,1,0
explicitly_supportive,1,1,0
explicitly_stoic,1,1,0
explicitly_speculative,1,1,0
explicitly_specific,1,1,0
explicitly_sexist,1,1,0
explicitly_sectarian,1,1,0
explicitly_scandalous,1,1,0
explicitly_unsettling,1,1,0
explicitly_useful,1,1,0
explicitly_satirical,1,1,0
explicitly_utopian,1,1,0
explosively_great,1,1,0
explosively_gooey,1,1,0
explosively_funny,1,1,0
explosively_fruity,1,1,0
explosively_enough,1,1,0
explosively_divisive,1,1,0
explosively_defensive,1,1,0
explosively_contagious,1,1,0
explosively_brilliant,1,1,0
explosively_blissful,1,1,0
explosively_angry,1,1,0
explicitly_willing,1,1,0
explicitly_white,1,1,0
explicitly_vulgar,1,1,0
explicitly_vocal,1,1,0
explicitly_vile,1,1,0
explicitly_valid,1,1,0
explicitly_satisfied,1,1,0
explicitly_salty,1,1,0
explosively_large,1,1,0
explicitly_pagan,1,1,0
explicitly_original,1,1,0
explicitly_operatic,1,1,0
explicitly_open,1,1,0
explicitly_offensive,1,1,0
explicitly_observable,1,1,0
explicitly_obscene,1,1,0
explicitly_nuclear,1,1,0
explicitly_nocturnal,1,0,1
explicitly_noble,1,1,0
explicitly_new,1,1,0
explicitly_nationalistic,1,1,0
explicitly_narrative,1,1,0
explicitly_modern,1,1,0
explicitly_mexican,1,1,0
explicitly_medieval,1,1,0
explicitly_medicinal,1,1,0
explicitly_meaningful,1,1,0
explicitly_orthodox,1,1,0
explicitly_personal,1,1,0
explicitly_romantic,1,1,0
explicitly_pessimistic,1,1,0
explicitly_right,1,1,0
explicitly_revolutionary,1,1,0
explicitly_republican,1,1,0
explicitly_redundant,1,1,0
explicitly_rebellious,1,1,0
explicitly_raunchy,1,1,0
explicitly_radical,1,1,0
explicitly_qualified,1,1,0
explicitly_provocative,1,1,0
explicitly_protectionist,1,1,0
explicitly_prophetic,1,1,0
explicitly_profitable,1,1,0
explicitly_predictable,1,1,0
explicitly_pornographic,1,1,0
explicitly_polish,1,1,0
explicitly_physical,1,1,0
explicitly_philosophical,1,1,0
explosively_hoppy,1,1,0
explosively_new,1,0,1
extremely_historical,1,1,0
extra_achievable,1,1,0
externally_vulnerable,1,1,0
externally_valuable,1,1,0
externally_stylish,1,1,0
externally_searchable,1,1,0
externally_righteous,1,1,0
externally_relevant,1,1,0
externally_regular,1,1,0
externally_physical,1,1,0
externally_open,1,1,0
externally_noticeable,1,1,0
externally_famous,1,1,0
externally_explicit,1,1,0
externally_enforceable,1,1,0
externally_distinctive,1,1,0
externally_consistent,1,1,0
externally_available,1,1,0
externally_aggressive,1,1,0
extra_absurd,1,1,0
extra_aggravating,1,1,0
externally_accountable,1,1,0
extra_aggressive,1,1,0
extra_hot,1,1,0
extra_horrible,1,1,0
extra_happy,1,1,0
extra_grateful,1,1,0
extra_friendly,1,1,0
extra_favorable,1,1,0
extra_essential,1,1,0
extra_enthusiastic,1,1,0
extra_enjoyable,1,1,0
extra_emotional,1,1,0
extra_critical,1,1,0
extra_conscious,1,1,0
extra_clever,1,1,0
extra_bad,1,1,0
extra_attractive,1,1,0
extra_appreciative,1,1,0
extra_annoying,1,1,0
externally_active,1,1,0
extensively_useful,1,1,0
explosively_popular,1,1,0
exquisitely_imaginative,1,1,0
exquisitely_hilarious,1,1,0
exquisitely_gorgeous,1,1,0
exquisitely_colorful,1,1,0
exquisitely_capable,1,1,0
exquisitely_bad,1,1,0
exponentially_smaller,1,1,0
exponentially_rude,1,1,0
exponentially_potent,1,1,0
exponentially_nutritious,1,1,0
exponentially_more,1,1,0
exponentially_lower,1,1,0
exponentially_larger,1,1,0
exponentially_bigger,1,1,0
explosively_successful,1,1,0
explosively_special,1,0,1
explosively_risky,1,1,0
explosively_quick,1,1,0
exquisitely_horrific,1,1,0
exquisitely_ironic,1,1,0
extensively_sexist,1,1,0
exquisitely_listenable,1,1,0
extensively_massive,1,1,0
extensively_interested,1,1,0
extensively_forthcoming,1,1,0
extensively_famous,1,1,0
extensively_enough,1,1,0
extensively_effective,1,1,0
extensively_bad,1,1,0
extensively_available,1,1,0
extensively_aged,1,1,0
exquisitely_tender,1,1,0
exquisitely_subtle,1,1,0
exquisitely_stylish,1,1,0
exquisitely_satisfying,1,1,0
exquisitely_prone,1,1,0
exquisitely_perfect,1,1,0
exquisitely_magical,1,1,0
exquisitely_ludicrous,1,1,0
explicitly_mathematical,1,1,0
explicitly_masculine,1,1,0
explicitly_manly,1,1,0
excruciatingly_memorable,1,0,1
excruciatingly_intense,1,1,0
excruciatingly_hard,1,1,0
excruciatingly_graphic,1,1,0
excruciatingly_full,1,1,0
excruciatingly_explicit,1,1,0
excruciatingly_expensive,1,1,0
excruciatingly_dull,1,1,0
excruciatingly_detailed,1,1,0
excruciatingly_dark,1,1,0
excruciatingly_cold,1,1,0
excruciatingly_clueless,1,1,0
excruciatingly_close,1,1,0
excruciatingly_awkward,1,1,0
exclusively_younger,1,1,0
exclusively_worse,1,1,0
exclusively_wonderful,1,1,0
exclusively_welcoming,1,1,0
excruciatingly_long,1,1,0
excruciatingly_neutral,1,1,0
exclusively_vital,1,1,0
excruciatingly_prone,1,1,0
exorbitantly_impractical,1,1,0
exorbitantly_humid,1,1,0
exorbitantly_higher,1,1,0
exorbitantly_familiar,1,1,0
exorbitantly_extravagant,1,1,0
exorbitantly_different,1,1,0
exorbitantly_costly,1,1,0
exorbitantly_challenging,1,1,0
excruciatingly_wrong,1,0,1
excruciatingly_vulnerable,1,1,0
excruciatingly_unfair,1,1,0
excruciatingly_unbearable,1,1,0
excruciatingly_thick,1,1,0
excruciatingly_steep,1,1,0
excruciatingly_specific,1,1,0
excruciatingly_silly,1,1,0
excruciatingly_racist,1,1,0
exclusively_weekly,1,1,0
exclusively_violent,1,1,0
explicitly_malevolent,1,1,0
exclusively_shorter,1,1,0
exclusively_shiite,1,1,0
exclusively_sexy,1,1,0
exclusively_scottish,1,1,0
exclusively_scientific,1,1,0
exclusively_scary,1,1,0
exclusively_romantic,1,1,0
exclusively_reflective,1,1,0
exclusively_racial,1,1,0
exclusively_purple,1,1,0
exclusively_public,1,1,0
exclusively_pro-life,1,1,0
exclusively_private,1,1,0
exclusively_prevalent,1,1,0
exclusively_poor,1,1,0
exclusively_philosophical,1,1,0
exclusively_peculiar,1,1,0
exclusively_overt,1,1,0
exclusively_short,1,1,0
exclusively_significant,1,1,0
exclusively_vertical,1,1,0
exclusively_slow,1,1,0
exclusively_valuable,1,1,0
exclusively_useful,1,1,0
exclusively_upward,1,1,0
exclusively_uplifting,1,1,0
exclusively_unintentional,1,1,0
exclusively_underwater,1,1,0
exclusively_turkish,1,1,0
exclusively_trans,1,1,0
exclusively_synonymous,1,1,0
exclusively_symptomatic,1,1,0
exclusively_surgical,1,1,0
exclusively_supernatural,1,1,0
exclusively_sufficient,1,1,0
exclusively_spanish,1,1,0
exclusively_solvable,1,1,0
exclusively_solitary,1,1,0
exclusively_small,1,1,0
exorbitantly_low,1,1,0
exorbitantly_noticeable,1,1,0
exorbitantly_overpriced,1,1,0
explicitly_huge,1,1,0
explicitly_homophobic,1,1,0
explicitly_holy,1,1,0
explicitly_hereditary,1,1,0
explicitly_hazardous,1,1,0
explicitly_hateful,1,1,0
explicitly_happy,1,1,0
explicitly_gruesome,1,1,0
explicitly_grisly,1,1,0
explicitly_good,1,0,1
explicitly_funny,1,0,1
explicitly_friendly,1,1,0
explicitly_forbidden,1,1,0
explicitly_federal,1,1,0
explicitly_fascist,1,1,0
explicitly_expensive,1,1,0
explicitly_exclusive,1,1,0
explicitly_evident,1,1,0
explicitly_hostile,1,1,0
explicitly_humorous,1,1,0
exorbitantly_priced,1,1,0
explicitly_hypnotic,1,1,0
explicitly_mad,1,1,0
explicitly_lower,1,1,0
explicitly_liable,1,1,0
explicitly_left-wing,1,1,0
explicitly_lawful,1,1,0
explicitly_kid-friendly,1,1,0
explicitly_judgmental,1,1,0
explicitly_japanese,1,1,0
explicitly_islamic,1,1,0
explicitly_involved,1,1,0
explicitly_interesting,1,1,0
explicitly_insidious,1,1,0
explicitly_inclusive,1,1,0
explicitly_inclined,1,1,0
explicitly_impossible,1,1,0
explicitly_important,1,0,1
explicitly_ideological,1,1,0
explicitly_ethnic,1,1,0
explicitly_erotic,1,1,0
explicitly_equal,1,1,0
explicitly_elitist,1,1,0
explicitly_commercial,1,1,0
explicitly_chronological,1,1,0
explicitly_chinese,1,1,0
explicitly_bossy,1,1,0
explicitly_arab,1,1,0
explicitly_appreciative,1,1,0
explicitly_appealing,1,1,0
explicitly_antagonistic,1,1,0
explicitly_analogous,1,1,0
explicitly_american,1,0,1
explicitly_allowable,1,1,0
explicitly_adverse,1,1,0
explicitly_active,1,1,0
explicitly_accurate,1,1,0
exorbitantly_weird,1,1,0
exorbitantly_rich,1,1,0
exorbitantly_profitable,1,1,0
explicitly_communist,1,1,0
explicitly_comprehensive,1,1,0
explicitly_constitutional,1,1,0
explicitly_derivative,1,1,0
explicitly_educational,1,1,0
explicitly_economic,1,1,0
explicitly_dystopian,1,1,0
explicitly_dynamic,1,1,0
explicitly_downbeat,1,1,0
explicitly_disturbing,1,1,0
explicitly_dirty,1,1,0
explicitly_dependent,1,1,0
explicitly_contradictory,1,1,0
explicitly_demonstrative,1,1,0
explicitly_democratic,1,1,0
explicitly_defiant,1,1,0
explicitly_deceptive,1,1,0
explicitly_damning,1,1,0
explicitly_criminal,1,1,0
explicitly_contrary,1,1,0
extra_hungry,1,1,0
extra_important,1,1,0
extra_interesting,1,1,0
extremely_decrepit,1,1,0
extremely_daunting,1,1,0
extremely_darker,1,1,0
extremely_damp,1,1,0
extremely_cut,1,1,0
extremely_curly,1,1,0
extremely_cumbersome,1,1,0
extremely_credible,1,1,0
extremely_cozy,1,1,0
extremely_cosy,1,1,0
extremely_cost,1,1,0
extremely_corrupt,1,1,0
extremely_correct,1,1,0
extremely_cordial,1,1,0
extremely_cooperative,1,1,0
extremely_controversial,1,1,0
extremely_contrived,1,1,0
extremely_constant,1,1,0
extremely_deadly,1,1,0
extremely_defective,1,1,0
extremely_confusing,1,1,0
extremely_dejected,1,1,0
extremely_distinctive,1,1,0
extremely_distinct,1,1,0
extremely_dissimilar,1,1,0
extremely_disruptive,1,1,0
extremely_disproportionate,1,1,0
extremely_disorienting,1,1,0
extremely_disgruntled,1,1,0
extremely_discreet,1,1,0
extremely_discouraging,1,1,0
extremely_dire,1,1,0
extremely_diplomatic,1,1,0
extremely_dim,1,1,0
extremely_didactic,1,1,0
extremely_destructive,1,1,0
extremely_depressed,1,1,0
extremely_delusional,1,1,0
extremely_deliberate,1,1,0
extremely_considerable,1,1,0
extremely_confused,1,1,0
extremely_alert,1,1,0
extremely_bloody,1,1,0
extremely_bigger,1,1,0
extremely_bent,1,1,0
extremely_believable,1,1,0
extremely_balanced,1,1,0
extremely_awkward,1,1,0
extremely_authentic,1,1,0
extremely_auspicious,1,1,0
extremely_artificial,1,1,0
extremely_articulate,1,1,0
extremely_arrogant,1,1,0
extremely_arbitrary,1,1,0
extremely_apologetic,1,1,0
extremely_anxious,1,1,0
extremely_anti-social,1,1,0
extremely_anti-semitic,1,1,0
extremely_annoyed,1,1,0
extremely_alluring,1,1,0
extremely_blasphemous,1,1,0
extremely_breathable,1,1,0
extremely_conductive,1,1,0
extremely_bubbly,1,0,1
extremely_conducive,1,1,0
extremely_concrete,1,1,0
extremely_complimentary,1,1,0
extremely_complete,1,1,0
extremely_collaborative,1,1,0
extremely_coarse,1,1,0
extremely_cloudy,1,1,0
extremely_classy,1,1,0
extremely_chunky,1,1,0
extremely_choosy,1,1,0
extremely_charming,1,1,0
extremely_central,1,1,0
extremely_caustic,1,1,0
extremely_casual,1,1,0
extremely_caring,1,1,0
extremely_callous,1,1,0
extremely_buoyant,1,1,0
extremely_distinguishable,1,1,0
extremely_distracting,1,1,0
extremely_distressing,1,1,0
extremely_genuine,1,1,0
extremely_generic,1,1,0
extremely_fussy,1,1,0
extremely_frosty,1,1,0
extremely_french,1,1,0
extremely_free,1,1,0
extremely_fortunate,1,1,0
extremely_formulaic,1,1,0
extremely_foreign,1,1,0
extremely_foolish,1,1,0
extremely_fluid,1,0,1
extremely_fluffy,1,1,0
extremely_fluent,1,1,0
extremely_flawed,1,1,0
extremely_flavourful,1,1,0
extremely_flattered,1,1,0
extremely_flammable,1,1,0
extremely_fiery,1,1,0
extremely_gentle,1,1,0
extremely_giant,1,1,0
extremely_disturbing,1,0,1
extremely_giddy,1,1,0
extremely_hip,1,1,0
extremely_hilly,1,1,0
extremely_hefty,1,1,0
extremely_hectic,1,1,0
extremely_healthful,1,1,0
extremely_hazy,1,1,0
extremely_harmless,1,1,0
extremely_hardline,1,1,0
extremely_hardcore,1,1,0
extremely_hard-hitting,1,1,0
extremely_gross,1,0,1
extremely_gripping,1,1,0
extremely_greater,1,1,0
extremely_gracious,1,1,0
extremely_gory,1,1,0
extremely_glossy,1,1,0
extremely_glad,1,1,0
extremely_fierce,1,1,0
extremely_fickle,1,1,0
extremely_few,1,0,1
extremely_festive,1,1,0
extremely_eloquent,1,1,0
extremely_elastic,1,1,0
extremely_egotistical,1,1,0
extremely_effortless,1,1,0
extremely_educated,1,0,1
extremely_ecstatic,1,1,0
extremely_economical,1,1,0
extremely_economic,1,1,0
extremely_dull,1,1,0
extremely_driven,1,0,1
extremely_drinkable,1,1,0
extremely_dovish,1,1,0
extremely_dope,1,1,0
extremely_dogmatic,1,1,0
extremely_doable,1,1,0
extremely_dizzy,1,1,0
extremely_divisive,1,1,0
extremely_encouraged,1,1,0
extremely_ethnic,1,1,0
extremely_eventful,1,1,0
extremely_fab,1,0,1
extremely_fertile,1,1,0
extremely_feminine,1,1,0
extremely_feeble,1,1,0
extremely_feasible,1,1,0
extremely_fearful,1,1,0
extremely_fatigued,1,1,0
extremely_faithful,1,1,0
extremely_extra,1,1,0
extremely_evident,1,1,0
extremely_expressive,1,1,0
extremely_expert,1,1,0
extremely_experimental,1,1,0
extremely_experienced,1,1,0
extremely_exotic,1,0,1
extremely_exhausting,1,1,0
extremely_excruciating,1,1,0
extremely_allergic,1,1,0
extremely_agreeable,1,1,0
extra_large,1,1,0
extraordinarily_gracious,1,1,0
extraordinarily_functional,1,1,0
extraordinarily_friendly,1,1,0
extraordinarily_flavorful,1,1,0
extraordinarily_flashy,1,1,0
extraordinarily_fine,1,1,0
extraordinarily_ferocious,1,1,0
extraordinarily_favorable,1,1,0
extraordinarily_famous,1,1,0
extraordinarily_eye-catching,1,1,0
extraordinarily_exotic,1,1,0
extraordinarily_entertaining,1,1,0
extraordinarily_embarrassing,1,0,1
extraordinarily_diverse,1,1,0
extraordinarily_distinctive,1,1,0
extraordinarily_dissimilar,1,1,0
extraordinarily_disrespectful,1,1,0
extraordinarily_dismissive,1,1,0
extraordinarily_generous,1,1,0
extraordinarily_groundbreaking,1,1,0
extraordinarily_delicious,1,1,0
extraordinarily_hard,1,1,0
extraordinarily_memorable,1,0,1
extraordinarily_lengthy,1,1,0
extraordinarily_late,1,1,0
extraordinarily_kind,1,1,0
extraordinarily_irritable,1,1,0
extraordinarily_intriguing,1,1,0
extraordinarily_intimate,1,1,0
extraordinarily_innovative,1,1,0
extraordinarily_influential,1,1,0
extraordinarily_impressive,1,0,1
extraordinarily_illogical,1,1,0
extraordinarily_ignorant,1,1,0
extraordinarily_idiotic,1,1,0
extraordinarily_hungry,1,1,0
extraordinarily_huge,1,1,0
extraordinarily_hot,1,1,0
extraordinarily_heady,1,0,1
extraordinarily_disappointed,1,1,0
extraordinarily_deep,1,0,1
extremely_agonizing,1,1,0
extraordinarily_big,1,1,0
extraordinarily_articulate,1,1,0
extraordinarily_appealing,1,1,0
extraordinarily_ambitious,1,1,0
extraordinarily_alarming,1,0,1
extraordinarily_active,1,1,0
extraordinarily_abstract,1,1,0
extra_widespread,1,1,0
extra_vigilant,1,1,0
extra_unattractive,1,0,1
extra_thrilled,1,1,0
extra_thick,1,1,0
extra_sweet,1,1,0
extra_suitable,1,1,0
extra_sensitive,1,1,0
extra_readable,1,1,0
extra_pleased,1,1,0
extra_nice,1,1,0
extraordinarily_awkward,1,1,0
extraordinarily_burdensome,1,1,0
extraordinarily_critical,1,1,0
extraordinarily_capable,1,1,0
extraordinarily_courageous,1,1,0
extraordinarily_conservative,1,1,0
extraordinarily_consequential,1,1,0
extraordinarily_compliant,1,1,0
extraordinarily_competitive,1,1,0
extraordinarily_competent,1,1,0
extraordinarily_common,1,1,0
extraordinarily_colourful,1,1,0
extraordinarily_cold,1,1,0
extraordinarily_coherent,1,1,0
extraordinarily_coercive,1,1,0
extraordinarily_clever,1,1,0
extraordinarily_clear,1,1,0
extraordinarily_casual,1,1,0
extraordinarily_careless,1,1,0
extraordinarily_careful,1,1,0
extraordinarily_captivating,1,1,0
extraordinarily_misleading,1,1,0
extraordinarily_offensive,1,1,0
extraordinarily_open,1,1,0
extravagantly_long,1,1,0
extravagantly_higher,1,1,0
extravagantly_high,1,1,0
extravagantly_good,1,1,0
extravagantly_expressive,1,1,0
extravagantly_expensive,1,1,0
extravagantly_entertaining,1,1,0
extravagantly_detailed,1,1,0
extravagantly_decadent,1,1,0
extravagantly_celebratory,1,1,0
extravagantly_brutal,1,1,0
extravagantly_beautiful,1,1,0
extravagantly_apologetic,1,1,0
extraordinarily_younger,1,1,0
extraordinarily_warm,1,1,0
extraordinarily_valuable,1,1,0
extraordinarily_unqualified,1,1,0
extraordinarily_unorganized,1,1,0
extravagantly_imaginative,1,0,1
extravagantly_luscious,1,1,0
extraordinarily_original,1,0,1
extravagantly_luxurious,1,1,0
extremely_affluent,1,1,0
extremely_advanced,1,1,0
extremely_adjustable,1,1,0
extremely_adept,1,1,0
extremely_achievable,1,1,0
extremely_accustomed,1,1,0
extremely_accomplished,1,1,0
extremely_accommodating,1,1,0
extremely_academic,1,1,0
extremely_abusive,1,1,0
extremely_absorbent,1,1,0
extravagantly_valuable,1,0,1
extravagantly_transparent,1,1,0
extravagantly_themed,1,1,0
extravagantly_slow,1,1,0
extravagantly_rich,1,1,0
extravagantly_original,1,1,0
extraordinarily_unlucky,1,1,0
extraordinarily_ungrateful,1,1,0
extraordinarily_unfortunate,1,0,1
extraordinarily_unexpected,1,1,0
extraordinarily_silent,1,1,0
extraordinarily_shy,1,1,0
extraordinarily_short,1,1,0
extraordinarily_sharp,1,1,0
extraordinarily_sensible,1,1,0
extraordinarily_revealing,1,1,0
extraordinarily_remarkable,1,0,1
extraordinarily_religious,1,1,0
extraordinarily_reliable,1,1,0
extraordinarily_relaxed,1,1,0
extraordinarily_quick,1,1,0
extraordinarily_public,1,1,0
extraordinarily_proud,1,1,0
extraordinarily_profound,1,1,0
extraordinarily_predictable,1,1,0
extraordinarily_pleased,1,1,0
extraordinarily_physical,1,1,0
extraordinarily_similar,1,1,0
extraordinarily_simpler,1,1,0
extraordinarily_skilled,1,1,0
extraordinarily_superficial,1,0,1
extraordinarily_uncommon,1,1,0
extraordinarily_tired,1,1,0
extraordinarily_timely,1,1,0
extraordinarily_threatening,1,1,0
extraordinarily_tall,1,1,0
extraordinarily_tactful,1,1,0
extraordinarily_surprising,1,1,0
extraordinarily_strange,1,1,0
extraordinarily_sleazy,1,1,0
extraordinarily_stingy,1,1,0
extraordinarily_stable,1,1,0
extraordinarily_spirited,1,1,0
extraordinarily_sound,1,1,0
extraordinarily_snug,1,1,0
extraordinarily_smooth,1,1,0
extraordinarily_small,1,0,1
deliberately_negligent,1,1,0
deliberately_morbid,1,1,0
heavily_theoretical,1,1,0
altogether_fatal,1,1,0
altogether_fantastic,1,1,0
altogether_fake,1,1,0
altogether_faithful,1,1,0
altogether_fabulous,1,1,0
altogether_extreme,1,1,0
altogether_excited,1,1,0
altogether_exaggerated,1,1,0
altogether_exact,1,1,0
altogether_ethereal,1,1,0
altogether_essential,1,1,0
altogether_equivalent,1,1,0
altogether_equal,1,1,0
altogether_enviable,1,1,0
altogether_entertaining,1,1,0
altogether_enlightening,1,1,0
altogether_embarrassing,1,1,0
altogether_dry,1,1,0
altogether_fashionable,1,1,0
altogether_faulty,1,1,0
altogether_dormant,1,1,0
altogether_fearful,1,1,0
altogether_generous,1,1,0
altogether_full,1,1,0
altogether_friendlier,1,1,0
altogether_fresh,1,1,0
altogether_frequent,1,1,0
altogether_french,1,1,0
altogether_fraudulent,1,1,0
altogether_formidable,1,1,0
altogether_forgiving,1,1,0
altogether_forgettable,1,1,0
altogether_forgetful,1,1,0
altogether_forceful,1,1,0
altogether_foolproof,1,1,0
altogether_flavorful,1,1,0
altogether_fine,1,1,0
altogether_fictional,1,1,0
altogether_feasible,1,1,0
altogether_dour,1,1,0
altogether_diverse,1,1,0
altogether_glad,1,1,0
altogether_defunct,1,1,0
altogether_decisive,1,1,0
altogether_dangerous,1,1,0
altogether_damaging,1,1,0
altogether_cynical,1,0,1
altogether_customary,1,1,0
altogether_curable,1,1,0
altogether_crude,1,1,0
altogether_creepy,1,1,0
altogether_credible,1,1,0
altogether_crass,1,1,0
altogether_corrupt,1,1,0
altogether_cool,1,1,0
altogether_contemptible,1,1,0
altogether_constructive,1,1,0
altogether_constant,1,1,0
altogether_consensual,1,1,0
altogether_congenial,1,1,0
altogether_definitive,1,1,0
altogether_dependable,1,1,0
altogether_distraught,1,0,1
altogether_depressed,1,1,0
altogether_distinctive,1,1,0
altogether_distinct,1,1,0
altogether_distasteful,1,1,0
altogether_distant,1,1,0
altogether_dissonant,1,1,0
altogether_dissatisfied,1,1,0
altogether_disrespectful,1,1,0
altogether_dismissive,1,1,0
altogether_dismayed,1,1,0
altogether_dismal,1,1,0
altogether_disinterested,1,1,0
altogether_discreet,1,1,0
altogether_discouraged,1,1,0
altogether_direct,1,1,0
altogether_dire,1,1,0
altogether_desolate,1,1,0
altogether_depressing,1,1,0
altogether_gentle,1,1,0
altogether_glorious,1,1,0
altogether_noble,1,1,0
altogether_loathsome,1,1,0
altogether_lifeless,1,1,0
altogether_liberating,1,1,0
altogether_legitimate,1,1,0
altogether_laughable,1,1,0
altogether_laudable,1,1,0
altogether_lame,1,1,0
altogether_keen,1,1,0
altogether_irish,1,1,0
altogether_invincible,1,1,0
altogether_intuitive,1,1,0
altogether_intrusive,1,1,0
altogether_intoxicating,1,1,0
altogether_intolerant,1,1,0
altogether_intolerable,1,1,0
altogether_intentional,1,1,0
altogether_intelligent,1,1,0
altogether_instinctive,1,1,0
altogether_linear,1,1,0
altogether_local,1,1,0
altogether_innocuous,1,1,0
altogether_logical,1,1,0
altogether_negligible,1,1,0
altogether_naughty,1,1,0
altogether_naked,1,1,0
altogether_naive,1,1,0
altogether_moral,1,1,0
altogether_moot,1,1,0
altogether_monotonous,1,1,0
altogether_modest,1,1,0
altogether_mere,1,1,0
altogether_meaningful,1,1,0
altogether_mean,1,1,0
altogether_malevolent,1,1,0
altogether_mad,1,1,0
altogether_ludicrous,1,1,0
altogether_lucid,1,1,0
altogether_loopy,1,1,0
altogether_long-lasting,1,1,0
altogether_insincere,1,1,0
altogether_inhospitable,1,1,0
altogether_good-natured,1,1,0
altogether_illusory,1,1,0
altogether_idle,1,1,0
altogether_ideal,1,1,0
altogether_humble,1,1,0
altogether_horizontal,1,1,0
altogether_hopeful,1,1,0
altogether_honourable,1,1,0
altogether_honorable,1,1,0
altogether_homogeneous,1,1,0
altogether_hilarious,1,1,0
altogether_high-tech,1,1,0
altogether_heavenly,1,1,0
altogether_heartening,1,1,0
altogether_heartbroken,1,1,0
altogether_harmless,1,1,0
altogether_gruesome,1,1,0
altogether_grim,1,1,0
altogether_graceful,1,1,0
altogether_illiterate,1,1,0
altogether_immortal,1,1,0
altogether_infallible,1,1,0
altogether_immutable,1,1,0
altogether_inexplicable,1,1,0
altogether_inexperienced,1,1,0
altogether_inevitable,1,1,0
altogether_indicative,1,1,0
altogether_indescribable,1,1,0
altogether_independent,1,1,0
altogether_incurable,1,1,0
altogether_inconvenient,1,1,0
altogether_inconspicuous,1,1,0
altogether_incompetent,1,1,0
altogether_incoherent,1,1,0
altogether_incidental,1,1,0
altogether_inaudible,1,1,0
altogether_inadequate,1,1,0
altogether_improper,1,1,0
altogether_impoverished,1,1,0
altogether_impenetrable,1,1,0
altogether_conducive,1,1,0
altogether_conclusive,1,1,0
altogether_concerned,1,1,0
also_systematic,1,1,0
also_suspect,1,1,0
also_supportive,1,1,0
also_superfluous,1,1,0
also_suicidal,1,1,0
also_successful,1,1,0
also_stylish,1,1,0
also_stupid,1,1,0
also_strict,1,1,0
also_straight,1,1,0
also_stiff,1,1,0
also_static,1,1,0
also_stagnant,1,1,0
also_squishy,1,1,0
also_square,1,1,0
also_spot-on,1,1,0
also_sporadic,1,1,0
also_spontaneous,1,1,0
also_symmetrical,1,1,0
also_talented,1,1,0
also_splendid,1,1,0
also_tall,1,1,0
also_unattractive,1,1,0
also_unanimous,1,1,0
also_ugly,1,1,0
also_tyrannical,1,1,0
also_truthful,1,1,0
also_trustworthy,1,1,0
also_trendy,1,0,1
also_translucent,1,1,0
also_toxic,1,1,0
also_tiring,1,1,0
also_timid,1,1,0
also_timely,1,1,0
also_tight,1,1,0
also_thicker,1,1,0
also_thick,1,1,0
also_tense,1,1,0
also_taller,1,1,0
also_spoiled,1,1,0
also_spiritual,1,1,0
altogether_conceivable,1,1,0
also_rubbish,1,1,0
also_ripe,1,1,0
also_reusable,1,1,0
also_replete,1,1,0
also_reminiscent,1,1,0
also_remarkable,1,1,0
also_relaxed,1,1,0
also_recyclable,1,1,0
also_recreational,1,1,0
also_readable,1,1,0
also_rapid,1,1,0
also_questionable,1,1,0
also_queer,1,1,0
also_public,1,1,0
also_psychic,1,1,0
also_prophetic,1,1,0
also_proof,1,1,0
also_prompt,1,1,0
also_rough,1,1,0
also_rude,1,1,0
also_speedy,1,1,0
also_sacrosanct,1,1,0
also_smooth,1,1,0
also_slender,1,1,0
also_skilled,1,1,0
also_singular,1,1,0
also_sinful,1,1,0
also_silent,1,1,0
also_sick,1,1,0
also_showy,1,1,0
also_shorter,1,1,0
also_shocking,1,1,0
also_shameful,1,1,0
also_separate,1,1,0
also_sensible,1,1,0
also_sensational,1,1,0
also_scandalous,1,1,0
also_satisfied,1,1,0
also_salty,1,1,0
also_unaware,1,1,0
also_unbelievable,1,1,0
also_uncertain,1,1,0
altogether_blasphemous,1,1,0
altogether_beautiful,1,1,0
altogether_barren,1,1,0
altogether_baffling,1,1,0
altogether_awesome,1,1,0
altogether_available,1,1,0
altogether_auspicious,1,1,0
altogether_atypical,1,1,0
altogether_ashamed,1,1,0
altogether_articulate,1,1,0
altogether_artful,1,1,0
altogether_apocryphal,1,1,0
altogether_antithetical,1,1,0
altogether_annoyed,1,1,0
altogether_angelic,1,1,0
altogether_amazing,1,1,0
altogether_alluring,1,1,0
altogether_african,1,1,0
altogether_beneficial,1,1,0
altogether_boring,1,1,0
also_uncomfortable,1,1,0
altogether_candid,1,1,0
altogether_comprehensible,1,1,0
altogether_complicated,1,1,0
altogether_complementary,1,1,0
altogether_commonplace,1,1,0
altogether_commendable,1,1,0
altogether_cold,1,1,0
altogether_cloying,1,1,0
altogether_cliche,1,1,0
altogether_civil,1,1,0
altogether_chronological,1,1,0
altogether_cheerful,1,1,0
altogether_cheap,1,1,0
altogether_charitable,1,1,0
altogether_challenging,1,1,0
altogether_cautious,1,1,0
altogether_catastrophic,1,1,0
altogether_careless,1,1,0
altogether_afraid,1,1,0
altogether_affectionate,1,1,0
altogether_advisable,1,1,0
altogether_advantageous,1,1,0
also_unusual,1,1,0
also_untouched,1,1,0
also_unrealistic,1,1,0
also_unprecedented,1,1,0
also_unnerving,1,1,0
also_unmoved,1,1,0
also_unfortunate,1,1,0
also_unfamiliar,1,1,0
also_unfair,1,1,0
also_unethical,1,1,0
also_unequal,1,1,0
also_unemployed,1,1,0
also_uneducated,1,1,0
also_understated,1,1,0
also_understandable,1,1,0
also_unconstitutional,1,1,0
also_uncompromising,1,1,0
also_upscale,1,1,0
also_usual,1,1,0
also_versatile,1,1,0
also_young,1,1,0
altogether_adequate,1,1,0
altogether_acceptable,1,1,0
altogether_abysmal,1,1,0
altogether_abstract,1,1,0
altogether_absolute,1,1,0
altogether_abnormal,1,1,0
alternately_perplexing,1,1,0
also_worse,1,1,0
also_virtual,1,1,0
also_winless,1,1,0
also_wet,1,1,0
also_welcome,1,1,0
also_weird,1,1,0
also_wealthy,1,1,0
also_watery,1,1,0
also_warm,1,1,0
altogether_nice,1,1,0
altogether_notable,1,0,1
also_profitable,1,1,0
always_colourful,1,1,0
always_collective,1,1,0
always_collectable,1,1,0
always_coachable,1,1,0
always_cluttered,1,1,0
always_clunky,1,1,0
always_closest,1,1,0
always_civilized,1,1,0
always_civilised,1,1,0
always_circumstantial,1,1,0
always_chubby,1,1,0
always_choosy,1,1,0
always_childlike,1,1,0
always_childish,1,1,0
always_chaste,1,1,0
always_cerebral,1,1,0
always_cathartic,1,1,0
always_catchy,1,1,0
always_colorful,1,1,0
always_comedic,1,1,0
always_cartoonish,1,1,0
always_comical,1,1,0
always_cost-efficient,1,1,0
always_cosmetic,1,1,0
always_corrupt,1,1,0
always_conversant,1,1,0
always_contiguous,1,1,0
always_contextual,1,1,0
always_content,1,1,0
always_consequential,1,1,0
always_consecutive,1,1,0
always_conscientious,1,1,0
always_connected,1,1,0
always_confused,1,1,0
always_conductive,1,1,0
always_conditional,1,1,0
always_complacent,1,1,0
always_communist,1,1,0
always_committed,1,1,0
always_casual,1,1,0
always_carefree,1,1,0
always_cowardly,1,1,0
always_auspicious,1,1,0
always_astounding,1,1,0
always_artsy,1,1,0
always_artistic,1,1,0
always_artful,1,1,0
always_arrogant,1,1,0
always_armed,1,1,0
always_arduous,1,1,0
always_apolitical,1,1,0
always_apocalyptic,1,1,0
always_anti-semitic,1,1,0
always_anti-gay,1,1,0
always_angrier,1,1,0
always_ancient,1,1,0
always_anarchic,1,1,0
always_ambivalent,1,1,0
always_amazed,1,1,0
always_alternate,1,1,0
always_athletic,1,1,0
always_austere,1,1,0
always_captivating,1,1,0
always_average,1,1,0
always_capricious,1,1,0
always_burdensome,1,1,0
always_bumpy,1,1,0
always_bulletproof,1,1,0
always_buddhist,1,1,0
always_broader,1,1,0
always_british,1,1,0
always_brisk,1,1,0
always_breathable,1,1,0
always_boisterous,1,1,0
always_bloody,1,1,0
always_bloated,1,1,0
always_bisexual,1,1,0
always_bearable,1,1,0
always_barren,1,1,0
always_balanced,1,1,0
always_awash,1,1,0
always_covert,1,1,0
always_coy,1,1,0
altogether_null,1,1,0
always_efficacious,1,1,0
always_educational,1,1,0
always_eclectic,1,1,0
always_eccentric,1,1,0
always_easygoing,1,1,0
always_eastern,1,1,0
always_dysfunctional,1,1,0
always_dreamy,1,1,0
always_drab,1,1,0
always_dovish,1,1,0
always_doubtful,1,1,0
always_double,1,1,0
always_dorky,1,1,0
always_dominate,1,1,0
always_divisive,1,1,0
always_divisible,1,1,0
always_disturbing,1,1,0
always_distressing,1,1,0
always_effeminate,1,1,0
always_effusive,1,1,0
always_distinguished,1,1,0
always_elastic,1,1,0
always_entrepreneurial,1,1,0
always_enticing,1,1,0
always_enormous,1,1,0
always_enlightening,1,1,0
always_enlightened,1,1,0
always_enamored,1,1,0
always_empirical,1,1,0
always_empathic,1,1,0
always_empathetic,1,1,0
always_emotional,1,1,0
always_elusive,1,0,1
always_eloquent,1,1,0
always_elementary,1,1,0
always_electronic,1,1,0
always_electrifying,1,0,1
always_electric,1,1,0
always_elated,1,1,0
always_distracting,1,1,0
always_dissonant,1,1,0
always_crafty,1,1,0
always_defensive,1,1,0
always_debilitating,1,1,0
always_debatable,1,1,0
always_deaf,1,1,0
always_darker,1,1,0
always_dainty,1,1,0
always_cynical,1,1,0
always_cuter,1,1,0
always_customizable,1,1,0
always_customary,1,1,0
always_custom,1,1,0
always_cultural,1,1,0
always_culpable,1,1,0
always_crystal,1,1,0
always_cryptic,1,1,0
always_creditable,1,1,0
always_creamy,1,1,0
always_cramped,1,1,0
always_deceptive,1,1,0
always_deferential,1,1,0
always_dispassionate,1,1,0
always_deficient,1,1,0
always_disordered,1,1,0
always_dismissive,1,1,0
always_discriminatory,1,1,0
always_discoverable,1,1,0
always_discerning,1,1,0
always_directional,1,1,0
always_diminutive,1,1,0
always_devout,1,1,0
always_deterministic,1,1,0
always_desirous,1,1,0
always_deranged,1,1,0
always_depressing,1,1,0
always_denser,1,1,0
always_dense,1,1,0
always_demonstrative,1,1,0
always_demeaning,1,1,0
always_deleterious,1,1,0
always_alright,1,1,0
always_allergic,1,1,0
always_alkaline,1,1,0
altogether_shy,1,1,0
altogether_shady,1,1,0
altogether_sexy,1,1,0
altogether_several,1,1,0
altogether_sensible,1,1,0
altogether_self-aware,1,1,0
altogether_secular,1,1,0
altogether_secret,1,1,0
altogether_savory,1,1,0
altogether_rotten,1,1,0
altogether_righteous,1,1,0
altogether_ridiculous,1,1,0
altogether_revolting,1,1,0
altogether_restrictive,1,1,0
altogether_representative,1,1,0
altogether_reliant,1,1,0
altogether_relational,1,1,0
altogether_related,1,1,0
altogether_shocked,1,1,0
altogether_similar,1,1,0
altogether_regretful,1,1,0
altogether_sinful,1,1,0
altogether_submissive,1,1,0
altogether_stupid,1,1,0
altogether_strained,1,1,0
altogether_sterile,1,1,0
altogether_steady,1,1,0
altogether_steadfast,1,1,0
altogether_stationary,1,1,0
altogether_squishy,1,1,0
altogether_square,1,0,1
altogether_sporadic,1,1,0
altogether_spherical,1,1,0
altogether_specious,1,1,0
altogether_specific,1,1,0
altogether_sound,1,1,0
altogether_soothing,1,1,0
altogether_solemn,1,1,0
altogether_slow,1,1,0
altogether_regular,1,1,0
altogether_redundant,1,1,0
always_alcoholic,1,1,0
altogether_physical,1,1,0
altogether_persuasive,1,1,0
altogether_perky,1,1,0
altogether_patient,1,1,0
altogether_past,1,1,0
altogether_paradoxical,1,1,0
altogether_paltry,1,1,0
altogether_painless,1,1,0
altogether_other,1,1,0
altogether_orthodox,1,1,0
altogether_one-sided,1,1,0
altogether_one-dimensional,1,1,0
altogether_offensive,1,1,0
altogether_off-putting,1,1,0
altogether_odious,1,1,0
altogether_odd,1,1,0
altogether_obscure,1,1,0
altogether_oblivious,1,1,0
altogether_pessimistic,1,1,0
altogether_picky,1,1,0
altogether_recent,1,1,0
altogether_pleasurable,1,1,0
altogether_racial,1,1,0
altogether_quaint,1,0,1
altogether_public,1,1,0
altogether_prosperous,1,1,0
altogether_proper,1,1,0
altogether_profound,1,1,0
altogether_proficient,1,1,0
altogether_probable,1,1,0
altogether_presumptuous,1,1,0
altogether_presentable,1,1,0
altogether_present,1,1,0
altogether_preposterous,1,1,0
altogether_precarious,1,1,0
altogether_praiseworthy,1,1,0
altogether_potent,1,1,0
altogether_polite,1,1,0
altogether_polished,1,1,0
altogether_subtle,1,1,0
altogether_superficial,1,1,0
altogether_superfluous,1,1,0
altogether_wasteful,1,1,0
altogether_visible,1,1,0
altogether_virtuous,1,1,0
altogether_victorian,1,1,0
altogether_various,1,1,0
altogether_valid,1,1,0
altogether_utopian,1,1,0
altogether_upset,1,1,0
altogether_upright,1,1,0
altogether_unthinkable,1,1,0
altogether_unstoppable,1,1,0
altogether_unsettling,1,1,0
altogether_unsettled,1,1,0
altogether_unselfish,1,1,0
altogether_unsatisfied,1,1,0
altogether_unresponsive,1,1,0
altogether_unreachable,1,1,0
altogether_unprofitable,1,1,0
altogether_voluntary,1,1,0
altogether_weird,1,1,0
altogether_supportive,1,1,0
altogether_wicked,1,1,0
always_air-conditioned,1,1,0
always_agile,1,1,0
always_aged,1,1,0
always_affable,1,1,0
always_advanced,1,1,0
always_adult,1,1,0
always_adorable,1,1,0
always_adjustable,1,1,0
always_adamant,1,1,0
always_acrimonious,1,1,0
always_acerbic,1,1,0
always_above,1,1,0
always_3d,1,1,0
altogether_zero,1,1,0
altogether_worth,1,1,0
altogether_wonderful,1,1,0
altogether_wild,1,1,0
altogether_unpretentious,1,1,0
altogether_unpalatable,1,1,0
altogether_unoriginal,1,1,0
altogether_unmoved,1,1,0
altogether_unbiased,1,1,0
altogether_unavailable,1,1,0
altogether_unable,1,1,0
altogether_trivial,1,1,0
altogether_triumphant,1,1,0
altogether_traumatic,1,1,0
altogether_transparent,1,1,0
altogether_traditional,1,1,0
altogether_toothless,1,1,0
altogether_tolerant,1,1,0
altogether_thorough,1,1,0
altogether_thankless,1,1,0
altogether_thankful,1,1,0
altogether_tenable,1,1,0
altogether_taboo,1,1,0
altogether_sweet,1,1,0
altogether_suspenseful,1,1,0
altogether_uncalled,1,1,0
altogether_uncertain,1,1,0
altogether_uncharacteristic,1,1,0
altogether_unfunny,1,1,0
altogether_uninterrupted,1,1,0
altogether_uninterested,1,1,0
altogether_unintelligible,1,1,0
altogether_uninformed,1,1,0
altogether_unified,1,1,0
altogether_unhelpful,1,1,0
altogether_ungrateful,1,1,0
altogether_unforeseen,1,1,0
altogether_uncharted,1,1,0
altogether_unfathomable,1,1,0
altogether_unequal,1,1,0
altogether_underwhelming,1,1,0
altogether_unconvincing,1,1,0
altogether_unconscious,1,1,0
altogether_unconnected,1,1,0
altogether_unconcerned,1,1,0
also_progressive,1,1,0
also_pro-choice,1,1,0
almost_unaffordable,1,1,0
already_implausible,1,1,0
already_humorous,1,1,0
already_humble,1,1,0
already_huge,1,1,0
already_horrific,1,1,0
already_horrible,1,1,0
already_horrendous,1,1,0
already_homeless,1,1,0
already_historic,1,1,0
already_hilarious,1,1,0
already_hesitant,1,1,0
already_helpful,1,1,0
already_heinous,1,1,0
already_hectic,1,1,0
already_heartbroken,1,1,0
already_heartbreaking,1,1,0
already_hateful,1,1,0
already_hassle,1,1,0
already_immortal,1,1,0
already_important,1,1,0
already_hairless,1,1,0
already_inclusive,1,1,0
already_irritating,1,1,0
already_irritated,1,1,0
already_irresistible,1,1,0
already_involved,1,1,0
already_invasive,1,1,0
already_invaluable,1,1,0
already_invalid,1,1,0
already_intrinsic,1,1,0
already_intriguing,1,1,0
already_intoxicating,1,1,0
already_intimate,1,1,0
already_insufficient,1,1,0
already_innate,1,1,0
already_influential,1,1,0
already_inevitable,1,1,0
already_industrial,1,1,0
already_incomprehensible,1,1,0
already_happier,1,1,0
already_gung,1,1,0
already_joyful,1,1,0
already_formidable,1,1,0
already_flat,1,1,0
already_fit,1,1,0
already_fishy,1,1,0
already_fertile,1,1,0
already_feminist,1,1,0
already_female,1,1,0
already_fearful,1,1,0
already_favorable,1,1,0
already_fabulous,1,1,0
already_expired,1,1,0
already_expert,1,1,0
already_exotic,1,1,0
already_exciting,1,1,0
already_excitable,1,1,0
already_excessive,1,1,0
already_evil,1,1,0
already_eventful,1,1,0
already_forecast,1,1,0
already_fresh,1,1,0
already_grotesque,1,1,0
already_friendly,1,1,0
already_grievous,1,1,0
already_grey,1,1,0
already_green,1,1,0
already_greater,1,1,0
already_gray,1,1,0
already_grateful,1,1,0
already_graphic,1,1,0
already_grand,1,1,0
already_gradual,1,1,0
already_gorgeous,1,1,0
already_glorious,1,1,0
already_glad,1,1,0
already_girly,1,1,0
already_funky,1,1,0
already_fruitful,1,1,0
already_front,1,1,0
already_frightening,1,1,0
already_jaded,1,1,0
already_laden,1,1,0
already_republican,1,1,0
already_pointless,1,1,0
already_plentiful,1,1,0
already_pleased,1,1,0
already_picturesque,1,1,0
already_physical,1,1,0
already_personal,1,1,0
already_persistent,1,1,0
already_pathetic,1,1,0
already_passe,1,1,0
already_overworked,1,1,0
already_overpriced,1,1,0
already_overkill,1,1,0
already_outstanding,1,1,0
already_outrageous,1,1,0
already_orange,1,1,0
already_optimal,1,1,0
already_operational,1,1,0
already_older,1,1,0
already_poignant,1,1,0
already_polished,1,1,0
already_odd,1,1,0
already_precious,1,1,0
already_realistic,1,1,0
already_reactive,1,1,0
already_rampant,1,1,0
already_radioactive,1,1,0
already_rad,1,1,0
already_quicker,1,1,0
already_questionable,1,1,0
already_pure,1,1,0
already_punishable,1,1,0
already_psychic,1,1,0
already_proof,1,1,0
already_prolific,1,1,0
already_professional,1,1,0
already_pro,1,1,0
already_privileged,1,1,0
already_private,1,1,0
already_pretentious,1,1,0
already_okay,1,1,0
already_observable,1,1,0
already_lame,1,1,0
already_memorable,1,1,0
already_masculine,1,1,0
already_manifest,1,1,0
already_lucky,1,1,0
already_lovely,1,1,0
already_loveable,1,1,0
already_lousy,1,1,0
already_lonely,1,1,0
already_live,1,1,0
already_liquid,1,1,0
already_limitless,1,1,0
already_likable,1,1,0
already_liberal,1,1,0
already_leery,1,1,0
already_lazy,1,1,0
already_laughable,1,1,0
already_larger,1,1,0
already_large,1,1,0
already_massive,1,1,0
already_midnight,1,1,0
already_obscure,1,1,0
already_miserable,1,1,0
already_numerous,1,1,0
already_null,1,1,0
already_noticeable,1,1,0
already_notable,1,1,0
already_noble,1,1,0
already_nicer,1,1,0
already_necessary,1,1,0
already_near,1,1,0
already_nauseating,1,1,0
already_native,1,1,0
already_nasty,1,1,0
already_narrative,1,1,0
already_muslim,1,1,0
already_muscular,1,1,0
already_moot,1,1,0
already_moist,1,1,0
already_mobile,1,1,0
already_euphoric,1,1,0
already_essential,1,1,0
already_erotic,1,1,0
alot_more,1,1,0
alot_cheaper,1,1,0
along_open,1,1,0
along_great,1,1,0
along_fundamental,1,1,0
along_fine,1,1,0
alone_worth,1,1,0
alone_untouched,1,1,0
alone_unemployed,1,1,0
alone_underdeveloped,1,1,0
alone_strong,1,1,0
alone_scandalous,1,1,0
alone_related,1,1,0
alone_practical,1,1,0
alone_physical,1,1,0
alone_outstanding,1,1,0
alone_ok,1,1,0
alone_notable,1,1,0
alot_easier,1,1,0
alot_nicer,1,1,0
alone_much,1,1,0
already_abnormal,1,1,0
already_archaic,1,1,0
already_arbitrary,1,1,0
already_approachable,1,1,0
already_applicable,1,1,0
already_appetizing,1,1,0
already_appealing,1,1,0
already_anomalous,1,1,0
already_ancient,1,1,0
already_analogous,1,1,0
already_alone,1,1,0
already_agile,1,1,0
already_afloat,1,1,0
already_affluent,1,1,0
already_addictive,1,1,0
already_achievable,1,1,0
already_accountable,1,1,0
already_absolute,1,1,0
alone_national,1,1,0
alone_more,1,1,0
already_epic,1,1,0
alone_alive,1,1,0
alone_adequate,1,1,0
alone_absolute,1,1,0
almost_worthless,1,1,0
almost_watery,1,1,0
almost_warm,1,1,0
almost_vast,1,1,0
almost_useless,1,1,0
almost_unrecognisable,1,1,0
almost_unprecedented,1,1,0
almost_unparalleled,1,1,0
almost_unnecessary,1,1,0
almost_unlimited,1,1,0
almost_unlikely,1,1,0
almost_unknown,1,1,0
almost_unimaginable,1,1,0
almost_uniform,1,1,0
almost_unforgivable,1,1,0
alone_advantageous,1,1,0
alone_amenable,1,1,0
alone_lovely,1,1,0
alone_applicable,1,1,0
alone_large,1,1,0
alone_important,1,1,0
alone_illegal,1,1,0
alone_happy,1,1,0
alone_great,1,1,0
alone_financial,1,1,0
alone_dirty,1,1,0
alone_decisive,1,1,0
alone_convenient,1,1,0
alone_concerned,1,1,0
alone_colorful,1,1,0
alone_central,1,1,0
alone_brooding,1,1,0
alone_bold,1,1,0
alone_bigger,1,1,0
alone_authoritative,1,1,0
alone_arid,1,1,0
already_aspirational,1,1,0
already_authentic,1,1,0
already_awful,1,1,0
already_devastating,1,1,0
already_desperate,1,1,0
already_democratic,1,1,0
already_delinquent,1,1,0
already_definite,1,1,0
already_deficient,1,1,0
already_defensive,1,1,0
already_dear,1,1,0
already_deaf,1,1,0
already_deadly,1,1,0
already_damning,1,1,0
already_cynical,1,1,0
already_cumbersome,1,1,0
already_culpable,1,1,0
already_crowded,1,1,0
already_crispy,1,1,0
already_criminal,1,1,0
already_cozy,1,1,0
already_detailed,1,1,0
already_devoid,1,1,0
already_awkward,1,1,0
already_diabolical,1,1,0
already_envious,1,1,0
already_enforceable,1,1,0
already_endearing,1,1,0
already_eloquent,1,1,0
already_electrifying,1,1,0
already_electric,1,1,0
already_elderly,1,1,0
already_eerie,1,1,0
already_due,1,1,0
already_dramatic,1,1,0
already_dizzy,1,1,0
already_divine,1,1,0
already_disgusting,1,1,0
already_discerning,1,1,0
already_dirty,1,1,0
already_dim,1,1,0
already_dignified,1,1,0
already_corrupt,1,1,0
already_correct,1,1,0
already_corporate,1,1,0
already_core,1,1,0
already_charismatic,1,1,0
already_businesslike,1,1,0
already_bullish,1,1,0
already_buggy,1,1,0
already_brutal,1,1,0
already_broad,1,1,0
already_brilliant,1,1,0
already_bogus,1,1,0
already_blurry,1,1,0
already_bloody,1,1,0
already_blind,1,1,0
already_blatant,1,1,0
already_black,1,1,0
already_bilingual,1,1,0
already_bent,1,1,0
already_beholden,1,1,0
already_baroque,1,1,0
already_christian,1,1,0
already_chummy,1,1,0
already_classy,1,1,0
already_confused,1,1,0
already_convenient,1,1,0
already_controversial,1,1,0
already_contentious,1,1,0
already_conspicuous,1,1,0
already_consistent,1,1,0
already_conservative,1,1,0
already_consensual,1,1,0
already_conceivable,1,1,0
already_cliched,1,1,0
already_comprehensive,1,1,0
already_competent,1,1,0
already_compact,1,1,0
already_communist,1,1,0
already_comical,1,1,0
already_colorful,1,1,0
already_closed,1,1,0
already_receptive,1,1,0
already_resentful,1,1,0
also_privileged,1,1,0
also_idle,1,1,0
also_hypocritical,1,1,0
also_hurtful,1,1,0
also_humble,1,1,0
also_hostile,1,1,0
also_hospitable,1,1,0
also_homosexual,1,1,0
also_holy,1,1,0
also_hollow,1,1,0
also_historical,1,1,0
also_heterogeneous,1,1,0
also_heroic,1,1,0
also_hefty,1,1,0
also_healthier,1,1,0
also_hasty,1,1,0
also_harder,1,1,0
also_grim,1,1,0
also_greedy,1,1,0
also_icy,1,1,0
also_immune,1,1,0
also_gratifying,1,1,0
also_imperative,1,1,0
also_insufficient,1,1,0
also_inspiring,1,1,0
also_insolvent,1,1,0
also_inherent,1,1,0
also_informative,1,1,0
also_inflammatory,1,1,0
also_ineffective,1,1,0
also_industrious,1,1,0
also_indispensable,1,1,0
also_indifferent,1,1,0
also_incumbent,1,1,0
also_incredible,1,1,0
also_incorrect,1,1,0
also_inconclusive,1,1,0
also_incapable,1,1,0
also_inadequate,1,1,0
also_impolite,1,1,0
also_grave,1,1,0
also_gorgeous,1,1,0
also_intricate,1,1,0
also_fancy,1,1,0
also_fake,1,1,0
also_explicit,1,0,1
also_expandable,1,1,0
also_exemplary,1,1,0
also_excessive,1,1,0
also_exasperating,1,1,0
also_evil,1,1,0
also_euphoric,1,1,0
also_essential,1,1,0
also_erratic,1,1,0
also_envious,1,1,0
also_energetic,1,1,0
also_emblematic,1,1,0
also_elegant,1,1,0
also_electric,1,1,0
also_egregious,1,1,0
also_efficient,1,1,0
also_fallible,1,1,0
also_fantastic,1,1,0
also_gluten-free,1,1,0
also_fascinating,1,1,0
also_glorious,1,1,0
also_gloomy,1,1,0
also_glamorous,1,1,0
also_funny,1,1,0
also_functional,1,1,0
also_frustrated,1,1,0
also_friendly,1,1,0
also_freakin,1,1,0
also_forgetful,1,1,0
also_foolhardy,1,1,0
also_flawed,1,1,0
also_flashy,1,1,0
also_fierce,1,1,0
also_female,1,1,0
also_feeble,1,1,0
also_federal,1,1,0
also_fat,1,1,0
also_intent,1,1,0
also_intriguing,1,1,0
already_reserved,1,1,0
also_phony,1,1,0
also_perverse,1,1,0
also_personal,1,1,0
also_permissible,1,1,0
also_perilous,1,1,0
also_peaceful,1,1,0
also_patriotic,1,1,0
also_passive,1,1,0
also_partisan,1,1,0
also_particular,1,1,0
also_palestinian,1,1,0
also_overweight,1,1,0
also_overpowering,1,1,0
also_overgrown,1,1,0
also_outdated,1,1,0
also_other,1,1,0
also_ordinary,1,1,0
also_optimal,1,1,0
also_petty,1,1,0
also_plain,1,1,0
also_older,1,1,0
also_plausible,1,1,0
also_private,1,1,0
also_previous,1,1,0
also_prevalent,1,1,0
also_presumptuous,1,1,0
also_preferable,1,1,0
also_predisposed,1,1,0
also_predictable,1,1,0
also_precious,1,1,0
also_precarious,1,1,0
also_pragmatic,1,1,0
also_practicable,1,1,0
also_poor,1,1,0
also_political,1,1,0
also_polish,1,1,0
also_pleasurable,1,1,0
also_pleasing,1,1,0
also_pleasant,1,1,0
also_opportune,1,1,0
also_okay,1,1,0
also_intrusive,1,1,0
also_magical,1,0,1
also_ludicrous,1,1,0
also_loyal,1,1,0
also_longer,1,1,0
also_long-winded,1,1,0
also_long,1,1,0
also_literate,1,1,0
also_lightweight,1,1,0
also_legitimate,1,1,0
also_laughable,1,1,0
also_latino,1,1,0
also_latin,1,1,0
also_larger,1,1,0
also_jittery,1,1,0
also_jewish,1,1,0
also_jealous,1,1,0
also_irrational,1,1,0
also_invaluable,1,1,0
also_lukewarm,1,1,0
also_magnificent,1,1,0
also_obsessed,1,1,0
also_major,1,1,0
also_obnoxious,1,1,0
also_obese,1,1,0
also_numerous,1,1,0
also_notorious,1,1,0
also_noticeable,1,1,0
also_noisy,1,1,0
also_naughty,1,1,0
also_narrow,1,1,0
also_mute,1,1,0
also_musical,1,1,0
also_monetary,1,1,0
also_mistaken,1,1,0
also_mental,1,1,0
also_memorable,1,1,0
also_meditative,1,1,0
also_mean,1,1,0
also_manifest,1,1,0
also_efficacious,1,1,0
also_educational,1,1,0
also_eco-friendly,1,1,0
already_unlawful,1,1,0
already_unfolding,1,1,0
already_unfit,1,1,0
already_unfair,1,1,0
already_undesirable,1,1,0
already_unconscious,1,1,0
already_unchecked,1,1,0
already_unbelievable,1,1,0
already_unbearable,1,1,0
already_unaffordable,1,1,0
already_unable,1,1,0
already_ubiquitous,1,1,0
already_tricky,1,1,0
already_treacherous,1,1,0
already_touchy,1,1,0
already_topical,1,1,0
already_tiresome,1,1,0
already_thirsty,1,1,0
already_unheard,1,1,0
already_unlikely,1,1,0
already_terrific,1,1,0
already_unpleasant,1,1,0
already_worthy,1,1,0
already_worse,1,1,0
already_wonderful,1,1,0
already_white,1,1,0
already_wavy,1,1,0
already_warm,1,1,0
already_wacky,1,1,0
already_viral,1,1,0
already_vintage,1,1,0
already_versatile,1,1,0
already_vegetarian,1,1,0
already_useful,1,1,0
already_usable,1,1,0
already_unsympathetic,1,1,0
already_unreadable,1,1,0
already_unpredictable,1,1,0
already_unpopular,1,1,0
already_thin,1,1,0
already_terrible,1,1,0
also_eager,1,1,0
already_simple,1,1,0
already_shocked,1,1,0
already_shaky,1,1,0
already_several,1,1,0
already_separate,1,1,0
already_sentimental,1,1,0
already_sensational,1,1,0
already_sectarian,1,1,0
already_scarce,1,1,0
already_scandalous,1,1,0
already_savvy,1,1,0
already_same,1,1,0
already_rubbish,1,1,0
already_romantic,1,1,0
already_risky,1,1,0
already_righteous,1,1,0
already_richer,1,1,0
already_rewarding,1,1,0
already_silent,1,1,0
already_sinister,1,1,0
already_tenuous,1,1,0
already_sleazy,1,1,0
already_temporary,1,1,0
already_tasty,1,1,0
already_synonymous,1,1,0
already_suicidal,1,1,0
already_sturdy,1,1,0
already_stunning,1,1,0
already_sticky,1,1,0
already_sterile,1,1,0
already_state-owned,1,1,0
already_stale,1,1,0
already_square,1,1,0
already_sporadic,1,1,0
already_spooky,1,1,0
already_spectacular,1,1,0
already_solid,1,1,0
already_smitten,1,1,0
already_slimy,1,1,0
also_abundant,1,1,0
also_academic,1,1,0
also_accurate,1,1,0
also_dead,1,1,0
also_damaging,1,1,0
also_customizable,1,1,0
also_cumbersome,1,1,0
also_culpable,1,1,0
also_cruel,1,1,0
also_criminal,1,1,0
also_cranky,1,1,0
also_cowardly,1,1,0
also_counterproductive,1,1,0
also_cool,1,1,0
also_considerate,1,1,0
also_conducive,1,1,0
also_condescending,1,1,0
also_compliant,1,1,0
also_competitive,1,1,0
also_commonplace,1,1,0
also_comforting,1,1,0
also_damp,1,1,0
also_debatable,1,1,0
also_accustomed,1,1,0
also_deep,1,1,0
also_dynamic,1,1,0
also_due,1,1,0
also_doable,1,1,0
also_distressing,1,1,0
also_disastrous,1,1,0
also_disappointed,1,1,0
also_diligent,1,1,0
also_digital,1,1,0
also_devoid,1,1,0
also_detrimental,1,1,0
also_destructive,1,1,0
also_desirable,1,1,0
also_deserving,1,1,0
also_depressing,1,1,0
also_delightful,1,1,0
also_deliberate,1,1,0
also_defective,1,1,0
also_cocky,1,1,0
also_clearer,1,1,0
also_chaotic,1,1,0
also_cautious,1,1,0
also_anti-semitic,1,1,0
also_anonymous,1,1,0
also_annoyed,1,1,0
also_angry,1,1,0
also_amusing,1,1,0
also_american,1,1,0
also_alone,1,1,0
also_alluring,1,1,0
also_alien,1,1,0
also_aggressive,1,1,0
also_affable,1,1,0
also_adverse,1,1,0
also_admired,1,1,0
also_addictive,1,1,0
also_actual,1,1,0
also_active,1,1,0
also_achievable,1,1,0
also_apologetic,1,1,0
also_arbitrary,1,1,0
also_australian,1,1,0
also_blameless,1,1,0
also_cathartic,1,1,0
also_captive,1,1,0
also_calm,1,1,0
also_brilliant,1,1,0
also_breathtaking,1,1,0
also_boring,1,1,0
also_blue,1,1,0
also_bitter,1,1,0
also_autistic,1,1,0
also_biodegradable,1,1,0
also_bigger,1,1,0
also_big,1,1,0
also_awkward,1,1,0
also_awful,1,1,0
also_awesome,1,1,0
also_average,1,1,0
always_erect,1,1,0
always_ergonomic,1,1,0
always_erotic,1,1,0
apparently_awesome,1,1,0
apparently_applicable,1,1,0
apparently_apparent,1,1,0
apparently_anxious,1,1,0
apparently_amiss,1,1,0
apparently_alive,1,1,0
appallingly_tragic,1,1,0
appallingly_splendid,1,1,0
appallingly_large,1,1,0
appallingly_insensitive,1,1,0
appallingly_ignorant,1,1,0
appallingly_endless,1,1,0
appallingly_disrespectful,1,1,0
appallingly_dishonest,1,1,0
appallingly_criminal,1,1,0
appallingly_bitchy,1,1,0
appallingly_arrogant,1,1,0
anywhere_strict,1,1,0
apparently_arbitrary,1,1,0
apparently_beneficial,1,1,0
anywhere_ready,1,1,0
apparently_biased,1,0,1
apparently_fearful,1,1,0
apparently_farther,1,1,0
apparently_eligible,1,1,0
apparently_due,1,1,0
apparently_drunk,1,1,0
apparently_distraught,1,1,0
apparently_dishonest,1,0,1
apparently_destructive,1,1,0
apparently_customary,1,1,0
apparently_cost-effective,1,1,0
apparently_correct,1,1,0
apparently_conspicuous,1,1,0
apparently_conscious,1,1,0
apparently_central,1,1,0
apparently_bored,1,1,0
apparently_blind,1,1,0
apparently_big,1,1,0
anywhere_secure,1,1,0
anywhere_permanent,1,1,0
apparently_foreign,1,1,0
anyway_strategic,1,1,0
anyway_slow,1,1,0
anyway_similar,1,1,0
anyway_silly,1,1,0
anyway_robust,1,1,0
anyway_revolutionary,1,1,0
anyway_religious,1,1,0
anyway_reliable,1,1,0
anyway_relevant,1,1,0
anyway_rare,1,1,0
anyway_probable,1,1,0
anyway_positive,1,1,0
anyway_political,1,1,0
anyway_pleased,1,1,0
anyway_pertinent,1,1,0
anyway_personal,1,1,0
anyway_partisan,1,1,0
anyway_oversold,1,1,0
anyway_stealthy,1,1,0
anyway_superior,1,1,0
anywhere_nearer,1,1,0
anyway_surprising,1,1,0
anywhere_nearby,1,1,0
anywhere_much,1,1,0
anywhere_more,1,1,0
anywhere_interesting,1,1,0
anywhere_idyllic,1,1,0
anywhere_fast,1,1,0
anywhere_enough,1,1,0
anywhere_early,1,1,0
anywhere_decent,1,1,0
anywhere_complete,1,1,0
anywhere_cold,1,1,0
anywhere_accessible,1,1,0
anywhere_acceptable,1,1,0
anyway_worthy,1,1,0
anyway_unlawful,1,1,0
anyway_unified,1,1,0
anyway_trite,1,1,0
apparently_fond,1,1,0
apparently_formulaic,1,1,0
appealingly_innocent,1,1,0
apparently_substantial,1,1,0
apparently_strong,1,1,0
apparently_stagnant,1,1,0
apparently_specific,1,1,0
apparently_solid,1,1,0
apparently_simpler,1,1,0
apparently_similar,1,1,0
apparently_sick,1,1,0
apparently_severe,1,0,1
apparently_scared,1,1,0
apparently_respectful,1,1,0
apparently_reluctant,1,1,0
apparently_reflective,1,1,0
apparently_receptive,1,1,0
apparently_rampant,1,1,0
apparently_radical,1,1,0
apparently_profitable,1,1,0
apparently_productive,1,1,0
apparently_stupid,1,1,0
apparently_sufficient,1,1,0
apparently_pleasant,1,1,0
apparently_suspicious,1,0,1
apparently_worth,1,1,0
apparently_worried,1,1,0
apparently_white,1,1,0
apparently_vulnerable,1,1,0
apparently_violent,1,1,0
apparently_valid,1,1,0
apparently_useful,1,1,0
apparently_unusual,1,1,0
apparently_unsafe,1,1,0
apparently_unemployed,1,1,0
apparently_unable,1,1,0
apparently_un-american,1,1,0
apparently_trustworthy,1,1,0
apparently_true,1,1,0
apparently_trivial,1,0,1
apparently_top-notch,1,1,0
apparently_sympathetic,1,1,0
apparently_popular,1,1,0
apparently_parallel,1,0,1
apparently_frequent,1,1,0
apparently_interesting,1,1,0
apparently_indefensible,1,1,0
apparently_inconsistent,1,1,0
apparently_improper,1,0,1
apparently_impressed,1,1,0
apparently_impossible,1,1,0
apparently_important,1,1,0
apparently_immortal,1,1,0
apparently_ignorant,1,1,0
apparently_humorous,1,1,0
apparently_high,1,1,0
apparently_healthy,1,1,0
apparently_hazardous,1,1,0
apparently_happy,1,1,0
apparently_global,1,1,0
apparently_germane,1,1,0
apparently_gay,1,1,0
apparently_functional,1,1,0
apparently_innocuous,1,0,1
apparently_involved,1,1,0
apparently_ostentatious,1,1,0
apparently_keen,1,1,0
apparently_open,1,1,0
apparently_observable,1,1,0
apparently_novel,1,0,1
apparently_noticeable,1,1,0
apparently_negative,1,0,1
apparently_needy,1,1,0
apparently_mutual,1,1,0
apparently_mobile,1,1,0
apparently_minded,1,0,1
apparently_many,1,1,0
apparently_major,1,1,0
apparently_lush,1,1,0
apparently_limitless,1,1,0
apparently_likely,1,1,0
apparently_life-threatening,1,0,1
apparently_legal,1,1,0
apparently_left,1,0,1
anyway_optimistic,1,1,0
anyway_operational,1,1,0
anyway_official,1,1,0
anymore_outraged,1,1,0
anymore_original,1,1,0
anymore_optional,1,1,0
anymore_obsessed,1,1,0
anymore_normal,1,1,0
anymore_miserable,1,1,0
anymore_menacing,1,1,0
anymore_loving,1,1,0
anymore_local,1,1,0
anymore_lethal,1,1,0
anymore_legal,1,1,0
anymore_lawless,1,1,0
anymore_japanese,1,1,0
anymore_intuitive,1,1,0
anymore_insensitive,1,1,0
anymore_incorrect,1,1,0
anymore_impossible,1,1,0
anymore_impactful,1,1,0
anymore_outlandish,1,1,0
anymore_passive,1,1,0
anymore_illustrious,1,1,0
anymore_pleasing,1,1,0
anymore_scary,1,1,0
anymore_satisfied,1,1,0
anymore_sad,1,1,0
anymore_sacred,1,1,0
anymore_rude,1,1,0
anymore_round,1,1,0
anymore_responsive,1,1,0
anymore_respectable,1,1,0
anymore_reliable,1,1,0
anymore_redundant,1,1,0
anymore_racist,1,1,0
anymore_qualified,1,1,0
anymore_progressive,1,1,0
anymore_profitable,1,1,0
anymore_productive,1,1,0
anymore_present,1,1,0
anymore_popular,1,1,0
anymore_immune,1,1,0
anymore_illuminating,1,1,0
anyway_objectionable,1,0,1
anymore_expensive,1,1,0
anymore_exclusive,1,1,0
anymore_european,1,1,0
anymore_epic,1,1,0
anymore_enlightened,1,1,0
anymore_eligible,1,1,0
anymore_economical,1,1,0
anymore_dry,1,1,0
anymore_dramatic,1,1,0
anymore_dominant,1,1,0
anymore_disruptive,1,1,0
anymore_descriptive,1,1,0
anymore_delighted,1,1,0
anymore_definitive,1,1,0
anymore_definite,1,1,0
anymore_current,1,1,0
anymore_creative,1,1,0
anymore_contagious,1,1,0
anymore_existent,1,1,0
anymore_extraordinary,1,1,0
anymore_ideal,1,1,0
anymore_extremist,1,1,0
anymore_human,1,1,0
anymore_hot,1,1,0
anymore_horizontal,1,1,0
anymore_homeless,1,1,0
anymore_hip,1,1,0
anymore_harmful,1,1,0
anymore_hard,1,1,0
anymore_grievous,1,1,0
anymore_good,1,1,0
anymore_generous,1,1,0
anymore_generic,1,1,0
anymore_friendly,1,1,0
anymore_free,1,1,0
anymore_forthcoming,1,1,0
anymore_flawed,1,1,0
anymore_feasible,1,1,0
anymore_fat,1,1,0
anymore_sensitive,1,1,0
anymore_serene,1,1,0
anymore_sexist,1,1,0
anyway_dismissive,1,1,0
anyway_desirous,1,1,0
anyway_desirable,1,1,0
anyway_depressing,1,1,0
anyway_demeaning,1,1,0
anyway_defective,1,1,0
anyway_dangerous,1,1,0
anyway_consistent,1,1,0
anyway_conscious,1,1,0
anyway_closer,1,1,0
anyway_certain,1,1,0
anyway_bothersome,1,1,0
anyway_better,1,0,1
anyway_beautiful,1,1,0
anyway_bad,1,1,0
anyway_aware,1,1,0
anyway_astonishing,1,1,0
anyway_alarming,1,1,0
anyway_different,1,1,0
anyway_effective,1,1,0
anymore_sexual,1,1,0
anyway_efficient,1,1,0
anyway_necessary,1,1,0
anyway_malicious,1,1,0
anyway_lucid,1,1,0
anyway_logical,1,1,0
anyway_literal,1,1,0
anyway_intrusive,1,1,0
anyway_intimidating,1,1,0
anyway_interested,1,1,0
anyway_incorrect,1,1,0
anyway_important,1,1,0
anyway_identical,1,1,0
anyway_helpful,1,1,0
anyway_gaudy,1,1,0
anyway_fun,1,1,0
anyway_friendly,1,1,0
anyway_exclusive,1,1,0
anyway_equivalent,1,1,0
anyway_accidental,1,1,0
anyway_acceptable,1,1,0
anymore_young,1,1,0
anymore_worthless,1,1,0
anymore_suspect,1,1,0
anymore_sure,1,1,0
anymore_subject,1,1,0
anymore_stuck,1,1,0
anymore_strategic,1,1,0
anymore_strange,1,1,0
anymore_steep,1,1,0
anymore_spontaneous,1,1,0
anymore_spectacular,1,1,0
anymore_sophisticated,1,0,1
anymore_small,1,1,0
anymore_sinful,1,1,0
anymore_silly,1,1,0
anymore_shocked,1,1,0
anymore_shitty,1,1,0
anymore_shiny,1,1,0
anymore_sharp,1,1,0
anymore_sustainable,1,1,0
anymore_symmetrical,1,1,0
anymore_taboo,1,1,0
anymore_useful,1,1,0
anymore_wishful,1,1,0
anymore_wiser,1,1,0
anymore_welcoming,1,1,0
anymore_visible,1,1,0
anymore_viable,1,1,0
anymore_valid,1,1,0
anymore_usual,1,1,0
anymore_urgent,1,1,0
anymore_thrilling,1,1,0
anymore_unsuitable,1,1,0
anymore_unpleasant,1,1,0
anymore_uncertain,1,1,0
anymore_trustworthy,1,1,0
anymore_tragic,1,1,0
anymore_traditional,1,1,0
anymore_tired,1,1,0
appealingly_humane,1,1,0
appealingly_light,1,0,1
always_ethereal,1,1,0
artistically_dramatic,1,1,0
artistically_difficult,1,1,0
artistically_credible,1,1,0
artistically_correct,1,1,0
artistically_complacent,1,1,0
artistically_capable,1,1,0
artistically_bankrupt,1,1,0
artistically_awesome,1,1,0
artistically_appealing,1,1,0
artistically_ambitious,1,1,0
artistically_admirable,1,1,0
artistically_adept,1,1,0
artificially_wide,1,1,0
artificially_smooth,1,1,0
artificially_scarce,1,1,0
artificially_rigid,1,1,0
artificially_poor,1,1,0
artificially_overdone,1,1,0
artistically_distinct,1,1,0
artistically_edgy,1,1,0
artificially_manic,1,1,0
artistically_effective,1,1,0
artistically_pretentious,1,1,0
artistically_precise,1,1,0
artistically_oppressive,1,1,0
artistically_noteworthy,1,0,1
artistically_necessary,1,1,0
artistically_naive,1,1,0
artistically_motivated,1,1,0
artistically_insightful,1,1,0
artistically_indulgent,1,0,1
artistically_indifferent,1,1,0
artistically_inappropriate,1,1,0
artistically_impressive,1,1,0
artistically_ignorant,1,1,0
artistically_fulfilling,1,1,0
artistically_fitting,1,1,0
artistically_feeble,1,1,0
artistically_enthused,1,1,0
artificially_one-sided,1,1,0
artificially_lower,1,1,0
artistically_relevant,1,1,0
around_lucrative,1,1,0
around_large,1,1,0
around_impossible,1,1,0
around_ideal,1,1,0
around_great,1,1,0
around_good,1,1,0
around_full-time,1,1,0
around_faster,1,1,0
around_fast,1,1,0
around_electric,1,1,0
around_early,1,1,0
around_difficult,1,1,0
around_better,1,1,0
around_awesome,1,1,0
around_appealing,1,1,0
arguably_worthy,1,1,0
arguably_unsafe,1,1,0
arguably_unnecessary,1,1,0
around_late,1,1,0
around_mediocre,1,1,0
artificially_inflated,1,1,0
around_organized,1,1,0
artificially_hip,1,1,0
artificially_harsh,1,1,0
artificially_happy,1,1,0
artificially_extra,1,1,0
artificially_excessive,1,1,0
artificially_cold,1,1,0
artificially_bright,1,1,0
artificially_blissful,1,1,0
around_worth,1,0,1
around_willing,1,0,1
around_sure,1,1,0
around_sunny,1,1,0
around_standard,1,1,0
around_sick,1,1,0
around_right,1,1,0
around_racist,1,1,0
around_perfect,1,1,0
artistically_provocative,1,1,0
artistically_revolutionary,1,1,0
appealingly_mischievous,1,1,0
as_coveted,1,1,0
as_contiguous,1,1,0
as_constitutional,1,1,0
as_consecutive,1,1,0
as_congruent,1,1,0
as_conflicting,1,1,0
as_compelled,1,1,0
as_commendable,1,1,0
as_collectable,1,1,0
as_cognitive,1,1,0
as_closer,1,1,0
as_cleaner,1,1,0
as_chuffed,1,1,0
as_chemical,1,1,0
as_ceremonial,1,1,0
as_centralized,1,1,0
as_caucasian,1,1,0
as_catholic,1,1,0
as_controlled,1,1,0
as_curable,1,1,0
as_busier,1,1,0
as_cursory,1,1,0
as_empowered,1,1,0
as_empirical,1,1,0
as_empathic,1,1,0
as_effeminate,1,1,0
as_ecological,1,1,0
as_dumbfounded,1,1,0
as_dismayed,1,1,0
as_discretionary,1,1,0
as_discoverable,1,1,0
as_disadvantaged,1,1,0
as_deviant,1,1,0
as_deluded,1,1,0
as_deeper,1,1,0
as_deductible,1,1,0
as_dazed,1,1,0
as_damned,1,1,0
as_damn,1,1,0
as_businesslike,1,1,0
as_bottomless,1,1,0
artistically_rewarding,1,1,0
as_adrift,1,1,0
as_additional,1,1,0
as_acoustic,1,1,0
as_abused,1,1,0
artistically_worthy,1,1,0
artistically_valid,1,1,0
artistically_unusual,1,1,0
artistically_unique,1,1,0
artistically_true,1,1,0
artistically_sterile,1,1,0
artistically_stale,1,1,0
artistically_sound,1,1,0
artistically_sophisticated,1,1,0
artistically_simplistic,1,1,0
artistically_sexy,1,1,0
artistically_satisfied,1,1,0
artistically_safe,1,1,0
artistically_rich,1,1,0
as_adjacent,1,1,0
as_advantaged,1,1,0
as_bisexual,1,1,0
as_aghast,1,1,0
as_biodiverse,1,1,0
as_biggest,1,1,0
as_beguiling,1,1,0
as_bearable,1,1,0
as_awash,1,1,0
as_asian,1,1,0
as_apocryphal,1,1,0
as_anti-israel,1,1,0
as_annual,1,1,0
as_androgynous,1,1,0
as_alright,1,1,0
as_alkaline,1,1,0
as_akin,1,1,0
as_ailing,1,1,0
as_agricultural,1,1,0
as_agnostic,1,1,0
as_aging,1,1,0
arguably_unconstitutional,1,1,0
arguably_true,1,1,0
arguably_sufficient,1,1,0
appropriately_involved,1,1,0
appropriately_intentioned,1,1,0
appropriately_inclusive,1,1,0
appropriately_helpful,1,1,0
appropriately_full,1,1,0
appropriately_frightened,1,1,0
appropriately_formal,1,1,0
appropriately_festive,1,1,0
appropriately_feminine,1,1,0
appropriately_faithful,1,1,0
appropriately_excited,1,1,0
appropriately_dignified,1,1,0
appropriately_difficult,1,1,0
appropriately_devastating,1,1,0
appropriately_dangerous,1,1,0
appropriately_cultural,1,1,0
appropriately_cuddly,1,1,0
appropriately_cooperative,1,1,0
appropriately_interested,1,1,0
appropriately_laughable,1,1,0
appropriately_clean,1,1,0
appropriately_magnificent,1,1,0
approximately_accurate,1,1,0
appropriately_useful,1,1,0
appropriately_transparent,1,1,0
appropriately_supportive,1,1,0
appropriately_suitable,1,1,0
appropriately_subject,1,1,0
appropriately_square,1,1,0
appropriately_serious,1,1,0
appropriately_self-critical,1,1,0
appropriately_sedate,1,1,0
appropriately_seasoned,1,1,0
appropriately_risky,1,1,0
appropriately_religious,1,1,0
appropriately_proactive,1,1,0
appropriately_pious,1,1,0
appropriately_orange,1,1,0
appropriately_old,1,1,0
appropriately_comparable,1,1,0
appropriately_aware,1,1,0
arguably_stronger,1,1,0
appreciably_irresponsible,1,1,0
appreciably_healthier,1,1,0
appreciably_harmful,1,1,0
appreciably_good,1,1,0
appreciably_fast,1,1,0
appreciably_easier,1,1,0
appreciably_earnest,1,1,0
appreciably_dumber,1,1,0
appreciably_distinguishable,1,1,0
appreciably_distinct,1,1,0
appreciably_dissimilar,1,1,0
appreciably_diplomatic,1,1,0
appreciably_dependent,1,1,0
appreciably_cooler,1,1,0
appreciably_bigger,1,1,0
appealingly_weird,1,0,1
appealingly_rational,1,1,0
appealingly_odd,1,1,0
appreciably_hotter,1,1,0
appreciably_meritorious,1,1,0
appropriately_available,1,1,0
appreciably_nuanced,1,1,0
appropriately_ashamed,1,1,0
appropriately_able,1,1,0
appreciably_younger,1,1,0
appreciably_wiser,1,1,0
appreciably_various,1,1,0
appreciably_tougher,1,1,0
appreciably_thinner,1,1,0
appreciably_thicker,1,1,0
appreciably_tastier,1,1,0
appreciably_taller,1,1,0
appreciably_strenuous,1,1,0
appreciably_smarter,1,1,0
appreciably_smaller,1,1,0
appreciably_slower,1,1,0
appreciably_safer,1,1,0
appreciably_quicker,1,1,0
appreciably_older,1,0,1
approximately_adequate,1,1,0
approximately_close,1,1,0
approximately_comparable,1,1,0
arguably_contrary,1,1,0
arguably_boring,1,1,0
arguably_bigger,1,1,0
architecturally_unique,1,1,0
architecturally_substandard,1,1,0
architecturally_splendid,1,1,0
architecturally_sensitive,1,1,0
architecturally_reminiscent,1,1,0
architecturally_pure,1,1,0
architecturally_palatable,1,1,0
architecturally_outstanding,1,1,0
architecturally_magnificent,1,1,0
architecturally_logical,1,1,0
architecturally_glamorous,1,1,0
architecturally_fascinating,1,1,0
architecturally_exuberant,1,1,0
architecturally_exciting,1,1,0
architecturally_elegant,1,1,0
arguably_constitutional,1,1,0
arguably_creepier,1,1,0
approximately_correct,1,1,0
arguably_defensible,1,1,0
arguably_questionable,1,1,0
arguably_problematic,1,1,0
arguably_preferable,1,1,0
arguably_natural,1,1,0
arguably_moreso,1,1,0
arguably_more,1,1,0
arguably_low,1,1,0
arguably_inventive,1,1,0
arguably_invalid,1,1,0
arguably_indicative,1,1,0
arguably_inconsistent,1,1,0
arguably_impossible,1,1,0
arguably_harmless,1,1,0
arguably_feminist,1,1,0
arguably_false,1,1,0
arguably_efficient,1,1,0
arguably_easier,1,1,0
architecturally_distinguished,1,1,0
architecturally_consistent,1,1,0
architecturally_complex,1,1,0
architecturally_compatible,1,1,0
arbitrarily_effective,1,1,0
arbitrarily_contrary,1,1,0
arbitrarily_aggressive,1,1,0
approximately_therapeutic,1,1,0
approximately_straight,1,1,0
approximately_smooth,1,1,0
approximately_satisfied,1,1,0
approximately_same,1,1,0
approximately_right,1,1,0
approximately_purposeful,1,1,0
approximately_previous,1,1,0
approximately_par,1,1,0
approximately_normal,1,1,0
approximately_necessary,1,1,0
approximately_mild,1,1,0
approximately_free,1,1,0
approximately_financial,1,1,0
arbitrarily_helpful,1,1,0
arbitrarily_incomprehensible,1,1,0
arbitrarily_large,1,1,0
arbitrarily_white,1,1,0
architecturally_challenging,1,1,0
architecturally_breathtaking,1,1,0
architecturally_baroque,1,1,0
architecturally_awesome,1,1,0
architecturally_authentic,1,1,0
architecturally_attractive,1,1,0
architecturally_ambitious,1,1,0
arbitrarily_unacceptable,1,1,0
arbitrarily_monstrous,1,1,0
arbitrarily_subjective,1,1,0
arbitrarily_subject,1,1,0
arbitrarily_steep,1,1,0
arbitrarily_small,1,1,0
arbitrarily_restrictive,1,1,0
arbitrarily_related,1,1,0
arbitrarily_offensive,1,1,0
anymore_conspicuous,1,1,0
anymore_concerned,1,1,0
anymore_comprehensible,1,1,0
always_precarious,1,1,0
always_posh,1,1,0
always_plush,1,1,0
always_pliable,1,1,0
always_platonic,1,1,0
always_plastic,1,1,0
always_placid,1,1,0
always_pernicious,1,1,0
always_permeable,1,1,0
always_perky,1,1,0
always_peripheral,1,1,0
always_payable,1,1,0
always_patriotic,1,1,0
always_patriarchal,1,1,0
always_particular,1,1,0
always_partial,1,1,0
always_paranoid,1,1,0
always_palpable,1,1,0
always_pragmatic,1,1,0
always_precious,1,1,0
always_overjoyed,1,1,0
always_predatory,1,1,0
always_recommendable,1,1,0
always_rebellious,1,1,0
always_questionable,1,1,0
always_qualitative,1,1,0
always_purposeful,1,1,0
always_psychotic,1,1,0
always_psyched,1,1,0
always_protective,1,1,0
always_prolific,1,1,0
always_prime,1,1,0
always_primary,1,1,0
always_prideful,1,1,0
always_pricier,1,1,0
always_pricey,1,1,0
always_prettier,1,1,0
always_premium,1,1,0
always_predominant,1,1,0
always_overpriced,1,1,0
always_overdone,1,1,0
always_relational,1,1,0
always_noxious,1,1,0
always_nostalgic,1,1,0
always_nostalgia,1,1,0
always_non-violent,1,1,0
always_non-toxic,1,1,0
always_nimble,1,1,0
always_negligible,1,1,0
always_near,1,1,0
always_national,1,1,0
always_narcissistic,1,1,0
always_mute,1,1,0
always_muslim,1,1,0
always_musical,1,1,0
always_murderous,1,1,0
always_most,1,1,0
always_moronic,1,1,0
always_monthly,1,1,0
always_monstrous,1,1,0
always_novel,1,1,0
always_numerous,1,0,1
always_overcrowded,1,1,0
always_nurturing,1,1,0
always_overcast,1,1,0
always_overblown,1,1,0
always_outrageous,1,1,0
always_outlandish,1,1,0
always_other,1,1,0
always_opposite,1,1,0
always_onerous,1,1,0
always_one-dimensional,1,1,0
always_omnipresent,1,1,0
always_ominous,1,1,0
always_older,1,1,0
always_oily,1,1,0
always_offbeat,1,1,0
always_odious,1,1,0
always_obtuse,1,1,0
always_observable,1,1,0
always_objectionable,1,1,0
always_recreational,1,1,0
always_reluctant,1,1,0
anymore_competitive,1,1,0
always_substantive,1,1,0
always_sublime,1,1,0
always_stuffy,1,1,0
always_strongest,1,1,0
always_stressful,1,1,0
always_strenuous,1,1,0
always_stinky,1,1,0
always_stern,1,1,0
always_steadfast,1,1,0
always_stark,1,1,0
always_stagnant,1,1,0
always_spot,1,1,0
always_sporty,1,1,0
always_spherical,1,1,0
always_sorry,1,1,0
always_social,1,1,0
always_sociable,1,1,0
always_snowy,1,1,0
always_subservient,1,1,0
always_suggestive,1,1,0
always_situational,1,1,0
always_sultry,1,1,0
always_temperate,1,1,0
always_taut,1,1,0
always_tastier,1,1,0
always_tantamount,1,1,0
always_tangential,1,1,0
always_talented,1,1,0
always_tactile,1,1,0
always_tactical,1,1,0
always_synthetic,1,1,0
always_symbolic,1,1,0
always_swollen,1,1,0
always_suspenseful,1,1,0
always_surreal,1,1,0
always_surgical,1,1,0
always_superstitious,1,1,0
always_superb,1,1,0
always_super,1,1,0
always_sleek,1,1,0
always_sinister,1,1,0
always_reminiscent,1,1,0
always_sarcastic,1,1,0
always_salty,1,1,0
always_sacrosanct,1,1,0
always_royal,1,1,0
always_routine,1,1,0
always_rotten,1,1,0
always_rocky,1,1,0
always_ridiculous,1,1,0
always_rhythmic,1,1,0
always_reverent,1,1,0
always_reusable,1,1,0
always_retro,1,1,0
always_restrictive,1,1,0
always_restrained,1,1,0
always_resilient,1,1,0
always_repulsive,1,1,0
always_reprehensible,1,1,0
always_removable,1,1,0
always_sane,1,1,0
always_scalable,1,1,0
always_shorter,1,1,0
always_scarce,1,1,0
always_short-lived,1,1,0
always_shocking,1,1,0
always_shit,1,1,0
always_shadowy,1,1,0
always_shabby,1,1,0
always_sexier,1,1,0
always_serviceable,1,1,0
always_self-conscious,1,1,0
always_seductive,1,1,0
always_sedate,1,1,0
always_secret,1,1,0
always_second,1,1,0
always_scottish,1,1,0
always_sci-fi,1,1,0
always_scholarly,1,1,0
always_schizophrenic,1,1,0
always_scarier,1,1,0
always_monotonous,1,1,0
always_monolithic,1,1,0
always_momentous,1,1,0
always_hassle,1,1,0
always_hard-hitting,1,1,0
always_handmade,1,1,0
always_hairy,1,1,0
always_hairless,1,1,0
always_gut-wrenching,1,1,0
always_gung,1,1,0
always_grumpy,1,1,0
always_gripping,1,1,0
always_gratuitous,1,1,0
always_gorgeous,1,1,0
always_good-looking,1,1,0
always_godly,1,1,0
always_glossy,1,1,0
always_glaring,1,1,0
always_girly,1,1,0
always_gifted,1,1,0
always_genteel,1,1,0
always_hardworking,1,1,0
always_hawkish,1,1,0
always_fuzzy,1,1,0
always_hazardous,1,1,0
always_impatient,1,1,0
always_impactful,1,1,0
always_immersive,1,1,0
always_imaginative,1,1,0
always_imaginable,1,1,0
always_ignorant,1,1,0
always_hysterical,1,1,0
always_hyper,1,1,0
always_humanoid,1,1,0
always_homophobic,1,1,0
always_homogenous,1,1,0
always_hollow,1,1,0
always_holistic,1,1,0
always_high-tech,1,1,0
always_high-quality,1,1,0
always_heavenly,1,1,0
always_healthful,1,1,0
always_general,1,1,0
always_futuristic,1,1,0
always_moist,1,1,0
always_feminine,1,1,0
always_fast-paced,1,1,0
always_far-fetched,1,1,0
always_facile,1,1,0
always_eye-popping,1,1,0
always_eye-catching,1,1,0
always_extreme,1,1,0
always_extra,1,1,0
always_expansive,1,1,0
always_exotic,1,1,0
always_exorbitant,1,1,0
always_exaggerated,1,1,0
always_exacting,1,1,0
always_evocative,1,1,0
always_eventful,1,1,0
always_evangelical,1,1,0
always_european,1,1,0
always_ethnic,1,1,0
always_fearsome,1,1,0
always_feminist,1,1,0
always_future,1,1,0
always_finicky,1,1,0
always_funky,1,1,0
always_full-time,1,1,0
always_frustrating,1,1,0
always_frustrated,1,1,0
always_fruitless,1,1,0
always_friendlier,1,1,0
always_foundational,1,1,0
always_forgettable,1,1,0
always_forbidden,1,1,0
always_flush,1,1,0
always_flowery,1,1,0
always_flavorful,1,1,0
always_flattered,1,1,0
always_flamboyant,1,1,0
always_fitting,1,1,0
always_fiscal,1,1,0
always_finite,1,1,0
always_impervious,1,1,0
always_impotent,1,1,0
always_impractical,1,1,0
always_magnificent,1,1,0
always_lush,1,0,1
always_low-tech,1,1,0
always_low-key,1,1,0
always_low-cost,1,1,0
always_louder,1,1,0
always_long-term,1,1,0
always_lonely,1,1,0
always_lofty,1,1,0
always_lively,1,1,0
always_livable,1,1,0
always_literate,1,1,0
always_literary,1,1,0
always_limitless,1,1,0
always_limited,1,1,0
always_libertarian,1,1,0
always_lesbian,1,1,0
always_lenient,1,1,0
always_magnetic,1,1,0
always_maintainable,1,1,0
always_incompetent,1,1,0
always_male-dominated,1,1,0
always_modest,1,1,0
always_modern,1,1,0
always_minimalistic,1,1,0
always_mindless,1,1,0
always_mind-blowing,1,1,0
always_militaristic,1,1,0
always_microscopic,1,1,0
always_mexican,1,1,0
always_metaphysical,1,1,0
always_metaphorical,1,1,0
always_melancholic,1,1,0
always_medieval,1,1,0
always_mean,1,1,0
always_mathematical,1,1,0
always_marvelous,1,1,0
always_manic,1,1,0
always_man-made,1,1,0
always_law-abiding,1,1,0
always_laudable,1,1,0
always_lacking,1,1,0
always_known,1,1,0
always_insipid,1,1,0
always_insignificant,1,1,0
always_inner,1,1,0
always_inhumane,1,1,0
always_informed,1,1,0
always_influential,1,1,0
always_infinite,1,1,0
always_infectious,1,1,0
always_ineffectual,1,1,0
always_ineffective,1,1,0
always_industrial,1,1,0
always_indistinguishable,1,1,0
always_indefensible,1,1,0
always_incremental,1,1,0
always_inconvenient,1,1,0
always_inconsequential,1,1,0
always_incomplete,1,1,0
always_insistent,1,1,0
always_instructive,1,1,0
always_insubstantial,1,1,0
always_irksome,1,1,0
always_kinder,1,1,0
always_jumpy,1,1,0
always_jittery,1,1,0
always_jealous,1,1,0
always_jaded,1,1,0
always_irritating,1,1,0
always_irregular,1,1,0
always_invulnerable,1,1,0
always_interactive,1,1,0
always_invigorating,1,1,0
always_inventive,1,1,0
always_invalid,1,1,0
always_introspective,1,1,0
always_intransigent,1,1,0
always_intimate,1,1,0
always_international,1,1,0
always_tempting,1,1,0
always_tentative,1,1,0
always_tenuous,1,1,0
annoyingly_bland,1,1,0
annoyingly_arrogant,1,1,0
annoyingly_argumentative,1,1,0
annoyingly_adorable,1,0,1
anatomically_strange,1,1,0
anatomically_straight,1,1,0
anatomically_simpler,1,1,0
anatomically_similar,1,1,0
anatomically_separate,1,1,0
anatomically_rigid,1,1,0
anatomically_realistic,1,1,0
anatomically_perfect,1,1,0
anatomically_normal,1,1,0
anatomically_impressive,1,1,0
anatomically_impossible,1,1,0
anatomically_identical,1,1,0
anatomically_female,1,1,0
anatomically_feasible,1,1,0
annoyingly_attractive,1,1,0
annoyingly_blatant,1,1,0
anatomically_disoriented,1,0,1
annoyingly_boisterous,1,1,0
annoyingly_goofy,1,1,0
annoyingly_frequent,1,1,0
annoyingly_frenetic,1,1,0
annoyingly_fragile,1,1,0
annoyingly_flawless,1,1,0
annoyingly_evident,1,1,0
annoyingly_depressing,1,1,0
annoyingly_cynical,1,1,0
annoyingly_cutesy,1,1,0
annoyingly_cute,1,1,0
annoyingly_corporate,1,0,1
annoyingly_cloying,1,0,1
annoyingly_childish,1,1,0
annoyingly_chatty,1,1,0
annoyingly_calm,1,1,0
annoyingly_busy,1,1,0
annoyingly_bright,1,1,0
anatomically_disruptive,1,1,0
anatomically_different,1,0,1
amazingly_spectacular,1,1,0
amply_awake,1,1,0
amazingly_wonderful,1,1,0
amazingly_warm,1,1,0
amazingly_walkable,1,1,0
amazingly_versatile,1,1,0
amazingly_varied,1,1,0
amazingly_useful,1,1,0
amazingly_unique,1,1,0
amazingly_true,1,1,0
amazingly_traditional,1,1,0
amazingly_tired,1,1,0
amazingly_thrilling,1,1,0
amazingly_terrible,1,1,0
amazingly_tasty,1,1,0
amazingly_sweet,1,1,0
amazingly_stylish,1,1,0
amazingly_stunning,1,1,0
amazingly_stellar,1,1,0
amazingly_worse,1,1,0
amply_common,1,1,0
anatomically_detailed,1,1,0
amply_demanding,1,1,0
anatomically_complete,1,1,0
anatomically_big,1,1,0
amusingly_subversive,1,1,0
amusingly_stupid,1,1,0
amusingly_scared,1,1,0
amusingly_realistic,1,1,0
amusingly_noisy,1,1,0
amusingly_inventive,1,1,0
amusingly_incompetent,1,1,0
amusingly_fake,1,1,0
amusingly_bad,1,1,0
amusingly_audacious,1,1,0
amusingly_arrogant,1,1,0
amusingly_anecdotal,1,0,1
amusingly_absurd,1,1,0
amply_widespread,1,1,0
amply_satisfied,1,1,0
annoyingly_gradual,1,1,0
annoyingly_happy,1,1,0
annoyingly_harsh,1,1,0
any_whiter,1,1,0
any_trickier,1,1,0
any_tastier,1,1,0
any_subject,1,1,0
any_special,1,1,0
any_shiite,1,0,1
any_sexy,1,1,0
any_rougher,1,1,0
any_rough,1,1,0
any_representative,1,1,0
any_remote,1,1,0
any_rarer,1,1,0
any_pricier,1,1,0
any_present,1,1,0
any_narrower,1,1,0
any_looser,1,1,0
any_lesbian,1,1,0
any_leaner,1,1,0
any_uncomfortable,1,1,0
anymore_acceptable,1,1,0
annoyingly_ill,1,1,0
anymore_accessible,1,1,0
anymore_clunky,1,1,0
anymore_closer,1,1,0
anymore_cheap,1,1,0
anymore_charming,1,1,0
anymore_certain,1,1,0
anymore_boring,1,1,0
anymore_bored,1,0,1
anymore_bittersweet,1,1,0
anymore_better,1,1,0
anymore_beneficial,1,1,0
anymore_awkward,1,1,0
anymore_astonishing,1,1,0
anymore_anti-semitic,1,1,0
anymore_anonymous,1,1,0
anymore_amusing,1,1,0
anymore_advantageous,1,1,0
anymore_addictive,1,1,0
any_intelligent,1,1,0
any_inferior,1,1,0
any_indian,1,1,0
any_green,1,0,1
annoyingly_retro,1,1,0
annoyingly_resistant,1,1,0
annoyingly_refreshing,1,1,0
annoyingly_pushy,1,1,0
annoyingly_proud,1,1,0
annoyingly_present,1,1,0
annoyingly_precise,1,1,0
annoyingly_precious,1,1,0
annoyingly_preachy,1,1,0
annoyingly_persistent,1,1,0
annoyingly_perky,1,1,0
annoyingly_painful,1,1,0
annoyingly_old,1,1,0
annoyingly_oily,1,1,0
annoyingly_obvious,1,1,0
annoyingly_manly,1,1,0
annoyingly_insistent,1,1,0
annoyingly_sarcastic,1,1,0
annoyingly_slow,1,1,0
annoyingly_sluggish,1,1,0
any_creepier,1,1,0
any_graver,1,1,0
any_fitting,1,1,0
any_finer,1,0,1
any_exciting,1,1,0
any_excited,1,1,0
any_enjoyable,1,1,0
any_earlier,1,1,0
any_costlier,1,1,0
annoyingly_stupid,1,1,0
any_cool,1,1,0
any_black,1,1,0
any_antsy,1,1,0
annoyingly_vocal,1,1,0
annoyingly_touristy,1,1,0
annoyingly_thick,1,1,0
annoyingly_symptomatic,1,1,0
amazingly_steady,1,1,0
amazingly_sophisticated,1,1,0
always_territorial,1,1,0
always_vigorous,1,1,0
always_victorian,1,1,0
always_various,1,1,0
always_variable,1,1,0
always_utopian,1,1,0
always_upward,1,1,0
always_upset,1,1,0
always_upscale,1,1,0
always_unwell,1,1,0
always_unsuccessful,1,1,0
always_unstoppable,1,1,0
always_unstable,1,1,0
always_unscrupulous,1,1,0
always_unscathed,1,1,0
always_unreliable,1,1,0
always_unrealistic,1,1,0
always_unnatural,1,1,0
always_unlucky,1,1,0
always_viewable,1,1,0
always_vindictive,1,1,0
always_unintentional,1,1,0
always_visionary,1,1,0
amazingly_athletic,1,1,0
amazingly_arrogant,1,1,0
amazingly_appetizing,1,1,0
amazingly_appealing,1,1,0
amazingly_adorable,1,1,0
amazingly_adjustable,1,1,0
always_zealous,1,1,0
always_wrinkled,1,1,0
always_worthless,1,1,0
always_worst,1,1,0
always_worldly,1,1,0
always_winnable,1,1,0
always_whiny,1,1,0
always_watchful,1,1,0
always_walkable,1,1,0
always_volatile,1,1,0
always_vivid,1,1,0
always_unlocked,1,1,0
always_unintended,1,1,0
amazingly_solid,1,1,0
always_unaffordable,1,1,0
always_unable,1,1,0
always_truer,1,1,0
always_triumphant,1,1,0
always_tricky,1,1,0
always_trendy,1,1,0
always_tremendous,1,1,0
always_treacherous,1,1,0
always_traumatizing,1,1,0
always_translucent,1,1,0
always_transient,1,1,0
always_transgender,1,1,0
always_transactional,1,1,0
always_touristy,1,1,0
always_touchy,1,1,0
always_tolerable,1,1,0
always_tiresome,1,1,0
always_thinner,1,1,0
always_unacceptable,1,1,0
always_unattractive,1,1,0
always_uninsured,1,1,0
always_unaware,1,1,0
always_unfunny,1,1,0
always_unfamiliar,1,1,0
always_uneventful,1,1,0
always_uneven,1,1,0
always_unequal,1,1,0
always_uneducated,1,1,0
always_uneasy,1,1,0
always_undisciplined,1,1,0
always_undetectable,1,1,0
always_underweight,1,1,0
always_underground,1,1,0
always_unconscious,1,1,0
always_unchanged,1,1,0
always_uncertain,1,1,0
always_uncalled,1,1,0
always_unbeatable,1,1,0
always_unbearable,1,1,0
amazingly_bad,1,1,0
amazingly_big,1,1,0
amazingly_bold,1,1,0
amazingly_productive,1,1,0
amazingly_powerful,1,1,0
amazingly_positive,1,1,0
amazingly_portable,1,1,0
amazingly_popular,1,1,0
amazingly_pleasant,1,1,0
amazingly_playable,1,1,0
amazingly_palatable,1,1,0
amazingly_outstanding,1,1,0
amazingly_nice,1,1,0
amazingly_more,1,1,0
amazingly_memorable,1,1,0
amazingly_masterful,1,1,0
amazingly_magical,1,1,0
amazingly_low,1,1,0
amazingly_lovable,1,1,0
amazingly_long,1,1,0
amazingly_light,1,1,0
amazingly_prestigious,1,1,0
amazingly_prolific,1,1,0
amazingly_brittle,1,1,0
amazingly_punctual,1,1,0
amazingly_soft,1,1,0
amazingly_social,1,1,0
amazingly_snowy,1,1,0
amazingly_smart,1,1,0
amazingly_similar,1,1,0
amazingly_shocked,1,1,0
amazingly_shitty,1,1,0
amazingly_sexy,1,1,0
amazingly_scary,1,0,1
amazingly_revolting,1,1,0
amazingly_responsive,1,1,0
amazingly_relevant,1,1,0
amazingly_refreshing,1,1,0
amazingly_realistic,1,1,0
amazingly_rational,1,1,0
amazingly_rapid,1,1,0
amazingly_radiant,1,1,0
amazingly_inventive,1,1,0
amazingly_intelligent,1,1,0
amazingly_intellectual,1,1,0
amazingly_inexperienced,1,1,0
amazingly_diverse,1,1,0
amazingly_detailed,1,1,0
amazingly_dear,1,1,0
amazingly_costly,1,1,0
amazingly_convenient,1,1,0
amazingly_confident,1,1,0
amazingly_complicated,1,1,0
amazingly_complete,1,1,0
amazingly_comfortable,1,1,0
amazingly_colorful,1,1,0
amazingly_cohesive,1,1,0
amazingly_clear,1,1,0
amazingly_clean,1,1,0
amazingly_challenging,1,1,0
amazingly_certain,1,1,0
amazingly_captivating,1,1,0
amazingly_bulky,1,1,0
amazingly_dumb,1,1,0
amazingly_edifying,1,1,0
amazingly_elaborate,1,1,0
amazingly_fresh,1,1,0
amazingly_inexpensive,1,1,0
amazingly_humble,1,1,0
amazingly_huge,1,1,0
amazingly_healthy,1,1,0
amazingly_handsome,1,1,0
amazingly_grand,1,1,0
amazingly_frustrating,1,1,0
amazingly_flexible,1,1,0
amazingly_enthralling,1,1,0
amazingly_flavorful,1,1,0
amazingly_fancy,1,1,0
amazingly_famous,1,1,0
amazingly_familiar,1,1,0
amazingly_exciting,1,1,0
amazingly_excited,1,1,0
amazingly_exceptional,1,1,0
almost_unaware,1,1,0
almost_trivial,1,1,0
as_entire,1,1,0
actively_worse,1,1,0
actively_vindictive,1,1,0
actively_villainous,1,1,0
actively_vicious,1,1,0
actively_upsetting,1,1,0
actively_unwilling,1,1,0
actively_unkind,1,1,0
actively_unhappy,1,1,0
actively_unfriendly,1,1,0
actively_treacherous,1,1,0
actively_transactional,1,1,0
actively_toxic,1,1,0
actively_thrilled,1,1,0
actively_tempting,1,1,0
actively_supernatural,1,1,0
actively_sporty,1,1,0
actively_solicitous,1,1,0
actively_sober,1,1,0
actively_vulnerable,1,1,0
actively_worthless,1,1,0
actively_sinful,1,1,0
actually_academic,1,1,0
actually_agile,1,1,0
actually_aggravating,1,1,0
actually_aged,1,1,0
actually_african-american,1,1,0
actually_afloat,1,1,0
actually_affectionate,1,1,0
actually_aesthetic,1,1,0
actually_advisable,1,1,0
actually_adroit,1,1,0
actually_admirable,1,1,0
actually_adjacent,1,1,0
actually_adept,1,1,0
actually_actual,1,1,0
actually_actionable,1,1,0
actually_acquainted,1,1,0
actually_acidic,1,1,0
actually_accustomed,1,1,0
actively_sinister,1,1,0
actively_sensitive,1,1,0
actually_ailing,1,0,1
actively_lower,1,1,0
actively_jewish,1,1,0
actively_intimate,1,1,0
actively_infectious,1,0,1
actively_indifferent,1,1,0
actively_incompetent,1,1,0
actively_impressed,1,1,0
actively_impartial,1,1,0
actively_ill,1,1,0
actively_identical,1,1,0
actively_homosexual,1,1,0
actively_homophobic,1,1,0
actively_happy,1,1,0
actively_forthcoming,1,1,0
actively_fluent,1,1,0
actively_fertile,1,1,0
actively_enthusiastic,1,1,0
actively_entertaining,1,1,0
actively_loving,1,1,0
actively_macabre,1,1,0
actively_sad,1,1,0
actively_malevolent,1,1,0
actively_resistant,1,1,0
actively_repulsive,1,1,0
actively_repressive,1,1,0
actively_related,1,1,0
actively_ready,1,1,0
actively_pro-life,1,1,0
actively_pregnant,1,1,0
actively_predatory,1,1,0
actively_poisonous,1,1,0
actively_partisan,1,1,0
actively_ongoing,1,1,0
actively_observant,1,1,0
actively_negative,1,1,0
actively_necessary,1,1,0
actively_monstrous,1,1,0
actively_misogynistic,1,1,0
actively_malignant,1,1,0
actually_agricultural,1,1,0
actually_airborne,1,1,0
actually_crunchy,1,1,0
actually_commensurate,1,1,0
actually_comforting,1,1,0
actually_colorless,1,1,0
actually_collaborative,1,1,0
actually_coincidental,1,1,0
actually_cognizant,1,1,0
actually_cloying,1,1,0
actually_closed,1,1,0
actually_cleaner,1,1,0
actually_civilized,1,1,0
actually_circular,1,1,0
actually_chronic,1,1,0
actually_choosy,1,1,0
actually_cheeky,1,1,0
actually_chatty,1,1,0
actually_charming,1,1,0
actually_characteristic,1,1,0
actually_changeable,1,1,0
actually_commendable,1,1,0
actually_commonplace,1,1,0
actually_celebratory,1,1,0
actually_complex,1,1,0
actually_creamy,1,1,0
actually_crappy,1,1,0
actually_courageous,1,1,0
actually_cosmetic,1,1,0
actually_core,1,1,0
actually_convinced,1,1,0
actually_controversial,1,1,0
actually_contrite,1,1,0
actually_continuous,1,1,0
actually_constructive,1,1,0
actually_considerable,1,0,1
actually_consensual,1,1,0
actually_confused,1,1,0
actually_confidential,1,1,0
actually_conductive,1,1,0
actually_comprehensive,1,1,0
actually_compliant,1,1,0
actually_ceremonial,1,1,0
actually_cavalier,1,1,0
actually_alert,1,1,0
actually_bearish,1,1,0
actually_awash,1,1,0
actually_automatic,1,1,0
actually_artificial,1,1,0
actually_appreciative,1,1,0
actually_appetizing,1,1,0
actually_anxious,1,1,0
actually_antisocial,1,1,0
actually_anti-israel,1,1,0
actually_anti-democratic,1,1,0
actually_answerable,1,1,0
actually_anomalous,1,1,0
actually_annoying,1,1,0
actually_ancient,1,1,0
actually_amiss,1,1,0
actually_ambitious,1,1,0
actually_altruistic,1,1,0
actually_aloof,1,1,0
actually_baseless,1,1,0
actually_benign,1,1,0
actually_cautious,1,1,0
actually_biblical,1,1,0
actually_catastrophic,1,1,0
actually_careless,1,1,0
actually_captive,1,1,0
actually_capricious,1,1,0
actually_bullish,1,1,0
actually_bulletproof,1,1,0
actually_bulky,1,1,0
actually_brittle,1,1,0
actually_brilliant,1,1,0
actually_brighter,1,1,0
actually_bright,1,1,0
actually_bonkers,1,1,0
actually_bloody,1,1,0
actually_blatant,1,1,0
actually_bisexual,1,1,0
actually_biological,1,1,0
actually_biodegradable,1,1,0
actively_enjoyable,1,1,0
actively_encouraging,1,0,1
actively_elitist,1,1,0
accidentally_contrary,1,1,0
accidentally_british,1,1,0
accidentally_beautiful,1,1,0
accidentally_bad,1,1,0
accidentally_attractive,1,0,1
accidentally_alive,1,1,0
academically_worthy,1,1,0
academically_weak,1,1,0
academically_valuable,1,1,0
academically_unqualified,1,1,0
academically_unprepared,1,1,0
academically_sloppy,1,1,0
academically_skilled,1,1,0
academically_serious,1,1,0
academically_satisfying,1,1,0
academically_rewarding,1,1,0
academically_responsible,1,1,0
academically_respectable,1,1,0
accidentally_close,1,1,0
accidentally_cool,1,1,0
academically_productive,1,1,0
accidentally_derivative,1,1,0
accurately_anxious,1,1,0
accurately_able,1,1,0
accidentally_weird,1,1,0
accidentally_unlocked,1,1,0
accidentally_tolerable,1,1,0
accidentally_similar,1,1,0
accidentally_short,1,1,0
accidentally_rude,1,1,0
accidentally_provocative,1,1,0
accidentally_petty,1,1,0
accidentally_nice,1,1,0
accidentally_ironic,1,1,0
accidentally_huge,1,1,0
accidentally_faint,1,1,0
accidentally_exclusive,1,1,0
accidentally_double,1,1,0
accidentally_divisive,1,1,0
academically_prudent,1,1,0
academically_prestigious,1,1,0
actively_disturbing,1,1,0
academically_cold,1,1,0
academically_apt,1,1,0
academically_ambitious,1,1,0
academically_alone,1,1,0
academically_accurate,1,1,0
academically_accountable,1,1,0
academically_accomplished,1,1,0
abysmally_sick,1,1,0
abysmally_poor,1,1,0
abysmally_ignorant,1,1,0
abysmally_dark,1,1,0
abysmally_clueless,1,1,0
abysmally_awful,1,1,0
abundantly_worth,1,1,0
abundantly_transparent,1,1,0
abundantly_thick,1,1,0
abundantly_sufficient,1,1,0
abundantly_similar,1,1,0
academically_choosy,1,1,0
academically_correct,1,1,0
academically_prepared,1,1,0
academically_current,1,1,0
academically_possible,1,1,0
academically_obscure,1,1,0
academically_literate,1,1,0
academically_interested,1,1,0
academically_inferior,1,1,0
academically_great,1,1,0
academically_flexible,1,1,0
academically_flawed,1,1,0
academically_fit,1,1,0
academically_feasible,1,1,0
academically_fascinating,1,1,0
academically_fair,1,1,0
academically_expert,1,1,0
academically_elite,1,1,0
academically_effective,1,1,0
academically_dishonest,1,1,0
academically_demanding,1,1,0
accurately_aware,1,1,0
accurately_best,1,1,0
accurately_certain,1,1,0
actively_bisexual,1,1,0
actively_available,1,1,0
actively_anti-social,1,1,0
actively_anti-semitic,1,1,0
actively_anti-gay,1,1,0
actively_antagonistic,1,1,0
actively_angry,1,1,0
actively_ambitious,1,1,0
actively_alive,1,1,0
actively_active,1,1,0
acoustically_magnificent,1,1,0
acoustically_live,1,1,0
acoustically_indulgent,1,1,0
acoustically_ideal,1,1,0
acoustically_fantastic,1,1,0
acoustically_desirable,1,1,0
acoustically_correct,1,1,0
acoustically_conducive,1,1,0
actively_beholden,1,1,0
actively_bizarre,1,1,0
accurately_descriptive,1,1,0
actively_brilliant,1,1,0
actively_distasteful,1,1,0
actively_dishonest,1,1,0
actively_discriminatory,1,1,0
actively_discouraging,1,1,0
actively_difficult,1,1,0
actively_depressed,1,1,0
actively_criminal,1,1,0
actively_creative,1,1,0
actively_counterproductive,1,1,0
actively_conservative,1,1,0
actively_conscious,1,1,0
actively_confusing,1,1,0
actively_compassionate,1,1,0
actively_coercive,1,1,0
actively_cloudy,1,1,0
actively_christian,1,1,0
actively_busy,1,1,0
acoustically_aware,1,1,0
acoustically_appropriate,1,1,0
acoustically_adept,1,1,0
achingly_vulnerable,1,1,0
accurately_related,1,1,0
accurately_rare,1,1,0
accurately_quantifiable,1,1,0
accurately_predictive,1,1,0
accurately_predictable,1,1,0
accurately_possible,1,1,0
accurately_positive,1,1,0
accurately_perpendicular,1,1,0
accurately_parallel,1,1,0
accurately_obvious,1,1,0
accurately_new,1,1,0
accurately_indicative,1,1,0
accurately_illustrative,1,1,0
accurately_happy,1,1,0
accurately_forecast,1,1,0
accurately_familiar,1,1,0
accurately_equal,1,1,0
accurately_repeatable,1,1,0
accurately_responsive,1,1,0
accurately_same,1,1,0
achingly_distraught,1,1,0
achingly_small,1,1,0
achingly_slow,1,1,0
achingly_pure,1,1,0
achingly_individual,1,1,0
achingly_hip,1,1,0
achingly_handsome,1,1,0
achingly_full,1,1,0
achingly_conscious,1,1,0
accurately_suggestive,1,1,0
achingly_blue,1,1,0
achingly_bittersweet,1,0,1
achingly_apparent,1,1,0
achingly_acidic,1,1,0
accurately_tiny,1,1,0
accurately_tantamount,1,1,0
accurately_suitable,1,1,0
actually_crowded,1,1,0
actually_cuddly,1,1,0
abundantly_rich,1,1,0
actually_offline,1,1,0
actually_obscene,1,1,0
actually_oblivious,1,1,0
actually_objectionable,1,1,0
actually_null,1,1,0
actually_nuclear,1,1,0
actually_nourishing,1,1,0
actually_notorious,1,1,0
actually_noteworthy,1,1,0
actually_nostalgic,1,1,0
actually_northern,1,1,0
actually_non-existent,1,1,0
actually_nocturnal,1,1,0
actually_noble,1,1,0
actually_nerdy,1,1,0
actually_negotiable,1,1,0
actually_needy,1,1,0
actually_near,1,1,0
actually_obsolete,1,1,0
actually_oily,1,1,0
actually_naughty,1,1,0
actually_opaque,1,1,0
actually_palestinian,1,1,0
actually_pale,1,1,0
actually_painless,1,1,0
actually_own,1,1,0
actually_overpriced,1,1,0
actually_overdue,1,1,0
actually_overblown,1,1,0
actually_overbearing,1,1,0
actually_outstanding,1,1,0
actually_outside,1,1,0
actually_outgoing,1,1,0
actually_orthodox,1,1,0
actually_ordinary,1,1,0
actually_orange,1,1,0
actually_opulent,1,1,0
actually_opposite,1,1,0
actually_open-minded,1,1,0
actually_nauseating,1,1,0
actually_naive,1,1,0
actually_partial,1,1,0
actually_marvelous,1,1,0
actually_manly,1,1,0
actually_man-made,1,1,0
actually_malleable,1,1,0
actually_malevolent,1,1,0
actually_major,1,1,0
actually_mainstream,1,1,0
actually_lucid,1,1,0
actually_low-income,1,1,0
actually_lovable,1,1,0
actually_louder,1,1,0
actually_loose,1,1,0
actually_long-term,1,1,0
actually_lonely,1,1,0
actually_livable,1,1,0
actually_literal,1,1,0
actually_liquid,1,1,0
actually_limitless,1,1,0
actually_marketable,1,1,0
actually_masterful,1,1,0
actually_musical,1,1,0
actually_mean,1,1,0
actually_murderous,1,1,0
actually_mundane,1,1,0
actually_motivational,1,1,0
actually_motivated,1,1,0
actually_most,1,1,0
actually_moribund,1,1,0
actually_moral,1,1,0
actually_monolithic,1,1,0
actually_momentous,1,0,1
actually_minimalist,1,1,0
actually_mindful,1,1,0
actually_military,1,1,0
actually_mild,1,1,0
actually_metallic,1,1,0
actually_mental,1,1,0
actually_melancholy,1,1,0
actually_meaningless,1,1,0
actually_parallel,1,1,0
actually_participatory,1,1,0
actually_curable,1,1,0
actually_rewarding,1,1,0
actually_repugnant,1,1,0
actually_repeatable,1,1,0
actually_renewable,1,1,0
actually_removable,1,1,0
actually_remorseful,1,1,0
actually_relaxing,1,1,0
actually_relaxed,1,1,0
actually_relative,1,1,0
actually_regressive,1,1,0
actually_redundant,1,1,0
actually_redeemable,1,1,0
actually_recoverable,1,1,0
actually_real-time,1,1,0
actually_reactive,1,1,0
actually_rampant,1,1,0
actually_rainy,1,1,0
actually_racy,1,0,1
actually_restful,1,1,0
actually_richer,1,1,0
actually_queer,1,1,0
actually_right-wing,1,1,0
actually_self-conscious,1,1,0
actually_sedentary,1,1,0
actually_seamless,1,1,0
actually_scientific,1,1,0
actually_schizophrenic,1,1,0
actually_scarier,1,1,0
actually_scalable,1,1,0
actually_sane,1,1,0
actually_salient,1,1,0
actually_sadistic,1,1,0
actually_sadder,1,1,0
actually_rubbish,1,1,0
actually_rotten,1,1,0
actually_risque,1,1,0
actually_ripe,1,1,0
actually_rigid,1,1,0
actually_righteous,1,1,0
actually_rabid,1,1,0
actually_quantifiable,1,1,0
actually_particular,1,1,0
actually_pragmatic,1,1,0
actually_potential,1,1,0
actually_portable,1,1,0
actually_pornographic,1,1,0
actually_pointless,1,1,0
actually_pleasurable,1,1,0
actually_pleasing,1,1,0
actually_pigmented,1,1,0
actually_pervasive,1,1,0
actually_persuasive,1,1,0
actually_perplexing,1,1,0
actually_pernicious,1,1,0
actually_permissible,1,1,0
actually_permeable,1,1,0
actually_perceptible,1,1,0
actually_peaceful,1,1,0
actually_past,1,1,0
actually_passive,1,1,0
actually_powerless,1,1,0
actually_preferable,1,1,0
actually_pure,1,1,0
actually_prejudiced,1,1,0
actually_punctual,1,1,0
actually_proper,1,1,0
actually_prone,1,1,0
actually_promiscuous,1,1,0
actually_prominent,1,1,0
actually_prohibitive,1,1,0
actually_professional,1,1,0
actually_problematic,1,1,0
actually_principled,1,1,0
actually_primitive,1,1,0
actually_prickly,1,1,0
actually_priceless,1,1,0
actually_preventable,1,1,0
actually_prevalent,1,1,0
actually_presumptuous,1,1,0
actually_prescient,1,1,0
actually_preposterous,1,1,0
actually_likeable,1,1,0
actually_like,1,1,0
actually_lengthy,1,1,0
actually_extraordinary,1,1,0
actually_extensive,1,1,0
actually_expendable,1,1,0
actually_exotic,1,1,0
actually_existential,1,1,0
actually_exempt,1,1,0
actually_exclusive,1,1,0
actually_excellent,1,1,0
actually_ethical,1,1,0
actually_eternal,1,1,0
actually_erotic,1,1,0
actually_epic,1,1,0
actually_enthusiastic,1,1,0
actually_enormous,1,1,0
actually_empirical,1,1,0
actually_elegant,1,1,0
actually_electrical,1,1,0
actually_electable,1,1,0
actually_external,1,1,0
actually_fantastic,1,1,0
actually_eager,1,1,0
actually_far-fetched,1,1,0
actually_frightened,1,1,0
actually_fresh,1,1,0
actually_frequent,1,1,0
actually_fraught,1,1,0
actually_forward,1,1,0
actually_forthcoming,1,1,0
actually_formal,1,1,0
actually_foolish,1,1,0
actually_foggy,1,1,0
actually_flawless,1,1,0
actually_finite,1,1,0
actually_financial,1,1,0
actually_fearless,1,1,0
actually_fearful,1,1,0
actually_favorable,1,1,0
actually_fatter,1,1,0
actually_fashionable,1,1,0
actually_early,1,1,0
actually_dynamic,1,1,0
actually_lawful,1,1,0
actually_destructive,1,1,0
actually_desperate,1,1,0
actually_desirous,1,1,0
actually_derivative,1,1,0
actually_depraved,1,1,0
actually_dependant,1,1,0
actually_demonic,1,1,0
actually_democratic,1,1,0
actually_deliberate,1,1,0
actually_dehydrated,1,1,0
actually_definite,1,1,0
actually_deep,1,1,0
actually_dedicated,1,1,0
actually_decisive,1,1,0
actually_data-driven,1,1,0
actually_cyclical,1,1,0
actually_cuter,1,1,0
actually_custom,1,1,0
actually_destitute,1,1,0
actually_devoid,1,1,0
actually_dumber,1,1,0
actually_diabolical,1,1,0
actually_drinkable,1,1,0
actually_dressy,1,1,0
actually_downloadable,1,1,0
actually_dormant,1,1,0
actually_doomed,1,1,0
actually_dominant,1,1,0
actually_dizzy,1,1,0
actually_disturbing,1,1,0
actually_distraught,1,1,0
actually_distant,1,1,0
actually_dissatisfied,1,1,0
actually_dismissive,1,1,0
actually_discouraging,1,1,0
actually_discerning,1,1,0
actually_disappointed,1,1,0
actually_disabled,1,1,0
actually_dire,1,1,0
actually_frightening,1,1,0
actually_frigid,1,1,0
actually_furious,1,1,0
actually_inspiring,1,1,0
actually_insightful,1,1,0
actually_informal,1,1,0
actually_inferior,1,1,0
actually_inexpensive,1,1,0
actually_individualistic,1,1,0
actually_indispensable,1,1,0
actually_indifferent,1,1,0
actually_indian,1,1,0
actually_indecent,1,1,0
actually_incredible,1,1,0
actually_incongruous,1,1,0
actually_inclined,1,1,0
actually_inappropriate,1,1,0
actually_inaccurate,1,1,0
actually_improbable,1,1,0
actually_impervious,1,1,0
actually_imperfect,1,1,0
actually_insolvent,1,1,0
actually_instant,1,1,0
actually_futile,1,1,0
actually_intact,1,1,0
actually_lavish,1,1,0
actually_latino,1,1,0
actually_lackluster,1,1,0
actually_korean,1,1,0
actually_kinky,1,1,0
actually_kind,1,1,0
actually_juicy,1,1,0
actually_judgmental,1,1,0
actually_joyous,1,1,0
actually_itchy,1,1,0
actually_islamic,1,1,0
actually_irresponsible,1,1,0
actually_invulnerable,1,1,0
actually_invasive,1,1,0
actually_intrusive,1,1,0
actually_intrinsic,1,1,0
actually_international,1,1,0
actually_imperative,1,1,0
actually_impartial,1,1,0
actually_impactful,1,1,0
actually_immaterial,1,1,0
actually_heavenly,1,1,0
actually_hasty,1,1,0
actually_hardy,1,1,0
actually_halfway,1,1,0
actually_habitable,1,1,0
actually_greek,1,1,0
actually_greedy,1,1,0
actually_gratified,1,1,0
actually_gothic,1,1,0
actually_gory,1,1,0
actually_gonna,1,1,0
actually_glamorous,1,1,0
actually_genteel,1,1,0
actually_general,1,1,0
actually_geeky,1,1,0
actually_fuzzy,1,1,0
actually_future,1,1,0
actually_heavier,1,1,0
actually_heretical,1,1,0
actually_hidden,1,1,0
actually_horizontal,1,1,0
actually_illuminating,1,1,0
actually_illegitimate,1,1,0
actually_ignorant,1,1,0
actually_humbled,1,1,0
actually_humble,1,1,0
actually_human-like,1,1,0
actually_hotter,1,1,0
actually_hopeless,1,1,0
actually_hideous,1,1,0
actually_hopeful,1,1,0
actually_homosexual,1,1,0
actually_homophobic,1,1,0
actually_homogeneous,1,1,0
actually_homemade,1,1,0
actually_historical,1,1,0
actually_hilarious,1,1,0
abundantly_selective,1,1,0
abundantly_qualified,1,1,0
almost_transcendent,1,0,1
about_vicious,1,1,0
about_useful,1,1,0
about_uplifting,1,1,0
about_unsettling,1,1,0
about_undeveloped,1,1,0
about_unbearable,1,1,0
about_triumphant,1,1,0
about_trite,1,1,0
about_trans,1,1,0
about_traditional,1,1,0
about_tough,1,1,0
about_touchy,1,1,0
about_torture,1,1,0
about_tired,1,1,0
about_timeless,1,1,0
about_thick,1,1,0
about_technological,1,1,0
about_technical,1,1,0
about_verbal,1,1,0
about_violent,1,1,0
about_tacky,1,1,0
about_warm,1,1,0
above_important,1,1,0
above_high,1,1,0
above_generic,1,1,0
above_delicious,1,1,0
above_decent,1,1,0
above_cheap,1,1,0
above_challenging,1,1,0
above_casual,1,1,0
above_amateurish,1,1,0
above_adorable,1,1,0
above_abysmal,1,1,0
about_wrenching,1,1,0
about_worthless,1,1,0
about_worried,1,1,0
about_wishful,1,1,0
about_wide,1,1,0
about_weird,1,1,0
about_tactical,1,1,0
about_superior,1,1,0
above_intimidating,1,1,0
about_selfish,1,1,0
about_routine,1,1,0
about_rough,1,1,0
about_romantic,1,1,0
about_retro,1,1,0
about_responsible,1,1,0
about_respectable,1,1,0
about_residential,1,1,0
about_regional,1,1,0
about_rational,1,1,0
about_rapid,1,1,0
about_random,1,1,0
about_proud,1,1,0
about_proper,1,1,0
about_promising,1,1,0
about_progressive,1,1,0
about_professional,1,1,0
about_pro,1,1,0
about_segregated,1,1,0
about_sensitive,1,1,0
about_stylish,1,1,0
about_separate,1,1,0
about_stuffy,1,1,0
about_stronger,1,1,0
about_strong,1,1,0
about_straight,1,1,0
about_spoiled,1,1,0
about_spiritual,1,1,0
about_special,1,1,0
about_sound,1,1,0
about_solar,1,1,0
about_smart,1,1,0
about_slippery,1,1,0
about_simple,1,0,1
about_shrill,1,1,0
about_shorter,1,1,0
about_short,1,1,0
about_shallow,1,1,0
about_sexy,1,1,0
above_impoverished,1,1,0
above_irritating,1,1,0
absolutely_deterministic,1,1,0
absolutely_chuffed,1,1,0
absolutely_cheap,1,1,0
absolutely_characteristic,1,1,0
absolutely_careless,1,1,0
absolutely_careful,1,1,0
absolutely_captivating,1,1,0
absolutely_calm,1,1,0
absolutely_brutal,1,1,0
absolutely_bonkers,1,1,0
absolutely_bogus,1,1,0
absolutely_blind,1,1,0
absolutely_binding,1,1,0
absolutely_beloved,1,1,0
absolutely_bearish,1,0,1
absolutely_basic,1,1,0
absolutely_bare,1,1,0
absolutely_balanced,1,1,0
absolutely_awkward,1,1,0
absolutely_chilling,1,1,0
absolutely_classic,1,1,0
absolutely_awe,1,1,0
absolutely_clear-cut,1,1,0
absolutely_deplorable,1,1,0
absolutely_defensible,1,1,0
absolutely_defamatory,1,1,0
absolutely_decadent,1,1,0
absolutely_deadly,1,1,0
absolutely_dangerous,1,1,0
absolutely_daft,1,0,1
absolutely_crippling,1,1,0
absolutely_courteous,1,1,0
absolutely_corrupt,1,1,0
absolutely_cool,1,1,0
absolutely_contemporary,1,1,0
absolutely_confidential,1,1,0
absolutely_comprehensible,1,1,0
absolutely_clumsy,1,1,0
absolutely_clueless,1,1,0
absolutely_closed,1,1,0
absolutely_awestruck,1,1,0
absolutely_averse,1,1,0
above_live,1,1,0
absolute_stupid,1,1,0
absolute_idiotic,1,1,0
absolute_ideal,1,1,0
absolute_essential,1,1,0
above_useful,1,1,0
above_underweight,1,1,0
above_trivial,1,1,0
above_tough,1,1,0
above_tempting,1,1,0
above_skinny,1,1,0
above_shitty,1,1,0
above_shallow,1,1,0
above_rewarding,1,1,0
above_real,1,1,0
above_qualified,1,1,0
above_proficient,1,1,0
above_misleading,1,1,0
above_minimal,1,1,0
absolute_simple,1,1,0
absolutely_abnormal,1,1,0
absolutely_automatic,1,1,0
absolutely_adamant,1,1,0
absolutely_autistic,1,1,0
absolutely_authoritative,1,1,0
absolutely_attainable,1,1,0
absolutely_atrocious,1,1,0
absolutely_atheist,1,1,0
absolutely_astonishing,1,1,0
absolutely_antithetical,1,1,0
absolutely_angry,1,1,0
absolutely_analogous,1,1,0
absolutely_amusing,1,1,0
absolutely_american,1,1,0
absolutely_amazed,1,1,0
absolutely_allergic,1,1,0
absolutely_alive,1,1,0
absolutely_alert,1,1,0
absolutely_adventurous,1,1,0
absolutely_advanced,1,1,0
about_privileged,1,1,0
about_pretty,1,1,0
about_prettier,1,1,0
about_close,1,1,0
about_clear,1,1,0
about_classic,1,1,0
about_cheaper,1,1,0
about_charming,1,1,0
about_certain,1,1,0
about_carefree,1,1,0
about_brown,1,1,0
about_blue,1,1,0
about_blind,1,1,0
about_bewildering,1,1,0
about_best,1,1,0
about_beautiful,1,1,0
about_basic,1,1,0
about_awkward,1,1,0
about_available,1,1,0
about_authentic,1,1,0
about_attractive,1,1,0
about_clever,1,1,0
about_compelling,1,1,0
about_amazing,1,1,0
about_complete,1,1,0
about_dismal,1,1,0
about_disabled,1,1,0
about_dirty,1,1,0
about_direct,1,1,0
about_deep,1,1,0
about_dead,1,1,0
about_dangerous,1,1,0
about_cynical,1,1,0
about_current,1,1,0
about_crunchy,1,1,0
about_creative,1,1,0
about_creamy,1,1,0
about_cozy,1,1,0
about_convenient,1,1,0
about_consistent,1,1,0
about_concerned,1,1,0
about_complex,1,1,0
about_amusing,1,1,0
about_alive,1,1,0
about_premature,1,1,0
abnormally_long,1,1,0
abnormally_late,1,1,0
abnormally_hungry,1,1,0
abnormally_hard,1,1,0
abnormally_forceful,1,1,0
abnormally_flamboyant,1,1,0
abnormally_fat,1,1,0
abnormally_fast,1,1,0
abnormally_energetic,1,1,0
abnormally_depressed,1,1,0
abnormally_deficient,1,1,0
abnormally_dangerous,1,1,0
abnormally_cool,1,1,0
abnormally_clean,1,1,0
abnormally_cheap,1,1,0
abnormally_calm,1,1,0
abnormally_black,1,0,1
abnormally_beautiful,1,1,0
abnormally_lethal,1,1,0
abnormally_religious,1,1,0
about_alike,1,1,0
abnormally_rich,1,1,0
about_affordable,1,1,0
about_affluent,1,1,0
about_adequate,1,1,0
about_accurate,1,1,0
about_accommodating,1,1,0
about_absolute,1,1,0
abnormally_worried,1,1,0
abnormally_wide,1,1,0
abnormally_wet,1,1,0
abnormally_warm,1,1,0
abnormally_vague,1,1,0
abnormally_useful,1,1,0
abnormally_tough,1,1,0
abnormally_tight,1,1,0
abnormally_thin,1,1,0
abnormally_tall,1,1,0
abnormally_strict,1,1,0
about_distressing,1,1,0
about_double,1,1,0
about_easier,1,1,0
about_nuclear,1,1,0
about_next,1,1,0
about_negative,1,1,0
about_necessary,1,1,0
about_neat,1,1,0
about_national,1,1,0
about_muddy,1,1,0
about_moving,1,1,0
about_most,1,1,0
about_mediocre,1,1,0
about_mean,1,1,0
about_masculine,1,1,0
about_married,1,1,0
about_manipulative,1,1,0
about_lucrative,1,1,0
about_lonely,1,1,0
about_live,1,1,0
about_little,1,1,0
about_nomadic,1,1,0
about_obvious,1,1,0
about_economic,1,1,0
about_older,1,1,0
about_predictable,1,1,0
about_practical,1,1,0
about_potential,1,1,0
about_possible,1,1,0
about_pop,1,1,0
about_poor,1,1,0
about_political,1,1,0
about_polarizing,1,1,0
about_plastic,1,1,0
about_plain,1,1,0
about_patronizing,1,1,0
about_past,1,1,0
about_passive,1,1,0
about_own,1,1,0
about_overpowering,1,1,0
about_outdoor,1,1,0
about_original,1,1,0
about_lightweight,1,1,0
about_life-threatening,1,1,0
about_libelous,1,1,0
about_lethal,1,1,0
about_girly,1,1,0
about_futile,1,1,0
about_fucking,1,1,0
about_frugal,1,1,0
about_fresh,1,1,0
about_flawless,1,1,0
about_fine,1,1,0
about_fictional,1,1,0
about_few,1,1,0
about_fearless,1,1,0
about_fake,1,1,0
about_fabulous,1,1,0
about_external,1,1,0
about_exquisite,1,1,0
about_enjoyable,1,1,0
about_enduring,1,1,0
about_elderly,1,1,0
about_global,1,1,0
about_gross,1,1,0
about_happier,1,1,0
about_innocent,1,1,0
about_legendary,1,1,0
about_left-wing,1,1,0
about_larger,1,1,0
about_lame,1,1,0
about_lacking,1,1,0
about_jewish,1,1,0
about_intense,1,1,0
about_indian,1,1,0
about_hardcore,1,1,0
about_inclusive,1,1,0
about_impossible,1,1,0
about_illegal,1,1,0
about_humiliating,1,1,0
about_hot,1,1,0
about_high-quality,1,1,0
about_healthier,1,1,0
absolutely_depraved,1,1,0
absolutely_diligent,1,1,0
abundantly_precious,1,1,0
absolutely_unimpressed,1,1,0
absolutely_unimaginable,1,1,0
absolutely_unified,1,1,0
absolutely_unforgiving,1,1,0
absolutely_unconscious,1,1,0
absolutely_uncommon,1,1,0
absolutely_uncomfortable,1,1,0
absolutely_unavoidable,1,1,0
absolutely_unambiguous,1,1,0
absolutely_unaffected,1,1,0
absolutely_unable,1,1,0
absolutely_transferable,1,1,0
absolutely_tragic,1,1,0
absolutely_tiny,1,1,0
absolutely_tight,1,1,0
absolutely_terrific,1,1,0
absolutely_terminal,1,1,0
absolutely_technical,1,1,0
absolutely_unimportant,1,1,0
absolutely_uninteresting,1,1,0
absolutely_tasteful,1,1,0
absolutely_unlikely,1,1,0
absolutely_vague,1,1,0
absolutely_urgent,1,1,0
absolutely_upset,1,1,0
absolutely_unworthy,1,1,0
absolutely_unwelcome,1,1,0
absolutely_unusual,1,1,0
absolutely_untrustworthy,1,1,0
absolutely_unsympathetic,1,1,0
absolutely_unsightly,1,1,0
absolutely_unrelated,1,1,0
absolutely_unreadable,1,1,0
absolutely_unproven,1,1,0
absolutely_unproductive,1,1,0
absolutely_unprepared,1,1,0
absolutely_unprecedented,1,1,0
absolutely_unpleasant,1,1,0
absolutely_unparalleled,1,1,0
absolutely_tasty,1,1,0
absolutely_tantalizing,1,1,0
absolutely_vulgar,1,1,0
absolutely_serene,1,1,0
absolutely_sensational,1,1,0
absolutely_secretive,1,1,0
absolutely_secret,1,1,0
absolutely_scrupulous,1,1,0
absolutely_scrumptious,1,1,0
absolutely_scandalous,1,1,0
absolutely_satisfying,1,1,0
absolutely_satisfactory,1,1,0
absolutely_sane,1,1,0
absolutely_sad,1,1,0
absolutely_romantic,1,0,1
absolutely_risque,1,1,0
absolutely_risk-free,1,1,0
absolutely_rigorous,1,1,0
absolutely_righteous,1,1,0
absolutely_revolutionary,1,1,0
absolutely_resolute,1,1,0
absolutely_separate,1,1,0
absolutely_set,1,1,0
absolutely_surprising,1,1,0
absolutely_several,1,1,0
absolutely_surprised,1,1,0
absolutely_sumptuous,1,1,0
absolutely_suitable,1,1,0
absolutely_sufficient,1,1,0
absolutely_successful,1,1,0
absolutely_submissive,1,1,0
absolutely_subject,1,1,0
absolutely_static,1,0,1
absolutely_staggering,1,1,0
absolutely_spot-on,1,1,0
absolutely_spoilt,1,1,0
absolutely_speechless,1,0,1
absolutely_sovereign,1,1,0
absolutely_sober,1,1,0
absolutely_sinful,1,1,0
absolutely_silly,1,1,0
absolutely_shocking,1,1,0
absolutely_vibrant,1,1,0
absolutely_vulnerable,1,1,0
absolutely_direct,1,1,0
absurdly_unintelligible,1,0,1
absurdly_superstitious,1,1,0
absurdly_skilled,1,1,0
absurdly_shy,1,1,0
absurdly_serious,1,1,0
absurdly_scenic,1,1,0
absurdly_sappy,1,1,0
absurdly_rich,1,1,0
absurdly_redundant,1,1,0
absurdly_reckless,1,1,0
absurdly_prominent,1,1,0
absurdly_pretentious,1,1,0
absurdly_popular,1,1,0
absurdly_pompous,1,1,0
absurdly_perverse,1,1,0
absurdly_perfect,1,1,0
absurdly_parochial,1,1,0
absurdly_outdated,1,1,0
absurdly_tall,1,1,0
absurdly_warm,1,1,0
absurdly_misleading,1,1,0
absurdly_wicked,1,0,1
abundantly_powerful,1,1,0
abundantly_plentiful,1,1,0
abundantly_larger,1,1,0
abundantly_kind,1,1,0
abundantly_intelligent,1,0,1
abundantly_impressive,1,1,0
abundantly_generous,1,1,0
abundantly_funny,1,1,0
abundantly_fruity,1,1,0
abundantly_fruitful,1,1,0
abundantly_familiar,1,1,0
abundantly_evident,1,1,0
abundantly_enthusiastic,1,1,0
abundantly_effective,1,1,0
abundantly_creative,1,1,0
abundantly_certain,1,1,0
absurdly_wrong,1,1,0
absurdly_optimistic,1,1,0
absurdly_macho,1,1,0
absolutely_wet,1,1,0
absurdly_convenient,1,1,0
absurdly_complicated,1,1,0
absurdly_competitive,1,1,0
absurdly_clear,1,1,0
absurdly_catchy,1,1,0
absurdly_cartoonish,1,1,0
absurdly_bored,1,1,0
absurdly_bloody,1,1,0
absurdly_bad,1,0,1
absurdly_awful,1,1,0
absurdly_ashamed,1,0,1
absurdly_amusing,1,1,0
absurdly_ambitious,1,1,0
absurdly_amazing,1,1,0
absolutely_wretched,1,1,0
absolutely_worthy,1,1,0
absolutely_worse,1,1,0
absolutely_wireless,1,1,0
absurdly_conservative,1,1,0
absurdly_delicious,1,1,0
absurdly_long,1,1,0
absurdly_drunk,1,1,0
absurdly_lethal,1,1,0
absurdly_juvenile,1,1,0
absurdly_inefficient,1,1,0
absurdly_incompetent,1,1,0
absurdly_impossible,1,1,0
absurdly_impersonal,1,1,0
absurdly_hyperbolic,1,1,0
absurdly_hilarious,1,1,0
absurdly_heavy,1,1,0
absurdly_generous,1,1,0
absurdly_fun,1,1,0
absurdly_frightened,1,1,0
absurdly_flawed,1,1,0
absurdly_fake,1,1,0
absurdly_excessive,1,1,0
absurdly_easy,1,1,0
absurdly_early,1,1,0
absolutely_resistant,1,1,0
absolutely_repulsive,1,1,0
absolutely_republican,1,1,0
absolutely_incidental,1,1,0
absolutely_inadequate,1,1,0
absolutely_improbable,1,1,0
absolutely_impervious,1,1,0
absolutely_impenetrable,1,1,0
absolutely_impeccable,1,1,0
absolutely_illegal,1,1,0
absolutely_ill,1,1,0
absolutely_identifiable,1,1,0
absolutely_iconic,1,1,0
absolutely_human,1,1,0
absolutely_hostile,1,1,0
absolutely_homogenous,1,1,0
absolutely_historical,1,1,0
absolutely_hectic,1,1,0
absolutely_heavenly,1,1,0
absolutely_heartwarming,1,1,0
absolutely_heartless,1,1,0
absolutely_incapable,1,1,0
absolutely_inclusive,1,1,0
absolutely_harmful,1,1,0
absolutely_incomplete,1,1,0
absolutely_ironic,1,1,0
absolutely_intricate,1,1,0
absolutely_intractable,1,0,1
absolutely_interchangeable,1,1,0
absolutely_intelligible,1,1,0
absolutely_insular,1,1,0
absolutely_innate,1,1,0
absolutely_inherent,1,1,0
absolutely_infuriating,1,1,0
absolutely_informative,1,1,0
absolutely_influential,1,1,0
absolutely_infinite,1,1,0
absolutely_inferior,1,1,0
absolutely_infallible,1,1,0
absolutely_ineligible,1,1,0
absolutely_incurable,1,1,0
absolutely_inconsistent,1,1,0
absolutely_harmless,1,1,0
absolutely_hard-hitting,1,1,0
absolutely_reliant,1,1,0
absolutely_exhaustive,1,1,0
absolutely_exclusive,1,1,0
absolutely_excited,1,1,0
absolutely_exceptional,1,1,0
absolutely_equivalent,1,1,0
absolutely_enticing,1,1,0
absolutely_efficacious,1,1,0
absolutely_dynamic,1,0,1
absolutely_dumb,1,1,0
absolutely_dull,1,1,0
absolutely_drunk,1,1,0
absolutely_dreamy,1,1,0
absolutely_dogmatic,1,1,0
absolutely_doable,1,1,0
absolutely_dissatisfied,1,1,0
absolutely_disinterested,1,1,0
absolutely_disagreeable,1,1,0
absolutely_dirty,1,1,0
absolutely_exempt,1,1,0
absolutely_exotic,1,1,0
absolutely_gung,1,1,0
absolutely_extra,1,1,0
absolutely_groundbreaking,1,1,0
absolutely_glad,1,1,0
absolutely_gigantic,1,1,0
absolutely_giddy,1,1,0
absolutely_genuine,1,1,0
absolutely_general,1,1,0
absolutely_futuristic,1,1,0
absolutely_full-time,1,1,0
absolutely_full,1,1,0
absolutely_frigid,1,1,0
absolutely_foundational,1,1,0
absolutely_forgettable,1,1,0
absolutely_filthy,1,1,0
absolutely_fearful,1,0,1
absolutely_fatal,1,1,0
absolutely_fastidious,1,1,0
absolutely_factual,1,1,0
absolutely_irreconcilable,1,1,0
absolutely_irresistible,1,1,0
absolutely_keen,1,1,0
absolutely_preventable,1,1,0
absolutely_powerless,1,1,0
absolutely_powerful,1,1,0
absolutely_popular,1,1,0
absolutely_poor,1,1,0
absolutely_plentiful,1,1,0
absolutely_pleasing,1,1,0
absolutely_plausible,1,1,0
absolutely_plain,1,1,0
absolutely_petrified,1,1,0
absolutely_persuasive,1,1,0
absolutely_perpendicular,1,1,0
absolutely_permanent,1,1,0
absolutely_painless,1,1,0
absolutely_painful,1,1,0
absolutely_overwhelmed,1,1,0
absolutely_outrageous,1,1,0
absolutely_outraged,1,1,0
absolutely_preposterous,1,1,0
absolutely_pricey,1,1,0
absolutely_key,1,1,0
absolutely_prime,1,1,0
absolutely_relevant,1,1,0
absolutely_relentless,1,1,0
absolutely_regal,1,1,0
absolutely_refreshing,1,1,0
absolutely_redundant,1,1,0
absolutely_reasonable,1,1,0
absolutely_rare,1,1,0
absolutely_qualified,1,1,0
absolutely_prospective,1,1,0
absolutely_proper,1,1,0
absolutely_proof,1,1,0
absolutely_prohibitive,1,1,0
absolutely_profitable,1,1,0
absolutely_problematic,1,1,0
absolutely_pro-life,1,1,0
absolutely_privy,1,1,0
absolutely_pristine,1,1,0
absolutely_operational,1,1,0
absolutely_open-ended,1,1,0
absolutely_one-sided,1,1,0
absolutely_offensive,1,1,0
absolutely_magnificent,1,1,0
absolutely_maddening,1,1,0
absolutely_mad,1,1,0
absolutely_lush,1,1,0
absolutely_luscious,1,1,0
absolutely_ludicrous,1,1,0
absolutely_lucrative,1,1,0
absolutely_lower,1,1,0
absolutely_low,1,1,0
absolutely_lousy,1,1,0
absolutely_loathsome,1,1,0
absolutely_likely,1,1,0
absolutely_likable,1,1,0
absolutely_less,1,1,0
absolutely_legitimate,1,1,0
absolutely_lavish,1,1,0
absolutely_larger,1,1,0
absolutely_mainstream,1,1,0
absolutely_mean-spirited,1,1,0
absolutely_mental,1,1,0
absolutely_nauseating,1,1,0
absolutely_obtainable,1,1,0
absolutely_objective,1,1,0
absolutely_novel,1,1,0
absolutely_non-existent,1,1,0
absolutely_nil,1,1,0
absolutely_nice,1,1,0
absolutely_negative,1,0,1
absolutely_naturalistic,1,1,0
absolutely_mesmerizing,1,1,0
absolutely_narrow,1,1,0
absolutely_naive,1,1,0
absolutely_mute,1,1,0
absolutely_mortal,1,1,0
absolutely_monolithic,1,1,0
absolutely_misleading,1,1,0
absolutely_minimal,1,1,0
actually_self-destructive,1,1,0
actually_self-evident,1,1,0
actually_selfless,1,1,0
all_literate,1,1,0
all_literal,1,1,0
all_liquid,1,1,0
all_life-threatening,1,1,0
all_lethargic,1,1,0
all_lethal,1,1,0
all_less,1,1,0
all_lesbian,1,1,0
all_lengthy,1,1,0
all_laughable,1,1,0
all_latino,1,1,0
all_korean,1,1,0
all_kinky,1,1,0
all_key,1,1,0
all_juicy,1,1,0
all_joint,1,1,0
all_jobless,1,1,0
all_jittery,1,1,0
all_literary,1,1,0
all_little,1,1,0
all_japanese,1,1,0
all_lopsided,1,1,0
all_merciful,1,1,0
all_melodic,1,1,0
all_melancholic,1,1,0
all_meek,1,1,0
all_mean,1,1,0
all_mature,1,1,0
all_mathematical,1,1,0
all_masculine,1,1,0
all_marketable,1,1,0
all_mainstream,1,1,0
all_magic,1,1,0
all_macabre,1,1,0
all_luxurious,1,1,0
all_loyal,1,1,0
all_lower,1,1,0
all_low-income,1,1,0
all_low,1,1,0
all_jaw-dropping,1,1,0
all_itchy,1,1,0
all_metaphorical,1,1,0
all_infuriating,1,1,0
all_inflexible,1,1,0
all_inexpensive,1,1,0
all_inert,1,1,0
all_ineffective,1,1,0
all_industrial,1,1,0
all_indispensable,1,1,0
all_incremental,1,1,0
all_incorrect,1,1,0
all_inconvenient,1,1,0
all_inconceivable,1,1,0
all_inane,1,1,0
all_inactive,1,1,0
all_inaccurate,1,1,0
all_inaccessible,1,1,0
all_impulsive,1,1,0
all_impervious,1,1,0
all_imperfect,1,1,0
all_infrequent,1,1,0
all_innate,1,1,0
all_israeli,1,1,0
all_innovative,1,1,0
all_irreverent,1,1,0
all_irregular,1,1,0
all_ironic,1,1,0
all_invulnerable,1,1,0
all_invasive,1,1,0
all_invaluable,1,1,0
all_intriguing,1,1,0
all_intractable,1,1,0
all_intimate,1,1,0
all_interwoven,1,1,0
all_international,1,1,0
all_intelligent,1,1,0
all_instrumental,1,1,0
all_instinctive,1,1,0
all_inspiring,1,1,0
all_insolvent,1,1,0
all_inquisitive,1,1,0
all_metallic,1,1,0
all_meticulous,1,1,0
all_predatory,1,1,0
all_overjoyed,1,1,0
all_outlandish,1,1,0
all_outgoing,1,1,0
all_outdated,1,1,0
all_ordinary,1,1,0
all_optional,1,1,0
all_oppressive,1,1,0
all_opposite,1,1,0
all_onerous,1,1,0
all_one-dimensional,1,1,0
all_onboard,1,1,0
all_old-fashioned,1,1,0
all_oily,1,1,0
all_offensive,1,1,0
all_offbeat,1,1,0
all_obtuse,1,1,0
all_obtrusive,1,1,0
all_obtainable,1,1,0
all_overcast,1,1,0
all_oversold,1,1,0
all_obscure,1,1,0
all_overwhelmed,1,1,0
all_practicable,1,1,0
all_polished,1,1,0
all_plush,1,1,0
all_plentiful,1,1,0
all_playable,1,1,0
all_plausible,1,1,0
all_platonic,1,1,0
all_pious,1,1,0
all_phony,1,1,0
all_petite,1,1,0
all_perverted,1,1,0
all_perplexed,1,1,0
all_patriotic,1,1,0
all_pathetic,1,1,0
all_pastoral,1,1,0
all_past,1,1,0
all_palatable,1,1,0
all_observant,1,1,0
all_obscene,1,1,0
all_microscopic,1,1,0
all_motivated,1,1,0
all_morose,1,1,0
all_moral,1,1,0
all_monogamous,1,1,0
all_monochromatic,1,1,0
all_monetary,1,1,0
all_moist,1,1,0
all_misunderstood,1,1,0
all_mistaken,1,1,0
all_misogynistic,1,1,0
all_misleading,1,1,0
all_miraculous,1,1,0
all_minor,1,1,0
all_minimalist,1,1,0
all_mindless,1,1,0
all_mind-blowing,1,1,0
all_military,1,1,0
all_militant,1,1,0
all_mortal,1,1,0
all_much,1,0,1
all_oblivious,1,1,0
all_murky,1,1,0
all_oblique,1,1,0
all_obligatory,1,1,0
all_objectionable,1,1,0
all_nuclear,1,1,0
all_noteworthy,1,1,0
all_nomadic,1,1,0
all_nicer,1,1,0
all_newer,1,1,0
all_negligent,1,1,0
all_needy,1,1,0
all_needed,1,1,0
all_naughty,1,1,0
all_native,1,1,0
all_national,1,1,0
all_narrative,1,1,0
all_muted,1,1,0
all_muscular,1,0,1
all_impactful,1,1,0
all_immediate,1,1,0
all_illiterate,1,1,0
all_effeminate,1,1,0
all_editable,1,1,0
all_edifying,1,1,0
all_edible,1,1,0
all_economical,1,1,0
all_eccentric,1,1,0
all_earthy,1,1,0
all_dysfunctional,1,1,0
all_dynamic,1,1,0
all_dusty,1,1,0
all_durable,1,1,0
all_drunken,1,1,0
all_downloadable,1,1,0
all_dovish,1,1,0
all_domestic,1,1,0
all_docile,1,1,0
all_divisive,1,1,0
all_divine,1,1,0
all_educational,1,1,0
all_efficient,1,1,0
all_distressing,1,1,0
all_egalitarian,1,1,0
all_exclusive,1,1,0
all_exalted,1,1,0
all_exact,1,1,0
all_ethical,1,1,0
all_erotic,1,1,0
all_equipped,1,1,0
all_environmental,1,1,0
all_enthused,1,1,0
all_entertaining,1,1,0
all_enlightening,1,1,0
all_engrossing,1,1,0
all_endless,1,1,0
all_enchanting,1,1,0
all_enamored,1,1,0
all_emotive,1,1,0
all_elite,1,1,0
all_elegant,1,1,0
all_diverse,1,1,0
all_distraught,1,1,0
all_ill,1,1,0
all_dependable,1,1,0
all_deleterious,1,1,0
all_defunct,1,1,0
all_definite,1,1,0
all_deficient,1,1,0
all_deferential,1,1,0
all_defensible,1,1,0
all_defective,1,1,0
all_decorative,1,1,0
all_decisive,1,1,0
all_decent,1,1,0
all_deceitful,1,1,0
all_deadly,1,1,0
all_damaging,1,1,0
all_daft,1,1,0
all_cynical,1,1,0
all_cutthroat,1,1,0
all_crucial,1,1,0
all_deliberate,1,1,0
all_deranged,1,1,0
all_disposable,1,1,0
all_derivative,1,1,0
all_disoriented,1,1,0
all_dismissive,1,1,0
all_dismayed,1,1,0
all_disjointed,1,1,0
all_disillusioned,1,1,0
all_disgusted,1,1,0
all_discernible,1,1,0
all_directional,1,1,0
all_dignified,1,1,0
all_devoid,1,1,0
all_detrimental,1,1,0
all_detectable,1,1,0
all_destructive,1,1,0
all_destitute,1,1,0
all_despondent,1,1,0
all_despicable,1,1,0
all_desolate,1,1,0
all_executive,1,1,0
all_exemplary,1,1,0
all_exhilarating,1,1,0
all_hectic,1,1,0
all_heartbroken,1,1,0
all_heartbreaking,1,1,0
all_healthier,1,1,0
all_hazy,1,1,0
all_harmonious,1,1,0
all_hardy,1,1,0
all_harder,1,1,0
all_hairy,1,1,0
all_hairless,1,1,0
all_gullible,1,1,0
all_groundless,1,1,0
all_grand,1,1,0
all_grainy,1,1,0
all_gluten-free,1,1,0
all_glossy,1,1,0
all_global,1,1,0
all_gimmicky,1,1,0
all_heartening,1,1,0
all_heinous,1,1,0
all_existential,1,0,1
all_heroic,1,1,0
all_idle,1,1,0
all_idiotic,1,1,0
all_ideological,1,1,0
all_hypothetical,1,1,0
all_hypocritical,1,1,0
all_hyperbolic,1,1,0
all_hyperactive,1,1,0
all_hybrid,1,1,0
all_humanoid,1,1,0
all_human-like,1,1,0
all_hospitable,1,1,0
all_horrific,1,1,0
all_horizontal,1,1,0
all_homosexual,1,1,0
all_historic,1,1,0
all_hispanic,1,1,0
all_heterosexual,1,1,0
all_germane,1,1,0
all_geometric,1,1,0
all_genuine,1,1,0
all_generous,1,1,0
all_final,1,1,0
all_fiery,1,1,0
all_fierce,1,1,0
all_festive,1,1,0
all_feminine,1,1,0
all_feasible,1,1,0
all_fearless,1,1,0
all_fatigued,1,1,0
all_fast-paced,1,1,0
all_fascinating,1,1,0
all_fanciful,1,1,0
all_extraordinary,1,1,0
all_extra,1,1,0
all_extensive,1,1,0
all_explicit,1,1,0
all_experimental,1,1,0
all_expedient,1,1,0
all_flamboyant,1,1,0
all_flattered,1,1,0
all_floral,1,1,0
all_frequent,1,1,0
all_geeky,1,1,0
all_furious,1,1,0
all_fundamental,1,1,0
all_frustrated,1,1,0
all_frosty,1,1,0
all_frigid,1,1,0
all_frightened,1,1,0
all_freaky,1,0,1
all_forbidden,1,1,0
all_fraught,1,1,0
all_frantic,1,1,0
all_fragile,1,1,0
all_formulaic,1,1,0
all_former,1,1,0
all_forgiving,1,1,0
all_forceful,1,1,0
all_precise,1,1,0
all_premature,1,1,0
actually_senior,1,1,0
almost_boring,1,0,1
almost_black,1,1,0
almost_bizarre,1,1,0
almost_better,1,1,0
almost_bereft,1,1,0
almost_bald,1,1,0
almost_awesome,1,1,0
almost_autistic,1,1,0
almost_attractive,1,1,0
almost_apocalyptic,1,1,0
almost_amusing,1,1,0
almost_amazing,1,1,0
almost_alike,1,1,0
almost_addictive,1,1,0
almost_accustomed,1,1,0
almost_accurate,1,1,0
almost_academic,1,1,0
allegedly_willing,1,1,0
almost_blasphemous,1,1,0
almost_breathless,1,1,0
allegedly_illegal,1,1,0
almost_cartoonish,1,1,0
almost_essential,1,1,0
almost_endless,1,1,0
almost_eager,1,1,0
almost_drunk,1,1,0
almost_disgusting,1,1,0
almost_disgraceful,1,0,1
almost_delicious,1,1,0
almost_critical,1,1,0
almost_criminal,1,1,0
almost_crass,1,1,0
almost_constant,1,1,0
almost_common,1,1,0
almost_comical,1,1,0
almost_comforting,1,1,0
almost_close,1,1,0
almost_circular,1,1,0
almost_charming,1,1,0
allegedly_sinister,1,1,0
allegedly_guilty,1,1,0
almost_exact,1,1,0
all_virtual,1,1,0
all_vigilant,1,1,0
all_vibrant,1,1,0
all_variable,1,1,0
all_vain,1,1,0
all_vacant,1,1,0
all_uplifting,1,1,0
all_upfront,1,1,0
all_unworthy,1,1,0
all_unwell,1,1,0
all_unsettling,1,1,0
all_unseen,1,1,0
all_unscathed,1,1,0
all_unsatisfactory,1,1,0
all_unrelated,1,1,0
all_unrecognizable,1,1,0
all_unreachable,1,1,0
all_unproductive,1,1,0
all_villainous,1,1,0
all_vivid,1,1,0
allegedly_good,1,1,0
all_wasteful,1,1,0
allegedly_expert,1,1,0
allegedly_enough,1,1,0
allegedly_divine,1,1,0
allegedly_conservative,1,1,0
allegedly_biological,1,1,0
allegedly_badass,1,1,0
all_zero,1,1,0
all_yummy,1,1,0
all_youthful,1,1,0
all_wrinkled,1,1,0
all_worthless,1,1,0
all_workable,1,1,0
all_western,1,1,0
all_weighty,1,1,0
all_wealthier,1,1,0
all_weaker,1,1,0
all_waterproof,1,1,0
almost_everyday,1,1,0
almost_exalted,1,1,0
all_pretentious,1,1,0
almost_reckless,1,1,0
almost_random,1,1,0
almost_racist,1,1,0
almost_pure,1,1,0
almost_psychic,1,1,0
almost_prime,1,1,0
almost_precocious,1,1,0
almost_powerless,1,1,0
almost_pornographic,1,1,0
almost_poetic,1,1,0
almost_perfunctory,1,1,0
almost_paranoid,1,1,0
almost_parallel,1,1,0
almost_overwhelmed,1,1,0
almost_over,1,1,0
almost_old,1,1,0
almost_ok,1,1,0
almost_obvious,1,1,0
almost_real,1,0,1
almost_red,1,1,0
almost_nonstop,1,0,1
almost_regretful,1,1,0
almost_top,1,1,0
almost_threatening,1,0,1
almost_tantamount,1,1,0
almost_suspect,1,1,0
almost_such,1,1,0
almost_substantial,1,1,0
almost_stuck,1,1,0
almost_straight,1,1,0
almost_smooth,1,1,0
almost_single,1,1,0
almost_similar,1,1,0
almost_silent,1,1,0
almost_shiny,1,1,0
almost_self-evident,1,1,0
almost_scary,1,1,0
almost_satisfied,1,1,0
almost_rude,1,1,0
almost_obligated,1,1,0
almost_nonexistent,1,1,0
almost_excellent,1,1,0
almost_incredible,1,1,0
almost_incidental,1,1,0
almost_imperceptible,1,1,0
almost_impenetrable,1,1,0
almost_illegible,1,1,0
almost_ideal,1,1,0
almost_heretical,1,1,0
almost_hellish,1,1,0
almost_heartbreaking,1,1,0
almost_grotesque,1,0,1
almost_great,1,1,0
almost_funny,1,1,0
almost_fundamentalist,1,1,0
almost_formulaic,1,0,1
almost_flat,1,0,1
almost_fit,1,1,0
almost_farcical,1,0,1
almost_expired,1,1,0
almost_incorrect,1,1,0
almost_indescribable,1,1,0
almost_musical,1,1,0
almost_inhuman,1,1,0
almost_mundane,1,1,0
almost_most,1,1,0
almost_moot,1,1,0
almost_meaningless,1,1,0
almost_majestic,1,1,0
almost_magic,1,1,0
almost_luxurious,1,1,0
almost_lucky,1,1,0
almost_linear,1,1,0
almost_laughable,1,1,0
almost_last,1,1,0
almost_juvenile,1,1,0
almost_intolerable,1,1,0
almost_instant,1,1,0
almost_inseparable,1,1,0
almost_insatiable,1,1,0
almost_injured,1,1,0
all_unnecessary,1,1,0
all_unnatural,1,1,0
all_unmarried,1,1,0
all_sedentary,1,1,0
all_secret,1,1,0
all_secondary,1,1,0
all_seasonal,1,1,0
all_seamless,1,1,0
all_schizophrenic,1,1,0
all_savage,1,1,0
all_satisfying,1,1,0
all_sane,1,1,0
all_safer,1,1,0
all_sadistic,1,1,0
all_sacred,1,1,0
all_saccharine,1,1,0
all_ruthless,1,1,0
all_russian,1,1,0
all_rugged,1,1,0
all_risk-free,1,1,0
all_rigid,1,1,0
all_secular,1,1,0
all_senseless,1,1,0
all_rife,1,1,0
all_severe,1,1,0
all_sneaky,1,1,0
all_smelly,1,1,0
all_smarter,1,1,0
all_slutty,1,1,0
all_sleek,1,1,0
all_sketchy,1,1,0
all_sinful,1,1,0
all_simultaneous,1,1,0
all_simplistic,1,1,0
all_simpler,1,1,0
all_silver,1,1,0
all_sharp,1,1,0
all_shameful,1,1,0
all_shallow,1,1,0
all_shaky,1,1,0
all_shadowy,1,1,0
all_shabby,1,1,0
all_right-wing,1,1,0
all_ridiculous,1,1,0
all_unjustified,1,1,0
all_queer,1,1,0
all_quaint,1,1,0
all_purple,1,1,0
all_punishable,1,1,0
all_pungent,1,1,0
all_puffy,1,1,0
all_psyched,1,1,0
all_prosaic,1,1,0
all_promotional,1,1,0
all_promiscuous,1,1,0
all_proficient,1,1,0
all_probable,1,1,0
all_pro-choice,1,1,0
all_privy,1,1,0
all_private,1,1,0
all_principled,1,1,0
all_primitive,1,1,0
all_prickly,1,1,0
all_quantifiable,1,1,0
all_questionable,1,1,0
all_rhetorical,1,1,0
all_quirky,1,1,0
all_revolutionary,1,1,0
all_reputable,1,1,0
all_republican,1,1,0
all_repetitive,1,1,0
all_reliant,1,1,0
all_relentless,1,1,0
all_relaxing,1,1,0
all_regretful,1,1,0
all_regimented,1,1,0
all_regal,1,1,0
all_recyclable,1,1,0
all_reactive,1,1,0
all_raw,1,1,0
all_raunchy,1,1,0
all_radiant,1,1,0
all_racial,1,1,0
all_rabid,1,1,0
all_snug,1,1,0
all_social,1,1,0
all_socialist,1,1,0
all_tribal,1,1,0
all_toxic,1,1,0
all_tougher,1,1,0
all_threatening,1,1,0
all_thoughtful,1,1,0
all_thirsty,1,1,0
all_third,1,1,0
all_thick,1,1,0
all_theological,1,1,0
all_testy,1,1,0
all_terrifying,1,1,0
all_terrific,1,1,0
all_terminal,1,1,0
all_tepid,1,1,0
all_temporary,1,1,0
all_tedious,1,1,0
all_tasty,1,1,0
all_tangible,1,1,0
all_trans,1,1,0
all_troubling,1,1,0
all_solvable,1,1,0
all_unacceptable,1,1,0
all_unintentional,1,1,0
all_ungrateful,1,1,0
all_unfathomable,1,1,0
all_unemployed,1,1,0
all_uneducated,1,1,0
all_undone,1,1,0
all_undocumented,1,1,0
all_undesirable,1,1,0
all_underwater,1,1,0
all_understaffed,1,1,0
all_uncool,1,1,0
all_uncontroversial,1,1,0
all_uncontrollable,1,1,0
all_unconcerned,1,1,0
all_unaware,1,1,0
all_unavailable,1,1,0
all_unaffected,1,1,0
all_tactical,1,1,0
all_tacky,1,1,0
all_systemic,1,1,0
all_symmetrical,1,1,0
all_stinky,1,1,0
all_sticky,1,1,0
all_sterile,1,1,0
all_steady,1,1,0
all_steadfast,1,1,0
all_stark,1,1,0
all_stale,1,1,0
all_square,1,1,0
all_spot-on,1,1,0
all_spooky,1,1,0
all_spontaneous,1,1,0
all_spectacular,1,1,0
all_sparkly,1,1,0
all_spanish,1,1,0
all_sound,1,1,0
all_sordid,1,1,0
all_sombre,1,1,0
all_stodgy,1,1,0
all_stoic,1,1,0
all_stormy,1,1,0
all_subtler,1,1,0
all_swell,1,1,0
all_sweeter,1,0,1
all_superstitious,1,1,0
all_super,1,1,0
all_sufficient,1,1,0
all_such,1,1,0
all_subversive,1,1,0
all_substantial,1,1,0
all_strenuous,1,1,0
all_substandard,1,1,0
all_sublime,1,1,0
all_subdued,1,1,0
all_sturdy,1,1,0
all_stunning,1,1,0
all_structural,1,1,0
all_stronger,1,1,0
all_crisp,1,1,0
all_creative,1,1,0
all_crazier,1,1,0
adequately_random,1,1,0
adequately_proficient,1,1,0
adequately_productive,1,1,0
adequately_predictive,1,1,0
adequately_precise,1,1,0
adequately_potent,1,1,0
adequately_porous,1,1,0
adequately_outstanding,1,0,1
adequately_outspoken,1,1,0
adequately_original,1,1,0
adequately_novel,1,1,0
adequately_mental,1,1,0
adequately_mature,1,1,0
adequately_masculine,1,1,0
adequately_manly,1,1,0
adequately_long,1,1,0
adequately_literate,1,1,0
adequately_liberal,1,1,0
adequately_progressive,1,1,0
adequately_relevant,1,1,0
adequately_intuitive,1,1,0
adequately_reliable,1,1,0
adequately_treatable,1,1,0
adequately_tangy,1,1,0
adequately_sympathetic,1,1,0
adequately_sunny,1,1,0
adequately_suitable,1,1,0
adequately_successful,1,1,0
adequately_sturdy,1,1,0
adequately_stable,1,1,0
adequately_sophisticated,1,1,0
adequately_solid,1,1,0
adequately_social,1,1,0
adequately_sharp,1,1,0
adequately_sexy,1,1,0
adequately_self-aware,1,1,0
adequately_robust,1,1,0
adequately_righteous,1,1,0
adequately_rewarding,1,1,0
adequately_inventive,1,1,0
adequately_ingenious,1,1,0
adequately_trustworthy,1,1,0
adequately_critical,1,1,0
adequately_conversant,1,1,0
adequately_considerate,1,1,0
adequately_conservative,1,1,0
adequately_concerned,1,1,0
adequately_comprehensive,1,1,0
adequately_challenging,1,1,0
adequately_celebrated,1,1,0
adequately_cautious,1,1,0
adequately_caustic,1,1,0
adequately_catastrophic,1,1,0
adequately_autonomous,1,1,0
adequately_attentive,1,1,0
adequately_armed,1,1,0
adequately_angry,1,1,0
adequately_american,1,1,0
additionally_wrong,1,0,1
additionally_unacceptable,1,1,0
adequately_crispy,1,1,0
adequately_current,1,1,0
adequately_informative,1,1,0
adequately_democratic,1,1,0
adequately_hindu,1,1,0
adequately_high,1,1,0
adequately_helpful,1,1,0
adequately_genteel,1,1,0
adequately_generous,1,1,0
adequately_functional,1,1,0
adequately_friendly,1,1,0
adequately_forward,1,1,0
adequately_excited,1,1,0
adequately_enforceable,1,1,0
adequately_embarrassing,1,1,0
adequately_efficient,1,1,0
adequately_eager,1,1,0
adequately_dry,1,1,0
adequately_disruptive,1,1,0
adequately_diligent,1,1,0
adequately_difficult,1,1,0
adequately_tremendous,1,1,0
adequately_uniform,1,1,0
all_crappy,1,1,0
aesthetically_embarrassing,1,1,0
aesthetically_effective,1,1,0
aesthetically_dull,1,1,0
aesthetically_dissimilar,1,1,0
aesthetically_daring,1,1,0
aesthetically_damaging,1,1,0
aesthetically_creative,1,1,0
aesthetically_correct,1,1,0
aesthetically_cool,1,1,0
aesthetically_conceivable,1,1,0
aesthetically_compelling,1,1,0
aesthetically_compatible,1,1,0
aesthetically_cohesive,1,1,0
aesthetically_charming,1,1,0
aesthetically_challenging,1,1,0
aesthetically_captivating,1,1,0
aesthetically_breathtaking,1,1,0
aesthetically_blunt,1,1,0
aesthetically_elegant,1,1,0
aesthetically_exciting,1,1,0
aesthetically_bad,1,1,0
aesthetically_fantastic,1,1,0
aesthetically_objectionable,1,1,0
aesthetically_noticeable,1,1,0
aesthetically_neutral,1,1,0
aesthetically_inspiring,1,1,0
aesthetically_innovative,1,1,0
aesthetically_incompatible,1,1,0
aesthetically_inappropriate,1,1,0
aesthetically_impeccable,1,1,0
aesthetically_impactful,1,1,0
aesthetically_horrifying,1,1,0
aesthetically_hideous,1,1,0
aesthetically_groundbreaking,1,1,0
aesthetically_gripping,1,1,0
aesthetically_great,1,1,0
aesthetically_glorious,1,1,0
aesthetically_functional,1,1,0
aesthetically_feasible,1,1,0
aesthetically_beneficial,1,1,0
aesthetically_awful,1,1,0
adequately_verifiable,1,1,0
adorably_awesome,1,1,0
admittedly_spectacular,1,1,0
admittedly_sensational,1,1,0
admittedly_scarce,1,0,1
admittedly_rare,1,1,0
admittedly_promiscuous,1,1,0
admittedly_new,1,1,0
admittedly_hard,1,1,0
admittedly_excellent,1,1,0
admittedly_boring,1,1,0
admirably_qualified,1,1,0
admirably_original,1,1,0
admirably_ambitious,1,1,0
adequately_wide,1,1,0
adequately_wet,1,1,0
adequately_waterproof,1,1,0
adequately_vital,1,1,0
adequately_vigilant,1,1,0
adorably_absurd,1,1,0
adorably_bewildered,1,1,0
aesthetically_awesome,1,1,0
adorably_brilliant,1,1,0
aesthetically_anxious,1,1,0
aesthetically_annoying,1,1,0
aesthetically_amazing,1,1,0
aesthetically_alluring,1,1,0
aesthetically_agreeable,1,1,0
aesthetically_adorable,1,1,0
adorably_sweet,1,1,0
adorably_small,1,1,0
adorably_simple,1,1,0
adorably_quirky,1,1,0
adorably_neurotic,1,1,0
adorably_nerdy,1,1,0
adorably_morose,1,1,0
adorably_grumpy,1,1,0
adorably_goofy,1,1,0
adorably_chic,1,1,0
adorably_charming,1,1,0
additionally_surprising,1,1,0
additionally_subject,1,1,0
additionally_smart,1,1,0
actually_undesirable,1,1,0
actually_underground,1,1,0
actually_unconstitutional,1,1,0
actually_uncomplicated,1,1,0
actually_uncharted,1,1,0
actually_unbelievable,1,1,0
actually_unaware,1,1,0
actually_unacceptable,1,1,0
actually_unable,1,1,0
actually_un-american,1,1,0
actually_troublesome,1,1,0
actually_treatable,1,1,0
actually_transient,1,1,0
actually_transferable,1,1,0
actually_tragic,1,1,0
actually_touchy,1,1,0
actually_total,1,1,0
actually_tortured,1,1,0
actually_understaffed,1,1,0
actually_unethical,1,1,0
actually_tiresome,1,1,0
actually_unforgivable,1,1,0
actually_unwell,1,1,0
actually_unwelcome,1,1,0
actually_unwatchable,1,1,0
actually_unwanted,1,1,0
actually_unusable,1,1,0
actually_unseen,1,1,0
actually_unreported,1,1,0
actually_unreasonable,1,1,0
actually_unprofitable,1,1,0
actually_unprofessional,1,1,0
actually_unpopular,1,1,0
actually_unlocked,1,1,0
actually_uninteresting,1,1,0
actually_uninterested,1,1,0
actually_unimaginable,1,1,0
actually_unified,1,1,0
actually_unheard,1,1,0
actually_tolerant,1,1,0
actually_tiny,1,1,0
additionally_present,1,1,0
actually_sudden,1,1,0
actually_sturdy,1,1,0
actually_stunning,1,1,0
actually_strategic,1,1,0
actually_stinky,1,1,0
actually_squeamish,1,1,0
actually_spanish,1,1,0
actually_sore,1,1,0
actually_soothing,1,1,0
actually_soluble,1,1,0
actually_soggy,1,1,0
actually_smooth,1,1,0
actually_sloppy,1,1,0
actually_simultaneous,1,1,0
actually_simplistic,1,1,0
actually_simpler,1,1,0
actually_shallow,1,1,0
actually_sentient,1,1,0
actually_stylish,1,1,0
actually_sunny,1,1,0
actually_timid,1,1,0
actually_super,1,1,0
actually_timely,1,1,0
actually_thrilled,1,1,0
actually_thorough,1,1,0
actually_thirsty,1,1,0
actually_thin,1,1,0
actually_thicker,1,1,0
actually_thick,1,1,0
actually_theological,1,1,0
actually_temporary,1,1,0
actually_tart,1,1,0
actually_tantamount,1,1,0
actually_talented,1,1,0
actually_systematic,1,1,0
actually_symmetrical,1,1,0
actually_superstitious,1,1,0
actually_supernatural,1,1,0
actually_superfluous,1,1,0
actually_upbeat,1,1,0
actually_uphill,1,1,0
actually_upsetting,1,1,0
acutely_terminal,1,1,0
acutely_suicidal,1,1,0
acutely_sexist,1,1,0
acutely_secular,1,1,0
acutely_sad,1,1,0
acutely_real,1,1,0
acutely_psychotic,1,1,0
acutely_present,1,1,0
acutely_powerful,1,1,0
acutely_poor,1,1,0
acutely_poisonous,1,1,0
acutely_obvious,1,1,0
acutely_long,1,1,0
acutely_lonely,1,1,0
acutely_life-threatening,1,1,0
acutely_knowledgeable,1,1,0
acutely_interested,1,1,0
acutely_familiar,1,1,0
acutely_symbolic,1,1,0
acutely_traumatic,1,0,1
actually_useable,1,1,0
acutely_trendy,1,1,0
additionally_potent,1,1,0
additionally_popular,1,1,0
additionally_necessary,1,1,0
additionally_international,1,1,0
additionally_inaccessible,1,1,0
additionally_illustrative,1,1,0
additionally_helpful,1,1,0
additionally_eligible,1,1,0
additionally_critical,1,0,1
additionally_close,1,1,0
additionally_central,1,1,0
additionally_black,1,1,0
acutely_wrong,1,0,1
acutely_vulnerable,1,1,0
acutely_visible,1,1,0
acutely_unhappy,1,1,0
acutely_uncomfortable,1,1,0
acutely_expressive,1,1,0
acutely_embarrassing,1,1,0
acutely_dramatic,1,1,0
acutely_distressed,1,1,0
actually_western,1,1,0
actually_weightless,1,1,0
actually_wealthier,1,1,0
actually_walkable,1,1,0
actually_wacky,1,1,0
actually_vulnerable,1,1,0
actually_vulgar,1,1,0
actually_visual,1,1,0
actually_virtual,1,1,0
actually_vindictive,1,1,0
actually_viewable,1,1,0
actually_victorious,1,1,0
actually_verifiable,1,1,0
actually_verbal,1,1,0
actually_venomous,1,1,0
actually_vast,1,1,0
actually_usual,1,1,0
actually_wide,1,1,0
actually_widespread,1,1,0
actually_wireless,1,1,0
acutely_apparent,1,1,0
acutely_disappointed,1,1,0
acutely_difficult,1,1,0
acutely_different,1,1,0
acutely_concerned,1,1,0
acutely_competitive,1,1,0
acutely_boring,1,1,0
acutely_attuned,1,1,0
acutely_ambitious,1,1,0
actually_wiser,1,1,0
acutely_alive,1,1,0
acutely_alarming,1,1,0
acutely_absurd,1,1,0
actually_xenophobic,1,1,0
actually_worst,1,1,0
actually_witty,1,1,0
actually_wishful,1,1,0
aesthetically_obtrusive,1,1,0
aesthetically_offensive,1,1,0
aesthetically_outstanding,1,1,0
alarmingly_thin,1,1,0
alarmingly_soothing,1,1,0
alarmingly_soft,1,1,0
alarmingly_retro,1,1,0
alarmingly_quiet,1,1,0
alarmingly_new,1,0,1
alarmingly_loud,1,1,0
alarmingly_inhumane,1,1,0
alarmingly_hot,1,1,0
alarmingly_floral,1,1,0
alarmingly_dumb,1,1,0
alarmingly_deficient,1,1,0
alarmingly_cold,1,1,0
alarmingly_close,1,1,0
alarmingly_big,1,1,0
alarmingly_aggressive,1,1,0
alarmingly_accurate,1,1,0
agonizingly_unappealing,1,1,0
alarmingly_spicy,1,1,0
alarmingly_transparent,1,1,0
agonizingly_hot,1,1,0
alarmingly_unqualified,1,1,0
all_adverse,1,1,0
all_adversarial,1,1,0
all_advantaged,1,1,0
all_administrative,1,1,0
all_adequate,1,1,0
all_addictive,1,1,0
all_adamant,1,1,0
all_achievable,1,1,0
all_abusive,1,1,0
all_absurd,1,1,0
all_absolute,1,1,0
all_abrasive,1,1,0
albeit_smaller,1,1,0
albeit_illegal,1,0,1
albeit_evocative,1,0,1
alarmingly_worse,1,1,0
alarmingly_unusual,1,0,1
agonizingly_sincere,1,0,1
agonizingly_boring,1,1,0
aggressively_sour,1,1,0
ago_inconceivable,1,1,0
ago_enough,1,1,0
ago_empty,1,1,0
ago_current,1,1,0
ago_crazy,1,1,0
ago_better,1,1,0
ago_aware,1,1,0
ago_available,1,1,0
ago_absent,1,1,0
aggressively_white,1,1,0
aggressively_vile,1,1,0
aggressively_uninteresting,1,1,0
aggressively_trendy,1,1,0
aggressively_terrible,1,1,0
aggressively_tart,1,1,0
aggressively_tannic,1,1,0
aggressively_superior,1,1,0
aggressively_stylish,1,1,0
ago_incomplete,1,1,0
ago_more,1,1,0
agonizingly_bad,1,1,0
ago_necessary,1,1,0
agonizingly_aware,1,1,0
agonisingly_slow,1,1,0
agonisingly_nerve-wracking,1,0,1
ago_wonderful,1,1,0
ago_wild,1,1,0
ago_useful,1,1,0
ago_unwarranted,1,1,0
ago_truer,1,1,0
ago_true,1,1,0
ago_terrific,1,1,0
ago_subject,1,1,0
ago_startling,1,1,0
ago_sexist,1,1,0
ago_roman,1,1,0
ago_qualified,1,1,0
ago_over,1,1,0
ago_obsessed,1,1,0
all_affectionate,1,1,0
all_affluent,1,1,0
all_agnostic,1,1,0
all_collective,1,1,0
all_coherent,1,1,0
all_clueless,1,1,0
all_closest,1,1,0
all_clingy,1,1,0
all_cliche,1,1,0
all_clear-cut,1,1,0
all_circumstantial,1,1,0
all_circumspect,1,1,0
all_chuffed,1,1,0
all_choosy,1,1,0
all_chinese,1,1,0
all_chilly,1,1,0
all_chilling,1,1,0
all_chemical,1,1,0
all_charming,1,1,0
all_characteristic,1,1,0
all_chaotic,1,1,0
all_cohesive,1,1,0
all_comfy,1,1,0
all_alright,1,1,0
all_commensurate,1,1,0
all_cranky,1,1,0
all_corporate,1,1,0
all_corny,1,1,0
all_cordial,1,1,0
all_conventional,1,1,0
all_controversial,1,1,0
all_contemptible,1,1,0
all_contemporary,1,1,0
all_constructive,1,1,0
all_constant,1,1,0
all_consensual,1,1,0
all_confrontational,1,1,0
all_conflicted,1,1,0
all_conceptual,1,1,0
all_comprehensible,1,1,0
all_compliant,1,1,0
all_complementary,1,1,0
all_cautious,1,1,0
all_catastrophic,1,1,0
all_carefree,1,1,0
all_cancerous,1,1,0
all_awake,1,1,0
all_avoidable,1,1,0
all_automated,1,1,0
all_authoritarian,1,1,0
all_attainable,1,1,0
all_armored,1,1,0
all_archaic,1,1,0
all_apt,1,1,0
all_approachable,1,1,0
all_appreciative,1,1,0
all_anti-social,1,1,0
all_anti-gay,1,1,0
all_anti-american,1,1,0
all_angelic,1,1,0
all_anecdotal,1,1,0
all_amusing,1,1,0
all_ambiguous,1,1,0
all_awe,1,1,0
all_bald,1,1,0
all_bare,1,1,0
all_bloated,1,1,0
all_bullish,1,1,0
all_buddhist,1,1,0
all_breezy,1,1,0
all_brash,1,1,0
all_bossy,1,1,0
all_bold,1,1,0
all_bohemian,1,1,0
all_blatant,1,1,0
all_basic,1,1,0
all_bittersweet,1,1,0
all_bitchy,1,1,0
all_biological,1,1,0
all_bilingual,1,1,0
all_biased,1,1,0
all_bereft,1,1,0
all_benevolent,1,1,0
aggressively_spicy,1,1,0
aggressively_sexual,1,1,0
aesthetically_permissible,1,1,0
again_impossible,1,1,0
again_harsh,1,1,0
again_hard,1,1,0
again_happy,1,1,0
again_guilty,1,1,0
again_greater,1,1,0
again_great,1,1,0
again_glad,1,1,0
again_forthcoming,1,1,0
again_fine,1,1,0
again_feasible,1,1,0
again_exceptional,1,1,0
again_evident,1,1,0
again_essential,1,1,0
again_equal,1,1,0
again_entire,1,1,0
again_english,1,1,0
again_encouraged,1,1,0
again_important,1,1,0
again_influential,1,1,0
again_disappointed,1,1,0
again_less,1,1,0
again_silent,1,1,0
again_satisfying,1,1,0
again_right,1,1,0
again_responsive,1,1,0
again_reliant,1,1,0
again_recyclable,1,1,0
again_prominent,1,1,0
again_premature,1,1,0
again_pregnant,1,1,0
again_pink,1,1,0
again_overweight,1,1,0
again_other,1,1,0
again_normal,1,1,0
again_loose,1,1,0
again_lonely,1,1,0
again_live,1,1,0
again_likely,1,1,0
again_discretionary,1,1,0
again_detailed,1,1,0
aggressively_secular,1,1,0
aesthetically_unattractive,1,1,0
aesthetically_terrible,1,1,0
aesthetically_tasteful,1,1,0
aesthetically_suitable,1,1,0
aesthetically_spooky,1,1,0
aesthetically_sound,1,1,0
aesthetically_similar,1,1,0
aesthetically_sensational,1,1,0
aesthetically_satisfied,1,1,0
aesthetically_rigorous,1,1,0
aesthetically_right,1,1,0
aesthetically_repugnant,1,1,0
aesthetically_problematic,1,1,0
aesthetically_pristine,1,1,0
aesthetically_preferable,1,1,0
aesthetically_predictable,1,1,0
aesthetically_practical,1,1,0
aesthetically_pleased,1,1,0
aesthetically_traditional,1,1,0
aesthetically_undesirable,1,1,0
again_costly,1,1,0
aesthetically_uniform,1,1,0
again_conducive,1,1,0
again_concerned,1,1,0
again_commensurate,1,1,0
again_closer,1,1,0
again_clean,1,1,0
again_captivating,1,1,0
again_brilliant,1,1,0
again_bored,1,1,0
again_beholden,1,1,0
again_anxious,1,1,0
again_afraid,1,1,0
again_acceptable,1,1,0
again_absolute,1,1,0
again_absent,1,1,0
aesthetically_viable,1,1,0
aesthetically_unsightly,1,1,0
aesthetically_unnecessary,1,1,0
again_sorry,1,1,0
again_spectacular,1,1,0
again_static,1,1,0
aggressively_liberal,1,1,0
aggressively_left-wing,1,1,0
aggressively_ironic,1,1,0
aggressively_intimate,1,1,0
aggressively_informal,1,1,0
aggressively_independent,1,1,0
aggressively_hostile,1,1,0
aggressively_hoppy,1,1,0
aggressively_homophobic,1,1,0
aggressively_harmful,1,1,0
aggressively_groovy,1,0,1
aggressively_good-looking,1,1,0
aggressively_gendered,1,1,0
aggressively_fundamentalist,1,1,0
aggressively_friendly,1,1,0
aggressively_fluffy,1,1,0
aggressively_floral,1,1,0
aggressively_flamboyant,1,1,0
aggressively_lesbian,1,1,0
aggressively_loud,1,1,0
again_suitable,1,1,0
aggressively_lower,1,1,0
aggressively_scrappy,1,1,0
aggressively_retrograde,1,1,0
aggressively_religious,1,1,0
aggressively_progressive,1,1,0
aggressively_possessive,1,1,0
aggressively_positive,1,1,0
aggressively_peaceful,1,1,0
aggressively_offensive,1,1,0
aggressively_off-putting,1,1,0
aggressively_negative,1,1,0
aggressively_nasty,1,1,0
aggressively_moronic,1,1,0
aggressively_minimal,1,1,0
aggressively_melancholy,1,1,0
aggressively_malignant,1,1,0
aggressively_male,1,1,0
aggressively_mainstream,1,1,0
aggressively_feminine,1,0,1
aggressively_excited,1,1,0
aggressively_dorky,1,1,0
aggressively_difficult,1,0,1
aggressively_alcoholic,1,1,0
aggressively_adversarial,1,1,0
again_worthy,1,1,0
again_worrisome,1,1,0
again_wonderful,1,1,0
again_willing,1,1,0
again_wet,1,1,0
again_welcome,1,1,0
again_vulnerable,1,1,0
again_visible,1,1,0
again_useful,1,1,0
again_unnecessary,1,1,0
again_unlawful,1,0,1
again_unanimous,1,1,0
again_troubled,1,1,0
again_synonymous,1,1,0
again_surprised,1,1,0
aggressively_ambitious,1,1,0
aggressively_american,1,1,0
aggressively_annoying,1,1,0
aggressively_clinical,1,1,0
aggressively_depressing,1,1,0
aggressively_deep,1,1,0
aggressively_dangerous,1,1,0
aggressively_creepy,1,1,0
aggressively_confrontational,1,1,0
aggressively_colorful,1,1,0
aggressively_cocky,1,1,0
aggressively_cheap,1,1,0
aggressively_anti-gay,1,1,0
aggressively_challenging,1,1,0
aggressively_boring,1,1,0
aggressively_blunt,1,1,0
aggressively_australian,1,1,0
aggressively_atheist,1,1,0
aggressively_asian,1,1,0
aggressively_artsy,1,1,0
as_encouraged,1,1,0
as_envious,1,1,0
deliberately_messy,1,1,0
consistently_truthful,1,1,0
consistently_transparent,1,1,0
consistently_transformative,1,1,0
consistently_tight,1,1,0
consistently_thick,1,1,0
consistently_terrible,1,1,0
consistently_symmetrical,1,1,0
consistently_sweet,1,1,0
consistently_superb,1,1,0
consistently_stupid,1,1,0
consistently_stunning,1,1,0
consistently_straightforward,1,1,0
consistently_stout,1,1,0
consistently_steady,1,1,0
consistently_spectacular,1,1,0
consistently_special,1,0,1
consistently_slower,1,1,0
consistently_slick,1,1,0
consistently_traumatic,1,1,0
consistently_uncomplicated,1,1,0
consistently_significant,1,1,0
consistently_underway,1,1,0
consistently_worthless,1,1,0
consistently_worth,1,1,0
consistently_worse,1,1,0
consistently_worried,1,1,0
consistently_wonderful,1,1,0
consistently_wild,1,1,0
consistently_white,1,1,0
consistently_weird,1,1,0
consistently_visceral,1,1,0
consistently_violent,1,1,0
consistently_vigilant,1,1,0
consistently_usable,1,1,0
consistently_unsurprising,1,1,0
consistently_unsettling,1,1,0
consistently_unnerving,1,1,0
consistently_unhelpful,1,1,0
consistently_undetectable,1,1,0
consistently_similar,1,1,0
consistently_sick,1,1,0
conspicuously_active,1,1,0
consistently_promising,1,1,0
consistently_predictive,1,1,0
consistently_potent,1,1,0
consistently_pleasing,1,1,0
consistently_pleasant,1,1,0
consistently_perpendicular,1,1,0
consistently_permanent,1,1,0
consistently_peaceful,1,1,0
consistently_partisan,1,1,0
consistently_painless,1,1,0
consistently_overwhelming,1,1,0
consistently_original,1,1,0
consistently_organic,1,1,0
consistently_obedient,1,1,0
consistently_nutritious,1,1,0
consistently_nationalist,1,1,0
consistently_nasty,1,1,0
consistently_narcissistic,1,1,0
consistently_proficient,1,1,0
consistently_prompt,1,1,0
consistently_short,1,1,0
consistently_rational,1,1,0
consistently_shocking,1,1,0
consistently_serious,1,1,0
consistently_sectarian,1,1,0
consistently_scary,1,1,0
consistently_satisfactory,1,1,0
consistently_rude,1,1,0
consistently_rough,1,1,0
consistently_rosy,1,1,0
consistently_riveting,1,1,0
consistently_rigid,1,1,0
consistently_revelatory,1,1,0
consistently_remarkable,1,1,0
consistently_relevant,1,1,0
consistently_relentless,1,1,0
consistently_red,1,1,0
consistently_recognizable,1,1,0
consistently_ready,1,1,0
consistently_worthy,1,1,0
conspicuously_american,1,1,0
constantly_downtrodden,1,1,0
constantly_boring,1,1,0
constantly_boisterous,1,1,0
constantly_black,1,1,0
constantly_beholden,1,1,0
constantly_bad,1,1,0
constantly_awesome,1,1,0
constantly_attentive,1,1,0
constantly_attainable,1,1,0
constantly_appropriate,1,1,0
constantly_appealing,1,1,0
constantly_apparent,1,1,0
constantly_annoyed,1,1,0
constantly_ample,1,1,0
constantly_alone,1,1,0
constantly_alluring,1,1,0
constantly_alarming,1,1,0
constantly_advantageous,1,1,0
constantly_actual,1,1,0
constantly_bored,1,1,0
constantly_brooding,1,1,0
constantly_able,1,1,0
constantly_candid,1,1,0
constantly_distraught,1,1,0
constantly_distinct,1,1,0
constantly_disappointed,1,1,0
constantly_dirty,1,1,0
constantly_dependant,1,1,0
constantly_damaging,1,1,0
constantly_critical,1,1,0
constantly_credible,1,1,0
constantly_creative,1,1,0
constantly_correct,1,1,0
constantly_conventional,1,1,0
constantly_cold,1,1,0
constantly_cluttered,1,1,0
constantly_cloudy,1,1,0
constantly_close,1,1,0
constantly_clever,1,1,0
constantly_cheerful,1,1,0
constantly_abusive,1,1,0
conspicuously_worse,1,1,0
conspicuously_aware,1,1,0
conspicuously_ideological,1,0,1
conspicuously_hostile,1,1,0
conspicuously_hairy,1,1,0
conspicuously_geeky,1,1,0
conspicuously_fashionable,1,1,0
conspicuously_experimental,1,1,0
conspicuously_english,1,1,0
conspicuously_energetic,1,1,0
conspicuously_eloquent,1,1,0
conspicuously_dry,1,1,0
conspicuously_distinct,1,1,0
conspicuously_dim,1,1,0
conspicuously_different,1,1,0
conspicuously_costly,1,1,0
conspicuously_consuming,1,1,0
conspicuously_charismatic,1,1,0
conspicuously_bigger,1,1,0
conspicuously_better,1,1,0
conspicuously_huge,1,1,0
conspicuously_incompetent,1,1,0
conspicuously_visible,1,1,0
conspicuously_inconsistent,1,1,0
conspicuously_unfit,1,1,0
conspicuously_soft,1,1,0
conspicuously_significant,1,1,0
conspicuously_sexy,1,1,0
conspicuously_right,1,0,1
conspicuously_rich,1,1,0
conspicuously_religious,1,1,0
conspicuously_radical,1,1,0
conspicuously_progressive,1,1,0
conspicuously_pretty,1,1,0
conspicuously_new,1,0,1
conspicuously_neutral,1,1,0
conspicuously_modest,1,1,0
conspicuously_modern,1,1,0
conspicuously_loud,1,1,0
conspicuously_international,1,1,0
conspicuously_intelligent,1,1,0
consistently_moderate,1,1,0
consistently_miserable,1,1,0
consistently_militant,1,1,0
consistently_appropriate,1,1,0
consistently_appealing,1,1,0
consistently_anxious,1,1,0
consistently_anti-social,1,1,0
consistently_angry,1,1,0
consistently_amusing,1,1,0
consistently_amazing,1,1,0
consistently_adult,1,1,0
consistently_acute,1,1,0
consistently_actual,1,1,0
consistently_acceptable,1,1,0
consistently_abundant,1,1,0
considerably_worried,1,1,0
considerably_wide,1,1,0
considerably_weaker,1,1,0
considerably_warmer,1,1,0
considerably_various,1,1,0
considerably_useful,1,1,0
consistently_appreciative,1,1,0
consistently_arbitrary,1,1,0
considerably_thicker,1,1,0
consistently_assertive,1,1,0
consistently_catchy,1,1,0
consistently_caring,1,1,0
consistently_capable,1,1,0
consistently_campy,1,1,0
consistently_buoyant,1,1,0
consistently_brutal,1,1,0
consistently_breathtaking,1,1,0
consistently_bonkers,1,1,0
consistently_bold,1,1,0
consistently_bleak,1,1,0
consistently_best,1,1,0
consistently_bearish,1,1,0
consistently_basic,1,1,0
consistently_aware,1,1,0
consistently_attributable,1,1,0
consistently_attractive,1,1,0
consistently_athletic,1,1,0
considerably_thinner,1,1,0
considerably_simpler,1,1,0
consistently_menacing,1,1,0
considerably_distinctive,1,1,0
considerably_dirty,1,1,0
considerably_difficult,1,1,0
considerably_dependable,1,1,0
considerably_deep,1,1,0
considerably_darker,1,1,0
considerably_creative,1,1,0
considerably_costly,1,1,0
considerably_costlier,1,1,0
considerably_concerned,1,1,0
considerably_clearer,1,1,0
considerably_carcinogenic,1,1,0
considerably_bigger,1,1,0
considerably_bad,1,1,0
considerably_angrier,1,1,0
considerably_absent,1,1,0
consequently_sore,1,1,0
consequently_skilled,1,1,0
considerably_distinct,1,1,0
considerably_fast,1,1,0
considerably_sharper,1,1,0
considerably_friendlier,1,1,0
considerably_richer,1,1,0
considerably_reliable,1,1,0
considerably_pricier,1,1,0
considerably_powerful,1,1,0
considerably_mindful,1,1,0
considerably_memorable,1,1,0
considerably_louder,1,1,0
considerably_longer,1,1,0
considerably_long,1,1,0
considerably_likely,1,1,0
considerably_lengthy,1,1,0
considerably_large,1,1,0
considerably_inappropriate,1,1,0
considerably_high,1,1,0
considerably_heavier,1,1,0
considerably_harder,1,1,0
considerably_good,1,1,0
consistently_challenging,1,0,1
consistently_cheesy,1,1,0
consistently_clean,1,1,0
consistently_involved,1,1,0
consistently_intense,1,1,0
consistently_intelligent,1,1,0
consistently_insulting,1,1,0
consistently_inspiring,1,1,0
consistently_insightful,1,1,0
consistently_ineffective,1,1,0
consistently_impressed,1,1,0
consistently_honest,1,1,0
consistently_hereditary,1,1,0
consistently_helpful,1,1,0
consistently_harmful,1,1,0
consistently_hardy,1,1,0
consistently_hard,1,1,0
consistently_gripping,1,1,0
consistently_gorgeous,1,1,0
consistently_generous,1,1,0
consistently_fresh,1,1,0
consistently_intrusive,1,1,0
consistently_irrational,1,1,0
consistently_clinical,1,1,0
consistently_larger,1,1,0
consistently_memorable,1,1,0
consistently_measurable,1,1,0
consistently_male,1,1,0
consistently_luminous,1,1,0
consistently_lucrative,1,1,0
consistently_loyal,1,1,0
consistently_lower,1,1,0
consistently_low,1,1,0
consistently_loving,1,1,0
consistently_logical,1,1,0
consistently_lighter,1,1,0
consistently_libertarian,1,1,0
consistently_lethal,1,1,0
consistently_lesbian,1,1,0
consistently_leftist,1,1,0
consistently_left-leaning,1,1,0
consistently_late,1,1,0
consistently_free,1,1,0
consistently_flat,1,1,0
consistently_flamboyant,1,1,0
consistently_first,1,1,0
consistently_customizable,1,1,0
consistently_curious,1,1,0
consistently_crucial,1,1,0
consistently_creative,1,1,0
consistently_crazy,1,1,0
consistently_costly,1,1,0
consistently_cost-effective,1,1,0
consistently_cordial,1,1,0
consistently_confident,1,1,0
consistently_conducive,1,1,0
consistently_conclusive,1,1,0
consistently_concerned,1,1,0
consistently_comprehensive,1,1,0
consistently_comprehensible,1,1,0
consistently_coherent,1,1,0
consistently_clumsy,1,1,0
consistently_close,1,1,0
consistently_dazzling,1,1,0
consistently_deep,1,1,0
consistently_depressed,1,1,0
consistently_enjoyable,1,1,0
consistently_favourable,1,1,0
consistently_fatal,1,1,0
consistently_famous,1,1,0
consistently_faithful,1,1,0
consistently_eye-catching,1,1,0
consistently_extra,1,1,0
consistently_enthusiastic,1,1,0
consistently_engrossing,1,1,0
consistently_difficult,1,1,0
consistently_enforceable,1,1,0
consistently_elite,1,1,0
consistently_dry,1,1,0
consistently_droll,1,1,0
consistently_distinct,1,1,0
consistently_disastrous,1,1,0
consistently_disappointed,1,1,0
constantly_doable,1,1,0
constantly_efficient,1,1,0
consequently_obvious,1,1,0
conveniently_functional,1,1,0
conveniently_cost-effective,1,1,0
conveniently_contiguous,1,1,0
conveniently_busy,1,1,0
conveniently_black,1,1,0
conveniently_attainable,1,1,0
conveniently_applicable,1,1,0
conveniently_adjacent,1,1,0
conveniently_actionable,1,1,0
conveniently_absent,1,1,0
continuously_wet,1,1,0
continuously_variable,1,1,0
continuously_sustainable,1,1,0
continuously_subject,1,1,0
continuously_strong,1,1,0
continuously_spontaneous,1,1,0
continuously_smooth,1,1,0
continuously_simple,1,1,0
conveniently_empty,1,1,0
conveniently_hypocritical,1,1,0
continuously_robust,1,1,0
conveniently_identifiable,1,1,0
conventionally_american,1,1,0
conventionally_aesthetic,1,1,0
conventionally_admirable,1,1,0
conveniently_understandable,1,1,0
conveniently_transferable,1,1,0
conveniently_stupid,1,1,0
conveniently_strange,1,1,0
conveniently_safe,1,1,0
conveniently_reachable,1,1,0
conveniently_present,1,1,0
conveniently_predictable,1,1,0
conveniently_portable,1,1,0
conveniently_obvious,1,1,0
conveniently_observable,1,1,0
conveniently_nearby,1,1,0
conveniently_legible,1,1,0
conveniently_invisible,1,1,0
continuously_sensational,1,1,0
continuously_rich,1,1,0
conventionally_audible,1,1,0
continuously_dark,1,1,0
continuously_correct,1,1,0
continuously_comfortable,1,1,0
continuously_captivating,1,1,0
continuously_best,1,1,0
continuously_basic,1,1,0
continuously_aware,1,1,0
continuously_amazing,1,1,0
continuously_adjustable,1,1,0
continuously_active,1,1,0
continuously_accessible,1,1,0
continually_worried,1,1,0
continually_willing,1,1,0
continually_wet,1,1,0
continually_vigilant,1,1,0
continually_unsettling,1,1,0
continually_tired,1,1,0
continually_sustainable,1,1,0
continuously_creamy,1,1,0
continuously_disappointed,1,1,0
continuously_resident,1,1,0
continuously_dramatic,1,1,0
continuously_present,1,1,0
continuously_pregnant,1,1,0
continuously_potential,1,1,0
continuously_positive,1,1,0
continuously_perfect,1,1,0
continuously_operational,1,1,0
continuously_okay,1,1,0
continuously_mindful,1,1,0
continuously_lovely,1,1,0
continuously_liable,1,1,0
continuously_happy,1,1,0
continuously_funny,1,1,0
continuously_expensive,1,1,0
continuously_enough,1,0,1
continuously_efficient,1,1,0
continuously_effective,1,1,0
continuously_easy,1,1,0
conventionally_architectural,1,0,1
conventionally_available,1,1,0
constantly_empty,1,1,0
conventionally_virtuous,1,1,0
conventionally_upbeat,1,1,0
conventionally_unattractive,1,1,0
conventionally_tragic,1,1,0
conventionally_traditional,1,1,0
conventionally_tough,1,1,0
conventionally_thin,1,1,0
conventionally_thick,1,0,1
conventionally_sweet,1,1,0
conventionally_successful,1,1,0
conventionally_spooky,1,1,0
conventionally_significant,1,1,0
conventionally_sensible,1,1,0
conventionally_scary,1,1,0
conventionally_satisfying,1,1,0
conventionally_rugged,1,1,0
conventionally_right,1,1,0
conventionally_rational,1,0,1
conventionally_useful,1,1,0
conventionally_youthful,1,1,0
conventionally_popular,1,1,0
convincingly_alien,1,1,0
convincingly_long,1,1,0
convincingly_innocent,1,1,0
convincingly_indicative,1,1,0
convincingly_impulsive,1,1,0
convincingly_feminine,1,1,0
convincingly_evil,1,1,0
convincingly_epic,1,1,0
convincingly_enthusiastic,1,1,0
convincingly_emphatic,1,1,0
convincingly_effective,1,1,0
convincingly_dark,1,1,0
convincingly_credible,1,1,0
convincingly_contrite,1,1,0
convincingly_bullish,1,1,0
convincingly_better,1,1,0
convincingly_barren,1,0,1
convincingly_american,1,1,0
conventionally_productive,1,1,0
conventionally_political,1,1,0
conventionally_bad,1,1,0
conventionally_ideal,1,1,0
conventionally_fit,1,1,0
conventionally_feminist,1,1,0
conventionally_enjoyable,1,1,0
conventionally_didactic,1,1,0
conventionally_devout,1,1,0
conventionally_cuddly,1,1,0
conventionally_corrupt,1,1,0
conventionally_contextual,1,0,1
conventionally_conservative,1,1,0
conventionally_commercial,1,1,0
conventionally_comic,1,1,0
conventionally_collectible,1,1,0
conventionally_clever,1,1,0
conventionally_cheap,1,1,0
conventionally_charismatic,1,1,0
conventionally_captivating,1,1,0
conventionally_big,1,1,0
conventionally_funny,1,1,0
conventionally_indian,1,1,0
conventionally_poetic,1,1,0
conventionally_inert,1,1,0
conventionally_pious,1,0,1
conventionally_pathetic,1,1,0
conventionally_official,1,0,1
conventionally_nice,1,1,0
conventionally_modern,1,1,0
conventionally_minimalist,1,1,0
conventionally_measurable,1,1,0
conventionally_maternal,1,1,0
conventionally_male,1,1,0
conventionally_luxury,1,1,0
conventionally_listenable,1,1,0
conventionally_likeable,1,1,0
conventionally_likable,1,1,0
conventionally_liberal,1,1,0
conventionally_irrelevant,1,1,0
conventionally_intimate,1,1,0
conventionally_intense,1,0,1
continually_surprising,1,1,0
continually_sufficient,1,1,0
continually_straightforward,1,1,0
constantly_sufficient,1,1,0
constantly_steady,1,1,0
constantly_static,1,1,0
constantly_standard,1,1,0
constantly_sore,1,1,0
constantly_solid,1,1,0
constantly_solicitous,1,1,0
constantly_soggy,1,1,0
constantly_smooth,1,1,0
constantly_sentimental,1,1,0
constantly_self-evident,1,1,0
constantly_self-critical,1,1,0
constantly_satisfied,1,1,0
constantly_safe,1,1,0
constantly_rowdy,1,1,0
constantly_riveting,1,1,0
constantly_restless,1,1,0
constantly_repetitive,1,1,0
constantly_stylish,1,1,0
constantly_suicidal,1,1,0
constantly_relaxed,1,1,0
constantly_superior,1,1,0
constantly_wrong,1,1,0
constantly_wise,1,1,0
constantly_welcoming,1,1,0
constantly_vulgar,1,1,0
constantly_volatile,1,1,0
constantly_viable,1,1,0
constantly_unsure,1,1,0
constantly_unproductive,1,1,0
constantly_undulating,1,0,1
constantly_typical,1,1,0
constantly_tough,1,1,0
constantly_tolerant,1,1,0
constantly_terrific,1,1,0
constantly_sustainable,1,1,0
constantly_suspicious,1,1,0
constantly_surprised,1,1,0
constantly_sure,1,1,0
constantly_reminiscent,1,1,0
constantly_quick,1,1,0
continually_smooth,1,1,0
constantly_intent,1,1,0
constantly_important,1,1,0
constantly_immediate,1,1,0
constantly_huge,1,1,0
constantly_hilarious,1,1,0
constantly_helpful,1,1,0
constantly_heavy,1,1,0
constantly_healthy,1,1,0
constantly_grey,1,1,0
constantly_fun,1,1,0
constantly_frustrating,1,1,0
constantly_fascinating,1,1,0
constantly_factual,1,1,0
constantly_excited,1,1,0
constantly_excellent,1,1,0
constantly_exact,1,1,0
constantly_entertaining,1,1,0
constantly_enjoyable,1,1,0
constantly_inexpensive,1,1,0
constantly_involved,1,1,0
constantly_proper,1,1,0
constantly_irritable,1,1,0
constantly_probable,1,1,0
constantly_predictable,1,1,0
constantly_precise,1,1,0
constantly_poor,1,1,0
constantly_pleased,1,1,0
constantly_plain,1,1,0
constantly_perplexing,1,1,0
constantly_particular,1,1,0
constantly_paranoid,1,1,0
constantly_overworked,1,1,0
constantly_overcome,1,1,0
constantly_optional,1,1,0
constantly_operational,1,1,0
constantly_noteworthy,1,1,0
constantly_noisy,1,1,0
constantly_malicious,1,1,0
constantly_late,1,1,0
constantly_zero,1,1,0
constitutionally_abhorrent,1,1,0
constitutionally_accurate,1,1,0
continually_delinquent,1,1,0
continually_critical,1,1,0
continually_cool,1,1,0
continually_clean,1,1,0
continually_challenging,1,1,0
continually_better,1,1,0
continually_actual,1,1,0
continually_accessible,1,1,0
contextually_smart,1,1,0
contextually_related,1,1,0
contextually_precise,1,1,0
contextually_correct,1,1,0
contextually_biblical,1,1,0
contextually_adaptable,1,1,0
contextually_accurate,1,1,0
contextually_absurd,1,1,0
constitutionally_vague,1,1,0
constitutionally_unsound,1,1,0
continually_curious,1,1,0
continually_direct,1,1,0
constitutionally_admissible,1,1,0
continually_effortless,1,1,0
continually_separate,1,1,0
continually_real,1,1,0
continually_ready,1,1,0
continually_reactive,1,1,0
continually_progressive,1,1,0
continually_present,1,1,0
continually_necessary,1,1,0
continually_more,1,1,0
continually_moist,1,1,0
continually_lower,1,1,0
continually_interchangeable,1,1,0
continually_happy,1,1,0
continually_guilty,1,1,0
continually_fussy,1,1,0
continually_frustrated,1,1,0
continually_feasible,1,1,0
continually_faithful,1,1,0
constitutionally_unreasonable,1,1,0
constitutionally_unlimited,1,1,0
constitutionally_unfit,1,1,0
constitutionally_unable,1,1,0
constitutionally_ineffective,1,1,0
constitutionally_indistinguishable,1,1,0
constitutionally_inconsistent,1,1,0
constitutionally_incapable,1,1,0
constitutionally_inappropriate,1,0,1
constitutionally_immune,1,1,0
constitutionally_harmful,1,1,0
constitutionally_free,1,1,0
constitutionally_fragile,1,1,0
constitutionally_forbidden,1,1,0
constitutionally_feasible,1,1,0
constitutionally_ethical,1,1,0
constitutionally_dubious,1,1,0
constitutionally_controversial,1,1,0
constitutionally_complex,1,1,0
constitutionally_analogous,1,1,0
constitutionally_ambiguous,1,1,0
constitutionally_ineligible,1,1,0
constitutionally_inherent,1,1,0
constitutionally_innovative,1,1,0
constitutionally_proper,1,1,0
constitutionally_troubling,1,0,1
constitutionally_supreme,1,1,0
constitutionally_severe,1,1,0
constitutionally_ripe,1,1,0
constitutionally_resistant,1,1,0
constitutionally_relevant,1,1,0
constitutionally_ready,1,1,0
constitutionally_old,1,1,0
constitutionally_interested,1,1,0
constitutionally_offensive,1,1,0
constitutionally_necessary,1,1,0
constitutionally_misleading,1,1,0
constitutionally_melancholy,1,1,0
constitutionally_lazy,1,1,0
constitutionally_justified,1,1,0
constitutionally_jealous,1,1,0
consequently_similar,1,1,0
consequently_more,1,1,0
completely_clad,1,1,0
completely_lightweight,1,1,0
completely_lifelike,1,1,0
completely_life-changing,1,1,0
completely_libertarian,1,1,0
completely_liberal,1,1,0
completely_liable,1,1,0
completely_lethargic,1,1,0
completely_lengthy,1,1,0
completely_legendary,1,1,0
completely_left-wing,1,1,0
completely_lead,1,1,0
completely_lawless,1,1,0
completely_lawful,1,1,0
completely_laden,1,1,0
completely_korean,1,1,0
completely_knowledgable,1,1,0
completely_justified,1,1,0
completely_joyous,1,1,0
completely_light,1,1,0
completely_literary,1,1,0
completely_jealous,1,1,0
completely_literate,1,1,0
completely_meek,1,1,0
completely_mediocre,1,1,0
completely_medical,1,1,0
completely_mechanical,1,1,0
completely_masterful,1,1,0
completely_massive,1,1,0
completely_marginalised,1,1,0
completely_marginal,1,1,0
completely_manageable,1,1,0
completely_malevolent,1,1,0
completely_magic,1,1,0
completely_lurid,1,1,0
completely_lower,1,1,0
completely_lovely,1,1,0
completely_lovable,1,1,0
completely_loopy,1,1,0
completely_loathsome,1,1,0
completely_jovial,1,1,0
completely_israeli,1,1,0
completely_menial,1,1,0
completely_informative,1,1,0
completely_inefficient,1,1,0
completely_indiscriminate,1,1,0
completely_indefensible,1,1,0
completely_inconsequential,1,1,0
completely_incongruous,1,1,0
completely_inclined,1,1,0
completely_inane,1,1,0
completely_impoverished,1,1,0
completely_impotent,1,1,0
completely_impolite,1,1,0
completely_implicit,1,1,0
completely_impersonal,1,1,0
completely_imperceptible,1,1,0
completely_impassable,1,1,0
completely_impaired,1,1,0
completely_immersive,1,1,0
completely_immediate,1,1,0
completely_inexcusable,1,1,0
completely_informed,1,1,0
completely_irreverent,1,1,0
completely_infuriating,1,1,0
completely_irish,1,1,0
completely_intrusive,1,1,0
completely_intriguing,1,1,0
completely_intoxicated,1,1,0
completely_intimidating,1,1,0
completely_interdependent,1,1,0
completely_intense,1,1,0
completely_intellectual,1,1,0
completely_integrated,1,1,0
completely_insular,1,1,0
completely_insufficient,1,1,0
completely_instrumental,1,1,0
completely_instinctive,1,1,0
completely_insightful,1,1,0
completely_inscrutable,1,1,0
completely_inhumane,1,1,0
completely_inhuman,1,1,0
completely_mellow,1,1,0
completely_metaphorical,1,1,0
completely_reclusive,1,1,0
completely_predictive,1,1,0
completely_porous,1,1,0
completely_pornographic,1,1,0
completely_populist,1,1,0
completely_polished,1,1,0
completely_playful,1,1,0
completely_placid,1,1,0
completely_perplexing,1,1,0
completely_perpendicular,1,1,0
completely_permissive,1,1,0
completely_pathological,1,1,0
completely_passe,1,1,0
completely_painful,1,1,0
completely_overcrowded,1,1,0
completely_overcast,1,1,0
completely_outspoken,1,1,0
completely_other,1,1,0
completely_oriented,1,1,0
completely_pragmatic,1,1,0
completely_prejudicial,1,1,0
completely_orderly,1,1,0
completely_prepared,1,1,0
completely_recent,1,1,0
completely_ragged,1,1,0
completely_quick,1,1,0
completely_purple,1,1,0
completely_pungent,1,1,0
completely_protestant,1,1,0
completely_proportional,1,1,0
completely_prophetic,1,1,0
completely_promotional,1,1,0
completely_promising,1,1,0
completely_promiscuous,1,1,0
completely_profound,1,1,0
completely_profitable,1,1,0
completely_pro-life,1,1,0
completely_principled,1,1,0
completely_priceless,1,1,0
completely_prevalent,1,1,0
completely_organized,1,1,0
completely_optional,1,1,0
completely_methodical,1,1,0
completely_nauseous,1,1,0
completely_national,1,1,0
completely_nasty,1,1,0
completely_narrative,1,1,0
completely_narcissistic,1,1,0
completely_muted,1,1,0
completely_muslim,1,1,0
completely_mortified,1,1,0
completely_morose,1,1,0
completely_morbid,1,1,0
completely_monochromatic,1,1,0
completely_monetary,1,1,0
completely_mixed,1,1,0
completely_miscast,1,1,0
completely_minor,1,1,0
completely_minimalist,1,1,0
completely_military,1,1,0
completely_mexican,1,1,0
completely_nauseating,1,1,0
completely_navigable,1,1,0
completely_opportunistic,1,1,0
completely_needless,1,1,0
completely_opinionated,1,1,0
completely_old,1,1,0
completely_odious,1,1,0
completely_obtainable,1,1,0
completely_obstinate,1,1,0
completely_obligatory,1,1,0
completely_obese,1,1,0
completely_nutritious,1,1,0
completely_novice,1,1,0
completely_nonsense,1,1,0
completely_nonpartisan,1,1,0
completely_nonchalant,1,1,0
completely_non-traditional,1,1,0
completely_noisy,1,1,0
completely_nil,1,1,0
completely_nerdy,1,1,0
completely_nefarious,1,1,0
completely_immature,1,1,0
completely_immaterial,1,1,0
completely_illiquid,1,1,0
completely_distraught,1,1,0
completely_displeased,1,1,0
completely_disoriented,1,1,0
completely_disorganized,1,1,0
completely_disordered,1,1,0
completely_disillusioned,1,1,0
completely_disheartened,1,1,0
completely_discriminatory,1,1,0
completely_dirty,1,1,0
completely_diplomatic,1,1,0
completely_digestible,1,1,0
completely_devoted,1,1,0
completely_determined,1,1,0
completely_detached,1,1,0
completely_destructive,1,1,0
completely_despicable,1,1,0
completely_derelict,1,1,0
completely_deplorable,1,1,0
completely_distant,1,1,0
completely_distressed,1,1,0
completely_demented,1,1,0
completely_distrustful,1,1,0
completely_elated,1,1,0
completely_elastic,1,1,0
completely_effusive,1,1,0
completely_efficacious,1,1,0
completely_educated,1,1,0
completely_economical,1,1,0
completely_durable,1,1,0
completely_dubious,1,1,0
completely_draconian,1,1,0
completely_drab,1,1,0
completely_downbeat,1,1,0
completely_dope,1,1,0
completely_dominating,1,1,0
completely_dominate,1,1,0
completely_docile,1,1,0
completely_dizzy,1,1,0
completely_divergent,1,1,0
completely_demonic,1,1,0
completely_demeaning,1,1,0
completely_illegible,1,1,0
completely_counter-intuitive,1,1,0
completely_cordial,1,1,0
completely_contrived,1,1,0
completely_contextual,1,1,0
completely_contemptible,1,1,0
completely_contemporary,1,1,0
completely_conscientious,1,1,0
completely_condescending,1,1,0
completely_compulsory,1,1,0
completely_complicit,1,1,0
completely_complementary,1,1,0
completely_competitive,1,1,0
completely_comfy,1,1,0
completely_comedic,1,1,0
completely_cluttered,1,1,0
completely_clumsy,1,1,0
completely_cliched,1,1,0
completely_cliche,1,1,0
completely_cosy,1,1,0
completely_counterintuitive,1,1,0
completely_delightful,1,1,0
completely_covert,1,1,0
completely_delicate,1,1,0
completely_dehydrated,1,1,0
completely_degrading,1,1,0
completely_definite,1,1,0
completely_defiant,1,1,0
completely_deferential,1,1,0
completely_defensible,1,1,0
completely_deductible,1,1,0
completely_decrepit,1,1,0
completely_dazed,1,1,0
completely_data-driven,1,1,0
completely_damning,1,1,0
completely_cut,1,1,0
completely_customisable,1,1,0
completely_creamy,1,1,0
completely_crappy,1,1,0
completely_cozy,1,1,0
completely_electric,1,1,0
completely_electrifying,1,1,0
completely_elegant,1,1,0
completely_hateful,1,1,0
completely_hardcore,1,1,0
completely_hapless,1,1,0
completely_handmade,1,1,0
completely_gut-wrenching,1,1,0
completely_gung,1,1,0
completely_greek,1,1,0
completely_greasy,1,1,0
completely_gratified,1,1,0
completely_gory,1,1,0
completely_gooey,1,1,0
completely_glib,1,1,0
completely_glad,1,1,0
completely_gentle,1,1,0
completely_general,1,1,0
completely_fuzzy,1,1,0
completely_full-time,1,1,0
completely_fulfilling,1,1,0
completely_harmful,1,1,0
completely_heavy,1,1,0
completely_eligible,1,1,0
completely_heinous,1,1,0
completely_ideological,1,1,0
completely_hysterical,1,1,0
completely_hyperbolic,1,1,0
completely_hyper,1,1,0
completely_humorous,1,1,0
completely_humiliating,1,1,0
completely_humbled,1,1,0
completely_hospitable,1,1,0
completely_horrific,1,1,0
completely_hopeful,1,1,0
completely_honored,1,1,0
completely_homeless,1,1,0
completely_homegrown,1,1,0
completely_holy,1,1,0
completely_historic,1,1,0
completely_hidden,1,1,0
completely_heroic,1,1,0
completely_fruitful,1,1,0
completely_frightening,1,1,0
completely_freakin,1,0,1
completely_frantic,1,1,0
completely_exhilarating,1,1,0
completely_executive,1,1,0
completely_exciting,1,1,0
completely_excellent,1,1,0
completely_exacting,1,1,0
completely_ethereal,1,1,0
completely_esoteric,1,1,0
completely_environmental,1,1,0
completely_entrenched,1,1,0
completely_enthused,1,1,0
completely_enormous,1,1,0
completely_enlightened,1,1,0
completely_enigmatic,1,1,0
completely_engrossing,1,1,0
completely_english,1,1,0
completely_engaging,1,1,0
completely_enamoured,1,1,0
completely_exotic,1,1,0
completely_experimental,1,1,0
completely_expired,1,1,0
completely_financial,1,1,0
completely_frail,1,1,0
completely_forward,1,1,0
completely_forgivable,1,1,0
completely_foreboding,1,1,0
completely_foggy,1,1,0
completely_flimsy,1,1,0
completely_fixable,1,1,0
completely_feminine,1,1,0
completely_exploitative,1,1,0
completely_favourable,1,1,0
completely_fast,1,1,0
completely_famous,1,1,0
completely_fallible,1,1,0
completely_facile,1,1,0
completely_exuberant,1,1,0
completely_external,1,1,0
completely_receptive,1,1,0
completely_recognizable,1,1,0
consequently_lengthy,1,1,0
conceptually_extreme,1,1,0
conceptually_elegant,1,1,0
conceptually_distinct,1,1,0
conceptually_dissimilar,1,1,0
conceptually_dependent,1,1,0
conceptually_dense,1,1,0
conceptually_contradictory,1,1,0
conceptually_consistent,1,1,0
conceptually_clever,1,1,0
conceptually_attractive,1,1,0
conceptually_appropriate,1,1,0
conceptually_appealing,1,1,0
conceptually_absurd,1,1,0
computationally_strong,1,1,0
computationally_robust,1,1,0
computationally_prohibitive,1,1,0
computationally_inefficient,1,1,0
computationally_heavy,1,1,0
conceptually_equivalent,1,1,0
conceptually_familiar,1,1,0
computationally_fair,1,1,0
conceptually_generous,1,1,0
conceptually_redundant,1,1,0
conceptually_ready,1,1,0
conceptually_outrageous,1,1,0
conceptually_original,1,1,0
conceptually_novel,1,1,0
conceptually_mature,1,1,0
conceptually_jealous,1,1,0
conceptually_jarring,1,1,0
conceptually_intriguing,1,1,0
conceptually_interesting,1,1,0
conceptually_innovative,1,1,0
conceptually_indispensable,1,1,0
conceptually_impressive,1,1,0
conceptually_immoral,1,1,0
conceptually_heavy,1,1,0
conceptually_harder,1,1,0
conceptually_groundbreaking,1,1,0
computationally_hard,1,1,0
computationally_costly,1,1,0
conceptually_rich,1,1,0
completely_wavy,1,1,0
completely_warm,1,1,0
completely_walkable,1,1,0
completely_vital,1,1,0
completely_viscous,1,1,0
completely_virulent,1,1,0
completely_virtual,1,1,0
completely_violent,1,1,0
completely_vile,1,1,0
completely_versatile,1,1,0
completely_verbatim,1,1,0
completely_vapid,1,1,0
completely_utilitarian,1,1,0
completely_usual,1,1,0
completely_user-friendly,1,1,0
completely_useable,1,1,0
completely_urban,1,1,0
completely_uptight,1,1,0
completely_watchable,1,1,0
completely_wearable,1,1,0
computationally_complex,1,1,0
completely_weightless,1,1,0
computationally_cheap,1,1,0
compulsively_unsettling,1,1,0
compulsively_playable,1,1,0
compulsively_misogynistic,1,1,0
compulsively_listenable,1,1,0
compulsively_liable,1,1,0
compulsively_competitive,1,1,0
compulsively_close,1,1,0
compulsively_analytical,1,1,0
compulsively_active,1,1,0
completely_worthwhile,1,1,0
completely_worldly,1,1,0
completely_wondrous,1,0,1
completely_wiser,1,1,0
completely_wholesome,1,1,0
completely_whimsical,1,1,0
completely_western,1,1,0
conceptually_revolutionary,1,1,0
conceptually_slick,1,1,0
completely_redeemable,1,1,0
consciously_sexual,1,1,0
consciously_sensitive,1,1,0
consciously_selfish,1,1,0
consciously_self-aware,1,1,0
consciously_scared,1,1,0
consciously_revolutionary,1,1,0
consciously_retro,1,1,0
consciously_religious,1,1,0
consciously_related,1,1,0
consciously_possible,1,1,0
consciously_poetic,1,1,0
consciously_open,1,1,0
consciously_nostalgic,1,1,0
consciously_minimalist,1,1,0
consciously_mindful,1,1,0
consciously_malevolent,1,1,0
consciously_lyrical,1,1,0
consciously_literary,1,1,0
consciously_sexist,1,1,0
consciously_showy,1,1,0
consciously_intentional,1,1,0
consciously_skeptical,1,1,0
consequently_hard,1,1,0
consequently_expensive,1,1,0
consequently_dishonest,1,1,0
consequently_big,1,1,0
consequently_bad,1,1,0
consciously_witty,1,1,0
consciously_visible,1,1,0
consciously_unkind,1,1,0
consciously_unjust,1,1,0
consciously_unconscious,1,1,0
consciously_trendy,1,1,0
consciously_tolerable,1,1,0
consciously_thankful,1,1,0
consciously_suicidal,1,1,0
consciously_stubborn,1,1,0
consciously_strategic,1,1,0
consciously_startling,1,1,0
consciously_knowledgeable,1,1,0
consciously_insane,1,1,0
conceptually_sound,1,1,0
consciously_cognizant,1,1,0
consciously_chinese,1,1,0
consciously_celebratory,1,1,0
consciously_bored,1,1,0
consciously_attentive,1,1,0
consciously_appealing,1,1,0
consciously_anxious,1,1,0
consciously_aloof,1,1,0
consciously_able,1,1,0
confusingly_different,1,1,0
confusingly_awesome,1,1,0
confusingly_abhorrent,1,1,0
conceptually_viable,1,1,0
conceptually_unnecessary,1,1,0
conceptually_thorough,1,1,0
conceptually_stupid,1,1,0
conceptually_straightforward,1,1,0
conceptually_specific,1,1,0
consciously_clear,1,1,0
consciously_conservative,1,1,0
consciously_inevitable,1,1,0
consciously_continuous,1,1,0
consciously_inclusive,1,1,0
consciously_impossible,1,1,0
consciously_illustrative,1,1,0
consciously_ignorant,1,1,0
consciously_homosexual,1,1,0
consciously_hokey,1,1,0
consciously_guilty,1,1,0
consciously_flamboyant,1,1,0
consciously_fearful,1,1,0
consciously_familiar,1,1,0
consciously_explicit,1,1,0
consciously_economical,1,1,0
consciously_dishonest,1,1,0
consciously_different,1,1,0
consciously_cynical,1,1,0
consciously_culpable,1,1,0
consciously_creative,1,1,0
completely_upsetting,1,1,0
completely_uphill,1,1,0
completely_upbeat,1,1,0
completely_solemn,1,1,0
completely_socialist,1,1,0
completely_social,1,1,0
completely_smart,1,1,0
completely_sluggish,1,1,0
completely_slippery,1,1,0
completely_slick,1,1,0
completely_skinny,1,1,0
completely_sinful,1,1,0
completely_significant,1,1,0
completely_sickening,1,1,0
completely_shrewd,1,1,0
completely_showy,1,1,0
completely_short,1,1,0
completely_sheer,1,1,0
completely_shady,1,1,0
completely_shabby,1,1,0
completely_serene,1,1,0
completely_soggy,1,1,0
completely_solitary,1,1,0
completely_self-taught,1,1,0
completely_sore,1,1,0
completely_summery,1,1,0
completely_succesful,1,1,0
completely_subordinate,1,1,0
completely_stubborn,1,1,0
completely_strong,1,1,0
completely_strenuous,1,1,0
completely_sticky,1,1,0
completely_stellar,1,1,0
completely_stealthy,1,1,0
completely_stationary,1,1,0
completely_stale,1,1,0
completely_spot,1,1,0
completely_spoilt,1,1,0
completely_speechless,1,1,0
completely_speculative,1,1,0
completely_spartan,1,1,0
completely_spanish,1,1,0
completely_sensible,1,1,0
completely_self-reliant,1,1,0
completely_unwanted,1,1,0
completely_royal,1,1,0
completely_rocky,1,1,0
completely_rigorous,1,1,0
completely_rich,1,1,0
completely_rhetorical,1,1,0
completely_reverent,1,1,0
completely_reusable,1,1,0
completely_restful,1,1,0
completely_respectful,1,1,0
completely_respectable,1,1,0
completely_reputable,1,1,0
completely_reproducible,1,1,0
completely_repeatable,1,1,0
completely_reluctant,1,1,0
completely_relative,1,1,0
completely_regressive,1,1,0
completely_refundable,1,1,0
completely_reductive,1,1,0
completely_romantic,1,1,0
completely_runny,1,1,0
completely_self-indulgent,1,1,0
completely_rustic,1,1,0
completely_self-explanatory,1,1,0
completely_self-evident,1,1,0
completely_self-centered,1,1,0
completely_segregated,1,1,0
completely_secretive,1,1,0
completely_seasonal,1,1,0
completely_sculptural,1,1,0
completely_scrupulous,1,1,0
completely_sci-fi,1,1,0
completely_scathing,1,1,0
completely_scary,1,1,0
completely_savvy,1,1,0
completely_savory,1,1,0
completely_sarcastic,1,1,0
completely_safer,1,1,0
completely_sadistic,1,1,0
completely_rusty,1,1,0
completely_superior,1,1,0
completely_supernatural,1,1,0
completely_susceptible,1,1,0
completely_unionized,1,1,0
completely_uninsured,1,1,0
completely_unhelpful,1,1,0
completely_ungrateful,1,1,0
completely_unfriendly,1,1,0
completely_unforgettable,1,1,0
completely_unflattering,1,1,0
completely_unfit,1,1,0
completely_unfavorable,1,1,0
completely_unfashionable,1,1,0
completely_unexplained,1,1,0
completely_unethical,1,1,0
completely_unenforceable,1,1,0
completely_unemployed,1,1,0
completely_undisciplined,1,1,0
completely_undetectable,1,1,0
completely_underwhelming,1,1,0
completely_undervalued,1,1,0
completely_unintentional,1,1,0
completely_united,1,1,0
completely_suspicious,1,1,0
completely_unlikable,1,1,0
completely_untrustworthy,1,1,0
completely_untenable,1,1,0
completely_unsubstantiated,1,1,0
completely_unspoken,1,1,0
completely_unsound,1,1,0
completely_unsettling,1,1,0
completely_unsatisfying,1,1,0
completely_unsatisfied,1,1,0
completely_unreleased,1,1,0
completely_unrecognized,1,1,0
completely_unreal,1,1,0
completely_unpaid,1,1,0
completely_unoriginal,1,1,0
completely_unoccupied,1,1,0
completely_unnerving,1,1,0
completely_unmanageable,1,1,0
completely_unlimited,1,1,0
completely_underserved,1,1,0
completely_underrated,1,1,0
completely_underfunded,1,1,0
completely_undemocratic,1,1,0
completely_tolerant,1,1,0
completely_tiring,1,1,0
completely_timeless,1,1,0
completely_thriving,1,0,1
completely_thoughtful,1,1,0
completely_therapeutic,1,1,0
completely_thankful,1,1,0
completely_terrific,1,1,0
completely_tenable,1,1,0
completely_tedious,1,1,0
completely_technical,1,1,0
completely_tasteful,1,1,0
completely_tangible,1,1,0
completely_tame,1,1,0
completely_systematic,1,1,0
completely_symbiotic,1,1,0
completely_sweet,1,1,0
completely_top,1,1,0
completely_tortured,1,1,0
completely_torturous,1,1,0
completely_troubling,1,1,0
completely_undecided,1,1,0
completely_unconventional,1,1,0
completely_uncontrollable,1,1,0
completely_uncomplicated,1,1,0
completely_unclear,1,1,0
completely_unbalanced,1,1,0
completely_unambiguous,1,1,0
completely_triumphant,1,1,0
completely_total,1,1,0
completely_treatable,1,1,0
completely_treacherous,1,1,0
completely_trashy,1,1,0
completely_trans,1,1,0
completely_tranquil,1,1,0
completely_tough,1,1,0
completely_totalitarian,1,1,0
convincingly_loud,1,1,0
convincingly_nasty,1,1,0
convincingly_neutral,1,1,0
deceptively_clever,1,1,0
decently_wet,1,1,0
decently_smart,1,1,0
decently_profound,1,1,0
decently_neutral,1,1,0
decently_healthy,1,1,0
decently_good,1,1,0
decently_dead,1,1,0
decently_clear,1,1,0
deathly_weak,1,1,0
deathly_treacherous,1,1,0
deathly_thin,1,1,0
deathly_silent,1,1,0
deathly_serious,1,1,0
deathly_rich,1,1,0
deathly_rabid,1,1,0
deathly_poisonous,1,1,0
deathly_pale,1,1,0
deceptively_bitter,1,1,0
deceptively_complex,1,1,0
deathly_exhausting,1,1,0
deceptively_convincing,1,1,0
decidedly_good,1,1,0
decidedly_extensive,1,1,0
decidedly_excited,1,1,0
decidedly_dull,1,1,0
decidedly_dreadful,1,1,0
decidedly_dodgy,1,1,0
decidedly_creepy,1,1,0
decidedly_cool,1,1,0
decidedly_convincing,1,1,0
decidedly_clear,1,1,0
decidedly_chic,1,1,0
decidedly_average,1,1,0
decidedly_alarmist,1,1,0
deceptively_treatable,1,1,0
deceptively_secret,1,1,0
deceptively_quick,1,1,0
deceptively_minimal,1,1,0
deathly_hungover,1,1,0
deathly_cute,1,1,0
decidedly_human,1,1,0
dazzlingly_clear,1,1,0
dazzlingly_adorable,1,1,0
dazzlingly_adept,1,1,0
darn_yummy,1,1,0
darn_windy,1,1,0
darn_wet,1,1,0
darn_wavy,1,1,0
darn_useful,1,1,0
darn_uninspiring,1,1,0
darn_ugly,1,1,0
darn_tough,1,1,0
darn_tired,1,1,0
darn_talented,1,1,0
darn_sweet,1,1,0
darn_stupid,1,1,0
darn_stubborn,1,1,0
darn_special,1,1,0
darn_small,1,1,0
dazzlingly_brilliant,1,1,0
dazzlingly_clever,1,1,0
deathly_cold,1,1,0
dazzlingly_colourful,1,1,0
deathly_boring,1,1,0
deadly_judgmental,1,1,0
deadly_jealous,1,1,0
deadly_cute,1,1,0
deadly_afraid,1,1,0
dead_silent,1,1,0
dead_ripe,1,1,0
dead_pretentious,1,1,0
dead_drunk,1,1,0
dead_certain,1,1,0
dead_accurate,1,1,0
dazzlingly_sharp,1,1,0
dazzlingly_sexy,1,1,0
dazzlingly_perfect,1,1,0
dazzlingly_idiotic,1,1,0
dazzlingly_great,1,1,0
dazzlingly_crisp,1,1,0
decidedly_hostile,1,1,0
decidedly_incompatible,1,1,0
deeply_disgusting,1,1,0
deeply_complex,1,1,0
deeply_compatible,1,1,0
deeply_clueless,1,1,0
deeply_clean,1,1,0
deeply_christian,1,1,0
deeply_chinese,1,1,0
deeply_caring,1,1,0
deeply_boring,1,1,0
deeply_blue,1,1,0
deeply_bigoted,1,1,0
deeply_biased,1,1,0
deeply_bent,1,1,0
deeply_beloved,1,1,0
deeply_beholden,1,1,0
deeply_authentic,1,1,0
deeply_attractive,1,1,0
deeply_appealing,1,1,0
deeply_anti-social,1,1,0
deeply_competent,1,1,0
deeply_complicit,1,1,0
deeply_anemic,1,1,0
deeply_conceptual,1,1,0
deeply_disadvantaged,1,1,0
deeply_difficult,1,1,0
deeply_developed,1,1,0
deeply_destructive,1,1,0
deeply_depressing,1,1,0
deeply_delusional,1,1,0
deeply_delicious,1,1,0
deeply_dangerous,1,1,0
deeply_cryptic,1,1,0
deeply_critical,1,1,0
deeply_credible,1,1,0
deeply_cool,1,0,1
deeply_controversial,1,0,1
deeply_contradictory,1,1,0
deeply_constant,1,1,0
deeply_conscious,1,1,0
deeply_confused,1,1,0
deeply_annoying,1,1,0
deeply_american,1,1,0
decidedly_judgmental,1,1,0
decidedly_unique,1,1,0
decidedly_unfunny,1,1,0
decidedly_unfamiliar,1,1,0
decidedly_uncool,1,1,0
decidedly_thin,1,1,0
decidedly_terrible,1,1,0
decidedly_sick,1,1,0
decidedly_secular,1,1,0
decidedly_sci-fi,1,1,0
decidedly_relevant,1,1,0
decidedly_partisan,1,1,0
decidedly_odd,1,1,0
decidedly_objectionable,1,1,0
decidedly_mediocre,1,1,0
decidedly_medieval,1,1,0
decidedly_luxurious,1,1,0
decidedly_loud,1,1,0
decidedly_liberal,1,1,0
decidedly_unhealthy,1,1,0
decidedly_unwise,1,1,0
deeply_ambitious,1,1,0
decidedly_vegetarian,1,1,0
deeply_afraid,1,1,0
deeply_affecting,1,1,0
deeply_affected,1,1,0
deeply_adverse,1,1,0
deeply_addictive,1,1,0
deep_underground,1,1,0
deep_sufficient,1,1,0
deep_purple,1,1,0
deep_involved,1,1,0
deep_ideal,1,1,0
deep_golden,1,1,0
deep_deep,1,1,0
deep_ample,1,1,0
deep_adequate,1,1,0
decidedly_worth,1,1,0
decidedly_worse,1,1,0
decidedly_victorious,1,1,0
darn_slow,1,1,0
darn_silly,1,1,0
darn_serious,1,1,0
dangerously_radical,1,1,0
dangerously_powerful,1,1,0
dangerously_pornographic,1,1,0
dangerously_polluted,1,1,0
dangerously_political,1,0,1
dangerously_poisonous,1,1,0
dangerously_paranoid,1,1,0
dangerously_overworked,1,1,0
dangerously_obese,1,1,0
dangerously_nasty,1,1,0
dangerously_militant,1,1,0
dangerously_loose,1,1,0
dangerously_large,1,0,1
dangerously_insecure,1,1,0
dangerously_inept,1,1,0
dangerously_incompetent,1,1,0
dangerously_imbalanced,1,0,1
dangerously_illegal,1,0,1
dangerously_premature,1,1,0
dangerously_reliant,1,1,0
dangerously_good,1,1,0
dangerously_responsive,1,1,0
dangerously_wet,1,1,0
dangerously_vulnerable,1,1,0
dangerously_unsuitable,1,1,0
dangerously_unhealthy,1,1,0
dangerously_unclear,1,1,0
dangerously_toxic,1,1,0
dangerously_titillating,1,1,0
dangerously_tight,1,1,0
dangerously_spicy,1,1,0
dangerously_sober,1,1,0
dangerously_slow,1,1,0
dangerously_slick,1,1,0
dangerously_simple,1,1,0
dangerously_sick,1,1,0
dangerously_shortsighted,1,1,0
dangerously_short,1,1,0
dangerously_selective,1,1,0
dangerously_huge,1,1,0
dangerously_fragile,1,1,0
darn_sensitive,1,1,0
dangerously_arrogant,1,1,0
dangerously_ambiguous,1,1,0
dangerously_allergic,1,1,0
dangerously_alert,1,1,0
dangerously_abusive,1,1,0
dangerously_absorbent,1,1,0
dang_young,1,1,0
dang_tired,1,1,0
dang_tall,1,1,0
dang_smart,1,1,0
dang_slow,1,1,0
dang_normal,1,1,0
dang_nervous,1,1,0
dang_messy,1,1,0
dang_meaningful,1,1,0
dang_judgmental,1,1,0
dang_heavy,1,1,0
dang_hard,1,1,0
dangerously_ambitious,1,1,0
dangerously_baseless,1,1,0
dangerously_foolish,1,1,0
dangerously_broad,1,1,0
dangerously_excessive,1,1,0
dangerously_effective,1,1,0
dangerously_dry,1,1,0
dangerously_drinkable,1,1,0
dangerously_divisive,1,1,0
dangerously_depressed,1,1,0
dangerously_dependent,1,1,0
dangerously_delicious,1,1,0
dangerously_deficient,1,1,0
dangerously_defective,1,1,0
dangerously_deep,1,1,0
dangerously_deceptive,1,1,0
dangerously_cute,1,1,0
dangerously_creative,1,1,0
dangerously_conspicuous,1,1,0
dangerously_confusing,1,1,0
dangerously_concentrated,1,1,0
dangerously_yummy,1,1,0
darkly_beautiful,1,1,0
darkly_comical,1,1,0
darn_intimidating,1,1,0
darn_horrible,1,1,0
darn_honest,1,1,0
darn_healthy,1,1,0
darn_hateful,1,1,0
darn_hard,1,1,0
darn_happy,1,1,0
darn_hairy,1,1,0
darn_gleeful,1,1,0
darn_frightening,1,1,0
darn_friendly,1,1,0
darn_formal,1,1,0
darn_flimsy,1,1,0
darn_flat,1,1,0
darn_fat,1,1,0
darn_extraordinary,1,1,0
darn_enjoyable,1,1,0
darn_endearing,1,1,0
darn_impossible,1,1,0
darn_lame,1,1,0
darkly_efficient,1,1,0
darn_long,1,1,0
darn_scared,1,1,0
darn_repetitive,1,1,0
darn_recognizable,1,1,0
darn_quirky,1,1,0
darn_predictable,1,1,0
darn_poor,1,1,0
darn_polite,1,1,0
darn_persuasive,1,1,0
darn_patronizing,1,1,0
darn_painful,1,1,0
darn_old,1,1,0
darn_negative,1,1,0
darn_materialistic,1,1,0
darn_many,1,1,0
darn_mad,1,1,0
darn_lucky,1,1,0
darn_lovable,1,1,0
darn_empty,1,1,0
darn_effective,1,1,0
darn_easy,1,1,0
darn_dominant,1,1,0
darn_adaptable,1,1,0
darn_accommodating,1,1,0
darkly_wide,1,1,0
darkly_visual,1,1,0
darkly_tragic,1,1,0
darkly_serious,1,1,0
darkly_satisfying,1,1,0
darkly_romantic,1,1,0
darkly_psychotic,1,1,0
darkly_provocative,1,1,0
darkly_pigmented,1,1,0
darkly_pessimistic,1,1,0
darkly_paranoid,1,1,0
darkly_obsessed,1,1,0
darkly_manipulative,1,1,0
darkly_interesting,1,1,0
darkly_humorous,1,1,0
darn_addictive,1,1,0
darn_alluring,1,1,0
darn_amazing,1,1,0
darn_confused,1,1,0
darn_distracting,1,1,0
darn_depressing,1,1,0
darn_dependable,1,1,0
darn_cuter,1,1,0
darn_crispy,1,1,0
darn_creepy,1,1,0
darn_convincing,1,1,0
darn_close,1,1,0
darn_annoying,1,1,0
darn_clever,1,1,0
darn_classy,1,1,0
darn_cheap,1,1,0
darn_charming,1,1,0
darn_bulky,1,1,0
darn_artistic,1,1,0
darn_appealing,1,1,0
deeply_disconcerting,1,1,0
deeply_dishonest,1,1,0
convincingly_original,1,1,0
definitely_safe,1,1,0
definitely_right,1,1,0
definitely_relevant,1,1,0
definitely_regular,1,1,0
definitely_reflective,1,1,0
definitely_recognizable,1,1,0
definitely_real,1,1,0
definitely_questionable,1,1,0
definitely_queer,1,1,0
definitely_productive,1,1,0
definitely_present,1,1,0
definitely_pregnant,1,1,0
definitely_precise,1,1,0
definitely_practical,1,1,0
definitely_positive,1,1,0
definitely_pleasing,1,1,0
definitely_perfect,1,1,0
definitely_over,1,1,0
definitely_russian,1,1,0
definitely_sci-fi,1,1,0
definitely_okay,1,1,0
definitely_serious,1,1,0
definitely_white,1,1,0
definitely_welcome,1,1,0
definitely_vital,1,1,0
definitely_useful,1,1,0
definitely_untrue,1,1,0
definitely_unprecedented,1,1,0
definitely_unfortunate,1,1,0
definitely_unconstitutional,1,1,0
definitely_truthful,1,1,0
definitely_trickier,1,1,0
definitely_suspicious,1,1,0
definitely_straight,1,1,0
definitely_stout,1,1,0
definitely_spotty,1,1,0
definitely_smaller,1,1,0
definitely_simple,1,1,0
definitely_similar,1,1,0
definitely_outdated,1,1,0
definitely_novel,1,0,1
definitely_worthy,1,1,0
definitely_faithful,1,1,0
definitely_expensive,1,1,0
definitely_exclusive,1,1,0
definitely_exasperating,1,1,0
definitely_evil,1,1,0
definitely_evident,1,1,0
definitely_essential,1,1,0
definitely_entertaining,1,1,0
definitely_dry,1,1,0
definitely_drunk,1,1,0
definitely_distinguishable,1,1,0
definitely_discretionary,1,1,0
definitely_difficult,1,1,0
definitely_different,1,1,0
definitely_defiant,1,1,0
definitely_cute,1,1,0
definitely_curious,1,1,0
definitely_crucial,1,1,0
definitely_faint,1,0,1
definitely_faster,1,1,0
definitely_normal,1,1,0
definitely_fatal,1,1,0
definitely_necessary,1,1,0
definitely_more,1,1,0
definitely_lucky,1,1,0
definitely_lousy,1,1,0
definitely_legal,1,1,0
definitely_interested,1,1,0
definitely_insecure,1,1,0
definitely_incorrect,1,1,0
definitely_important,1,1,0
definitely_illegal,1,1,0
definitely_ill,1,1,0
definitely_identifiable,1,1,0
definitely_helpful,1,1,0
definitely_healthy,1,1,0
definitely_guilty,1,1,0
definitely_greater,1,1,0
definitely_good,1,1,0
definitely_worthwhile,1,1,0
definitely_wrong,1,1,0
deeply_disillusioned,1,1,0
deliberately_dramatic,1,1,0
deliberately_discriminatory,1,1,0
deliberately_difficult,1,1,0
deliberately_detrimental,1,0,1
deliberately_derogatory,1,1,0
deliberately_derelict,1,1,0
deliberately_dense,1,1,0
deliberately_critical,1,1,0
deliberately_corrupt,1,1,0
deliberately_controversial,1,1,0
deliberately_confusing,1,1,0
deliberately_confrontational,1,1,0
deliberately_complicated,1,0,1
deliberately_comical,1,1,0
deliberately_clueless,1,1,0
deliberately_circuitous,1,1,0
deliberately_cheeky,1,1,0
deliberately_cartoonish,1,1,0
deliberately_disingenuous,1,1,0
deliberately_elusive,1,1,0
deliberately_careful,1,1,0
deliberately_emotional,1,1,0
deliberately_mean-spirited,1,1,0
deliberately_mean,1,1,0
deliberately_mass,1,1,0
deliberately_manipulative,1,1,0
deliberately_indiscriminate,1,1,0
deliberately_hypocritical,1,1,0
deliberately_hurtful,1,1,0
deliberately_hostile,1,1,0
deliberately_harmful,1,1,0
deliberately_frustrating,1,1,0
deliberately_forgetful,1,1,0
deliberately_foolish,1,1,0
deliberately_flawed,1,1,0
deliberately_feminine,1,1,0
deliberately_false,1,0,1
deliberately_evasive,1,1,0
deliberately_endangered,1,1,0
deliberately_careless,1,1,0
deliberately_campy,1,1,0
definitively_able,1,1,0
definitively_intact,1,1,0
definitively_illegal,1,1,0
definitively_higher,1,1,0
definitively_healthy,1,1,0
definitively_guilty,1,1,0
definitively_divine,1,1,0
definitively_distinct,1,1,0
definitively_dangerous,1,1,0
definitively_correct,1,1,0
definitively_conclusive,1,1,0
definitively_british,1,1,0
definitively_biblical,1,1,0
definitively_bad,1,0,1
definitively_aware,1,1,0
definitively_attributable,1,1,0
definitively_answerable,1,1,0
definitively_alien,1,0,1
definitively_accurate,1,1,0
definitively_incompatible,1,1,0
definitively_male,1,1,0
deliberately_brief,1,1,0
definitively_necessary,1,1,0
deliberately_blatant,1,1,0
deliberately_appealing,1,1,0
deliberately_altruistic,1,1,0
deliberately_acerbic,1,1,0
deliberately_abusive,1,1,0
definitively_worth,1,1,0
definitively_willing,1,1,0
definitively_white,1,1,0
definitively_traceable,1,1,0
definitively_supportive,1,1,0
definitively_supernatural,1,0,1
definitively_straight,1,1,0
definitively_secular,1,1,0
definitively_reliable,1,1,0
definitively_related,1,1,0
definitively_reflective,1,1,0
definitively_negative,1,1,0
definitely_crazy,1,1,0
definitely_conventional,1,1,0
definitely_conclusive,1,1,0
deeply_obsessive,1,1,0
deeply_nostalgic,1,1,0
deeply_neurotic,1,1,0
deeply_multicultural,1,1,0
deeply_moral,1,1,0
deeply_mobile,1,1,0
deeply_mistaken,1,1,0
deeply_misogynistic,1,1,0
deeply_misguided,1,1,0
deeply_miserable,1,1,0
deeply_medical,1,0,1
deeply_male,1,1,0
deeply_loving,1,1,0
deeply_lazy,1,1,0
deeply_kind,1,1,0
deeply_joyful,1,1,0
deeply_intuitive,1,1,0
deeply_intolerant,1,1,0
deeply_obsessed,1,1,0
deeply_paranoid,1,1,0
deeply_inspirational,1,1,0
deeply_partisan,1,1,0
deeply_reductive,1,1,0
deeply_radical,1,1,0
deeply_quiet,1,1,0
deeply_queer,1,1,0
deeply_psychological,1,1,0
deeply_provocative,1,1,0
deeply_profound,1,0,1
deeply_pro-israel,1,1,0
deeply_prejudicial,1,1,0
deeply_prejudiced,1,1,0
deeply_popular,1,1,0
deeply_polarized,1,1,0
deeply_pleasurable,1,1,0
deeply_pious,1,1,0
deeply_patronizing,1,1,0
deeply_patriotic,1,1,0
deeply_patriarchal,1,1,0
deeply_intimate,1,1,0
deeply_insightful,1,0,1
definitely_comparable,1,1,0
deeply_frustrated,1,1,0
deeply_frightened,1,1,0
deeply_free,1,1,0
deeply_fragrant,1,1,0
deeply_foolish,1,1,0
deeply_fond,1,1,0
deeply_firm,1,1,0
deeply_expert,1,1,0
deeply_excited,1,1,0
deeply_evocative,1,1,0
deeply_ethical,1,1,0
deeply_enjoyable,1,1,0
deeply_enamored,1,1,0
deeply_divisive,1,1,0
deeply_diverse,1,1,0
deeply_distressing,1,1,0
deeply_dissatisfied,1,1,0
deeply_disorienting,1,1,0
deeply_frightening,1,1,0
deeply_frustrating,1,1,0
deeply_insecure,1,1,0
deeply_funny,1,1,0
deeply_injurious,1,1,0
deeply_inhumane,1,1,0
deeply_influential,1,1,0
deeply_individual,1,1,0
deeply_impressive,1,1,0
deeply_ill,1,1,0
deeply_ignorant,1,1,0
deeply_humane,1,1,0
deeply_hued,1,1,0
deeply_honest,1,1,0
deeply_homophobic,1,1,0
deeply_historical,1,1,0
deeply_hidden,1,1,0
deeply_heartfelt,1,1,0
deeply_heartbreaking,1,1,0
deeply_gratifying,1,1,0
deeply_geeky,1,1,0
deeply_regressive,1,1,0
deeply_regulatory,1,1,0
deeply_reliant,1,1,0
defensively_resolute,1,1,0
defensively_minded,1,1,0
defensively_incompetent,1,1,0
defensively_foul,1,1,0
defensively_dominant,1,1,0
defensively_dependable,1,1,0
defensively_deficient,1,1,0
defensively_capable,1,1,0
deeply_worrisome,1,1,0
deeply_weird,1,1,0
deeply_valuable,1,1,0
deeply_unsatisfying,1,1,0
deeply_unsatisfactory,1,1,0
deeply_uninformed,1,1,0
deeply_unhelpful,1,1,0
deeply_unfunny,1,1,0
deeply_unethical,1,1,0
deeply_underwater,1,1,0
defensively_ready,1,1,0
defensively_sharp,1,1,0
deeply_resentful,1,1,0
defensively_territorial,1,1,0
definitely_clear,1,1,0
definitely_clean,1,1,0
definitely_cheaper,1,1,0
definitely_blue,1,1,0
definitely_bad,1,1,0
definitely_aware,1,1,0
definitely_available,1,1,0
definitely_annoying,1,1,0
definitely_advantageous,1,1,0
definitely_addicting,1,1,0
definitely_accurate,1,1,0
definitely_abnormal,1,1,0
defiantly_nerdy,1,1,0
defiantly_hopeful,1,1,0
defiantly_female,1,1,0
defiantly_different,1,1,0
defiantly_atmospheric,1,1,0
deeply_undervalued,1,1,0
deeply_uncool,1,1,0
deeply_unconvincing,1,1,0
deeply_unattractive,1,1,0
deeply_skeptical,1,1,0
deeply_sincere,1,0,1
deeply_silly,1,1,0
deeply_shocking,1,1,0
deeply_shocked,1,1,0
deeply_sexist,1,1,0
deeply_sensual,1,1,0
deeply_sensitive,1,1,0
deeply_seedy,1,1,0
deeply_secluded,1,1,0
deeply_scared,1,1,0
deeply_saddening,1,1,0
deeply_saddened,1,1,0
deeply_rude,1,1,0
deeply_romantic,1,1,0
deeply_retro,1,1,0
deeply_resonant,1,1,0
deeply_smitten,1,1,0
deeply_social,1,1,0
deeply_socialist,1,1,0
deeply_suspect,1,1,0
deeply_traumatic,1,1,0
deeply_transformative,1,1,0
deeply_thrilled,1,1,0
deeply_threatening,1,1,0
deeply_theoretical,1,1,0
deeply_tenacious,1,0,1
deeply_suspicious,1,1,0
deeply_surprising,1,0,1
deeply_sorrowful,1,1,0
deeply_subtle,1,0,1
deeply_sublime,1,1,0
deeply_striking,1,0,1
deeply_strategic,1,1,0
deeply_stimulating,1,0,1
deeply_stereotypical,1,1,0
deeply_specialized,1,1,0
dang_gorgeous,1,1,0
dang_good-looking,1,1,0
dang_funny,1,1,0
culturally_astute,1,1,0
culturally_appealing,1,1,0
culturally_american,1,1,0
culturally_african,1,1,0
culturally_advantageous,1,1,0
culturally_advanced,1,1,0
culturally_adorable,1,1,0
crystal_harder,1,1,0
crushingly_stupid,1,1,0
crushingly_slow,1,1,0
crushingly_reductive,1,1,0
crushingly_poor,1,1,0
crushingly_negative,1,1,0
crushingly_long,1,1,0
crushingly_impressed,1,1,0
crushingly_hot,1,1,0
crushingly_high,1,1,0
crushingly_funny,1,1,0
culturally_asian,1,1,0
culturally_averse,1,1,0
crushingly_fiery,1,1,0
culturally_broad,1,1,0
culturally_edifying,1,0,1
culturally_easy,1,1,0
culturally_distinctive,1,1,0
culturally_disruptive,1,0,1
culturally_destructive,1,1,0
culturally_democratic,1,1,0
culturally_dead,1,1,0
culturally_damaging,1,1,0
culturally_creative,1,1,0
culturally_cool,1,1,0
culturally_convenient,1,1,0
culturally_compulsory,1,1,0
culturally_common,1,1,0
culturally_christian,1,1,0
culturally_challenging,1,1,0
culturally_catholic,1,1,0
culturally_captive,1,1,0
crushingly_formidable,1,1,0
crushingly_fast,1,1,0
culturally_enriching,1,0,1
critically_unhealthy,1,1,0
critically_significant,1,1,0
critically_short,1,1,0
critically_shameful,1,1,0
critically_sensitive,1,1,0
critically_overcrowded,1,1,0
critically_lower,1,1,0
critically_judgmental,1,1,0
critically_insightful,1,1,0
critically_inquisitive,1,1,0
critically_incorrect,1,1,0
critically_hurt,1,1,0
critically_high,1,1,0
critically_harsh,1,1,0
critically_harmful,1,1,0
critically_few,1,1,0
critically_essential,1,0,1
critically_divisive,1,1,0
critically_true,1,1,0
critically_unique,1,1,0
crushingly_expensive,1,1,0
critically_untouchable,1,1,0
crushingly_disappointed,1,1,0
crushingly_depressing,1,1,0
crushingly_depressed,1,1,0
crushingly_cold,1,1,0
crushingly_boring,1,1,0
crushingly_better,1,1,0
cruelly_young,1,1,0
cruelly_true,1,1,0
cruelly_inevitable,1,1,0
cruelly_funny,1,1,0
cruelly_disappointed,1,1,0
cruelly_deceptive,1,1,0
cruelly_damaging,1,1,0
crucially_serious,1,1,0
crucially_relevant,1,1,0
crucially_impactful,1,1,0
critically_urgent,1,1,0
culturally_efficacious,1,1,0
culturally_equal,1,1,0
dang_fine,1,1,0
culturally_wasteful,1,1,0
culturally_valuable,1,1,0
culturally_unusual,1,1,0
culturally_ubiquitous,1,1,0
culturally_transformative,1,1,0
culturally_transcendent,1,1,0
culturally_traditional,1,1,0
culturally_tolerant,1,1,0
culturally_superior,1,1,0
culturally_subservient,1,1,0
culturally_subordinate,1,1,0
culturally_standard,1,1,0
culturally_spanish,1,1,0
culturally_southern,1,1,0
culturally_sound,1,1,0
culturally_similar,1,1,0
culturally_shocked,1,1,0
culturally_savvy,1,1,0
culturally_variable,1,1,0
culturally_western,1,0,1
culturally_respectful,1,1,0
curiously_adrift,1,1,0
currently_alright,1,1,0
currently_agile,1,1,0
currently_adept,1,1,0
currently_addicted,1,1,0
currently_actual,1,1,0
currently_accustomed,1,1,0
currently_accurate,1,1,0
curiously_warm,1,1,0
curiously_steep,1,1,0
curiously_soothing,1,1,0
curiously_solid,1,1,0
curiously_sluggish,1,1,0
curiously_interested,1,1,0
curiously_funny,1,1,0
curiously_enough,1,1,0
curiously_charming,1,1,0
curiously_applicable,1,1,0
culturally_right,1,1,0
culturally_representative,1,1,0
culturally_exquisite,1,1,0
culturally_noxious,1,1,0
culturally_narrow,1,1,0
culturally_motivated,1,1,0
culturally_jarring,1,1,0
culturally_introspective,1,1,0
culturally_insecure,1,1,0
culturally_indian,1,1,0
culturally_inclined,1,1,0
culturally_immersive,1,1,0
culturally_illiterate,1,1,0
culturally_hostile,1,1,0
culturally_homogenous,1,1,0
culturally_hard,1,1,0
culturally_good,1,1,0
culturally_generic,1,1,0
culturally_gay,1,1,0
culturally_friendly,1,1,0
culturally_free,1,1,0
culturally_niche,1,1,0
culturally_nuanced,1,1,0
culturally_remote,1,1,0
culturally_obsolete,1,1,0
culturally_remarkable,1,1,0
culturally_receptive,1,1,0
culturally_pure,1,1,0
culturally_prudent,1,1,0
culturally_prone,1,1,0
culturally_productive,1,1,0
culturally_prevalent,1,1,0
culturally_present,1,1,0
culturally_predatory,1,1,0
culturally_popular,1,1,0
culturally_plausible,1,1,0
culturally_pervasive,1,1,0
culturally_permissible,1,1,0
culturally_particular,1,1,0
culturally_overwhelming,1,1,0
culturally_okay,1,1,0
culturally_offensive,1,1,0
critically_disingenuous,1,1,0
critically_depressing,1,1,0
critically_damaging,1,1,0
crazily_impressed,1,1,0
crazily_hot,1,1,0
crazily_fierce,1,1,0
crazily_expressive,1,1,0
crazily_efficient,1,0,1
crazily_crunchy,1,1,0
crazily_complex,1,1,0
crazily_awesome,1,1,0
counter_worried,1,1,0
counter_cyclical,1,1,0
cosmetically_wrong,1,1,0
cosmetically_useful,1,1,0
cosmetically_unreal,1,1,0
cosmetically_undesirable,1,1,0
cosmetically_smooth,1,1,0
cosmetically_mysterious,1,1,0
cosmetically_insignificant,1,1,0
cosmetically_indifferent,1,1,0
crazily_imbalanced,1,1,0
crazily_overpowering,1,1,0
cosmetically_different,1,1,0
crazily_overwhelming,1,1,0
crazy_inventive,1,1,0
crazy_healthy,1,1,0
crazy_great,1,1,0
crazy_good,1,1,0
crazy_exciting,1,0,1
crazy_emotional,1,1,0
crazy_delicious,1,1,0
crazy_concerned,1,1,0
crazy_cold,1,1,0
crazy_busy,1,1,0
crazy_airy,1,1,0
crazy_accurate,1,1,0
crazily_weird,1,1,0
crazily_upbeat,1,1,0
crazily_sour,1,1,0
crazily_smart,1,1,0
crazily_patriotic,1,1,0
cosmetically_good,1,1,0
cosmetically_desirable,1,1,0
critically_cold,1,1,0
coolly_reassuring,1,1,0
coolly_modern,1,1,0
coolly_dispassionate,1,1,0
coolly_abstract,1,1,0
convincingly_ugly,1,1,0
convincingly_true,1,1,0
convincingly_tough,1,1,0
convincingly_threatening,1,1,0
convincingly_stoic,1,1,0
convincingly_southern,1,1,0
convincingly_sincere,1,1,0
convincingly_significant,1,1,0
convincingly_serious,1,1,0
convincingly_sad,1,1,0
convincingly_republican,1,1,0
convincingly_reliable,1,1,0
convincingly_related,1,1,0
convincingly_positive,1,1,0
coolly_rational,1,1,0
correspondingly_burdensome,1,1,0
cosmetically_damaging,1,0,1
correspondingly_cheap,1,1,0
cosmetically_customizable,1,1,0
cosmetically_classic,1,0,1
cosmetically_better,1,1,0
cosmetically_beautiful,1,1,0
cosmetically_attractive,1,1,0
cosmetically_aesthetic,1,1,0
correspondingly_strong,1,1,0
correspondingly_sound,1,1,0
correspondingly_simple,1,1,0
correspondingly_lower,1,1,0
correspondingly_large,1,1,0
correspondingly_impressive,1,1,0
correspondingly_higher,1,1,0
correspondingly_false,1,1,0
correspondingly_eclectic,1,1,0
correspondingly_easy,1,1,0
correspondingly_conclusive,1,1,0
crazy_optimistic,1,1,0
crazy_perfect,1,1,0
crazy_pigmented,1,1,0
criminally_improper,1,0,1
criminally_guilty,1,1,0
criminally_good,1,1,0
criminally_funny,1,1,0
criminally_false,1,1,0
criminally_enough,1,1,0
criminally_enforceable,1,1,0
criminally_egregious,1,1,0
criminally_dangerous,1,1,0
criminally_creepy,1,1,0
criminally_corrupt,1,1,0
criminally_armed,1,1,0
criminally_active,1,1,0
criminally_actionable,1,1,0
criminally_abusive,1,1,0
creepily_ugly,1,1,0
creepily_spiritual,1,1,0
creepily_reminiscent,1,1,0
criminally_high,1,1,0
criminally_inclined,1,1,0
crazy_qualified,1,1,0
criminally_inept,1,1,0
critically_admired,1,1,0
critically_acute,1,1,0
criminally_weak,1,1,0
criminally_versatile,1,1,0
criminally_underwhelming,1,1,0
criminally_underdeveloped,1,1,0
criminally_underappreciated,1,1,0
criminally_suspicious,1,0,1
criminally_stupid,1,1,0
criminally_silent,1,1,0
criminally_scandalous,1,0,1
criminally_savvy,1,1,0
criminally_relevant,1,1,0
criminally_related,1,1,0
criminally_poor,1,1,0
criminally_naive,1,0,1
criminally_lazy,1,1,0
creepily_real,1,1,0
creepily_obvious,1,1,0
creepily_intrusive,1,1,0
creepily_hopeful,1,1,0
creatively_inept,1,1,0
creatively_individual,1,1,0
creatively_impressive,1,1,0
creatively_important,1,1,0
creatively_groundbreaking,1,1,0
creatively_excited,1,1,0
creatively_excellent,1,1,0
creatively_equal,1,1,0
creatively_cumbersome,1,0,1
creatively_challenging,1,1,0
creatively_captivating,1,0,1
creatively_capable,1,1,0
creatively_blind,1,1,0
creatively_ambitious,1,1,0
creatively_adventurous,1,1,0
creatively_adept,1,1,0
crazy_talented,1,1,0
creatively_interesting,1,1,0
creatively_likely,1,1,0
creatively_present,1,1,0
creatively_stressful,1,1,0
creepily_evil,1,0,1
creatively_wise,1,1,0
creatively_vibrant,1,1,0
creatively_vacuous,1,1,0
creatively_talented,1,1,0
creatively_systematic,1,1,0
creatively_sure,1,1,0
creatively_stingy,1,1,0
creatively_productive,1,1,0
creatively_solid,1,1,0
creatively_small,1,1,0
creatively_skilled,1,1,0
creatively_rich,1,1,0
creatively_rewarding,1,1,0
creatively_ready,1,1,0
creatively_random,1,1,0
currently_autonomous,1,1,0
currently_awash,1,1,0
currently_belligerent,1,1,0
damn_horny,1,1,0
damn_healthy,1,1,0
damn_harder,1,1,0
damn_gullible,1,1,0
damn_genuine,1,1,0
damn_full,1,1,0
damn_filthy,1,1,0
damn_familiar,1,1,0
damn_fair,1,1,0
damn_exhausted,1,1,0
damn_exciting,1,1,0
damn_enough,1,1,0
damn_engrossing,1,1,0
damn_emotional,1,1,0
damn_dysfunctional,1,1,0
damn_disrespectful,1,1,0
damn_dismissive,1,1,0
damn_disingenuous,1,1,0
damn_heavy,1,1,0
damn_hostile,1,1,0
damn_disgraceful,1,1,0
damn_imaginative,1,1,0
damn_loyal,1,1,0
damn_lonely,1,1,0
damn_lighter,1,1,0
damn_lame,1,1,0
damn_judgmental,1,1,0
damn_itchy,1,1,0
damn_irresponsible,1,1,0
damn_irksome,1,1,0
damn_invalid,1,1,0
damn_intransigent,1,1,0
damn_inspiring,1,1,0
damn_infectious,1,1,0
damn_indulgent,1,1,0
damn_independent,1,1,0
damn_inconsistent,1,1,0
damn_impossible,1,1,0
damn_implausible,1,1,0
damn_disgusting,1,1,0
damn_different,1,1,0
daily_heavy,1,1,0
damn_cheesy,1,1,0
damn_calming,1,0,1
damn_brittle,1,1,0
damn_brilliant,1,1,0
damn_black,1,1,0
damn_awkward,1,0,1
damn_apt,1,1,0
damn_apparent,1,1,0
damn_annoyed,1,1,0
damn_amusing,1,1,0
damn_alien,1,1,0
damn_advanced,1,1,0
damn_adorable,1,1,0
damn_abrasive,1,1,0
daily_unique,1,1,0
daily_right,1,1,0
daily_repeatable,1,1,0
daily_present,1,1,0
damn_celebratory,1,1,0
damn_cinematic,1,1,0
damn_determined,1,1,0
damn_cloudy,1,1,0
damn_desperate,1,1,0
damn_depressed,1,1,0
damn_demoralizing,1,1,0
damn_dejected,1,1,0
damn_deaf,1,1,0
damn_dead,1,1,0
damn_dark,1,1,0
damn_dangerous,1,1,0
damn_cynical,1,1,0
damn_crazy,1,1,0
damn_cooler,1,1,0
damn_convincing,1,1,0
damn_confident,1,1,0
damn_concerned,1,1,0
damn_complex,1,1,0
damn_competitive,1,1,0
damn_common,1,1,0
damn_lucky,1,1,0
damn_mad,1,1,0
damn_materialistic,1,1,0
damn_upset,1,1,0
damn_unreliable,1,1,0
damn_unlikeable,1,1,0
damn_uninteresting,1,1,0
damn_unforgiving,1,1,0
damn_uncomfortable,1,1,0
damn_true,1,1,0
damn_troublesome,1,1,0
damn_tough,1,1,0
damn_touchy,1,1,0
damn_tiny,1,1,0
damn_thrilled,1,1,0
damn_talented,1,1,0
damn_surprised,1,1,0
damn_sunny,1,1,0
damn_strong,1,1,0
damn_stingy,1,1,0
damn_small,1,1,0
damn_unsure,1,1,0
damn_uptight,1,1,0
damn_mean-spirited,1,1,0
damn_vertical,1,1,0
dang_dignified,1,1,0
dang_crowded,1,1,0
dang_cold,1,1,0
dang_charming,1,1,0
dang_catchy,1,1,0
dang_busy,1,1,0
dang_arrogant,1,1,0
damn_wrong,1,1,0
damn_worthy,1,1,0
damn_worried,1,1,0
damn_witty,1,1,0
damn_wise,1,1,0
damn_windy,1,1,0
damn_wicked,1,1,0
damn_wet,1,1,0
damn_wasteful,1,1,0
damn_volatile,1,1,0
damn_sloppy,1,1,0
damn_skinny,1,1,0
damn_simplistic,1,1,0
damn_simple,1,1,0
damn_poetic,1,1,0
damn_pleased,1,1,0
damn_plain,1,1,0
damn_personal,1,1,0
damn_pathetic,1,1,0
damn_passive,1,1,0
damn_paranoid,1,1,0
damn_obsolete,1,1,0
damn_obese,1,1,0
damn_normal,1,1,0
damn_noisy,1,1,0
damn_noble,1,1,0
damn_neurotic,1,1,0
damn_nervous,1,1,0
damn_needy,1,1,0
damn_necessary,1,1,0
damn_morose,1,1,0
damn_polite,1,1,0
damn_pompous,1,1,0
damn_popular,1,1,0
damn_romantic,1,1,0
damn_similar,1,1,0
damn_shy,1,1,0
damn_sexist,1,1,0
damn_scared,1,1,0
damn_sane,1,1,0
damn_safe,1,1,0
damn_rough,1,1,0
damn_retarded,1,1,0
damn_powerful,1,1,0
damn_restrictive,1,1,0
damn_racist,1,1,0
damn_profitable,1,1,0
damn_pretentious,1,1,0
damn_presumptuous,1,1,0
damn_predictable,1,1,0
damn_precious,1,1,0
daily_precious,1,1,0
daily_active,1,1,0
currently_better,1,0,1
currently_inaccessible,1,1,0
currently_immune,1,1,0
currently_illiterate,1,1,0
currently_identifiable,1,1,0
currently_iconic,1,1,0
currently_hostile,1,1,0
currently_hopeful,1,1,0
currently_homemade,1,1,0
currently_hard,1,1,0
currently_handy,1,1,0
currently_green,1,0,1
currently_greater,1,1,0
currently_gay,1,1,0
currently_furious,1,1,0
currently_full,1,1,0
currently_forgiving,1,1,0
currently_foreseeable,1,1,0
currently_favourite,1,1,0
currently_impoverished,1,1,0
currently_incapable,1,1,0
currently_faster,1,1,0
currently_inclusive,1,1,0
currently_more,1,1,0
currently_marketable,1,1,0
currently_many,1,1,0
currently_malignant,1,1,0
currently_magical,1,1,0
currently_lower,1,1,0
currently_low,1,1,0
currently_looser,1,1,0
currently_livable,1,1,0
currently_limited,1,1,0
currently_large,1,1,0
currently_knowledgeable,1,1,0
currently_invasive,1,1,0
currently_inexpensive,1,1,0
currently_ineligible,1,1,0
currently_incurable,1,1,0
currently_incomprehensible,1,1,0
currently_fat,1,1,0
currently_famous,1,0,1
currently_worthy,1,1,0
currently_customizable,1,1,0
currently_correct,1,1,0
currently_conversant,1,1,0
currently_convenient,1,1,0
currently_controllable,1,1,0
currently_consistent,1,1,0
currently_confused,1,1,0
currently_confident,1,1,0
currently_comprehensive,1,1,0
currently_communist,1,1,0
currently_commonplace,1,1,0
currently_collectable,1,1,0
currently_cheaper,1,1,0
currently_changeable,1,1,0
currently_challenging,1,1,0
currently_catholic,1,1,0
currently_catastrophic,1,1,0
currently_cancerous,1,1,0
currently_critical,1,1,0
currently_delighted,1,1,0
currently_expensive,1,1,0
currently_delirious,1,1,0
currently_existent,1,1,0
currently_exclusive,1,1,0
currently_ethical,1,1,0
currently_equivalent,1,1,0
currently_equal,1,1,0
currently_entertaining,1,1,0
currently_endemic,1,1,0
currently_empty,1,1,0
currently_employable,1,1,0
currently_electronic,1,1,0
currently_dominant,1,1,0
currently_dishonest,1,1,0
currently_discernible,1,1,0
currently_dirty,1,1,0
currently_digestible,1,1,0
currently_difficult,1,1,0
currently_desirable,1,1,0
currently_muslim,1,1,0
currently_nationwide,1,1,0
currently_negative,1,1,0
currently_typical,1,1,0
currently_tricky,1,1,0
currently_trendy,1,1,0
currently_transparent,1,1,0
currently_topical,1,1,0
currently_top,1,1,0
currently_third,1,1,0
currently_synonymous,1,1,0
currently_stylish,1,1,0
currently_strict,1,1,0
currently_strategic,1,1,0
currently_sticky,1,1,0
currently_stationary,1,1,0
currently_spotty,1,1,0
currently_sober,1,1,0
currently_smart,1,1,0
currently_single,1,1,0
currently_shallow,1,1,0
currently_tropical,1,1,0
currently_underrated,1,1,0
currently_new,1,1,0
currently_understaffed,1,1,0
currently_wet,1,1,0
currently_wealthy,1,1,0
currently_waterproof,1,1,0
currently_watchable,1,1,0
currently_vulnerable,1,1,0
currently_vegetarian,1,1,0
currently_vacant,1,1,0
currently_useful,1,1,0
currently_urgent,1,1,0
currently_urban,1,1,0
currently_unwell,1,1,0
currently_unlocked,1,1,0
currently_unlawful,1,1,0
currently_unique,1,1,0
currently_uninsured,1,1,0
currently_uniform,1,1,0
currently_underwater,1,1,0
currently_sensitive,1,1,0
currently_satisfying,1,1,0
currently_satisfactory,1,1,0
currently_salient,1,1,0
currently_practicable,1,1,0
currently_poor,1,1,0
currently_poisonous,1,1,0
currently_plentiful,1,1,0
currently_pleasant,1,1,0
currently_plausible,1,1,0
currently_physical,1,1,0
currently_partisan,1,1,0
currently_overdue,1,1,0
currently_overcrowded,1,1,0
currently_ours,1,1,0
currently_orthodox,1,1,0
currently_ok,1,1,0
currently_obsessed,1,1,0
currently_observant,1,1,0
currently_obese,1,1,0
currently_normal,1,1,0
currently_precise,1,1,0
currently_prevalent,1,1,0
currently_probable,1,1,0
currently_red,1,1,0
currently_safer,1,1,0
currently_riskier,1,1,0
currently_rife,1,1,0
currently_respectful,1,1,0
currently_replaceable,1,1,0
currently_related,1,1,0
currently_redeemable,1,1,0
currently_recommendable,1,1,0
currently_problematic,1,1,0
currently_recognizable,1,1,0
currently_receptive,1,1,0
currently_reasonable,1,1,0
currently_quantifiable,1,1,0
currently_psychotic,1,1,0
currently_proportional,1,1,0
currently_prophetic,1,1,0
completely_claustrophobic,1,1,0
completely_civilised,1,1,0
as_erroneous,1,1,0
beautifully_unique,1,1,0
beautifully_understated,1,1,0
beautifully_tangible,1,1,0
beautifully_symbolic,1,1,0
beautifully_sweet,1,1,0
beautifully_superb,1,1,0
beautifully_stylish,1,1,0
beautifully_sleek,1,1,0
beautifully_serene,1,1,0
beautifully_scenic,1,1,0
beautifully_satisfying,1,1,0
beautifully_rhythmic,1,1,0
beautifully_relaxing,1,1,0
beautifully_red,1,1,0
beautifully_quaint,1,1,0
beautifully_precise,1,1,0
beautifully_pleasing,1,1,0
beautifully_photogenic,1,1,0
beautifully_unified,1,1,0
beautifully_useless,1,1,0
beautifully_modern,1,1,0
beautifully_vibrant,1,1,0
best_better,1,1,0
best_aware,1,1,0
best_applicable,1,1,0
best_aloof,1,1,0
best_alive,1,1,0
best_accustomed,1,1,0
best_acceptable,1,1,0
below_yellow,1,1,0
below_safe,1,1,0
below_poor,1,1,0
below_par,1,1,0
below_impressive,1,1,0
below_great,1,1,0
below_full,1,1,0
below_fancy,1,1,0
below_embarrassing,1,1,0
beautifully_white,1,1,0
beautifully_orange,1,1,0
beautifully_minimalistic,1,1,0
best_chuffed,1,1,0
beautifully_coincidental,1,1,0
beautifully_chronological,1,1,0
beautifully_catchy,1,1,0
beautifully_boring,1,1,0
beautifully_bittersweet,1,1,0
beautifully_appealing,1,1,0
basically_worthless,1,1,0
basically_willing,1,1,0
basically_warm,1,1,0
basically_useless,1,1,0
basically_useful,1,1,0
basically_unpleasant,1,1,0
basically_unknown,1,1,0
basically_unethical,1,0,1
basically_uncomfortable,1,1,0
basically_unable,1,1,0
basically_true,1,1,0
basically_torture,1,1,0
beautifully_clean,1,1,0
beautifully_complex,1,0,1
beautifully_methodical,1,1,0
beautifully_delicate,1,1,0
beautifully_lyrical,1,1,0
beautifully_luminous,1,1,0
beautifully_ironic,1,1,0
beautifully_intuitive,1,1,0
beautifully_interesting,1,1,0
beautifully_inspiring,1,1,0
beautifully_handmade,1,1,0
beautifully_glossy,1,1,0
beautifully_girly,1,1,0
beautifully_generous,1,1,0
beautifully_fragrant,1,1,0
beautifully_forlorn,1,0,1
beautifully_flawed,1,1,0
beautifully_figurative,1,1,0
beautifully_fat,1,1,0
beautifully_evocative,1,1,0
beautifully_dramatic,1,1,0
best_capable,1,1,0
best_clean,1,1,0
biblically_appropriate,1,1,0
better_sure,1,1,0
better_short,1,1,0
better_russian,1,1,0
better_run,1,1,0
better_representative,1,1,0
better_relaxing,1,0,1
better_relative,1,1,0
better_ready,1,1,0
better_quiet,1,1,0
better_quicker,1,1,0
better_present,1,1,0
better_possible,1,0,1
better_other,1,1,0
better_organized,1,1,0
better_orchestrated,1,1,0
better_normal,1,1,0
better_light,1,1,0
better_lasting,1,1,0
better_sober,1,1,0
better_tasty,1,0,1
better_impressed,1,1,0
better_trained,1,1,0
beyond_thrilled,1,1,0
beyond_tasty,1,1,0
beyond_sick,1,1,0
beyond_satisfied,1,1,0
beyond_livid,1,1,0
beyond_human,1,1,0
beyond_grateful,1,1,0
beyond_good,1,1,0
beyond_generous,1,1,0
beyond_easy,1,1,0
beyond_delighted,1,1,0
beyond_convincing,1,1,0
beyond_comfortable,1,1,0
beyond_absurd,1,1,0
better_wise,1,1,0
better_visual,1,1,0
better_unable,1,1,0
better_known,1,1,0
better_hydrated,1,1,0
best_cliched,1,1,0
best_proud,1,1,0
best_practical,1,1,0
best_overcome,1,1,0
best_optimal,1,1,0
best_musical,1,1,0
best_imaginable,1,1,0
best_healthy,1,1,0
best_handy,1,1,0
best_flattered,1,1,0
best_eye-catching,1,1,0
best_exciting,1,1,0
best_enthusiastic,1,1,0
best_enough,1,1,0
best_dynamic,1,1,0
best_disappointed,1,1,0
best_detailed,1,1,0
best_conservative,1,1,0
best_comfortable,1,1,0
best_protective,1,1,0
best_related,1,1,0
better_hidden,1,1,0
best_satisfied,1,1,0
better_good,1,1,0
better_first,1,1,0
better_fast,1,1,0
better_expert,1,1,0
better_educated,1,1,0
better_dear,1,1,0
better_compatible,1,1,0
better_close,1,1,0
better_alternative,1,1,0
better_alternate,1,1,0
best_valid,1,1,0
best_upset,1,1,0
best_unpublished,1,1,0
best_treacherous,1,1,0
best_sweet,1,1,0
best_skeptical,1,1,0
best_short,1,1,0
basically_synonymous,1,1,0
basically_symmetrical,1,1,0
basically_supportive,1,1,0
barely_legible,1,1,0
barely_imaginable,1,1,0
barely_funny,1,1,0
barely_familiar,1,1,0
barely_edible,1,1,0
barely_disappointing,1,0,1
barely_different,1,0,1
barely_credible,1,1,0
barely_competitive,1,1,0
barely_big,1,1,0
barely_aware,1,1,0
barely_audible,1,1,0
barely_alive,1,1,0
barely_acceptable,1,1,0
badly_wrinkled,1,1,0
badly_wet,1,1,0
badly_tired,1,1,0
badly_spoiled,1,1,0
barely_large,1,1,0
barely_lucky,1,1,0
badly_rusty,1,1,0
barely_marginal,1,1,0
barely_worse,1,1,0
barely_warm,1,1,0
barely_top,1,1,0
barely_tolerable,1,1,0
barely_sufficient,1,1,0
barely_stylish,1,1,0
barely_sex,1,1,0
barely_relevant,1,1,0
barely_recognizable,1,1,0
barely_present,1,1,0
barely_possible,1,1,0
barely_physical,1,1,0
barely_persuasive,1,1,0
barely_perceptible,1,1,0
barely_passable,1,1,0
barely_palpable,1,1,0
barely_old,1,1,0
badly_sick,1,1,0
badly_prepared,1,1,0
basically_subservient,1,1,0
badly_allergic,1,1,0
backwards_incompatible,1,1,0
backwards_enough,1,1,0
backwards_comparable,1,1,0
backward_stupid,1,1,0
backward_fundamentalist,1,1,0
back_worth,1,1,0
back_unique,1,1,0
back_underway,1,1,0
back_square,1,1,0
back_right,1,1,0
back_ready,1,1,0
back_quicker,1,1,0
back_possible,1,1,0
back_other,1,0,1
back_open,1,1,0
back_ok,1,1,0
back_nervous,1,1,0
backwards_stupid,1,1,0
badly_anxious,1,1,0
badly_overdone,1,1,0
badly_askew,1,1,0
badly_overcooked,1,1,0
badly_outdated,1,1,0
badly_offended,1,1,0
badly_obvious,1,1,0
badly_negative,1,1,0
badly_necessary,1,1,0
badly_juvenile,1,1,0
badly_influential,1,1,0
badly_hungover,1,1,0
badly_handicapped,1,1,0
badly_great,1,1,0
badly_good,1,1,0
badly_frightened,1,1,0
badly_flat,1,1,0
badly_dignified,1,1,0
badly_depressed,1,1,0
badly_confused,1,1,0
barely_worth,1,1,0
basically_able,1,1,0
basically_accidental,1,1,0
basically_proficient,1,1,0
basically_outlandish,1,1,0
basically_nonexistent,1,1,0
basically_non-existent,1,1,0
basically_nice,1,1,0
basically_naturalistic,1,1,0
basically_natural,1,1,0
basically_naked,1,1,0
basically_mystical,1,1,0
basically_mandatory,1,1,0
basically_liberal,1,1,0
basically_invincible,1,1,0
basically_interested,1,1,0
basically_interchangeable,1,1,0
basically_innovative,1,1,0
basically_infuriating,1,1,0
basically_impossible,1,1,0
basically_immaculate,1,1,0
basically_personal,1,1,0
basically_psychological,1,1,0
basically_alike,1,1,0
basically_public,1,1,0
basically_structured,1,1,0
basically_strong,1,1,0
basically_stressful,1,1,0
basically_social,1,1,0
basically_skilled,1,1,0
basically_silent,1,1,0
basically_several,1,1,0
basically_sensual,1,1,0
basically_sedentary,1,0,1
basically_sane,1,1,0
basically_ridiculous,1,0,1
basically_revolutionary,1,1,0
basically_religious,1,1,0
basically_relevant,1,1,0
basically_reasonable,1,1,0
basically_realistic,1,1,0
basically_real,1,1,0
basically_human,1,1,0
basically_helpful,1,1,0
basically_harmless,1,1,0
basically_happy,1,1,0
basically_concerned,1,1,0
basically_complete,1,1,0
basically_competitive,1,1,0
basically_communal,1,1,0
basically_comfortable,1,1,0
basically_capable,1,1,0
basically_benign,1,1,0
basically_beautiful,1,0,1
basically_basic,1,0,1
basically_bankrupt,1,1,0
basically_bad,1,0,1
basically_aware,1,1,0
basically_answerable,1,1,0
basically_annoying,1,1,0
basically_altruistic,1,1,0
basically_alright,1,1,0
basically_allergic,1,1,0
basically_corrupt,1,1,0
basically_crucial,1,1,0
basically_dangerous,1,1,0
basically_empty,1,1,0
basically_futuristic,1,1,0
basically_full,1,1,0
basically_flat,1,1,0
basically_feasible,1,1,0
basically_experimental,1,0,1
basically_exempt,1,1,0
basically_enticing,1,1,0
basically_elitist,1,1,0
basically_dependant,1,1,0
basically_doomed,1,1,0
basically_domestic,1,1,0
basically_dissatisfied,1,1,0
basically_dishonest,1,1,0
basically_disheartening,1,1,0
basically_detailed,1,1,0
basically_descriptive,1,1,0
beyond_vague,1,1,0
biblically_clear,1,1,0
back_long,1,1,0
blatantly_true,1,1,0
blatantly_thematic,1,1,0
blatantly_superficial,1,1,0
blatantly_suggestive,1,0,1
blatantly_successful,1,1,0
blatantly_subservient,1,1,0
blatantly_spicy,1,1,0
blatantly_specious,1,1,0
blatantly_showy,1,1,0
blatantly_shocking,1,1,0
blatantly_shitty,1,1,0
blatantly_sexualized,1,1,0
blatantly_sad,1,1,0
blatantly_rewarding,1,1,0
blatantly_repetitive,1,1,0
blatantly_religious,1,1,0
blatantly_redundant,1,1,0
blatantly_queer,1,1,0
blatantly_tricky,1,1,0
blatantly_un-american,1,1,0
blatantly_problematic,1,1,0
blatantly_uncommon,1,1,0
blazingly_clear,1,1,0
blazingly_brilliant,1,1,0
blazingly_bright,1,1,0
blatantly_xenophobic,1,1,0
blatantly_wicked,1,1,0
blatantly_vulgar,1,1,0
blatantly_untrue,1,1,0
blatantly_unsustainable,1,1,0
blatantly_unscrupulous,1,1,0
blatantly_unreasonable,1,1,0
blatantly_unrealistic,1,1,0
blatantly_unprofessional,1,1,0
blatantly_unjust,1,1,0
blatantly_unique,1,1,0
blatantly_unidentified,1,0,1
blatantly_unhappy,1,1,0
blatantly_unequal,1,1,0
blatantly_provocative,1,1,0
blatantly_positive,1,1,0
blazingly_open,1,1,0
blatantly_innocent,1,1,0
blatantly_incorrect,1,1,0
blatantly_inaccurate,1,1,0
blatantly_ideological,1,1,0
blatantly_icky,1,0,1
blatantly_hostile,1,1,0
blatantly_honest,1,1,0
blatantly_homosexual,1,1,0
blatantly_heretical,1,1,0
blatantly_helpful,1,1,0
blatantly_heavy,1,1,0
blatantly_hateful,1,1,0
blatantly_harmful,1,1,0
blatantly_gruesome,1,1,0
blatantly_gay,1,1,0
blatantly_funny,1,1,0
blatantly_fraudulent,1,1,0
blatantly_feminist,1,1,0
blatantly_inhumane,1,1,0
blatantly_insane,1,1,0
blatantly_patriotic,1,1,0
blatantly_insensitive,1,1,0
blatantly_patriarchal,1,1,0
blatantly_partisan,1,1,0
blatantly_overwhelming,1,1,0
blatantly_overweight,1,1,0
blatantly_overt,1,1,0
blatantly_outrageous,1,1,0
blatantly_orwellian,1,1,0
blatantly_opportunistic,1,1,0
blatantly_obtuse,1,1,0
blatantly_negligent,1,1,0
blatantly_narcissistic,1,1,0
blatantly_modern,1,1,0
blatantly_misunderstood,1,1,0
blatantly_mistaken,1,1,0
blatantly_mexican,1,1,0
blatantly_late,1,1,0
blatantly_jealous,1,1,0
blazingly_counterintuitive,1,1,0
blazingly_overwhelming,1,1,0
biblically_consistent,1,1,0
blindly_stupid,1,1,0
blindly_sentimental,1,1,0
blindly_religious,1,1,0
blindly_racist,1,1,0
blindly_pointless,1,1,0
blindly_permissive,1,1,0
blindly_patient,1,1,0
blindly_passionate,1,1,0
blindly_open,1,1,0
blindly_obvious,1,1,0
blindly_oblivious,1,1,0
blindly_nostalgic,1,1,0
blindly_nationalistic,1,1,0
blindly_narcissistic,1,1,0
blindly_malicious,1,1,0
blindly_larger,1,1,0
blindly_judgmental,1,1,0
blindly_jealous,1,1,0
blindly_social,1,1,0
blindly_sympathetic,1,1,0
blindly_innocent,1,1,0
blindly_technical,1,1,0
blisteringly_sour,1,1,0
blisteringly_quick,1,1,0
blisteringly_popular,1,1,0
blisteringly_obvious,1,1,0
blisteringly_cold,1,1,0
blissfully_welcoming,1,1,0
blissfully_transparent,1,1,0
blissfully_satisfying,1,1,0
blissfully_romantic,1,1,0
blissfully_incendiary,1,1,0
blissfully_enjoyable,1,1,0
blissfully_convenient,1,1,0
blissfully_content,1,1,0
blissfully_arousing,1,0,1
blissfully_alone,1,1,0
blindly_trustworthy,1,1,0
blindly_traditional,1,1,0
blindly_involved,1,1,0
blindly_idealistic,1,1,0
blazingly_satirical,1,1,0
blindingly_quick,1,1,0
blindingly_overpowering,1,1,0
blindingly_original,1,1,0
blindingly_loyal,1,1,0
blindingly_impressive,1,1,0
blindingly_ignorant,1,1,0
blindingly_explosive,1,1,0
blindingly_dumb,1,1,0
blindingly_difficult,1,1,0
blindingly_confident,1,1,0
blindingly_clear,1,1,0
blindingly_brilliant,1,1,0
blindingly_awesome,1,1,0
blindingly_angry,1,1,0
blessedly_distracting,1,1,0
blessedly_dependent,1,1,0
blazingly_talented,1,1,0
blazingly_sensual,1,1,0
blindingly_profitable,1,1,0
blindingly_reflective,1,1,0
blindly_hateful,1,1,0
blindingly_sparkly,1,1,0
blindly_grateful,1,1,0
blindly_favorable,1,1,0
blindly_false,1,1,0
blindly_faithful,1,1,0
blindly_enthusiastic,1,1,0
blindly_dumb,1,1,0
blindly_destructive,1,1,0
blindly_dependent,1,1,0
blindly_deferential,1,1,0
blindly_compliant,1,1,0
blindly_cohesive,1,1,0
blindly_blue,1,1,0
blindly_bearish,1,1,0
blindly_arrogant,1,1,0
blindly_ambitious,1,1,0
blindingly_urgent,1,1,0
blindingly_stark,1,1,0
blatantly_familiar,1,1,0
blatantly_exploitative,1,1,0
blatantly_evident,1,1,0
biologically_viable,1,1,0
biologically_unique,1,1,0
biologically_unfathomable,1,1,0
biologically_treatable,1,1,0
biologically_such,1,1,0
biologically_strong,1,1,0
biologically_separate,1,1,0
biologically_sedentary,1,1,0
biologically_secure,1,1,0
biologically_salient,1,1,0
biologically_ripe,1,1,0
biologically_right,1,1,0
biologically_rich,1,1,0
biologically_reckless,1,1,0
biologically_questionable,1,1,0
biologically_privileged,1,1,0
biologically_painful,1,1,0
biologically_old,1,1,0
biologically_valid,1,1,0
biologically_vital,1,1,0
biologically_jewish,1,1,0
biologically_white,1,1,0
bit_graceful,1,1,0
bit_extreme,1,1,0
bit_discouraged,1,1,0
bit_disappointed,1,0,1
bit_defensive,1,1,0
bit_cute,1,1,0
bit_convincing,1,1,0
bit_compelling,1,1,0
bit_comparable,1,1,0
bit_callous,1,1,0
bit_bizarre,1,1,0
bit_believable,1,1,0
bit_autobiographical,1,1,0
bit_astounding,1,0,1
bit_appealing,1,1,0
bit_aggressive,1,1,0
biologically_younger,1,1,0
biologically_modern,1,1,0
biologically_interesting,1,1,0
blatantly_erroneous,1,1,0
biologically_bad,1,0,1
biologically_apocalyptic,1,1,0
biologically_alien,1,1,0
biologically_addictive,1,1,0
biologically_adaptive,1,0,1
biologically_accurate,1,1,0
biblically_untenable,1,1,0
biblically_unsound,1,1,0
biblically_trustworthy,1,1,0
biblically_solid,1,1,0
biblically_problematic,1,1,0
biblically_offensive,1,1,0
biblically_necessary,1,1,0
biblically_light,1,1,0
biblically_inadequate,1,1,0
biblically_faithful,1,1,0
biblically_epic,1,1,0
biblically_defensible,1,1,0
biologically_averse,1,1,0
biologically_basic,1,1,0
biologically_innate,1,1,0
biologically_close,1,1,0
biologically_inclined,1,1,0
biologically_inactive,1,1,0
biologically_inaccurate,1,1,0
biologically_hungry,1,1,0
biologically_homogenous,1,1,0
biologically_harmful,1,1,0
biologically_full,1,1,0
biologically_friendly,1,1,0
biologically_extinct,1,1,0
biologically_equivalent,1,1,0
biologically_equal,1,1,0
biologically_effective,1,1,0
biologically_distinguishable,1,1,0
biologically_distinct,1,1,0
biologically_determined,1,1,0
biologically_consistent,1,1,0
biologically_comparable,1,1,0
bit_hard,1,1,0
bit_harsh,1,1,0
bit_lofty,1,1,0
blatantly_aware,1,1,0
blatantly_american,1,1,0
blatantly_accessible,1,1,0
blatantly_abstract,1,1,0
blatantly_absent,1,1,0
blandly_technical,1,1,0
blandly_sweet,1,1,0
blandly_smug,1,1,0
blandly_pleasant,1,1,0
blandly_optimistic,1,1,0
blandly_neutral,1,1,0
blandly_handsome,1,1,0
blandly_functional,1,1,0
blandly_conventional,1,0,1
blandly_contemplative,1,1,0
blandly_attractive,1,1,0
bizarrely_weird,1,1,0
bizarrely_unexpected,1,1,0
blatantly_ancient,1,1,0
blatantly_awesome,1,1,0
bit_murky,1,1,0
blatantly_awful,1,1,0
blatantly_enough,1,1,0
blatantly_emotional,1,1,0
blatantly_egregious,1,0,1
blatantly_easy,1,1,0
blatantly_dumb,1,1,0
blatantly_dramatic,1,1,0
blatantly_distinct,1,1,0
blatantly_disruptive,1,1,0
blatantly_dismissive,1,1,0
blatantly_dirty,1,0,1
blatantly_deceitful,1,1,0
blatantly_damaging,1,1,0
blatantly_cruel,1,1,0
blatantly_corporate,1,1,0
blatantly_confrontational,1,1,0
blatantly_comical,1,1,0
blatantly_callous,1,1,0
bizarrely_troublesome,1,1,0
bizarrely_simple,1,1,0
bizarrely_scary,1,1,0
bizarrely_outdated,1,1,0
bitterly_anti-israel,1,1,0
bitingly_timely,1,1,0
bitingly_tense,1,1,0
bitingly_hilarious,1,1,0
bitingly_dismissive,1,1,0
bitingly_cruel,1,1,0
bit_unsettling,1,1,0
bit_unnerved,1,1,0
bit_troubled,1,1,0
bit_stingy,1,1,0
bit_sorry,1,1,0
bit_shocked,1,1,0
bit_reserved,1,1,0
bit_reckless,1,1,0
bit_pricey,1,1,0
bit_political,1,1,0
bit_nervous,1,1,0
bitterly_critical,1,1,0
bitterly_disappointing,1,1,0
bitterly_dissatisfied,1,1,0
bizarrely_disjointed,1,1,0
bizarrely_obsessed,1,1,0
bizarrely_memorable,1,1,0
bizarrely_intriguing,1,1,0
bizarrely_intoxicating,1,1,0
bizarrely_high,1,1,0
bizarrely_great,1,1,0
bizarrely_full,1,1,0
bizarrely_delightful,1,1,0
bitterly_divisive,1,1,0
bizarrely_counterproductive,1,1,0
bizarrely_cold,1,1,0
bizarrely_charismatic,1,1,0
bitterly_single,1,1,0
bitterly_resentful,1,1,0
bitterly_racist,1,1,0
bitterly_funny,1,1,0
back_lower,1,1,0
back_intact,1,1,0
completely_chronological,1,1,0
astonishingly_absent,1,1,0
as_wireless,1,1,0
as_weaker,1,1,0
as_viral,1,1,0
as_viewable,1,1,0
as_verbatim,1,1,0
as_veiled,1,1,0
as_vegetarian,1,1,0
as_various,1,1,0
as_untested,1,1,0
as_untapped,1,1,0
as_unsustainable,1,1,0
as_unsurprising,1,1,0
as_unstructured,1,1,0
as_unspoiled,1,1,0
as_unskilled,1,1,0
as_unscientific,1,1,0
as_unscathed,1,1,0
as_younger,1,1,0
astonishingly_brief,1,1,0
as_unregulated,1,1,0
astonishingly_complex,1,1,0
astoundingly_attractive,1,1,0
astoundingly_astute,1,1,0
astonishingly_unpopular,1,1,0
astonishingly_unique,1,1,0
astonishingly_pure,1,1,0
astonishingly_original,1,1,0
astonishingly_new,1,1,0
astonishingly_low,1,1,0
astonishingly_impressive,1,1,0
astonishingly_ignorant,1,1,0
astonishingly_high,1,1,0
astonishingly_fun,1,1,0
astonishingly_fruitful,1,1,0
astonishingly_effective,1,1,0
astonishingly_disheartening,1,1,0
astonishingly_different,1,1,0
astonishingly_courteous,1,1,0
as_unresponsive,1,1,0
as_unrecognizable,1,1,0
astoundingly_cinematic,1,1,0
as_undiscovered,1,1,0
as_underwater,1,1,0
as_underpaid,1,1,0
as_underground,1,1,0
as_under-reported,1,1,0
as_under-appreciated,1,1,0
as_undeniable,1,0,1
as_undemocratic,1,1,0
as_undecided,1,1,0
as_uncooperative,1,1,0
as_unconvinced,1,1,0
as_uncontrollable,1,0,1
as_unconstitutional,1,1,0
as_unclear,1,1,0
as_uncharacteristic,1,1,0
as_unchallenged,1,1,0
as_unbroken,1,1,0
as_unavoidable,1,1,0
as_undeveloped,1,1,0
as_uneducated,1,1,0
as_unreadable,1,1,0
as_unexplored,1,1,0
as_unreachable,1,1,0
as_unproven,1,1,0
as_unprotected,1,1,0
as_unparalleled,1,1,0
as_unoriginal,1,1,0
as_unnoticed,1,1,0
as_unnerved,1,1,0
as_unmistakable,1,1,0
as_unlocked,1,1,0
as_unjustified,1,1,0
as_united,1,1,0
as_unionized,1,1,0
as_uninhabitable,1,1,0
as_unheralded,1,1,0
as_unforeseen,1,1,0
as_unfazed,1,1,0
as_unfashionable,1,1,0
astoundingly_cheap,1,1,0
astoundingly_clever,1,1,0
authentically_religious,1,1,0
authentically_eastern,1,1,0
authentically_conscious,1,1,0
authentically_complete,1,1,0
authentically_buddhist,1,1,0
authentically_biblical,1,1,0
authentically_arab,1,0,1
authentically_appropriate,1,1,0
authentically_angry,1,1,0
authentically_american,1,0,1
athletically_young,1,1,0
athletically_superior,1,1,0
athletically_strenuous,1,1,0
athletically_knowledgeable,1,1,0
athletically_impressive,1,1,0
athletically_important,1,1,0
athletically_good,1,1,0
athletically_explosive,1,1,0
athletically_eligible,1,1,0
authentically_divine,1,1,0
authentically_emotional,1,1,0
athletically_challenging,1,1,0
authentically_enough,1,1,0
authentically_original,1,1,0
authentically_organic,1,1,0
authentically_meaty,1,1,0
authentically_liberal,1,0,1
authentically_islamic,1,0,1
authentically_interested,1,1,0
authentically_identical,1,1,0
authentically_hispanic,1,1,0
authentically_hindu,1,1,0
authentically_happy,1,1,0
authentically_handmade,1,1,0
authentically_gritty,1,1,0
authentically_gripping,1,1,0
authentically_free,1,1,0
authentically_female,1,1,0
authentically_expressive,1,1,0
authentically_evangelical,1,1,0
athletically_curious,1,1,0
athletically_adept,1,1,0
astoundingly_complex,1,1,0
astronomically_advanced,1,1,0
astoundingly_successful,1,1,0
astoundingly_shocking,1,1,0
astoundingly_passive,1,1,0
astoundingly_original,1,1,0
astoundingly_naive,1,1,0
astoundingly_miraculous,1,1,0
astoundingly_low,1,1,0
astoundingly_large,1,1,0
astoundingly_ironic,1,1,0
astoundingly_intelligent,1,1,0
astoundingly_inept,1,1,0
astoundingly_impressive,1,1,0
astoundingly_high,1,1,0
astoundingly_expensive,1,1,0
astoundingly_delicious,1,1,0
astoundingly_creative,1,1,0
astoundingly_crazy,1,0,1
astoundingly_vibrant,1,1,0
astronomically_bad,1,1,0
athletically_able,1,1,0
astronomically_coincidental,1,1,0
at_sure,1,1,0
at_strongest,1,1,0
at_strong,1,1,0
at_simple,1,1,0
at_rich,1,1,0
at_large,1,1,0
astronomically_wrong,1,1,0
astronomically_true,1,1,0
astronomically_precise,1,1,0
astronomically_low,1,1,0
astronomically_important,1,1,0
astronomically_hot,1,1,0
astronomically_greater,1,1,0
astronomically_faster,1,1,0
astronomically_distant,1,1,0
astronomically_different,1,1,0
astronomically_correct,1,1,0
as_unavailable,1,1,0
as_unassuming,1,1,0
as_unafraid,1,1,0
as_meh,1,1,0
as_maternal,1,1,0
as_mass,1,1,0
as_marvellous,1,1,0
as_marginalized,1,1,0
as_manual,1,1,0
as_man-made,1,1,0
as_malnourished,1,1,0
as_male-dominated,1,1,0
as_maintainable,1,1,0
as_main,1,1,0
as_luckier,1,1,0
as_lower,1,1,0
as_low-tech,1,1,0
as_lit,1,1,0
as_lesser,1,1,0
as_lesbian,1,1,0
as_last,1,1,0
as_meek,1,1,0
as_mere,1,1,0
as_killer,1,1,0
as_mesmerising,1,1,0
as_nicer,1,1,0
as_negligible,1,1,0
as_needed,1,1,0
as_near,1,1,0
as_native,1,1,0
as_nationwide,1,1,0
as_nationalist,1,1,0
as_narrative,1,1,0
as_mythic,1,1,0
as_muted,1,1,0
as_muslim,1,1,0
as_motionless,1,1,0
as_moisturized,1,1,0
as_misinformed,1,1,0
as_minuscule,1,1,0
as_minimalistic,1,1,0
as_microscopic,1,1,0
as_korean,1,1,0
as_italian,1,1,0
as_unaffiliated,1,1,0
as_homesick,1,1,0
as_high-quality,1,1,0
as_heterosexual,1,1,0
as_hereditary,1,1,0
as_healthier,1,1,0
as_handmade,1,1,0
as_groundless,1,1,0
as_groggy,1,1,0
as_greener,1,1,0
as_grander,1,1,0
as_funnier,1,1,0
as_fruitless,1,1,0
as_flirtatious,1,1,0
as_fixable,1,1,0
as_figurative,1,1,0
as_fastest,1,1,0
as_exploratory,1,1,0
as_even,1,1,0
as_hispanic,1,1,0
as_horizontal,1,1,0
as_invaluable,1,1,0
as_humbled,1,1,0
as_intentioned,1,1,0
as_intelligible,1,1,0
as_institutional,1,1,0
as_inescapable,1,1,0
as_inebriated,1,1,0
as_industrialized,1,1,0
as_indirect,1,1,0
as_indefensible,1,1,0
as_indebted,1,1,0
as_incorrect,1,1,0
as_incomplete,1,1,0
as_imprecise,1,1,0
as_implicit,1,1,0
as_imperceptible,1,1,0
as_illusory,1,1,0
as_ill-advised,1,1,0
as_hydrated,1,1,0
as_niche,1,1,0
as_non-existent,1,1,0
as_non-toxic,1,1,0
as_spotty,1,0,1
as_speechless,1,1,0
as_sovereign,1,1,0
as_solar,1,1,0
as_soft-spoken,1,1,0
as_skewed,1,1,0
as_simultaneous,1,1,0
as_sickening,1,1,0
as_short-term,1,1,0
as_shareable,1,1,0
as_self-indulgent,1,1,0
as_secondary,1,1,0
as_scarier,1,1,0
as_scant,1,1,0
as_rudimentary,1,1,0
as_roman,1,1,0
as_retrograde,1,1,0
as_restive,1,1,0
as_spoilt,1,1,0
as_storied,1,0,1
as_non-traditional,1,1,0
as_stressed,1,1,0
as_transactional,1,1,0
as_tougher,1,1,0
as_thicker,1,1,0
as_theological,1,1,0
as_thematic,1,1,0
as_tenable,1,1,0
as_technological,1,1,0
as_tastier,1,1,0
as_tantamount,1,1,0
as_tangential,1,1,0
as_taller,1,1,0
as_symbiotic,1,1,0
as_superhuman,1,1,0
as_subordinate,1,1,0
as_strongest,1,1,0
as_stronger,1,1,0
as_stricter,1,1,0
as_reproducible,1,1,0
as_replaceable,1,0,1
as_repeatable,1,1,0
as_renewable,1,1,0
as_pluralistic,1,1,0
as_pissed,1,1,0
as_perplexed,1,1,0
as_patchy,1,1,0
as_past,1,1,0
as_part-time,1,1,0
as_par,1,1,0
as_paltry,1,1,0
as_over,1,1,0
as_out,1,1,0
as_ongoing,1,1,0
as_off-kilter,1,1,0
as_oblique,1,1,0
as_obligated,1,1,0
as_nurturing,1,1,0
as_nuclear,1,1,0
as_nostalgia,1,1,0
as_polish,1,1,0
as_populated,1,0,1
as_premium,1,1,0
as_reachable,1,1,0
as_remorseful,1,1,0
as_relative,1,1,0
as_relational,1,1,0
as_regrettable,1,1,0
as_regretful,1,1,0
as_refreshed,1,1,0
as_redeemable,1,1,0
as_racial,1,1,0
as_principal,1,1,0
as_quality,1,1,0
as_qualitative,1,1,0
as_puny,1,1,0
as_punishable,1,1,0
as_psychic,1,1,0
as_protectionist,1,1,0
as_procedural,1,1,0
authentically_pro-life,1,1,0
authentically_representative,1,1,0
back_hideous,1,1,0
awfully_consistent,1,1,0
awfully_complicated,1,1,0
awfully_complex,1,1,0
awfully_competitive,1,1,0
awfully_common,1,1,0
awfully_comforting,1,1,0
awfully_coincidental,1,1,0
awfully_cheap,1,1,0
awfully_charismatic,1,1,0
awfully_bulky,1,1,0
awfully_boring,1,1,0
awfully_blind,1,1,0
awfully_athletic,1,1,0
awfully_arrogant,1,1,0
awfully_allergic,1,1,0
awfully_adaptable,1,1,0
awfully_abundant,1,1,0
awesomely_weird,1,1,0
awfully_condescending,1,1,0
awfully_creative,1,1,0
awesomely_showy,1,1,0
awfully_critical,1,1,0
awfully_harsh,1,1,0
awfully_grateful,1,1,0
awfully_generous,1,1,0
awfully_frazzled,1,1,0
awfully_formal,1,1,0
awfully_fat,1,1,0
awfully_familiar,1,1,0
awfully_enjoyable,1,1,0
awfully_easy,1,1,0
awfully_disappointing,1,1,0
awfully_direct,1,1,0
awfully_deferential,1,1,0
awfully_deep,1,1,0
awfully_decent,1,1,0
awfully_daring,1,1,0
awfully_cutesy,1,1,0
awfully_cute,1,1,0
awesomely_squishy,1,1,0
awesomely_proficient,1,1,0
awfully_hospitable,1,1,0
away_long,1,1,0
away_hypothetical,1,1,0
away_fun,1,1,0
away_european,1,1,0
away_enough,1,1,0
away_different,1,1,0
away_alien,1,1,0
away_able,1,1,0
automatically_zero,1,1,0
automatically_worth,1,1,0
automatically_wonderful,1,1,0
automatically_willing,1,1,0
automatically_virtuous,1,1,0
automatically_villainous,1,1,0
automatically_valuable,1,1,0
automatically_useful,1,1,0
automatically_unwarranted,1,1,0
automatically_unhealthy,1,1,0
away_impressive,1,1,0
away_open,1,1,0
awesomely_old-school,1,1,0
away_sick,1,1,0
awesomely_miserable,1,1,0
awesomely_large,1,1,0
awesomely_impressive,1,1,0
awesomely_hot,1,1,0
awesomely_hilarious,1,1,0
awesomely_great,1,1,0
awesomely_funny,1,1,0
awesomely_entertaining,1,1,0
awesomely_enjoyable,1,1,0
awesomely_decadent,1,1,0
awesomely_crazy,1,1,0
awesomely_beautiful,1,1,0
awesomely_badass,1,1,0
awesomely_bad,1,1,0
awesomely_adventurous,1,1,0
away_unaware,1,1,0
away_transparent,1,1,0
awfully_helpful,1,1,0
awfully_ignorant,1,1,0
authentically_roman,1,1,0
awkwardly_small,1,1,0
awkwardly_operatic,1,1,0
awkwardly_nostalgic,1,1,0
awkwardly_low,1,1,0
awkwardly_huge,1,1,0
awkwardly_familiar,1,0,1
awkwardly_cold,1,1,0
awkwardly_chewy,1,1,0
awfully_windy,1,1,0
awfully_wet,1,1,0
awfully_wealthy,1,1,0
awfully_warm,1,1,0
awfully_vocal,1,1,0
awfully_useful,1,1,0
awfully_upsetting,1,1,0
awfully_upset,1,1,0
awfully_unhappy,1,1,0
awfully_tragic,1,1,0
awkwardly_personal,1,1,0
awkwardly_spontaneous,1,1,0
awfully_tired,1,1,0
awkwardly_stiff,1,1,0
back_generic,1,1,0
back_full,1,1,0
back_free,1,1,0
back_east,1,1,0
back_due,1,1,0
back_defensive,1,1,0
back_deep,1,1,0
back_compatible,1,1,0
back_bitter,1,1,0
back_better,1,1,0
back_available,1,1,0
back_alive,1,1,0
awkwardly_wide,1,1,0
awkwardly_vibrant,1,1,0
awkwardly_top,1,1,0
awkwardly_tiny,1,1,0
awkwardly_tall,1,1,0
awfully_tough,1,1,0
awfully_thick,1,1,0
awfully_impoverished,1,1,0
awfully_political,1,1,0
awfully_patronizing,1,1,0
awfully_old-fashioned,1,1,0
awfully_offensive,1,1,0
awfully_odd,1,1,0
awfully_noticeable,1,1,0
awfully_new,1,0,1
awfully_necessary,1,1,0
awfully_myopic,1,1,0
awfully_mobile,1,1,0
awfully_mean,1,1,0
awfully_low,1,1,0
awfully_lovely,1,1,0
awfully_logical,1,1,0
awfully_likely,1,1,0
awfully_judgmental,1,1,0
awfully_ironic,1,1,0
awfully_impressed,1,1,0
awfully_poetic,1,1,0
awfully_powerful,1,1,0
awfully_tempted,1,1,0
awfully_proud,1,1,0
awfully_suspect,1,1,0
awfully_strong,1,1,0
awfully_strange,1,0,1
awfully_straightforward,1,1,0
awfully_stingy,1,1,0
awfully_square,1,1,0
awfully_special,1,0,1
awfully_sorry,1,1,0
awfully_slender,1,1,0
awfully_sick,1,1,0
awfully_shoddy,1,1,0
awfully_sexy,1,1,0
awfully_scary,1,1,0
awfully_satisfying,1,1,0
awfully_sad,1,1,0
awfully_romantic,1,1,0
awfully_restrictive,1,1,0
automatically_unethical,1,1,0
automatically_ugly,1,1,0
automatically_transportable,1,1,0
automatically_effeminate,1,1,0
automatically_due,1,1,0
automatically_double,1,1,0
automatically_dominant,1,1,0
automatically_docile,1,1,0
automatically_dishonest,1,1,0
automatically_disgusting,1,1,0
automatically_discernible,1,1,0
automatically_disappointing,1,1,0
automatically_detrimental,1,1,0
automatically_desirable,1,1,0
automatically_deserving,1,1,0
automatically_demeaning,1,1,0
automatically_delightful,1,1,0
automatically_deferential,1,1,0
automatically_defamatory,1,1,0
automatically_debilitating,1,1,0
automatically_cynical,1,1,0
automatically_edifying,1,1,0
automatically_elitist,1,0,1
automatically_cruel,1,1,0
automatically_erotic,1,1,0
automatically_grand,1,1,0
automatically_gluten-free,1,1,0
automatically_german,1,1,0
automatically_genuine,1,1,0
automatically_generous,1,1,0
automatically_gay,1,1,0
automatically_fresher,1,1,0
automatically_finest,1,1,0
automatically_feminist,1,1,0
automatically_fearful,1,1,0
automatically_fatal,1,1,0
automatically_faster,1,1,0
automatically_expensive,1,1,0
automatically_excited,1,1,0
automatically_excessive,1,1,0
automatically_evident,1,1,0
automatically_ethical,1,1,0
automatically_culpable,1,1,0
automatically_critical,1,1,0
automatically_transparent,1,1,0
automatically_averse,1,1,0
automatically_auspicious,1,1,0
automatically_attractive,1,1,0
automatically_appropriate,1,1,0
automatically_appealing,1,1,0
automatically_anti-israel,1,1,0
automatically_anonymous,1,1,0
automatically_amenable,1,1,0
automatically_african,1,1,0
automatically_afraid,1,1,0
automatically_admissible,1,1,0
automatically_admirable,1,1,0
automatically_acceptable,1,1,0
authentically_whole,1,1,0
authentically_spiritual,1,0,1
authentically_spanish,1,1,0
authentically_seasonal,1,1,0
authentically_scottish,1,0,1
automatically_authentic,1,1,0
automatically_aware,1,1,0
automatically_credible,1,1,0
automatically_bankrupt,1,1,0
automatically_corrupt,1,1,0
automatically_cool,1,1,0
automatically_controversial,1,1,0
automatically_constructive,1,1,0
automatically_congenial,1,1,0
automatically_conducive,1,1,0
automatically_concerned,1,1,0
automatically_compliant,1,1,0
automatically_complete,1,1,0
automatically_compelling,1,1,0
automatically_comparable,1,1,0
automatically_christian,1,1,0
automatically_cheaper,1,1,0
automatically_cheap,1,1,0
automatically_capable,1,1,0
automatically_brilliant,1,1,0
automatically_best,1,1,0
automatically_greater,1,1,0
automatically_helpful,1,1,0
automatically_hereditary,1,1,0
automatically_satisfied,1,1,0
automatically_revolutionary,1,1,0
automatically_reversible,1,1,0
automatically_respectful,1,1,0
automatically_remote,1,1,0
automatically_reliant,1,1,0
automatically_recognizable,1,1,0
automatically_receptive,1,1,0
automatically_realistic,1,1,0
automatically_real-time,1,1,0
automatically_ready,1,1,0
automatically_proud,1,1,0
automatically_progressive,1,1,0
automatically_profitable,1,1,0
automatically_proficient,1,1,0
automatically_principled,1,1,0
automatically_predisposed,1,1,0
automatically_predictive,1,1,0
automatically_risky,1,1,0
automatically_scary,1,1,0
automatically_higher,1,1,0
automatically_secure,1,1,0
automatically_traceable,1,1,0
automatically_tough,1,1,0
automatically_top,1,1,0
automatically_symptomatic,1,1,0
automatically_sympathetic,1,1,0
automatically_sure,1,1,0
automatically_stupid,1,1,0
automatically_strange,1,0,1
automatically_stodgy,1,1,0
automatically_slow,1,1,0
automatically_skeptical,1,1,0
automatically_simple,1,1,0
automatically_similar,1,1,0
automatically_sharp,1,1,0
automatically_sensitive,1,1,0
automatically_sensible,1,1,0
automatically_selfless,1,1,0
automatically_popular,1,1,0
automatically_pleasant,1,1,0
automatically_pervasive,1,1,0
automatically_pertinent,1,1,0
automatically_legal,1,1,0
automatically_lazy,1,1,0
automatically_lawful,1,1,0
automatically_irreversible,1,1,0
automatically_irrelevant,1,1,0
automatically_irish,1,1,0
automatically_invulnerable,1,1,0
automatically_intimate,1,1,0
automatically_interchangeable,1,1,0
automatically_inconsistent,1,1,0
automatically_incompatible,1,1,0
automatically_inclusive,1,1,0
automatically_impossible,1,1,0
automatically_illegitimate,1,1,0
automatically_identical,1,1,0
automatically_hybrid,1,1,0
automatically_hilarious,1,1,0
automatically_libelous,1,1,0
automatically_lit,1,1,0
automatically_literate,1,1,0
automatically_noble,1,1,0
automatically_payable,1,1,0
automatically_patient,1,1,0
automatically_partisan,1,1,0
automatically_parallel,1,1,0
automatically_offensive,1,1,0
automatically_obscene,1,1,0
automatically_noticeable,1,1,0
automatically_newsworthy,1,1,0
automatically_masculine,1,1,0
automatically_new,1,1,0
automatically_negligent,1,1,0
automatically_necessary,1,1,0
automatically_muslim,1,1,0
automatically_moral,1,1,0
automatically_meaningless,1,1,0
automatically_materialistic,1,1,0
blisteringly_strong,1,1,0
boldly_centrist,1,1,0
boldly_contemptuous,1,1,0
clearly_unaffordable,1,1,0
clearly_transparent,1,1,0
clearly_tired,1,1,0
clearly_tantamount,1,1,0
clearly_tactile,1,1,0
clearly_suspicious,1,1,0
clearly_suspect,1,1,0
clearly_susceptible,1,1,0
clearly_sure,1,1,0
clearly_suicidal,1,1,0
clearly_stupid,1,1,0
clearly_specific,1,1,0
clearly_special,1,1,0
clearly_sinful,1,1,0
clearly_sexual,1,1,0
clearly_selfless,1,1,0
clearly_self-evident,1,1,0
clearly_seductive,1,1,0
clearly_unable,1,1,0
clearly_undemocratic,1,1,0
clearly_sectarian,1,1,0
clearly_uneasy,1,1,0
cleverly_bent,1,1,0
clearly_yellow,1,1,0
clearly_worthy,1,1,0
clearly_worried,1,1,0
clearly_white,1,1,0
clearly_vivid,1,1,0
clearly_viable,1,1,0
clearly_utilitarian,1,1,0
clearly_unwanted,1,1,0
clearly_unsustainable,1,1,0
clearly_unsafe,1,1,0
clearly_unrealistic,1,1,0
clearly_unprepared,1,1,0
clearly_unnecessary,1,1,0
clearly_unhinged,1,1,0
clearly_unhealthy,1,1,0
clearly_unfounded,1,1,0
clearly_secular,1,1,0
clearly_scientific,1,1,0
clinically_acceptable,1,1,0
clearly_permissible,1,1,0
clearly_outspoken,1,1,0
clearly_organic,1,1,0
clearly_offensive,1,1,0
clearly_objectionable,1,1,0
clearly_nonsensical,1,1,0
clearly_noble,1,1,0
clearly_native,1,1,0
clearly_nationalist,1,1,0
clearly_naked,1,1,0
clearly_monetary,1,1,0
clearly_misleading,1,1,0
clearly_miraculous,1,1,0
clearly_mental,1,1,0
clearly_measurable,1,1,0
clearly_meaningful,1,1,0
clearly_masculine,1,1,0
clearly_manifest,1,1,0
clearly_perceptive,1,1,0
clearly_pertinent,1,1,0
clearly_ridiculous,1,1,0
clearly_physical,1,1,0
clearly_restrictive,1,1,0
clearly_responsive,1,1,0
clearly_responsible,1,1,0
clearly_quantifiable,1,1,0
clearly_purple,1,1,0
clearly_public,1,1,0
clearly_psychotic,1,1,0
clearly_proficient,1,1,0
clearly_pro-choice,1,1,0
clearly_pro,1,1,0
clearly_previous,1,1,0
clearly_prescriptive,1,1,0
clearly_premature,1,1,0
clearly_pregnant,1,1,0
clearly_preferable,1,1,0
clearly_predominant,1,1,0
clearly_predictable,1,1,0
cleverly_subversive,1,1,0
clinically_accessible,1,1,0
cognitively_strong,1,1,0
cognitively_active,1,1,0
closely_true,1,1,0
closely_synonymous,1,1,0
closely_similar,1,1,0
closely_ready,1,1,0
closely_parallel,1,1,0
closely_operational,1,1,0
closely_knit,1,1,0
closely_indicative,1,1,0
closely_focused,1,1,0
closely_equivalent,1,1,0
closely_equal,1,1,0
closely_analogous,1,1,0
clinically_worse,1,1,0
clinically_wonderful,1,1,0
clinically_widespread,1,1,0
clinically_valuable,1,1,0
clinically_urgent,1,1,0
cognitively_accessible,1,1,0
cognitively_alert,1,1,0
clinically_superior,1,1,0
cognitively_appropriate,1,1,0
cognitively_similar,1,1,0
cognitively_sharp,1,1,0
cognitively_present,1,1,0
cognitively_plausible,1,1,0
cognitively_observable,1,1,0
cognitively_neutral,1,1,0
cognitively_meaningful,1,1,0
cognitively_healthy,1,1,0
cognitively_harmful,1,1,0
cognitively_good,1,1,0
cognitively_functional,1,1,0
cognitively_distinct,1,1,0
cognitively_disadvantaged,1,1,0
cognitively_difficult,1,1,0
cognitively_complicated,1,0,1
cognitively_competent,1,1,0
cognitively_awake,1,1,0
clinically_underweight,1,1,0
clinically_stupid,1,1,0
clinically_actionable,1,1,0
clinically_inappropriate,1,1,0
clinically_high,1,1,0
clinically_flawless,1,1,0
clinically_distinct,1,1,0
clinically_different,1,1,0
clinically_detailed,1,1,0
clinically_dependent,1,1,0
clinically_delusional,1,1,0
clinically_dark,1,1,0
clinically_crazy,1,1,0
clinically_consequential,1,1,0
clinically_complex,1,1,0
clinically_competitive,1,1,0
clinically_clean,1,1,0
clinically_capable,1,1,0
clinically_bothersome,1,1,0
clinically_better,1,1,0
clinically_aware,1,1,0
clinically_identical,1,1,0
clinically_informative,1,1,0
clinically_strange,1,0,1
clinically_justifiable,1,1,0
clinically_stable,1,1,0
clinically_specific,1,1,0
clinically_sound,1,1,0
clinically_sharp,1,1,0
clinically_serious,1,1,0
clinically_safer,1,1,0
clinically_sad,1,1,0
clinically_relatable,1,1,0
clinically_recognizable,1,1,0
clinically_pure,1,1,0
clinically_proper,1,1,0
clinically_practical,1,1,0
clinically_optimal,1,1,0
clinically_noticeable,1,1,0
clinically_noteworthy,1,1,0
clinically_manifest,1,1,0
clinically_low,1,1,0
clearly_lucky,1,1,0
clearly_lower,1,1,0
clearly_light,1,1,0
clearly_accountable,1,1,0
clearly_accessible,1,1,0
clearly_absent,1,1,0
clearly_abnormal,1,1,0
classically_villainous,1,1,0
classically_trained,1,1,0
classically_traditional,1,1,0
classically_stylish,1,0,1
classically_strong,1,1,0
classically_social,1,1,0
classically_sexy,1,1,0
classically_romantic,1,0,1
classically_realistic,1,1,0
classically_provocative,1,1,0
classically_progressive,1,1,0
classically_pretty,1,1,0
classically_precise,1,1,0
classically_possible,1,1,0
clearly_accidental,1,1,0
clearly_active,1,1,0
classically_partisan,1,1,0
clearly_acute,1,1,0
clearly_bothersome,1,1,0
clearly_blue,1,1,0
clearly_beautiful,1,1,0
clearly_bad,1,0,1
clearly_awful,1,1,0
clearly_awesome,1,1,0
clearly_autobiographical,1,1,0
clearly_attainable,1,1,0
clearly_athletic,1,1,0
clearly_asleep,1,1,0
clearly_articulate,1,1,0
clearly_arbitrary,1,1,0
clearly_answerable,1,1,0
clearly_alive,1,1,0
clearly_advantageous,1,1,0
clearly_admissible,1,1,0
clearly_adept,1,1,0
classically_picturesque,1,1,0
classically_natural,1,1,0
clearly_liberal,1,1,0
classically_chic,1,1,0
classically_big,1,1,0
classically_arrogant,1,1,0
classically_appealing,1,1,0
classically_agile,1,1,0
classically_academic,1,1,0
chronically_weak,1,1,0
chronically_unpopular,1,1,0
chronically_underfunded,1,1,0
chronically_undecided,1,1,0
chronically_tired,1,1,0
chronically_superficial,1,1,0
chronically_stupid,1,1,0
chronically_sleepy,1,1,0
chronically_related,1,1,0
chronically_myopic,1,1,0
chronically_messy,1,1,0
chronically_insecure,1,1,0
classically_brilliant,1,1,0
classically_coastal,1,1,0
classically_likable,1,1,0
classically_comic,1,0,1
classically_irish,1,1,0
classically_horrid,1,1,0
classically_healthy,1,1,0
classically_good-looking,1,1,0
classically_functional,1,1,0
classically_fun,1,1,0
classically_french,1,1,0
classically_feminine,1,1,0
classically_fashionable,1,1,0
classically_engaging,1,1,0
classically_empathetic,1,1,0
classically_eloquent,1,1,0
classically_data-driven,1,1,0
classically_dangerous,1,1,0
classically_cute,1,1,0
classically_critical,1,1,0
classically_compelling,1,1,0
clearly_brighter,1,1,0
clearly_brilliant,1,1,0
clearly_brown,1,1,0
clearly_important,1,1,0
clearly_immature,1,1,0
clearly_illiterate,1,1,0
clearly_human,1,1,0
clearly_heroic,1,1,0
clearly_heretical,1,1,0
clearly_genuine,1,1,0
clearly_genetic,1,1,0
clearly_funny,1,1,0
clearly_forward,1,1,0
clearly_forthcoming,1,1,0
clearly_focused,1,1,0
clearly_feminine,1,1,0
clearly_fatigued,1,1,0
clearly_fantastical,1,1,0
clearly_fair,1,1,0
clearly_expressive,1,1,0
clearly_exempt,1,1,0
clearly_implausible,1,1,0
clearly_impressed,1,1,0
clearly_buddhist,1,1,0
clearly_improbable,1,1,0
clearly_lethargic,1,1,0
clearly_less,1,1,0
clearly_justified,1,1,0
clearly_jewish,1,1,0
clearly_irregular,1,0,1
clearly_irrational,1,1,0
clearly_irish,1,1,0
clearly_invalid,1,1,0
clearly_instrumental,1,1,0
clearly_insignificant,1,1,0
clearly_innocent,1,1,0
clearly_injurious,1,1,0
clearly_informed,1,1,0
clearly_independent,1,1,0
clearly_incorrect,1,1,0
clearly_incompetent,1,1,0
clearly_improper,1,1,0
clearly_exclusive,1,1,0
clearly_exciting,1,1,0
clearly_excited,1,1,0
clearly_equivalent,1,1,0
clearly_crazy,1,1,0
clearly_cooler,1,1,0
clearly_convinced,1,1,0
clearly_controversial,1,1,0
clearly_constitutional,1,1,0
clearly_conservative,1,1,0
clearly_connected,1,1,0
clearly_confused,1,1,0
clearly_confident,1,1,0
clearly_conducive,1,1,0
clearly_concerned,1,1,0
clearly_conceptual,1,1,0
clearly_conceivable,1,1,0
clearly_comparable,1,1,0
clearly_coherent,1,1,0
clearly_cancerous,1,1,0
clearly_busy,1,1,0
clearly_dead,1,1,0
clearly_decisive,1,1,0
clearly_definitive,1,1,0
clearly_divine,1,1,0
clearly_eligible,1,1,0
clearly_economic,1,1,0
clearly_easy,1,1,0
clearly_durable,1,1,0
clearly_dogmatic,1,1,0
clearly_divisive,1,1,0
clearly_divisible,1,1,0
clearly_distressed,1,0,1
clearly_deliberate,1,1,0
clearly_disproportionate,1,1,0
clearly_discriminatory,1,1,0
clearly_discrete,1,1,0
clearly_destabilizing,1,1,0
clearly_dependable,1,1,0
clearly_demonstrative,1,1,0
clearly_democratic,1,1,0
cognitively_sound,1,1,0
cognitively_unconscious,1,1,0
boldly_feminist,1,1,0
compellingly_enough,1,1,0
compellingly_bullish,1,1,0
comparatively_worse,1,1,0
comparatively_weak,1,1,0
comparatively_unsatisfying,1,1,0
comparatively_uncontroversial,1,1,0
comparatively_tall,1,1,0
comparatively_smaller,1,1,0
comparatively_simple,1,1,0
comparatively_short,1,1,0
comparatively_sad,1,1,0
comparatively_rich,1,1,0
comparatively_new,1,1,0
comparatively_mild,1,1,0
comparatively_light,1,1,0
comparatively_inferior,1,1,0
comparatively_impressed,1,1,0
comparatively_heavy,1,1,0
compellingly_central,1,1,0
compellingly_fresh,1,1,0
comparatively_fast,1,1,0
compellingly_fun,1,1,0
competitively_employable,1,1,0
competitively_cost-effective,1,1,0
competitively_benign,1,1,0
competitively_aggressive,1,1,0
compellingly_weird,1,1,0
compellingly_watchable,1,1,0
compellingly_sensual,1,1,0
compellingly_revolting,1,0,1
compellingly_positive,1,1,0
compellingly_original,1,1,0
compellingly_ominous,1,1,0
compellingly_odd,1,1,0
compellingly_native,1,1,0
compellingly_monumental,1,1,0
compellingly_low,1,1,0
compellingly_impulsive,1,1,0
compellingly_human,1,1,0
comparatively_great,1,1,0
comparatively_fantastic,1,1,0
competitively_fun,1,1,0
commonly_worth,1,1,0
commonly_well-known,1,1,0
commonly_welcoming,1,1,0
commonly_useful,1,1,0
commonly_usable,1,1,0
commonly_sufficient,1,1,0
commonly_subject,1,1,0
commonly_straightforward,1,1,0
commonly_skilled,1,1,0
commonly_several,1,1,0
commonly_satisfied,1,1,0
commonly_responsive,1,1,0
commonly_responsible,1,1,0
commonly_related,1,1,0
commonly_prone,1,1,0
commonly_open,1,1,0
commonly_obtainable,1,1,0
commonly_noticeable,1,1,0
commonly_widespread,1,1,0
commonly_worthwhile,1,1,0
comparatively_effortless,1,1,0
comparably_chatty,1,1,0
comparatively_effective,1,1,0
comparatively_easy,1,1,0
comparatively_coarse,1,1,0
comparatively_close,1,0,1
comparatively_cheaper,1,1,0
comparatively_certain,1,1,0
comparatively_bored,1,1,0
comparatively_beneficial,1,1,0
comparatively_bad,1,1,0
comparatively_accurate,1,1,0
comparably_successful,1,1,0
comparably_revealing,1,0,1
comparably_interesting,1,0,1
comparably_fine,1,0,1
comparably_disastrous,1,1,0
comparably_convincing,1,1,0
comparably_cheaper,1,1,0
competitively_fast,1,1,0
competitively_healthier,1,1,0
cognitively_visible,1,1,0
completely_blurry,1,1,0
completely_bloodless,1,1,0
completely_bisexual,1,1,0
completely_biological,1,1,0
completely_biased,1,1,0
completely_bankable,1,1,0
completely_balanced,1,1,0
completely_awash,1,1,0
completely_autistic,1,1,0
completely_audacious,1,1,0
completely_asymptomatic,1,1,0
completely_astonishing,1,1,0
completely_assertive,1,1,0
completely_asian,1,1,0
completely_arrogant,1,1,0
completely_armed,1,1,0
completely_archaic,1,1,0
completely_apropos,1,1,0
completely_bloody,1,1,0
completely_bothersome,1,1,0
completely_appealing,1,1,0
completely_brazen,1,1,0
completely_christian,1,1,0
completely_chilling,1,1,0
completely_childlike,1,1,0
completely_chic,1,1,0
completely_chemical,1,1,0
completely_cheerful,1,1,0
completely_chaotic,1,1,0
completely_cause,1,1,0
completely_catholic,1,1,0
completely_busy,1,1,0
completely_businesslike,1,1,0
completely_bullish,1,1,0
completely_bubbly,1,1,0
completely_brutal,1,1,0
completely_brittle,1,1,0
completely_brilliant,1,1,0
completely_bright,1,1,0
completely_approachable,1,1,0
completely_appalling,1,1,0
competitively_paranoid,1,1,0
completely_affordable,1,1,0
completely_adversarial,1,1,0
completely_adult,1,1,0
completely_adept,1,1,0
completely_adamant,1,1,0
completely_acoustic,1,1,0
completely_accustomed,1,1,0
completely_accommodating,1,1,0
completely_academic,1,1,0
completely_abrupt,1,1,0
competitively_superior,1,1,0
competitively_successful,1,1,0
competitively_structured,1,1,0
competitively_sensitive,1,1,0
competitively_ready,1,1,0
competitively_reactive,1,1,0
competitively_priced,1,1,0
competitively_playable,1,1,0
completely_advisable,1,1,0
completely_aged,1,1,0
completely_anxious,1,1,0
completely_aggravating,1,1,0
completely_anti-israel,1,1,0
completely_anti-american,1,1,0
completely_antagonistic,1,1,0
completely_answerable,1,1,0
completely_anomalous,1,1,0
completely_annoyed,1,1,0
completely_anemic,1,1,0
completely_anarchic,1,1,0
completely_ambiguous,1,1,0
completely_amateurish,1,1,0
completely_amateur,1,1,0
completely_alright,1,1,0
completely_alert,1,1,0
completely_aimless,1,1,0
completely_agricultural,1,1,0
completely_agnostic,1,1,0
completely_aghast,1,1,0
commonly_necessary,1,1,0
commonly_mistaken,1,1,0
commonly_life-threatening,1,1,0
comfortably_rich,1,1,0
comfortably_plush,1,1,0
comfortably_normal,1,1,0
comfortably_informal,1,1,0
comfortably_hypothetical,1,1,0
comfortably_funny,1,1,0
comfortably_fluent,1,1,0
comfortably_familiar,1,1,0
comfortably_effective,1,1,0
comfortably_eccentric,1,1,0
comfortably_dry,1,1,0
comfortably_distant,1,1,0
comfortably_different,1,1,0
comfortably_combustible,1,1,0
comfortably_clear,1,1,0
comfortably_bilingual,1,1,0
comfortably_big,1,1,0
comfortably_accessible,1,1,0
comfortably_present,1,1,0
comfortably_roomy,1,1,0
collectively_wrong,1,1,0
comfortably_sleepy,1,1,0
comically_obsessed,1,1,0
comically_inert,1,1,0
comically_incompetent,1,1,0
comically_inaccurate,1,1,0
comically_high,1,1,0
comically_grotesque,1,1,0
comically_frustrated,1,1,0
comically_enjoyable,1,1,0
comically_disproportionate,1,1,0
comically_desperate,1,1,0
comically_crude,1,1,0
comically_cosmic,1,1,0
comically_awkward,1,1,0
comfortably_user-friendly,1,1,0
comfortably_unconscious,1,1,0
comfortably_traditional,1,1,0
comfortably_stout,1,1,0
comfortably_able,1,1,0
collectively_tough,1,1,0
commonly_incidental,1,1,0
collectively_advantageous,1,1,0
coldly_serious,1,1,0
coldly_realistic,1,1,0
coldly_procedural,1,1,0
coldly_precise,1,1,0
coldly_obsessive,1,1,0
coldly_objective,1,1,0
coldly_minimalist,1,1,0
coldly_mechanical,1,1,0
coldly_intellectual,1,1,0
coldly_futuristic,1,1,0
coldly_flawless,1,1,0
coldly_efficient,1,1,0
coldly_distant,1,1,0
coldly_dismissive,1,1,0
coldly_clinical,1,1,0
coldly_analytical,1,1,0
coldly_aloof,1,1,0
coldly_spiritual,1,1,0
collectively_available,1,1,0
collectively_tolerant,1,1,0
collectively_brilliant,1,1,0
collectively_sympathetic,1,1,0
collectively_suicidal,1,1,0
collectively_successful,1,1,0
collectively_strong,1,1,0
collectively_satisfying,1,1,0
collectively_repetitive,1,1,0
collectively_rational,1,1,0
collectively_powerful,1,1,0
collectively_optimistic,1,1,0
collectively_insane,1,1,0
collectively_harmonious,1,1,0
collectively_golden,1,1,0
collectively_faster,1,1,0
collectively_dumb,1,1,0
collectively_depressed,1,1,0
collectively_conscious,1,1,0
collectively_comprehensive,1,1,0
comically_obvious,1,1,0
comically_opportunistic,1,1,0
comically_overblown,1,1,0
commonly_attainable,1,1,0
commonly_affordable,1,1,0
commonly_advisable,1,1,0
commonly_adequate,1,1,0
commonly_achievable,1,1,0
commercially_wonderful,1,1,0
commercially_wise,1,1,0
commercially_vital,1,1,0
commercially_unprofitable,1,1,0
commercially_tenable,1,1,0
commercially_suicidal,1,1,0
commercially_stupid,1,1,0
commercially_sensible,1,1,0
commercially_realistic,1,1,0
commercially_prophetic,1,1,0
commercially_prolific,1,1,0
commercially_powerful,1,1,0
commercially_potent,1,1,0
commonly_apparent,1,1,0
commonly_close,1,1,0
comically_plump,1,1,0
commonly_clunky,1,1,0
commonly_immediate,1,1,0
commonly_healthy,1,1,0
commonly_gentle,1,1,0
commonly_fit,1,1,0
commonly_famous,1,1,0
commonly_exclusive,1,1,0
commonly_excellent,1,1,0
commonly_evident,1,1,0
commonly_easy,1,1,0
commonly_doable,1,1,0
commonly_detailed,1,1,0
commonly_deficient,1,1,0
commonly_deaf,1,1,0
commonly_confused,1,1,0
commonly_conceivable,1,1,0
commonly_comprehensible,1,1,0
commonly_combustible,1,1,0
commercially_oriented,1,1,0
commercially_open,1,1,0
commercially_odd,1,0,1
commercially_obvious,1,1,0
commercially_appealing,1,1,0
commercially_angled,1,1,0
commercially_affordable,1,1,0
commercially_affluent,1,1,0
commercially_aesthetic,1,1,0
commercially_advisable,1,1,0
commercially_advantageous,1,1,0
commercially_active,1,1,0
commercially_achievable,1,1,0
commercially_absurd,1,1,0
comically_transparent,1,1,0
comically_theatrical,1,1,0
comically_smart,1,0,1
comically_short,1,1,0
comically_rife,1,1,0
comically_ridiculous,1,1,0
comically_redundant,1,0,1
commercially_attainable,1,1,0
commercially_aware,1,1,0
commercially_broad,1,1,0
commercially_inclined,1,1,0
commercially_obtainable,1,1,0
commercially_lucrative,1,1,0
commercially_liable,1,1,0
commercially_legal,1,1,0
commercially_justified,1,1,0
commercially_justifiable,1,1,0
commercially_inferior,1,1,0
commercially_improbable,1,1,0
commercially_commonplace,1,1,0
commercially_huge,1,1,0
commercially_functional,1,1,0
commercially_flagrant,1,1,0
commercially_extinct,1,1,0
commercially_efficient,1,1,0
commercially_damaging,1,1,0
commercially_correct,1,1,0
chronically_hungry,1,1,0
chronically_happy,1,1,0
chronically_frustrating,1,1,0
breathtakingly_fluent,1,1,0
breathtakingly_exciting,1,1,0
breathtakingly_dramatic,1,1,0
breathtakingly_detailed,1,1,0
breathtakingly_dangerous,1,1,0
breathtakingly_cute,1,1,0
breathtakingly_creative,1,1,0
breathtakingly_compelling,1,1,0
breathtakingly_captivating,1,1,0
breathtakingly_awful,1,1,0
breathtakingly_apparent,1,1,0
brazenly_visible,1,1,0
brazenly_upfront,1,1,0
brazenly_straightforward,1,1,0
brazenly_sleazy,1,1,0
brazenly_sexist,1,1,0
brazenly_novel,1,1,0
brazenly_new,1,0,1
breathtakingly_fabulous,1,1,0
breathtakingly_fresh,1,1,0
brazenly_immoral,1,1,0
breathtakingly_good,1,1,0
brilliantly_able,1,1,0
brightly_satisfying,1,1,0
brightly_new,1,1,0
briefly_superior,1,1,0
breathtakingly_smart,1,1,0
breathtakingly_simplistic,1,1,0
breathtakingly_sensational,1,1,0
breathtakingly_scenic,1,1,0
breathtakingly_robust,1,1,0
breathtakingly_majestic,1,1,0
breathtakingly_large,1,1,0
breathtakingly_innovative,1,1,0
breathtakingly_impressive,1,1,0
breathtakingly_impactful,1,1,0
breathtakingly_high,1,1,0
breathtakingly_handsome,1,1,0
breathtakingly_gorgeous,1,1,0
brazenly_liberal,1,1,0
brazenly_hypocritical,1,1,0
brilliantly_amazing,1,1,0
bracingly_acidic,1,1,0
both_worthwhile,1,1,0
both_wiser,1,1,0
both_willing,1,1,0
both_wet,1,1,0
both_weak,1,1,0
both_voluntary,1,1,0
both_visible,1,1,0
both_venomous,1,1,0
both_useful,1,1,0
both_upset,1,1,0
both_upright,1,1,0
both_untrue,1,1,0
both_unprofessional,1,1,0
both_unnecessary,1,1,0
both_unmarried,1,1,0
both_universal,1,1,0
both_underfunded,1,1,0
both_zero,1,1,0
bracingly_bitter,1,1,0
brazenly_honest,1,1,0
bracingly_cold,1,1,0
brazenly_defiant,1,1,0
brazenly_authentic,1,1,0
brazenly_arrogant,1,1,0
brand_worthy,1,1,0
brand_wary,1,1,0
brand_savvy,1,1,0
brand_reliant,1,1,0
brand_pushy,1,1,0
brand_exclusive,1,1,0
brand_excellent,1,1,0
brand_damaging,1,1,0
brand_crazy,1,1,0
bracingly_vibrant,1,1,0
bracingly_tart,1,1,0
bracingly_sour,1,1,0
bracingly_new,1,1,0
bracingly_intricate,1,1,0
brilliantly_accurate,1,1,0
brilliantly_angled,1,1,0
chronically_dry,1,1,0
broadly_necessary,1,1,0
broadly_interesting,1,1,0
broadly_inspiring,1,1,0
broadly_influential,1,0,1
broadly_incorrect,1,1,0
broadly_helpful,1,1,0
broadly_harmful,1,1,0
broadly_free,1,1,0
broadly_flexible,1,1,0
broadly_feasible,1,1,0
broadly_familiar,1,1,0
broadly_equivalent,1,1,0
broadly_encouraging,1,0,1
broadly_disruptive,1,1,0
broadly_different,1,1,0
broadly_consistent,1,1,0
broadly_consequential,1,1,0
broadly_conducive,1,1,0
broadly_meaningful,1,1,0
broadly_negative,1,1,0
broadly_compatible,1,1,0
broadly_obtainable,1,1,0
brutally_authoritarian,1,1,0
brutally_amusing,1,1,0
brutally_accurate,1,1,0
brutally_able,1,1,0
broadly_useful,1,1,0
broadly_uncontrollable,1,1,0
broadly_thematic,1,1,0
broadly_sympathetic,1,1,0
broadly_successful,1,1,0
broadly_skilled,1,1,0
broadly_similar,1,1,0
broadly_present,1,1,0
broadly_practical,1,1,0
broadly_possible,1,1,0
broadly_positive,1,1,0
broadly_persuasive,1,1,0
broadly_optimal,1,1,0
broadly_concerned,1,1,0
broadly_comic,1,1,0
brilliantly_authentic,1,1,0
brilliantly_obvious,1,1,0
brilliantly_ludicrous,1,1,0
brilliantly_intellectual,1,1,0
brilliantly_helpful,1,1,0
brilliantly_handsome,1,1,0
brilliantly_gorgeous,1,1,0
brilliantly_entertaining,1,1,0
brilliantly_eloquent,1,1,0
brilliantly_easy,1,1,0
brilliantly_dynamic,1,1,0
brilliantly_diplomatic,1,1,0
brilliantly_crystal,1,1,0
brilliantly_cool,1,1,0
brilliantly_colorful,1,1,0
brilliantly_clearer,1,1,0
brilliantly_clear,1,1,0
brilliantly_bright,1,1,0
brilliantly_beautiful,1,1,0
brilliantly_nuanced,1,1,0
brilliantly_qualified,1,1,0
broadly_broadcast,1,1,0
brilliantly_safe,1,1,0
broadly_bipartisan,1,1,0
broadly_beneficial,1,1,0
broadly_awful,1,1,0
broadly_american,1,1,0
broadly_admired,1,1,0
broadly_active,1,1,0
brilliantly_white,1,1,0
brilliantly_violent,1,1,0
brilliantly_unique,1,1,0
brilliantly_unified,1,1,0
brilliantly_unconventional,1,1,0
brilliantly_talented,1,1,0
brilliantly_succinct,1,1,0
brilliantly_stupid,1,1,0
brilliantly_strong,1,1,0
brilliantly_sincere,1,1,0
brilliantly_sharp,1,1,0
both_uncertain,1,1,0
both_unavailable,1,1,0
both_unable,1,1,0
both_drunk,1,1,0
both_divisible,1,1,0
both_divine,1,1,0
both_different,1,1,0
both_delicious,1,1,0
both_dapper,1,1,0
both_dangerous,1,1,0
both_crappy,1,1,0
both_conservative,1,1,0
both_compliant,1,1,0
both_compassionate,1,1,0
both_chinese,1,1,0
both_chic,1,1,0
both_cheap,1,1,0
both_caucasian,1,1,0
both_careful,1,1,0
both_capable,1,1,0
both_blue,1,1,0
both_dreadful,1,1,0
both_eager,1,1,0
both_awkward,1,1,0
both_efficient,1,1,0
both_functional,1,1,0
both_fun,1,1,0
both_full,1,1,0
both_french,1,1,0
both_flexible,1,1,0
both_flat,1,1,0
both_female,1,1,0
both_faster,1,1,0
both_fascinating,1,1,0
both_faithful,1,1,0
both_exploitative,1,1,0
both_expensive,1,1,0
both_exciting,1,1,0
both_entertaining,1,1,0
both_enormous,1,1,0
both_enjoyable,1,1,0
both_eligible,1,1,0
both_better,1,1,0
both_automatic,1,1,0
both_tired,1,1,0
borderline_inexplicable,1,1,0
borderline_heretical,1,1,0
borderline_frustrating,1,1,0
borderline_delusional,1,1,0
borderline_creepy,1,0,1
borderline_catastrophic,1,1,0
bone_stupid,1,1,0
bone_pale,1,1,0
boldly_visible,1,1,0
boldly_stupid,1,1,0
boldly_present,1,1,0
boldly_original,1,1,0
boldly_offensive,1,1,0
boldly_liberal,1,1,0
boldly_innovative,1,1,0
boldly_imaginative,1,1,0
boldly_idiosyncratic,1,1,0
boldly_honest,1,1,0
borderline_incompetent,1,1,0
borderline_misogynistic,1,1,0
both_attractive,1,1,0
borderline_obsessed,1,1,0
both_asleep,1,1,0
both_asian,1,1,0
both_articulate,1,1,0
both_anti-semitic,1,1,0
both_annoying,1,1,0
both_amazing,1,1,0
both_afraid,1,1,0
both_adamant,1,1,0
both_accurate,1,1,0
both_absent,1,1,0
borderline_viable,1,1,0
borderline_unhealthy,1,1,0
borderline_unbelievable,1,1,0
borderline_suicidal,1,1,0
borderline_retarded,1,1,0
borderline_pornographic,1,1,0
borderline_pathetic,1,1,0
both_generic,1,1,0
both_generous,1,1,0
both_greater,1,1,0
both_similar,1,1,0
both_shocked,1,1,0
both_sexist,1,1,0
both_scared,1,1,0
both_satisfying,1,1,0
both_satisfied,1,1,0
both_riveting,1,1,0
both_related,1,1,0
both_red,1,1,0
both_rebellious,1,1,0
both_reasonable,1,1,0
both_qualified,1,1,0
both_prone,1,1,0
both_prominent,1,1,0
both_profitable,1,1,0
both_preventable,1,1,0
both_practicable,1,1,0
both_pornographic,1,1,0
both_silent,1,1,0
both_simple,1,1,0
both_guilty,1,1,0
both_single,1,1,0
both_timely,1,1,0
both_tighter,1,1,0
both_thrilled,1,1,0
both_tasty,1,1,0
both_surprised,1,1,0
both_superior,1,1,0
both_super,1,1,0
both_suitable,1,1,0
both_subtle,1,1,0
both_substantive,1,1,0
both_stylish,1,1,0
both_stupid,1,1,0
both_strong,1,1,0
both_stable,1,1,0
both_spectacular,1,1,0
both_smart,1,1,0
both_small,1,1,0
both_pointless,1,1,0
both_pleasant,1,1,0
both_passionate,1,1,0
both_partisan,1,1,0
both_legal,1,1,0
both_larger,1,1,0
both_jarring,1,1,0
both_irrelevant,1,1,0
both_involved,1,1,0
both_interesting,1,1,0
both_intelligent,1,1,0
both_inexpensive,1,1,0
both_inept,1,1,0
both_incorrect,1,1,0
both_hungry,1,1,0
both_hopeful,1,1,0
both_honest,1,1,0
both_hip,1,1,0
both_hilarious,1,1,0
both_heterosexual,1,1,0
both_helpful,1,1,0
both_legitimate,1,1,0
both_lethal,1,1,0
both_likely,1,1,0
both_muslim,1,1,0
both_overcome,1,1,0
both_online,1,1,0
both_offensive,1,1,0
both_obtainable,1,1,0
both_noble,1,1,0
both_nice,1,1,0
both_narrow,1,1,0
both_mortal,1,1,0
both_lovely,1,1,0
both_more,1,1,0
both_mobile,1,1,0
both_minimalist,1,1,0
both_meticulous,1,1,0
both_mean,1,1,0
both_malicious,1,1,0
both_luxurious,1,1,0
brutally_awful,1,1,0
brutally_bad,1,1,0
brutally_bloody,1,1,0
certifiably_free,1,1,0
certifiably_blind,1,1,0
certifiably_biodegradable,1,1,0
certainly_wrong,1,1,0
certainly_worth,1,1,0
certainly_worse,1,0,1
certainly_wiser,1,0,1
certainly_willing,1,1,0
certainly_unwelcome,1,1,0
certainly_unsafe,1,1,0
certainly_unique,1,1,0
certainly_unfortunate,1,1,0
certainly_uncommon,1,1,0
certainly_ugly,1,1,0
certainly_typical,1,1,0
certainly_thin,1,1,0
certainly_tentative,1,0,1
certainly_sure,1,1,0
certifiably_fake,1,1,0
certifiably_gorgeous,1,1,0
certainly_sufficient,1,0,1
certifiably_mad,1,1,0
characteristically_french,1,1,0
characteristically_empty,1,1,0
characteristically_difficult,1,1,0
characteristically_deadly,1,1,0
characteristically_confrontational,1,1,0
characteristically_caucasian,1,1,0
characteristically_black,1,1,0
characteristically_beautiful,1,1,0
characteristically_appealing,1,1,0
characteristically_amateurish,1,1,0
certifiably_white,1,1,0
certifiably_wealthy,1,1,0
certifiably_secure,1,1,0
certifiably_profitable,1,1,0
certifiably_organic,1,1,0
certifiably_old,1,1,0
certifiably_official,1,1,0
certainly_suggestive,1,0,1
certainly_spurious,1,1,0
certainly_helpful,1,1,0
certainly_more,1,1,0
certainly_mandatory,1,1,0
certainly_lower,1,1,0
certainly_long-term,1,1,0
certainly_legendary,1,1,0
certainly_least,1,1,0
certainly_knowledgeable,1,1,0
certainly_intentional,1,1,0
certainly_inspiring,1,0,1
certainly_innocent,1,1,0
certainly_inflammatory,1,1,0
certainly_incorrect,1,1,0
certainly_inappropriate,1,1,0
certainly_inaccessible,1,1,0
certainly_important,1,1,0
certainly_identical,1,1,0
certainly_ideal,1,1,0
certainly_hopeful,1,1,0
certainly_moral,1,1,0
certainly_most,1,1,0
certainly_spry,1,1,0
certainly_new,1,1,0
certainly_spectacular,1,1,0
certainly_skeptical,1,1,0
certainly_significant,1,1,0
certainly_right,1,1,0
certainly_responsible,1,1,0
certainly_relevant,1,1,0
certainly_relative,1,1,0
certainly_reactive,1,1,0
certainly_rare,1,1,0
certainly_probable,1,1,0
certainly_predictable,1,0,1
certainly_precise,1,1,0
certainly_pink,1,1,0
certainly_petty,1,1,0
certainly_outrageous,1,1,0
certainly_open,1,1,0
certainly_nice,1,0,1
characteristically_italian,1,0,1
characteristically_light,1,1,0
characteristically_mathematical,1,1,0
chemically_unstable,1,1,0
chemically_strong,1,1,0
chemically_stable,1,1,0
chemically_sound,1,1,0
chemically_simple,1,1,0
chemically_secure,1,1,0
chemically_scary,1,1,0
chemically_rubbish,1,1,0
chemically_responsive,1,1,0
chemically_removable,1,1,0
chemically_psychotic,1,1,0
chemically_problematic,1,1,0
chemically_present,1,1,0
chemically_poisonous,1,1,0
chemically_neutral,1,1,0
chemically_invasive,1,1,0
chemically_inert,1,1,0
chemically_important,1,1,0
chemically_uniform,1,1,0
chemically_wrong,1,0,1
characteristically_middle,1,1,0
chiefly_altruistic,1,1,0
chronically_bothersome,1,1,0
chronically_adverse,1,1,0
chillingly_vindictive,1,1,0
chillingly_scary,1,1,0
chillingly_satisfying,1,1,0
chillingly_professional,1,1,0
chillingly_cold,1,1,0
chillingly_beautiful,1,1,0
chiefly_scottish,1,1,0
chiefly_ornamental,1,1,0
chiefly_international,1,1,0
chiefly_ideological,1,1,0
chiefly_idealistic,1,1,0
chiefly_hazardous,1,1,0
chiefly_decorative,1,1,0
chiefly_constructive,1,1,0
chiefly_british,1,1,0
chemically_imbalanced,1,1,0
chemically_harmful,1,1,0
chemically_divisible,1,1,0
chemically_depressed,1,1,0
charmingly_horrible,1,1,0
charmingly_goofy,1,1,0
charmingly_gaudy,1,1,0
charmingly_exotic,1,1,0
charmingly_cheesy,1,1,0
charmingly_amoral,1,1,0
charmingly_aloof,1,1,0
characteristically_timid,1,1,0
characteristically_similar,1,1,0
characteristically_residential,1,1,0
characteristically_representative,1,1,0
characteristically_reliable,1,1,0
characteristically_prophetic,1,1,0
characteristically_possessive,1,1,0
characteristically_pleasing,1,1,0
characteristically_painful,1,1,0
characteristically_obtuse,1,1,0
charmingly_incoherent,1,1,0
charmingly_irish,1,1,0
charmingly_off-kilter,1,1,0
cheerfully_compliant,1,1,0
chemically_damaged,1,1,0
chemically_complicated,1,1,0
chemically_compatible,1,1,0
chemically_addicting,1,1,0
chemically_accurate,1,1,0
cheerfully_sociable,1,1,0
cheerfully_pragmatic,1,1,0
cheerfully_campy,1,1,0
charmingly_passe,1,1,0
cheerfully_anxious,1,1,0
charmingly_weird,1,1,0
charmingly_simple,1,1,0
charmingly_ridiculous,1,1,0
charmingly_retro,1,1,0
charmingly_psychotic,1,1,0
charmingly_peaceful,1,1,0
certainly_high,1,1,0
certainly_harmful,1,1,0
brutally_blunt,1,1,0
casually_critical,1,1,0
casually_cheap,1,1,0
casually_charming,1,1,0
casually_casual,1,0,1
casually_bad,1,1,0
casually_antagonistic,1,1,0
carefully_valid,1,1,0
carefully_supervised,1,0,1
carefully_related,1,1,0
carefully_qualified,1,1,0
carefully_other,1,1,0
carefully_orchestrated,1,1,0
carefully_nuanced,1,1,0
carefully_moderate,1,1,0
carefully_indicative,1,1,0
carefully_deliberate,1,1,0
carefully_concerned,1,1,0
carefully_concentrated,1,1,0
casually_confused,1,1,0
casually_cruel,1,1,0
carefully_balanced,1,1,0
casually_demeaning,1,1,0
catastrophically_awful,1,1,0
casually_short,1,1,0
casually_sharp,1,1,0
casually_sexist,1,1,0
casually_rough,1,1,0
casually_misogynistic,1,1,0
casually_late,1,1,0
casually_joyful,1,1,0
casually_insulting,1,1,0
casually_honest,1,1,0
casually_happy,1,1,0
casually_friendly,1,1,0
casually_familiar,1,1,0
casually_erudite,1,1,0
casually_effective,1,1,0
casually_dry,1,1,0
casually_dependent,1,1,0
carefully_comparable,1,1,0
brutally_truthful,1,1,0
certainly_hard,1,1,0
brutally_judgmental,1,1,0
brutally_individualistic,1,1,0
brutally_hilarious,1,1,0
brutally_harsh,1,1,0
brutally_hardcore,1,1,0
brutally_hard,1,1,0
brutally_frigid,1,1,0
brutally_evident,1,1,0
brutally_effective,1,1,0
brutally_dour,1,1,0
brutally_destructive,1,1,0
brutally_depressing,1,1,0
brutally_dark,1,1,0
brutally_cynical,1,1,0
brutally_critical,1,1,0
brutally_conclusive,1,1,0
brutally_competent,1,1,0
brutally_challenging,1,1,0
brutally_inhumane,1,1,0
brutally_legible,1,1,0
brutally_transactional,1,1,0
brutally_loud,1,1,0
brutally_tragic,1,1,0
brutally_tough,1,1,0
brutally_terrible,1,1,0
brutally_strategic,1,1,0
brutally_straightforward,1,1,0
brutally_spicy,1,1,0
brutally_soft,1,1,0
brutally_shocking,1,1,0
brutally_selfish,1,1,0
brutally_sad,1,1,0
brutally_rude,1,1,0
brutally_realistic,1,1,0
brutally_quick,1,1,0
brutally_powerful,1,1,0
brutally_painful,1,1,0
brutally_paced,1,1,0
brutally_negative,1,1,0
catastrophically_different,1,1,0
catastrophically_flawed,1,1,0
catastrophically_hard,1,0,1
certainly_disgusting,1,1,0
certainly_difficult,1,1,0
certainly_devout,1,1,0
certainly_cultural,1,1,0
certainly_controversial,1,1,0
certainly_contentious,1,1,0
certainly_confused,1,0,1
certainly_confrontational,1,1,0
certainly_complex,1,1,0
certainly_complete,1,1,0
certainly_competitive,1,1,0
certainly_compelling,1,1,0
certainly_colorful,1,1,0
certainly_collegial,1,1,0
certainly_close,1,1,0
certainly_bold,1,1,0
certainly_bogus,1,1,0
certainly_big,1,1,0
certainly_discernible,1,1,0
certainly_doomed,1,1,0
catastrophically_high,1,1,0
certainly_due,1,1,0
certainly_guilty,1,1,0
certainly_gratifying,1,1,0
certainly_genuine,1,1,0
certainly_formal,1,1,0
certainly_fine,1,1,0
certainly_few,1,0,1
certainly_fatal,1,1,0
certainly_familiar,1,1,0
certainly_extinct,1,1,0
certainly_exciting,1,1,0
certainly_excellent,1,1,0
certainly_enthusiastic,1,1,0
certainly_enough,1,1,0
certainly_enjoyable,1,1,0
certainly_engaging,1,0,1
certainly_eloquent,1,1,0
certainly_effective,1,1,0
certainly_attainable,1,1,0
certainly_appropriate,1,1,0
certainly_aloof,1,1,0
certainly_alone,1,1,0
categorically_improper,1,1,0
categorically_imperative,1,1,0
categorically_immune,1,1,0
categorically_ill,1,1,0
categorically_homophobic,1,1,0
categorically_good,1,1,0
categorically_critical,1,1,0
categorically_certain,1,1,0
categorically_apocalyptic,1,1,0
categorically_anti-israel,1,1,0
categorically_afraid,1,1,0
catastrophically_worrisome,1,1,0
catastrophically_unreliable,1,1,0
catastrophically_stupid,1,1,0
catastrophically_memorable,1,1,0
catastrophically_low,1,1,0
catastrophically_inept,1,1,0
categorically_inaccurate,1,1,0
categorically_inexpensive,1,1,0
categorically_insistent,1,1,0
categorically_sure,1,1,0
certainly_adjustable,1,1,0
certainly_adequate,1,0,1
cautiously_purposeful,1,1,0
categorically_weaker,1,1,0
categorically_unconstitutional,1,1,0
categorically_technical,1,1,0
categorically_sympathetic,1,1,0
categorically_smarter,1,1,0
categorically_necessary,1,1,0
categorically_ready,1,1,0
categorically_private,1,1,0
categorically_predatory,1,1,0
categorically_possible,1,1,0
categorically_poor,1,1,0
categorically_painless,1,1,0
categorically_negative,1,1,0
heavily_theological,1,1,0
heavily_toxic,1,1,0
psychologically_abrasive,1,0,1
obviously_russian,1,1,0
obviously_robotic,1,1,0
obviously_risky,1,0,1
obviously_rich,1,1,0
obviously_rewarding,1,1,0
obviously_retro,1,1,0
obviously_responsible,1,0,1
obviously_resonant,1,1,0
obviously_republican,1,1,0
obviously_remarkable,1,0,1
obviously_relational,1,1,0
obviously_regular,1,1,0
obviously_red,1,1,0
obviously_recognizable,1,1,0
obviously_recognisable,1,1,0
obviously_receptive,1,1,0
obviously_rebellious,1,1,0
obviously_rational,1,1,0
obviously_romantic,1,1,0
obviously_sad,1,1,0
obviously_quicker,1,1,0
obviously_safe,1,1,0
obviously_smoky,1,1,0
obviously_smaller,1,1,0
obviously_significant,1,1,0
obviously_short,1,1,0
obviously_sheer,1,1,0
obviously_sensitive,1,0,1
obviously_sensible,1,1,0
obviously_self-destructive,1,1,0
obviously_selective,1,1,0
obviously_secure,1,1,0
obviously_seasonal,1,0,1
obviously_scientific,1,1,0
obviously_scary,1,0,1
obviously_scared,1,1,0
obviously_satirical,1,1,0
obviously_salacious,1,1,0
obviously_safer,1,1,0
obviously_quieter,1,1,0
obviously_quantifiable,1,1,0
obviously_solvable,1,1,0
obviously_perceptible,1,1,0
obviously_partisan,1,1,0
obviously_partial,1,1,0
obviously_parallel,1,0,1
obviously_overwhelming,1,1,0
obviously_overjoyed,1,1,0
obviously_outspoken,1,1,0
obviously_orwellian,1,1,0
obviously_ok,1,1,0
obviously_obvious,1,1,0
obviously_obscene,1,1,0
obviously_objective,1,1,0
obviously_nutty,1,1,0
obviously_noxious,1,1,0
obviously_novel,1,1,0
obviously_notable,1,1,0
obviously_normal,1,1,0
obviously_newsworthy,1,1,0
obviously_passive,1,1,0
obviously_perfect,1,1,0
obviously_prudent,1,1,0
obviously_permanent,1,1,0
obviously_proud,1,1,0
obviously_promotional,1,1,0
obviously_promising,1,0,1
obviously_productive,1,1,0
obviously_probable,1,1,0
obviously_pretty,1,1,0
obviously_preposterous,1,1,0
obviously_prepared,1,1,0
obviously_pregnant,1,1,0
obviously_predictable,1,1,0
obviously_practical,1,1,0
obviously_poisonous,1,1,0
obviously_plentiful,1,1,0
obviously_plastic,1,1,0
obviously_pious,1,1,0
obviously_picky,1,1,0
obviously_philosophical,1,1,0
obviously_smug,1,1,0
obviously_spanish,1,1,0
occasionally_ridiculous,1,1,0
occasionally_helpful,1,1,0
occasionally_fun,1,1,0
occasionally_frustrating,1,1,0
occasionally_effective,1,1,0
occasionally_ecstatic,1,1,0
occasionally_dreamy,1,1,0
occasionally_difficult,1,1,0
occasionally_dangerous,1,1,0
occasionally_conscious,1,1,0
occasionally_charming,1,1,0
occasionally_capable,1,1,0
occasionally_brown,1,1,0
occasionally_awkward,1,1,0
occasionally_available,1,1,0
occasionally_admirable,1,1,0
obviously_worth,1,1,0
obviously_wicked,1,1,0
obviously_violent,1,1,0
occasionally_gross,1,1,0
occasionally_hostile,1,1,0
obviously_vegan,1,0,1
occasionally_hot,1,1,0
occasionally_quirky,1,1,0
occasionally_present,1,1,0
occasionally_predictable,1,1,0
occasionally_precarious,1,1,0
occasionally_preachy,1,1,0
occasionally_offensive,1,1,0
occasionally_necessary,1,1,0
occasionally_many,1,1,0
occasionally_ludicrous,1,1,0
occasionally_louder,1,1,0
occasionally_irreverent,1,1,0
occasionally_irrational,1,1,0
occasionally_inescapable,1,1,0
occasionally_inefficient,1,1,0
occasionally_indispensable,1,1,0
occasionally_impossible,1,1,0
occasionally_humorous,1,1,0
obviously_verifiable,1,1,0
obviously_useless,1,1,0
obviously_special,1,0,1
obviously_timeless,1,1,0
obviously_terrified,1,1,0
obviously_tempting,1,1,0
obviously_tasteless,1,0,1
obviously_tangible,1,1,0
obviously_taller,1,1,0
obviously_systematic,1,1,0
obviously_symptomatic,1,1,0
obviously_symbolic,1,1,0
obviously_swollen,1,1,0
obviously_superhuman,1,1,0
obviously_sunni,1,1,0
obviously_stunning,1,1,0
obviously_stressful,1,1,0
obviously_strange,1,0,1
obviously_stellar,1,1,0
obviously_steep,1,1,0
obviously_specific,1,1,0
obviously_thrilled,1,1,0
obviously_timely,1,0,1
obviously_unsuitable,1,1,0
obviously_tiny,1,1,0
obviously_unstable,1,1,0
obviously_unsound,1,1,0
obviously_unrealistic,1,1,0
obviously_uninterested,1,1,0
obviously_underweight,1,1,0
obviously_unconstitutional,1,1,0
obviously_unconscious,1,1,0
obviously_unattainable,1,1,0
obviously_ugly,1,1,0
obviously_tyrannical,1,1,0
obviously_treacherous,1,1,0
obviously_trashy,1,1,0
obviously_tragic,1,0,1
obviously_traditional,1,1,0
obviously_toxic,1,1,0
obviously_touristy,1,1,0
obviously_titillating,1,1,0
obviously_new,1,0,1
obviously_nerdy,1,1,0
obviously_needy,1,1,0
obviously_excellent,1,1,0
obviously_equal,1,1,0
obviously_entertaining,1,1,0
obviously_endangered,1,1,0
obviously_embarrassing,1,1,0
obviously_elegant,1,1,0
obviously_educational,1,1,0
obviously_edgy,1,1,0
obviously_economic,1,1,0
obviously_eco-friendly,1,1,0
obviously_easy,1,1,0
obviously_east,1,1,0
obviously_easier,1,1,0
obviously_dystopian,1,1,0
obviously_dorky,1,1,0
obviously_doomed,1,1,0
obviously_dominant,1,1,0
obviously_disturbing,1,1,0
obviously_erroneous,1,1,0
obviously_exotic,1,1,0
obviously_disrespectful,1,1,0
obviously_expensive,1,1,0
obviously_fresh,1,1,0
obviously_french,1,1,0
obviously_fraught,1,1,0
obviously_floral,1,1,0
obviously_flirty,1,1,0
obviously_flattering,1,1,0
obviously_flat,1,1,0
obviously_fictional,1,1,0
obviously_feminine,1,1,0
obviously_federal,1,1,0
obviously_feasible,1,1,0
obviously_faulty,1,1,0
obviously_fat,1,1,0
obviously_fast,1,1,0
obviously_fanciful,1,1,0
obviously_eye-catching,1,1,0
obviously_exploitative,1,1,0
obviously_distinguishable,1,1,0
obviously_dismayed,1,1,0
obviously_nasty,1,1,0
obviously_crude,1,1,0
obviously_costly,1,1,0
obviously_cooler,1,1,0
obviously_controversial,1,1,0
obviously_contentious,1,1,0
obviously_consequential,1,1,0
obviously_conscious,1,1,0
obviously_confrontational,1,1,0
obviously_confidential,1,1,0
obviously_conducive,1,1,0
obviously_concerned,1,1,0
obviously_comical,1,1,0
obviously_comfortable,1,1,0
obviously_comedic,1,1,0
obviously_coherent,1,1,0
obviously_clueless,1,1,0
obviously_clever,1,1,0
obviously_christian,1,1,0
obviously_creative,1,1,0
obviously_cruel,1,1,0
obviously_disingenuous,1,1,0
obviously_cynical,1,1,0
obviously_disgusted,1,1,0
obviously_discriminatory,1,1,0
obviously_dirty,1,1,0
obviously_directional,1,1,0
obviously_difficult,1,1,0
obviously_destructive,1,1,0
obviously_despicable,1,1,0
obviously_desperate,1,1,0
obviously_desirable,1,1,0
obviously_demented,1,1,0
obviously_delusional,1,1,0
obviously_definitive,1,1,0
obviously_definite,1,1,0
obviously_deficient,1,1,0
obviously_defensible,1,1,0
obviously_defective,1,1,0
obviously_damaging,1,1,0
obviously_friendly,1,1,0
obviously_frivolous,1,1,0
obviously_frustrated,1,0,1
obviously_lonely,1,1,0
obviously_linear,1,1,0
obviously_likeable,1,1,0
obviously_lethal,1,1,0
obviously_legendary,1,1,0
obviously_leftist,1,1,0
obviously_left-wing,1,1,0
obviously_latin,1,0,1
obviously_large,1,1,0
obviously_justifiable,1,1,0
obviously_irresponsible,1,1,0
obviously_irreplaceable,1,1,0
obviously_irrelevant,1,1,0
obviously_involved,1,1,0
obviously_invalid,1,1,0
obviously_internal,1,1,0
obviously_instrumental,1,1,0
obviously_inspiring,1,1,0
obviously_logical,1,1,0
obviously_loving,1,1,0
obviously_fundamental,1,1,0
obviously_luscious,1,1,0
obviously_naked,1,1,0
obviously_naive,1,1,0
obviously_musical,1,1,0
obviously_much,1,1,0
obviously_mountainous,1,0,1
obviously_monetary,1,1,0
obviously_modern,1,1,0
obviously_miraculous,1,0,1
obviously_minimalistic,1,1,0
obviously_mindful,1,1,0
obviously_military,1,0,1
obviously_metaphorical,1,1,0
obviously_messy,1,1,0
obviously_measurable,1,1,0
obviously_magical,1,1,0
obviously_macabre,1,1,0
obviously_lyrical,1,1,0
obviously_inoffensive,1,1,0
obviously_innovative,1,1,0
obviously_injured,1,0,1
obviously_inescapable,1,1,0
obviously_heavy,1,1,0
obviously_healthy,1,1,0
obviously_harder,1,1,0
obviously_happy,1,1,0
obviously_handsome,1,1,0
obviously_habitable,1,1,0
obviously_guilty,1,1,0
obviously_greedy,1,1,0
obviously_graphic,1,1,0
obviously_grand,1,1,0
obviously_gory,1,0,1
obviously_gluten-free,1,1,0
obviously_girly,1,1,0
obviously_generic,1,1,0
obviously_gendered,1,0,1
obviously_geeky,1,1,0
obviously_funny,1,1,0
obviously_hideous,1,1,0
obviously_higher,1,0,1
obviously_hip,1,1,0
obviously_immune,1,1,0
obviously_individual,1,1,0
obviously_indiscriminate,1,1,0
obviously_incomplete,1,1,0
obviously_inadequate,1,1,0
obviously_impressive,1,1,0
obviously_implausible,1,1,0
obviously_impactful,1,1,0
obviously_immoral,1,1,0
obviously_homeless,1,1,0
obviously_immature,1,1,0
obviously_ideological,1,1,0
obviously_human,1,1,0
obviously_horrifying,1,1,0
obviously_horrific,1,1,0
obviously_horrible,1,0,1
obviously_homosexual,1,1,0
occasionally_resident,1,1,0
occasionally_sentimental,1,1,0
obviously_childish,1,1,0
often_complex,1,1,0
often_compelling,1,1,0
often_colder,1,1,0
often_cognitive,1,1,0
often_clunky,1,1,0
often_clingy,1,1,0
often_chronological,1,1,0
often_chinese,1,1,0
often_chaotic,1,1,0
often_changeable,1,1,0
often_celebrated,1,1,0
often_cause,1,1,0
often_cancerous,1,1,0
often_buggy,1,1,0
often_breathtaking,1,1,0
often_brave,1,1,0
often_boring,1,1,0
often_binary,1,1,0
often_competitive,1,1,0
often_complicated,1,1,0
often_best,1,1,0
often_conducive,1,1,0
often_delicious,1,1,0
often_deliberate,1,1,0
often_decisive,1,1,0
often_debilitating,1,1,0
often_dark,1,1,0
often_damaging,1,1,0
often_cute,1,1,0
often_cuddly,1,1,0
often_counterproductive,1,1,0
often_costly,1,1,0
often_conventional,1,1,0
often_convenient,1,1,0
often_controllable,1,1,0
often_consistent,1,1,0
often_confusing,1,1,0
often_confrontational,1,1,0
often_confidential,1,1,0
often_big,1,1,0
often_balmy,1,1,0
often_demeaning,1,1,0
officially_worth,1,1,0
officially_welcoming,1,1,0
officially_wealthy,1,1,0
officially_vintage,1,1,0
officially_unconstitutional,1,1,0
officially_unannounced,1,1,0
officially_sympathetic,1,1,0
officially_suitable,1,1,0
officially_static,1,1,0
officially_sovereign,1,1,0
officially_silent,1,1,0
officially_sick,1,1,0
officially_separate,1,1,0
officially_segregated,1,1,0
officially_secret,1,1,0
officially_safe,1,1,0
officially_russian,1,1,0
officially_religious,1,1,0
officially_wild,1,1,0
often_absurd,1,1,0
often_backward,1,1,0
often_abundant,1,1,0
often_attentive,1,1,0
often_apt,1,1,0
often_appreciative,1,1,0
often_appealing,1,1,0
often_appalling,1,1,0
often_anomalous,1,1,0
often_annoying,1,1,0
often_amenable,1,1,0
often_ambivalent,1,1,0
often_alternative,1,1,0
often_alert,1,1,0
often_advantageous,1,1,0
often_adequate,1,1,0
often_additional,1,1,0
often_addictive,1,1,0
often_accustomed,1,1,0
often_acceptable,1,1,0
often_delightful,1,1,0
often_desirable,1,1,0
occasionally_serious,1,1,0
often_helpless,1,1,0
often_heavy,1,1,0
often_hazardous,1,1,0
often_handy,1,1,0
often_green,1,1,0
often_glorious,1,1,0
often_glamorous,1,1,0
often_gimmicky,1,1,0
often_fuzzy,1,1,0
often_furious,1,1,0
often_frigid,1,1,0
often_frightening,1,1,0
often_frightened,1,1,0
often_fragile,1,1,0
often_flustered,1,1,0
often_flat,1,1,0
often_flashy,1,1,0
often_fixable,1,1,0
often_hellish,1,1,0
often_heroic,1,1,0
often_fearless,1,0,1
often_hesitant,1,1,0
often_indistinguishable,1,1,0
often_indiscriminate,1,1,0
often_incremental,1,1,0
often_incorrect,1,1,0
often_inclined,1,1,0
often_incapable,1,1,0
often_inappropriate,1,1,0
often_impulsive,1,1,0
often_impressive,1,1,0
often_impractical,1,1,0
often_impactful,1,1,0
often_illusory,1,1,0
often_humble,1,1,0
often_homosexual,1,1,0
often_homogeneous,1,1,0
often_homesick,1,1,0
often_higher,1,1,0
often_female,1,1,0
often_faulty,1,1,0
often_desirous,1,1,0
often_equal,1,1,0
often_endangered,1,1,0
often_elegant,1,1,0
often_elated,1,1,0
often_edible,1,1,0
often_dull,1,1,0
often_dubious,1,1,0
often_drunk,1,1,0
often_doable,1,1,0
often_dizzy,1,1,0
often_divine,1,1,0
often_distinct,1,1,0
often_dissatisfied,1,1,0
often_disruptive,1,1,0
often_disastrous,1,1,0
often_direct,1,1,0
often_detailed,1,1,0
often_destitute,1,1,0
often_enjoyable,1,1,0
often_equivalent,1,1,0
often_fascinating,1,1,0
often_erudite,1,1,0
often_far-fetched,1,1,0
often_fantastic,1,1,0
often_famous,1,1,0
often_false,1,1,0
often_faithful,1,1,0
often_factual,1,1,0
often_external,1,1,0
often_exquisite,1,1,0
often_expressive,1,1,0
often_experienced,1,1,0
often_expensive,1,1,0
often_existent,1,1,0
often_excited,1,1,0
often_excitable,1,1,0
often_excessive,1,1,0
often_exceptional,1,1,0
often_excellent,1,1,0
officially_raw,1,1,0
officially_profitable,1,1,0
officially_private,1,1,0
offensively_active,1,1,0
off_worse,1,1,0
off_white,1,1,0
off_unscathed,1,1,0
off_qualified,1,1,0
off_perfect,1,1,0
off_optimal,1,1,0
off_much,1,1,0
off_lower,1,1,0
off_key,1,1,0
off_good,1,1,0
off_free,1,1,0
off_fourth,1,1,0
off_double,1,1,0
off_busy,1,1,0
oddly_true,1,1,0
oddly_tiring,1,1,0
oddly_thrilling,1,1,0
off_wrong,1,1,0
offensively_aggressive,1,1,0
oddly_specific,1,1,0
offensively_artificial,1,1,0
offensively_fraudulent,1,1,0
offensively_exploitative,1,1,0
offensively_expensive,1,1,0
offensively_dynamic,1,1,0
offensively_dominant,1,1,0
offensively_disturbing,1,1,0
offensively_discriminatory,1,1,0
offensively_dirty,1,1,0
offensively_cute,1,0,1
offensively_clueless,1,1,0
offensively_christian,1,1,0
offensively_cheerful,1,1,0
offensively_capable,1,1,0
offensively_callous,1,1,0
offensively_boring,1,1,0
offensively_bloodthirsty,1,1,0
offensively_bitter,1,1,0
oddly_tannic,1,1,0
oddly_smooth,1,1,0
officially_pregnant,1,1,0
oddly_catchy,1,1,0
oddly_arousing,1,1,0
oddly_archaic,1,1,0
oddly_apt,1,1,0
oddly_amusing,1,1,0
occasionally_worth,1,1,0
occasionally_wonky,1,1,0
occasionally_wonderful,1,1,0
occasionally_viral,1,1,0
occasionally_unpredictable,1,1,0
occasionally_unhinged,1,1,0
occasionally_unhappy,1,1,0
occasionally_uncomfortable,1,1,0
occasionally_transformative,1,1,0
occasionally_thrilling,1,1,0
occasionally_tedious,1,1,0
occasionally_spectacular,1,1,0
occasionally_smug,1,1,0
oddly_calming,1,1,0
oddly_comfortable,1,1,0
oddly_small,1,1,0
oddly_comforting,1,1,0
oddly_sixth,1,1,0
oddly_similar,1,1,0
oddly_silent,1,1,0
oddly_sexualized,1,1,0
oddly_sensible,1,1,0
oddly_relaxing,1,1,0
oddly_related,1,1,0
oddly_positive,1,1,0
oddly_large,1,1,0
oddly_intimate,1,1,0
oddly_indicative,1,1,0
oddly_funny,1,1,0
oddly_emotional,1,1,0
oddly_easy,1,1,0
oddly_distorted,1,1,0
oddly_difficult,1,0,1
oddly_compelling,1,1,0
offensively_futile,1,1,0
offensively_generic,1,1,0
offensively_gory,1,1,0
officially_incorrect,1,1,0
officially_hungry,1,1,0
officially_homeless,1,1,0
officially_halfway,1,1,0
officially_guilty,1,1,0
officially_general,1,1,0
officially_functional,1,1,0
officially_forthcoming,1,1,0
officially_final,1,1,0
officially_familiar,1,1,0
officially_exclusive,1,1,0
officially_excited,1,1,0
officially_deductible,1,1,0
officially_dark,1,1,0
officially_culpable,1,1,0
officially_conservative,1,0,1
officially_compulsory,1,1,0
officially_compliant,1,1,0
officially_impossible,1,1,0
officially_innocent,1,1,0
offensively_hilarious,1,1,0
officially_key,1,1,0
officially_playable,1,1,0
officially_permissible,1,1,0
officially_patient,1,1,0
officially_overweight,1,1,0
officially_orthodox,1,1,0
officially_optimistic,1,1,0
officially_online,1,1,0
officially_ok,1,1,0
officially_offensive,1,1,0
officially_obsessed,1,1,0
officially_obese,1,1,0
officially_nocturnal,1,1,0
officially_new,1,1,0
officially_neutral,1,1,0
officially_military,1,1,0
officially_marketable,1,0,1
officially_legitimate,1,1,0
officially_compact,1,1,0
officially_comfortable,1,1,0
officially_christian,1,1,0
officially_british,1,1,0
offensively_racist,1,1,0
offensively_pushy,1,1,0
offensively_purple,1,1,0
offensively_prolific,1,1,0
offensively_productive,1,1,0
offensively_potent,1,1,0
offensively_patient,1,1,0
offensively_ostentatious,1,0,1
offensively_obvious,1,1,0
offensively_noisy,1,1,0
offensively_nasty,1,1,0
offensively_most,1,0,1
offensively_magical,1,1,0
offensively_inclined,1,1,0
offensively_icky,1,1,0
offensively_hyperbolic,1,1,0
offensively_horrendous,1,0,1
offensively_reductive,1,1,0
offensively_rich,1,1,0
offensively_selfish,1,1,0
officially_able,1,1,0
officially_black,1,1,0
officially_bilingual,1,1,0
officially_beholden,1,1,0
officially_awake,1,1,0
officially_automatic,1,1,0
officially_autistic,1,1,0
officially_allergic,1,1,0
offensively_younger,1,1,0
offensively_sexual,1,1,0
offensively_wrong,1,1,0
offensively_useful,1,1,0
offensively_unfunny,1,1,0
offensively_sweet,1,1,0
offensively_stagnant,1,1,0
offensively_spicy,1,1,0
offensively_shiny,1,1,0
obviously_chinese,1,0,1
obviously_cheaper,1,1,0
notably_pricier,1,1,0
now_convertible,1,1,0
now_constructive,1,1,0
now_complex,1,1,0
now_competitive,1,1,0
now_common,1,1,0
now_close,1,1,0
now_clearer,1,1,0
now_christian,1,1,0
now_cheaper,1,1,0
now_cheap,1,1,0
now_busy,1,1,0
now_brave,1,1,0
now_bold,1,1,0
now_blank,1,1,0
now_black,1,1,0
now_bigger,1,1,0
now_beautiful,1,1,0
now_awash,1,1,0
now_continuous,1,1,0
now_curable,1,1,0
now_asleep,1,1,0
now_curious,1,1,0
now_enthusiastic,1,1,0
now_enough,1,1,0
now_enforceable,1,1,0
now_endemic,1,1,0
now_electronic,1,1,0
now_eccentric,1,1,0
now_dynamic,1,1,0
now_doomed,1,1,0
now_discoverable,1,1,0
now_discernible,1,1,0
now_different,1,1,0
now_devoid,1,1,0
now_derelict,1,1,0
now_depressed,1,1,0
now_delighted,1,1,0
now_damp,1,1,0
now_current,1,1,0
now_attainable,1,1,0
now_anti-semitic,1,1,0
now_exclusive,1,1,0
notoriously_speedy,1,1,0
notoriously_risky,1,1,0
notoriously_reclusive,1,1,0
notoriously_protective,1,1,0
notoriously_prone,1,1,0
notoriously_private,1,1,0
notoriously_poor,1,1,0
notoriously_male-dominated,1,1,0
notoriously_long,1,1,0
notoriously_large,1,1,0
notoriously_intelligent,1,1,0
notoriously_ineffectual,1,1,0
notoriously_ineffective,1,1,0
notoriously_inaccurate,1,1,0
notoriously_impervious,1,1,0
notoriously_hospitable,1,1,0
notoriously_high,1,1,0
notoriously_heavy,1,1,0
notoriously_slow,1,1,0
notoriously_sticky,1,1,0
now_anonymous,1,1,0
notoriously_strict,1,1,0
now_american,1,1,0
now_amazing,1,1,0
now_agreeable,1,1,0
now_accustomed,1,1,0
now_accurate,1,1,0
now_accidental,1,1,0
now_accepting,1,1,0
now_abundant,1,1,0
notoriously_wrong,1,1,0
notoriously_weird,1,0,1
notoriously_unsuccessful,1,1,0
notoriously_unpredictable,1,1,0
notoriously_unfriendly,1,1,0
notoriously_unfair,1,1,0
notoriously_uncomfortable,1,1,0
notoriously_terrible,1,1,0
notoriously_strong,1,1,0
now_equitable,1,1,0
now_exempt,1,1,0
now_proper,1,1,0
now_obedient,1,1,0
now_notorious,1,1,0
now_notable,1,0,1
now_non-traditional,1,1,0
now_narrow,1,1,0
now_naked,1,1,0
now_moot,1,1,0
now_mindful,1,1,0
now_militant,1,1,0
now_measurable,1,1,0
now_meaningless,1,1,0
now_manifest,1,1,0
now_mandatory,1,1,0
now_little,1,1,0
now_liable,1,1,0
now_legitimate,1,1,0
now_keen,1,1,0
now_jealous,1,1,0
now_numerous,1,1,0
now_ok,1,1,0
now_invincible,1,1,0
now_older,1,1,0
now_proficient,1,1,0
now_probable,1,1,0
now_prevalent,1,1,0
now_pregnant,1,1,0
now_practicable,1,1,0
now_portable,1,1,0
now_poorer,1,1,0
now_political,1,1,0
now_pleased,1,1,0
now_plastic,1,1,0
now_permissible,1,1,0
now_permanent,1,1,0
now_payable,1,1,0
now_overdue,1,1,0
now_outraged,1,1,0
now_operational,1,1,0
now_online,1,1,0
now_ironic,1,1,0
now_internal,1,1,0
now_expensive,1,1,0
now_hideous,1,1,0
now_happy,1,1,0
now_happier,1,1,0
now_grateful,1,1,0
now_gracious,1,1,0
now_good,1,1,0
now_glad,1,1,0
now_frustrated,1,1,0
now_frosty,1,1,0
now_fresher,1,1,0
now_french,1,1,0
now_fond,1,1,0
now_flat,1,1,0
now_favorable,1,1,0
now_fashionable,1,1,0
now_false,1,1,0
now_facile,1,1,0
now_extinct,1,1,0
now_helpful,1,1,0
now_homeless,1,1,0
now_insolvent,1,1,0
now_hopeful,1,1,0
now_insane,1,1,0
now_inferior,1,1,0
now_infamous,1,1,0
now_ineligible,1,1,0
now_independent,1,1,0
now_incurable,1,1,0
now_incompatible,1,1,0
now_impregnable,1,1,0
now_impotent,1,1,0
now_impossible,1,1,0
now_immune,1,1,0
now_imaginable,1,1,0
now_ignorant,1,1,0
now_human,1,1,0
now_hot,1,1,0
now_horrific,1,1,0
now_hopeless,1,1,0
notoriously_gross,1,1,0
notoriously_fun,1,1,0
notoriously_full,1,1,0
noticeably_feminine,1,1,0
noticeably_fantastic,1,1,0
noticeably_fake,1,1,0
noticeably_extra,1,1,0
noticeably_expensive,1,0,1
noticeably_excellent,1,1,0
noticeably_evident,1,1,0
noticeably_energetic,1,1,0
noticeably_drunk,1,1,0
noticeably_distressed,1,1,0
noticeably_dirty,1,1,0
noticeably_detectable,1,1,0
noticeably_depressed,1,1,0
noticeably_crazier,1,1,0
noticeably_cooler,1,1,0
noticeably_conservative,1,1,0
noticeably_concerned,1,1,0
noticeably_cold,1,1,0
noticeably_fatter,1,1,0
noticeably_finer,1,1,0
noticeably_christian,1,1,0
noticeably_flawed,1,1,0
noticeably_high,1,1,0
noticeably_helpful,1,1,0
noticeably_happy,1,1,0
noticeably_happier,1,1,0
noticeably_handsome,1,1,0
noticeably_gritty,1,1,0
noticeably_greener,1,1,0
noticeably_green,1,1,0
noticeably_greater,1,1,0
noticeably_great,1,1,0
noticeably_good,1,1,0
noticeably_german,1,1,0
noticeably_fresh,1,1,0
noticeably_free,1,1,0
noticeably_forward,1,1,0
noticeably_fluffy,1,1,0
noticeably_flexible,1,1,0
noticeably_clumsy,1,1,0
noticeably_cheap,1,1,0
notoriously_flexible,1,1,0
notably_strict,1,1,0
notably_sticky,1,1,0
notably_steamy,1,1,0
notably_spectacular,1,1,0
notably_spacious,1,1,0
notably_smooth,1,1,0
notably_slow,1,1,0
notably_shorter,1,1,0
notably_scientific,1,1,0
notably_satisfactory,1,1,0
notably_rousing,1,1,0
notably_richer,1,1,0
notably_responsible,1,1,0
notably_related,1,1,0
notably_reflective,1,1,0
notably_receptive,1,1,0
notably_quiet,1,1,0
notably_pungent,1,1,0
notably_stormy,1,1,0
notably_sturdy,1,1,0
noticeably_busy,1,1,0
notably_substantial,1,1,0
noticeably_broad,1,1,0
noticeably_brighter,1,1,0
noticeably_bright,1,1,0
noticeably_bitter,1,1,0
noticeably_big,1,1,0
noticeably_available,1,1,0
noticeably_amiss,1,0,1
notably_warmer,1,1,0
notably_visible,1,1,0
notably_uninformed,1,1,0
notably_troublesome,1,1,0
notably_tolerant,1,1,0
notably_tighter,1,1,0
notably_tall,1,1,0
notably_talented,1,1,0
notably_susceptible,1,1,0
notably_superb,1,1,0
noticeably_honest,1,1,0
noticeably_hostile,1,1,0
noticeably_hot,1,1,0
noticeably_vulnerable,1,1,0
noticeably_vain,1,1,0
noticeably_upset,1,1,0
noticeably_unsuccessful,1,1,0
noticeably_unsteady,1,1,0
noticeably_unhappy,1,1,0
noticeably_unfit,1,1,0
noticeably_underweight,1,1,0
noticeably_ugly,1,1,0
noticeably_tragic,1,0,1
noticeably_thematic,1,1,0
noticeably_terrified,1,1,0
noticeably_terrible,1,1,0
noticeably_taller,1,1,0
noticeably_symptomatic,1,1,0
noticeably_sympathetic,1,1,0
noticeably_supportive,1,1,0
noticeably_superior,1,1,0
noticeably_visible,1,1,0
noticeably_weaker,1,1,0
noticeably_hungry,1,1,0
noticeably_weird,1,1,0
notoriously_finicky,1,1,0
notoriously_famous,1,0,1
notoriously_dishonest,1,1,0
notoriously_dangerous,1,1,0
notoriously_courageous,1,1,0
notoriously_corrupt,1,1,0
notoriously_complicated,1,1,0
notoriously_complex,1,1,0
notoriously_cold,1,1,0
notoriously_better,1,1,0
notoriously_awful,1,1,0
notoriously_attractive,1,1,0
notoriously_accurate,1,1,0
noticeably_younger,1,1,0
noticeably_wider,1,1,0
noticeably_white,1,1,0
noticeably_wet,1,1,0
noticeably_suitable,1,1,0
noticeably_stylish,1,1,0
noticeably_stale,1,1,0
noticeably_socialist,1,1,0
noticeably_missing,1,1,0
noticeably_miserable,1,1,0
noticeably_mexican,1,1,0
noticeably_looser,1,1,0
noticeably_lame,1,1,0
noticeably_keen,1,1,0
noticeably_jewish,1,1,0
noticeably_jarring,1,1,0
noticeably_italian,1,1,0
noticeably_irritable,1,1,0
noticeably_invisible,1,1,0
noticeably_introverted,1,1,0
noticeably_intense,1,1,0
noticeably_insecure,1,1,0
noticeably_inferior,1,1,0
noticeably_ineffective,1,1,0
noticeably_important,1,1,0
noticeably_narrower,1,1,0
noticeably_new,1,0,1
noticeably_nutritious,1,1,0
noticeably_rocky,1,1,0
noticeably_similar,1,1,0
noticeably_silent,1,1,0
noticeably_sick,1,1,0
noticeably_short,1,1,0
noticeably_sharper,1,1,0
noticeably_scared,1,1,0
noticeably_salty,1,1,0
noticeably_richer,1,1,0
noticeably_odd,1,1,0
noticeably_religious,1,1,0
noticeably_regional,1,0,1
noticeably_red,1,1,0
noticeably_problematic,1,1,0
noticeably_present,1,1,0
noticeably_popular,1,1,0
noticeably_poor,1,1,0
now_prolific,1,1,0
now_pure,1,1,0
obviously_charming,1,1,0
obnoxiously_skeptical,1,1,0
obnoxiously_self-conscious,1,0,1
obnoxiously_preachy,1,1,0
obnoxiously_powerful,1,1,0
obnoxiously_pink,1,1,0
obnoxiously_picky,1,1,0
obnoxiously_perfect,1,1,0
obnoxiously_partisan,1,1,0
obnoxiously_paranoid,1,1,0
obnoxiously_ornate,1,1,0
obnoxiously_opaque,1,1,0
obnoxiously_offensive,1,1,0
obnoxiously_obvious,1,1,0
obnoxiously_obtrusive,1,1,0
obnoxiously_neurotic,1,1,0
obnoxiously_modern,1,1,0
obnoxiously_macho,1,1,0
obnoxiously_joyous,1,1,0
obnoxiously_sentimental,1,1,0
obnoxiously_skinny,1,1,0
obnoxiously_hypocritical,1,1,0
obnoxiously_small,1,1,0
obscenely_early,1,1,0
obscenely_dominant,1,1,0
obscenely_delicious,1,1,0
obscenely_cute,1,1,0
obscenely_contrary,1,1,0
obscenely_comfortable,1,1,0
obscenely_bright,1,1,0
obscenely_bitter,1,1,0
obscenely_big,1,1,0
obnoxiously_wacky,1,1,0
obnoxiously_vocal,1,1,0
obnoxiously_unnecessary,1,1,0
obnoxiously_ubiquitous,1,1,0
obnoxiously_tall,1,1,0
obnoxiously_superior,1,1,0
obnoxiously_sunny,1,1,0
obnoxiously_strange,1,1,0
obnoxiously_intrusive,1,1,0
obnoxiously_hot,1,1,0
obscenely_extravagant,1,1,0
objectively_terrific,1,1,0
objectively_sinful,1,1,0
objectively_sick,1,1,0
objectively_shoddy,1,1,0
objectively_shameful,1,1,0
objectively_sexist,1,1,0
objectively_self-evident,1,1,0
objectively_scary,1,1,0
objectively_satisfying,1,1,0
objectively_ripe,1,1,0
objectively_relevant,1,1,0
objectively_racist,1,1,0
objectively_possible,1,1,0
objectively_pleasurable,1,1,0
objectively_plausible,1,1,0
objectively_perceptive,1,1,0
objectively_observant,1,1,0
objectively_objectionable,1,1,0
objectively_smart,1,1,0
objectively_threatening,1,0,1
obnoxiously_flashy,1,1,0
objectively_tight,1,1,0
obnoxiously_evil,1,1,0
obnoxiously_enthusiastic,1,1,0
obnoxiously_detailed,1,1,0
obnoxiously_dead,1,1,0
obnoxiously_corny,1,1,0
obnoxiously_colorful,1,1,0
obnoxiously_chunky,1,1,0
obnoxiously_blatant,1,1,0
obnoxiously_arrogant,1,1,0
obnoxiously_apparent,1,1,0
obnoxiously_aggressive,1,1,0
objectively_worth,1,1,0
objectively_vital,1,0,1
objectively_visible,1,1,0
objectively_valuable,1,0,1
objectively_unsustainable,1,1,0
objectively_unethical,1,1,0
obscenely_excited,1,1,0
obscenely_fat,1,1,0
now_real,1,1,0
obviously_arrogant,1,1,0
obviously_appealing,1,1,0
obviously_angelic,1,1,0
obviously_amateurish,1,1,0
obviously_alternate,1,1,0
obviously_aggressive,1,1,0
obviously_afraid,1,1,0
obviously_adjustable,1,1,0
obviously_adaptive,1,1,0
obviously_adaptable,1,1,0
obviously_active,1,1,0
obviously_achievable,1,1,0
obviously_acceptable,1,1,0
obviously_academic,1,1,0
obviously_abysmal,1,1,0
obviously_abrasive,1,1,0
obviously_abnormal,1,1,0
obviously_able,1,1,0
obviously_appropriate,1,1,0
obviously_artificial,1,1,0
obsessively_selfish,1,1,0
obviously_asian,1,1,0
obviously_charismatic,1,1,0
obviously_caucasian,1,1,0
obviously_catastrophic,1,1,0
obviously_brave,1,1,0
obviously_bored,1,1,0
obviously_bloody,1,1,0
obviously_bizarre,1,1,0
obviously_biological,1,1,0
obviously_bigger,1,1,0
obviously_benign,1,1,0
obviously_bankable,1,1,0
obviously_badass,1,1,0
obviously_awkward,1,1,0
obviously_aware,1,1,0
obviously_autistic,1,1,0
obviously_authoritative,1,0,1
obviously_askew,1,1,0
obsessively_tolerant,1,1,0
obsessively_secretive,1,1,0
obscenely_girly,1,1,0
obscenely_shy,1,1,0
obscenely_sexist,1,1,0
obscenely_powerful,1,1,0
obscenely_overpriced,1,1,0
obscenely_offensive,1,1,0
obscenely_massive,1,1,0
obscenely_loud,1,0,1
obscenely_long,1,1,0
obscenely_irresponsible,1,1,0
obscenely_insulting,1,1,0
obscenely_immoral,1,1,0
obscenely_hypocritical,1,1,0
obscenely_huge,1,1,0
obscenely_higher,1,1,0
obscenely_high,1,1,0
obscenely_heavy,1,1,0
obscenely_greedy,1,1,0
obscenely_gory,1,1,0
obscenely_sharp,1,1,0
obscenely_spicy,1,1,0
obsessively_romantic,1,1,0
obscenely_tall,1,1,0
obsessively_religious,1,1,0
obsessively_precise,1,1,0
obsessively_patriotic,1,1,0
obsessively_partisan,1,1,0
obsessively_paranoid,1,1,0
obsessively_neat,1,1,0
obsessively_minimalistic,1,1,0
obsessively_microscopic,1,1,0
obsessively_interested,1,1,0
obsessively_geeky,1,1,0
obsessively_friendly,1,1,0
obsessively_fascinating,1,1,0
obsessively_double,1,1,0
obsessively_concerned,1,1,0
obsessively_compulsive,1,1,0
obsessively_chronological,1,1,0
obscenely_white,1,1,0
objectively_normal,1,1,0
objectively_negotiable,1,1,0
objectively_manly,1,1,0
nowhere_luxurious,1,1,0
nowhere_fast,1,0,1
nowhere_capable,1,1,0
nowadays_unusual,1,1,0
nowadays_common,1,1,0
now_worthwhile,1,1,0
now_worried,1,1,0
now_wet,1,1,0
now_welcome,1,1,0
now_weird,1,1,0
now_weaker,1,1,0
now_vulnerable,1,1,0
now_vital,1,1,0
now_vertical,1,1,0
now_valid,1,1,0
now_usual,1,1,0
now_useless,1,1,0
now_useful,1,1,0
nowhere_good,1,1,0
nowhere_nice,1,1,0
now_unparalleled,1,1,0
nowhere_obvious,1,0,1
numerically_equal,1,1,0
numerically_detailed,1,1,0
numerically_decisive,1,1,0
numerically_crucial,1,1,0
numerically_correct,1,1,0
numerically_comparable,1,1,0
numerically_common,1,1,0
numbingly_sugary,1,1,0
numbingly_obvious,1,1,0
numbingly_mundane,1,0,1
numbingly_hot,1,1,0
numbingly_frustrating,1,1,0
numbingly_detailed,1,1,0
numbingly_boring,1,1,0
numbingly_bland,1,1,0
nowhere_safe,1,0,1
nowhere_public,1,0,1
now_useable,1,1,0
now_unknown,1,1,0
objectively_manifest,1,1,0
now_stagnant,1,1,0
now_sorry,1,1,0
now_simpler,1,1,0
now_significant,1,1,0
now_sick,1,1,0
now_sensitive,1,1,0
now_satisfying,1,1,0
now_sacred,1,0,1
now_righteous,1,1,0
now_right,1,1,0
now_rich,1,1,0
now_responsive,1,1,0
now_religious,1,1,0
now_relevant,1,1,0
now_related,1,1,0
now_reflective,1,1,0
now_recognisable,1,1,0
now_reasonable,1,1,0
now_stable,1,1,0
now_strong,1,1,0
now_universal,1,1,0
now_suicidal,1,1,0
now_uninhabited,1,1,0
now_unfriendly,1,1,0
now_unfit,1,1,0
now_unemployed,1,1,0
now_unbelievable,1,1,0
now_unbearable,1,1,0
now_unavoidable,1,1,0
now_unavailable,1,1,0
now_unable,1,1,0
now_typical,1,1,0
now_triumphant,1,1,0
now_transparent,1,1,0
now_thinner,1,1,0
now_symbolic,1,1,0
now_swollen,1,1,0
now_suspicious,1,1,0
now_superfluous,1,1,0
numerically_false,1,1,0
numerically_illiterate,1,1,0
numerically_inferior,1,1,0
objectively_familiar,1,1,0
objectively_external,1,1,0
objectively_enthralling,1,1,0
objectively_distinct,1,0,1
objectively_dishonest,1,0,1
objectively_discernible,1,1,0
objectively_dirty,1,1,0
objectively_difficult,1,1,0
objectively_deficient,1,1,0
objectively_convincing,1,1,0
objectively_complex,1,1,0
objectively_busy,1,1,0
objectively_awesome,1,1,0
objectively_attractive,1,1,0
objectively_angry,1,1,0
objectively_amazing,1,1,0
objectively_advantageous,1,0,1
objectively_accurate,1,1,0
objectively_fair,1,1,0
objectively_female,1,0,1
numerically_insignificant,1,1,0
objectively_feminine,1,0,1
objectively_male,1,0,1
objectively_low,1,1,0
objectively_libertarian,1,1,0
objectively_inferior,1,1,0
objectively_inconvenient,1,1,0
objectively_imperfect,1,1,0
objectively_identifiable,1,1,0
objectively_hyperactive,1,1,0
objectively_horrifying,1,1,0
objectively_higher,1,1,0
objectively_heroic,1,1,0
objectively_harmful,1,1,0
objectively_happy,1,1,0
objectively_funny,1,1,0
objectively_free,1,1,0
objectively_foreseeable,1,1,0
objectively_flat,1,1,0
objectively_able,1,1,0
nutritionally_vacant,1,1,0
nutritionally_useful,1,1,0
nutritionally_unbalanced,1,1,0
nutritionally_costly,1,1,0
nutritionally_correct,1,1,0
nutritionally_bad,1,1,0
nutritionally_awesome,1,1,0
nutritionally_anemic,1,1,0
nutritionally_ambitious,1,0,1
nutritionally_ambiguous,1,1,0
nutritionally_advantageous,1,0,1
nutritionally_acceptable,1,1,0
numerically_successful,1,1,0
numerically_similar,1,1,0
numerically_savvy,1,1,0
numerically_robust,1,1,0
numerically_related,1,1,0
numerically_obvious,1,1,0
numerically_largest,1,1,0
numerically_large,1,1,0
nutritionally_damaging,1,1,0
nutritionally_dead,1,1,0
nutritionally_devoid,1,1,0
nutritionally_relevant,1,1,0
nutritionally_toxic,1,1,0
nutritionally_thick,1,1,0
nutritionally_terrible,1,1,0
nutritionally_suitable,1,1,0
nutritionally_scary,1,1,0
nutritionally_satisfactory,1,1,0
nutritionally_right,1,1,0
nutritionally_qualified,1,1,0
nutritionally_dubious,1,1,0
nutritionally_outstanding,1,1,0
nutritionally_mighty,1,1,0
nutritionally_literate,1,1,0
nutritionally_inadequate,1,1,0
nutritionally_great,1,1,0
nutritionally_good,1,1,0
nutritionally_empty,1,1,0
often_inefficient,1,1,0
often_inflammatory,1,1,0
often_injured,1,1,0
operationally_valid,1,1,0
operationally_undesirable,1,1,0
operationally_tenable,1,1,0
operationally_sustainable,1,1,0
operationally_smart,1,1,0
operationally_similar,1,1,0
operationally_relevant,1,1,0
operationally_realistic,1,1,0
operationally_profitable,1,1,0
operationally_palatable,1,1,0
operationally_ludicrous,1,1,0
operationally_irrelevant,1,1,0
operationally_inexpensive,1,1,0
operationally_impossible,1,1,0
operationally_difficult,1,1,0
operationally_different,1,1,0
operationally_dependent,1,1,0
operationally_dependable,1,1,0
operationally_useable,1,1,0
operationally_wrong,1,0,1
operationally_crucial,1,1,0
oppressively_authoritarian,1,1,0
oppressively_morose,1,1,0
oppressively_maternal,1,1,0
oppressively_long,1,1,0
oppressively_heterosexual,1,1,0
oppressively_heavy,1,1,0
oppressively_dreary,1,1,0
oppressively_dominant,1,1,0
oppressively_dire,1,1,0
oppressively_crowded,1,1,0
oppressively_complex,1,1,0
oppressively_close,1,1,0
oppressively_cerebral,1,1,0
oppressively_catholic,1,1,0
oppressively_bright,1,1,0
oppressively_boring,1,1,0
oppressively_bleak,1,1,0
oppressively_awful,1,1,0
operationally_decisive,1,1,0
operationally_compatible,1,1,0
oppressively_patriarchal,1,1,0
openly_sexual,1,1,0
openly_sentimental,1,1,0
openly_selective,1,1,0
openly_secular,1,1,0
openly_satirical,1,1,0
openly_sad,1,1,0
openly_revolting,1,1,0
openly_public,1,1,0
openly_protectionist,1,1,0
openly_pro-israel,1,1,0
openly_pro-choice,1,1,0
openly_present,1,1,0
openly_posh,1,1,0
openly_polite,1,1,0
openly_pleasant,1,1,0
openly_patriotic,1,1,0
openly_parochial,1,1,0
openly_ostentatious,1,1,0
openly_sexist,1,1,0
openly_sexy,1,1,0
operationally_capable,1,1,0
openly_shocking,1,0,1
openly_xenophobic,1,1,0
openly_witty,1,1,0
openly_wet,1,1,0
openly_vulnerable,1,1,0
openly_upset,1,1,0
openly_unfavorable,1,1,0
openly_tyrannical,1,1,0
openly_tragic,1,0,1
openly_thankful,1,1,0
openly_tactile,1,1,0
openly_suspicious,1,1,0
openly_subversive,1,1,0
openly_stupid,1,1,0
openly_strange,1,1,0
openly_social,1,1,0
openly_slutty,1,0,1
openly_sinister,1,1,0
oppressively_negative,1,1,0
oppressively_religious,1,1,0
ordinarily_white,1,1,0
ordinarily_next,1,1,0
ordinarily_mindful,1,1,0
ordinarily_manifest,1,1,0
ordinarily_mandatory,1,1,0
ordinarily_manageable,1,1,0
ordinarily_loud,1,1,0
ordinarily_long-lived,1,1,0
ordinarily_injurious,1,1,0
ordinarily_inexpensive,1,1,0
ordinarily_inclined,1,1,0
ordinarily_improper,1,1,0
ordinarily_important,1,1,0
ordinarily_illegal,1,1,0
ordinarily_ideal,1,1,0
ordinarily_high,1,1,0
ordinarily_harmful,1,1,0
ordinarily_glamorous,1,1,0
ordinarily_friendly,1,1,0
ordinarily_necessary,1,1,0
ordinarily_notable,1,1,0
ordinarily_fatal,1,1,0
ordinarily_noticeable,1,1,0
ordinarily_usable,1,1,0
ordinarily_thin,1,1,0
ordinarily_susceptible,1,1,0
ordinarily_sufficient,1,1,0
ordinarily_subject,1,1,0
ordinarily_several,1,1,0
ordinarily_resistant,1,1,0
ordinarily_related,1,1,0
ordinarily_recognisable,1,1,0
ordinarily_radioactive,1,1,0
ordinarily_quick,1,1,0
ordinarily_psychic,1,1,0
ordinarily_prone,1,1,0
ordinarily_privy,1,1,0
ordinarily_perceptible,1,1,0
ordinarily_painful,1,1,0
ordinarily_ok,1,1,0
ordinarily_formal,1,1,0
ordinarily_familiar,1,1,0
oppressively_rich,1,1,0
optically_profound,1,1,0
optically_poor,1,1,0
optically_perfect,1,1,0
optically_overwhelming,1,1,0
optically_neutral,1,1,0
optically_great,1,1,0
optically_flat,1,1,0
optically_detectable,1,1,0
optically_delightful,1,1,0
optically_clean,1,1,0
optically_attractive,1,1,0
optically_apparent,1,1,0
optically_active,1,1,0
optically_abundant,1,1,0
oppressively_warm,1,1,0
oppressively_spare,1,1,0
oppressively_small,1,1,0
oppressively_sexist,1,1,0
optically_possible,1,1,0
optically_translucent,1,1,0
ordinarily_enforceable,1,1,0
optically_visible,1,1,0
ordinarily_drunk,1,1,0
ordinarily_discernible,1,1,0
ordinarily_delusional,1,1,0
ordinarily_defiant,1,1,0
ordinarily_deductible,1,1,0
ordinarily_crucial,1,1,0
ordinarily_criminal,1,1,0
ordinarily_closed,1,1,0
ordinarily_certain,1,1,0
ordinarily_attentive,1,1,0
ordinarily_apparent,1,1,0
ordinarily_answerable,1,1,0
ordinarily_allowable,1,1,0
ordinarily_aggressive,1,1,0
ordinarily_afraid,1,1,0
ordinarily_acceptable,1,1,0
ordinarily_able,1,1,0
openly_melodramatic,1,1,0
openly_manifest,1,1,0
openly_malevolent,1,1,0
only_unorganized,1,1,0
only_unmarried,1,1,0
only_unlikeable,1,1,0
only_unionized,1,1,0
only_uninterrupted,1,1,0
only_unintelligible,1,1,0
only_uninhibited,1,1,0
only_uninhabited,1,1,0
only_uninhabitable,1,1,0
only_unfettered,1,1,0
only_undisturbed,1,1,0
only_undiscovered,1,1,0
only_undisclosed,1,1,0
only_undisciplined,1,1,0
only_underweight,1,1,0
only_understated,1,1,0
only_underground,1,1,0
only_under-reported,1,1,0
only_unnoticeable,1,1,0
only_unpalatable,1,1,0
only_undecided,1,1,0
only_unpretentious,1,1,0
only_upper,1,1,0
only_uphill,1,1,0
only_upcoming,1,1,0
only_unwatchable,1,1,0
only_untouchable,1,1,0
only_untold,1,1,0
only_untested,1,1,0
only_untapped,1,1,0
only_unsung,1,1,0
only_unstructured,1,1,0
only_unspoken,1,1,0
only_unspoiled,1,1,0
only_unruly,1,1,0
only_unreported,1,1,0
only_unremarkable,1,1,0
only_unreadable,1,1,0
only_unreachable,1,1,0
only_under-appreciated,1,1,0
only_uncooperative,1,1,0
openly_loving,1,1,0
only_symbiotic,1,1,0
only_supernatural,1,1,0
only_superhuman,1,1,0
only_sunny,1,1,0
only_sultry,1,1,0
only_sugary,1,1,0
only_succulent,1,1,0
only_succinct,1,1,0
only_subversive,1,1,0
only_submissive,1,1,0
only_stressed,1,1,0
only_stout,1,1,0
only_stormy,1,1,0
only_stinky,1,1,0
only_stilted,1,1,0
only_stiffer,1,1,0
only_steamy,1,1,0
only_stealthy,1,1,0
only_surgical,1,1,0
only_synthetic,1,1,0
only_unbiased,1,1,0
only_tactile,1,1,0
only_unassuming,1,1,0
only_uglier,1,1,0
only_twisted,1,1,0
only_trashy,1,1,0
only_trained,1,1,0
only_touted,1,1,0
only_touching,1,1,0
only_tipsy,1,1,0
only_thriving,1,1,0
only_tepid,1,1,0
only_tenuous,1,1,0
only_tentative,1,1,0
only_tenable,1,1,0
only_temperamental,1,1,0
only_taxable,1,1,0
only_tangential,1,1,0
only_talkative,1,1,0
only_uptight,1,1,0
only_vacuous,1,1,0
only_various,1,1,0
openly_explosive,1,1,0
openly_excited,1,1,0
openly_ethnic,1,1,0
openly_erroneous,1,1,0
openly_enthusiastic,1,1,0
openly_enough,1,1,0
openly_enamoured,1,1,0
openly_effusive,1,1,0
openly_discernible,1,1,0
openly_desperate,1,1,0
openly_derivative,1,1,0
openly_demonstrative,1,1,0
openly_democratic,1,1,0
openly_cruel,1,1,0
openly_criminal,1,0,1
openly_crazy,1,1,0
openly_crass,1,1,0
openly_corrupt,1,1,0
openly_exploratory,1,1,0
openly_fanatical,1,1,0
only_vehement,1,1,0
openly_favorable,1,1,0
openly_lawless,1,1,0
openly_laughable,1,1,0
openly_keen,1,1,0
openly_involved,1,1,0
openly_impressed,1,1,0
openly_identifiable,1,1,0
openly_hypnotic,1,1,0
openly_horrible,1,1,0
openly_heretical,1,1,0
openly_happy,1,1,0
openly_gregarious,1,1,0
openly_grateful,1,1,0
openly_grandiose,1,1,0
openly_funny,1,1,0
openly_flirtatious,1,1,0
openly_flamboyant,1,1,0
openly_flagrant,1,1,0
openly_cool,1,1,0
openly_conversational,1,1,0
openly_contradictory,1,1,0
openly_contentious,1,1,0
openly_able,1,1,0
only_zero,1,1,0
only_year-round,1,1,0
only_wondrous,1,1,0
only_wobbly,1,1,0
only_whiny,1,1,0
only_well-known,1,1,0
only_weirder,1,1,0
only_walkable,1,1,0
only_voracious,1,1,0
only_viscous,1,1,0
only_virulent,1,1,0
only_viral,1,1,0
only_villainous,1,1,0
only_verbose,1,1,0
only_verbatim,1,1,0
only_venerable,1,1,0
openly_abusive,1,1,0
openly_accepting,1,1,0
openly_ambitious,1,1,0
openly_challenging,1,1,0
openly_conservative,1,1,0
openly_confrontational,1,1,0
openly_committed,1,1,0
openly_comedic,1,1,0
openly_combative,1,1,0
openly_cocky,1,1,0
openly_christian,1,1,0
openly_bloodthirsty,1,1,0
openly_anti-israel,1,1,0
openly_bisexual,1,1,0
openly_beautiful,1,1,0
openly_barbaric,1,1,0
openly_bad,1,1,0
openly_arrogant,1,1,0
openly_appealing,1,1,0
openly_apologetic,1,1,0
ordinarily_violent,1,1,0
ordinarily_willing,1,1,0
often_injurious,1,1,0
otherwise_suspicious,1,1,0
otherwise_superior,1,1,0
otherwise_suitable,1,1,0
otherwise_sufficient,1,1,0
otherwise_successful,1,1,0
otherwise_strong,1,1,0
otherwise_speculative,1,1,0
otherwise_specific,1,1,0
otherwise_similar,1,1,0
otherwise_sensible,1,1,0
otherwise_secure,1,1,0
otherwise_scalable,1,1,0
otherwise_right,1,1,0
otherwise_resistant,1,1,0
otherwise_resident,1,1,0
otherwise_recyclable,1,1,0
otherwise_recognisable,1,1,0
otherwise_real,1,1,0
otherwise_supernatural,1,1,0
otherwise_sustainable,1,1,0
otherwise_provocative,1,1,0
otherwise_terminal,1,1,0
otherwise_vicious,1,1,0
otherwise_valid,1,1,0
otherwise_unusual,1,0,1
otherwise_unsympathetic,1,1,0
otherwise_unsuitable,1,1,0
otherwise_unreasonable,1,1,0
otherwise_unpleasant,1,1,0
otherwise_unfit,1,1,0
otherwise_unavailable,1,1,0
otherwise_unattainable,1,1,0
otherwise_unaffected,1,1,0
otherwise_ugly,1,1,0
otherwise_true,1,1,0
otherwise_trivial,1,0,1
otherwise_traditional,1,0,1
otherwise_traceable,1,1,0
otherwise_toxic,1,1,0
otherwise_readable,1,1,0
otherwise_prominent,1,1,0
otherwise_worthy,1,1,0
otherwise_noticeable,1,1,0
otherwise_normal,1,1,0
otherwise_newsworthy,1,1,0
otherwise_much,1,1,0
otherwise_motivated,1,1,0
otherwise_manipulative,1,1,0
otherwise_manifest,1,1,0
otherwise_maddening,1,1,0
otherwise_long,1,1,0
otherwise_light,1,1,0
otherwise_legitimate,1,1,0
otherwise_lavish,1,1,0
otherwise_laden,1,1,0
otherwise_involved,1,1,0
otherwise_insightful,1,1,0
otherwise_innocent,1,1,0
otherwise_indiscriminate,1,1,0
otherwise_independent,1,1,0
otherwise_noteworthy,1,1,0
otherwise_observant,1,1,0
otherwise_programmable,1,1,0
otherwise_offensive,1,1,0
otherwise_proficient,1,1,0
otherwise_productive,1,1,0
otherwise_privy,1,1,0
otherwise_predictable,1,1,0
otherwise_practicable,1,1,0
otherwise_potential,1,1,0
otherwise_poor,1,1,0
otherwise_playable,1,1,0
otherwise_pessimistic,1,1,0
otherwise_pertinent,1,1,0
otherwise_persuasive,1,1,0
otherwise_perfect,1,1,0
otherwise_overwhelming,1,1,0
otherwise_overweight,1,1,0
otherwise_other,1,1,0
otherwise_optimistic,1,1,0
otherwise_ok,1,1,0
otherwise_weird,1,1,0
out_adventurous,1,1,0
originally_accessible,1,1,0
outrageously_flamboyant,1,1,0
outrageously_fearful,1,1,0
outrageously_fantastic,1,1,0
outrageously_experimental,1,0,1
outrageously_exciting,1,0,1
outrageously_evil,1,1,0
outrageously_easy,1,1,0
outrageously_early,1,1,0
outrageously_drunk,1,1,0
outrageously_droll,1,0,1
outrageously_disproportionate,1,1,0
outrageously_delicious,1,1,0
outrageously_dangerous,1,1,0
outrageously_cynical,1,1,0
outrageously_competitive,1,1,0
outrageously_commercial,1,1,0
outrageously_colourful,1,1,0
outrageously_colorful,1,1,0
outrageously_fervent,1,1,0
outrageously_free,1,1,0
outrageously_brilliant,1,0,1
outrageously_generous,1,1,0
outrageously_irrational,1,1,0
outrageously_insulting,1,1,0
outrageously_inferior,1,1,0
outrageously_inefficient,1,1,0
outrageously_incongruous,1,1,0
outrageously_impressive,1,1,0
outrageously_implausible,1,1,0
outrageously_identifiable,1,1,0
outrageously_icky,1,1,0
outrageously_hot,1,1,0
outrageously_hilarious,1,1,0
outrageously_heavy,1,1,0
outrageously_happy,1,1,0
outrageously_handsome,1,1,0
outrageously_groundbreaking,1,1,0
outrageously_grotesque,1,1,0
outrageously_great,1,1,0
outrageously_cheap,1,1,0
outrageously_brave,1,1,0
out_aggressive,1,1,0
out_loathsome,1,1,0
out_late,1,1,0
out_hilarious,1,1,0
out_helpful,1,1,0
out_hard,1,1,0
out_greedy,1,1,0
out_frantic,1,1,0
out_expensive,1,1,0
out_enthusiastic,1,1,0
out_effective,1,1,0
out_east,1,1,0
out_deep,1,1,0
out_dangerous,1,1,0
out_contrary,1,1,0
out_clean,1,1,0
out_bad,1,1,0
out_available,1,1,0
out_armed,1,1,0
out_limp,1,1,0
out_long,1,1,0
outrageously_blue,1,1,0
out_more,1,1,0
outrageously_bitter,1,1,0
outrageously_big,1,1,0
outrageously_awesome,1,1,0
outrageously_athletic,1,1,0
out_worthy,1,1,0
out_weird,1,1,0
out_visible,1,1,0
out_unscathed,1,1,0
out_unreasonable,1,1,0
out_uniform,1,1,0
out_undone,1,1,0
out_terrible,1,1,0
out_smart,1,1,0
out_ridiculous,1,1,0
out_quicker,1,1,0
out_ordinary,1,1,0
out_off,1,1,0
otherwise_incompetent,1,1,0
otherwise_incapable,1,1,0
otherwise_impressive,1,1,0
originally_roman,1,1,0
originally_racist,1,1,0
originally_prevalent,1,1,0
originally_pleasing,1,1,0
originally_pleased,1,1,0
originally_pink,1,1,0
originally_philosophical,1,1,0
originally_personal,1,1,0
originally_payable,1,1,0
originally_palestinian,1,1,0
originally_pagan,1,1,0
originally_original,1,1,0
originally_opaque,1,1,0
originally_online,1,1,0
originally_obtainable,1,1,0
originally_nutritional,1,1,0
originally_necessary,1,1,0
originally_muslim,1,1,0
originally_receptive,1,1,0
originally_scottish,1,1,0
originally_medieval,1,1,0
originally_sensitive,1,1,0
ostensibly_better,1,1,0
ostensibly_bad,1,1,0
ostensibly_appealing,1,1,0
originally_whole,1,1,0
originally_violent,1,1,0
originally_unique,1,1,0
originally_underground,1,1,0
originally_unclear,1,1,0
originally_taxable,1,1,0
originally_supportive,1,1,0
originally_successful,1,1,0
originally_subject,1,1,0
originally_stretchy,1,1,0
originally_spanish,1,1,0
originally_sinful,1,1,0
originally_silent,1,1,0
originally_sick,1,1,0
originally_military,1,1,0
originally_magnetic,1,1,0
otherwise_impressed,1,1,0
originally_endemic,1,1,0
originally_dangerous,1,1,0
originally_culpable,1,1,0
originally_cooperative,1,1,0
originally_comfortable,1,1,0
originally_christian,1,1,0
originally_chinese,1,1,0
originally_capable,1,1,0
originally_british,1,1,0
originally_brilliant,1,1,0
originally_blue,1,1,0
originally_blind,1,1,0
originally_black,1,1,0
originally_averse,1,1,0
originally_attractive,1,1,0
originally_anonymous,1,1,0
originally_african,1,1,0
originally_affordable,1,1,0
originally_deliberate,1,1,0
originally_equal,1,1,0
originally_magical,1,1,0
originally_european,1,1,0
originally_long,1,1,0
originally_lawful,1,1,0
originally_latin,1,1,0
originally_israeli,1,1,0
originally_interesting,1,1,0
originally_integral,1,1,0
originally_inclined,1,1,0
originally_holy,1,1,0
originally_hispanic,1,1,0
originally_harmful,1,1,0
originally_good,1,0,1
originally_german,1,1,0
originally_funny,1,1,0
originally_foreseeable,1,1,0
originally_factual,1,1,0
originally_excited,1,1,0
originally_evil,1,1,0
ostensibly_clear,1,1,0
ostensibly_concerned,1,1,0
ostensibly_different,1,1,0
otherwise_enforceable,1,1,0
otherwise_edible,1,1,0
otherwise_economical,1,1,0
otherwise_due,1,1,0
otherwise_drunk,1,1,0
otherwise_dissimilar,1,1,0
otherwise_discernible,1,1,0
otherwise_disagreeable,1,0,1
otherwise_disadvantaged,1,1,0
otherwise_different,1,1,0
otherwise_devoid,1,1,0
otherwise_devastating,1,1,0
otherwise_detailed,1,1,0
otherwise_dependent,1,1,0
otherwise_demonstrative,1,1,0
otherwise_delinquent,1,1,0
otherwise_defective,1,1,0
otherwise_deductible,1,1,0
otherwise_enchanting,1,1,0
otherwise_equipped,1,1,0
ostensibly_fun,1,1,0
otherwise_excitable,1,1,0
otherwise_impoverished,1,1,0
otherwise_impossible,1,0,1
otherwise_identifiable,1,1,0
otherwise_identical,1,1,0
otherwise_hostile,1,1,0
otherwise_hospitable,1,1,0
otherwise_high-quality,1,1,0
otherwise_heavy,1,1,0
otherwise_happier,1,1,0
otherwise_good,1,1,0
otherwise_glad,1,1,0
otherwise_germane,1,1,0
otherwise_fun,1,1,0
otherwise_frequent,1,1,0
otherwise_flavorful,1,1,0
otherwise_fat,1,1,0
otherwise_false,1,1,0
otherwise_decent,1,1,0
otherwise_damaging,1,1,0
otherwise_convinced,1,1,0
otherwise_convenient,1,1,0
otherwise_abnormal,1,1,0
ostensibly_useful,1,0,1
ostensibly_spiritual,1,1,0
ostensibly_socialist,1,1,0
ostensibly_social,1,1,0
ostensibly_responsible,1,1,0
ostensibly_positive,1,1,0
ostensibly_much,1,1,0
ostensibly_loveable,1,1,0
ostensibly_lavish,1,1,0
ostensibly_jewish,1,1,0
ostensibly_identical,1,1,0
ostensibly_humorous,1,1,0
ostensibly_holy,1,0,1
ostensibly_hard-hitting,1,1,0
ostensibly_grisly,1,0,1
ostensibly_good,1,1,0
otherwise_advantageous,1,1,0
otherwise_advisable,1,1,0
otherwise_affordable,1,1,0
otherwise_beneficial,1,1,0
otherwise_controllable,1,1,0
otherwise_consistent,1,1,0
otherwise_conscious,1,1,0
otherwise_compelling,1,1,0
otherwise_comfortable,1,1,0
otherwise_bothersome,1,0,1
otherwise_better,1,1,0
otherwise_beholden,1,1,0
otherwise_alike,1,1,0
otherwise_baseless,1,0,1
otherwise_avoidable,1,1,0
otherwise_arbitrary,1,1,0
otherwise_applicable,1,1,0
otherwise_apologetic,1,1,0
otherwise_anxious,1,1,0
otherwise_anti-social,1,1,0
only_statistical,1,1,0
only_staggering,1,1,0
only_square,1,1,0
once_inconvenient,1,1,0
once_illegal,1,1,0
once_hungry,1,1,0
once_hot,1,1,0
once_heated,1,1,0
once_hard,1,1,0
once_funny,1,1,0
once_fearless,1,1,0
once_fashionable,1,1,0
once_excited,1,1,0
once_exceptional,1,1,0
once_elated,1,1,0
once_doubtful,1,1,0
once_discoverable,1,1,0
once_defective,1,1,0
once_cooperative,1,1,0
once_conscious,1,1,0
once_confused,1,1,0
once_inappropriate,1,1,0
once_inferior,1,1,0
once_competent,1,1,0
once_interesting,1,1,0
once_proud,1,1,0
once_proactive,1,1,0
once_predictable,1,1,0
once_popular,1,0,1
once_poor,1,1,0
once_pleased,1,1,0
once_perceptible,1,1,0
once_newsworthy,1,1,0
once_nervous,1,1,0
once_naked,1,1,0
once_mean,1,1,0
once_livid,1,1,0
once_lit,1,1,0
once_last,1,1,0
once_lackluster,1,1,0
once_irate,1,1,0
once_involved,1,1,0
once_complete,1,0,1
once_commonplace,1,1,0
once_radical,1,1,0
oftentimes_accustomed,1,1,0
often_younger,1,1,0
often_yellow,1,1,0
often_wrinkled,1,1,0
often_worthy,1,1,0
often_worthwhile,1,1,0
often_worthless,1,1,0
often_worst,1,1,0
often_witty,1,1,0
often_wider,1,1,0
often_wide,1,1,0
often_white,1,1,0
often_wet,1,1,0
often_welcoming,1,1,0
often_weirder,1,1,0
often_wearable,1,1,0
often_wealthy,1,1,0
often_voluntary,1,1,0
often_zero,1,1,0
oftentimes_cheaper,1,1,0
once_common,1,1,0
oftentimes_sharp,1,1,0
once_cold,1,1,0
once_calm,1,1,0
once_aware,1,1,0
once_anxious,1,1,0
once_ambitious,1,1,0
once_accountable,1,1,0
on_tight,1,1,0
on_more,1,1,0
on_live,1,1,0
on_hot,1,1,0
on_enough,1,1,0
on_empty,1,1,0
on_common,1,1,0
on_bright,1,1,0
ominously_terrifying,1,0,1
ominously_close,1,1,0
ominously_beautiful,1,1,0
once_pushy,1,1,0
once_related,1,1,0
only_spry,1,1,0
only_brazen,1,1,0
only_blase,1,1,0
only_blank,1,1,0
only_bitchy,1,1,0
only_biodiverse,1,1,0
only_binding,1,1,0
only_biggest,1,1,0
only_bald,1,1,0
only_balanced,1,1,0
only_back,1,1,0
only_autocratic,1,1,0
only_asymptomatic,1,1,0
only_arresting,1,1,0
only_arid,1,1,0
only_arguable,1,1,0
only_ardent,1,1,0
only_apprehensive,1,1,0
only_apologetic,1,1,0
only_bloodthirsty,1,1,0
only_brisk,1,1,0
only_anti-social,1,1,0
only_buggy,1,1,0
only_commensurate,1,1,0
only_colossal,1,1,0
only_collegial,1,1,0
only_collectable,1,1,0
only_closest,1,1,0
only_clad,1,1,0
only_civilized,1,1,0
only_circumstantial,1,1,0
only_circuitous,1,1,0
only_cinematic,1,1,0
only_chronological,1,1,0
only_choppy,1,1,0
only_chewy,1,1,0
only_chaste,1,1,0
only_celebrated,1,1,0
only_capitalist,1,1,0
only_bustling,1,1,0
only_apocryphal,1,1,0
only_angelic,1,1,0
once_secret,1,0,1
online_exclusive,1,1,0
once_wet,1,1,0
once_weekly,1,1,0
once_useful,1,1,0
once_unsure,1,1,0
once_uniform,1,1,0
once_unhappy,1,1,0
once_unemployed,1,1,0
once_tranquil,1,1,0
once_tiring,1,1,0
once_tired,1,1,0
once_thin,1,1,0
once_thankful,1,1,0
once_stressful,1,1,0
once_stilted,1,1,0
once_spectacular,1,0,1
once_sluggish,1,1,0
once_shy,1,1,0
online_compatible,1,1,0
online_most,1,1,0
only_anemic,1,1,0
online_oriented,1,1,0
only_amateur,1,1,0
only_aloof,1,1,0
only_airtight,1,1,0
only_aimless,1,1,0
only_agitated,1,1,0
only_african-american,1,1,0
only_afoot,1,1,0
only_affable,1,1,0
only_adroit,1,1,0
only_adaptive,1,1,0
only_acrimonious,1,1,0
only_accommodating,1,1,0
only_abrasive,1,1,0
online_valid,1,1,0
online_savvy,1,1,0
online_ready,1,1,0
online_present,1,1,0
often_volatile,1,0,1
often_violent,1,1,0
often_vindictive,1,1,0
often_pricey,1,1,0
often_prevalent,1,1,0
often_precise,1,1,0
often_powerful,1,1,0
often_polished,1,1,0
often_poignant,1,1,0
often_poetic,1,1,0
often_playful,1,1,0
often_plain,1,1,0
often_physical,1,1,0
often_persuasive,1,1,0
often_overwhelming,1,1,0
often_overt,1,1,0
often_overcrowded,1,1,0
often_outdoors,1,1,0
often_ours,1,1,0
often_optimal,1,1,0
often_onboard,1,1,0
often_preventable,1,1,0
often_private,1,1,0
often_okay,1,1,0
often_privileged,1,1,0
often_remarkable,1,1,0
often_reflective,1,1,0
often_recyclable,1,1,0
often_recognizable,1,1,0
often_rebellious,1,1,0
often_realistic,1,1,0
often_reactive,1,1,0
often_reachable,1,1,0
often_raunchy,1,1,0
often_rational,1,1,0
often_rainy,1,1,0
often_questionable,1,1,0
often_puzzling,1,1,0
often_psychological,1,1,0
often_pronounced,1,1,0
often_prominent,1,1,0
often_profound,1,1,0
often_old,1,1,0
often_oblivious,1,1,0
often_viable,1,1,0
often_logical,1,1,0
often_likeable,1,1,0
often_like,1,1,0
often_lighthearted,1,1,0
often_liable,1,1,0
often_lethal,1,1,0
often_lengthy,1,1,0
often_lavish,1,1,0
often_knowledgeable,1,1,0
often_jaded,1,1,0
often_irrational,1,1,0
often_involved,1,1,0
often_intricate,1,1,0
often_intimate,1,1,0
often_intentional,1,1,0
often_inspiring,1,1,0
often_inspired,1,1,0
often_insignificant,1,1,0
often_listenable,1,1,0
often_lonely,1,1,0
often_nonsensical,1,1,0
often_long-lived,1,1,0
often_negative,1,1,0
often_neat,1,1,0
often_naturalistic,1,1,0
often_natural,1,1,0
often_naked,1,1,0
often_naive,1,1,0
often_monetary,1,1,0
often_misleading,1,1,0
often_miserable,1,0,1
often_minimal,1,1,0
often_mental,1,1,0
often_melodic,1,1,0
often_marketable,1,1,0
often_many,1,1,0
often_mainstream,1,1,0
often_lucrative,1,1,0
often_loyal,1,1,0
often_representative,1,1,0
often_resistant,1,1,0
often_reusable,1,1,0
often_understandable,1,1,0
often_uncomplicated,1,1,0
often_unanimous,1,1,0
often_unable,1,1,0
often_ugly,1,1,0
often_typical,1,1,0
often_treatable,1,1,0
often_toxic,1,1,0
often_tough,1,1,0
often_top-notch,1,1,0
often_tolerant,1,1,0
often_tired,1,1,0
often_thorough,1,1,0
often_thin,1,1,0
often_thankful,1,1,0
often_territorial,1,1,0
often_terminal,1,1,0
often_tempting,1,1,0
often_unconstitutional,1,1,0
often_unemployed,1,1,0
often_rich,1,1,0
often_unhappy,1,1,0
often_venomous,1,1,0
often_valuable,1,1,0
often_vacant,1,1,0
often_upset,1,1,0
often_unwilling,1,1,0
often_unwanted,1,1,0
often_untrue,1,1,0
often_unstable,1,1,0
often_unruly,1,1,0
often_unreliable,1,1,0
often_unreadable,1,1,0
often_unprofitable,1,1,0
often_unplanned,1,1,0
often_unique,1,1,0
often_unimpressed,1,1,0
often_uniform,1,1,0
often_unhealthy,1,1,0
often_tangible,1,1,0
often_sympathetic,1,1,0
often_sweeter,1,1,0
often_sweet,1,1,0
often_shocking,1,1,0
often_shit,1,1,0
often_severe,1,1,0
often_serene,1,1,0
often_sensible,1,1,0
often_selective,1,1,0
often_sectarian,1,1,0
often_seamless,1,1,0
often_scarce,1,1,0
often_savage,1,1,0
often_satisfactory,1,1,0
often_sanitary,1,1,0
often_safer,1,1,0
often_rude,1,1,0
often_rosy,1,1,0
often_romantic,1,1,0
often_ridiculous,1,1,0
often_significant,1,1,0
often_silent,1,1,0
often_skeptical,1,1,0
often_substantial,1,1,0
often_susceptible,1,1,0
often_surprising,1,1,0
often_superstitious,1,1,0
often_superficial,1,1,0
often_sunny,1,1,0
often_suicidal,1,1,0
often_subtle,1,1,0
often_sturdy,1,1,0
often_skilled,1,1,0
often_stupid,1,1,0
often_stronger,1,1,0
often_stable,1,1,0
often_spot-on,1,1,0
often_sound,1,1,0
often_sophisticated,1,1,0
often_sleepy,1,1,0
only_communal,1,1,0
only_compulsive,1,1,0
only_concentrated,1,1,0
only_nifty,1,1,0
only_never-ending,1,1,0
only_nerve-racking,1,1,0
only_navigable,1,1,0
only_nauseous,1,1,0
only_nauseating,1,1,0
only_nastier,1,1,0
only_mushy,1,1,0
only_moribund,1,1,0
only_moody,1,1,0
only_monolithic,1,1,0
only_monochromatic,1,1,0
only_missing,1,1,0
only_minuscule,1,1,0
only_minimalistic,1,1,0
only_minded,1,1,0
only_mind-boggling,1,1,0
only_milder,1,1,0
only_niche,1,1,0
only_non,1,1,0
only_metallic,1,1,0
only_non-partisan,1,1,0
only_overused,1,1,0
only_oversized,1,1,0
only_overbearing,1,1,0
only_outside,1,1,0
only_orwellian,1,1,0
only_ornate,1,1,0
only_orderly,1,1,0
only_open-ended,1,1,0
only_one-dimensional,1,1,0
only_ominous,1,1,0
only_offended,1,1,0
only_off,1,0,1
only_occasional,1,1,0
only_nurturing,1,1,0
only_noxious,1,1,0
only_nonpartisan,1,1,0
only_non-violent,1,1,0
only_microscopic,1,1,0
only_merry,1,1,0
only_irritable,1,1,0
only_livid,1,1,0
only_litigious,1,1,0
only_lighthearted,1,1,0
only_lifeless,1,1,0
only_libertarian,1,1,0
only_libelous,1,1,0
only_lesser,1,1,0
only_lenient,1,1,0
only_left-leaning,1,1,0
only_lead,1,1,0
only_lawless,1,1,0
only_law-abiding,1,1,0
only_latest,1,1,0
only_kurdish,1,1,0
only_junior,1,1,0
only_jolly,1,1,0
only_joint,1,1,0
only_jittery,1,1,0
only_little,1,1,0
only_loath,1,1,0
only_melodramatic,1,1,0
only_loathsome,1,1,0
only_melancholic,1,1,0
only_medium,1,1,0
only_medicinal,1,1,0
only_meaty,1,1,0
only_mass,1,1,0
only_marvellous,1,1,0
only_manual,1,1,0
only_maneuverable,1,1,0
only_malnourished,1,1,0
only_malignant,1,1,0
only_malevolent,1,1,0
only_main,1,1,0
only_macho,1,1,0
only_luminous,1,1,0
only_lowest,1,1,0
only_looser,1,1,0
only_long-lived,1,1,0
only_pagan,1,1,0
only_paltry,1,1,0
only_parochial,1,1,0
only_shit,1,1,0
only_shareable,1,1,0
only_sexualized,1,1,0
only_set,1,1,0
only_self-explanatory,1,1,0
only_self-contained,1,1,0
only_self-conscious,1,1,0
only_self-confident,1,1,0
only_seedy,1,1,0
only_secluded,1,1,0
only_seasoned,1,1,0
only_sculptural,1,1,0
only_scottish,1,1,0
only_satirical,1,1,0
only_sassy,1,1,0
only_sanguine,1,1,0
only_salient,1,1,0
only_rusty,1,1,0
only_sheer,1,1,0
only_shitty,1,1,0
only_part-time,1,1,0
only_silky,1,1,0
only_spotty,1,1,0
only_spherical,1,1,0
only_specialized,1,1,0
only_sparkly,1,1,0
only_sordid,1,1,0
only_somber,1,1,0
only_soluble,1,1,0
only_solemn,1,1,0
only_soggy,1,1,0
only_soft-spoken,1,1,0
only_snazzy,1,1,0
only_smitten,1,1,0
only_sluggish,1,1,0
only_skimpy,1,1,0
only_sketchy,1,1,0
only_sixth,1,1,0
only_singular,1,1,0
only_rudimentary,1,1,0
only_reverent,1,1,0
only_revered,1,1,0
only_restorative,1,1,0
only_pricy,1,1,0
only_prickly,1,1,0
only_prevailing,1,1,0
only_presidential,1,1,0
only_prejudiced,1,1,0
only_populous,1,1,0
only_populist,1,1,0
only_pop,1,1,0
only_polished,1,1,0
only_pliable,1,1,0
only_platonic,1,1,0
only_perplexed,1,1,0
only_permissive,1,1,0
only_perky,1,1,0
only_perishable,1,1,0
only_perfunctory,1,1,0
only_pastoral,1,1,0
only_prideful,1,1,0
only_pro-israel,1,1,0
only_prohibitive,1,1,0
only_rebellious,1,1,0
only_reproducible,1,1,0
only_regal,1,1,0
only_refreshed,1,1,0
only_redeemable,1,1,0
only_rectangular,1,1,0
only_recoverable,1,1,0
only_reclusive,1,1,0
only_quotable,1,1,0
only_pronounced,1,1,0
only_quixotic,1,1,0
only_qualitative,1,1,0
only_pushy,1,1,0
only_psychic,1,1,0
only_psychedelic,1,1,0
only_provincial,1,1,0
only_proportional,1,1,0
only_irritated,1,1,0
only_irreconcilable,1,1,0
only_conciliatory,1,1,0
only_enamored,1,1,0
only_elemental,1,1,0
only_electable,1,1,0
only_egalitarian,1,1,0
only_downtrodden,1,1,0
only_doubtful,1,1,0
only_dormant,1,1,0
only_dorky,1,1,0
only_dope,1,1,0
only_dodgy,1,1,0
only_divisible,1,1,0
only_dissonant,1,1,0
only_dissimilar,1,1,0
only_displeased,1,1,0
only_disparate,1,1,0
only_disjointed,1,1,0
only_disheartened,1,1,0
only_disgruntled,1,1,0
only_elementary,1,1,0
only_encouraging,1,1,0
only_discoverable,1,1,0
only_energized,1,1,0
only_fervent,1,1,0
only_feisty,1,1,0
only_feeble,1,1,0
only_fast-paced,1,1,0
only_farfetched,1,1,0
only_fanciful,1,1,0
only_facile,1,1,0
only_fab,1,1,0
only_extra,1,1,0
only_exploratory,1,1,0
only_experiential,1,1,0
only_exorbitant,1,1,0
only_eventful,1,1,0
only_even-handed,1,1,0
only_evasive,1,1,0
only_ethereal,1,1,0
only_erect,1,1,0
only_discrete,1,1,0
only_discerning,1,1,0
only_irksome,1,1,0
only_customisable,1,1,0
only_cryptic,1,1,0
only_crooked,1,1,0
only_creepier,1,1,0
only_crazier,1,1,0
only_crappy,1,1,0
only_coveted,1,1,0
only_covert,1,1,0
only_conversational,1,1,0
only_controllable,1,1,0
only_contrite,1,1,0
only_contiguous,1,1,0
only_contextual,1,1,0
only_contented,1,1,0
only_consuming,1,1,0
only_consequential,1,1,0
only_congenial,1,1,0
only_confrontational,1,1,0
only_cuddly,1,1,0
only_daily,1,1,0
only_discernible,1,1,0
only_damning,1,1,0
only_directional,1,1,0
only_diminutive,1,1,0
only_diffuse,1,1,0
only_didactic,1,1,0
only_diabolical,1,1,0
only_detached,1,1,0
only_destabilizing,1,1,0
only_demonic,1,1,0
only_delirious,1,1,0
only_deleterious,1,1,0
only_defiant,1,1,0
only_deferential,1,1,0
only_deductible,1,1,0
only_deadlier,1,1,0
only_dazed,1,1,0
only_darn,1,1,0
only_dapper,1,1,0
only_fictitious,1,1,0
only_fiery,1,1,0
only_fifth,1,1,0
only_impartial,1,1,0
only_illuminating,1,1,0
only_illegible,1,1,0
only_idyllic,1,1,0
only_icy,1,1,0
only_icky,1,1,0
only_hypnotic,1,1,0
only_humbled,1,1,0
only_horrid,1,1,0
only_honourable,1,1,0
only_homey,1,1,0
only_homely,1,1,0
only_holistic,1,1,0
only_hilly,1,1,0
only_highest,1,1,0
only_high-tech,1,1,0
only_hereditary,1,1,0
only_hawkish,1,1,0
only_immaterial,1,1,0
only_impassable,1,1,0
only_flabbergasted,1,1,0
only_impregnable,1,1,0
only_invulnerable,1,1,0
only_introverted,1,1,0
only_introspective,1,1,0
only_intrepid,1,1,0
only_intransigent,1,1,0
only_intractable,1,1,0
only_interwoven,1,1,0
only_insubstantial,1,1,0
only_insolvent,1,1,0
only_insincere,1,1,0
only_inner,1,1,0
only_informal,1,1,0
only_inflated,1,1,0
only_inert,1,1,0
only_individualized,1,1,0
only_incremental,1,1,0
only_incidental,1,1,0
only_hard-hitting,1,1,0
only_hapless,1,1,0
only_hairy,1,1,0
only_hairless,1,1,0
only_freaky,1,1,0
only_frantic,1,1,0
only_frank,1,1,0
only_fractious,1,1,0
only_foul,1,1,0
only_fortuitous,1,1,0
only_former,1,1,0
only_forlorn,1,1,0
only_forgetful,1,1,0
only_forecast,1,1,0
only_focused,1,1,0
only_floral,1,1,0
only_flirtatious,1,1,0
only_flimsy,1,1,0
only_flatter,1,1,0
only_flammable,1,1,0
only_flaky,1,1,0
only_frigid,1,1,0
only_fuel-efficient,1,1,0
only_full-time,1,1,0
only_gradual,1,1,0
only_gutsy,1,1,0
only_grueling,1,1,0
only_groggy,1,1,0
only_grey,1,1,0
only_greatest,1,1,0
only_greasy,1,1,0
only_grandiose,1,1,0
only_good-natured,1,1,0
only_fundamentalist,1,1,0
only_glum,1,1,0
only_gaudy,1,1,0
only_galling,1,1,0
only_fuzzy,1,1,0
only_fussy,1,1,0
only_further,1,1,0
only_funky,1,1,0
notably_prolific,1,1,0
notably_pricey,1,1,0
outrageously_killer,1,1,0
nearly_watchful,1,1,0
nearly_vivid,1,1,0
nearly_vital,1,1,0
nearly_visual,1,1,0
nearly_violent,1,1,0
nearly_vigorous,1,1,0
nearly_vigilant,1,1,0
nearly_vertical,1,1,0
nearly_valuable,1,1,0
nearly_useless,1,1,0
nearly_upset,1,1,0
nearly_unwatchable,1,1,0
nearly_unthinkable,1,1,0
nearly_unplayable,1,1,0
nearly_unnerving,1,1,0
nearly_unimaginable,1,1,0
nearly_uniform,1,1,0
nearly_uneasy,1,1,0
nearly_vocal,1,1,0
nearly_wealthy,1,1,0
nearly_uncomfortable,1,1,0
nearly_widespread,1,1,0
necessarily_alkaline,1,1,0
necessarily_alert,1,1,0
necessarily_alarmed,1,0,1
necessarily_affective,1,1,0
necessarily_affectionate,1,1,0
necessarily_adult,1,1,0
necessarily_addicting,1,1,0
necessarily_abused,1,1,0
necessarily_above,1,1,0
necessarily_abhorrent,1,1,0
nearly_zero,1,0,1
nearly_young,1,1,0
nearly_worthless,1,1,0
nearly_worried,1,1,0
nearly_worldly,1,1,0
nearly_wise,1,1,0
nearly_wild,1,1,0
nearly_understandable,1,1,0
nearly_unbeatable,1,1,0
necessarily_alluring,1,1,0
nearly_supportive,1,1,0
nearly_strange,1,1,0
nearly_stout,1,1,0
nearly_stereotypical,1,1,0
nearly_stealthy,1,1,0
nearly_steady,1,1,0
nearly_sporty,1,1,0
nearly_spherical,1,1,0
nearly_spectacular,1,1,0
nearly_spacious,1,1,0
nearly_sophisticated,1,1,0
nearly_solid,1,1,0
nearly_snug,1,1,0
nearly_sinister,1,1,0
nearly_sick,1,1,0
nearly_showy,1,1,0
nearly_shocked,1,1,0
nearly_shaky,1,1,0
nearly_suicidal,1,1,0
nearly_surprising,1,1,0
nearly_unattainable,1,1,0
nearly_suspicious,1,1,0
nearly_ugly,1,1,0
nearly_troubled,1,0,1
nearly_tropical,1,1,0
nearly_tricky,1,1,0
nearly_trendy,1,1,0
nearly_trashy,1,1,0
nearly_toxic,1,1,0
nearly_timely,1,1,0
nearly_tidy,1,1,0
nearly_thankful,1,1,0
nearly_terrible,1,1,0
nearly_tense,1,1,0
nearly_technological,1,1,0
nearly_technical,1,1,0
nearly_tame,1,1,0
nearly_tacky,1,1,0
nearly_symmetrical,1,1,0
necessarily_allowable,1,1,0
necessarily_alternate,1,1,0
necessarily_counterintuitive,1,1,0
necessarily_closed,1,1,0
necessarily_cliche,1,1,0
necessarily_clever,1,1,0
necessarily_classy,1,1,0
necessarily_civilized,1,1,0
necessarily_civil,1,1,0
necessarily_cinematic,1,1,0
necessarily_chummy,1,1,0
necessarily_chic,1,1,0
necessarily_chemical,1,1,0
necessarily_cheesy,1,1,0
necessarily_charming,1,1,0
necessarily_cerebral,1,1,0
necessarily_centralized,1,1,0
necessarily_catchy,1,1,0
necessarily_cartoonish,1,1,0
necessarily_careless,1,1,0
necessarily_carefree,1,1,0
necessarily_cliched,1,1,0
necessarily_clueless,1,1,0
necessarily_canadian,1,1,0
necessarily_colder,1,1,0
necessarily_corporate,1,1,0
necessarily_cooler,1,1,0
necessarily_controllable,1,1,0
necessarily_contrasting,1,1,0
necessarily_contextual,1,1,0
necessarily_considerate,1,1,0
necessarily_congenial,1,1,0
necessarily_confused,1,1,0
necessarily_concrete,1,1,0
necessarily_compulsive,1,1,0
necessarily_complacent,1,1,0
necessarily_communal,1,1,0
necessarily_combative,1,0,1
necessarily_colorless,1,1,0
necessarily_colorful,1,1,0
necessarily_collectible,1,1,0
necessarily_collectable,1,1,0
necessarily_captive,1,1,0
necessarily_calmer,1,1,0
necessarily_amateur,1,1,0
necessarily_authoritarian,1,1,0
necessarily_attentive,1,0,1
necessarily_astute,1,1,0
necessarily_assertive,1,1,0
necessarily_asleep,1,1,0
necessarily_articulate,1,1,0
necessarily_arousing,1,1,0
necessarily_armed,1,1,0
necessarily_argumentative,1,1,0
necessarily_arguable,1,1,0
necessarily_appalling,1,1,0
necessarily_apolitical,1,1,0
necessarily_anomalous,1,1,0
necessarily_angelic,1,1,0
necessarily_ancient,1,1,0
necessarily_amiss,1,0,1
necessarily_amazed,1,1,0
necessarily_amateurish,1,1,0
necessarily_austere,1,1,0
necessarily_avid,1,1,0
necessarily_busy,1,1,0
necessarily_backward,1,1,0
necessarily_bulky,1,1,0
necessarily_brown,1,1,0
necessarily_broader,1,1,0
necessarily_brittle,1,1,0
necessarily_bouncy,1,1,0
necessarily_booming,1,1,0
necessarily_blasphemous,1,1,0
necessarily_bitchy,1,1,0
necessarily_biggest,1,1,0
necessarily_bereft,1,1,0
necessarily_beloved,1,1,0
necessarily_belligerent,1,1,0
necessarily_baseless,1,1,0
necessarily_baroque,1,1,0
necessarily_barbaric,1,1,0
necessarily_bankrupt,1,1,0
necessarily_balanced,1,1,0
nearly_sexist,1,1,0
nearly_selfish,1,1,0
nearly_self-destructive,1,1,0
nearly_irrelevant,1,0,1
nearly_intrusive,1,1,0
nearly_introspective,1,1,0
nearly_intimidating,1,1,0
nearly_interactive,1,1,0
nearly_intensive,1,1,0
nearly_intact,1,1,0
nearly_instantaneous,1,1,0
nearly_instant,1,1,0
nearly_insightful,1,1,0
nearly_influential,1,1,0
nearly_inflammatory,1,1,0
nearly_infinite,1,1,0
nearly_infectious,1,1,0
nearly_indulgent,1,1,0
nearly_indistinguishable,1,1,0
nearly_inconsequential,1,1,0
nearly_incomprehensible,1,1,0
nearly_invincible,1,1,0
nearly_irresistible,1,1,0
nearly_inaudible,1,1,0
nearly_irresponsible,1,1,0
nearly_messy,1,1,0
nearly_melodic,1,1,0
nearly_manly,1,1,0
nearly_magnetic,1,1,0
nearly_magical,1,1,0
nearly_mad,1,1,0
nearly_lucid,1,1,0
nearly_literate,1,1,0
nearly_liquid,1,1,0
nearly_linear,1,1,0
nearly_limitless,1,1,0
nearly_like,1,1,0
nearly_light,1,1,0
nearly_late,1,1,0
nearly_jaded,1,1,0
nearly_italian,1,1,0
nearly_irritating,1,1,0
nearly_inclusive,1,1,0
nearly_impenetrable,1,1,0
nearly_self-conscious,1,1,0
nearly_futuristic,1,1,0
nearly_fresh,1,1,0
nearly_french,1,1,0
nearly_free,1,1,0
nearly_frantic,1,1,0
nearly_foolproof,1,1,0
nearly_fond,1,1,0
nearly_fluent,1,1,0
nearly_flimsy,1,1,0
nearly_flexible,1,1,0
nearly_flawless,1,1,0
nearly_flavorful,1,1,0
nearly_flashy,1,1,0
nearly_flamboyant,1,1,0
nearly_fit,1,1,0
nearly_final,1,1,0
nearly_filthy,1,1,0
nearly_festive,1,1,0
nearly_friendly,1,1,0
nearly_golden,1,1,0
nearly_impactful,1,1,0
nearly_grand,1,1,0
nearly_immortal,1,1,0
nearly_immersive,1,1,0
nearly_hypocritical,1,1,0
nearly_huge,1,1,0
nearly_horizontal,1,1,0
nearly_hip,1,1,0
nearly_hilarious,1,1,0
nearly_heavy,1,1,0
nearly_harmful,1,1,0
nearly_happy,1,1,0
nearly_hairy,1,1,0
nearly_gruff,1,1,0
nearly_gruesome,1,1,0
nearly_gross,1,1,0
nearly_greedy,1,1,0
nearly_greasy,1,1,0
nearly_graphic,1,1,0
nearly_mobile,1,1,0
nearly_modern,1,1,0
nearly_moral,1,1,0
nearly_recyclable,1,1,0
nearly_rebellious,1,1,0
nearly_realistic,1,1,0
nearly_reactionary,1,1,0
nearly_raw,1,1,0
nearly_random,1,1,0
nearly_queer,1,1,0
nearly_punitive,1,1,0
nearly_pungent,1,1,0
nearly_provocative,1,1,0
nearly_protective,1,1,0
nearly_proportionate,1,1,0
nearly_promising,1,1,0
nearly_prominent,1,1,0
nearly_prolific,1,1,0
nearly_proficient,1,1,0
nearly_professional,1,1,0
nearly_proactive,1,1,0
nearly_recognizable,1,1,0
nearly_reflective,1,1,0
nearly_more,1,1,0
nearly_religious,1,1,0
nearly_seductive,1,1,0
nearly_secretive,1,1,0
nearly_scientific,1,1,0
nearly_satisfactory,1,1,0
nearly_sassy,1,1,0
nearly_sarcastic,1,1,0
nearly_salty,1,1,0
nearly_rugged,1,1,0
nearly_rotten,1,1,0
nearly_roomy,1,1,0
nearly_right-wing,1,1,0
nearly_rewarding,1,1,0
nearly_reverent,1,1,0
nearly_restrictive,1,1,0
nearly_responsible,1,1,0
nearly_resonant,1,1,0
nearly_republican,1,1,0
nearly_presumptuous,1,1,0
nearly_presidential,1,1,0
nearly_present,1,1,0
nearly_predictable,1,1,0
nearly_obnoxious,1,1,0
nearly_objective,1,1,0
nearly_numb,1,1,0
nearly_nuanced,1,1,0
nearly_noticeable,1,1,0
nearly_notable,1,1,0
nearly_nonexistent,1,1,0
nearly_non-existent,1,1,0
nearly_nil,1,1,0
nearly_nice,1,1,0
nearly_necessary,1,1,0
nearly_neat,1,1,0
nearly_narrow,1,1,0
nearly_narcissistic,1,1,0
nearly_naive,1,1,0
nearly_mysterious,1,1,0
nearly_most,1,1,0
nearly_obscure,1,1,0
nearly_obsessed,1,1,0
nearly_obtuse,1,1,0
nearly_par,1,1,0
nearly_practical,1,1,0
nearly_potent,1,1,0
nearly_posh,1,1,0
nearly_pop,1,1,0
nearly_poetic,1,0,1
nearly_patriotic,1,1,0
nearly_paranoid,1,1,0
nearly_overweight,1,1,0
nearly_obvious,1,1,0
nearly_outspoken,1,1,0
nearly_original,1,1,0
nearly_optimal,1,1,0
nearly_opaque,1,1,0
nearly_oily,1,1,0
nearly_official,1,1,0
nearly_offensive,1,1,0
necessarily_cosmic,1,1,0
necessarily_counterproductive,1,1,0
nearly_fascinating,1,1,0
necessarily_lax,1,1,0
necessarily_last,1,1,0
necessarily_lame,1,1,0
necessarily_lackluster,1,1,0
necessarily_lacking,1,1,0
necessarily_labor-intensive,1,1,0
necessarily_korean,1,1,0
necessarily_juvenile,1,1,0
necessarily_justified,1,0,1
necessarily_judicious,1,1,0
necessarily_judgmental,1,1,0
necessarily_judgemental,1,1,0
necessarily_joyous,1,1,0
necessarily_jittery,1,1,0
necessarily_jaded,1,1,0
necessarily_irritated,1,1,0
necessarily_irate,1,1,0
necessarily_invisible,1,1,0
necessarily_law-abiding,1,1,0
necessarily_lean,1,1,0
necessarily_intricate,1,1,0
necessarily_legendary,1,1,0
necessarily_magnificent,1,1,0
necessarily_lush,1,1,0
necessarily_lukewarm,1,1,0
necessarily_luckier,1,1,0
necessarily_lucid,1,1,0
necessarily_lowest,1,1,0
necessarily_low-tech,1,1,0
necessarily_lovely,1,1,0
necessarily_lofty,1,1,0
necessarily_loath,1,1,0
necessarily_litigious,1,1,0
necessarily_listenable,1,1,0
necessarily_like,1,1,0
necessarily_liberating,1,1,0
necessarily_lesbian,1,1,0
necessarily_lengthy,1,1,0
necessarily_legible,1,1,0
necessarily_introspective,1,1,0
necessarily_international,1,1,0
necessarily_majestic,1,1,0
necessarily_incurable,1,1,0
necessarily_inconvenient,1,1,0
necessarily_incoherent,1,1,0
necessarily_inaccessible,1,1,0
necessarily_implicit,1,1,0
necessarily_impersonal,1,1,0
necessarily_imperfect,1,1,0
necessarily_immobile,1,1,0
necessarily_immersive,1,1,0
necessarily_immaculate,1,1,0
necessarily_imaginative,1,1,0
necessarily_ill-advised,1,1,0
necessarily_icy,1,1,0
necessarily_hysterical,1,1,0
necessarily_hypothetical,1,1,0
necessarily_hybrid,1,1,0
necessarily_humanoid,1,1,0
necessarily_humanitarian,1,1,0
necessarily_incredible,1,1,0
necessarily_indecent,1,1,0
necessarily_interdisciplinary,1,1,0
necessarily_indecisive,1,1,0
necessarily_interdependent,1,1,0
necessarily_intensive,1,1,0
necessarily_intelligible,1,1,0
necessarily_intangible,1,1,0
necessarily_intact,1,1,0
necessarily_instructive,1,1,0
necessarily_insincere,1,1,0
necessarily_inquisitive,1,1,0
necessarily_inner,1,1,0
necessarily_inhospitable,1,1,0
necessarily_informed,1,1,0
necessarily_inflexible,1,1,0
necessarily_ineffectual,1,1,0
necessarily_indispensable,1,1,0
necessarily_indiscriminate,1,1,0
necessarily_indie,1,1,0
necessarily_indestructible,1,1,0
necessarily_maintainable,1,1,0
necessarily_manageable,1,1,0
necessarily_coy,1,1,0
necessarily_ostentatious,1,1,0
necessarily_ornate,1,1,0
necessarily_ordinary,1,1,0
necessarily_orderly,1,1,0
necessarily_orange,1,1,0
necessarily_oral,1,1,0
necessarily_opaque,1,1,0
necessarily_one-sided,1,1,0
necessarily_old-fashioned,1,1,0
necessarily_observant,1,1,0
necessarily_obscure,1,1,0
necessarily_obligatory,1,1,0
necessarily_obedient,1,1,0
necessarily_numerous,1,1,0
necessarily_nude,1,1,0
necessarily_nostalgic,1,1,0
necessarily_nostalgia,1,1,0
necessarily_nonsense,1,1,0
necessarily_orwellian,1,1,0
necessarily_outgoing,1,1,0
necessarily_niche,1,1,0
necessarily_outspoken,1,1,0
necessarily_philosophical,1,1,0
necessarily_phenomenal,1,1,0
necessarily_petite,1,1,0
necessarily_persistent,1,1,0
necessarily_perilous,1,1,0
necessarily_perfunctory,1,1,0
necessarily_perceptible,1,1,0
necessarily_peculiar,1,1,0
necessarily_pathetic,1,1,0
necessarily_pastoral,1,1,0
necessarily_past,1,1,0
necessarily_passable,1,1,0
necessarily_pale,1,1,0
necessarily_pain-free,1,1,0
necessarily_own,1,1,0
necessarily_overpowering,1,1,0
necessarily_overkill,1,1,0
necessarily_nifty,1,1,0
necessarily_nicer,1,1,0
necessarily_manifest,1,1,0
necessarily_moot,1,1,0
necessarily_modest,1,1,0
necessarily_misunderstood,1,1,0
necessarily_mistaken,1,1,0
necessarily_misinformed,1,1,0
necessarily_misguided,1,1,0
necessarily_miscast,1,1,0
necessarily_minimalistic,1,1,0
necessarily_mindless,1,1,0
necessarily_mild,1,1,0
necessarily_methodical,1,1,0
necessarily_merciful,1,1,0
necessarily_mental,1,1,0
necessarily_menacing,1,1,0
necessarily_melancholy,1,1,0
necessarily_melancholic,1,1,0
necessarily_meditative,1,0,1
necessarily_manly,1,1,0
necessarily_monstrous,1,1,0
necessarily_moreso,1,1,0
necessarily_nerve-wracking,1,1,0
necessarily_mortal,1,1,0
necessarily_nerdy,1,1,0
necessarily_negotiable,1,1,0
necessarily_negligible,1,1,0
necessarily_nearer,1,1,0
necessarily_near,1,1,0
necessarily_nationwide,1,1,0
necessarily_narrower,1,1,0
necessarily_naked,1,1,0
necessarily_mushy,1,1,0
necessarily_muscular,1,1,0
necessarily_murderous,1,1,0
necessarily_mundane,1,1,0
necessarily_moving,1,1,0
necessarily_mountainous,1,1,0
necessarily_motivational,1,1,0
necessarily_motivated,1,1,0
necessarily_motionless,1,1,0
necessarily_horrifying,1,1,0
necessarily_horrid,1,1,0
necessarily_horny,1,1,0
necessarily_earnest,1,1,0
necessarily_downward,1,1,0
necessarily_downbeat,1,1,0
necessarily_domestic,1,1,0
necessarily_divisible,1,1,0
necessarily_divergent,1,1,0
necessarily_distraught,1,1,0
necessarily_disproportionate,1,1,0
necessarily_disparate,1,1,0
necessarily_disjointed,1,1,0
necessarily_disgusting,1,1,0
necessarily_disadvantaged,1,1,0
necessarily_disabled,1,1,0
necessarily_dirtier,1,1,0
necessarily_diplomatic,1,1,0
necessarily_dim,1,1,0
necessarily_dignified,1,0,1
necessarily_digestible,1,1,0
necessarily_dumber,1,1,0
necessarily_earthy,1,1,0
necessarily_diabolical,1,1,0
necessarily_eclectic,1,1,0
necessarily_envious,1,1,0
necessarily_enviable,1,1,0
necessarily_enduring,1,1,0
necessarily_endless,1,1,0
necessarily_encouraged,1,1,0
necessarily_enamored,1,1,0
necessarily_employable,1,1,0
necessarily_emphatic,1,1,0
necessarily_emotive,1,1,0
necessarily_elitist,1,1,0
necessarily_elegant,1,1,0
necessarily_elderly,1,1,0
necessarily_efficacious,1,1,0
necessarily_effeminate,1,1,0
necessarily_editable,1,1,0
necessarily_edifying,1,1,0
necessarily_edgy,1,0,1
necessarily_didactic,1,1,0
necessarily_devout,1,0,1
necessarily_homogenous,1,1,0
necessarily_data-driven,1,1,0
necessarily_daring,1,1,0
necessarily_daily,1,1,0
necessarily_cutthroat,1,1,0
necessarily_cuter,1,1,0
necessarily_customary,1,1,0
necessarily_custom,1,1,0
necessarily_curly,1,1,0
necessarily_culpable,1,1,0
necessarily_cuddly,1,1,0
necessarily_crystal,1,1,0
necessarily_crisp,1,1,0
necessarily_crippling,1,1,0
necessarily_crazier,1,1,0
necessarily_crass,1,1,0
necessarily_crappy,1,1,0
necessarily_cranky,1,1,0
necessarily_crafty,1,1,0
necessarily_darker,1,1,0
necessarily_dazzling,1,1,0
necessarily_destitute,1,1,0
necessarily_debatable,1,1,0
necessarily_destabilizing,1,1,0
necessarily_despicable,1,1,0
necessarily_desolate,1,1,0
necessarily_desirous,1,1,0
necessarily_derivative,1,1,0
necessarily_deployable,1,1,0
necessarily_deplorable,1,1,0
necessarily_demonic,1,1,0
necessarily_delinquent,1,1,0
necessarily_delicate,1,1,0
necessarily_delectable,1,1,0
necessarily_deft,1,1,0
necessarily_definite,1,1,0
necessarily_deferential,1,1,0
necessarily_decrepit,1,1,0
necessarily_decorative,1,1,0
necessarily_deceitful,1,1,0
necessarily_environmental,1,1,0
necessarily_ephemeral,1,1,0
necessarily_episodic,1,1,0
necessarily_gracious,1,0,1
necessarily_gonna,1,1,0
necessarily_glum,1,1,0
necessarily_glorious,1,1,0
necessarily_glad,1,1,0
necessarily_girly,1,1,0
necessarily_gentler,1,1,0
necessarily_genteel,1,1,0
necessarily_generic,1,1,0
necessarily_geeky,1,1,0
necessarily_garish,1,1,0
necessarily_fuzzy,1,1,0
necessarily_future,1,1,0
necessarily_fussy,1,1,0
necessarily_fuel-efficient,1,1,0
necessarily_frustrating,1,1,0
necessarily_fruity,1,1,0
necessarily_fruitless,1,1,0
necessarily_graceful,1,1,0
necessarily_grandiose,1,1,0
necessarily_equivocal,1,1,0
necessarily_gratuitous,1,1,0
necessarily_homemade,1,1,0
necessarily_hispanic,1,1,0
necessarily_highest,1,1,0
necessarily_hesitant,1,1,0
necessarily_heinous,1,1,0
necessarily_heated,1,1,0
necessarily_heartwarming,1,1,0
necessarily_heartbroken,1,1,0
necessarily_heartbreaking,1,1,0
necessarily_heady,1,1,0
necessarily_harsher,1,1,0
necessarily_hardy,1,1,0
necessarily_handy,1,1,0
necessarily_handmade,1,1,0
necessarily_groundless,1,1,0
necessarily_grey,1,1,0
necessarily_grave,1,1,0
necessarily_frugal,1,1,0
necessarily_frightened,1,1,0
necessarily_fresher,1,1,0
necessarily_freaky,1,1,0
necessarily_fast-paced,1,1,0
necessarily_fanatical,1,1,0
necessarily_eye-opening,1,1,0
necessarily_extroverted,1,1,0
necessarily_extinct,1,1,0
necessarily_extensible,1,1,0
necessarily_expressive,1,1,0
necessarily_exploitative,1,1,0
necessarily_exploitable,1,1,0
necessarily_expedient,1,1,0
necessarily_existential,1,1,0
necessarily_existent,1,1,0
necessarily_excruciating,1,1,0
necessarily_even-handed,1,1,0
necessarily_evangelical,1,1,0
necessarily_euphoric,1,1,0
necessarily_esoteric,1,1,0
necessarily_fastest,1,1,0
necessarily_fatter,1,1,0
necessarily_faulty,1,1,0
necessarily_focused,1,1,0
necessarily_fraught,1,1,0
necessarily_frail,1,1,0
necessarily_fortunate,1,1,0
necessarily_fortuitous,1,1,0
necessarily_forthright,1,1,0
necessarily_forgiving,1,1,0
necessarily_forecast,1,1,0
necessarily_fluid,1,1,0
necessarily_fearless,1,1,0
necessarily_fluffy,1,1,0
necessarily_fleeting,1,1,0
necessarily_flammable,1,1,0
necessarily_flamboyant,1,1,0
necessarily_fishy,1,1,0
necessarily_firm,1,1,0
necessarily_fickle,1,1,0
nearly_fat,1,1,0
nearly_fanatical,1,1,0
notably_pregnant,1,1,0
narrowly_sexual,1,1,0
narrowly_sectarian,1,0,1
narrowly_restrictive,1,1,0
narrowly_reactive,1,1,0
narrowly_prescriptive,1,1,0
narrowly_predictive,1,1,0
narrowly_poetic,1,1,0
narrowly_parochial,1,1,0
narrowly_nationalist,1,1,0
narrowly_national,1,1,0
narrowly_intelligent,1,1,0
narrowly_insular,1,1,0
narrowly_hierarchical,1,1,0
narrowly_french,1,1,0
narrowly_feminist,1,1,0
narrowly_evangelical,1,1,0
narrowly_european,1,1,0
narrowly_ethical,1,1,0
narrowly_selective,1,1,0
narrowly_technical,1,1,0
narrowly_didactic,1,0,1
narrowly_topical,1,1,0
nationally_specific,1,1,0
nationally_responsible,1,1,0
nationally_renowned,1,1,0
nationally_relevant,1,1,0
nationally_prominent,1,1,0
nationally_obsessed,1,1,0
nationally_impressive,1,1,0
nationally_iconic,1,1,0
nationally_historic,1,1,0
nationally_dry,1,1,0
nationally_definitive,1,1,0
nationally_conscious,1,1,0
nationally_celebrated,1,1,0
nationally_british,1,1,0
nationally_available,1,1,0
narrowly_utilitarian,1,1,0
narrowly_uniform,1,1,0
narrowly_dogmatic,1,1,0
narrowly_conventional,1,1,0
nationally_useful,1,1,0
n't_watchable,1,1,0
n't_warm,1,1,0
n't_vulnerable,1,1,0
n't_vindictive,1,1,0
n't_vibrant,1,1,0
n't_verbatim,1,1,0
n't_vegan,1,1,0
n't_upsetting,1,1,0
n't_uplifting,1,1,0
n't_unusual,1,1,0
n't_unsafe,1,1,0
n't_unjustified,1,1,0
n't_uninteresting,1,1,0
n't_uniform,1,1,0
n't_unheard,1,1,0
n't_unfortunate,1,1,0
n't_understandable,1,1,0
n't_unconstitutional,1,1,0
n't_wary,1,1,0
n't_whole,1,1,0
narrowly_communal,1,1,0
n't_widespread,1,1,0
narrowly_aggressive,1,1,0
namely_tall,1,1,0
namely_cheap,1,1,0
namely_angelic,1,0,1
nakedly_transparent,1,1,0
nakedly_racist,1,1,0
nakedly_illegal,1,0,1
nakedly_forthright,1,1,0
nakedly_expressive,1,1,0
nakedly_dystopian,1,1,0
nakedly_culpable,1,1,0
nakedly_corrupt,1,1,0
nakedly_commercial,1,1,0
nakedly_ambitious,1,1,0
n't_yummy,1,1,0
n't_workable,1,1,0
n't_wild,1,1,0
nationally_uniform,1,1,0
nationally_viable,1,1,0
naturally_feminine,1,1,0
naturally_dumb,1,1,0
naturally_driven,1,1,0
naturally_dramatic,1,1,0
naturally_domestic,1,1,0
naturally_divisible,1,1,0
naturally_dependent,1,1,0
naturally_deft,1,1,0
naturally_deferential,1,1,0
naturally_defensive,1,1,0
naturally_decisive,1,1,0
naturally_dead,1,1,0
naturally_dark,1,1,0
naturally_cynical,1,1,0
naturally_cuddly,1,1,0
naturally_critical,1,1,0
naturally_creamy,1,1,0
naturally_cranky,1,1,0
naturally_courteous,1,1,0
naturally_dry,1,1,0
naturally_eager,1,1,0
naturally_cooler,1,1,0
naturally_edgy,1,1,0
naturally_fearful,1,1,0
naturally_familiar,1,1,0
naturally_explosive,1,1,0
naturally_existent,1,1,0
naturally_exciting,1,1,0
naturally_evident,1,0,1
naturally_ergonomic,1,1,0
naturally_enthusiastic,1,1,0
naturally_energetic,1,1,0
naturally_empty,1,1,0
naturally_empathic,1,1,0
naturally_emotional,1,1,0
naturally_eloquent,1,1,0
naturally_elegant,1,0,1
naturally_effusive,1,1,0
naturally_efficient,1,1,0
naturally_effective,1,1,0
naturally_corrupt,1,1,0
naturally_cool,1,1,0
naturally_acceptable,1,1,0
naturally_averse,1,1,0
naturally_attuned,1,1,0
naturally_astute,1,1,0
naturally_artsy,1,1,0
naturally_articulate,1,1,0
naturally_arrogant,1,1,0
naturally_apparent,1,1,0
naturally_anxious,1,1,0
naturally_antithetical,1,1,0
naturally_antisocial,1,1,0
naturally_androgynous,1,1,0
naturally_amazing,1,1,0
naturally_alien,1,1,0
naturally_alcoholic,1,1,0
naturally_afraid,1,1,0
naturally_adventurous,1,1,0
naturally_addictive,1,1,0
naturally_accustomed,1,1,0
naturally_austere,1,1,0
naturally_aware,1,1,0
naturally_concerned,1,1,0
naturally_awash,1,1,0
naturally_complex,1,1,0
naturally_comparable,1,1,0
naturally_cold,1,1,0
naturally_clear,1,1,0
naturally_clean,1,1,0
naturally_candid,1,1,0
naturally_callous,1,1,0
naturally_brave,1,1,0
naturally_blue,1,1,0
naturally_bitter,1,1,0
naturally_bilingual,1,1,0
naturally_best,1,1,0
naturally_benevolent,1,1,0
naturally_beneficial,1,1,0
naturally_bellicose,1,1,0
naturally_bald,1,1,0
naturally_awkward,1,1,0
n't_ugly,1,1,0
n't_trustworthy,1,1,0
n't_troubling,1,1,0
n't_novel,1,1,0
n't_normal,1,1,0
n't_noble,1,1,0
n't_nicer,1,1,0
n't_neutral,1,1,0
n't_negative,1,1,0
n't_neat,1,1,0
n't_native,1,1,0
n't_nasty,1,1,0
n't_monolithic,1,1,0
n't_miserable,1,1,0
n't_mental,1,1,0
n't_menacing,1,1,0
n't_mathematical,1,1,0
n't_masterful,1,1,0
n't_major,1,1,0
n't_magnificent,1,1,0
n't_luxurious,1,1,0
n't_noticeable,1,1,0
n't_nutritious,1,1,0
n't_low,1,1,0
n't_objective,1,1,0
n't_picky,1,1,0
n't_phenomenal,1,1,0
n't_passionate,1,1,0
n't_partial,1,1,0
n't_overpriced,1,1,0
n't_overdue,1,1,0
n't_outrageous,1,1,0
n't_outraged,1,1,0
n't_other,1,1,0
n't_optimistic,1,1,0
n't_open-minded,1,1,0
n't_ongoing,1,1,0
n't_one-dimensional,1,1,0
n't_onboard,1,1,0
n't_omnipresent,1,1,0
n't_official,1,1,0
n't_offensive,1,1,0
n't_lucky,1,1,0
n't_lovable,1,1,0
n't_tricky,1,1,0
n't_intimate,1,1,0
n't_interactive,1,1,0
n't_intense,1,1,0
n't_inspirational,1,1,0
n't_innovative,1,1,0
n't_infuriating,1,1,0
n't_influential,1,1,0
n't_indicative,1,1,0
n't_independent,1,1,0
n't_impenetrable,1,1,0
n't_impeccable,1,1,0
n't_immediate,1,1,0
n't_ill,1,1,0
n't_hysterical,1,1,0
n't_hurtful,1,1,0
n't_humble,1,0,1
n't_horrible,1,1,0
n't_horizontal,1,1,0
n't_interchangeable,1,1,0
n't_invalid,1,1,0
n't_logical,1,1,0
n't_irritating,1,1,0
n't_livable,1,1,0
n't_literate,1,1,0
n't_listenable,1,1,0
n't_linear,1,1,0
n't_like,1,1,0
n't_light,1,1,0
n't_liberal,1,1,0
n't_liable,1,1,0
n't_lazy,1,1,0
n't_laudable,1,1,0
n't_latin,1,1,0
n't_last,1,1,0
n't_lacking,1,1,0
n't_knowledgable,1,1,0
n't_keen,1,1,0
n't_japanese,1,1,0
n't_italian,1,1,0
n't_picturesque,1,1,0
n't_pleasurable,1,1,0
n't_pointless,1,1,0
n't_strategic,1,1,0
n't_stiff,1,1,0
n't_stellar,1,1,0
n't_sporty,1,1,0
n't_spanish,1,1,0
n't_slim,1,1,0
n't_sinful,1,1,0
n't_silly,1,1,0
n't_shy,1,1,0
n't_short,1,1,0
n't_shocking,1,1,0
n't_shocked,1,1,0
n't_shiny,1,1,0
n't_sensitive,1,1,0
n't_sensational,1,1,0
n't_selfish,1,1,0
n't_secret,1,1,0
n't_savage,1,1,0
n't_straightforward,1,1,0
n't_strict,1,1,0
n't_political,1,1,0
n't_suave,1,1,0
n't_treatable,1,1,0
n't_transparent,1,1,0
n't_transferable,1,1,0
n't_trans,1,1,0
n't_thoughtful,1,1,0
n't_thorough,1,1,0
n't_thick,1,1,0
n't_therapeutic,1,1,0
n't_tempting,1,1,0
n't_tangible,1,1,0
n't_taller,1,1,0
n't_suspicious,1,1,0
n't_susceptible,1,1,0
n't_subtle,1,1,0
n't_submissive,1,1,0
n't_sublime,1,1,0
n't_subject,1,1,0
n't_satisfactory,1,1,0
n't_sanitary,1,1,0
n't_salacious,1,1,0
n't_russian,1,1,0
n't_quality,1,1,0
n't_puzzling,1,1,0
n't_provocative,1,1,0
n't_proper,1,1,0
n't_proof,1,1,0
n't_prolific,1,1,0
n't_profound,1,1,0
n't_professional,1,1,0
n't_pricey,1,1,0
n't_prescient,1,1,0
n't_pregnant,1,1,0
n't_preferable,1,1,0
n't_predictable,1,1,0
n't_precise,1,1,0
n't_precarious,1,1,0
n't_praiseworthy,1,1,0
n't_positive,1,1,0
n't_queer,1,1,0
n't_quick,1,1,0
n't_radical,1,1,0
n't_reticent,1,1,0
n't_rude,1,1,0
n't_rubbish,1,1,0
n't_rough,1,1,0
n't_romantic,1,1,0
n't_rife,1,1,0
n't_ridiculous,1,1,0
n't_revolting,1,1,0
n't_respectful,1,1,0
n't_rampant,1,1,0
n't_republican,1,1,0
n't_reprehensible,1,1,0
n't_reflective,1,1,0
n't_red,1,1,0
n't_rebellious,1,1,0
n't_reasonable,1,1,0
n't_rational,1,1,0
naturally_fearless,1,0,1
naturally_fertile,1,1,0
nearly_faithful,1,1,0
nearly_abundant,1,1,0
near_worthy,1,1,0
near_worthless,1,1,0
near_worth,1,1,0
near_wet,1,1,0
near_warm,1,1,0
near_verbatim,1,1,0
near_unwatchable,1,1,0
near_universal,1,1,0
near_unique,1,1,0
near_unbelievable,1,1,0
near_unanimous,1,1,0
near_ugly,1,1,0
near_sure,1,1,0
near_sorry,1,0,1
near_satisfied,1,1,0
near_ripe,1,1,0
near_related,1,1,0
nearly_absolute,1,1,0
nearly_accountable,1,1,0
near_precise,1,1,0
nearly_acerbic,1,0,1
nearly_articulate,1,1,0
nearly_arrogant,1,1,0
nearly_apt,1,1,0
nearly_appealing,1,1,0
nearly_annoying,1,1,0
nearly_anarchic,1,0,1
nearly_analogous,1,1,0
nearly_amusing,1,1,0
nearly_american,1,1,0
nearly_amazing,1,1,0
nearly_altruistic,1,1,0
nearly_akin,1,1,0
nearly_airtight,1,1,0
nearly_agile,1,1,0
nearly_affordable,1,1,0
nearly_adventurous,1,1,0
nearly_adept,1,1,0
near_quiet,1,1,0
near_open,1,1,0
nearly_attentive,1,1,0
near_conservative,1,1,0
near_competitive,1,1,0
near_compelling,1,1,0
near_clear,1,1,0
near_civilized,1,1,0
near_brazen,1,1,0
near_brave,1,1,0
near_amusing,1,1,0
near_akin,1,1,0
near_aggressive,1,1,0
near_afraid,1,1,0
near_adequate,1,1,0
near_acceptable,1,1,0
near_absolute,1,1,0
naturally_young,1,1,0
naturally_xenophobic,1,1,0
naturally_wrong,1,1,0
naturally_worse,1,1,0
near_complicated,1,1,0
near_consistent,1,1,0
near_mature,1,1,0
near_cool,1,1,0
near_loud,1,1,0
near_legit,1,1,0
near_involved,1,1,0
near_invincible,1,1,0
near_impressive,1,1,0
near_important,1,1,0
near_grumpy,1,1,0
near_goofy,1,1,0
near_giddy,1,1,0
near_germane,1,1,0
near_frightening,1,1,0
near_first,1,0,1
near_exhaustive,1,1,0
near_excited,1,1,0
near_eloquent,1,1,0
near_dry,1,1,0
near_dead,1,1,0
nearly_athletic,1,1,0
nearly_attractive,1,1,0
naturally_fine,1,1,0
nearly_early,1,1,0
nearly_drastic,1,1,0
nearly_draconian,1,1,0
nearly_dominant,1,1,0
nearly_diverse,1,1,0
nearly_disruptive,1,1,0
nearly_dim,1,1,0
nearly_diligent,1,1,0
nearly_developed,1,1,0
nearly_detrimental,1,1,0
nearly_deserving,1,1,0
nearly_derivative,1,1,0
nearly_dependent,1,1,0
nearly_democratic,1,1,0
nearly_delirious,1,1,0
nearly_definitive,1,1,0
nearly_definite,1,1,0
nearly_defensive,1,1,0
nearly_durable,1,1,0
nearly_economical,1,1,0
nearly_decisive,1,1,0
nearly_eerie,1,1,0
nearly_explosive,1,1,0
nearly_expert,1,1,0
nearly_experimental,1,1,0
nearly_exotic,1,1,0
nearly_excited,1,1,0
nearly_excessive,1,1,0
nearly_exaggerated,1,1,0
nearly_eventful,1,1,0
nearly_essential,1,1,0
nearly_epic,1,1,0
nearly_endless,1,1,0
nearly_endemic,1,1,0
nearly_endearing,1,1,0
nearly_emphatic,1,1,0
nearly_empathic,1,1,0
nearly_empathetic,1,1,0
nearly_elderly,1,1,0
nearly_dedicated,1,1,0
nearly_decadent,1,1,0
nearly_authentic,1,1,0
nearly_cinematic,1,1,0
nearly_cheesy,1,1,0
nearly_charismatic,1,1,0
nearly_certain,1,1,0
nearly_calm,1,1,0
nearly_bullish,1,1,0
nearly_brash,1,1,0
nearly_bloody,1,1,0
nearly_bleak,1,1,0
nearly_bizarre,1,1,0
nearly_bitter,1,1,0
nearly_bitchy,1,1,0
nearly_bankrupt,1,1,0
nearly_awkward,1,1,0
nearly_awful,1,1,0
nearly_awesome,1,1,0
nearly_automatic,1,1,0
nearly_autistic,1,1,0
nearly_chilly,1,1,0
nearly_clunky,1,1,0
nearly_deaf,1,1,0
nearly_colourful,1,1,0
nearly_deadly,1,1,0
nearly_dangerous,1,1,0
nearly_cute,1,1,0
nearly_crunchy,1,1,0
nearly_crisp,1,1,0
nearly_courageous,1,1,0
nearly_convertible,1,1,0
nearly_conversant,1,1,0
nearly_convenient,1,1,0
nearly_contemporary,1,1,0
nearly_constructive,1,1,0
nearly_constant,1,1,0
nearly_conscious,1,1,0
nearly_conscientious,1,1,0
nearly_complicated,1,1,0
nearly_communicative,1,1,0
nearly_comfortable,1,1,0
naturally_wonderful,1,1,0
naturally_witty,1,1,0
naturally_wise,1,1,0
naturally_nocturnal,1,1,0
naturally_neat,1,1,0
naturally_near,1,1,0
naturally_navigable,1,1,0
naturally_narcissistic,1,1,0
naturally_naked,1,1,0
naturally_moral,1,1,0
naturally_moist,1,1,0
naturally_mistaken,1,1,0
naturally_meek,1,1,0
naturally_matte,1,1,0
naturally_massive,1,1,0
naturally_malicious,1,1,0
naturally_magical,1,1,0
naturally_lucky,1,1,0
naturally_loud,1,1,0
naturally_local,1,1,0
naturally_legible,1,1,0
naturally_neurotic,1,1,0
naturally_nourishing,1,1,0
naturally_lazy,1,1,0
naturally_novel,1,1,0
naturally_playful,1,1,0
naturally_pink,1,1,0
naturally_picky,1,1,0
naturally_philosophical,1,1,0
naturally_pertinent,1,1,0
naturally_persuasive,1,1,0
naturally_persistent,1,1,0
naturally_perky,1,1,0
naturally_paranoid,1,1,0
naturally_parallel,1,1,0
naturally_pale,1,1,0
naturally_palatable,1,1,0
naturally_organic,1,1,0
naturally_ok,1,1,0
naturally_obvious,1,1,0
naturally_objective,1,1,0
naturally_nutritious,1,1,0
naturally_lean,1,1,0
naturally_knowledgeable,1,1,0
naturally_wild,1,1,0
naturally_humorous,1,1,0
naturally_hued,1,1,0
naturally_hot,1,1,0
naturally_horrible,1,1,0
naturally_hilarious,1,1,0
naturally_helpful,1,1,0
naturally_heavy,1,1,0
naturally_healthy,1,1,0
naturally_happier,1,1,0
naturally_hairy,1,1,0
naturally_grumpy,1,1,0
naturally_golden,1,1,0
naturally_gluten-free,1,1,0
naturally_glossy,1,1,0
naturally_gentle,1,1,0
naturally_fluent,1,1,0
naturally_fit,1,1,0
naturally_finite,1,1,0
naturally_humid,1,1,0
naturally_illicit,1,0,1
naturally_kind,1,1,0
naturally_illogical,1,1,0
naturally_judgmental,1,0,1
naturally_irate,1,1,0
naturally_introspective,1,1,0
naturally_intrinsic,1,1,0
naturally_internal,1,1,0
naturally_intellectual,1,1,0
naturally_insular,1,1,0
naturally_instructive,1,1,0
naturally_insecure,1,1,0
naturally_innovative,1,1,0
naturally_influential,1,1,0
naturally_incorrect,1,0,1
naturally_inclusive,1,1,0
naturally_inactive,1,1,0
naturally_improper,1,0,1
naturally_impenetrable,1,1,0
naturally_immune,1,1,0
naturally_pleasing,1,1,0
naturally_poor,1,1,0
naturally_popular,1,1,0
naturally_thankful,1,1,0
naturally_tall,1,1,0
naturally_symbiotic,1,1,0
naturally_swift,1,1,0
naturally_sweeter,1,1,0
naturally_susceptible,1,1,0
naturally_supportive,1,1,0
naturally_superstitious,1,1,0
naturally_sugary,1,1,0
naturally_sufficient,1,1,0
naturally_successful,1,1,0
naturally_submissive,1,1,0
naturally_stylish,1,1,0
naturally_studious,1,1,0
naturally_stubborn,1,1,0
naturally_stinky,1,1,0
naturally_stern,1,1,0
naturally_sporty,1,1,0
naturally_tenacious,1,1,0
naturally_thirsty,1,1,0
naturally_powerful,1,1,0
naturally_thrifty,1,1,0
naturally_wicked,1,1,0
naturally_wary,1,1,0
naturally_visual,1,1,0
naturally_visible,1,1,0
naturally_viral,1,1,0
naturally_vile,1,1,0
naturally_vicious,1,1,0
naturally_unsympathetic,1,1,0
naturally_unselfish,1,1,0
naturally_unreasonable,1,1,0
naturally_unpleasant,1,1,0
naturally_uniform,1,1,0
naturally_trustworthy,1,0,1
naturally_transparent,1,1,0
naturally_tough,1,1,0
naturally_tired,1,1,0
naturally_timid,1,1,0
naturally_spontaneous,1,1,0
naturally_spicy,1,1,0
naturally_sociable,1,1,0
naturally_small,1,1,0
naturally_repulsive,1,1,0
naturally_repugnant,1,1,0
naturally_replaceable,1,1,0
naturally_remarkable,1,1,0
naturally_rebellious,1,1,0
naturally_ready,1,1,0
naturally_reactive,1,1,0
naturally_rational,1,1,0
naturally_random,1,1,0
naturally_radioactive,1,1,0
naturally_radiant,1,1,0
naturally_quiet,1,1,0
naturally_pure,1,1,0
naturally_proud,1,1,0
naturally_productive,1,1,0
naturally_predatory,1,1,0
naturally_precocious,1,1,0
naturally_rhythmic,1,1,0
naturally_right,1,1,0
naturally_ripe,1,1,0
naturally_self-confident,1,1,0
naturally_slippery,1,1,0
naturally_skilful,1,1,0
naturally_simple,1,1,0
naturally_shy,1,1,0
naturally_shiny,1,1,0
naturally_selfless,1,1,0
naturally_selfish,1,1,0
naturally_sedentary,1,1,0
naturally_robust,1,1,0
naturally_secret,1,1,0
naturally_scarce,1,1,0
naturally_scandalous,1,1,0
naturally_savvy,1,1,0
naturally_safe,1,1,0
naturally_rough,1,1,0
naturally_rocky,1,1,0
necessarily_pivotal,1,1,0
necessarily_plastic,1,1,0
necessarily_platonic,1,1,0
not_exhausting,1,1,0
not_excessive,1,1,0
not_everyday,1,1,0
not_eternal,1,1,0
not_erotic,1,1,0
not_ergonomic,1,1,0
not_epic,1,1,0
not_envious,1,1,0
not_enterprising,1,1,0
not_enlightened,1,1,0
not_endangered,1,1,0
not_empathetic,1,1,0
not_emotional,1,1,0
not_elite,1,1,0
not_elegant,1,1,0
not_egalitarian,1,1,0
not_editable,1,1,0
not_edible,1,1,0
not_excruciating,1,1,0
not_exhilarating,1,1,0
not_ecstatic,1,1,0
not_existent,1,1,0
not_final,1,1,0
not_fifth,1,1,0
not_few,1,1,0
not_fertile,1,1,0
not_ferocious,1,1,0
not_feminine,1,1,0
not_female,1,1,0
not_fashionable,1,1,0
not_far-fetched,1,1,0
not_false,1,1,0
not_fairer,1,1,0
not_fabulous,1,1,0
not_extreme,1,1,0
not_extraordinary,1,1,0
not_extinct,1,1,0
not_extensive,1,1,0
not_experimental,1,1,0
not_edgy,1,1,0
not_economical,1,1,0
not_flattered,1,1,0
not_distracting,1,1,0
not_dissimilar,1,1,0
not_disposable,1,1,0
not_dismissive,1,0,1
not_dismal,1,1,0
not_disgusting,1,1,0
not_disappointing,1,1,0
not_directional,1,1,0
not_dire,1,1,0
not_diligent,1,1,0
not_dignified,1,1,0
not_digital,1,1,0
not_detectable,1,1,0
not_detailed,1,1,0
not_descriptive,1,1,0
not_derivative,1,1,0
not_depressing,1,1,0
not_depressed,1,1,0
not_distinguishable,1,1,0
not_disturbing,1,1,0
not_economic,1,1,0
not_divisive,1,1,0
not_eccentric,1,0,1
not_earthy,1,1,0
not_early,1,1,0
not_dynamic,1,0,1
not_dull,1,1,0
not_due,1,1,0
not_droll,1,1,0
not_dressy,1,0,1
not_dreamy,1,1,0
not_dreadful,1,1,0
not_drastic,1,1,0
not_dramatic,1,1,0
not_double,1,1,0
not_dope,1,1,0
not_dominant,1,1,0
not_dogmatic,1,1,0
not_do-able,1,1,0
not_flammable,1,1,0
not_flawed,1,1,0
not_ironic,1,0,1
not_inexperienced,1,1,0
not_individualistic,1,1,0
not_individual,1,1,0
not_indigenous,1,1,0
not_independent,1,1,0
not_inconvenient,1,1,0
not_inclusive,1,1,0
not_incendiary,1,1,0
not_inane,1,1,0
not_inactive,1,1,0
not_inaccurate,1,1,0
not_impolite,1,1,0
not_imperceptible,1,1,0
not_impatient,1,1,0
not_immoral,1,1,0
not_immediate,1,1,0
not_illegitimate,1,1,0
not_ill,1,1,0
not_ineffective,1,1,0
not_inflammatory,1,1,0
not_hurtful,1,1,0
not_inflexible,1,1,0
not_invisible,1,1,0
not_invincible,1,1,0
not_invaluable,1,1,0
not_intrusive,1,1,0
not_intriguing,1,1,0
not_intransigent,1,1,0
not_intoxicated,1,1,0
not_intellectual,1,1,0
not_intact,1,1,0
not_insurmountable,1,1,0
not_instructive,1,1,0
not_insignificant,1,1,0
not_insecure,1,1,0
not_insane,1,1,0
not_innovative,1,1,0
not_injurious,1,1,0
not_informational,1,1,0
not_idyllic,1,1,0
not_humorous,1,0,1
not_flawless,1,1,0
not_happier,1,1,0
not_handsome,1,1,0
not_gullible,1,1,0
not_grumpy,1,1,0
not_gross,1,1,0
not_grim,1,1,0
not_greedy,1,1,0
not_gracious,1,1,0
not_governmental,1,1,0
not_german,1,1,0
not_geeky,1,1,0
not_fundamental,1,1,0
not_french,1,1,0
not_forgettable,1,1,0
not_foreseeable,1,1,0
not_forbidden,1,1,0
not_foolish,1,0,1
not_fleeting,1,1,0
not_handy,1,1,0
not_hardcore,1,1,0
not_humble,1,1,0
not_harmless,1,1,0
not_humanitarian,1,1,0
not_horrible,1,1,0
not_horny,1,1,0
not_hopeful,1,1,0
not_homophobic,1,1,0
not_homesick,1,1,0
not_holy,1,1,0
not_hokey,1,1,0
not_historical,1,1,0
not_hip,1,1,0
not_hideous,1,1,0
not_hidden,1,1,0
not_hesitant,1,1,0
not_heartless,1,1,0
not_heartbreaking,1,0,1
not_healthier,1,1,0
not_harmonious,1,1,0
not_depraved,1,1,0
not_deplorable,1,1,0
not_demonic,1,1,0
normally_vulnerable,1,1,0
normally_vital,1,1,0
normally_vindictive,1,1,0
normally_vegan,1,1,0
normally_valid,1,1,0
normally_usable,1,1,0
normally_unpleasant,1,1,0
normally_universal,1,1,0
normally_tricky,1,1,0
normally_touted,1,1,0
normally_tough,1,1,0
normally_tender,1,1,0
normally_taxable,1,1,0
normally_superior,1,1,0
normally_such,1,1,0
normally_successful,1,1,0
normally_substantial,1,1,0
normally_stupid,1,1,0
normally_voluntary,1,1,0
normally_wiser,1,1,0
normally_strategic,1,1,0
normally_worse,1,1,0
not_amiable,1,0,1
not_ambivalent,1,1,0
not_amazed,1,1,0
not_alright,1,1,0
not_alert,1,1,0
not_agile,1,1,0
not_aggressive,1,1,0
not_affective,1,1,0
not_adorable,1,1,0
not_academic,1,1,0
not_abusive,1,1,0
not_abundant,1,1,0
not_abstract,1,1,0
not_absent,1,1,0
not_abnormal,1,1,0
north_naughty,1,1,0
north_enough,1,1,0
normally_stuck,1,1,0
normally_squeamish,1,1,0
not_delusional,1,1,0
normally_risky,1,1,0
normally_right,1,1,0
normally_rich,1,1,0
normally_reversible,1,1,0
normally_returnable,1,1,0
normally_reticent,1,1,0
normally_resistant,1,1,0
normally_republican,1,1,0
normally_religious,1,1,0
normally_reliable,1,1,0
normally_relevant,1,1,0
normally_regular,1,1,0
normally_regarded,1,1,0
normally_recyclable,1,1,0
normally_recoverable,1,1,0
normally_recommendable,1,1,0
normally_recognizable,1,1,0
normally_receptive,1,1,0
normally_rigid,1,1,0
normally_romantic,1,1,0
normally_soluble,1,1,0
normally_sad,1,1,0
normally_soft,1,1,0
normally_smooth,1,1,0
normally_simple,1,1,0
normally_silent,1,1,0
normally_sexual,1,1,0
normally_sentimental,1,1,0
normally_sensible,1,1,0
normally_self-critical,1,1,0
normally_self-conscious,1,1,0
normally_secret,1,1,0
normally_searchable,1,1,0
normally_sceptical,1,1,0
normally_scary,1,1,0
normally_satisfied,1,1,0
normally_satisfactory,1,1,0
normally_sarcastic,1,1,0
normally_safer,1,1,0
not_anachronistic,1,1,0
not_analogous,1,1,0
not_anemic,1,1,0
not_costly,1,1,0
not_convenient,1,1,0
not_contemporary,1,1,0
not_constitutional,1,1,0
not_conductive,1,1,0
not_conclusive,1,1,0
not_complimentary,1,1,0
not_complementary,1,1,0
not_communist,1,1,0
not_commendable,1,1,0
not_collaborative,1,1,0
not_cogent,1,1,0
not_clueless,1,1,0
not_closer,1,1,0
not_clinical,1,1,0
not_classic,1,1,0
not_civil,1,1,0
not_cinematic,1,1,0
not_conventional,1,1,0
not_cosy,1,1,0
not_annoyed,1,1,0
not_courteous,1,1,0
not_delightful,1,1,0
not_deficient,1,1,0
not_defenseless,1,1,0
not_deep,1,1,0
not_deceptive,1,1,0
not_decent,1,1,0
not_deadly,1,1,0
not_daunting,1,1,0
not_darn,1,1,0
not_dapper,1,0,1
not_damaging,1,1,0
not_curable,1,1,0
not_cultural,1,1,0
not_cuddly,1,1,0
not_cryptic,1,1,0
not_crucial,1,1,0
not_cozy,1,1,0
not_choosy,1,1,0
not_cheesy,1,1,0
not_cheaper,1,1,0
not_characteristic,1,1,0
not_attributable,1,1,0
not_atheist,1,1,0
not_assertive,1,0,1
not_aspirational,1,1,0
not_askew,1,0,1
not_artistic,1,1,0
not_articulate,1,1,0
not_arousing,1,1,0
not_arbitrary,1,1,0
not_arab,1,1,0
not_apprehensive,1,1,0
not_appreciative,1,1,0
not_appetizing,1,1,0
not_apparent,1,0,1
not_apathetic,1,1,0
not_anonymous,1,1,0
not_annoying,1,1,0
not_australian,1,1,0
not_autobiographical,1,1,0
not_average,1,1,0
not_burdensome,1,1,0
not_challenging,1,1,0
not_centrist,1,1,0
not_celebratory,1,1,0
not_casual,1,1,0
not_careless,1,1,0
not_carcinogenic,1,1,0
not_capitalist,1,1,0
not_bullish,1,1,0
not_bankrupt,1,1,0
not_breathable,1,1,0
not_boundless,1,1,0
not_bored,1,1,0
not_bizarre,1,1,0
not_bipartisan,1,1,0
not_biodegradable,1,1,0
not_beloved,1,1,0
not_irish,1,1,0
not_irrelevant,1,1,0
necessarily_playable,1,1,0
not_vain,1,1,0
not_utopian,1,1,0
not_usual,1,1,0
not_user-friendly,1,1,0
not_useless,1,1,0
not_urban,1,1,0
not_unworthy,1,1,0
not_untrue,1,1,0
not_unsustainable,1,1,0
not_unsure,1,1,0
not_unreal,1,1,0
not_unpredictable,1,0,1
not_unnecessary,1,1,0
not_unlimited,1,1,0
not_unlikely,1,1,0
not_unimportant,1,1,0
not_underwater,1,1,0
not_understandable,1,1,0
not_vacant,1,1,0
not_vehement,1,1,0
not_unbelievable,1,1,0
not_verifiable,1,1,0
notably_accurate,1,1,0
not_younger,1,1,0
not_yellow,1,1,0
not_worthless,1,1,0
not_workable,1,1,0
not_witty,1,1,0
not_winnable,1,1,0
not_windy,1,1,0
not_wild,1,1,0
not_wholesome,1,1,0
not_whole,1,1,0
not_wet,1,1,0
not_weaker,1,1,0
not_weak,1,1,0
not_voluntary,1,1,0
not_visual,1,1,0
not_vibrant,1,1,0
not_underfunded,1,1,0
not_unaware,1,1,0
notably_appealing,1,1,0
not_taller,1,1,0
not_supple,1,1,0
not_superstitious,1,1,0
not_supernatural,1,1,0
not_superficial,1,1,0
not_superb,1,1,0
not_sumptuous,1,1,0
not_suicidal,1,1,0
not_suburban,1,1,0
not_substantive,1,1,0
not_submissive,1,1,0
not_subjective,1,1,0
not_stylish,1,0,1
not_stuck,1,1,0
not_stringent,1,1,0
not_stinky,1,1,0
not_steadfast,1,0,1
not_standard,1,1,0
not_symmetrical,1,1,0
not_tangible,1,1,0
not_unattractive,1,1,0
not_tantamount,1,1,0
not_unaffected,1,1,0
not_unable,1,1,0
not_tricky,1,1,0
not_treatable,1,1,0
not_traumatic,1,1,0
not_trashy,1,1,0
not_trans,1,1,0
not_tragic,1,1,0
not_tolerant,1,1,0
not_tiny,1,1,0
not_timely,1,1,0
not_timeless,1,1,0
not_tidy,1,1,0
not_terrifying,1,1,0
not_tense,1,1,0
not_tenable,1,1,0
not_tempting,1,1,0
notably_amiss,1,1,0
notably_astonishing,1,1,0
not_irresponsible,1,1,0
notably_interested,1,1,0
notably_innovative,1,1,0
notably_inhumane,1,0,1
notably_inefficient,1,1,0
notably_impressive,1,1,0
notably_immersive,1,0,1
notably_humorous,1,1,0
notably_human,1,1,0
notably_hotter,1,1,0
notably_hot,1,1,0
notably_hospitable,1,1,0
notably_horrible,1,1,0
notably_hopeful,1,1,0
notably_historic,1,1,0
notably_heavy,1,1,0
notably_healthy,1,1,0
notably_healthier,1,1,0
notably_harder,1,1,0
notably_intelligent,1,1,0
notably_juicy,1,0,1
notably_gracious,1,1,0
notably_liberal,1,1,0
notably_positive,1,1,0
notably_popular,1,1,0
notably_pleasing,1,1,0
notably_picturesque,1,1,0
notably_philosophical,1,1,0
notably_pertinent,1,1,0
notably_perceptive,1,1,0
notably_painful,1,1,0
notably_open,1,1,0
notably_offensive,1,1,0
notably_observant,1,1,0
notably_necessary,1,1,0
notably_more,1,1,0
notably_misogynistic,1,1,0
notably_mental,1,1,0
notably_mature,1,1,0
notably_loud,1,1,0
notably_grateful,1,1,0
notably_glad,1,1,0
notably_athletic,1,1,0
notably_devout,1,1,0
notably_deceptive,1,1,0
notably_dangerous,1,1,0
notably_criminal,1,0,1
notably_cooperative,1,1,0
notably_cool,1,1,0
notably_conspicuous,1,1,0
notably_conservative,1,1,0
notably_conducive,1,1,0
notably_complicated,1,1,0
notably_coherent,1,1,0
notably_circumspect,1,1,0
notably_cheaper,1,1,0
notably_cheap,1,1,0
notably_central,1,1,0
notably_busy,1,1,0
notably_beneficial,1,1,0
notably_attractive,1,1,0
notably_detailed,1,1,0
notably_direct,1,1,0
notably_funny,1,1,0
notably_dissimilar,1,1,0
notably_fragrant,1,1,0
notably_forthcoming,1,1,0
notably_filthy,1,1,0
notably_favorable,1,1,0
notably_fantastic,1,1,0
notably_famous,1,1,0
notably_extensive,1,1,0
notably_expansive,1,1,0
notably_exciting,1,1,0
notably_evident,1,1,0
notably_enthusiastic,1,1,0
notably_energetic,1,1,0
notably_easy,1,1,0
notably_dumb,1,1,0
notably_diverse,1,1,0
notably_distinguished,1,1,0
notably_distinctive,1,1,0
not_spurious,1,1,0
not_spectacular,1,1,0
not_sophisticated,1,1,0
not_obsessive,1,1,0
not_observable,1,1,0
not_obligatory,1,1,0
not_obligated,1,1,0
not_objective,1,1,0
not_nutritional,1,1,0
not_numerous,1,1,0
not_nuanced,1,1,0
not_novice,1,1,0
not_noteworthy,1,0,1
not_non-toxic,1,1,0
not_neurotic,1,1,0
not_negotiable,1,0,1
not_neat,1,1,0
not_naturalistic,1,1,0
not_naked,1,1,0
not_muslim,1,1,0
not_mobile,1,1,0
not_observant,1,1,0
not_obsolete,1,1,0
not_minded,1,1,0
not_obtrusive,1,1,0
not_passive,1,1,0
not_palestinian,1,1,0
not_overt,1,0,1
not_overrated,1,1,0
not_overpriced,1,1,0
not_overpaid,1,1,0
not_overjoyed,1,1,0
not_outdated,1,1,0
not_other,1,1,0
not_ornamental,1,1,0
not_organized,1,1,0
not_orange,1,1,0
not_older,1,1,0
not_oily,1,1,0
not_official,1,1,0
not_offended,1,1,0
not_odd,1,1,0
not_mindless,1,1,0
not_military,1,1,0
not_socialist,1,1,0
not_logical,1,1,0
not_lethal,1,1,0
not_legit,1,1,0
not_leftist,1,1,0
not_lazy,1,1,0
not_lawful,1,1,0
not_latino,1,1,0
not_knowledgeable,1,1,0
not_knowledgable,1,1,0
not_kind,1,1,0
not_justifiable,1,1,0
not_judgemental,1,1,0
not_joyous,1,1,0
not_jealous,1,1,0
not_jarring,1,1,0
not_italian,1,1,0
not_irritating,1,1,0
not_irreversible,1,1,0
not_limitless,1,1,0
not_loose,1,1,0
not_milder,1,1,0
not_loud,1,1,0
not_mexican,1,1,0
not_meticulous,1,1,0
not_metallic,1,1,0
not_mesmerizing,1,0,1
not_melodic,1,0,1
not_mellow,1,1,0
not_medicinal,1,1,0
not_mechanical,1,1,0
not_meaty,1,1,0
not_materialistic,1,1,0
not_married,1,1,0
not_manly,1,1,0
not_magical,1,1,0
not_luxury,1,1,0
not_luminous,1,1,0
not_lucid,1,0,1
not_low-key,1,1,0
not_patchy,1,0,1
not_pathological,1,1,0
not_peaceful,1,1,0
not_secondary,1,1,0
not_savvy,1,0,1
not_sassy,1,1,0
not_rugged,1,1,0
not_royal,1,1,0
not_robust,1,1,0
not_righteous,1,1,0
not_reusable,1,1,0
not_retro,1,1,0
not_restrictive,1,1,0
not_restless,1,1,0
not_responsive,1,1,0
not_resilient,1,1,0
not_repugnant,1,1,0
not_republican,1,1,0
not_replaceable,1,1,0
not_relaxing,1,1,0
not_relative,1,1,0
not_seasonal,1,1,0
not_secret,1,1,0
not_peculiar,1,1,0
not_selective,1,1,0
not_sociable,1,1,0
not_smooth,1,1,0
not_smarter,1,1,0
not_smaller,1,1,0
not_slow,1,1,0
not_slippery,1,1,0
not_slight,1,1,0
not_skinny,1,1,0
not_skeptical,1,1,0
not_singular,1,1,0
not_sincere,1,1,0
not_silent,1,1,0
not_shrinking,1,1,0
not_shorter,1,1,0
not_short,1,1,0
not_shiny,1,0,1
not_severe,1,1,0
not_relatable,1,1,0
not_reflective,1,1,0
not_redeemable,1,1,0
not_recommendable,1,1,0
not_pretentious,1,1,0
not_prescriptive,1,1,0
not_preferable,1,1,0
not_predisposed,1,1,0
not_potential,1,1,0
not_portable,1,1,0
not_poisonous,1,1,0
not_pointless,1,1,0
not_plump,1,1,0
not_plentiful,1,1,0
not_plausible,1,1,0
not_plastic,1,1,0
not_picturesque,1,1,0
not_physical,1,1,0
not_phony,1,1,0
not_pervasive,1,1,0
not_pertinent,1,1,0
not_primary,1,1,0
not_privileged,1,1,0
not_proactive,1,1,0
not_rabid,1,1,0
not_reckless,1,1,0
not_receptive,1,1,0
not_reassuring,1,1,0
not_raw,1,1,0
not_rational,1,1,0
not_rampant,1,1,0
not_rainy,1,1,0
not_quick,1,1,0
not_probable,1,1,0
not_public,1,1,0
not_psychic,1,1,0
not_provocative,1,1,0
not_provincial,1,0,1
not_proper,1,1,0
not_proof,1,1,0
not_profound,1,1,0
normally_reasonable,1,1,0
normally_public,1,1,0
normally_psychic,1,1,0
needlessly_bare,1,1,0
needlessly_ambiguous,1,1,0
needlessly_alarmist,1,1,0
needlessly_afraid,1,1,0
needlessly_abstract,1,1,0
necessarily_youthful,1,1,0
necessarily_year-round,1,1,0
necessarily_workable,1,1,0
necessarily_wireless,1,1,0
necessarily_windy,1,1,0
necessarily_winded,1,1,0
necessarily_wholesome,1,1,0
necessarily_whimsical,1,1,0
necessarily_weekly,1,1,0
necessarily_walkable,1,1,0
necessarily_wacky,1,1,0
necessarily_vocal,1,1,0
necessarily_vitriolic,1,1,0
needlessly_archaic,1,1,0
needlessly_belligerent,1,1,0
necessarily_vertical,1,1,0
needlessly_bitter,1,1,0
needlessly_hard,1,1,0
needlessly_gruesome,1,1,0
needlessly_glib,1,1,0
needlessly_frenetic,1,1,0
needlessly_flashy,1,1,0
needlessly_fancy,1,1,0
needlessly_explicit,1,1,0
needlessly_endangered,1,1,0
needlessly_dramatic,1,1,0
needlessly_disruptive,1,1,0
needlessly_disrespectful,1,1,0
needlessly_derogatory,1,1,0
needlessly_cute,1,1,0
needlessly_confrontational,1,1,0
needlessly_concerned,1,1,0
needlessly_brutal,1,1,0
needlessly_blind,1,1,0
necessarily_vigorous,1,1,0
necessarily_venerable,1,1,0
needlessly_high,1,1,0
necessarily_unprepared,1,1,0
necessarily_unmarried,1,1,0
necessarily_unlimited,1,1,0
necessarily_unlikeable,1,1,0
necessarily_uninterested,1,1,0
necessarily_unintentional,1,1,0
necessarily_unintelligible,1,1,0
necessarily_uninspired,1,1,0
necessarily_uninhabitable,1,1,0
necessarily_unified,1,1,0
necessarily_unharmed,1,1,0
necessarily_unforgettable,1,1,0
necessarily_unfocused,1,1,0
necessarily_unfinished,1,1,0
necessarily_unequal,1,1,0
necessarily_undocumented,1,1,0
necessarily_underwhelming,1,1,0
necessarily_undemocratic,1,1,0
necessarily_unnecessary,1,1,0
necessarily_unprofitable,1,1,0
necessarily_vast,1,1,0
necessarily_unreachable,1,1,0
necessarily_variable,1,1,0
necessarily_vapid,1,1,0
necessarily_upmarket,1,1,0
necessarily_unworkable,1,1,0
necessarily_unwell,1,1,0
necessarily_unwatchable,1,1,0
necessarily_untold,1,1,0
necessarily_unthinkable,1,1,0
necessarily_unsuited,1,1,0
necessarily_unsuitable,1,1,0
necessarily_unsophisticated,1,1,0
necessarily_unsettling,1,1,0
necessarily_unsettled,1,1,0
necessarily_unselfish,1,1,0
necessarily_unscientific,1,0,1
necessarily_unruly,1,1,0
necessarily_unresponsive,1,1,0
needlessly_harsh,1,1,0
needlessly_long,1,1,0
normally_proportional,1,1,0
never_guilty,1,1,0
never_gentle,1,1,0
never_funny,1,1,0
never_fresh,1,1,0
never_fearful,1,1,0
never_fat,1,1,0
never_explicit,1,1,0
never_equivalent,1,1,0
never_dusty,1,1,0
never_disagreeable,1,1,0
never_direct,1,1,0
never_difficult,1,1,0
never_different,1,1,0
never_desirable,1,1,0
never_correct,1,1,0
never_cool,1,0,1
never_concerned,1,1,0
never_competitive,1,1,0
never_great,1,0,1
never_hard,1,1,0
never_christian,1,1,0
never_helpful,1,1,0
never_naughty,1,1,0
never_moral,1,1,0
never_middle,1,1,0
never_liberal,1,1,0
never_lesser,1,1,0
never_legitimate,1,1,0
never_lazy,1,1,0
never_lame,1,1,0
never_keen,1,1,0
never_justifiable,1,1,0
never_interested,1,1,0
never_independent,1,1,0
never_incorrect,1,1,0
never_improper,1,1,0
never_impressed,1,1,0
never_ideal,1,1,0
never_homophobic,1,1,0
never_comfortable,1,1,0
never_cheap,1,1,0
needlessly_massive,1,1,0
needlessly_wealthy,1,1,0
needlessly_vulgar,1,1,0
needlessly_violent,1,1,0
needlessly_unsightly,1,1,0
needlessly_tasteless,1,1,0
needlessly_talkative,1,1,0
needlessly_strict,1,1,0
needlessly_slow,1,1,0
needlessly_skimpy,1,1,0
needlessly_sensational,1,1,0
needlessly_sadistic,1,1,0
needlessly_risky,1,1,0
needlessly_restrictive,1,1,0
needlessly_partisan,1,1,0
needlessly_painful,1,1,0
needlessly_opaque,1,1,0
needlessly_negative,1,1,0
needlessly_nasty,1,1,0
needlessly_vulnerable,1,1,0
needlessly_worried,1,1,0
never_certain,1,1,0
neither_better,1,1,0
never_brief,1,1,0
never_blue,1,1,0
never_bitter,1,1,0
never_better,1,1,0
never_bad,1,1,0
never_aware,1,1,0
never_available,1,1,0
never_aggressive,1,1,0
never_accessible,1,1,0
never_absolute,1,1,0
neither_sexualized,1,1,0
neither_qualified,1,1,0
neither_odd,1,1,0
neither_impossible,1,1,0
neither_guilty,1,1,0
neither_desperate,1,1,0
neither_dead,1,0,1
necessarily_undecided,1,1,0
necessarily_uncool,1,1,0
necessarily_unconventional,1,1,0
necessarily_rubbish,1,1,0
necessarily_round,1,1,0
necessarily_roman,1,1,0
necessarily_rocky,1,1,0
necessarily_robotic,1,1,0
necessarily_ripe,1,1,0
necessarily_rigorous,1,1,0
necessarily_rife,1,1,0
necessarily_rhythmic,1,1,0
necessarily_reverent,1,1,0
necessarily_revealing,1,1,0
necessarily_retro,1,1,0
necessarily_respected,1,1,0
necessarily_respectable,1,1,0
necessarily_resonant,1,1,0
necessarily_residential,1,1,0
necessarily_repulsive,1,1,0
necessarily_repressive,1,1,0
necessarily_routine,1,1,0
necessarily_sacrosanct,1,1,0
necessarily_remote,1,1,0
necessarily_sadistic,1,1,0
necessarily_senior,1,1,0
necessarily_self-indulgent,1,1,0
necessarily_self-destructive,1,1,0
necessarily_self-aware,1,1,0
necessarily_segregated,1,1,0
necessarily_seductive,1,1,0
necessarily_sedentary,1,1,0
necessarily_sedate,1,1,0
necessarily_second,1,1,0
necessarily_searchable,1,1,0
necessarily_scottish,1,1,0
necessarily_sci-fi,1,1,0
necessarily_scenic,1,1,0
necessarily_savage,1,1,0
necessarily_sarcastic,1,1,0
necessarily_sanguine,1,1,0
necessarily_salient,1,1,0
necessarily_replaceable,1,1,0
necessarily_reluctant,1,1,0
necessarily_uncontrollable,1,1,0
necessarily_promising,1,1,0
necessarily_prolonged,1,1,0
necessarily_programmable,1,1,0
necessarily_profane,1,1,0
necessarily_pro-israel,1,1,0
necessarily_pro-choice,1,1,0
necessarily_pricy,1,1,0
necessarily_prevailing,1,1,0
necessarily_pressing,1,1,0
necessarily_presidential,1,1,0
necessarily_premium,1,1,0
necessarily_prejudiced,1,1,0
necessarily_potential,1,1,0
necessarily_potent,1,1,0
necessarily_pompous,1,1,0
necessarily_poignant,1,1,0
necessarily_pluralistic,1,1,0
necessarily_playful,1,1,0
necessarily_promiscuous,1,1,0
necessarily_prophetic,1,1,0
necessarily_relentless,1,1,0
necessarily_proportionate,1,1,0
necessarily_relational,1,1,0
necessarily_regressive,1,1,0
necessarily_redundant,1,1,0
necessarily_recoverable,1,1,0
necessarily_recommendable,1,1,0
necessarily_recognisable,1,1,0
necessarily_reclusive,1,1,0
necessarily_readable,1,1,0
necessarily_raunchy,1,1,0
necessarily_rarer,1,1,0
necessarily_rapid,1,1,0
necessarily_radioactive,1,1,0
necessarily_racy,1,1,0
necessarily_questionable,1,1,0
necessarily_puny,1,1,0
necessarily_psychedelic,1,1,0
necessarily_protectionist,1,1,0
necessarily_shaky,1,1,0
necessarily_shiny,1,1,0
necessarily_shitty,1,1,0
necessarily_traumatizing,1,1,0
necessarily_transient,1,1,0
necessarily_transcendent,1,1,0
necessarily_trans,1,1,0
necessarily_top-notch,1,1,0
necessarily_tolerable,1,1,0
necessarily_toasty,1,1,0
necessarily_thoughtful,1,1,0
necessarily_thirsty,1,1,0
necessarily_third,1,1,0
necessarily_theological,1,1,0
necessarily_terrified,1,1,0
necessarily_tentative,1,1,0
necessarily_tenable,1,1,0
necessarily_taxable,1,1,0
necessarily_tart,1,1,0
necessarily_tactful,1,1,0
necessarily_tacky,1,1,0
necessarily_transportable,1,1,0
necessarily_treacherous,1,1,0
necessarily_short-term,1,1,0
necessarily_tremendous,1,1,0
necessarily_unconscious,1,1,0
necessarily_unconditional,1,1,0
necessarily_unchallenged,1,1,0
necessarily_unbroken,1,1,0
necessarily_unbreakable,1,1,0
necessarily_unbelievable,1,1,0
necessarily_unbeatable,1,1,0
necessarily_unbalanced,1,1,0
necessarily_unavailable,1,1,0
necessarily_unappreciated,1,1,0
necessarily_unappealing,1,1,0
necessarily_unaffected,1,1,0
necessarily_turkish,1,1,0
necessarily_troublesome,1,1,0
necessarily_troubled,1,1,0
necessarily_trite,1,1,0
necessarily_tribal,1,1,0
necessarily_symbiotic,1,1,0
necessarily_swollen,1,1,0
necessarily_superficial,1,1,0
necessarily_super,1,1,0
necessarily_speculative,1,1,0
necessarily_sparse,1,1,0
necessarily_sovereign,1,1,0
necessarily_southern,1,1,0
necessarily_somber,1,1,0
necessarily_solar,1,1,0
necessarily_snarky,1,1,0
necessarily_smitten,1,1,0
necessarily_slippery,1,1,0
necessarily_slim,1,1,0
necessarily_slight,1,1,0
necessarily_sleek,1,1,0
necessarily_skillful,1,1,0
necessarily_skewed,1,1,0
necessarily_situational,1,1,0
necessarily_singular,1,1,0
necessarily_shrewd,1,1,0
necessarily_sporty,1,1,0
necessarily_spotless,1,1,0
necessarily_spurious,1,1,0
necessarily_strenuous,1,1,0
necessarily_summery,1,1,0
necessarily_succesful,1,1,0
necessarily_subversive,1,1,0
necessarily_sublime,1,1,0
necessarily_sturdy,1,1,0
necessarily_stuffy,1,1,0
necessarily_strongest,1,1,0
necessarily_stout,1,1,0
necessarily_square,1,1,0
necessarily_stodgy,1,1,0
necessarily_stingy,1,1,0
necessarily_stiffer,1,1,0
necessarily_stiff,1,1,0
necessarily_steeper,1,1,0
necessarily_statistical,1,1,0
necessarily_stark,1,1,0
never_nervous,1,1,0
never_new,1,1,0
never_nice,1,1,0
normally_compulsory,1,1,0
normally_complete,1,1,0
normally_competent,1,1,0
normally_comparable,1,1,0
normally_common,1,1,0
normally_combative,1,1,0
normally_cold,1,1,0
normally_clear,1,1,0
normally_clean,1,1,0
normally_cheerful,1,1,0
normally_cheaper,1,1,0
normally_certain,1,1,0
normally_cancerous,1,1,0
normally_bothersome,1,1,0
normally_bold,1,1,0
normally_blunt,1,1,0
normally_bland,1,1,0
normally_biodegradable,1,1,0
normally_complex,1,1,0
normally_conceivable,1,1,0
normally_better,1,1,0
normally_confident,1,1,0
normally_efficient,1,1,0
normally_dominant,1,1,0
normally_distinct,1,1,0
normally_discriminatory,1,1,0
normally_disappointed,1,1,0
normally_dirty,1,1,0
normally_detrimental,1,1,0
normally_desirable,1,1,0
normally_dependable,1,1,0
normally_dental,1,1,0
normally_current,1,1,0
normally_correct,1,1,0
normally_conventional,1,1,0
normally_consistent,1,1,0
normally_confused,1,1,0
normally_confrontational,1,1,0
normally_configurable,1,1,0
normally_bigger,1,1,0
normally_best,1,1,0
nonetheless_exclusive,1,1,0
nonetheless_unseen,1,1,0
nonetheless_taut,1,1,0
nonetheless_sure,1,1,0
nonetheless_superior,1,1,0
nonetheless_similar,1,1,0
nonetheless_rewarding,1,1,0
nonetheless_revered,1,0,1
nonetheless_reliable,1,1,0
nonetheless_refreshing,1,1,0
nonetheless_real,1,1,0
nonetheless_ready,1,1,0
nonetheless_profitable,1,1,0
nonetheless_powerful,1,1,0
nonetheless_popular,1,1,0
nonetheless_opaque,1,1,0
nonetheless_older,1,1,0
nonetheless_impressive,1,1,0
nonetheless_eye-opening,1,1,0
nonetheless_unknown,1,1,0
nonetheless_unusual,1,1,0
normally_beautiful,1,1,0
nonetheless_willing,1,1,0
normally_awkward,1,1,0
normally_attributable,1,1,0
normally_asleep,1,1,0
normally_artistic,1,1,0
normally_artificial,1,1,0
normally_armed,1,1,0
normally_appropriate,1,1,0
normally_appreciative,1,1,0
normally_antisocial,1,1,0
normally_annoyed,1,1,0
normally_altruistic,1,1,0
normally_alive,1,1,0
normally_akin,1,1,0
normally_airborne,1,1,0
normally_affluent,1,1,0
normally_advantageous,1,1,0
normally_above,1,1,0
normally_emphatic,1,1,0
normally_enjoyable,1,1,0
normally_excessive,1,1,0
normally_observable,1,1,0
normally_noteworthy,1,1,0
normally_notable,1,1,0
normally_nice,1,1,0
normally_newsworthy,1,1,0
normally_neurotic,1,1,0
normally_negative,1,1,0
normally_native,1,1,0
normally_mystical,1,1,0
normally_mobile,1,1,0
normally_metallic,1,1,0
normally_manageable,1,1,0
normally_loud,1,1,0
normally_loose,1,1,0
normally_long,1,1,0
normally_legitimate,1,1,0
normally_lawful,1,1,0
normally_lavish,1,1,0
normally_obedient,1,1,0
normally_oily,1,1,0
normally_excitable,1,1,0
normally_okay,1,1,0
normally_productive,1,1,0
normally_probable,1,1,0
normally_private,1,1,0
normally_prevalent,1,1,0
normally_precise,1,1,0
normally_practical,1,1,0
normally_practicable,1,1,0
normally_powerful,1,1,0
normally_possessive,1,1,0
normally_polite,1,1,0
normally_plentiful,1,1,0
normally_pleasurable,1,1,0
normally_pleasant,1,1,0
normally_perceptible,1,1,0
normally_patient,1,1,0
normally_outspoken,1,1,0
normally_ornate,1,1,0
normally_larger,1,1,0
normally_lacking,1,1,0
normally_knowledgeable,1,1,0
normally_kind,1,1,0
normally_funny,1,1,0
normally_fun,1,1,0
normally_fresh,1,1,0
normally_forgivable,1,1,0
normally_flashy,1,1,0
normally_fit,1,1,0
normally_fertile,1,1,0
normally_ferocious,1,1,0
normally_favorable,1,1,0
normally_fat,1,1,0
normally_famous,1,1,0
normally_fair,1,1,0
normally_extravagant,1,1,0
normally_extraordinary,1,1,0
normally_extensive,1,1,0
normally_explicit,1,1,0
normally_exempt,1,1,0
normally_graphic,1,1,0
normally_great,1,1,0
normally_greater,1,1,0
normally_indicative,1,1,0
normally_jealous,1,1,0
normally_itchy,1,1,0
normally_invulnerable,1,1,0
normally_intimidating,1,1,0
normally_intimate,1,1,0
normally_interchangeable,1,1,0
normally_insecure,1,0,1
normally_incompatible,1,1,0
normally_hairy,1,1,0
normally_impossible,1,1,0
normally_ideal,1,1,0
normally_hungry,1,1,0
normally_humorous,1,1,0
normally_humid,1,1,0
normally_hazardous,1,1,0
normally_hard,1,1,0
nonetheless_extraordinary,1,1,0
nonetheless_effective,1,1,0
never_other,1,1,0
newly_nefarious,1,0,1
newly_important,1,1,0
newly_illegal,1,1,0
newly_hip,1,1,0
newly_goofy,1,1,0
newly_gay,1,1,0
newly_embarrassing,1,0,1
newly_divisive,1,1,0
newly_dangerous,1,1,0
newly_curious,1,1,0
newly_blind,1,1,0
newly_aware,1,1,0
newly_appealing,1,0,1
newly_ambitious,1,1,0
nevertheless_unsuitable,1,1,0
nevertheless_unsound,1,1,0
nevertheless_ubiquitous,1,1,0
nevertheless_successful,1,1,0
newly_incredible,1,0,1
newly_political,1,1,0
nevertheless_reluctant,1,1,0
newly_pregnant,1,1,0
nicely_moist,1,1,0
nicely_ironic,1,1,0
nicely_divisible,1,1,0
nicely_confusing,1,1,0
nicely_clean,1,1,0
nicely_blue,1,1,0
nicely_aware,1,1,0
nicely_ambivalent,1,1,0
next_next,1,1,0
next_best,1,1,0
newly_widespread,1,1,0
newly_vulnerable,1,1,0
newly_true,1,1,0
newly_single,1,1,0
newly_rich,1,1,0
newly_reluctant,1,1,0
newly_qualified,1,1,0
nevertheless_specific,1,1,0
nevertheless_new,1,1,0
nonetheless_disruptive,1,1,0
never_simpler,1,1,0
never_silent,1,1,0
never_shy,1,1,0
never_shallow,1,1,0
never_rude,1,1,0
never_responsible,1,1,0
never_redundant,1,1,0
never_realistic,1,1,0
never_quiet,1,1,0
never_pristine,1,1,0
never_precise,1,1,0
never_possible,1,1,0
never_positive,1,1,0
never_pleased,1,1,0
never_painless,1,1,0
never_own,1,1,0
never_overwhelming,1,1,0
never_outrageous,1,1,0
never_simple,1,1,0
never_sorry,1,1,0
nevertheless_innocent,1,1,0
never_steady,1,1,0
nevertheless_greater,1,1,0
nevertheless_grateful,1,1,0
nevertheless_full,1,1,0
nevertheless_enforceable,1,1,0
nevertheless_clear,1,1,0
nevertheless_assertive,1,1,0
nevertheless_alive,1,1,0
nevertheless_able,1,1,0
never_young,1,1,0
never_wise,1,1,0
never_willing,1,1,0
never_welcome,1,1,0
never_weak,1,1,0
never_visible,1,1,0
never_unambiguous,1,1,0
never_thankless,1,1,0
never_sweet,1,1,0
nicely_pigmented,1,1,0
nicely_reactive,1,1,0
nicely_representative,1,1,0
non_functional,1,1,0
non_effective,1,1,0
non_doable,1,1,0
non_different,1,1,0
non_destructive,1,1,0
non_crazy,1,1,0
non_confusing,1,1,0
non_christian,1,1,0
non_binary,1,1,0
non_addictive,1,1,0
nominally_traditional,1,1,0
nominally_socialist,1,1,0
nominally_significant,1,1,0
nominally_racist,1,1,0
nominally_private,1,1,0
nominally_precise,1,1,0
nominally_orthodox,1,1,0
nominally_different,1,1,0
non_european,1,1,0
non_integral,1,1,0
nicely_same,1,1,0
non_judgemental,1,1,0
nonetheless_disappointing,1,1,0
nonetheless_clear,1,1,0
nonetheless_busy,1,1,0
nonetheless_apparent,1,1,0
nonetheless_alive,1,1,0
nonetheless_absent,1,1,0
non_worthy,1,1,0
non_violent,1,1,0
non_vegan,1,1,0
non_toxic,1,1,0
non_qualified,1,1,0
non_pro-american,1,1,0
non_national,1,1,0
non_muslim,1,1,0
non_mainstream,1,1,0
non_linear,1,1,0
non_lethal,1,1,0
nominally_catholic,1,1,0
nominally_buddhist,1,1,0
nominally_alive,1,1,0
no_younger,1,1,0
no_economic,1,1,0
no_crazier,1,1,0
no_clearer,1,1,0
no_cheaper,1,1,0
no_black,1,1,0
nit_worthy,1,1,0
nit_enough,1,1,0
nit_beautiful,1,1,0
nigh_unreachable,1,1,0
nigh_unplayable,1,1,0
nigh_universal,1,1,0
nigh_unheard,1,1,0
nigh_unbeatable,1,1,0
nicely_xenophobic,1,1,0
nicely_understated,1,1,0
nicely_surprised,1,1,0
nicely_soft,1,1,0
no_great,1,1,0
no_green,1,1,0
no_harder,1,1,0
no_prescient,1,1,0
no_wiser,1,1,0
no_willing,1,1,0
no_white,1,1,0
no_uncertain,1,1,0
no_sound,1,1,0
no_scarier,1,1,0
no_prettier,1,1,0
no_poor,1,1,0
no_italian,1,1,0
no_new,1,0,1
no_nastier,1,1,0
no_moral,1,1,0
no_moderate,1,1,0
no_looser,1,1,0
no_longer,1,1,0
no_lighter,1,1,0
outrageously_irresponsible,1,1,0
outrageously_larger,1,1,0
n't_higher,1,1,0
politically_innocuous,1,1,0
politically_inevitable,1,1,0
politically_inert,1,1,0
politically_inept,1,1,0
politically_ineffectual,1,1,0
politically_ineffective,1,1,0
politically_inclusive,1,1,0
politically_incisive,1,1,0
politically_inactive,1,1,0
politically_inaccurate,1,1,0
politically_impotent,1,1,0
politically_imperative,1,1,0
politically_illiterate,1,1,0
politically_identical,1,1,0
politically_idealistic,1,1,0
politically_honest,1,1,0
politically_historic,1,1,0
politically_helpless,1,1,0
politically_informative,1,1,0
politically_inopportune,1,1,0
politically_harmless,1,1,0
politically_intransigent,1,1,0
politically_meaningless,1,1,0
politically_marginal,1,1,0
politically_malleable,1,1,0
politically_malicious,1,1,0
politically_mainstream,1,1,0
politically_loyal,1,1,0
politically_loud,1,1,0
politically_lethal,1,1,0
politically_lenient,1,1,0
politically_leftist,1,1,0
politically_left-wing,1,1,0
politically_knowledgeable,1,1,0
politically_keen,1,1,0
politically_isolated,1,1,0
politically_islamic,1,1,0
politically_irrational,1,1,0
politically_intrinsic,1,0,1
politically_healthy,1,1,0
politically_gloomy,1,1,0
politically_motivating,1,1,0
politically_empowering,1,1,0
politically_efficient,1,1,0
politically_earnest,1,1,0
politically_doubtful,1,1,0
politically_docile,1,1,0
politically_distracting,1,1,0
politically_disagreeable,1,1,0
politically_dire,1,1,0
politically_deviant,1,1,0
politically_devastating,1,1,0
politically_detrimental,1,1,0
politically_deserving,1,1,0
politically_dependent,1,1,0
politically_dense,1,1,0
politically_deft,1,1,0
politically_decisive,1,1,0
politically_deadly,1,1,0
politically_daring,1,1,0
politically_eloquent,1,1,0
politically_endearing,1,1,0
politically_fun,1,1,0
politically_enlightening,1,0,1
politically_fruitful,1,1,0
politically_fragmented,1,1,0
politically_foolish,1,1,0
politically_foolhardy,1,1,0
politically_flawed,1,1,0
politically_fit,1,1,0
politically_ferocious,1,1,0
politically_fearful,1,1,0
politically_favourable,1,1,0
politically_fair,1,1,0
politically_explosive,1,1,0
politically_expensive,1,1,0
politically_exclusive,1,1,0
politically_exciting,1,1,0
politically_essential,1,1,0
politically_equal,1,1,0
politically_enticing,1,1,0
politically_mild,1,1,0
politically_new,1,0,1
politically_valuable,1,1,0
politically_tolerant,1,1,0
politically_threatening,1,1,0
politically_terminal,1,1,0
politically_symbolic,1,1,0
politically_surprising,1,0,1
politically_suitable,1,1,0
politically_stubborn,1,1,0
politically_stronger,1,1,0
politically_strident,1,1,0
politically_stilted,1,1,0
politically_squeamish,1,1,0
politically_specific,1,1,0
politically_sovereign,1,1,0
politically_soothing,1,1,0
politically_skillful,1,1,0
politically_similar,1,1,0
politically_silent,1,1,0
politically_shortsighted,1,1,0
politically_timid,1,1,0
politically_tribal,1,1,0
politically_sharp,1,1,0
politically_tricky,1,1,0
politically_untouchable,1,1,0
politically_unthinkable,1,1,0
politically_untenable,1,1,0
politically_unsophisticated,1,1,0
politically_unreliable,1,1,0
politically_unrealistic,1,1,0
politically_uniform,1,1,0
politically_unfeasible,1,1,0
politically_unethical,1,1,0
politically_undone,1,1,0
politically_understandable,1,1,0
politically_uncertain,1,1,0
politically_unattractive,1,1,0
politically_trustworthy,1,1,0
politically_true,1,1,0
politically_troublesome,1,1,0
politically_trivial,1,1,0
politically_short-sighted,1,1,0
politically_separate,1,1,0
politically_noteworthy,1,1,0
politically_pro,1,1,0
politically_prescriptive,1,1,0
politically_prepared,1,0,1
politically_preachy,1,1,0
politically_polarizing,1,1,0
politically_polarized,1,1,0
politically_petty,1,1,0
politically_perverse,1,1,0
politically_permissible,1,1,0
politically_peculiar,1,1,0
politically_passive,1,1,0
politically_paranoid,1,1,0
politically_palpable,1,1,0
politically_painful,1,1,0
politically_overt,1,1,0
politically_optimistic,1,1,0
politically_obsolete,1,1,0
politically_obsessed,1,1,0
politically_privileged,1,0,1
politically_professional,1,1,0
politically_secular,1,1,0
politically_purple,1,1,0
politically_sectarian,1,1,0
politically_scary,1,1,0
politically_sacrosanct,1,1,0
politically_ruthless,1,1,0
politically_ruinous,1,0,1
politically_ripe,1,1,0
politically_righteous,1,1,0
politically_ridiculous,1,1,0
politically_rewarding,1,1,0
politically_revolutionary,1,1,0
politically_responsive,1,1,0
politically_representative,1,1,0
politically_rebellious,1,1,0
politically_reactionary,1,1,0
politically_queer,1,1,0
politically_qualified,1,1,0
politically_puzzling,1,1,0
politically_cynical,1,1,0
politically_current,1,1,0
politically_credible,1,1,0
plainly_unconstitutional,1,1,0
plainly_silly,1,1,0
plainly_significant,1,1,0
plainly_round,1,1,0
plainly_redundant,1,1,0
plainly_racist,1,1,0
plainly_problematic,1,1,0
plainly_perceptible,1,1,0
plainly_moot,1,1,0
plainly_irrelevant,1,1,0
plainly_inconsistent,1,1,0
plainly_impractical,1,1,0
plainly_implausible,1,1,0
plainly_grateful,1,1,0
plainly_flat,1,1,0
plainly_false,1,1,0
plainly_essential,1,1,0
plainly_enough,1,1,0
plainly_ugly,1,1,0
playfully_cinematic,1,0,1
plainly_constitutional,1,1,0
playfully_dumb,1,1,0
pleasantly_impressed,1,1,0
pleasantly_hot,1,1,0
pleasantly_grumpy,1,1,0
pleasantly_friendly,1,1,0
pleasantly_free,1,0,1
pleasantly_familiar,1,1,0
pleasantly_excited,1,1,0
pleasantly_disappointed,1,1,0
pleasantly_crisp,1,1,0
pleasantly_concise,1,1,0
pleasantly_colorful,1,1,0
pleasantly_catchy,1,1,0
pleasantly_busy,1,1,0
pleasantly_beautiful,1,1,0
playfully_precocious,1,1,0
playfully_infectious,1,1,0
playfully_erotic,1,1,0
plainly_conventional,1,1,0
plainly_consistent,1,1,0
politically_crazy,1,1,0
plain_rough,1,1,0
plain_repulsive,1,1,0
plain_rare,1,1,0
plain_random,1,1,0
plain_possible,1,1,0
plain_pointless,1,1,0
plain_picky,1,1,0
plain_palpable,1,1,0
plain_overwhelming,1,1,0
plain_nice,1,1,0
plain_necessary,1,1,0
plain_neat,1,1,0
plain_misleading,1,1,0
plain_miserable,1,1,0
plain_ludicrous,1,1,0
plain_lucky,1,1,0
plain_lazy,1,1,0
plain_laughable,1,1,0
plain_ridiculous,1,1,0
plain_rude,1,1,0
plainly_black,1,1,0
plain_shady,1,1,0
plainly_better,1,1,0
plainly_awe,1,1,0
plain_wet,1,1,0
plain_weak,1,1,0
plain_wacky,1,1,0
plain_useless,1,1,0
plain_uptight,1,1,0
plain_unrealistic,1,1,0
plain_uninteresting,1,1,0
plain_unfriendly,1,1,0
plain_unfair,1,1,0
plain_tragic,1,1,0
plain_thrilling,1,1,0
plain_strange,1,1,0
plain_stellar,1,1,0
plain_sneaky,1,1,0
plain_simple,1,1,0
pleasantly_instructive,1,0,1
pleasantly_nasty,1,1,0
pleasantly_parallel,1,1,0
politically_capable,1,1,0
politically_bulletproof,1,1,0
politically_blunt,1,1,0
politically_blind,1,1,0
politically_black,1,1,0
politically_benign,1,0,1
politically_bellicose,1,0,1
politically_bankrupt,1,1,0
politically_balanced,1,1,0
politically_awkward,1,1,0
politically_atypical,1,1,0
politically_attuned,1,1,0
politically_assertive,1,1,0
politically_arbitrary,1,1,0
politically_appetizing,1,1,0
politically_angry,1,1,0
politically_allowable,1,1,0
politically_alive,1,1,0
politically_burdensome,1,1,0
politically_catchy,1,1,0
pleasantly_rich,1,0,1
politically_cautious,1,1,0
politically_cowardly,1,1,0
politically_costly,1,1,0
politically_cosmopolitan,1,1,0
politically_contagious,1,1,0
politically_consequential,1,1,0
politically_conducive,1,1,0
politically_conceivable,1,1,0
politically_compulsory,1,1,0
politically_complex,1,1,0
politically_competent,1,1,0
politically_coherent,1,1,0
politically_cognizant,1,1,0
politically_clueless,1,1,0
politically_closer,1,1,0
politically_clean,1,1,0
politically_civilized,1,1,0
politically_cheap,1,1,0
politically_alert,1,1,0
politically_afraid,1,1,0
politically_adroit,1,1,0
politically_actionable,1,1,0
plenty_daunting,1,1,0
plenty_big,1,1,0
pleasingly_welcome,1,1,0
pleasingly_snappy,1,0,1
pleasingly_satisfying,1,1,0
pleasingly_reminiscent,1,1,0
pleasingly_pastoral,1,1,0
pleasingly_melodic,1,0,1
pleasingly_high,1,1,0
pleasingly_funny,1,1,0
pleasingly_effortless,1,0,1
pleasingly_compliant,1,1,0
pleasantly_unexpected,1,1,0
pleasantly_tart,1,1,0
pleasantly_tangy,1,1,0
pleasantly_sunny,1,1,0
pleasantly_shocked,1,1,0
plenty_hot,1,1,0
plenty_powerful,1,1,0
plenty_quick,1,1,0
pointedly_tart,1,1,0
politically_accessible,1,1,0
politically_abusive,1,1,0
politically_absurd,1,1,0
politically_able,1,1,0
pointedly_witty,1,1,0
pointedly_whimsical,1,1,0
pointedly_true,1,1,0
pointedly_short,1,0,1
plenty_roomy,1,0,1
pointedly_preachy,1,1,0
pointedly_powerful,1,1,0
pointedly_melodic,1,1,0
pointedly_humble,1,1,0
pointedly_foolish,1,1,0
pointedly_evocative,1,1,0
pointedly_dangerous,1,1,0
politically_unwise,1,1,0
politically_vindictive,1,1,0
plain_insulting,1,1,0
potentially_weak,1,1,0
potentially_usable,1,1,0
potentially_unlimited,1,1,0
potentially_unlawful,1,1,0
potentially_unhealthy,1,1,0
potentially_unfair,1,1,0
potentially_unethical,1,1,0
potentially_unconstitutional,1,1,0
potentially_uncomfortable,1,1,0
potentially_troublesome,1,1,0
potentially_traumatic,1,1,0
potentially_tragic,1,1,0
potentially_threatening,1,1,0
potentially_suicidal,1,1,0
potentially_steep,1,1,0
potentially_specific,1,1,0
potentially_special,1,0,1
potentially_solid,1,1,0
potentially_volatile,1,1,0
potentially_worse,1,1,0
potentially_severe,1,1,0
powerfully_addictive,1,1,0
powerfully_magnetic,1,1,0
powerfully_interesting,1,1,0
powerfully_interactive,1,1,0
powerfully_influential,1,1,0
powerfully_independent,1,1,0
powerfully_imaginative,1,0,1
powerfully_formative,1,1,0
powerfully_evocative,1,1,0
powerfully_enough,1,1,0
powerfully_economical,1,1,0
powerfully_debilitating,1,1,0
powerfully_compelling,1,1,0
powerfully_capable,1,1,0
powerfully_attractive,1,1,0
powerfully_apropos,1,1,0
powerfully_ambiguous,1,1,0
powerfully_alcoholic,1,1,0
potentially_significant,1,1,0
potentially_sensitive,1,0,1
powerfully_moving,1,1,0
potentially_nauseating,1,1,0
potentially_messy,1,1,0
potentially_meaningful,1,1,0
potentially_malicious,1,1,0
potentially_luxurious,1,0,1
potentially_lucky,1,1,0
potentially_life-changing,1,1,0
potentially_libelous,1,1,0
potentially_legitimate,1,1,0
potentially_key,1,1,0
potentially_joyous,1,0,1
potentially_irreversible,1,1,0
potentially_invasive,1,1,0
potentially_influential,1,1,0
potentially_infinite,1,1,0
potentially_incorrect,1,1,0
potentially_inaccurate,1,1,0
potentially_inaccessible,1,1,0
potentially_misleading,1,1,0
potentially_new,1,1,0
potentially_self-destructive,1,1,0
potentially_nihilistic,1,1,0
potentially_seductive,1,0,1
potentially_rich,1,1,0
potentially_removable,1,1,0
potentially_religious,1,1,0
potentially_reckless,1,1,0
potentially_reasonable,1,1,0
potentially_ready,1,1,0
potentially_provocative,1,1,0
potentially_presidential,1,0,1
potentially_prejudicial,1,0,1
potentially_predictable,1,1,0
potentially_positive,1,1,0
potentially_political,1,1,0
potentially_painful,1,1,0
potentially_overwhelming,1,1,0
potentially_overpriced,1,1,0
potentially_obscene,1,1,0
powerfully_memorable,1,1,0
powerfully_nostalgic,1,1,0
politically_vital,1,1,0
practically_verifiable,1,1,0
practically_unworkable,1,1,0
practically_untrue,1,1,0
practically_unheard,1,1,0
practically_unexplored,1,1,0
practically_true,1,1,0
practically_sustainable,1,1,0
practically_solvable,1,1,0
practically_smart,1,1,0
practically_salient,1,1,0
practically_righteous,1,1,0
practically_recoverable,1,1,0
practically_proper,1,1,0
practically_preferable,1,1,0
practically_positive,1,0,1
practically_permanent,1,1,0
practically_observable,1,0,1
practically_null,1,1,0
practically_upsetting,1,1,0
practically_wise,1,1,0
practically_measurable,1,1,0
practically_worthless,1,1,0
precisely_astute,1,1,0
precisely_astonishing,1,1,0
precisely_architectural,1,1,0
precisely_apt,1,0,1
precisely_appropriate,1,1,0
precisely_appetizing,1,1,0
precisely_anonymous,1,1,0
precisely_amiss,1,1,0
precisely_altruistic,1,1,0
precisely_alike,1,1,0
precisely_aged,1,1,0
precisely_adequate,1,1,0
precisely_abstract,1,1,0
precisely_able,1,1,0
precariously_tight,1,0,1
precariously_close,1,1,0
practically_wrong,1,0,1
practically_mobile,1,1,0
practically_mandatory,1,1,0
powerfully_original,1,1,0
practically_defunct,1,1,0
practically_damaging,1,1,0
practically_challenging,1,1,0
practically_certain,1,1,0
practically_beneficial,1,1,0
practically_bankrupt,1,1,0
practically_angelic,1,1,0
practically_ample,1,1,0
practically_affordable,1,1,0
practically_adequate,1,1,0
practically_abstract,1,1,0
powerfully_unsettling,1,1,0
powerfully_unreliable,1,1,0
powerfully_suggestive,1,1,0
powerfully_strong,1,1,0
powerfully_sexy,1,1,0
powerfully_seductive,1,1,0
powerfully_positive,1,1,0
practically_decisive,1,1,0
practically_delirious,1,1,0
practically_magic,1,1,0
practically_desirable,1,1,0
practically_internal,1,1,0
practically_indestructible,1,1,0
practically_inaccessible,1,1,0
practically_impressed,1,1,0
practically_hard,1,1,0
practically_functional,1,1,0
practically_frustrating,1,1,0
practically_freakin,1,1,0
practically_flat,1,1,0
practically_favorable,1,1,0
practically_fast,1,1,0
practically_expedient,1,1,0
practically_equivalent,1,1,0
practically_efficient,1,1,0
practically_effective,1,1,0
practically_educational,1,1,0
practically_different,1,1,0
potentially_improper,1,0,1
potentially_imminent,1,1,0
potentially_hostile,1,1,0
positively_secular,1,1,0
positively_ridiculous,1,1,0
positively_redundant,1,1,0
positively_receptive,1,1,0
positively_ready,1,1,0
positively_rabid,1,1,0
positively_primitive,1,1,0
positively_pernicious,1,1,0
positively_pastoral,1,1,0
positively_negative,1,1,0
positively_mysterious,1,1,0
positively_mundane,1,1,0
positively_muddy,1,1,0
positively_like,1,1,0
positively_lame,1,1,0
positively_indecent,1,1,0
positively_incompetent,1,1,0
positively_impressed,1,1,0
positively_rude,1,1,0
positively_sentimental,1,1,0
positively_ill,1,1,0
positively_serious,1,1,0
possibly_attainable,1,1,0
possibly_arbitrary,1,1,0
positively_wicked,1,1,0
positively_wet,1,1,0
positively_wacky,1,1,0
positively_utopian,1,1,0
positively_unpleasant,1,1,0
positively_ugly,1,1,0
positively_thrilled,1,1,0
positively_threatening,1,1,0
positively_surprising,1,1,0
positively_straightforward,1,1,0
positively_solicitous,1,1,0
positively_social,1,0,1
positively_slow,1,1,0
positively_sinful,1,1,0
positively_shocked,1,1,0
positively_immoral,1,1,0
positively_hostile,1,1,0
potentially_higher,1,1,0
positively_critical,1,1,0
positively_convinced,1,1,0
positively_conciliatory,1,1,0
positively_charming,1,1,0
positively_brilliant,1,1,0
positively_blissful,1,1,0
positively_blasphemous,1,1,0
positively_beneficial,1,1,0
positively_angry,1,1,0
positively_alike,1,1,0
positively_advantageous,1,1,0
poorly_qualified,1,1,0
poorly_mannered,1,1,0
poorly_lit,1,1,0
politically_worthwhile,1,1,0
politically_worth,1,1,0
politically_workable,1,1,0
politically_wiser,1,1,0
positively_criminal,1,1,0
positively_dark,1,1,0
positively_helpful,1,1,0
positively_decrepit,1,1,0
positively_greatest,1,1,0
positively_great,1,1,0
positively_gorgeous,1,1,0
positively_good,1,1,0
positively_german,1,1,0
positively_frightening,1,1,0
positively_free,1,1,0
positively_filthy,1,1,0
positively_fickle,1,1,0
positively_fair,1,0,1
positively_essential,1,1,0
positively_enchanting,1,1,0
positively_distasteful,1,1,0
positively_dishonest,1,1,0
positively_disgusting,1,1,0
positively_disagreeable,1,1,0
positively_delightful,1,1,0
possibly_best,1,1,0
possibly_capable,1,1,0
possibly_chronological,1,1,0
potentially_dependent,1,1,0
potentially_damning,1,1,0
potentially_criminal,1,1,0
potentially_credible,1,1,0
potentially_costly,1,1,0
potentially_corrupt,1,1,0
potentially_contagious,1,1,0
potentially_constructive,1,1,0
potentially_confidential,1,1,0
potentially_compatible,1,1,0
potentially_challenging,1,1,0
potentially_carcinogenic,1,1,0
potentially_broad,1,1,0
potentially_attractive,1,1,0
potentially_angry,1,1,0
potentially_active,1,1,0
potentially_accurate,1,1,0
possibly_worth,1,1,0
potentially_deceptive,1,1,0
potentially_detrimental,1,1,0
possibly_correct,1,1,0
potentially_disappointed,1,1,0
potentially_heroic,1,0,1
potentially_helpful,1,1,0
potentially_harmless,1,1,0
potentially_habitable,1,1,0
potentially_greater,1,1,0
potentially_grave,1,1,0
potentially_funny,1,1,0
potentially_frustrating,1,1,0
potentially_fruitful,1,1,0
potentially_expensive,1,1,0
potentially_exclusive,1,1,0
potentially_exciting,1,1,0
potentially_exceptional,1,0,1
potentially_enjoyable,1,1,0
potentially_dominant,1,1,0
potentially_divisive,1,1,0
potentially_distracting,1,1,0
possibly_unethical,1,1,0
possibly_unconstitutional,1,1,0
possibly_sure,1,1,0
possibly_superior,1,1,0
possibly_jealous,1,1,0
possibly_interested,1,1,0
possibly_insulting,1,1,0
possibly_inappropriate,1,1,0
possibly_inaccurate,1,1,0
possibly_ideal,1,1,0
possibly_human,1,1,0
possibly_historical,1,1,0
possibly_higher,1,1,0
possibly_guilty,1,1,0
possibly_fun,1,0,1
possibly_fraught,1,1,0
possibly_fatal,1,1,0
possibly_easy,1,1,0
possibly_dreamy,1,1,0
possibly_detrimental,1,1,0
possibly_debatable,1,1,0
possibly_jewish,1,1,0
possibly_liable,1,0,1
possibly_life-changing,1,1,0
possibly_prevailing,1,1,0
possibly_stronger,1,1,0
possibly_sophisticated,1,1,0
possibly_sick,1,1,0
possibly_severe,1,0,1
possibly_satisfied,1,1,0
possibly_rare,1,1,0
possibly_quantifiable,1,1,0
possibly_present,1,1,0
possibly_logical,1,1,0
possibly_popular,1,1,0
possibly_older,1,1,0
possibly_old,1,1,0
possibly_offensive,1,1,0
possibly_noble,1,1,0
possibly_negative,1,0,1
possibly_lower,1,1,0
plain_irritating,1,1,0
plain_ingenious,1,1,0
perhaps_overdue,1,1,0
personally_generous,1,1,0
personally_fulfilling,1,1,0
personally_frustrating,1,1,0
personally_frightening,1,1,0
personally_frightened,1,1,0
personally_flamboyant,1,1,0
personally_fascinating,1,1,0
personally_expressive,1,0,1
personally_experienced,1,1,0
personally_exhausting,1,1,0
personally_excited,1,1,0
personally_envious,1,1,0
personally_enough,1,1,0
personally_enlightening,1,1,0
personally_energetic,1,1,0
personally_endangered,1,1,0
personally_educational,1,1,0
personally_eccentric,1,1,0
personally_funny,1,1,0
personally_grateful,1,1,0
personally_dramatic,1,1,0
personally_harmful,1,1,0
personally_menacing,1,1,0
personally_mean,1,1,0
personally_maddening,1,1,0
personally_low,1,1,0
personally_liberating,1,1,0
personally_least,1,1,0
personally_judgmental,1,1,0
personally_intrusive,1,1,0
personally_insignificant,1,1,0
personally_indispensable,1,1,0
personally_impossible,1,1,0
personally_ill,1,1,0
personally_humiliating,1,1,0
personally_horrible,1,0,1
personally_honest,1,1,0
personally_hip,1,1,0
personally_hazardous,1,1,0
personally_easy,1,1,0
personally_disrespectful,1,1,0
personally_modest,1,1,0
personally_bigoted,1,1,0
personally_bankrupt,1,1,0
personally_averse,1,1,0
personally_ashamed,1,1,0
personally_applicable,1,1,0
personally_antagonistic,1,1,0
personally_angry,1,1,0
personally_allergic,1,1,0
personally_aggravating,1,1,0
personally_adverse,1,1,0
personally_advantageous,1,1,0
personally_admirable,1,1,0
personally_acquainted,1,1,0
persistently_wet,1,1,0
persistently_visible,1,1,0
persistently_unpopular,1,1,0
persistently_showy,1,1,0
persistently_satisfactory,1,1,0
personally_big,1,1,0
personally_brave,1,1,0
personally_disagreeable,1,1,0
personally_brilliant,1,1,0
personally_devout,1,1,0
personally_desirous,1,1,0
personally_deserving,1,1,0
personally_depressed,1,1,0
personally_degrading,1,1,0
personally_culpable,1,1,0
personally_crazy,1,1,0
personally_costly,1,1,0
personally_cool,1,1,0
personally_convinced,1,1,0
personally_contemptuous,1,1,0
personally_connected,1,1,0
personally_congenial,1,1,0
personally_committed,1,1,0
personally_clear,1,1,0
personally_catholic,1,1,0
personally_brutal,1,1,0
personally_miserable,1,1,0
personally_much,1,1,0
phenomenally_clear,1,1,0
personally_viewable,1,1,0
personally_upsetting,1,1,0
personally_upright,1,1,0
personally_unsatisfied,1,1,0
personally_unpleasant,1,1,0
personally_unmoved,1,1,0
personally_uninterested,1,1,0
personally_unhealthy,1,1,0
personally_unhappy,1,1,0
personally_unfamiliar,1,1,0
personally_unaffected,1,1,0
personally_unable,1,1,0
personally_trivial,1,1,0
personally_trendy,1,1,0
personally_traumatic,1,1,0
personally_transformative,1,1,0
personally_tough,1,1,0
personally_touchy,1,1,0
personally_vegetarian,1,1,0
personally_vindictive,1,1,0
personally_sustainable,1,1,0
personally_visible,1,1,0
perversely_stupid,1,1,0
perversely_sinister,1,1,0
perversely_paranoid,1,1,0
perversely_offensive,1,0,1
perversely_odd,1,1,0
perversely_legitimate,1,1,0
perversely_incorrect,1,1,0
perversely_dismissive,1,1,0
perversely_cool,1,1,0
personally_wrong,1,0,1
personally_worthy,1,1,0
personally_worthwhile,1,1,0
personally_worth,1,1,0
personally_wild,1,1,0
personally_weak,1,1,0
personally_wacky,1,1,0
personally_vulnerable,1,1,0
personally_terrified,1,1,0
personally_surprised,1,1,0
personally_mute,1,1,0
personally_quick,1,1,0
personally_private,1,1,0
personally_prescient,1,1,0
personally_prepared,1,1,0
personally_predisposed,1,1,0
personally_pleasurable,1,1,0
personally_pious,1,1,0
personally_personal,1,1,0
personally_perilous,1,1,0
personally_overweight,1,1,0
personally_optimal,1,1,0
personally_okay,1,1,0
personally_observant,1,1,0
personally_obnoxious,1,1,0
personally_objectionable,1,0,1
personally_novel,1,0,1
personally_nostalgic,1,1,0
personally_normal,1,1,0
personally_privy,1,1,0
personally_reassuring,1,1,0
personally_supportive,1,1,0
personally_rebellious,1,1,0
personally_superstitious,1,1,0
personally_strong,1,1,0
personally_special,1,0,1
personally_slow,1,0,1
personally_significant,1,1,0
personally_sick,1,1,0
personally_short,1,1,0
personally_sensitive,1,1,0
personally_secure,1,1,0
personally_sadistic,1,1,0
personally_ruinous,1,1,0
personally_rude,1,1,0
personally_risky,1,1,0
personally_responsive,1,1,0
personally_repulsive,1,1,0
personally_reclusive,1,1,0
personally_reckless,1,1,0
persistently_pushy,1,1,0
persistently_proportional,1,1,0
persistently_poor,1,1,0
permanently_important,1,1,0
permanently_ignorant,1,1,0
permanently_hungry,1,1,0
permanently_hot,1,1,0
permanently_harmful,1,1,0
permanently_happy,1,1,0
permanently_gray,1,1,0
permanently_fatal,1,1,0
permanently_ecstatic,1,1,0
permanently_dry,1,1,0
permanently_dizzy,1,1,0
permanently_dark,1,1,0
permanently_dangerous,1,1,0
permanently_curable,1,1,0
permanently_confidential,1,1,0
permanently_cheery,1,1,0
permanently_busy,1,1,0
permanently_bored,1,1,0
permanently_ill,1,1,0
permanently_impossible,1,1,0
permanently_beholden,1,1,0
permanently_less,1,1,0
permanently_right,1,1,0
permanently_rewarding,1,0,1
permanently_renewable,1,1,0
permanently_purple,1,1,0
permanently_proportional,1,1,0
permanently_private,1,1,0
permanently_prevalent,1,1,0
permanently_possible,1,1,0
permanently_popular,1,1,0
permanently_playable,1,1,0
permanently_permanent,1,1,0
permanently_optimistic,1,1,0
permanently_open,1,1,0
permanently_malignant,1,0,1
permanently_magnetic,1,1,0
permanently_loyal,1,1,0
permanently_loose,1,1,0
permanently_bent,1,1,0
permanently_bad,1,0,1
persistently_idiotic,1,1,0
perhaps_thinner,1,0,1
perhaps_sufficient,1,1,0
perhaps_stately,1,1,0
perhaps_startling,1,1,0
perhaps_standard,1,1,0
perhaps_soothing,1,1,0
perhaps_short,1,0,1
perhaps_several,1,1,0
perhaps_satisfying,1,1,0
perhaps_satisfied,1,0,1
perhaps_safe,1,1,0
perhaps_sadder,1,0,1
perhaps_representative,1,1,0
perhaps_receptive,1,1,0
perhaps_prettier,1,0,1
perhaps_predictable,1,1,0
perhaps_practicable,1,1,0
perhaps_possible,1,1,0
perhaps_tactful,1,1,0
perhaps_top,1,1,0
permanently_aware,1,1,0
perhaps_uncommon,1,1,0
permanently_appropriate,1,1,0
permanently_angry,1,1,0
permanently_amiss,1,1,0
permanently_alone,1,1,0
perilously_thin,1,1,0
perhaps_worthy,1,1,0
perhaps_worth,1,1,0
perhaps_worse,1,0,1
perhaps_viable,1,1,0
perhaps_valid,1,1,0
perhaps_unwise,1,1,0
perhaps_unreachable,1,1,0
perhaps_unnatural,1,1,0
perhaps_unknown,1,1,0
perhaps_unhappy,1,1,0
perhaps_understandable,1,1,0
perhaps_underrated,1,1,0
permanently_sacrosanct,1,0,1
permanently_satisfying,1,0,1
permanently_secure,1,1,0
perpetually_robust,1,1,0
perpetually_raucous,1,1,0
perpetually_present,1,1,0
perpetually_pregnant,1,1,0
perpetually_pleased,1,1,0
perpetually_pleasant,1,1,0
perpetually_pious,1,1,0
perpetually_overcast,1,1,0
perpetually_open,1,1,0
perpetually_neurotic,1,1,0
perpetually_negative,1,1,0
perpetually_naughty,1,1,0
perpetually_nasty,1,1,0
perpetually_lonely,1,1,0
perpetually_late,1,1,0
perpetually_hot,1,1,0
perpetually_heartbroken,1,1,0
perpetually_happy,1,1,0
perpetually_raw,1,1,0
perpetually_sad,1,1,0
permanently_sick,1,1,0
perpetually_sensible,1,1,0
persistently_heavy,1,1,0
persistently_dark,1,1,0
persistently_dangerous,1,1,0
persistently_curious,1,1,0
persistently_aware,1,1,0
persistently_active,1,1,0
perpetually_youthful,1,1,0
perpetually_worth,1,1,0
perpetually_vulnerable,1,1,0
perpetually_viable,1,1,0
perpetually_upset,1,1,0
perpetually_unhinged,1,1,0
perpetually_unhappy,1,1,0
perpetually_suave,1,1,0
perpetually_sore,1,1,0
perpetually_smooth,1,1,0
perpetually_skeptical,1,1,0
perpetually_gray,1,1,0
perpetually_gloomy,1,1,0
perpetually_funny,1,1,0
perpetually_flawless,1,1,0
permanently_valid,1,1,0
permanently_usable,1,1,0
permanently_unlucky,1,1,0
permanently_unlocked,1,1,0
permanently_unhappy,1,1,0
permanently_unemployed,1,1,0
permanently_undone,1,1,0
permanently_underwater,1,1,0
permanently_unconscious,1,1,0
permanently_unaffordable,1,1,0
permanently_tight,1,1,0
permanently_tenable,1,1,0
permanently_sustainable,1,1,0
permanently_stuck,1,1,0
permanently_sticky,1,1,0
permanently_static,1,1,0
permanently_single,1,1,0
permanently_viewable,1,1,0
permanently_visible,1,1,0
permanently_waterproof,1,1,0
perpetually_depressed,1,1,0
perpetually_fabulous,1,1,0
perpetually_excited,1,1,0
perpetually_elastic,1,1,0
perpetually_drunk,1,1,0
perpetually_dissatisfied,1,1,0
perpetually_dirty,1,1,0
perpetually_destitute,1,1,0
perpetually_cranky,1,1,0
permanently_weak,1,1,0
perpetually_concerned,1,1,0
perpetually_aware,1,1,0
perpetually_available,1,1,0
perpetually_angry,1,1,0
permanently_wrong,1,1,0
permanently_worthwhile,1,0,1
permanently_wise,1,1,0
phenomenally_better,1,1,0
phenomenally_cold,1,1,0
plain_incompetent,1,1,0
physically_safer,1,1,0
physically_romantic,1,1,0
physically_risky,1,1,0
physically_ridiculous,1,1,0
physically_rewarding,1,1,0
physically_responsible,1,1,0
physically_repulsive,1,1,0
physically_repugnant,1,1,0
physically_relaxed,1,1,0
physically_refreshing,1,1,0
physically_reckless,1,1,0
physically_reasonable,1,1,0
physically_radical,1,1,0
physically_quick,1,1,0
physically_problematic,1,1,0
physically_probable,1,1,0
physically_privy,1,1,0
physically_pristine,1,1,0
physically_rugged,1,1,0
physically_scary,1,1,0
physically_poor,1,1,0
physically_serious,1,1,0
physically_tiresome,1,1,0
physically_timid,1,1,0
physically_thrilled,1,1,0
physically_tense,1,1,0
physically_taller,1,1,0
physically_supportive,1,1,0
physically_superhuman,1,1,0
physically_subordinate,1,1,0
physically_stimulating,1,1,0
physically_stable,1,1,0
physically_specific,1,1,0
physically_spacious,1,1,0
physically_soft,1,1,0
physically_slow,1,1,0
physically_shorter,1,1,0
physically_sharp,1,1,0
physically_sexy,1,1,0
physically_practical,1,1,0
physically_pleasurable,1,1,0
physically_toxic,1,1,0
physically_messy,1,1,0
physically_measurable,1,0,1
physically_meaningful,1,1,0
physically_masculine,1,1,0
physically_marvelous,1,1,0
physically_manageable,1,1,0
physically_luxurious,1,1,0
physically_lovely,1,1,0
physically_lonely,1,1,0
physically_literate,1,1,0
physically_limited,1,1,0
physically_lighter,1,1,0
physically_lean,1,1,0
physically_lame,1,1,0
physically_jarring,1,1,0
physically_isolated,1,1,0
physically_irritating,1,1,0
physically_invulnerable,1,1,0
physically_memorable,1,0,1
physically_motivated,1,1,0
physically_permanent,1,1,0
physically_moving,1,1,0
physically_palpable,1,1,0
physically_painless,1,1,0
physically_obtrusive,1,1,0
physically_obsolete,1,1,0
physically_numb,1,1,0
physically_nude,1,1,0
physically_notable,1,0,1
physically_normal,1,1,0
physically_noisy,1,1,0
physically_nimble,1,1,0
physically_near,1,1,0
physically_nauseous,1,1,0
physically_nauseating,1,1,0
physically_natural,1,1,0
physically_mysterious,1,0,1
physically_mute,1,1,0
physically_murderous,1,1,0
physically_tougher,1,1,0
physically_traumatizing,1,1,0
phenomenally_conscious,1,1,0
plain_dark,1,1,0
plain_creepy,1,1,0
plain_corrupt,1,1,0
plain_confusing,1,1,0
plain_clueless,1,1,0
plain_bonkers,1,1,0
plain_blue,1,1,0
plain_blatant,1,1,0
plain_banal,1,1,0
plain_awkward,1,1,0
plain_awe,1,1,0
plain_arrogant,1,0,1
plain_appalling,1,1,0
plain_antagonistic,1,1,0
plain_annoyed,1,1,0
plain_angry,1,1,0
plain_aggravating,1,1,0
pitifully_small,1,1,0
plain_damned,1,1,0
plain_dead,1,1,0
pitifully_hopeful,1,1,0
plain_easy,1,1,0
plain_inaccurate,1,1,0
plain_impolite,1,1,0
plain_immoral,1,1,0
plain_horrid,1,1,0
plain_heartbreaking,1,1,0
plain_hard,1,1,0
plain_gross,1,1,0
plain_green,1,1,0
plain_gorgeous,1,1,0
plain_goofy,1,1,0
plain_german,1,1,0
plain_friendly,1,1,0
plain_fraught,1,0,1
plain_forgetful,1,1,0
plain_fanciful,1,1,0
plain_excessive,1,1,0
plain_educational,1,1,0
pitifully_lyrical,1,1,0
pitifully_desperate,1,1,0
physically_treacherous,1,1,0
physiologically_active,1,1,0
physically_young,1,1,0
physically_year-round,1,1,0
physically_worth,1,1,0
physically_wise,1,1,0
physically_willing,1,1,0
physically_wild,1,1,0
physically_weird,1,0,1
physically_weary,1,1,0
physically_vibrant,1,1,0
physically_verifiable,1,1,0
physically_vast,1,1,0
physically_unstable,1,1,0
physically_unsettling,1,1,0
physically_unsafe,1,1,0
physically_unlikely,1,1,0
physically_unique,1,1,0
physically_ugly,1,1,0
physiologically_abnormal,1,1,0
physiologically_awake,1,1,0
physiologically_wrong,1,0,1
physiologically_barren,1,1,0
physiologically_unhealthy,1,1,0
physiologically_uncommon,1,1,0
physiologically_static,1,1,0
physiologically_ripe,1,1,0
physiologically_resistant,1,1,0
physiologically_plausible,1,1,0
physiologically_nutty,1,1,0
physiologically_normal,1,1,0
physiologically_inevitable,1,0,1
physiologically_incapable,1,1,0
physiologically_inactive,1,1,0
physiologically_identical,1,1,0
physiologically_feasible,1,1,0
physiologically_distasteful,1,1,0
physiologically_different,1,1,0
physiologically_devastating,1,1,0
physiologically_dangerous,1,1,0
physically_invisible,1,1,0
physically_inventive,1,1,0
physically_intrusive,1,1,0
philosophically_wrong,1,1,0
philosophically_viable,1,1,0
philosophically_vacuous,1,1,0
philosophically_traditional,1,1,0
philosophically_tidy,1,1,0
philosophically_tenable,1,1,0
philosophically_supportive,1,1,0
philosophically_special,1,0,1
philosophically_sound,1,1,0
philosophically_solid,1,1,0
philosophically_similar,1,1,0
philosophically_rigorous,1,1,0
philosophically_rich,1,1,0
philosophically_related,1,1,0
philosophically_racist,1,1,0
philosophically_pure,1,1,0
philosophically_preferable,1,1,0
philosophically_perfect,1,1,0
philosophically_worth,1,1,0
physically_acceptable,1,1,0
philosophically_necessary,1,1,0
physically_accustomed,1,1,0
physically_bulky,1,1,0
physically_brutal,1,1,0
physically_bloody,1,1,0
physically_basic,1,1,0
physically_audible,1,1,0
physically_attainable,1,1,0
physically_astute,1,1,0
physically_armed,1,1,0
physically_ancient,1,1,0
physically_alluring,1,1,0
physically_alike,1,1,0
physically_alien,1,1,0
physically_alert,1,1,0
physically_alarming,1,1,0
physically_agitated,1,1,0
physically_advisable,1,1,0
physically_admirable,1,1,0
philosophically_palatable,1,1,0
philosophically_naive,1,1,0
physically_interested,1,1,0
phenomenally_talented,1,1,0
phenomenally_sophisticated,1,1,0
phenomenally_scrumptious,1,1,0
phenomenally_rigid,1,1,0
phenomenally_rich,1,1,0
phenomenally_resistant,1,1,0
phenomenally_precise,1,1,0
phenomenally_outrageous,1,0,1
phenomenally_naive,1,1,0
phenomenally_lonely,1,1,0
phenomenally_helpful,1,1,0
phenomenally_heavy,1,1,0
phenomenally_expressive,1,1,0
phenomenally_expensive,1,1,0
phenomenally_dumb,1,1,0
phenomenally_difficult,1,1,0
phenomenally_delicious,1,1,0
phenomenally_deep,1,1,0
phenomenally_spectacular,1,1,0
phenomenally_true,1,1,0
philosophically_morbid,1,0,1
phenomenally_wealthy,1,1,0
philosophically_minded,1,1,0
philosophically_legitimate,1,1,0
philosophically_innovative,1,0,1
philosophically_inconsistent,1,1,0
philosophically_inconceivable,1,1,0
philosophically_identical,1,1,0
philosophically_hostile,1,1,0
philosophically_honest,1,1,0
philosophically_groundbreaking,1,1,0
philosophically_different,1,1,0
philosophically_dependent,1,1,0
philosophically_complex,1,1,0
philosophically_committed,1,1,0
philosophically_bankrupt,1,1,0
philosophically_anemic,1,1,0
philosophically_acceptable,1,1,0
phenomenally_widespread,1,1,0
physically_burdensome,1,1,0
physically_busier,1,1,0
physically_coarse,1,1,0
physically_green,1,1,0
physically_graphic,1,1,0
physically_graceful,1,1,0
physically_fun,1,1,0
physically_full,1,1,0
physically_frustrating,1,1,0
physically_fragile,1,1,0
physically_forceful,1,1,0
physically_flirty,1,1,0
physically_flexible,1,1,0
physically_fatal,1,1,0
physically_fat,1,1,0
physically_fast,1,1,0
physically_fashionable,1,1,0
physically_eye-catching,1,1,0
physically_extraordinary,1,0,1
physically_extensive,1,1,0
physically_explosive,1,1,0
physically_gratifying,1,1,0
physically_handsome,1,1,0
physically_combative,1,1,0
physically_hapless,1,1,0
physically_interchangeable,1,1,0
physically_insurmountable,1,0,1
physically_innocent,1,0,1
physically_injured,1,0,1
physically_indistinguishable,1,1,0
physically_inappropriate,1,1,0
physically_impaired,1,1,0
physically_immortal,1,1,0
physically_immoral,1,1,0
physically_immersive,1,1,0
physically_immediate,1,1,0
physically_ideal,1,1,0
physically_hurtful,1,1,0
physically_horrible,1,1,0
physically_homeless,1,1,0
physically_harmless,1,1,0
physically_happy,1,1,0
physically_explicit,1,0,1
physically_exhaustive,1,1,0
physically_exciting,1,1,0
physically_excessive,1,1,0
physically_dense,1,1,0
physically_defective,1,1,0
physically_deadly,1,1,0
physically_dark,1,1,0
physically_cute,1,1,0
physically_current,1,1,0
physically_cruel,1,1,0
physically_cooler,1,1,0
physically_cool,1,1,0
physically_convincing,1,1,0
physically_conspicuous,1,1,0
physically_consistent,1,1,0
physically_conscious,1,1,0
physically_complex,1,1,0
physically_common,1,0,1
physically_commensurate,1,1,0
physically_comforting,1,1,0
physically_desirable,1,1,0
physically_detectable,1,1,0
physically_developed,1,1,0
physically_durable,1,1,0
physically_essential,1,1,0
physically_enjoyable,1,1,0
physically_endangered,1,1,0
physically_effusive,1,1,0
physically_effective,1,1,0
physically_easier,1,1,0
physically_dynamic,1,1,0
physically_drunk,1,1,0
physically_dirty,1,1,0
physically_dramatic,1,1,0
physically_dominate,1,1,0
physically_distressing,1,1,0
physically_distinctive,1,1,0
physically_dissimilar,1,1,0
physically_disgusting,1,1,0
physically_disadvantaged,1,1,0
precisely_atheist,1,1,0
precisely_autobiographical,1,1,0
precisely_average,1,1,0
probably_contrary,1,1,0
probably_complete,1,1,0
probably_cold,1,1,0
probably_close,1,1,0
probably_central,1,1,0
probably_captivating,1,1,0
probably_brave,1,1,0
probably_bored,1,1,0
probably_bigger,1,1,0
probably_benign,1,1,0
probably_awesome,1,1,0
probably_authentic,1,1,0
probably_australian,1,1,0
probably_attractive,1,1,0
probably_asleep,1,1,0
probably_appropriate,1,1,0
probably_accountable,1,1,0
probably_acceptable,1,1,0
probably_confusing,1,1,0
probably_cosmopolitan,1,1,0
privately_wealthy,1,1,0
probably_crazy,1,1,0
probably_greater,1,1,0
probably_functional,1,1,0
probably_frustrating,1,1,0
probably_fine,1,1,0
probably_false,1,1,0
probably_fake,1,1,0
probably_factual,1,1,0
probably_exorbitant,1,1,0
probably_excited,1,1,0
probably_equal,1,1,0
probably_elite,1,1,0
probably_edible,1,1,0
probably_eager,1,1,0
probably_due,1,1,0
probably_different,1,1,0
probably_deep,1,1,0
probably_cultural,1,1,0
probably_able,1,1,0
privately_visible,1,1,0
probably_habitable,1,1,0
principally_historical,1,1,0
principally_economic,1,1,0
principally_dependent,1,1,0
principally_comparable,1,1,0
principally_aesthetic,1,1,0
principally_academic,1,1,0
primarily_young,1,1,0
primarily_xenophobic,1,1,0
primarily_wireless,1,1,0
primarily_utilitarian,1,1,0
primarily_useful,1,1,0
primarily_universal,1,1,0
primarily_true,1,1,0
primarily_transactional,1,1,0
primarily_theoretical,1,1,0
primarily_technological,1,1,0
primarily_tall,1,1,0
primarily_substantial,1,1,0
principally_financial,1,1,0
principally_interested,1,1,0
privately_true,1,1,0
principally_military,1,1,0
privately_shocked,1,1,0
privately_rich,1,1,0
privately_religious,1,1,0
privately_profitable,1,1,0
privately_painful,1,1,0
privately_anxious,1,1,0
principally_wrong,1,0,1
principally_true,1,1,0
principally_strong,1,1,0
principally_socialist,1,1,0
principally_silver,1,1,0
principally_remarkable,1,1,0
principally_religious,1,1,0
principally_related,1,1,0
principally_procedural,1,1,0
principally_political,1,1,0
principally_more,1,0,1
probably_guilty,1,1,0
probably_halfway,1,0,1
professionally_knowledgeable,1,1,0
probably_willing,1,1,0
probably_unrealistic,1,1,0
probably_unprofessional,1,1,0
probably_unmanageable,1,1,0
probably_unlucky,1,1,0
probably_unlikely,1,1,0
probably_unknown,1,1,0
probably_unenforceable,1,1,0
probably_unemployed,1,1,0
probably_unconstitutional,1,1,0
probably_unconnected,1,1,0
probably_unaware,1,1,0
probably_unable,1,1,0
probably_tough,1,1,0
probably_tipsy,1,1,0
probably_thick,1,1,0
probably_strong,1,1,0
probably_smart,1,1,0
probably_viral,1,1,0
probably_wiser,1,1,0
probably_significant,1,1,0
probably_worthy,1,1,0
professionally_injurious,1,1,0
professionally_impressive,1,1,0
professionally_helpful,1,1,0
professionally_happier,1,1,0
professionally_good,1,1,0
professionally_generous,1,1,0
professionally_familiar,1,1,0
professionally_effective,1,1,0
professionally_correct,1,1,0
professionally_conversant,1,1,0
professionally_capable,1,1,0
professionally_better,1,1,0
professionally_beautiful,1,1,0
professionally_awesome,1,1,0
professionally_advantageous,1,1,0
professionally_acceptable,1,1,0
professionally_abhorrent,1,1,0
probably_slow,1,1,0
probably_sick,1,1,0
probably_happier,1,1,0
probably_male,1,1,0
probably_low,1,1,0
probably_little,1,0,1
probably_limited,1,1,0
probably_kinder,1,1,0
probably_interesting,1,1,0
probably_interested,1,1,0
probably_intact,1,1,0
probably_innocent,1,1,0
probably_incorrect,1,1,0
probably_inappropriate,1,1,0
probably_impressed,1,1,0
probably_impossible,1,1,0
probably_immaterial,1,1,0
probably_hungry,1,1,0
probably_higher,1,1,0
probably_harder,1,1,0
probably_happy,1,1,0
probably_mad,1,1,0
probably_manageable,1,1,0
probably_short-term,1,1,0
probably_mistaken,1,1,0
probably_sexist,1,1,0
probably_sensible,1,1,0
probably_second,1,1,0
probably_scared,1,1,0
probably_rich,1,1,0
probably_resonant,1,1,0
probably_related,1,1,0
probably_realistic,1,1,0
probably_real,1,1,0
probably_present,1,1,0
probably_practical,1,1,0
probably_pertinent,1,1,0
probably_overkill,1,1,0
probably_outdated,1,1,0
probably_okay,1,1,0
probably_obvious,1,1,0
probably_negative,1,1,0
primarily_subject,1,1,0
primarily_statistical,1,1,0
primarily_spiritual,1,1,0
previously_segregated,1,1,0
previously_schizophrenic,1,1,0
previously_satisfied,1,1,0
previously_remarkable,1,1,0
previously_recyclable,1,1,0
previously_punishable,1,1,0
previously_probable,1,1,0
previously_prepared,1,1,0
previously_pregnant,1,1,0
previously_popular,1,1,0
previously_pious,1,1,0
previously_permissible,1,1,0
previously_overdone,1,1,0
previously_obligatory,1,1,0
previously_native,1,1,0
previously_muslim,1,1,0
previously_much,1,1,0
previously_married,1,1,0
previously_secret,1,1,0
previously_self-evident,1,1,0
previously_mandatory,1,1,0
previously_sensitive,1,1,0
previously_welcome,1,1,0
previously_vulnerable,1,1,0
previously_usable,1,1,0
previously_unqualified,1,1,0
previously_unlocked,1,0,1
previously_unionized,1,1,0
previously_unheard,1,1,0
previously_unhappy,1,1,0
previously_unexpected,1,1,0
previously_undiscovered,1,0,1
previously_timely,1,1,0
previously_taxable,1,1,0
previously_sympathetic,1,1,0
previously_strong,1,1,0
previously_spiritual,1,1,0
previously_skilled,1,1,0
previously_shorter,1,1,0
previously_manifest,1,1,0
previously_mad,1,1,0
primarily_skilled,1,1,0
previously_existent,1,1,0
previously_dependent,1,1,0
previously_dead,1,1,0
previously_credible,1,1,0
previously_crazy,1,1,0
previously_conversant,1,1,0
previously_conspicuous,1,1,0
previously_confrontational,1,1,0
previously_committed,1,1,0
previously_comfortable,1,1,0
previously_christian,1,1,0
previously_central,1,1,0
previously_cancerous,1,1,0
previously_big,1,1,0
previously_bankrupt,1,1,0
previously_averse,1,1,0
previously_automated,1,1,0
previously_at-risk,1,1,0
previously_endemic,1,1,0
previously_experienced,1,1,0
previously_life-threatening,1,1,0
previously_expired,1,1,0
previously_lacking,1,1,0
previously_knowledgeable,1,1,0
previously_invisible,1,1,0
previously_intimate,1,1,0
previously_intact,1,1,0
previously_impossible,1,1,0
previously_immature,1,1,0
previously_ill,1,1,0
previously_identifiable,1,1,0
previously_hostile,1,1,0
previously_helpful,1,1,0
previously_good,1,1,0
previously_fun,1,1,0
previously_front,1,1,0
previously_free,1,1,0
previously_fond,1,1,0
previously_explicit,1,1,0
previously_widespread,1,1,0
primarily_administrative,1,1,0
primarily_afraid,1,1,0
primarily_predatory,1,1,0
primarily_philosophical,1,1,0
primarily_payable,1,1,0
primarily_partisan,1,1,0
primarily_partial,1,1,0
primarily_ours,1,1,0
primarily_ornamental,1,1,0
primarily_open,1,1,0
primarily_obsessed,1,1,0
primarily_objective,1,1,0
primarily_nuclear,1,1,0
primarily_materialistic,1,1,0
primarily_loyal,1,1,0
primarily_legal,1,1,0
primarily_jewish,1,1,0
primarily_islamic,1,1,0
primarily_irrelevant,1,1,0
primarily_ironic,1,1,0
primarily_practical,1,1,0
primarily_promotional,1,1,0
primarily_american,1,1,0
primarily_protective,1,1,0
primarily_sex,1,1,0
primarily_serviceable,1,1,0
primarily_selfish,1,1,0
primarily_secular,1,1,0
primarily_seasonal,1,1,0
primarily_satirical,1,1,0
primarily_sad,1,1,0
primarily_rural,1,1,0
primarily_romantic,1,1,0
primarily_residential,1,1,0
primarily_repressive,1,1,0
primarily_relational,1,1,0
primarily_reductive,1,1,0
primarily_reasonable,1,1,0
primarily_reactive,1,1,0
primarily_raw,1,1,0
primarily_quick,1,1,0
primarily_instrumental,1,1,0
primarily_informational,1,1,0
primarily_industrial,1,1,0
primarily_individual,1,1,0
primarily_cultural,1,1,0
primarily_critical,1,1,0
primarily_criminal,1,1,0
primarily_creditable,1,1,0
primarily_creative,1,1,0
primarily_cosmetic,1,1,0
primarily_controllable,1,1,0
primarily_confrontational,1,1,0
primarily_competitive,1,1,0
primarily_comedic,1,1,0
primarily_cognitive,1,1,0
primarily_cheaper,1,1,0
primarily_caucasian,1,1,0
primarily_carcinogenic,1,1,0
primarily_aware,1,1,0
primarily_argumentative,1,1,0
primarily_anti-semitic,1,1,0
primarily_cyclical,1,1,0
primarily_deceitful,1,1,0
primarily_desirable,1,1,0
primarily_flat,1,1,0
primarily_humorous,1,1,0
primarily_human,1,1,0
primarily_homegrown,1,1,0
primarily_historical,1,1,0
primarily_german,1,1,0
primarily_fun,1,1,0
primarily_full,1,1,0
primarily_feminist,1,1,0
primarily_disastrous,1,1,0
primarily_famous,1,1,0
primarily_european,1,1,0
primarily_english,1,1,0
primarily_emotional,1,1,0
primarily_elegant,1,1,0
primarily_effective,1,1,0
primarily_ecological,1,1,0
professionally_irresponsible,1,1,0
professionally_less,1,1,0
precisely_awkward,1,1,0
properly_patriotic,1,1,0
properly_paranoid,1,1,0
properly_overweight,1,1,0
properly_ours,1,1,0
properly_old,1,1,0
properly_official,1,1,0
properly_observant,1,1,0
properly_obscure,1,1,0
properly_natural,1,1,0
properly_mystical,1,1,0
properly_musical,1,1,0
properly_modern,1,1,0
properly_miserable,1,1,0
properly_minded,1,1,0
properly_mental,1,1,0
properly_measurable,1,1,0
properly_masculine,1,1,0
properly_mad,1,1,0
properly_passionate,1,1,0
properly_philosophical,1,1,0
properly_live,1,1,0
properly_physical,1,1,0
properly_scottish,1,1,0
properly_sceptical,1,1,0
properly_scared,1,1,0
properly_round,1,1,0
properly_ripe,1,1,0
properly_rigorous,1,1,0
properly_rewarding,1,1,0
properly_reliable,1,1,0
properly_red,1,1,0
properly_real,1,1,0
properly_quantifiable,1,1,0
properly_proportional,1,1,0
properly_prominent,1,1,0
properly_professional,1,1,0
properly_proactive,1,1,0
properly_positive,1,1,0
properly_pleasing,1,1,0
properly_low,1,1,0
properly_literate,1,1,0
properly_sensitive,1,1,0
properly_filthy,1,1,0
properly_feminist,1,1,0
properly_extensible,1,1,0
properly_erotic,1,1,0
properly_erect,1,1,0
properly_enthusiastic,1,1,0
properly_empty,1,1,0
properly_empirical,1,1,0
properly_effective,1,1,0
properly_drunk,1,1,0
properly_domestic,1,1,0
properly_diligent,1,1,0
properly_dense,1,1,0
properly_democratic,1,1,0
properly_critical,1,1,0
properly_convincing,1,1,0
properly_contrite,1,1,0
properly_conscious,1,1,0
properly_fiery,1,1,0
properly_frightening,1,0,1
properly_less,1,1,0
properly_funny,1,1,0
properly_lazy,1,1,0
properly_knowledgeable,1,1,0
properly_justified,1,1,0
properly_italian,1,1,0
properly_interwoven,1,1,0
properly_intact,1,1,0
properly_informed,1,1,0
properly_indigenous,1,1,0
properly_indicative,1,1,0
properly_inclusive,1,1,0
properly_impressed,1,1,0
properly_illusory,1,1,0
properly_higher,1,1,0
properly_heated,1,1,0
properly_germane,1,1,0
properly_german,1,1,0
properly_gay,1,1,0
properly_secular,1,1,0
properly_serious,1,1,0
professionally_meticulous,1,1,0
proudly_patriotic,1,0,1
proudly_haphazard,1,1,0
proudly_dominate,1,1,0
proudly_devoid,1,1,0
proudly_conscious,1,1,0
proudly_confident,1,1,0
proudly_australian,1,1,0
proportionately_strong,1,1,0
proportionately_short,1,1,0
proportionately_responsible,1,1,0
proportionately_resonant,1,1,0
proportionately_less,1,1,0
proportionately_large,1,1,0
proportionately_greater,1,1,0
proportionately_great,1,1,0
proportionately_better,1,1,0
proportionately_beneficial,1,1,0
proportionately_accessible,1,1,0
proudly_irish,1,1,0
proudly_prominent,1,1,0
proportionally_representative,1,1,0
proudly_stubborn,1,1,0
provably_warmer,1,1,0
provably_safe,1,1,0
provably_responsible,1,1,0
provably_related,1,1,0
provably_real,1,1,0
provably_illegal,1,1,0
provably_homosexual,1,1,0
provably_harmful,1,1,0
provably_guilty,1,1,0
provably_erroneous,1,1,0
provably_deadly,1,1,0
provably_catholic,1,1,0
provably_better,1,1,0
provably_anonymous,1,1,0
provably_absolute,1,1,0
proudly_wise,1,1,0
proudly_triumphant,1,1,0
proportionally_rich,1,1,0
proportionally_perfect,1,1,0
properly_sick,1,1,0
properly_unaccounted,1,1,0
properly_transparent,1,1,0
properly_tough,1,1,0
properly_tidy,1,1,0
properly_theological,1,1,0
properly_sweet,1,1,0
properly_suitable,1,1,0
properly_suicidal,1,1,0
properly_such,1,1,0
properly_submissive,1,1,0
properly_structured,1,1,0
properly_straight,1,1,0
properly_sterile,1,1,0
properly_stable,1,1,0
properly_soft,1,1,0
properly_skeptical,1,1,0
properly_sinful,1,1,0
properly_significant,1,1,0
properly_true,1,1,0
properly_underway,1,1,0
proportionally_more,1,1,0
properly_unified,1,1,0
proportionally_larger,1,1,0
proportionally_helpful,1,1,0
proportionally_heavy,1,1,0
proportionally_hard,1,1,0
proportionally_correct,1,1,0
proportionally_beautiful,1,1,0
proportionally_affordable,1,1,0
properly_wet,1,1,0
properly_waterproof,1,1,0
properly_wary,1,1,0
properly_warm,1,1,0
properly_vintage,1,1,0
properly_villainous,1,1,0
properly_viewable,1,1,0
properly_vain,1,1,0
properly_user-friendly,1,1,0
properly_unknown,1,1,0
properly_confident,1,1,0
properly_comprehensive,1,1,0
properly_competent,1,1,0
profoundly_larger,1,1,0
profoundly_islamic,1,1,0
profoundly_irrational,1,1,0
profoundly_innovative,1,1,0
profoundly_inhuman,1,1,0
profoundly_informative,1,1,0
profoundly_impressed,1,1,0
profoundly_immoral,1,1,0
profoundly_illiterate,1,1,0
profoundly_hurtful,1,1,0
profoundly_humorous,1,1,0
profoundly_humbled,1,1,0
profoundly_hued,1,1,0
profoundly_good,1,1,0
profoundly_gifted,1,1,0
profoundly_fresh,1,1,0
profoundly_eye-opening,1,0,1
profoundly_evident,1,1,0
profoundly_lacking,1,1,0
profoundly_lazy,1,1,0
profoundly_dynamic,1,1,0
profoundly_limited,1,1,0
profoundly_selfish,1,1,0
profoundly_safer,1,1,0
profoundly_retarded,1,1,0
profoundly_puzzling,1,1,0
profoundly_problematic,1,1,0
profoundly_present,1,1,0
profoundly_philosophical,1,1,0
profoundly_personal,1,1,0
profoundly_pathetic,1,1,0
profoundly_original,1,1,0
profoundly_obsessed,1,1,0
profoundly_new,1,0,1
profoundly_negative,1,1,0
profoundly_moronic,1,1,0
profoundly_misleading,1,1,0
profoundly_meaningful,1,0,1
profoundly_mean-spirited,1,1,0
profoundly_embarrassing,1,1,0
profoundly_disturbed,1,1,0
properly_comparable,1,1,0
profoundly_american,1,1,0
professionally_valuable,1,1,0
professionally_useful,1,1,0
professionally_unfriendly,1,1,0
professionally_typical,1,1,0
professionally_trained,1,1,0
professionally_skinny,1,1,0
professionally_satisfied,1,1,0
professionally_sad,1,1,0
professionally_reliant,1,1,0
professionally_ready,1,1,0
professionally_proud,1,1,0
professionally_profitable,1,1,0
professionally_possible,1,1,0
professionally_outstanding,1,1,0
professionally_outraged,1,1,0
professionally_optimistic,1,1,0
professionally_monogamous,1,1,0
professionally_vulnerable,1,0,1
profoundly_angry,1,1,0
profoundly_disruptive,1,1,0
profoundly_annoying,1,1,0
profoundly_disrespectful,1,1,0
profoundly_dishonest,1,1,0
profoundly_destructive,1,1,0
profoundly_depressing,1,1,0
profoundly_correct,1,1,0
profoundly_contemplative,1,1,0
profoundly_conservative,1,1,0
profoundly_comic,1,1,0
profoundly_clear,1,1,0
profoundly_challenging,1,1,0
profoundly_central,1,1,0
profoundly_catholic,1,1,0
profoundly_blind,1,1,0
profoundly_better,1,1,0
profoundly_aware,1,1,0
profoundly_arrogant,1,1,0
profoundly_anti-democratic,1,1,0
profoundly_shocking,1,0,1
profoundly_sick,1,1,0
profoundly_silly,1,1,0
properly_askew,1,1,0
properly_apparent,1,1,0
properly_apologetic,1,1,0
properly_anarchic,1,1,0
properly_ambitious,1,1,0
properly_alternative,1,1,0
properly_agitated,1,1,0
properly_aged,1,1,0
properly_aesthetic,1,1,0
properly_achievable,1,1,0
properly_acceptable,1,1,0
proof_enough,1,1,0
prohibitively_uncomfortable,1,1,0
prohibitively_thick,1,1,0
prohibitively_sad,1,1,0
prohibitively_rigorous,1,1,0
prohibitively_ridiculous,1,1,0
prohibitively_restrictive,1,1,0
properly_arguable,1,1,0
properly_asleep,1,1,0
profoundly_similar,1,1,0
properly_attentive,1,1,0
properly_communicative,1,1,0
properly_committed,1,1,0
properly_comic,1,1,0
properly_comfortable,1,1,0
properly_clad,1,1,0
properly_circular,1,1,0
properly_chinese,1,1,0
properly_challenging,1,1,0
properly_celebrated,1,1,0
properly_cautious,1,1,0
properly_catholic,1,1,0
properly_careful,1,1,0
properly_capitalist,1,1,0
properly_blended,1,1,0
properly_basic,1,1,0
properly_bad,1,1,0
properly_audible,1,1,0
prohibitively_remote,1,1,0
prohibitively_pricey,1,1,0
prohibitively_overpriced,1,1,0
prohibitively_massive,1,1,0
progressively_faster,1,1,0
progressively_extraordinary,1,1,0
progressively_debilitating,1,1,0
profoundly_upsetting,1,1,0
profoundly_untrue,1,1,0
profoundly_unsure,1,1,0
profoundly_unpleasant,1,1,0
profoundly_unlucky,1,1,0
profoundly_unlikely,1,1,0
profoundly_uneasy,1,1,0
profoundly_undesirable,1,1,0
profoundly_traumatic,1,1,0
profoundly_transformative,1,1,0
profoundly_theological,1,1,0
profoundly_terrifying,1,1,0
profoundly_successful,1,1,0
profoundly_slow,1,1,0
progressively_harder,1,1,0
progressively_innovative,1,1,0
progressively_liberal,1,1,0
prohibitively_disgusting,1,1,0
prohibitively_improbable,1,1,0
prohibitively_impossible,1,1,0
prohibitively_hot,1,1,0
prohibitively_higher,1,1,0
prohibitively_heavy,1,1,0
prohibitively_heavier,1,1,0
prohibitively_fancy,1,1,0
prohibitively_dear,1,1,0
progressively_new,1,0,1
prohibitively_cumbersome,1,1,0
prohibitively_competitive,1,1,0
prohibitively_burdensome,1,1,0
prohibitively_bumpy,1,1,0
progressively_unlocked,1,1,0
progressively_smoother,1,1,0
progressively_pure,1,1,0
previously_anxious,1,1,0
previously_agreeable,1,1,0
previously_accustomed,1,1,0
predominately_christian,1,1,0
predominantly_youthful,1,1,0
predominantly_western,1,1,0
predominantly_virtuous,1,1,0
predominantly_tall,1,1,0
predominantly_solitary,1,1,0
predominantly_socialist,1,1,0
predominantly_shiite,1,1,0
predominantly_selfish,1,1,0
predominantly_russian,1,1,0
predominantly_responsible,1,1,0
predominantly_recreational,1,1,0
predominantly_present,1,1,0
predominantly_precise,1,1,0
predominantly_positive,1,1,0
predominantly_poor,1,1,0
predominantly_pink,1,1,0
predominantly_online,1,1,0
predominately_anti-american,1,1,0
predominately_female,1,1,0
predominantly_minor,1,1,0
predominately_irish,1,1,0
prematurely_old,1,1,0
prematurely_dry,1,1,0
prematurely_depressed,1,1,0
prematurely_confrontational,1,1,0
prematurely_aware,1,1,0
prematurely_aging,1,1,0
preferably_low,1,1,0
predominately_yellow,1,1,0
predominately_verbal,1,1,0
predominately_true,1,1,0
predominately_such,1,1,0
predominately_rich,1,1,0
predominately_red,1,1,0
predominately_rational,1,1,0
predominately_muslim,1,1,0
predominately_latino,1,1,0
predominately_islamic,1,1,0
predominantly_noteworthy,1,1,0
predominantly_local,1,1,0
prematurely_triumphant,1,1,0
predominantly_agricultural,1,1,0
predictably_valiant,1,1,0
predictably_unpredictable,1,1,0
predictably_sweet,1,1,0
predictably_stupid,1,1,0
predictably_strident,1,1,0
predictably_rosy,1,1,0
predictably_red,1,1,0
predictably_rational,1,1,0
predictably_positive,1,1,0
predictably_pleasant,1,1,0
predictably_partisan,1,1,0
predictably_one-dimensional,1,1,0
predictably_methodical,1,1,0
predictably_lively,1,1,0
predictably_liberal,1,1,0
predictably_lackluster,1,1,0
predictably_intermittent,1,1,0
predictably_weird,1,1,0
predominantly_arab,1,1,0
predominantly_latino,1,1,0
predominantly_autobiographical,1,1,0
predominantly_jewish,1,1,0
predominantly_islamic,1,1,0
predominantly_hot,1,1,0
predominantly_hindu,1,1,0
predominantly_gay,1,1,0
predominantly_female,1,1,0
predominantly_fat,1,1,0
predominantly_european,1,1,0
predominantly_elderly,1,1,0
predominantly_disagreeable,1,1,0
predominantly_didactic,1,1,0
predominantly_cynical,1,1,0
predominantly_conservative,1,1,0
predominantly_civil,1,1,0
predominantly_chinese,1,1,0
predominantly_brown,1,1,0
predominantly_british,1,1,0
prematurely_positive,1,1,0
preposterously_expensive,1,1,0
previously_absent,1,1,0
presently_unknown,1,1,0
presently_taxable,1,1,0
presently_sure,1,1,0
presently_searchable,1,1,0
presently_scalable,1,1,0
presently_responsible,1,1,0
presently_ready,1,1,0
presently_pure,1,1,0
presently_privy,1,1,0
presently_present,1,1,0
presently_predictable,1,1,0
presently_playable,1,1,0
presently_pertinent,1,1,0
presently_perfect,1,1,0
presently_operational,1,1,0
presently_online,1,1,0
presently_obvious,1,1,0
presently_obtainable,1,1,0
presently_undecided,1,1,0
presently_unsafe,1,1,0
presently_live,1,1,0
presently_untrue,1,1,0
pretty_able,1,1,0
preternaturally_wise,1,1,0
preternaturally_strong,1,1,0
preternaturally_strange,1,1,0
preternaturally_sexy,1,1,0
preternaturally_red,1,1,0
preternaturally_precocious,1,0,1
preternaturally_good,1,1,0
preternaturally_ambitious,1,1,0
presumably_ready,1,1,0
presumably_inept,1,1,0
presumably_eligible,1,1,0
presumably_blue,1,1,0
presently_worth,1,1,0
presently_worried,1,1,0
presently_valid,1,1,0
presently_useful,1,1,0
presently_observable,1,1,0
presently_literate,1,1,0
preposterously_stupid,1,1,0
presently_deficient,1,1,0
presently_convenient,1,1,0
presently_conducive,1,1,0
presently_compliant,1,1,0
presently_compatible,1,1,0
presently_comparable,1,1,0
presently_common,1,1,0
presently_clean,1,1,0
presently_certain,1,1,0
presently_armed,1,1,0
presently_apt,1,1,0
presently_applicable,1,1,0
presently_apparent,1,1,0
presently_alive,1,1,0
presently_alarming,1,1,0
presently_acute,1,1,0
presently_active,1,1,0
presently_achievable,1,1,0
presently_cost-effective,1,1,0
presently_definitive,1,1,0
presently_liquid,1,1,0
presently_dependent,1,1,0
presently_jewish,1,1,0
presently_involved,1,1,0
presently_indicative,1,1,0
presently_inadequate,1,1,0
presently_illegal,1,1,0
presently_ideal,1,1,0
presently_functional,1,1,0
presently_free,1,1,0
presently_foreseeable,1,1,0
presently_flush,1,1,0
presently_faster,1,1,0
presently_exempt,1,1,0
presently_entire,1,1,0
presently_effective,1,1,0
presently_economical,1,1,0
presently_eager,1,1,0
presently_dire,1,1,0
predictably_grim,1,1,0
predictably_full,1,1,0
predictably_dramatic,1,1,0
precisely_germane,1,1,0
precisely_gay,1,1,0
precisely_fresh,1,1,0
precisely_forthcoming,1,1,0
precisely_foreign,1,1,0
precisely_flat,1,1,0
precisely_fast,1,1,0
precisely_fashionable,1,1,0
precisely_fantastic,1,1,0
precisely_fair,1,1,0
precisely_extinct,1,1,0
precisely_exciting,1,1,0
precisely_exact,1,1,0
precisely_everyday,1,1,0
precisely_even-handed,1,1,0
precisely_ethical,1,1,0
precisely_enticing,1,1,0
precisely_english,1,1,0
precisely_gentle,1,1,0
precisely_gigantic,1,1,0
precisely_economic,1,1,0
precisely_graceful,1,1,0
precisely_inevitable,1,1,0
precisely_indistinguishable,1,1,0
precisely_indicative,1,1,0
precisely_incorrect,1,1,0
precisely_inaccurate,1,1,0
precisely_impossible,1,1,0
precisely_illustrious,1,1,0
precisely_illegal,1,1,0
precisely_ideal,1,1,0
precisely_humid,1,1,0
precisely_hostile,1,1,0
precisely_honourable,1,1,0
precisely_historical,1,1,0
precisely_healthy,1,1,0
precisely_healthful,1,1,0
precisely_harmful,1,1,0
precisely_handsome,1,1,0
precisely_efficient,1,1,0
precisely_east,1,1,0
predictably_domestic,1,1,0
precisely_complete,1,1,0
precisely_coincidental,1,1,0
precisely_classic,1,1,0
precisely_cheery,1,1,0
precisely_charming,1,0,1
precisely_charismatic,1,1,0
precisely_calm,1,1,0
precisely_broken,1,1,0
precisely_brave,1,1,0
precisely_black,1,1,0
precisely_best,1,1,0
precisely_benevolent,1,1,0
precisely_beneficial,1,1,0
precisely_believable,1,1,0
precisely_beguiling,1,1,0
precisely_beautiful,1,1,0
precisely_balanced,1,1,0
precisely_bad,1,1,0
precisely_common,1,1,0
precisely_conscious,1,1,0
precisely_drab,1,1,0
precisely_conservative,1,1,0
precisely_domestic,1,0,1
precisely_disappointing,1,1,0
precisely_detailed,1,1,0
precisely_desperate,1,1,0
precisely_descriptive,1,1,0
precisely_delicious,1,1,0
precisely_definitive,1,1,0
precisely_dark,1,1,0
precisely_cutthroat,1,1,0
precisely_creative,1,1,0
precisely_cozy,1,1,0
precisely_cost-effective,1,1,0
precisely_cosmetic,1,1,0
precisely_core,1,1,0
precisely_cordial,1,1,0
precisely_convincing,1,1,0
precisely_controlled,1,1,0
precisely_informal,1,1,0
precisely_instinctive,1,1,0
precisely_interchangeable,1,1,0
precisely_theological,1,1,0
precisely_surprised,1,0,1
precisely_supportive,1,1,0
precisely_subversive,1,1,0
precisely_strict,1,1,0
precisely_static,1,1,0
precisely_stark,1,1,0
precisely_spectacular,1,1,0
precisely_specific,1,1,0
precisely_soft,1,1,0
precisely_smart,1,1,0
precisely_skilled,1,1,0
precisely_shy,1,1,0
precisely_short,1,1,0
precisely_shocked,1,1,0
precisely_sexual,1,1,0
precisely_scientific,1,1,0
precisely_scary,1,1,0
precisely_technological,1,1,0
precisely_thrilling,1,1,0
precisely_last,1,1,0
precisely_traditional,1,1,0
predictably_cute,1,1,0
predictably_convoluted,1,1,0
predictably_complete,1,1,0
predictably_classical,1,1,0
predictably_anti-semitic,1,1,0
predictably_aghast,1,1,0
precisely_widespread,1,1,0
precisely_vegetarian,1,1,0
precisely_urban,1,1,0
precisely_unpleasant,1,1,0
precisely_unobtrusive,1,1,0
precisely_unknown,1,1,0
precisely_unique,1,1,0
precisely_undiscovered,1,1,0
precisely_underrated,1,1,0
precisely_uncommon,1,1,0
precisely_unattractive,1,1,0
precisely_satisfactory,1,0,1
precisely_round,1,1,0
precisely_revelatory,1,1,0
precisely_responsive,1,1,0
precisely_nutritious,1,1,0
precisely_natural,1,1,0
precisely_mournful,1,1,0
precisely_more,1,1,0
precisely_monstrous,1,1,0
precisely_mindful,1,1,0
precisely_military,1,1,0
precisely_measurable,1,1,0
precisely_massive,1,1,0
precisely_mandatory,1,1,0
precisely_malicious,1,1,0
precisely_low-cost,1,1,0
precisely_lovable,1,1,0
precisely_little,1,1,0
precisely_linear,1,1,0
precisely_legitimate,1,1,0
precisely_laudable,1,1,0
precisely_open,1,1,0
precisely_over,1,1,0
precisely_overpowering,1,1,0
precisely_ready,1,1,0
precisely_respectable,1,1,0
precisely_replaceable,1,1,0
precisely_renewable,1,1,0
precisely_remarkable,1,0,1
precisely_red,1,1,0
precisely_reassuring,1,1,0
precisely_realistic,1,1,0
precisely_readable,1,1,0
precisely_particular,1,1,0
precisely_random,1,1,0
precisely_racial,1,1,0
precisely_quantifiable,1,1,0
precisely_present,1,1,0
precisely_pleasant,1,1,0
precisely_physical,1,1,0
precisely_perfect,1,1,0
pretty_abrasive,1,1,0
pretty_abstract,1,1,0
pretty_absurd,1,1,0
pretty_random,1,1,0
pretty_racist,1,1,0
pretty_quiet,1,1,0
pretty_prosperous,1,1,0
pretty_prohibitive,1,1,0
pretty_productive,1,1,0
pretty_pragmatic,1,1,0
pretty_polite,1,1,0
pretty_polish,1,1,0
pretty_pointless,1,1,0
pretty_plain,1,0,1
pretty_picky,1,1,0
pretty_peaceful,1,1,0
pretty_past,1,1,0
pretty_partial,1,1,0
pretty_overdone,1,1,0
pretty_outdoors,1,1,0
pretty_outdated,1,1,0
pretty_radical,1,1,0
pretty_rapid,1,1,0
pretty_ordinary,1,1,0
pretty_readable,1,1,0
pretty_ruthless,1,1,0
pretty_rusty,1,1,0
pretty_runny,1,1,0
pretty_rotten,1,1,0
pretty_risky,1,1,0
pretty_ridiculous,1,1,0
pretty_rich,1,1,0
pretty_responsive,1,1,0
pretty_respectful,1,1,0
pretty_remote,1,1,0
pretty_religious,1,1,0
pretty_reliable,1,1,0
pretty_relentless,1,1,0
pretty_relatable,1,1,0
pretty_red,1,1,0
pretty_receptive,1,1,0
pretty_reasonable,1,1,0
pretty_out,1,1,0
pretty_old,1,1,0
pretty_late,1,1,0
pretty_messy,1,1,0
pretty_meaningful,1,1,0
pretty_mature,1,1,0
pretty_massive,1,1,0
pretty_manual,1,1,0
pretty_manageable,1,1,0
pretty_major,1,1,0
pretty_magical,1,1,0
pretty_mad,1,1,0
pretty_lumpy,1,1,0
pretty_loyal,1,1,0
pretty_lousy,1,1,0
pretty_loud,1,1,0
pretty_logical,1,0,1
pretty_listenable,1,1,0
pretty_limited,1,1,0
pretty_liberal,1,1,0
pretty_lazy,1,1,0
pretty_mediocre,1,1,0
pretty_mild,1,1,0
pretty_ok,1,1,0
pretty_minimal,1,1,0
pretty_odd,1,1,0
pretty_obscure,1,1,0
pretty_notable,1,1,0
pretty_noisy,1,1,0
pretty_nimble,1,1,0
pretty_nerdy,1,1,0
pretty_negative,1,1,0
pretty_natural,1,1,0
pretty_nasty,1,1,0
pretty_narcissistic,1,1,0
pretty_mute,1,1,0
pretty_most,1,1,0
pretty_more,1,1,0
pretty_monstrous,1,1,0
pretty_miserable,1,1,0
pretty_mischievous,1,1,0
pretty_miraculous,1,1,0
pretty_sadistic,1,1,0
pretty_satisfied,1,1,0
pretty_savvy,1,1,0
pretty_unique,1,1,0
pretty_unfunny,1,1,0
pretty_unfashionable,1,1,0
pretty_unfair,1,1,0
pretty_unethical,1,1,0
pretty_underwhelming,1,1,0
pretty_uncomfortable,1,1,0
pretty_unbelievable,1,1,0
pretty_unattractive,1,1,0
pretty_unattainable,1,1,0
pretty_typical,1,1,0
pretty_transparent,1,1,0
pretty_tragic,1,1,0
pretty_tiny,1,1,0
pretty_thick,1,1,0
pretty_terrified,1,1,0
pretty_tender,1,1,0
pretty_tall,1,1,0
pretty_uninteresting,1,1,0
pretty_universal,1,1,0
pretty_seamless,1,1,0
pretty_unlikely,1,1,0
pretty_yellow,1,1,0
pretty_worthy,1,1,0
pretty_worthless,1,1,0
pretty_witty,1,1,0
pretty_widespread,1,1,0
pretty_wide,1,1,0
pretty_white,1,1,0
pretty_volatile,1,1,0
pretty_visceral,1,1,0
pretty_viable,1,1,0
pretty_venomous,1,1,0
pretty_vague,1,1,0
pretty_usable,1,1,0
pretty_upfront,1,1,0
pretty_unsustainable,1,1,0
pretty_unsafe,1,1,0
pretty_unoriginal,1,1,0
pretty_suspicious,1,1,0
pretty_surprising,1,1,0
pretty_surprised,1,1,0
pretty_superfluous,1,1,0
pretty_sloppy,1,1,0
pretty_slick,1,1,0
pretty_skilled,1,1,0
pretty_sketchy,1,1,0
pretty_skeptical,1,1,0
pretty_sizeable,1,1,0
pretty_silly,1,1,0
pretty_short-lived,1,1,0
pretty_shoddy,1,1,0
pretty_shocked,1,1,0
pretty_shiny,1,1,0
pretty_shady,1,1,0
pretty_shabby,1,1,0
pretty_sex,1,1,0
pretty_sensitive,1,1,0
pretty_self-reliant,1,1,0
pretty_secure,1,1,0
pretty_smitten,1,1,0
pretty_snappy,1,1,0
pretty_social,1,1,0
pretty_stellar,1,1,0
pretty_sufficient,1,1,0
pretty_subject,1,1,0
pretty_stunning,1,1,0
pretty_stubborn,1,1,0
pretty_strict,1,1,0
pretty_stressful,1,1,0
pretty_strategic,1,1,0
pretty_steady,1,1,0
pretty_sound,1,1,0
pretty_static,1,1,0
pretty_startling,1,1,0
pretty_spot,1,1,0
pretty_spiritual,1,1,0
pretty_specific,1,1,0
pretty_special,1,1,0
pretty_spacious,1,1,0
pretty_laughable,1,1,0
pretty_lackluster,1,1,0
pretty_abysmal,1,1,0
pretty_curly,1,1,0
pretty_crowded,1,1,0
pretty_creative,1,1,0
pretty_crazy,1,1,0
pretty_crass,1,1,0
pretty_crappy,1,1,0
pretty_counterproductive,1,1,0
pretty_correct,1,1,0
pretty_corny,1,1,0
pretty_contrived,1,1,0
pretty_contrary,1,1,0
pretty_conclusive,1,1,0
pretty_complicated,1,1,0
pretty_complex,1,1,0
pretty_competitive,1,1,0
pretty_compact,1,1,0
pretty_commonplace,1,1,0
pretty_comforting,1,1,0
pretty_cumbersome,1,1,0
pretty_daily,1,1,0
pretty_cognizant,1,1,0
pretty_damaging,1,1,0
pretty_disgusting,1,1,0
pretty_disciplined,1,1,0
pretty_disappointing,1,1,0
pretty_dirty,1,1,0
pretty_direct,1,1,0
pretty_dire,1,1,0
pretty_devastating,1,1,0
pretty_detrimental,1,1,0
pretty_detailed,1,1,0
pretty_despondent,1,1,0
pretty_desperate,1,1,0
pretty_descriptive,1,1,0
pretty_definitive,1,1,0
pretty_dear,1,1,0
pretty_daunting,1,1,0
pretty_danceable,1,1,0
pretty_damned,1,1,0
pretty_cold,1,1,0
pretty_clunky,1,1,0
pretty_jumpy,1,1,0
pretty_badass,1,1,0
pretty_average,1,1,0
pretty_available,1,1,0
pretty_atypical,1,1,0
pretty_attractive,1,1,0
pretty_apparent,1,1,0
pretty_annoying,1,1,0
pretty_annoyed,1,1,0
pretty_angry,1,1,0
pretty_analytical,1,1,0
pretty_amusing,1,1,0
pretty_ambitious,1,1,0
pretty_advanced,1,1,0
pretty_adept,1,1,0
pretty_adamant,1,1,0
pretty_accommodating,1,1,0
pretty_accessible,1,1,0
pretty_academic,1,1,0
pretty_aware,1,1,0
pretty_barren,1,1,0
pretty_cliche,1,1,0
pretty_beefy,1,1,0
pretty_clean,1,1,0
pretty_classy,1,1,0
pretty_chunky,1,1,0
pretty_cheesy,1,1,0
pretty_characteristic,1,1,0
pretty_challenging,1,1,0
pretty_cautious,1,1,0
pretty_careful,1,1,0
pretty_bummed,1,0,1
pretty_brutal,1,1,0
pretty_brown,1,1,0
pretty_broad,1,1,0
pretty_bored,1,1,0
pretty_boisterous,1,1,0
pretty_bizarre,1,1,0
pretty_biased,1,1,0
pretty_better,1,1,0
pretty_distinct,1,1,0
pretty_distracting,1,1,0
pretty_distressing,1,1,0
pretty_inaccurate,1,1,0
pretty_immersive,1,1,0
pretty_ill-advised,1,1,0
pretty_ignorant,1,1,0
pretty_icy,1,1,0
pretty_hypocritical,1,1,0
pretty_hybrid,1,1,0
pretty_humbling,1,1,0
pretty_hostile,1,1,0
pretty_hokey,1,1,0
pretty_heartfelt,1,1,0
pretty_healthful,1,1,0
pretty_hateful,1,1,0
pretty_harsh,1,1,0
pretty_harmless,1,1,0
pretty_hardcore,1,1,0
pretty_groovy,1,1,0
pretty_grisly,1,1,0
pretty_impossible,1,1,0
pretty_inappropriate,1,1,0
pretty_diverse,1,1,0
pretty_inconsistent,1,1,0
pretty_jealous,1,1,0
pretty_jarring,1,1,0
pretty_irritating,1,1,0
pretty_involved,1,1,0
pretty_invisible,1,1,0
pretty_introverted,1,1,0
pretty_intolerable,1,1,0
pretty_intimate,1,1,0
pretty_interchangeable,1,1,0
pretty_intense,1,1,0
pretty_insulting,1,1,0
pretty_insular,1,1,0
pretty_instructive,1,1,0
pretty_inspiring,1,1,0
pretty_insensitive,1,1,0
pretty_ingenious,1,1,0
pretty_informative,1,1,0
pretty_gray,1,1,0
pretty_graphic,1,1,0
pretty_gnarly,1,1,0
pretty_glorious,1,1,0
pretty_feminist,1,1,0
pretty_far-fetched,1,1,0
pretty_fantastic,1,1,0
pretty_faint,1,1,0
pretty_exhausting,1,1,0
pretty_evil,1,1,0
pretty_essential,1,1,0
pretty_energized,1,1,0
pretty_energetic,1,1,0
pretty_enamored,1,1,0
pretty_emotional,1,1,0
pretty_embarrassing,1,0,1
pretty_elite,1,1,0
pretty_efficient,1,1,0
pretty_educated,1,1,0
pretty_economic,1,1,0
pretty_dodgy,1,1,0
pretty_few,1,1,0
pretty_fishy,1,1,0
pretty_fit,1,1,0
pretty_frustrated,1,1,0
pretty_genuine,1,1,0
pretty_gentle,1,1,0
pretty_generic,1,1,0
pretty_fussy,1,1,0
pretty_functional,1,1,0
pretty_fucking,1,1,0
pretty_frustrating,1,1,0
pretty_frequent,1,1,0
pretty_fitting,1,1,0
pretty_french,1,1,0
pretty_free,1,1,0
pretty_freaky,1,1,0
pretty_frank,1,1,0
pretty_fragmented,1,1,0
pretty_forgiving,1,1,0
pretty_fluent,1,1,0
perhaps_positive,1,1,0
perhaps_outstanding,1,1,0
outrageously_loud,1,1,0
overly_praiseworthy,1,1,0
overly_populist,1,1,0
overly_populated,1,1,0
overly_poor,1,1,0
overly_ponderous,1,1,0
overly_pompous,1,1,0
overly_plentiful,1,1,0
overly_plausible,1,1,0
overly_picturesque,1,1,0
overly_pervasive,1,1,0
overly_perplexing,1,1,0
overly_perky,1,1,0
overly_peachy,1,1,0
overly_parochial,1,1,0
overly_overjoyed,1,1,0
overly_outspoken,1,1,0
overly_outrageous,1,1,0
overly_outraged,1,1,0
overly_porous,1,1,0
overly_pregnant,1,1,0
overly_opportunistic,1,1,0
overly_premature,1,1,0
overly_quotable,1,1,0
overly_quiet,1,1,0
overly_quality,1,1,0
overly_purple,1,1,0
overly_punchy,1,1,0
overly_puffy,1,1,0
overly_public,1,1,0
overly_psychedelic,1,1,0
overly_prudent,1,1,0
overly_prosperous,1,1,0
overly_prophetic,1,1,0
overly_proper,1,1,0
overly_privileged,1,1,0
overly_pristine,1,1,0
overly_prideful,1,1,0
overly_prescient,1,1,0
overly_prepared,1,1,0
overly_outdated,1,1,0
overly_open-minded,1,1,0
overly_racy,1,1,0
overly_monumental,1,1,0
overly_moisturized,1,1,0
overly_moderate,1,1,0
overly_minimal,1,1,0
overly_mild,1,1,0
overly_miffed,1,1,0
overly_meticulous,1,1,0
overly_menacing,1,1,0
overly_melancholic,1,1,0
overly_mechanical,1,1,0
overly_mathematical,1,1,0
overly_maternal,1,1,0
overly_marketable,1,1,0
overly_many,1,1,0
overly_malevolent,1,1,0
overly_magical,1,1,0
overly_macabre,1,1,0
overly_lyrical,1,1,0
overly_momentous,1,1,0
overly_morbid,1,1,0
overly_open,1,1,0
overly_morose,1,1,0
overly_opaque,1,1,0
overly_old-fashioned,1,1,0
overly_obtuse,1,1,0
overly_obstinate,1,1,0
overly_observant,1,1,0
overly_obscure,1,1,0
overly_obscene,1,1,0
overly_objective,1,1,0
overly_numerous,1,1,0
overly_numb,1,1,0
overly_narcissistic,1,1,0
overly_mundane,1,1,0
overly_much,1,0,1
overly_mournful,1,1,0
overly_mountainous,1,1,0
overly_motivational,1,1,0
overly_motivating,1,1,0
overly_racist,1,1,0
overly_rational,1,1,0
overly_thankful,1,1,0
overly_strategic,1,1,0
overly_stormy,1,1,0
overly_stoked,1,1,0
overly_stereotypical,1,1,0
overly_stealthy,1,1,0
overly_sporty,1,1,0
overly_spoilt,1,1,0
overly_spirited,1,1,0
overly_speculative,1,1,0
overly_spare,1,1,0
overly_sore,1,1,0
overly_somber,1,1,0
overly_smug,1,1,0
overly_slutty,1,1,0
overly_slimy,1,1,0
overly_slender,1,1,0
overly_sleepy,1,1,0
overly_skimpy,1,1,0
overly_strange,1,1,0
overly_stressed,1,1,0
overly_sincere,1,1,0
overly_strident,1,1,0
overly_terrific,1,1,0
overly_tenacious,1,1,0
overly_tempting,1,1,0
overly_tempted,1,1,0
overly_tasteful,1,1,0
overly_tangential,1,1,0
overly_tame,1,1,0
overly_tactical,1,1,0
overly_systematic,1,1,0
overly_synthetic,1,1,0
overly_symptomatic,1,1,0
overly_symmetrical,1,1,0
overly_swollen,1,1,0
overly_sweaty,1,1,0
overly_superficial,1,1,0
overly_subjective,1,1,0
overly_sturdy,1,1,0
overly_skillful,1,1,0
overly_shitty,1,1,0
overly_raunchy,1,1,0
overly_robotic,1,1,0
overly_richer,1,1,0
overly_retro,1,1,0
overly_reticent,1,1,0
overly_restless,1,1,0
overly_restful,1,1,0
overly_responsible,1,1,0
overly_respected,1,1,0
overly_resonant,1,1,0
overly_resilient,1,1,0
overly_repulsive,1,1,0
overly_representative,1,1,0
overly_reprehensible,1,1,0
overly_reluctant,1,1,0
overly_relaxing,1,1,0
overly_relatable,1,1,0
overly_regrettable,1,1,0
overly_rebellious,1,0,1
overly_riveting,1,1,0
overly_rocky,1,1,0
overly_shallow,1,1,0
overly_round,1,1,0
overly_shady,1,1,0
overly_sexist,1,1,0
overly_sensual,1,1,0
overly_self-centered,1,1,0
overly_secret,1,0,1
overly_secluded,1,1,0
overly_seasonal,1,1,0
overly_scottish,1,1,0
overly_scenic,1,1,0
overly_scandalous,1,1,0
overly_savory,1,1,0
overly_sassy,1,1,0
overly_safe,1,1,0
overly_rusty,1,1,0
overly_rudimentary,1,1,0
overly_royal,1,1,0
overly_rowdy,1,1,0
overly_lush,1,1,0
overly_lurid,1,1,0
overly_lucrative,1,1,0
overly_extroverted,1,1,0
overly_exorbitant,1,1,0
overly_exceptional,1,1,0
overly_excellent,1,1,0
overly_ethnic,1,1,0
overly_ethical,1,1,0
overly_esoteric,1,1,0
overly_erratic,1,1,0
overly_envious,1,1,0
overly_enlightening,1,1,0
overly_endearing,1,1,0
overly_encouraged,1,1,0
overly_empathetic,1,1,0
overly_embarrassed,1,1,0
overly_elitist,1,1,0
overly_electronic,1,1,0
overly_elderly,1,1,0
overly_egregious,1,1,0
overly_exploitative,1,0,1
overly_eye-catching,1,1,0
overly_economical,1,1,0
overly_fake,1,1,0
overly_fortunate,1,1,0
overly_forthright,1,1,0
overly_forgiving,1,1,0
overly_foreign,1,1,0
overly_foreboding,1,1,0
overly_foolish,1,1,0
overly_fluent,1,1,0
overly_flippant,1,1,0
overly_flimsy,1,1,0
overly_flawed,1,1,0
overly_flavourful,1,1,0
overly_flat,1,1,0
overly_financial,1,1,0
overly_fiery,1,1,0
overly_fascist,1,1,0
overly_far-fetched,1,1,0
overly_fantastical,1,1,0
overly_edgy,1,1,0
overly_eccentric,1,1,0
overly_lucid,1,1,0
overly_direct,1,1,0
overly_desperate,1,1,0
overly_desirous,1,1,0
overly_deserving,1,1,0
overly_dependable,1,1,0
overly_democratic,1,1,0
overly_demeaning,1,1,0
overly_delicious,1,1,0
overly_dejected,1,1,0
overly_defiant,1,1,0
overly_defective,1,1,0
overly_decisive,1,1,0
overly_deadly,1,1,0
overly_daring,1,0,1
overly_dainty,1,1,0
overly_cyclical,1,1,0
overly_customizable,1,1,0
overly_curvy,1,1,0
overly_dire,1,1,0
overly_disciplined,1,1,0
overly_early,1,1,0
overly_disconcerting,1,1,0
overly_dusty,1,1,0
overly_drowsy,1,1,0
overly_dreary,1,1,0
overly_downbeat,1,1,0
overly_dominating,1,1,0
overly_dominate,1,1,0
overly_dizzy,1,1,0
overly_distrustful,1,1,0
overly_distorted,1,1,0
overly_distinguished,1,1,0
overly_disrespectful,1,1,0
overly_disproportionate,1,1,0
overly_dismal,1,1,0
overly_dishonest,1,1,0
overly_disgusting,1,1,0
overly_disgusted,1,1,0
overly_discriminatory,1,1,0
overly_french,1,1,0
overly_frivolous,1,1,0
overly_frosty,1,1,0
overly_isolated,1,1,0
overly_irritating,1,1,0
overly_irrational,1,1,0
overly_ironic,1,1,0
overly_irish,1,1,0
overly_inviting,1,1,0
overly_intolerant,1,1,0
overly_interactive,1,1,0
overly_instructive,1,1,0
overly_inspired,1,1,0
overly_insightful,1,1,0
overly_inflammatory,1,1,0
overly_inexpensive,1,1,0
overly_inebriated,1,1,0
overly_industrious,1,1,0
overly_individualistic,1,1,0
overly_indie,1,1,0
overly_indicative,1,1,0
overly_islamic,1,1,0
overly_jaded,1,1,0
overly_fruitful,1,1,0
overly_jam-packed,1,1,0
overly_lower,1,1,0
overly_lofty,1,1,0
overly_liquid,1,1,0
overly_limp,1,1,0
overly_limited,1,1,0
overly_likable,1,1,0
overly_lethargic,1,1,0
overly_leftist,1,1,0
overly_larger,1,1,0
overly_laborious,1,1,0
overly_kinetic,1,1,0
overly_kid-friendly,1,1,0
overly_joyous,1,1,0
overly_joyful,1,1,0
overly_jovial,1,1,0
overly_jaw-dropping,1,1,0
overly_japanese,1,1,0
overly_independent,1,1,0
overly_inconsistent,1,1,0
overly_incompetent,1,1,0
overly_inappropriate,1,0,1
overly_hazy,1,1,0
overly_hawkish,1,1,0
overly_hardy,1,1,0
overly_hardcore,1,1,0
overly_handy,1,1,0
overly_handsome,1,1,0
overly_gullible,1,1,0
overly_grateful,1,1,0
overly_graceful,1,1,0
overly_glum,1,1,0
overly_giddy,1,1,0
overly_geometric,1,1,0
overly_genuine,1,0,1
overly_generic,1,1,0
overly_gendered,1,1,0
overly_garish,1,1,0
overly_funky,1,1,0
overly_heady,1,1,0
overly_heartwarming,1,1,0
overly_heated,1,1,0
overly_iconic,1,1,0
overly_impartial,1,1,0
overly_illustrative,1,1,0
overly_illuminating,1,1,0
overly_idyllic,1,1,0
overly_idiosyncratic,1,1,0
overly_ideal,1,1,0
overly_icy,1,1,0
overly_hysterical,1,1,0
overly_hilly,1,1,0
overly_hyper,1,1,0
overly_hyped,1,1,0
overly_hospitable,1,1,0
overly_horrid,1,1,0
overly_homogenous,1,1,0
overly_homesick,1,1,0
overly_homely,1,1,0
overly_terse,1,1,0
overly_theological,1,1,0
overly_crude,1,1,0
overtly_misleading,1,1,0
overtly_mexican,1,1,0
overtly_metallic,1,1,0
overtly_messy,1,1,0
overtly_memorable,1,0,1
overtly_melancholic,1,1,0
overtly_mean-spirited,1,1,0
overtly_manipulative,1,0,1
overtly_manifest,1,1,0
overtly_luxurious,1,1,0
overtly_literary,1,1,0
overtly_literal,1,1,0
overtly_likeable,1,1,0
overtly_libertarian,1,1,0
overtly_judgmental,1,1,0
overtly_jealous,1,1,0
overtly_invasive,1,1,0
overtly_interesting,1,1,0
overtly_militant,1,1,0
overtly_modest,1,1,0
overtly_intense,1,1,0
overtly_monotonous,1,1,0
overtly_ominous,1,1,0
overtly_oily,1,1,0
overtly_off-putting,1,1,0
overtly_odd,1,0,1
overtly_obnoxious,1,1,0
overtly_nice,1,1,0
overtly_negligent,1,1,0
overtly_naughty,1,0,1
overtly_natural,1,1,0
overtly_nationalistic,1,1,0
overtly_naive,1,1,0
overtly_musical,1,1,0
overtly_mushy,1,1,0
overtly_muscular,1,1,0
overtly_mournful,1,1,0
overtly_morose,1,1,0
overtly_morbid,1,1,0
overtly_interactive,1,1,0
overtly_intellectual,1,0,1
overtly_original,1,1,0
overtly_gruesome,1,0,1
overtly_greasy,1,1,0
overtly_gratuitous,1,1,0
overtly_gothic,1,1,0
overtly_good,1,0,1
overtly_gluten-free,1,1,0
overtly_glamorous,1,1,0
overtly_gendered,1,1,0
overtly_geeky,1,1,0
overtly_futuristic,1,1,0
overtly_fussy,1,1,0
overtly_fragile,1,1,0
overtly_foolish,1,1,0
overtly_flirtatious,1,1,0
overtly_flippant,1,1,0
overtly_flawed,1,1,0
overtly_fit,1,1,0
overtly_fishy,1,1,0
overtly_gregarious,1,1,0
overtly_gung,1,1,0
overtly_insulting,1,1,0
overtly_happy,1,1,0
overtly_inspirational,1,1,0
overtly_indulgent,1,1,0
overtly_incorrect,1,1,0
overtly_incoherent,1,0,1
overtly_inappropriate,1,0,1
overtly_inaccurate,1,1,0
overtly_improper,1,0,1
overtly_impressed,1,1,0
overtly_immoral,1,1,0
overtly_illicit,1,0,1
overtly_identifiable,1,1,0
overtly_hot,1,1,0
overtly_horrific,1,1,0
overtly_hoppy,1,1,0
overtly_homosexual,1,0,1
overtly_historical,1,1,0
overtly_hawkish,1,1,0
overtly_onerous,1,1,0
overtly_other,1,0,1
overly_thirsty,1,1,0
overtly_tannic,1,1,0
overtly_symbolic,1,1,0
overtly_suspenseful,1,1,0
overtly_surreal,1,1,0
overtly_surprised,1,1,0
overtly_successful,1,1,0
overtly_stylish,1,1,0
overtly_stereotypical,1,1,0
overtly_spooky,1,1,0
overtly_sparse,1,1,0
overtly_southern,1,1,0
overtly_solicitous,1,1,0
overtly_soft,1,1,0
overtly_smart,1,1,0
overtly_slutty,1,1,0
overtly_simplistic,1,1,0
overtly_silky,1,1,0
overtly_sick,1,1,0
overtly_talented,1,1,0
overtly_terrifying,1,1,0
overtly_shiny,1,1,0
overtly_tight,1,1,0
overtly_utilitarian,1,1,0
overtly_unusual,1,0,1
overtly_unsympathetic,1,1,0
overtly_unrealistic,1,0,1
overtly_unkind,1,1,0
overtly_unhealthy,1,0,1
overtly_unfair,1,0,1
overtly_unethical,1,1,0
overtly_uncomfortable,1,1,0
overtly_true,1,1,0
overtly_troublesome,1,1,0
overtly_troubled,1,1,0
overtly_transformational,1,1,0
overtly_traditional,1,1,0
overtly_toxic,1,1,0
overtly_touristy,1,1,0
overtly_totalitarian,1,1,0
overtly_showy,1,0,1
overtly_shameless,1,1,0
overtly_overbearing,1,1,0
overtly_racy,1,1,0
overtly_punitive,1,1,0
overtly_psychotic,1,1,0
overtly_proud,1,1,0
overtly_profitable,1,1,0
overtly_professional,1,1,0
overtly_productive,1,1,0
overtly_pristine,1,1,0
overtly_positive,1,1,0
overtly_poetic,1,1,0
overtly_pleased,1,1,0
overtly_pleasant,1,0,1
overtly_pious,1,1,0
overtly_pink,1,1,0
overtly_personal,1,1,0
overtly_perceptible,1,1,0
overtly_parallel,1,1,0
overtly_painful,1,1,0
overtly_quirky,1,1,0
overtly_rational,1,1,0
overtly_sexualized,1,1,0
overtly_reflective,1,1,0
overtly_sex,1,1,0
overtly_sensible,1,1,0
overtly_self-conscious,1,1,0
overtly_secular,1,1,0
overtly_sci-fi,1,0,1
overtly_scandalous,1,1,0
overtly_sadistic,1,1,0
overtly_saccharine,1,1,0
overtly_risque,1,1,0
overtly_right,1,1,0
overtly_rewarding,1,1,0
overtly_revelatory,1,0,1
overtly_restrictive,1,1,0
overtly_reminiscent,1,1,0
overtly_reliant,1,1,0
overtly_regretful,1,1,0
overtly_regal,1,0,1
overtly_financial,1,1,0
overtly_figurative,1,0,1
overtly_fiery,1,1,0
overtly_afraid,1,1,0
overtly_adversarial,1,1,0
overtly_actual,1,1,0
overtly_acrimonious,1,1,0
overtly_acidic,1,1,0
overtly_accommodating,1,1,0
overtly_abundant,1,1,0
overtly_abstract,1,1,0
overly_wrought,1,1,0
overly_wretched,1,1,0
overly_worldly,1,1,0
overly_wonky,1,0,1
overly_wonderful,1,0,1
overly_wobbly,1,1,0
overly_well-known,1,1,0
overly_weak,1,1,0
overly_wasteful,1,1,0
overly_vital,1,1,0
overtly_affluent,1,1,0
overtly_african,1,1,0
overly_virtuous,1,1,0
overtly_agricultural,1,1,0
overtly_bellicose,1,1,0
overtly_awful,1,1,0
overtly_authoritarian,1,1,0
overtly_attractive,1,1,0
overtly_atheist,1,1,0
overtly_assertive,1,1,0
overtly_artsy,1,1,0
overtly_artificial,1,1,0
overtly_arrogant,1,1,0
overtly_appealing,1,1,0
overtly_anxious,1,1,0
overtly_anti-social,1,1,0
overtly_angular,1,0,1
overtly_anemic,1,1,0
overtly_analogous,1,1,0
overtly_amusing,1,1,0
overtly_allergic,1,1,0
overly_viscous,1,1,0
overly_viral,1,1,0
overtly_fictional,1,1,0
overly_uncanny,1,1,0
overly_unattractive,1,1,0
overly_true,1,1,0
overly_troublesome,1,0,1
overly_trite,1,0,1
overly_trippy,1,1,0
overly_tremendous,1,1,0
overly_treacherous,1,1,0
overly_translucent,1,1,0
overly_topical,1,1,0
overly_tolerable,1,1,0
overly_toasty,1,1,0
overly_tiring,1,1,0
overly_tipsy,1,1,0
overly_tiny,1,1,0
overly_tidy,1,1,0
overly_thrifty,1,1,0
overly_thorough,1,1,0
overly_unbearable,1,1,0
overly_unconcerned,1,1,0
overly_vintage,1,1,0
overly_underground,1,1,0
overly_vigilant,1,1,0
overly_viable,1,1,0
overly_vast,1,1,0
overly_variable,1,1,0
overly_utopian,1,1,0
overly_utilitarian,1,1,0
overly_urgent,1,1,0
overly_uptight,1,1,0
overly_upsetting,1,0,1
overly_upscale,1,1,0
overly_uplifting,1,1,0
overly_unreasonable,1,1,0
overly_unproductive,1,1,0
overly_unnatural,1,1,0
overly_unheard,1,1,0
overly_unfair,1,1,0
overly_unexpected,1,1,0
overtly_beneficial,1,1,0
overtly_big,1,1,0
overtly_bleak,1,1,0
overtly_embarrassing,1,0,1
overtly_elaborate,1,1,0
overtly_edgy,1,0,1
overtly_ecstatic,1,1,0
overtly_economic,1,1,0
overtly_earthy,1,1,0
overtly_dystopian,1,1,0
overtly_downbeat,1,0,1
overtly_dogmatic,1,1,0
overtly_divine,1,1,0
overtly_dishonest,1,1,0
overtly_disgusting,1,1,0
overtly_discouraging,1,1,0
overtly_dirty,1,1,0
overtly_different,1,1,0
overtly_detailed,1,1,0
overtly_desperate,1,1,0
overtly_descriptive,1,1,0
overtly_electronic,1,1,0
overtly_encouraged,1,0,1
overtly_blended,1,1,0
overtly_engaging,1,1,0
overtly_festive,1,1,0
overtly_female,1,1,0
overtly_fearful,1,1,0
overtly_favorable,1,1,0
overtly_fashionable,1,0,1
overtly_fascist,1,1,0
overtly_famous,1,1,0
overtly_exuberant,1,1,0
overtly_expressive,1,1,0
overtly_explicit,1,1,0
overtly_exotic,1,1,0
overtly_evasive,1,1,0
overtly_ethnic,1,1,0
overtly_ethical,1,1,0
overtly_ergonomic,1,0,1
overtly_enough,1,1,0
overtly_enjoyable,1,0,1
overtly_dependant,1,1,0
overtly_demonstrative,1,1,0
overtly_demonic,1,1,0
overtly_decorative,1,1,0
overtly_colourful,1,1,0
overtly_cold,1,1,0
overtly_cognitive,1,1,0
overtly_close,1,1,0
overtly_clever,1,1,0
overtly_cheerful,1,1,0
overtly_cheap,1,0,1
overtly_chaotic,1,1,0
overtly_challenging,1,1,0
overtly_cartoony,1,1,0
overtly_busy,1,1,0
overtly_buoyant,1,1,0
overtly_buddhist,1,1,0
overtly_bright,1,1,0
overtly_boyish,1,0,1
overtly_bored,1,1,0
overtly_bold,1,1,0
overtly_combustible,1,0,1
overtly_common,1,1,0
overtly_communal,1,1,0
overtly_costly,1,1,0
overtly_cynical,1,1,0
overtly_cutesy,1,1,0
overtly_curvy,1,1,0
overtly_culpable,1,1,0
overtly_cuddly,1,1,0
overtly_creamy,1,1,0
overtly_crazy,1,1,0
overtly_corporate,1,1,0
overtly_complicated,1,0,1
overtly_controversial,1,1,0
overtly_contemptuous,1,1,0
overtly_contemporary,1,1,0
overtly_conflicted,1,1,0
overtly_confident,1,1,0
overtly_conceptual,1,1,0
overtly_complimentary,1,1,0
overly_crumbly,1,1,0
overly_crispy,1,1,0
perhaps_outspoken,1,1,0
outright_responsible,1,1,0
outright_repulsive,1,1,0
outright_remarkable,1,1,0
outright_reluctant,1,1,0
outright_religious,1,1,0
outright_relevant,1,1,0
outright_regressive,1,1,0
outright_redundant,1,1,0
outright_reactionary,1,1,0
outright_raunchy,1,1,0
outright_rainy,1,1,0
outright_questionable,1,1,0
outright_puzzling,1,0,1
outright_pungent,1,1,0
outright_proprietary,1,1,0
outright_prohibitive,1,1,0
outright_profane,1,1,0
outright_procedural,1,1,0
outright_resentful,1,1,0
outright_restrictive,1,1,0
outright_prescient,1,1,0
outright_retarded,1,1,0
outright_sloppy,1,1,0
outright_shrill,1,1,0
outright_shameful,1,1,0
outright_selfish,1,1,0
outright_secretive,1,1,0
outright_scathing,1,1,0
outright_scared,1,1,0
outright_scandalous,1,1,0
outright_sarcastic,1,1,0
outright_salacious,1,1,0
outright_sad,1,1,0
outright_sacred,1,1,0
outright_saccharine,1,1,0
outright_romantic,1,1,0
outright_robust,1,1,0
outright_riveting,1,1,0
outright_risky,1,1,0
outright_probable,1,1,0
outright_preposterous,1,1,0
outright_spicy,1,1,0
outright_nutty,1,0,1
outright_nonexistent,1,1,0
outright_non-existent,1,1,0
outright_noble,1,1,0
outright_negligent,1,1,0
outright_murderous,1,1,0
outright_moronic,1,1,0
outright_mistaken,1,1,0
outright_missing,1,1,0
outright_miraculous,1,1,0
outright_marginal,1,1,0
outright_mandatory,1,1,0
outright_malevolent,1,1,0
outright_maddening,1,1,0
outright_mad,1,1,0
outright_lurid,1,1,0
outright_lower,1,1,0
outright_likely,1,1,0
outright_noticeable,1,1,0
outright_obnoxious,1,1,0
outright_predictable,1,1,0
outright_obscene,1,1,0
outright_positive,1,1,0
outright_pornographic,1,1,0
outright_poisonous,1,1,0
outright_pleasant,1,1,0
outright_physical,1,1,0
outright_phony,1,0,1
outright_perverted,1,1,0
outright_peculiar,1,1,0
outright_patriotic,1,1,0
outright_overwhelming,1,1,0
outright_overwhelmed,1,1,0
outright_outrageous,1,1,0
outright_outlandish,1,1,0
outright_oppressive,1,1,0
outright_onerous,1,1,0
outright_obvious,1,1,0
outright_obsessed,1,1,0
outright_smart,1,0,1
outright_steep,1,1,0
outwardly_comic,1,1,0
outstandingly_talented,1,1,0
outstandingly_professional,1,1,0
outstandingly_powerful,1,1,0
outstandingly_popular,1,1,0
outstandingly_low,1,1,0
outstandingly_innovative,1,0,1
outstandingly_hot,1,1,0
outstandingly_gay,1,1,0
outstandingly_funny,1,0,1
outstandingly_fast,1,1,0
outstandingly_famous,1,1,0
outstandingly_expensive,1,1,0
outstandingly_difficult,1,0,1
outstandingly_competent,1,1,0
outstandingly_cheap,1,1,0
outstandingly_charming,1,1,0
outstandingly_brilliant,1,1,0
outstandingly_boring,1,1,0
outstandingly_superior,1,1,0
outstandingly_warm,1,1,0
outstandingly_amazing,1,1,0
outstandingly_weird,1,0,1
outwardly_christian,1,1,0
outwardly_charismatic,1,0,1
outwardly_breathtaking,1,1,0
outwardly_bitter,1,1,0
outwardly_benevolent,1,1,0
outwardly_beautiful,1,1,0
outwardly_awful,1,1,0
outwardly_aware,1,1,0
outwardly_attractive,1,1,0
outwardly_attentive,1,1,0
outwardly_assertive,1,1,0
outwardly_artificial,1,1,0
outwardly_arrogant,1,1,0
outwardly_appreciative,1,1,0
outwardly_ambitious,1,1,0
outwardly_active,1,1,0
outwardly_accurate,1,1,0
outstandingly_bad,1,1,0
outright_young,1,1,0
outright_stodgy,1,1,0
outright_unlawful,1,1,0
outright_uninteresting,1,1,0
outright_unfriendly,1,1,0
outright_unfounded,1,1,0
outright_unemployed,1,1,0
outright_unbelievable,1,1,0
outright_unattainable,1,1,0
outright_troubling,1,1,0
outright_trivial,1,1,0
outright_tragic,1,1,0
outright_touristy,1,1,0
outright_tough,1,1,0
outright_tiny,1,1,0
outright_surprising,1,1,0
outright_supportive,1,1,0
outright_subversive,1,1,0
outright_submissive,1,1,0
outright_stunning,1,1,0
outright_unkind,1,1,0
outright_unlikely,1,1,0
outright_worthless,1,1,0
outright_unnecessary,1,1,0
outright_whiny,1,1,0
outright_whimsical,1,1,0
outright_welcoming,1,1,0
outright_weird,1,1,0
outright_weighty,1,1,0
outright_wealthy,1,1,0
outright_warm,1,1,0
outright_vocal,1,1,0
outright_visible,1,1,0
outright_upset,1,1,0
outright_unworthy,1,1,0
outright_unwelcome,1,1,0
outright_unusual,1,1,0
outright_unsatisfactory,1,1,0
outright_unpopular,1,1,0
outright_unpleasant,1,1,0
outright_unnerved,1,1,0
outright_likable,1,1,0
outright_lethal,1,1,0
outright_laughable,1,1,0
outright_capable,1,1,0
outright_brilliant,1,1,0
outright_bright,1,1,0
outright_blue,1,1,0
outright_bloody,1,1,0
outright_blind,1,1,0
outright_bitter,1,1,0
outright_bisexual,1,1,0
outright_bigoted,1,1,0
outright_biased,1,1,0
outright_bellicose,1,1,0
outright_barbaric,1,1,0
outright_awesome,1,1,0
outright_awe,1,1,0
outright_available,1,1,0
outright_autocratic,1,1,0
outright_autobiographical,1,1,0
outright_authoritarian,1,1,0
outright_bullish,1,1,0
outright_careless,1,1,0
outright_archaic,1,1,0
outright_cheesy,1,1,0
outright_critical,1,1,0
outright_convenient,1,1,0
outright_contrived,1,1,0
outright_confused,1,1,0
outright_confrontational,1,1,0
outright_condescending,1,1,0
outright_compulsory,1,1,0
outright_complicit,1,1,0
outright_competitive,1,1,0
outright_compelling,1,1,0
outright_communist,1,1,0
outright_commercial,1,1,0
outright_cocky,1,1,0
outright_cliche,1,1,0
outright_classic,1,1,0
outright_chilly,1,1,0
outright_chilling,1,1,0
outright_arrogant,1,0,1
outright_applicable,1,1,0
outright_jaded,1,1,0
outrageously_similar,1,1,0
outrageously_showy,1,1,0
outrageously_short,1,1,0
outrageously_scary,1,1,0
outrageously_runny,1,1,0
outrageously_rubbish,1,1,0
outrageously_rebellious,1,1,0
outrageously_realistic,1,1,0
outrageously_psychedelic,1,1,0
outrageously_progressive,1,1,0
outrageously_positive,1,1,0
outrageously_popular,1,1,0
outrageously_outrageous,1,1,0
outrageously_ornate,1,1,0
outrageously_old,1,1,0
outrageously_obnoxious,1,1,0
outrageously_narcissistic,1,1,0
outrageously_macho,1,1,0
outrageously_silly,1,1,0
outrageously_sinful,1,1,0
outright_anti-semitic,1,1,0
outrageously_soft,1,1,0
outright_anti-gay,1,1,0
outright_anemic,1,1,0
outright_anachronistic,1,0,1
outright_amazing,1,0,1
outright_allergic,1,1,0
outright_alarming,1,1,0
outright_aesthetic,1,1,0
outright_adversarial,1,1,0
outright_adventurous,1,1,0
outrageously_weird,1,1,0
outrageously_violent,1,0,1
outrageously_unreasonable,1,1,0
outrageously_unrealistic,1,0,1
outrageously_unfair,1,1,0
outrageously_uncommon,1,1,0
outrageously_surprising,1,1,0
outrageously_steep,1,1,0
outright_crooked,1,1,0
outright_culpable,1,1,0
outright_curable,1,1,0
outright_incapable,1,1,0
outright_immoral,1,1,0
outright_illiterate,1,1,0
outright_ill,1,1,0
outright_idiotic,1,1,0
outright_identical,1,1,0
outright_hysterical,1,1,0
outright_hurtful,1,1,0
outright_humorous,1,1,0
outright_hot,1,1,0
outright_horrifying,1,0,1
outright_helpful,1,1,0
outright_harmless,1,1,0
outright_gross,1,1,0
outright_grim,1,1,0
outright_green,1,1,0
outright_greatest,1,1,0
outright_furious,1,1,0
outright_impolite,1,1,0
outright_incendiary,1,1,0
outright_cynical,1,1,0
outright_incoherent,1,1,0
outright_irresistible,1,1,0
outright_involved,1,1,0
outright_invisible,1,1,0
outright_intrusive,1,1,0
outright_intimidating,1,1,0
outright_interested,1,1,0
outright_intentional,1,1,0
outright_insincere,1,1,0
outright_inhumane,1,1,0
outright_inexplicable,1,1,0
outright_inexpensive,1,1,0
outright_ineligible,1,1,0
outright_indifferent,1,1,0
outright_indefensible,1,1,0
outright_indecent,1,1,0
outright_incomprehensible,1,1,0
outright_incompetent,1,1,0
outright_fundamentalist,1,1,0
outright_fun,1,1,0
outright_full,1,1,0
outright_frustrating,1,1,0
outright_dour,1,1,0
outright_dominate,1,1,0
outright_disinterested,1,1,0
outright_disgraceful,1,1,0
outright_discriminatory,1,1,0
outright_devious,1,1,0
outright_derogatory,1,1,0
outright_derivative,1,1,0
outright_deranged,1,1,0
outright_depressed,1,1,0
outright_deplorable,1,1,0
outright_demonic,1,1,0
outright_delighted,1,1,0
outright_definite,1,1,0
outright_defensive,1,1,0
outright_defective,1,1,0
outright_dazzling,1,1,0
outright_drunk,1,1,0
outright_dubious,1,1,0
outright_dull,1,1,0
outright_excruciating,1,1,0
outright_frightened,1,1,0
outright_flimsy,1,1,0
outright_flawed,1,1,0
outright_fascist,1,1,0
outright_extremist,1,1,0
outright_exploitative,1,1,0
outright_expendable,1,1,0
outright_exclusive,1,1,0
outright_dystopian,1,1,0
outright_exciting,1,0,1
outright_excited,1,1,0
outright_erroneous,1,1,0
outright_enthusiastic,1,1,0
outright_enjoyable,1,1,0
outright_elusive,1,1,0
outright_electrifying,1,1,0
outwardly_clear,1,1,0
outwardly_complex,1,1,0
overly_crass,1,1,0
overall_aesthetic,1,1,0
over_wary,1,1,0
over_vigorous,1,1,0
over_upset,1,1,0
over_upper,1,1,0
over_thrilled,1,1,0
over_threatening,1,1,0
over_thin,1,1,0
over_tender,1,1,0
over_tall,1,1,0
over_talkative,1,1,0
over_sympathetic,1,1,0
over_surprised,1,1,0
over_spicy,1,1,0
over_solicitous,1,1,0
over_small,1,1,0
over_slow,1,1,0
over_skeptical,1,1,0
over_white,1,1,0
overall_aggressive,1,1,0
over_showy,1,1,0
overall_bad,1,1,0
overall_scary,1,0,1
overall_satisfying,1,1,0
overall_productive,1,1,0
overall_perfect,1,1,0
overall_painful,1,1,0
overall_lowest,1,1,0
overall_insane,1,1,0
overall_impressive,1,1,0
overall_healthy,1,1,0
overall_great,1,1,0
overall_favorable,1,1,0
overall_explosive,1,1,0
overall_disappointing,1,1,0
overall_difficult,1,1,0
overall_cozy,1,1,0
overall_black,1,1,0
overall_beneficial,1,1,0
over_simplistic,1,1,0
over_shiny,1,1,0
overall_strong,1,1,0
over_possessive,1,1,0
over_pleasing,1,1,0
over_physical,1,1,0
over_personal,1,1,0
over_passionate,1,1,0
over_organized,1,1,0
over_opulent,1,1,0
over_opinionated,1,1,0
over_oily,1,1,0
over_obvious,1,1,0
over_obsessed,1,1,0
over_noticable,1,1,0
over_new,1,1,0
over_natural,1,1,0
over_motivated,1,1,0
over_more,1,1,0
over_modest,1,1,0
over_minimum,1,1,0
over_polite,1,1,0
over_powerful,1,1,0
over_sexy,1,1,0
over_precious,1,1,0
over_sexual,1,1,0
over_sedate,1,1,0
over_salty,1,1,0
over_sad,1,1,0
over_restrictive,1,1,0
over_responsive,1,1,0
over_realistic,1,1,0
over_ready,1,1,0
over_reactive,1,1,0
over_reactionary,1,1,0
over_qualified,1,1,0
over_pushy,1,1,0
over_prominent,1,1,0
over_profound,1,1,0
over_prescriptive,1,1,0
over_prejudicial,1,1,0
over_precise,1,1,0
overall_shocked,1,1,0
overall_sweet,1,1,0
outwardly_confident,1,1,0
overly_comfy,1,1,0
overly_coherent,1,1,0
overly_cloudy,1,1,0
overly_cinematic,1,1,0
overly_chummy,1,0,1
overly_chuffed,1,1,0
overly_chronological,1,1,0
overly_childlike,1,1,0
overly_chaste,1,1,0
overly_characteristic,1,1,0
overly_celebratory,1,1,0
overly_captivating,1,1,0
overly_capable,1,1,0
overly_candid,1,0,1
overly_calm,1,1,0
overly_bumpy,1,1,0
overly_brooding,1,1,0
overly_broadcast,1,1,0
overly_comedic,1,1,0
overly_comic,1,1,0
overly_bossy,1,1,0
overly_comical,1,1,0
overly_cozy,1,1,0
overly_corrupt,1,1,0
overly_cordial,1,1,0
overly_conversant,1,1,0
overly_contrite,1,1,0
overly_contemporary,1,1,0
overly_considerate,1,1,0
overly_conscientious,1,1,0
overly_confidential,1,1,0
overly_condescending,1,1,0
overly_conceptual,1,1,0
overly_compulsive,1,1,0
overly_competent,1,1,0
overly_compelled,1,1,0
overly_comparable,1,1,0
overly_compact,1,1,0
overly_committed,1,1,0
overly_bountiful,1,1,0
overly_blurry,1,1,0
overall_tasty,1,1,0
overly_amusing,1,1,0
overly_amicable,1,1,0
overly_altruistic,1,1,0
overly_allergic,1,1,0
overly_agreeable,1,1,0
overly_agitated,1,1,0
overly_aghast,1,1,0
overly_aged,1,1,0
overly_affluent,1,1,0
overly_affected,1,1,0
overly_adult,1,1,0
overly_adroit,1,1,0
overly_admirable,1,1,0
overly_accommodative,1,1,0
overly_abrupt,1,1,0
overly_abhorrent,1,1,0
overall_worse,1,1,0
overall_technical,1,1,0
overly_ample,1,1,0
overly_anti-semitic,1,1,0
overly_bleak,1,1,0
overly_antiquated,1,1,0
overly_blase,1,1,0
overly_bent,1,1,0
overly_bellicose,1,1,0
overly_believable,1,1,0
overly_beholden,1,1,0
overly_beefy,1,1,0
overly_banal,1,1,0
overly_awkward,1,1,0
overly_awful,1,0,1
overly_awesome,1,1,0
overly_authoritarian,1,1,0
overly_authentic,1,1,0
overly_attuned,1,1,0
overly_astonishing,1,1,0
overly_articulate,1,1,0
overly_ardent,1,1,0
overly_approachable,1,1,0
over_meticulous,1,1,0
over_meh,1,1,0
over_mad,1,1,0
outwardly_perfect,1,1,0
outwardly_outspoken,1,1,0
outwardly_outrageous,1,1,0
outwardly_ostentatious,1,1,0
outwardly_optimistic,1,1,0
outwardly_open,1,1,0
outwardly_off-putting,1,1,0
outwardly_obnoxious,1,1,0
outwardly_noteworthy,1,0,1
outwardly_negative,1,1,0
outwardly_muslim,1,1,0
outwardly_muscular,1,1,0
outwardly_laughable,1,1,0
outwardly_jewish,1,1,0
outwardly_jealous,1,1,0
outwardly_interested,1,1,0
outwardly_intellectual,1,1,0
outwardly_innovative,1,1,0
outwardly_passionate,1,1,0
outwardly_pious,1,1,0
outwardly_illegal,1,0,1
outwardly_positive,1,1,0
outwardly_serious,1,1,0
outwardly_scary,1,1,0
outwardly_safe,1,1,0
outwardly_romantic,1,1,0
outwardly_right,1,1,0
outwardly_rewarding,1,1,0
outwardly_responsive,1,1,0
outwardly_remarkable,1,0,1
outwardly_reluctant,1,1,0
outwardly_related,1,1,0
outwardly_receptive,1,1,0
outwardly_queer,1,1,0
outwardly_productive,1,1,0
outwardly_prideful,1,1,0
outwardly_present,1,1,0
outwardly_practical,1,1,0
outwardly_powerful,1,1,0
outwardly_incorrect,1,1,0
outwardly_humorous,1,1,0
over_lyrical,1,1,0
outwardly_entertaining,1,1,0
outwardly_elitist,1,1,0
outwardly_effeminate,1,0,1
outwardly_dramatic,1,0,1
outwardly_distinctive,1,1,0
outwardly_discriminatory,1,1,0
outwardly_disappointed,1,1,0
outwardly_different,1,0,1
outwardly_detectable,1,1,0
outwardly_destructive,1,1,0
outwardly_depressed,1,1,0
outwardly_demonstrative,1,1,0
outwardly_defiant,1,1,0
outwardly_damning,1,0,1
outwardly_cynical,1,1,0
outwardly_cruel,1,1,0
outwardly_controversial,1,0,1
outwardly_conspicuous,1,1,0
outwardly_empathetic,1,1,0
outwardly_enthusiastic,1,1,0
outwardly_hot,1,1,0
outwardly_evil,1,1,0
outwardly_heroic,1,1,0
outwardly_heretical,1,1,0
outwardly_harmful,1,1,0
outwardly_hardy,1,1,0
outwardly_gorgeous,1,1,0
outwardly_gay,1,1,0
outwardly_funny,1,1,0
outwardly_frightening,1,0,1
outwardly_frantic,1,1,0
outwardly_forthright,1,1,0
outwardly_fit,1,0,1
outwardly_fiery,1,1,0
outwardly_festive,1,1,0
outwardly_exuberant,1,1,0
outwardly_extremist,1,1,0
outwardly_excited,1,1,0
outwardly_exceptional,1,1,0
outwardly_sexist,1,1,0
outwardly_significant,1,1,0
outwardly_silly,1,1,0
over_girly,1,1,0
over_gentle,1,1,0
over_funny,1,1,0
over_formal,1,1,0
over_fluffy,1,1,0
over_flattering,1,1,0
over_flatter,1,1,0
over_fast,1,1,0
over_faithful,1,1,0
over_exact,1,1,0
over_enamoured,1,1,0
over_effusive,1,1,0
over_dynamic,1,1,0
over_double,1,1,0
over_dominate,1,1,0
over_direct,1,1,0
over_detailed,1,1,0
over_descriptive,1,1,0
over_gimmicky,1,1,0
over_good,1,1,0
outwardly_social,1,1,0
over_greedy,1,1,0
over_likely,1,1,0
over_light,1,1,0
over_less,1,0,1
over_judgmental,1,1,0
over_jubilant,1,1,0
over_joyous,1,1,0
over_jealous,1,1,0
over_intrusive,1,1,0
over_interesting,1,1,0
over_interested,1,1,0
over_intense,1,1,0
over_impressive,1,1,0
over_imaginative,1,1,0
over_hyped,1,1,0
over_huge,1,1,0
over_higher,1,1,0
over_high,1,1,0
over_defensive,1,1,0
over_cramped,1,1,0
over_cool,1,1,0
over_contrary,1,1,0
outwardly_warm,1,1,0
outwardly_visual,1,1,0
outwardly_vicious,1,1,0
outwardly_unpleasant,1,0,1
outwardly_universal,1,1,0
outwardly_unhealthy,1,1,0
outwardly_unattractive,1,1,0
outwardly_ugly,1,1,0
outwardly_trippy,1,1,0
outwardly_threatening,1,1,0
outwardly_suspicious,1,1,0
outwardly_successful,1,1,0
outwardly_stupid,1,1,0
outwardly_strong,1,1,0
outwardly_spiritual,1,1,0
outwardly_spectacular,1,1,0
outwardly_southern,1,0,1
outwardly_weird,1,1,0
outwardly_willing,1,1,0
outwardly_worse,1,1,0
over_bulky,1,1,0
over_complimentary,1,1,0
over_competitive,1,1,0
over_compact,1,1,0
over_communicative,1,1,0
over_comfortable,1,1,0
over_clever,1,1,0
over_chewy,1,1,0
over_big,1,1,0
over_accessible,1,1,0
over_bent,1,1,0
over_balanced,1,1,0
over_attentive,1,1,0
over_argumentative,1,1,0
over_analytical,1,1,0
over_afraid,1,1,0
over_accurate,1,1,0
overtly_vegan,1,1,0
overtly_vegetarian,1,1,0
overtly_vicious,1,1,0
particularly_unstable,1,1,0
particularly_unskilled,1,1,0
particularly_unsightly,1,1,0
particularly_unsettling,1,1,0
particularly_unscientific,1,1,0
particularly_unsatisfactory,1,1,0
particularly_unruly,1,1,0
particularly_unreliable,1,1,0
particularly_unoriginal,1,1,0
particularly_unnerved,1,1,0
particularly_unmanageable,1,1,0
particularly_unknown,1,1,0
particularly_unjust,1,1,0
particularly_unhelpful,1,1,0
particularly_unforeseen,1,1,0
particularly_unfit,1,1,0
particularly_uneven,1,1,0
particularly_undulating,1,1,0
particularly_unsound,1,1,0
particularly_unstoppable,1,1,0
particularly_understandable,1,1,0
particularly_unwieldy,1,1,0
particularly_wasteful,1,1,0
particularly_voluminous,1,1,0
particularly_vitriolic,1,1,0
particularly_visceral,1,1,0
particularly_viral,1,1,0
particularly_vile,1,1,0
particularly_victorian,1,1,0
particularly_vexing,1,1,0
particularly_verifiable,1,1,0
particularly_vehement,1,0,1
particularly_vegan,1,1,0
particularly_various,1,1,0
particularly_varied,1,1,0
particularly_vague,1,1,0
particularly_utilitarian,1,1,0
particularly_useable,1,1,0
particularly_uptight,1,1,0
particularly_undeserved,1,1,0
particularly_underdeveloped,1,1,0
particularly_wearable,1,1,0
particularly_timid,1,1,0
particularly_theoretical,1,1,0
particularly_theological,1,1,0
particularly_terrific,1,1,0
particularly_tentative,1,1,0
particularly_temperamental,1,1,0
particularly_telling,1,1,0
particularly_tedious,1,1,0
particularly_tasteless,1,1,0
particularly_tame,1,1,0
particularly_tactile,1,1,0
particularly_systematic,1,1,0
particularly_synthetic,1,1,0
particularly_symptomatic,1,1,0
particularly_swell,1,1,0
particularly_sweaty,1,1,0
particularly_suspect,1,1,0
particularly_surreal,1,1,0
particularly_timeless,1,1,0
particularly_toasty,1,0,1
particularly_undemocratic,1,0,1
particularly_tolerable,1,1,0
particularly_uncooperative,1,1,0
particularly_unconventional,1,0,1
particularly_unconstitutional,1,1,0
particularly_uncertain,1,0,1
particularly_unattractive,1,1,0
particularly_ubiquitous,1,1,0
particularly_turbulent,1,1,0
particularly_trivial,1,1,0
particularly_trite,1,1,0
particularly_trippy,1,1,0
particularly_tremendous,1,1,0
particularly_transferable,1,1,0
particularly_transcendent,1,1,0
particularly_tranquil,1,1,0
particularly_totalitarian,1,1,0
particularly_top-notch,1,1,0
particularly_top,1,1,0
particularly_weaker,1,1,0
particularly_weary,1,1,0
pathetically_afraid,1,1,0
patently_gothic,1,1,0
patently_evident,1,1,0
patently_empty,1,1,0
patently_disturbing,1,1,0
patently_distasteful,1,1,0
patently_dishonest,1,1,0
patently_different,1,1,0
patently_defective,1,1,0
patently_crazy,1,1,0
patently_bogus,1,1,0
patently_bizarre,1,1,0
patently_aware,1,1,0
patently_artificial,1,1,0
patently_arbitrary,1,1,0
past_vertical,1,1,0
past_perfect,1,1,0
past_irritating,1,1,0
past_functional,1,1,0
patently_goofy,1,1,0
patently_hateful,1,1,0
past_enduring,1,1,0
patently_illusory,1,1,0
patently_unrealistic,1,1,0
patently_unlawful,1,1,0
patently_unfit,1,1,0
patently_unacceptable,1,1,0
patently_terrible,1,1,0
patently_stupid,1,1,0
patently_sexist,1,1,0
patently_restrictive,1,1,0
patently_opaque,1,1,0
patently_obscene,1,1,0
patently_nice,1,1,0
patently_naive,1,1,0
patently_misogynistic,1,1,0
patently_ludicrous,1,1,0
patently_insane,1,1,0
patently_inappropriate,1,1,0
patently_immoral,1,1,0
past_first,1,1,0
passionately_upset,1,1,0
particularly_whimsical,1,0,1
partly_oblivious,1,1,0
partly_monetary,1,1,0
partly_liable,1,1,0
partly_imaginary,1,1,0
partly_genuine,1,1,0
partly_deserving,1,1,0
partly_dependent,1,1,0
partly_criminal,1,1,0
partly_comprehensive,1,1,0
partly_compatible,1,1,0
partly_chemical,1,1,0
partly_black,1,1,0
partly_alive,1,1,0
particularly_yummy,1,1,0
particularly_worldly,1,1,0
particularly_wondrous,1,0,1
particularly_wistful,1,1,0
particularly_whole,1,1,0
partly_muslim,1,1,0
partly_open,1,1,0
passionately_sincere,1,1,0
partly_pregnant,1,1,0
passionately_scientific,1,1,0
passionately_religious,1,1,0
passionately_proud,1,1,0
passionately_political,1,1,0
passionately_ideological,1,1,0
passionately_happy,1,1,0
passionately_generous,1,1,0
passionately_fond,1,1,0
passionately_feminist,1,1,0
passionately_enamoured,1,1,0
passionately_emotional,1,1,0
passionately_concerned,1,1,0
partly_superfluous,1,1,0
partly_right,1,1,0
partly_religious,1,1,0
partly_ready,1,1,0
partly_psychological,1,1,0
particularly_supernatural,1,0,1
particularly_superhuman,1,0,1
particularly_superb,1,1,0
particularly_permanent,1,0,1
particularly_penetrating,1,1,0
particularly_pedestrian,1,1,0
particularly_pedantic,1,1,0
particularly_patchy,1,1,0
particularly_passive,1,1,0
particularly_pagan,1,0,1
particularly_overwhelmed,1,1,0
particularly_oversold,1,1,0
particularly_overpriced,1,1,0
particularly_overpaid,1,1,0
particularly_ostentatious,1,0,1
particularly_oriented,1,1,0
particularly_ordinary,1,0,1
particularly_oppressed,1,1,0
particularly_opposite,1,1,0
particularly_opportunistic,1,1,0
particularly_opaque,1,1,0
particularly_perishable,1,1,0
particularly_permissive,1,1,0
particularly_official,1,1,0
particularly_pernicious,1,1,0
particularly_prized,1,1,0
particularly_pristine,1,1,0
particularly_pricy,1,1,0
particularly_prickly,1,1,0
particularly_presentable,1,1,0
particularly_prepared,1,1,0
particularly_precarious,1,1,0
particularly_pragmatic,1,1,0
particularly_practicable,1,1,0
particularly_populous,1,1,0
particularly_pivotal,1,1,0
particularly_pink,1,1,0
particularly_pigmented,1,1,0
particularly_perverse,1,0,1
particularly_persistent,1,1,0
particularly_perplexing,1,1,0
particularly_perplexed,1,1,0
particularly_one-sided,1,1,0
particularly_obtuse,1,1,0
particularly_sugary,1,1,0
particularly_moderate,1,1,0
particularly_mind-boggling,1,1,0
particularly_militant,1,1,0
particularly_mexican,1,1,0
particularly_methodical,1,1,0
particularly_metaphysical,1,0,1
particularly_metallic,1,1,0
particularly_mesmerizing,1,1,0
particularly_mesmerising,1,1,0
particularly_meritorious,1,1,0
particularly_merciful,1,1,0
particularly_melancholy,1,1,0
particularly_melancholic,1,1,0
particularly_meek,1,1,0
particularly_mediocre,1,1,0
particularly_medieval,1,1,0
particularly_medical,1,0,1
particularly_measurable,1,1,0
particularly_mischievous,1,1,0
particularly_moody,1,1,0
particularly_observable,1,1,0
particularly_morbid,1,1,0
particularly_obscene,1,1,0
particularly_obligated,1,1,0
particularly_nutritional,1,1,0
particularly_noticable,1,1,0
particularly_non-violent,1,1,0
particularly_non-partisan,1,1,0
particularly_nomadic,1,1,0
particularly_niche,1,1,0
particularly_neurotic,1,1,0
particularly_near,1,1,0
particularly_nauseating,1,1,0
particularly_naturalistic,1,1,0
particularly_narrow,1,1,0
particularly_murky,1,1,0
particularly_murderous,1,1,0
particularly_multicultural,1,1,0
particularly_more,1,1,0
particularly_pro,1,1,0
particularly_programmable,1,1,0
particularly_proper,1,1,0
particularly_snowy,1,1,0
particularly_snazzy,1,1,0
particularly_smarter,1,1,0
particularly_slutty,1,1,0
particularly_slower,1,1,0
particularly_slippery,1,1,0
particularly_slimy,1,1,0
particularly_slender,1,1,0
particularly_skewed,1,1,0
particularly_sketchy,1,0,1
particularly_singular,1,1,0
particularly_silent,1,1,0
particularly_shaky,1,1,0
particularly_shadowy,1,1,0
particularly_shabby,1,1,0
particularly_sex,1,1,0
particularly_sentient,1,1,0
particularly_selfish,1,1,0
particularly_sneaky,1,0,1
particularly_sober,1,1,0
particularly_prophetic,1,1,0
particularly_soft-spoken,1,1,0
particularly_succinct,1,1,0
particularly_sublime,1,1,0
particularly_subdued,1,1,0
particularly_stunned,1,1,0
particularly_stuck,1,1,0
particularly_streaky,1,1,0
particularly_strained,1,1,0
particularly_stoked,1,1,0
particularly_stern,1,1,0
particularly_stereotypical,1,1,0
particularly_static,1,1,0
particularly_stately,1,1,0
particularly_square,1,1,0
particularly_spoiled,1,1,0
particularly_sordid,1,1,0
particularly_somber,1,1,0
particularly_solemn,1,0,1
particularly_self-sufficient,1,1,0
particularly_self-explanatory,1,1,0
particularly_self-contained,1,1,0
particularly_secular,1,1,0
particularly_regressive,1,1,0
particularly_regal,1,0,1
particularly_refined,1,1,0
particularly_redeemable,1,1,0
particularly_recommendable,1,1,0
particularly_recognisable,1,1,0
particularly_raw,1,1,0
particularly_rampant,1,1,0
particularly_rambunctious,1,1,0
particularly_quixotic,1,1,0
particularly_queer,1,1,0
particularly_quantifiable,1,1,0
particularly_quaint,1,1,0
particularly_pure,1,1,0
particularly_psychological,1,1,0
particularly_psychic,1,1,0
particularly_protestant,1,1,0
particularly_regretful,1,1,0
particularly_regular,1,1,0
particularly_relieved,1,1,0
particularly_rotten,1,1,0
particularly_sci-fi,1,0,1
particularly_sceptical,1,1,0
particularly_savory,1,1,0
particularly_saccharine,1,0,1
particularly_ruthless,1,1,0
particularly_rusty,1,1,0
particularly_ruinous,1,1,0
particularly_roman,1,1,0
particularly_renewable,1,1,0
particularly_ripe,1,1,0
particularly_revolting,1,0,1
particularly_revered,1,1,0
particularly_restorative,1,1,0
particularly_restive,1,1,0
particularly_resourceful,1,1,0
particularly_resolute,1,1,0
patently_visible,1,1,0
pathetically_biased,1,1,0
overtly_vintage,1,1,0
perfectly_readable,1,1,0
perfectly_pristine,1,1,0
perfectly_presentable,1,1,0
perfectly_present,1,1,0
perfectly_prepared,1,1,0
perfectly_precious,1,1,0
perfectly_powerful,1,1,0
perfectly_popular,1,1,0
perfectly_polite,1,1,0
perfectly_polished,1,1,0
perfectly_pointless,1,1,0
perfectly_pleasing,1,1,0
perfectly_pleasant,1,1,0
perfectly_physical,1,1,0
perfectly_permissible,1,1,0
perfectly_peachy,1,1,0
perfectly_pale,1,1,0
perfectly_palatable,1,1,0
perfectly_rare,1,1,0
perfectly_recognisable,1,1,0
perfectly_original,1,1,0
perfectly_refreshing,1,1,0
perfectly_skilled,1,0,1
perfectly_simultaneous,1,1,0
perfectly_silly,1,1,0
perfectly_sexual,1,1,0
perfectly_set,1,1,0
perfectly_serviceable,1,1,0
perfectly_sensitive,1,1,0
perfectly_secret,1,1,0
perfectly_seasoned,1,1,0
perfectly_sanguine,1,1,0
perfectly_robust,1,1,0
perfectly_rhythmic,1,1,0
perfectly_resonant,1,1,0
perfectly_replaceable,1,1,0
perfectly_relaxed,1,1,0
perfectly_related,1,1,0
perfectly_relatable,1,1,0
perfectly_paced,1,1,0
perfectly_ordinary,1,1,0
perfectly_slim,1,1,0
perfectly_juicy,1,1,0
perfectly_invulnerable,1,1,0
perfectly_invisible,1,1,0
perfectly_integral,1,1,0
perfectly_inoffensive,1,1,0
perfectly_infallible,1,1,0
perfectly_inexpensive,1,1,0
perfectly_indifferent,1,1,0
perfectly_incompetent,1,1,0
perfectly_impossible,1,0,1
perfectly_impenetrable,1,1,0
perfectly_immaculate,1,1,0
perfectly_illustrative,1,1,0
perfectly_illegal,1,1,0
perfectly_idyllic,1,1,0
perfectly_idiotic,1,1,0
perfectly_hydrated,1,1,0
perfectly_humiliating,1,1,0
perfectly_joyous,1,1,0
perfectly_legit,1,1,0
perfectly_orderly,1,1,0
perfectly_liberal,1,1,0
perfectly_orchestrated,1,1,0
perfectly_optimal,1,1,0
perfectly_opaque,1,1,0
perfectly_nude,1,1,0
perfectly_novel,1,1,0
perfectly_nice,1,1,0
perfectly_new,1,1,0
perfectly_monstrous,1,1,0
perfectly_monogamous,1,1,0
perfectly_modern,1,1,0
perfectly_minimal,1,1,0
perfectly_mechanical,1,1,0
perfectly_meaningful,1,1,0
perfectly_luminous,1,1,0
perfectly_likable,1,1,0
perfectly_lifelike,1,1,0
perfectly_libertarian,1,1,0
perfectly_skillful,1,1,0
perfectly_sober,1,1,0
pathetically_boring,1,1,0
perhaps_excessive,1,1,0
perhaps_enough,1,1,0
perhaps_easy,1,1,0
perhaps_disastrous,1,1,0
perhaps_different,1,1,0
perhaps_desirous,1,1,0
perhaps_defensible,1,1,0
perhaps_deeper,1,1,0
perhaps_debatable,1,1,0
perhaps_cruel,1,1,0
perhaps_critical,1,1,0
perhaps_criminal,1,1,0
perhaps_confident,1,1,0
perhaps_concerned,1,1,0
perhaps_compatible,1,1,0
perhaps_comparable,1,1,0
perhaps_comforting,1,1,0
perhaps_better,1,1,0
perhaps_equal,1,0,1
perhaps_familiar,1,1,0
perhaps_appropriate,1,1,0
perhaps_free,1,1,0
perhaps_ours,1,1,0
perhaps_off-putting,1,1,0
perhaps_obvious,1,1,0
perhaps_natural,1,1,0
perhaps_moot,1,1,0
perhaps_meaningful,1,1,0
perhaps_intentional,1,1,0
perhaps_inferior,1,1,0
perhaps_incompatible,1,1,0
perhaps_implausible,1,1,0
perhaps_human,1,1,0
perhaps_high,1,1,0
perhaps_happy,1,1,0
perhaps_handsome,1,1,0
perhaps_greater,1,1,0
perhaps_good,1,1,0
perhaps_fun,1,1,0
perhaps_auspicious,1,1,0
perhaps_antithetical,1,1,0
perfectly_soft,1,1,0
perfectly_truthful,1,1,0
perfectly_tranquil,1,1,0
perfectly_tolerant,1,1,0
perfectly_thorough,1,1,0
perfectly_thin,1,1,0
perfectly_therapeutic,1,1,0
perfectly_symbiotic,1,1,0
perfectly_surprising,1,1,0
perfectly_sunny,1,1,0
perfectly_subtle,1,1,0
perfectly_stiff,1,1,0
perfectly_stationary,1,1,0
perfectly_spotless,1,1,0
perfectly_spiritual,1,1,0
perfectly_specific,1,1,0
perfectly_southern,1,1,0
perfectly_sound,1,1,0
perfectly_solvable,1,1,0
perfectly_trite,1,1,0
perfectly_unbiased,1,1,0
perhaps_ample,1,1,0
perfectly_unhappy,1,1,0
perhaps_aesthetic,1,1,0
perhaps_advisable,1,1,0
perhaps_adequate,1,1,0
perhaps_acceptable,1,1,0
perfectly_zero,1,1,0
perfectly_youthful,1,1,0
perfectly_yellow,1,1,0
perfectly_wrong,1,1,0
perfectly_worthless,1,1,0
perfectly_worth,1,1,0
perfectly_wise,1,1,0
perfectly_widespread,1,1,0
perfectly_vintage,1,1,0
perfectly_useless,1,1,0
perfectly_useful,1,1,0
perfectly_usable,1,1,0
perfectly_unselfish,1,1,0
perfectly_humane,1,1,0
perfectly_human-like,1,1,0
perfectly_human,1,1,0
perennially_sad,1,1,0
perennially_popular,1,1,0
perennially_pathetic,1,1,0
perennially_invincible,1,1,0
perennially_happy,1,1,0
perennially_essential,1,1,0
perennially_competitive,1,1,0
peculiarly_white,1,1,0
peculiarly_western,1,1,0
peculiarly_vulnerable,1,1,0
peculiarly_victorian,1,0,1
peculiarly_strange,1,0,1
peculiarly_southern,1,0,1
peculiarly_solid,1,1,0
peculiarly_sexist,1,1,0
peculiarly_proper,1,1,0
peculiarly_potent,1,1,0
peculiarly_outstanding,1,1,0
perennially_saccharine,1,1,0
perennially_stunning,1,0,1
peculiarly_libertarian,1,0,1
perennially_successful,1,1,0
perfectly_bald,1,1,0
perfectly_bad,1,1,0
perfectly_autonomous,1,1,0
perfectly_authoritative,1,1,0
perfectly_attuned,1,1,0
perfectly_angled,1,1,0
perfectly_amicable,1,1,0
perfectly_amiable,1,1,0
perfectly_amateur,1,1,0
perfectly_airtight,1,1,0
perfectly_agreeable,1,1,0
perfectly_agnostic,1,1,0
perfectly_adorable,1,1,0
perfectly_adjacent,1,1,0
perfectly_adept,1,1,0
perfectly_acoustic,1,1,0
perennially_vigilant,1,1,0
peculiarly_noble,1,1,0
peculiarly_italian,1,0,1
perfectly_homogenous,1,1,0
pathologically_counterintuitive,1,1,0
pathologically_angry,1,1,0
pathetically_worried,1,1,0
pathetically_vague,1,1,0
pathetically_uptight,1,1,0
pathetically_scary,1,1,0
pathetically_repulsive,1,1,0
pathetically_predictable,1,1,0
pathetically_obvious,1,1,0
pathetically_mundane,1,1,0
pathetically_low,1,1,0
pathetically_lonely,1,1,0
pathetically_laughable,1,1,0
pathetically_ineffectual,1,1,0
pathetically_hilarious,1,1,0
pathetically_heterosexual,1,1,0
pathetically_empty,1,1,0
pathetically_dependent,1,1,0
pathologically_brutal,1,1,0
pathologically_insane,1,1,0
peculiarly_human,1,1,0
pathologically_paranoid,1,1,0
peculiarly_honest,1,1,0
peculiarly_hesitant,1,1,0
peculiarly_german,1,0,1
peculiarly_extensive,1,1,0
peculiarly_dangerous,1,1,0
peculiarly_clean,1,1,0
peculiarly_christian,1,0,1
peculiarly_chinese,1,1,0
peculiarly_characteristic,1,0,1
peculiarly_catholic,1,1,0
peculiarly_beautiful,1,0,1
peculiarly_attractive,1,0,1
peculiarly_alert,1,1,0
peculiarly_agreeable,1,1,0
pathologically_toxic,1,1,0
pathologically_shy,1,1,0
pathologically_rare,1,1,0
perfectly_bankable,1,1,0
perfectly_believable,1,1,0
perfectly_bent,1,1,0
perfectly_excellent,1,1,0
perfectly_even,1,1,0
perfectly_equipped,1,1,0
perfectly_enlightened,1,1,0
perfectly_empathic,1,1,0
perfectly_emblematic,1,0,1
perfectly_elliptical,1,1,0
perfectly_durable,1,1,0
perfectly_dumb,1,1,0
perfectly_doable,1,1,0
perfectly_divisible,1,1,0
perfectly_divine,1,1,0
perfectly_distinguishable,1,1,0
perfectly_disinterested,1,1,0
perfectly_disgusting,1,1,0
perfectly_discreet,1,1,0
perfectly_disciplined,1,1,0
perfectly_direct,1,1,0
perfectly_evident,1,1,0
perfectly_expendable,1,1,0
perfectly_biblical,1,1,0
perfectly_fabulous,1,1,0
perfectly_hollow,1,1,0
perfectly_hereditary,1,1,0
perfectly_hearty,1,1,0
perfectly_heartwarming,1,1,0
perfectly_hardy,1,1,0
perfectly_german,1,1,0
perfectly_geometric,1,1,0
perfectly_gentle,1,1,0
perfectly_funny,1,1,0
perfectly_french,1,1,0
perfectly_forgivable,1,1,0
perfectly_foreseeable,1,1,0
perfectly_flattering,1,1,0
perfectly_fitting,1,1,0
perfectly_firm,1,1,0
perfectly_feasible,1,1,0
perfectly_fascinating,1,1,0
perfectly_diligent,1,1,0
perfectly_diffuse,1,1,0
perfectly_deterministic,1,1,0
perfectly_deserving,1,1,0
perfectly_complementary,1,1,0
perfectly_common,1,1,0
perfectly_cognizant,1,1,0
perfectly_classical,1,1,0
perfectly_civil,1,1,0
perfectly_charitable,1,1,0
perfectly_characteristic,1,1,0
perfectly_casual,1,1,0
perfectly_brown,1,1,0
perfectly_brave,1,1,0
perfectly_blue,1,1,0
perfectly_blond,1,1,0
perfectly_blissful,1,1,0
perfectly_blind,1,1,0
perfectly_blank,1,1,0
perfectly_bittersweet,1,1,0
perfectly_biodegradable,1,1,0
perfectly_compliant,1,1,0
perfectly_comprehensible,1,1,0
perfectly_concise,1,1,0
perfectly_crunchy,1,1,0
perfectly_dependable,1,1,0
perfectly_delightful,1,1,0
perfectly_delicious,1,1,0
perfectly_definitive,1,1,0
perfectly_definite,1,1,0
perfectly_dear,1,1,0
perfectly_dead,1,1,0
perfectly_creative,1,1,0
perfectly_conclusive,1,1,0
perfectly_crazy,1,1,0
perfectly_convinced,1,1,0
perfectly_controlled,1,1,0
perfectly_contrite,1,1,0
perfectly_content,1,1,0
perfectly_constitutional,1,1,0
perfectly_conservative,1,1,0
particularly_mean-spirited,1,1,0
particularly_manipulative,1,1,0
particularly_manifest,1,1,0
painfully_graphic,1,1,0
painfully_full,1,1,0
painfully_frequent,1,1,0
painfully_foreseeable,1,1,0
painfully_flamboyant,1,1,0
painfully_few,1,0,1
painfully_feeble,1,1,0
painfully_exact,1,1,0
painfully_erect,1,1,0
painfully_empty,1,1,0
painfully_emotional,1,1,0
painfully_eager,1,1,0
painfully_dumb,1,1,0
painfully_dry,1,1,0
painfully_disturbing,1,1,0
painfully_dishonest,1,1,0
painfully_discreet,1,1,0
painfully_depressing,1,1,0
painfully_funny,1,1,0
painfully_high,1,1,0
painfully_correct,1,1,0
painfully_hilarious,1,1,0
painfully_overbearing,1,1,0
painfully_normal,1,1,0
painfully_myopic,1,1,0
painfully_miscast,1,1,0
painfully_lopsided,1,1,0
painfully_linear,1,1,0
painfully_irritating,1,1,0
painfully_intrusive,1,1,0
painfully_introverted,1,1,0
painfully_inert,1,1,0
painfully_inconvenient,1,1,0
painfully_inconsistent,1,1,0
painfully_incomplete,1,1,0
painfully_immediate,1,1,0
painfully_ignorant,1,1,0
painfully_hungover,1,1,0
painfully_hip,1,1,0
painfully_debilitating,1,1,0
painfully_complex,1,1,0
painfully_poetic,1,0,1
overwhelmingly_vast,1,1,0
overwhelmingly_urgent,1,0,1
overwhelmingly_unusual,1,1,0
overwhelmingly_unpleasant,1,1,0
overwhelmingly_unhealthy,1,1,0
overwhelmingly_unbearable,1,1,0
overwhelmingly_ugly,1,0,1
overwhelmingly_turkish,1,1,0
overwhelmingly_tragic,1,1,0
overwhelmingly_thin,1,1,0
overwhelmingly_terrific,1,1,0
overwhelmingly_tart,1,1,0
overwhelmingly_tangy,1,1,0
overwhelmingly_tall,1,1,0
overwhelmingly_surprised,1,1,0
overwhelmingly_sure,1,1,0
overwhelmingly_superior,1,1,0
overwhelmingly_streaky,1,1,0
overwhelmingly_valuable,1,1,0
overwhelmingly_visible,1,1,0
painfully_common,1,1,0
overwhelmingly_welcoming,1,1,0
painfully_cold,1,1,0
painfully_cliche,1,1,0
painfully_clean,1,1,0
painfully_cheesy,1,1,0
painfully_bright,1,1,0
painfully_beautiful,1,1,0
painfully_banal,1,1,0
painfully_artificial,1,1,0
painfully_aimless,1,1,0
painfully_acidic,1,1,0
overwhelmingly_young,1,1,0
overwhelmingly_wrong,1,0,1
overwhelmingly_wretched,1,1,0
overwhelmingly_worrisome,1,1,0
overwhelmingly_wonderful,1,1,0
overwhelmingly_willing,1,1,0
overwhelmingly_wet,1,1,0
painfully_pedestrian,1,1,0
painfully_poignant,1,1,0
particularly_manic,1,1,0
partially_autonomous,1,1,0
palpably_unreliable,1,1,0
palpably_unreasonable,1,1,0
palpably_present,1,1,0
palpably_misleading,1,1,0
palpably_ludicrous,1,1,0
palpably_hostile,1,1,0
palpably_gross,1,1,0
palpably_foreign,1,1,0
palpably_false,1,1,0
palpably_expensive,1,1,0
palpably_evident,1,1,0
palpably_carnal,1,1,0
palpably_beautiful,1,1,0
palpably_aware,1,1,0
palpably_absurd,1,1,0
painstakingly_slow,1,1,0
painstakingly_simple,1,1,0
palpably_visceral,1,1,0
partially_available,1,1,0
painstakingly_realistic,1,1,0
partially_cold,1,1,0
partially_healthy,1,1,0
partially_functional,1,1,0
partially_full,1,1,0
partially_free,1,1,0
partially_fictional,1,1,0
partially_feasible,1,1,0
partially_exciting,1,0,1
partially_erect,1,1,0
partially_entertaining,1,1,0
partially_empty,1,1,0
partially_divine,1,1,0
partially_different,1,1,0
partially_derogatory,1,1,0
partially_demonic,1,1,0
partially_dead,1,1,0
partially_culpable,1,1,0
partially_correct,1,1,0
painstakingly_rough,1,1,0
painstakingly_precise,1,1,0
painfully_pretentious,1,1,0
painfully_surprising,1,1,0
painfully_standard,1,1,0
painfully_spicy,1,1,0
painfully_solemn,1,1,0
painfully_snug,1,1,0
painfully_small,1,1,0
painfully_simplistic,1,1,0
painfully_simple,1,1,0
painfully_similar,1,1,0
painfully_sharp,1,1,0
painfully_self-evident,1,1,0
painfully_self-conscious,1,1,0
painfully_rigid,1,1,0
painfully_repetitive,1,1,0
painfully_relevant,1,1,0
painfully_relatable,1,1,0
painfully_redundant,1,1,0
painfully_realistic,1,1,0
painfully_strange,1,1,0
painfully_tart,1,1,0
painstakingly_obvious,1,1,0
painfully_tender,1,1,0
painstakingly_miserable,1,1,0
painstakingly_literal,1,1,0
painstakingly_honest,1,1,0
painstakingly_hard,1,1,0
painstakingly_fake,1,1,0
painstakingly_clean,1,1,0
painstakingly_careful,1,1,0
painfully_wooden,1,1,0
painfully_vulnerable,1,1,0
painfully_unwatchable,1,1,0
painfully_unrealistic,1,1,0
painfully_unfortunate,1,1,0
painfully_underwhelming,1,1,0
painfully_uncomfortable,1,1,0
painfully_unbearable,1,1,0
painfully_ugly,1,1,0
painfully_tired,1,1,0
overwhelmingly_sparkly,1,1,0
overwhelmingly_smart,1,1,0
overwhelmingly_slower,1,1,0
overwhelmingly_dirty,1,1,0
overwhelmingly_detrimental,1,1,0
overwhelmingly_detailed,1,1,0
overwhelmingly_depressing,1,1,0
overwhelmingly_daunting,1,1,0
overwhelmingly_customizable,1,1,0
overwhelmingly_curly,1,1,0
overwhelmingly_crunchy,1,1,0
overwhelmingly_crucial,1,1,0
overwhelmingly_crowded,1,1,0
overwhelmingly_critical,1,1,0
overwhelmingly_creative,1,1,0
overwhelmingly_costly,1,1,0
overwhelmingly_corrupt,1,1,0
overwhelmingly_convenient,1,1,0
overwhelmingly_contemptuous,1,1,0
overwhelmingly_consistent,1,1,0
overwhelmingly_concrete,1,1,0
overwhelmingly_devastating,1,1,0
overwhelmingly_disappointing,1,1,0
overwhelmingly_commercial,1,1,0
overwhelmingly_dismal,1,1,0
overwhelmingly_fantastic,1,1,0
overwhelmingly_false,1,1,0
overwhelmingly_explosive,1,1,0
overwhelmingly_excellent,1,1,0
overwhelmingly_evident,1,1,0
overwhelmingly_european,1,1,0
overwhelmingly_erotic,1,1,0
overwhelmingly_enticing,1,1,0
overwhelmingly_entertaining,1,1,0
overwhelmingly_enjoyable,1,1,0
overwhelmingly_energetic,1,1,0
overwhelmingly_elderly,1,1,0
overwhelmingly_egregious,1,0,1
overwhelmingly_efficient,1,1,0
overwhelmingly_easy,1,1,0
overwhelmingly_dry,1,1,0
overwhelmingly_drastic,1,0,1
overwhelmingly_concerned,1,1,0
overwhelmingly_colourful,1,1,0
overwhelmingly_skilled,1,1,0
overwhelmingly_anxious,1,1,0
overwhelmingly_angry,1,1,0
overwhelmingly_afraid,1,1,0
overwhelmingly_advantageous,1,1,0
overwhelmingly_active,1,1,0
overwhelmingly_absent,1,1,0
overwhelmingly_able,1,1,0
overtly_xenophobic,1,1,0
overtly_wordy,1,1,0
overtly_wild,1,1,0
overtly_wide,1,1,0
overtly_welcoming,1,1,0
overtly_wasteful,1,1,0
overtly_warm,1,1,0
overtly_wacky,1,1,0
overtly_vulnerable,1,1,0
overtly_vocal,1,1,0
overtly_vitriolic,1,1,0
overwhelmingly_annoying,1,1,0
overwhelmingly_appealing,1,1,0
overwhelmingly_cloying,1,1,0
overwhelmingly_approachable,1,1,0
overwhelmingly_clever,1,1,0
overwhelmingly_clear,1,1,0
overwhelmingly_claustrophobic,1,1,0
overwhelmingly_christian,1,1,0
overwhelmingly_cheesy,1,1,0
overwhelmingly_cheap,1,1,0
overwhelmingly_capitalist,1,1,0
overwhelmingly_buttery,1,1,0
overwhelmingly_burdensome,1,1,0
overwhelmingly_bold,1,1,0
overwhelmingly_blue,1,1,0
overwhelmingly_bearish,1,1,0
overwhelmingly_australian,1,1,0
overwhelmingly_athletic,1,1,0
overwhelmingly_asian,1,1,0
overwhelmingly_arrogant,1,1,0
overwhelmingly_aromatic,1,1,0
overwhelmingly_fast,1,1,0
overwhelmingly_favorable,1,1,0
overwhelmingly_favourable,1,1,0
overwhelmingly_palpable,1,1,0
overwhelmingly_outrageous,1,1,0
overwhelmingly_open-ended,1,1,0
overwhelmingly_open,1,1,0
overwhelmingly_one-sided,1,1,0
overwhelmingly_oily,1,1,0
overwhelmingly_offensive,1,1,0
overwhelmingly_objectionable,1,1,0
overwhelmingly_nutty,1,1,0
overwhelmingly_noticable,1,1,0
overwhelmingly_noisy,1,1,0
overwhelmingly_nihilistic,1,1,0
overwhelmingly_nice,1,1,0
overwhelmingly_neutral,1,1,0
overwhelmingly_muslim,1,1,0
overwhelmingly_most,1,1,0
overwhelmingly_modern,1,1,0
overwhelmingly_mexican,1,1,0
overwhelmingly_overcrowded,1,1,0
overwhelmingly_partial,1,1,0
overwhelmingly_female,1,1,0
overwhelmingly_partisan,1,1,0
overwhelmingly_shiny,1,1,0
overwhelmingly_sentimental,1,1,0
overwhelmingly_self-critical,1,1,0
overwhelmingly_secular,1,1,0
overwhelmingly_seasonal,1,1,0
overwhelmingly_scary,1,1,0
overwhelmingly_savory,1,1,0
overwhelmingly_safe,1,1,0
overwhelmingly_remarkable,1,0,1
overwhelmingly_reliable,1,1,0
overwhelmingly_racist,1,1,0
overwhelmingly_pungent,1,1,0
overwhelmingly_puffy,1,1,0
overwhelmingly_professional,1,1,0
overwhelmingly_potent,1,1,0
overwhelmingly_pessimistic,1,1,0
overwhelmingly_passionate,1,1,0
overwhelmingly_messy,1,1,0
overwhelmingly_meritorious,1,1,0
overwhelmingly_memorable,1,1,0
overwhelmingly_lower,1,1,0
overwhelmingly_healthier,1,1,0
overwhelmingly_hardcore,1,1,0
overwhelmingly_guilty,1,1,0
overwhelmingly_graphic,1,1,0
overwhelmingly_grand,1,1,0
overwhelmingly_gorgeous,1,1,0
overwhelmingly_girly,1,1,0
overwhelmingly_gifted,1,1,0
overwhelmingly_geeky,1,1,0
overwhelmingly_friendly,1,1,0
overwhelmingly_fresh,1,0,1
overwhelmingly_formidable,1,1,0
overwhelmingly_foreboding,1,1,0
overwhelmingly_flowery,1,1,0
overwhelmingly_floral,1,1,0
overwhelmingly_flattering,1,1,0
overwhelmingly_flashy,1,1,0
overwhelmingly_heterosexual,1,1,0
overwhelmingly_higher,1,1,0
overwhelmingly_honest,1,1,0
overwhelmingly_jovial,1,1,0
overwhelmingly_low-income,1,1,0
overwhelmingly_lopsided,1,1,0
overwhelmingly_literate,1,1,0
overwhelmingly_likable,1,1,0
overwhelmingly_liberal,1,1,0
overwhelmingly_late,1,1,0
overwhelmingly_kind,1,1,0
overwhelmingly_instant,1,1,0
overwhelmingly_hoppy,1,1,0
overwhelmingly_informative,1,1,0
overwhelmingly_industrial,1,1,0
overwhelmingly_incomprehensible,1,1,0
overwhelmingly_inclined,1,1,0
overwhelmingly_impossible,1,1,0
overwhelmingly_hungry,1,1,0
overwhelmingly_humid,1,1,0
partially_hot,1,1,0
partially_native,1,1,0
partially_natural,1,1,0
particularly_gradual,1,1,0
particularly_godly,1,1,0
particularly_gimmicky,1,1,0
particularly_giddy,1,1,0
particularly_genuine,1,1,0
particularly_general,1,1,0
particularly_future,1,1,0
particularly_furious,1,1,0
particularly_frightful,1,1,0
particularly_frail,1,1,0
particularly_formative,1,1,0
particularly_forgetful,1,1,0
particularly_foreboding,1,0,1
particularly_forbidden,1,1,0
particularly_focused,1,1,0
particularly_fluid,1,1,0
particularly_floral,1,1,0
particularly_flaky,1,1,0
particularly_gooey,1,1,0
particularly_gratified,1,1,0
particularly_fatigued,1,1,0
particularly_grave,1,1,0
particularly_hidden,1,1,0
particularly_helpless,1,1,0
particularly_hefty,1,1,0
particularly_hectic,1,1,0
particularly_heavenly,1,1,0
particularly_hearty,1,1,0
particularly_heartbreaking,1,0,1
particularly_healthier,1,1,0
particularly_hazy,1,1,0
particularly_haunting,1,1,0
particularly_hardworking,1,1,0
particularly_gung,1,1,0
particularly_grueling,1,0,1
particularly_grotesque,1,0,1
particularly_groovy,1,1,0
particularly_grisly,1,1,0
particularly_greater,1,1,0
particularly_fickle,1,1,0
particularly_farfetched,1,1,0
particularly_dreary,1,1,0
particularly_enchanting,1,0,1
particularly_embarrassed,1,1,0
particularly_elitist,1,1,0
particularly_electrifying,1,1,0
particularly_electric,1,1,0
particularly_elated,1,1,0
particularly_egotistical,1,1,0
particularly_effeminate,1,0,1
particularly_eerie,1,1,0
particularly_educational,1,1,0
particularly_economic,1,1,0
particularly_ecological,1,1,0
particularly_eccentric,1,1,0
particularly_easier,1,1,0
particularly_earthy,1,1,0
particularly_earnest,1,1,0
particularly_dull,1,1,0
particularly_drunk,1,1,0
particularly_emblematic,1,1,0
particularly_environmental,1,1,0
particularly_facile,1,1,0
particularly_episodic,1,1,0
particularly_fabulous,1,1,0
particularly_exuberant,1,0,1
particularly_extremist,1,1,0
particularly_exploitative,1,1,0
particularly_expendable,1,1,0
particularly_expedient,1,1,0
particularly_expandable,1,1,0
particularly_existential,1,1,0
particularly_existent,1,1,0
particularly_exhaustive,1,1,0
particularly_executive,1,0,1
particularly_excitable,1,1,0
particularly_evasive,1,1,0
particularly_ethereal,1,1,0
particularly_esoteric,1,1,0
particularly_equivocal,1,0,1
particularly_equitable,1,1,0
particularly_hideous,1,1,0
particularly_high-quality,1,1,0
particularly_holistic,1,1,0
particularly_justified,1,0,1
particularly_judgemental,1,1,0
particularly_jubilant,1,1,0
particularly_jovial,1,1,0
particularly_joint,1,1,0
particularly_irritable,1,1,0
particularly_irresponsible,1,0,1
particularly_irreplaceable,1,0,1
particularly_irrational,1,1,0
particularly_ironic,1,1,0
particularly_irksome,1,1,0
particularly_invincible,1,1,0
particularly_introverted,1,1,0
particularly_intolerant,1,1,0
particularly_internal,1,1,0
particularly_intent,1,1,0
particularly_instrumental,1,1,0
particularly_insidious,1,0,1
particularly_judicious,1,1,0
particularly_key,1,1,0
particularly_hollow,1,1,0
particularly_korean,1,1,0
particularly_malignant,1,1,0
particularly_lurid,1,1,0
particularly_luminous,1,1,0
particularly_lower,1,1,0
particularly_lopsided,1,1,0
particularly_litigious,1,1,0
particularly_listenable,1,1,0
particularly_like,1,1,0
particularly_liable,1,1,0
particularly_laughable,1,1,0
particularly_largest,1,0,1
particularly_laden,1,1,0
particularly_lacklustre,1,1,0
particularly_lacking,1,0,1
particularly_laborious,1,1,0
particularly_labor-intensive,1,1,0
particularly_kurdish,1,1,0
particularly_insecure,1,1,0
particularly_inscrutable,1,1,0
particularly_injurious,1,1,0
particularly_inherent,1,1,0
particularly_imminent,1,0,1
particularly_illusory,1,1,0
particularly_idyllic,1,1,0
particularly_idiosyncratic,1,0,1
particularly_icy,1,1,0
particularly_hysterical,1,1,0
particularly_hypothetical,1,1,0
particularly_hypocritical,1,1,0
particularly_hyper,1,1,0
particularly_hurt,1,1,0
particularly_humiliating,1,0,1
particularly_humanoid,1,1,0
particularly_honored,1,1,0
particularly_homogenous,1,1,0
particularly_homesick,1,1,0
particularly_homemade,1,1,0
particularly_homely,1,1,0
particularly_impartial,1,1,0
particularly_imposing,1,1,0
particularly_impoverished,1,1,0
particularly_indian,1,1,0
particularly_infrequent,1,1,0
particularly_informational,1,1,0
particularly_inferior,1,1,0
particularly_inert,1,1,0
particularly_ineffective,1,1,0
particularly_indispensable,1,1,0
particularly_indignant,1,1,0
particularly_indebted,1,1,0
particularly_impractical,1,0,1
particularly_incorrect,1,0,1
particularly_inconspicuous,1,1,0
particularly_incompatible,1,0,1
particularly_incoherent,1,1,0
particularly_inaccurate,1,1,0
particularly_impulsive,1,1,0
particularly_impressionable,1,1,0
particularly_drinkable,1,1,0
particularly_dreamy,1,1,0
partially_new,1,1,0
particularly_bald,1,1,0
particularly_awake,1,1,0
particularly_available,1,1,0
particularly_autocratic,1,1,0
particularly_australian,1,1,0
particularly_austere,1,1,0
particularly_atypical,1,0,1
particularly_astonished,1,1,0
particularly_asinine,1,0,1
particularly_asian,1,0,1
particularly_armed,1,1,0
particularly_argumentative,1,1,0
particularly_ardent,1,1,0
particularly_approachable,1,1,0
particularly_apprehensive,1,1,0
particularly_appalling,1,1,0
particularly_apolitical,1,1,0
particularly_antsy,1,1,0
particularly_baggy,1,1,0
particularly_balmy,1,1,0
particularly_anti-gay,1,1,0
particularly_baroque,1,1,0
particularly_booming,1,1,0
particularly_bonkers,1,1,0
particularly_blunt,1,1,0
particularly_blissful,1,1,0
particularly_bleak,1,1,0
particularly_bland,1,1,0
particularly_bitchy,1,0,1
particularly_bipartisan,1,0,1
particularly_biodiverse,1,1,0
particularly_biodegradable,1,1,0
particularly_bigger,1,1,0
particularly_best,1,1,0
particularly_bent,1,1,0
particularly_benevolent,1,1,0
particularly_belligerent,1,1,0
particularly_beguiling,1,1,0
particularly_bashful,1,1,0
particularly_anti-social,1,1,0
particularly_answerable,1,1,0
particularly_dreadful,1,1,0
particularly_abhorrent,1,1,0
partially_valuable,1,1,0
partially_valid,1,1,0
partially_underwater,1,1,0
partially_trustworthy,1,1,0
partially_susceptible,1,1,0
partially_strong,1,1,0
partially_state-owned,1,1,0
partially_rotten,1,1,0
partially_righteous,1,1,0
partially_responsive,1,1,0
partially_related,1,1,0
partially_qualified,1,1,0
partially_protective,1,1,0
partially_proficient,1,1,0
partially_present,1,1,0
partially_pregnant,1,1,0
partially_numb,1,1,0
partially_wrong,1,1,0
particularly_accommodative,1,1,0
particularly_androgynous,1,1,0
particularly_acquainted,1,1,0
particularly_anarchic,1,1,0
particularly_analytical,1,0,1
particularly_ample,1,1,0
particularly_amiable,1,1,0
particularly_ambivalent,1,1,0
particularly_alone,1,1,0
particularly_alive,1,1,0
particularly_alike,1,1,0
particularly_alarmist,1,1,0
particularly_agnostic,1,1,0
particularly_aged,1,1,0
particularly_affecting,1,1,0
particularly_affable,1,1,0
particularly_adult,1,1,0
particularly_adorable,1,1,0
particularly_adequate,1,1,0
particularly_acrobatic,1,0,1
particularly_brief,1,1,0
particularly_brown,1,1,0
particularly_buddhist,1,1,0
particularly_determined,1,1,0
particularly_derivative,1,1,0
particularly_depraved,1,1,0
particularly_demure,1,1,0
particularly_dejected,1,1,0
particularly_definite,1,0,1
particularly_deferential,1,1,0
particularly_decorative,1,1,0
particularly_decent,1,1,0
particularly_debatable,1,1,0
particularly_dear,1,1,0
particularly_data-driven,1,1,0
particularly_dainty,1,1,0
particularly_cynical,1,1,0
particularly_cryptic,1,1,0
particularly_cosy,1,1,0
particularly_cosmopolitan,1,1,0
particularly_corporate,1,1,0
particularly_despondent,1,1,0
particularly_didactic,1,1,0
particularly_bummed,1,1,0
particularly_digestible,1,1,0
particularly_downbeat,1,1,0
particularly_dovish,1,0,1
particularly_dorky,1,1,0
particularly_doable,1,1,0
particularly_divine,1,0,1
particularly_distraught,1,1,0
particularly_dissonant,1,1,0
particularly_dispassionate,1,1,0
particularly_dismayed,1,1,0
particularly_disheartening,1,1,0
particularly_disgusting,1,1,0
particularly_discriminating,1,1,0
particularly_discretionary,1,1,0
particularly_discouraging,1,1,0
particularly_directional,1,1,0
particularly_dim,1,1,0
particularly_digital,1,1,0
particularly_corny,1,1,0
particularly_convertible,1,1,0
particularly_conversational,1,1,0
particularly_conversant,1,1,0
particularly_clearer,1,1,0
particularly_chunky,1,1,0
particularly_chronological,1,1,0
particularly_choppy,1,1,0
particularly_chill,1,0,1
particularly_celebrated,1,1,0
particularly_cause,1,1,0
particularly_catastrophic,1,1,0
particularly_cartoonish,1,1,0
particularly_careless,1,1,0
particularly_candid,1,1,0
particularly_canadian,1,1,0
particularly_campy,1,0,1
particularly_callous,1,1,0
particularly_businesslike,1,1,0
particularly_buoyant,1,1,0
particularly_bumpy,1,1,0
particularly_closer,1,1,0
particularly_cloying,1,0,1
particularly_clumsy,1,1,0
particularly_conditional,1,1,0
particularly_controllable,1,1,0
particularly_contrary,1,1,0
particularly_contradictory,1,0,1
particularly_contextual,1,1,0
particularly_considerable,1,1,0
particularly_confused,1,1,0
particularly_conductive,1,1,0
particularly_concise,1,1,0
particularly_cluttered,1,1,0
particularly_comprehensible,1,1,0
particularly_complacent,1,1,0
particularly_commanding,1,1,0
particularly_combative,1,1,0
particularly_collectible,1,1,0
particularly_colder,1,1,0
particularly_coachable,1,1,0
n't_historical,1,1,0
n't_hideous,1,1,0
heavily_undervalued,1,1,0
intellectually_threatening,1,1,0
intellectually_talented,1,1,0
intellectually_stressful,1,1,0
intellectually_special,1,0,1
intellectually_solid,1,1,0
intellectually_smart,1,1,0
intellectually_sloppy,1,1,0
intellectually_sensible,1,1,0
intellectually_schizophrenic,1,1,0
intellectually_savvy,1,1,0
intellectually_satisfactory,1,1,0
intellectually_robust,1,1,0
intellectually_rigid,1,1,0
intellectually_responsible,1,1,0
intellectually_radical,1,1,0
intellectually_quick,1,1,0
intellectually_provocative,1,1,0
intellectually_proficient,1,1,0
intellectually_taxing,1,0,1
intellectually_timid,1,1,0
intellectually_pretentious,1,1,0
intellectually_understandable,1,1,0
intensely_bold,1,1,0
intensely_better,1,1,0
intensely_awkward,1,1,0
intensely_awesome,1,1,0
intensely_addictive,1,1,0
intellectually_weak,1,1,0
intellectually_vulgar,1,1,0
intellectually_voracious,1,1,0
intellectually_vigorous,1,1,0
intellectually_vibrant,1,1,0
intellectually_vain,1,1,0
intellectually_untrue,1,1,0
intellectually_untenable,1,1,0
intellectually_unsound,1,1,0
intellectually_unpalatable,1,1,0
intellectually_unique,1,1,0
intellectually_unified,1,1,0
intellectually_productive,1,1,0
intellectually_perfect,1,1,0
intensely_bright,1,1,0
intellectually_incoherent,1,1,0
intellectually_important,1,1,0
intellectually_impaired,1,1,0
intellectually_human-like,1,1,0
intellectually_hopeless,1,1,0
intellectually_helpful,1,1,0
intellectually_healthy,1,1,0
intellectually_handicapped,1,1,0
intellectually_glamorous,1,1,0
intellectually_gifted,1,1,0
intellectually_funny,1,1,0
intellectually_fruitful,1,1,0
intellectually_fraudulent,1,0,1
intellectually_flawed,1,1,0
intellectually_fertile,1,1,0
intellectually_ferocious,1,1,0
intellectually_feeble,1,1,0
intellectually_fair,1,1,0
intellectually_inaccessible,1,1,0
intellectually_incompetent,1,1,0
intellectually_outstanding,1,1,0
intellectually_incriminating,1,0,1
intellectually_offensive,1,1,0
intellectually_obligatory,1,0,1
intellectually_objective,1,1,0
intellectually_nimble,1,1,0
intellectually_neutral,1,1,0
intellectually_motivated,1,1,0
intellectually_memorable,1,0,1
intellectually_malnourished,1,1,0
intellectually_loathsome,1,0,1
intellectually_lightweight,1,1,0
intellectually_legitimate,1,1,0
intellectually_lacking,1,1,0
intellectually_knowledgable,1,1,0
intellectually_irresponsible,1,1,0
intellectually_interested,1,1,0
intellectually_intense,1,1,0
intellectually_innovative,1,1,0
intensely_boring,1,1,0
intensely_close,1,1,0
intentionally_ambiguous,1,1,0
intensely_reliant,1,1,0
intensely_real,1,1,0
intensely_quantitative,1,1,0
intensely_proud,1,0,1
intensely_protective,1,1,0
intensely_pro-american,1,1,0
intensely_practical,1,1,0
intensely_political,1,1,0
intensely_pleasurable,1,1,0
intensely_passionate,1,1,0
intensely_partisan,1,1,0
intensely_overcrowded,1,1,0
intensely_nuanced,1,1,0
intensely_necessary,1,1,0
intensely_naive,1,1,0
intensely_mysterious,1,1,0
intensely_musical,1,1,0
intensely_miserable,1,1,0
intensely_relatable,1,1,0
intensely_repressive,1,1,0
intensely_meticulous,1,1,0
intensely_rich,1,1,0
intentionally_abstract,1,1,0
intensely_yellow,1,1,0
intensely_visual,1,1,0
intensely_violent,1,1,0
intensely_urgent,1,1,0
intensely_tricky,1,0,1
intensely_tactile,1,1,0
intensely_superior,1,1,0
intensely_sugary,1,1,0
intensely_stupid,1,1,0
intensely_stressful,1,1,0
intensely_self-critical,1,1,0
intensely_secretive,1,1,0
intensely_seasonal,1,1,0
intensely_scary,1,1,0
intensely_salty,1,0,1
intensely_sad,1,1,0
intensely_mindful,1,1,0
intensely_methodical,1,1,0
intensely_controversial,1,1,0
intensely_frustrating,1,1,0
intensely_fragrant,1,1,0
intensely_floral,1,1,0
intensely_flavorful,1,1,0
intensely_exciting,1,0,1
intensely_evil,1,1,0
intensely_eventful,1,1,0
intensely_emotional,1,1,0
intensely_dramatic,1,1,0
intensely_distracting,1,0,1
intensely_disciplined,1,1,0
intensely_diligent,1,1,0
intensely_difficult,1,1,0
intensely_detailed,1,1,0
intensely_cute,1,1,0
intensely_creepy,1,1,0
intensely_creative,1,1,0
intensely_creamy,1,1,0
intensely_fruity,1,1,0
intensely_funky,1,1,0
intensely_meaningful,1,1,0
intensely_funny,1,1,0
intensely_magical,1,1,0
intensely_lyrical,1,1,0
intensely_irritating,1,1,0
intensely_irritated,1,1,0
intensely_intimate,1,1,0
intensely_interesting,1,1,0
intensely_interactive,1,1,0
intensely_intense,1,1,0
intensely_idiotic,1,1,0
intensely_ideological,1,1,0
intensely_hyperbolic,1,1,0
intensely_humorous,1,1,0
intensely_hot,1,1,0
intensely_hostile,1,1,0
intensely_high,1,1,0
intensely_happy,1,1,0
intensely_gory,1,1,0
intellectually_excellent,1,1,0
intellectually_engrossing,1,1,0
intellectually_elitist,1,1,0
instinctively_conservative,1,1,0
instinctively_bigoted,1,1,0
instinctively_antagonistic,1,1,0
instinctively_afraid,1,1,0
instinctively_able,1,1,0
instinctively_abhorrent,1,1,0
instead_much,1,1,0
instead_many,1,1,0
instead_mad,1,1,0
instead_free,1,1,0
instead_available,1,1,0
instead_able,1,1,0
instantly_wrong,1,0,1
instantly_wild,1,1,0
instantly_welcome,1,1,0
instantly_wealthy,1,1,0
instantly_wary,1,1,0
instantly_warm,1,1,0
instinctively_comprehensible,1,1,0
instinctively_distrustful,1,1,0
instantly_verifiable,1,1,0
instinctively_easy,1,1,0
instinctively_synonymous,1,1,0
instinctively_suspicious,1,1,0
instinctively_supportive,1,1,0
instinctively_spooky,1,1,0
instinctively_sceptical,1,1,0
instinctively_reactive,1,1,0
instinctively_protective,1,1,0
instinctively_positive,1,1,0
instinctively_perfect,1,1,0
instinctively_passive,1,1,0
instinctively_obedient,1,1,0
instinctively_moderate,1,1,0
instinctively_kind,1,1,0
instinctively_keen,1,1,0
instinctively_inclined,1,1,0
instinctively_familiar,1,1,0
instinctively_evil,1,1,0
instantly_viewable,1,1,0
instantly_useful,1,1,0
intellectually_elite,1,1,0
instantly_provocative,1,1,0
instantly_pro-active,1,1,0
instantly_present,1,1,0
instantly_premium,1,1,0
instantly_powerful,1,1,0
instantly_perfect,1,1,0
instantly_peaceful,1,1,0
instantly_palatable,1,1,0
instantly_outstanding,1,1,0
instantly_open,1,1,0
instantly_online,1,1,0
instantly_offensive,1,1,0
instantly_off-putting,1,1,0
instantly_obsolete,1,1,0
instantly_observable,1,1,0
instantly_obedient,1,1,0
instantly_natural,1,1,0
instantly_mind-blowing,1,1,0
instantly_productive,1,1,0
instantly_quotable,1,1,0
instantly_usable,1,1,0
instantly_readable,1,1,0
instantly_unforgettable,1,1,0
instantly_undone,1,1,0
instantly_understandable,1,1,0
instantly_synonymous,1,1,0
instantly_sure,1,1,0
instantly_subject,1,1,0
instantly_sick,1,1,0
instantly_severe,1,1,0
instantly_seductive,1,1,0
instantly_scared,1,1,0
instantly_scalable,1,1,0
instantly_satisfying,1,1,0
instantly_satisfied,1,1,0
instantly_reversible,1,1,0
instantly_replaceable,1,1,0
instantly_relaxed,1,1,0
instantly_related,1,1,0
instinctively_terrified,1,1,0
instinctively_trustworthy,1,1,0
instinctively_unwilling,1,1,0
intellectually_complicated,1,1,0
intellectually_chic,1,1,0
intellectually_brilliant,1,1,0
intellectually_bored,1,1,0
intellectually_best,1,1,0
intellectually_beholden,1,1,0
intellectually_barren,1,1,0
intellectually_baffling,1,1,0
intellectually_aloof,1,1,0
intellectually_alive,1,1,0
intellectually_afraid,1,1,0
intellectually_adventurous,1,1,0
intellectually_adequate,1,1,0
intellectually_active,1,1,0
insufficiently_transparent,1,1,0
insufficiently_subtle,1,1,0
insufficiently_skeptical,1,1,0
insufficiently_satisfied,1,1,0
intellectually_clever,1,1,0
intellectually_concerned,1,1,0
institutionally_anti-semitic,1,1,0
intellectually_confused,1,1,0
intellectually_elegant,1,1,0
intellectually_efficient,1,1,0
intellectually_durable,1,1,0
intellectually_disingenuous,1,1,0
intellectually_disconcerting,1,0,1
intellectually_disastrous,1,1,0
intellectually_disadvantaged,1,1,0
intellectually_disabled,1,1,0
intellectually_diplomatic,1,1,0
intellectually_derelict,1,1,0
intellectually_degrading,1,1,0
intellectually_deferential,1,1,0
intellectually_defective,1,1,0
intellectually_decadent,1,1,0
intellectually_dead,1,1,0
intellectually_critical,1,1,0
intellectually_convinced,1,1,0
insufficiently_robust,1,1,0
insufficiently_rigorous,1,1,0
insufficiently_rational,1,1,0
insufficiently_precise,1,1,0
insufferably_french,1,1,0
insufferably_cutesy,1,1,0
insufferably_coy,1,1,0
insufferably_consistent,1,1,0
insufferably_bland,1,1,0
insufferably_bad,1,1,0
insufferably_arrogant,1,1,0
institutionally_visible,1,1,0
institutionally_viable,1,1,0
institutionally_toxic,1,1,0
institutionally_romantic,1,1,0
institutionally_possible,1,1,0
institutionally_interested,1,1,0
institutionally_homophobic,1,1,0
institutionally_difficult,1,1,0
institutionally_capable,1,1,0
institutionally_callous,1,1,0
insufferably_happy,1,1,0
insufferably_hot,1,1,0
insufferably_lame,1,1,0
insufficiently_democratic,1,1,0
insufficiently_patriotic,1,1,0
insufficiently_outraged,1,1,0
insufficiently_novel,1,1,0
insufficiently_generous,1,1,0
insufficiently_forceful,1,1,0
insufficiently_dramatic,1,1,0
insufficiently_dignified,1,0,1
insufficiently_conservative,1,1,0
insufferably_obnoxious,1,1,0
insufficiently_christian,1,1,0
insufficiently_aware,1,1,0
insufficiently_advanced,1,1,0
insufferably_sticky,1,1,0
insufferably_selfish,1,1,0
insufferably_proud,1,1,0
insufferably_patronizing,1,1,0
intentionally_alarming,1,1,0
intentionally_annoying,1,1,0
instantly_marketable,1,1,0
intrinsically_compelling,1,1,0
intrinsically_comfortable,1,1,0
intrinsically_coercive,1,1,0
intrinsically_clean,1,1,0
intrinsically_cinematic,1,1,0
intrinsically_childish,1,0,1
intrinsically_chaste,1,1,0
intrinsically_charming,1,0,1
intrinsically_bright,1,1,0
intrinsically_beneficial,1,1,0
intrinsically_bearish,1,1,0
intrinsically_backward,1,1,0
intrinsically_awful,1,1,0
intrinsically_aware,1,1,0
intrinsically_authoritarian,1,1,0
intrinsically_attractive,1,1,0
intrinsically_asian,1,0,1
intrinsically_appealing,1,1,0
intrinsically_compatible,1,1,0
intrinsically_complex,1,1,0
intrinsically_ambiguous,1,1,0
intrinsically_concerned,1,1,0
intrinsically_effective,1,1,0
intrinsically_easy,1,1,0
intrinsically_dynamic,1,1,0
intrinsically_diverse,1,1,0
intrinsically_disturbing,1,0,1
intrinsically_disrespectful,1,1,0
intrinsically_devious,1,0,1
intrinsically_desirable,1,1,0
intrinsically_deplorable,1,0,1
intrinsically_dependent,1,1,0
intrinsically_defective,1,0,1
intrinsically_damning,1,1,0
intrinsically_creepy,1,0,1
intrinsically_corrupt,1,1,0
intrinsically_corrosive,1,1,0
intrinsically_controversial,1,1,0
intrinsically_conscious,1,1,0
intrinsically_annoying,1,1,0
intrinsically_allergic,1,1,0
intrinsically_equal,1,1,0
intolerably_merry,1,1,0
intolerably_irritating,1,1,0
intolerably_heavy,1,1,0
intolerably_harsh,1,1,0
intolerably_cruel,1,1,0
intolerably_bumpy,1,1,0
intolerably_bad,1,1,0
intimately_relatable,1,1,0
intimately_miserable,1,1,0
intimately_interwoven,1,1,0
intimately_insane,1,1,0
intimately_enough,1,1,0
intimately_critical,1,1,0
intimately_conscious,1,1,0
intimately_connected,1,1,0
intimately_confused,1,1,0
intimately_concerned,1,1,0
intimately_appropriate,1,1,0
intolerably_lazy,1,1,0
intolerably_noisy,1,1,0
intrinsically_afraid,1,1,0
intolerably_painful,1,1,0
intrinsically_absurd,1,0,1
intrinsically_abnormal,1,1,0
intriguingly_thoughtful,1,1,0
intriguingly_oblique,1,1,0
intriguingly_flavorful,1,1,0
intriguingly_close,1,1,0
intriguingly_abstract,1,1,0
intricately_related,1,1,0
intricately_ornate,1,1,0
intricately_involved,1,1,0
intricately_detailed,1,1,0
intricately_deep,1,1,0
intricately_complex,1,1,0
intricately_colorful,1,1,0
intolerably_wide,1,1,0
intolerably_sweet,1,1,0
intolerably_preachy,1,1,0
intrinsically_enjoyable,1,1,0
intrinsically_european,1,1,0
intentionally_argumentative,1,1,0
intrinsically_private,1,1,0
intrinsically_poisonous,1,1,0
intrinsically_photogenic,1,1,0
intrinsically_perfect,1,1,0
intrinsically_peaceful,1,1,0
intrinsically_partisan,1,1,0
intrinsically_ours,1,1,0
intrinsically_novel,1,0,1
intrinsically_nicer,1,1,0
intrinsically_neutral,1,1,0
intrinsically_negative,1,1,0
intrinsically_nefarious,1,0,1
intrinsically_natural,1,1,0
intrinsically_musical,1,0,1
intrinsically_motivating,1,1,0
intrinsically_moral,1,0,1
intrinsically_modern,1,1,0
intrinsically_mobile,1,1,0
intrinsically_possible,1,1,0
intrinsically_privileged,1,1,0
intrinsically_merry,1,1,0
intrinsically_productive,1,1,0
intrinsically_rude,1,1,0
intrinsically_romantic,1,1,0
intrinsically_riveting,1,1,0
intrinsically_risky,1,1,0
intrinsically_right-wing,1,0,1
intrinsically_revelatory,1,1,0
intrinsically_representative,1,1,0
intrinsically_reprehensible,1,0,1
intrinsically_relevant,1,1,0
intrinsically_real,1,1,0
intrinsically_reactionary,1,1,0
intrinsically_rare,1,1,0
intrinsically_radical,1,1,0
intrinsically_pure,1,1,0
intrinsically_proud,1,0,1
intrinsically_progressive,1,0,1
intrinsically_profitable,1,1,0
intrinsically_militaristic,1,0,1
intrinsically_meritorious,1,0,1
intrinsically_false,1,0,1
intrinsically_idealistic,1,1,0
intrinsically_human,1,0,1
intrinsically_hot,1,1,0
intrinsically_horrific,1,0,1
intrinsically_horrible,1,1,0
intrinsically_higher,1,1,0
intrinsically_harmless,1,1,0
intrinsically_harder,1,1,0
intrinsically_guilty,1,1,0
intrinsically_greedy,1,1,0
intrinsically_gendered,1,1,0
intrinsically_gay,1,0,1
intrinsically_free,1,1,0
intrinsically_fine,1,1,0
intrinsically_feminist,1,1,0
intrinsically_feeble,1,1,0
intrinsically_fatal,1,1,0
intrinsically_fascinating,1,0,1
intrinsically_humorous,1,1,0
intrinsically_illicit,1,1,0
intrinsically_memorable,1,1,0
intrinsically_inappropriate,1,1,0
intrinsically_medical,1,1,0
intrinsically_meaningless,1,1,0
intrinsically_masculine,1,1,0
intrinsically_malicious,1,0,1
intrinsically_magnetic,1,1,0
intrinsically_loveable,1,1,0
intrinsically_left-wing,1,0,1
intrinsically_knowledgeable,1,1,0
intrinsically_joyful,1,1,0
intrinsically_intolerant,1,1,0
intrinsically_intentional,1,1,0
intrinsically_intelligent,1,1,0
intrinsically_inferior,1,1,0
intrinsically_individualistic,1,1,0
intrinsically_indifferent,1,1,0
intrinsically_indian,1,1,0
intrinsically_incapable,1,1,0
intimately_aggressive,1,1,0
internationally_valid,1,1,0
internationally_unparalleled,1,1,0
intentionally_poor,1,1,0
intentionally_pernicious,1,1,0
intentionally_parallel,1,1,0
intentionally_overbearing,1,1,0
intentionally_okay,1,0,1
intentionally_odd,1,1,0
intentionally_obtuse,1,1,0
intentionally_noticeable,1,1,0
intentionally_nostalgic,1,1,0
intentionally_naughty,1,1,0
intentionally_nasty,1,1,0
intentionally_narrow,1,1,0
intentionally_much,1,1,0
intentionally_middle,1,1,0
intentionally_melancholy,1,1,0
intentionally_mean,1,1,0
intentionally_malevolent,1,1,0
intentionally_lazy,1,1,0
intentionally_political,1,1,0
intentionally_portable,1,1,0
intentionally_intolerant,1,1,0
intentionally_productive,1,1,0
intentionally_targeted,1,1,0
intentionally_supportive,1,1,0
intentionally_suggestive,1,1,0
intentionally_stubborn,1,1,0
intentionally_snarky,1,1,0
intentionally_slutty,1,1,0
intentionally_slow,1,1,0
intentionally_sloppy,1,1,0
intentionally_silent,1,1,0
intentionally_significant,1,1,0
intentionally_shady,1,1,0
intentionally_sexist,1,1,0
intentionally_self-destructive,1,1,0
intentionally_secretive,1,1,0
intentionally_scientific,1,1,0
intentionally_radical,1,1,0
intentionally_puzzling,1,1,0
intentionally_irreverent,1,1,0
intentionally_inflammatory,1,1,0
internationally_unlawful,1,1,0
intentionally_dim,1,1,0
intentionally_defiant,1,1,0
intentionally_deadly,1,1,0
intentionally_cryptic,1,1,0
intentionally_crazy,1,1,0
intentionally_crafty,1,1,0
intentionally_contrary,1,1,0
intentionally_confusing,1,1,0
intentionally_condescending,1,1,0
intentionally_clever,1,1,0
intentionally_christian,1,1,0
intentionally_campy,1,1,0
intentionally_callous,1,0,1
intentionally_boring,1,1,0
intentionally_blind,1,1,0
intentionally_banal,1,1,0
intentionally_artistic,1,1,0
intentionally_artful,1,0,1
intentionally_demeaning,1,1,0
intentionally_earnest,1,1,0
intentionally_indiscriminate,1,1,0
intentionally_embarrassing,1,1,0
intentionally_inaccurate,1,1,0
intentionally_immoral,1,1,0
intentionally_horrible,1,1,0
intentionally_hilarious,1,1,0
intentionally_heretical,1,1,0
intentionally_hateful,1,1,0
intentionally_harsh,1,0,1
intentionally_grotesque,1,0,1
intentionally_greedy,1,1,0
intentionally_goofy,1,1,0
intentionally_good,1,1,0
intentionally_glamorous,1,1,0
intentionally_gay,1,1,0
intentionally_full,1,1,0
intentionally_fake,1,1,0
intentionally_explicit,1,1,0
intentionally_endearing,1,1,0
intentionally_terrible,1,1,0
intentionally_thoughtful,1,1,0
intentionally_titillating,1,1,0
internally_sturdy,1,1,0
internally_stable,1,1,0
internally_satisfying,1,1,0
internally_related,1,1,0
internally_probable,1,1,0
internally_motivating,1,0,1
internally_motivated,1,1,0
internally_logical,1,1,0
internally_incoherent,1,1,0
internally_happy,1,1,0
internally_fractious,1,1,0
internally_focused,1,1,0
internally_enthusiastic,1,1,0
internally_endangered,1,1,0
internally_embarrassed,1,1,0
internally_divisive,1,1,0
internally_difficult,1,1,0
internally_desirable,1,1,0
internally_stronger,1,1,0
internally_true,1,1,0
intentionally_tricky,1,1,0
internally_valid,1,1,0
internationally_universal,1,1,0
internationally_uniform,1,1,0
internationally_tough,1,1,0
internationally_secretive,1,1,0
internationally_responsible,1,1,0
internationally_recognizable,1,0,1
internationally_qualified,1,1,0
internationally_orchestrated,1,1,0
internationally_greatest,1,1,0
internationally_friendly,1,1,0
internationally_expansive,1,1,0
internationally_complicated,1,1,0
internationally_compatible,1,1,0
internationally_beloved,1,1,0
internationally_adept,1,1,0
internally_wrong,1,1,0
internally_vile,1,1,0
internally_crisp,1,1,0
internally_conflicted,1,1,0
internally_complex,1,1,0
internally_competitive,1,1,0
interestingly_exciting,1,0,1
interestingly_evil,1,1,0
interestingly_different,1,0,1
interestingly_connected,1,1,0
interestingly_coincidental,1,1,0
interestingly_awesome,1,1,0
intentionally_weird,1,1,0
intentionally_wasteful,1,1,0
intentionally_visible,1,1,0
intentionally_vindictive,1,1,0
intentionally_vegan,1,1,0
intentionally_unreachable,1,0,1
intentionally_unfair,1,1,0
intentionally_understated,1,1,0
intentionally_underpaid,1,1,0
intentionally_underground,1,1,0
intentionally_truthful,1,1,0
interestingly_factual,1,1,0
interestingly_funny,1,0,1
interestingly_humanoid,1,1,0
interminably_slow,1,1,0
internally_cohesive,1,1,0
internally_certain,1,1,0
internally_accountable,1,1,0
intermittently_poor,1,1,0
intermittently_funny,1,1,0
intermittently_entertaining,1,1,0
intermittently_active,1,1,0
interminably_long,1,1,0
interestingly_innovative,1,0,1
interminably_edgy,1,1,0
interminably_boring,1,1,0
interminably_angry,1,1,0
interestingly_wrong,1,1,0
interestingly_unhappy,1,1,0
interestingly_strange,1,1,0
interestingly_selfish,1,1,0
instantly_meaningful,1,1,0
instantly_manifest,1,1,0
inherently_ethical,1,1,0
inherently_uplifting,1,0,1
inherently_untrustworthy,1,1,0
inherently_untrue,1,0,1
inherently_unsuited,1,1,0
inherently_unrealistic,1,0,1
inherently_unqualified,1,1,0
inherently_unprofitable,1,1,0
inherently_unprofessional,1,0,1
inherently_unmanageable,1,1,0
inherently_unlucky,1,1,0
inherently_unlikeable,1,1,0
inherently_unknowable,1,1,0
inherently_unfunny,1,1,0
inherently_unfit,1,1,0
inherently_undervalued,1,1,0
inherently_unconscionable,1,1,0
inherently_uncertain,1,1,0
inherently_unbelievable,1,1,0
inherently_unworkable,1,0,1
inherently_upsetting,1,1,0
inherently_unappealing,1,0,1
inherently_user-friendly,1,1,0
initially_adverse,1,1,0
initially_active,1,1,0
initially_accessible,1,1,0
initially_acceptable,1,1,0
inherently_yellow,1,1,0
inherently_worthwhile,1,1,0
inherently_worthless,1,1,0
inherently_wise,1,1,0
inherently_western,1,0,1
inherently_weird,1,0,1
inherently_weaker,1,1,0
inherently_visible,1,1,0
inherently_virulent,1,1,0
inherently_viral,1,1,0
inherently_vile,1,1,0
inherently_verifiable,1,1,0
inherently_vegetarian,1,1,0
inherently_unattractive,1,1,0
inherently_unable,1,1,0
initially_anticipated,1,1,0
inherently_stagnant,1,1,0
inherently_socialist,1,1,0
inherently_sociable,1,1,0
inherently_sneaky,1,1,0
inherently_slippery,1,1,0
inherently_sleazy,1,1,0
inherently_silly,1,1,0
inherently_shorter,1,1,0
inherently_short,1,1,0
inherently_sharp,1,1,0
inherently_sensitive,1,1,0
inherently_selfless,1,1,0
inherently_secular,1,0,1
inherently_sectarian,1,1,0
inherently_scientific,1,1,0
inherently_savory,1,1,0
inherently_sarcastic,1,1,0
inherently_salty,1,1,0
inherently_spanish,1,0,1
inherently_stiff,1,1,0
inherently_un-american,1,1,0
inherently_stinky,1,1,0
inherently_treacherous,1,0,1
inherently_tough,1,1,0
inherently_tolerant,1,1,0
inherently_timid,1,1,0
inherently_tight,1,1,0
inherently_theological,1,1,0
inherently_tasty,1,1,0
inherently_talented,1,1,0
inherently_susceptible,1,1,0
inherently_supernatural,1,1,0
inherently_superficial,1,1,0
inherently_subversive,1,1,0
inherently_substantial,1,0,1
inherently_subservient,1,1,0
inherently_submissive,1,0,1
inherently_stylish,1,1,0
inherently_stronger,1,1,0
initially_amusing,1,1,0
initially_anxious,1,1,0
initially_relaxing,1,1,0
initially_outgoing,1,1,0
initially_oppressive,1,1,0
initially_ok,1,1,0
initially_necessary,1,1,0
initially_manifest,1,1,0
initially_malicious,1,1,0
initially_linear,1,1,0
initially_likeable,1,1,0
initially_lasting,1,1,0
initially_large,1,1,0
initially_kind,1,1,0
initially_involved,1,1,0
initially_intuitive,1,1,0
initially_interesting,1,1,0
initially_interactive,1,1,0
initially_intentional,1,1,0
initially_indicative,1,1,0
initially_inclined,1,1,0
initially_other,1,1,0
initially_overcast,1,1,0
initially_illegal,1,1,0
initially_overt,1,1,0
initially_red,1,1,0
initially_recognizable,1,1,0
initially_readable,1,1,0
initially_racist,1,0,1
initially_proud,1,1,0
initially_prone,1,1,0
initially_promising,1,1,0
initially_profitable,1,1,0
initially_productive,1,1,0
initially_proactive,1,1,0
initially_privy,1,1,0
initially_powerless,1,1,0
initially_possible,1,1,0
initially_positive,1,1,0
initially_poor,1,1,0
initially_political,1,1,0
initially_pleasing,1,1,0
initially_impressive,1,1,0
initially_humid,1,1,0
initially_attentive,1,1,0
initially_devoid,1,1,0
initially_deductible,1,1,0
initially_culpable,1,1,0
initially_crazy,1,1,0
initially_cooperative,1,1,0
initially_contiguous,1,1,0
initially_conducive,1,1,0
initially_compelling,1,0,1
initially_compatible,1,1,0
initially_cheaper,1,1,0
initially_cheap,1,1,0
initially_catastrophic,1,1,0
initially_candid,1,1,0
initially_boring,1,1,0
initially_blatant,1,1,0
initially_better,1,1,0
initially_beguiling,1,1,0
initially_beautiful,1,1,0
initially_deliberate,1,1,0
initially_disappointed,1,1,0
initially_hot,1,1,0
initially_dry,1,1,0
initially_hopeful,1,1,0
initially_hilarious,1,1,0
initially_hesitant,1,1,0
initially_harsh,1,1,0
initially_guilty,1,1,0
initially_functional,1,1,0
initially_frustrating,1,1,0
initially_forgiving,1,1,0
initially_famous,1,1,0
initially_eye-catching,1,1,0
initially_exciting,1,1,0
initially_ethnic,1,1,0
initially_essential,1,1,0
initially_enough,1,1,0
initially_enjoyable,1,1,0
initially_embarrassing,1,1,0
initially_effective,1,1,0
inherently_sacrosanct,1,0,1
inherently_ruinous,1,1,0
inherently_rubbish,1,1,0
inherently_innovative,1,1,0
inherently_inhumane,1,1,0
inherently_informative,1,1,0
inherently_inevitable,1,1,0
inherently_inefficient,1,1,0
inherently_ineffective,1,1,0
inherently_industrious,1,1,0
inherently_indigenous,1,1,0
inherently_independent,1,1,0
inherently_incriminating,1,1,0
inherently_incompetent,1,1,0
inherently_incoherent,1,1,0
inherently_inaccurate,1,0,1
inherently_imprecise,1,0,1
inherently_imperfect,1,1,0
inherently_immortal,1,1,0
inherently_immature,1,0,1
inherently_idiotic,1,1,0
inherently_innocent,1,1,0
inherently_insurmountable,1,1,0
inherently_ideal,1,1,0
inherently_interactive,1,1,0
inherently_legal,1,1,0
inherently_leftist,1,1,0
inherently_left-wing,1,0,1
inherently_left,1,0,1
inherently_lean,1,1,0
inherently_lawless,1,0,1
inherently_lawful,1,0,1
inherently_lame,1,0,1
inherently_juvenile,1,1,0
inherently_justifiable,1,1,0
inherently_joyful,1,1,0
inherently_japanese,1,1,0
inherently_irritating,1,1,0
inherently_invasive,1,1,0
inherently_invaluable,1,0,1
inherently_intolerant,1,1,0
inherently_internal,1,1,0
inherently_ideological,1,0,1
inherently_hurtful,1,1,0
inherently_rough,1,1,0
inherently_fussy,1,0,1
inherently_fruity,1,1,0
inherently_fresh,1,0,1
inherently_freaky,1,1,0
inherently_fraudulent,1,0,1
inherently_formal,1,0,1
inherently_fond,1,1,0
inherently_fierce,1,1,0
inherently_feasible,1,1,0
inherently_fearless,1,1,0
inherently_fearful,1,1,0
inherently_fast,1,1,0
inherently_famous,1,1,0
inherently_fake,1,1,0
inherently_extraordinary,1,1,0
inherently_external,1,1,0
inherently_explosive,1,1,0
inherently_experimental,1,0,1
inherently_frustrating,1,1,0
inherently_geeky,1,1,0
inherently_hot,1,1,0
inherently_genetic,1,1,0
inherently_horrible,1,1,0
inherently_hoppy,1,1,0
inherently_honest,1,1,0
inherently_homophobic,1,1,0
inherently_hindu,1,1,0
inherently_high,1,1,0
inherently_hierarchical,1,1,0
inherently_heterosexual,1,1,0
inherently_helpless,1,1,0
inherently_heavy,1,0,1
inherently_healthful,1,1,0
inherently_happy,1,1,0
inherently_guilty,1,1,0
inherently_groundbreaking,1,0,1
inherently_greater,1,1,0
inherently_godly,1,0,1
inherently_glamorous,1,1,0
inherently_less,1,1,0
inherently_lesser,1,1,0
inherently_lethal,1,1,0
inherently_protectionist,1,1,0
inherently_profane,1,0,1
inherently_primitive,1,0,1
inherently_preferable,1,1,0
inherently_predictive,1,0,1
inherently_predictable,1,1,0
inherently_precious,1,0,1
inherently_practical,1,1,0
inherently_populist,1,0,1
inherently_pointless,1,1,0
inherently_picky,1,1,0
inherently_pessimistic,1,1,0
inherently_perverse,1,0,1
inherently_perishable,1,1,0
inherently_peculiar,1,1,0
inherently_pathetic,1,0,1
inherently_partial,1,1,0
inherently_parallel,1,1,0
inherently_promiscuous,1,1,0
inherently_psychotic,1,1,0
inherently_libertarian,1,1,0
inherently_quantitative,1,1,0
inherently_roman,1,0,1
inherently_riskier,1,1,0
inherently_righteous,1,1,0
inherently_richer,1,1,0
inherently_revelatory,1,1,0
inherently_respectful,1,1,0
inherently_repugnant,1,1,0
inherently_republican,1,1,0
inherently_representative,1,1,0
inherently_reliant,1,1,0
inherently_regressive,1,0,1
inherently_red,1,1,0
inherently_reactionary,1,0,1
inherently_rare,1,1,0
inherently_quiet,1,0,1
inherently_quick,1,0,1
inherently_queer,1,0,1
inherently_paradoxical,1,0,1
inherently_outrageous,1,1,0
inherently_ours,1,1,0
inherently_oriented,1,1,0
inherently_meek,1,1,0
inherently_mediocre,1,1,0
inherently_mean,1,1,0
inherently_materialistic,1,1,0
inherently_magnetic,1,1,0
inherently_magic,1,0,1
inherently_macho,1,0,1
inherently_lucky,1,0,1
inherently_loyal,1,1,0
inherently_low,1,0,1
inherently_loving,1,1,0
inherently_loud,1,1,0
inherently_loose,1,1,0
inherently_logical,1,1,0
inherently_literary,1,1,0
inherently_linear,1,1,0
inherently_light,1,1,0
inherently_militaristic,1,1,0
inherently_military,1,1,0
inherently_miserable,1,0,1
inherently_nocturnal,1,1,0
inherently_optimal,1,0,1
inherently_opposite,1,1,0
inherently_open,1,1,0
inherently_one-sided,1,1,0
inherently_obscene,1,0,1
inherently_novel,1,0,1
inherently_noisy,1,1,0
inherently_niche,1,1,0
inherently_misguided,1,1,0
inherently_naughty,1,1,0
inherently_narcissistic,1,0,1
inherently_mysterious,1,0,1
inherently_motivating,1,0,1
inherently_most,1,0,1
inherently_moronic,1,0,1
inherently_monogamous,1,1,0
initially_related,1,1,0
initially_relevant,1,1,0
instantly_magnificent,1,1,0
insanely_purple,1,1,0
insanely_prosperous,1,1,0
insanely_productive,1,1,0
insanely_privileged,1,1,0
insanely_pricy,1,1,0
insanely_pricey,1,1,0
insanely_pleasurable,1,0,1
insanely_pigmented,1,1,0
insanely_perverse,1,0,1
insanely_personal,1,1,0
insanely_passionate,1,1,0
insanely_particular,1,1,0
insanely_painful,1,1,0
insanely_overwhelmed,1,1,0
insanely_overpowering,1,1,0
insanely_overcrowded,1,1,0
insanely_onerous,1,1,0
insanely_massive,1,1,0
insanely_proud,1,1,0
insanely_quick,1,1,0
insanely_late,1,1,0
insanely_quicker,1,1,0
insanely_stylish,1,1,0
insanely_stressful,1,1,0
insanely_specific,1,1,0
insanely_smart,1,1,0
insanely_skinny,1,1,0
insanely_simple,1,1,0
insanely_short,1,1,0
insanely_sexual,1,1,0
insanely_self-indulgent,1,0,1
insanely_scary,1,1,0
insanely_scared,1,1,0
insanely_scarce,1,1,0
insanely_sassy,1,1,0
insanely_ridiculous,1,1,0
insanely_reckless,1,1,0
insanely_readable,1,1,0
insanely_quotable,1,1,0
insanely_leftist,1,1,0
insanely_labor-intensive,1,1,0
insanely_sweet,1,1,0
insanely_frenetic,1,0,1
insanely_fine,1,1,0
insanely_fat,1,1,0
insanely_far,1,1,0
insanely_extreme,1,1,0
insanely_explosive,1,1,0
insanely_evil,1,1,0
insanely_envious,1,1,0
insanely_elitist,1,1,0
insanely_efficient,1,1,0
insanely_disrespectful,1,1,0
insanely_dirty,1,1,0
insanely_different,1,1,0
insanely_depressing,1,1,0
insanely_customizable,1,1,0
insanely_creamy,1,1,0
insanely_conservative,1,1,0
insanely_congested,1,1,0
insanely_flavorful,1,1,0
insanely_garish,1,1,0
insanely_itchy,1,1,0
insanely_grandiose,1,1,0
insanely_invasive,1,1,0
insanely_intense,1,1,0
insanely_insane,1,1,0
insanely_inexpensive,1,1,0
insanely_inept,1,1,0
insanely_inaccurate,1,1,0
insanely_impressive,1,1,0
insanely_huge,1,1,0
insanely_horrible,1,1,0
insanely_hoppy,1,1,0
insanely_hilarious,1,1,0
insanely_higher,1,1,0
insanely_healthy,1,1,0
insanely_handsome,1,1,0
insanely_gung,1,1,0
insanely_grateful,1,1,0
insanely_graphic,1,1,0
insanely_surprising,1,1,0
insanely_tasty,1,1,0
initially_reluctant,1,1,0
instantly_helpful,1,1,0
instantly_gregarious,1,1,0
instantly_great,1,1,0
instantly_gracious,1,1,0
instantly_friendly,1,1,0
instantly_free,1,1,0
instantly_fraught,1,1,0
instantly_fond,1,1,0
instantly_favourable,1,1,0
instantly_exciting,1,1,0
instantly_excited,1,1,0
instantly_entertaining,1,1,0
instantly_endearing,1,1,0
instantly_eligible,1,1,0
instantly_dry,1,1,0
instantly_dominant,1,1,0
instantly_destructive,1,1,0
instantly_delicious,1,1,0
instantly_guilty,1,1,0
instantly_horrific,1,1,0
instantly_convincing,1,1,0
instantly_hot,1,1,0
instantly_magical,1,1,0
instantly_lower,1,1,0
instantly_listenable,1,1,0
instantly_legendary,1,1,0
instantly_kind,1,1,0
instantly_judgmental,1,1,0
instantly_joyous,1,1,0
instantly_irresistible,1,1,0
instantly_invisible,1,1,0
instantly_intelligible,1,1,0
instantly_informative,1,1,0
instantly_influential,1,1,0
instantly_infectious,1,1,0
instantly_important,1,1,0
instantly_immediate,1,1,0
instantly_iconic,1,1,0
instantly_hypocritical,1,1,0
instantly_current,1,1,0
instantly_conspicuous,1,1,0
insanely_thick,1,1,0
instantly_able,1,1,0
inside_unfriendly,1,1,0
inside_more,1,1,0
inside_long,1,1,0
inside_great,1,1,0
insanely_yummy,1,1,0
insanely_young,1,1,0
insanely_wrong,1,1,0
insanely_wide,1,1,0
insanely_vocal,1,1,0
insanely_violent,1,1,0
insanely_vague,1,1,0
insanely_unsafe,1,1,0
insanely_uncommon,1,1,0
insanely_ugly,1,1,0
insanely_touristy,1,1,0
insanely_tired,1,1,0
insanely_tight,1,1,0
inside_worthy,1,1,0
instantly_agreeable,1,1,0
instantly_confusing,1,1,0
instantly_amusing,1,1,0
instantly_confused,1,1,0
instantly_conducive,1,1,0
instantly_compatible,1,1,0
instantly_commercial,1,1,0
instantly_classic,1,1,0
instantly_charming,1,1,0
instantly_catastrophic,1,1,0
instantly_captivating,1,1,0
instantly_brilliant,1,1,0
instantly_bored,1,1,0
instantly_beneficial,1,1,0
instantly_believable,1,1,0
instantly_beholden,1,1,0
instantly_awake,1,1,0
instantly_attributable,1,1,0
instantly_attractive,1,1,0
instantly_attainable,1,1,0
insanely_confident,1,1,0
insanely_complex,1,1,0
insanely_competitive,1,1,0
innately_flawed,1,1,0
innately_explosive,1,1,0
innately_existent,1,1,0
innately_embarrassing,1,0,1
innately_dumb,1,1,0
innately_distracting,1,1,0
innately_determined,1,1,0
innately_democratic,1,0,1
innately_dangerous,1,0,1
innately_cruel,1,1,0
innately_conservative,1,1,0
innately_competent,1,1,0
innately_compatible,1,1,0
innately_comfortable,1,1,0
innately_awful,1,1,0
innately_aware,1,1,0
innately_available,1,1,0
innately_authentic,1,1,0
innately_feminine,1,1,0
innately_fun,1,0,1
innately_appealing,1,1,0
innately_gendered,1,1,0
innately_menacing,1,1,0
innately_malicious,1,0,1
innately_male,1,0,1
innately_knowledgeable,1,1,0
innately_irish,1,0,1
innately_integral,1,1,0
innately_innocent,1,1,0
innately_inclined,1,1,0
innately_immune,1,1,0
innately_identifiable,1,1,0
innately_humorous,1,0,1
innately_horrible,1,1,0
innately_heroic,1,0,1
innately_hellish,1,1,0
innately_hateful,1,1,0
innately_harder,1,1,0
innately_grumpy,1,1,0
innately_apt,1,1,0
innately_apparent,1,1,0
insanely_committed,1,1,0
initially_surprising,1,0,1
initially_suitable,1,1,0
initially_strong,1,1,0
initially_spectacular,1,1,0
initially_sophisticated,1,1,0
initially_skilled,1,1,0
initially_sexual,1,1,0
initially_serious,1,1,0
initially_select,1,1,0
initially_sceptical,1,1,0
initially_scared,1,1,0
initially_satisfied,1,1,0
initially_round,1,1,0
initially_riveting,1,1,0
initially_rich,1,1,0
initially_restrictive,1,1,0
initially_resistant,1,1,0
initially_remorseful,1,1,0
initially_surprised,1,1,0
initially_taxable,1,1,0
innately_anti-social,1,1,0
initially_tenable,1,1,0
innately_anti-semitic,1,1,0
innately_anonymous,1,1,0
innately_amiss,1,0,1
innately_aggressive,1,1,0
innately_adaptable,1,1,0
innately_able,1,1,0
initially_worth,1,1,0
initially_worrisome,1,1,0
initially_wild,1,1,0
initially_welcome,1,1,0
initially_warm,1,1,0
initially_vegetarian,1,1,0
initially_unreasonable,1,1,0
initially_unlocked,1,1,0
initially_unionized,1,1,0
initially_uniform,1,1,0
initially_thrilling,1,1,0
innately_motivated,1,1,0
innately_murderous,1,1,0
innately_musical,1,1,0
inordinately_small,1,1,0
inordinately_simple,1,1,0
inordinately_pricey,1,1,0
inordinately_mean,1,0,1
inordinately_lucky,1,1,0
inordinately_low,1,1,0
inordinately_loud,1,1,0
inordinately_higher,1,1,0
inordinately_forgetful,1,1,0
inordinately_evil,1,0,1
inordinately_enthused,1,1,0
inordinately_disappointing,1,1,0
inordinately_different,1,1,0
inordinately_detailed,1,1,0
inordinately_dependent,1,1,0
inordinately_deep,1,1,0
inordinately_dangerous,1,1,0
inordinately_curious,1,1,0
inordinately_skilled,1,1,0
inordinately_thankful,1,1,0
innately_nasty,1,1,0
inordinately_troubling,1,0,1
insanely_colourful,1,1,0
insanely_cold,1,1,0
insanely_cautious,1,1,0
insanely_brilliant,1,1,0
insanely_bold,1,1,0
insanely_blind,1,1,0
insanely_awkward,1,1,0
insanely_awe,1,1,0
insanely_attractive,1,1,0
insanely_appetizing,1,1,0
insanely_apparent,1,1,0
insanely_addicting,1,1,0
insanely_active,1,1,0
insanely_accurate,1,1,0
insanely_absurd,1,1,0
inordinately_worried,1,1,0
inordinately_wealthy,1,1,0
inordinately_concerned,1,1,0
inordinately_astonished,1,1,0
inordinately_agnostic,1,1,0
inordinately_afraid,1,1,0
innately_secure,1,1,0
innately_rewarding,1,1,0
innately_radical,1,0,1
innately_problematic,1,0,1
innately_present,1,1,0
innately_predisposed,1,1,0
innately_positive,1,1,0
innately_political,1,1,0
innately_pleasurable,1,1,0
innately_parallel,1,1,0
innately_painful,1,1,0
innately_ours,1,1,0
innately_noble,1,1,0
innately_nimble,1,1,0
innately_nice,1,1,0
innately_nefarious,1,0,1
innately_natural,1,0,1
innately_serious,1,1,0
innately_sexist,1,1,0
innately_sexual,1,0,1
innately_unpleasant,1,0,1
innately_worth,1,1,0
innately_wicked,1,1,0
innately_weak,1,1,0
innately_virtuous,1,0,1
innately_vicious,1,1,0
innately_valuable,1,0,1
innately_unworkable,1,0,1
innately_tasteful,1,1,0
innately_smarter,1,1,0
innately_sympathetic,1,1,0
innately_suspicious,1,1,0
innately_superficial,1,1,0
innately_successful,1,1,0
innately_subject,1,1,0
innately_spiritual,1,0,1
innately_social,1,0,1
intrinsically_sacrosanct,1,0,1
intrinsically_satisfactory,1,1,0
intrinsically_scary,1,0,1
kinda_hypocritical,1,1,0
kinda_gross,1,1,0
kinda_great,1,1,0
kinda_gay,1,1,0
kinda_friendly,1,1,0
kinda_expensive,1,1,0
kinda_excited,1,0,1
kinda_embarrassing,1,1,0
kinda_easy,1,1,0
kinda_disturbing,1,1,0
kinda_disappointed,1,1,0
kinda_depressing,1,1,0
kinda_dark,1,1,0
kinda_creepy,1,1,0
kinda_counterproductive,1,1,0
kinda_counter-intuitive,1,1,0
kinda_contrary,1,1,0
kinda_complex,1,1,0
kinda_healthy,1,1,0
kinda_important,1,1,0
kinda_broad,1,1,0
kinda_impractical,1,1,0
kinda_queer,1,1,0
kinda_problematic,1,1,0
kinda_prime,1,1,0
kinda_predictable,1,1,0
kinda_perfect,1,1,0
kinda_overrated,1,1,0
kinda_old,1,1,0
kinda_odd,1,1,0
kinda_normal,1,1,0
kinda_nice,1,1,0
kinda_narcissistic,1,1,0
kinda_mad,1,1,0
kinda_lonely,1,1,0
kinda_liberal,1,1,0
kinda_lame,1,1,0
kinda_insane,1,1,0
kinda_incredible,1,1,0
kinda_cold,1,1,0
kinda_boring,1,1,0
kinda_scary,1,1,0
keenly_appreciative,1,1,0
keenly_alive,1,1,0
justly_terrible,1,0,1
justly_open,1,1,0
justly_famous,1,1,0
justly_deserving,1,0,1
justly_amenable,1,1,0
justifiably_wrong,1,0,1
justifiably_upset,1,1,0
justifiably_tough,1,1,0
justifiably_subject,1,1,0
justifiably_strong,1,1,0
justifiably_rebellious,1,1,0
justifiably_proportionate,1,1,0
justifiably_nervous,1,1,0
justifiably_insane,1,1,0
justifiably_functional,1,1,0
justifiably_confident,1,1,0
keenly_anticipated,1,1,0
keenly_competitive,1,1,0
kinda_beautiful,1,1,0
keenly_concerned,1,1,0
kinda_akin,1,1,0
kinda_adorable,1,1,0
kind_rainy,1,1,0
kind_even,1,1,0
kind_caring,1,1,0
kind_american,1,1,0
keenly_smart,1,1,0
keenly_sharp,1,1,0
keenly_sensitive,1,1,0
keenly_self-aware,1,1,0
keenly_respectful,1,1,0
keenly_political,1,1,0
keenly_obvious,1,1,0
keenly_luminous,1,1,0
keenly_focused,1,1,0
keenly_detailed,1,1,0
keenly_conscious,1,1,0
kinda_romantic,1,1,0
kinda_sexy,1,1,0
largely_nonexistent,1,1,0
largely_foreseeable,1,1,0
largely_financial,1,1,0
largely_familiar,1,1,0
largely_false,1,1,0
largely_experimental,1,0,1
largely_empty,1,1,0
largely_due,1,1,0
largely_dissimilar,1,1,0
largely_digital,1,1,0
largely_devoid,1,1,0
largely_democratic,1,1,0
largely_correct,1,1,0
largely_conscious,1,1,0
largely_complementary,1,1,0
largely_christian,1,1,0
largely_black,1,1,0
largely_beneficial,1,1,0
largely_beholden,1,1,0
largely_flat,1,1,0
largely_forgetful,1,1,0
largely_autonomous,1,1,0
largely_fraudulent,1,1,0
largely_libertarian,1,1,0
largely_lacking,1,1,0
largely_jewish,1,1,0
largely_interesting,1,1,0
largely_interchangeable,1,1,0
largely_intact,1,1,0
largely_instrumental,1,1,0
largely_insignificant,1,1,0
largely_influential,1,1,0
largely_indifferent,1,1,0
largely_inconsequential,1,1,0
largely_important,1,1,0
largely_imperceptible,1,1,0
largely_immune,1,1,0
largely_harmless,1,1,0
largely_futile,1,1,0
largely_free,1,1,0
largely_bad,1,1,0
largely_appropriate,1,1,0
kinda_shitty,1,1,0
knowingly_inaccurate,1,1,0
knowingly_helpful,1,1,0
knowingly_funny,1,1,0
knowingly_dishonest,1,1,0
kindly_pastoral,1,1,0
kindly_innocent,1,1,0
kindly_affectionate,1,1,0
kinda_worse,1,1,0
kinda_warm,1,1,0
kinda_ugly,1,1,0
kinda_tall,1,1,0
kinda_sweet,1,1,0
kinda_stupid,1,1,0
kinda_strange,1,1,0
kinda_special,1,1,0
kinda_slow,1,1,0
kinda_single,1,1,0
kinda_short,1,1,0
knowingly_humble,1,1,0
knowingly_intelligent,1,1,0
largely_accidental,1,1,0
knowingly_involved,1,1,0
largely_acceptable,1,1,0
largely_absurd,1,1,0
knowingly_wrong,1,0,1
knowingly_violent,1,0,1
knowingly_unlawful,1,1,0
knowingly_unhealthy,1,1,0
knowingly_uncomplicated,1,1,0
knowingly_small,1,1,0
knowingly_slow,1,1,0
knowingly_retro,1,1,0
knowingly_related,1,1,0
knowingly_ordinary,1,1,0
knowingly_modest,1,1,0
knowingly_manipulative,1,1,0
knowingly_malicious,1,1,0
knowingly_liable,1,1,0
knowingly_knowledgeable,1,1,0
justifiably_artistic,1,1,0
justifiably_afraid,1,1,0
just_wistful,1,1,0
just_sultry,1,1,0
just_substantive,1,1,0
just_submissive,1,1,0
just_subdued,1,1,0
just_stuffy,1,1,0
just_stringent,1,1,0
just_stricter,1,1,0
just_stingy,1,1,0
just_stiff,1,1,0
just_stellar,1,1,0
just_stealthy,1,1,0
just_stationary,1,1,0
just_state-owned,1,1,0
just_staggering,1,1,0
just_squishy,1,1,0
just_squeamish,1,1,0
just_spotty,1,1,0
just_spoilt,1,1,0
just_sugary,1,1,0
just_superstitious,1,1,0
just_spherical,1,1,0
just_sweaty,1,1,0
just_transient,1,1,0
just_touristy,1,1,0
just_torturous,1,1,0
just_toasty,1,1,0
just_tighter,1,1,0
just_thorough,1,1,0
just_third,1,1,0
just_testy,1,1,0
just_tepid,1,1,0
just_tentative,1,1,0
just_tenable,1,1,0
just_tart,1,1,0
just_tactile,1,1,0
just_systematic,1,1,0
just_symmetrical,1,1,0
just_symbiotic,1,1,0
just_sweeping,1,1,0
just_spoiled,1,1,0
just_speechless,1,1,0
just_winless,1,1,0
just_shaky,1,1,0
just_sensual,1,1,0
just_seminal,1,1,0
just_selfless,1,1,0
just_self-sufficient,1,1,0
just_self-contained,1,1,0
just_self-centered,1,1,0
just_self-aware,1,1,0
just_seedy,1,1,0
just_searchable,1,1,0
just_seamless,1,1,0
just_sculptural,1,1,0
just_scrupulous,1,1,0
just_scant,1,1,0
just_savage,1,1,0
just_sadistic,1,1,0
just_saddened,1,1,0
just_runny,1,1,0
just_serene,1,1,0
just_shitty,1,1,0
just_sparse,1,1,0
just_short-lived,1,1,0
just_spare,1,1,0
just_sound,1,1,0
just_somber,1,1,0
just_solvable,1,1,0
just_solitary,1,1,0
just_soft-spoken,1,1,0
just_sociable,1,1,0
just_so-called,1,1,0
just_smitten,1,1,0
just_slippery,1,1,0
just_slimmer,1,1,0
just_skittish,1,1,0
just_sketchy,1,1,0
just_sinister,1,1,0
just_sinful,1,1,0
just_simultaneous,1,1,0
just_shrewd,1,1,0
just_tribal,1,1,0
just_trippy,1,1,0
just_triumphant,1,1,0
just_unsurprising,1,1,0
just_unsubstantiated,1,1,0
just_unstructured,1,1,0
just_unstoppable,1,1,0
just_unspoken,1,1,0
just_unsound,1,1,0
just_unsophisticated,1,1,0
just_unskilled,1,1,0
just_unsettled,1,1,0
just_unselfish,1,1,0
just_unresponsive,1,1,0
just_unresolved,1,1,0
just_unreported,1,1,0
just_unrelated,1,1,0
just_unregulated,1,1,0
just_unreadable,1,1,0
just_unprofitable,1,1,0
just_unorthodox,1,1,0
just_unsuited,1,1,0
just_unthinkable,1,1,0
just_trustworthy,1,1,0
just_untouchable,1,1,0
just_winded,1,1,0
just_whole,1,1,0
just_weaker,1,1,0
just_watery,1,1,0
just_walkable,1,1,0
just_visceral,1,1,0
just_vindictive,1,1,0
just_vile,1,1,0
just_vibrant,1,1,0
just_veteran,1,1,0
just_venomous,1,1,0
just_variable,1,1,0
just_vapid,1,1,0
just_utopian,1,1,0
just_uptight,1,1,0
just_unworkable,1,1,0
just_unusable,1,1,0
just_unoriginal,1,1,0
just_unnerved,1,1,0
just_unnatural,1,1,0
just_unnamed,1,1,0
just_uneventful,1,1,0
just_undone,1,1,0
just_undocumented,1,1,0
just_undiscovered,1,1,0
just_undisciplined,1,1,0
just_undeveloped,1,1,0
just_underweight,1,1,0
just_underrepresented,1,1,0
just_underpaid,1,1,0
just_underground,1,1,0
just_uncontrollable,1,1,0
just_unconscious,1,1,0
just_uncompromising,1,1,0
just_unchecked,1,1,0
just_unchanged,1,1,0
just_unchallenged,1,1,0
just_uncalled,1,1,0
just_unfavorable,1,1,0
just_unfazed,1,1,0
just_unflappable,1,1,0
just_unimpressed,1,1,0
just_unmoved,1,1,0
just_unmatched,1,1,0
just_unlikeable,1,1,0
just_unjustified,1,1,0
just_united,1,1,0
just_uninsured,1,1,0
just_unimpressive,1,1,0
just_unimaginable,1,1,0
just_unfolding,1,1,0
just_unified,1,1,0
just_unheralded,1,1,0
just_unheard,1,1,0
just_unharmed,1,1,0
just_ungrateful,1,1,0
just_unforgiving,1,1,0
just_unforeseen,1,1,0
largely_negative,1,1,0
largely_offensive,1,1,0
intrinsically_secure,1,1,0
legally_vulnerable,1,1,0
legally_unprecedented,1,1,0
legally_unfounded,1,1,0
legally_unethical,1,1,0
legally_undone,1,1,0
legally_unconstitutional,1,1,0
legally_uncertain,1,1,0
legally_unaccountable,1,1,0
legally_troublesome,1,1,0
legally_tolerable,1,1,0
legally_technical,1,1,0
legally_stupid,1,1,0
legally_sovereign,1,1,0
legally_skilled,1,1,0
legally_simple,1,1,0
legally_similar,1,1,0
legally_shaky,1,1,0
legally_risky,1,1,0
legally_verifiable,1,1,0
legally_worth,1,1,0
legally_restrained,1,1,0
legally_worthless,1,1,0
legitimately_excited,1,1,0
legitimately_evil,1,1,0
legitimately_eccentric,1,1,0
legitimately_disabled,1,1,0
legitimately_dangerous,1,1,0
legitimately_cool,1,1,0
legitimately_competitive,1,1,0
legitimately_clean,1,1,0
legitimately_challenging,1,1,0
legitimately_capable,1,1,0
legitimately_canadian,1,1,0
legitimately_busy,1,1,0
legitimately_attainable,1,1,0
legitimately_amateur,1,1,0
legitimately_alternative,1,1,0
legitimately_adversarial,1,0,1
legitimately_academic,1,1,0
legally_righteous,1,1,0
legally_recognisable,1,1,0
legitimately_foundational,1,1,0
legally_mistaken,1,1,0
legally_meritorious,1,1,0
legally_menacing,1,1,0
legally_mature,1,1,0
legally_limited,1,1,0
legally_lethal,1,1,0
legally_juvenile,1,1,0
legally_jewish,1,1,0
legally_irrelevant,1,1,0
legally_intoxicated,1,1,0
legally_insufficient,1,1,0
legally_indispensable,1,1,0
legally_independent,1,1,0
legally_incumbent,1,1,0
legally_incompatible,1,1,0
legally_inappropriate,1,1,0
legally_impartial,1,1,0
legally_illogical,1,1,0
legally_minded,1,1,0
legally_motivated,1,1,0
legally_pure,1,1,0
legally_murky,1,1,0
legally_prudent,1,1,0
legally_prone,1,1,0
legally_prohibitive,1,0,1
legally_private,1,1,0
legally_pregnant,1,1,0
legally_powerful,1,1,0
legally_potent,1,1,0
legally_persuasive,1,1,0
legally_personal,1,1,0
legally_perfect,1,1,0
legally_open,1,1,0
legally_okay,1,1,0
legally_ok,1,1,0
legally_official,1,0,1
legally_novel,1,1,0
legally_negotiable,1,1,0
legally_negligent,1,1,0
legitimately_fast,1,1,0
legitimately_free,1,1,0
largely_online,1,1,0
less_artificial,1,1,0
less_arousing,1,1,0
less_archaic,1,1,0
less_arcane,1,1,0
less_arab,1,1,0
less_apprehensive,1,1,0
less_appalled,1,1,0
less_apocalyptic,1,0,1
less_apathetic,1,1,0
less_antsy,1,1,0
less_antiquated,1,0,1
less_anticipated,1,1,0
less_antagonistic,1,1,0
less_answerable,1,1,0
less_amused,1,0,1
less_alright,1,1,0
less_allergic,1,1,0
less_alert,1,0,1
less_arrogant,1,1,0
less_asleep,1,1,0
less_adversarial,1,1,0
less_assertive,1,1,0
less_bilingual,1,1,0
less_bigoted,1,1,0
less_biblical,1,0,1
less_biased,1,1,0
less_bewildered,1,0,1
less_bent,1,1,0
less_beguiling,1,1,0
less_bearable,1,1,0
less_bashful,1,1,0
less_banal,1,1,0
less_balanced,1,1,0
less_awe,1,1,0
less_average,1,1,0
less_autonomous,1,1,0
less_autistic,1,1,0
less_attuned,1,1,0
less_atmospheric,1,1,0
less_african,1,1,0
less_advantaged,1,0,1
legitimately_frightening,1,1,0
legitimately_serious,1,1,0
legitimately_scientific,1,1,0
legitimately_rewarding,1,1,0
legitimately_religious,1,1,0
legitimately_real,1,1,0
legitimately_ready,1,1,0
legitimately_reachable,1,1,0
legitimately_queer,1,1,0
legitimately_passionate,1,1,0
legitimately_native,1,1,0
legitimately_jewish,1,1,0
legitimately_jealous,1,1,0
legitimately_interesting,1,1,0
legitimately_injured,1,1,0
legitimately_industrial,1,1,0
legitimately_indian,1,1,0
legitimately_helpful,1,1,0
legitimately_good,1,1,0
legitimately_sensitive,1,1,0
legitimately_sexual,1,1,0
less_adrift,1,1,0
legitimately_silly,1,1,0
less_adequate,1,1,0
less_addicting,1,1,0
less_addicted,1,1,0
less_acrimonious,1,1,0
less_acquainted,1,1,0
less_acidic,1,1,0
less_achievable,1,1,0
less_accustomed,1,1,0
less_accomplished,1,1,0
less_accommodating,1,1,0
less_abysmal,1,1,0
legitimately_wrong,1,0,1
legitimately_true,1,1,0
legitimately_trans,1,1,0
legitimately_trained,1,1,0
legitimately_terrifying,1,1,0
legitimately_strange,1,1,0
legally_illiterate,1,1,0
legally_identical,1,1,0
legally_human,1,1,0
later_victorian,1,1,0
later_surprised,1,1,0
later_other,1,1,0
later_musical,1,1,0
later_interested,1,1,0
later_cheaper,1,1,0
later_available,1,1,0
largely_white,1,1,0
largely_voluntary,1,1,0
largely_visible,1,1,0
largely_useful,1,1,0
largely_unwilling,1,1,0
largely_unsympathetic,1,1,0
largely_unsuitable,1,1,0
largely_unseen,1,1,0
largely_unscathed,1,1,0
largely_unremarkable,1,1,0
largely_unproven,1,1,0
later_third,1,1,0
laughably_awful,1,1,0
largely_unpredictable,1,1,0
laughably_cheap,1,1,0
laughably_simplistic,1,1,0
laughably_silly,1,1,0
laughably_sexist,1,1,0
laughably_remote,1,1,0
laughably_predictable,1,1,0
laughably_poor,1,1,0
laughably_naive,1,1,0
laughably_low,1,1,0
laughably_loathsome,1,1,0
laughably_inadequate,1,1,0
laughably_horrid,1,1,0
laughably_horrible,1,1,0
laughably_hilarious,1,1,0
laughably_easy,1,1,0
laughably_dreadful,1,1,0
laughably_corny,1,1,0
laughably_cloying,1,1,0
largely_unprofitable,1,1,0
largely_unnecessary,1,1,0
legally_habitable,1,1,0
largely_southern,1,1,0
largely_short,1,1,0
largely_self-taught,1,1,0
largely_secular,1,1,0
largely_satisfying,1,1,0
largely_russian,1,1,0
largely_rural,1,1,0
largely_risk-free,1,1,0
largely_representative,1,1,0
largely_quiet,1,1,0
largely_provocative,1,1,0
largely_prevalent,1,1,0
largely_predictable,1,1,0
largely_possible,1,1,0
largely_positive,1,1,0
largely_poetic,1,1,0
largely_passionate,1,1,0
largely_orange,1,1,0
largely_silent,1,1,0
largely_stable,1,1,0
largely_unlikable,1,1,0
largely_static,1,1,0
largely_unintentional,1,1,0
largely_uninformed,1,1,0
largely_unimportant,1,1,0
largely_unheralded,1,1,0
largely_unfunny,1,1,0
largely_unfounded,1,1,0
largely_unexplored,1,1,0
largely_unexpected,1,1,0
largely_undisclosed,1,1,0
largely_unconnected,1,1,0
largely_unaware,1,1,0
largely_unavailable,1,1,0
largely_theoretical,1,1,0
largely_sympathetic,1,1,0
largely_symbolic,1,1,0
largely_suspicious,1,1,0
largely_supportive,1,1,0
laughably_slow,1,1,0
laughably_unlikely,1,1,0
laughably_unqualified,1,1,0
legally_corrupt,1,1,0
legally_controversial,1,1,0
legally_contentious,1,1,0
legally_consistent,1,1,0
legally_connected,1,1,0
legally_complete,1,1,0
legally_compatible,1,1,0
legally_coercive,1,1,0
legally_clear-cut,1,1,0
legally_chinese,1,1,0
legally_challenging,1,1,0
legally_broken,1,1,0
legally_beholden,1,1,0
legally_baseless,1,1,0
legally_avoidable,1,1,0
legally_automatic,1,1,0
legally_australian,1,1,0
legally_ample,1,1,0
legally_cool,1,1,0
legally_damning,1,1,0
lawfully_able,1,1,0
legally_debatable,1,1,0
legally_frivolous,1,1,0
legally_false,1,1,0
legally_fair,1,1,0
legally_extraordinary,1,1,0
legally_exemplary,1,1,0
legally_exclusive,1,1,0
legally_excessive,1,1,0
legally_essential,1,1,0
legally_erroneous,1,1,0
legally_equal,1,1,0
legally_dubious,1,1,0
legally_dramatic,1,1,0
legally_dominant,1,1,0
legally_discriminatory,1,1,0
legally_dicey,1,1,0
legally_deficient,1,0,1
legally_defensive,1,1,0
legally_allowable,1,1,0
legally_alive,1,1,0
legally_african-american,1,1,0
legally_achievable,1,1,0
least_efficient,1,1,0
least_costly,1,1,0
least_compelling,1,1,0
least_celebrated,1,1,0
least_attractive,1,1,0
least_appealing,1,1,0
lawfully_wrong,1,0,1
lawfully_valid,1,1,0
lawfully_reliable,1,1,0
lawfully_questionable,1,1,0
lawfully_possible,1,1,0
lawfully_payable,1,1,0
lawfully_necessary,1,1,0
lawfully_liable,1,1,0
lawfully_enforceable,1,1,0
lawfully_eligible,1,1,0
lawfully_accessible,1,1,0
least_embarrassing,1,1,0
least_famous,1,1,0
least_fatigued,1,1,0
least_related,1,1,0
legally_abusive,1,1,0
legally_absolute,1,1,0
least_sympathetic,1,1,0
least_strategic,1,1,0
least_startling,1,1,0
least_safe,1,1,0
least_remarkable,1,1,0
least_quick,1,1,0
least_forgetful,1,1,0
least_problematic,1,1,0
least_pleasing,1,1,0
least_palpable,1,1,0
least_outspoken,1,1,0
least_likely,1,1,0
least_inspiring,1,1,0
least_impressive,1,1,0
just_rugged,1,1,0
just_riskier,1,1,0
just_right-wing,1,1,0
just_amused,1,1,0
just_amiable,1,1,0
just_amateurish,1,1,0
just_alkaline,1,1,0
just_alarmist,1,1,0
just_airy,1,1,0
just_airtight,1,1,0
just_airborne,1,1,0
just_ailing,1,1,0
just_agreeable,1,1,0
just_aging,1,1,0
just_african-american,1,1,0
just_advanced,1,1,0
just_adjustable,1,1,0
just_addicting,1,1,0
just_adaptive,1,1,0
just_adamant,1,1,0
just_acidic,1,1,0
just_amicable,1,1,0
just_androgynous,1,1,0
just_abused,1,1,0
just_angelic,1,1,0
just_austere,1,1,0
just_auspicious,1,1,0
just_audacious,1,1,0
just_atrocious,1,1,0
just_atmospheric,1,1,0
just_at-risk,1,1,0
just_astute,1,1,0
just_askew,1,1,0
just_arousing,1,1,0
just_argumentative,1,1,0
just_arcane,1,1,0
just_approximate,1,1,0
just_approachable,1,1,0
just_appetizing,1,1,0
just_appalled,1,1,0
just_anti-semitic,1,1,0
just_angrier,1,1,0
just_abysmal,1,1,0
just_absorbing,1,1,0
just_authoritative,1,1,0
irritatingly_egotistical,1,1,0
irritatingly_conspicuous,1,1,0
irritatingly_challenging,1,1,0
irritatingly_bubbly,1,1,0
irritatingly_antsy,1,1,0
irritatingly_angelic,1,1,0
irresistibly_self-evident,1,1,0
irresistibly_playful,1,1,0
irresistibly_neurotic,1,1,0
irresistibly_intriguing,1,1,0
irresistibly_gorgeous,1,1,0
irresistibly_fascinating,1,1,0
irresistibly_determined,1,1,0
irresistibly_cute,1,1,0
irresistibly_contagious,1,0,1
irresistibly_brazen,1,1,0
irresistibly_attractive,1,1,0
irresistibly_adorable,1,1,0
irritatingly_crumbly,1,1,0
irritatingly_perfect,1,1,0
just_3d,1,1,0
irritatingly_slow,1,1,0
jointly_true,1,1,0
jointly_responsible,1,1,0
jointly_exhaustive,1,1,0
jointly_consensual,1,1,0
jaw-droppingly_terrible,1,1,0
jaw-droppingly_sumptuous,1,1,0
jaw-droppingly_successful,1,1,0
jaw-droppingly_original,1,1,0
jaw-droppingly_offensive,1,0,1
jaw-droppingly_luxurious,1,1,0
jaw-droppingly_ludicrous,1,1,0
jaw-droppingly_detailed,1,1,0
jaw-droppingly_beautiful,1,1,0
jaw-droppingly_bad,1,1,0
jaw-droppingly_amazing,1,1,0
jaw-droppingly_accurate,1,1,0
irritatingly_weak,1,1,0
just_authoritarian,1,1,0
just_autistic,1,1,0
just_revolting,1,1,0
just_consequential,1,1,0
just_congenial,1,1,0
just_confidential,1,1,0
just_conductive,1,1,0
just_compulsory,1,1,0
just_compulsive,1,1,0
just_comprehensible,1,1,0
just_communicative,1,1,0
just_comic,1,1,0
just_colorless,1,1,0
just_collectible,1,1,0
just_cohesive,1,1,0
just_cluttered,1,1,0
just_cloying,1,1,0
just_closest,1,1,0
just_clingy,1,1,0
just_clear-cut,1,1,0
just_chunky,1,1,0
just_conscientious,1,1,0
just_contemptible,1,1,0
just_choppy,1,1,0
just_contemptuous,1,1,0
just_deceptive,1,1,0
just_dear,1,1,0
just_daring,1,1,0
just_dapper,1,1,0
just_damning,1,1,0
just_dainty,1,1,0
just_daily,1,1,0
just_cutesy,1,1,0
just_curvy,1,1,0
just_cursory,1,1,0
just_cunning,1,1,0
just_culpable,1,1,0
just_covert,1,1,0
just_corny,1,1,0
just_conversational,1,1,0
just_contiguous,1,1,0
just_contented,1,1,0
just_chronic,1,1,0
just_childlike,1,1,0
just_autobiographical,1,1,0
just_bountiful,1,1,0
just_bossy,1,1,0
just_bombastic,1,1,0
just_blurred,1,1,0
just_blond,1,1,0
just_blessed,1,1,0
just_blasphemous,1,1,0
just_biodiverse,1,1,0
just_biggest,1,1,0
just_bewildering,1,1,0
just_bewildered,1,1,0
just_bespoke,1,1,0
just_befitting,1,1,0
just_baggy,1,1,0
just_avoidable,1,1,0
just_avid,1,1,0
just_averse,1,1,0
just_autonomous,1,1,0
just_bouncy,1,1,0
just_brazen,1,1,0
just_cheerful,1,1,0
just_breathable,1,1,0
just_changeable,1,1,0
just_celebratory,1,1,0
just_celebrated,1,1,0
just_cause,1,1,0
just_caucasian,1,1,0
just_cartoony,1,1,0
just_cartoonish,1,1,0
just_carnal,1,1,0
just_caring,1,1,0
just_capricious,1,1,0
just_calming,1,1,0
just_calmer,1,1,0
just_businesslike,1,1,0
just_bureaucratic,1,1,0
just_buggy,1,1,0
just_brooding,1,1,0
just_brisk,1,1,0
irredeemably_wicked,1,1,0
irredeemably_vile,1,1,0
irredeemably_tragic,1,1,0
intuitively_helpful,1,1,0
intuitively_familiar,1,1,0
intuitively_experiential,1,1,0
intuitively_easy,1,1,0
intuitively_easier,1,1,0
intuitively_dangerous,1,1,0
intuitively_criminal,1,1,0
intuitively_creative,1,1,0
intuitively_correct,1,1,0
intuitively_clever,1,1,0
intuitively_applicable,1,1,0
intuitively_actionable,1,1,0
intuitively_able,1,1,0
intrinsically_young,1,0,1
intrinsically_wonderful,1,1,0
intrinsically_wicked,1,0,1
intrinsically_western,1,0,1
intrinsically_weird,1,0,1
intuitively_good,1,1,0
intuitively_marketable,1,1,0
intrinsically_vicious,1,1,0
intuitively_persuasive,1,1,0
invariably_awesome,1,1,0
invariably_applicable,1,1,0
invariably_appealing,1,1,0
invariably_anti-democratic,1,1,0
invariably_addictive,1,1,0
intuitively_worth,1,1,0
intuitively_wise,1,1,0
intuitively_unacceptable,1,1,0
intuitively_surprising,1,1,0
intuitively_superior,1,1,0
intuitively_silly,1,1,0
intuitively_sensible,1,1,0
intuitively_selfish,1,1,0
intuitively_rewarding,1,1,0
intuitively_related,1,1,0
intuitively_predisposed,1,1,0
intuitively_plausible,1,1,0
intrinsically_vulnerable,1,1,0
intrinsically_verbal,1,1,0
irredeemably_terrible,1,1,0
intrinsically_thrilling,1,1,0
intrinsically_theological,1,1,0
intrinsically_symbolic,1,1,0
intrinsically_sweet,1,0,1
intrinsically_susceptible,1,0,1
intrinsically_stupid,1,1,0
intrinsically_strong,1,1,0
intrinsically_strange,1,0,1
intrinsically_stoic,1,1,0
intrinsically_startling,1,0,1
intrinsically_stable,1,1,0
intrinsically_specific,1,1,0
intrinsically_slow,1,0,1
intrinsically_skilled,1,1,0
intrinsically_shameful,1,0,1
intrinsically_sexy,1,1,0
intrinsically_sensitive,1,1,0
intrinsically_self-aware,1,1,0
intrinsically_therapeutic,1,1,0
intrinsically_tolerant,1,1,0
intrinsically_vegan,1,1,0
intrinsically_toxic,1,1,0
intrinsically_unthinkable,1,1,0
intrinsically_unsustainable,1,0,1
intrinsically_unsound,1,1,0
intrinsically_unprofitable,1,1,0
intrinsically_unnatural,1,1,0
intrinsically_unlikely,1,0,1
intrinsically_unjust,1,1,0
intrinsically_uninteresting,1,1,0
intrinsically_unfair,1,1,0
intrinsically_undesirable,1,1,0
intrinsically_understandable,1,1,0
intrinsically_unable,1,1,0
intrinsically_ugly,1,1,0
intrinsically_truer,1,1,0
intrinsically_troubling,1,0,1
intrinsically_trivial,1,1,0
intrinsically_trashy,1,1,0
invariably_benign,1,1,0
invariably_certain,1,1,0
invariably_christian,1,1,0
irrationally_allergic,1,1,0
ironically_timely,1,1,0
ironically_sexy,1,1,0
ironically_sexist,1,1,0
ironically_racist,1,1,0
ironically_funny,1,1,0
ironically_fashionable,1,1,0
ironically_enjoyable,1,1,0
ironically_endearing,1,1,0
ironically_clever,1,0,1
ironically_bleak,1,1,0
invariably_wretched,1,1,0
invariably_wise,1,1,0
invariably_virtuous,1,1,0
invariably_violent,1,1,0
invariably_vapid,1,1,0
invariably_tight,1,1,0
invariably_sympathetic,1,1,0
ironically_tragic,1,1,0
irrationally_discriminatory,1,1,0
invariably_clean,1,1,0
irrationally_fearful,1,1,0
irredeemably_shitty,1,1,0
irredeemably_obtuse,1,1,0
irredeemably_irresponsible,1,1,0
irredeemably_hopeless,1,1,0
irredeemably_dismal,1,1,0
irrationally_worried,1,1,0
irrationally_unnecessary,1,1,0
irrationally_troublesome,1,1,0
irrationally_terrified,1,1,0
irrationally_suicidal,1,1,0
irrationally_sentimental,1,0,1
irrationally_scared,1,1,0
irrationally_presumptuous,1,0,1
irrationally_passionate,1,1,0
irrationally_optimistic,1,1,0
irrationally_naive,1,1,0
irrationally_furious,1,1,0
invariably_supportive,1,1,0
invariably_sterile,1,1,0
invariably_squeamish,1,1,0
invariably_singular,1,1,0
invariably_funny,1,1,0
invariably_friendly,1,1,0
invariably_free,1,1,0
invariably_flexible,1,1,0
invariably_flattering,1,1,0
invariably_filthy,1,1,0
invariably_expressive,1,1,0
invariably_exciting,1,1,0
invariably_efficient,1,1,0
invariably_efficacious,1,1,0
invariably_drunk,1,1,0
invariably_distinct,1,1,0
invariably_disagreeable,1,1,0
invariably_direct,1,1,0
invariably_criminal,1,1,0
invariably_creative,1,1,0
invariably_contemporary,1,1,0
invariably_heavy,1,1,0
invariably_heroic,1,1,0
invariably_immune,1,1,0
invariably_potential,1,1,0
invariably_satisfactory,1,1,0
invariably_right,1,1,0
invariably_realistic,1,1,0
invariably_proud,1,1,0
invariably_prospective,1,1,0
invariably_proportional,1,1,0
invariably_present,1,1,0
invariably_possible,1,1,0
invariably_inconsistent,1,1,0
invariably_popular,1,1,0
invariably_optimal,1,1,0
invariably_old,1,1,0
invariably_okay,1,1,0
invariably_obvious,1,1,0
invariably_male,1,1,0
invariably_intentional,1,1,0
just_decisive,1,1,0
just_defective,1,1,0
just_deferential,1,1,0
just_monstrous,1,1,0
just_monochromatic,1,1,0
just_momentous,1,1,0
just_moisturized,1,1,0
just_mixed,1,1,0
just_minimalistic,1,1,0
just_milder,1,1,0
just_mighty,1,1,0
just_midnight,1,1,0
just_metallic,1,1,0
just_merciless,1,1,0
just_menacing,1,1,0
just_melodramatic,1,1,0
just_meh,1,1,0
just_meek,1,1,0
just_meditative,1,1,0
just_marketable,1,1,0
just_marginalized,1,1,0
just_monolithic,1,1,0
just_moot,1,1,0
just_man-made,1,1,0
just_motionless,1,1,0
just_nonchalant,1,1,0
just_non-stop,1,1,0
just_non-partisan,1,1,0
just_noble,1,1,0
just_never-ending,1,1,0
just_neurotic,1,1,0
just_negotiable,1,1,0
just_negligible,1,1,0
just_nefarious,1,1,0
just_needy,1,1,0
just_naturalistic,1,1,0
just_nastier,1,1,0
just_mythic,1,1,0
just_muted,1,1,0
just_mute,1,1,0
just_mushy,1,1,0
just_mournful,1,1,0
just_manly,1,1,0
just_malleable,1,1,0
just_intricate,1,1,0
just_lengthy,1,1,0
just_leery,1,1,0
just_lax,1,1,0
just_lawless,1,1,0
just_largest,1,1,0
just_laborious,1,1,0
just_labor-intensive,1,1,0
just_kurdish,1,1,0
just_kinder,1,1,0
just_kid-friendly,1,1,0
just_justifiable,1,1,0
just_jolly,1,1,0
just_jarring,1,1,0
just_isolated,1,1,0
just_irritable,1,1,0
just_irreverent,1,1,0
just_irreplaceable,1,1,0
just_introspective,1,1,0
just_legit,1,1,0
just_libelous,1,1,0
just_male-dominated,1,1,0
just_liberating,1,1,0
just_main,1,1,0
just_magnetic,1,1,0
just_macabre,1,1,0
just_luckier,1,1,0
just_low-tech,1,1,0
just_low-key,1,1,0
just_low-income,1,1,0
just_loveable,1,1,0
just_lovable,1,1,0
just_loopy,1,1,0
just_longer,1,1,0
just_long-lasting,1,1,0
just_loathsome,1,1,0
just_limp,1,1,0
just_lifeless,1,1,0
just_life-threatening,1,1,0
just_life-changing,1,1,0
just_nonpartisan,1,1,0
just_northern,1,1,0
just_nourishing,1,1,0
just_punctual,1,1,0
just_protectionist,1,1,0
just_prosperous,1,1,0
just_prophetic,1,1,0
just_prohibitive,1,1,0
just_programmable,1,1,0
just_prodigious,1,1,0
just_proactive,1,1,0
just_pro-active,1,1,0
just_privy,1,1,0
just_pristine,1,1,0
just_prior,1,1,0
just_principal,1,1,0
just_primal,1,1,0
just_pricier,1,1,0
just_presumptuous,1,1,0
just_pressing,1,1,0
just_prepared,1,1,0
just_psyched,1,1,0
just_purposeful,1,1,0
just_nuanced,1,1,0
just_rainy,1,1,0
just_reversible,1,1,0
just_revered,1,1,0
just_restrained,1,1,0
just_restful,1,1,0
just_resonant,1,1,0
just_resolute,1,1,0
just_reserved,1,1,0
just_resentful,1,1,0
just_replete,1,1,0
just_removable,1,1,0
just_regal,1,1,0
just_rectangular,1,1,0
just_recommendable,1,1,0
just_reclusive,1,1,0
just_reassuring,1,1,0
just_reachable,1,1,0
just_raunchy,1,1,0
just_precarious,1,1,0
just_potent,1,1,0
just_populist,1,1,0
just_plush,1,1,0
just_over,1,1,0
just_outside,1,1,0
just_outgoing,1,1,0
just_out,1,1,0
just_ostentatious,1,1,0
just_organized,1,1,0
just_optimal,1,1,0
just_opportune,1,1,0
just_omnipresent,1,1,0
just_ominous,1,1,0
just_offbeat,1,0,1
just_off-kilter,1,1,0
just_obtainable,1,1,0
just_obstinate,1,1,0
just_obsessive,1,1,0
just_numerous,1,1,0
just_nude,1,1,0
just_overbearing,1,1,0
just_overhead,1,1,0
just_overjoyed,1,1,0
just_perilous,1,1,0
just_pluralistic,1,1,0
just_pliable,1,1,0
just_phony,1,1,0
just_perplexed,1,1,0
just_pernicious,1,1,0
just_permissive,1,1,0
just_permeable,1,1,0
just_perceptive,1,1,0
just_overpowering,1,1,0
just_participatory,1,1,0
just_painstaking,1,1,0
just_pagan,1,1,0
just_own,1,1,0
just_overused,1,1,0
just_overt,1,1,0
just_oversized,1,0,1
just_intrinsic,1,1,0
just_interdisciplinary,1,1,0
just_deficient,1,1,0
just_fantastical,1,1,0
just_extra,1,1,0
just_expired,1,1,0
just_expansive,1,1,0
just_exempt,1,1,0
just_everyday,1,1,0
just_evangelical,1,1,0
just_euphoric,1,1,0
just_erratic,1,1,0
just_envious,1,1,0
just_entrepreneurial,1,1,0
just_engrossing,1,1,0
just_endless,1,1,0
just_encouraged,1,1,0
just_empowered,1,1,0
just_emotive,1,1,0
just_eminent,1,1,0
just_embarrassed,1,1,0
just_eye-opening,1,1,0
just_farcical,1,1,0
just_electrifying,1,1,0
just_farfetched,1,1,0
just_flirtatious,1,1,0
just_flattered,1,1,0
just_flatter,1,1,0
just_fishy,1,1,0
just_first,1,1,0
just_finite,1,1,0
just_finicky,1,1,0
just_finest,1,1,0
just_fictitious,1,1,0
just_fickle,1,1,0
just_fervent,1,1,0
just_fertile,1,1,0
just_feral,1,1,0
just_feisty,1,1,0
just_feeble,1,1,0
just_fearsome,1,1,0
just_farther,1,1,0
just_elitist,1,1,0
just_elaborate,1,1,0
just_intensive,1,1,0
just_discerning,1,1,0
just_dirtier,1,1,0
just_directional,1,1,0
just_dim,1,1,0
just_didactic,1,1,0
just_diabolical,1,1,0
just_deviant,1,1,0
just_deterministic,1,1,0
just_detectable,1,1,0
just_desirous,1,1,0
just_demure,1,1,0
just_demoralizing,1,1,0
just_demanding,1,1,0
just_deluded,1,1,0
just_delicate,1,1,0
just_deliberate,1,1,0
just_deleterious,1,1,0
just_delectable,1,1,0
just_disabled,1,1,0
just_discouraging,1,1,0
just_egregious,1,1,0
just_disgusted,1,1,0
just_efficacious,1,1,0
just_easygoing,1,1,0
just_earnest,1,1,0
just_dumbfounded,1,1,0
just_dubious,1,1,0
just_drier,1,1,0
just_dressy,1,1,0
just_dreary,1,1,0
just_drab,1,1,0
just_downward,1,1,0
just_downtrodden,1,1,0
just_dizzy,1,1,0
just_dissonant,1,1,0
just_disquieting,1,1,0
just_disposable,1,1,0
just_dismal,1,1,0
just_disjointed,1,1,0
just_flirty,1,1,0
just_forgetful,1,1,0
just_forgiving,1,1,0
just_inconspicuous,1,1,0
just_impervious,1,1,0
just_impersonal,1,1,0
just_imperceptible,1,1,0
just_immutable,1,1,0
just_immobile,1,1,0
just_immigrant,1,1,0
just_immaterial,1,1,0
just_imaginable,1,1,0
just_illusory,1,1,0
just_illicit,1,1,0
just_idyllic,1,1,0
just_identifiable,1,1,0
just_icky,1,1,0
just_hypnotic,1,1,0
just_hyperactive,1,1,0
just_hyper,1,1,0
just_hurt,1,1,0
just_incoherent,1,1,0
just_incumbent,1,1,0
just_formative,1,1,0
just_indecent,1,1,0
just_intangible,1,1,0
just_insufferable,1,1,0
just_instant,1,1,0
just_inspired,1,1,0
just_insincere,1,1,0
just_insidious,1,1,0
just_insatiable,1,1,0
just_initial,1,1,0
just_informed,1,1,0
just_informal,1,1,0
just_infinite,1,1,0
just_inert,1,1,0
just_individualistic,1,1,0
just_indispensable,1,1,0
just_indiscriminate,1,1,0
just_indignant,1,1,0
just_indecisive,1,1,0
just_humiliating,1,1,0
just_humid,1,1,0
just_horrendous,1,1,0
just_hindu,1,1,0
just_governmental,1,1,0
just_glossy,1,1,0
just_glaring,1,1,0
just_ghastly,1,1,0
just_gendered,1,1,0
just_geeky,1,1,0
just_gaudy,1,1,0
just_funky,1,1,0
just_fuel-efficient,1,1,0
just_fruitless,1,1,0
just_front,1,1,0
just_frigid,1,1,0
just_frightened,1,1,0
just_freaky,1,1,0
just_frank,1,1,0
just_fragrant,1,1,0
just_formulaic,1,1,0
just_gratified,1,1,0
just_grave,1,1,0
just_groggy,1,1,0
just_haunting,1,1,0
just_highest,1,1,0
just_high-quality,1,1,0
just_hierarchical,1,1,0
just_hesitant,1,1,0
just_hectic,1,1,0
just_heady,1,1,0
just_hazy,1,1,0
just_harmonious,1,1,0
just_gut-wrenching,1,1,0
just_hardy,1,1,0
just_hardworking,1,1,0
just_hardline,1,1,0
just_hapless,1,1,0
just_handicapped,1,1,0
just_hairy,1,1,0
just_habitable,1,1,0
inherently_evocative,1,0,1
inherently_entrepreneurial,1,1,0
less_bloated,1,1,0
however_objective,1,0,1
however_nice,1,0,1
however_much,1,1,0
however_more,1,1,0
however_mindful,1,1,0
however_many,1,1,0
however_loving,1,1,0
however_legal,1,1,0
however_large,1,1,0
however_keen,1,1,0
however_isolated,1,0,1
however_invincible,1,1,0
however_instant,1,1,0
however_insidious,1,1,0
however_inherent,1,1,0
however_inevitable,1,1,0
however_ineffective,1,0,1
however_incurable,1,1,0
however_nuanced,1,0,1
however_offensive,1,1,0
however_improper,1,1,0
however_optimistic,1,0,1
however_recent,1,1,0
however_real,1,0,1
however_random,1,1,0
however_qualified,1,0,1
however_pure,1,0,1
however_profitable,1,0,1
however_privileged,1,0,1
however_powerful,1,0,1
however_popular,1,1,0
however_personal,1,0,1
however_permanent,1,1,0
however_perfect,1,0,1
however_peaceful,1,1,0
however_particular,1,1,0
however_painful,1,1,0
however_outstanding,1,0,1
however_outlandish,1,0,1
however_inconceivable,1,1,0
however_impossible,1,1,0
however_resistant,1,1,0
however_easy,1,1,0
however_discriminatory,1,0,1
however_dependent,1,1,0
however_demeaning,1,1,0
however_definitive,1,1,0
however_dear,1,0,1
however_dead,1,1,0
however_curable,1,1,0
however_crude,1,0,1
however_crazy,1,1,0
however_courteous,1,0,1
however_correct,1,1,0
however_contrary,1,1,0
however_consistent,1,1,0
however_complete,1,0,1
however_clever,1,0,1
however_capable,1,1,0
however_british,1,1,0
however_easier,1,1,0
however_efficient,1,1,0
however_immutable,1,1,0
however_egregious,1,0,1
however_immoral,1,1,0
however_idiosyncratic,1,0,1
however_identical,1,1,0
however_hungry,1,1,0
however_high,1,0,1
however_hard,1,1,0
however_grave,1,1,0
however_generous,1,1,0
however_fun,1,0,1
however_free,1,1,0
however_flawed,1,1,0
however_fast,1,1,0
however_familiar,1,1,0
however_extraordinary,1,0,1
however_exclusive,1,1,0
however_excellent,1,0,1
however_endemic,1,1,0
however_regular,1,1,0
however_responsible,1,1,0
hugely_demanding,1,1,0
hugely_bright,1,1,0
hugely_big,1,1,0
hugely_beautiful,1,1,0
hugely_bearish,1,1,0
hugely_bad,1,1,0
hugely_aware,1,1,0
hugely_available,1,1,0
hugely_autobiographical,1,1,0
hugely_atypical,1,0,1
hugely_articulate,1,1,0
hugely_arrogant,1,1,0
hugely_aromatic,1,1,0
hugely_arduous,1,1,0
hugely_appreciative,1,1,0
hugely_applicable,1,1,0
hugely_apparent,1,1,0
hugely_anticlimactic,1,1,0
hugely_amusing,1,1,0
hugely_bloody,1,1,0
hugely_brilliant,1,1,0
hugely_alluring,1,1,0
hugely_bumpy,1,1,0
hugely_credible,1,1,0
hugely_crafty,1,1,0
hugely_coy,1,1,0
hugely_corrupt,1,1,0
hugely_convinced,1,1,0
hugely_convenient,1,1,0
hugely_constructive,1,1,0
hugely_consequential,1,1,0
hugely_coincidental,1,1,0
hugely_close,1,1,0
hugely_clearer,1,1,0
hugely_cheaper,1,1,0
hugely_charismatic,1,1,0
hugely_catchy,1,1,0
hugely_catastrophic,1,1,0
hugely_captivating,1,1,0
hugely_burdensome,1,1,0
hugely_amazing,1,1,0
hugely_affordable,1,1,0
however_ridiculous,1,0,1
however_tough,1,0,1
however_tempting,1,1,0
however_sustainable,1,1,0
however_surprising,1,1,0
however_sudden,1,1,0
however_sublime,1,0,1
however_strong,1,1,0
however_strange,1,0,1
however_straightforward,1,1,0
however_specific,1,1,0
however_sorry,1,1,0
however_simple,1,1,0
however_short,1,1,0
however_shocked,1,1,0
however_sceptical,1,0,1
however_scared,1,1,0
however_safe,1,1,0
however_sacred,1,0,1
however_thrilling,1,1,0
however_uncommon,1,1,0
hugely_advanced,1,1,0
however_uncontroversial,1,1,0
hugely_addictive,1,1,0
hugely_accessible,1,1,0
hugely_abundant,1,1,0
hugely_abnormal,1,0,1
however_worried,1,1,0
however_wise,1,1,0
however_willing,1,1,0
however_welcome,1,1,0
however_weird,1,0,1
however_vivid,1,0,1
however_visible,1,1,0
however_useful,1,0,1
however_usable,1,1,0
however_uplifting,1,0,1
however_unwise,1,1,0
however_unpleasant,1,0,1
however_universal,1,1,0
however_brilliant,1,0,1
however_bizarre,1,0,1
however_benign,1,1,0
horribly_overcrowded,1,1,0
horribly_onerous,1,1,0
horribly_one-sided,1,1,0
horribly_old,1,1,0
horribly_obese,1,1,0
horribly_noticeable,1,1,0
horribly_negative,1,1,0
horribly_nefarious,1,1,0
horribly_mute,1,1,0
horribly_musical,1,1,0
horribly_muscular,1,1,0
horribly_miserable,1,0,1
horribly_memorable,1,0,1
horribly_mannered,1,1,0
horribly_macabre,1,1,0
horribly_loud,1,1,0
horribly_limited,1,1,0
horribly_life-threatening,1,1,0
horribly_outdated,1,1,0
horribly_overdone,1,1,0
horribly_knowledgeable,1,1,0
horribly_overpriced,1,1,0
horribly_severe,1,1,0
horribly_retarded,1,1,0
horribly_resonant,1,1,0
horribly_representative,1,1,0
horribly_rebellious,1,1,0
horribly_reactionary,1,1,0
horribly_rapid,1,1,0
horribly_quaint,1,1,0
horribly_prone,1,1,0
horribly_popular,1,1,0
horribly_poor,1,1,0
horribly_plastic,1,1,0
horribly_picky,1,1,0
horribly_pervasive,1,1,0
horribly_permanent,1,1,0
horribly_passionate,1,1,0
horribly_partisan,1,1,0
horribly_large,1,1,0
horribly_irritating,1,1,0
however_attractive,1,1,0
horribly_embarrassed,1,1,0
horribly_distracting,1,1,0
horribly_distant,1,1,0
horribly_disrespectful,1,1,0
horribly_disgusting,1,1,0
horribly_disappointing,1,1,0
horribly_devout,1,1,0
horribly_detrimental,1,1,0
horribly_cynical,1,1,0
horribly_crowded,1,1,0
horribly_critical,1,1,0
horribly_crazy,1,1,0
horribly_costly,1,1,0
horribly_correct,1,1,0
horribly_compelling,1,1,0
horribly_clunky,1,1,0
horribly_cliche,1,1,0
horribly_cheap,1,1,0
horribly_efficient,1,1,0
horribly_embarrassing,1,1,0
horribly_insensitive,1,1,0
horribly_enthusiastic,1,1,0
horribly_inexperienced,1,1,0
horribly_inept,1,1,0
horribly_indulgent,1,1,0
horribly_incompetent,1,1,0
horribly_impossible,1,1,0
horribly_impolite,1,1,0
horribly_illogical,1,1,0
horribly_gory,1,1,0
horribly_generic,1,1,0
horribly_full,1,1,0
horribly_frustrating,1,1,0
horribly_frightening,1,1,0
horribly_friendly,1,1,0
horribly_fond,1,1,0
horribly_flat,1,1,0
horribly_fascinating,1,1,0
horribly_evil,1,1,0
horribly_shocking,1,1,0
horribly_shy,1,1,0
horribly_similar,1,1,0
horrifyingly_busy,1,1,0
horrifyingly_annoying,1,1,0
horrifically_wrong,1,1,0
horrifically_worse,1,1,0
horrifically_violent,1,1,0
horrifically_underweight,1,1,0
horrifically_ugly,1,1,0
horrifically_tragic,1,1,0
horrifically_strange,1,1,0
horrifically_rude,1,1,0
horrifically_relevant,1,1,0
horrifically_offensive,1,1,0
horrifically_mistaken,1,1,0
horrifically_low,1,1,0
horrifically_large,1,1,0
horrifically_jealous,1,1,0
horrifically_inhumane,1,1,0
horrifically_flawed,1,1,0
horrifyingly_bad,1,1,0
horrifyingly_complex,1,1,0
horribly_sinister,1,0,1
horrifyingly_cruel,1,1,0
however_apparent,1,1,0
however_annoying,1,1,0
however_angry,1,1,0
however_afraid,1,1,0
however_accurate,1,0,1
however_accountable,1,1,0
however_absolute,1,1,0
horrifyingly_synthetic,1,1,0
horrifyingly_sexual,1,1,0
horrifyingly_massive,1,1,0
horrifyingly_interesting,1,1,0
horrifyingly_intense,1,1,0
horrifyingly_gruesome,1,0,1
horrifyingly_glaring,1,1,0
horrifyingly_extraordinary,1,1,0
horrifyingly_effective,1,1,0
horrifyingly_dull,1,1,0
horrifically_explicit,1,0,1
horrifically_distracting,1,1,0
horrifically_disappointed,1,1,0
horrifically_devastating,1,1,0
horribly_transparent,1,1,0
horribly_torturous,1,1,0
horribly_tight,1,1,0
horribly_thrilled,1,1,0
horribly_thick,1,1,0
horribly_terrible,1,1,0
horribly_tedious,1,1,0
horribly_taxing,1,0,1
horribly_tacky,1,1,0
horribly_sugary,1,1,0
horribly_successful,1,1,0
horribly_substandard,1,1,0
horribly_strict,1,1,0
horribly_straightforward,1,1,0
horribly_stinky,1,1,0
horribly_stiff,1,1,0
horribly_special,1,0,1
horribly_traumatizing,1,1,0
horribly_un-american,1,1,0
horribly_unfashionable,1,1,0
horribly_virulent,1,1,0
horrifically_depressing,1,1,0
horrifically_cruel,1,1,0
horrifically_complicated,1,0,1
horrifically_buggy,1,1,0
horrifically_boring,1,1,0
horribly_worried,1,1,0
horribly_vulnerable,1,1,0
horribly_vicious,1,1,0
horribly_unhappy,1,1,0
horribly_valuable,1,1,0
horribly_untouchable,1,1,0
horribly_unsatisfying,1,1,0
horribly_unprofessional,1,1,0
horribly_unlucky,1,1,0
horribly_unkind,1,1,0
horribly_unjust,1,1,0
hugely_crowded,1,1,0
hugely_demeaning,1,1,0
horribly_capitalist,1,1,0
ideally_democratic,1,1,0
ideally_cost-effective,1,1,0
ideally_civilized,1,1,0
ideally_athletic,1,1,0
ideally_alluring,1,1,0
ideally_aesthetic,1,1,0
ideally_accurate,1,1,0
hysterically_sick,1,1,0
hysterically_misogynistic,1,1,0
hysterically_entertaining,1,1,0
hysterically_astute,1,1,0
hysterically_angry,1,1,0
hysterically_alarmist,1,1,0
hyper_visible,1,1,0
hyper_vigilant,1,1,0
hyper_talented,1,1,0
hyper_sweet,1,1,0
hyper_stylish,1,1,0
ideally_crisp,1,1,0
ideally_efficient,1,1,0
hyper_proactive,1,1,0
ideally_fluid,1,1,0
ideally_stable,1,1,0
ideally_similar,1,1,0
ideally_sharp,1,1,0
ideally_salacious,1,1,0
ideally_safe,1,1,0
ideally_round,1,1,0
ideally_representative,1,1,0
ideally_refined,1,1,0
ideally_rational,1,1,0
ideally_qualified,1,1,0
ideally_protective,1,1,0
ideally_possible,1,1,0
ideally_liberal,1,1,0
ideally_integrated,1,1,0
ideally_helpful,1,1,0
ideally_fun,1,1,0
ideally_friendly,1,1,0
hyper_responsive,1,1,0
hyper_precise,1,1,0
ideally_symmetrical,1,1,0
humanly_relevant,1,1,0
humanly_realistic,1,1,0
humanly_profound,1,1,0
humanly_noticeable,1,1,0
humanly_natural,1,1,0
humanly_militaristic,1,0,1
humanly_likely,1,1,0
humanly_interesting,1,1,0
humanly_imaginable,1,1,0
humanly_good,1,1,0
humanly_foreseeable,1,1,0
humanly_feasible,1,1,0
humanly_existent,1,1,0
humanly_equal,1,1,0
humanly_edible,1,0,1
humanly_curious,1,1,0
humanly_controllable,1,1,0
humanly_comprehensible,1,1,0
humanly_reasonable,1,1,0
humanly_right,1,1,0
hyper_personal,1,1,0
humanly_sensible,1,1,0
hyper_partisan,1,1,0
hyper_medical,1,1,0
hyper_masculine,1,1,0
hyper_knowledgable,1,1,0
hyper_glossy,1,1,0
hyper_flammable,1,1,0
hyper_feminine,1,1,0
hyper_explosive,1,1,0
hyper_excited,1,1,0
hyper_efficient,1,1,0
hyper_detailed,1,1,0
hyper_concerned,1,1,0
hyper_available,1,1,0
hyper_ambitious,1,1,0
hyper_active,1,1,0
humanly_wrong,1,0,1
humanly_surprising,1,1,0
ideally_strong,1,1,0
ideally_uniform,1,1,0
hugely_dense,1,1,0
immeasurably_richer,1,1,0
immeasurably_grateful,1,1,0
immeasurably_fun,1,1,0
immeasurably_distant,1,1,0
immeasurably_deep,1,1,0
immaculately_fresh,1,1,0
ideologically_wrong,1,1,0
ideologically_useless,1,1,0
ideologically_unified,1,1,0
ideologically_transparent,1,1,0
ideologically_tough,1,1,0
ideologically_tidy,1,1,0
ideologically_sympathetic,1,1,0
ideologically_surprising,1,1,0
ideologically_stalwart,1,1,0
ideologically_socialist,1,1,0
ideologically_singular,1,1,0
ideologically_simplistic,1,1,0
immeasurably_greater,1,1,0
immeasurably_superior,1,1,0
ideologically_sharp,1,1,0
immediately_abrasive,1,1,0
immediately_awake,1,1,0
immediately_audible,1,1,0
immediately_architectural,1,1,0
immediately_appropriate,1,1,0
immediately_approachable,1,1,0
immediately_appreciative,1,1,0
immediately_answerable,1,1,0
immediately_annoying,1,1,0
immediately_annoyed,1,1,0
immediately_analogous,1,0,1
immediately_akin,1,1,0
immediately_agreeable,1,1,0
immediately_afraid,1,1,0
immediately_advisable,1,1,0
immediately_adaptable,1,1,0
immediately_abundant,1,1,0
immediately_absurd,1,1,0
ideologically_similar,1,1,0
ideologically_sensational,1,1,0
ideologically_acceptable,1,1,0
ideologically_friendly,1,1,0
ideologically_exclusive,1,1,0
ideologically_dramatic,1,1,0
ideologically_divisive,1,1,0
ideologically_distant,1,1,0
ideologically_correct,1,1,0
ideologically_concerned,1,1,0
ideologically_complicated,1,1,0
ideologically_communist,1,1,0
ideologically_closer,1,1,0
ideologically_clear-cut,1,1,0
ideologically_clean,1,1,0
ideologically_chaotic,1,1,0
ideologically_catholic,1,1,0
ideologically_bankrupt,1,1,0
ideologically_averse,1,1,0
ideologically_advantageous,1,1,0
ideologically_advanced,1,1,0
ideologically_fascist,1,1,0
ideologically_homogenous,1,1,0
ideologically_safe,1,1,0
ideologically_indifferent,1,1,0
ideologically_right,1,1,0
ideologically_republican,1,1,0
ideologically_representative,1,1,0
ideologically_receptive,1,1,0
ideologically_radical,1,1,0
ideologically_powerful,1,1,0
ideologically_overwrought,1,1,0
ideologically_open,1,1,0
ideologically_nebulous,1,1,0
ideologically_neat,1,1,0
ideologically_murderous,1,1,0
ideologically_monolithic,1,1,0
ideologically_lurid,1,1,0
ideologically_loyal,1,1,0
ideologically_leftist,1,1,0
ideologically_left-wing,1,1,0
ideologically_innocent,1,1,0
humanly_commensurate,1,1,0
humanly_comfortable,1,1,0
humanly_capable,1,1,0
hugely_introspective,1,1,0
hugely_interactive,1,1,0
hugely_intense,1,1,0
hugely_intelligent,1,1,0
hugely_inspirational,1,1,0
hugely_insightful,1,1,0
hugely_inferior,1,1,0
hugely_inclined,1,1,0
hugely_implausible,1,1,0
hugely_illuminating,1,1,0
hugely_ill-advised,1,1,0
hugely_identifiable,1,1,0
hugely_hopeful,1,1,0
hugely_homophobic,1,1,0
hugely_higher,1,1,0
hugely_green,1,1,0
hugely_graceful,1,1,0
hugely_good,1,1,0
hugely_intricate,1,1,0
hugely_intrusive,1,1,0
hugely_fussy,1,1,0
hugely_irresponsible,1,1,0
hugely_nutritious,1,1,0
hugely_nuanced,1,1,0
hugely_novel,1,1,0
hugely_noticable,1,1,0
hugely_noteworthy,1,1,0
hugely_noble,1,1,0
hugely_negative,1,1,0
hugely_mountainous,1,1,0
hugely_messy,1,1,0
hugely_maternal,1,1,0
hugely_loyal,1,1,0
hugely_loud,1,1,0
hugely_long-lived,1,1,0
hugely_liveable,1,1,0
hugely_lavish,1,0,1
hugely_jarring,1,1,0
hugely_irritating,1,1,0
hugely_germane,1,1,0
hugely_frustrating,1,1,0
humanly_beneficial,1,1,0
hugely_experimental,1,1,0
hugely_evident,1,1,0
hugely_evangelical,1,1,0
hugely_ethical,1,1,0
hugely_engrossing,1,1,0
hugely_endearing,1,1,0
hugely_enamoured,1,1,0
hugely_enamored,1,1,0
hugely_elite,1,0,1
hugely_egregious,1,1,0
hugely_educational,1,1,0
hugely_edifying,1,1,0
hugely_eager,1,1,0
hugely_drastic,1,1,0
hugely_distressing,1,1,0
hugely_distracting,1,1,0
hugely_distinguishable,1,1,0
hugely_disproportionate,1,1,0
hugely_exceptional,1,1,0
hugely_eye-catching,1,1,0
hugely_fruitful,1,1,0
hugely_fancy,1,0,1
hugely_frightening,1,1,0
hugely_friendly,1,1,0
hugely_frequent,1,1,0
hugely_forthcoming,1,1,0
hugely_formulaic,1,1,0
hugely_flavourful,1,1,0
hugely_flavorful,1,1,0
hugely_flattering,1,1,0
hugely_flattered,1,1,0
hugely_fit,1,1,0
hugely_fertile,1,1,0
hugely_fearful,1,1,0
hugely_favourable,1,1,0
hugely_favorable,1,1,0
hugely_fastidious,1,1,0
hugely_faster,1,1,0
hugely_fast,1,1,0
hugely_objectionable,1,1,0
hugely_obsessed,1,1,0
hugely_obvious,1,1,0
hugely_triumphant,1,1,0
hugely_trendy,1,1,0
hugely_transformational,1,1,0
hugely_toxic,1,1,0
hugely_tolerant,1,1,0
hugely_tedious,1,1,0
hugely_technical,1,1,0
hugely_tall,1,1,0
hugely_sweet,1,1,0
hugely_suspicious,1,1,0
hugely_suspenseful,1,1,0
hugely_superstitious,1,1,0
hugely_subtle,1,1,0
hugely_stupid,1,1,0
hugely_stubborn,1,1,0
hugely_strict,1,1,0
hugely_strange,1,1,0
hugely_spicy,1,1,0
hugely_tricky,1,1,0
hugely_troubling,1,1,0
hugely_off-putting,1,1,0
hugely_underdeveloped,1,1,0
humanly_alone,1,1,0
humanly_achievable,1,1,0
hugely_worse,1,1,0
hugely_worrisome,1,1,0
hugely_wasteful,1,1,0
hugely_voluminous,1,1,0
hugely_vocal,1,1,0
hugely_visual,1,0,1
hugely_variable,1,1,0
hugely_urgent,1,1,0
hugely_upset,1,1,0
hugely_uplifting,1,1,0
hugely_unpopular,1,1,0
hugely_unimportant,1,1,0
hugely_unfit,1,1,0
hugely_unexpected,1,1,0
hugely_underrated,1,1,0
hugely_speculative,1,1,0
hugely_sophisticated,1,1,0
hugely_sober,1,1,0
hugely_smooth,1,1,0
hugely_realistic,1,1,0
hugely_racist,1,1,0
hugely_quick,1,1,0
hugely_progressive,1,1,0
hugely_profound,1,0,1
hugely_prevalent,1,1,0
hugely_pregnant,1,1,0
hugely_pivotal,1,1,0
hugely_physical,1,1,0
hugely_pessimistic,1,1,0
hugely_permanent,1,1,0
hugely_overpriced,1,1,0
hugely_overpowering,1,1,0
hugely_outraged,1,1,0
hugely_open,1,1,0
hugely_ominous,1,1,0
hugely_old,1,1,0
hugely_remarkable,1,1,0
hugely_representative,1,1,0
hugely_rewarding,1,1,0
hugely_selective,1,1,0
hugely_smarter,1,1,0
hugely_smart,1,1,0
hugely_slow,1,1,0
hugely_skilful,1,1,0
hugely_similar,1,1,0
hugely_short,1,1,0
hugely_sentimental,1,1,0
hugely_secret,1,0,1
hugely_richer,1,1,0
hugely_scenic,1,1,0
hugely_satisfactory,1,1,0
hugely_sanguine,1,1,0
hugely_ruinous,1,1,0
hugely_romantic,1,1,0
hugely_rigorous,1,1,0
hugely_right,1,0,1
horribly_catastrophic,1,1,0
horribly_busy,1,1,0
inherently_english,1,1,0
highly_instructive,1,1,0
highly_inebriated,1,1,0
highly_individualized,1,1,0
highly_indignant,1,1,0
highly_incorrect,1,1,0
highly_implausible,1,1,0
highly_immoral,1,1,0
highly_illogical,1,1,0
highly_illegitimate,1,1,0
highly_humanitarian,1,1,0
highly_honorable,1,1,0
highly_heterogeneous,1,1,0
highly_gross,1,1,0
highly_gifted,1,1,0
highly_fundamentalist,1,1,0
highly_frustrated,1,1,0
highly_free,1,1,0
highly_fraught,1,1,0
highly_insightful,1,1,0
highly_international,1,1,0
highly_flamboyant,1,1,0
highly_intriguing,1,1,0
highly_negotiable,1,1,0
highly_negative,1,1,0
highly_necessary,1,1,0
highly_naive,1,1,0
highly_mystical,1,0,1
highly_morbid,1,1,0
highly_moisturized,1,1,0
highly_meaningful,1,1,0
highly_mature,1,1,0
highly_mathematical,1,1,0
highly_marketable,1,1,0
highly_mandatory,1,1,0
highly_malignant,1,1,0
highly_low,1,1,0
highly_labor-intensive,1,1,0
highly_kinetic,1,1,0
highly_irritating,1,1,0
highly_fond,1,1,0
highly_fervent,1,1,0
highly_obnoxious,1,1,0
highly_enthusiastic,1,1,0
highly_energetic,1,1,0
highly_encouraging,1,1,0
highly_empirical,1,1,0
highly_elliptical,1,1,0
highly_elite,1,1,0
highly_elastic,1,1,0
highly_educational,1,1,0
highly_editable,1,1,0
highly_economical,1,1,0
highly_dysfunctional,1,1,0
highly_divisive,1,1,0
highly_diverse,1,1,0
highly_divergent,1,1,0
highly_distressing,1,1,0
highly_distraught,1,1,0
highly_distracting,1,1,0
highly_distinct,1,1,0
highly_engaging,1,1,0
highly_esoteric,1,1,0
highly_fertile,1,1,0
highly_essential,1,1,0
highly_feminine,1,1,0
highly_female,1,1,0
highly_favourable,1,1,0
highly_fascinating,1,0,1
highly_fanciful,1,1,0
highly_faithful,1,1,0
highly_fabulous,1,1,0
highly_extraordinary,1,1,0
highly_extinct,1,1,0
highly_exploitable,1,1,0
highly_experimental,1,1,0
highly_expedient,1,1,0
highly_exorbitant,1,1,0
highly_excitable,1,1,0
highly_exalted,1,1,0
highly_eventful,1,0,1
highly_ethical,1,1,0
highly_nutritional,1,1,0
highly_obtrusive,1,1,0
highly_tenuous,1,1,0
highly_shrewd,1,1,0
highly_shiny,1,1,0
highly_sexualized,1,1,0
highly_self-aware,1,0,1
highly_seasoned,1,1,0
highly_scrupulous,1,1,0
highly_sceptical,1,1,0
highly_scenic,1,1,0
highly_satisfactory,1,1,0
highly_romantic,1,1,0
highly_rigorous,1,0,1
highly_rigid,1,1,0
highly_revolutionary,1,1,0
highly_reprehensible,1,1,0
highly_remarkable,1,0,1
highly_relatable,1,1,0
highly_regrettable,1,1,0
highly_refreshing,1,1,0
highly_shocking,1,1,0
highly_situational,1,1,0
highly_recyclable,1,1,0
highly_soluble,1,1,0
highly_taxable,1,1,0
highly_tactile,1,1,0
highly_tacky,1,1,0
highly_symptomatic,1,1,0
highly_sympathetic,1,1,0
highly_sweet,1,1,0
highly_sustainable,1,1,0
highly_surprising,1,1,0
highly_sure,1,1,0
highly_sturdy,1,1,0
highly_statistical,1,1,0
highly_stable,1,1,0
highly_spiritual,1,1,0
highly_spirited,1,1,0
highly_spicy,1,1,0
highly_spectacular,1,1,0
highly_sour,1,1,0
highly_refined,1,1,0
highly_recommendable,1,1,0
highly_opaque,1,1,0
highly_prescriptive,1,1,0
highly_prejudicial,1,1,0
highly_praiseworthy,1,1,0
highly_pragmatic,1,1,0
highly_portable,1,1,0
highly_porous,1,1,0
highly_pleasing,1,1,0
highly_pleasant,1,1,0
highly_photogenic,1,1,0
highly_philosophical,1,1,0
highly_permeable,1,1,0
highly_perceptible,1,1,0
highly_peculiar,1,1,0
highly_passionate,1,1,0
highly_participatory,1,1,0
highly_organized,1,1,0
highly_orchestrated,1,1,0
highly_operational,1,1,0
highly_prescient,1,1,0
highly_present,1,1,0
highly_receptive,1,1,0
highly_presumptuous,1,1,0
highly_reasonable,1,1,0
highly_realistic,1,1,0
highly_rational,1,1,0
highly_quantifiable,1,1,0
highly_pure,1,1,0
highly_punishable,1,1,0
highly_provocative,1,1,0
highly_prosperous,1,1,0
highly_promising,1,1,0
highly_promiscuous,1,1,0
highly_prominent,1,1,0
highly_progressive,1,1,0
highly_procedural,1,0,1
highly_proactive,1,1,0
highly_privileged,1,1,0
highly_principled,1,1,0
highly_pricey,1,1,0
highly_disingenuous,1,1,0
highly_discoverable,1,1,0
highly_disciplined,1,1,0
hideously_amoral,1,1,0
heretofore_unused,1,1,0
heretofore_spotless,1,1,0
heretofore_obtainable,1,1,0
heretofore_feasible,1,1,0
heretofore_celebrated,1,1,0
heretofore_available,1,1,0
here_worried,1,1,0
here_wonderful,1,1,0
here_subject,1,1,0
here_sharper,1,1,0
here_ready,1,1,0
here_perfect,1,1,0
here_long-term,1,1,0
here_incredible,1,1,0
here_important,1,1,0
here_healthy,1,1,0
here_great,1,1,0
hideously_absurd,1,1,0
hideously_awful,1,1,0
here_faster,1,1,0
hideously_bad,1,1,0
hideously_overpriced,1,1,0
hideously_oppressed,1,1,0
hideously_lethal,1,1,0
hideously_international,1,1,0
hideously_insulting,1,1,0
hideously_incorrect,1,1,0
hideously_illegal,1,1,0
hideously_hot,1,1,0
hideously_gaudy,1,1,0
hideously_flat,1,1,0
hideously_excited,1,1,0
hideously_evil,1,1,0
hideously_depressing,1,1,0
hideously_costly,1,1,0
hideously_convincing,1,1,0
hideously_complex,1,1,0
hideously_bulky,1,1,0
here_free,1,1,0
here_fantastic,1,1,0
highly_disappointed,1,1,0
hence_easier,1,1,0
hella_wrong,1,0,1
hella_warm,1,1,0
hella_stylish,1,1,0
hella_refreshing,1,1,0
hella_lame,1,1,0
hella_impressive,1,1,0
hella_illegal,1,1,0
hella_gory,1,1,0
hella_excited,1,1,0
hella_complex,1,1,0
hella_cognizant,1,1,0
hella_busy,1,1,0
hella_ancient,1,1,0
heavily_wet,1,1,0
heavily_viscous,1,1,0
heavily_unregulated,1,1,0
heavily_unhealthy,1,1,0
hence_affordable,1,1,0
hence_eloquent,1,1,0
here_early,1,0,1
hence_fresh,1,1,0
here_earlier,1,1,0
here_disappointing,1,1,0
here_chilling,1,1,0
here_amazing,1,1,0
here_alive,1,0,1
here_adorable,1,1,0
here_able,1,1,0
hence_such,1,1,0
hence_simple,1,1,0
hence_safer,1,1,0
hence_refreshing,1,1,0
hence_reasonable,1,1,0
hence_probable,1,1,0
hence_interested,1,1,0
hence_immediate,1,1,0
hence_hard,1,1,0
hence_good,1,1,0
hideously_overused,1,1,0
hideously_red,1,1,0
hideously_scary,1,0,1
highly_conscious,1,1,0
highly_conducive,1,1,0
highly_concrete,1,1,0
highly_conceptual,1,1,0
highly_concentrated,1,1,0
highly_complicated,1,1,0
highly_complementary,1,1,0
highly_colourful,1,1,0
highly_civilized,1,1,0
highly_civilised,1,1,0
highly_charming,1,1,0
highly_charismatic,1,1,0
highly_certain,1,1,0
highly_cerebral,1,1,0
highly_bright,1,1,0
highly_biased,1,1,0
highly_believable,1,1,0
highly_befitting,1,0,1
highly_confrontational,1,1,0
highly_consistent,1,1,0
hideously_sexist,1,1,0
highly_contemptuous,1,1,0
highly_digital,1,1,0
highly_devastating,1,1,0
highly_derivative,1,1,0
highly_depressed,1,1,0
highly_deployable,1,1,0
highly_dependable,1,1,0
highly_demonstrative,1,1,0
highly_defensive,1,1,0
highly_defensible,1,1,0
highly_decent,1,1,0
highly_cyclical,1,1,0
highly_curious,1,1,0
highly_culpable,1,1,0
highly_counterproductive,1,1,0
highly_cost-efficient,1,1,0
highly_contrasting,1,1,0
highly_contradictory,1,1,0
highly_automatic,1,1,0
highly_automated,1,1,0
highly_authoritarian,1,1,0
highly_atypical,1,1,0
highly_adaptive,1,1,0
highly_abnormal,1,1,0
highly_able,1,1,0
higher_sufficient,1,1,0
higher_mystical,1,1,0
higher_high,1,1,0
high_valuable,1,1,0
high_passable,1,1,0
high_most,1,1,0
high_likely,1,1,0
high_formal,1,1,0
high_explosive,1,1,0
high_expensive,1,1,0
high_detailed,1,1,0
high_available,1,1,0
hideously_unprepared,1,1,0
hideously_squeamish,1,1,0
highly_admirable,1,1,0
highly_advantageous,1,1,0
highly_aerodynamic,1,1,0
highly_approachable,1,1,0
highly_atmospheric,1,1,0
highly_athletic,1,1,0
highly_ashamed,1,1,0
highly_artistic,1,1,0
highly_artificial,1,1,0
highly_aromatic,1,1,0
highly_appropriate,1,1,0
highly_appreciative,1,1,0
highly_agile,1,1,0
highly_applicable,1,1,0
highly_apparent,1,1,0
highly_anticipated,1,1,0
highly_antagonistic,1,1,0
highly_anemic,1,1,0
highly_ambiguous,1,1,0
highly_alcoholic,1,1,0
highly_tense,1,1,0
highly_territorial,1,1,0
horribly_bored,1,1,0
hopelessly_chaotic,1,1,0
hopelessly_blurry,1,1,0
hopelessly_bankrupt,1,1,0
hopelessly_awkward,1,1,0
hopelessly_arrogant,1,1,0
hopelessly_angry,1,1,0
hopelessly_ambiguous,1,1,0
hopelessly_adrift,1,1,0
hopefully_solid,1,1,0
hopefully_safe,1,1,0
hopefully_more,1,0,1
hopefully_lower,1,0,1
hopefully_funny,1,1,0
hopefully_fun,1,1,0
hopefully_exciting,1,1,0
honestly_touching,1,1,0
honestly_terrible,1,1,0
honestly_surprised,1,1,0
hopelessly_bubbly,1,1,0
hopelessly_confusing,1,1,0
honestly_sorry,1,1,0
hopelessly_connected,1,1,0
hopelessly_immoral,1,1,0
hopelessly_ignorant,1,1,0
hopelessly_homeless,1,1,0
hopelessly_grim,1,1,0
hopelessly_enthusiastic,1,1,0
hopelessly_endangered,1,1,0
hopelessly_dysfunctional,1,1,0
hopelessly_dry,1,1,0
hopelessly_doomed,1,1,0
hopelessly_dizzy,1,1,0
hopelessly_disappointed,1,1,0
hopelessly_difficult,1,1,0
hopelessly_devoted,1,1,0
hopelessly_despondent,1,1,0
hopelessly_derivative,1,1,0
hopelessly_dead,1,1,0
hopelessly_dark,1,1,0
honestly_stupid,1,1,0
honestly_scared,1,1,0
hopelessly_impossible,1,0,1
home_stylish,1,1,0
home_most,1,1,0
home_late,1,1,0
home_enough,1,1,0
home_charming,1,1,0
home_affordable,1,1,0
hitherto_unseen,1,1,0
hitherto_familiar,1,1,0
hitherto_accessible,1,1,0
historically_worth,1,1,0
historically_welcome,1,1,0
historically_wealthy,1,1,0
historically_visible,1,1,0
historically_viable,1,1,0
historically_valid,1,1,0
historically_untrue,1,1,0
historically_unsympathetic,1,1,0
historically_unionized,1,1,0
home_only,1,1,0
home_worthy,1,1,0
honestly_satisfied,1,1,0
honestly_amazing,1,1,0
honestly_raw,1,1,0
honestly_productive,1,1,0
honestly_poor,1,1,0
honestly_open,1,1,0
honestly_natural,1,1,0
honestly_mistaken,1,1,0
honestly_misinformed,1,1,0
honestly_mindful,1,1,0
honestly_irrelevant,1,1,0
honestly_innocent,1,1,0
honestly_excited,1,1,0
honestly_curious,1,1,0
honestly_critical,1,1,0
honestly_controversial,1,0,1
honestly_bad,1,1,0
honestly_aware,1,1,0
honestly_attainable,1,1,0
hopelessly_imperfect,1,1,0
hopelessly_incapable,1,1,0
highly_tiring,1,1,0
horrendously_sexist,1,1,0
horrendously_scary,1,1,0
horrendously_pricey,1,1,0
horrendously_painful,1,1,0
horrendously_obscure,1,1,0
horrendously_obese,1,1,0
horrendously_noisy,1,1,0
horrendously_miscast,1,1,0
horrendously_long,1,1,0
horrendously_irritating,1,1,0
horrendously_intriguing,1,1,0
horrendously_huge,1,0,1
horrendously_hot,1,1,0
horrendously_hard,1,1,0
horrendously_graphic,1,1,0
horrendously_exciting,1,1,0
horrendously_dumb,1,1,0
horrendously_disappointed,1,1,0
horrendously_serious,1,1,0
horrendously_steamy,1,1,0
horrendously_complex,1,1,0
horrendously_steep,1,1,0
horribly_bleak,1,1,0
horribly_bitter,1,1,0
horribly_awful,1,1,0
horribly_attractive,1,1,0
horribly_athletic,1,1,0
horribly_annoying,1,1,0
horribly_allergic,1,1,0
horribly_alien,1,1,0
horribly_alarming,1,1,0
horribly_aggressive,1,1,0
horribly_adverse,1,1,0
horribly_active,1,1,0
horribly_accurate,1,1,0
horrendously_wrong,1,1,0
horrendously_unfair,1,1,0
horrendously_underrated,1,1,0
horrendously_thick,1,1,0
horrendously_derogatory,1,1,0
horrendously_angry,1,1,0
hopelessly_incompetent,1,1,0
hopelessly_self-indulgent,1,1,0
hopelessly_retarded,1,1,0
hopelessly_resistant,1,1,0
hopelessly_republican,1,1,0
hopelessly_racist,1,1,0
hopelessly_opaque,1,1,0
hopelessly_obsessed,1,1,0
hopelessly_moronic,1,1,0
hopelessly_modern,1,1,0
hopelessly_misguided,1,1,0
hopelessly_militant,1,1,0
hopelessly_long,1,1,0
hopelessly_kinky,1,1,0
hopelessly_insipid,1,1,0
hopelessly_inquisitive,1,1,0
hopelessly_inept,1,1,0
hopelessly_indifferent,1,1,0
hopelessly_incongruous,1,1,0
hopelessly_ridiculous,1,1,0
hopelessly_short-term,1,1,0
horrendously_allergic,1,1,0
hopelessly_silly,1,1,0
hopelessly_wooden,1,1,0
hopelessly_vulnerable,1,1,0
hopelessly_violent,1,1,0
hopelessly_vain,1,0,1
hopelessly_vague,1,1,0
hopelessly_utopian,1,1,0
hopelessly_unreasonable,1,1,0
hopelessly_unprepared,1,1,0
hopelessly_unhealthy,1,1,0
hopelessly_underfunded,1,1,0
hopelessly_unbalanced,1,1,0
hopelessly_trivial,1,1,0
hopelessly_tragic,1,1,0
hopelessly_superficial,1,1,0
hopelessly_stiff,1,1,0
hopelessly_slow,1,1,0
hopelessly_simplistic,1,1,0
historically_unimportant,1,1,0
historically_unheard,1,1,0
historically_unfriendly,1,1,0
historically_anomalous,1,1,0
historically_alarming,1,1,0
historically_aggressive,1,1,0
historically_adrift,1,1,0
historically_adequate,1,1,0
historically_active,1,1,0
historically_acceptable,1,1,0
hilariously_useless,1,1,0
hilariously_upfront,1,1,0
hilariously_transparent,1,1,0
hilariously_stereotypical,1,1,0
hilariously_spot-on,1,1,0
hilariously_off-kilter,1,1,0
hilariously_odd,1,1,0
hilariously_ludicrous,1,1,0
hilariously_long,1,1,0
hilariously_lazy,1,1,0
hilariously_interesting,1,1,0
historically_amazing,1,1,0
historically_appealing,1,1,0
hilariously_indifferent,1,1,0
historically_athletic,1,1,0
historically_convincing,1,1,0
historically_conservative,1,0,1
historically_confusing,1,1,0
historically_conclusive,1,1,0
historically_concerned,1,1,0
historically_comprehensive,1,1,0
historically_complicit,1,1,0
historically_complete,1,1,0
historically_compatible,1,1,0
historically_commonplace,1,1,0
historically_comfortable,1,1,0
historically_cold,1,1,0
historically_close,1,1,0
historically_clear,1,1,0
historically_better,1,1,0
historically_baseless,1,1,0
historically_atrocious,1,1,0
hilariously_insane,1,1,0
hilariously_incompetent,1,1,0
historically_unfamiliar,1,1,0
highly_venomous,1,1,0
highly_upset,1,1,0
highly_unwise,1,1,0
highly_unwelcome,1,1,0
highly_unwanted,1,1,0
highly_unstable,1,1,0
highly_unreasonable,1,1,0
highly_unqualified,1,1,0
highly_unpopular,1,1,0
highly_unnecessary,1,1,0
highly_unique,1,1,0
highly_unhealthy,1,1,0
highly_unexpected,1,1,0
highly_underrated,1,1,0
highly_truthful,1,1,0
highly_trustworthy,1,1,0
highly_traumatic,1,1,0
highly_touristy,1,1,0
highly_usual,1,1,0
highly_verbal,1,1,0
hilariously_inadequate,1,1,0
highly_virulent,1,1,0
hilariously_inaccurate,1,1,0
hilariously_impossible,1,1,0
hilariously_hypocritical,1,1,0
hilariously_huge,1,1,0
hilariously_honest,1,1,0
hilariously_goofy,1,1,0
hilariously_drunk,1,1,0
hilariously_deadpan,1,1,0
hilariously_clueless,1,1,0
hilariously_clever,1,1,0
hilariously_angry,1,1,0
hilariously_absurd,1,1,0
highly_wrought,1,1,0
highly_worthwhile,1,1,0
highly_willing,1,1,0
highly_welcome,1,1,0
highly_wealthy,1,1,0
historically_crucial,1,1,0
historically_decisive,1,1,0
historically_defensible,1,1,0
historically_republican,1,1,0
historically_receptive,1,1,0
historically_realistic,1,1,0
historically_quick,1,1,0
historically_pure,1,1,0
historically_provocative,1,1,0
historically_proficient,1,1,0
historically_permanent,1,1,0
historically_overcrowded,1,1,0
historically_oppressed,1,1,0
historically_offensive,1,1,0
historically_notable,1,1,0
historically_neutral,1,1,0
historically_natural,1,0,1
historically_native,1,1,0
historically_muslim,1,1,0
historically_mistaken,1,1,0
historically_many,1,1,0
historically_remarkable,1,1,0
historically_rich,1,1,0
historically_difficult,1,1,0
historically_right,1,1,0
historically_undervalued,1,1,0
historically_tolerant,1,1,0
historically_tight,1,1,0
historically_sympathetic,1,1,0
historically_sustainable,1,1,0
historically_strict,1,1,0
historically_stellar,1,1,0
historically_stable,1,1,0
historically_specific,1,1,0
historically_special,1,0,1
historically_spanish,1,1,0
historically_small,1,1,0
historically_singular,1,1,0
historically_silly,1,1,0
historically_short,1,1,0
historically_sacred,1,0,1
historically_rigorous,1,1,0
historically_logical,1,1,0
historically_literate,1,1,0
historically_knowledgeable,1,1,0
historically_keen,1,1,0
historically_free,1,1,0
historically_fraught,1,1,0
historically_foundational,1,1,0
historically_fortunate,1,1,0
historically_fascinating,1,1,0
historically_false,1,1,0
historically_factual,1,1,0
historically_exclusive,1,1,0
historically_exact,1,1,0
historically_equal,1,1,0
historically_enlightening,1,1,0
historically_egalitarian,1,1,0
historically_effective,1,1,0
historically_due,1,1,0
historically_dubious,1,1,0
historically_dreadful,1,1,0
historically_dishonest,1,1,0
historically_friendly,1,1,0
historically_geeky,1,0,1
historically_glorious,1,1,0
historically_inclusive,1,1,0
historically_justified,1,1,0
historically_jewish,1,1,0
historically_insurmountable,1,1,0
historically_inspiring,1,1,0
historically_influential,1,1,0
historically_inept,1,1,0
historically_incredible,1,1,0
historically_implausible,1,1,0
historically_heterosexual,1,1,0
historically_impervious,1,1,0
historically_illuminating,1,1,0
historically_illiterate,1,1,0
historically_identical,1,1,0
historically_huge,1,1,0
historically_hot,1,1,0
historically_hostile,1,1,0
immediately_awe,1,1,0
immediately_awful,1,1,0
immediately_better,1,1,0
incrementally_thinner,1,1,0
incrementally_profitable,1,1,0
incredibly_yummy,1,1,0
incredibly_worldly,1,1,0
incredibly_wonderful,1,1,0
incredibly_winded,1,1,0
incredibly_wearable,1,1,0
incredibly_warmer,1,1,0
incredibly_vulnerable,1,1,0
incredibly_vicious,1,1,0
incredibly_urgent,1,1,0
incredibly_unsettling,1,1,0
incredibly_unsafe,1,1,0
incredibly_unrealistic,1,1,0
incredibly_unprofessional,1,1,0
incredibly_unpopular,1,1,0
incredibly_unnerving,1,1,0
incredibly_unnatural,1,1,0
incrementally_reachable,1,1,0
indeed_able,1,1,0
incredibly_unfashionable,1,1,0
indeed_accurate,1,1,0
indeed_correct,1,1,0
indeed_contradictory,1,1,0
indeed_contentious,1,0,1
indeed_conscious,1,1,0
indeed_compelling,1,1,0
indeed_close,1,1,0
indeed_certain,1,1,0
indeed_capable,1,1,0
indeed_callous,1,1,0
indeed_brilliant,1,1,0
indeed_black,1,1,0
indeed_beneficial,1,1,0
indeed_automated,1,1,0
indeed_anxious,1,1,0
indeed_antagonistic,1,1,0
indeed_amiable,1,1,0
indeed_allergic,1,1,0
incredibly_unhelpful,1,1,0
incredibly_unfamiliar,1,0,1
indeed_crazy,1,1,0
incredibly_substantive,1,1,0
incredibly_stuffy,1,1,0
incredibly_striking,1,0,1
incredibly_strenuous,1,1,0
incredibly_strategic,1,1,0
incredibly_straightforward,1,1,0
incredibly_stinky,1,1,0
incredibly_stimulating,1,1,0
incredibly_stiff,1,1,0
incredibly_sticky,1,1,0
incredibly_stereotypical,1,1,0
incredibly_steady,1,1,0
incredibly_spot-on,1,1,0
incredibly_spicy,1,1,0
incredibly_sour,1,1,0
incredibly_soulful,1,1,0
incredibly_sorry,1,1,0
incredibly_sophisticated,1,1,0
incredibly_substantial,1,1,0
incredibly_suitable,1,1,0
incredibly_unexpected,1,1,0
incredibly_superior,1,1,0
incredibly_unethical,1,1,0
incredibly_trustworthy,1,1,0
incredibly_true,1,1,0
incredibly_transparent,1,1,0
incredibly_transcendent,1,1,0
incredibly_tragic,1,1,0
incredibly_toxic,1,1,0
incredibly_touristy,1,1,0
incredibly_timely,1,1,0
incredibly_thrilling,1,1,0
incredibly_thrifty,1,1,0
incredibly_threatening,1,0,1
incredibly_therapeutic,1,1,0
incredibly_tempting,1,1,0
incredibly_tedious,1,1,0
incredibly_sustainable,1,1,0
incredibly_surreal,1,1,0
indeed_crass,1,1,0
indeed_critical,1,1,0
independently_deployable,1,1,0
indeed_tasty,1,1,0
indeed_surprised,1,1,0
indeed_sure,1,1,0
indeed_superb,1,1,0
indeed_suitable,1,1,0
indeed_successful,1,1,0
indeed_stronger,1,0,1
indeed_spectacular,1,1,0
indeed_slow,1,1,0
indeed_similar,1,1,0
indeed_shocking,1,1,0
indeed_sensible,1,1,0
indeed_self-evident,1,1,0
indeed_secondary,1,1,0
indeed_safe,1,1,0
indeed_ridiculous,1,1,0
indeed_real,1,1,0
indeed_ready,1,1,0
indeed_tall,1,1,0
indeed_typical,1,1,0
indeed_probable,1,1,0
indeed_uncommon,1,1,0
independently_damning,1,1,0
independently_curious,1,0,1
independently_configurable,1,1,0
independently_close,1,1,0
independently_authoritative,1,1,0
independently_amazing,1,1,0
independently_admissible,1,1,0
indeed_xenophobic,1,1,0
indeed_wonderful,1,1,0
indeed_visible,1,1,0
indeed_urgent,1,1,0
indeed_urban,1,1,0
indeed_unsuccessful,1,1,0
indeed_universal,1,1,0
indeed_unimaginable,1,1,0
indeed_unexpected,1,1,0
indeed_unconscious,1,1,0
indeed_proper,1,1,0
indeed_present,1,1,0
indeed_dry,1,1,0
indeed_ignorant,1,1,0
indeed_hispanic,1,1,0
indeed_happier,1,1,0
indeed_guilty,1,1,0
indeed_good,1,1,0
indeed_generous,1,1,0
indeed_funny,1,0,1
indeed_fun,1,1,0
indeed_fraudulent,1,1,0
indeed_forthcoming,1,1,0
indeed_fine,1,1,0
indeed_few,1,1,0
indeed_false,1,1,0
indeed_expensive,1,1,0
indeed_exclusive,1,1,0
indeed_evil,1,1,0
indeed_easy,1,1,0
indeed_dumb,1,1,0
indeed_homosexual,1,1,0
indeed_indian,1,1,0
indeed_pleasant,1,1,0
indeed_inhuman,1,1,0
indeed_permanent,1,1,0
indeed_paranoid,1,1,0
indeed_outdated,1,1,0
indeed_non-existent,1,1,0
indeed_natural,1,1,0
indeed_most,1,1,0
indeed_mortal,1,1,0
indeed_memorable,1,0,1
indeed_marvellous,1,1,0
indeed_many,1,1,0
indeed_lucky,1,1,0
indeed_loud,1,1,0
indeed_long,1,1,0
indeed_legal,1,1,0
indeed_lawful,1,1,0
indeed_insane,1,1,0
indeed_innocent,1,1,0
incredibly_soothing,1,1,0
incredibly_solid,1,1,0
incredibly_sociable,1,1,0
incredibly_lackluster,1,1,0
incredibly_jewish,1,0,1
incredibly_jealous,1,1,0
incredibly_itchy,1,1,0
incredibly_irresponsible,1,1,0
incredibly_inviting,1,1,0
incredibly_invasive,1,1,0
incredibly_intrigued,1,1,0
incredibly_intimate,1,1,0
incredibly_interwoven,1,1,0
incredibly_intentional,1,1,0
incredibly_instructive,1,1,0
incredibly_ingenious,1,1,0
incredibly_infuriating,1,1,0
incredibly_infectious,1,1,0
incredibly_inept,1,1,0
incredibly_indulgent,1,1,0
incredibly_indicative,1,1,0
incredibly_kid-friendly,1,1,0
incredibly_lame,1,1,0
incredibly_incompetent,1,1,0
incredibly_late,1,1,0
incredibly_newsworthy,1,1,0
incredibly_nerdy,1,1,0
incredibly_narcissistic,1,1,0
incredibly_naked,1,1,0
incredibly_mystical,1,0,1
incredibly_muscular,1,1,0
incredibly_multicultural,1,1,0
incredibly_motivated,1,1,0
incredibly_modern,1,1,0
incredibly_mobile,1,1,0
incredibly_messy,1,1,0
incredibly_masculine,1,1,0
incredibly_many,1,1,0
incredibly_luscious,1,1,0
incredibly_loyal,1,1,0
incredibly_lovable,1,1,0
incredibly_likable,1,1,0
incredibly_incorrect,1,1,0
incredibly_inaccurate,1,1,0
incredibly_snug,1,1,0
incredibly_high-quality,1,1,0
incredibly_hectic,1,1,0
incredibly_heartwarming,1,1,0
incredibly_heartening,1,1,0
incredibly_haunting,1,1,0
incredibly_harmful,1,1,0
incredibly_harder,1,1,0
incredibly_hard-hitting,1,1,0
incredibly_hairy,1,1,0
incredibly_gullible,1,1,0
incredibly_grumpy,1,1,0
incredibly_greasy,1,1,0
incredibly_graphic,1,0,1
incredibly_gracious,1,1,0
incredibly_graceful,1,1,0
incredibly_goofy,1,1,0
incredibly_girly,1,1,0
incredibly_gifted,1,1,0
incredibly_hefty,1,1,0
incredibly_hilly,1,1,0
incredibly_improbable,1,1,0
incredibly_historic,1,1,0
incredibly_impractical,1,1,0
incredibly_impolite,1,1,0
incredibly_impactful,1,1,0
incredibly_immediate,1,1,0
incredibly_illegal,1,1,0
incredibly_identical,1,1,0
incredibly_iconic,1,1,0
incredibly_hyperactive,1,1,0
incredibly_hungry,1,1,0
incredibly_humbling,1,1,0
incredibly_humble,1,1,0
incredibly_hospitable,1,1,0
incredibly_horrifying,1,1,0
incredibly_horny,1,1,0
incredibly_honest,1,1,0
incredibly_homosexual,1,1,0
incredibly_homophobic,1,1,0
incredibly_niche,1,1,0
incredibly_nifty,1,1,0
incredibly_nimble,1,1,0
incredibly_rousing,1,1,0
incredibly_revolutionary,1,0,1
incredibly_restrictive,1,1,0
incredibly_restful,1,1,0
incredibly_respectful,1,1,0
incredibly_resistant,1,1,0
incredibly_remorseful,1,1,0
incredibly_relentless,1,1,0
incredibly_relaxed,1,1,0
incredibly_reductive,1,1,0
incredibly_recognizable,1,1,0
incredibly_recent,1,1,0
incredibly_readable,1,1,0
incredibly_raw,1,1,0
incredibly_rational,1,1,0
incredibly_racist,1,1,0
incredibly_qualified,1,1,0
incredibly_pushy,1,1,0
incredibly_rough,1,1,0
incredibly_salty,1,1,0
incredibly_noble,1,1,0
incredibly_sappy,1,1,0
incredibly_smug,1,1,0
incredibly_sloppy,1,1,0
incredibly_slim,1,1,0
incredibly_simplistic,1,1,0
incredibly_silent,1,1,0
incredibly_sickening,1,1,0
incredibly_showy,1,1,0
incredibly_shortsighted,1,1,0
incredibly_short-sighted,1,1,0
incredibly_sensual,1,1,0
incredibly_sensitive,1,1,0
incredibly_sensible,1,1,0
incredibly_self-indulgent,1,1,0
incredibly_self-centered,1,1,0
incredibly_seductive,1,1,0
incredibly_secretive,1,1,0
incredibly_scenic,1,1,0
incredibly_psyched,1,1,0
incredibly_protective,1,1,0
incredibly_prosperous,1,1,0
incredibly_promotional,1,1,0
incredibly_patient,1,1,0
incredibly_past,1,1,0
incredibly_palatable,1,1,0
incredibly_overwhelming,1,1,0
incredibly_overpriced,1,1,0
incredibly_overpowering,1,1,0
incredibly_overdone,1,1,0
incredibly_overcrowded,1,1,0
incredibly_outlandish,1,1,0
incredibly_orwellian,1,1,0
incredibly_organized,1,1,0
incredibly_open,1,1,0
incredibly_oily,1,1,0
incredibly_nuanced,1,1,0
incredibly_novel,1,1,0
incredibly_notable,1,1,0
incredibly_noisy,1,1,0
incredibly_patriotic,1,1,0
incredibly_peaceful,1,1,0
incredibly_perceptive,1,1,0
incredibly_possible,1,1,0
incredibly_prominent,1,1,0
incredibly_private,1,1,0
incredibly_previous,1,1,0
incredibly_pretentious,1,1,0
incredibly_presumptuous,1,1,0
incredibly_prescient,1,1,0
incredibly_precious,1,1,0
incredibly_poor,1,1,0
incredibly_persistent,1,1,0
incredibly_ponderous,1,1,0
incredibly_political,1,1,0
incredibly_polished,1,1,0
incredibly_poetic,1,1,0
incredibly_plush,1,1,0
incredibly_pleasing,1,1,0
incredibly_pissed,1,1,0
independently_decisive,1,1,0
independently_effective,1,1,0
immediately_binary,1,1,0
infuriatingly_cryptic,1,1,0
infinitely_worthy,1,1,0
infinitely_witty,1,1,0
infinitely_willing,1,1,0
infinitely_versatile,1,1,0
infinitely_useful,1,1,0
infinitely_tall,1,1,0
infinitely_talented,1,1,0
infinitely_stupid,1,1,0
infinitely_stronger,1,1,0
infinitely_smooth,1,1,0
infinitely_skilled,1,1,0
infinitely_skeptical,1,0,1
infinitely_simpler,1,1,0
infinitely_secure,1,1,0
infinitely_scarier,1,1,0
infinitely_rich,1,1,0
infinitely_renewable,1,1,0
infuriatingly_cheerful,1,1,0
infuriatingly_difficult,1,1,0
infinitely_quieter,1,1,0
infuriatingly_funny,1,1,0
inherently_affectionate,1,1,0
inherently_adversarial,1,1,0
inherently_adult,1,0,1
inherently_adorable,1,1,0
inherently_addicting,1,1,0
inherently_adaptive,1,1,0
inherently_active,1,1,0
inherently_accurate,1,1,0
inherently_abysmal,1,1,0
inherently_able,1,1,0
inherently_abhorrent,1,1,0
infuriatingly_stupid,1,1,0
infuriatingly_perplexing,1,1,0
infuriatingly_perfect,1,1,0
infuriatingly_inconsistent,1,1,0
infuriatingly_hypocritical,1,1,0
infuriatingly_good-natured,1,1,0
infinitely_recyclable,1,1,0
infinitely_progressive,1,1,0
inherently_allergic,1,1,0
infinitely_hot,1,1,0
infinitely_graceful,1,1,0
infinitely_full,1,1,0
infinitely_forward,1,1,0
infinitely_forgiving,1,1,0
infinitely_fast,1,1,0
infinitely_familiar,1,1,0
infinitely_extensible,1,1,0
infinitely_exploitable,1,1,0
infinitely_easy,1,1,0
infinitely_durable,1,1,0
infinitely_dreary,1,1,0
infinitely_distant,1,1,0
infinitely_dishonest,1,1,0
infinitely_detailed,1,1,0
infinitely_deep,1,1,0
infinitely_dangerous,1,1,0
infinitely_curious,1,1,0
infinitely_higher,1,1,0
infinitely_indifferent,1,1,0
infinitely_profound,1,1,0
infinitely_inferior,1,1,0
infinitely_precious,1,0,1
infinitely_powerful,1,1,0
infinitely_positive,1,1,0
infinitely_poorer,1,1,0
infinitely_pliable,1,1,0
infinitely_older,1,1,0
infinitely_nearer,1,1,0
infinitely_meaningful,1,1,0
infinitely_manifest,1,1,0
infinitely_loving,1,1,0
infinitely_likeable,1,1,0
infinitely_less,1,0,1
infinitely_kinder,1,1,0
infinitely_kind,1,1,0
infinitely_interesting,1,1,0
infinitely_intelligent,1,1,0
infinitely_inflammatory,1,1,0
inherently_alien,1,1,0
inherently_amiss,1,0,1
independently_eligible,1,1,0
inherently_devious,1,1,0
inherently_descriptive,1,1,0
inherently_depressing,1,1,0
inherently_depressed,1,1,0
inherently_depraved,1,1,0
inherently_dependent,1,1,0
inherently_degrading,1,1,0
inherently_defensible,1,0,1
inherently_decadent,1,0,1
inherently_deadly,1,1,0
inherently_dark,1,1,0
inherently_cynical,1,1,0
inherently_cute,1,1,0
inherently_current,1,0,1
inherently_crooked,1,0,1
inherently_crippling,1,0,1
inherently_crazy,1,1,0
inherently_costly,1,1,0
inherently_deviant,1,0,1
inherently_dictatorial,1,1,0
inherently_correct,1,0,1
inherently_digital,1,1,0
inherently_endless,1,1,0
inherently_emotional,1,1,0
inherently_elegant,1,0,1
inherently_egalitarian,1,1,0
inherently_edifying,1,0,1
inherently_economic,1,1,0
inherently_eco-friendly,1,1,0
inherently_dull,1,1,0
inherently_dreadful,1,1,0
inherently_downtrodden,1,1,0
inherently_distrustful,1,1,0
inherently_distracting,1,1,0
inherently_dissonant,1,0,1
inherently_disingenuous,1,0,1
inherently_discouraging,1,1,0
inherently_disagreeable,1,0,1
inherently_disadvantaged,1,1,0
inherently_corrosive,1,1,0
inherently_corporate,1,1,0
inherently_anachronistic,1,0,1
inherently_capitalist,1,1,0
inherently_brighter,1,1,0
inherently_brave,1,1,0
inherently_bothersome,1,0,1
inherently_bolder,1,1,0
inherently_bipartisan,1,1,0
inherently_bigoted,1,1,0
inherently_bigger,1,0,1
inherently_bankrupt,1,1,0
inherently_averse,1,1,0
inherently_appealing,1,1,0
inherently_apocalyptic,1,0,1
inherently_anxious,1,1,0
inherently_antithetical,1,1,0
inherently_antisocial,1,1,0
inherently_anti-social,1,1,0
inherently_anomalous,1,1,0
inherently_annoying,1,1,0
inherently_canadian,1,1,0
inherently_cartoonish,1,0,1
inherently_constructive,1,0,1
inherently_catastrophic,1,1,0
inherently_confidential,1,1,0
inherently_condescending,1,1,0
inherently_concerted,1,1,0
inherently_concerned,1,1,0
inherently_conceptual,1,1,0
inherently_comprehensible,1,1,0
inherently_communist,1,1,0
inherently_commercial,1,1,0
inherently_comical,1,1,0
inherently_coherent,1,1,0
inherently_cliche,1,1,0
inherently_clever,1,1,0
inherently_clean,1,1,0
inherently_chinese,1,1,0
inherently_charming,1,0,1
inherently_catholic,1,0,1
inherently_catchy,1,1,0
infinitely_creative,1,1,0
infinitely_configurable,1,1,0
infinitely_complicated,1,1,0
individually_funny,1,1,0
individually_evil,1,1,0
individually_ethical,1,1,0
individually_essential,1,1,0
individually_enforceable,1,1,0
individually_eligible,1,1,0
individually_efficient,1,1,0
individually_effective,1,1,0
individually_dynamic,1,1,0
individually_dominant,1,1,0
individually_distracting,1,1,0
individually_distant,1,1,0
individually_discernible,1,1,0
individually_destructive,1,1,0
individually_delicious,1,1,0
individually_decisive,1,1,0
individually_dead,1,1,0
individually_culpable,1,1,0
individually_extraordinary,1,1,0
individually_happy,1,1,0
individually_considerate,1,1,0
individually_heinous,1,1,0
individually_preventable,1,1,0
individually_possible,1,1,0
individually_positive,1,1,0
individually_playable,1,1,0
individually_overwhelming,1,1,0
individually_ours,1,1,0
individually_original,1,1,0
individually_noteworthy,1,1,0
individually_negotiable,1,1,0
individually_mobile,1,1,0
individually_miserable,1,1,0
individually_kind,1,1,0
individually_irrational,1,1,0
individually_interesting,1,1,0
individually_informed,1,1,0
individually_immortal,1,1,0
individually_illegal,1,1,0
individually_controllable,1,1,0
individually_conservative,1,0,1
infinitely_cohesive,1,1,0
indirectly_discriminatory,1,1,0
indescribably_worse,1,1,0
indescribably_wealthy,1,1,0
indescribably_strange,1,1,0
indescribably_impractical,1,1,0
indescribably_beautiful,1,1,0
independently_valuable,1,1,0
independently_universal,1,1,0
independently_strong,1,1,0
independently_strange,1,1,0
independently_satisfying,1,1,0
independently_resilient,1,1,0
independently_replaceable,1,1,0
independently_repeatable,1,1,0
independently_real,1,1,0
independently_powerful,1,1,0
independently_minded,1,1,0
independently_meaningful,1,1,0
indirectly_accountable,1,1,0
indirectly_liable,1,1,0
individually_conscious,1,1,0
indirectly_proportional,1,1,0
individually_conclusive,1,1,0
individually_complex,1,1,0
individually_compelling,1,1,0
individually_challenging,1,1,0
individually_capable,1,1,0
individually_aware,1,1,0
individually_available,1,1,0
individually_alarmed,1,1,0
individually_affordable,1,1,0
individually_advantageous,1,1,0
individually_abusive,1,1,0
indisputably_true,1,1,0
indisputably_positive,1,1,0
indisputably_huge,1,1,0
indisputably_fabulous,1,1,0
indisputably_cute,1,1,0
indisputably_arbitrary,1,1,0
individually_quick,1,1,0
individually_racist,1,1,0
individually_ready,1,1,0
inexplicably_black,1,1,0
inevitably_victorious,1,1,0
inevitably_unlawful,1,1,0
inevitably_unconstitutional,1,1,0
inevitably_terrified,1,1,0
inevitably_tantamount,1,1,0
inevitably_synonymous,1,1,0
inevitably_sinful,1,1,0
inevitably_significant,1,1,0
inevitably_shallow,1,1,0
inevitably_selfish,1,1,0
inevitably_responsible,1,1,0
inevitably_relevant,1,1,0
inevitably_related,1,1,0
inevitably_poor,1,1,0
inevitably_overweight,1,1,0
inevitably_ordinary,1,1,0
inevitably_necessary,1,1,0
inexplicably_awful,1,1,0
inexplicably_expensive,1,1,0
individually_rich,1,1,0
inexplicably_overpriced,1,1,0
infinitely_bright,1,1,0
infinitely_ambiguous,1,1,0
infinitely_adjustable,1,1,0
infinitely_adaptive,1,1,0
infinitely_accurate,1,1,0
infinitely_abundant,1,1,0
infinitely_able,1,1,0
infectiously_seedy,1,1,0
infectiously_joyous,1,1,0
infectiously_funny,1,1,0
infectiously_clever,1,1,0
infectiously_charming,1,1,0
infamously_sore,1,1,0
infamously_cold,1,1,0
inexplicably_unable,1,1,0
inexplicably_sad,1,1,0
inexplicably_rude,1,1,0
inevitably_modest,1,1,0
inevitably_larger,1,1,0
inevitably_irresistible,1,1,0
inevitably_ironic,1,1,0
inescapably_ambiguous,1,1,0
individually_visible,1,1,0
individually_unaffordable,1,1,0
individually_therapeutic,1,1,0
individually_terrible,1,1,0
individually_talented,1,1,0
individually_sustainable,1,1,0
individually_superior,1,1,0
individually_stunning,1,1,0
individually_spectacular,1,1,0
individually_specific,1,1,0
individually_sovereign,1,1,0
individually_smarter,1,1,0
individually_sizeable,1,1,0
individually_sick,1,1,0
individually_serviceable,1,1,0
individually_serious,1,1,0
inescapably_awful,1,1,0
inescapably_clear,1,1,0
inescapably_evil,1,1,0
inevitably_disappointed,1,1,0
inevitably_incompetent,1,1,0
inevitably_illegal,1,1,0
inevitably_futile,1,1,0
inevitably_funny,1,1,0
inevitably_expensive,1,1,0
inevitably_endangered,1,1,0
inevitably_disappointing,1,1,0
inevitably_detrimental,1,1,0
inescapably_marvellous,1,1,0
inevitably_destructive,1,1,0
inevitably_better,1,1,0
inevitably_benign,1,1,0
inevitably_american,1,1,0
inevitably_addictive,1,1,0
inescapably_visible,1,1,0
inescapably_stuck,1,1,0
incredibly_giddy,1,1,0
incredibly_furious,1,1,0
incredibly_fundamental,1,1,0
immensely_good,1,1,0
immensely_fishy,1,0,1
immensely_favorable,1,1,0
immensely_expensive,1,1,0
immensely_excited,1,1,0
immensely_enough,1,1,0
immensely_enjoyable,1,1,0
immensely_embarrassing,1,1,0
immensely_eloquent,1,1,0
immensely_educational,1,1,0
immensely_disturbing,1,1,0
immensely_distressed,1,1,0
immensely_distinct,1,1,0
immensely_disrespectful,1,1,0
immensely_dispiriting,1,1,0
immensely_deferential,1,1,0
immensely_deep,1,1,0
immensely_dangerous,1,1,0
immensely_fortunate,1,0,1
immensely_gorgeous,1,1,0
immensely_complicated,1,1,0
immensely_grateful,1,1,0
immensely_practical,1,1,0
immensely_positive,1,1,0
immensely_populated,1,1,0
immensely_pleasurable,1,1,0
immensely_pleased,1,1,0
immensely_pigmented,1,1,0
immensely_personable,1,1,0
immensely_knowledgeable,1,1,0
immensely_keen,1,1,0
immensely_inspirational,1,1,0
immensely_impressive,1,1,0
immensely_human,1,1,0
immensely_honest,1,1,0
immensely_hilarious,1,1,0
immensely_high,1,1,0
immensely_harmful,1,1,0
immensely_great,1,1,0
immensely_costly,1,1,0
immensely_complex,1,1,0
immensely_rare,1,1,0
immediately_undone,1,1,0
immediately_troubling,1,1,0
immediately_transformative,1,1,0
immediately_tired,1,0,1
immediately_timely,1,1,0
immediately_thrilled,1,1,0
immediately_theological,1,1,0
immediately_terrifying,1,1,0
immediately_terrified,1,1,0
immediately_terminal,1,1,0
immediately_tender,1,1,0
immediately_talented,1,1,0
immediately_synonymous,1,1,0
immediately_symptomatic,1,1,0
immediately_sustainable,1,1,0
immediately_superior,1,1,0
immediately_suicidal,1,1,0
immediately_substantial,1,1,0
immediately_true,1,1,0
immediately_unrelated,1,1,0
immensely_comforting,1,1,0
immediately_unsafe,1,1,0
immensely_clever,1,1,0
immensely_caring,1,1,0
immensely_bigger,1,1,0
immensely_beneficial,1,1,0
immensely_appealing,1,1,0
immensely_annoyed,1,1,0
immensely_amusing,1,1,0
immensely_advisable,1,1,0
immediately_wonderful,1,1,0
immediately_welcoming,1,1,0
immediately_vocal,1,1,0
immediately_vivid,1,1,0
immediately_violent,1,1,0
immediately_victorious,1,1,0
immediately_user-friendly,1,1,0
immediately_unusual,1,1,0
immediately_unstoppable,1,1,0
immensely_productive,1,1,0
immensely_resilient,1,1,0
incredibly_frustrated,1,1,0
importantly_great,1,1,0
importantly_different,1,1,0
implicitly_visual,1,1,0
implicitly_trustworthy,1,1,0
implicitly_true,1,1,0
implicitly_subversive,1,0,1
implicitly_sexual,1,0,1
implicitly_responsible,1,1,0
implicitly_religious,1,1,0
implicitly_reliant,1,1,0
implicitly_present,1,1,0
implicitly_memorable,1,1,0
implicitly_meaningful,1,1,0
implicitly_humanoid,1,1,0
implicitly_gay,1,1,0
implicitly_feminist,1,1,0
implicitly_evil,1,0,1
implicitly_clear,1,1,0
importantly_easy,1,1,0
importantly_nuclear,1,1,0
implicitly_aware,1,1,0
impossibly_adorable,1,1,0
impossibly_impractical,1,0,1
impossibly_impeccable,1,1,0
impossibly_hot,1,1,0
impossibly_heavy,1,1,0
impossibly_handsome,1,1,0
impossibly_grandiose,1,1,0
impossibly_excited,1,1,0
impossibly_evil,1,1,0
impossibly_epic,1,1,0
impossibly_enthusiastic,1,1,0
impossibly_easy,1,1,0
impossibly_different,1,1,0
impossibly_dense,1,1,0
impossibly_creamy,1,1,0
impossibly_controversial,1,1,0
impossibly_challenging,1,1,0
impossibly_baffling,1,1,0
implicitly_christian,1,1,0
impeccably_tidy,1,1,0
immensely_sad,1,1,0
imminently_fatal,1,1,0
imminently_explosive,1,1,0
imminently_due,1,1,0
imminently_collectable,1,1,0
imminently_clear,1,1,0
imminently_catastrophic,1,1,0
immensely_worried,1,1,0
immensely_welcoming,1,1,0
immensely_unfortunate,1,1,0
immensely_tasty,1,1,0
immensely_surprising,1,1,0
immensely_surprised,1,1,0
immensely_superior,1,1,0
immensely_superb,1,1,0
immensely_special,1,1,0
immensely_slick,1,1,0
immensely_significant,1,1,0
immensely_scalable,1,1,0
imminently_extinct,1,1,0
imminently_gloomy,1,1,0
impeccably_strong,1,0,1
imminently_grim,1,1,0
impeccably_smooth,1,1,0
impeccably_scottish,1,1,0
impeccably_progressive,1,1,0
impeccably_objective,1,1,0
impeccably_neat,1,1,0
impeccably_detailed,1,1,0
impeccably_correct,1,1,0
impeccably_altruistic,1,1,0
impeccably_accurate,1,1,0
imminently_sensible,1,1,0
imminently_relevant,1,0,1
imminently_ready,1,1,0
imminently_qualified,1,1,0
imminently_possible,1,1,0
imminently_noticeable,1,1,0
imminently_necessary,1,1,0
imminently_likable,1,1,0
immediately_stunning,1,1,0
immediately_strong,1,1,0
immediately_striking,1,1,0
immediately_famous,1,1,0
immediately_exempt,1,1,0
immediately_evocative,1,1,0
immediately_enticing,1,1,0
immediately_enthusiastic,1,1,0
immediately_engrossing,1,1,0
immediately_engaging,1,1,0
immediately_enduring,1,1,0
immediately_endangered,1,1,0
immediately_enchanting,1,1,0
immediately_employable,1,1,0
immediately_empathetic,1,1,0
immediately_emotional,1,1,0
immediately_eminent,1,1,0
immediately_emblematic,1,1,0
immediately_embarrassing,1,1,0
immediately_eloquent,1,1,0
immediately_elite,1,1,0
immediately_existential,1,1,0
immediately_fantastic,1,1,0
immediately_efficacious,1,1,0
immediately_fantastical,1,1,0
immediately_huge,1,1,0
immediately_horrible,1,1,0
immediately_hopeful,1,1,0
immediately_honest,1,1,0
immediately_high,1,1,0
immediately_heartening,1,1,0
immediately_habitable,1,1,0
immediately_grim,1,1,0
immediately_gratified,1,1,0
immediately_funny,1,1,0
immediately_fun,1,1,0
immediately_frightening,1,1,0
immediately_frightened,1,1,0
immediately_forgiving,1,1,0
immediately_flattering,1,1,0
immediately_flashy,1,1,0
immediately_financial,1,1,0
immediately_elated,1,1,0
immediately_editable,1,1,0
immediately_stimulating,1,1,0
immediately_costly,1,1,0
immediately_convenient,1,1,0
immediately_contagious,1,1,0
immediately_consequential,1,1,0
immediately_confident,1,1,0
immediately_conclusive,1,1,0
immediately_conceivable,1,1,0
immediately_compulsory,1,1,0
immediately_complimentary,1,1,0
immediately_complicated,1,1,0
immediately_competitive,1,1,0
immediately_compassionate,1,1,0
immediately_commensurate,1,1,0
immediately_comforting,1,1,0
immediately_coherent,1,1,0
immediately_chatty,1,1,0
immediately_brown,1,1,0
immediately_binding,1,1,0
immediately_correct,1,1,0
immediately_credible,1,1,0
immediately_edifying,1,1,0
immediately_creepy,1,1,0
immediately_economic,1,1,0
immediately_dramatic,1,1,0
immediately_doomed,1,1,0
immediately_disposable,1,1,0
immediately_disconcerting,1,1,0
immediately_direct,1,1,0
immediately_detrimental,1,1,0
immediately_destitute,1,1,0
immediately_descriptive,1,1,0
immediately_derivative,1,1,0
immediately_depressed,1,1,0
immediately_delightful,1,1,0
immediately_definite,1,1,0
immediately_deep,1,1,0
immediately_current,1,1,0
immediately_cruel,1,1,0
immediately_crucial,1,1,0
immediately_hungry,1,1,0
immediately_identical,1,1,0
immediately_idiosyncratic,1,0,1
immediately_remarkable,1,1,0
immediately_reliable,1,1,0
immediately_refundable,1,1,0
immediately_reassuring,1,1,0
immediately_realistic,1,1,0
immediately_real,1,1,0
immediately_qualified,1,1,0
immediately_punitive,1,1,0
immediately_public,1,1,0
immediately_provocative,1,1,0
immediately_prophetic,1,1,0
immediately_preferable,1,1,0
immediately_pragmatic,1,1,0
immediately_poignant,1,1,0
immediately_plush,1,1,0
immediately_personal,1,1,0
immediately_perpendicular,1,1,0
immediately_peaceful,1,1,0
immediately_religious,1,1,0
immediately_repeatable,1,1,0
immediately_imperative,1,1,0
immediately_representative,1,1,0
immediately_startling,1,1,0
immediately_stable,1,1,0
immediately_special,1,0,1
immediately_solvable,1,1,0
immediately_smooth,1,1,0
immediately_skilled,1,1,0
immediately_simple,1,1,0
immediately_similar,1,1,0
immediately_sensitive,1,1,0
immediately_sensational,1,0,1
immediately_self-explanatory,1,1,0
immediately_scary,1,1,0
immediately_salient,1,1,0
immediately_rosy,1,1,0
immediately_revelatory,1,1,0
immediately_resilient,1,1,0
immediately_reproducible,1,1,0
immediately_palatable,1,1,0
immediately_overpowering,1,1,0
immediately_overjoyed,1,1,0
immediately_outstanding,1,0,1
immediately_loyal,1,1,0
immediately_loving,1,1,0
immediately_loveable,1,1,0
immediately_lovable,1,1,0
immediately_local,1,1,0
immediately_liable,1,1,0
immediately_justifiable,1,1,0
immediately_jealous,1,1,0
immediately_intimidating,1,1,0
immediately_intent,1,1,0
immediately_intense,1,1,0
immediately_inspiring,1,1,0
immediately_inherent,1,1,0
immediately_informative,1,1,0
immediately_indistinguishable,1,1,0
immediately_indicative,1,1,0
immediately_inaccurate,1,1,0
immediately_lucrative,1,1,0
immediately_magnetic,1,1,0
immediately_mainstream,1,1,0
immediately_negative,1,1,0
immediately_outlandish,1,0,1
immediately_original,1,1,0
immediately_ongoing,1,1,0
immediately_ok,1,1,0
immediately_noticable,1,1,0
immediately_noteworthy,1,0,1
immediately_new,1,0,1
immediately_musical,1,1,0
immediately_malicious,1,0,1
immediately_motivated,1,1,0
immediately_mortal,1,1,0
immediately_minor,1,1,0
immediately_minded,1,1,0
immediately_mind-blowing,1,1,0
immediately_melodic,1,1,0
immediately_manifest,1,1,0
impossibly_imprecise,1,1,0
impossibly_inscrutable,1,1,0
impossibly_naive,1,0,1
incredibly_awe,1,1,0
incredibly_attentive,1,1,0
incredibly_astounding,1,1,0
incredibly_assertive,1,1,0
incredibly_articulate,1,1,0
incredibly_arrogant,1,1,0
incredibly_aromatic,1,1,0
incredibly_apt,1,1,0
incredibly_approachable,1,0,1
incredibly_appreciative,1,1,0
incredibly_appetizing,1,1,0
incredibly_anxious,1,1,0
incredibly_anomalous,1,1,0
incredibly_angry,1,1,0
incredibly_amusing,1,1,0
incredibly_american,1,1,0
incredibly_alert,1,1,0
incredibly_aggressive,1,1,0
incredibly_aware,1,1,0
incredibly_bashful,1,1,0
incredibly_advanced,1,1,0
incredibly_basic,1,1,0
incredibly_cognizant,1,1,0
incredibly_classy,1,1,0
incredibly_chilling,1,1,0
incredibly_chic,1,1,0
incredibly_cautious,1,1,0
incredibly_cathartic,1,1,0
incredibly_careful,1,1,0
incredibly_buggy,1,1,0
incredibly_budget-friendly,1,1,0
incredibly_brutal,1,1,0
incredibly_brief,1,1,0
incredibly_bothersome,1,1,0
incredibly_blue,1,1,0
incredibly_blatant,1,1,0
incredibly_bitter,1,1,0
incredibly_bitchy,1,1,0
incredibly_beneficial,1,1,0
incredibly_adventurous,1,0,1
incredibly_adept,1,1,0
increasingly_noisy,1,1,0
increasingly_tolerant,1,1,0
increasingly_supportive,1,1,0
increasingly_successful,1,1,0
increasingly_subtle,1,1,0
increasingly_stupid,1,1,0
increasingly_strong,1,1,0
increasingly_stark,1,1,0
increasingly_sophisticated,1,1,0
increasingly_skeptical,1,1,0
increasingly_similar,1,1,0
increasingly_selective,1,1,0
increasingly_receptive,1,1,0
increasingly_rare,1,1,0
increasingly_prohibitive,1,1,0
increasingly_prevalent,1,1,0
increasingly_powerful,1,1,0
increasingly_partisan,1,1,0
increasingly_overweight,1,1,0
increasingly_sure,1,1,0
increasingly_topical,1,1,0
incredibly_acidic,1,1,0
increasingly_ubiquitous,1,1,0
incredibly_accessible,1,1,0
incredibly_academic,1,1,0
incredibly_abusive,1,1,0
incredibly_absorbent,1,1,0
increasingly_willing,1,1,0
increasingly_weak,1,1,0
increasingly_vulnerable,1,1,0
increasingly_vital,1,1,0
increasingly_visible,1,1,0
increasingly_valuable,1,1,0
increasingly_useless,1,1,0
increasingly_unpopular,1,1,0
increasingly_unnecessary,1,1,0
increasingly_unlikely,1,1,0
increasingly_unfit,1,1,0
increasingly_uncertain,1,1,0
increasingly_unable,1,1,0
incredibly_cold,1,1,0
incredibly_comedic,1,1,0
incredibly_comforting,1,1,0
incredibly_fabulous,1,1,0
incredibly_extensive,1,1,0
incredibly_exploitative,1,1,0
incredibly_experimental,1,1,0
incredibly_experienced,1,1,0
incredibly_exotic,1,0,1
incredibly_exhilarating,1,1,0
incredibly_exclusive,1,1,0
incredibly_eventful,1,1,0
incredibly_erotic,1,1,0
incredibly_emotive,1,1,0
incredibly_embarrassing,1,1,0
incredibly_eloquent,1,1,0
incredibly_egregious,1,1,0
incredibly_effortless,1,1,0
incredibly_eerie,1,1,0
incredibly_edifying,1,1,0
incredibly_early,1,1,0
incredibly_eye-popping,1,1,0
incredibly_faint,1,1,0
incredibly_comical,1,1,0
incredibly_fair,1,1,0
incredibly_fruitful,1,1,0
incredibly_fragrant,1,1,0
incredibly_formidable,1,1,0
incredibly_formal,1,1,0
incredibly_forgiving,1,1,0
incredibly_forceful,1,1,0
incredibly_foolproof,1,1,0
incredibly_flustered,1,1,0
incredibly_flat,1,1,0
incredibly_flammable,1,1,0
incredibly_flaky,1,1,0
incredibly_first,1,1,0
incredibly_fine,1,1,0
incredibly_fierce,1,1,0
incredibly_faster,1,1,0
incredibly_farfetched,1,1,0
incredibly_far-fetched,1,1,0
incredibly_dynamic,1,1,0
incredibly_dreary,1,1,0
incredibly_drastic,1,1,0
incredibly_docile,1,1,0
incredibly_crunchy,1,1,0
incredibly_crisp,1,1,0
incredibly_crazy,1,0,1
incredibly_crafty,1,1,0
incredibly_courageous,1,1,0
incredibly_cost-effective,1,1,0
incredibly_conversant,1,1,0
incredibly_controversial,1,1,0
incredibly_conservative,1,1,0
incredibly_consequential,1,1,0
incredibly_congenial,1,1,0
incredibly_confusing,1,1,0
incredibly_confused,1,1,0
incredibly_conducive,1,1,0
incredibly_condescending,1,1,0
incredibly_comprehensive,1,1,0
incredibly_comparable,1,1,0
incredibly_cryptic,1,1,0
incredibly_cumbersome,1,1,0
incredibly_defensible,1,1,0
incredibly_discreet,1,1,0
incredibly_disturbing,1,1,0
incredibly_distracting,1,1,0
incredibly_distinctive,1,0,1
incredibly_disruptive,1,1,0
incredibly_dismal,1,1,0
incredibly_dishonest,1,1,0
incredibly_disheartened,1,1,0
incredibly_dirty,1,1,0
incredibly_demeaning,1,1,0
incredibly_diligent,1,1,0
incredibly_developed,1,1,0
incredibly_detrimental,1,1,0
incredibly_destructive,1,1,0
incredibly_desperate,1,1,0
incredibly_desirable,1,1,0
incredibly_deranged,1,1,0
increasingly_open,1,1,0
increasingly_natural,1,1,0
impossibly_narrow,1,1,0
impressively_true,1,1,0
impressively_tough,1,1,0
impressively_tight,1,1,0
impressively_thin,1,1,0
impressively_thick,1,1,0
impressively_tall,1,1,0
impressively_solid,1,1,0
impressively_shiny,1,1,0
impressively_sensitive,1,1,0
impressively_sensible,1,1,0
impressively_scary,1,1,0
impressively_rich,1,1,0
impressively_qualified,1,1,0
impressively_photogenic,1,1,0
impressively_offbeat,1,1,0
impressively_massive,1,1,0
impressively_light,1,1,0
impressively_large-scale,1,1,0
impressively_tragic,1,1,0
impressively_upbeat,1,1,0
impressively_intelligent,1,1,0
improbably_attractive,1,1,0
in_good,1,1,0
in_full,1,1,0
in_free,1,1,0
in_dark,1,1,0
in_clear,1,1,0
in_best,1,1,0
in_able,1,1,0
improbably_tall,1,1,0
improbably_successful,1,1,0
improbably_specific,1,1,0
improbably_smaller,1,1,0
improbably_perky,1,1,0
improbably_many,1,1,0
improbably_large,1,1,0
improbably_difficult,1,1,0
improbably_cute,1,1,0
improbably_beautiful,1,1,0
impressively_knowledgeable,1,1,0
impressively_inept,1,1,0
increasingly_mindful,1,1,0
impossibly_thin,1,1,0
impossibly_tall,1,1,0
impossibly_surprising,1,1,0
impossibly_strong,1,1,0
impossibly_strenuous,1,1,0
impossibly_steeper,1,1,0
impossibly_smooth,1,1,0
impossibly_slippery,1,1,0
impossibly_sharp,1,1,0
impossibly_sad,1,1,0
impossibly_saccharine,1,1,0
impossibly_resident,1,1,0
impossibly_remote,1,1,0
impossibly_pushy,1,1,0
impossibly_perfect,1,1,0
impossibly_painful,1,1,0
impossibly_old-fashioned,1,1,0
impossibly_obscure,1,1,0
impossibly_technical,1,1,0
impossibly_unreasonable,1,1,0
impressively_good,1,1,0
impossibly_wealthy,1,1,0
impressively_efficient,1,1,0
impressively_dependable,1,1,0
impressively_conversant,1,1,0
impressively_complex,1,1,0
impressively_complete,1,1,0
impressively_close,1,1,0
impressively_broad,1,1,0
impressively_bright,1,1,0
impressively_beautiful,1,1,0
impressively_athletic,1,1,0
impressively_amazing,1,1,0
impressively_alert,1,1,0
impressively_accurate,1,1,0
impossibly_zealous,1,1,0
impossibly_worse,1,1,0
impossibly_wise,1,1,0
impossibly_wide,1,1,0
in_real,1,1,0
in_tight,1,1,0
in_worse,1,1,0
increasingly_fascinating,1,1,0
increasingly_excited,1,1,0
increasingly_evident,1,1,0
increasingly_entertaining,1,1,0
increasingly_efficient,1,1,0
increasingly_easy,1,1,0
increasingly_dull,1,1,0
increasingly_diverse,1,1,0
increasingly_distant,1,1,0
increasingly_destructive,1,1,0
increasingly_confused,1,1,0
increasingly_confident,1,1,0
increasingly_complex,1,1,0
increasingly_broad,1,1,0
increasingly_blue,1,1,0
increasingly_black,1,1,0
increasingly_available,1,1,0
increasingly_authoritarian,1,1,0
increasingly_famous,1,1,0
increasingly_fearful,1,1,0
inappropriately_aggressive,1,1,0
increasingly_fleeting,1,1,0
increasingly_latino,1,1,0
increasingly_irritated,1,1,0
increasingly_intolerant,1,1,0
increasingly_insightful,1,1,0
increasingly_inherent,1,1,0
increasingly_influential,1,1,0
increasingly_inevitable,1,1,0
increasingly_inconvenient,1,1,0
increasingly_incapable,1,1,0
increasingly_immersive,1,1,0
increasingly_hostile,1,1,0
increasingly_hollow,1,1,0
increasingly_harder,1,1,0
increasingly_hard,1,1,0
increasingly_global,1,1,0
increasingly_frustrated,1,1,0
increasingly_frequent,1,1,0
increasingly_apathetic,1,1,0
increasingly_aggressive,1,1,0
increasingly_affordable,1,1,0
increasingly_accessible,1,1,0
inappropriately_lax,1,1,0
inappropriately_late,1,1,0
inappropriately_intrusive,1,1,0
inappropriately_insensitive,1,1,0
inappropriately_humble,1,1,0
inappropriately_hot,1,1,0
inappropriately_high,1,1,0
inappropriately_grand,1,1,0
inappropriately_generous,1,1,0
inappropriately_friendly,1,1,0
inappropriately_flippant,1,1,0
inappropriately_festive,1,1,0
inappropriately_enthusiastic,1,1,0
inappropriately_emotional,1,1,0
inappropriately_cruel,1,1,0
inappropriately_close,1,1,0
inappropriately_chatty,1,1,0
inappropriately_melodramatic,1,1,0
inappropriately_modern,1,1,0
inappropriately_personal,1,1,0
incomparably_majestic,1,1,0
increasingly_abundant,1,1,0
increasingly_able,1,1,0
incomparably_wholesome,1,1,0
incomparably_weaker,1,1,0
incomparably_tough,1,1,0
incomparably_superior,1,1,0
incomparably_superb,1,1,0
incomparably_hard,1,1,0
inappropriately_pessimistic,1,1,0
incomparably_eloquent,1,1,0
incomparably_better,1,1,0
incomparably_beautiful,1,1,0
inappropriately_violent,1,1,0
inappropriately_snarky,1,1,0
inappropriately_short,1,1,0
inappropriately_secretive,1,1,0
less_blind,1,1,0
less_bloodthirsty,1,1,0
n't_heretical,1,1,0
more_overworked,1,1,0
more_overcrowded,1,1,0
more_overcome,1,1,0
more_overblown,1,0,1
more_ornamental,1,1,0
more_off-kilter,1,1,0
more_obtainable,1,1,0
more_obstinate,1,1,0
more_obsolete,1,1,0
more_observable,1,1,0
more_oblique,1,1,0
more_obligatory,1,0,1
more_novel,1,1,0
more_nostalgia,1,1,0
more_nonpartisan,1,1,0
more_next,1,1,0
more_nerdy,1,0,1
more_needless,1,1,0
more_overpriced,1,1,0
more_pagan,1,1,0
more_neat,1,1,0
more_parallel,1,1,0
more_precocious,1,1,0
more_practicable,1,1,0
more_powerless,1,1,0
more_pompous,1,1,0
more_polluted,1,1,0
more_playable,1,1,0
more_placid,1,1,0
more_picky,1,1,0
more_perverted,1,0,1
more_personalized,1,1,0
more_perpendicular,1,1,0
more_permeable,1,1,0
more_perky,1,1,0
more_perceptible,1,1,0
more_pastoral,1,1,0
more_passe,1,1,0
more_passable,1,1,0
more_nebulous,1,1,0
more_nearer,1,1,0
more_presentable,1,0,1
more_meditative,1,0,1
more_mathematical,1,1,0
more_marvellous,1,1,0
more_marginalised,1,1,0
more_marginal,1,1,0
more_manipulative,1,1,0
more_manic,1,1,0
more_male-dominated,1,1,0
more_main,1,1,0
more_magnetic,1,1,0
more_macabre,1,1,0
more_lush,1,1,0
more_lumpy,1,1,0
more_lower,1,0,1
more_low-income,1,1,0
more_low,1,1,0
more_long-winded,1,1,0
more_long-term,1,1,0
more_medicinal,1,1,0
more_medium,1,1,0
more_navigable,1,1,0
more_meek,1,1,0
more_mythical,1,0,1
more_muted,1,1,0
more_murderous,1,1,0
more_much,1,1,0
more_motionless,1,1,0
more_moronic,1,1,0
more_moody,1,0,1
more_moisturized,1,1,0
more_minuscule,1,1,0
more_miniscule,1,1,0
more_minimalist,1,1,0
more_minded,1,1,0
more_mind-boggling,1,1,0
more_middle,1,1,0
more_metaphorical,1,0,1
more_messy,1,1,0
more_mesmerising,1,0,1
more_prejudiced,1,1,0
more_presumptuous,1,1,0
more_succesful,1,1,0
more_skewed,1,1,0
more_silver,1,1,0
more_short-sighted,1,0,1
more_shitty,1,1,0
more_sharper,1,1,0
more_shaky,1,1,0
more_sex,1,1,0
more_several,1,1,0
more_seminal,1,1,0
more_self-reliant,1,1,0
more_self-indulgent,1,0,1
more_self-destructive,1,1,0
more_self-contained,1,1,0
more_self-conscious,1,1,0
more_self-centered,1,1,0
more_segregated,1,1,0
more_seedy,1,1,0
more_sedentary,1,1,0
more_situational,1,1,0
more_skimpy,1,1,0
more_searchable,1,1,0
more_sleazy,1,1,0
more_stealthy,1,1,0
more_stationary,1,1,0
more_square,1,0,1
more_spurious,1,0,1
more_spherical,1,1,0
more_speechless,1,1,0
more_spartan,1,1,0
more_sparse,1,1,0
more_sparkly,1,0,1
more_south,1,1,0
more_sombre,1,1,0
more_solar,1,1,0
more_snarky,1,1,0
more_sly,1,1,0
more_slower,1,1,0
more_slim,1,1,0
more_sleek,1,0,1
more_sectarian,1,1,0
more_scholarly,1,1,0
more_prettier,1,1,0
more_recreational,1,0,1
more_raunchy,1,1,0
more_racy,1,1,0
more_quotable,1,1,0
more_queer,1,0,1
more_punctual,1,1,0
more_psychological,1,1,0
more_psychedelic,1,0,1
more_protracted,1,1,0
more_proportional,1,1,0
more_promotional,1,1,0
more_prodigious,1,1,0
more_procedural,1,0,1
more_pro-choice,1,1,0
more_principal,1,1,0
more_prime,1,1,0
more_prevailing,1,1,0
more_pretty,1,1,0
more_reclusive,1,1,0
more_reductive,1,1,0
more_schizophrenic,1,0,1
more_refreshed,1,0,1
more_satirical,1,1,0
more_same,1,1,0
more_rousing,1,1,0
more_rosy,1,1,0
more_roman,1,1,0
more_robotic,1,0,1
more_right-wing,1,1,0
more_rife,1,1,0
more_rhythmic,1,1,0
more_reverent,1,1,0
more_retrograde,1,1,0
more_reticent,1,1,0
more_restive,1,1,0
more_reserved,1,1,0
more_renowned,1,1,0
more_renewable,1,1,0
more_regulatory,1,1,0
more_long-lived,1,1,0
more_long-lasting,1,1,0
more_livid,1,1,0
more_federal,1,1,0
more_fastest,1,1,0
more_fast-paced,1,1,0
more_far-flung,1,1,0
more_fantastical,1,1,0
more_faint,1,1,0
more_fab,1,0,1
more_eye-opening,1,0,1
more_extroverted,1,1,0
more_exploratory,1,1,0
more_exploitative,1,1,0
more_experiential,1,1,0
more_existent,1,1,0
more_even-handed,1,1,0
more_even,1,1,0
more_ethnic,1,1,0
more_ergonomic,1,1,0
more_erect,1,1,0
more_favourite,1,1,0
more_feisty,1,1,0
more_environmental,1,1,0
more_flabbergasted,1,1,0
more_good-natured,1,1,0
more_glossy,1,0,1
more_genetic,1,1,0
more_gendered,1,1,0
more_fuzzy,1,1,0
more_future,1,1,0
more_frosty,1,1,0
more_frigid,1,1,0
more_friendlier,1,1,0
more_fresher,1,1,0
more_frail,1,0,1
more_fractious,1,1,0
more_fourth,1,1,0
more_foul,1,1,0
more_forward,1,1,0
more_fluid,1,1,0
more_flimsy,1,1,0
more_equivalent,1,0,1
more_entire,1,1,0
more_listenable,1,1,0
more_dim,1,0,1
more_dicey,1,0,1
more_diabolical,1,0,1
more_detectable,1,1,0
more_dependant,1,1,0
more_demure,1,1,0
more_demonic,1,1,0
more_demented,1,1,0
more_dehydrated,1,1,0
more_deft,1,1,0
more_deficient,1,1,0
more_defamatory,1,1,0
more_deaf,1,1,0
more_data-driven,1,1,0
more_damn,1,1,0
more_damaged,1,0,1
more_dainty,1,1,0
more_daft,1,1,0
more_diffuse,1,1,0
more_discriminating,1,1,0
more_enough,1,1,0
more_disordered,1,1,0
more_endemic,1,1,0
more_encompassing,1,0,1
more_emerging,1,1,0
more_eligible,1,1,0
more_electronic,1,1,0
more_elderly,1,1,0
more_egotistical,1,0,1
more_ecological,1,1,0
more_east,1,1,0
more_early,1,1,0
more_dumber,1,1,0
more_drunk,1,1,0
more_drab,1,1,0
more_downtrodden,1,1,0
more_distorted,1,0,1
more_distinguishing,1,1,0
more_disoriented,1,1,0
more_gory,1,1,0
more_gratuitous,1,1,0
more_groovy,1,0,1
more_jittery,1,1,0
more_itchy,1,1,0
more_islamic,1,1,0
more_irreplaceable,1,1,0
more_invulnerable,1,0,1
more_invalid,1,1,0
more_introverted,1,1,0
more_introspective,1,1,0
more_intrepid,1,1,0
more_intimidated,1,1,0
more_interwoven,1,1,0
more_internal,1,1,0
more_interchangeable,1,1,0
more_insurmountable,1,1,0
more_insufficient,1,1,0
more_instinctive,1,1,0
more_insipid,1,1,0
more_inscrutable,1,1,0
more_jam-packed,1,1,0
more_joint,1,1,0
more_habitable,1,1,0
more_jovial,1,1,0
more_limitless,1,1,0
more_life-threatening,1,1,0
more_lethargic,1,1,0
more_lesser,1,1,0
more_lesbian,1,0,1
more_left-leaning,1,1,0
more_leery,1,1,0
more_latino,1,1,0
more_latin,1,1,0
more_laden,1,1,0
more_lacklustre,1,1,0
more_lackluster,1,1,0
more_known,1,1,0
more_kinetic,1,1,0
more_juicy,1,1,0
more_judgemental,1,1,0
more_jubilant,1,1,0
more_innate,1,1,0
more_injured,1,1,0
more_inhospitable,1,1,0
more_infrequent,1,1,0
more_icy,1,1,0
more_hyper,1,1,0
more_humanoid,1,1,0
more_human-like,1,1,0
more_homogenous,1,1,0
more_homemade,1,1,0
more_homely,1,0,1
more_hidden,1,1,0
more_heterosexual,1,0,1
more_heady,1,0,1
more_hazy,1,1,0
more_hardline,1,1,0
more_harder,1,1,0
more_hard-hitting,1,1,0
more_hapless,1,1,0
more_haphazard,1,1,0
more_hairy,1,0,1
more_illegible,1,0,1
more_illusory,1,1,0
more_immaterial,1,1,0
more_inconceivable,1,1,0
more_inflated,1,1,0
more_inert,1,0,1
more_indirect,1,1,0
more_indecent,1,1,0
more_indebted,1,1,0
more_incremental,1,1,0
more_incredulous,1,1,0
more_incidental,1,1,0
more_immense,1,1,0
more_inaccessible,1,1,0
more_impressionable,1,0,1
more_impotent,1,1,0
more_implicit,1,0,1
more_impassable,1,1,0
more_impartial,1,1,0
more_immortal,1,0,1
more_stoic,1,1,0
more_succulent,1,1,0
more_cut,1,1,0
most_environmental,1,1,0
most_eligible,1,1,0
most_elementary,1,1,0
most_electronic,1,1,0
most_elderly,1,1,0
most_effortless,1,1,0
most_efficacious,1,1,0
most_effectual,1,1,0
most_educational,1,1,0
most_eclectic,1,1,0
most_eccentric,1,1,0
most_eastern,1,1,0
most_early,1,1,0
most_dubious,1,1,0
most_draconian,1,1,0
most_domestic,1,1,0
most_dogmatic,1,1,0
most_distinguishable,1,1,0
most_emblematic,1,1,0
most_esoteric,1,1,0
most_discriminating,1,1,0
most_evangelical,1,1,0
most_feminist,1,1,0
most_fearful,1,1,0
most_fatal,1,1,0
most_fast,1,1,0
most_farfetched,1,1,0
most_far-reaching,1,1,0
most_fanciful,1,1,0
most_facile,1,1,0
most_fabulous,1,1,0
most_eye-popping,1,1,0
most_extremist,1,1,0
most_extra,1,1,0
most_exquisite,1,0,1
most_exploitative,1,1,0
most_expert,1,1,0
most_excruciating,1,1,0
most_evocative,1,1,0
most_disinterested,1,1,0
most_discoverable,1,1,0
most_financial,1,1,0
most_cowardly,1,1,0
most_corporate,1,1,0
most_cordial,1,0,1
most_cool,1,1,0
most_conversant,1,1,0
most_constitutional,1,1,0
most_considerable,1,1,0
most_conciliatory,1,1,0
most_comprehensible,1,1,0
most_complacent,1,1,0
most_commonplace,1,1,0
most_commanding,1,1,0
most_comical,1,1,0
most_colossal,1,1,0
most_collegial,1,1,0
most_collaborative,1,1,0
most_cogent,1,1,0
most_coachable,1,1,0
most_covert,1,1,0
most_crazy,1,1,0
most_different,1,1,0
most_cultural,1,1,0
most_die-hard,1,1,0
most_devious,1,1,0
most_deterministic,1,1,0
most_determined,1,1,0
most_dependent,1,1,0
most_dental,1,1,0
most_dense,1,1,0
most_demonic,1,1,0
most_definitive,1,1,0
most_defiant,1,1,0
most_defensive,1,0,1
most_deceptive,1,1,0
most_decent,1,1,0
most_decadent,1,1,0
most_damning,1,1,0
most_customisable,1,1,0
most_curious,1,1,0
most_figurative,1,1,0
most_finicky,1,1,0
more_super,1,0,1
most_immature,1,1,0
most_ideological,1,1,0
most_hysterical,1,1,0
most_hypnotic,1,1,0
most_hyper,1,1,0
most_hyped,1,1,0
most_hungry,1,1,0
most_humorous,1,1,0
most_humbling,1,1,0
most_hostile,1,1,0
most_horrifying,1,1,0
most_homophobic,1,1,0
most_homogenous,1,1,0
most_historical,1,1,0
most_historic,1,1,0
most_hip,1,1,0
most_high-tech,1,1,0
most_high-profile,1,1,0
most_illustrative,1,1,0
most_immersive,1,1,0
most_heady,1,1,0
most_implausible,1,1,0
most_infuriating,1,1,0
most_inflammatory,1,1,0
most_infallible,1,1,0
most_individualistic,1,1,0
most_individual,1,1,0
most_indispensable,1,1,0
most_indigenous,1,1,0
most_indifferent,1,1,0
most_indie,1,1,0
most_independent,1,1,0
most_incriminating,1,1,0
most_inconvenient,1,1,0
most_incompetent,1,1,0
most_incendiary,1,1,0
most_inappropriate,1,1,0
most_inactive,1,1,0
most_impregnable,1,1,0
most_heartfelt,1,1,0
most_hawkish,1,1,0
most_flavourful,1,1,0
most_generic,1,1,0
most_frivolous,1,1,0
most_frightful,1,1,0
most_frantic,1,1,0
most_frail,1,1,0
most_fragile,1,1,0
most_fortuitous,1,1,0
most_forthright,1,1,0
most_formative,1,1,0
most_forgettable,1,1,0
most_foreboding,1,1,0
most_forceful,1,1,0
most_foolish,1,1,0
most_foolhardy,1,1,0
most_fond,1,1,0
most_fluffy,1,1,0
most_floral,1,1,0
most_flawless,1,1,0
most_fruity,1,1,0
most_girly,1,1,0
most_hateful,1,1,0
most_glad,1,1,0
most_hasty,1,1,0
most_harrowing,1,1,0
most_hardy,1,1,0
most_hard-hitting,1,1,0
most_hard,1,1,0
most_handy,1,1,0
most_habitable,1,1,0
most_gullible,1,1,0
most_grueling,1,1,0
most_grotesque,1,1,0
most_gross,1,1,0
most_grisly,1,1,0
most_grim,1,1,0
most_great,1,1,0
most_grave,1,1,0
most_grateful,1,1,0
most_grand,1,1,0
most_close,1,1,0
most_civilized,1,1,0
most_circumspect,1,1,0
more_unscientific,1,1,0
more_unruly,1,1,0
more_unremarkable,1,1,0
more_unreachable,1,1,0
more_unqualified,1,0,1
more_unprofitable,1,0,1
more_unpretentious,1,1,0
more_unpalatable,1,0,1
more_unoriginal,1,1,0
more_unlikable,1,1,0
more_unlawful,1,1,0
more_unjustified,1,1,0
more_unionized,1,1,0
more_uninformed,1,1,0
more_unimpressive,1,0,1
more_unimportant,1,1,0
more_unimaginative,1,0,1
more_unheard,1,0,1
more_unsatisfactory,1,1,0
more_unscrupulous,1,1,0
more_unfinished,1,1,0
more_unsettled,1,1,0
more_voluptuous,1,1,0
more_voluntary,1,1,0
more_victorian,1,0,1
more_veteran,1,1,0
more_vegan,1,1,0
more_vacant,1,1,0
more_utilitarian,1,1,0
more_upscale,1,0,1
more_uphill,1,1,0
more_unwell,1,1,0
more_unusable,1,0,1
more_untenable,1,1,0
more_unsympathetic,1,1,0
more_unsustainable,1,1,0
more_unsuccessful,1,1,0
more_unstoppable,1,0,1
more_unsteady,1,1,0
more_unfolding,1,1,0
more_uneasy,1,1,0
most_chronic,1,1,0
more_toothless,1,1,0
more_tighter,1,1,0
more_tight,1,1,0
more_thriving,1,1,0
more_thirsty,1,1,0
more_third,1,1,0
more_thin,1,1,0
more_thankless,1,1,0
more_territorial,1,1,0
more_terrific,1,0,1
more_tentative,1,1,0
more_tastier,1,1,0
more_tasteless,1,0,1
more_tame,1,1,0
more_taller,1,1,0
more_tacky,1,0,1
more_symbiotic,1,1,0
more_swift,1,1,0
more_time-consuming,1,1,0
more_top,1,1,0
more_undefined,1,1,0
more_top-notch,1,1,0
more_undecided,1,1,0
more_uncooperative,1,1,0
more_uncontrollable,1,1,0
more_unconcerned,1,1,0
more_uncalled,1,1,0
more_unbroken,1,1,0
more_unaware,1,1,0
more_unavoidable,1,0,1
more_unavailable,1,1,0
more_unattainable,1,1,0
more_unanswered,1,1,0
more_unaffected,1,1,0
more_trashy,1,1,0
more_translucent,1,1,0
more_transgender,1,1,0
more_trained,1,1,0
more_traceable,1,1,0
more_walkable,1,1,0
more_wanted,1,1,0
more_warmer,1,1,0
most_boisterous,1,1,0
most_blue,1,1,0
most_bloated,1,1,0
most_blissful,1,1,0
most_biodiverse,1,1,0
most_bigger,1,1,0
most_benign,1,1,0
most_benevolent,1,1,0
most_beguiling,1,1,0
most_bearish,1,1,0
most_bankable,1,1,0
most_banal,1,1,0
most_bad,1,1,0
most_awkward,1,1,0
most_awful,1,1,0
most_awake,1,1,0
most_average,1,1,0
most_autonomous,1,1,0
most_blunt,1,1,0
most_breathable,1,1,0
more_weekly,1,1,0
most_breathtaking,1,1,0
most_christian,1,1,0
most_chilling,1,1,0
most_childish,1,1,0
most_cheaper,1,1,0
most_characteristic,1,1,0
most_catastrophic,1,1,0
most_carnal,1,0,1
most_caring,1,1,0
most_captive,1,1,0
most_capitalist,1,1,0
most_canadian,1,1,0
most_buddhist,1,1,0
most_brittle,1,1,0
most_brisk,1,1,0
most_bright,1,1,0
most_brief,1,1,0
most_breezy,1,1,0
most_autocratic,1,1,0
most_autistic,1,1,0
most_austere,1,1,0
most_attuned,1,1,0
most_acrobatic,1,1,0
most_acidic,1,1,0
most_achievable,1,1,0
most_acerbic,1,1,0
most_abusive,1,1,0
most_absurd,1,1,0
most_absorbing,1,1,0
most_absorbent,1,1,0
most_absolute,1,1,0
more_zany,1,1,0
more_xenophobic,1,1,0
more_wordy,1,1,0
more_wobbly,1,1,0
more_winnable,1,1,0
more_winless,1,1,0
more_winded,1,1,0
more_well-known,1,1,0
most_actionable,1,1,0
most_actual,1,1,0
most_adaptive,1,1,0
most_anticipated,1,1,0
most_atrocious,1,1,0
most_atmospheric,1,1,0
most_at-risk,1,1,0
most_aromatic,1,1,0
most_arbitrary,1,1,0
most_appreciative,1,1,0
most_appalling,1,1,0
most_annoyed,1,1,0
most_admired,1,1,0
most_angelic,1,1,0
most_anemic,1,1,0
most_alarmist,1,0,1
most_aggravating,1,1,0
most_affecting,1,1,0
most_affable,1,1,0
most_adroit,1,1,0
more_cyclical,1,0,1
more_crazier,1,1,0
merely_secretive,1,1,0
mildly_newsworthy,1,0,1
mildly_nauseating,1,1,0
mildly_mediocre,1,1,0
mildly_libelous,1,1,0
mildly_introverted,1,1,0
mildly_intriguing,1,1,0
mildly_intelligent,1,1,0
mildly_insulting,1,1,0
mildly_immature,1,1,0
mildly_illegal,1,1,0
mildly_ill,1,1,0
mildly_hypocritical,1,1,0
mildly_hurt,1,1,0
mildly_healthy,1,1,0
mildly_frustrated,1,1,0
mildly_excited,1,1,0
mildly_electronic,1,1,0
mildly_dry,1,1,0
mildly_new,1,0,1
mildly_noteworthy,1,0,1
mildly_disorganized,1,1,0
mildly_off,1,1,0
mildly_surprising,1,1,0
mildly_superior,1,1,0
mildly_successful,1,1,0
mildly_sick,1,1,0
mildly_shocked,1,1,0
mildly_scared,1,1,0
mildly_satisfying,1,1,0
mildly_reprehensible,1,1,0
mildly_relevant,1,1,0
mildly_reassuring,1,1,0
mildly_rational,1,1,0
mildly_psychotic,1,1,0
mildly_picturesque,1,1,0
mildly_pessimistic,1,1,0
mildly_persistent,1,1,0
mildly_panicked,1,1,0
mildly_painful,1,1,0
mildly_disturbing,1,1,0
mildly_disgusting,1,1,0
mildly_tempting,1,1,0
mildly_anxious,1,0,1
mildly_anemic,1,1,0
mildly_alarming,1,1,0
mildly_addictive,1,1,0
mildly_active,1,1,0
mildly_abrasive,1,0,1
mighty_wonderful,1,0,1
mighty_tricky,1,1,0
mighty_tasty,1,1,0
mighty_smart,1,1,0
mighty_privileged,1,1,0
mighty_pricy,1,1,0
mighty_military,1,1,0
mighty_miffed,1,1,0
mighty_inconvenient,1,1,0
mighty_impressed,1,1,0
mighty_grateful,1,1,0
mighty_easy,1,1,0
mildly_angry,1,1,0
mildly_autistic,1,1,0
mildly_depressing,1,1,0
mildly_awful,1,1,0
mildly_demented,1,1,0
mildly_delusional,1,1,0
mildly_curious,1,1,0
mildly_critical,1,1,0
mildly_congested,1,1,0
mildly_confused,1,1,0
mildly_concerned,1,1,0
mildly_competitive,1,1,0
mildly_compelling,1,1,0
mildly_comical,1,0,1
mildly_combative,1,1,0
mildly_clever,1,1,0
mildly_cheerful,1,1,0
mildly_careless,1,1,0
mildly_bullish,1,1,0
mildly_believable,1,1,0
mildly_awkward,1,1,0
mildly_suspicious,1,1,0
mildly_terrified,1,1,0
miraculously_better,1,1,0
minimally_helpful,1,1,0
minimally_diligent,1,1,0
minimally_concerned,1,1,0
minimally_competent,1,1,0
minimally_coherent,1,1,0
minimally_adequate,1,1,0
minimally_accountable,1,1,0
mind-numbingly_terrifying,1,1,0
mind-numbingly_terrible,1,1,0
mind-numbingly_simple,1,1,0
mind-numbingly_silly,1,1,0
mind-numbingly_sad,1,1,0
mind-numbingly_rich,1,1,0
mind-numbingly_repetitive,1,1,0
mind-numbingly_odd,1,1,0
mind-numbingly_obvious,1,1,0
mind-numbingly_obstinate,1,1,0
mind-numbingly_obnoxious,1,1,0
minimally_entertaining,1,1,0
minimally_introspective,1,1,0
mind-numbingly_loud,1,1,0
minimally_involved,1,1,0
miraculously_able,1,1,0
minimally_viable,1,1,0
minimally_talented,1,1,0
minimally_sympathetic,1,1,0
minimally_sufficient,1,1,0
minimally_social,1,1,0
minimally_self-sufficient,1,1,0
minimally_satisfied,1,1,0
minimally_safe,1,1,0
minimally_respectable,1,1,0
minimally_reasonable,1,1,0
minimally_qualified,1,1,0
minimally_problematic,1,1,0
minimally_positive,1,1,0
minimally_persuasive,1,1,0
minimally_patient,1,1,0
minimally_likeable,1,1,0
mind-numbingly_monotonous,1,1,0
mind-numbingly_horrendous,1,1,0
mildly_tolerant,1,1,0
militarily_expedient,1,1,0
militarily_devastating,1,1,0
militarily_dependent,1,1,0
militarily_defensible,1,1,0
militarily_competent,1,1,0
militarily_belligerent,1,1,0
militarily_assertive,1,1,0
militarily_allowable,1,1,0
militarily_aggressive,1,1,0
militarily_advantageous,1,1,0
militarily_able,1,1,0
mildly_vulgar,1,1,0
mildly_upset,1,1,0
mildly_unusual,1,1,0
mildly_unpleasant,1,1,0
mildly_undesirable,1,0,1
mildly_uncomfortable,1,1,0
mildly_troubling,1,1,0
militarily_distant,1,1,0
militarily_harmful,1,1,0
mind-numbingly_harsh,1,1,0
militarily_hawkish,1,1,0
mind-numbingly_frustrating,1,1,0
mind-numbingly_decadent,1,1,0
mind-numbingly_contradictory,1,1,0
mind-numbingly_complex,1,1,0
mind-numbingly_brisk,1,1,0
mind-numbingly_bland,1,0,1
militarily_viable,1,1,0
militarily_usable,1,1,0
militarily_unique,1,1,0
militarily_superior,1,1,0
militarily_self-evident,1,1,0
militarily_rational,1,1,0
militarily_present,1,1,0
militarily_possible,1,1,0
militarily_neutral,1,1,0
militarily_involved,1,1,0
militarily_insignificant,1,1,0
mightily_worried,1,1,0
mightily_unfair,1,1,0
mightily_strange,1,1,0
merely_tender,1,1,0
merely_tedious,1,1,0
merely_tasteless,1,1,0
merely_tantamount,1,1,0
merely_tantalizing,1,1,0
merely_tangential,1,1,0
merely_suspect,1,1,0
merely_surprised,1,1,0
merely_supreme,1,1,0
merely_supernatural,1,1,0
merely_suicidal,1,1,0
merely_such,1,1,0
merely_subversive,1,1,0
merely_subordinate,1,1,0
merely_sublime,1,1,0
merely_subconscious,1,1,0
merely_stunning,1,1,0
merely_stressful,1,1,0
merely_tempting,1,1,0
merely_tense,1,1,0
merely_sticky,1,1,0
merely_thankful,1,1,0
merely_unapologetic,1,1,0
merely_unaffordable,1,1,0
merely_un-american,1,1,0
merely_typical,1,1,0
merely_tribal,1,1,0
merely_treacherous,1,1,0
merely_traumatizing,1,1,0
merely_transcendent,1,1,0
merely_tragic,1,1,0
merely_totalitarian,1,1,0
merely_timely,1,1,0
merely_timeless,1,1,0
merely_tighter,1,1,0
merely_thrifty,1,1,0
merely_threatening,1,1,0
merely_thick,1,1,0
merely_theatrical,1,1,0
merely_straightforward,1,1,0
merely_sterile,1,1,0
mightily_impressive,1,1,0
merely_sociable,1,1,0
merely_smooth,1,1,0
merely_smarter,1,1,0
merely_slight,1,1,0
merely_slick,1,1,0
merely_singular,1,1,0
merely_silver,1,1,0
merely_shrill,1,1,0
merely_shortsighted,1,1,0
merely_short-lived,1,1,0
merely_shabby,1,1,0
merely_several,1,1,0
merely_serviceable,1,1,0
merely_separate,1,1,0
merely_sentient,1,1,0
merely_sensual,1,1,0
merely_sensitive,1,1,0
merely_senseless,1,1,0
merely_smoother,1,1,0
merely_softer,1,1,0
merely_stereotypical,1,1,0
merely_solid,1,1,0
merely_static,1,1,0
merely_stark,1,1,0
merely_stale,1,1,0
merely_stagnant,1,1,0
merely_squeamish,1,1,0
merely_square,1,1,0
merely_spectacular,1,1,0
merely_specious,1,1,0
merely_specific,1,1,0
merely_specialized,1,1,0
merely_spanish,1,1,0
merely_sovereign,1,1,0
merely_southern,1,1,0
merely_sound,1,1,0
merely_sorry,1,1,0
merely_sordid,1,1,0
merely_somber,1,1,0
merely_unappealing,1,1,0
merely_unappreciated,1,1,0
merely_unattainable,1,1,0
merely_welcoming,1,1,0
merely_weary,1,1,0
merely_waterproof,1,1,0
merely_volatile,1,1,0
merely_virtual,1,1,0
merely_violent,1,1,0
merely_vindictive,1,1,0
merely_vile,1,1,0
merely_variable,1,1,0
merely_vapid,1,1,0
merely_vain,1,1,0
merely_vague,1,1,0
merely_utopian,1,1,0
merely_urgent,1,1,0
merely_upset,1,1,0
merely_unworkable,1,1,0
merely_unwelcome,1,1,0
merely_untouched,1,1,0
merely_weird,1,1,0
merely_well-known,1,1,0
merely_unavoidable,1,1,0
merely_wholesome,1,1,0
mightily_impressed,1,1,0
mightily_important,1,0,1
mightily_fond,1,1,0
mightily_disappointed,1,1,0
meticulously_detailed,1,1,0
meticulously_clean,1,1,0
meticulously_accurate,1,1,0
metabolically_useful,1,1,0
metabolically_satisfied,1,1,0
metabolically_flexible,1,1,0
metabolically_equivalent,1,1,0
metabolically_costly,1,1,0
metabolically_alike,1,1,0
merely_yellow,1,1,0
merely_wrinkled,1,1,0
merely_worthwhile,1,1,0
merely_worse,1,1,0
merely_untested,1,1,0
merely_unsympathetic,1,1,0
merely_unsustainable,1,1,0
merely_unsung,1,1,0
merely_uninspiring,1,1,0
merely_uninformed,1,1,0
merely_unimpressive,1,1,0
merely_unflattering,1,1,0
merely_unfinished,1,1,0
merely_unfettered,1,1,0
merely_unfamiliar,1,1,0
merely_unexpected,1,1,0
merely_unequal,1,1,0
merely_undone,1,1,0
merely_underwater,1,1,0
merely_underfunded,1,1,0
merely_uncool,1,1,0
merely_uncontroversial,1,1,0
merely_unconstitutional,1,1,0
merely_unconcerned,1,1,0
merely_unbelievable,1,1,0
merely_universal,1,1,0
merely_unkind,1,1,0
merely_unknowable,1,1,0
merely_unqualified,1,1,0
merely_unsuccessful,1,1,0
merely_unstable,1,1,0
merely_unsightly,1,1,0
merely_unsettling,1,1,0
merely_unscathed,1,1,0
merely_unsatisfactory,1,1,0
merely_unsafe,1,1,0
merely_unprofitable,1,1,0
merely_unlucky,1,1,0
merely_unprecedented,1,1,0
merely_unpalatable,1,1,0
merely_unpaid,1,1,0
merely_unoriginal,1,1,0
merely_unofficial,1,1,0
merely_unoccupied,1,1,0
merely_unnamed,1,1,0
miraculously_accurate,1,1,0
miraculously_clear-cut,1,1,0
more_costlier,1,1,0
morally_wise,1,1,0
morally_virtuous,1,1,0
morally_viable,1,1,0
morally_valuable,1,1,0
morally_valid,1,1,0
morally_vacuous,1,1,0
morally_urgent,1,1,0
morally_unreasonable,1,1,0
morally_unfair,1,1,0
morally_unambiguous,1,1,0
morally_ugly,1,1,0
morally_true,1,1,0
morally_triumphant,1,1,0
morally_toxic,1,1,0
morally_tidy,1,1,0
morally_tenable,1,1,0
morally_tantalizing,1,1,0
morally_stupid,1,1,0
morally_weighty,1,0,1
morally_wonderful,1,1,0
morally_strange,1,0,1
morally_worrisome,1,1,0
more_admissible,1,1,0
more_administrative,1,1,0
more_adaptive,1,1,0
more_acrobatic,1,1,0
more_acidic,1,1,0
more_acerbic,1,1,0
more_accepting,1,1,0
more_absorbent,1,0,1
more_above,1,1,0
morbidly_titillating,1,1,0
morbidly_obsessed,1,1,0
morbidly_fascinating,1,1,0
morbidly_depressing,1,1,0
morbidly_depressed,1,1,0
morbidly_cynical,1,1,0
morbidly_crazy,1,1,0
morally_wretched,1,1,0
morally_strong,1,1,0
morally_squeamish,1,1,0
more_agnostic,1,1,0
morally_plausible,1,1,0
morally_perilous,1,1,0
morally_outrageous,1,1,0
morally_optimal,1,1,0
morally_offended,1,1,0
morally_objective,1,1,0
morally_nihilistic,1,1,0
morally_negative,1,1,0
morally_mute,1,1,0
morally_misguided,1,1,0
morally_meritorious,1,1,0
morally_loose,1,1,0
morally_lax,1,1,0
morally_laudable,1,1,0
morally_irrelevant,1,1,0
morally_involved,1,1,0
morally_invalid,1,1,0
morally_intuitive,1,1,0
morally_perverse,1,1,0
morally_pleasant,1,1,0
morally_simplistic,1,1,0
morally_poisonous,1,1,0
morally_sick,1,1,0
morally_sensible,1,1,0
morally_scandalous,1,1,0
morally_safe,1,1,0
morally_sacrosanct,1,1,0
morally_revolting,1,1,0
morally_respectable,1,1,0
morally_repulsive,1,1,0
morally_remote,1,1,0
morally_relative,1,1,0
morally_refreshing,1,1,0
morally_redeemable,1,0,1
morally_puzzling,1,1,0
morally_prescriptive,1,1,0
morally_prepared,1,1,0
morally_prejudicial,1,0,1
morally_praiseworthy,1,1,0
more_agitated,1,1,0
more_airtight,1,1,0
miraculously_correct,1,1,0
more_claustrophobic,1,0,1
more_circuitous,1,1,0
more_chummy,1,1,0
more_chronic,1,1,0
more_cartoony,1,1,0
more_carcinogenic,1,1,0
more_cancerous,1,0,1
more_cagey,1,1,0
more_busier,1,1,0
more_bulletproof,1,1,0
more_buddhist,1,1,0
more_brown,1,1,0
more_brittle,1,0,1
more_brisk,1,1,0
more_brief,1,1,0
more_breezy,1,1,0
more_brash,1,0,1
more_bountiful,1,1,0
more_civilian,1,1,0
more_closed,1,1,0
more_bombastic,1,1,0
more_coachable,1,1,0
more_corny,1,1,0
more_convertible,1,1,0
more_conversational,1,1,0
more_controlled,1,1,0
more_controllable,1,1,0
more_contextual,1,1,0
more_consuming,1,1,0
more_consensual,1,1,0
more_congested,1,1,0
more_confidential,1,1,0
more_conditional,1,1,0
more_concentrated,1,1,0
more_compulsive,1,0,1
more_complacent,1,1,0
more_combative,1,1,0
more_collective,1,1,0
more_collectible,1,1,0
more_bouncy,1,0,1
more_bolder,1,0,1
more_allergic,1,0,1
more_armed,1,1,0
more_archaic,1,1,0
more_arab,1,1,0
more_approximate,1,1,0
more_antisocial,1,1,0
more_antiquated,1,1,0
more_anti-israel,1,1,0
more_anomalous,1,0,1
more_angelic,1,1,0
more_anemic,1,1,0
more_androgynous,1,1,0
more_anarchic,1,0,1
more_analogous,1,1,0
more_ample,1,1,0
more_amorphous,1,1,0
more_amoral,1,1,0
more_amateur,1,0,1
more_allowable,1,1,0
more_argumentative,1,1,0
more_asian,1,1,0
more_bohemian,1,1,0
more_aspirational,1,0,1
more_bisexual,1,1,0
more_biodegradable,1,1,0
more_binary,1,1,0
more_bespoke,1,1,0
more_bent,1,1,0
more_belligerent,1,1,0
more_bankrupt,1,1,0
more_bankable,1,1,0
more_baffled,1,1,0
more_backward,1,1,0
more_back,1,1,0
more_avid,1,0,1
more_autocratic,1,1,0
more_audible,1,1,0
more_attributable,1,1,0
more_atheist,1,1,0
more_astringent,1,1,0
morally_intriguing,1,0,1
morally_insensitive,1,1,0
morally_injurious,1,1,0
momentarily_believable,1,1,0
modestly_socialist,1,1,0
modestly_poignant,1,1,0
modestly_pleased,1,1,0
modestly_interactive,1,1,0
modestly_enough,1,1,0
modestly_effective,1,1,0
moderately_unaffordable,1,1,0
moderately_terrified,1,1,0
moderately_surprising,1,1,0
moderately_stupid,1,1,0
moderately_strong,1,1,0
moderately_strenuous,1,1,0
moderately_sinful,1,0,1
moderately_scary,1,1,0
moderately_scared,1,1,0
moderately_oversold,1,1,0
moderately_inspiring,1,1,0
momentarily_balanced,1,1,0
momentarily_bored,1,1,0
moderately_important,1,1,0
momentarily_excited,1,1,0
monstrously_unkind,1,1,0
monstrously_unjust,1,1,0
monstrously_thick,1,1,0
monstrously_pushy,1,1,0
monstrously_outdated,1,1,0
monstrously_hungover,1,1,0
monstrously_huge,1,1,0
monstrously_hideous,1,1,0
monstrously_expensive,1,1,0
monstrously_epic,1,1,0
monstrously_dumb,1,1,0
monstrously_disappointing,1,1,0
monstrously_difficult,1,1,0
monstrously_big,1,1,0
momentarily_visible,1,1,0
momentarily_strong,1,1,0
momentarily_interesting,1,1,0
moderately_inebriated,1,1,0
moderately_ill,1,1,0
morally_incorrect,1,1,0
miserably_stressful,1,1,0
miserably_sick,1,1,0
miserably_overcast,1,1,0
miserably_incompatible,1,1,0
miserably_ill,1,1,0
miserably_homesick,1,1,0
miserably_full,1,1,0
miserably_foolish,1,1,0
miserably_depressed,1,1,0
miserably_defective,1,1,0
miserably_damp,1,1,0
miraculously_tight,1,1,0
miraculously_perfect,1,1,0
miraculously_monstrous,1,0,1
miraculously_intact,1,1,0
miraculously_happy,1,1,0
miraculously_flatter,1,1,0
miraculously_devoid,1,1,0
miserably_slow,1,1,0
miserably_terrible,1,1,0
moderately_high,1,1,0
mobile_welcoming,1,1,0
moderately_heavy,1,1,0
moderately_happy,1,1,0
moderately_familiar,1,1,0
moderately_fair,1,1,0
moderately_exciting,1,1,0
moderately_excited,1,1,0
moderately_equal,1,1,0
moderately_enjoyable,1,1,0
moderately_effective,1,1,0
moderately_decent,1,1,0
moderately_curious,1,1,0
moderately_close,1,1,0
moderately_bullish,1,1,0
moderately_bitter,1,1,0
moderately_assertive,1,1,0
moderately_ancient,1,0,1
moderately_active,1,1,0
monumentally_arrogant,1,1,0
monumentally_awful,1,1,0
monumentally_bad,1,1,0
morally_expedient,1,1,0
morally_excellent,1,1,0
morally_exact,1,1,0
morally_essential,1,0,1
morally_edifying,1,1,0
morally_earnest,1,1,0
morally_dull,1,1,0
morally_doubtful,1,1,0
morally_disproportionate,1,1,0
morally_devoid,1,1,0
morally_deviant,1,1,0
morally_despicable,1,1,0
morally_delinquent,1,1,0
morally_defective,1,1,0
morally_deep,1,1,0
morally_decrepit,1,1,0
morally_deaf,1,1,0
morally_crippling,1,1,0
morally_exhausting,1,1,0
morally_feasible,1,1,0
monumentally_difficult,1,1,0
morally_foolish,1,1,0
morally_incomprehensible,1,1,0
morally_inappropriate,1,1,0
morally_impotent,1,1,0
morally_impossible,1,1,0
morally_important,1,1,0
morally_impeccable,1,1,0
morally_immaculate,1,1,0
morally_illiterate,1,1,0
morally_hypocritical,1,0,1
morally_horrifying,1,1,0
morally_honorable,1,1,0
morally_hollow,1,1,0
morally_helpless,1,1,0
morally_heinous,1,1,0
morally_healthy,1,1,0
morally_grey,1,1,0
morally_gay,1,1,0
morally_criminal,1,1,0
morally_corrosive,1,1,0
morally_convincing,1,1,0
morally_controversial,1,1,0
monumentally_unique,1,1,0
monumentally_treacherous,1,1,0
monumentally_singular,1,1,0
monumentally_simple,1,1,0
monumentally_popular,1,1,0
monumentally_offensive,1,1,0
monumentally_obtuse,1,1,0
monumentally_important,1,1,0
monumentally_horrific,1,0,1
monumentally_greater,1,1,0
monumentally_good,1,1,0
monumentally_frustrating,1,1,0
monumentally_famous,1,1,0
monumentally_expensive,1,1,0
monumentally_dumber,1,1,0
monumentally_dull,1,1,0
monumentally_disposable,1,1,0
monumentally_wasteful,1,1,0
morally_absolute,1,1,0
morally_accepting,1,1,0
morally_clear,1,1,0
morally_considerable,1,1,0
morally_conservative,1,1,0
morally_confident,1,1,0
morally_conditional,1,1,0
morally_compulsory,1,1,0
morally_complicit,1,1,0
morally_commendable,1,1,0
morally_cheap,1,1,0
morally_admissible,1,1,0
morally_bizarre,1,1,0
morally_beholden,1,1,0
morally_astute,1,1,0
morally_arrogant,1,1,0
morally_arbitrary,1,0,1
morally_analogous,1,1,0
morally_ambivalent,1,1,0
most_ingenious,1,1,0
most_inhuman,1,1,0
most_injurious,1,1,0
much_respected,1,1,0
much_republican,1,1,0
much_representative,1,1,0
much_reminiscent,1,1,0
much_relieved,1,1,0
much_relatable,1,1,0
much_regulatory,1,1,0
much_regretful,1,1,0
much_refreshing,1,1,0
much_reflective,1,1,0
much_redundant,1,1,0
much_recognizable,1,1,0
much_reassuring,1,1,0
much_realistic,1,1,0
much_readable,1,1,0
much_reachable,1,1,0
much_raw,1,1,0
much_rapid,1,1,0
much_resourceful,1,1,0
much_restrictive,1,1,0
much_quotable,1,1,0
much_revered,1,1,0
much_scalable,1,1,0
much_savvy,1,1,0
much_savory,1,1,0
much_sassy,1,1,0
much_sarcastic,1,1,0
much_same,1,1,0
much_sadistic,1,1,0
much_sacred,1,1,0
much_saccharine,1,1,0
much_russian,1,1,0
much_rugged,1,1,0
much_rotten,1,1,0
much_rosy,1,1,0
much_rocky,1,1,0
much_robotic,1,1,0
much_righteous,1,1,0
much_rewarding,1,1,0
much_racial,1,1,0
much_quiet,1,1,0
much_seasonal,1,1,0
much_prevailing,1,1,0
much_presidential,1,1,0
much_preposterous,1,1,0
much_premature,1,1,0
much_predictable,1,1,0
much_predatory,1,1,0
much_powerless,1,1,0
much_possessive,1,1,0
much_portable,1,1,0
much_polish,1,1,0
much_pointless,1,1,0
much_poetic,1,1,0
much_plausible,1,1,0
much_pigmented,1,1,0
much_photogenic,1,1,0
much_phony,1,1,0
much_petrified,1,1,0
much_perverted,1,1,0
much_pretty,1,1,0
much_prickly,1,1,0
much_quick,1,1,0
much_pricy,1,1,0
much_quantitative,1,1,0
much_puzzled,1,1,0
much_purple,1,1,0
much_pure,1,1,0
much_punitive,1,1,0
much_psychic,1,1,0
much_provocative,1,1,0
much_protective,1,1,0
much_progressive,1,1,0
much_problematic,1,1,0
much_pro-life,1,1,0
much_pro-israel,1,1,0
much_pro-choice,1,1,0
much_pro-american,1,1,0
much_pro-active,1,1,0
much_privileged,1,1,0
much_prior,1,1,0
much_seamless,1,1,0
much_secondary,1,1,0
much_unbearable,1,1,0
much_tedious,1,1,0
much_tangy,1,1,0
much_tangible,1,1,0
much_talkative,1,1,0
much_sympathetic,1,1,0
much_swollen,1,1,0
much_sustainable,1,1,0
much_suspicious,1,1,0
much_susceptible,1,1,0
much_superhuman,1,1,0
much_superfluous,1,1,0
much_superb,1,1,0
much_suicidal,1,1,0
much_sugary,1,1,0
much_substandard,1,1,0
much_submissive,1,1,0
much_stylish,1,1,0
much_structural,1,1,0
much_tasteful,1,1,0
much_tempting,1,1,0
much_stressful,1,0,1
much_tender,1,1,0
much_unanimous,1,1,0
much_unaccounted,1,1,0
much_unable,1,1,0
much_turkish,1,1,0
much_trustworthy,1,1,0
much_triumphant,1,1,0
much_trite,1,1,0
much_tranquil,1,1,0
much_toxic,1,1,0
much_tolerant,1,1,0
much_tiring,1,1,0
much_tiresome,1,1,0
much_thorough,1,1,0
much_third,1,1,0
much_therapeutic,1,1,0
much_theatrical,1,1,0
much_tenuous,1,1,0
much_strident,1,1,0
much_strenuous,1,1,0
much_secret,1,1,0
much_sophisticated,1,1,0
much_soft-spoken,1,1,0
much_sober,1,1,0
much_sluggish,1,1,0
much_sloppy,1,1,0
much_slight,1,1,0
much_slick,1,1,0
much_skillful,1,1,0
much_skilled,1,1,0
much_simplistic,1,1,0
much_showy,1,1,0
much_shoddy,1,1,0
much_several,1,1,0
much_sensuous,1,1,0
much_selfless,1,1,0
much_self-explanatory,1,1,0
much_selective,1,1,0
much_secretive,1,1,0
much_solitary,1,1,0
much_sought-after,1,1,0
much_streaky,1,1,0
much_soulful,1,1,0
much_strategic,1,1,0
much_straight,1,1,0
much_stimulating,1,1,0
much_stiff,1,1,0
much_sticky,1,1,0
much_steeper,1,1,0
much_steep,1,1,0
much_stealthy,1,1,0
much_static,1,1,0
much_stark,1,1,0
much_sporty,1,1,0
much_spoiled,1,1,0
much_speechless,1,1,0
much_speculative,1,1,0
much_southern,1,1,0
much_sour,1,1,0
much_sound,1,1,0
much_persuasive,1,1,0
much_permanent,1,1,0
much_perilous,1,1,0
much_just,1,1,0
much_jarring,1,1,0
much_itchy,1,1,0
much_italian,1,1,0
much_islamic,1,1,0
much_irregular,1,1,0
much_invigorating,1,1,0
much_intrinsic,1,1,0
much_intriguing,1,1,0
much_intricate,1,1,0
much_intrepid,1,1,0
much_interwoven,1,1,0
much_international,1,1,0
much_intensive,1,1,0
much_intelligible,1,1,0
much_intact,1,1,0
much_insufferable,1,1,0
much_instructive,1,1,0
much_jewish,1,1,0
much_kind,1,1,0
much_inspiring,1,1,0
much_knowledgeable,1,1,0
much_limp,1,1,0
much_light,1,1,0
much_liberating,1,1,0
much_liable,1,1,0
much_lethargic,1,1,0
much_legitimate,1,1,0
much_legendary,1,1,0
much_left-wing,1,1,0
much_leeway,1,1,0
much_lax,1,1,0
much_laughable,1,1,0
much_laudable,1,1,0
much_later,1,1,0
much_lasting,1,1,0
much_last,1,1,0
much_lame,1,1,0
much_labor-intensive,1,1,0
much_institutional,1,1,0
much_insincere,1,1,0
much_perceptive,1,1,0
much_impactful,1,1,0
much_immoral,1,1,0
much_immediate,1,1,0
much_immature,1,1,0
much_illustrative,1,1,0
much_illuminating,1,1,0
much_illegible,1,1,0
much_ill,1,1,0
much_idealistic,1,1,0
much_icy,1,1,0
much_humiliating,1,1,0
much_humbled,1,1,0
much_humanitarian,1,1,0
much_horrified,1,1,0
much_horrid,1,1,0
much_homosexual,1,1,0
much_homesick,1,1,0
much_holy,1,1,0
much_immune,1,1,0
much_impassioned,1,1,0
much_insightful,1,1,0
much_impatient,1,1,0
much_insidious,1,1,0
much_insane,1,1,0
much_innovative,1,1,0
much_injurious,1,1,0
much_injured,1,1,0
much_inhumane,1,1,0
much_infrequent,1,1,0
much_informational,1,1,0
much_influential,1,1,0
much_infinite,1,1,0
much_inexpensive,1,1,0
much_industrial,1,1,0
much_independent,1,1,0
much_incredible,1,1,0
much_inconvenient,1,1,0
much_inconsistent,1,1,0
much_inappropriate,1,1,0
much_literal,1,1,0
much_literary,1,1,0
much_live,1,1,0
much_operational,1,1,0
much_omnipotent,1,1,0
much_oily,1,1,0
much_obsolete,1,1,0
much_observable,1,1,0
much_obscure,1,1,0
much_obligatory,1,1,0
much_obedient,1,1,0
much_numb,1,1,0
much_novel,1,1,0
much_noticable,1,1,0
much_northern,1,1,0
much_normal,1,1,0
much_nonchalant,1,1,0
much_non-partisan,1,1,0
much_noisy,1,1,0
much_needy,1,1,0
much_nauseating,1,1,0
much_open-minded,1,1,0
much_orange,1,1,0
much_lively,1,1,0
much_orderly,1,1,0
much_penetrating,1,1,0
much_peculiar,1,1,0
much_participatory,1,1,0
much_parallel,1,1,0
much_pale,1,1,0
much_palatable,1,1,0
much_overwhelming,1,1,0
much_oversold,1,0,1
much_overjoyed,1,1,0
much_overhead,1,1,0
much_overgrown,1,1,0
much_overcast,1,1,0
much_outstanding,1,0,1
much_outdoors,1,1,0
much_ostentatious,1,1,0
much_ornate,1,1,0
much_ordinary,1,0,1
much_naughty,1,1,0
much_nationalist,1,1,0
much_nasty,1,1,0
much_narrow,1,1,0
much_menacing,1,1,0
much_meager,1,1,0
much_mathematical,1,1,0
much_maternal,1,1,0
much_massive,1,1,0
much_masculine,1,1,0
much_marvelous,1,1,0
much_male,1,1,0
much_major,1,1,0
much_magic,1,1,0
much_maddening,1,1,0
much_luxurious,1,1,0
much_luscious,1,1,0
much_lucrative,1,1,0
much_lovable,1,1,0
much_lopsided,1,1,0
much_loathsome,1,1,0
much_metaphysical,1,1,0
much_mexican,1,1,0
much_military,1,1,0
much_moral,1,1,0
much_mute,1,1,0
much_musical,1,1,0
much_murky,1,1,0
much_muddy,1,1,0
much_most,1,1,0
much_mortal,1,1,0
much_morbid,1,1,0
much_monumental,1,1,0
much_mindful,1,1,0
much_monstrous,1,1,0
much_monochromatic,1,1,0
much_misunderstood,1,1,0
much_misleading,1,1,0
much_miscast,1,1,0
much_miraculous,1,1,0
much_minimalistic,1,1,0
much_unattractive,1,1,0
much_unbelievable,1,1,0
most_inquisitive,1,1,0
n't_charismatic,1,1,0
n't_brutal,1,1,0
n't_breathtaking,1,1,0
n't_brave,1,1,0
n't_bountiful,1,1,0
n't_bonkers,1,1,0
n't_blurry,1,1,0
n't_blank,1,1,0
n't_bizarre,1,1,0
n't_bilingual,1,1,0
n't_biblical,1,1,0
n't_beatable,1,1,0
n't_awkward,1,1,0
n't_authoritative,1,1,0
n't_authentic,1,1,0
n't_athletic,1,1,0
n't_artificial,1,1,0
n't_articulate,1,1,0
n't_cartoonish,1,1,0
n't_charming,1,1,0
n't_apt,1,1,0
n't_chilly,1,1,0
n't_conscientious,1,1,0
n't_congruent,1,1,0
n't_confused,1,1,0
n't_conducive,1,1,0
n't_conclusive,1,1,0
n't_complete,1,1,0
n't_compassionate,1,1,0
n't_comparable,1,1,0
n't_commonplace,1,1,0
n't_commendable,1,1,0
n't_comical,1,1,0
n't_comic,1,1,0
n't_comfy,1,1,0
n't_cogent,1,1,0
n't_cleaner,1,1,0
n't_classy,1,1,0
n't_christian,1,1,0
n't_arbitrary,1,1,0
n't_apropos,1,1,0
n't_consensual,1,1,0
mutually_spontaneous,1,1,0
mutually_rewarding,1,1,0
mutually_replaceable,1,1,0
mutually_related,1,1,0
mutually_redundant,1,1,0
mutually_receptive,1,1,0
mutually_profitable,1,1,0
mutually_pleasurable,1,1,0
mutually_open,1,1,0
mutually_observable,1,1,0
mutually_loving,1,1,0
mutually_liable,1,1,0
mutually_irreconcilable,1,0,1
mutually_invisible,1,1,0
mutually_interdependent,1,1,0
mutually_harmful,1,1,0
mutually_happy,1,1,0
mutually_fun,1,1,0
mutually_satisfactory,1,1,0
mutually_submissive,1,1,0
n't_anonymous,1,1,0
mutually_sustainable,1,1,0
n't_annoyed,1,1,0
n't_ambitious,1,1,0
n't_alone,1,1,0
n't_alive,1,1,0
n't_alert,1,1,0
n't_agreeable,1,1,0
n't_agile,1,1,0
n't_affordable,1,1,0
n't_affectionate,1,1,0
n't_advisable,1,1,0
n't_adept,1,1,0
n't_abnormal,1,1,0
mysteriously_unnerving,1,1,0
mysteriously_unidentified,1,1,0
mysteriously_secretive,1,1,0
mysteriously_beautiful,1,0,1
mutually_welcoming,1,1,0
n't_conscious,1,1,0
n't_constitutional,1,1,0
much_uncharacteristic,1,1,0
n't_flattering,1,1,0
n't_flashy,1,1,0
n't_flammable,1,1,0
n't_flamboyant,1,1,0
n't_first,1,1,0
n't_fertile,1,1,0
n't_feminist,1,1,0
n't_fearsome,1,1,0
n't_fearless,1,1,0
n't_fat,1,1,0
n't_famous,1,1,0
n't_faithful,1,1,0
n't_fab,1,1,0
n't_exuberant,1,1,0
n't_expressive,1,1,0
n't_expert,1,1,0
n't_evil,1,1,0
n't_ethnic,1,1,0
n't_flat,1,1,0
n't_flawed,1,1,0
n't_enticing,1,1,0
n't_fluent,1,1,0
n't_helpless,1,1,0
n't_heartbroken,1,1,0
n't_hawkish,1,1,0
n't_haunting,1,1,0
n't_harrowing,1,1,0
n't_grim,1,1,0
n't_germane,1,1,0
n't_german,1,1,0
n't_generic,1,1,0
n't_gay,1,1,0
n't_functional,1,1,0
n't_frustrating,1,1,0
n't_fruity,1,1,0
n't_french,1,1,0
n't_foundational,1,1,0
n't_formidable,1,1,0
n't_forgivable,1,1,0
n't_equal,1,1,0
n't_enthralling,1,1,0
n't_constructive,1,1,0
n't_dissatisfied,1,1,0
n't_disheartening,1,1,0
n't_discoverable,1,1,0
n't_disastrous,1,1,0
n't_disappointing,1,1,0
n't_dim,1,1,0
n't_devastating,1,1,0
n't_desperate,1,1,0
n't_depressed,1,1,0
n't_daunting,1,1,0
n't_cuter,1,1,0
n't_current,1,1,0
n't_crowded,1,1,0
n't_creative,1,1,0
n't_cosy,1,1,0
n't_costly,1,1,0
n't_cooler,1,1,0
n't_contagious,1,1,0
n't_disrespectful,1,1,0
n't_distinctive,1,1,0
n't_energetic,1,1,0
n't_disturbing,1,1,0
n't_endangered,1,1,0
n't_empty,1,1,0
n't_empathetic,1,1,0
n't_emotional,1,1,0
n't_embarrassing,1,1,0
n't_electric,1,1,0
n't_egregious,1,1,0
n't_efficient,1,1,0
n't_eerie,1,1,0
n't_educational,1,1,0
n't_edifying,1,1,0
n't_edgy,1,1,0
n't_dumb,1,1,0
n't_dull,1,1,0
n't_dry,1,1,0
n't_drastic,1,1,0
n't_dorky,1,1,0
mutually_exhaustive,1,1,0
mutually_distinct,1,1,0
mutually_cooperative,1,1,0
much_volatile,1,1,0
much_virulent,1,1,0
much_victorious,1,1,0
much_victorian,1,1,0
much_verbose,1,1,0
much_verbatim,1,1,0
much_verbal,1,1,0
much_vegan,1,1,0
much_vain,1,1,0
much_vacant,1,1,0
much_useable,1,1,0
much_urgent,1,1,0
much_uplifting,1,1,0
much_upfront,1,1,0
much_upbeat,1,1,0
much_unwise,1,1,0
much_unwelcome,1,1,0
much_unwatchable,1,1,0
much_vivid,1,1,0
much_wary,1,1,0
much_untouched,1,1,0
much_watchable,1,1,0
musically_alike,1,1,0
musically_advanced,1,1,0
much_zealous,1,1,0
much_xenophobic,1,1,0
much_wrinkled,1,1,0
much_wrenching,1,1,0
much_worldly,1,1,0
much_wonderful,1,1,0
much_wistful,1,1,0
much_wishful,1,1,0
much_wise,1,1,0
much_wireless,1,1,0
much_whole,1,1,0
much_welcoming,1,1,0
much_weary,1,1,0
much_wealthy,1,1,0
much_watchful,1,1,0
much_untrue,1,1,0
much_untouchable,1,1,0
mutually_convertible,1,1,0
much_unkind,1,1,0
much_uninterested,1,1,0
much_unintended,1,1,0
much_unintelligible,1,1,0
much_unimaginative,1,1,0
much_unhealthy,1,1,0
much_unfulfilled,1,1,0
much_unfortunate,1,1,0
much_unfit,1,1,0
much_unfavorable,1,1,0
much_unequal,1,1,0
much_undeserved,1,1,0
much_underdeveloped,1,1,0
much_underappreciated,1,1,0
much_undemocratic,1,1,0
much_unconstitutional,1,1,0
much_uncomplicated,1,1,0
much_unclear,1,1,0
much_unjust,1,1,0
much_unlocked,1,1,0
much_unsure,1,1,0
much_unnoticed,1,1,0
much_unsung,1,1,0
much_unsuccessful,1,1,0
much_unsubstantiated,1,1,0
much_unseen,1,1,0
much_unseemly,1,1,0
much_unsatisfactory,1,1,0
much_unsafe,1,1,0
much_unruly,1,1,0
much_unresolved,1,1,0
much_unreliable,1,1,0
much_unrecognizable,1,1,0
much_unrealistic,1,1,0
much_unreachable,1,1,0
much_unqualified,1,1,0
much_unpretentious,1,1,0
much_unpleasant,1,1,0
much_unpalatable,1,1,0
musically_alluring,1,1,0
abnormally_aggressive,1,1,0
musically_ambitious,1,1,0
musically_terrible,1,1,0
musically_spirited,1,1,0
musically_skillful,1,1,0
musically_skilled,1,1,0
musically_revolutionary,1,1,0
musically_retarded,1,1,0
musically_related,1,1,0
musically_ready,1,1,0
musically_quiet,1,1,0
musically_qualified,1,1,0
musically_progressive,1,1,0
musically_potent,1,1,0
musically_pleasant,1,0,1
musically_perfect,1,1,0
musically_outspoken,1,1,0
musically_oriented,1,1,0
musically_offensive,1,0,1
musically_nutritious,1,1,0
musically_technical,1,1,0
musically_tight,1,1,0
musically_apt,1,1,0
musically_unproductive,1,1,0
mutually_consensual,1,1,0
mutually_conscious,1,1,0
mutually_comfortable,1,1,0
mutually_collaborative,1,1,0
mutually_coherent,1,1,0
mutually_caring,1,1,0
mutually_binding,1,1,0
mutually_aware,1,1,0
mutually_applicable,1,1,0
mutually_aggressive,1,1,0
mutually_advantageous,1,1,0
mutually_abusive,1,1,0
musically_wrong,1,1,0
musically_weird,1,0,1
musically_violent,1,1,0
musically_valuable,1,1,0
musically_valid,1,1,0
musically_naive,1,1,0
musically_minded,1,1,0
musically_meaningful,1,0,1
musically_magical,1,0,1
musically_economical,1,1,0
musically_dynamic,1,1,0
musically_diplomatic,1,1,0
musically_correct,1,1,0
musically_conversant,1,1,0
musically_conscious,1,1,0
musically_competent,1,1,0
musically_compatible,1,1,0
musically_comparable,1,1,0
musically_coherent,1,1,0
musically_cliched,1,1,0
musically_brilliant,1,1,0
musically_blessed,1,1,0
musically_aware,1,1,0
musically_audible,1,1,0
musically_astounding,1,1,0
musically_articulate,1,1,0
musically_effective,1,1,0
musically_enjoyable,1,1,0
musically_experimental,1,1,0
musically_impressed,1,1,0
musically_knowledgeable,1,1,0
musically_interchangeable,1,1,0
musically_influential,1,1,0
musically_inferior,1,1,0
musically_infectious,1,1,0
musically_inept,1,1,0
musically_impressive,1,1,0
musically_illiterate,1,1,0
musically_flawed,1,1,0
musically_ignorant,1,1,0
musically_idle,1,1,0
musically_ideal,1,1,0
musically_homogenous,1,1,0
musically_hideous,1,1,0
musically_heavier,1,1,0
musically_functional,1,1,0
much_historic,1,1,0
much_hierarchical,1,1,0
much_heretical,1,1,0
most_tranquil,1,1,0
most_torturous,1,1,0
most_topical,1,1,0
most_titillating,1,1,0
most_tiring,1,1,0
most_timid,1,1,0
most_thematic,1,1,0
most_theatrical,1,1,0
most_tenable,1,1,0
most_temperate,1,1,0
most_telling,1,0,1
most_technological,1,1,0
most_tasteful,1,1,0
most_tantalizing,1,1,0
most_tannic,1,1,0
most_tangible,1,1,0
most_systematic,1,1,0
most_symmetrical,1,1,0
most_touchy,1,1,0
most_trans,1,0,1
most_superfluous,1,1,0
most_transformative,1,1,0
most_unfair,1,1,0
most_unemployed,1,1,0
most_underwhelming,1,1,0
most_underappreciated,1,1,0
most_unconventional,1,1,0
most_uncontroversial,1,1,0
most_unconstitutional,1,1,0
most_uncertain,1,1,0
most_unattainable,1,0,1
most_ugly,1,1,0
most_ubiquitous,1,1,0
most_twisted,1,1,0
most_tumultuous,1,1,0
most_tribal,1,1,0
most_treacherous,1,1,0
most_traumatic,1,1,0
most_transient,1,1,0
most_sure,1,1,0
most_superficial,1,1,0
most_unflattering,1,1,0
most_solemn,1,1,0
most_slutty,1,1,0
most_slender,1,1,0
most_skeptical,1,1,0
most_singular,1,1,0
most_single,1,1,0
most_silky,1,1,0
most_silent,1,1,0
most_sick,1,1,0
most_shy,1,1,0
most_shortsighted,1,1,0
most_serendipitous,1,1,0
most_self-confident,1,1,0
most_select,1,1,0
most_sedentary,1,1,0
most_secret,1,1,0
most_scrumptious,1,1,0
most_scottish,1,1,0
most_so-called,1,1,0
most_solitary,1,1,0
most_super,1,1,0
most_sordid,1,1,0
most_sudden,1,1,0
most_succulent,1,1,0
most_subversive,1,1,0
most_submissive,1,1,0
most_strident,1,1,0
most_streamlined,1,1,0
most_stoked,1,1,0
most_stoic,1,1,0
most_stern,1,1,0
most_sterile,1,1,0
most_squeamish,1,1,0
most_spurious,1,1,0
most_spoiled,1,1,0
most_spirited,1,1,0
most_speedy,1,1,0
most_speculative,1,1,0
most_specialized,1,1,0
most_unfamiliar,1,1,0
most_unforgettable,1,1,0
much_hectic,1,1,0
mostly_cute,1,0,1
mostly_cosmetic,1,0,1
mostly_correct,1,1,0
mostly_content,1,1,0
mostly_conservative,1,1,0
mostly_cloudy,1,1,0
mostly_clear,1,1,0
mostly_civil,1,1,0
mostly_chinese,1,0,1
mostly_brown,1,1,0
mostly_bright,1,1,0
mostly_blue,1,1,0
mostly_beneficial,1,1,0
mostly_bad,1,1,0
mostly_awesome,1,1,0
mostly_autobiographical,1,1,0
mostly_asian,1,1,0
mostly_american,1,0,1
mostly_crazy,1,1,0
mostly_democratic,1,1,0
mostly_accurate,1,1,0
mostly_dependent,1,1,0
mostly_genetic,1,1,0
mostly_generic,1,1,0
mostly_gay,1,1,0
mostly_flawed,1,1,0
mostly_fat,1,0,1
mostly_extinct,1,1,0
mostly_exclusive,1,1,0
mostly_equal,1,1,0
mostly_enough,1,1,0
mostly_empty,1,1,0
mostly_effective,1,1,0
mostly_economic,1,1,0
mostly_dumber,1,1,0
mostly_drunk,1,1,0
mostly_digital,1,1,0
mostly_difficult,1,1,0
mostly_devoid,1,1,0
mostly_aggressive,1,1,0
mostly_accidental,1,1,0
most_unhealthy,1,1,0
most_useless,1,1,0
most_upset,1,1,0
most_upscale,1,1,0
most_upright,1,0,1
most_upfront,1,1,0
most_unworthy,1,1,0
most_unwelcome,1,1,0
most_unstable,1,1,0
most_unspoiled,1,1,0
most_unresponsive,1,1,0
most_unreasonable,1,1,0
most_unorthodox,1,1,0
most_unmanageable,1,1,0
most_unkind,1,1,0
most_uninformed,1,1,0
most_unimaginable,1,1,0
most_uniform,1,1,0
most_unheard,1,1,0
most_upsetting,1,1,0
most_venerable,1,1,0
mostly_able,1,1,0
most_vexing,1,1,0
most_yummy,1,1,0
most_worth,1,1,0
most_worldly,1,1,0
most_wistful,1,1,0
most_wishful,1,1,0
most_wild,1,1,0
most_wide,1,0,1
most_weird,1,1,0
most_weighty,1,1,0
most_wasteful,1,1,0
most_wary,1,1,0
most_vulgar,1,1,0
most_volatile,1,1,0
most_visceral,1,1,0
most_virulent,1,1,0
most_vintage,1,1,0
most_villainous,1,1,0
most_sceptical,1,0,1
most_scandalous,1,1,0
most_scalable,1,1,0
most_mere,1,1,0
most_mediocre,1,1,0
most_meaty,1,1,0
most_measurable,1,1,0
most_materialistic,1,1,0
most_marvelous,1,1,0
most_married,1,1,0
most_marginal,1,1,0
most_mannered,1,1,0
most_manipulative,1,1,0
most_manifest,1,1,0
most_maneuverable,1,1,0
most_malleable,1,1,0
most_male,1,1,0
most_majestic,1,1,0
most_magnetic,1,1,0
most_luminous,1,1,0
most_ludicrous,1,1,0
most_mercurial,1,1,0
most_meritorious,1,1,0
most_loud,1,1,0
most_methodical,1,1,0
most_muslim,1,1,0
most_murderous,1,1,0
most_mundane,1,1,0
most_moving,1,0,1
most_mountainous,1,1,0
most_motivating,1,1,0
most_mortal,1,1,0
most_monetary,1,1,0
most_modular,1,1,0
most_mixed,1,0,1
most_misunderstood,1,1,0
most_mischievous,1,1,0
most_minimalistic,1,1,0
most_minimalist,1,1,0
most_mind-blowing,1,1,0
most_mighty,1,1,0
most_meticulous,1,1,0
most_lower,1,1,0
most_lopsided,1,1,0
most_savage,1,0,1
most_jovial,1,1,0
most_jewish,1,1,0
most_jarring,1,1,0
most_jaded,1,1,0
most_israeli,1,1,0
most_irritating,1,1,0
most_irresponsible,1,1,0
most_invigorating,1,1,0
most_invasive,1,1,0
most_intrepid,1,1,0
most_intolerant,1,1,0
most_internal,1,1,0
most_intensive,1,1,0
most_insulting,1,1,0
most_instantaneous,1,1,0
most_inspired,1,1,0
most_insipid,1,1,0
most_insane,1,1,0
most_jolly,1,1,0
most_judgmental,1,1,0
most_long-lived,1,1,0
most_keen,1,1,0
most_lonely,1,1,0
most_liveable,1,1,0
most_listenable,1,1,0
most_legitimate,1,1,0
most_legit,1,1,0
most_legendary,1,1,0
most_left-wing,1,1,0
most_left-leaning,1,1,0
most_least,1,1,0
most_lazy,1,1,0
most_lax,1,1,0
most_laughable,1,1,0
most_latin,1,1,0
most_lasting,1,1,0
most_larger,1,1,0
most_kind,1,1,0
most_kid-friendly,1,1,0
most_naive,1,1,0
most_narrow,1,1,0
most_national,1,1,0
most_recognisable,1,1,0
most_reactionary,1,1,0
most_raw,1,1,0
most_raucous,1,1,0
most_questionable,1,1,0
most_quaint,1,1,0
most_puzzling,1,1,0
most_purposeful,1,1,0
most_punitive,1,1,0
most_prosaic,1,1,0
most_prone,1,1,0
most_prompt,1,1,0
most_profane,1,1,0
most_prodigious,1,1,0
most_proactive,1,1,0
most_prized,1,1,0
most_prideful,1,1,0
most_pricy,1,1,0
most_reclusive,1,1,0
most_recommendable,1,1,0
most_nefarious,1,1,0
most_redundant,1,1,0
most_sadistic,1,1,0
most_ruthless,1,1,0
most_russian,1,1,0
most_rudimentary,1,1,0
most_rousing,1,1,0
most_rough,1,1,0
most_rosy,1,1,0
most_risky,1,1,0
most_ridiculous,1,1,0
most_revered,1,0,1
most_restful,1,1,0
most_repressive,1,1,0
most_reluctant,1,1,0
most_reliant,1,1,0
most_regrettable,1,1,0
most_regal,1,1,0
most_refined,1,1,0
most_predictive,1,0,1
most_predatory,1,1,0
most_praiseworthy,1,1,0
most_practicable,1,1,0
most_overused,1,1,0
most_overrated,1,1,0
most_overall,1,1,0
most_orderly,1,1,0
most_oppressive,1,1,0
most_opposite,1,1,0
most_opaque,1,1,0
most_older,1,1,0
most_old,1,1,0
most_odious,1,1,0
most_odd,1,1,0
most_obnoxious,1,1,0
most_noxious,1,1,0
most_novice,1,1,0
most_nourishing,1,1,0
most_north,1,1,0
most_neutral,1,1,0
most_pain-free,1,1,0
most_painless,1,1,0
most_paradoxical,1,1,0
most_plain,1,1,0
most_possible,1,1,0
most_posh,1,1,0
most_pop,1,1,0
most_pompous,1,1,0
most_polluted,1,1,0
most_polarizing,1,1,0
most_plush,1,1,0
most_petty,1,1,0
most_parallel,1,1,0
most_pessimistic,1,1,0
most_pervasive,1,1,0
most_persistent,1,1,0
most_perplexing,1,1,0
most_pedantic,1,1,0
most_peculiar,1,1,0
most_patronizing,1,1,0
mostly_great,1,1,0
mostly_greek,1,1,0
mostly_green,1,1,0
much_dodgy,1,1,0
much_distressed,1,1,0
much_dismissive,1,1,0
much_dismal,1,1,0
much_disgusting,1,1,0
much_discretionary,1,1,0
much_discouraging,1,1,0
much_discerning,1,1,0
much_dire,1,1,0
much_diplomatic,1,1,0
much_devastating,1,1,0
much_detectable,1,1,0
much_destructive,1,1,0
much_despondent,1,1,0
much_desolate,1,1,0
much_descriptive,1,1,0
much_depraved,1,1,0
much_dependant,1,1,0
much_disturbing,1,1,0
much_dominate,1,1,0
much_delicious,1,1,0
much_dour,1,1,0
much_elated,1,1,0
much_elaborate,1,1,0
much_effusive,1,1,0
much_edible,1,1,0
much_ecological,1,1,0
much_eclectic,1,1,0
much_eccentric,1,1,0
much_early,1,1,0
much_earlier,1,1,0
much_dystopian,1,1,0
much_dusty,1,1,0
much_dumbfounded,1,1,0
much_dubious,1,1,0
much_drunk,1,1,0
much_dressy,1,1,0
much_dreary,1,1,0
much_draconian,1,1,0
much_demure,1,0,1
much_deferential,1,1,0
much_commensurate,1,1,0
much_corny,1,1,0
much_convinced,1,1,0
much_conversational,1,1,0
much_contrasting,1,1,0
much_continuous,1,1,0
much_contentious,1,1,0
much_contented,1,1,0
much_contemporary,1,1,0
much_constitutional,1,1,0
much_conspicuous,1,0,1
much_considerable,1,1,0
much_confidential,1,1,0
much_conducive,1,1,0
much_conceptual,1,1,0
much_conceivable,1,1,0
much_comprehensible,1,1,0
much_complimentary,1,1,0
much_compact,1,1,0
much_cooperative,1,1,0
much_cosy,1,1,0
much_decisive,1,1,0
much_counterproductive,1,1,0
much_debatable,1,1,0
much_deaf,1,1,0
much_deadpan,1,1,0
much_damned,1,1,0
much_damn,1,1,0
much_cyclical,1,1,0
much_cutesy,1,1,0
much_customizable,1,1,0
much_curly,1,1,0
much_cunning,1,1,0
much_cultural,1,1,0
much_crunchy,1,1,0
much_criminal,1,1,0
much_credible,1,1,0
much_crass,1,1,0
much_coy,1,1,0
much_courageous,1,1,0
much_electrifying,1,1,0
much_elegant,1,1,0
much_elementary,1,1,0
much_glossy,1,1,0
much_genuine,1,1,0
much_gentle,1,1,0
much_generic,1,1,0
much_general,1,1,0
much_geeky,1,1,0
much_galling,1,1,0
much_future,1,1,0
much_futile,1,1,0
much_furious,1,1,0
much_funky,1,1,0
much_fruity,1,1,0
much_frivolous,1,1,0
much_frequent,1,1,0
much_frantic,1,1,0
much_formulaic,1,1,0
much_formidable,1,1,0
much_forgiving,1,1,0
much_german,1,1,0
much_golden,1,1,0
much_elite,1,1,0
much_good-natured,1,1,0
much_heartless,1,1,0
much_heartbreaking,1,1,0
much_hazardous,1,1,0
much_hawkish,1,1,0
much_harsh,1,1,0
much_harmless,1,1,0
much_hairy,1,1,0
much_gruesome,1,1,0
much_groundless,1,1,0
much_gross,1,1,0
much_greedy,1,1,0
much_gratuitous,1,1,0
much_gratifying,1,1,0
much_graphic,1,1,0
much_grandiose,1,1,0
much_graceful,1,1,0
much_gothic,1,1,0
much_forgettable,1,1,0
much_foreign,1,1,0
much_forbidden,1,1,0
much_foolhardy,1,1,0
much_exotic,1,1,0
much_exorbitant,1,1,0
much_existential,1,1,0
much_exhilarating,1,1,0
much_exhausting,1,1,0
much_excruciating,1,1,0
much_excessive,1,1,0
much_exact,1,1,0
much_european,1,1,0
much_ethnic,1,1,0
much_equipped,1,1,0
much_episodic,1,1,0
much_ephemeral,1,1,0
much_enigmatic,1,1,0
much_engaging,1,1,0
much_endless,1,1,0
much_emerging,1,1,0
much_explicit,1,1,0
much_external,1,1,0
much_extravagant,1,1,0
much_flaky,1,1,0
much_foggy,1,1,0
much_focused,1,1,0
much_fluent,1,1,0
much_floral,1,1,0
much_flawed,1,1,0
much_flattering,1,1,0
much_flashy,1,1,0
much_fiscal,1,1,0
much_eye-popping,1,1,0
much_fiery,1,1,0
much_feral,1,1,0
much_federal,1,1,0
much_fearsome,1,1,0
much_faulty,1,1,0
much_fashionable,1,1,0
much_factual,1,1,0
much_committed,1,1,0
much_comic,1,1,0
mostly_guilty,1,1,0
mostly_wrong,1,1,0
mostly_visual,1,1,0
mostly_vegan,1,1,0
mostly_unwilling,1,1,0
mostly_unwanted,1,1,0
mostly_untapped,1,1,0
mostly_unnecessary,1,1,0
mostly_unknown,1,1,0
mostly_unionized,1,1,0
mostly_unfunny,1,1,0
mostly_unfounded,1,1,0
mostly_unaware,1,0,1
mostly_unavoidable,1,1,0
mostly_timeless,1,1,0
mostly_theoretical,1,1,0
mostly_terrible,1,1,0
mostly_technical,1,1,0
mostly_synonymous,1,1,0
mostly_worried,1,1,0
mostly_yellow,1,1,0
mostly_superficial,1,0,1
much_above,1,1,0
much_adventurous,1,1,0
much_adrift,1,1,0
much_admirable,1,1,0
much_adept,1,1,0
much_additional,1,1,0
much_addictive,1,1,0
much_addicting,1,1,0
much_acute,1,1,0
much_actual,1,1,0
much_actionable,1,1,0
much_acrobatic,1,1,0
much_acquainted,1,1,0
much_accidental,1,1,0
much_accessible,1,1,0
much_absurd,1,1,0
much_absorbing,1,1,0
much_absolute,1,1,0
mostly_superstitious,1,0,1
mostly_stationary,1,1,0
much_collective,1,1,0
mostly_metallic,1,1,0
mostly_man-made,1,1,0
mostly_low-level,1,0,1
mostly_likely,1,1,0
mostly_liberal,1,1,0
mostly_jewish,1,1,0
mostly_internal,1,1,0
mostly_intellectual,1,1,0
mostly_independent,1,1,0
mostly_inconsequential,1,1,0
mostly_inaccurate,1,1,0
mostly_immortal,1,1,0
mostly_illiterate,1,1,0
mostly_illegal,1,1,0
mostly_identical,1,1,0
mostly_humanoid,1,1,0
mostly_human,1,1,0
mostly_honest,1,1,0
mostly_mechanical,1,1,0
mostly_monogamous,1,1,0
mostly_serious,1,1,0
mostly_moot,1,1,0
mostly_scarce,1,1,0
mostly_safe,1,1,0
mostly_rural,1,1,0
mostly_public,1,1,0
mostly_protestant,1,1,0
mostly_present,1,1,0
mostly_pregnant,1,1,0
mostly_peaceful,1,1,0
mostly_palestinian,1,1,0
mostly_overcast,1,1,0
mostly_ok,1,1,0
mostly_obvious,1,1,0
mostly_nonsense,1,1,0
mostly_non-stop,1,1,0
mostly_nocturnal,1,1,0
mostly_naked,1,1,0
mostly_motionless,1,1,0
much_adverse,1,1,0
much_affectionate,1,1,0
much_afoot,1,1,0
much_cautious,1,1,0
much_catholic,1,1,0
much_casual,1,1,0
much_captive,1,1,0
much_captivating,1,1,0
much_capricious,1,1,0
much_canadian,1,1,0
much_bullish,1,1,0
much_bulky,1,1,0
much_brutal,1,1,0
much_brown,1,1,0
much_brooding,1,1,0
much_brief,1,1,0
much_boyish,1,1,0
much_bold,1,1,0
much_boisterous,1,1,0
much_blurred,1,1,0
much_bloated,1,1,0
much_caustic,1,1,0
much_celebratory,1,1,0
much_agnostic,1,1,0
much_cerebral,1,1,0
much_coherent,1,1,0
much_cognitive,1,1,0
much_coercive,1,1,0
much_cluttered,1,1,0
much_clueless,1,1,0
much_cliched,1,1,0
much_classic,1,1,0
much_civilized,1,1,0
much_circumstantial,1,1,0
much_cinematic,1,1,0
much_childlike,1,0,1
much_chic,1,1,0
much_chewy,1,1,0
much_cheery,1,1,0
much_chatty,1,1,0
much_characteristic,1,1,0
much_chaotic,1,1,0
much_blasphemous,1,1,0
much_bland,1,1,0
much_bittersweet,1,1,0
much_binary,1,0,1
much_apocalyptic,1,1,0
much_antisocial,1,1,0
much_anti-semitic,1,1,0
much_anti-american,1,1,0
much_antagonistic,1,1,0
much_angrier,1,1,0
much_angelic,1,1,0
much_androgynous,1,1,0
much_ancient,1,1,0
much_analytical,1,1,0
much_amusing,1,1,0
much_amused,1,1,0
much_amateurish,1,1,0
much_aloof,1,1,0
much_alluring,1,1,0
much_alien,1,1,0
much_airy,1,1,0
much_apolitical,1,1,0
much_appalled,1,1,0
much_apprehensive,1,1,0
much_baggy,1,1,0
much_bigoted,1,1,0
much_biggest,1,1,0
much_biblical,1,1,0
much_benign,1,1,0
much_beloved,1,1,0
much_beholden,1,1,0
much_bald,1,1,0
much_awestruck,1,1,0
much_arbitrary,1,1,0
much_automated,1,1,0
much_autistic,1,1,0
much_astounding,1,1,0
much_astonishing,1,1,0
much_aspirational,1,1,0
much_artificial,1,1,0
much_aromatic,1,1,0
merely_self-conscious,1,1,0
merely_seasonal,1,1,0
less_bohemian,1,1,0
literally_retarded,1,1,0
literally_representative,1,1,0
literally_repetitive,1,1,0
literally_relevant,1,1,0
literally_relaxing,1,1,0
literally_realistic,1,1,0
literally_radioactive,1,1,0
literally_puny,1,1,0
literally_profane,1,1,0
literally_private,1,1,0
literally_poor,1,1,0
literally_plastic,1,1,0
literally_pink,1,1,0
literally_painful,1,1,0
literally_outside,1,1,0
literally_organic,1,1,0
literally_orange,1,1,0
literally_online,1,1,0
literally_restless,1,1,0
literally_retro,1,1,0
literally_nerdy,1,1,0
literally_self-conscious,1,1,0
literally_transcendent,1,1,0
literally_toxic,1,1,0
literally_tight,1,1,0
literally_thick,1,1,0
literally_terrified,1,1,0
literally_synonymous,1,1,0
literally_sweet,1,1,0
literally_sugary,1,1,0
literally_stunning,1,1,0
literally_sticky,1,1,0
literally_sterile,1,1,0
literally_spicy,1,1,0
literally_spanish,1,1,0
literally_sick,1,1,0
literally_shocked,1,1,0
literally_shameful,1,1,0
literally_self-evident,1,1,0
literally_non-stop,1,1,0
literally_miraculous,1,1,0
literally_unable,1,1,0
literally_huge,1,1,0
literally_gay,1,1,0
literally_fuzzy,1,1,0
literally_full,1,1,0
literally_frantic,1,1,0
literally_flexible,1,1,0
literally_fast,1,1,0
literally_faithful,1,1,0
literally_extreme,1,1,0
literally_exact,1,1,0
literally_evil,1,1,0
literally_everyday,1,1,0
literally_eternal,1,1,0
literally_essential,1,1,0
literally_environmental,1,1,0
literally_empty,1,1,0
literally_edible,1,1,0
literally_easy,1,1,0
literally_great,1,1,0
literally_human,1,1,0
literally_measurable,1,0,1
literally_immortal,1,1,0
literally_lower,1,1,0
literally_loud,1,1,0
literally_local,1,1,0
literally_literal,1,1,0
literally_last,1,1,0
literally_large,1,1,0
literally_jaw-dropping,1,1,0
literally_invalid,1,1,0
literally_insolvent,1,1,0
literally_infuriating,1,1,0
literally_infinite,1,1,0
literally_ineffective,1,1,0
literally_indistinguishable,1,1,0
literally_indestructible,1,1,0
literally_inconsistent,1,1,0
literally_incapable,1,0,1
literally_impenetrable,1,1,0
literally_transparent,1,1,0
literally_uncomfortable,1,1,0
logically_identical,1,1,0
locally_visible,1,1,0
locally_solvable,1,1,0
locally_small,1,1,0
locally_significant,1,1,0
locally_severe,1,1,0
locally_sensitive,1,1,0
locally_scarce,1,1,0
locally_salient,1,1,0
locally_right,1,1,0
locally_recyclable,1,1,0
locally_other,1,0,1
locally_obtainable,1,1,0
locally_observable,1,1,0
locally_novel,1,1,0
locally_impressive,1,1,0
locally_focused,1,1,0
locally_familiar,1,0,1
locally_equivalent,1,1,0
locally_specific,1,1,0
logically_able,1,1,0
locally_disruptive,1,1,0
logically_absurd,1,1,0
logically_exclusive,1,1,0
logically_distant,1,1,0
logically_disastrous,1,1,0
logically_difficult,1,1,0
logically_dependant,1,1,0
logically_curious,1,1,0
logically_contiguous,1,0,1
logically_confused,1,1,0
logically_complete,1,1,0
logically_clear,1,1,0
logically_beneficial,1,1,0
logically_baffling,1,1,0
logically_appropriate,1,1,0
logically_applicable,1,1,0
logically_apparent,1,1,0
logically_amazing,1,1,0
logically_afraid,1,0,1
locally_effective,1,1,0
locally_competitive,1,1,0
literally_undecided,1,1,0
little_egotistical,1,1,0
little_daunting,1,1,0
little_dangerous,1,1,0
little_cynical,1,1,0
little_creepier,1,1,0
little_confusing,1,1,0
little_concerned,1,1,0
little_celebrated,1,1,0
literally_zero,1,1,0
literally_wrong,1,0,1
literally_worth,1,1,0
literally_willing,1,1,0
literally_unrecognizable,1,1,0
literally_unreadable,1,1,0
literally_unplayable,1,1,0
literally_unlimited,1,1,0
literally_unknown,1,1,0
literally_underground,1,1,0
little_dissatisfied,1,1,0
little_frightening,1,1,0
locally_common,1,1,0
little_frustrating,1,1,0
locally_autonomous,1,1,0
locally_active,1,1,0
locally_accountable,1,1,0
locally_accessible,1,1,0
locally_able,1,1,0
lively_adequate,1,1,0
little_unreasonable,1,1,0
little_unexpected,1,1,0
little_thrilled,1,1,0
little_tedious,1,1,0
little_refreshing,1,1,0
little_reassuring,1,1,0
little_pretentious,1,1,0
little_misleading,1,1,0
little_irritating,1,0,1
little_interested,1,1,0
little_hypocritical,1,1,0
literally_dumb,1,1,0
literally_double,1,1,0
literally_doomed,1,1,0
likely_sentient,1,1,0
likely_rustic,1,1,0
likely_robust,1,1,0
likely_right,1,1,0
likely_reusable,1,1,0
likely_representative,1,1,0
likely_reliable,1,1,0
likely_recent,1,1,0
likely_reassuring,1,1,0
likely_rare,1,1,0
likely_radioactive,1,1,0
likely_qualified,1,1,0
likely_psychological,1,1,0
likely_psyched,1,1,0
likely_protectionist,1,1,0
likely_profitable,1,1,0
likely_professional,1,1,0
likely_productive,1,1,0
likely_secure,1,1,0
likely_serious,1,1,0
likely_privy,1,1,0
likely_short,1,1,0
likely_toxic,1,1,0
likely_total,1,1,0
likely_tired,1,1,0
likely_thrilled,1,1,0
likely_thin,1,1,0
likely_thick,1,1,0
likely_systematic,1,1,0
likely_susceptible,1,1,0
likely_sure,1,1,0
likely_suitable,1,1,0
likely_suicidal,1,1,0
likely_subversive,1,1,0
likely_substantial,1,1,0
likely_stupid,1,1,0
likely_stunning,1,1,0
likely_snug,1,1,0
likely_significant,1,1,0
likely_problematic,1,1,0
likely_primitive,1,1,0
literally_difficult,1,1,0
likely_korean,1,1,0
likely_involved,1,1,0
likely_internal,1,1,0
likely_innovative,1,1,0
likely_innocent,1,1,0
likely_ineffective,1,1,0
likely_important,1,1,0
likely_idle,1,1,0
likely_human,1,1,0
likely_helpful,1,1,0
likely_great,1,1,0
likely_germane,1,1,0
likely_fresh,1,1,0
likely_free,1,1,0
likely_fragile,1,1,0
likely_formal,1,1,0
likely_foreign,1,1,0
likely_fond,1,1,0
likely_keen,1,1,0
likely_legal,1,1,0
likely_preventable,1,1,0
likely_legit,1,1,0
likely_prepared,1,1,0
likely_powerful,1,1,0
likely_picky,1,1,0
likely_overpriced,1,1,0
likely_outstanding,1,1,0
likely_ok,1,1,0
likely_offline,1,1,0
likely_obtainable,1,1,0
likely_noticeable,1,1,0
likely_neutral,1,1,0
likely_most,1,1,0
likely_minimal,1,1,0
likely_meaningful,1,1,0
likely_manageable,1,1,0
likely_man-made,1,1,0
likely_malicious,1,1,0
likely_long-lasting,1,1,0
likely_uncomfortable,1,1,0
likely_uncommon,1,1,0
likely_underwater,1,1,0
literally_awful,1,1,0
literally_audible,1,1,0
literally_appropriate,1,1,0
literally_apparent,1,1,0
literally_anonymous,1,1,0
literally_angry,1,0,1
literally_aggressive,1,1,0
literally_able,1,1,0
literally_3d,1,1,0
linguistically_verbatim,1,1,0
linguistically_self-conscious,1,1,0
linguistically_perfect,1,1,0
linguistically_mysterious,1,0,1
linguistically_illegitimate,1,1,0
linguistically_homogeneous,1,1,0
linguistically_fluent,1,1,0
linguistically_exotic,1,1,0
linguistically_elegant,1,1,0
literally_awesome,1,0,1
literally_bald,1,1,0
likely_unenforceable,1,1,0
literally_believable,1,1,0
literally_different,1,1,0
literally_descriptive,1,1,0
literally_deadpan,1,0,1
literally_dark,1,1,0
literally_criminal,1,1,0
literally_countless,1,1,0
literally_corrupt,1,1,0
literally_conventional,1,1,0
literally_contradictory,1,1,0
literally_complicated,1,1,0
literally_comfortable,1,1,0
literally_colorless,1,1,0
literally_colorful,1,1,0
literally_closer,1,1,0
literally_captive,1,1,0
literally_blunt,1,1,0
literally_bigger,1,1,0
linguistically_distinguishable,1,1,0
linguistically_correct,1,1,0
linguistically_complete,1,1,0
linguistically_better,1,1,0
likewise_crazy,1,0,1
likewise_counterproductive,1,1,0
likewise_conceivable,1,1,0
likewise_cold,1,1,0
likewise_clear,1,1,0
likewise_afraid,1,1,0
likely_worthy,1,1,0
likely_winnable,1,1,0
likely_willing,1,1,0
likely_welcome,1,1,0
likely_useless,1,1,0
likely_urgent,1,1,0
likely_unwelcome,1,1,0
likely_unknown,1,1,0
likely_unified,1,1,0
likely_unexpected,1,1,0
likely_unethical,1,1,0
likewise_damaging,1,1,0
likewise_deficient,1,1,0
likewise_dumb,1,1,0
likewise_old,1,1,0
linguistically_advanced,1,1,0
linguistically_accurate,1,1,0
likewise_various,1,1,0
likewise_unsuccessful,1,1,0
likewise_proportionate,1,1,0
likewise_pleased,1,1,0
likewise_onerous,1,1,0
likewise_muscular,1,1,0
likewise_extraordinary,1,1,0
likewise_mistaken,1,1,0
likewise_late,1,1,0
likewise_international,1,1,0
likewise_impressed,1,1,0
likewise_happy,1,1,0
likewise_guilty,1,1,0
likewise_great,1,1,0
logically_ideal,1,1,0
logically_implicit,1,1,0
likely_fearful,1,1,0
longer_involved,1,1,0
longer_interesting,1,1,0
longer_intellectual,1,1,0
longer_inferior,1,1,0
longer_incompatible,1,1,0
longer_inclined,1,1,0
longer_inappropriate,1,1,0
longer_impressive,1,1,0
longer_illicit,1,1,0
longer_humorous,1,1,0
longer_hot,1,1,0
longer_high,1,1,0
longer_hidden,1,1,0
longer_healthy,1,1,0
longer_hazardous,1,1,0
longer_happy,1,1,0
longer_gripping,1,1,0
longer_granular,1,1,0
longer_intimate,1,1,0
longer_irreconcilable,1,1,0
longer_genteel,1,1,0
longer_irresponsible,1,1,0
longer_most,1,1,0
longer_monolithic,1,1,0
longer_moist,1,1,0
longer_mindful,1,1,0
longer_mainstream,1,1,0
longer_lumpy,1,1,0
longer_loose,1,1,0
longer_logical,1,1,0
longer_liveable,1,1,0
longer_limited,1,1,0
longer_likely,1,1,0
longer_lethal,1,1,0
longer_lesbian,1,1,0
longer_lazy,1,1,0
longer_keen,1,1,0
longer_junior,1,1,0
longer_jealous,1,1,0
longer_glamorous,1,1,0
longer_furious,1,1,0
longer_native,1,1,0
longer_enjoyable,1,1,0
longer_emerging,1,1,0
longer_efficacious,1,1,0
longer_effectual,1,1,0
longer_educational,1,1,0
longer_economical,1,1,0
longer_early,1,1,0
longer_downloadable,1,1,0
longer_docile,1,1,0
longer_doable,1,1,0
longer_divine,1,1,0
longer_direct,1,1,0
longer_difficult,1,1,0
longer_detectable,1,1,0
longer_desperate,1,1,0
longer_depressed,1,1,0
longer_dependant,1,1,0
longer_defensive,1,1,0
longer_enforceable,1,1,0
longer_enthusiastic,1,1,0
longer_funny,1,1,0
longer_euphoric,1,1,0
longer_fun,1,1,0
longer_friendly,1,1,0
longer_frail,1,1,0
longer_fragmented,1,1,0
longer_financial,1,1,0
longer_festive,1,1,0
longer_fat,1,1,0
longer_faithful,1,1,0
longer_fair,1,1,0
longer_factual,1,1,0
longer_external,1,1,0
longer_expensive,1,1,0
longer_existent,1,1,0
longer_exempt,1,1,0
longer_exceptional,1,1,0
longer_evident,1,1,0
longer_even,1,1,0
longer_naive,1,1,0
longer_needy,1,1,0
logically_intelligent,1,1,0
longer_short,1,1,0
longer_shallow,1,1,0
longer_serviceable,1,1,0
longer_separate,1,1,0
longer_secretive,1,1,0
longer_secondary,1,1,0
longer_searchable,1,1,0
longer_scarce,1,1,0
longer_satisfying,1,1,0
longer_salient,1,1,0
longer_sacrosanct,1,1,0
longer_runny,1,1,0
longer_rowdy,1,1,0
longer_robust,1,1,0
longer_right,1,1,0
longer_rewarding,1,1,0
longer_restrained,1,1,0
longer_responsive,1,1,0
longer_sharp,1,1,0
longer_shy,1,1,0
longer_resentful,1,1,0
longer_significant,1,1,0
longer_such,1,1,0
longer_subject,1,1,0
longer_stylish,1,1,0
longer_stressful,1,1,0
longer_sterile,1,1,0
longer_steep,1,1,0
longer_static,1,1,0
longer_standard,1,1,0
longer_special,1,1,0
longer_sound,1,1,0
longer_social,1,1,0
longer_smooth,1,1,0
longer_smoky,1,1,0
longer_smart,1,1,0
longer_small,1,1,0
longer_skinny,1,1,0
longer_singular,1,1,0
longer_responsible,1,1,0
longer_regal,1,1,0
longer_nervous,1,1,0
longer_petty,1,1,0
longer_passionate,1,1,0
longer_paramount,1,1,0
longer_palatable,1,1,0
longer_overweight,1,1,0
longer_overpowering,1,1,0
longer_other,1,1,0
longer_organic,1,1,0
longer_optimistic,1,1,0
longer_one-sided,1,1,0
longer_ok,1,1,0
longer_offensive,1,1,0
longer_obtainable,1,1,0
longer_obsolete,1,1,0
longer_objective,1,1,0
longer_noticeable,1,1,0
longer_normal,1,1,0
longer_nice,1,1,0
longer_permanent,1,1,0
longer_plausible,1,1,0
longer_reasonable,1,1,0
longer_poor,1,1,0
longer_realistic,1,1,0
longer_real,1,1,0
longer_ready,1,1,0
longer_readable,1,1,0
longer_reactive,1,1,0
longer_reachable,1,1,0
longer_rare,1,1,0
longer_quick,1,1,0
longer_psyched,1,1,0
longer_proud,1,1,0
longer_prosperous,1,1,0
longer_private,1,1,0
longer_prickly,1,1,0
longer_pregnant,1,1,0
longer_pragmatic,1,1,0
longer_practicable,1,1,0
longer_positive,1,1,0
longer_deep,1,1,0
longer_deductible,1,1,0
longer_decorative,1,1,0
long_distant,1,1,0
long_demure,1,1,0
long_conversant,1,1,0
long_constant,1,1,0
long_cheap,1,1,0
long_big,1,1,0
long_armed,1,1,0
long_angry,1,1,0
long_ample,1,1,0
long_alright,1,1,0
long_alive,1,1,0
long_afraid,1,0,1
long_afield,1,1,0
long_adequate,1,1,0
long_accustomed,1,0,1
long_accountable,1,1,0
logistically_unsound,1,1,0
logistically_tough,1,1,0
long_disappointed,1,1,0
long_enduring,1,1,0
logistically_smart,1,1,0
long_extinct,1,1,0
long_older,1,1,0
long_odd,1,1,0
long_obvious,1,1,0
long_obsolete,1,1,0
long_obscure,1,1,0
long_next,1,1,0
long_most,1,1,0
long_left,1,1,0
long_last,1,1,0
long_jolly,1,1,0
long_illegal,1,1,0
long_homeless,1,1,0
long_gorgeous,1,1,0
long_good,1,1,0
long_funny,1,1,0
long_forthcoming,1,1,0
long_faithful,1,1,0
logistically_sustainable,1,1,0
logistically_ready,1,1,0
longer_decent,1,1,0
logically_safe,1,1,0
logically_rigorous,1,1,0
logically_responsible,1,1,0
logically_redundant,1,1,0
logically_reasonable,1,1,0
logically_problematic,1,1,0
logically_prior,1,1,0
logically_predictable,1,1,0
logically_persuasive,1,1,0
logically_perfect,1,1,0
logically_peculiar,1,1,0
logically_offensive,1,1,0
logically_objectionable,1,1,0
logically_mature,1,1,0
logically_less,1,1,0
logically_ironic,1,1,0
logically_intuitive,1,1,0
logically_interdependent,1,1,0
logically_rude,1,1,0
logically_substantial,1,1,0
logistically_practical,1,1,0
logically_synonymous,1,1,0
logistically_practicable,1,1,0
logistically_odd,1,1,0
logistically_ideal,1,1,0
logistically_healthy,1,1,0
logistically_hard,1,1,0
logistically_excellent,1,1,0
logistically_efficient,1,1,0
logistically_easy,1,1,0
logistically_easier,1,1,0
logistically_destructive,1,1,0
logistically_desirable,1,1,0
logistically_better,1,1,0
logically_worth,1,1,0
logically_wacky,1,1,0
logically_visible,1,1,0
logically_unsustainable,1,1,0
logically_unassailable,1,1,0
long_passionate,1,1,0
long_past,1,1,0
long_pleased,1,1,0
longer_common,1,1,0
longer_coherent,1,1,0
longer_closed,1,1,0
longer_close,1,1,0
longer_clear,1,1,0
longer_chubby,1,1,0
longer_christian,1,1,0
longer_changeable,1,1,0
longer_challenging,1,1,0
longer_central,1,1,0
longer_caring,1,1,0
longer_carefree,1,1,0
longer_brown,1,1,0
longer_boyish,1,1,0
longer_blue,1,1,0
longer_bleak,1,1,0
longer_blank,1,1,0
longer_black,1,1,0
longer_cold,1,1,0
longer_communist,1,1,0
long_pleasing,1,1,0
longer_compelling,1,1,0
longer_cute,1,1,0
longer_curious,1,1,0
longer_curable,1,1,0
longer_cunning,1,1,0
longer_crisp,1,1,0
longer_criminal,1,1,0
longer_cranky,1,1,0
longer_costly,1,1,0
longer_cool,1,1,0
longer_convincing,1,1,0
longer_controversial,1,1,0
longer_controllable,1,1,0
longer_contentious,1,1,0
longer_contemptuous,1,1,0
longer_consistent,1,1,0
longer_confusing,1,1,0
longer_conditional,1,1,0
longer_binding,1,1,0
longer_better,1,1,0
longer_beneficial,1,1,0
longer_beholden,1,1,0
long_unjust,1,1,0
long_ungrateful,1,1,0
long_unexplained,1,1,0
long_underway,1,1,0
long_undecided,1,1,0
long_thick,1,1,0
long_sustainable,1,1,0
long_soft,1,1,0
long_slow,1,1,0
long_silent,1,1,0
long_right,1,1,0
long_ridiculous,1,1,0
long_relative,1,1,0
long_related,1,1,0
long_prominent,1,1,0
long_productive,1,1,0
long_present,1,1,0
long_vacant,1,1,0
long_vocal,1,1,0
long_welcoming,1,1,0
longer_armed,1,1,0
longer_awkward,1,1,0
longer_awful,1,1,0
longer_aware,1,1,0
longer_avoidable,1,1,0
longer_attractive,1,1,0
longer_attainable,1,1,0
longer_ashamed,1,1,0
longer_appreciative,1,1,0
long_worth,1,1,0
longer_appealing,1,1,0
longer_anonymous,1,1,0
longer_allergic,1,1,0
longer_agreeable,1,1,0
longer_affecting,1,1,0
longer_accessible,1,1,0
longer_academic,1,1,0
likely_finest,1,1,0
likely_faster,1,1,0
merely_seamless,1,1,0
less_hygienic,1,1,0
less_humid,1,1,0
less_humble,1,1,0
less_humanitarian,1,1,0
less_huge,1,1,0
less_horrified,1,1,0
less_horrid,1,1,0
less_homely,1,0,1
less_hip,1,1,0
less_high-tech,1,1,0
less_hideous,1,1,0
less_heartwarming,1,1,0
less_healthier,1,1,0
less_healthful,1,1,0
less_hazy,1,1,0
less_hasty,1,1,0
less_harmless,1,1,0
less_hardworking,1,1,0
less_hurt,1,1,0
less_hysterical,1,1,0
less_handsome,1,1,0
less_icy,1,1,0
less_incorrect,1,0,1
less_inconvenient,1,1,0
less_inconsistent,1,1,0
less_incompetent,1,1,0
less_incompatible,1,0,1
less_incapable,1,1,0
less_inane,1,1,0
less_inaccurate,1,1,0
less_impulsive,1,1,0
less_impervious,1,1,0
less_imperceptible,1,1,0
less_impenetrable,1,1,0
less_impeccable,1,1,0
less_impaired,1,1,0
less_immediate,1,1,0
less_illuminating,1,1,0
less_identical,1,0,1
less_harder,1,1,0
less_hairy,1,1,0
less_indigenous,1,1,0
less_fraudulent,1,1,0
less_fragrant,1,1,0
less_fractious,1,1,0
less_fortuitous,1,1,0
less_forthright,1,1,0
less_forgivable,1,1,0
less_foreboding,1,1,0
less_foolhardy,1,1,0
less_foggy,1,1,0
less_flustered,1,1,0
less_flexible,1,1,0
less_fleeting,1,1,0
less_flawless,1,0,1
less_flat,1,1,0
less_flashy,1,1,0
less_flaky,1,1,0
less_fitting,1,1,0
less_finite,1,1,0
less_frank,1,1,0
less_frenetic,1,1,0
less_gullible,1,1,0
less_frosty,1,1,0
less_grumpy,1,1,0
less_grotesque,1,1,0
less_gregarious,1,1,0
less_greater,1,1,0
less_gratified,1,1,0
less_golden,1,1,0
less_global,1,1,0
less_gimmicky,1,1,0
less_giddy,1,1,0
less_ghastly,1,1,0
less_geeky,1,1,0
less_galling,1,1,0
less_fuzzy,1,1,0
less_futile,1,1,0
less_furious,1,0,1
less_funnier,1,1,0
less_fulfilling,1,1,0
less_incumbent,1,1,0
less_indispensable,1,1,0
less_monumental,1,1,0
less_macho,1,1,0
less_lush,1,1,0
less_luscious,1,1,0
less_luminous,1,1,0
less_lower,1,0,1
less_loopy,1,1,0
less_lofty,1,1,0
less_local,1,1,0
less_livable,1,1,0
less_literate,1,1,0
less_literal,1,1,0
less_limited,1,0,1
less_lifelike,1,1,0
less_life-threatening,1,1,0
less_less,1,1,0
less_leery,1,1,0
less_lean,1,1,0
less_laudable,1,1,0
less_macabre,1,1,0
less_maddening,1,1,0
less_large,1,1,0
less_main,1,1,0
less_moderate,1,1,0
less_mistaken,1,1,0
less_misogynistic,1,1,0
less_mischievous,1,1,0
less_mindless,1,0,1
less_mindful,1,1,0
less_melodic,1,1,0
less_mellow,1,1,0
less_meaty,1,1,0
less_massive,1,1,0
less_marvellous,1,0,1
less_married,1,1,0
less_many,1,0,1
less_manifest,1,1,0
less_manageable,1,1,0
less_malevolent,1,1,0
less_mainstream,1,1,0
less_larger,1,1,0
less_laborious,1,1,0
less_indulgent,1,1,0
less_intoxicated,1,1,0
less_international,1,1,0
less_integrated,1,1,0
less_intact,1,1,0
less_insufferable,1,1,0
less_insignificant,1,1,0
less_inquisitive,1,1,0
less_inopportune,1,1,0
less_innocuous,1,1,0
less_inhuman,1,1,0
less_ingrained,1,1,0
less_infinite,1,0,1
less_inferior,1,1,0
less_infamous,1,1,0
less_inexpensive,1,1,0
less_inept,1,1,0
less_ineffective,1,1,0
less_industrialized,1,1,0
less_intimidated,1,1,0
less_intractable,1,1,0
less_known,1,1,0
less_intransigent,1,1,0
less_kinetic,1,1,0
less_kind,1,1,0
less_key,1,1,0
less_juvenile,1,1,0
less_justified,1,1,0
less_jovial,1,1,0
less_jolly,1,0,1
less_jittery,1,1,0
less_itchy,1,1,0
less_italian,1,1,0
less_israeli,1,1,0
less_islamic,1,1,0
less_irregular,1,1,0
less_ironic,1,1,0
less_irish,1,1,0
less_invigorating,1,0,1
less_intricate,1,0,1
less_fictional,1,1,0
less_fickle,1,1,0
less_feverish,1,1,0
less_cordial,1,1,0
less_controllable,1,1,0
less_contrasting,1,1,0
less_contradictory,1,1,0
less_constructive,1,1,0
less_constant,1,1,0
less_considerable,1,0,1
less_conscientious,1,0,1
less_connected,1,1,0
less_conductive,1,1,0
less_concrete,1,1,0
less_conclusive,1,1,0
less_concise,1,1,0
less_conciliatory,1,1,0
less_conceivable,1,1,0
less_complicit,1,1,0
less_compact,1,1,0
less_communicative,1,1,0
less_convoluted,1,1,0
less_cosmetic,1,1,0
less_comical,1,1,0
less_cost-effective,1,1,0
less_dapper,1,1,0
less_daft,1,1,0
less_customizable,1,1,0
less_current,1,1,0
less_cunning,1,1,0
less_cuddly,1,1,0
less_crude,1,1,0
less_crisp,1,1,0
less_crippling,1,1,0
less_creditable,1,1,0
less_creamy,1,0,1
less_crappy,1,1,0
less_cranky,1,1,0
less_crafty,1,1,0
less_cowardly,1,1,0
less_courteous,1,1,0
less_cost-efficient,1,1,0
less_communal,1,1,0
less_comfy,1,1,0
less_festive,1,0,1
less_cavalier,1,1,0
less_catastrophic,1,1,0
less_cartoonish,1,1,0
less_capricious,1,1,0
less_candid,1,1,0
less_canadian,1,1,0
less_callous,1,1,0
less_bumpy,1,1,0
less_buggy,1,1,0
less_buddhist,1,1,0
less_broken,1,1,0
less_broad,1,1,0
less_brittle,1,1,0
less_breezy,1,1,0
less_brazen,1,1,0
less_brash,1,1,0
less_bouncy,1,1,0
less_boisterous,1,1,0
less_catchy,1,1,0
less_chaste,1,1,0
less_comedic,1,1,0
less_cheap,1,1,0
less_cognizant,1,1,0
less_cogent,1,1,0
less_cocky,1,0,1
less_coastal,1,1,0
less_coarse,1,1,0
less_cluttered,1,1,0
less_clumsy,1,1,0
less_clueless,1,1,0
less_cloudy,1,1,0
less_closer,1,0,1
less_clinical,1,1,0
less_clingy,1,1,0
less_claustrophobic,1,1,0
less_classy,1,0,1
less_chinese,1,1,0
less_chemical,1,1,0
less_cheerful,1,0,1
less_decorative,1,1,0
less_deeper,1,1,0
less_defective,1,1,0
less_ephemeral,1,1,0
less_english,1,1,0
less_enduring,1,1,0
less_endless,1,1,0
less_empowering,1,0,1
less_employable,1,1,0
less_eloquent,1,0,1
less_electable,1,1,0
less_elated,1,1,0
less_eerie,1,1,0
less_educational,1,1,0
less_edifying,1,1,0
less_economical,1,1,0
less_economic,1,1,0
less_ecological,1,1,0
less_earthy,1,1,0
less_dusty,1,1,0
less_dumbfounded,1,1,0
less_enviable,1,1,0
less_erratic,1,1,0
less_defensible,1,1,0
less_erudite,1,1,0
less_feminist,1,0,1
less_fearless,1,1,0
less_fatigued,1,1,0
less_fastidious,1,1,0
less_farcical,1,1,0
less_far-fetched,1,1,0
less_fanatical,1,1,0
less_false,1,1,0
less_explosive,1,1,0
less_exploitable,1,0,1
less_experimental,1,1,0
less_expedient,1,1,0
less_exorbitant,1,0,1
less_exhausted,1,1,0
less_excitable,1,1,0
less_everyday,1,1,0
less_evangelical,1,1,0
less_dubious,1,1,0
less_dry,1,1,0
less_drowsy,1,1,0
less_drinkable,1,1,0
less_discernible,1,0,1
less_disappointed,1,1,0
less_diplomatic,1,1,0
less_digital,1,1,0
less_destabilizing,1,1,0
less_descriptive,1,0,1
less_derivative,1,1,0
less_derelict,1,1,0
less_deranged,1,1,0
less_demoralizing,1,0,1
less_demonstrative,1,1,0
less_demonic,1,1,0
less_delusional,1,1,0
less_deluded,1,1,0
less_degrading,1,1,0
less_definite,1,1,0
less_deferential,1,1,0
less_disciplined,1,1,0
less_discreet,1,1,0
less_discrete,1,0,1
less_distasteful,1,0,1
less_dreary,1,1,0
less_dour,1,1,0
less_dorky,1,1,0
less_docile,1,1,0
less_dizzy,1,1,0
less_divisive,1,1,0
less_disturbed,1,1,0
less_disquieting,1,0,1
less_disgraceful,1,1,0
less_disoriented,1,1,0
less_dismissive,1,1,0
less_dismayed,1,1,0
less_dismal,1,1,0
less_disillusioned,1,1,0
less_disheveled,1,1,0
less_disheartened,1,1,0
less_monotonous,1,1,0
less_moot,1,1,0
likely_fashionable,1,1,0
less_unfriendly,1,1,0
less_uneven,1,1,0
less_unethical,1,1,0
less_undesirable,1,1,0
less_underwhelming,1,1,0
less_uncompromising,1,1,0
less_uncanny,1,1,0
less_unavoidable,1,1,0
less_unacceptable,1,0,1
less_ubiquitous,1,1,0
less_triumphant,1,1,0
less_trite,1,1,0
less_transient,1,1,0
less_transformative,1,1,0
less_transcendent,1,1,0
less_touristy,1,1,0
less_touchy,1,1,0
less_totalitarian,1,1,0
less_uneventful,1,1,0
less_unified,1,1,0
less_thirsty,1,1,0
less_unkind,1,1,0
less_vapid,1,1,0
less_vain,1,1,0
less_vacuous,1,1,0
less_usual,1,1,0
less_unworthy,1,1,0
less_unwelcome,1,1,0
less_untrue,1,1,0
less_unsuccessful,1,1,0
less_unstable,1,1,0
less_unsavory,1,1,0
less_unsatisfactory,1,1,0
less_unsafe,1,1,0
less_unreasonable,1,1,0
less_unreal,1,1,0
less_unprepared,1,1,0
less_unpleasant,1,1,0
less_unnerving,1,1,0
less_thoughtful,1,1,0
less_thin,1,1,0
less_veiled,1,1,0
less_such,1,1,0
less_subservient,1,1,0
less_submissive,1,1,0
less_suave,1,1,0
less_stubborn,1,1,0
less_structured,1,1,0
less_streaky,1,1,0
less_strained,1,1,0
less_storied,1,1,0
less_stoked,1,1,0
less_stiff,1,1,0
less_sticky,1,1,0
less_stern,1,1,0
less_sterile,1,1,0
less_staunch,1,1,0
less_stately,1,0,1
less_standard,1,1,0
less_spooky,1,1,0
less_succesful,1,1,0
less_sudden,1,1,0
less_terrified,1,1,0
less_superficial,1,1,0
less_terrific,1,1,0
less_tender,1,1,0
less_tenable,1,1,0
less_tempted,1,1,0
less_technical,1,1,0
less_tasteful,1,1,0
less_taboo,1,1,0
less_systematic,1,1,0
less_synthetic,1,1,0
less_synonymous,1,1,0
less_symbolic,1,0,1
less_sweaty,1,1,0
less_suspenseful,1,1,0
less_suspect,1,1,0
less_surreal,1,1,0
less_superstitious,1,1,0
less_supernatural,1,1,0
less_various,1,1,0
less_verbose,1,1,0
less_morbid,1,1,0
likely_culpable,1,1,0
likely_criminal,1,1,0
likely_crazy,1,1,0
likely_conversant,1,1,0
likely_contagious,1,1,0
likely_consistent,1,1,0
likely_complex,1,1,0
likely_compatible,1,1,0
likely_comfortable,1,1,0
likely_cohesive,1,0,1
likely_characteristic,1,1,0
likely_catholic,1,1,0
likely_best,1,1,0
likely_attractive,1,1,0
likely_attainable,1,1,0
likely_arbitrary,1,1,0
likely_applicable,1,1,0
likely_appetizing,1,1,0
likely_crucial,1,1,0
likely_current,1,1,0
likely_apparent,1,1,0
likely_defective,1,1,0
likely_familiar,1,1,0
likely_fair,1,1,0
likely_extensible,1,1,0
likely_explicit,1,1,0
likely_excited,1,1,0
likely_excellent,1,1,0
likely_equal,1,1,0
likely_environmental,1,1,0
likely_enthusiastic,1,1,0
likely_enjoyable,1,1,0
likely_efficacious,1,1,0
likely_easy,1,1,0
likely_eager,1,1,0
likely_drinkable,1,1,0
likely_distinct,1,1,0
likely_dissatisfied,1,1,0
likely_desirable,1,1,0
likely_appealing,1,1,0
likely_antagonistic,1,1,0
less_vibrant,1,0,1
less_worldly,1,1,0
less_wobbly,1,1,0
less_wireless,1,1,0
less_widespread,1,1,0
less_wholesome,1,0,1
less_whole,1,1,0
less_whimsical,1,1,0
less_wet,1,1,0
less_well-known,1,1,0
less_wearable,1,1,0
less_weak,1,1,0
less_warmer,1,1,0
less_wacky,1,1,0
less_voluptuous,1,1,0
less_voluntary,1,0,1
less_vitriolic,1,1,0
less_visionary,1,1,0
less_visceral,1,1,0
less_wordy,1,1,0
less_worrying,1,1,0
likely_ambivalent,1,1,0
less_wretched,1,1,0
likely_affordable,1,1,0
likely_adventurous,1,1,0
likely_adorable,1,1,0
likely_actionable,1,1,0
likely_accustomed,1,1,0
likely_accessible,1,1,0
lightly_undone,1,1,0
lightly_predisposed,1,1,0
lightly_loving,1,1,0
lightly_limited,1,1,0
lightly_likable,1,1,0
lightly_interested,1,1,0
lightly_golden,1,1,0
lightly_atmospheric,1,1,0
lightly_armed,1,1,0
lightly_accessible,1,1,0
less_young,1,1,0
less_sparkly,1,1,0
less_spacious,1,1,0
less_sound,1,1,0
less_overwhelmed,1,1,0
less_overpriced,1,1,0
less_overpowering,1,1,0
less_overcome,1,1,0
less_overblown,1,1,0
less_overbearing,1,1,0
less_outspoken,1,1,0
less_other,1,0,1
less_ostentatious,1,1,0
less_ordinary,1,0,1
less_orderly,1,1,0
less_opulent,1,1,0
less_oppressed,1,1,0
less_open-ended,1,1,0
less_onerous,1,1,0
less_one-sided,1,1,0
less_omnipotent,1,1,0
less_old-school,1,1,0
less_overt,1,1,0
less_painstaking,1,1,0
less_offended,1,1,0
less_paramount,1,1,0
less_portable,1,1,0
less_populated,1,1,0
less_pompous,1,1,0
less_polarizing,1,1,0
less_pointed,1,1,0
less_pliable,1,0,1
less_pigmented,1,1,0
less_photogenic,1,0,1
less_phony,1,1,0
less_phenomenal,1,1,0
less_personalized,1,1,0
less_personable,1,1,0
less_perfunctory,1,1,0
less_perceptible,1,0,1
less_patronizing,1,1,0
less_pastoral,1,1,0
less_partial,1,1,0
less_ok,1,1,0
less_obsolete,1,1,0
less_sought-after,1,1,0
less_needy,1,1,0
less_nebulous,1,1,0
less_neat,1,1,0
less_nauseous,1,1,0
less_naughty,1,1,0
less_nationalist,1,1,0
less_national,1,1,0
less_narcissistic,1,1,0
less_mystical,1,1,0
less_myopic,1,1,0
less_musical,1,1,0
less_murderous,1,1,0
less_mundane,1,0,1
less_multifaceted,1,1,0
less_multicultural,1,1,0
less_mournful,1,1,0
less_moronic,1,1,0
less_more,1,1,0
less_needed,1,1,0
less_nefarious,1,1,0
less_obsessive,1,1,0
less_neurotic,1,1,0
less_observant,1,1,0
less_observable,1,1,0
less_obscene,1,1,0
less_oblique,1,1,0
less_obese,1,1,0
less_obedient,1,1,0
less_nutty,1,1,0
less_nuanced,1,1,0
less_novel,1,1,0
less_notorious,1,1,0
less_nostalgic,1,1,0
less_normal,1,1,0
less_nonsensical,1,1,0
less_niche,1,1,0
less_newsworthy,1,1,0
less_new,1,0,1
less_neutral,1,1,0
less_potential,1,1,0
less_praiseworthy,1,1,0
less_preachy,1,1,0
less_set,1,1,0
less_selfless,1,1,0
less_self-conscious,1,1,0
less_secular,1,1,0
less_sectarian,1,1,0
less_scrumptious,1,1,0
less_scrappy,1,1,0
less_scholarly,1,1,0
less_scandalous,1,1,0
less_sanitary,1,1,0
less_sacrosanct,1,1,0
less_rudimentary,1,1,0
less_royal,1,1,0
less_rowdy,1,1,0
less_routine,1,1,0
less_rough,1,1,0
less_rosy,1,1,0
less_rocky,1,1,0
less_senior,1,1,0
less_shadowy,1,1,0
less_precarious,1,1,0
less_shallow,1,1,0
less_sorry,1,0,1
less_sorrowful,1,1,0
less_soothing,1,1,0
less_soft,1,1,0
less_sociable,1,1,0
less_sobering,1,1,0
less_snarky,1,1,0
less_small,1,0,1
less_slippery,1,1,0
less_sleepy,1,1,0
less_sleazy,1,1,0
less_sick,1,1,0
less_shrill,1,1,0
less_shortsighted,1,1,0
less_shoddy,1,1,0
less_shitty,1,1,0
less_shameless,1,1,0
less_risque,1,1,0
less_richer,1,1,0
less_revelatory,1,1,0
less_retarded,1,1,0
less_protracted,1,1,0
less_prophetic,1,0,1
less_promiscuous,1,1,0
less_prolific,1,1,0
less_proficient,1,1,0
less_prodigious,1,1,0
less_pro-life,1,1,0
less_private,1,1,0
less_principled,1,1,0
less_primary,1,1,0
less_primal,1,1,0
less_pretty,1,0,1
less_pretentious,1,1,0
less_prescient,1,1,0
less_preferable,1,1,0
less_predominant,1,1,0
less_predisposed,1,1,0
less_prudent,1,1,0
less_psyched,1,1,0
less_pungent,1,1,0
less_refreshing,1,0,1
less_restful,1,1,0
less_respected,1,1,0
less_resourceful,1,1,0
less_replete,1,1,0
less_repetitive,1,1,0
less_regimented,1,1,0
less_regal,1,1,0
less_refreshed,1,0,1
less_purposeful,1,1,0
less_reductive,1,1,0
less_rebellious,1,1,0
less_reactive,1,1,0
less_raucous,1,1,0
less_ragged,1,1,0
less_racial,1,0,1
less_quality,1,1,0
longer_super,1,1,0
longer_synonymous,1,1,0
longer_tangible,1,1,0
merely_artificial,1,1,0
merely_architectural,1,1,0
merely_appealing,1,1,0
merely_apolitical,1,1,0
merely_antithetical,1,1,0
merely_antisocial,1,1,0
merely_anti-social,1,1,0
merely_anti-semitic,1,1,0
merely_anti-democratic,1,1,0
merely_anti-american,1,1,0
merely_anonymous,1,1,0
merely_analogous,1,1,0
merely_anachronistic,1,1,0
merely_ambiguous,1,1,0
merely_amateurish,1,1,0
merely_aloof,1,1,0
merely_alarming,1,1,0
merely_agreeable,1,1,0
merely_argumentative,1,1,0
merely_asleep,1,1,0
merely_afoot,1,1,0
merely_athletic,1,1,0
merely_beholden,1,1,0
merely_befitting,1,1,0
merely_bearable,1,1,0
merely_banal,1,1,0
merely_baffling,1,1,0
merely_awesome,1,1,0
merely_awe,1,1,0
merely_automatic,1,1,0
merely_autobiographical,1,1,0
merely_authoritative,1,1,0
merely_australian,1,1,0
merely_austere,1,1,0
merely_audacious,1,1,0
merely_attentive,1,1,0
merely_attainable,1,1,0
merely_atrocious,1,1,0
merely_atmospheric,1,1,0
merely_aggressive,1,1,0
merely_afloat,1,1,0
merely_best,1,1,0
mentally_scared,1,1,0
mentally_rewarding,1,1,0
mentally_resilient,1,1,0
mentally_repulsive,1,1,0
mentally_relaxed,1,1,0
mentally_real,1,1,0
mentally_quick,1,1,0
mentally_profound,1,1,0
mentally_productive,1,1,0
mentally_possible,1,1,0
mentally_popular,1,1,0
mentally_overwhelming,1,1,0
mentally_older,1,1,0
mentally_old,1,1,0
mentally_ok,1,1,0
mentally_numb,1,1,0
mentally_nimble,1,1,0
mentally_necessary,1,1,0
mentally_satisfying,1,1,0
mentally_sleepy,1,1,0
merely_affective,1,1,0
mentally_soft,1,1,0
merely_adventurous,1,1,0
merely_adroit,1,1,0
merely_adrift,1,1,0
merely_admirable,1,1,0
merely_adaptive,1,1,0
merely_abrupt,1,1,0
mercifully_short,1,1,0
mercifully_free,1,1,0
mentally_vulnerable,1,1,0
mentally_vigilant,1,1,0
mentally_unaffected,1,1,0
mentally_tiring,1,1,0
mentally_tenacious,1,1,0
mentally_taxing,1,1,0
mentally_strenuous,1,1,0
mentally_straight,1,1,0
mentally_sophisticated,1,1,0
merely_benevolent,1,1,0
merely_bewildering,1,1,0
merely_disproportionate,1,1,0
merely_delightful,1,1,0
merely_deeper,1,1,0
merely_decent,1,0,1
merely_deadly,1,1,0
merely_damp,1,1,0
merely_damaging,1,1,0
merely_customary,1,1,0
merely_custom,1,1,0
merely_cranky,1,1,0
merely_cramped,1,1,0
merely_coy,1,1,0
merely_courteous,1,1,0
merely_counterintuitive,1,1,0
merely_cost-effective,1,1,0
merely_cooperative,1,1,0
merely_conversational,1,1,0
merely_conversant,1,1,0
merely_contiguous,1,1,0
merely_definitive,1,1,0
merely_demonic,1,1,0
merely_contemptible,1,1,0
merely_demoralizing,1,1,0
merely_disinterested,1,1,0
merely_disgraceful,1,1,0
merely_discriminatory,1,1,0
merely_discretionary,1,1,0
merely_disconcerting,1,1,0
merely_disappointed,1,1,0
merely_disagreeable,1,1,0
merely_disadvantaged,1,1,0
merely_directional,1,1,0
merely_direct,1,1,0
merely_diplomatic,1,1,0
merely_didactic,1,1,0
merely_devious,1,1,0
merely_despicable,1,1,0
merely_depressing,1,1,0
merely_depressed,1,1,0
merely_dependant,1,1,0
merely_contemptuous,1,1,0
merely_comprehensive,1,1,0
merely_biggest,1,1,0
merely_cheesy,1,1,0
merely_celebratory,1,1,0
merely_celebrated,1,1,0
merely_cathartic,1,1,0
merely_careful,1,1,0
merely_carefree,1,1,0
merely_captive,1,1,0
merely_canadian,1,1,0
merely_burdensome,1,1,0
merely_bumpy,1,1,0
merely_bummed,1,1,0
merely_brooding,1,1,0
merely_broken,1,1,0
merely_breathless,1,1,0
merely_bored,1,1,0
merely_blatant,1,1,0
merely_blameless,1,1,0
merely_bitter,1,1,0
merely_charismatic,1,1,0
merely_chemical,1,1,0
merely_comprehensible,1,1,0
merely_chilly,1,1,0
merely_complimentary,1,1,0
merely_compliant,1,1,0
merely_complacent,1,1,0
merely_commendable,1,1,0
merely_colourful,1,1,0
merely_colorful,1,1,0
merely_colder,1,1,0
merely_coercive,1,1,0
merely_coastal,1,1,0
merely_coarse,1,1,0
merely_clueless,1,1,0
merely_closer,1,1,0
merely_closed,1,1,0
merely_classic,1,1,0
merely_circumspect,1,1,0
merely_chronological,1,1,0
merely_chinese,1,1,0
mentally_liable,1,1,0
mentally_keen,1,1,0
mentally_jarring,1,1,0
medically_clean,1,1,0
medically_apparent,1,1,0
medically_allergic,1,1,0
medically_alive,1,1,0
medically_acute,1,1,0
medically_accessible,1,1,0
mechanically_viable,1,1,0
mechanically_unique,1,1,0
mechanically_tough,1,1,0
mechanically_susceptible,1,1,0
mechanically_stressful,1,1,0
mechanically_special,1,0,1
mechanically_sophisticated,1,1,0
mechanically_right,1,1,0
mechanically_repetitive,1,1,0
mechanically_relevant,1,1,0
mechanically_rational,1,1,0
mechanically_powerful,1,1,0
medically_aware,1,1,0
medically_clear,1,1,0
mechanically_necessary,1,1,0
medically_compatible,1,1,0
medically_imperative,1,1,0
medically_ignorant,1,1,0
medically_good,1,1,0
medically_extraordinary,1,1,0
medically_expert,1,1,0
medically_exempt,1,1,0
medically_exciting,1,1,0
medically_equivalent,1,1,0
medically_disabled,1,1,0
medically_different,1,1,0
medically_detailed,1,1,0
medically_desirable,1,1,0
medically_dependent,1,1,0
medically_curable,1,1,0
medically_credible,1,1,0
medically_cost-effective,1,1,0
medically_conclusive,1,0,1
mechanically_obvious,1,1,0
mechanically_intense,1,1,0
mentally_intact,1,1,0
mechanically_advantageous,1,1,0
measurably_wrong,1,0,1
measurably_variable,1,1,0
measurably_unrealistic,1,1,0
measurably_true,1,1,0
measurably_superior,1,1,0
measurably_significant,1,1,0
measurably_safer,1,1,0
measurably_noteworthy,1,1,0
measurably_more,1,1,0
measurably_hotter,1,1,0
measurably_greater,1,1,0
measurably_false,1,1,0
measurably_easier,1,1,0
measurably_critical,1,1,0
measurably_abnormal,1,0,1
meaningfully_voluntary,1,1,0
meaningfully_valid,1,1,0
mechanically_active,1,1,0
mechanically_attainable,1,1,0
mechanically_intelligent,1,1,0
mechanically_bad,1,1,0
mechanically_independent,1,1,0
mechanically_hard,1,1,0
mechanically_great,1,1,0
mechanically_good,1,1,0
mechanically_flawless,1,1,0
mechanically_feasible,1,1,0
mechanically_enforceable,1,1,0
mechanically_elegant,1,1,0
mechanically_doable,1,1,0
mechanically_difficult,1,1,0
mechanically_dependent,1,1,0
mechanically_deep,1,1,0
mechanically_contrived,1,1,0
mechanically_continuous,1,1,0
mechanically_complicated,1,1,0
mechanically_compatible,1,1,0
mechanically_capable,1,1,0
medically_inclined,1,1,0
medically_invasive,1,1,0
medically_legitimate,1,1,0
mentally_damaged,1,1,0
mentally_crippling,1,0,1
mentally_correct,1,1,0
mentally_conventional,1,1,0
mentally_compatible,1,1,0
mentally_comfortable,1,1,0
mentally_coherent,1,1,0
mentally_clever,1,1,0
mentally_cheerful,1,1,0
mentally_cheaper,1,1,0
mentally_catastrophic,1,1,0
mentally_beneficial,1,1,0
mentally_astute,1,1,0
mentally_asleep,1,1,0
mentally_amiss,1,0,1
mentally_alright,1,1,0
mentally_afraid,1,1,0
mentally_advanced,1,1,0
mentally_culpable,1,1,0
mentally_damaging,1,1,0
medically_likely,1,1,0
mentally_daunting,1,1,0
mentally_inferior,1,1,0
mentally_indian,1,1,0
mentally_immature,1,1,0
mentally_honest,1,1,0
mentally_gratifying,1,1,0
mentally_friendly,1,1,0
mentally_fresh,1,1,0
mentally_free,1,1,0
mentally_flustered,1,1,0
mentally_favorable,1,1,0
mentally_exciting,1,1,0
mentally_equipped,1,1,0
mentally_efficient,1,1,0
mentally_disturbed,1,1,0
mentally_distraught,1,1,0
mentally_disadvantaged,1,1,0
mentally_degrading,1,1,0
mentally_acute,1,1,0
mentally_acceptable,1,1,0
mentally_abusive,1,1,0
mentally_abnormal,1,1,0
medically_traumatic,1,1,0
medically_squeamish,1,1,0
medically_sophisticated,1,1,0
medically_sober,1,1,0
medically_severe,1,1,0
medically_scary,1,0,1
medically_savvy,1,1,0
medically_sane,1,1,0
medically_risky,1,1,0
medically_right,1,1,0
medically_promising,1,1,0
medically_prescriptive,1,1,0
medically_optimal,1,1,0
medically_objective,1,1,0
medically_nonsensical,1,1,0
medically_negligent,1,1,0
medically_mad,1,1,0
medically_trivial,1,1,0
medically_unconscious,1,1,0
medically_unqualified,1,1,0
memorably_funny,1,1,0
memorably_worth,1,1,0
memorably_supportive,1,1,0
memorably_silly,1,1,0
memorably_interesting,1,1,0
memorably_horrible,1,1,0
memorably_gory,1,1,0
memorably_good,1,1,0
memorably_ferocious,1,1,0
medically_unsound,1,1,0
memorably_creepy,1,1,0
memorably_charismatic,1,1,0
memorably_awful,1,1,0
memorably_austere,1,1,0
medically_weak,1,1,0
medically_verifiable,1,1,0
medically_unwell,1,1,0
merely_disorganized,1,1,0
merely_disruptive,1,1,0
longer_tiny,1,1,0
merely_obligatory,1,1,0
merely_nuclear,1,1,0
merely_noticeable,1,1,0
merely_noteworthy,1,1,0
merely_normal,1,1,0
merely_non-violent,1,1,0
merely_nihilistic,1,1,0
merely_nifty,1,1,0
merely_neurotic,1,1,0
merely_nervous,1,1,0
merely_naughty,1,1,0
merely_naturalistic,1,1,0
merely_nationalist,1,1,0
merely_naked,1,1,0
merely_myopic,1,1,0
merely_mushy,1,1,0
merely_murky,1,1,0
merely_motivational,1,1,0
merely_numb,1,1,0
merely_oblivious,1,1,0
merely_moist,1,1,0
merely_observant,1,1,0
merely_overwrought,1,1,0
merely_overwhelming,1,1,0
merely_overhead,1,1,0
merely_outraged,1,1,0
merely_outdated,1,1,0
merely_orange,1,1,0
merely_opulent,1,1,0
merely_opposite,1,1,0
merely_opinionated,1,1,0
merely_open-minded,1,1,0
merely_opaque,1,1,0
merely_online,1,1,0
merely_one-dimensional,1,1,0
merely_old-fashioned,1,1,0
merely_official,1,0,1
merely_obtuse,1,1,0
merely_obsessed,1,1,0
merely_monstrous,1,1,0
merely_moderate,1,1,0
merely_palpable,1,1,0
merely_low,1,1,0
merely_long-lived,1,1,0
merely_long,1,1,0
merely_lonely,1,1,0
merely_loathsome,1,1,0
merely_live,1,1,0
merely_limp,1,1,0
merely_limited,1,1,0
merely_likable,1,1,0
merely_liberating,1,1,0
merely_lesser,1,1,0
merely_lenient,1,1,0
merely_legendary,1,1,0
merely_leery,1,1,0
merely_lawless,1,1,0
merely_lavish,1,1,0
merely_larger,1,1,0
merely_jobless,1,1,0
merely_lousy,1,1,0
merely_low-tech,1,1,0
merely_miserable,1,1,0
merely_magnificent,1,1,0
merely_mindless,1,1,0
merely_metaphysical,1,1,0
merely_messy,1,1,0
merely_mercurial,1,1,0
merely_merciful,1,1,0
merely_meek,1,1,0
merely_medicinal,1,1,0
merely_medical,1,1,0
merely_materialistic,1,1,0
merely_massive,1,1,0
merely_masculine,1,1,0
merely_manly,1,1,0
merely_malleable,1,1,0
merely_malicious,1,1,0
merely_male-dominated,1,1,0
merely_mainstream,1,1,0
merely_main,1,1,0
merely_palestinian,1,1,0
merely_par,1,1,0
merely_dissimilar,1,1,0
merely_restrictive,1,1,0
merely_respectful,1,0,1
merely_residential,1,1,0
merely_repulsive,1,1,0
merely_reprehensible,1,1,0
merely_replaceable,1,1,0
merely_reminiscent,1,1,0
merely_remarkable,1,1,0
merely_relentless,1,1,0
merely_relaxing,1,1,0
merely_relatable,1,1,0
merely_regulatory,1,1,0
merely_regular,1,1,0
merely_regressive,1,1,0
merely_refreshing,1,1,0
merely_recognisable,1,1,0
merely_receptive,1,1,0
merely_quicker,1,1,0
merely_responsive,1,1,0
merely_revelatory,1,1,0
merely_public,1,1,0
merely_revolutionary,1,1,0
merely_sceptical,1,1,0
merely_scenic,1,1,0
merely_scary,1,1,0
merely_scant,1,1,0
merely_savage,1,1,0
merely_sane,1,1,0
merely_salacious,1,1,0
merely_sadistic,1,1,0
merely_ruinous,1,1,0
merely_rowdy,1,1,0
merely_rough,1,1,0
merely_rotten,1,1,0
merely_robust,1,1,0
merely_riveting,1,1,0
merely_risky,1,1,0
merely_ripe,1,1,0
merely_rewarding,1,1,0
merely_queer,1,1,0
merely_psychic,1,1,0
merely_paradoxical,1,1,0
merely_playable,1,1,0
merely_pivotal,1,1,0
merely_pitiful,1,1,0
merely_pious,1,1,0
merely_phenomenal,1,1,0
merely_petty,1,1,0
merely_pessimistic,1,1,0
merely_pervasive,1,1,0
merely_personable,1,1,0
merely_perplexing,1,1,0
merely_perpendicular,1,1,0
merely_peripheral,1,1,0
merely_patronizing,1,1,0
merely_patient,1,1,0
merely_passable,1,1,0
merely_partial,1,1,0
merely_parochial,1,1,0
merely_parallel,1,1,0
merely_plastic,1,1,0
merely_pleasurable,1,1,0
merely_proud,1,1,0
merely_plentiful,1,1,0
merely_prosperous,1,1,0
merely_prone,1,1,0
merely_prolific,1,1,0
merely_prohibitive,1,1,0
merely_profound,1,1,0
merely_profitable,1,1,0
merely_proficient,1,1,0
merely_proactive,1,1,0
merely_pro-choice,1,1,0
merely_principled,1,1,0
merely_prevalent,1,1,0
merely_premature,1,1,0
merely_preliminary,1,1,0
merely_precise,1,1,0
merely_possessive,1,1,0
merely_porous,1,1,0
merely_poetic,1,1,0
merely_jittery,1,1,0
merely_italian,1,1,0
merely_israeli,1,1,0
merely_flimsy,1,1,0
merely_fit,1,1,0
merely_fine,1,1,0
merely_fictional,1,1,0
merely_festive,1,1,0
merely_ferocious,1,1,0
merely_feasible,1,1,0
merely_faulty,1,1,0
merely_fascist,1,1,0
merely_fantastical,1,1,0
merely_fantastic,1,1,0
merely_fancy,1,1,0
merely_fanatical,1,1,0
merely_famous,1,1,0
merely_fair,1,1,0
merely_facile,1,1,0
merely_exquisite,1,1,0
merely_expert,1,1,0
merely_flavorful,1,1,0
merely_flippant,1,1,0
merely_existent,1,1,0
merely_fluent,1,1,0
merely_glad,1,1,0
merely_gimmicky,1,1,0
merely_genetic,1,1,0
merely_future,1,1,0
merely_fuller,1,1,0
merely_full-time,1,1,0
merely_frustrated,1,1,0
merely_fruity,1,1,0
merely_fruitless,1,1,0
merely_frightened,1,1,0
merely_fresh,1,1,0
merely_fragile,1,1,0
merely_foul,1,1,0
merely_fortunate,1,1,0
merely_forgivable,1,1,0
merely_forbidden,1,1,0
merely_fond,1,1,0
merely_experimental,1,1,0
merely_exclusive,1,1,0
merely_invisible,1,1,0
merely_elegant,1,1,0
merely_edgy,1,1,0
merely_ecological,1,1,0
merely_eco-friendly,1,1,0
merely_eclectic,1,1,0
merely_early,1,1,0
merely_dubious,1,1,0
merely_drunk,1,1,0
merely_dreary,1,1,0
merely_drastic,1,1,0
merely_dramatic,1,1,0
merely_dominant,1,1,0
merely_doable,1,1,0
merely_divine,1,1,0
merely_disturbing,1,1,0
merely_disturbed,1,1,0
merely_distressing,1,1,0
merely_distinct,1,1,0
merely_effortless,1,1,0
merely_eligible,1,1,0
merely_excessive,1,1,0
merely_elite,1,1,0
merely_evocative,1,1,0
merely_evident,1,1,0
merely_evasive,1,1,0
merely_evangelical,1,1,0
merely_ethical,1,1,0
merely_ethereal,1,1,0
merely_eternal,1,1,0
merely_erudite,1,1,0
merely_environmental,1,1,0
merely_envious,1,1,0
merely_enviable,1,1,0
merely_enticing,1,1,0
merely_enlightening,1,1,0
merely_endearing,1,1,0
merely_empathetic,1,1,0
merely_emotive,1,1,0
merely_elusive,1,1,0
merely_glamorous,1,1,0
merely_global,1,1,0
merely_gloomy,1,1,0
merely_inopportune,1,1,0
merely_innovative,1,1,0
merely_innocuous,1,1,0
merely_injurious,1,1,0
merely_inherent,1,1,0
merely_informational,1,1,0
merely_inescapable,1,1,0
merely_indistinguishable,1,1,0
merely_indispensable,1,1,0
merely_indestructible,1,1,0
merely_indescribable,1,1,0
merely_indefensible,1,1,0
merely_indecent,1,1,0
merely_incongruous,1,1,0
merely_incomprehensible,1,1,0
merely_incompatible,1,1,0
merely_incoherent,1,1,0
merely_inclusive,1,1,0
merely_inoffensive,1,1,0
merely_inseparable,1,1,0
merely_glorious,1,1,0
merely_insignificant,1,1,0
merely_invincible,1,1,0
merely_invalid,1,1,0
merely_intrusive,1,1,0
merely_introspective,1,1,0
merely_intrinsic,1,1,0
merely_intrigued,1,1,0
merely_interdisciplinary,1,1,0
merely_interchangeable,1,1,0
merely_intent,1,1,0
merely_intelligible,1,1,0
merely_intangible,1,1,0
merely_insulting,1,1,0
merely_insular,1,1,0
merely_insubstantial,1,1,0
merely_institutional,1,1,0
merely_insipid,1,1,0
merely_insincere,1,1,0
merely_incendiary,1,1,0
merely_inane,1,1,0
merely_inactive,1,1,0
merely_improper,1,1,0
merely_hollow,1,1,0
merely_hip,1,1,0
merely_hilarious,1,1,0
merely_higher,1,1,0
merely_heretical,1,1,0
merely_helpless,1,1,0
merely_heavier,1,1,0
merely_heady,1,1,0
merely_hazardous,1,1,0
merely_hateful,1,1,0
merely_harder,1,1,0
merely_gullible,1,1,0
merely_grim,1,1,0
merely_greek,1,1,0
merely_gracious,1,1,0
merely_gothic,1,1,0
merely_good-looking,1,1,0
merely_homophobic,1,1,0
merely_horrifying,1,1,0
merely_humane,1,1,0
merely_illiquid,1,1,0
merely_impractical,1,1,0
merely_impossible,1,1,0
merely_impervious,1,1,0
merely_imperative,1,1,0
merely_impatient,1,1,0
merely_immune,1,1,0
merely_imminent,1,1,0
merely_illegitimate,1,1,0
merely_humanistic,1,1,0
merely_idiotic,1,1,0
merely_idealistic,1,1,0
merely_hysterical,1,1,0
merely_hypnotic,1,1,0
merely_hungry,1,1,0
merely_hungover,1,1,0
merely_humorous,1,1,0
meaningfully_true,1,1,0
meaningfully_sovereign,1,1,0
meaningfully_safer,1,1,0
majorly_harmful,1,1,0
majorly_effective,1,1,0
majorly_depressing,1,1,0
majorly_defective,1,1,0
majorly_critical,1,0,1
majorly_creative,1,1,0
majorly_controversial,1,1,0
majorly_complicated,1,1,0
majorly_compelling,1,0,1
majorly_cold,1,1,0
majorly_cloudy,1,1,0
majorly_chic,1,1,0
majorly_bright,1,0,1
majorly_autobiographical,1,1,0
majorly_annoyed,1,1,0
mainly_younger,1,1,0
mainly_worried,1,1,0
mainly_unusual,1,1,0
majorly_expensive,1,1,0
majorly_inconvenient,1,1,0
mainly_uneventful,1,1,0
majorly_intense,1,1,0
majorly_spectacular,1,0,1
majorly_sore,1,1,0
majorly_skilled,1,1,0
majorly_serious,1,0,1
majorly_sappy,1,1,0
majorly_remarkable,1,0,1
majorly_religious,1,1,0
majorly_relevant,1,1,0
majorly_prominent,1,0,1
majorly_present,1,1,0
majorly_positive,1,1,0
majorly_popular,1,1,0
majorly_political,1,1,0
majorly_obese,1,1,0
majorly_negative,1,0,1
majorly_malicious,1,1,0
majorly_keen,1,1,0
mainly_unsafe,1,1,0
mainly_technological,1,1,0
majorly_traumatic,1,0,1
mainly_enough,1,0,1
mainly_economic,1,1,0
mainly_delicate,1,1,0
mainly_decorative,1,1,0
mainly_ceremonial,1,1,0
mainly_catholic,1,1,0
mainly_attributable,1,1,0
mainly_applicable,1,1,0
magnificently_tactile,1,1,0
magnificently_successful,1,0,1
magnificently_stupid,1,1,0
magnificently_satisfactory,1,1,0
magnificently_rewarding,1,1,0
magnificently_original,1,1,0
magnificently_interesting,1,1,0
magnificently_gorgeous,1,1,0
magnificently_flamboyant,1,1,0
magnificently_curvy,1,1,0
mainly_english,1,1,0
mainly_exclusive,1,1,0
mainly_symbolic,1,1,0
mainly_fine,1,1,0
mainly_structural,1,1,0
mainly_stable,1,1,0
mainly_short,1,1,0
mainly_shit,1,1,0
mainly_serious,1,1,0
mainly_rich,1,1,0
mainly_reliant,1,1,0
mainly_quantitative,1,1,0
mainly_probable,1,1,0
mainly_popular,1,1,0
mainly_peculiar,1,1,0
mainly_parochial,1,1,0
mainly_painful,1,1,0
mainly_outside,1,1,0
mainly_local,1,1,0
mainly_happy,1,1,0
mainly_greater,1,1,0
majorly_surprising,1,1,0
majorly_unique,1,0,1
meaningfully_radical,1,1,0
marginally_true,1,1,0
marginally_significant,1,1,0
marginally_relevant,1,1,0
marginally_related,1,1,0
marginally_qualified,1,1,0
marginally_prudent,1,1,0
marginally_intriguing,1,1,0
marginally_interested,1,1,0
marginally_insightful,1,1,0
marginally_honest,1,1,0
marginally_full,1,1,0
marginally_filthy,1,1,0
marginally_faster,1,1,0
marginally_exciting,1,1,0
marginally_disappointing,1,0,1
marginally_diminutive,1,1,0
marginally_competent,1,1,0
marginally_close,1,1,0
marginally_thicker,1,1,0
marginally_worthwhile,1,1,0
marginally_bright,1,1,0
markedly_aggressive,1,1,0
markedly_jewish,1,0,1
markedly_intelligent,1,1,0
markedly_insane,1,1,0
markedly_innovative,1,1,0
markedly_impressed,1,1,0
markedly_harsher,1,1,0
markedly_freer,1,1,0
markedly_fine,1,1,0
markedly_famous,1,1,0
markedly_effeminate,1,1,0
markedly_distinguishable,1,1,0
markedly_difficult,1,1,0
markedly_cooler,1,1,0
markedly_conservative,1,1,0
markedly_conscious,1,1,0
markedly_concerned,1,1,0
markedly_anti-semitic,1,1,0
marginally_charismatic,1,1,0
marginally_bigger,1,1,0
majorly_upset,1,1,0
manifestly_inadequate,1,1,0
manifestly_hostile,1,1,0
manifestly_helpless,1,1,0
manifestly_heavy,1,1,0
manifestly_expert,1,1,0
manifestly_dramatic,1,1,0
manifestly_disturbing,1,0,1
manifestly_dishonest,1,1,0
manifestly_delusional,1,1,0
manifestly_decadent,1,1,0
manifestly_bitter,1,1,0
manifestly_arbitrary,1,1,0
manifestly_analogous,1,1,0
manifestly_alkaline,1,1,0
manifestly_aggressive,1,1,0
manifestly_abusive,1,1,0
majorly_worried,1,1,0
majorly_wealthy,1,1,0
manifestly_illegal,1,0,1
manifestly_inappropriate,1,1,0
marginally_aware,1,1,0
manifestly_incorrect,1,1,0
marginally_attractive,1,1,0
marginally_astute,1,1,0
marginally_applicable,1,1,0
marginally_affordable,1,1,0
marginally_adequate,1,1,0
marginally_acceptable,1,1,0
manifestly_worse,1,1,0
manifestly_visible,1,1,0
manifestly_useful,1,1,0
manifestly_unreliable,1,1,0
manifestly_unfit,1,1,0
manifestly_sensible,1,1,0
manifestly_present,1,1,0
manifestly_opposite,1,1,0
manifestly_one-sided,1,1,0
manifestly_obvious,1,1,0
manifestly_intelligent,1,1,0
magnificently_beautiful,1,1,0
magically_young,1,1,0
magically_virtuous,1,1,0
luxuriously_decadent,1,0,1
ludicrously_successful,1,1,0
ludicrously_strident,1,1,0
ludicrously_racist,1,1,0
ludicrously_overpriced,1,1,0
ludicrously_overpaid,1,1,0
ludicrously_low,1,1,0
ludicrously_irresponsible,1,1,0
ludicrously_inventive,1,1,0
ludicrously_heavy,1,1,0
ludicrously_fast,1,1,0
ludicrously_false,1,1,0
ludicrously_exorbitant,1,1,0
ludicrously_easy,1,1,0
ludicrously_bulky,1,1,0
ludicrously_breathtaking,1,1,0
ludicrously_big,1,1,0
ludicrously_ambitious,1,1,0
ludicrously_wasteful,1,1,0
luxuriously_expensive,1,1,0
low_key,1,1,0
luxuriously_free,1,1,0
lyrically_political,1,1,0
lyrically_penetrating,1,1,0
lyrically_memorable,1,1,0
lyrically_interesting,1,1,0
lyrically_innovative,1,1,0
lyrically_incisive,1,1,0
lyrically_great,1,1,0
lyrically_gifted,1,1,0
lyrically_direct,1,1,0
lyrically_dense,1,1,0
lyrically_deft,1,1,0
lyrically_dark,1,1,0
lyrically_boring,1,1,0
lyrically_beautiful,1,1,0
lyrically_bad,1,1,0
luxuriously_sexy,1,1,0
luxuriously_healthy,1,1,0
low_low,1,1,0
low_cut,1,1,0
magically_viable,1,1,0
longer_voluntary,1,0,1
longer_vertical,1,1,0
longer_unusual,1,1,0
longer_unthinkable,1,1,0
longer_unsuitable,1,1,0
longer_unseen,1,1,0
longer_unsafe,1,1,0
longer_unmarked,1,1,0
longer_unequal,1,1,0
longer_uncommon,1,1,0
longer_unchallenged,1,1,0
longer_unaffordable,1,1,0
longer_ugly,1,1,0
longer_trustworthy,1,1,0
longer_tricky,1,1,0
longer_transparent,1,1,0
longer_translucent,1,1,0
longer_tired,1,1,0
longer_vigorous,1,1,0
longer_vulnerable,1,1,0
low_cunning,1,1,0
longer_weekly,1,1,0
low_classy,1,1,0
lovingly_nostalgic,1,1,0
lovingly_merciful,1,1,0
lovingly_direct,1,1,0
lovingly_developed,1,1,0
lovingly_detailed,1,1,0
lovingly_aged,1,1,0
loud_hilarious,1,1,0
lot_more,1,1,0
lot_different,1,1,0
lot_bigger,1,1,0
loosely_adrift,1,1,0
longer_worthwhile,1,1,0
longer_whole,1,1,0
longer_wet,1,1,0
longer_western,1,1,0
longer_weird,1,1,0
lyrically_profound,1,0,1
lyrically_rich,1,1,0
lyrically_soothing,1,1,0
magically_light,1,1,0
magically_instant,1,1,0
magically_insensitive,1,1,0
magically_good,1,1,0
magically_exempt,1,1,0
magically_competent,1,1,0
magically_clean,1,1,0
magically_charismatic,1,1,0
magically_awesome,1,1,0
magically_angry,1,1,0
magically_amazing,1,1,0
magically_alive,1,1,0
magically_adept,1,1,0
madly_talented,1,1,0
madly_religious,1,1,0
madly_prosperous,1,1,0
madly_popular,1,1,0
madly_political,1,1,0
magically_interesting,1,0,1
magically_lower,1,1,0
lyrically_sophisticated,1,1,0
magically_new,1,0,1
magically_unlimited,1,1,0
magically_unique,1,1,0
magically_undone,1,1,0
magically_unaffected,1,1,0
magically_transformative,1,1,0
magically_significant,1,1,0
magically_safer,1,1,0
magically_risk-free,1,1,0
magically_ripe,1,1,0
magically_resistant,1,1,0
magically_resilient,1,1,0
magically_real,1,1,0
magically_radioactive,1,1,0
magically_powerful,1,1,0
magically_pain-free,1,1,0
magically_nostalgic,1,0,1
magically_nicer,1,1,0
madly_overweight,1,1,0
madly_outraged,1,1,0
madly_original,1,1,0
madly_inventive,1,1,0
maddeningly_obtuse,1,1,0
maddeningly_literal,1,1,0
maddeningly_inefficient,1,1,0
maddeningly_incompetent,1,1,0
maddeningly_hard,1,1,0
maddeningly_groovy,1,1,0
maddeningly_frustrating,1,1,0
maddeningly_exciting,1,1,0
maddeningly_elliptical,1,1,0
maddeningly_distracting,1,1,0
maddeningly_consistent,1,1,0
lyrically_vivid,1,1,0
lyrically_upbeat,1,1,0
lyrically_untouchable,1,1,0
lyrically_talented,1,1,0
lyrically_sweet,1,1,0
lyrically_sterile,1,1,0
maddeningly_painful,1,1,0
maddeningly_redundant,1,1,0
maddeningly_slow,1,1,0
madly_enthused,1,1,0
madly_interesting,1,1,0
madly_interested,1,1,0
madly_informative,1,1,0
madly_futuristic,1,1,0
madly_friendly,1,1,0
madly_excited,1,1,0
madly_enthusiastic,1,1,0
madly_elaborate,1,1,0
maddeningly_unprepared,1,1,0
madly_different,1,1,0
madly_dangerous,1,1,0
madly_costly,1,1,0
madly_busy,1,1,0
madly_blind,1,1,0
madly_addictive,1,1,0
maddeningly_vague,1,1,0
markedly_less,1,1,0
markedly_male,1,1,0
markedly_more,1,1,0
mathematically_inaccurate,1,0,1
mathematically_identical,1,1,0
mathematically_ideal,1,1,0
mathematically_free,1,1,0
mathematically_financial,1,1,0
mathematically_fair,1,1,0
mathematically_endless,1,1,0
mathematically_eligible,1,1,0
mathematically_elegant,1,1,0
mathematically_elaborate,1,1,0
mathematically_efficient,1,1,0
mathematically_difficult,1,1,0
mathematically_deep,1,1,0
mathematically_decisive,1,1,0
mathematically_constant,1,1,0
mathematically_challenging,1,1,0
mathematically_advanced,1,1,0
mathematically_adroit,1,1,0
mathematically_illiterate,1,1,0
mathematically_incapable,1,1,0
materially_weaker,1,1,0
mathematically_inept,1,1,0
mathematically_tenable,1,1,0
mathematically_symmetrical,1,1,0
mathematically_sustainable,1,1,0
mathematically_simple,1,1,0
mathematically_significant,1,1,0
mathematically_relevant,1,1,0
mathematically_rational,1,1,0
mathematically_questionable,1,1,0
mathematically_quantifiable,1,1,0
mathematically_qualified,1,1,0
mathematically_pleasant,1,1,0
mathematically_plausible,1,1,0
mathematically_necessary,1,1,0
mathematically_logical,1,1,0
mathematically_legitimate,1,1,0
mathematically_justifiable,1,1,0
mathematically_intelligent,1,1,0
materially_wiser,1,1,0
materially_visible,1,1,0
materially_beholden,1,1,0
materially_injured,1,1,0
materially_incorrect,1,1,0
materially_impossible,1,1,0
materially_greedy,1,1,0
materially_greater,1,1,0
materially_faster,1,1,0
materially_expansive,1,1,0
materially_existent,1,1,0
materially_endangered,1,1,0
materially_diverse,1,1,0
materially_distinct,1,1,0
materially_devastating,1,1,0
materially_destructive,1,1,0
materially_desirous,1,1,0
materially_deadlier,1,1,0
materially_dangerous,1,1,0
materially_culpable,1,1,0
materially_criminal,1,0,1
materially_independent,1,1,0
materially_interdependent,1,1,0
materially_valuable,1,1,0
materially_lacking,1,1,0
materially_unbalanced,1,1,0
materially_trivial,1,1,0
materially_tangible,1,1,0
materially_superior,1,1,0
materially_substantial,1,1,0
materially_stronger,1,1,0
materially_similar,1,1,0
materially_satisfied,1,1,0
materially_rewarding,1,1,0
materially_responsible,1,1,0
materially_prosperous,1,1,0
materially_present,1,1,0
materially_positive,1,1,0
materially_noticeable,1,1,0
materially_needy,1,1,0
materially_measurable,1,1,0
materially_lucrative,1,1,0
mathematically_uniform,1,1,0
mathematically_unsound,1,1,0
mathematically_urgent,1,1,0
meaningfully_answerable,1,1,0
meaningfully_addictive,1,1,0
meaningfully_accurate,1,1,0
meaningfully_accountable,1,1,0
maybe_xenophobic,1,1,0
maybe_willing,1,1,0
maybe_unusual,1,1,0
maybe_true,1,1,0
maybe_tough,1,1,0
maybe_surprising,1,1,0
maybe_stupid,1,1,0
maybe_skilled,1,1,0
maybe_serious,1,0,1
maybe_satisfied,1,1,0
maybe_right,1,1,0
maybe_related,1,1,0
maybe_red,1,1,0
maybe_real,1,1,0
meaningfully_adversarial,1,1,0
meaningfully_closer,1,1,0
mathematically_valid,1,1,0
meaningfully_consensual,1,1,0
meaningfully_profitable,1,1,0
meaningfully_present,1,1,0
meaningfully_open,1,1,0
meaningfully_new,1,0,1
meaningfully_more,1,1,0
meaningfully_misleading,1,1,0
meaningfully_memorable,1,1,0
meaningfully_lower,1,1,0
meaningfully_large,1,1,0
meaningfully_independent,1,1,0
meaningfully_greater,1,1,0
meaningfully_free,1,1,0
meaningfully_effective,1,1,0
meaningfully_distinct,1,1,0
meaningfully_curable,1,1,0
meaningfully_culpable,1,1,0
meaningfully_consistent,1,1,0
maybe_proportional,1,1,0
maybe_private,1,1,0
maybe_optimistic,1,1,0
maybe_nice,1,0,1
maybe_certain,1,0,1
maybe_black,1,1,0
maybe_bisexual,1,1,0
maybe_aware,1,1,0
maybe_authoritarian,1,1,0
maybe_aggressive,1,1,0
maximally_psyched,1,1,0
maximally_productive,1,1,0
maximally_precise,1,1,0
maximally_perfect,1,1,0
maximally_healthy,1,1,0
maximally_durable,1,1,0
maximally_direct,1,1,0
maximally_comprehensive,1,1,0
maximally_competitive,1,1,0
maximally_comfortable,1,1,0
mathematically_worst,1,1,0
maybe_cost-efficient,1,1,0
maybe_dead,1,1,0
maybe_due,1,1,0
maybe_innocent,1,1,0
maybe_next,1,0,1
maybe_nervous,1,1,0
maybe_military,1,1,0
maybe_mental,1,1,0
maybe_mature,1,1,0
maybe_mandatory,1,1,0
maybe_interesting,1,1,0
maybe_hungry,1,1,0
maybe_exciting,1,1,0
maybe_hilarious,1,0,1
maybe_harder,1,1,0
maybe_handsome,1,1,0
maybe_gay,1,1,0
maybe_funny,1,1,0
maybe_fun,1,1,0
maybe_free,1,1,0
materially_cheaper,1,1,0
materially_apparent,1,1,0
markedly_novel,1,1,0
massively_disappointed,1,1,0
massively_dehydrated,1,1,0
massively_deep,1,1,0
massively_curious,1,1,0
massively_critical,1,1,0
massively_crazy,1,1,0
massively_corrupt,1,1,0
massively_consequential,1,1,0
massively_confusing,1,1,0
massively_comprehensive,1,1,0
massively_competitive,1,1,0
massively_communicative,1,1,0
massively_common,1,1,0
massively_cold,1,1,0
massively_close,1,1,0
massively_cheaper,1,1,0
massively_certain,1,1,0
massively_catchy,1,1,0
massively_deleterious,1,1,0
massively_disproportionate,1,1,0
massively_brilliant,1,1,0
massively_distressing,1,1,0
massively_hoppy,1,1,0
massively_heavy,1,1,0
massively_gracious,1,1,0
massively_good,1,1,0
massively_geeky,1,1,0
massively_fun,1,1,0
massively_frustrating,1,1,0
massively_fruitful,1,1,0
massively_fluent,1,1,0
massively_flattering,1,1,0
massively_fat,1,1,0
massively_faster,1,1,0
massively_fast,1,1,0
massively_fair,1,1,0
massively_egotistical,1,1,0
massively_effective,1,1,0
massively_diverse,1,1,0
massively_busy,1,1,0
massively_big,1,1,0
materially_advanced,1,1,0
marvelously_cool,1,1,0
marvelously_accurate,1,1,0
markedly_wealthier,1,1,0
markedly_visible,1,1,0
markedly_unreal,1,1,0
markedly_unimpressed,1,1,0
markedly_thicker,1,1,0
markedly_synthetic,1,1,0
markedly_successful,1,1,0
markedly_stressful,1,1,0
markedly_smaller,1,1,0
markedly_similar,1,1,0
markedly_short,1,1,0
markedly_sharper,1,1,0
markedly_rare,1,1,0
markedly_quicker,1,1,0
markedly_plastic,1,1,0
markedly_off-kilter,1,1,0
marvelously_adept,1,1,0
marvelously_creepy,1,1,0
massively_beneficial,1,1,0
marvelously_decadent,1,1,0
massively_aware,1,1,0
massively_attractive,1,1,0
massively_asymmetrical,1,1,0
massively_angry,1,1,0
massively_ambitious,1,1,0
massively_aggressive,1,1,0
massively_adventurous,1,1,0
massively_addictive,1,1,0
massively_active,1,1,0
massively_accurate,1,1,0
massively_accommodating,1,1,0
marvelously_talented,1,1,0
marvelously_nutty,1,1,0
marvelously_macabre,1,1,0
marvelously_funny,1,1,0
marvelously_fertile,1,1,0
marvelously_detailed,1,1,0
massively_iconic,1,1,0
massively_ignorant,1,1,0
massively_impactful,1,1,0
massively_stable,1,1,0
massively_sporty,1,1,0
massively_special,1,0,1
massively_sour,1,1,0
massively_shocking,1,1,0
massively_scientific,1,1,0
massively_scary,1,1,0
massively_scandalous,1,1,0
massively_satisfying,1,1,0
massively_romantic,1,1,0
massively_risky,1,1,0
massively_revolutionary,1,0,1
massively_remarkable,1,1,0
massively_religious,1,1,0
massively_reassuring,1,1,0
massively_radical,1,1,0
massively_quirky,1,1,0
massively_proud,1,1,0
massively_squeamish,1,1,0
massively_stretchy,1,1,0
massively_impressive,1,1,0
massively_strong,1,1,0
massively_wrong,1,0,1
massively_worse,1,1,0
massively_wasteful,1,1,0
massively_vital,1,1,0
massively_upsetting,1,1,0
massively_upset,1,1,0
massively_unreasonable,1,1,0
massively_unrealistic,1,0,1
massively_unprofessional,1,1,0
massively_unlikely,1,1,0
massively_unconstitutional,1,1,0
massively_tricky,1,1,0
massively_traditional,1,1,0
massively_tougher,1,1,0
massively_tolerant,1,1,0
massively_tannic,1,1,0
massively_suspicious,1,1,0
massively_prolific,1,1,0
massively_profitable,1,1,0
massively_proficient,1,1,0
massively_problematic,1,1,0
massively_momentous,1,1,0
massively_mistaken,1,1,0
massively_memorable,1,1,0
massively_materialistic,1,1,0
massively_lucrative,1,1,0
massively_lower,1,1,0
massively_large,1,1,0
massively_irrelevant,1,1,0
massively_intrusive,1,1,0
massively_intoxicating,1,1,0
massively_intimidating,1,0,1
massively_insulting,1,1,0
massively_insightful,1,1,0
massively_influential,1,1,0
massively_inflammatory,1,1,0
massively_inferior,1,1,0
massively_inaccurate,1,1,0
massively_muscular,1,1,0
massively_mysterious,1,1,0
massively_necessary,1,1,0
massively_passionate,1,1,0
massively_pregnant,1,1,0
massively_powerful,1,1,0
massively_poorer,1,1,0
massively_poor,1,1,0
massively_political,1,1,0
massively_plastic,1,1,0
massively_pigmented,1,1,0
massively_parallel,1,1,0
massively_new,1,0,1
massively_overworked,1,1,0
massively_overwhelming,1,1,0
massively_overpowering,1,1,0
massively_open-minded,1,1,0
massively_onerous,1,1,0
massively_nuanced,1,1,0
massively_noticeable,1,1,0
musically_amazing,1,1,0
